id,obs,action,reward,winner,current_player
0,"[3, 3, 1, 1, 4, 4, 2, 2, 0, 1, 0, 0, 0, 0, 0, 0, 0, 0, 0, 0, 0, 0, 0, 0, 0, 0, 0, 0, 0, 0, 0, 0, 0, 0, 0, 0, 0, 0, 0, 0, 0, 0, 0, 0, 0, 0, 0, 0, 0, 0, 0, 0, 0, 0, 0, 0, 0, 0, 0, 0, 0, 0, 0, 1, 0, 4, 1, 4, 1, 2, 0, 3, 2, 4, 1, 5, 4, 6, 3, 5, 0, 0, 0, 0, 0, 0, 0]",1,0.9889727918669887,-1,0
1,"[2, 2, 1, 1, 4, 4, 2, 2, 0, 1, 0, 0, 0, 0, 0, 0, 0, 0, 0, 0, 0, 0, 0, 0, 0, 0, 0, 0, 0, 0, 0, 0, 1, 0, 0, 0, 0, 0, 0, 0, 0, 0, 0, 0, 0, 0, 0, 0, 0, 0, 0, 0, 0, 0, 0, 0, 0, 0, 0, 0, 0, 0, 0, 1, 0, 4, 1, 4, 1, 2, 0, 3, 2, 4, 1, 5, 4, 6, 3, 5, 0, 0, 0, 0, 0, 0, 0]",0,0.4999329299739067,-1,0
2,"[2, 2, 1, 1, 3, 3, 1, 1, 0, 1, 0, 0, 2, 0, 0, 0, 0, 0, 0, 0, 0, 0, 0, 0, 0, 0, 0, 0, 0, 0, 0, 0, 1, 0, 0, 0, 0, 0, 0, 0, 0, 0, 0, 0, 0, 0, 0, 0, 0, 0, 0, 0, 0, 0, 0, 0, 0, 0, 0, 0, 0, 0, 0, 1, 1, 4, 1, 4, 1, 2, 0, 3, 2, 4, 1, 5, 4, 6, 3, 5, 0, 0, 0, 0, 0, 0, 0]",4,0.9889727918669887,-1,1
3,"[2, 2, 1, 1, 2, 2, 1, 1, 0, 1, 0, 0, 2, 0, 0, 0, 0, 0, 0, 0, 0, 0, 0, 0, 0, 0, 0, 0, 0, 0, 0, 0, 1, 0, 0, 0, 0, 0, 0, 0, 0, 0, 2, 0, 0, 0, 0, 0, 0, 0, 0, 0, 0, 0, 0, 0, 0, 0, 0, 0, 0, 0, 0, 1, 1, 4, 1, 4, 1, 2, 0, 3, 2, 4, 1, 5, 4, 6, 3, 5, 0, 0, 0, 0, 0, 0, 0]",10,0.4999329299739067,-1,1
4,"[2, 2, 1, 1, 1, 1, 0, 0, 0, 1, 0, 0, 2, 0, 0, 2, 0, 0, 0, 0, 0, 0, 0, 0, 0, 0, 0, 0, 0, 0, 0, 0, 1, 0, 0, 0, 0, 0, 0, 0, 0, 0, 2, 0, 0, 0, 0, 0, 0, 0, 0, 0, 0, 0, 0, 0, 0, 0, 0, 0, 0, 0, 0, 1, 2, 4, 1, 4, 1, 2, 0, 3, 2, 4, 1, 5, 4, 6, 3, 5, 0, 0, 0, 0, 0, 0, 0]",7,1.6519460376222421,-1,1
5,"[2, 2, 1, 1, 0, 0, 0, 0, 0, 1, 0, 0, 2, 0, 0, 2, 0, 0, 0, 0, 0, 0, 0, 0, 0, 0, 0, 0, 0, 0, 0, 0, 1, 0, 0, 0, 2, 0, 0, 0, 0, 0, 2, 0, 0, 0, 0, 0, 0, 0, 0, 0, 0, 0, 0, 0, 0, 0, 0, 0, 0, 0, 0, 1, 2, 4, 1, 4, 1, 2, 0, 3, 2, 4, 1, 5, 4, 6, 3, 5, 0, 0, 0, 0, 0, 0, 0]",4,0.4999329299739067,-1,1
6,"[1, 1, 0, 0, 0, 0, 0, 0, 0, 1, 0, 0, 2, 0, 0, 2, 0, 0, 0, 0, 1, 0, 0, 0, 0, 0, 0, 0, 0, 0, 0, 0, 1, 0, 0, 0, 2, 0, 0, 0, 0, 0, 2, 0, 0, 0, 0, 0, 0, 0, 0, 0, 0, 0, 0, 0, 0, 0, 0, 0, 0, 0, 0, 2, 2, 4, 1, 4, 1, 2, 0, 3, 2, 4, 1, 5, 4, 6, 3, 5, 0, 0, 0, 0, 0, 0, 0]",12,1.6519460376222421,-1,0
7,"[0, 0, 1, 0, 2, 2, 1, 0, 0, 1, 0, 0, 2, 0, 0, 2, 0, 0, 0, 0, 1, 0, 0, 0, 0, 0, 0, 0, 0, 0, 0, 0, 1, 0, 0, 0, 2, 0, 0, 0, 0, 0, 2, 0, 0, 1, 0, 0, 0, 0, 0, 0, 0, 0, 0, 0, 0, 0, 0, 0, 0, 0, 0, 2, 2, 4, 1, 4, 1, 2, 0, 3, 2, 4, 1, 5, 4, 6, 3, 5, 1, 0, 0, 0, 0, 0, 0]",13,0.499930193749578,-1,0
8,"[0, 0, 1, 0, 2, 2, 1, 0, 0, 1, 0, 0, 2, 0, 0, 2, 0, 0, 0, 0, 1, 0, 0, 0, 0, 0, 0, 0, 0, 0, 0, 0, 1, 0, 0, 0, 2, 0, 0, 0, 0, 0, 2, 0, 0, 1, 0, 0, 0, 0, 0, 0, 0, 0, 0, 0, 0, 0, 0, 0, 0, 0, 0, 2, 2, 4, 1, 4, 1, 2, 0, 3, 2, 4, 1, 5, 4, 6, 3, 5, 1, 0, 1, 0, 0, 0, 0]",2,0.599930193749578,-1,0
9,"[0, 0, 1, 0, 2, 2, 1, 0, 0, 1, 0, 0, 2, 0, 0, 2, 0, 0, 0, 0, 1, 0, 0, 0, 0, 0, 0, 0, 0, 0, 0, 0, 1, 0, 0, 0, 2, 0, 0, 0, 0, 0, 2, 0, 0, 1, 0, 0, 0, 0, 0, 0, 0, 0, 0, 0, 0, 0, 0, 0, 0, 0, 0, 2, 2, 4, 1, 4, 1, 2, 0, 3, 2, 4, 1, 5, 4, 6, 3, 5, 1, 0, 1, 0, 0, 1, 0]","[[0 0 1 0]
 [0 1 0 0]]",0.8503550588076689,-1,0
10,"[0, 0, 1, 0, 2, 2, 1, 0, 0, 1, 0, 0, 2, 0, 0, 2, 0, 0, 0, 0, 1, 0, 0, 0, 0, 0, 0, 0, 0, 0, 0, 0, 1, 0, 0, 0, 2, 0, 0, 0, 0, 0, 2, 0, 0, 1, 0, 0, 0, 0, 0, 0, 0, 0, 0, 0, 0, 0, 0, 0, 0, 0, 0, 2, 2, 4, 1, 4, 1, 2, 0, 3, 2, 4, 1, 5, 4, 6, 3, 5, 1, 0, 0, 0, 0, 0, 0]",1,-6.980625042201226e-05,-1,1
11,"[0, 0, 1, 0, 2, 2, 1, 0, 0, 1, 0, 0, 2, 0, 0, 2, 0, 0, 0, 0, 1, 0, 0, 0, 0, 0, 0, 0, 0, 0, 0, 0, 1, 0, 0, 0, 2, 0, 0, 0, 0, 0, 2, 0, 0, 1, 0, 0, 0, 0, 0, 0, 0, 0, 0, 0, 0, 0, 0, 0, 0, 0, 0, 2, 2, 4, 1, 4, 1, 2, 0, 3, 2, 4, 1, 5, 4, 6, 3, 5, 1, 0, 1, 0, 0, 0, 0]",2,0.599930193749578,-1,0
12,"[0, 0, 1, 0, 2, 2, 1, 0, 0, 1, 0, 0, 2, 0, 0, 2, 0, 0, 0, 0, 1, 0, 0, 0, 0, 0, 0, 0, 0, 0, 0, 0, 1, 0, 0, 0, 2, 0, 0, 0, 0, 0, 2, 0, 0, 1, 0, 0, 0, 0, 0, 0, 0, 0, 0, 0, 0, 0, 0, 0, 0, 0, 0, 2, 2, 4, 1, 4, 1, 2, 0, 3, 2, 4, 1, 5, 4, 6, 3, 5, 1, 0, 1, 0, 0, 1, 0]","[[0 0 1 0]
 [0 1 0 0]]",0.8503550588076689,-1,0
13,"[0, 0, 1, 0, 2, 2, 1, 0, 0, 1, 0, 0, 2, 0, 0, 2, 0, 0, 0, 0, 1, 0, 0, 0, 0, 0, 0, 0, 0, 0, 0, 0, 1, 0, 0, 0, 2, 0, 0, 0, 0, 0, 2, 0, 0, 1, 0, 0, 0, 0, 0, 0, 0, 0, 0, 0, 0, 0, 0, 0, 0, 0, 0, 2, 2, 4, 1, 4, 1, 2, 0, 3, 2, 4, 1, 5, 4, 6, 3, 5, 1, 0, 0, 0, 0, 0, 0]",1,-6.980625042201226e-05,-1,1
14,"[0, 0, 1, 0, 2, 2, 1, 0, 0, 1, 0, 0, 2, 0, 0, 2, 0, 0, 0, 0, 1, 0, 0, 0, 0, 0, 0, 0, 0, 0, 0, 0, 1, 0, 0, 0, 2, 0, 0, 0, 0, 0, 2, 0, 0, 1, 0, 0, 0, 0, 0, 0, 0, 0, 0, 0, 0, 0, 0, 0, 0, 0, 0, 2, 2, 4, 1, 4, 1, 2, 0, 3, 2, 4, 1, 5, 4, 6, 3, 5, 1, 0, 1, 0, 0, 0, 0]",2,0.599930193749578,-1,0
15,"[0, 0, 1, 0, 2, 2, 1, 0, 0, 1, 0, 0, 2, 0, 0, 2, 0, 0, 0, 0, 1, 0, 0, 0, 0, 0, 0, 0, 0, 0, 0, 0, 1, 0, 0, 0, 2, 0, 0, 0, 0, 0, 2, 0, 0, 1, 0, 0, 0, 0, 0, 0, 0, 0, 0, 0, 0, 0, 0, 0, 0, 0, 0, 2, 2, 4, 1, 4, 1, 2, 0, 3, 2, 4, 1, 5, 4, 6, 3, 5, 1, 0, 1, 0, 0, 1, 0]","[[0 0 1 0]
 [0 1 0 0]]",0.8503550588076689,-1,0
16,"[0, 0, 1, 0, 2, 2, 1, 0, 0, 1, 0, 0, 2, 0, 0, 2, 0, 0, 0, 0, 1, 0, 0, 0, 0, 0, 0, 0, 0, 0, 0, 0, 1, 0, 0, 0, 2, 0, 0, 0, 0, 0, 2, 0, 0, 1, 0, 0, 0, 0, 0, 0, 0, 0, 0, 0, 0, 0, 0, 0, 0, 0, 0, 2, 2, 4, 1, 4, 1, 2, 0, 3, 2, 4, 1, 5, 4, 6, 3, 5, 1, 0, 1, 0, 0, 0, 1]",2,-6.980625042201226e-05,-1,1
17,"[0, 0, 1, 0, 2, 2, 1, 0, 0, 1, 0, 0, 2, 0, 0, 2, 0, 0, 0, 0, 1, 0, 0, 0, 0, 0, 0, 0, 0, 0, 0, 0, 1, 0, 0, 0, 2, 0, 0, 0, 0, 0, 2, 0, 0, 1, 0, 0, 0, 0, 0, 0, 0, 0, 0, 0, 0, 0, 0, 0, 0, 0, 0, 2, 2, 4, 1, 4, 1, 2, 0, 3, 2, 4, 1, 5, 4, 6, 3, 5, 1, 0, 0, 1, 0, 0, 0]","[[1 1 0 0]
 [0 0 1 0]]",-6.980625042201226e-05,-1,1
18,"[1, 1, 0, 0, 1, 1, 2, 0, 0, 1, 0, 0, 2, 0, 0, 2, 0, 0, 0, 0, 1, 0, 0, 0, 0, 0, 0, 0, 0, 0, 0, 0, 1, 0, 0, 0, 2, 0, 0, 0, 0, 0, 2, 0, 0, 1, 0, 0, 0, 0, 0, 0, 0, 0, 0, 0, 0, 0, 0, 0, 0, 0, 0, 2, 2, 4, 1, 4, 1, 2, 0, 3, 2, 4, 1, 5, 4, 6, 3, 5, 1, 0, 0, 0, 0, 0, 0]",0,-6.980625042201226e-05,-1,0
19,"[1, 1, 0, 0, 1, 1, 2, 0, 0, 1, 0, 0, 2, 0, 0, 2, 0, 0, 0, 0, 1, 0, 0, 0, 0, 0, 0, 0, 0, 0, 0, 0, 1, 0, 0, 0, 2, 0, 0, 0, 0, 0, 2, 0, 0, 1, 0, 0, 0, 0, 0, 0, 0, 0, 0, 0, 0, 0, 0, 0, 0, 0, 0, 2, 2, 4, 1, 4, 1, 2, 0, 3, 2, 4, 1, 5, 4, 6, 3, 5, 1, 0, 0, 0, 0, 0, 0]",0,0.626029227449519,-1,0
20,"[0, 0, 0, 0, 1, 1, 2, 0, 0, 1, 0, 0, 2, 0, 0, 2, 0, 0, 0, 0, 1, 0, 0, 0, 0, 0, 0, 0, 0, 0, 0, 0, 1, 1, 0, 0, 2, 0, 0, 0, 0, 0, 2, 0, 0, 1, 0, 0, 0, 0, 0, 0, 0, 0, 0, 0, 0, 0, 0, 0, 0, 0, 0, 2, 2, 4, 1, 4, 1, 2, 0, 3, 2, 4, 1, 5, 4, 6, 3, 5, 1, 0, 0, 0, 0, 0, 0]",1,0.7913216664235331,-1,0
21,"[0, 0, 0, 0, 1, 1, 2, 0, 0, 1, 0, 0, 2, 0, 0, 2, 0, 0, 0, 0, 1, 0, 0, 0, 0, 0, 0, 0, 0, 0, 0, 0, 1, 1, 0, 0, 2, 0, 0, 0, 0, 0, 2, 0, 0, 1, 0, 0, 0, 0, 0, 0, 0, 0, 0, 0, 0, 0, 0, 0, 0, 0, 0, 2, 2, 4, 1, 4, 1, 2, 0, 3, 2, 4, 1, 5, 4, 6, 3, 5, 1, 1, 0, 0, 0, 0, 0]",3,0.399930193749578,-1,0
22,"[0, 0, 0, 0, 1, 1, 2, 0, 0, 1, 0, 0, 2, 0, 0, 2, 0, 0, 0, 0, 1, 0, 0, 0, 0, 0, 0, 0, 0, 0, 0, 0, 1, 1, 0, 0, 2, 0, 0, 0, 0, 0, 2, 0, 0, 1, 0, 0, 0, 0, 0, 0, 0, 0, 0, 0, 0, 0, 0, 0, 0, 0, 0, 2, 2, 4, 1, 4, 1, 2, 0, 3, 2, 4, 1, 5, 4, 6, 3, 5, 1, 0, 0, 0, 0, 0, 0]",-1,-0.049502491687458405,-1,0
23,"[0, 0, 0, 0, 1, 1, 2, 0, 0, 1, 0, 0, 2, 0, 0, 2, 0, 0, 0, 0, 1, 0, 0, 0, 0, 0, 0, 0, 0, 0, 0, 0, 1, 1, 0, 0, 2, 0, 0, 0, 0, 0, 2, 0, 0, 1, 0, 0, 0, 0, 0, 0, 0, 0, 0, 0, 0, 0, 0, 0, 0, 0, 0, 2, 2, 4, 1, 4, 1, 2, 0, 3, 2, 4, 1, 5, 4, 6, 3, 5, 1, 1, 0, 0, 0, 0, 0]",3,0.399930193749578,-1,0
24,"[0, 0, 0, 0, 1, 1, 2, 0, 0, 1, 0, 0, 2, 0, 0, 2, 0, 0, 0, 0, 1, 0, 0, 0, 0, 0, 0, 0, 0, 0, 0, 0, 1, 1, 0, 0, 2, 0, 0, 0, 0, 0, 2, 0, 0, 1, 0, 0, 0, 0, 0, 0, 0, 0, 0, 0, 0, 0, 0, 0, 0, 0, 0, 2, 2, 4, 1, 4, 1, 2, 0, 3, 2, 4, 1, 5, 4, 6, 3, 5, 1, 0, 0, 0, 0, 0, 0]",-1,-0.049502491687458405,-1,0
25,"[0, 0, 0, 0, 1, 1, 2, 0, 0, 1, 0, 0, 2, 0, 0, 2, 0, 0, 0, 0, 1, 0, 0, 0, 0, 0, 0, 0, 0, 0, 0, 0, 1, 1, 0, 0, 2, 0, 0, 0, 0, 0, 2, 0, 0, 1, 0, 0, 0, 0, 0, 0, 0, 0, 0, 0, 0, 0, 0, 0, 0, 0, 0, 2, 2, 4, 1, 4, 1, 2, 0, 3, 2, 4, 1, 5, 4, 6, 3, 5, 1, 0, 1, 0, 0, 0, 0]",2,0.599930193749578,-1,0
26,"[0, 0, 0, 0, 1, 1, 2, 0, 0, 1, 0, 0, 2, 0, 0, 2, 0, 0, 0, 0, 1, 0, 0, 0, 0, 0, 0, 0, 0, 0, 0, 0, 1, 1, 0, 0, 2, 0, 0, 0, 0, 0, 2, 0, 0, 1, 0, 0, 0, 0, 0, 0, 0, 0, 0, 0, 0, 0, 0, 0, 0, 0, 0, 2, 2, 4, 1, 4, 1, 2, 0, 3, 2, 4, 1, 5, 4, 6, 3, 5, 1, 0, 0, 0, 0, 0, 0]",-1,-0.049502491687458405,-1,0
27,"[0, 0, 0, 0, 1, 1, 2, 0, 0, 1, 0, 0, 2, 0, 0, 2, 0, 0, 0, 0, 1, 0, 0, 0, 0, 0, 0, 0, 0, 0, 0, 0, 1, 1, 0, 0, 2, 0, 0, 0, 0, 0, 2, 0, 0, 1, 0, 0, 0, 0, 0, 0, 0, 0, 0, 0, 0, 0, 0, 0, 0, 0, 0, 2, 2, 4, 1, 4, 1, 2, 0, 3, 2, 4, 1, 5, 4, 6, 3, 5, 1, 1, 0, 0, 0, 0, 0]",3,0.399930193749578,-1,0
28,"[0, 0, 0, 0, 1, 1, 2, 0, 0, 1, 0, 0, 2, 0, 0, 2, 0, 0, 0, 0, 1, 0, 0, 0, 0, 0, 0, 0, 0, 0, 0, 0, 1, 1, 0, 0, 2, 0, 0, 0, 0, 0, 2, 0, 0, 1, 0, 0, 0, 0, 0, 0, 0, 0, 0, 0, 0, 0, 0, 0, 0, 0, 0, 2, 2, 4, 1, 4, 1, 2, 0, 3, 2, 4, 1, 5, 4, 6, 3, 5, 1, 0, 0, 0, 0, 0, 0]",-1,-0.049502491687458405,-1,0
29,"[0, 0, 0, 0, 1, 1, 2, 0, 0, 1, 0, 0, 2, 0, 0, 2, 0, 0, 0, 0, 1, 0, 0, 0, 0, 0, 0, 0, 0, 0, 0, 0, 1, 1, 0, 0, 2, 0, 0, 0, 0, 0, 2, 0, 0, 1, 0, 0, 0, 0, 0, 0, 0, 0, 0, 0, 0, 0, 0, 0, 0, 0, 0, 2, 2, 4, 1, 4, 1, 2, 0, 3, 2, 4, 1, 5, 4, 6, 3, 5, 1, 0, 1, 0, 0, 0, 0]",2,0.599930193749578,-1,0
30,"[0, 0, 0, 0, 1, 1, 2, 0, 0, 1, 0, 0, 2, 0, 0, 2, 0, 0, 0, 0, 1, 0, 0, 0, 0, 0, 0, 0, 0, 0, 0, 0, 1, 1, 0, 0, 2, 0, 0, 0, 0, 0, 2, 0, 0, 1, 0, 0, 0, 0, 0, 0, 0, 0, 0, 0, 0, 0, 0, 0, 0, 0, 0, 2, 2, 4, 1, 4, 1, 2, 0, 3, 2, 4, 1, 5, 4, 6, 3, 5, 1, 0, 0, 0, 0, 0, 0]",-1,-0.049502491687458405,-1,0
31,"[0, 0, 0, 0, 1, 1, 2, 0, 0, 1, 0, 0, 2, 0, 0, 2, 0, 0, 0, 0, 1, 0, 0, 0, 0, 0, 0, 0, 0, 0, 0, 0, 1, 1, 0, 0, 2, 0, 0, 0, 0, 0, 2, 0, 0, 1, 0, 0, 0, 0, 0, 0, 0, 0, 0, 0, 0, 0, 0, 0, 0, 0, 0, 2, 2, 4, 1, 4, 1, 2, 0, 3, 2, 4, 1, 5, 4, 6, 3, 5, 2, 0, 0, 0, 0, 0, 0]",4,11.298932329312272,-1,0
32,"[0, 0, 0, 0, 1, 1, 2, 0, 0, 1, 0, 0, 2, 0, 0, 2, 0, 0, 0, 0, 1, 0, 0, 0, 0, 0, 0, 0, 0, 0, 0, 0, 1, 1, 0, 0, 2, 0, 0, 0, 0, 0, 2, 0, 0, 1, 0, 0, 0, 0, 0, 0, 0, 0, 0, 0, 0, 0, 0, 0, 0, 0, 0, 2, 2, 4, 1, 4, 1, 2, 0, 3, 2, 4, 1, 5, 4, 6, 3, 5, 2, 0, 0, 0, 0, 0, 0]",-1,-0.04900993366533776,-1,1
33,"[0, 0, 0, 0, 1, 1, 2, 0, 0, 1, 0, 0, 2, 0, 0, 2, 0, 0, 0, 0, 1, 0, 0, 0, 0, 0, 0, 0, 0, 0, 0, 0, 1, 1, 0, 0, 2, 0, 0, 0, 0, 0, 2, 0, 0, 1, 0, 0, 0, 0, 0, 0, 0, 0, 0, 0, 0, 0, 0, 0, 0, 0, 0, 2, 2, 4, 1, 4, 1, 2, 0, 3, 2, 4, 1, 5, 4, 6, 3, 5, 3, 0, 0, 0, 0, 0, 0]",4,9.071712812694393,-1,1
34,"[0, 0, 0, 0, 1, 1, 2, 0, 0, 1, 0, 0, 2, 0, 0, 2, 0, 0, 0, 0, 1, 0, 0, 0, 0, 0, 0, 0, 0, 0, 0, 0, 1, 1, 0, 0, 2, 0, 0, 0, 0, 0, 2, 0, 0, 1, 0, 0, 0, 0, 0, 0, 0, 0, 0, 0, 0, 0, 0, 0, 0, 0, 0, 2, 2, 4, 1, 4, 1, 2, 0, 3, 2, 4, 1, 5, 4, 6, 3, 5, 3, 1, 0, 0, 0, 0, 0]",3,0.3999243819898746,-1,0
35,"[0, 0, 0, 0, 1, 1, 2, 0, 0, 1, 0, 0, 2, 0, 0, 2, 0, 0, 0, 0, 1, 0, 0, 0, 0, 0, 0, 0, 0, 0, 0, 0, 1, 1, 0, 0, 2, 0, 0, 0, 0, 0, 2, 0, 0, 1, 0, 0, 0, 0, 0, 0, 0, 0, 0, 0, 0, 0, 0, 0, 0, 0, 0, 2, 2, 4, 1, 4, 1, 2, 0, 3, 2, 4, 1, 5, 4, 6, 3, 5, 3, 0, 0, 0, 0, 0, 0]",-1,-0.04852227667742541,-1,0
36,"[0, 0, 0, 0, 1, 1, 2, 0, 0, 1, 0, 0, 2, 0, 0, 2, 0, 0, 0, 0, 1, 0, 0, 0, 0, 0, 0, 0, 0, 0, 0, 0, 1, 1, 0, 0, 2, 0, 0, 0, 0, 0, 2, 0, 0, 1, 0, 0, 0, 0, 0, 0, 0, 0, 0, 0, 0, 0, 0, 0, 0, 0, 0, 2, 2, 4, 1, 4, 1, 2, 0, 3, 2, 4, 1, 5, 4, 6, 3, 5, 3, 1, 0, 0, 0, 0, 0]",3,0.3999243819898746,-1,0
37,"[0, 0, 0, 0, 1, 1, 2, 0, 0, 1, 0, 0, 2, 0, 0, 2, 0, 0, 0, 0, 1, 0, 0, 0, 0, 0, 0, 0, 0, 0, 0, 0, 1, 1, 0, 0, 2, 0, 0, 0, 0, 0, 2, 0, 0, 1, 0, 0, 0, 0, 0, 0, 0, 0, 0, 0, 0, 0, 0, 0, 0, 0, 0, 2, 2, 4, 1, 4, 1, 2, 0, 3, 2, 4, 1, 5, 4, 6, 3, 5, 3, 0, 0, 0, 0, 0, 0]",-1,-0.04852227667742541,-1,0
38,"[0, 0, 0, 0, 1, 1, 2, 0, 0, 1, 0, 0, 2, 0, 0, 2, 0, 0, 0, 0, 1, 0, 0, 0, 0, 0, 0, 0, 0, 0, 0, 0, 1, 1, 0, 0, 2, 0, 0, 0, 0, 0, 2, 0, 0, 1, 0, 0, 0, 0, 0, 0, 0, 0, 0, 0, 0, 0, 0, 0, 0, 0, 0, 2, 2, 4, 1, 4, 1, 2, 0, 3, 2, 4, 1, 5, 4, 6, 3, 5, 3, 0, 1, 0, 0, 0, 0]",2,0.5999243819898745,-1,0
39,"[0, 0, 0, 0, 1, 1, 2, 0, 0, 1, 0, 0, 2, 0, 0, 2, 0, 0, 0, 0, 1, 0, 0, 0, 0, 0, 0, 0, 0, 0, 0, 0, 1, 1, 0, 0, 2, 0, 0, 0, 0, 0, 2, 0, 0, 1, 0, 0, 0, 0, 0, 0, 0, 0, 0, 0, 0, 0, 0, 0, 0, 0, 0, 2, 2, 4, 1, 4, 1, 2, 0, 3, 2, 4, 1, 5, 4, 6, 3, 5, 3, 0, 0, 0, 0, 0, 0]",-1,-0.04852227667742541,-1,0
40,"[0, 0, 0, 0, 1, 1, 2, 0, 0, 1, 0, 0, 2, 0, 0, 2, 0, 0, 0, 0, 1, 0, 0, 0, 0, 0, 0, 0, 0, 0, 0, 0, 1, 1, 0, 0, 2, 0, 0, 0, 0, 0, 2, 0, 0, 1, 0, 0, 0, 0, 0, 0, 0, 0, 0, 0, 0, 0, 0, 0, 0, 0, 0, 2, 2, 4, 1, 4, 1, 2, 0, 3, 2, 4, 1, 5, 4, 6, 3, 5, 3, 0, 1, 0, 0, 0, 0]",2,0.5999243819898745,-1,0
41,"[0, 0, 0, 0, 1, 1, 2, 0, 0, 1, 0, 0, 2, 0, 0, 2, 0, 0, 0, 0, 1, 0, 0, 0, 0, 0, 0, 0, 0, 0, 0, 0, 1, 1, 0, 0, 2, 0, 0, 0, 0, 0, 2, 0, 0, 1, 0, 0, 0, 0, 0, 0, 0, 0, 0, 0, 0, 0, 0, 0, 0, 0, 0, 2, 2, 4, 1, 4, 1, 2, 0, 3, 2, 4, 1, 5, 4, 6, 3, 5, 3, 0, 0, 0, 0, 0, 0]",-1,-0.04852227667742541,-1,0
42,"[0, 0, 1, 0, 1, 1, 3, 0, 0, 1, 0, 0, 2, 0, 0, 2, 0, 0, 0, 0, 1, 0, 0, 0, 0, 0, 0, 0, 0, 0, 0, 0, 1, 1, 0, 0, 2, 0, 0, 0, 0, 0, 2, 0, 0, 1, 0, 0, 0, 0, 0, 0, 0, 0, 0, 0, 0, 0, 0, 0, 0, 0, 0, 2, 2, 4, 1, 4, 1, 2, 0, 3, 2, 4, 1, 5, 4, 6, 3, 5, 4, 0, 0, 0, 0, 0, 0]",4,10.193707670446715,-1,0
43,"[0, 0, 1, 0, 1, 1, 3, 0, 0, 1, 0, 0, 2, 0, 0, 2, 0, 0, 0, 0, 1, 0, 0, 0, 0, 0, 0, 0, 0, 0, 0, 0, 1, 1, 0, 0, 2, 0, 0, 0, 0, 0, 2, 0, 0, 1, 0, 0, 0, 0, 0, 0, 0, 0, 0, 0, 0, 0, 0, 0, 0, 0, 0, 2, 2, 4, 1, 4, 1, 2, 0, 3, 2, 4, 1, 5, 4, 6, 3, 5, 5, 0, 0, 0, 0, 0, 0]",4,8.808952496797668,-1,1
44,"[0, 0, 1, 0, 1, 1, 3, 0, 0, 1, 0, 0, 2, 0, 0, 2, 0, 0, 0, 0, 1, 0, 0, 0, 0, 0, 0, 0, 0, 0, 0, 0, 1, 1, 0, 0, 2, 0, 0, 0, 0, 0, 2, 0, 0, 1, 0, 0, 0, 0, 0, 0, 0, 0, 0, 0, 0, 0, 0, 0, 0, 0, 0, 2, 2, 4, 1, 4, 1, 2, 0, 3, 2, 4, 1, 5, 4, 6, 3, 5, 5, 1, 0, 0, 0, 0, 0]",3,0.39991808656700284,-1,0
45,"[0, 0, 1, 0, 1, 1, 3, 0, 0, 1, 0, 0, 2, 0, 0, 2, 0, 0, 0, 0, 1, 0, 0, 0, 0, 0, 0, 0, 0, 0, 0, 0, 1, 1, 0, 0, 2, 0, 0, 0, 0, 0, 2, 0, 0, 1, 0, 0, 0, 0, 0, 0, 0, 0, 0, 0, 0, 0, 0, 0, 0, 0, 0, 2, 2, 4, 1, 4, 1, 2, 0, 3, 2, 4, 1, 5, 4, 6, 3, 5, 5, 0, 0, 0, 0, 0, 0]",-1,-0.047561471225035706,-1,0
46,"[0, 0, 1, 0, 1, 1, 3, 0, 0, 1, 0, 0, 2, 0, 0, 2, 0, 0, 0, 0, 1, 0, 0, 0, 0, 0, 0, 0, 0, 0, 0, 0, 1, 1, 0, 0, 2, 0, 0, 0, 0, 0, 2, 0, 0, 1, 0, 0, 0, 0, 0, 0, 0, 0, 0, 0, 0, 0, 0, 0, 0, 0, 0, 2, 2, 4, 1, 4, 1, 2, 0, 3, 2, 4, 1, 5, 4, 6, 3, 5, 5, 1, 0, 0, 0, 0, 0]",3,0.39991808656700284,-1,0
47,"[0, 0, 1, 0, 1, 1, 3, 0, 0, 1, 0, 0, 2, 0, 0, 2, 0, 0, 0, 0, 1, 0, 0, 0, 0, 0, 0, 0, 0, 0, 0, 0, 1, 1, 0, 0, 2, 0, 0, 0, 0, 0, 2, 0, 0, 1, 0, 0, 0, 0, 0, 0, 0, 0, 0, 0, 0, 0, 0, 0, 0, 0, 0, 2, 2, 4, 1, 4, 1, 2, 0, 3, 2, 4, 1, 5, 4, 6, 3, 5, 5, 0, 0, 0, 0, 0, 0]",-1,-0.047561471225035706,-1,0
48,"[0, 0, 1, 0, 1, 1, 3, 0, 0, 1, 0, 0, 2, 0, 0, 2, 0, 0, 0, 0, 1, 0, 0, 0, 0, 0, 0, 0, 0, 0, 0, 0, 1, 1, 0, 0, 2, 0, 0, 0, 0, 0, 2, 0, 0, 1, 0, 0, 0, 0, 0, 0, 0, 0, 0, 0, 0, 0, 0, 0, 0, 0, 0, 2, 2, 4, 1, 4, 1, 2, 0, 3, 2, 4, 1, 5, 4, 6, 3, 5, 6, 0, 0, 0, 0, 0, 0]",4,10.191779507408603,-1,0
49,"[0, 0, 1, 0, 1, 1, 3, 0, 0, 1, 0, 0, 2, 0, 0, 2, 0, 0, 0, 0, 1, 0, 0, 0, 0, 0, 0, 0, 0, 0, 0, 0, 1, 1, 0, 0, 2, 0, 0, 0, 0, 0, 2, 0, 0, 1, 0, 0, 0, 0, 0, 0, 0, 0, 0, 0, 0, 0, 0, 0, 0, 0, 0, 2, 2, 4, 1, 4, 1, 2, 0, 3, 2, 4, 1, 5, 4, 6, 3, 5, 6, 0, 1, 0, 0, 0, 0]",2,0.599914745041401,-1,1
50,"[0, 0, 1, 0, 1, 1, 3, 0, 0, 1, 0, 0, 2, 0, 0, 2, 0, 0, 0, 0, 1, 0, 0, 0, 0, 0, 0, 0, 0, 0, 0, 0, 1, 1, 0, 0, 2, 0, 0, 0, 0, 0, 2, 0, 0, 1, 0, 0, 0, 0, 0, 0, 0, 0, 0, 0, 0, 0, 0, 0, 0, 0, 0, 2, 2, 4, 1, 4, 1, 2, 0, 3, 2, 4, 1, 5, 4, 6, 3, 5, 6, 0, 1, 0, 0, 1, 0]","[[0 0 1 0]
 [0 0 1 0]]",0.8503396100994919,-1,1
51,"[0, 0, 1, 0, 1, 1, 3, 0, 0, 1, 0, 0, 2, 0, 0, 2, 0, 0, 0, 0, 1, 0, 0, 0, 0, 0, 0, 0, 0, 0, 0, 0, 1, 1, 0, 0, 2, 0, 0, 0, 0, 0, 2, 0, 0, 1, 0, 0, 0, 0, 0, 0, 0, 0, 0, 0, 0, 0, 0, 0, 0, 0, 0, 2, 2, 4, 1, 4, 1, 2, 0, 3, 2, 4, 1, 5, 4, 6, 3, 5, 6, 0, 0, 0, 0, 0, 0]",0,-8.525495859900015e-05,-1,0
52,"[0, 0, 1, 0, 1, 1, 3, 0, 0, 1, 0, 0, 2, 0, 0, 2, 0, 0, 0, 0, 1, 0, 0, 0, 0, 0, 0, 0, 0, 0, 0, 0, 1, 1, 0, 0, 2, 0, 0, 0, 0, 0, 2, 0, 0, 1, 0, 0, 0, 0, 0, 0, 0, 0, 0, 0, 0, 0, 0, 0, 0, 0, 0, 2, 2, 4, 1, 4, 1, 2, 0, 3, 2, 4, 1, 5, 4, 6, 3, 5, 6, 0, 1, 0, 0, 0, 0]",2,0.599914745041401,-1,1
53,"[0, 0, 1, 0, 1, 1, 3, 0, 0, 1, 0, 0, 2, 0, 0, 2, 0, 0, 0, 0, 1, 0, 0, 0, 0, 0, 0, 0, 0, 0, 0, 0, 1, 1, 0, 0, 2, 0, 0, 0, 0, 0, 2, 0, 0, 1, 0, 0, 0, 0, 0, 0, 0, 0, 0, 0, 0, 0, 0, 0, 0, 0, 0, 2, 2, 4, 1, 4, 1, 2, 0, 3, 2, 4, 1, 5, 4, 6, 3, 5, 6, 0, 0, 0, 0, 0, 0]",-1,-0.04708822667921244,-1,1
54,"[0, 0, 1, 0, 1, 1, 1, 0, 0, 1, 0, 0, 2, 0, 0, 2, 0, 0, 0, 0, 1, 0, 0, 0, 0, 0, 0, 0, 0, 0, 0, 0, 1, 1, 0, 0, 2, 0, 0, 0, 0, 0, 2, 0, 0, 1, 0, 0, 0, 0, 0, 0, 0, 0, 0, 0, 0, 0, 0, 0, 0, 0, 0, 2, 2, 4, 1, 4, 1, 2, 0, 3, 2, 4, 1, 5, 4, 6, 3, 6, 7, 0, 0, 0, 0, 0, 0]",4,9.227481004632736,-1,1
55,"[0, 0, 1, 0, 1, 1, 1, 0, 0, 1, 0, 0, 2, 0, 0, 2, 0, 0, 0, 0, 1, 0, 0, 0, 0, 0, 0, 0, 0, 0, 0, 0, 1, 1, 0, 0, 2, 0, 0, 0, 0, 0, 2, 0, 0, 1, 0, 0, 0, 0, 0, 0, 0, 0, 0, 0, 0, 0, 0, 0, 0, 0, 0, 2, 2, 4, 1, 4, 1, 2, 0, 3, 2, 4, 1, 5, 4, 6, 3, 6, 7, 0, 1, 0, 0, 0, 0]",2,0.5999112672641851,-1,0
56,"[0, 0, 1, 0, 1, 1, 1, 0, 0, 1, 0, 0, 2, 0, 0, 2, 0, 0, 0, 0, 1, 0, 0, 0, 0, 0, 0, 0, 0, 0, 0, 0, 1, 1, 0, 0, 2, 0, 0, 0, 0, 0, 2, 0, 0, 1, 0, 0, 0, 0, 0, 0, 0, 0, 0, 0, 0, 0, 0, 0, 0, 0, 0, 2, 2, 4, 1, 4, 1, 2, 0, 3, 2, 4, 1, 5, 4, 6, 3, 6, 7, 0, 1, 0, 0, 1, 0]","[[0 0 1 0]
 [0 1 0 0]]",0.850336132322276,-1,0
57,"[0, 1, 0, 0, 1, 0, 2, 0, 0, 1, 0, 0, 2, 0, 0, 2, 0, 0, 0, 0, 1, 0, 0, 0, 0, 0, 0, 0, 0, 0, 0, 0, 1, 1, 0, 0, 2, 0, 0, 0, 0, 0, 2, 0, 0, 1, 0, 0, 0, 0, 0, 0, 0, 0, 0, 0, 0, 0, 0, 0, 0, 0, 0, 2, 2, 4, 1, 4, 1, 2, 0, 3, 2, 4, 1, 5, 4, 6, 3, 6, 7, 0, 0, 0, 0, 0, 0]",0,-8.873273581487007e-05,-1,1
58,"[0, 1, 0, 0, 1, 0, 2, 0, 0, 1, 0, 0, 2, 0, 0, 2, 0, 0, 0, 0, 1, 0, 0, 0, 0, 0, 0, 0, 0, 0, 0, 0, 1, 1, 0, 0, 2, 0, 0, 0, 0, 0, 2, 0, 0, 1, 0, 0, 0, 0, 0, 0, 0, 0, 0, 0, 0, 0, 0, 0, 0, 0, 0, 2, 2, 4, 1, 4, 1, 2, 0, 3, 2, 4, 1, 5, 4, 6, 3, 6, 7, 0, 1, 0, 0, 0, 0]",2,0.5999112672641851,-1,0
59,"[0, 1, 0, 0, 1, 0, 2, 0, 0, 1, 0, 0, 2, 0, 0, 2, 0, 0, 0, 0, 1, 0, 0, 0, 0, 0, 0, 0, 0, 0, 0, 0, 1, 1, 0, 0, 2, 0, 0, 0, 0, 0, 2, 0, 0, 1, 0, 0, 0, 0, 0, 0, 0, 0, 0, 0, 0, 0, 0, 0, 0, 0, 0, 2, 2, 4, 1, 4, 1, 2, 0, 3, 2, 4, 1, 5, 4, 6, 3, 6, 7, 0, 1, 0, 0, 1, 0]","[[0 1 0 0]
 [0 0 1 0]]",0.850336132322276,-1,0
60,"[0, 1, 0, 0, 1, 0, 2, 0, 0, 1, 0, 0, 2, 0, 0, 2, 0, 0, 0, 0, 1, 0, 0, 0, 0, 0, 0, 0, 0, 0, 0, 0, 1, 1, 0, 0, 2, 0, 0, 0, 0, 0, 2, 0, 0, 1, 0, 0, 0, 0, 0, 0, 0, 0, 0, 0, 0, 0, 0, 0, 0, 0, 0, 2, 2, 4, 1, 4, 1, 2, 0, 3, 2, 4, 1, 5, 4, 6, 3, 6, 7, 0, 0, 0, 0, 0, 0]",1,-8.873273581487007e-05,-1,1
61,"[0, 1, 2, 0, 1, 0, 2, 0, 0, 1, 0, 0, 2, 0, 0, 2, 0, 0, 0, 0, 1, 0, 0, 0, 0, 0, 0, 0, 0, 0, 0, 0, 1, 1, 0, 0, 2, 0, 0, 0, 0, 0, 2, 0, 0, 1, 0, 0, 0, 0, 0, 0, 0, 0, 0, 0, 0, 0, 0, 0, 0, 0, 0, 2, 2, 4, 1, 4, 1, 2, 0, 3, 2, 4, 1, 5, 4, 6, 3, 6, 8, 0, 0, 0, 0, 0, 0]",4,10.148815671495273,-1,0
62,"[0, 1, 2, 0, 1, 0, 2, 0, 0, 1, 0, 0, 2, 0, 0, 2, 0, 0, 0, 0, 1, 0, 0, 0, 0, 0, 0, 0, 0, 0, 0, 0, 1, 1, 0, 0, 2, 0, 0, 0, 0, 0, 2, 0, 0, 1, 0, 0, 0, 0, 0, 0, 0, 0, 0, 0, 0, 0, 0, 0, 0, 0, 0, 2, 2, 4, 1, 4, 1, 2, 0, 3, 2, 4, 1, 5, 4, 6, 3, 6, 8, 0, 0, 0, 0, 0, 0]",-1,-0.04615581731933179,-1,1
63,"[0, 1, 2, 0, 1, 0, 2, 0, 0, 1, 0, 0, 2, 0, 0, 2, 0, 0, 0, 0, 1, 0, 0, 0, 0, 0, 0, 0, 0, 0, 0, 0, 1, 1, 0, 0, 2, 0, 0, 0, 0, 0, 2, 0, 0, 1, 0, 0, 0, 0, 0, 0, 0, 0, 0, 0, 0, 0, 0, 0, 0, 0, 0, 2, 2, 4, 1, 4, 1, 2, 0, 3, 2, 4, 1, 5, 4, 6, 3, 6, 8, 0, 0, 0, 0, 0, 0]",0,0.585569666258548,-1,0
64,"[0, 1, 2, 0, 1, 0, 2, 0, 0, 1, 0, 0, 2, 0, 0, 2, 0, 0, 0, 0, 1, 0, 0, 0, 0, 0, 0, 0, 0, 0, 0, 0, 1, 1, 0, 0, 2, 0, 0, 0, 0, 0, 2, 0, 0, 1, 0, 0, 0, 0, 0, 0, 0, 0, 0, 0, 0, 0, 0, 0, 0, 0, 0, 2, 2, 4, 1, 4, 1, 2, 0, 3, 2, 4, 1, 5, 4, 6, 3, 6, 8, 0, 0, 0, 0, 0, 0]",-1,-0.04615581731933179,-1,0
65,"[0, 1, 2, 0, 3, 1, 2, 0, 0, 1, 0, 0, 2, 0, 0, 2, 0, 0, 0, 0, 1, 0, 0, 0, 0, 0, 0, 0, 0, 0, 0, 0, 1, 1, 0, 0, 2, 0, 0, 0, 0, 0, 2, 0, 0, 1, 0, 0, 0, 0, 0, 0, 0, 0, 0, 0, 0, 0, 0, 0, 0, 0, 0, 2, 2, 4, 1, 4, 1, 2, 0, 3, 2, 4, 1, 5, 4, 6, 3, 6, 9, 0, 0, 0, 0, 0, 0]",4,10.147884156985212,-1,0
66,"[0, 1, 2, 0, 3, 1, 2, 0, 0, 1, 0, 0, 2, 0, 0, 2, 0, 0, 0, 0, 1, 0, 0, 0, 0, 0, 0, 0, 0, 0, 0, 0, 1, 1, 0, 0, 2, 0, 0, 0, 0, 0, 2, 0, 0, 1, 0, 0, 0, 0, 0, 0, 0, 0, 0, 0, 0, 0, 0, 0, 0, 0, 0, 2, 2, 4, 1, 4, 1, 2, 0, 3, 2, 4, 1, 5, 4, 6, 3, 6, 9, 0, 0, 0, 0, 0, 0]",-1,-0.04569655926356141,-1,1
67,"[0, 1, 2, 0, 3, 1, 2, 0, 0, 1, 0, 0, 2, 0, 0, 2, 0, 0, 0, 0, 1, 0, 0, 0, 0, 0, 0, 0, 0, 0, 0, 0, 1, 1, 0, 0, 2, 0, 0, 0, 0, 0, 2, 0, 0, 1, 0, 0, 0, 0, 0, 0, 0, 0, 0, 0, 0, 0, 0, 0, 0, 0, 0, 2, 2, 4, 1, 4, 1, 2, 0, 3, 2, 4, 1, 5, 4, 6, 3, 6, 10, 0, 0, 0, 0, 0, 0]",4,8.83354754692022,-1,1
68,"[0, 1, 2, 0, 3, 1, 2, 0, 0, 1, 0, 0, 2, 0, 0, 2, 0, 0, 0, 0, 1, 0, 0, 0, 0, 0, 0, 0, 0, 0, 0, 0, 1, 1, 0, 0, 2, 0, 0, 0, 0, 0, 2, 0, 0, 1, 0, 0, 0, 0, 0, 0, 0, 0, 0, 0, 0, 0, 0, 0, 0, 0, 0, 2, 2, 4, 1, 4, 1, 2, 0, 3, 2, 4, 1, 5, 4, 6, 3, 6, 11, 0, 0, 0, 0, 0, 0]",4,10.146048262808756,-1,0
69,"[0, 1, 2, 0, 3, 1, 2, 0, 0, 1, 0, 0, 2, 0, 0, 2, 0, 0, 0, 0, 1, 0, 0, 0, 0, 0, 0, 0, 0, 0, 0, 0, 1, 1, 0, 0, 2, 0, 0, 0, 0, 0, 2, 0, 0, 1, 0, 0, 0, 0, 0, 0, 0, 0, 0, 0, 0, 0, 0, 0, 0, 0, 0, 2, 2, 4, 1, 4, 1, 2, 0, 3, 2, 4, 1, 5, 4, 6, 3, 6, 11, 0, 1, 0, 0, 0, 0]",2,0.5998958791851778,-1,1
70,"[0, 1, 2, 0, 3, 1, 2, 0, 0, 1, 0, 0, 2, 0, 0, 2, 0, 0, 0, 0, 1, 0, 0, 0, 0, 0, 0, 0, 0, 0, 0, 0, 1, 1, 0, 0, 2, 0, 0, 0, 0, 0, 2, 0, 0, 1, 0, 0, 0, 0, 0, 0, 0, 0, 0, 0, 0, 0, 0, 0, 0, 0, 0, 2, 2, 4, 1, 4, 1, 2, 0, 3, 2, 4, 1, 5, 4, 6, 3, 6, 11, 0, 1, 0, 0, 1, 0]","[[1 0 1 0]
 [0 1 1 0]]",0.8503207442432688,-1,1
71,"[1, 0, 2, 0, 2, 2, 2, 0, 0, 1, 0, 0, 2, 0, 0, 2, 0, 0, 0, 0, 1, 0, 0, 0, 0, 0, 0, 0, 0, 0, 0, 0, 1, 1, 0, 0, 2, 0, 0, 0, 0, 0, 2, 0, 0, 1, 0, 0, 0, 0, 0, 0, 0, 0, 0, 0, 0, 0, 0, 0, 0, 0, 0, 2, 2, 4, 1, 4, 1, 2, 0, 3, 2, 4, 1, 5, 4, 6, 3, 6, 11, 0, 0, 0, 0, 0, 0]",0,-0.00010412081482218844,-1,0
72,"[1, 0, 2, 0, 2, 2, 2, 0, 0, 1, 0, 0, 2, 0, 0, 2, 0, 0, 0, 0, 1, 0, 0, 0, 0, 0, 0, 0, 0, 0, 0, 0, 1, 1, 0, 0, 2, 0, 0, 0, 0, 0, 2, 0, 0, 1, 0, 0, 0, 0, 0, 0, 0, 0, 0, 0, 0, 0, 0, 0, 0, 0, 0, 2, 2, 4, 1, 4, 1, 2, 0, 3, 2, 4, 1, 5, 4, 6, 3, 6, 11, 0, 1, 0, 0, 0, 0]",2,0.5998958791851778,-1,1
73,"[1, 0, 2, 0, 2, 2, 2, 0, 0, 1, 0, 0, 2, 0, 0, 2, 0, 0, 0, 0, 1, 0, 0, 0, 0, 0, 0, 0, 0, 0, 0, 0, 1, 1, 0, 0, 2, 0, 0, 0, 0, 0, 2, 0, 0, 1, 0, 0, 0, 0, 0, 0, 0, 0, 0, 0, 0, 0, 0, 0, 0, 0, 0, 2, 2, 4, 1, 4, 1, 2, 0, 3, 2, 4, 1, 5, 4, 6, 3, 6, 11, 0, 1, 0, 0, 1, 0]","[[1 1 1 0]
 [1 0 1 0]]",0.1658280880092102,-1,1
74,"[1, 0, 2, 0, 2, 2, 2, 0, 0, 1, 0, 0, 2, 0, 0, 2, 0, 0, 0, 0, 1, 0, 0, 0, 0, 0, 0, 0, 0, 0, 0, 0, 1, 1, 0, 0, 2, 0, 0, 0, 0, 0, 2, 0, 0, 1, 0, 0, 0, 0, 0, 0, 0, 0, 0, 0, 0, 0, 0, 0, 0, 0, 0, 2, 2, 4, 1, 4, 1, 2, 0, 3, 2, 4, 1, 5, 4, 6, 3, 6, 11, 0, 0, 0, 0, 0, 0]",1,-0.00010412081482218844,-1,0
75,"[1, 0, 2, 0, 2, 2, 2, 0, 0, 1, 0, 0, 2, 0, 0, 2, 0, 0, 0, 0, 1, 0, 0, 0, 0, 0, 0, 0, 0, 0, 0, 0, 1, 1, 0, 0, 2, 0, 0, 0, 0, 0, 2, 0, 0, 1, 0, 0, 0, 0, 0, 0, 0, 0, 0, 0, 0, 0, 0, 0, 0, 0, 0, 2, 2, 4, 1, 4, 1, 2, 0, 3, 2, 4, 1, 5, 4, 6, 3, 6, 11, 0, 0, 0, 0, 0, 0]",-1,-0.04479170676482641,-1,1
76,"[1, 0, 4, 0, 2, 2, 2, 0, 0, 1, 0, 0, 2, 0, 0, 2, 0, 0, 0, 0, 1, 0, 0, 0, 0, 0, 0, 0, 0, 0, 0, 0, 1, 1, 0, 0, 2, 0, 0, 0, 0, 0, 2, 0, 0, 1, 0, 0, 0, 0, 0, 0, 0, 0, 0, 0, 0, 0, 0, 0, 0, 0, 0, 2, 2, 4, 1, 4, 1, 2, 0, 3, 2, 4, 1, 5, 4, 6, 3, 6, 12, 0, 0, 0, 0, 0, 0]",4,9.005670888876773,-1,1
77,"[1, 0, 4, 0, 4, 3, 2, 0, 0, 1, 0, 0, 2, 0, 0, 2, 0, 0, 0, 0, 1, 0, 0, 0, 0, 0, 0, 0, 0, 0, 0, 0, 1, 1, 0, 0, 2, 0, 0, 0, 0, 0, 2, 0, 0, 1, 0, 0, 0, 0, 0, 0, 0, 0, 0, 0, 0, 0, 0, 0, 0, 0, 0, 2, 2, 4, 1, 4, 1, 2, 0, 3, 2, 4, 1, 5, 4, 6, 3, 6, 13, 0, 0, 0, 0, 0, 0]",4,9.848617502041844,-1,0
78,"[1, 0, 2, 0, 2, 1, 1, 0, 0, 1, 0, 0, 2, 0, 0, 2, 0, 0, 0, 0, 1, 0, 0, 0, 0, 0, 0, 0, 0, 0, 0, 0, 1, 1, 0, 0, 2, 0, 0, 0, 0, 0, 2, 0, 0, 1, 0, 0, 0, 0, 0, 0, 0, 0, 0, 0, 0, 0, 0, 0, 0, 0, 0, 2, 2, 4, 1, 4, 1, 2, 0, 3, 2, 4, 1, 5, 4, 6, 3, 3, 14, 0, 0, 0, 0, 0, 0]",4,9.061460718366684,-1,1
79,"[1, 0, 2, 0, 2, 1, 1, 0, 0, 1, 0, 0, 2, 0, 0, 2, 0, 0, 0, 0, 1, 0, 0, 0, 0, 0, 0, 0, 0, 0, 0, 0, 1, 1, 0, 0, 2, 0, 0, 0, 0, 0, 2, 0, 0, 1, 0, 0, 0, 0, 0, 0, 0, 0, 0, 0, 0, 0, 0, 0, 0, 0, 0, 2, 2, 4, 1, 4, 1, 2, 0, 3, 2, 4, 1, 5, 4, 6, 3, 3, 14, 0, 1, 0, 0, 0, 0]",2,0.5998826119007838,-1,0
80,"[1, 0, 2, 0, 2, 1, 1, 0, 0, 1, 0, 0, 2, 0, 0, 2, 0, 0, 0, 0, 1, 0, 0, 0, 0, 0, 0, 0, 0, 0, 0, 0, 1, 1, 0, 0, 2, 0, 0, 0, 0, 0, 2, 0, 0, 1, 0, 0, 0, 0, 0, 0, 0, 0, 0, 0, 0, 0, 0, 0, 0, 0, 0, 2, 2, 4, 1, 4, 1, 2, 0, 3, 2, 4, 1, 5, 4, 6, 3, 3, 14, 0, 1, 0, 0, 1, 0]","[[1 0 0 0]
 [0 1 0 0]]",0.8503074769588748,-1,0
81,"[1, 0, 2, 0, 2, 1, 1, 0, 0, 1, 0, 0, 2, 0, 0, 2, 0, 0, 0, 0, 1, 0, 0, 0, 0, 0, 0, 0, 0, 0, 0, 0, 1, 1, 0, 0, 2, 0, 0, 0, 0, 0, 2, 0, 0, 1, 0, 0, 0, 0, 0, 0, 0, 0, 0, 0, 0, 0, 0, 0, 0, 0, 0, 2, 2, 4, 1, 4, 1, 2, 0, 3, 2, 4, 1, 5, 4, 6, 3, 3, 14, 0, 0, 0, 0, 0, 0]",1,-0.00011738809921616044,-1,1
82,"[1, 0, 2, 0, 2, 1, 1, 0, 0, 1, 0, 0, 2, 0, 0, 2, 0, 0, 0, 0, 1, 0, 0, 0, 0, 0, 0, 0, 0, 0, 0, 0, 1, 1, 0, 0, 2, 0, 0, 0, 0, 0, 2, 0, 0, 1, 0, 0, 0, 0, 0, 0, 0, 0, 0, 0, 0, 0, 0, 0, 0, 0, 0, 2, 2, 4, 1, 4, 1, 2, 0, 3, 2, 4, 1, 5, 4, 6, 3, 3, 14, 1, 0, 0, 0, 0, 0]",3,0.39988261190078384,-1,0
83,"[1, 0, 2, 0, 2, 1, 1, 0, 0, 1, 0, 0, 2, 0, 0, 2, 0, 0, 0, 0, 1, 0, 0, 0, 0, 0, 0, 0, 0, 0, 0, 0, 1, 1, 0, 0, 2, 0, 0, 0, 0, 0, 2, 0, 0, 1, 0, 0, 0, 0, 0, 0, 0, 0, 0, 0, 0, 0, 0, 0, 0, 0, 0, 2, 2, 4, 1, 4, 1, 2, 0, 3, 2, 4, 1, 5, 4, 6, 3, 3, 14, 0, 0, 0, 0, 0, 0]",-1,-0.0434679117699403,-1,0
84,"[1, 0, 4, 0, 2, 1, 1, 0, 0, 1, 0, 0, 2, 0, 0, 2, 0, 0, 0, 0, 1, 0, 0, 0, 0, 0, 0, 0, 0, 0, 0, 0, 1, 1, 0, 0, 2, 0, 0, 0, 0, 0, 2, 0, 0, 1, 0, 0, 0, 0, 0, 0, 0, 0, 0, 0, 0, 0, 0, 0, 0, 0, 0, 2, 2, 4, 1, 4, 1, 2, 0, 3, 2, 4, 1, 5, 4, 6, 3, 3, 15, 0, 0, 0, 0, 0, 0]",4,9.84685189387986,-1,0
85,"[1, 0, 4, 0, 2, 1, 1, 0, 0, 1, 0, 0, 2, 0, 0, 2, 0, 0, 0, 0, 1, 0, 0, 0, 0, 0, 0, 0, 0, 0, 0, 0, 1, 1, 0, 0, 2, 0, 0, 0, 0, 0, 2, 0, 0, 1, 0, 0, 0, 0, 0, 0, 0, 0, 0, 0, 0, 0, 0, 0, 0, 0, 0, 2, 2, 4, 1, 4, 1, 2, 0, 3, 2, 4, 1, 5, 4, 6, 3, 3, 15, 0, 0, 0, 0, 0, 0]",0,0.6259768578280541,-1,1
86,"[1, 0, 4, 0, 2, 1, 1, 0, 0, 1, 0, 0, 2, 0, 0, 2, 0, 0, 0, 0, 1, 0, 0, 0, 0, 0, 0, 0, 0, 0, 0, 0, 1, 1, 0, 0, 2, 0, 0, 0, 0, 0, 2, 0, 0, 1, 0, 0, 0, 0, 0, 0, 0, 0, 0, 0, 0, 0, 0, 0, 0, 0, 0, 2, 2, 4, 1, 4, 1, 2, 0, 3, 2, 4, 1, 5, 4, 6, 3, 3, 15, 0, 0, 0, 0, 0, 0]",-1,-0.043035398821252895,-1,1
87,"[1, 0, 4, 0, 2, 1, 1, 0, 0, 1, 0, 0, 2, 0, 0, 2, 0, 0, 0, 0, 1, 0, 0, 0, 0, 0, 0, 0, 0, 0, 0, 0, 1, 1, 0, 0, 2, 0, 0, 0, 0, 0, 2, 0, 0, 1, 0, 0, 0, 0, 0, 0, 0, 0, 0, 0, 0, 0, 0, 0, 0, 0, 0, 2, 2, 4, 1, 4, 1, 2, 0, 3, 2, 4, 1, 5, 4, 6, 3, 3, 16, 0, 0, 0, 0, 0, 0]",4,9.05971220222267,-1,1
88,"[1, 0, 4, 0, 2, 1, 1, 0, 0, 1, 0, 0, 2, 0, 0, 2, 0, 0, 0, 0, 1, 0, 0, 0, 0, 0, 0, 0, 0, 0, 0, 0, 1, 1, 0, 0, 2, 0, 0, 0, 0, 0, 2, 0, 0, 1, 0, 0, 0, 0, 0, 0, 0, 0, 0, 0, 0, 0, 0, 0, 0, 0, 0, 2, 2, 4, 1, 4, 1, 2, 0, 3, 2, 4, 1, 5, 4, 6, 3, 3, 16, 1, 0, 0, 0, 0, 0]",3,0.399872841206321,-1,0
89,"[1, 0, 4, 0, 2, 1, 1, 0, 0, 1, 0, 0, 2, 0, 0, 2, 0, 0, 0, 0, 1, 0, 0, 0, 0, 0, 0, 0, 0, 0, 0, 0, 1, 1, 0, 0, 2, 0, 0, 0, 0, 0, 2, 0, 0, 1, 0, 0, 0, 0, 0, 0, 0, 0, 0, 0, 0, 0, 0, 0, 0, 0, 0, 2, 2, 4, 1, 4, 1, 2, 0, 3, 2, 4, 1, 5, 4, 6, 3, 3, 16, 0, 0, 0, 0, 0, 0]",-1,-0.04260718944831057,-1,0
90,"[1, 0, 4, 0, 2, 1, 1, 0, 0, 1, 0, 0, 2, 0, 0, 2, 0, 0, 0, 0, 1, 0, 0, 0, 0, 0, 0, 0, 0, 0, 0, 0, 1, 1, 0, 0, 2, 0, 0, 0, 0, 0, 2, 0, 0, 1, 0, 0, 0, 0, 0, 0, 0, 0, 0, 0, 0, 0, 0, 0, 0, 0, 0, 2, 2, 4, 1, 4, 1, 2, 0, 3, 2, 4, 1, 5, 4, 6, 3, 3, 17, 0, 0, 0, 0, 0, 0]",4,9.845120280299977,-1,0
91,"[1, 0, 4, 0, 2, 1, 1, 0, 0, 1, 0, 0, 2, 0, 0, 2, 0, 0, 0, 0, 1, 0, 0, 0, 0, 0, 0, 0, 0, 0, 0, 0, 1, 1, 0, 0, 2, 0, 0, 0, 0, 0, 2, 0, 0, 1, 0, 0, 0, 0, 0, 0, 0, 0, 0, 0, 0, 0, 0, 0, 0, 0, 0, 2, 2, 4, 1, 4, 1, 2, 0, 3, 2, 4, 1, 5, 4, 6, 3, 3, 18, 0, 0, 0, 0, 0, 0]",4,9.057997302850666,-1,1
92,"[1, 0, 4, 0, 2, 1, 1, 0, 0, 1, 0, 0, 2, 0, 0, 2, 0, 0, 0, 0, 1, 0, 0, 0, 0, 0, 0, 0, 0, 0, 0, 0, 1, 1, 0, 0, 2, 0, 0, 0, 0, 0, 2, 0, 0, 1, 0, 0, 0, 0, 0, 0, 0, 0, 0, 0, 0, 0, 0, 0, 0, 0, 0, 2, 2, 4, 1, 4, 1, 2, 0, 3, 2, 4, 1, 5, 4, 6, 3, 3, 18, 0, 1, 0, 0, 0, 0]",2,0.5998622578171853,-1,0
93,"[1, 0, 4, 0, 2, 1, 1, 0, 0, 1, 0, 0, 2, 0, 0, 2, 0, 0, 0, 0, 1, 0, 0, 0, 0, 0, 0, 0, 0, 0, 0, 0, 1, 1, 0, 0, 2, 0, 0, 0, 0, 0, 2, 0, 0, 1, 0, 0, 0, 0, 0, 0, 0, 0, 0, 0, 0, 0, 0, 0, 0, 0, 0, 2, 2, 4, 1, 4, 1, 2, 0, 3, 2, 4, 1, 5, 4, 6, 3, 3, 18, 0, 1, 0, 0, 1, 0]","[[1 0 0 0]
 [0 1 0 0]]",0.8502871228752762,-1,0
94,"[0, 1, 4, 0, 3, 0, 1, 0, 0, 1, 0, 0, 2, 0, 0, 2, 0, 0, 0, 0, 1, 0, 0, 0, 0, 0, 0, 0, 0, 0, 0, 0, 1, 1, 0, 0, 2, 0, 0, 0, 0, 0, 2, 0, 0, 1, 0, 0, 0, 0, 0, 0, 0, 0, 0, 0, 0, 0, 0, 0, 0, 0, 0, 2, 2, 4, 1, 4, 1, 2, 0, 3, 2, 4, 1, 5, 4, 6, 3, 3, 18, 0, 0, 0, 0, 0, 0]",0,-0.00013774218281465125,-1,1
95,"[0, 1, 4, 0, 3, 0, 1, 0, 0, 1, 0, 0, 2, 0, 0, 2, 0, 0, 0, 0, 1, 0, 0, 0, 0, 0, 0, 0, 0, 0, 0, 0, 1, 1, 0, 0, 2, 0, 0, 0, 0, 0, 2, 0, 0, 1, 0, 0, 0, 0, 0, 0, 0, 0, 0, 0, 0, 0, 0, 0, 0, 0, 0, 2, 2, 4, 1, 4, 1, 2, 0, 3, 2, 4, 1, 5, 4, 6, 3, 3, 19, 0, 0, 0, 0, 0, 0]",4,9.843421907834442,-1,0
96,"[0, 1, 4, 0, 3, 0, 1, 0, 0, 1, 0, 0, 2, 0, 0, 2, 0, 0, 0, 0, 1, 0, 0, 0, 0, 0, 0, 0, 0, 0, 0, 0, 1, 1, 0, 0, 2, 0, 0, 0, 0, 0, 2, 0, 0, 1, 0, 0, 0, 0, 0, 0, 0, 0, 0, 0, 0, 0, 0, 0, 0, 0, 0, 2, 2, 4, 1, 4, 1, 2, 0, 3, 2, 4, 1, 5, 4, 6, 3, 3, 19, 1, 0, 0, 0, 0, 0]",3,0.39985664048144676,-1,1
97,"[0, 1, 4, 0, 3, 0, 1, 0, 0, 1, 0, 0, 2, 0, 0, 2, 0, 0, 0, 0, 1, 0, 0, 0, 0, 0, 0, 0, 0, 0, 0, 0, 1, 1, 0, 0, 2, 0, 0, 0, 0, 0, 2, 0, 0, 1, 0, 0, 0, 0, 0, 0, 0, 0, 0, 0, 0, 0, 0, 0, 0, 0, 0, 2, 2, 4, 1, 4, 1, 2, 0, 3, 2, 4, 1, 5, 4, 6, 3, 3, 19, 0, 0, 0, 0, 0, 0]",-1,-0.04134795669716812,-1,1
98,"[0, 1, 4, 0, 3, 0, 1, 0, 0, 1, 0, 0, 2, 0, 0, 2, 0, 0, 0, 0, 1, 0, 0, 0, 0, 0, 0, 0, 0, 0, 0, 0, 1, 1, 0, 0, 2, 0, 0, 0, 0, 0, 2, 0, 0, 1, 0, 0, 0, 0, 0, 0, 0, 0, 0, 0, 0, 0, 0, 0, 0, 0, 0, 2, 2, 4, 1, 4, 1, 2, 0, 3, 2, 4, 1, 5, 4, 6, 3, 3, 19, 0, 1, 0, 0, 0, 0]",2,0.5998566404814467,-1,0
99,"[0, 1, 4, 0, 3, 0, 1, 0, 0, 1, 0, 0, 2, 0, 0, 2, 0, 0, 0, 0, 1, 0, 0, 0, 0, 0, 0, 0, 0, 0, 0, 0, 1, 1, 0, 0, 2, 0, 0, 0, 0, 0, 2, 0, 0, 1, 0, 0, 0, 0, 0, 0, 0, 0, 0, 0, 0, 0, 0, 0, 0, 0, 0, 2, 2, 4, 1, 4, 1, 2, 0, 3, 2, 4, 1, 5, 4, 6, 3, 3, 19, 0, 1, 0, 0, 1, 0]","[[0 0 1 0]
 [1 0 0 0]]",0.8502815055395376,-1,0
100,"[1, 1, 3, 0, 2, 0, 2, 0, 0, 1, 0, 0, 2, 0, 0, 2, 0, 0, 0, 0, 1, 0, 0, 0, 0, 0, 0, 0, 0, 0, 0, 0, 1, 1, 0, 0, 2, 0, 0, 0, 0, 0, 2, 0, 0, 1, 0, 0, 0, 0, 0, 0, 0, 0, 0, 0, 0, 0, 0, 0, 0, 0, 0, 2, 2, 4, 1, 4, 1, 2, 0, 3, 2, 4, 1, 5, 4, 6, 3, 3, 19, 0, 0, 0, 0, 0, 0]",0,-0.00014335951855328082,-1,1
101,"[1, 1, 3, 0, 2, 0, 2, 0, 0, 1, 0, 0, 2, 0, 0, 2, 0, 0, 0, 0, 1, 0, 0, 0, 0, 0, 0, 0, 0, 0, 0, 0, 1, 1, 0, 0, 2, 0, 0, 0, 0, 0, 2, 0, 0, 1, 0, 0, 0, 0, 0, 0, 0, 0, 0, 0, 0, 0, 0, 0, 0, 0, 0, 2, 2, 4, 1, 4, 1, 2, 0, 3, 2, 4, 1, 5, 4, 6, 3, 3, 19, 0, 0, 0, 0, 0, 0]",0,0.5855186590552995,-1,0
102,"[0, 0, 3, 0, 2, 0, 2, 0, 0, 1, 0, 0, 2, 0, 0, 2, 0, 0, 0, 0, 1, 0, 0, 0, 0, 0, 0, 0, 0, 0, 0, 0, 1, 1, 0, 0, 2, 0, 0, 0, 0, 0, 2, 0, 0, 1, 0, 0, 0, 0, 0, 0, 0, 0, 0, 1, 0, 0, 0, 0, 0, 0, 0, 2, 2, 4, 1, 4, 1, 2, 0, 3, 2, 4, 1, 5, 4, 6, 3, 3, 19, 0, 0, 0, 0, 0, 0]",23,0.7912481131554018,-1,0
103,"[0, 0, 3, 0, 2, 0, 2, 0, 0, 1, 0, 0, 2, 0, 0, 2, 0, 0, 0, 0, 1, 0, 0, 0, 0, 0, 0, 0, 0, 0, 0, 0, 1, 1, 0, 0, 2, 0, 0, 0, 0, 0, 2, 0, 0, 1, 0, 0, 0, 0, 0, 0, 0, 0, 0, 1, 0, 0, 0, 0, 0, 0, 0, 2, 2, 4, 1, 4, 1, 2, 0, 3, 2, 4, 1, 5, 4, 6, 3, 3, 19, 1, 0, 0, 0, 0, 0]",3,0.39985664048144676,-1,0
104,"[0, 0, 3, 0, 2, 0, 2, 0, 0, 1, 0, 0, 2, 0, 0, 2, 0, 0, 0, 0, 1, 0, 0, 0, 0, 0, 0, 0, 0, 0, 0, 0, 1, 1, 0, 0, 2, 0, 0, 0, 0, 0, 2, 0, 0, 1, 0, 0, 0, 0, 0, 0, 0, 0, 0, 1, 0, 0, 0, 0, 0, 0, 0, 2, 2, 4, 1, 4, 1, 2, 0, 3, 2, 4, 1, 5, 4, 6, 3, 3, 19, 0, 0, 0, 0, 0, 0]",-1,-0.04134795669716812,-1,0
105,"[0, 0, 3, 0, 2, 0, 2, 0, 0, 1, 0, 0, 2, 0, 0, 2, 0, 0, 0, 0, 1, 0, 0, 0, 0, 0, 0, 0, 0, 0, 0, 0, 1, 1, 0, 0, 2, 0, 0, 0, 0, 0, 2, 0, 0, 1, 0, 0, 0, 0, 0, 0, 0, 0, 0, 1, 0, 0, 0, 0, 0, 0, 0, 2, 2, 4, 1, 4, 1, 2, 0, 3, 2, 4, 1, 5, 4, 6, 3, 3, 19, 0, 1, 0, 0, 0, 0]",2,0.5998566404814467,-1,0
106,"[0, 0, 3, 0, 2, 0, 2, 0, 0, 1, 0, 0, 2, 0, 0, 2, 0, 0, 0, 0, 1, 0, 0, 0, 0, 0, 0, 0, 0, 0, 0, 0, 1, 1, 0, 0, 2, 0, 0, 0, 0, 0, 2, 0, 0, 1, 0, 0, 0, 0, 0, 0, 0, 0, 0, 1, 0, 0, 0, 0, 0, 0, 0, 2, 2, 4, 1, 4, 1, 2, 0, 3, 2, 4, 1, 5, 4, 6, 3, 3, 19, 0, 1, 0, 0, 1, 0]","[[0 0 1 0]
 [1 0 0 0]]",0.8502815055395376,-1,0
107,"[1, 0, 2, 0, 1, 0, 3, 0, 0, 1, 0, 0, 2, 0, 0, 2, 0, 0, 0, 0, 1, 0, 0, 0, 0, 0, 0, 0, 0, 0, 0, 0, 1, 1, 0, 0, 2, 0, 0, 0, 0, 0, 2, 0, 0, 1, 0, 0, 0, 0, 0, 0, 0, 0, 0, 1, 0, 0, 0, 0, 0, 0, 0, 2, 2, 4, 1, 4, 1, 2, 0, 3, 2, 4, 1, 5, 4, 6, 3, 3, 19, 0, 0, 0, 0, 0, 0]",0,-0.00014335951855328082,-1,1
108,"[1, 0, 2, 0, 1, 0, 3, 0, 0, 1, 0, 0, 2, 0, 0, 2, 0, 0, 0, 0, 1, 0, 0, 0, 0, 0, 0, 0, 0, 0, 0, 0, 1, 1, 0, 0, 2, 0, 0, 0, 0, 0, 2, 0, 0, 1, 0, 0, 0, 0, 0, 0, 0, 0, 0, 1, 0, 0, 0, 0, 0, 0, 0, 2, 2, 4, 1, 4, 1, 2, 0, 3, 2, 4, 1, 5, 4, 6, 3, 3, 19, 0, 1, 0, 0, 0, 0]",2,0.5998566404814467,-1,0
109,"[1, 0, 2, 0, 1, 0, 3, 0, 0, 1, 0, 0, 2, 0, 0, 2, 0, 0, 0, 0, 1, 0, 0, 0, 0, 0, 0, 0, 0, 0, 0, 0, 1, 1, 0, 0, 2, 0, 0, 0, 0, 0, 2, 0, 0, 1, 0, 0, 0, 0, 0, 0, 0, 0, 0, 1, 0, 0, 0, 0, 0, 0, 0, 2, 2, 4, 1, 4, 1, 2, 0, 3, 2, 4, 1, 5, 4, 6, 3, 3, 19, 0, 0, 0, 0, 0, 0]",-1,-0.04134795669716812,-1,0
110,"[1, 0, 2, 0, 1, 0, 3, 0, 0, 1, 0, 0, 2, 0, 0, 2, 0, 0, 0, 0, 1, 0, 0, 0, 0, 0, 0, 0, 0, 0, 0, 0, 1, 1, 0, 0, 2, 0, 0, 0, 0, 0, 2, 0, 0, 1, 0, 0, 0, 0, 0, 0, 0, 0, 0, 1, 0, 0, 0, 0, 0, 0, 0, 2, 2, 4, 1, 4, 1, 2, 0, 3, 2, 4, 1, 5, 4, 6, 3, 3, 20, 0, 0, 0, 0, 0, 0]",4,11.538215349447551,-1,0
111,"[1, 0, 2, 0, 1, 0, 3, 0, 0, 1, 0, 0, 2, 0, 0, 2, 0, 0, 0, 0, 1, 0, 0, 0, 0, 0, 0, 0, 0, 0, 0, 0, 1, 1, 0, 0, 2, 0, 0, 0, 0, 0, 2, 0, 0, 1, 0, 0, 0, 0, 0, 0, 0, 0, 0, 1, 0, 0, 0, 0, 0, 0, 0, 2, 2, 4, 1, 4, 1, 2, 0, 3, 2, 4, 1, 5, 4, 6, 3, 3, 20, 0, 0, 0, 0, 0, 0]",-1,-0.0409365376538991,-1,1
112,"[1, 0, 2, 0, 1, 0, 3, 0, 0, 1, 0, 0, 2, 0, 0, 2, 0, 0, 0, 0, 1, 0, 0, 0, 0, 0, 0, 0, 0, 0, 0, 0, 1, 1, 0, 0, 2, 0, 0, 0, 0, 0, 2, 0, 0, 1, 0, 0, 0, 0, 0, 0, 0, 0, 0, 1, 0, 0, 0, 0, 0, 0, 0, 2, 2, 4, 1, 4, 1, 2, 0, 3, 2, 4, 1, 5, 4, 6, 3, 3, 20, 0, 0, 0, 0, 0, 0]",-1,-0.0409365376538991,-1,1
113,"[1, 0, 2, 0, 3, 1, 3, 0, 0, 1, 0, 0, 2, 0, 0, 2, 0, 0, 0, 0, 1, 0, 0, 0, 0, 0, 0, 0, 0, 0, 0, 0, 1, 1, 0, 0, 2, 0, 0, 0, 0, 0, 2, 0, 0, 1, 0, 0, 0, 0, 0, 0, 0, 0, 0, 1, 0, 0, 0, 0, 0, 0, 0, 2, 2, 4, 1, 4, 1, 2, 0, 3, 2, 4, 1, 5, 4, 6, 3, 3, 21, 0, 0, 0, 0, 0, 0]",4,8.768676355760302,-1,1
114,"[1, 0, 2, 0, 3, 1, 3, 0, 0, 1, 0, 0, 2, 0, 0, 2, 0, 0, 0, 0, 1, 0, 0, 0, 0, 0, 0, 0, 0, 0, 0, 0, 1, 1, 0, 0, 2, 0, 0, 0, 0, 0, 2, 0, 0, 1, 0, 0, 0, 0, 0, 0, 0, 0, 0, 1, 0, 0, 0, 0, 0, 0, 0, 2, 2, 4, 1, 4, 1, 2, 0, 3, 2, 4, 1, 5, 4, 6, 3, 3, 21, 0, 1, 0, 0, 0, 0]",2,0.5998447097583458,-1,0
115,"[1, 0, 2, 0, 3, 1, 3, 0, 0, 1, 0, 0, 2, 0, 0, 2, 0, 0, 0, 0, 1, 0, 0, 0, 0, 0, 0, 0, 0, 0, 0, 0, 1, 1, 0, 0, 2, 0, 0, 0, 0, 0, 2, 0, 0, 1, 0, 0, 0, 0, 0, 0, 0, 0, 0, 1, 0, 0, 0, 0, 0, 0, 0, 2, 2, 4, 1, 4, 1, 2, 0, 3, 2, 4, 1, 5, 4, 6, 3, 3, 21, 0, 1, 0, 0, 1, 0]","[[1 0 0 0]
 [0 1 0 0]]",0.8502695748164367,-1,0
116,"[1, 0, 2, 0, 3, 1, 3, 0, 0, 1, 0, 0, 2, 0, 0, 2, 0, 0, 0, 0, 1, 0, 0, 0, 0, 0, 0, 0, 0, 0, 0, 0, 1, 1, 0, 0, 2, 0, 0, 0, 0, 0, 2, 0, 0, 1, 0, 0, 0, 0, 0, 0, 0, 0, 0, 1, 0, 0, 0, 0, 0, 0, 0, 2, 2, 4, 1, 4, 1, 2, 0, 3, 2, 4, 1, 5, 4, 6, 3, 3, 21, 0, 1, 0, 0, 0, 1]",2,-0.0001552902416541687,-1,1
117,"[1, 0, 2, 0, 3, 1, 3, 0, 0, 1, 0, 0, 2, 0, 0, 2, 0, 0, 0, 0, 1, 0, 0, 0, 0, 0, 0, 0, 0, 0, 0, 0, 1, 1, 0, 0, 2, 0, 0, 0, 0, 0, 2, 0, 0, 1, 0, 0, 0, 0, 0, 0, 0, 0, 0, 1, 0, 0, 0, 0, 0, 0, 0, 2, 2, 4, 1, 4, 1, 2, 0, 3, 2, 4, 1, 5, 4, 6, 3, 3, 21, 0, 0, 1, 0, 0, 0]","[[1 0 1 0]
 [1 0 1 0]]",-0.0001552902416541687,-1,1
118,"[1, 0, 2, 0, 3, 1, 3, 0, 0, 1, 0, 0, 2, 0, 0, 2, 0, 0, 0, 0, 1, 0, 0, 0, 0, 0, 0, 0, 0, 0, 0, 0, 1, 1, 0, 0, 2, 0, 0, 0, 0, 0, 2, 0, 0, 1, 0, 0, 0, 0, 0, 0, 0, 0, 0, 1, 0, 0, 0, 0, 0, 0, 0, 2, 2, 4, 1, 4, 1, 2, 0, 3, 2, 4, 1, 5, 4, 6, 3, 3, 21, 0, 0, 0, 0, 0, 0]",1,-0.30015529024165416,-1,0
119,"[1, 0, 2, 0, 3, 1, 3, 0, 0, 1, 0, 0, 2, 0, 0, 2, 0, 0, 0, 0, 1, 0, 0, 0, 0, 0, 0, 0, 0, 0, 0, 0, 1, 1, 0, 0, 2, 0, 0, 0, 0, 0, 2, 0, 0, 1, 0, 0, 0, 0, 0, 0, 0, 0, 0, 1, 0, 0, 0, 0, 0, 0, 0, 2, 2, 4, 1, 4, 1, 2, 0, 3, 2, 4, 1, 5, 4, 6, 3, 3, 21, 1, 0, 0, 0, 0, 0]",3,0.39984470975834585,-1,0
120,"[1, 0, 2, 0, 3, 1, 3, 0, 0, 1, 0, 0, 2, 0, 0, 2, 0, 0, 0, 0, 1, 0, 0, 0, 0, 0, 0, 0, 0, 0, 0, 0, 1, 1, 0, 0, 2, 0, 0, 0, 0, 0, 2, 0, 0, 1, 0, 0, 0, 0, 0, 0, 0, 0, 0, 1, 0, 0, 0, 0, 0, 0, 0, 2, 2, 4, 1, 4, 1, 2, 0, 3, 2, 4, 1, 5, 4, 6, 3, 3, 21, 0, 0, 0, 0, 0, 0]",-1,-0.04052921229850936,-1,0
121,"[1, 0, 2, 0, 3, 1, 3, 0, 0, 1, 0, 0, 2, 0, 0, 2, 0, 0, 0, 0, 1, 0, 0, 0, 0, 0, 0, 0, 0, 0, 0, 0, 1, 1, 0, 0, 2, 0, 0, 0, 0, 0, 2, 0, 0, 1, 0, 0, 0, 0, 0, 0, 0, 0, 0, 1, 0, 0, 0, 0, 0, 0, 0, 2, 2, 4, 1, 4, 1, 2, 0, 3, 2, 4, 1, 5, 4, 6, 3, 3, 21, 1, 0, 0, 0, 0, 0]",3,0.39984470975834585,-1,0
122,"[1, 0, 2, 0, 3, 1, 3, 0, 0, 1, 0, 0, 2, 0, 0, 2, 0, 0, 0, 0, 1, 0, 0, 0, 0, 0, 0, 0, 0, 0, 0, 0, 1, 1, 0, 0, 2, 0, 0, 0, 0, 0, 2, 0, 0, 1, 0, 0, 0, 0, 0, 0, 0, 0, 0, 1, 0, 0, 0, 0, 0, 0, 0, 2, 2, 4, 1, 4, 1, 2, 0, 3, 2, 4, 1, 5, 4, 6, 3, 3, 21, 0, 0, 0, 0, 0, 0]",-1,-0.04052921229850936,-1,0
123,"[1, 0, 3, 0, 3, 1, 4, 0, 0, 1, 0, 0, 2, 0, 0, 2, 0, 0, 0, 0, 1, 0, 0, 0, 0, 0, 0, 0, 0, 0, 0, 0, 1, 1, 0, 0, 2, 0, 0, 0, 0, 0, 2, 0, 0, 1, 0, 0, 0, 0, 0, 0, 0, 0, 0, 1, 0, 0, 0, 0, 0, 0, 0, 2, 2, 4, 1, 4, 1, 2, 0, 3, 2, 4, 1, 5, 4, 6, 3, 3, 22, 0, 0, 0, 0, 0, 0]",4,11.374371359234846,-1,0
124,"[1, 0, 3, 0, 3, 1, 4, 0, 0, 1, 0, 0, 2, 0, 0, 2, 0, 0, 0, 0, 1, 0, 0, 0, 0, 0, 0, 0, 0, 0, 0, 0, 1, 1, 0, 0, 2, 0, 0, 0, 0, 0, 2, 0, 0, 1, 0, 0, 0, 0, 0, 0, 0, 0, 0, 1, 0, 0, 0, 0, 0, 0, 0, 2, 2, 4, 1, 4, 1, 2, 0, 3, 2, 4, 1, 5, 4, 6, 3, 3, 22, 0, 1, 0, 0, 0, 0]",2,0.5998383773647887,-1,1
125,"[1, 0, 3, 0, 3, 1, 4, 0, 0, 1, 0, 0, 2, 0, 0, 2, 0, 0, 0, 0, 1, 0, 0, 0, 0, 0, 0, 0, 0, 0, 0, 0, 1, 1, 0, 0, 2, 0, 0, 0, 0, 0, 2, 0, 0, 1, 0, 0, 0, 0, 0, 0, 0, 0, 0, 1, 0, 0, 0, 0, 0, 0, 0, 2, 2, 4, 1, 4, 1, 2, 0, 3, 2, 4, 1, 5, 4, 6, 3, 3, 22, 0, 1, 0, 0, 1, 0]","[[1 0 2 0]
 [1 0 2 0]]",0.8502632424228797,-1,1
126,"[1, 0, 3, 0, 3, 1, 4, 0, 0, 1, 0, 0, 2, 0, 0, 2, 0, 0, 0, 0, 1, 0, 0, 0, 0, 0, 0, 0, 0, 0, 0, 0, 1, 1, 0, 0, 2, 0, 0, 0, 0, 0, 2, 0, 0, 1, 0, 0, 0, 0, 0, 0, 0, 0, 0, 1, 0, 0, 0, 0, 0, 0, 0, 2, 2, 4, 1, 4, 1, 2, 0, 3, 2, 4, 1, 5, 4, 6, 3, 3, 22, 0, 0, 0, 0, 0, 0]",0,-0.00016162263521123438,-1,0
127,"[1, 0, 3, 0, 3, 1, 4, 0, 0, 1, 0, 0, 2, 0, 0, 2, 0, 0, 0, 0, 1, 0, 0, 0, 0, 0, 0, 0, 0, 0, 0, 0, 1, 1, 0, 0, 2, 0, 0, 0, 0, 0, 2, 0, 0, 1, 0, 0, 0, 0, 0, 0, 0, 0, 0, 1, 0, 0, 0, 0, 0, 0, 0, 2, 2, 4, 1, 4, 1, 2, 0, 3, 2, 4, 1, 5, 4, 6, 3, 3, 22, 0, 0, 0, 0, 0, 0]",-1,-0.04012593989812393,-1,1
128,"[1, 0, 3, 0, 5, 2, 4, 0, 0, 1, 0, 0, 2, 0, 0, 2, 0, 0, 0, 0, 1, 0, 0, 0, 0, 0, 0, 0, 0, 0, 0, 0, 1, 1, 0, 0, 2, 0, 0, 0, 0, 0, 2, 0, 0, 1, 0, 0, 0, 0, 0, 0, 0, 0, 0, 1, 0, 0, 0, 0, 0, 0, 0, 2, 2, 4, 1, 4, 1, 2, 0, 3, 2, 4, 1, 5, 4, 6, 3, 3, 23, 0, 0, 0, 0, 0, 0]",4,8.724460888028771,-1,1
129,"[1, 0, 3, 0, 5, 2, 4, 0, 0, 1, 0, 0, 2, 0, 0, 2, 0, 0, 0, 0, 1, 0, 0, 0, 0, 0, 0, 0, 0, 0, 0, 0, 1, 1, 0, 0, 2, 0, 0, 0, 0, 0, 2, 0, 0, 1, 0, 0, 0, 0, 0, 0, 0, 0, 0, 1, 0, 0, 0, 0, 0, 0, 0, 2, 2, 4, 1, 4, 1, 2, 0, 3, 2, 4, 1, 5, 4, 6, 3, 3, 23, 1, 0, 0, 0, 0, 0]",3,0.39983178696753824,-1,0
130,"[1, 0, 3, 0, 5, 2, 4, 0, 0, 1, 0, 0, 2, 0, 0, 2, 0, 0, 0, 0, 1, 0, 0, 0, 0, 0, 0, 0, 0, 0, 0, 0, 1, 1, 0, 0, 2, 0, 0, 0, 0, 0, 2, 0, 0, 1, 0, 0, 0, 0, 0, 0, 0, 0, 0, 1, 0, 0, 0, 0, 0, 0, 0, 2, 2, 4, 1, 4, 1, 2, 0, 3, 2, 4, 1, 5, 4, 6, 3, 3, 23, 0, 0, 0, 0, 0, 0]",-1,-0.039726680125166704,-1,0
131,"[1, 0, 3, 0, 5, 2, 4, 0, 0, 1, 0, 0, 2, 0, 0, 2, 0, 0, 0, 0, 1, 0, 0, 0, 0, 0, 0, 0, 0, 0, 0, 0, 1, 1, 0, 0, 2, 0, 0, 0, 0, 0, 2, 0, 0, 1, 0, 0, 0, 0, 0, 0, 0, 0, 0, 1, 0, 0, 0, 0, 0, 0, 0, 2, 2, 4, 1, 4, 1, 2, 0, 3, 2, 4, 1, 5, 4, 6, 3, 3, 24, 0, 0, 0, 0, 0, 0]",4,11.372752845596086,-1,0
132,"[1, 0, 4, 0, 5, 2, 5, 0, 0, 1, 0, 0, 2, 0, 0, 2, 0, 0, 0, 0, 1, 0, 0, 0, 0, 0, 0, 0, 0, 0, 0, 0, 1, 1, 0, 0, 2, 0, 0, 0, 0, 0, 2, 0, 0, 1, 0, 0, 0, 0, 0, 0, 0, 0, 0, 1, 0, 0, 0, 0, 0, 0, 0, 2, 2, 4, 1, 4, 1, 2, 0, 3, 2, 4, 1, 5, 4, 6, 3, 3, 25, 0, 0, 0, 0, 0, 0]",4,8.700512208038925,-1,1
133,"[1, 0, 4, 0, 5, 2, 5, 0, 0, 1, 0, 0, 2, 0, 0, 2, 0, 0, 0, 0, 1, 0, 0, 0, 0, 0, 0, 0, 0, 0, 0, 0, 1, 1, 0, 0, 2, 0, 0, 0, 0, 0, 2, 0, 0, 1, 0, 0, 0, 0, 0, 0, 0, 0, 0, 1, 0, 0, 0, 0, 0, 0, 0, 2, 2, 4, 1, 4, 1, 2, 0, 3, 2, 4, 1, 5, 4, 6, 3, 3, 25, 1, 0, 0, 0, 0, 0]",3,0.39981778976111987,-1,0
134,"[1, 0, 4, 0, 5, 2, 5, 0, 0, 1, 0, 0, 2, 0, 0, 2, 0, 0, 0, 0, 1, 0, 0, 0, 0, 0, 0, 0, 0, 0, 0, 0, 1, 1, 0, 0, 2, 0, 0, 0, 0, 0, 2, 0, 0, 1, 0, 0, 0, 0, 0, 0, 0, 0, 0, 1, 0, 0, 0, 0, 0, 0, 0, 2, 2, 4, 1, 4, 1, 2, 0, 3, 2, 4, 1, 5, 4, 6, 3, 3, 25, 0, 0, 0, 0, 0, 0]",-1,-0.03894003915357025,-1,0
135,"[1, 0, 4, 0, 5, 2, 5, 0, 0, 1, 0, 0, 2, 0, 0, 2, 0, 0, 0, 0, 1, 0, 0, 0, 0, 0, 0, 0, 0, 0, 0, 0, 1, 1, 0, 0, 2, 0, 0, 0, 0, 0, 2, 0, 0, 1, 0, 0, 0, 0, 0, 0, 0, 0, 0, 1, 0, 0, 0, 0, 0, 0, 0, 2, 2, 4, 1, 4, 1, 2, 0, 3, 2, 4, 1, 5, 4, 6, 3, 3, 25, 1, 0, 0, 0, 0, 0]",3,0.39981778976111987,-1,0
136,"[1, 0, 4, 0, 5, 2, 5, 0, 0, 1, 0, 0, 2, 0, 0, 2, 0, 0, 0, 0, 1, 0, 0, 0, 0, 0, 0, 0, 0, 0, 0, 0, 1, 1, 0, 0, 2, 0, 0, 0, 0, 0, 2, 0, 0, 1, 0, 0, 0, 0, 0, 0, 0, 0, 0, 1, 0, 0, 0, 0, 0, 0, 0, 2, 2, 4, 1, 4, 1, 2, 0, 3, 2, 4, 1, 5, 4, 6, 3, 3, 25, 0, 0, 0, 0, 0, 0]",-1,-0.03894003915357025,-1,0
137,"[1, 0, 4, 0, 5, 2, 5, 0, 0, 1, 0, 0, 2, 0, 0, 2, 0, 0, 0, 0, 1, 0, 0, 0, 0, 0, 0, 0, 0, 0, 0, 0, 1, 1, 0, 0, 2, 0, 0, 0, 0, 0, 2, 0, 0, 1, 0, 0, 0, 0, 0, 0, 0, 0, 0, 1, 0, 0, 0, 0, 0, 0, 0, 2, 2, 4, 1, 4, 1, 2, 0, 3, 2, 4, 1, 5, 4, 6, 3, 3, 25, 0, 1, 0, 0, 0, 0]",2,0.5998177897611199,-1,0
138,"[1, 0, 4, 0, 5, 2, 5, 0, 0, 1, 0, 0, 2, 0, 0, 2, 0, 0, 0, 0, 1, 0, 0, 0, 0, 0, 0, 0, 0, 0, 0, 0, 1, 1, 0, 0, 2, 0, 0, 0, 0, 0, 2, 0, 0, 1, 0, 0, 0, 0, 0, 0, 0, 0, 0, 1, 0, 0, 0, 0, 0, 0, 0, 2, 2, 4, 1, 4, 1, 2, 0, 3, 2, 4, 1, 5, 4, 6, 3, 3, 25, 0, 1, 0, 0, 1, 0]","[[1 0 0 0]
 [0 1 0 0]]",0.8502426548192108,-1,0
139,"[1, 0, 4, 0, 5, 2, 5, 0, 0, 1, 0, 0, 2, 0, 0, 2, 0, 0, 0, 0, 1, 0, 0, 0, 0, 0, 0, 0, 0, 0, 0, 0, 1, 1, 0, 0, 2, 0, 0, 0, 0, 0, 2, 0, 0, 1, 0, 0, 0, 0, 0, 0, 0, 0, 0, 1, 0, 0, 0, 0, 0, 0, 0, 2, 2, 4, 1, 4, 1, 2, 0, 3, 2, 4, 1, 5, 4, 6, 3, 3, 25, 0, 1, 0, 0, 0, 1]",2,-0.0001822102388801291,-1,1
140,"[1, 0, 4, 0, 5, 2, 5, 0, 0, 1, 0, 0, 2, 0, 0, 2, 0, 0, 0, 0, 1, 0, 0, 0, 0, 0, 0, 0, 0, 0, 0, 0, 1, 1, 0, 0, 2, 0, 0, 0, 0, 0, 2, 0, 0, 1, 0, 0, 0, 0, 0, 0, 0, 0, 0, 1, 0, 0, 0, 0, 0, 0, 0, 2, 2, 4, 1, 4, 1, 2, 0, 3, 2, 4, 1, 5, 4, 6, 3, 3, 25, 0, 0, 1, 0, 0, 0]","[[1 1 2 0]
 [1 0 2 0]]",-0.0001822102388801291,-1,1
141,"[1, 0, 4, 0, 5, 2, 5, 0, 0, 1, 0, 0, 2, 0, 0, 2, 0, 0, 0, 0, 1, 0, 0, 0, 0, 0, 0, 0, 0, 0, 0, 0, 1, 1, 0, 0, 2, 0, 0, 0, 0, 0, 2, 0, 0, 1, 0, 0, 0, 0, 0, 0, 0, 0, 0, 1, 0, 0, 0, 0, 0, 0, 0, 2, 2, 4, 1, 4, 1, 2, 0, 3, 2, 4, 1, 5, 4, 6, 3, 3, 25, 0, 0, 0, 0, 0, 0]",1,-0.689401223237101,-1,0
142,"[1, 0, 4, 0, 5, 2, 5, 0, 0, 1, 0, 0, 2, 0, 0, 2, 0, 0, 0, 0, 1, 0, 0, 0, 0, 0, 0, 0, 0, 0, 0, 0, 1, 1, 0, 0, 2, 0, 0, 0, 0, 0, 2, 0, 0, 1, 0, 0, 0, 0, 0, 0, 0, 0, 0, 1, 0, 0, 0, 0, 0, 0, 0, 2, 2, 4, 1, 4, 1, 2, 0, 3, 2, 4, 1, 5, 4, 6, 3, 3, 25, 1, 0, 0, 0, 0, 0]",3,0.39981778976111987,-1,0
143,"[1, 0, 4, 0, 5, 2, 5, 0, 0, 1, 0, 0, 2, 0, 0, 2, 0, 0, 0, 0, 1, 0, 0, 0, 0, 0, 0, 0, 0, 0, 0, 0, 1, 1, 0, 0, 2, 0, 0, 0, 0, 0, 2, 0, 0, 1, 0, 0, 0, 0, 0, 0, 0, 0, 0, 1, 0, 0, 0, 0, 0, 0, 0, 2, 2, 4, 1, 4, 1, 2, 0, 3, 2, 4, 1, 5, 4, 6, 3, 3, 25, 0, 0, 0, 0, 0, 0]",-1,-0.03894003915357025,-1,0
144,"[1, 0, 5, 0, 5, 2, 6, 0, 0, 1, 0, 0, 2, 0, 0, 2, 0, 0, 0, 0, 1, 0, 0, 0, 0, 0, 0, 0, 0, 0, 0, 0, 1, 1, 0, 0, 2, 0, 0, 0, 0, 0, 2, 0, 0, 1, 0, 0, 0, 0, 0, 0, 0, 0, 0, 1, 0, 0, 0, 0, 0, 0, 0, 2, 2, 4, 1, 4, 1, 2, 0, 3, 2, 4, 1, 5, 4, 6, 3, 3, 26, 0, 0, 0, 0, 0, 0]",4,11.153256184275133,-1,0
145,"[1, 0, 5, 0, 5, 2, 6, 0, 0, 1, 0, 0, 2, 0, 0, 2, 0, 0, 0, 0, 1, 0, 0, 0, 0, 0, 0, 0, 0, 0, 0, 0, 1, 1, 0, 0, 2, 0, 0, 0, 0, 0, 2, 0, 0, 1, 0, 0, 0, 0, 0, 0, 0, 0, 0, 1, 0, 0, 0, 0, 0, 0, 0, 2, 2, 4, 1, 4, 1, 2, 0, 3, 2, 4, 1, 5, 4, 6, 3, 3, 26, 0, 1, 0, 0, 0, 0]",2,0.5998103606711293,-1,1
146,"[1, 0, 5, 0, 5, 2, 6, 0, 0, 1, 0, 0, 2, 0, 0, 2, 0, 0, 0, 0, 1, 0, 0, 0, 0, 0, 0, 0, 0, 0, 0, 0, 1, 1, 0, 0, 2, 0, 0, 0, 0, 0, 2, 0, 0, 1, 0, 0, 0, 0, 0, 0, 0, 0, 0, 1, 0, 0, 0, 0, 0, 0, 0, 2, 2, 4, 1, 4, 1, 2, 0, 3, 2, 4, 1, 5, 4, 6, 3, 3, 26, 0, 0, 0, 0, 0, 0]",-1,-0.038552579290178315,-1,1
147,"[1, 0, 6, 0, 5, 2, 7, 0, 0, 1, 0, 0, 2, 0, 0, 2, 0, 0, 0, 0, 1, 0, 0, 0, 0, 0, 0, 0, 0, 0, 0, 0, 1, 1, 0, 0, 2, 0, 0, 0, 0, 0, 2, 0, 0, 1, 0, 0, 0, 0, 0, 0, 0, 0, 0, 1, 0, 0, 0, 0, 0, 0, 0, 2, 2, 4, 1, 4, 1, 2, 0, 3, 2, 4, 1, 5, 4, 6, 3, 3, 27, 0, 0, 0, 0, 0, 0]",4,8.642796564744367,-1,1
148,"[1, 0, 6, 0, 5, 2, 7, 0, 0, 1, 0, 0, 2, 0, 0, 2, 0, 0, 0, 0, 1, 0, 0, 0, 0, 0, 0, 0, 0, 0, 0, 0, 1, 1, 0, 0, 2, 0, 0, 0, 0, 0, 2, 0, 0, 1, 0, 0, 0, 0, 0, 0, 0, 0, 0, 1, 0, 0, 0, 0, 0, 0, 0, 2, 2, 4, 1, 4, 1, 2, 0, 3, 2, 4, 1, 5, 4, 6, 3, 3, 28, 0, 0, 0, 0, 0, 0]",4,11.096084577164815,-1,0
149,"[1, 0, 6, 0, 5, 2, 7, 0, 0, 1, 0, 0, 2, 0, 0, 2, 0, 0, 0, 0, 1, 0, 0, 0, 0, 0, 0, 0, 0, 0, 0, 0, 1, 1, 0, 0, 2, 0, 0, 0, 0, 0, 2, 0, 0, 1, 0, 0, 0, 0, 0, 0, 0, 0, 0, 1, 0, 0, 0, 0, 0, 0, 0, 2, 2, 4, 1, 4, 1, 2, 0, 3, 2, 4, 1, 5, 4, 6, 3, 3, 28, 0, 0, 0, 0, 0, 0]",-1,-0.03778918707278628,-1,1
150,"[1, 0, 6, 0, 5, 2, 7, 0, 0, 1, 0, 0, 2, 0, 0, 2, 0, 0, 0, 0, 1, 0, 0, 0, 0, 0, 0, 0, 0, 0, 0, 0, 1, 1, 0, 0, 2, 0, 0, 0, 0, 0, 2, 0, 0, 1, 0, 0, 0, 0, 0, 0, 0, 0, 0, 1, 0, 0, 0, 0, 0, 0, 0, 2, 2, 4, 1, 4, 1, 2, 0, 3, 2, 4, 1, 5, 4, 6, 3, 3, 28, 0, 0, 0, 0, 0, 0]",1,0.8094186974894745,-1,1
151,"[1, 0, 6, 0, 5, 2, 7, 0, 0, 1, 0, 0, 2, 0, 0, 2, 0, 0, 0, 0, 1, 0, 0, 0, 0, 0, 0, 0, 0, 0, 0, 0, 1, 1, 0, 0, 2, 0, 0, 0, 0, 0, 2, 0, 0, 1, 0, 0, 0, 0, 0, 0, 0, 0, 0, 1, 0, 0, 0, 0, 0, 0, 0, 2, 2, 4, 1, 4, 1, 2, 0, 3, 2, 4, 1, 5, 4, 6, 3, 3, 28, 0, 0, 0, 0, 0, 0]",-1,-0.03778918707278628,-1,1
152,"[1, 0, 6, 0, 5, 2, 7, 0, 0, 1, 0, 0, 2, 0, 0, 2, 0, 0, 0, 0, 1, 0, 0, 0, 0, 0, 0, 0, 0, 0, 0, 0, 1, 1, 0, 0, 2, 0, 0, 0, 0, 0, 2, 0, 0, 1, 0, 0, 0, 0, 0, 0, 0, 0, 0, 1, 0, 0, 0, 0, 0, 0, 0, 2, 2, 4, 1, 4, 1, 2, 0, 3, 2, 4, 1, 5, 4, 6, 3, 3, 29, 0, 0, 0, 0, 0, 0]",4,8.641253359428198,-1,1
153,"[1, 0, 6, 0, 5, 2, 7, 0, 0, 1, 0, 0, 2, 0, 0, 2, 0, 0, 0, 0, 1, 0, 0, 0, 0, 0, 0, 0, 0, 0, 0, 0, 1, 1, 0, 0, 2, 0, 0, 0, 0, 0, 2, 0, 0, 1, 0, 0, 0, 0, 0, 0, 0, 0, 0, 1, 0, 0, 0, 0, 0, 0, 0, 2, 2, 4, 1, 4, 1, 2, 0, 3, 2, 4, 1, 5, 4, 6, 3, 3, 29, 0, 0, 0, 0, 0, 0]",0,0.5420038765685499,-1,0
154,"[1, 0, 6, 0, 5, 2, 7, 0, 0, 1, 0, 0, 2, 0, 0, 2, 0, 0, 0, 0, 1, 0, 0, 0, 0, 0, 0, 0, 0, 0, 0, 0, 1, 1, 0, 0, 2, 0, 0, 0, 0, 0, 2, 0, 0, 1, 0, 0, 0, 0, 0, 0, 0, 0, 0, 1, 0, 0, 0, 0, 0, 0, 0, 2, 2, 4, 1, 4, 1, 2, 0, 3, 2, 4, 1, 5, 4, 6, 3, 3, 29, 0, 0, 0, 0, 0, 0]",-1,-0.03741317837892826,-1,0
155,"[1, 0, 6, 0, 5, 2, 7, 0, 0, 1, 0, 0, 2, 0, 0, 2, 0, 0, 0, 0, 1, 0, 0, 0, 0, 0, 0, 0, 0, 0, 0, 0, 1, 1, 0, 0, 2, 0, 0, 0, 0, 0, 2, 0, 0, 1, 0, 0, 0, 0, 0, 0, 0, 0, 0, 1, 0, 0, 0, 0, 0, 0, 0, 2, 2, 4, 1, 4, 1, 2, 0, 3, 2, 4, 1, 5, 4, 6, 3, 3, 29, 0, 1, 0, 0, 0, 0]",2,0.5997862080995116,-1,0
156,"[1, 0, 6, 0, 5, 2, 7, 0, 0, 1, 0, 0, 2, 0, 0, 2, 0, 0, 0, 0, 1, 0, 0, 0, 0, 0, 0, 0, 0, 0, 0, 0, 1, 1, 0, 0, 2, 0, 0, 0, 0, 0, 2, 0, 0, 1, 0, 0, 0, 0, 0, 0, 0, 0, 0, 1, 0, 0, 0, 0, 0, 0, 0, 2, 2, 4, 1, 4, 1, 2, 0, 3, 2, 4, 1, 5, 4, 6, 3, 3, 29, 0, 1, 0, 0, 1, 0]","[[0 0 1 0]
 [0 1 0 0]]",0.8502110731576025,-1,0
157,"[1, 0, 6, 0, 5, 2, 7, 0, 0, 1, 0, 0, 2, 0, 0, 2, 0, 0, 0, 0, 1, 0, 0, 0, 0, 0, 0, 0, 0, 0, 0, 0, 1, 1, 0, 0, 2, 0, 0, 0, 0, 0, 2, 0, 0, 1, 0, 0, 0, 0, 0, 0, 0, 0, 0, 1, 0, 0, 0, 0, 0, 0, 0, 2, 2, 4, 1, 4, 1, 2, 0, 3, 2, 4, 1, 5, 4, 6, 3, 3, 29, 0, 1, 0, 0, 0, 1]",2,-0.00021379190048839282,-1,1
158,"[1, 0, 6, 0, 5, 2, 7, 0, 0, 1, 0, 0, 2, 0, 0, 2, 0, 0, 0, 0, 1, 0, 0, 0, 0, 0, 0, 0, 0, 0, 0, 0, 1, 1, 0, 0, 2, 0, 0, 0, 0, 0, 2, 0, 0, 1, 0, 0, 0, 0, 0, 0, 0, 0, 0, 1, 0, 0, 0, 0, 0, 0, 0, 2, 2, 4, 1, 4, 1, 2, 0, 3, 2, 4, 1, 5, 4, 6, 3, 3, 29, 0, 0, 1, 0, 0, 0]","[[1 1 1 0]
 [1 0 2 0]]",-0.00021379190048839282,-1,1
159,"[1, 1, 5, 0, 5, 1, 8, 0, 0, 1, 0, 0, 2, 0, 0, 2, 0, 0, 0, 0, 1, 0, 0, 0, 0, 0, 0, 0, 0, 0, 0, 0, 1, 1, 0, 0, 2, 0, 0, 0, 0, 0, 2, 0, 0, 1, 0, 0, 0, 0, 0, 0, 0, 0, 0, 1, 0, 0, 0, 0, 0, 0, 0, 2, 2, 4, 1, 4, 1, 2, 0, 3, 2, 4, 1, 5, 4, 6, 3, 3, 29, 0, 0, 0, 0, 0, 0]",0,-0.00021379190048839282,-1,0
160,"[1, 1, 5, 0, 5, 1, 8, 0, 0, 1, 0, 0, 2, 0, 0, 2, 0, 0, 0, 0, 1, 0, 0, 0, 0, 0, 0, 0, 0, 0, 0, 0, 1, 1, 0, 0, 2, 0, 0, 0, 0, 0, 2, 0, 0, 1, 0, 0, 0, 0, 0, 0, 0, 0, 0, 1, 0, 0, 0, 0, 0, 0, 0, 2, 2, 4, 1, 4, 1, 2, 0, 3, 2, 4, 1, 5, 4, 6, 3, 3, 29, 0, 0, 0, 0, 0, 0]",0,0.5420038765685499,-1,0
161,"[0, 0, 5, 0, 5, 1, 8, 0, 0, 1, 0, 0, 2, 0, 0, 2, 0, 0, 0, 0, 1, 0, 0, 0, 0, 0, 0, 0, 0, 0, 0, 0, 1, 1, 0, 0, 2, 0, 0, 0, 0, 0, 2, 0, 0, 1, 0, 1, 0, 0, 0, 0, 0, 0, 0, 1, 0, 0, 0, 0, 0, 0, 0, 2, 2, 4, 1, 4, 1, 2, 0, 3, 2, 4, 1, 5, 4, 6, 3, 3, 29, 0, 0, 0, 0, 0, 0]",15,0.7911776807734666,-1,0
162,"[0, 0, 5, 0, 5, 1, 8, 0, 0, 1, 0, 0, 2, 0, 0, 2, 0, 0, 0, 0, 1, 0, 0, 0, 0, 0, 0, 0, 0, 0, 0, 0, 1, 1, 0, 0, 2, 0, 0, 0, 0, 0, 2, 0, 0, 1, 0, 1, 0, 0, 0, 0, 0, 0, 0, 1, 0, 0, 0, 0, 0, 0, 0, 2, 2, 4, 1, 4, 1, 2, 0, 3, 2, 4, 1, 5, 4, 6, 3, 3, 29, 0, 1, 0, 0, 0, 0]",2,0.5997862080995116,-1,0
163,"[0, 0, 5, 0, 5, 1, 8, 0, 0, 1, 0, 0, 2, 0, 0, 2, 0, 0, 0, 0, 1, 0, 0, 0, 0, 0, 0, 0, 0, 0, 0, 0, 1, 1, 0, 0, 2, 0, 0, 0, 0, 0, 2, 0, 0, 1, 0, 1, 0, 0, 0, 0, 0, 0, 0, 1, 0, 0, 0, 0, 0, 0, 0, 2, 2, 4, 1, 4, 1, 2, 0, 3, 2, 4, 1, 5, 4, 6, 3, 3, 29, 0, 1, 0, 0, 1, 0]","[[0 0 1 0]
 [1 0 0 0]]",0.8502110731576025,-1,0
164,"[0, 0, 5, 0, 5, 1, 8, 0, 0, 1, 0, 0, 2, 0, 0, 2, 0, 0, 0, 0, 1, 0, 0, 0, 0, 0, 0, 0, 0, 0, 0, 0, 1, 1, 0, 0, 2, 0, 0, 0, 0, 0, 2, 0, 0, 1, 0, 1, 0, 0, 0, 0, 0, 0, 0, 1, 0, 0, 0, 0, 0, 0, 0, 2, 2, 4, 1, 4, 1, 2, 0, 3, 2, 4, 1, 5, 4, 6, 3, 3, 29, 0, 1, 0, 0, 0, 1]",2,-0.00021379190048839282,-1,1
165,"[0, 0, 5, 0, 5, 1, 8, 0, 0, 1, 0, 0, 2, 0, 0, 2, 0, 0, 0, 0, 1, 0, 0, 0, 0, 0, 0, 0, 0, 0, 0, 0, 1, 1, 0, 0, 2, 0, 0, 0, 0, 0, 2, 0, 0, 1, 0, 1, 0, 0, 0, 0, 0, 0, 0, 1, 0, 0, 0, 0, 0, 0, 0, 2, 2, 4, 1, 4, 1, 2, 0, 3, 2, 4, 1, 5, 4, 6, 3, 3, 29, 0, 0, 1, 0, 0, 0]","[[1 0 3 0]
 [0 0 1 0]]",-0.00021379190048839282,-1,1
166,"[1, 0, 7, 0, 4, 1, 6, 0, 0, 1, 0, 0, 2, 0, 0, 2, 0, 0, 0, 0, 1, 0, 0, 0, 0, 0, 0, 0, 0, 0, 0, 0, 1, 1, 0, 0, 2, 0, 0, 0, 0, 0, 2, 0, 0, 1, 0, 1, 0, 0, 0, 0, 0, 0, 0, 1, 0, 0, 0, 0, 0, 0, 0, 2, 2, 4, 1, 4, 1, 2, 0, 3, 2, 4, 1, 5, 4, 6, 3, 3, 29, 0, 0, 0, 0, 0, 0]",0,-0.00021379190048839282,-1,0
167,"[1, 0, 7, 0, 4, 1, 6, 0, 0, 1, 0, 0, 2, 0, 0, 2, 0, 0, 0, 0, 1, 0, 0, 0, 0, 0, 0, 0, 0, 0, 0, 0, 1, 1, 0, 0, 2, 0, 0, 0, 0, 0, 2, 0, 0, 1, 0, 1, 0, 0, 0, 0, 0, 0, 0, 1, 0, 0, 0, 0, 0, 0, 0, 2, 2, 4, 1, 4, 1, 2, 0, 3, 2, 4, 1, 5, 4, 6, 3, 3, 30, 0, 0, 0, 0, 0, 0]",4,12.45626323282723,-1,0
168,"[1, 0, 7, 0, 4, 1, 6, 0, 0, 1, 0, 0, 2, 0, 0, 2, 0, 0, 0, 0, 1, 0, 0, 0, 0, 0, 0, 0, 0, 0, 0, 0, 1, 1, 0, 0, 2, 0, 0, 0, 0, 0, 2, 0, 0, 1, 0, 1, 0, 0, 0, 0, 0, 0, 0, 1, 0, 0, 0, 0, 0, 0, 0, 2, 2, 4, 1, 4, 1, 2, 0, 3, 2, 4, 1, 5, 4, 6, 3, 3, 30, 0, 0, 0, 0, 0, 0]",-1,-0.0370409110340859,-1,1
169,"[1, 0, 3, 0, 2, 1, 3, 0, 0, 1, 0, 0, 2, 0, 0, 2, 0, 0, 0, 0, 1, 0, 0, 0, 0, 0, 0, 0, 0, 0, 0, 0, 1, 1, 0, 0, 2, 0, 0, 0, 0, 0, 2, 0, 0, 1, 0, 1, 0, 0, 0, 0, 0, 0, 0, 1, 0, 0, 0, 0, 0, 0, 0, 2, 2, 4, 1, 4, 1, 2, 0, 3, 2, 4, 1, 5, 4, 6, 3, 6, 31, 0, 0, 0, 0, 0, 0]",4,12.767324801957688,-1,0
170,"[1, 0, 5, 0, 2, 1, 3, 0, 0, 1, 0, 0, 2, 0, 0, 2, 0, 0, 0, 0, 1, 0, 0, 0, 0, 0, 0, 0, 0, 0, 0, 0, 1, 1, 0, 0, 2, 0, 0, 0, 0, 0, 2, 0, 0, 1, 0, 1, 0, 0, 0, 0, 0, 0, 0, 1, 0, 0, 0, 0, 0, 0, 0, 2, 2, 4, 1, 4, 1, 2, 0, 3, 2, 4, 1, 5, 4, 6, 3, 6, 32, 0, 0, 0, 0, 0, 0]",4,8.815358147390187,-1,1
171,"[1, 0, 5, 0, 2, 1, 3, 0, 0, 1, 0, 0, 2, 0, 0, 2, 0, 0, 0, 0, 1, 0, 0, 0, 0, 0, 0, 0, 0, 0, 0, 0, 1, 1, 0, 0, 2, 0, 0, 0, 0, 0, 2, 0, 0, 1, 0, 1, 0, 0, 0, 0, 0, 0, 0, 1, 0, 0, 0, 0, 0, 0, 0, 2, 2, 4, 1, 4, 1, 2, 0, 3, 2, 4, 1, 5, 4, 6, 3, 6, 32, 0, 1, 0, 0, 0, 0]",2,0.5997589831532442,-1,0
172,"[1, 0, 5, 0, 2, 1, 3, 0, 0, 1, 0, 0, 2, 0, 0, 2, 0, 0, 0, 0, 1, 0, 0, 0, 0, 0, 0, 0, 0, 0, 0, 0, 1, 1, 0, 0, 2, 0, 0, 0, 0, 0, 2, 0, 0, 1, 0, 1, 0, 0, 0, 0, 0, 0, 0, 1, 0, 0, 0, 0, 0, 0, 0, 2, 2, 4, 1, 4, 1, 2, 0, 3, 2, 4, 1, 5, 4, 6, 3, 6, 32, 0, 1, 0, 0, 1, 0]","[[0 0 1 0]
 [0 1 0 0]]",0.8501838482113351,-1,0
173,"[1, 0, 5, 0, 2, 1, 3, 0, 0, 1, 0, 0, 2, 0, 0, 2, 0, 0, 0, 0, 1, 0, 0, 0, 0, 0, 0, 0, 0, 0, 0, 0, 1, 1, 0, 0, 2, 0, 0, 0, 0, 0, 2, 0, 0, 1, 0, 1, 0, 0, 0, 0, 0, 0, 0, 1, 0, 0, 0, 0, 0, 0, 0, 2, 2, 4, 1, 4, 1, 2, 0, 3, 2, 4, 1, 5, 4, 6, 3, 6, 32, 0, 1, 0, 0, 0, 1]",2,-0.0002410168467557896,-1,1
174,"[1, 0, 5, 0, 2, 1, 3, 0, 0, 1, 0, 0, 2, 0, 0, 2, 0, 0, 0, 0, 1, 0, 0, 0, 0, 0, 0, 0, 0, 0, 0, 0, 1, 1, 0, 0, 2, 0, 0, 0, 0, 0, 2, 0, 0, 1, 0, 1, 0, 0, 0, 0, 0, 0, 0, 1, 0, 0, 0, 0, 0, 0, 0, 2, 2, 4, 1, 4, 1, 2, 0, 3, 2, 4, 1, 5, 4, 6, 3, 6, 32, 0, 0, 1, 0, 0, 0]","[[1 0 1 0]
 [1 0 3 0]]",-0.0002410168467557896,-1,1
175,"[1, 0, 5, 0, 2, 1, 3, 0, 0, 1, 0, 0, 2, 0, 0, 2, 0, 0, 0, 0, 1, 0, 0, 0, 0, 0, 0, 0, 0, 0, 0, 0, 1, 1, 0, 0, 2, 0, 0, 0, 0, 0, 2, 0, 0, 1, 0, 1, 0, 0, 0, 0, 0, 0, 0, 1, 0, 0, 0, 0, 0, 0, 0, 2, 2, 4, 1, 4, 1, 2, 0, 3, 2, 4, 1, 5, 4, 6, 3, 6, 32, 0, 0, 0, 0, 0, 0]",1,-1.1213988625007212,-1,0
176,"[1, 0, 5, 0, 2, 1, 3, 0, 0, 1, 0, 0, 2, 0, 0, 2, 0, 0, 0, 0, 1, 0, 0, 0, 0, 0, 0, 0, 0, 0, 0, 0, 1, 1, 0, 0, 2, 0, 0, 0, 0, 0, 2, 0, 0, 1, 0, 1, 0, 0, 0, 0, 0, 0, 0, 1, 0, 0, 0, 0, 0, 0, 0, 2, 2, 4, 1, 4, 1, 2, 0, 3, 2, 4, 1, 5, 4, 6, 3, 6, 32, 0, 1, 0, 0, 0, 0]",2,0.5997589831532442,-1,0
177,"[1, 0, 5, 0, 2, 1, 3, 0, 0, 1, 0, 0, 2, 0, 0, 2, 0, 0, 0, 0, 1, 0, 0, 0, 0, 0, 0, 0, 0, 0, 0, 0, 1, 1, 0, 0, 2, 0, 0, 0, 0, 0, 2, 0, 0, 1, 0, 1, 0, 0, 0, 0, 0, 0, 0, 1, 0, 0, 0, 0, 0, 0, 0, 2, 2, 4, 1, 4, 1, 2, 0, 3, 2, 4, 1, 5, 4, 6, 3, 6, 32, 0, 1, 0, 0, 1, 0]","[[0 0 1 0]
 [0 1 0 0]]",0.8501838482113351,-1,0
178,"[1, 0, 5, 0, 2, 1, 3, 0, 0, 1, 0, 0, 2, 0, 0, 2, 0, 0, 0, 0, 1, 0, 0, 0, 0, 0, 0, 0, 0, 0, 0, 0, 1, 1, 0, 0, 2, 0, 0, 0, 0, 0, 2, 0, 0, 1, 0, 1, 0, 0, 0, 0, 0, 0, 0, 1, 0, 0, 0, 0, 0, 0, 0, 2, 2, 4, 1, 4, 1, 2, 0, 3, 2, 4, 1, 5, 4, 6, 3, 6, 32, 0, 0, 0, 0, 0, 0]",1,-2.598317228200072,-1,1
179,"[1, 0, 5, 0, 4, 2, 3, 0, 0, 1, 0, 0, 2, 0, 0, 2, 0, 0, 0, 0, 1, 0, 0, 0, 0, 0, 0, 0, 0, 0, 0, 0, 1, 1, 0, 0, 2, 0, 0, 0, 0, 0, 2, 0, 0, 1, 0, 1, 0, 0, 0, 0, 0, 0, 0, 1, 0, 0, 0, 0, 0, 0, 0, 2, 2, 4, 1, 4, 1, 2, 0, 3, 2, 4, 1, 5, 4, 6, 3, 6, 33, 0, 0, 0, 0, 0, 0]",4,12.547929808409812,-1,0
180,"[1, 0, 5, 0, 4, 2, 3, 0, 0, 1, 0, 0, 2, 0, 0, 2, 0, 0, 0, 0, 1, 0, 0, 0, 0, 0, 0, 0, 0, 0, 0, 0, 1, 1, 0, 0, 2, 0, 0, 0, 0, 0, 2, 0, 0, 1, 0, 1, 0, 0, 0, 0, 0, 0, 0, 1, 0, 0, 0, 0, 0, 0, 0, 2, 2, 4, 1, 4, 1, 2, 0, 3, 2, 4, 1, 5, 4, 6, 3, 6, 33, 0, 1, 0, 0, 0, 0]",2,0.5997491594055806,-1,1
181,"[1, 0, 5, 0, 4, 2, 3, 0, 0, 1, 0, 0, 2, 0, 0, 2, 0, 0, 0, 0, 1, 0, 0, 0, 0, 0, 0, 0, 0, 0, 0, 0, 1, 1, 0, 0, 2, 0, 0, 0, 0, 0, 2, 0, 0, 1, 0, 1, 0, 0, 0, 0, 0, 0, 0, 1, 0, 0, 0, 0, 0, 0, 0, 2, 2, 4, 1, 4, 1, 2, 0, 3, 2, 4, 1, 5, 4, 6, 3, 6, 33, 0, 0, 0, 0, 0, 0]",-1,-0.03594618667159631,-1,1
182,"[1, 0, 5, 0, 4, 2, 3, 0, 0, 1, 0, 0, 2, 0, 0, 2, 0, 0, 0, 0, 1, 0, 0, 0, 0, 0, 0, 0, 0, 0, 0, 0, 1, 1, 0, 0, 2, 0, 0, 0, 0, 0, 2, 0, 0, 1, 0, 1, 0, 0, 0, 0, 0, 0, 0, 1, 0, 0, 0, 0, 0, 0, 0, 2, 2, 4, 1, 4, 1, 2, 0, 3, 2, 4, 1, 5, 4, 6, 3, 6, 34, 0, 0, 0, 0, 0, 0]",4,8.802277421886908,-1,1
183,"[1, 0, 5, 0, 4, 2, 3, 0, 0, 1, 0, 0, 2, 0, 0, 2, 0, 0, 0, 0, 1, 0, 0, 0, 0, 0, 0, 0, 0, 0, 0, 0, 1, 1, 0, 0, 2, 0, 0, 0, 0, 0, 2, 0, 0, 1, 0, 1, 0, 0, 0, 0, 0, 0, 0, 1, 0, 0, 0, 0, 0, 0, 0, 2, 2, 4, 1, 4, 1, 2, 0, 3, 2, 4, 1, 5, 4, 6, 3, 6, 34, 1, 0, 0, 0, 0, 0]",3,0.39973893576929465,-1,0
184,"[1, 0, 5, 0, 4, 2, 3, 0, 0, 1, 0, 0, 2, 0, 0, 2, 0, 0, 0, 0, 1, 0, 0, 0, 0, 0, 0, 0, 0, 0, 0, 0, 1, 1, 0, 0, 2, 0, 0, 0, 0, 0, 2, 0, 0, 1, 0, 1, 0, 0, 0, 0, 0, 0, 0, 1, 0, 0, 0, 0, 0, 0, 0, 2, 2, 4, 1, 4, 1, 2, 0, 3, 2, 4, 1, 5, 4, 6, 3, 6, 34, 0, 0, 0, 0, 0, 0]",-1,-0.03558851613813049,-1,0
185,"[1, 0, 5, 0, 4, 2, 3, 0, 0, 1, 0, 0, 2, 0, 0, 2, 0, 0, 0, 0, 1, 0, 0, 0, 0, 0, 0, 0, 0, 0, 0, 0, 1, 1, 0, 0, 2, 0, 0, 0, 0, 0, 2, 0, 0, 1, 0, 1, 0, 0, 0, 0, 0, 0, 0, 1, 0, 0, 0, 0, 0, 0, 0, 2, 2, 4, 1, 4, 1, 2, 0, 3, 2, 4, 1, 5, 4, 6, 3, 6, 34, 1, 0, 0, 0, 0, 0]",3,0.39973893576929465,-1,0
186,"[1, 0, 5, 0, 4, 2, 3, 0, 0, 1, 0, 0, 2, 0, 0, 2, 0, 0, 0, 0, 1, 0, 0, 0, 0, 0, 0, 0, 0, 0, 0, 0, 1, 1, 0, 0, 2, 0, 0, 0, 0, 0, 2, 0, 0, 1, 0, 1, 0, 0, 0, 0, 0, 0, 0, 1, 0, 0, 0, 0, 0, 0, 0, 2, 2, 4, 1, 4, 1, 2, 0, 3, 2, 4, 1, 5, 4, 6, 3, 6, 34, 0, 0, 0, 0, 0, 0]",-1,-0.03558851613813049,-1,0
187,"[1, 0, 5, 0, 4, 2, 3, 0, 0, 1, 0, 0, 2, 0, 0, 2, 0, 0, 0, 0, 1, 0, 0, 0, 0, 0, 0, 0, 0, 0, 0, 0, 1, 1, 0, 0, 2, 0, 0, 0, 0, 0, 2, 0, 0, 1, 0, 1, 0, 0, 0, 0, 0, 0, 0, 1, 0, 0, 0, 0, 0, 0, 0, 2, 2, 4, 1, 4, 1, 2, 0, 3, 2, 4, 1, 5, 4, 6, 3, 6, 34, 0, 1, 0, 0, 0, 0]",2,0.5997389357692946,-1,0
188,"[1, 0, 5, 0, 4, 2, 3, 0, 0, 1, 0, 0, 2, 0, 0, 2, 0, 0, 0, 0, 1, 0, 0, 0, 0, 0, 0, 0, 0, 0, 0, 0, 1, 1, 0, 0, 2, 0, 0, 0, 0, 0, 2, 0, 0, 1, 0, 1, 0, 0, 0, 0, 0, 0, 0, 1, 0, 0, 0, 0, 0, 0, 0, 2, 2, 4, 1, 4, 1, 2, 0, 3, 2, 4, 1, 5, 4, 6, 3, 6, 34, 0, 1, 0, 0, 1, 0]","[[1 0 0 0]
 [0 1 0 0]]",0.8501638008273855,-1,0
189,"[1, 0, 5, 0, 4, 2, 3, 0, 0, 1, 0, 0, 2, 0, 0, 2, 0, 0, 0, 0, 1, 0, 0, 0, 0, 0, 0, 0, 0, 0, 0, 0, 1, 1, 0, 0, 2, 0, 0, 0, 0, 0, 2, 0, 0, 1, 0, 1, 0, 0, 0, 0, 0, 0, 0, 1, 0, 0, 0, 0, 0, 0, 0, 2, 2, 4, 1, 4, 1, 2, 0, 3, 2, 4, 1, 5, 4, 6, 3, 6, 34, 0, 0, 0, 0, 0, 0]",1,-2.5983372755840213,-1,1
190,"[1, 0, 5, 0, 4, 2, 3, 0, 0, 1, 0, 0, 2, 0, 0, 2, 0, 0, 0, 0, 1, 0, 0, 0, 0, 0, 0, 0, 0, 0, 0, 0, 1, 1, 0, 0, 2, 0, 0, 0, 0, 0, 2, 0, 0, 1, 0, 1, 0, 0, 0, 0, 0, 0, 0, 1, 0, 0, 0, 0, 0, 0, 0, 2, 2, 4, 1, 4, 1, 2, 0, 3, 2, 4, 1, 5, 4, 6, 3, 6, 34, 0, 1, 0, 0, 0, 0]",2,0.5997389357692946,-1,0
191,"[1, 0, 5, 0, 4, 2, 3, 0, 0, 1, 0, 0, 2, 0, 0, 2, 0, 0, 0, 0, 1, 0, 0, 0, 0, 0, 0, 0, 0, 0, 0, 0, 1, 1, 0, 0, 2, 0, 0, 0, 0, 0, 2, 0, 0, 1, 0, 1, 0, 0, 0, 0, 0, 0, 0, 1, 0, 0, 0, 0, 0, 0, 0, 2, 2, 4, 1, 4, 1, 2, 0, 3, 2, 4, 1, 5, 4, 6, 3, 6, 34, 0, 1, 0, 0, 1, 0]","[[0 0 1 0]
 [0 1 0 0]]",0.8501638008273855,-1,0
192,"[1, 0, 5, 0, 4, 2, 3, 0, 0, 1, 0, 0, 2, 0, 0, 2, 0, 0, 0, 0, 1, 0, 0, 0, 0, 0, 0, 0, 0, 0, 0, 0, 1, 1, 0, 0, 2, 0, 0, 0, 0, 0, 2, 0, 0, 1, 0, 1, 0, 0, 0, 0, 0, 0, 0, 1, 0, 0, 0, 0, 0, 0, 0, 2, 2, 4, 1, 4, 1, 2, 0, 3, 2, 4, 1, 5, 4, 6, 3, 6, 34, 0, 0, 0, 0, 0, 0]",1,-2.5983372755840213,-1,1
193,"[1, 0, 5, 0, 4, 2, 3, 0, 0, 1, 0, 0, 2, 0, 0, 2, 0, 0, 0, 0, 1, 0, 0, 0, 0, 0, 0, 0, 0, 0, 0, 0, 1, 1, 0, 0, 2, 0, 0, 0, 0, 0, 2, 0, 0, 1, 0, 1, 0, 0, 0, 0, 0, 0, 0, 1, 0, 0, 0, 0, 0, 0, 0, 2, 2, 4, 1, 4, 1, 2, 0, 3, 2, 4, 1, 5, 4, 6, 3, 6, 34, 1, 0, 0, 0, 0, 0]",3,0.39973893576929465,-1,0
194,"[1, 0, 5, 0, 4, 2, 3, 0, 0, 1, 0, 0, 2, 0, 0, 2, 0, 0, 0, 0, 1, 0, 0, 0, 0, 0, 0, 0, 0, 0, 0, 0, 1, 1, 0, 0, 2, 0, 0, 0, 0, 0, 2, 0, 0, 1, 0, 1, 0, 0, 0, 0, 0, 0, 0, 1, 0, 0, 0, 0, 0, 0, 0, 2, 2, 4, 1, 4, 1, 2, 0, 3, 2, 4, 1, 5, 4, 6, 3, 6, 34, 0, 0, 0, 0, 0, 0]",-1,-0.03558851613813049,-1,0
195,"[1, 0, 5, 0, 4, 2, 3, 0, 0, 1, 0, 0, 2, 0, 0, 2, 0, 0, 0, 0, 1, 0, 0, 0, 0, 0, 0, 0, 0, 0, 0, 0, 1, 1, 0, 0, 2, 0, 0, 0, 0, 0, 2, 0, 0, 1, 0, 1, 0, 0, 0, 0, 0, 0, 0, 1, 0, 0, 0, 0, 0, 0, 0, 2, 2, 4, 1, 4, 1, 2, 0, 3, 2, 4, 1, 5, 4, 6, 3, 6, 34, 0, 0, 0, 0, 0, 0]",0,0.4947136825998779,-1,0
196,"[1, 0, 5, 0, 4, 2, 3, 0, 0, 1, 0, 0, 2, 0, 0, 2, 0, 0, 0, 0, 1, 0, 0, 0, 0, 0, 0, 0, 0, 0, 0, 0, 1, 1, 0, 0, 2, 0, 0, 0, 0, 0, 2, 0, 0, 1, 0, 1, 0, 0, 0, 0, 0, 0, 0, 1, 0, 0, 0, 0, 0, 0, 0, 2, 2, 4, 1, 4, 1, 2, 0, 3, 2, 4, 1, 5, 4, 6, 3, 6, 34, 0, 0, 0, 0, 0, 0]",-1,-0.03558851613813049,-1,0
197,"[1, 0, 5, 0, 4, 2, 3, 0, 0, 1, 0, 0, 2, 0, 0, 2, 0, 0, 0, 0, 1, 0, 0, 0, 0, 0, 0, 0, 0, 0, 0, 0, 1, 1, 0, 0, 2, 0, 0, 0, 0, 0, 2, 0, 0, 1, 0, 1, 0, 0, 0, 0, 0, 0, 0, 1, 0, 0, 0, 0, 0, 0, 0, 2, 2, 4, 1, 4, 1, 2, 0, 3, 2, 4, 1, 5, 4, 6, 3, 6, 34, 1, 0, 0, 0, 0, 0]",3,0.39973893576929465,-1,0
198,"[1, 0, 5, 0, 4, 2, 3, 0, 0, 1, 0, 0, 2, 0, 0, 2, 0, 0, 0, 0, 1, 0, 0, 0, 0, 0, 0, 0, 0, 0, 0, 0, 1, 1, 0, 0, 2, 0, 0, 0, 0, 0, 2, 0, 0, 1, 0, 1, 0, 0, 0, 0, 0, 0, 0, 1, 0, 0, 0, 0, 0, 0, 0, 2, 2, 4, 1, 4, 1, 2, 0, 3, 2, 4, 1, 5, 4, 6, 3, 6, 34, 0, 0, 0, 0, 0, 0]",-1,-0.03558851613813049,-1,0
199,"[1, 0, 5, 0, 4, 2, 3, 0, 0, 1, 0, 0, 2, 0, 0, 2, 0, 0, 0, 0, 1, 0, 0, 0, 0, 0, 0, 0, 0, 0, 0, 0, 1, 1, 0, 0, 2, 0, 0, 0, 0, 0, 2, 0, 0, 1, 0, 1, 0, 0, 0, 0, 0, 0, 0, 1, 0, 0, 0, 0, 0, 0, 0, 2, 2, 4, 1, 4, 1, 2, 0, 3, 2, 4, 1, 5, 4, 6, 3, 6, 34, 1, 0, 0, 0, 0, 0]",3,0.39973893576929465,-1,0
200,"[1, 0, 5, 0, 4, 2, 3, 0, 0, 1, 0, 0, 2, 0, 0, 2, 0, 0, 0, 0, 1, 0, 0, 0, 0, 0, 0, 0, 0, 0, 0, 0, 1, 1, 0, 0, 2, 0, 0, 0, 0, 0, 2, 0, 0, 1, 0, 1, 0, 0, 0, 0, 0, 0, 0, 1, 0, 0, 0, 0, 0, 0, 0, 2, 2, 4, 1, 4, 1, 2, 0, 3, 2, 4, 1, 5, 4, 6, 3, 6, 34, 0, 0, 0, 0, 0, 0]",-1,-0.03558851613813049,-1,0
201,"[1, 0, 5, 0, 4, 2, 3, 0, 0, 1, 0, 0, 2, 0, 0, 2, 0, 0, 0, 0, 1, 0, 0, 0, 0, 0, 0, 0, 0, 0, 0, 0, 1, 1, 0, 0, 2, 0, 0, 0, 0, 0, 2, 0, 0, 1, 0, 1, 0, 0, 0, 0, 0, 0, 0, 1, 0, 0, 0, 0, 0, 0, 0, 2, 2, 4, 1, 4, 1, 2, 0, 3, 2, 4, 1, 5, 4, 6, 3, 6, 34, 0, 1, 0, 0, 0, 0]",2,0.5997389357692946,-1,0
202,"[1, 0, 5, 0, 4, 2, 3, 0, 0, 1, 0, 0, 2, 0, 0, 2, 0, 0, 0, 0, 1, 0, 0, 0, 0, 0, 0, 0, 0, 0, 0, 0, 1, 1, 0, 0, 2, 0, 0, 0, 0, 0, 2, 0, 0, 1, 0, 1, 0, 0, 0, 0, 0, 0, 0, 1, 0, 0, 0, 0, 0, 0, 0, 2, 2, 4, 1, 4, 1, 2, 0, 3, 2, 4, 1, 5, 4, 6, 3, 6, 34, 0, 1, 0, 0, 1, 0]","[[0 0 1 0]
 [0 1 0 0]]",0.8501638008273855,-1,0
203,"[1, 0, 5, 0, 4, 2, 3, 0, 0, 1, 0, 0, 2, 0, 0, 2, 0, 0, 0, 0, 1, 0, 0, 0, 0, 0, 0, 0, 0, 0, 0, 0, 1, 1, 0, 0, 2, 0, 0, 0, 0, 0, 2, 0, 0, 1, 0, 1, 0, 0, 0, 0, 0, 0, 0, 1, 0, 0, 0, 0, 0, 0, 0, 2, 2, 4, 1, 4, 1, 2, 0, 3, 2, 4, 1, 5, 4, 6, 3, 6, 34, 0, 0, 0, 0, 0, 0]",1,-2.5983372755840213,-1,1
204,"[1, 0, 5, 0, 4, 2, 3, 0, 0, 1, 0, 0, 2, 0, 0, 2, 0, 0, 0, 0, 1, 0, 0, 0, 0, 0, 0, 0, 0, 0, 0, 0, 1, 1, 0, 0, 2, 0, 0, 0, 0, 0, 2, 0, 0, 1, 0, 1, 0, 0, 0, 0, 0, 0, 0, 1, 0, 0, 0, 0, 0, 0, 0, 2, 2, 4, 1, 4, 1, 2, 0, 3, 2, 4, 1, 5, 4, 6, 3, 6, 34, 1, 0, 0, 0, 0, 0]",3,0.39973893576929465,-1,0
205,"[1, 0, 5, 0, 4, 2, 3, 0, 0, 1, 0, 0, 2, 0, 0, 2, 0, 0, 0, 0, 1, 0, 0, 0, 0, 0, 0, 0, 0, 0, 0, 0, 1, 1, 0, 0, 2, 0, 0, 0, 0, 0, 2, 0, 0, 1, 0, 1, 0, 0, 0, 0, 0, 0, 0, 1, 0, 0, 0, 0, 0, 0, 0, 2, 2, 4, 1, 4, 1, 2, 0, 3, 2, 4, 1, 5, 4, 6, 3, 6, 34, 0, 0, 0, 0, 0, 0]",-1,-0.03558851613813049,-1,0
206,"[1, 0, 5, 0, 4, 2, 3, 0, 0, 1, 0, 0, 2, 0, 0, 2, 0, 0, 0, 0, 1, 0, 0, 0, 0, 0, 0, 0, 0, 0, 0, 0, 1, 1, 0, 0, 2, 0, 0, 0, 0, 0, 2, 0, 0, 1, 0, 1, 0, 0, 0, 0, 0, 0, 0, 1, 0, 0, 0, 0, 0, 0, 0, 2, 2, 4, 1, 4, 1, 2, 0, 3, 2, 4, 1, 5, 4, 6, 3, 6, 34, 0, 1, 0, 0, 0, 0]",2,0.5997389357692946,-1,0
207,"[1, 0, 5, 0, 4, 2, 3, 0, 0, 1, 0, 0, 2, 0, 0, 2, 0, 0, 0, 0, 1, 0, 0, 0, 0, 0, 0, 0, 0, 0, 0, 0, 1, 1, 0, 0, 2, 0, 0, 0, 0, 0, 2, 0, 0, 1, 0, 1, 0, 0, 0, 0, 0, 0, 0, 1, 0, 0, 0, 0, 0, 0, 0, 2, 2, 4, 1, 4, 1, 2, 0, 3, 2, 4, 1, 5, 4, 6, 3, 6, 34, 0, 1, 0, 0, 1, 0]","[[0 0 1 0]
 [0 1 0 0]]",0.8501638008273855,-1,0
208,"[1, 0, 5, 0, 4, 2, 3, 0, 0, 1, 0, 0, 2, 0, 0, 2, 0, 0, 0, 0, 1, 0, 0, 0, 0, 0, 0, 0, 0, 0, 0, 0, 1, 1, 0, 0, 2, 0, 0, 0, 0, 0, 2, 0, 0, 1, 0, 1, 0, 0, 0, 0, 0, 0, 0, 1, 0, 0, 0, 0, 0, 0, 0, 2, 2, 4, 1, 4, 1, 2, 0, 3, 2, 4, 1, 5, 4, 6, 3, 6, 34, 0, 0, 0, 0, 0, 0]",1,-2.5983372755840213,-1,1
209,"[1, 0, 5, 0, 6, 3, 3, 0, 0, 1, 0, 0, 2, 0, 0, 2, 0, 0, 0, 0, 1, 0, 0, 0, 0, 0, 0, 0, 0, 0, 0, 0, 1, 1, 0, 0, 2, 0, 0, 0, 0, 0, 2, 0, 0, 1, 0, 1, 0, 0, 0, 0, 0, 0, 0, 1, 0, 0, 0, 0, 0, 0, 0, 2, 2, 4, 1, 4, 1, 2, 0, 3, 2, 4, 1, 5, 4, 6, 3, 6, 35, 0, 0, 0, 0, 0, 0]",4,12.546471073583039,-1,0
210,"[1, 0, 5, 0, 6, 3, 3, 0, 0, 1, 0, 0, 2, 0, 0, 2, 0, 0, 0, 0, 1, 0, 0, 0, 0, 0, 0, 0, 0, 0, 0, 0, 1, 1, 0, 0, 2, 0, 0, 0, 0, 0, 2, 0, 0, 1, 0, 1, 0, 0, 0, 0, 0, 0, 0, 1, 0, 0, 0, 0, 0, 0, 0, 2, 2, 4, 1, 4, 1, 2, 0, 3, 2, 4, 1, 5, 4, 6, 3, 6, 35, 0, 0, 0, 0, 0, 0]",-1,-0.03523440448593567,-1,1
211,"[1, 0, 5, 0, 6, 3, 3, 0, 0, 1, 0, 0, 2, 0, 0, 2, 0, 0, 0, 0, 1, 0, 0, 0, 0, 0, 0, 0, 0, 0, 0, 0, 1, 1, 0, 0, 2, 0, 0, 0, 0, 0, 2, 0, 0, 1, 0, 1, 0, 0, 0, 0, 0, 0, 0, 1, 0, 0, 0, 0, 0, 0, 0, 2, 2, 4, 1, 4, 1, 2, 0, 3, 2, 4, 1, 5, 4, 6, 3, 6, 35, 0, 0, 0, 0, 0, 0]",0,0.4947030428404975,-1,0
212,"[1, 0, 5, 0, 6, 3, 3, 0, 0, 1, 0, 0, 2, 0, 0, 2, 0, 0, 0, 0, 1, 0, 0, 0, 0, 0, 0, 0, 0, 0, 0, 0, 1, 1, 0, 0, 2, 0, 0, 0, 0, 0, 2, 0, 0, 1, 0, 1, 0, 0, 0, 0, 0, 0, 0, 1, 0, 0, 0, 0, 0, 0, 0, 2, 2, 4, 1, 4, 1, 2, 0, 3, 2, 4, 1, 5, 4, 6, 3, 6, 35, 0, 0, 0, 0, 0, 0]",-1,-0.03523440448593567,-1,0
213,"[1, 0, 5, 0, 6, 3, 3, 0, 0, 1, 0, 0, 2, 0, 0, 2, 0, 0, 0, 0, 1, 0, 0, 0, 0, 0, 0, 0, 0, 0, 0, 0, 1, 1, 0, 0, 2, 0, 0, 0, 0, 0, 2, 0, 0, 1, 0, 1, 0, 0, 0, 0, 0, 0, 0, 1, 0, 0, 0, 0, 0, 0, 0, 2, 2, 4, 1, 4, 1, 2, 0, 3, 2, 4, 1, 5, 4, 6, 3, 6, 35, 0, 1, 0, 0, 0, 0]",2,0.5997282960099142,-1,0
214,"[1, 0, 5, 0, 6, 3, 3, 0, 0, 1, 0, 0, 2, 0, 0, 2, 0, 0, 0, 0, 1, 0, 0, 0, 0, 0, 0, 0, 0, 0, 0, 0, 1, 1, 0, 0, 2, 0, 0, 0, 0, 0, 2, 0, 0, 1, 0, 1, 0, 0, 0, 0, 0, 0, 0, 1, 0, 0, 0, 0, 0, 0, 0, 2, 2, 4, 1, 4, 1, 2, 0, 3, 2, 4, 1, 5, 4, 6, 3, 6, 35, 0, 1, 0, 0, 1, 0]","[[0 0 1 0]
 [0 1 0 0]]",0.8501531610680051,-1,0
215,"[1, 0, 5, 0, 6, 3, 3, 0, 0, 1, 0, 0, 2, 0, 0, 2, 0, 0, 0, 0, 1, 0, 0, 0, 0, 0, 0, 0, 0, 0, 0, 0, 1, 1, 0, 0, 2, 0, 0, 0, 0, 0, 2, 0, 0, 1, 0, 1, 0, 0, 0, 0, 0, 0, 0, 1, 0, 0, 0, 0, 0, 0, 0, 2, 2, 4, 1, 4, 1, 2, 0, 3, 2, 4, 1, 5, 4, 6, 3, 6, 35, 0, 0, 0, 0, 0, 0]",1,-2.598347915343402,-1,1
216,"[1, 0, 5, 0, 6, 3, 3, 0, 0, 1, 0, 0, 2, 0, 0, 2, 0, 0, 0, 0, 1, 0, 0, 0, 0, 0, 0, 0, 0, 0, 0, 0, 1, 1, 0, 0, 2, 0, 0, 0, 0, 0, 2, 0, 0, 1, 0, 1, 0, 0, 0, 0, 0, 0, 0, 1, 0, 0, 0, 0, 0, 0, 0, 2, 2, 4, 1, 4, 1, 2, 0, 3, 2, 4, 1, 5, 4, 6, 3, 6, 35, 0, 1, 0, 0, 0, 0]",2,0.5997282960099142,-1,0
217,"[1, 0, 5, 0, 6, 3, 3, 0, 0, 1, 0, 0, 2, 0, 0, 2, 0, 0, 0, 0, 1, 0, 0, 0, 0, 0, 0, 0, 0, 0, 0, 0, 1, 1, 0, 0, 2, 0, 0, 0, 0, 0, 2, 0, 0, 1, 0, 1, 0, 0, 0, 0, 0, 0, 0, 1, 0, 0, 0, 0, 0, 0, 0, 2, 2, 4, 1, 4, 1, 2, 0, 3, 2, 4, 1, 5, 4, 6, 3, 6, 35, 0, 1, 0, 0, 1, 0]","[[0 0 1 0]
 [0 1 0 0]]",0.8501531610680051,-1,0
218,"[1, 0, 5, 0, 6, 3, 3, 0, 0, 1, 0, 0, 2, 0, 0, 2, 0, 0, 0, 0, 1, 0, 0, 0, 0, 0, 0, 0, 0, 0, 0, 0, 1, 1, 0, 0, 2, 0, 0, 0, 0, 0, 2, 0, 0, 1, 0, 1, 0, 0, 0, 0, 0, 0, 0, 1, 0, 0, 0, 0, 0, 0, 0, 2, 2, 4, 1, 4, 1, 2, 0, 3, 2, 4, 1, 5, 4, 6, 3, 6, 35, 0, 1, 0, 0, 0, 1]",2,-0.00027170399008579166,-1,1
219,"[1, 0, 5, 0, 6, 3, 3, 0, 0, 1, 0, 0, 2, 0, 0, 2, 0, 0, 0, 0, 1, 0, 0, 0, 0, 0, 0, 0, 0, 0, 0, 0, 1, 1, 0, 0, 2, 0, 0, 0, 0, 0, 2, 0, 0, 1, 0, 1, 0, 0, 0, 0, 0, 0, 0, 1, 0, 0, 0, 0, 0, 0, 0, 2, 2, 4, 1, 4, 1, 2, 0, 3, 2, 4, 1, 5, 4, 6, 3, 6, 35, 0, 0, 1, 0, 0, 0]","[[3 1 1 0]
 [1 0 3 0]]",-0.00027170399008579166,-1,1
220,"[3, 1, 3, 0, 4, 2, 5, 0, 0, 1, 0, 0, 2, 0, 0, 2, 0, 0, 0, 0, 1, 0, 0, 0, 0, 0, 0, 0, 0, 0, 0, 0, 1, 1, 0, 0, 2, 0, 0, 0, 0, 0, 2, 0, 0, 1, 0, 1, 0, 0, 0, 0, 0, 0, 0, 1, 0, 0, 0, 0, 0, 0, 0, 2, 2, 4, 1, 4, 1, 2, 0, 3, 2, 4, 1, 5, 4, 6, 3, 6, 35, 0, 0, 0, 0, 0, 0]",0,-0.00027170399008579166,-1,0
221,"[3, 1, 3, 0, 4, 2, 5, 0, 0, 1, 0, 0, 2, 0, 0, 2, 0, 0, 0, 0, 1, 0, 0, 0, 0, 0, 0, 0, 0, 0, 0, 0, 1, 1, 0, 0, 2, 0, 0, 0, 0, 0, 2, 0, 0, 1, 0, 1, 0, 0, 0, 0, 0, 0, 0, 1, 0, 0, 0, 0, 0, 0, 0, 2, 2, 4, 1, 4, 1, 2, 0, 3, 2, 4, 1, 5, 4, 6, 3, 6, 35, 0, 0, 0, 0, 0, 0]",0,0.4947030428404975,-1,0
222,"[2, 0, 3, 0, 4, 2, 5, 0, 0, 1, 0, 0, 2, 0, 0, 2, 0, 0, 0, 0, 1, 0, 0, 0, 0, 0, 0, 0, 0, 0, 0, 0, 1, 1, 0, 0, 2, 0, 0, 0, 0, 0, 2, 0, 1, 1, 0, 1, 0, 0, 0, 0, 0, 0, 0, 1, 0, 0, 0, 0, 0, 0, 0, 2, 2, 4, 1, 4, 1, 2, 0, 3, 2, 4, 1, 5, 4, 6, 3, 6, 35, 0, 0, 0, 0, 0, 0]",12,0.7911197686838692,-1,0
223,"[2, 0, 3, 0, 4, 2, 5, 0, 0, 1, 0, 0, 2, 0, 0, 2, 0, 0, 0, 0, 1, 0, 0, 0, 0, 0, 0, 0, 0, 0, 0, 0, 1, 1, 0, 0, 2, 0, 0, 0, 0, 0, 2, 0, 1, 1, 0, 1, 0, 0, 0, 0, 0, 0, 0, 1, 0, 0, 0, 0, 0, 0, 0, 2, 2, 4, 1, 4, 1, 2, 0, 3, 2, 4, 1, 5, 4, 6, 3, 6, 35, 0, 1, 0, 0, 0, 0]",2,0.5997282960099142,-1,0
224,"[2, 0, 3, 0, 4, 2, 5, 0, 0, 1, 0, 0, 2, 0, 0, 2, 0, 0, 0, 0, 1, 0, 0, 0, 0, 0, 0, 0, 0, 0, 0, 0, 1, 1, 0, 0, 2, 0, 0, 0, 0, 0, 2, 0, 1, 1, 0, 1, 0, 0, 0, 0, 0, 0, 0, 1, 0, 0, 0, 0, 0, 0, 0, 2, 2, 4, 1, 4, 1, 2, 0, 3, 2, 4, 1, 5, 4, 6, 3, 6, 35, 0, 1, 0, 0, 1, 0]","[[1 0 0 0]
 [0 1 0 0]]",0.8501531610680051,-1,0
225,"[2, 0, 3, 0, 4, 2, 5, 0, 0, 1, 0, 0, 2, 0, 0, 2, 0, 0, 0, 0, 1, 0, 0, 0, 0, 0, 0, 0, 0, 0, 0, 0, 1, 1, 0, 0, 2, 0, 0, 0, 0, 0, 2, 0, 1, 1, 0, 1, 0, 0, 0, 0, 0, 0, 0, 1, 0, 0, 0, 0, 0, 0, 0, 2, 2, 4, 1, 4, 1, 2, 0, 3, 2, 4, 1, 5, 4, 6, 3, 6, 35, 0, 1, 0, 0, 0, 1]",2,-0.00027170399008579166,-1,1
226,"[2, 0, 3, 0, 4, 2, 5, 0, 0, 1, 0, 0, 2, 0, 0, 2, 0, 0, 0, 0, 1, 0, 0, 0, 0, 0, 0, 0, 0, 0, 0, 0, 1, 1, 0, 0, 2, 0, 0, 0, 0, 0, 2, 0, 1, 1, 0, 1, 0, 0, 0, 0, 0, 0, 0, 1, 0, 0, 0, 0, 0, 0, 0, 2, 2, 4, 1, 4, 1, 2, 0, 3, 2, 4, 1, 5, 4, 6, 3, 6, 35, 0, 0, 0, 0, 0, 0]",-1,-0.03523440448593567,-1,1
227,"[2, 0, 3, 0, 6, 3, 5, 0, 0, 1, 0, 0, 2, 0, 0, 2, 0, 0, 0, 0, 1, 0, 0, 0, 0, 0, 0, 0, 0, 0, 0, 0, 1, 1, 0, 0, 2, 0, 0, 0, 0, 0, 2, 0, 1, 1, 0, 1, 0, 0, 0, 0, 0, 0, 0, 1, 0, 0, 0, 0, 0, 0, 0, 2, 2, 4, 1, 4, 1, 2, 0, 3, 2, 4, 1, 5, 4, 6, 3, 6, 36, 0, 0, 0, 0, 0, 0]",4,14.201103989609042,-1,0
228,"[2, 0, 4, 0, 6, 3, 6, 0, 0, 1, 0, 0, 2, 0, 0, 2, 0, 0, 0, 0, 1, 0, 0, 0, 0, 0, 0, 0, 0, 0, 0, 0, 1, 1, 0, 0, 2, 0, 0, 0, 0, 0, 2, 0, 1, 1, 0, 1, 0, 0, 0, 0, 0, 0, 0, 1, 0, 0, 0, 0, 0, 0, 0, 2, 2, 4, 1, 4, 1, 2, 0, 3, 2, 4, 1, 5, 4, 6, 3, 6, 37, 0, 0, 0, 0, 0, 0]",4,8.703674867416906,-1,1
229,"[2, 0, 4, 0, 6, 3, 6, 0, 0, 1, 0, 0, 2, 0, 0, 2, 0, 0, 0, 0, 1, 0, 0, 0, 0, 0, 0, 0, 0, 0, 0, 0, 1, 1, 0, 0, 2, 0, 0, 0, 0, 0, 2, 0, 1, 1, 0, 1, 0, 0, 0, 0, 0, 0, 0, 1, 0, 0, 0, 0, 0, 0, 0, 2, 2, 4, 1, 4, 1, 2, 0, 3, 2, 4, 1, 5, 4, 6, 3, 6, 37, 0, 0, 0, 0, 0, 0]",0,0.4424245723040952,-1,0
230,"[2, 0, 4, 0, 6, 3, 6, 0, 0, 1, 0, 0, 2, 0, 0, 2, 0, 0, 0, 0, 1, 0, 0, 0, 0, 0, 0, 0, 0, 0, 0, 0, 1, 1, 0, 0, 2, 0, 0, 0, 0, 0, 2, 0, 1, 1, 0, 1, 0, 0, 0, 0, 0, 0, 0, 1, 0, 0, 0, 0, 0, 0, 0, 2, 2, 4, 1, 4, 1, 2, 0, 3, 2, 4, 1, 5, 4, 6, 3, 6, 37, 0, 0, 0, 0, 0, 0]",-1,-0.03453671653186773,-1,0
231,"[2, 0, 4, 0, 6, 3, 6, 0, 0, 1, 0, 0, 2, 0, 0, 2, 0, 0, 0, 0, 1, 0, 0, 0, 0, 0, 0, 0, 0, 0, 0, 0, 1, 1, 0, 0, 2, 0, 0, 0, 0, 0, 2, 0, 1, 1, 0, 1, 0, 0, 0, 0, 0, 0, 0, 1, 0, 0, 0, 0, 0, 0, 0, 2, 2, 4, 1, 4, 1, 2, 0, 3, 2, 4, 1, 5, 4, 6, 3, 6, 37, 0, 1, 0, 0, 0, 0]",2,0.599705699880522,-1,0
232,"[2, 0, 4, 0, 6, 3, 6, 0, 0, 1, 0, 0, 2, 0, 0, 2, 0, 0, 0, 0, 1, 0, 0, 0, 0, 0, 0, 0, 0, 0, 0, 0, 1, 1, 0, 0, 2, 0, 0, 0, 0, 0, 2, 0, 1, 1, 0, 1, 0, 0, 0, 0, 0, 0, 0, 1, 0, 0, 0, 0, 0, 0, 0, 2, 2, 4, 1, 4, 1, 2, 0, 3, 2, 4, 1, 5, 4, 6, 3, 6, 37, 0, 1, 0, 0, 1, 0]","[[1 0 0 0]
 [0 1 0 0]]",0.8501305649386129,-1,0
233,"[1, 1, 4, 0, 7, 2, 6, 0, 0, 1, 0, 0, 2, 0, 0, 2, 0, 0, 0, 0, 1, 0, 0, 0, 0, 0, 0, 0, 0, 0, 0, 0, 1, 1, 0, 0, 2, 0, 0, 0, 0, 0, 2, 0, 1, 1, 0, 1, 0, 0, 0, 0, 0, 0, 0, 1, 0, 0, 0, 0, 0, 0, 0, 2, 2, 4, 1, 4, 1, 2, 0, 3, 2, 4, 1, 5, 4, 6, 3, 6, 37, 0, 0, 0, 0, 0, 0]",0,-0.00029430011947790527,-1,1
234,"[1, 1, 4, 0, 7, 2, 6, 0, 0, 1, 0, 0, 2, 0, 0, 2, 0, 0, 0, 0, 1, 0, 0, 0, 0, 0, 0, 0, 0, 0, 0, 0, 1, 1, 0, 0, 2, 0, 0, 0, 0, 0, 2, 0, 1, 1, 0, 1, 0, 0, 0, 0, 0, 0, 0, 1, 0, 0, 0, 0, 0, 0, 0, 2, 2, 4, 1, 4, 1, 2, 0, 3, 2, 4, 1, 5, 4, 6, 3, 6, 37, 0, 0, 0, 0, 0, 0]",0,0.4424245723040952,-1,0
235,"[1, 1, 4, 0, 7, 2, 6, 0, 0, 1, 0, 0, 2, 0, 0, 2, 0, 0, 0, 0, 1, 0, 0, 0, 0, 0, 0, 0, 0, 0, 0, 0, 1, 1, 0, 0, 2, 0, 0, 0, 0, 0, 2, 0, 1, 1, 0, 1, 0, 0, 0, 0, 0, 0, 0, 1, 0, 0, 0, 0, 0, 0, 0, 2, 2, 4, 1, 4, 1, 2, 0, 3, 2, 4, 1, 5, 4, 6, 3, 6, 37, 0, 0, 0, 0, 0, 0]",-1,-0.03453671653186773,-1,0
236,"[1, 1, 4, 0, 7, 2, 6, 0, 0, 1, 0, 0, 2, 0, 0, 2, 0, 0, 0, 0, 1, 0, 0, 0, 0, 0, 0, 0, 0, 0, 0, 0, 1, 1, 0, 0, 2, 0, 0, 0, 0, 0, 2, 0, 1, 1, 0, 1, 0, 0, 0, 0, 0, 0, 0, 1, 0, 0, 0, 0, 0, 0, 0, 2, 2, 4, 1, 4, 1, 2, 0, 3, 2, 4, 1, 5, 4, 6, 3, 6, 37, 0, 0, 0, 0, 0, 0]",0,0.4424245723040952,-1,0
237,"[1, 1, 4, 0, 7, 2, 6, 0, 0, 1, 0, 0, 2, 0, 0, 2, 0, 0, 0, 0, 1, 0, 0, 0, 0, 0, 0, 0, 0, 0, 0, 0, 1, 1, 0, 0, 2, 0, 0, 0, 0, 0, 2, 0, 1, 1, 0, 1, 0, 0, 0, 0, 0, 0, 0, 1, 0, 0, 0, 0, 0, 0, 0, 2, 2, 4, 1, 4, 1, 2, 0, 3, 2, 4, 1, 5, 4, 6, 3, 6, 37, 0, 0, 0, 0, 0, 0]",-1,-0.03453671653186773,-1,0
238,"[1, 1, 4, 0, 7, 2, 6, 0, 0, 1, 0, 0, 2, 0, 0, 2, 0, 0, 0, 0, 1, 0, 0, 0, 0, 0, 0, 0, 0, 0, 0, 0, 1, 1, 0, 0, 2, 0, 0, 0, 0, 0, 2, 0, 1, 1, 0, 1, 0, 0, 0, 0, 0, 0, 0, 1, 0, 0, 0, 0, 0, 0, 0, 2, 2, 4, 1, 4, 1, 2, 0, 3, 2, 4, 1, 5, 4, 6, 3, 6, 37, 0, 0, 0, 0, 0, 0]",0,0.4424245723040952,-1,0
239,"[1, 1, 4, 0, 7, 2, 6, 0, 0, 1, 0, 0, 2, 0, 0, 2, 0, 0, 0, 0, 1, 0, 0, 0, 0, 0, 0, 0, 0, 0, 0, 0, 1, 1, 0, 0, 2, 0, 0, 0, 0, 0, 2, 0, 1, 1, 0, 1, 0, 0, 0, 0, 0, 0, 0, 1, 0, 0, 0, 0, 0, 0, 0, 2, 2, 4, 1, 4, 1, 2, 0, 3, 2, 4, 1, 5, 4, 6, 3, 6, 37, 0, 0, 0, 0, 0, 0]",-1,-0.03453671653186773,-1,0
240,"[1, 1, 4, 0, 7, 2, 6, 0, 0, 1, 0, 0, 2, 0, 0, 2, 0, 0, 0, 0, 1, 0, 0, 0, 0, 0, 0, 0, 0, 0, 0, 0, 1, 1, 0, 0, 2, 0, 0, 0, 0, 0, 2, 0, 1, 1, 0, 1, 0, 0, 0, 0, 0, 0, 0, 1, 0, 0, 0, 0, 0, 0, 0, 2, 2, 4, 1, 4, 1, 2, 0, 3, 2, 4, 1, 5, 4, 6, 3, 6, 37, 0, 0, 0, 0, 0, 0]",0,0.4424245723040952,-1,0
241,"[1, 1, 4, 0, 7, 2, 6, 0, 0, 1, 0, 0, 2, 0, 0, 2, 0, 0, 0, 0, 1, 0, 0, 0, 0, 0, 0, 0, 0, 0, 0, 0, 1, 1, 0, 0, 2, 0, 0, 0, 0, 0, 2, 0, 1, 1, 0, 1, 0, 0, 0, 0, 0, 0, 0, 1, 0, 0, 0, 0, 0, 0, 0, 2, 2, 4, 1, 4, 1, 2, 0, 3, 2, 4, 1, 5, 4, 6, 3, 6, 37, 0, 0, 0, 0, 0, 0]",-1,-0.03453671653186773,-1,0
242,"[1, 1, 4, 0, 7, 2, 6, 0, 0, 1, 0, 0, 2, 0, 0, 2, 0, 0, 0, 0, 1, 0, 0, 0, 0, 0, 0, 0, 0, 0, 0, 0, 1, 1, 0, 0, 2, 0, 0, 0, 0, 0, 2, 0, 1, 1, 0, 1, 0, 0, 0, 0, 0, 0, 0, 1, 0, 0, 0, 0, 0, 0, 0, 2, 2, 4, 1, 4, 1, 2, 0, 3, 2, 4, 1, 5, 4, 6, 3, 6, 37, 0, 0, 0, 0, 0, 0]",0,0.4424245723040952,-1,0
243,"[1, 1, 4, 0, 7, 2, 6, 0, 0, 1, 0, 0, 2, 0, 0, 2, 0, 0, 0, 0, 1, 0, 0, 0, 0, 0, 0, 0, 0, 0, 0, 0, 1, 1, 0, 0, 2, 0, 0, 0, 0, 0, 2, 0, 1, 1, 0, 1, 0, 0, 0, 0, 0, 0, 0, 1, 0, 0, 0, 0, 0, 0, 0, 2, 2, 4, 1, 4, 1, 2, 0, 3, 2, 4, 1, 5, 4, 6, 3, 6, 37, 0, 0, 0, 0, 0, 0]",-1,-0.03453671653186773,-1,0
244,"[1, 1, 4, 0, 7, 2, 6, 0, 0, 1, 0, 0, 2, 0, 0, 2, 0, 0, 0, 0, 1, 0, 0, 0, 0, 0, 0, 0, 0, 0, 0, 0, 1, 1, 0, 0, 2, 0, 0, 0, 0, 0, 2, 0, 1, 1, 0, 1, 0, 0, 0, 0, 0, 0, 0, 1, 0, 0, 0, 0, 0, 0, 0, 2, 2, 4, 1, 4, 1, 2, 0, 3, 2, 4, 1, 5, 4, 6, 3, 6, 37, 0, 0, 0, 0, 0, 0]",0,0.4424245723040952,-1,0
245,"[1, 1, 4, 0, 7, 2, 6, 0, 0, 1, 0, 0, 2, 0, 0, 2, 0, 0, 0, 0, 1, 0, 0, 0, 0, 0, 0, 0, 0, 0, 0, 0, 1, 1, 0, 0, 2, 0, 0, 0, 0, 0, 2, 0, 1, 1, 0, 1, 0, 0, 0, 0, 0, 0, 0, 1, 0, 0, 0, 0, 0, 0, 0, 2, 2, 4, 1, 4, 1, 2, 0, 3, 2, 4, 1, 5, 4, 6, 3, 6, 37, 0, 0, 0, 0, 0, 0]",-1,-0.03453671653186773,-1,0
246,"[1, 1, 4, 0, 7, 2, 6, 0, 0, 1, 0, 0, 2, 0, 0, 2, 0, 0, 0, 0, 1, 0, 0, 0, 0, 0, 0, 0, 0, 0, 0, 0, 1, 1, 0, 0, 2, 0, 0, 0, 0, 0, 2, 0, 1, 1, 0, 1, 0, 0, 0, 0, 0, 0, 0, 1, 0, 0, 0, 0, 0, 0, 0, 2, 2, 4, 1, 4, 1, 2, 0, 3, 2, 4, 1, 5, 4, 6, 3, 6, 37, 0, 0, 0, 0, 0, 0]",0,0.4424245723040952,-1,0
247,"[1, 1, 4, 0, 7, 2, 6, 0, 0, 1, 0, 0, 2, 0, 0, 2, 0, 0, 0, 0, 1, 0, 0, 0, 0, 0, 0, 0, 0, 0, 0, 0, 1, 1, 0, 0, 2, 0, 0, 0, 0, 0, 2, 0, 1, 1, 0, 1, 0, 0, 0, 0, 0, 0, 0, 1, 0, 0, 0, 0, 0, 0, 0, 2, 2, 4, 1, 4, 1, 2, 0, 3, 2, 4, 1, 5, 4, 6, 3, 6, 37, 0, 0, 0, 0, 0, 0]",-1,-0.03453671653186773,-1,0
248,"[1, 1, 5, 0, 7, 2, 7, 0, 0, 1, 0, 0, 2, 0, 0, 2, 0, 0, 0, 0, 1, 0, 0, 0, 0, 0, 0, 0, 0, 0, 0, 0, 1, 1, 0, 0, 2, 0, 0, 0, 0, 0, 2, 0, 1, 1, 0, 1, 0, 0, 0, 0, 0, 0, 0, 1, 0, 0, 0, 0, 0, 0, 0, 2, 2, 4, 1, 4, 1, 2, 0, 3, 2, 4, 1, 5, 4, 6, 3, 6, 38, 0, 0, 0, 0, 0, 0]",4,14.105390402115267,-1,0
249,"[1, 1, 7, 0, 7, 2, 7, 0, 0, 1, 0, 0, 2, 0, 0, 2, 0, 0, 0, 0, 1, 0, 0, 0, 0, 0, 0, 0, 0, 0, 0, 0, 1, 1, 0, 0, 2, 0, 0, 0, 0, 0, 2, 0, 1, 1, 0, 1, 0, 0, 0, 0, 0, 0, 0, 1, 0, 0, 0, 0, 0, 0, 0, 2, 2, 4, 1, 4, 1, 2, 0, 3, 2, 4, 1, 5, 4, 6, 3, 6, 39, 0, 0, 0, 0, 0, 0]",4,8.62359648297072,-1,1
250,"[1, 1, 7, 0, 7, 2, 7, 0, 0, 1, 0, 0, 2, 0, 0, 2, 0, 0, 0, 0, 1, 0, 0, 0, 0, 0, 0, 0, 0, 0, 0, 0, 1, 1, 0, 0, 2, 0, 0, 0, 0, 0, 2, 0, 1, 1, 0, 1, 0, 0, 0, 0, 0, 0, 0, 1, 0, 0, 0, 0, 0, 0, 0, 2, 2, 4, 1, 4, 1, 2, 0, 3, 2, 4, 1, 5, 4, 6, 3, 6, 39, 0, 0, 0, 0, 0, 0]",1,0.8093053426539562,-1,0
251,"[1, 1, 7, 0, 7, 2, 7, 0, 0, 1, 0, 0, 2, 0, 0, 2, 0, 0, 0, 0, 1, 0, 0, 0, 0, 0, 0, 0, 0, 0, 0, 0, 1, 1, 0, 0, 2, 0, 0, 0, 0, 0, 2, 0, 1, 1, 0, 1, 0, 0, 0, 0, 0, 0, 0, 1, 0, 0, 0, 0, 0, 0, 0, 2, 2, 4, 1, 4, 1, 2, 0, 3, 2, 4, 1, 5, 4, 6, 3, 6, 39, 0, 0, 0, 0, 0, 0]",-1,-0.03385284372490823,-1,0
252,"[1, 1, 7, 0, 7, 2, 7, 0, 0, 1, 0, 0, 2, 0, 0, 2, 0, 0, 0, 0, 1, 0, 0, 0, 0, 0, 0, 0, 0, 0, 0, 0, 1, 1, 0, 0, 2, 0, 0, 0, 0, 0, 2, 0, 1, 1, 0, 1, 0, 0, 0, 0, 0, 0, 0, 1, 0, 0, 0, 0, 0, 0, 0, 2, 2, 4, 1, 4, 1, 2, 0, 3, 2, 4, 1, 5, 4, 6, 3, 6, 39, 0, 1, 0, 0, 0, 0]",2,0.5996812275543394,-1,0
253,"[1, 1, 7, 0, 7, 2, 7, 0, 0, 1, 0, 0, 2, 0, 0, 2, 0, 0, 0, 0, 1, 0, 0, 0, 0, 0, 0, 0, 0, 0, 0, 0, 1, 1, 0, 0, 2, 0, 0, 0, 0, 0, 2, 0, 1, 1, 0, 1, 0, 0, 0, 0, 0, 0, 0, 1, 0, 0, 0, 0, 0, 0, 0, 2, 2, 4, 1, 4, 1, 2, 0, 3, 2, 4, 1, 5, 4, 6, 3, 6, 39, 0, 0, 0, 0, 0, 0]",-1,-0.03385284372490823,-1,0
254,"[1, 1, 7, 0, 7, 2, 7, 0, 0, 1, 0, 0, 2, 0, 0, 2, 0, 0, 0, 0, 1, 0, 0, 0, 0, 0, 0, 0, 0, 0, 0, 0, 1, 1, 0, 0, 2, 0, 0, 0, 0, 0, 2, 0, 1, 1, 0, 1, 0, 0, 0, 0, 0, 0, 0, 1, 0, 0, 0, 0, 0, 0, 0, 2, 2, 4, 1, 4, 1, 2, 0, 3, 2, 4, 1, 5, 4, 6, 3, 6, 39, 1, 0, 0, 0, 0, 0]",3,0.39968122755433944,-1,0
255,"[1, 1, 7, 0, 7, 2, 7, 0, 0, 1, 0, 0, 2, 0, 0, 2, 0, 0, 0, 0, 1, 0, 0, 0, 0, 0, 0, 0, 0, 0, 0, 0, 1, 1, 0, 0, 2, 0, 0, 0, 0, 0, 2, 0, 1, 1, 0, 1, 0, 0, 0, 0, 0, 0, 0, 1, 0, 0, 0, 0, 0, 0, 0, 2, 2, 4, 1, 4, 1, 2, 0, 3, 2, 4, 1, 5, 4, 6, 3, 6, 39, 0, 0, 0, 0, 0, 0]",-1,-0.03385284372490823,-1,0
256,"[1, 1, 7, 0, 7, 2, 7, 0, 0, 1, 0, 0, 2, 0, 0, 2, 0, 0, 0, 0, 1, 0, 0, 0, 0, 0, 0, 0, 0, 0, 0, 0, 1, 1, 0, 0, 2, 0, 0, 0, 0, 0, 2, 0, 1, 1, 0, 1, 0, 0, 0, 0, 0, 0, 0, 1, 0, 0, 0, 0, 0, 0, 0, 2, 2, 4, 1, 4, 1, 2, 0, 3, 2, 4, 1, 5, 4, 6, 3, 6, 39, 0, 1, 0, 0, 0, 0]",2,0.5996812275543394,-1,0
257,"[1, 1, 7, 0, 7, 2, 7, 0, 0, 1, 0, 0, 2, 0, 0, 2, 0, 0, 0, 0, 1, 0, 0, 0, 0, 0, 0, 0, 0, 0, 0, 0, 1, 1, 0, 0, 2, 0, 0, 0, 0, 0, 2, 0, 1, 1, 0, 1, 0, 0, 0, 0, 0, 0, 0, 1, 0, 0, 0, 0, 0, 0, 0, 2, 2, 4, 1, 4, 1, 2, 0, 3, 2, 4, 1, 5, 4, 6, 3, 6, 39, 0, 0, 0, 0, 0, 0]",-1,-0.03385284372490823,-1,0
258,"[1, 1, 7, 0, 7, 2, 7, 0, 0, 1, 0, 0, 2, 0, 0, 2, 0, 0, 0, 0, 1, 0, 0, 0, 0, 0, 0, 0, 0, 0, 0, 0, 1, 1, 0, 0, 2, 0, 0, 0, 0, 0, 2, 0, 1, 1, 0, 1, 0, 0, 0, 0, 0, 0, 0, 1, 0, 0, 0, 0, 0, 0, 0, 2, 2, 4, 1, 4, 1, 2, 0, 3, 2, 4, 1, 5, 4, 6, 3, 6, 39, 0, 0, 0, 0, 0, 0]",1,0.8093053426539562,-1,0
259,"[1, 1, 7, 0, 7, 2, 7, 0, 0, 1, 0, 0, 2, 0, 0, 2, 0, 0, 0, 0, 1, 0, 0, 0, 0, 0, 0, 0, 0, 0, 0, 0, 1, 1, 0, 0, 2, 0, 0, 0, 0, 0, 2, 0, 1, 1, 0, 1, 0, 0, 0, 0, 0, 0, 0, 1, 0, 0, 0, 0, 0, 0, 0, 2, 2, 4, 1, 4, 1, 2, 0, 3, 2, 4, 1, 5, 4, 6, 3, 6, 39, 0, 0, 0, 0, 0, 0]",-1,-0.03385284372490823,-1,0
260,"[1, 1, 7, 0, 7, 2, 7, 0, 0, 1, 0, 0, 2, 0, 0, 2, 0, 0, 0, 0, 1, 0, 0, 0, 0, 0, 0, 0, 0, 0, 0, 0, 1, 1, 0, 0, 2, 0, 0, 0, 0, 0, 2, 0, 1, 1, 0, 1, 0, 0, 0, 0, 0, 0, 0, 1, 0, 0, 0, 0, 0, 0, 0, 2, 2, 4, 1, 4, 1, 2, 0, 3, 2, 4, 1, 5, 4, 6, 3, 6, 39, 0, 1, 0, 0, 0, 0]",2,0.5996812275543394,-1,0
261,"[1, 1, 7, 0, 7, 2, 7, 0, 0, 1, 0, 0, 2, 0, 0, 2, 0, 0, 0, 0, 1, 0, 0, 0, 0, 0, 0, 0, 0, 0, 0, 0, 1, 1, 0, 0, 2, 0, 0, 0, 0, 0, 2, 0, 1, 1, 0, 1, 0, 0, 0, 0, 0, 0, 0, 1, 0, 0, 0, 0, 0, 0, 0, 2, 2, 4, 1, 4, 1, 2, 0, 3, 2, 4, 1, 5, 4, 6, 3, 6, 39, 0, 0, 0, 0, 0, 0]",-1,-0.03385284372490823,-1,0
262,"[1, 1, 7, 0, 7, 2, 7, 0, 0, 1, 0, 0, 2, 0, 0, 2, 0, 0, 0, 0, 1, 0, 0, 0, 0, 0, 0, 0, 0, 0, 0, 0, 1, 1, 0, 0, 2, 0, 0, 0, 0, 0, 2, 0, 1, 1, 0, 1, 0, 0, 0, 0, 0, 0, 0, 1, 0, 0, 0, 0, 0, 0, 0, 2, 2, 4, 1, 4, 1, 2, 0, 3, 2, 4, 1, 5, 4, 6, 3, 6, 39, 0, 0, 0, 0, 0, 0]",1,0.8093053426539562,-1,0
263,"[1, 1, 7, 0, 7, 2, 7, 0, 0, 1, 0, 0, 2, 0, 0, 2, 0, 0, 0, 0, 1, 0, 0, 0, 0, 0, 0, 0, 0, 0, 0, 0, 1, 1, 0, 0, 2, 0, 0, 0, 0, 0, 2, 0, 1, 1, 0, 1, 0, 0, 0, 0, 0, 0, 0, 1, 0, 0, 0, 0, 0, 0, 0, 2, 2, 4, 1, 4, 1, 2, 0, 3, 2, 4, 1, 5, 4, 6, 3, 6, 39, 0, 0, 0, 0, 0, 0]",-1,-0.03385284372490823,-1,0
264,"[1, 1, 7, 0, 7, 2, 7, 0, 0, 1, 0, 0, 2, 0, 0, 2, 0, 0, 0, 0, 1, 0, 0, 0, 0, 0, 0, 0, 0, 0, 0, 0, 1, 1, 0, 0, 2, 0, 0, 0, 0, 0, 2, 0, 1, 1, 0, 1, 0, 0, 0, 0, 0, 0, 0, 1, 0, 0, 0, 0, 0, 0, 0, 2, 2, 4, 1, 4, 1, 2, 0, 3, 2, 4, 1, 5, 4, 6, 3, 6, 39, 0, 1, 0, 0, 0, 0]",2,0.5996812275543394,-1,0
265,"[1, 1, 7, 0, 7, 2, 7, 0, 0, 1, 0, 0, 2, 0, 0, 2, 0, 0, 0, 0, 1, 0, 0, 0, 0, 0, 0, 0, 0, 0, 0, 0, 1, 1, 0, 0, 2, 0, 0, 0, 0, 0, 2, 0, 1, 1, 0, 1, 0, 0, 0, 0, 0, 0, 0, 1, 0, 0, 0, 0, 0, 0, 0, 2, 2, 4, 1, 4, 1, 2, 0, 3, 2, 4, 1, 5, 4, 6, 3, 6, 39, 0, 0, 0, 0, 0, 0]",-1,-0.03385284372490823,-1,0
266,"[1, 1, 7, 0, 7, 2, 7, 0, 0, 1, 0, 0, 2, 0, 0, 2, 0, 0, 0, 0, 1, 0, 0, 0, 0, 0, 0, 0, 0, 0, 0, 0, 1, 1, 0, 0, 2, 0, 0, 0, 0, 0, 2, 0, 1, 1, 0, 1, 0, 0, 0, 0, 0, 0, 0, 1, 0, 0, 0, 0, 0, 0, 0, 2, 2, 4, 1, 4, 1, 2, 0, 3, 2, 4, 1, 5, 4, 6, 3, 6, 39, 0, 0, 0, 0, 0, 0]",1,0.8093053426539562,-1,0
267,"[1, 1, 7, 0, 7, 2, 7, 0, 0, 1, 0, 0, 2, 0, 0, 2, 0, 0, 0, 0, 1, 0, 0, 0, 0, 0, 0, 0, 0, 0, 0, 0, 1, 1, 0, 0, 2, 0, 0, 0, 0, 0, 2, 0, 1, 1, 0, 1, 0, 0, 0, 0, 0, 0, 0, 1, 0, 0, 0, 0, 0, 0, 0, 2, 2, 4, 1, 4, 1, 2, 0, 3, 2, 4, 1, 5, 4, 6, 3, 6, 39, 0, 0, 0, 0, 0, 0]",-1,-0.03385284372490823,-1,0
268,"[1, 1, 7, 0, 7, 2, 7, 0, 0, 1, 0, 0, 2, 0, 0, 2, 0, 0, 0, 0, 1, 0, 0, 0, 0, 0, 0, 0, 0, 0, 0, 0, 1, 1, 0, 0, 2, 0, 0, 0, 0, 0, 2, 0, 1, 1, 0, 1, 0, 0, 0, 0, 0, 0, 0, 1, 0, 0, 0, 0, 0, 0, 0, 2, 2, 4, 1, 4, 1, 2, 0, 3, 2, 4, 1, 5, 4, 6, 3, 6, 39, 1, 0, 0, 0, 0, 0]",3,0.39968122755433944,-1,0
269,"[1, 1, 7, 0, 7, 2, 7, 0, 0, 1, 0, 0, 2, 0, 0, 2, 0, 0, 0, 0, 1, 0, 0, 0, 0, 0, 0, 0, 0, 0, 0, 0, 1, 1, 0, 0, 2, 0, 0, 0, 0, 0, 2, 0, 1, 1, 0, 1, 0, 0, 0, 0, 0, 0, 0, 1, 0, 0, 0, 0, 0, 0, 0, 2, 2, 4, 1, 4, 1, 2, 0, 3, 2, 4, 1, 5, 4, 6, 3, 6, 39, 0, 0, 0, 0, 0, 0]",-1,-0.03385284372490823,-1,0
270,"[1, 1, 7, 0, 7, 2, 7, 0, 0, 1, 0, 0, 2, 0, 0, 2, 0, 0, 0, 0, 1, 0, 0, 0, 0, 0, 0, 0, 0, 0, 0, 0, 1, 1, 0, 0, 2, 0, 0, 0, 0, 0, 2, 0, 1, 1, 0, 1, 0, 0, 0, 0, 0, 0, 0, 1, 0, 0, 0, 0, 0, 0, 0, 2, 2, 4, 1, 4, 1, 2, 0, 3, 2, 4, 1, 5, 4, 6, 3, 6, 40, 0, 0, 0, 0, 0, 0]",4,13.977363959203219,-1,0
271,"[1, 1, 7, 0, 7, 2, 7, 0, 0, 1, 0, 0, 2, 0, 0, 2, 0, 0, 0, 0, 1, 0, 0, 0, 0, 0, 0, 0, 0, 0, 0, 0, 1, 1, 0, 0, 2, 0, 0, 0, 0, 0, 2, 0, 1, 1, 0, 1, 0, 0, 0, 0, 0, 0, 0, 1, 0, 0, 0, 0, 0, 0, 0, 2, 2, 4, 1, 4, 1, 2, 0, 3, 2, 4, 1, 5, 4, 6, 3, 6, 40, 0, 0, 0, 0, 0, 0]",-1,-0.03351600230178197,-1,1
272,"[1, 1, 7, 0, 7, 2, 7, 0, 0, 1, 0, 0, 2, 0, 0, 2, 0, 0, 0, 0, 1, 0, 0, 0, 0, 0, 0, 0, 0, 0, 0, 0, 1, 1, 0, 0, 2, 0, 0, 0, 0, 0, 2, 0, 1, 1, 0, 1, 0, 0, 0, 0, 0, 0, 0, 1, 0, 0, 0, 0, 0, 0, 0, 2, 2, 4, 1, 4, 1, 2, 0, 3, 2, 4, 1, 5, 4, 6, 3, 6, 40, 0, 0, 0, 0, 0, 0]",-1,-0.03351600230178197,-1,1
273,"[1, 1, 7, 0, 9, 3, 7, 0, 0, 1, 0, 0, 2, 0, 0, 2, 0, 0, 0, 0, 1, 0, 0, 0, 0, 0, 0, 0, 0, 0, 0, 0, 1, 1, 0, 0, 2, 0, 0, 0, 0, 0, 2, 0, 1, 1, 0, 1, 0, 0, 0, 0, 0, 0, 0, 1, 0, 0, 0, 0, 0, 0, 0, 2, 2, 4, 1, 4, 1, 2, 0, 3, 2, 4, 1, 5, 4, 6, 3, 6, 41, 0, 0, 0, 0, 0, 0]",4,8.639216267213138,-1,1
274,"[1, 1, 7, 0, 9, 3, 7, 0, 0, 1, 0, 0, 2, 0, 0, 2, 0, 0, 0, 0, 1, 0, 0, 0, 0, 0, 0, 0, 0, 0, 0, 0, 1, 1, 0, 0, 2, 0, 0, 0, 0, 0, 2, 0, 1, 1, 0, 1, 0, 0, 0, 0, 0, 0, 0, 1, 0, 0, 0, 0, 0, 0, 0, 2, 2, 4, 1, 4, 1, 2, 0, 3, 2, 4, 1, 5, 4, 6, 3, 6, 41, 1, 0, 0, 0, 0, 0]",3,0.39965472376685257,-1,0
275,"[1, 1, 7, 0, 9, 3, 7, 0, 0, 1, 0, 0, 2, 0, 0, 2, 0, 0, 0, 0, 1, 0, 0, 0, 0, 0, 0, 0, 0, 0, 0, 0, 1, 1, 0, 0, 2, 0, 0, 0, 0, 0, 2, 0, 1, 1, 0, 1, 0, 0, 0, 0, 0, 0, 0, 1, 0, 0, 0, 0, 0, 0, 0, 2, 2, 4, 1, 4, 1, 2, 0, 3, 2, 4, 1, 5, 4, 6, 3, 6, 41, 0, 0, 0, 0, 0, 0]",-1,-0.03318251250681597,-1,0
276,"[1, 1, 7, 0, 11, 4, 7, 0, 0, 1, 0, 0, 2, 0, 0, 2, 0, 0, 0, 0, 1, 0, 0, 0, 0, 0, 0, 0, 0, 0, 0, 0, 1, 1, 0, 0, 2, 0, 0, 0, 0, 0, 2, 0, 1, 1, 0, 1, 0, 0, 0, 0, 0, 0, 0, 1, 0, 0, 0, 0, 0, 0, 0, 2, 2, 4, 1, 4, 1, 2, 0, 3, 2, 4, 1, 5, 4, 6, 3, 6, 42, 0, 0, 0, 0, 0, 0]",4,13.975995715076953,-1,0
277,"[1, 1, 7, 0, 11, 4, 7, 0, 0, 1, 0, 0, 2, 0, 0, 2, 0, 0, 0, 0, 1, 0, 0, 0, 0, 0, 0, 0, 0, 0, 0, 0, 1, 1, 0, 0, 2, 0, 0, 0, 0, 0, 2, 0, 1, 1, 0, 1, 0, 0, 0, 0, 0, 0, 0, 1, 0, 0, 0, 0, 0, 0, 0, 2, 2, 4, 1, 4, 1, 2, 0, 3, 2, 4, 1, 5, 4, 6, 3, 6, 42, 0, 0, 0, 0, 0, 0]",0,0.6257396917938254,-1,1
278,"[1, 1, 7, 0, 10, 3, 7, 0, 0, 1, 0, 0, 2, 0, 0, 2, 0, 0, 0, 0, 1, 0, 0, 0, 0, 0, 0, 0, 0, 0, 0, 0, 1, 1, 0, 0, 2, 0, 0, 2, 0, 0, 2, 0, 1, 1, 0, 1, 0, 0, 0, 0, 0, 0, 0, 1, 0, 0, 0, 0, 0, 0, 0, 2, 2, 4, 1, 4, 1, 2, 0, 3, 2, 4, 1, 5, 4, 6, 3, 6, 42, 0, 0, 0, 0, 0, 0]",7,0.4996406580938843,-1,1
279,"[1, 1, 7, 0, 10, 3, 7, 0, 0, 1, 0, 0, 2, 0, 0, 2, 0, 0, 0, 0, 1, 0, 0, 0, 0, 0, 0, 0, 0, 0, 0, 0, 1, 1, 0, 0, 2, 0, 0, 2, 0, 0, 2, 0, 1, 1, 0, 1, 0, 0, 0, 0, 0, 0, 0, 1, 0, 0, 0, 0, 0, 0, 0, 2, 2, 4, 1, 4, 1, 2, 0, 3, 2, 4, 1, 5, 4, 6, 3, 6, 42, 0, 0, 0, 0, 0, 0]",-1,-0.03285234099075284,-1,1
280,"[1, 1, 8, 0, 10, 3, 8, 0, 0, 1, 0, 0, 2, 0, 0, 2, 0, 0, 0, 0, 1, 0, 0, 0, 0, 0, 0, 0, 0, 0, 0, 0, 1, 1, 0, 0, 2, 0, 0, 2, 0, 0, 2, 0, 1, 1, 0, 1, 0, 0, 0, 0, 0, 0, 0, 1, 0, 0, 0, 0, 0, 0, 0, 2, 2, 4, 1, 4, 1, 2, 0, 3, 2, 4, 1, 5, 4, 6, 3, 6, 43, 0, 0, 0, 0, 0, 0]",4,10.023118016803734,-1,1
281,"[1, 1, 8, 0, 10, 3, 8, 0, 0, 1, 0, 0, 2, 0, 0, 2, 0, 0, 0, 0, 1, 0, 0, 0, 0, 0, 0, 0, 0, 0, 0, 0, 1, 1, 0, 0, 2, 0, 0, 2, 0, 0, 2, 0, 1, 1, 0, 1, 0, 0, 0, 0, 0, 0, 0, 1, 0, 0, 0, 0, 0, 0, 0, 2, 2, 4, 1, 4, 1, 2, 0, 3, 2, 4, 1, 5, 4, 6, 3, 6, 43, 1, 0, 0, 0, 0, 0]",3,0.39962602049458323,-1,0
282,"[1, 1, 8, 0, 10, 3, 8, 0, 0, 1, 0, 0, 2, 0, 0, 2, 0, 0, 0, 0, 1, 0, 0, 0, 0, 0, 0, 0, 0, 0, 0, 0, 1, 1, 0, 0, 2, 0, 0, 2, 0, 0, 2, 0, 1, 1, 0, 1, 0, 0, 0, 0, 0, 0, 0, 1, 0, 0, 0, 0, 0, 0, 0, 2, 2, 4, 1, 4, 1, 2, 0, 3, 2, 4, 1, 5, 4, 6, 3, 6, 43, 0, 0, 0, 0, 0, 0]",-1,-0.032525454736165825,-1,0
283,"[1, 1, 4, 0, 5, 1, 4, 0, 0, 1, 0, 0, 2, 0, 0, 2, 0, 0, 0, 0, 1, 0, 0, 0, 0, 0, 0, 0, 0, 0, 0, 0, 1, 1, 0, 0, 2, 0, 0, 2, 0, 0, 2, 0, 1, 1, 0, 1, 0, 0, 0, 0, 0, 0, 0, 1, 0, 0, 0, 0, 0, 0, 0, 2, 2, 4, 1, 4, 1, 2, 0, 3, 2, 4, 1, 5, 4, 6, 3, 3, 44, 0, 0, 0, 0, 0, 0]",4,14.210429923864604,-1,0
284,"[1, 1, 4, 0, 5, 1, 4, 0, 0, 1, 0, 0, 2, 0, 0, 2, 0, 0, 0, 0, 1, 0, 0, 0, 0, 0, 0, 0, 0, 0, 0, 0, 1, 1, 0, 0, 2, 0, 0, 2, 0, 0, 2, 0, 1, 1, 0, 1, 0, 0, 0, 0, 0, 0, 0, 1, 0, 0, 0, 0, 0, 0, 0, 2, 2, 4, 1, 4, 1, 2, 0, 3, 2, 4, 1, 5, 4, 6, 3, 3, 44, 0, 0, 0, 0, 0, 0]",0,0.5852728063768357,-1,1
285,"[1, 1, 4, 0, 5, 1, 4, 0, 0, 1, 0, 0, 2, 0, 0, 2, 0, 0, 0, 0, 1, 0, 0, 0, 0, 0, 0, 0, 0, 0, 0, 0, 1, 1, 0, 0, 2, 0, 0, 2, 0, 0, 2, 0, 1, 1, 0, 1, 0, 0, 0, 0, 0, 0, 0, 1, 0, 0, 0, 0, 0, 0, 0, 2, 2, 4, 1, 4, 1, 2, 0, 3, 2, 4, 1, 5, 4, 6, 3, 3, 44, 0, 0, 0, 0, 0, 0]",-1,-0.03220182105415707,-1,1
286,"[1, 1, 2, 0, 2, 1, 2, 0, 0, 1, 0, 0, 2, 0, 0, 2, 0, 0, 0, 0, 1, 0, 0, 0, 0, 0, 0, 0, 0, 0, 0, 0, 1, 1, 0, 0, 2, 0, 0, 2, 0, 0, 2, 0, 1, 1, 0, 1, 0, 0, 0, 0, 0, 0, 0, 1, 0, 0, 0, 0, 0, 0, 0, 2, 2, 4, 1, 4, 1, 2, 0, 3, 2, 4, 1, 5, 4, 6, 3, 4, 45, 0, 0, 0, 0, 0, 0]",4,10.336440081965218,-1,1
287,"[1, 1, 2, 0, 2, 1, 2, 0, 0, 1, 0, 0, 2, 0, 0, 2, 0, 0, 0, 0, 1, 0, 0, 0, 0, 0, 0, 0, 0, 0, 0, 0, 1, 1, 0, 0, 2, 0, 0, 2, 0, 0, 2, 0, 1, 1, 0, 1, 0, 0, 0, 0, 0, 0, 0, 1, 0, 0, 0, 0, 0, 0, 0, 2, 2, 4, 1, 4, 1, 2, 0, 3, 2, 4, 1, 5, 4, 6, 3, 4, 45, 1, 0, 0, 0, 0, 0]",3,0.39959493592219003,-1,0
288,"[1, 1, 2, 0, 2, 1, 2, 0, 0, 1, 0, 0, 2, 0, 0, 2, 0, 0, 0, 0, 1, 0, 0, 0, 0, 0, 0, 0, 0, 0, 0, 0, 1, 1, 0, 0, 2, 0, 0, 2, 0, 0, 2, 0, 1, 1, 0, 1, 0, 0, 0, 0, 0, 0, 0, 1, 0, 0, 0, 0, 0, 0, 0, 2, 2, 4, 1, 4, 1, 2, 0, 3, 2, 4, 1, 5, 4, 6, 3, 4, 45, 0, 0, 0, 0, 0, 0]",-1,-0.03188140758108867,-1,0
289,"[1, 1, 2, 0, 2, 1, 2, 0, 0, 1, 0, 0, 2, 0, 0, 2, 0, 0, 0, 0, 1, 0, 0, 0, 0, 0, 0, 0, 0, 0, 0, 0, 1, 1, 0, 0, 2, 0, 0, 2, 0, 0, 2, 0, 1, 1, 0, 1, 0, 0, 0, 0, 0, 0, 0, 1, 0, 0, 0, 0, 0, 0, 0, 2, 2, 4, 1, 4, 1, 2, 0, 3, 2, 4, 1, 5, 4, 6, 3, 4, 45, 0, 1, 0, 0, 0, 0]",2,0.59959493592219,-1,0
290,"[1, 1, 2, 0, 2, 1, 2, 0, 0, 1, 0, 0, 2, 0, 0, 2, 0, 0, 0, 0, 1, 0, 0, 0, 0, 0, 0, 0, 0, 0, 0, 0, 1, 1, 0, 0, 2, 0, 0, 2, 0, 0, 2, 0, 1, 1, 0, 1, 0, 0, 0, 0, 0, 0, 0, 1, 0, 0, 0, 0, 0, 0, 0, 2, 2, 4, 1, 4, 1, 2, 0, 3, 2, 4, 1, 5, 4, 6, 3, 4, 45, 0, 0, 0, 0, 0, 0]",-1,-0.03188140758108867,-1,0
291,"[1, 1, 2, 0, 2, 1, 2, 0, 0, 1, 0, 0, 2, 0, 0, 2, 0, 0, 0, 0, 1, 0, 0, 0, 0, 0, 0, 0, 0, 0, 0, 0, 1, 1, 0, 0, 2, 0, 0, 2, 0, 0, 2, 0, 1, 1, 0, 1, 0, 0, 0, 0, 0, 0, 0, 1, 0, 0, 0, 0, 0, 0, 0, 2, 2, 4, 1, 4, 1, 2, 0, 3, 2, 4, 1, 5, 4, 6, 3, 4, 45, 1, 0, 0, 0, 0, 0]",3,0.39959493592219003,-1,0
292,"[1, 1, 2, 0, 2, 1, 2, 0, 0, 1, 0, 0, 2, 0, 0, 2, 0, 0, 0, 0, 1, 0, 0, 0, 0, 0, 0, 0, 0, 0, 0, 0, 1, 1, 0, 0, 2, 0, 0, 2, 0, 0, 2, 0, 1, 1, 0, 1, 0, 0, 0, 0, 0, 0, 0, 1, 0, 0, 0, 0, 0, 0, 0, 2, 2, 4, 1, 4, 1, 2, 0, 3, 2, 4, 1, 5, 4, 6, 3, 4, 45, 0, 0, 0, 0, 0, 0]",-1,-0.03188140758108867,-1,0
293,"[1, 1, 2, 0, 2, 1, 2, 0, 0, 1, 0, 0, 2, 0, 0, 2, 0, 0, 0, 0, 1, 0, 0, 0, 0, 0, 0, 0, 0, 0, 0, 0, 1, 1, 0, 0, 2, 0, 0, 2, 0, 0, 2, 0, 1, 1, 0, 1, 0, 0, 0, 0, 0, 0, 0, 1, 0, 0, 0, 0, 0, 0, 0, 2, 2, 4, 1, 4, 1, 2, 0, 3, 2, 4, 1, 5, 4, 6, 3, 4, 45, 0, 0, 0, 0, 0, 0]",1,0.8092190510218068,-1,0
294,"[1, 1, 2, 0, 2, 1, 2, 0, 0, 1, 0, 0, 2, 0, 0, 2, 0, 0, 0, 0, 1, 0, 0, 0, 0, 0, 0, 0, 0, 0, 0, 0, 1, 1, 0, 0, 2, 0, 0, 2, 0, 0, 2, 0, 1, 1, 0, 1, 0, 0, 0, 0, 0, 0, 0, 1, 0, 0, 0, 0, 0, 0, 0, 2, 2, 4, 1, 4, 1, 2, 0, 3, 2, 4, 1, 5, 4, 6, 3, 4, 45, 0, 0, 0, 0, 0, 0]",-1,-0.03188140758108867,-1,0
295,"[1, 1, 2, 0, 2, 1, 2, 0, 0, 1, 0, 0, 2, 0, 0, 2, 0, 0, 0, 0, 1, 0, 0, 0, 0, 0, 0, 0, 0, 0, 0, 0, 1, 1, 0, 0, 2, 0, 0, 2, 0, 0, 2, 0, 1, 1, 0, 1, 0, 0, 0, 0, 0, 0, 0, 1, 0, 0, 0, 0, 0, 0, 0, 2, 2, 4, 1, 4, 1, 2, 0, 3, 2, 4, 1, 5, 4, 6, 3, 4, 45, 0, 1, 0, 0, 0, 0]",2,0.59959493592219,-1,0
296,"[1, 1, 2, 0, 2, 1, 2, 0, 0, 1, 0, 0, 2, 0, 0, 2, 0, 0, 0, 0, 1, 0, 0, 0, 0, 0, 0, 0, 0, 0, 0, 0, 1, 1, 0, 0, 2, 0, 0, 2, 0, 0, 2, 0, 1, 1, 0, 1, 0, 0, 0, 0, 0, 0, 0, 1, 0, 0, 0, 0, 0, 0, 0, 2, 2, 4, 1, 4, 1, 2, 0, 3, 2, 4, 1, 5, 4, 6, 3, 4, 45, 0, 0, 0, 0, 0, 0]",-1,-0.03188140758108867,-1,0
297,"[1, 1, 2, 0, 2, 1, 2, 0, 0, 1, 0, 0, 2, 0, 0, 2, 0, 0, 0, 0, 1, 0, 0, 0, 0, 0, 0, 0, 0, 0, 0, 0, 1, 1, 0, 0, 2, 0, 0, 2, 0, 0, 2, 0, 1, 1, 0, 1, 0, 0, 0, 0, 0, 0, 0, 1, 0, 0, 0, 0, 0, 0, 0, 2, 2, 4, 1, 4, 1, 2, 0, 3, 2, 4, 1, 5, 4, 6, 3, 4, 45, 0, 0, 0, 0, 0, 0]",1,0.8092190510218068,-1,0
298,"[1, 1, 2, 0, 2, 1, 2, 0, 0, 1, 0, 0, 2, 0, 0, 2, 0, 0, 0, 0, 1, 0, 0, 0, 0, 0, 0, 0, 0, 0, 0, 0, 1, 1, 0, 0, 2, 0, 0, 2, 0, 0, 2, 0, 1, 1, 0, 1, 0, 0, 0, 0, 0, 0, 0, 1, 0, 0, 0, 0, 0, 0, 0, 2, 2, 4, 1, 4, 1, 2, 0, 3, 2, 4, 1, 5, 4, 6, 3, 4, 45, 0, 0, 0, 0, 0, 0]",-1,-0.03188140758108867,-1,0
299,"[1, 1, 4, 0, 2, 1, 2, 0, 0, 1, 0, 0, 2, 0, 0, 2, 0, 0, 0, 0, 1, 0, 0, 0, 0, 0, 0, 0, 0, 0, 0, 0, 1, 1, 0, 0, 2, 0, 0, 2, 0, 0, 2, 0, 1, 1, 0, 1, 0, 0, 0, 0, 0, 0, 0, 1, 0, 0, 0, 0, 0, 0, 0, 2, 2, 4, 1, 4, 1, 2, 0, 3, 2, 4, 1, 5, 4, 6, 3, 4, 46, 0, 0, 0, 0, 0, 0]",4,14.209109481539057,-1,0
300,"[1, 1, 5, 0, 2, 1, 3, 0, 0, 1, 0, 0, 2, 0, 0, 2, 0, 0, 0, 0, 1, 0, 0, 0, 0, 0, 0, 0, 0, 0, 0, 0, 1, 1, 0, 0, 2, 0, 0, 2, 0, 0, 2, 0, 1, 1, 0, 1, 0, 0, 0, 0, 0, 0, 0, 1, 0, 0, 0, 0, 0, 0, 0, 2, 2, 4, 1, 4, 1, 2, 0, 3, 2, 4, 1, 5, 4, 6, 3, 4, 47, 0, 0, 0, 0, 0, 0]",4,10.204944106493862,-1,1
301,"[1, 1, 7, 0, 2, 1, 3, 0, 0, 1, 0, 0, 2, 0, 0, 2, 0, 0, 0, 0, 1, 0, 0, 0, 0, 0, 0, 0, 0, 0, 0, 0, 1, 1, 0, 0, 2, 0, 0, 2, 0, 0, 2, 0, 1, 1, 0, 1, 0, 0, 0, 0, 0, 0, 0, 1, 0, 0, 0, 0, 0, 0, 0, 2, 2, 4, 1, 4, 1, 2, 0, 3, 2, 4, 1, 5, 4, 6, 3, 4, 48, 0, 0, 0, 0, 0, 0]",4,13.972033668227006,-1,0
302,"[1, 1, 7, 0, 2, 1, 3, 0, 0, 1, 0, 0, 2, 0, 0, 2, 0, 0, 0, 0, 1, 0, 0, 0, 0, 0, 0, 0, 0, 0, 0, 0, 1, 1, 0, 0, 2, 0, 0, 2, 0, 0, 2, 0, 1, 1, 0, 1, 0, 0, 0, 0, 0, 0, 0, 1, 0, 0, 0, 0, 0, 0, 0, 2, 2, 4, 1, 4, 1, 2, 0, 3, 2, 4, 1, 5, 4, 6, 3, 4, 48, 1, 0, 0, 0, 0, 0]",3,0.3995434094292994,-1,1
303,"[1, 1, 7, 0, 2, 1, 3, 0, 0, 1, 0, 0, 2, 0, 0, 2, 0, 0, 0, 0, 1, 0, 0, 0, 0, 0, 0, 0, 0, 0, 0, 0, 1, 1, 0, 0, 2, 0, 0, 2, 0, 0, 2, 0, 1, 1, 0, 1, 0, 0, 0, 0, 0, 0, 0, 1, 0, 0, 0, 0, 0, 0, 0, 2, 2, 4, 1, 4, 1, 2, 0, 3, 2, 4, 1, 5, 4, 6, 3, 4, 48, 0, 0, 0, 0, 0, 0]",-1,-0.030939169590307042,-1,1
304,"[1, 1, 3, 0, 1, 1, 1, 0, 0, 1, 0, 0, 2, 0, 0, 2, 0, 0, 0, 0, 1, 0, 0, 0, 0, 0, 0, 0, 0, 0, 0, 0, 1, 1, 0, 0, 2, 0, 0, 2, 0, 0, 2, 0, 1, 1, 0, 1, 0, 0, 0, 0, 0, 0, 0, 1, 0, 0, 0, 0, 0, 0, 0, 2, 2, 4, 1, 4, 1, 2, 0, 3, 2, 4, 1, 5, 4, 6, 3, 2, 49, 0, 0, 0, 0, 0, 0]",4,10.594796443077449,-1,1
305,"[1, 1, 3, 0, 1, 1, 1, 0, 0, 1, 0, 0, 2, 0, 0, 2, 0, 0, 0, 0, 1, 0, 0, 0, 0, 0, 0, 0, 0, 0, 0, 0, 1, 1, 0, 0, 2, 0, 0, 2, 0, 0, 2, 0, 1, 1, 0, 1, 0, 0, 0, 0, 0, 0, 0, 1, 0, 0, 0, 0, 0, 0, 0, 2, 2, 4, 1, 4, 1, 2, 0, 3, 2, 4, 1, 5, 4, 6, 3, 2, 49, 0, 0, 0, 0, 0, 0]",1,0.8091489349863278,-1,0
306,"[1, 1, 3, 0, 1, 1, 1, 0, 0, 1, 0, 0, 2, 0, 0, 2, 0, 0, 0, 0, 1, 0, 0, 0, 0, 0, 0, 0, 0, 0, 0, 0, 1, 1, 0, 0, 2, 0, 0, 2, 0, 0, 2, 0, 1, 1, 0, 1, 0, 0, 0, 0, 0, 0, 0, 1, 0, 0, 0, 0, 0, 0, 0, 2, 2, 4, 1, 4, 1, 2, 0, 3, 2, 4, 1, 5, 4, 6, 3, 2, 49, 0, 0, 0, 0, 0, 0]",-1,-0.030631319709220808,-1,0
307,"[1, 1, 3, 0, 1, 1, 1, 0, 0, 1, 0, 0, 2, 0, 0, 2, 0, 0, 0, 0, 1, 0, 0, 0, 0, 0, 0, 0, 0, 0, 0, 0, 1, 1, 0, 0, 2, 0, 0, 2, 0, 0, 2, 0, 1, 1, 0, 1, 0, 0, 0, 0, 0, 0, 0, 1, 0, 0, 0, 0, 0, 0, 0, 2, 2, 4, 1, 4, 1, 2, 0, 3, 2, 4, 1, 5, 4, 6, 3, 2, 49, 0, 1, 0, 0, 0, 0]",2,0.599524819886711,-1,0
308,"[1, 1, 3, 0, 1, 1, 1, 0, 0, 1, 0, 0, 2, 0, 0, 2, 0, 0, 0, 0, 1, 0, 0, 0, 0, 0, 0, 0, 0, 0, 0, 0, 1, 1, 0, 0, 2, 0, 0, 2, 0, 0, 2, 0, 1, 1, 0, 1, 0, 0, 0, 0, 0, 0, 0, 1, 0, 0, 0, 0, 0, 0, 0, 2, 2, 4, 1, 4, 1, 2, 0, 3, 2, 4, 1, 5, 4, 6, 3, 2, 49, 0, 0, 0, 0, 0, 0]",-1,-0.030631319709220808,-1,0
309,"[1, 1, 3, 0, 1, 1, 1, 0, 0, 1, 0, 0, 2, 0, 0, 2, 0, 0, 0, 0, 1, 0, 0, 0, 0, 0, 0, 0, 0, 0, 0, 0, 1, 1, 0, 0, 2, 0, 0, 2, 0, 0, 2, 0, 1, 1, 0, 1, 0, 0, 0, 0, 0, 0, 0, 1, 0, 0, 0, 0, 0, 0, 0, 2, 2, 4, 1, 4, 1, 2, 0, 3, 2, 4, 1, 5, 4, 6, 3, 2, 49, 0, 0, 0, 0, 0, 0]",1,0.8091489349863278,-1,0
310,"[1, 1, 3, 0, 1, 1, 1, 0, 0, 1, 0, 0, 2, 0, 0, 2, 0, 0, 0, 0, 1, 0, 0, 0, 0, 0, 0, 0, 0, 0, 0, 0, 1, 1, 0, 0, 2, 0, 0, 2, 0, 0, 2, 0, 1, 1, 0, 1, 0, 0, 0, 0, 0, 0, 0, 1, 0, 0, 0, 0, 0, 0, 0, 2, 2, 4, 1, 4, 1, 2, 0, 3, 2, 4, 1, 5, 4, 6, 3, 2, 49, 0, 0, 0, 0, 0, 0]",-1,-0.030631319709220808,-1,0
311,"[1, 1, 3, 0, 1, 1, 1, 0, 0, 1, 0, 0, 2, 0, 0, 2, 0, 0, 0, 0, 1, 0, 0, 0, 0, 0, 0, 0, 0, 0, 0, 0, 1, 1, 0, 0, 2, 0, 0, 2, 0, 0, 2, 0, 1, 1, 0, 1, 0, 0, 0, 0, 0, 0, 0, 1, 0, 0, 0, 0, 0, 0, 0, 2, 2, 4, 1, 4, 1, 2, 0, 3, 2, 4, 1, 5, 4, 6, 3, 2, 50, 0, 0, 0, 0, 0, 0]",4,14.373723581102546,-1,0
312,"[1, 1, 1, 0, 1, 1, 1, 0, 0, 1, 0, 0, 2, 0, 0, 2, 0, 0, 0, 0, 1, 0, 0, 0, 0, 0, 0, 0, 0, 0, 0, 0, 1, 1, 0, 0, 2, 0, 0, 2, 0, 0, 2, 0, 1, 1, 0, 1, 0, 0, 0, 0, 0, 0, 0, 1, 0, 0, 0, 0, 0, 0, 0, 2, 2, 4, 1, 4, 1, 2, 0, 3, 2, 4, 1, 5, 4, 6, 3, 4, 51, 0, 0, 0, 0, 0, 0]",4,10.593531695350624,-1,1
313,"[1, 1, 1, 0, 1, 1, 1, 0, 0, 1, 0, 0, 2, 0, 0, 2, 0, 0, 0, 0, 1, 0, 0, 0, 0, 0, 0, 0, 0, 0, 0, 0, 1, 1, 0, 0, 2, 0, 0, 2, 0, 0, 2, 0, 1, 1, 0, 1, 0, 0, 0, 0, 0, 0, 0, 1, 0, 0, 0, 0, 0, 0, 0, 2, 2, 4, 1, 4, 1, 2, 0, 3, 2, 4, 1, 5, 4, 6, 3, 0, 52, 0, 0, 0, 0, 0, 0]",4,14.79290724005411,-1,0
314,"[1, 1, 1, 0, 1, 1, 1, 0, 0, 1, 0, 0, 2, 0, 0, 2, 0, 0, 0, 0, 1, 0, 0, 0, 0, 0, 0, 0, 0, 0, 0, 0, 1, 1, 0, 0, 2, 0, 0, 2, 0, 0, 2, 0, 1, 1, 0, 1, 0, 0, 0, 0, 0, 0, 0, 1, 0, 0, 0, 0, 0, 0, 0, 2, 2, 4, 1, 4, 1, 2, 0, 3, 2, 4, 1, 5, 4, 6, 3, 0, 52, 0, 1, 0, 0, 0, 0]",2,0.5994643981627573,-1,1
315,"[1, 1, 1, 0, 1, 1, 1, 0, 0, 1, 0, 0, 2, 0, 0, 2, 0, 0, 0, 0, 1, 0, 0, 0, 0, 0, 0, 0, 0, 0, 0, 0, 1, 1, 0, 0, 2, 0, 0, 2, 0, 0, 2, 0, 1, 1, 0, 1, 0, 0, 0, 0, 0, 0, 0, 1, 0, 0, 0, 0, 0, 0, 0, 2, 2, 4, 1, 4, 1, 2, 0, 3, 2, 4, 1, 5, 4, 6, 3, 0, 52, 0, 0, 0, 0, 0, 0]",-1,-0.02972602739850972,-1,1
316,"[1, 1, 1, 0, 3, 2, 1, 0, 0, 1, 0, 0, 2, 0, 0, 2, 0, 0, 0, 0, 1, 0, 0, 0, 0, 0, 0, 0, 0, 0, 0, 0, 1, 1, 0, 0, 2, 0, 0, 2, 0, 0, 2, 0, 1, 1, 0, 1, 0, 0, 0, 0, 0, 0, 0, 1, 0, 0, 0, 0, 0, 0, 0, 2, 2, 4, 1, 4, 1, 2, 0, 3, 2, 4, 1, 5, 4, 6, 3, 0, 53, 0, 0, 0, 0, 0, 0]",4,10.201149124167722,-1,1
317,"[1, 1, 1, 0, 3, 2, 1, 0, 0, 1, 0, 0, 2, 0, 0, 2, 0, 0, 0, 0, 1, 0, 0, 0, 0, 0, 0, 0, 0, 0, 0, 0, 1, 1, 0, 0, 2, 0, 0, 2, 0, 0, 2, 0, 1, 1, 0, 1, 0, 0, 0, 0, 0, 0, 0, 1, 0, 0, 0, 0, 0, 0, 0, 2, 2, 4, 1, 4, 1, 2, 0, 3, 2, 4, 1, 5, 4, 6, 3, 0, 53, 0, 1, 0, 0, 0, 0]",2,0.5994426007561915,-1,0
318,"[1, 1, 1, 0, 3, 2, 1, 0, 0, 1, 0, 0, 2, 0, 0, 2, 0, 0, 0, 0, 1, 0, 0, 0, 0, 0, 0, 0, 0, 0, 0, 0, 1, 1, 0, 0, 2, 0, 0, 2, 0, 0, 2, 0, 1, 1, 0, 1, 0, 0, 0, 0, 0, 0, 0, 1, 0, 0, 0, 0, 0, 0, 0, 2, 2, 4, 1, 4, 1, 2, 0, 3, 2, 4, 1, 5, 4, 6, 3, 0, 53, 0, 0, 0, 0, 0, 0]",-1,-0.02943024848391776,-1,0
319,"[1, 1, 1, 0, 3, 2, 1, 0, 0, 1, 0, 0, 2, 0, 0, 2, 0, 0, 0, 0, 1, 0, 0, 0, 0, 0, 0, 0, 0, 0, 0, 0, 1, 1, 0, 0, 2, 0, 0, 2, 0, 0, 2, 0, 1, 1, 0, 1, 0, 0, 0, 0, 0, 0, 0, 1, 0, 0, 0, 0, 0, 0, 0, 2, 2, 4, 1, 4, 1, 2, 0, 3, 2, 4, 1, 5, 4, 6, 3, 0, 53, 0, 0, 0, 0, 0, 0]",1,0.8090667158558082,-1,0
320,"[1, 1, 1, 0, 3, 2, 1, 0, 0, 1, 0, 0, 2, 0, 0, 2, 0, 0, 0, 0, 1, 0, 0, 0, 0, 0, 0, 0, 0, 0, 0, 0, 1, 1, 0, 0, 2, 0, 0, 2, 0, 0, 2, 0, 1, 1, 0, 1, 0, 0, 0, 0, 0, 0, 0, 1, 0, 0, 0, 0, 0, 0, 0, 2, 2, 4, 1, 4, 1, 2, 0, 3, 2, 4, 1, 5, 4, 6, 3, 0, 53, 0, 0, 0, 0, 0, 0]",-1,-0.02943024848391776,-1,0
321,"[1, 1, 1, 0, 3, 2, 1, 0, 0, 1, 0, 0, 2, 0, 0, 2, 0, 0, 0, 0, 1, 0, 0, 0, 0, 0, 0, 0, 0, 0, 0, 0, 1, 1, 0, 0, 2, 0, 0, 2, 0, 0, 2, 0, 1, 1, 0, 1, 0, 0, 0, 0, 0, 0, 0, 1, 0, 0, 0, 0, 0, 0, 0, 2, 2, 4, 1, 4, 1, 2, 0, 3, 2, 4, 1, 5, 4, 6, 3, 0, 53, 0, 0, 0, 0, 0, 0]",1,0.8090667158558082,-1,0
322,"[1, 1, 1, 0, 3, 2, 1, 0, 0, 1, 0, 0, 2, 0, 0, 2, 0, 0, 0, 0, 1, 0, 0, 0, 0, 0, 0, 0, 0, 0, 0, 0, 1, 1, 0, 0, 2, 0, 0, 2, 0, 0, 2, 0, 1, 1, 0, 1, 0, 0, 0, 0, 0, 0, 0, 1, 0, 0, 0, 0, 0, 0, 0, 2, 2, 4, 1, 4, 1, 2, 0, 3, 2, 4, 1, 5, 4, 6, 3, 0, 53, 0, 0, 0, 0, 0, 0]",-1,-0.02943024848391776,-1,0
323,"[1, 1, 1, 0, 3, 2, 1, 0, 0, 1, 0, 0, 2, 0, 0, 2, 0, 0, 0, 0, 1, 0, 0, 0, 0, 0, 0, 0, 0, 0, 0, 0, 1, 1, 0, 0, 2, 0, 0, 2, 0, 0, 2, 0, 1, 1, 0, 1, 0, 0, 0, 0, 0, 0, 0, 1, 0, 0, 0, 0, 0, 0, 0, 2, 2, 4, 1, 4, 1, 2, 0, 3, 2, 4, 1, 5, 4, 6, 3, 0, 53, 1, 0, 0, 0, 0, 0]",3,0.3994426007561916,-1,0
324,"[1, 1, 1, 0, 3, 2, 1, 0, 0, 1, 0, 0, 2, 0, 0, 2, 0, 0, 0, 0, 1, 0, 0, 0, 0, 0, 0, 0, 0, 0, 0, 0, 1, 1, 0, 0, 2, 0, 0, 2, 0, 0, 2, 0, 1, 1, 0, 1, 0, 0, 0, 0, 0, 0, 0, 1, 0, 0, 0, 0, 0, 0, 0, 2, 2, 4, 1, 4, 1, 2, 0, 3, 2, 4, 1, 5, 4, 6, 3, 0, 53, 0, 0, 0, 0, 0, 0]",-1,-0.02943024848391776,-1,0
325,"[1, 1, 1, 0, 5, 3, 1, 0, 0, 1, 0, 0, 2, 0, 0, 2, 0, 0, 0, 0, 1, 0, 0, 0, 0, 0, 0, 0, 0, 0, 0, 0, 1, 1, 0, 0, 2, 0, 0, 2, 0, 0, 2, 0, 1, 1, 0, 1, 0, 0, 0, 0, 0, 0, 0, 1, 0, 0, 0, 0, 0, 0, 0, 2, 2, 4, 1, 4, 1, 2, 0, 3, 2, 4, 1, 5, 4, 6, 3, 0, 54, 0, 0, 0, 0, 0, 0]",4,14.791673699817604,-1,0
326,"[1, 1, 1, 0, 5, 3, 1, 0, 0, 1, 0, 0, 2, 0, 0, 2, 0, 0, 0, 0, 1, 0, 0, 0, 0, 0, 0, 0, 0, 0, 0, 0, 1, 1, 0, 0, 2, 0, 0, 2, 0, 0, 2, 0, 1, 1, 0, 1, 0, 0, 0, 0, 0, 0, 0, 1, 0, 0, 0, 0, 0, 0, 0, 2, 2, 4, 1, 4, 1, 2, 0, 3, 2, 4, 1, 5, 4, 6, 3, 0, 54, 0, 0, 0, 0, 0, 0]",-1,-0.029137412618699482,-1,1
327,"[1, 1, 1, 0, 2, 1, 1, 0, 0, 1, 0, 0, 2, 0, 0, 2, 0, 0, 0, 0, 1, 0, 0, 0, 0, 0, 0, 0, 0, 0, 0, 0, 1, 1, 0, 0, 2, 0, 0, 2, 0, 0, 2, 0, 1, 1, 0, 1, 0, 0, 0, 0, 0, 0, 0, 1, 0, 0, 0, 0, 0, 0, 0, 2, 2, 4, 1, 4, 1, 2, 0, 3, 2, 4, 1, 5, 4, 6, 3, 4, 55, 0, 0, 0, 0, 0, 0]",4,10.4314397053463,-1,1
328,"[1, 1, 1, 0, 2, 1, 1, 0, 0, 1, 0, 0, 2, 0, 0, 2, 0, 0, 0, 0, 1, 0, 0, 0, 0, 0, 0, 0, 0, 0, 0, 0, 1, 1, 0, 0, 2, 0, 0, 2, 0, 0, 2, 0, 1, 1, 0, 1, 0, 0, 0, 0, 0, 0, 0, 1, 0, 0, 0, 0, 0, 0, 0, 2, 2, 4, 1, 4, 1, 2, 0, 3, 2, 4, 1, 5, 4, 6, 3, 4, 55, 0, 0, 0, 0, 0, 0]",1,0.8090204318346751,-1,0
329,"[1, 1, 1, 0, 2, 1, 1, 0, 0, 1, 0, 0, 2, 0, 0, 2, 0, 0, 0, 0, 1, 0, 0, 0, 0, 0, 0, 0, 0, 0, 0, 0, 1, 1, 0, 0, 2, 0, 0, 2, 0, 0, 2, 0, 1, 1, 0, 1, 0, 0, 0, 0, 0, 0, 0, 1, 0, 0, 0, 0, 0, 0, 0, 2, 2, 4, 1, 4, 1, 2, 0, 3, 2, 4, 1, 5, 4, 6, 3, 4, 55, 0, 0, 0, 0, 0, 0]",-1,-0.028847490519024334,-1,0
330,"[1, 1, 1, 0, 2, 1, 1, 0, 0, 1, 0, 0, 2, 0, 0, 2, 0, 0, 0, 0, 1, 0, 0, 0, 0, 0, 0, 0, 0, 0, 0, 0, 1, 1, 0, 0, 2, 0, 0, 2, 0, 0, 2, 0, 1, 1, 0, 1, 0, 0, 0, 0, 0, 0, 0, 1, 0, 0, 0, 0, 0, 0, 0, 2, 2, 4, 1, 4, 1, 2, 0, 3, 2, 4, 1, 5, 4, 6, 3, 4, 55, 1, 0, 0, 0, 0, 0]",3,0.3993963167350583,-1,0
331,"[1, 1, 1, 0, 2, 1, 1, 0, 0, 1, 0, 0, 2, 0, 0, 2, 0, 0, 0, 0, 1, 0, 0, 0, 0, 0, 0, 0, 0, 0, 0, 0, 1, 1, 0, 0, 2, 0, 0, 2, 0, 0, 2, 0, 1, 1, 0, 1, 0, 0, 0, 0, 0, 0, 0, 1, 0, 0, 0, 0, 0, 0, 0, 2, 2, 4, 1, 4, 1, 2, 0, 3, 2, 4, 1, 5, 4, 6, 3, 4, 55, 0, 0, 0, 0, 0, 0]",-1,-0.028847490519024334,-1,0
332,"[1, 1, 1, 0, 2, 1, 1, 0, 0, 1, 0, 0, 2, 0, 0, 2, 0, 0, 0, 0, 1, 0, 0, 0, 0, 0, 0, 0, 0, 0, 0, 0, 1, 1, 0, 0, 2, 0, 0, 2, 0, 0, 2, 0, 1, 1, 0, 1, 0, 0, 0, 0, 0, 0, 0, 1, 0, 0, 0, 0, 0, 0, 0, 2, 2, 4, 1, 4, 1, 2, 0, 3, 2, 4, 1, 5, 4, 6, 3, 4, 55, 0, 1, 0, 0, 0, 0]",2,0.5993963167350583,-1,0
333,"[1, 1, 1, 0, 2, 1, 1, 0, 0, 1, 0, 0, 2, 0, 0, 2, 0, 0, 0, 0, 1, 0, 0, 0, 0, 0, 0, 0, 0, 0, 0, 0, 1, 1, 0, 0, 2, 0, 0, 2, 0, 0, 2, 0, 1, 1, 0, 1, 0, 0, 0, 0, 0, 0, 0, 1, 0, 0, 0, 0, 0, 0, 0, 2, 2, 4, 1, 4, 1, 2, 0, 3, 2, 4, 1, 5, 4, 6, 3, 4, 55, 0, 0, 0, 0, 0, 0]",-1,-0.028847490519024334,-1,0
334,"[1, 1, 1, 0, 1, 1, 1, 0, 0, 1, 0, 0, 2, 0, 0, 2, 0, 0, 0, 0, 1, 0, 0, 0, 0, 0, 0, 0, 0, 0, 0, 0, 1, 1, 0, 0, 2, 0, 0, 2, 0, 0, 2, 0, 1, 1, 0, 1, 0, 0, 0, 0, 0, 0, 0, 1, 0, 0, 0, 0, 0, 0, 0, 2, 2, 4, 1, 4, 1, 2, 0, 3, 2, 4, 1, 5, 4, 6, 3, 1, 56, 0, 0, 0, 0, 0, 0]",4,14.790460022391208,-1,0
335,"[1, 1, 1, 0, 1, 1, 1, 0, 0, 1, 0, 0, 2, 0, 0, 2, 0, 0, 0, 0, 1, 0, 0, 0, 0, 0, 0, 0, 0, 0, 0, 0, 1, 1, 0, 0, 2, 0, 0, 2, 0, 0, 2, 0, 1, 1, 0, 1, 0, 0, 0, 0, 0, 0, 0, 1, 0, 0, 0, 0, 0, 0, 0, 2, 2, 4, 1, 4, 1, 2, 0, 3, 2, 4, 1, 5, 4, 6, 3, 1, 56, 0, 1, 0, 0, 0, 0]",2,0.599371757343034,-1,1
336,"[1, 1, 1, 0, 1, 1, 1, 0, 0, 1, 0, 0, 2, 0, 0, 2, 0, 0, 0, 0, 1, 0, 0, 0, 0, 0, 0, 0, 0, 0, 0, 0, 1, 1, 0, 0, 2, 0, 0, 2, 0, 0, 2, 0, 1, 1, 0, 1, 0, 0, 0, 0, 0, 0, 0, 1, 0, 0, 0, 0, 0, 0, 0, 2, 2, 4, 1, 4, 1, 2, 0, 3, 2, 4, 1, 5, 4, 6, 3, 1, 56, 0, 0, 0, 0, 0, 0]",-1,-0.028560453192440743,-1,1
337,"[1, 1, 1, 0, 1, 1, 1, 0, 0, 1, 0, 0, 2, 0, 0, 2, 0, 0, 0, 0, 1, 0, 0, 0, 0, 0, 0, 0, 0, 0, 0, 0, 1, 1, 0, 0, 2, 0, 0, 2, 0, 0, 2, 0, 1, 1, 0, 1, 0, 0, 0, 0, 0, 0, 0, 1, 0, 0, 0, 0, 0, 0, 0, 2, 2, 4, 1, 4, 1, 2, 0, 3, 2, 4, 1, 5, 4, 6, 3, 1, 56, 1, 0, 0, 0, 0, 0]",3,0.39937175734303415,-1,1
338,"[1, 1, 1, 0, 1, 1, 1, 0, 0, 1, 0, 0, 2, 0, 0, 2, 0, 0, 0, 0, 1, 0, 0, 0, 0, 0, 0, 0, 0, 0, 0, 0, 1, 1, 0, 0, 2, 0, 0, 2, 0, 0, 2, 0, 1, 1, 0, 1, 0, 0, 0, 0, 0, 0, 0, 1, 0, 0, 0, 0, 0, 0, 0, 2, 2, 4, 1, 4, 1, 2, 0, 3, 2, 4, 1, 5, 4, 6, 3, 1, 56, 0, 0, 0, 0, 0, 0]",-1,-0.028560453192440743,-1,1
339,"[1, 1, 1, 0, 1, 1, 1, 0, 0, 1, 0, 0, 2, 0, 0, 2, 0, 0, 0, 0, 1, 0, 0, 0, 0, 0, 0, 0, 0, 0, 0, 0, 1, 1, 0, 0, 2, 0, 0, 2, 0, 0, 2, 0, 1, 1, 0, 1, 0, 0, 0, 0, 0, 0, 0, 1, 0, 0, 0, 0, 0, 0, 0, 2, 2, 4, 1, 4, 1, 2, 0, 3, 2, 4, 1, 5, 4, 6, 3, 1, 56, 0, 0, 0, 0, 0, 0]",-1,-0.028560453192440743,-1,1
340,"[1, 1, 1, 0, 1, 1, 1, 0, 0, 1, 0, 0, 2, 0, 0, 2, 0, 0, 0, 0, 1, 0, 0, 0, 0, 0, 0, 0, 0, 0, 0, 0, 1, 1, 0, 0, 2, 0, 0, 2, 0, 0, 2, 0, 1, 1, 0, 1, 0, 0, 0, 0, 0, 0, 0, 1, 0, 0, 0, 0, 0, 0, 0, 2, 2, 4, 1, 4, 1, 2, 0, 3, 2, 4, 1, 5, 4, 6, 3, 1, 57, 0, 0, 0, 0, 0, 0]",4,10.589860392482677,-1,1
341,"[1, 1, 1, 0, 1, 1, 1, 0, 0, 1, 0, 0, 2, 0, 0, 2, 0, 0, 0, 0, 1, 0, 0, 0, 0, 0, 0, 0, 0, 0, 0, 0, 1, 1, 0, 0, 2, 0, 0, 2, 0, 0, 2, 0, 1, 1, 0, 1, 0, 0, 0, 0, 0, 0, 0, 1, 0, 0, 0, 0, 0, 0, 0, 2, 2, 4, 1, 4, 1, 2, 0, 3, 2, 4, 1, 5, 4, 6, 3, 1, 57, 1, 0, 0, 0, 0, 0]",3,0.3993462020876723,-1,0
342,"[1, 1, 1, 0, 1, 1, 1, 0, 0, 1, 0, 0, 2, 0, 0, 2, 0, 0, 0, 0, 1, 0, 0, 0, 0, 0, 0, 0, 0, 0, 0, 0, 1, 1, 0, 0, 2, 0, 0, 2, 0, 0, 2, 0, 1, 1, 0, 1, 0, 0, 0, 0, 0, 0, 0, 1, 0, 0, 0, 0, 0, 0, 0, 2, 2, 4, 1, 4, 1, 2, 0, 3, 2, 4, 1, 5, 4, 6, 3, 1, 57, 0, 0, 0, 0, 0, 0]",-1,-0.028276271934976855,-1,0
343,"[1, 1, 1, 0, 1, 1, 1, 0, 0, 1, 0, 0, 2, 0, 0, 2, 0, 0, 0, 0, 1, 0, 0, 0, 0, 0, 0, 0, 0, 0, 0, 0, 1, 1, 0, 0, 2, 0, 0, 2, 0, 0, 2, 0, 1, 1, 0, 1, 0, 0, 0, 0, 0, 0, 0, 1, 0, 0, 0, 0, 0, 0, 0, 2, 2, 4, 1, 4, 1, 2, 0, 3, 2, 4, 1, 5, 4, 6, 3, 1, 57, 1, 0, 0, 0, 0, 0]",3,0.3993462020876723,-1,0
344,"[1, 1, 1, 0, 1, 1, 1, 0, 0, 1, 0, 0, 2, 0, 0, 2, 0, 0, 0, 0, 1, 0, 0, 0, 0, 0, 0, 0, 0, 0, 0, 0, 1, 1, 0, 0, 2, 0, 0, 2, 0, 0, 2, 0, 1, 1, 0, 1, 0, 0, 0, 0, 0, 0, 0, 1, 0, 0, 0, 0, 0, 0, 0, 2, 2, 4, 1, 4, 1, 2, 0, 3, 2, 4, 1, 5, 4, 6, 3, 1, 57, 0, 0, 0, 0, 0, 0]",-1,-0.028276271934976855,-1,0
345,"[1, 1, 1, 0, 1, 1, 1, 0, 0, 1, 0, 0, 2, 0, 0, 2, 0, 0, 0, 0, 1, 0, 0, 0, 0, 0, 0, 0, 0, 0, 0, 0, 1, 1, 0, 0, 2, 0, 0, 2, 0, 0, 2, 0, 1, 1, 0, 1, 0, 0, 0, 0, 0, 0, 0, 1, 0, 0, 0, 0, 0, 0, 0, 2, 2, 4, 1, 4, 1, 2, 0, 3, 2, 4, 1, 5, 4, 6, 3, 1, 57, 1, 0, 0, 0, 0, 0]",3,0.3993462020876723,-1,0
346,"[1, 1, 1, 0, 1, 1, 1, 0, 0, 1, 0, 0, 2, 0, 0, 2, 0, 0, 0, 0, 1, 0, 0, 0, 0, 0, 0, 0, 0, 0, 0, 0, 1, 1, 0, 0, 2, 0, 0, 2, 0, 0, 2, 0, 1, 1, 0, 1, 0, 0, 0, 0, 0, 0, 0, 1, 0, 0, 0, 0, 0, 0, 0, 2, 2, 4, 1, 4, 1, 2, 0, 3, 2, 4, 1, 5, 4, 6, 3, 1, 57, 0, 0, 0, 0, 0, 0]",-1,-0.028276271934976855,-1,0
347,"[1, 1, 1, 0, 1, 1, 1, 0, 0, 1, 0, 0, 2, 0, 0, 2, 0, 0, 0, 0, 1, 0, 0, 0, 0, 0, 0, 0, 0, 0, 0, 0, 1, 1, 0, 0, 2, 0, 0, 2, 0, 0, 2, 0, 1, 1, 0, 1, 0, 0, 0, 0, 0, 0, 0, 1, 0, 0, 0, 0, 0, 0, 0, 2, 2, 4, 1, 4, 1, 2, 0, 3, 2, 4, 1, 5, 4, 6, 3, 1, 58, 0, 0, 0, 0, 0, 0]",4,14.789265438739495,-1,0
348,"[1, 1, 1, 0, 1, 1, 1, 0, 0, 1, 0, 0, 2, 0, 0, 2, 0, 0, 0, 0, 1, 0, 0, 0, 0, 0, 0, 0, 0, 0, 0, 0, 1, 1, 0, 0, 2, 0, 0, 2, 0, 0, 2, 0, 1, 1, 0, 1, 0, 0, 0, 0, 0, 0, 0, 1, 0, 0, 0, 0, 0, 0, 0, 2, 2, 4, 1, 4, 1, 2, 0, 3, 2, 4, 1, 5, 4, 6, 3, 1, 58, 0, 0, 0, 0, 0, 0]",0,0.5849816294332694,-1,1
349,"[1, 1, 1, 0, 1, 1, 1, 0, 0, 1, 0, 0, 2, 0, 0, 2, 0, 0, 0, 0, 1, 0, 0, 0, 0, 0, 0, 0, 0, 0, 0, 0, 1, 1, 0, 0, 2, 0, 0, 2, 0, 0, 2, 0, 1, 1, 0, 1, 0, 0, 0, 0, 0, 0, 0, 1, 0, 0, 0, 0, 0, 0, 0, 2, 2, 4, 1, 4, 1, 2, 0, 3, 2, 4, 1, 5, 4, 6, 3, 1, 58, 0, 0, 0, 0, 0, 0]",-1,-0.027994918328270103,-1,1
350,"[1, 1, 1, 0, 1, 1, 1, 0, 0, 1, 0, 0, 2, 0, 0, 2, 0, 0, 0, 0, 1, 0, 0, 0, 0, 0, 0, 0, 0, 0, 0, 0, 1, 1, 0, 0, 2, 0, 0, 2, 0, 0, 2, 0, 1, 1, 0, 1, 0, 0, 0, 0, 0, 0, 0, 1, 0, 0, 0, 0, 0, 0, 0, 2, 2, 4, 1, 4, 1, 2, 0, 3, 2, 4, 1, 5, 4, 6, 3, 1, 59, 0, 0, 0, 0, 0, 0]",4,10.588675062622475,-1,1
351,"[1, 1, 1, 0, 1, 1, 1, 0, 0, 1, 0, 0, 2, 0, 0, 2, 0, 0, 0, 0, 1, 0, 0, 0, 0, 0, 0, 0, 0, 0, 0, 0, 1, 1, 0, 0, 2, 0, 0, 2, 0, 0, 2, 0, 1, 1, 0, 1, 0, 0, 0, 0, 0, 0, 0, 1, 0, 0, 0, 0, 0, 0, 0, 2, 2, 4, 1, 4, 1, 2, 0, 3, 2, 4, 1, 5, 4, 6, 3, 6, 60, 0, 0, 0, 0, 0, 0]",4,14.788089164503688,-1,0
352,"[1, 1, 1, 0, 1, 1, 1, 0, 0, 1, 0, 0, 2, 0, 0, 2, 0, 0, 0, 0, 1, 0, 0, 0, 0, 0, 0, 0, 0, 0, 0, 0, 1, 1, 0, 0, 2, 0, 0, 2, 0, 0, 2, 0, 1, 1, 0, 1, 0, 0, 0, 0, 0, 0, 0, 1, 0, 0, 0, 0, 0, 0, 0, 2, 2, 4, 1, 4, 1, 2, 0, 3, 2, 4, 1, 5, 4, 6, 3, 6, 61, 0, 0, 0, 0, 0, 0]",4,10.587507643597228,-1,1
353,"[1, 1, 1, 0, 1, 1, 1, 0, 0, 1, 0, 0, 2, 0, 0, 2, 0, 0, 0, 0, 1, 0, 0, 0, 0, 0, 0, 0, 0, 0, 0, 0, 1, 1, 0, 0, 2, 0, 0, 2, 0, 0, 2, 0, 1, 1, 0, 1, 0, 0, 0, 0, 0, 0, 0, 1, 0, 0, 0, 0, 0, 0, 0, 2, 2, 4, 1, 4, 1, 2, 0, 3, 2, 4, 1, 5, 4, 6, 3, 6, 61, 0, 0, 0, 0, 0, 0]",1,0.8088573110773173,-1,0
354,"[1, 1, 1, 0, 1, 1, 1, 0, 0, 1, 0, 0, 2, 0, 0, 2, 0, 0, 0, 0, 1, 0, 0, 0, 0, 0, 0, 0, 0, 0, 0, 0, 1, 1, 0, 0, 2, 0, 0, 2, 0, 0, 2, 0, 1, 1, 0, 1, 0, 0, 0, 0, 0, 0, 0, 1, 0, 0, 0, 0, 0, 0, 0, 2, 2, 4, 1, 4, 1, 2, 0, 3, 2, 4, 1, 5, 4, 6, 3, 6, 61, 0, 0, 0, 0, 0, 0]",-1,-0.02716754345372499,-1,0
355,"[1, 1, 1, 0, 1, 1, 1, 0, 0, 1, 0, 0, 2, 0, 0, 2, 0, 0, 0, 0, 1, 0, 0, 0, 0, 0, 0, 0, 0, 0, 0, 0, 1, 1, 0, 0, 2, 0, 0, 2, 0, 0, 2, 0, 1, 1, 0, 1, 0, 0, 0, 0, 0, 0, 0, 1, 0, 0, 0, 0, 0, 0, 0, 2, 2, 4, 1, 4, 1, 2, 0, 3, 2, 4, 1, 5, 4, 6, 3, 6, 62, 0, 0, 0, 0, 0, 0]",4,14.786930397887776,-1,0
356,"[1, 1, 1, 0, 1, 1, 1, 0, 0, 1, 0, 0, 2, 0, 0, 2, 0, 0, 0, 0, 1, 0, 0, 0, 0, 0, 0, 0, 0, 0, 0, 0, 1, 1, 0, 0, 2, 0, 0, 2, 0, 0, 2, 0, 1, 1, 0, 1, 0, 0, 0, 0, 0, 0, 0, 1, 0, 0, 0, 0, 0, 0, 0, 2, 2, 4, 1, 4, 1, 2, 0, 3, 2, 4, 1, 5, 4, 6, 3, 6, 62, 0, 0, 0, 0, 0, 0]",-1,-0.026897221879733726,-1,1
357,"[1, 1, 1, 0, 1, 1, 1, 0, 0, 1, 0, 0, 2, 0, 0, 2, 0, 0, 0, 0, 1, 0, 0, 0, 0, 0, 0, 0, 0, 0, 0, 0, 1, 1, 0, 0, 2, 0, 0, 2, 0, 0, 2, 0, 1, 1, 0, 1, 0, 0, 0, 0, 0, 0, 0, 1, 0, 0, 0, 0, 0, 0, 0, 2, 2, 4, 1, 4, 1, 2, 0, 3, 2, 4, 1, 5, 4, 6, 3, 6, 62, 0, 0, 0, 0, 0, 0]",-1,-0.026897221879733726,-1,1
358,"[1, 1, 1, 0, 1, 1, 1, 0, 0, 1, 0, 0, 2, 0, 0, 2, 0, 0, 0, 0, 1, 0, 0, 0, 0, 0, 0, 0, 0, 0, 0, 0, 1, 1, 0, 0, 2, 0, 0, 2, 0, 0, 2, 0, 1, 1, 0, 1, 0, 0, 0, 0, 0, 0, 0, 1, 0, 0, 0, 0, 0, 0, 0, 2, 2, 4, 1, 4, 1, 2, 0, 3, 2, 4, 1, 5, 4, 6, 3, 4, 63, 0, 0, 0, 0, 0, 0]",4,10.586357324056872,-1,1
359,"[1, 1, 1, 0, 1, 1, 1, 0, 0, 1, 0, 0, 2, 0, 0, 2, 0, 0, 0, 0, 1, 0, 0, 0, 0, 0, 0, 0, 0, 0, 0, 0, 1, 1, 0, 0, 2, 0, 0, 2, 0, 0, 2, 0, 1, 1, 0, 1, 0, 0, 0, 0, 0, 0, 0, 1, 0, 0, 0, 0, 0, 0, 0, 2, 2, 4, 1, 4, 1, 2, 0, 3, 2, 4, 1, 5, 4, 6, 3, 4, 63, 0, 1, 0, 0, 0, 0]",2,0.5991695962872798,-1,0
360,"[1, 1, 1, 0, 1, 1, 1, 0, 0, 1, 0, 0, 2, 0, 0, 2, 0, 0, 0, 0, 1, 0, 0, 0, 0, 0, 0, 0, 0, 0, 0, 0, 1, 1, 0, 0, 2, 0, 0, 2, 0, 0, 2, 0, 1, 1, 0, 1, 0, 0, 0, 0, 0, 0, 0, 1, 0, 0, 0, 0, 0, 0, 0, 2, 2, 4, 1, 4, 1, 2, 0, 3, 2, 4, 1, 5, 4, 6, 3, 4, 63, 0, 0, 0, 0, 0, 0]",-1,-0.026629590050344862,-1,0
361,"[1, 1, 1, 0, 1, 1, 1, 0, 0, 1, 0, 0, 2, 0, 0, 2, 0, 0, 0, 0, 1, 0, 0, 0, 0, 0, 0, 0, 0, 0, 0, 0, 1, 1, 0, 0, 2, 0, 0, 2, 0, 0, 2, 0, 1, 1, 0, 1, 0, 0, 0, 0, 0, 0, 0, 1, 0, 0, 0, 0, 0, 0, 0, 2, 2, 4, 1, 4, 1, 2, 0, 3, 2, 4, 1, 5, 4, 6, 3, 3, 64, 0, 0, 0, 0, 0, 0]",4,14.785788317406833,-1,0
362,"[1, 1, 1, 0, 1, 1, 1, 0, 0, 1, 0, 0, 2, 0, 0, 2, 0, 0, 0, 0, 1, 0, 0, 0, 0, 0, 0, 0, 0, 0, 0, 0, 1, 1, 0, 0, 2, 0, 0, 2, 0, 0, 2, 0, 1, 1, 0, 1, 0, 0, 0, 0, 0, 0, 0, 1, 0, 0, 0, 0, 0, 0, 0, 2, 2, 4, 1, 4, 1, 2, 0, 3, 2, 4, 1, 5, 4, 6, 3, 3, 64, 1, 0, 0, 0, 0, 0]",3,0.39913585329601764,-1,1
363,"[1, 1, 1, 0, 1, 1, 1, 0, 0, 1, 0, 0, 2, 0, 0, 2, 0, 0, 0, 0, 1, 0, 0, 0, 0, 0, 0, 0, 0, 0, 0, 0, 1, 1, 0, 0, 2, 0, 0, 2, 0, 0, 2, 0, 1, 1, 0, 1, 0, 0, 0, 0, 0, 0, 0, 1, 0, 0, 0, 0, 0, 0, 0, 2, 2, 4, 1, 4, 1, 2, 0, 3, 2, 4, 1, 5, 4, 6, 3, 3, 64, 0, 0, 0, 0, 0, 0]",-1,-0.026364621202152428,-1,1
364,"[1, 1, 1, 0, 1, 1, 1, 0, 0, 1, 0, 0, 2, 0, 0, 2, 0, 0, 0, 0, 1, 0, 0, 0, 0, 0, 0, 0, 0, 0, 0, 0, 1, 1, 0, 0, 2, 0, 0, 2, 0, 0, 2, 0, 1, 1, 0, 1, 0, 0, 0, 0, 0, 0, 0, 1, 0, 0, 0, 0, 0, 0, 0, 2, 2, 4, 1, 4, 1, 2, 0, 3, 2, 4, 1, 5, 4, 6, 3, 3, 64, 0, 0, 0, 0, 0, 0]",0,0.5847978718698704,-1,1
365,"[1, 1, 1, 0, 1, 1, 1, 0, 0, 1, 0, 0, 2, 0, 0, 2, 0, 0, 0, 0, 1, 0, 0, 0, 0, 0, 0, 0, 0, 0, 0, 0, 1, 1, 0, 0, 2, 0, 0, 2, 0, 0, 2, 0, 1, 1, 0, 1, 0, 0, 0, 0, 0, 0, 0, 1, 0, 0, 0, 0, 0, 0, 0, 2, 2, 4, 1, 4, 1, 2, 0, 3, 2, 4, 1, 5, 4, 6, 3, 3, 64, 0, 0, 0, 0, 0, 0]",-1,-0.026364621202152428,-1,1
366,"[1, 1, 3, 0, 1, 1, 1, 0, 0, 1, 0, 0, 2, 0, 0, 2, 0, 0, 0, 0, 1, 0, 0, 0, 0, 0, 0, 0, 0, 0, 0, 0, 1, 1, 0, 0, 2, 0, 0, 2, 0, 0, 2, 0, 1, 1, 0, 1, 0, 0, 0, 0, 0, 0, 0, 1, 0, 0, 0, 0, 0, 0, 0, 2, 2, 4, 1, 4, 1, 2, 0, 3, 2, 4, 1, 5, 4, 6, 3, 3, 65, 0, 0, 0, 0, 0, 0]",4,10.58522327178224,-1,1
367,"[1, 1, 3, 0, 1, 1, 1, 0, 0, 1, 0, 0, 2, 0, 0, 2, 0, 0, 0, 0, 1, 0, 0, 0, 0, 0, 0, 0, 0, 0, 0, 0, 1, 1, 0, 0, 2, 0, 0, 2, 0, 0, 2, 0, 1, 1, 0, 1, 0, 0, 0, 0, 0, 0, 0, 1, 0, 0, 0, 0, 0, 0, 0, 2, 2, 4, 1, 4, 1, 2, 0, 3, 2, 4, 1, 5, 4, 6, 3, 3, 65, 1, 0, 0, 0, 0, 0]",3,0.39910074536781176,-1,0
368,"[1, 1, 3, 0, 1, 1, 1, 0, 0, 1, 0, 0, 2, 0, 0, 2, 0, 0, 0, 0, 1, 0, 0, 0, 0, 0, 0, 0, 0, 0, 0, 0, 1, 1, 0, 0, 2, 0, 0, 2, 0, 0, 2, 0, 1, 1, 0, 1, 0, 0, 0, 0, 0, 0, 0, 1, 0, 0, 0, 0, 0, 0, 0, 2, 2, 4, 1, 4, 1, 2, 0, 3, 2, 4, 1, 5, 4, 6, 3, 3, 65, 0, 0, 0, 0, 0, 0]",-1,-0.026102288838050804,-1,0
369,"[1, 1, 3, 0, 1, 1, 1, 0, 0, 1, 0, 0, 2, 0, 0, 2, 0, 0, 0, 0, 1, 0, 0, 0, 0, 0, 0, 0, 0, 0, 0, 0, 1, 1, 0, 0, 2, 0, 0, 2, 0, 0, 2, 0, 1, 1, 0, 1, 0, 0, 0, 0, 0, 0, 0, 1, 0, 0, 0, 0, 0, 0, 0, 2, 2, 4, 1, 4, 1, 2, 0, 3, 2, 4, 1, 5, 4, 6, 3, 3, 66, 0, 0, 0, 0, 0, 0]",4,14.364224261794263,-1,0
370,"[1, 1, 3, 0, 1, 1, 1, 0, 0, 1, 0, 0, 2, 0, 0, 2, 0, 0, 0, 0, 1, 0, 0, 0, 0, 0, 0, 0, 0, 0, 0, 0, 1, 1, 0, 0, 2, 0, 0, 2, 0, 0, 2, 0, 1, 1, 0, 1, 0, 0, 0, 0, 0, 0, 0, 1, 0, 0, 0, 0, 0, 0, 0, 2, 2, 4, 1, 4, 1, 2, 0, 3, 2, 4, 1, 5, 4, 6, 3, 3, 66, 0, 1, 0, 0, 0, 0]",2,0.5990642178027299,-1,1
371,"[1, 1, 3, 0, 1, 1, 1, 0, 0, 1, 0, 0, 2, 0, 0, 2, 0, 0, 0, 0, 1, 0, 0, 0, 0, 0, 0, 0, 0, 0, 0, 0, 1, 1, 0, 0, 2, 0, 0, 2, 0, 0, 2, 0, 1, 1, 0, 1, 0, 0, 0, 0, 0, 0, 0, 1, 0, 0, 0, 0, 0, 0, 0, 2, 2, 4, 1, 4, 1, 2, 0, 3, 2, 4, 1, 5, 4, 6, 3, 3, 66, 0, 0, 0, 0, 0, 0]",-1,-0.02584256672458496,-1,1
372,"[1, 1, 3, 0, 1, 1, 1, 0, 0, 1, 0, 0, 2, 0, 0, 2, 0, 0, 0, 0, 1, 0, 0, 0, 0, 0, 0, 0, 0, 0, 0, 0, 1, 1, 0, 0, 2, 0, 0, 2, 0, 0, 2, 0, 1, 1, 0, 1, 0, 0, 0, 0, 0, 0, 0, 1, 0, 0, 0, 0, 0, 0, 0, 2, 2, 4, 1, 4, 1, 2, 0, 3, 2, 4, 1, 5, 4, 6, 3, 3, 66, 0, 1, 0, 0, 0, 0]",2,0.5990642178027299,-1,1
373,"[1, 1, 3, 0, 1, 1, 1, 0, 0, 1, 0, 0, 2, 0, 0, 2, 0, 0, 0, 0, 1, 0, 0, 0, 0, 0, 0, 0, 0, 0, 0, 0, 1, 1, 0, 0, 2, 0, 0, 2, 0, 0, 2, 0, 1, 1, 0, 1, 0, 0, 0, 0, 0, 0, 0, 1, 0, 0, 0, 0, 0, 0, 0, 2, 2, 4, 1, 4, 1, 2, 0, 3, 2, 4, 1, 5, 4, 6, 3, 3, 66, 0, 0, 0, 0, 0, 0]",-1,-0.02584256672458496,-1,1
374,"[1, 1, 3, 0, 1, 1, 1, 0, 0, 1, 0, 0, 2, 0, 0, 2, 0, 0, 0, 0, 1, 0, 0, 0, 0, 0, 0, 0, 0, 0, 0, 0, 1, 1, 0, 0, 2, 0, 0, 2, 0, 0, 2, 0, 1, 1, 0, 1, 0, 0, 0, 0, 0, 0, 0, 1, 0, 0, 0, 0, 0, 0, 0, 2, 2, 4, 1, 4, 1, 2, 0, 3, 2, 4, 1, 5, 4, 6, 3, 3, 66, 0, 0, 0, 0, 0, 0]",-1,-0.02584256672458496,-1,1
375,"[1, 1, 3, 0, 1, 1, 1, 0, 0, 1, 0, 0, 2, 0, 0, 2, 0, 0, 0, 0, 1, 0, 0, 0, 0, 0, 0, 0, 0, 0, 0, 0, 1, 1, 0, 0, 2, 0, 0, 2, 0, 0, 2, 0, 1, 1, 0, 1, 0, 0, 0, 0, 0, 0, 0, 1, 0, 0, 0, 0, 0, 0, 0, 2, 2, 4, 1, 4, 1, 2, 0, 3, 2, 4, 1, 5, 4, 6, 3, 3, 67, 0, 0, 0, 0, 0, 0]",4,10.584104631210543,-1,1
376,"[1, 1, 3, 0, 1, 1, 1, 0, 0, 1, 0, 0, 2, 0, 0, 2, 0, 0, 0, 0, 1, 0, 0, 0, 0, 0, 0, 0, 0, 0, 0, 0, 1, 1, 0, 0, 2, 0, 0, 2, 0, 0, 2, 0, 1, 1, 0, 1, 0, 0, 0, 0, 0, 0, 0, 1, 0, 0, 0, 0, 0, 0, 0, 2, 2, 4, 1, 4, 1, 2, 0, 3, 2, 4, 1, 5, 4, 6, 3, 3, 68, 0, 0, 0, 0, 0, 0]",4,14.363112998227392,-1,0
377,"[1, 1, 3, 0, 1, 1, 1, 0, 0, 1, 0, 0, 2, 0, 0, 2, 0, 0, 0, 0, 1, 0, 0, 0, 0, 0, 0, 0, 0, 0, 0, 0, 1, 1, 0, 0, 2, 0, 0, 2, 0, 0, 2, 0, 1, 1, 0, 1, 0, 0, 0, 0, 0, 0, 0, 1, 0, 0, 0, 0, 0, 0, 0, 2, 2, 4, 1, 4, 1, 2, 0, 3, 2, 4, 1, 5, 4, 6, 3, 3, 68, 0, 1, 0, 0, 0, 0]",2,0.5989866741333068,-1,1
378,"[1, 1, 3, 0, 1, 1, 1, 0, 0, 1, 0, 0, 2, 0, 0, 2, 0, 0, 0, 0, 1, 0, 0, 0, 0, 0, 0, 0, 0, 0, 0, 0, 1, 1, 0, 0, 2, 0, 0, 2, 0, 0, 2, 0, 1, 1, 0, 1, 0, 0, 0, 0, 0, 0, 0, 1, 0, 0, 0, 0, 0, 0, 0, 2, 2, 4, 1, 4, 1, 2, 0, 3, 2, 4, 1, 5, 4, 6, 3, 3, 68, 0, 0, 0, 0, 0, 0]",-1,-0.02533084961827948,-1,1
379,"[1, 1, 3, 0, 1, 1, 1, 0, 0, 1, 0, 0, 2, 0, 0, 2, 0, 0, 0, 0, 1, 0, 0, 0, 0, 0, 0, 0, 0, 0, 0, 0, 1, 1, 0, 0, 2, 0, 0, 2, 0, 0, 2, 0, 1, 1, 0, 1, 0, 0, 0, 0, 0, 0, 0, 1, 0, 0, 0, 0, 0, 0, 0, 2, 2, 4, 1, 4, 1, 2, 0, 3, 2, 4, 1, 5, 4, 6, 3, 3, 68, 0, 1, 0, 0, 0, 0]",2,0.5989866741333068,-1,1
380,"[1, 1, 3, 0, 1, 1, 1, 0, 0, 1, 0, 0, 2, 0, 0, 2, 0, 0, 0, 0, 1, 0, 0, 0, 0, 0, 0, 0, 0, 0, 0, 0, 1, 1, 0, 0, 2, 0, 0, 2, 0, 0, 2, 0, 1, 1, 0, 1, 0, 0, 0, 0, 0, 0, 0, 1, 0, 0, 0, 0, 0, 0, 0, 2, 2, 4, 1, 4, 1, 2, 0, 3, 2, 4, 1, 5, 4, 6, 3, 3, 68, 0, 0, 0, 0, 0, 0]",-1,-0.02533084961827948,-1,1
381,"[1, 1, 3, 0, 1, 1, 1, 0, 0, 1, 0, 0, 2, 0, 0, 2, 0, 0, 0, 0, 1, 0, 0, 0, 0, 0, 0, 0, 0, 0, 0, 0, 1, 1, 0, 0, 2, 0, 0, 2, 0, 0, 2, 0, 1, 1, 0, 1, 0, 0, 0, 0, 0, 0, 0, 1, 0, 0, 0, 0, 0, 0, 0, 2, 2, 4, 1, 4, 1, 2, 0, 3, 2, 4, 1, 5, 4, 6, 3, 3, 68, 0, 0, 0, 0, 0, 0]",-1,-0.02533084961827948,-1,1
382,"[1, 1, 5, 0, 1, 1, 1, 0, 0, 1, 0, 0, 2, 0, 0, 2, 0, 0, 0, 0, 1, 0, 0, 0, 0, 0, 0, 0, 0, 0, 0, 0, 1, 1, 0, 0, 2, 0, 0, 2, 0, 0, 2, 0, 1, 1, 0, 1, 0, 0, 0, 0, 0, 0, 0, 1, 0, 0, 0, 0, 0, 0, 0, 2, 2, 4, 1, 4, 1, 2, 0, 3, 2, 4, 1, 5, 4, 6, 3, 3, 69, 0, 0, 0, 0, 0, 0]",4,10.583000520801292,-1,1
383,"[1, 1, 5, 0, 3, 2, 1, 0, 0, 1, 0, 0, 2, 0, 0, 2, 0, 0, 0, 0, 1, 0, 0, 0, 0, 0, 0, 0, 0, 0, 0, 0, 1, 1, 0, 0, 2, 0, 0, 2, 0, 0, 2, 0, 1, 1, 0, 1, 0, 0, 0, 0, 0, 0, 0, 1, 0, 0, 0, 0, 0, 0, 0, 2, 2, 4, 1, 4, 1, 2, 0, 3, 2, 4, 1, 5, 4, 6, 3, 3, 70, 0, 0, 0, 0, 0, 0]",4,14.085683608519648,-1,0
384,"[1, 1, 5, 0, 3, 2, 1, 0, 0, 1, 0, 0, 2, 0, 0, 2, 0, 0, 0, 0, 1, 0, 0, 0, 0, 0, 0, 0, 0, 0, 0, 0, 1, 1, 0, 0, 2, 0, 0, 2, 0, 0, 2, 0, 1, 1, 0, 1, 0, 0, 0, 0, 0, 0, 0, 1, 0, 0, 0, 0, 0, 0, 0, 2, 2, 4, 1, 4, 1, 2, 0, 3, 2, 4, 1, 5, 4, 6, 3, 3, 70, 0, 0, 0, 0, 0, 0]",-1,-0.024829265189570474,-1,1
385,"[1, 1, 5, 0, 3, 2, 1, 0, 0, 1, 0, 0, 2, 0, 0, 2, 0, 0, 0, 0, 1, 0, 0, 0, 0, 0, 0, 0, 0, 0, 0, 0, 1, 1, 0, 0, 2, 0, 0, 2, 0, 0, 2, 0, 1, 1, 0, 1, 0, 0, 0, 0, 0, 0, 0, 1, 0, 0, 0, 0, 0, 0, 0, 2, 2, 4, 1, 4, 1, 2, 0, 3, 2, 4, 1, 5, 4, 6, 3, 3, 70, 0, 0, 0, 0, 0, 0]",-1,-0.024829265189570474,-1,1
386,"[1, 1, 7, 0, 3, 2, 1, 0, 0, 1, 0, 0, 2, 0, 0, 2, 0, 0, 0, 0, 1, 0, 0, 0, 0, 0, 0, 0, 0, 0, 0, 0, 1, 1, 0, 0, 2, 0, 0, 2, 0, 0, 2, 0, 1, 1, 0, 1, 0, 0, 0, 0, 0, 0, 0, 1, 0, 0, 0, 0, 0, 0, 0, 2, 2, 4, 1, 4, 1, 2, 0, 3, 2, 4, 1, 5, 4, 6, 3, 3, 71, 0, 0, 0, 0, 0, 0]",4,10.190771214838248,-1,1
387,"[1, 1, 7, 0, 3, 2, 1, 0, 0, 1, 0, 0, 2, 0, 0, 2, 0, 0, 0, 0, 1, 0, 0, 0, 0, 0, 0, 0, 0, 0, 0, 0, 1, 1, 0, 0, 2, 0, 0, 2, 0, 0, 2, 0, 1, 1, 0, 1, 0, 0, 0, 0, 0, 0, 0, 1, 0, 0, 0, 0, 0, 0, 0, 2, 2, 4, 1, 4, 1, 2, 0, 3, 2, 4, 1, 5, 4, 6, 3, 3, 71, 1, 0, 0, 0, 0, 0]",3,0.39885821584459535,-1,0
388,"[1, 1, 7, 0, 3, 2, 1, 0, 0, 1, 0, 0, 2, 0, 0, 2, 0, 0, 0, 0, 1, 0, 0, 0, 0, 0, 0, 0, 0, 0, 0, 0, 1, 1, 0, 0, 2, 0, 0, 2, 0, 0, 2, 0, 1, 1, 0, 1, 0, 0, 0, 0, 0, 0, 0, 1, 0, 0, 0, 0, 0, 0, 0, 2, 2, 4, 1, 4, 1, 2, 0, 3, 2, 4, 1, 5, 4, 6, 3, 3, 71, 0, 0, 0, 0, 0, 0]",-1,-0.024582209873048256,-1,0
389,"[1, 1, 7, 0, 3, 2, 1, 0, 0, 1, 0, 0, 2, 0, 0, 2, 0, 0, 0, 0, 1, 0, 0, 0, 0, 0, 0, 0, 0, 0, 0, 0, 1, 1, 0, 0, 2, 0, 0, 2, 0, 0, 2, 0, 1, 1, 0, 1, 0, 0, 0, 0, 0, 0, 0, 1, 0, 0, 0, 0, 0, 0, 0, 2, 2, 4, 1, 4, 1, 2, 0, 3, 2, 4, 1, 5, 4, 6, 3, 3, 71, 1, 0, 0, 0, 0, 0]",3,0.39885821584459535,-1,0
390,"[1, 1, 7, 0, 3, 2, 1, 0, 0, 1, 0, 0, 2, 0, 0, 2, 0, 0, 0, 0, 1, 0, 0, 0, 0, 0, 0, 0, 0, 0, 0, 0, 1, 1, 0, 0, 2, 0, 0, 2, 0, 0, 2, 0, 1, 1, 0, 1, 0, 0, 0, 0, 0, 0, 0, 1, 0, 0, 0, 0, 0, 0, 0, 2, 2, 4, 1, 4, 1, 2, 0, 3, 2, 4, 1, 5, 4, 6, 3, 3, 71, 0, 0, 0, 0, 0, 0]",-1,-0.024582209873048256,-1,0
391,"[1, 1, 7, 0, 3, 2, 1, 0, 0, 1, 0, 0, 2, 0, 0, 2, 0, 0, 0, 0, 1, 0, 0, 0, 0, 0, 0, 0, 0, 0, 0, 0, 1, 1, 0, 0, 2, 0, 0, 2, 0, 0, 2, 0, 1, 1, 0, 1, 0, 0, 0, 0, 0, 0, 0, 1, 0, 0, 0, 0, 0, 0, 0, 2, 2, 4, 1, 4, 1, 2, 0, 3, 2, 4, 1, 5, 4, 6, 3, 3, 71, 0, 0, 0, 0, 0, 0]",1,0.8084823309442121,-1,0
392,"[1, 1, 7, 0, 3, 2, 1, 0, 0, 1, 0, 0, 2, 0, 0, 2, 0, 0, 0, 0, 1, 0, 0, 0, 0, 0, 0, 0, 0, 0, 0, 0, 1, 1, 0, 0, 2, 0, 0, 2, 0, 0, 2, 0, 1, 1, 0, 1, 0, 0, 0, 0, 0, 0, 0, 1, 0, 0, 0, 0, 0, 0, 0, 2, 2, 4, 1, 4, 1, 2, 0, 3, 2, 4, 1, 5, 4, 6, 3, 3, 71, 0, 0, 0, 0, 0, 0]",-1,-0.024582209873048256,-1,0
393,"[1, 1, 7, 0, 3, 2, 1, 0, 0, 1, 0, 0, 2, 0, 0, 2, 0, 0, 0, 0, 1, 0, 0, 0, 0, 0, 0, 0, 0, 0, 0, 0, 1, 1, 0, 0, 2, 0, 0, 2, 0, 0, 2, 0, 1, 1, 0, 1, 0, 0, 0, 0, 0, 0, 0, 1, 0, 0, 0, 0, 0, 0, 0, 2, 2, 4, 1, 4, 1, 2, 0, 3, 2, 4, 1, 5, 4, 6, 3, 3, 71, 1, 0, 0, 0, 0, 0]",3,0.39885821584459535,-1,0
394,"[1, 1, 7, 0, 3, 2, 1, 0, 0, 1, 0, 0, 2, 0, 0, 2, 0, 0, 0, 0, 1, 0, 0, 0, 0, 0, 0, 0, 0, 0, 0, 0, 1, 1, 0, 0, 2, 0, 0, 2, 0, 0, 2, 0, 1, 1, 0, 1, 0, 0, 0, 0, 0, 0, 0, 1, 0, 0, 0, 0, 0, 0, 0, 2, 2, 4, 1, 4, 1, 2, 0, 3, 2, 4, 1, 5, 4, 6, 3, 3, 71, 0, 0, 0, 0, 0, 0]",-1,-0.024582209873048256,-1,0
395,"[1, 1, 9, 0, 3, 2, 1, 0, 0, 1, 0, 0, 2, 0, 0, 2, 0, 0, 0, 0, 1, 0, 0, 0, 0, 0, 0, 0, 0, 0, 0, 0, 1, 1, 0, 0, 2, 0, 0, 2, 0, 0, 2, 0, 1, 1, 0, 1, 0, 0, 0, 0, 0, 0, 0, 1, 0, 0, 0, 0, 0, 0, 0, 2, 2, 4, 1, 4, 1, 2, 0, 3, 2, 4, 1, 5, 4, 6, 3, 3, 72, 0, 0, 0, 0, 0, 0]",4,13.888848828361803,-1,0
396,"[1, 1, 9, 0, 3, 2, 1, 0, 0, 1, 0, 0, 2, 0, 0, 2, 0, 0, 0, 0, 1, 0, 0, 0, 0, 0, 0, 0, 0, 0, 0, 0, 1, 1, 0, 0, 2, 0, 0, 2, 0, 0, 2, 0, 1, 1, 0, 1, 0, 0, 0, 0, 0, 0, 0, 1, 0, 0, 0, 0, 0, 0, 0, 2, 2, 4, 1, 4, 1, 2, 0, 3, 2, 4, 1, 5, 4, 6, 3, 3, 72, 0, 1, 0, 0, 0, 0]",2,0.5988118955603319,-1,1
397,"[1, 1, 9, 0, 3, 2, 1, 0, 0, 1, 0, 0, 2, 0, 0, 2, 0, 0, 0, 0, 1, 0, 0, 0, 0, 0, 0, 0, 0, 0, 0, 0, 1, 1, 0, 0, 2, 0, 0, 2, 0, 0, 2, 0, 1, 1, 0, 1, 0, 0, 0, 0, 0, 0, 0, 1, 0, 0, 0, 0, 0, 0, 0, 2, 2, 4, 1, 4, 1, 2, 0, 3, 2, 4, 1, 5, 4, 6, 3, 3, 72, 0, 1, 0, 0, 1, 0]","[[1 1 0 0]
 [1 1 6 0]]",2.3987850266975195,-1,1
398,"[1, 1, 3, 0, 3, 2, 7, 0, 0, 1, 0, 0, 2, 0, 0, 2, 0, 0, 0, 0, 1, 0, 0, 0, 0, 0, 0, 0, 0, 0, 0, 0, 1, 1, 0, 0, 2, 0, 0, 2, 0, 0, 2, 0, 1, 1, 0, 1, 0, 0, 0, 0, 0, 0, 0, 1, 0, 0, 0, 0, 0, 0, 0, 2, 2, 4, 1, 4, 1, 2, 0, 3, 2, 4, 1, 5, 4, 6, 3, 3, 72, 0, 0, 0, 0, 0, 0]",0,-0.001188104439668074,-1,0
399,"[1, 1, 3, 0, 3, 2, 7, 0, 0, 1, 0, 0, 2, 0, 0, 2, 0, 0, 0, 0, 1, 0, 0, 0, 0, 0, 0, 0, 0, 0, 0, 0, 1, 1, 0, 0, 2, 0, 0, 2, 0, 0, 2, 0, 1, 1, 0, 1, 0, 0, 0, 0, 0, 0, 0, 1, 0, 0, 0, 0, 0, 0, 0, 2, 2, 4, 1, 4, 1, 2, 0, 3, 2, 4, 1, 5, 4, 6, 3, 3, 72, 0, 0, 0, 0, 0, 0]",-1,-0.024337612797998585,-1,1
400,"[1, 1, 3, 0, 3, 2, 7, 0, 0, 1, 0, 0, 2, 0, 0, 2, 0, 0, 0, 0, 1, 0, 0, 0, 0, 0, 0, 0, 0, 0, 0, 0, 1, 1, 0, 0, 2, 0, 0, 2, 0, 0, 2, 0, 1, 1, 0, 1, 0, 0, 0, 0, 0, 0, 0, 1, 0, 0, 0, 0, 0, 0, 0, 2, 2, 4, 1, 4, 1, 2, 0, 3, 2, 4, 1, 5, 4, 6, 3, 3, 72, 1, 0, 0, 0, 0, 0]",3,0.398811895560332,-1,1
401,"[1, 1, 3, 0, 3, 2, 7, 0, 0, 1, 0, 0, 2, 0, 0, 2, 0, 0, 0, 0, 1, 0, 0, 0, 0, 0, 0, 0, 0, 0, 0, 0, 1, 1, 0, 0, 2, 0, 0, 2, 0, 0, 2, 0, 1, 1, 0, 1, 0, 0, 0, 0, 0, 0, 0, 1, 0, 0, 0, 0, 0, 0, 0, 2, 2, 4, 1, 4, 1, 2, 0, 3, 2, 4, 1, 5, 4, 6, 3, 3, 72, 0, 0, 0, 0, 0, 0]",-1,-0.024337612797998585,-1,1
402,"[1, 1, 4, 0, 3, 2, 8, 0, 0, 1, 0, 0, 2, 0, 0, 2, 0, 0, 0, 0, 1, 0, 0, 0, 0, 0, 0, 0, 0, 0, 0, 0, 1, 1, 0, 0, 2, 0, 0, 2, 0, 0, 2, 0, 1, 1, 0, 1, 0, 0, 0, 0, 0, 0, 0, 1, 0, 0, 0, 0, 0, 0, 0, 2, 2, 4, 1, 4, 1, 2, 0, 3, 2, 4, 1, 5, 4, 6, 3, 3, 73, 0, 0, 0, 0, 0, 0]",4,9.937432888698803,-1,1
403,"[1, 1, 2, 0, 1, 1, 4, 0, 0, 1, 0, 0, 2, 0, 0, 2, 0, 0, 0, 0, 1, 0, 0, 0, 0, 0, 0, 0, 0, 0, 0, 0, 1, 1, 0, 0, 2, 0, 0, 2, 0, 0, 2, 0, 1, 1, 0, 1, 0, 0, 0, 0, 0, 0, 0, 1, 0, 0, 0, 0, 0, 0, 0, 2, 2, 4, 1, 4, 1, 2, 0, 3, 2, 4, 1, 5, 4, 6, 3, 5, 74, 0, 0, 0, 0, 0, 0]",4,14.620673040689478,-1,0
404,"[1, 1, 2, 0, 1, 1, 4, 0, 0, 1, 0, 0, 2, 0, 0, 2, 0, 0, 0, 0, 1, 0, 0, 0, 0, 0, 0, 0, 0, 0, 0, 0, 1, 1, 0, 0, 2, 0, 0, 2, 0, 0, 2, 0, 1, 1, 0, 1, 0, 0, 0, 0, 0, 0, 0, 1, 0, 0, 0, 0, 0, 0, 0, 2, 2, 4, 1, 4, 1, 2, 0, 3, 2, 4, 1, 5, 4, 6, 3, 5, 74, 1, 0, 0, 0, 0, 0]",3,0.3987135783066163,-1,1
405,"[1, 1, 2, 0, 1, 1, 4, 0, 0, 1, 0, 0, 2, 0, 0, 2, 0, 0, 0, 0, 1, 0, 0, 0, 0, 0, 0, 0, 0, 0, 0, 0, 1, 1, 0, 0, 2, 0, 0, 2, 0, 0, 2, 0, 1, 1, 0, 1, 0, 0, 0, 0, 0, 0, 0, 1, 0, 0, 0, 0, 0, 0, 0, 2, 2, 4, 1, 4, 1, 2, 0, 3, 2, 4, 1, 5, 4, 6, 3, 5, 74, 0, 0, 0, 0, 0, 0]",-1,-0.02385569577605172,-1,1
406,"[1, 1, 2, 0, 1, 1, 4, 0, 0, 1, 0, 0, 2, 0, 0, 2, 0, 0, 0, 0, 1, 0, 0, 0, 0, 0, 0, 0, 0, 0, 0, 0, 1, 1, 0, 0, 2, 0, 0, 2, 0, 0, 2, 0, 1, 1, 0, 1, 0, 0, 0, 0, 0, 0, 0, 1, 0, 0, 0, 0, 0, 0, 0, 2, 2, 4, 1, 4, 1, 2, 0, 3, 2, 4, 1, 5, 4, 6, 3, 5, 75, 0, 0, 0, 0, 0, 0]",4,9.992141047956537,-1,1
407,"[1, 1, 2, 0, 1, 1, 4, 0, 0, 1, 0, 0, 2, 0, 0, 2, 0, 0, 0, 0, 1, 0, 0, 0, 0, 0, 0, 0, 0, 0, 0, 0, 1, 1, 0, 0, 2, 0, 0, 2, 0, 0, 2, 0, 1, 1, 0, 1, 0, 0, 0, 0, 0, 0, 0, 1, 0, 0, 0, 0, 0, 0, 0, 2, 2, 4, 1, 4, 1, 2, 0, 3, 2, 4, 1, 5, 4, 6, 3, 5, 75, 1, 0, 0, 0, 0, 0]",3,0.3986614298151431,-1,0
408,"[1, 1, 2, 0, 1, 1, 4, 0, 0, 1, 0, 0, 2, 0, 0, 2, 0, 0, 0, 0, 1, 0, 0, 0, 0, 0, 0, 0, 0, 0, 0, 0, 1, 1, 0, 0, 2, 0, 0, 2, 0, 0, 2, 0, 1, 1, 0, 1, 0, 0, 0, 0, 0, 0, 0, 1, 0, 0, 0, 0, 0, 0, 0, 2, 2, 4, 1, 4, 1, 2, 0, 3, 2, 4, 1, 5, 4, 6, 3, 5, 75, 0, 0, 0, 0, 0, 0]",-1,-0.023618327637050737,-1,0
409,"[1, 1, 2, 0, 1, 1, 4, 0, 0, 1, 0, 0, 2, 0, 0, 2, 0, 0, 0, 0, 1, 0, 0, 0, 0, 0, 0, 0, 0, 0, 0, 0, 1, 1, 0, 0, 2, 0, 0, 2, 0, 0, 2, 0, 1, 1, 0, 1, 0, 0, 0, 0, 0, 0, 0, 1, 0, 0, 0, 0, 0, 0, 0, 2, 2, 4, 1, 4, 1, 2, 0, 3, 2, 4, 1, 5, 4, 6, 3, 5, 75, 1, 0, 0, 0, 0, 0]",3,0.3986614298151431,-1,0
410,"[1, 1, 2, 0, 1, 1, 4, 0, 0, 1, 0, 0, 2, 0, 0, 2, 0, 0, 0, 0, 1, 0, 0, 0, 0, 0, 0, 0, 0, 0, 0, 0, 1, 1, 0, 0, 2, 0, 0, 2, 0, 0, 2, 0, 1, 1, 0, 1, 0, 0, 0, 0, 0, 0, 0, 1, 0, 0, 0, 0, 0, 0, 0, 2, 2, 4, 1, 4, 1, 2, 0, 3, 2, 4, 1, 5, 4, 6, 3, 5, 75, 0, 0, 0, 0, 0, 0]",-1,-0.023618327637050737,-1,0
411,"[1, 1, 2, 0, 1, 1, 4, 0, 0, 1, 0, 0, 2, 0, 0, 2, 0, 0, 0, 0, 1, 0, 0, 0, 0, 0, 0, 0, 0, 0, 0, 0, 1, 1, 0, 0, 2, 0, 0, 2, 0, 0, 2, 0, 1, 1, 0, 1, 0, 0, 0, 0, 0, 0, 0, 1, 0, 0, 0, 0, 0, 0, 0, 2, 2, 4, 1, 4, 1, 2, 0, 3, 2, 4, 1, 5, 4, 6, 3, 5, 75, 0, 0, 0, 0, 0, 0]",1,0.8082855449147598,-1,0
412,"[1, 1, 2, 0, 1, 1, 4, 0, 0, 1, 0, 0, 2, 0, 0, 2, 0, 0, 0, 0, 1, 0, 0, 0, 0, 0, 0, 0, 0, 0, 0, 0, 1, 1, 0, 0, 2, 0, 0, 2, 0, 0, 2, 0, 1, 1, 0, 1, 0, 0, 0, 0, 0, 0, 0, 1, 0, 0, 0, 0, 0, 0, 0, 2, 2, 4, 1, 4, 1, 2, 0, 3, 2, 4, 1, 5, 4, 6, 3, 5, 75, 0, 0, 0, 0, 0, 0]",-1,-0.023618327637050737,-1,0
413,"[1, 1, 2, 0, 1, 1, 4, 0, 0, 1, 0, 0, 2, 0, 0, 2, 0, 0, 0, 0, 1, 0, 0, 0, 0, 0, 0, 0, 0, 0, 0, 0, 1, 1, 0, 0, 2, 0, 0, 2, 0, 0, 2, 0, 1, 1, 0, 1, 0, 0, 0, 0, 0, 0, 0, 1, 0, 0, 0, 0, 0, 0, 0, 2, 2, 4, 1, 4, 1, 2, 0, 3, 2, 4, 1, 5, 4, 6, 3, 5, 75, 0, 0, 0, 0, 0, 0]",1,0.8082855449147598,-1,0
414,"[1, 1, 2, 0, 1, 1, 4, 0, 0, 1, 0, 0, 2, 0, 0, 2, 0, 0, 0, 0, 1, 0, 0, 0, 0, 0, 0, 0, 0, 0, 0, 0, 1, 1, 0, 0, 2, 0, 0, 2, 0, 0, 2, 0, 1, 1, 0, 1, 0, 0, 0, 0, 0, 0, 0, 1, 0, 0, 0, 0, 0, 0, 0, 2, 2, 4, 1, 4, 1, 2, 0, 3, 2, 4, 1, 5, 4, 6, 3, 5, 75, 0, 0, 0, 0, 0, 0]",-1,-0.023618327637050737,-1,0
415,"[1, 1, 2, 0, 1, 1, 4, 0, 0, 1, 0, 0, 2, 0, 0, 2, 0, 0, 0, 0, 1, 0, 0, 0, 0, 0, 0, 0, 0, 0, 0, 0, 1, 1, 0, 0, 2, 0, 0, 2, 0, 0, 2, 0, 1, 1, 0, 1, 0, 0, 0, 0, 0, 0, 0, 1, 0, 0, 0, 0, 0, 0, 0, 2, 2, 4, 1, 4, 1, 2, 0, 3, 2, 4, 1, 5, 4, 6, 3, 5, 75, 0, 1, 0, 0, 0, 0]",2,0.598661429815143,-1,0
416,"[1, 1, 2, 0, 1, 1, 4, 0, 0, 1, 0, 0, 2, 0, 0, 2, 0, 0, 0, 0, 1, 0, 0, 0, 0, 0, 0, 0, 0, 0, 0, 0, 1, 1, 0, 0, 2, 0, 0, 2, 0, 0, 2, 0, 1, 1, 0, 1, 0, 0, 0, 0, 0, 0, 0, 1, 0, 0, 0, 0, 0, 0, 0, 2, 2, 4, 1, 4, 1, 2, 0, 3, 2, 4, 1, 5, 4, 6, 3, 5, 75, 0, 0, 0, 0, 0, 0]",-1,-0.023618327637050737,-1,0
417,"[1, 1, 2, 0, 1, 1, 4, 0, 0, 1, 0, 0, 2, 0, 0, 2, 0, 0, 0, 0, 1, 0, 0, 0, 0, 0, 0, 0, 0, 0, 0, 0, 1, 1, 0, 0, 2, 0, 0, 2, 0, 0, 2, 0, 1, 1, 0, 1, 0, 0, 0, 0, 0, 0, 0, 1, 0, 0, 0, 0, 0, 0, 0, 2, 2, 4, 1, 4, 1, 2, 0, 3, 2, 4, 1, 5, 4, 6, 3, 5, 76, 0, 0, 0, 0, 0, 0]",4,14.619612400812391,-1,0
418,"[1, 1, 2, 0, 1, 1, 4, 0, 0, 1, 0, 0, 2, 0, 0, 2, 0, 0, 0, 0, 1, 0, 0, 0, 0, 0, 0, 0, 0, 0, 0, 0, 1, 1, 0, 0, 2, 0, 0, 2, 0, 0, 2, 0, 1, 1, 0, 1, 0, 0, 0, 0, 0, 0, 0, 1, 0, 0, 0, 0, 0, 0, 0, 2, 2, 4, 1, 4, 1, 2, 0, 3, 2, 4, 1, 5, 4, 6, 3, 5, 76, 0, 0, 0, 0, 0, 0]",-1,-0.023383321350495465,-1,1
419,"[1, 1, 2, 0, 1, 1, 4, 0, 0, 1, 0, 0, 2, 0, 0, 2, 0, 0, 0, 0, 1, 0, 0, 0, 0, 0, 0, 0, 0, 0, 0, 0, 1, 1, 0, 0, 2, 0, 0, 2, 0, 0, 2, 0, 1, 1, 0, 1, 0, 0, 0, 0, 0, 0, 0, 1, 0, 0, 0, 0, 0, 0, 0, 2, 2, 4, 1, 4, 1, 2, 0, 3, 2, 4, 1, 5, 4, 6, 3, 5, 76, 0, 1, 0, 0, 0, 0]",2,0.5986071821644475,-1,1
420,"[1, 1, 2, 0, 1, 1, 4, 0, 0, 1, 0, 0, 2, 0, 0, 2, 0, 0, 0, 0, 1, 0, 0, 0, 0, 0, 0, 0, 0, 0, 0, 0, 1, 1, 0, 0, 2, 0, 0, 2, 0, 0, 2, 0, 1, 1, 0, 1, 0, 0, 0, 0, 0, 0, 0, 1, 0, 0, 0, 0, 0, 0, 0, 2, 2, 4, 1, 4, 1, 2, 0, 3, 2, 4, 1, 5, 4, 6, 3, 5, 76, 0, 1, 0, 0, 1, 0]","[[0 0 2 0]
 [1 1 1 0]]",1.9238485147050435,-1,1
421,"[0, 0, 3, 0, 2, 2, 3, 0, 0, 1, 0, 0, 2, 0, 0, 2, 0, 0, 0, 0, 1, 0, 0, 0, 0, 0, 0, 0, 0, 0, 0, 0, 1, 1, 0, 0, 2, 0, 0, 2, 0, 0, 2, 0, 1, 1, 0, 1, 0, 0, 0, 0, 0, 0, 0, 1, 0, 0, 0, 0, 0, 0, 0, 2, 2, 4, 1, 4, 1, 2, 0, 3, 2, 4, 1, 5, 4, 6, 3, 5, 76, 0, 0, 0, 0, 0, 0]",0,-0.0013928178355524178,-1,0
422,"[0, 0, 3, 0, 2, 2, 3, 0, 0, 1, 0, 0, 2, 0, 0, 2, 0, 0, 0, 0, 1, 0, 0, 0, 0, 0, 0, 0, 0, 0, 0, 0, 1, 1, 0, 0, 2, 0, 0, 2, 0, 0, 2, 0, 1, 1, 0, 1, 0, 0, 0, 0, 0, 0, 0, 1, 0, 0, 0, 0, 0, 0, 0, 2, 2, 4, 1, 4, 1, 2, 0, 3, 2, 4, 1, 5, 4, 6, 3, 5, 76, 0, 0, 0, 0, 0, 0]",-1,-0.023383321350495465,-1,1
423,"[0, 0, 1, 0, 1, 1, 1, 0, 0, 1, 0, 0, 2, 0, 0, 2, 0, 0, 0, 0, 1, 0, 0, 0, 0, 0, 0, 0, 0, 0, 0, 0, 1, 1, 0, 0, 2, 0, 0, 2, 0, 0, 2, 0, 1, 1, 0, 1, 0, 0, 0, 0, 0, 0, 0, 1, 0, 0, 0, 0, 0, 0, 0, 2, 2, 4, 1, 4, 1, 2, 0, 3, 2, 4, 1, 5, 4, 6, 3, 3, 77, 0, 0, 0, 0, 0, 0]",4,10.578710678791948,-1,1
424,"[0, 0, 1, 0, 1, 1, 1, 0, 0, 1, 0, 0, 2, 0, 0, 2, 0, 0, 0, 0, 1, 0, 0, 0, 0, 0, 0, 0, 0, 0, 0, 0, 1, 1, 0, 0, 2, 0, 0, 2, 0, 0, 2, 0, 1, 1, 0, 1, 0, 0, 0, 0, 0, 0, 0, 1, 0, 0, 0, 0, 0, 0, 0, 2, 2, 4, 1, 4, 1, 2, 0, 3, 2, 4, 1, 5, 4, 6, 3, 3, 77, 0, 1, 0, 0, 0, 0]",2,0.5985507520808336,-1,0
425,"[0, 0, 1, 0, 1, 1, 1, 0, 0, 1, 0, 0, 2, 0, 0, 2, 0, 0, 0, 0, 1, 0, 0, 0, 0, 0, 0, 0, 0, 0, 0, 0, 1, 1, 0, 0, 2, 0, 0, 2, 0, 0, 2, 0, 1, 1, 0, 1, 0, 0, 0, 0, 0, 0, 0, 1, 0, 0, 0, 0, 0, 0, 0, 2, 2, 4, 1, 4, 1, 2, 0, 3, 2, 4, 1, 5, 4, 6, 3, 3, 77, 0, 1, 0, 0, 1, 0]","[[0 0 1 0]
 [0 1 0 0]]",0.8489756171389246,-1,0
426,"[0, 0, 1, 0, 1, 1, 1, 0, 0, 1, 0, 0, 2, 0, 0, 2, 0, 0, 0, 0, 1, 0, 0, 0, 0, 0, 0, 0, 0, 0, 0, 0, 1, 1, 0, 0, 2, 0, 0, 2, 0, 0, 2, 0, 1, 1, 0, 1, 0, 0, 0, 0, 0, 0, 0, 1, 0, 0, 0, 0, 0, 0, 0, 2, 2, 4, 1, 4, 1, 2, 0, 3, 2, 4, 1, 5, 4, 6, 3, 3, 77, 0, 1, 0, 0, 0, 1]",2,-0.001449247919166286,-1,1
427,"[0, 0, 1, 0, 1, 1, 1, 0, 0, 1, 0, 0, 2, 0, 0, 2, 0, 0, 0, 0, 1, 0, 0, 0, 0, 0, 0, 0, 0, 0, 0, 0, 1, 1, 0, 0, 2, 0, 0, 2, 0, 0, 2, 0, 1, 1, 0, 1, 0, 0, 0, 0, 0, 0, 0, 1, 0, 0, 0, 0, 0, 0, 0, 2, 2, 4, 1, 4, 1, 2, 0, 3, 2, 4, 1, 5, 4, 6, 3, 3, 77, 0, 0, 0, 0, 0, 0]",-1,-0.023150653415561405,-1,1
428,"[0, 0, 1, 0, 1, 1, 1, 0, 0, 1, 0, 0, 2, 0, 0, 2, 0, 0, 0, 0, 1, 0, 0, 0, 0, 0, 0, 0, 0, 0, 0, 0, 1, 1, 0, 0, 2, 0, 0, 2, 0, 0, 2, 0, 1, 1, 0, 1, 0, 0, 0, 0, 0, 0, 0, 1, 0, 0, 0, 0, 0, 0, 0, 2, 2, 4, 1, 4, 1, 2, 0, 3, 2, 4, 1, 5, 4, 6, 3, 3, 77, 0, 1, 0, 0, 0, 0]",2,0.5985507520808336,-1,0
429,"[0, 0, 1, 0, 1, 1, 1, 0, 0, 1, 0, 0, 2, 0, 0, 2, 0, 0, 0, 0, 1, 0, 0, 0, 0, 0, 0, 0, 0, 0, 0, 0, 1, 1, 0, 0, 2, 0, 0, 2, 0, 0, 2, 0, 1, 1, 0, 1, 0, 0, 0, 0, 0, 0, 0, 1, 0, 0, 0, 0, 0, 0, 0, 2, 2, 4, 1, 4, 1, 2, 0, 3, 2, 4, 1, 5, 4, 6, 3, 3, 77, 0, 1, 0, 0, 1, 0]","[[0 0 1 0]
 [1 0 0 0]]",0.8489756171389246,-1,0
430,"[0, 0, 1, 0, 1, 1, 1, 0, 0, 1, 0, 0, 2, 0, 0, 2, 0, 0, 0, 0, 1, 0, 0, 0, 0, 0, 0, 0, 0, 0, 0, 0, 1, 1, 0, 0, 2, 0, 0, 2, 0, 0, 2, 0, 1, 1, 0, 1, 0, 0, 0, 0, 0, 0, 0, 1, 0, 0, 0, 0, 0, 0, 0, 2, 2, 4, 1, 4, 1, 2, 0, 3, 2, 4, 1, 5, 4, 6, 3, 3, 77, 0, 0, 0, 0, 0, 0]",1,-2.599525459272482,-1,1
431,"[0, 0, 1, 0, 1, 1, 1, 0, 0, 1, 0, 0, 2, 0, 0, 2, 0, 0, 0, 0, 1, 0, 0, 0, 0, 0, 0, 0, 0, 0, 0, 0, 1, 1, 0, 0, 2, 0, 0, 2, 0, 0, 2, 0, 1, 1, 0, 1, 0, 0, 0, 0, 0, 0, 0, 1, 0, 0, 0, 0, 0, 0, 0, 2, 2, 4, 1, 4, 1, 2, 0, 3, 2, 4, 1, 5, 4, 6, 3, 3, 78, 0, 0, 0, 0, 0, 0]",4,14.341535179836578,-1,0
432,"[0, 0, 1, 0, 1, 1, 1, 0, 0, 1, 0, 0, 2, 0, 0, 2, 0, 0, 0, 0, 1, 0, 0, 0, 0, 0, 0, 0, 0, 0, 0, 0, 1, 1, 0, 0, 2, 0, 0, 2, 0, 0, 2, 0, 1, 1, 0, 1, 0, 0, 0, 0, 0, 0, 0, 1, 0, 0, 0, 0, 0, 0, 0, 2, 2, 4, 1, 4, 1, 2, 0, 3, 2, 4, 1, 5, 4, 6, 3, 3, 78, 0, 0, 0, 0, 0, 0]",0,0.5841540716621781,-1,1
433,"[0, 0, 1, 0, 1, 1, 1, 0, 0, 1, 0, 0, 2, 0, 0, 2, 0, 0, 0, 0, 1, 0, 0, 0, 0, 0, 0, 0, 0, 0, 0, 0, 1, 1, 0, 0, 2, 0, 0, 2, 0, 0, 2, 0, 1, 1, 0, 1, 0, 0, 0, 0, 0, 0, 0, 1, 0, 0, 0, 0, 0, 0, 0, 2, 2, 4, 1, 4, 1, 2, 0, 3, 2, 4, 1, 5, 4, 6, 3, 3, 78, 0, 0, 0, 0, 0, 0]",-1,-0.022920300565261176,-1,1
434,"[0, 0, 1, 0, 1, 1, 1, 0, 0, 1, 0, 0, 2, 0, 0, 2, 0, 0, 0, 0, 1, 0, 0, 0, 0, 0, 0, 0, 0, 0, 0, 0, 1, 1, 0, 0, 2, 0, 0, 2, 0, 0, 2, 0, 1, 1, 0, 1, 0, 0, 0, 0, 0, 0, 0, 1, 0, 0, 0, 0, 0, 0, 0, 2, 2, 4, 1, 4, 1, 2, 0, 3, 2, 4, 1, 5, 4, 6, 3, 3, 78, 0, 1, 0, 0, 0, 0]",2,0.5984920530883253,-1,0
435,"[0, 0, 1, 0, 1, 1, 1, 0, 0, 1, 0, 0, 2, 0, 0, 2, 0, 0, 0, 0, 1, 0, 0, 0, 0, 0, 0, 0, 0, 0, 0, 0, 1, 1, 0, 0, 2, 0, 0, 2, 0, 0, 2, 0, 1, 1, 0, 1, 0, 0, 0, 0, 0, 0, 0, 1, 0, 0, 0, 0, 0, 0, 0, 2, 2, 4, 1, 4, 1, 2, 0, 3, 2, 4, 1, 5, 4, 6, 3, 3, 78, 0, 1, 0, 0, 1, 0]","[[0 0 1 0]
 [0 1 0 0]]",0.8489169181464162,-1,0
436,"[0, 1, 0, 0, 1, 0, 2, 0, 0, 1, 0, 0, 2, 0, 0, 2, 0, 0, 0, 0, 1, 0, 0, 0, 0, 0, 0, 0, 0, 0, 0, 0, 1, 1, 0, 0, 2, 0, 0, 2, 0, 0, 2, 0, 1, 1, 0, 1, 0, 0, 0, 0, 0, 0, 0, 1, 0, 0, 0, 0, 0, 0, 0, 2, 2, 4, 1, 4, 1, 2, 0, 3, 2, 4, 1, 5, 4, 6, 3, 3, 78, 0, 0, 0, 0, 0, 0]",0,-0.0015079469116746787,-1,1
437,"[0, 1, 0, 0, 1, 0, 2, 0, 0, 1, 0, 0, 2, 0, 0, 2, 0, 0, 0, 0, 1, 0, 0, 0, 0, 0, 0, 0, 0, 0, 0, 0, 1, 1, 0, 0, 2, 0, 0, 2, 0, 0, 2, 0, 1, 1, 0, 1, 0, 0, 0, 0, 0, 0, 0, 1, 0, 0, 0, 0, 0, 0, 0, 2, 2, 4, 1, 4, 1, 2, 0, 3, 2, 4, 1, 5, 4, 6, 3, 3, 78, 1, 0, 0, 0, 0, 0]",3,0.39849205308832536,-1,0
438,"[0, 1, 0, 0, 1, 0, 2, 0, 0, 1, 0, 0, 2, 0, 0, 2, 0, 0, 0, 0, 1, 0, 0, 0, 0, 0, 0, 0, 0, 0, 0, 0, 1, 1, 0, 0, 2, 0, 0, 2, 0, 0, 2, 0, 1, 1, 0, 1, 0, 0, 0, 0, 0, 0, 0, 1, 0, 0, 0, 0, 0, 0, 0, 2, 2, 4, 1, 4, 1, 2, 0, 3, 2, 4, 1, 5, 4, 6, 3, 3, 78, 0, 0, 0, 0, 0, 0]",-1,-0.022920300565261176,-1,0
439,"[0, 1, 0, 0, 3, 1, 2, 0, 0, 1, 0, 0, 2, 0, 0, 2, 0, 0, 0, 0, 1, 0, 0, 0, 0, 0, 0, 0, 0, 0, 0, 0, 1, 1, 0, 0, 2, 0, 0, 2, 0, 0, 2, 0, 1, 1, 0, 1, 0, 0, 0, 0, 0, 0, 0, 1, 0, 0, 0, 0, 0, 0, 0, 2, 2, 4, 1, 4, 1, 2, 0, 3, 2, 4, 1, 5, 4, 6, 3, 3, 79, 0, 0, 0, 0, 0, 0]",4,14.34101341644156,-1,0
440,"[0, 1, 0, 0, 3, 1, 2, 0, 0, 1, 0, 0, 2, 0, 0, 2, 0, 0, 0, 0, 1, 0, 0, 0, 0, 0, 0, 0, 0, 0, 0, 0, 1, 1, 0, 0, 2, 0, 0, 2, 0, 0, 2, 0, 1, 1, 0, 1, 0, 0, 0, 0, 0, 0, 0, 1, 0, 0, 0, 0, 0, 0, 0, 2, 2, 4, 1, 4, 1, 2, 0, 3, 2, 4, 1, 5, 4, 6, 3, 3, 79, 0, 1, 0, 0, 0, 0]",2,0.5984309953939089,-1,1
441,"[0, 1, 0, 0, 3, 1, 2, 0, 0, 1, 0, 0, 2, 0, 0, 2, 0, 0, 0, 0, 1, 0, 0, 0, 0, 0, 0, 0, 0, 0, 0, 0, 1, 1, 0, 0, 2, 0, 0, 2, 0, 0, 2, 0, 1, 1, 0, 1, 0, 0, 0, 0, 0, 0, 0, 1, 0, 0, 0, 0, 0, 0, 0, 2, 2, 4, 1, 4, 1, 2, 0, 3, 2, 4, 1, 5, 4, 6, 3, 3, 79, 0, 1, 0, 0, 1, 0]","[[1 0 1 0]
 [0 1 0 0]]",0.16436320421794126,-1,1
442,"[0, 1, 0, 0, 3, 1, 2, 0, 0, 1, 0, 0, 2, 0, 0, 2, 0, 0, 0, 0, 1, 0, 0, 0, 0, 0, 0, 0, 0, 0, 0, 0, 1, 1, 0, 0, 2, 0, 0, 2, 0, 0, 2, 0, 1, 1, 0, 1, 0, 0, 0, 0, 0, 0, 0, 1, 0, 0, 0, 0, 0, 0, 0, 2, 2, 4, 1, 4, 1, 2, 0, 3, 2, 4, 1, 5, 4, 6, 3, 3, 79, 0, 0, 0, 0, 0, 0]",1,-0.0015690046060911269,-1,0
443,"[0, 1, 0, 0, 3, 1, 2, 0, 0, 1, 0, 0, 2, 0, 0, 2, 0, 0, 0, 0, 1, 0, 0, 0, 0, 0, 0, 0, 0, 0, 0, 0, 1, 1, 0, 0, 2, 0, 0, 2, 0, 0, 2, 0, 1, 1, 0, 1, 0, 0, 0, 0, 0, 0, 0, 1, 0, 0, 0, 0, 0, 0, 0, 2, 2, 4, 1, 4, 1, 2, 0, 3, 2, 4, 1, 5, 4, 6, 3, 3, 79, 0, 0, 0, 0, 0, 0]",0,0.5840930139677617,-1,1
444,"[0, 1, 0, 0, 3, 1, 2, 0, 0, 1, 0, 0, 2, 0, 0, 2, 0, 0, 0, 0, 1, 0, 0, 0, 0, 0, 0, 0, 0, 0, 0, 0, 1, 1, 0, 0, 2, 0, 0, 2, 0, 0, 2, 0, 1, 1, 0, 1, 0, 0, 0, 0, 0, 0, 0, 1, 0, 0, 0, 0, 0, 0, 0, 2, 2, 4, 1, 4, 1, 2, 0, 3, 2, 4, 1, 5, 4, 6, 3, 3, 79, 0, 0, 0, 0, 0, 0]",-1,-0.022692239764117793,-1,1
445,"[0, 1, 0, 0, 1, 1, 1, 0, 0, 1, 0, 0, 2, 0, 0, 2, 0, 0, 0, 0, 1, 0, 0, 0, 0, 0, 0, 0, 0, 0, 0, 0, 1, 1, 0, 0, 2, 0, 0, 2, 0, 0, 2, 0, 1, 1, 0, 1, 0, 0, 0, 0, 0, 0, 0, 1, 0, 0, 0, 0, 0, 0, 0, 2, 2, 4, 1, 4, 1, 2, 0, 3, 2, 4, 1, 5, 4, 6, 3, 4, 80, 0, 0, 0, 0, 0, 0]",4,10.577145249307728,-1,1
446,"[0, 1, 0, 0, 1, 1, 1, 0, 0, 1, 0, 0, 2, 0, 0, 2, 0, 0, 0, 0, 1, 0, 0, 0, 0, 0, 0, 0, 0, 0, 0, 0, 1, 1, 0, 0, 2, 0, 0, 2, 0, 0, 2, 0, 1, 1, 0, 1, 0, 0, 0, 0, 0, 0, 0, 1, 0, 0, 0, 0, 0, 0, 0, 2, 2, 4, 1, 4, 1, 2, 0, 3, 2, 4, 1, 5, 4, 6, 3, 4, 81, 0, 0, 0, 0, 0, 0]",4,14.339976143758525,-1,0
447,"[0, 1, 0, 0, 1, 1, 1, 0, 0, 1, 0, 0, 2, 0, 0, 2, 0, 0, 0, 0, 1, 0, 0, 0, 0, 0, 0, 0, 0, 0, 0, 0, 1, 1, 0, 0, 2, 0, 0, 2, 0, 0, 2, 0, 1, 1, 0, 1, 0, 0, 0, 0, 0, 0, 0, 1, 0, 0, 0, 0, 0, 0, 0, 2, 2, 4, 1, 4, 1, 2, 0, 3, 2, 4, 1, 5, 4, 6, 3, 4, 82, 0, 0, 0, 0, 0, 0]",4,10.576111810540297,-1,1
448,"[0, 1, 0, 0, 1, 1, 1, 0, 0, 1, 0, 0, 2, 0, 0, 2, 0, 0, 0, 0, 1, 0, 0, 0, 0, 0, 0, 0, 0, 0, 0, 0, 1, 1, 0, 0, 2, 0, 0, 2, 0, 0, 2, 0, 1, 1, 0, 1, 0, 0, 0, 0, 0, 0, 0, 1, 0, 0, 0, 0, 0, 0, 0, 2, 2, 4, 1, 4, 1, 2, 0, 3, 2, 4, 1, 5, 4, 6, 3, 4, 82, 1, 0, 0, 0, 0, 0]",3,0.39823271990787845,-1,0
449,"[0, 1, 0, 0, 1, 1, 1, 0, 0, 1, 0, 0, 2, 0, 0, 2, 0, 0, 0, 0, 1, 0, 0, 0, 0, 0, 0, 0, 0, 0, 0, 0, 1, 1, 0, 0, 2, 0, 0, 2, 0, 0, 2, 0, 1, 1, 0, 1, 0, 0, 0, 0, 0, 0, 0, 1, 0, 0, 0, 0, 0, 0, 0, 2, 2, 4, 1, 4, 1, 2, 0, 3, 2, 4, 1, 5, 4, 6, 3, 4, 82, 0, 0, 0, 0, 0, 0]",-1,-0.022021582725299964,-1,0
450,"[0, 1, 0, 0, 1, 1, 1, 0, 0, 1, 0, 0, 2, 0, 0, 2, 0, 0, 0, 0, 1, 0, 0, 0, 0, 0, 0, 0, 0, 0, 0, 0, 1, 1, 0, 0, 2, 0, 0, 2, 0, 0, 2, 0, 1, 1, 0, 1, 0, 0, 0, 0, 0, 0, 0, 1, 0, 0, 0, 0, 0, 0, 0, 2, 2, 4, 1, 4, 1, 2, 0, 3, 2, 4, 1, 5, 4, 6, 3, 4, 82, 1, 0, 0, 0, 0, 0]",3,0.39823271990787845,-1,0
451,"[0, 1, 0, 0, 1, 1, 1, 0, 0, 1, 0, 0, 2, 0, 0, 2, 0, 0, 0, 0, 1, 0, 0, 0, 0, 0, 0, 0, 0, 0, 0, 0, 1, 1, 0, 0, 2, 0, 0, 2, 0, 0, 2, 0, 1, 1, 0, 1, 0, 0, 0, 0, 0, 0, 0, 1, 0, 0, 0, 0, 0, 0, 0, 2, 2, 4, 1, 4, 1, 2, 0, 3, 2, 4, 1, 5, 4, 6, 3, 4, 82, 0, 0, 0, 0, 0, 0]",-1,-0.022021582725299964,-1,0
452,"[0, 1, 0, 0, 1, 1, 1, 0, 0, 1, 0, 0, 2, 0, 0, 2, 0, 0, 0, 0, 1, 0, 0, 0, 0, 0, 0, 0, 0, 0, 0, 0, 1, 1, 0, 0, 2, 0, 0, 2, 0, 0, 2, 0, 1, 1, 0, 1, 0, 0, 0, 0, 0, 0, 0, 1, 0, 0, 0, 0, 0, 0, 0, 2, 2, 4, 1, 4, 1, 2, 0, 3, 2, 4, 1, 5, 4, 6, 3, 4, 82, 1, 0, 0, 0, 0, 0]",3,0.39823271990787845,-1,0
453,"[0, 1, 0, 0, 1, 1, 1, 0, 0, 1, 0, 0, 2, 0, 0, 2, 0, 0, 0, 0, 1, 0, 0, 0, 0, 0, 0, 0, 0, 0, 0, 0, 1, 1, 0, 0, 2, 0, 0, 2, 0, 0, 2, 0, 1, 1, 0, 1, 0, 0, 0, 0, 0, 0, 0, 1, 0, 0, 0, 0, 0, 0, 0, 2, 2, 4, 1, 4, 1, 2, 0, 3, 2, 4, 1, 5, 4, 6, 3, 4, 82, 0, 0, 0, 0, 0, 0]",-1,-0.022021582725299964,-1,0
454,"[0, 1, 2, 0, 1, 1, 1, 0, 0, 1, 0, 0, 2, 0, 0, 2, 0, 0, 0, 0, 1, 0, 0, 0, 0, 0, 0, 0, 0, 0, 0, 0, 1, 1, 0, 0, 2, 0, 0, 2, 0, 0, 2, 0, 1, 1, 0, 1, 0, 0, 0, 0, 0, 0, 0, 1, 0, 0, 0, 0, 0, 0, 0, 2, 2, 4, 1, 4, 1, 2, 0, 3, 2, 4, 1, 5, 4, 6, 3, 4, 83, 0, 0, 0, 0, 0, 0]",4,14.297873066197125,-1,0
455,"[0, 1, 2, 0, 1, 1, 1, 0, 0, 1, 0, 0, 2, 0, 0, 2, 0, 0, 0, 0, 1, 0, 0, 0, 0, 0, 0, 0, 0, 0, 0, 0, 1, 1, 0, 0, 2, 0, 0, 2, 0, 0, 2, 0, 1, 1, 0, 1, 0, 0, 0, 0, 0, 0, 0, 1, 0, 0, 0, 0, 0, 0, 0, 2, 2, 4, 1, 4, 1, 2, 0, 3, 2, 4, 1, 5, 4, 6, 3, 4, 83, 0, 0, 0, 0, 0, 0]",0,0.5838232775003952,-1,1
456,"[0, 1, 2, 0, 1, 1, 1, 0, 0, 1, 0, 0, 2, 0, 0, 2, 0, 0, 0, 0, 1, 0, 0, 0, 0, 0, 0, 0, 0, 0, 0, 0, 1, 1, 0, 0, 2, 0, 0, 2, 0, 0, 2, 0, 1, 1, 0, 1, 0, 0, 0, 0, 0, 0, 0, 1, 0, 0, 0, 0, 0, 0, 0, 2, 2, 4, 1, 4, 1, 2, 0, 3, 2, 4, 1, 5, 4, 6, 3, 4, 83, 0, 0, 0, 0, 0, 0]",-1,-0.02180246431607678,-1,1
457,"[0, 1, 4, 0, 1, 1, 1, 0, 0, 1, 0, 0, 2, 0, 0, 2, 0, 0, 0, 0, 1, 0, 0, 0, 0, 0, 0, 0, 0, 0, 0, 0, 1, 1, 0, 0, 2, 0, 0, 2, 0, 0, 2, 0, 1, 1, 0, 1, 0, 0, 0, 0, 0, 0, 0, 1, 0, 0, 0, 0, 0, 0, 0, 2, 2, 4, 1, 4, 1, 2, 0, 3, 2, 4, 1, 5, 4, 6, 3, 4, 84, 0, 0, 0, 0, 0, 0]",4,10.575085148907858,-1,1
458,"[0, 1, 4, 0, 1, 1, 1, 0, 0, 1, 0, 0, 2, 0, 0, 2, 0, 0, 0, 0, 1, 0, 0, 0, 0, 0, 0, 0, 0, 0, 0, 0, 1, 1, 0, 0, 2, 0, 0, 2, 0, 0, 2, 0, 1, 1, 0, 1, 0, 0, 0, 0, 0, 0, 0, 1, 0, 0, 0, 0, 0, 0, 0, 2, 2, 4, 1, 4, 1, 2, 0, 3, 2, 4, 1, 5, 4, 6, 3, 4, 85, 0, 0, 0, 0, 0, 0]",4,14.001218938181395,-1,0
459,"[0, 1, 4, 0, 3, 1, 1, 0, 0, 1, 0, 0, 2, 0, 0, 2, 0, 0, 0, 0, 1, 0, 0, 0, 0, 0, 0, 0, 0, 0, 0, 0, 1, 1, 0, 0, 2, 0, 0, 2, 0, 0, 2, 0, 1, 1, 0, 1, 0, 0, 0, 0, 0, 0, 0, 1, 0, 0, 0, 0, 0, 0, 0, 2, 2, 4, 1, 4, 1, 2, 0, 3, 2, 4, 1, 5, 4, 6, 3, 4, 86, 0, 0, 0, 0, 0, 0]",4,10.153626212004085,-1,1
460,"[0, 1, 4, 0, 3, 1, 1, 0, 0, 1, 0, 0, 2, 0, 0, 2, 0, 0, 0, 0, 1, 0, 0, 0, 0, 0, 0, 0, 0, 0, 0, 0, 1, 1, 0, 0, 2, 0, 0, 2, 0, 0, 2, 0, 1, 1, 0, 1, 0, 0, 0, 0, 0, 0, 0, 1, 0, 0, 0, 0, 0, 0, 0, 2, 2, 4, 1, 4, 1, 2, 0, 3, 2, 4, 1, 5, 4, 6, 3, 4, 86, 0, 1, 0, 0, 0, 0]",2,0.5979292524937816,-1,0
461,"[0, 1, 4, 0, 3, 1, 1, 0, 0, 1, 0, 0, 2, 0, 0, 2, 0, 0, 0, 0, 1, 0, 0, 0, 0, 0, 0, 0, 0, 0, 0, 0, 1, 1, 0, 0, 2, 0, 0, 2, 0, 0, 2, 0, 1, 1, 0, 1, 0, 0, 0, 0, 0, 0, 0, 1, 0, 0, 0, 0, 0, 0, 0, 2, 2, 4, 1, 4, 1, 2, 0, 3, 2, 4, 1, 5, 4, 6, 3, 4, 86, 0, 1, 0, 0, 1, 0]","[[0 1 0 0]
 [1 0 0 0]]",0.8483541175518725,-1,0
462,"[0, 1, 4, 0, 3, 1, 1, 0, 0, 1, 0, 0, 2, 0, 0, 2, 0, 0, 0, 0, 1, 0, 0, 0, 0, 0, 0, 0, 0, 0, 0, 0, 1, 1, 0, 0, 2, 0, 0, 2, 0, 0, 2, 0, 1, 1, 0, 1, 0, 0, 0, 0, 0, 0, 0, 1, 0, 0, 0, 0, 0, 0, 0, 2, 2, 4, 1, 4, 1, 2, 0, 3, 2, 4, 1, 5, 4, 6, 3, 4, 86, 0, 0, 0, 0, 0, 0]",1,-2.6001469588595345,-1,1
463,"[0, 1, 4, 0, 5, 1, 1, 0, 0, 1, 0, 0, 2, 0, 0, 2, 0, 0, 0, 0, 1, 0, 0, 0, 0, 0, 0, 0, 0, 0, 0, 0, 1, 1, 0, 0, 2, 0, 0, 2, 0, 0, 2, 0, 1, 1, 0, 1, 0, 0, 0, 0, 0, 0, 0, 1, 0, 0, 0, 0, 0, 0, 0, 2, 2, 4, 1, 4, 1, 2, 0, 3, 2, 4, 1, 5, 4, 6, 3, 4, 87, 0, 0, 0, 0, 0, 0]",4,14.000200108434614,-1,0
464,"[0, 1, 4, 0, 5, 1, 1, 0, 0, 1, 0, 0, 2, 0, 0, 2, 0, 0, 0, 0, 1, 0, 0, 0, 0, 0, 0, 0, 0, 0, 0, 0, 1, 1, 0, 0, 2, 0, 0, 2, 0, 0, 2, 0, 1, 1, 0, 1, 0, 0, 0, 0, 0, 0, 0, 1, 0, 0, 0, 0, 0, 0, 0, 2, 2, 4, 1, 4, 1, 2, 0, 3, 2, 4, 1, 5, 4, 6, 3, 4, 87, 1, 0, 0, 0, 0, 0]",3,0.3978456539909717,-1,1
465,"[0, 1, 4, 0, 5, 1, 1, 0, 0, 1, 0, 0, 2, 0, 0, 2, 0, 0, 0, 0, 1, 0, 0, 0, 0, 0, 0, 0, 0, 0, 0, 0, 1, 1, 0, 0, 2, 0, 0, 2, 0, 0, 2, 0, 1, 1, 0, 1, 0, 0, 0, 0, 0, 0, 0, 1, 0, 0, 0, 0, 0, 0, 0, 2, 2, 4, 1, 4, 1, 2, 0, 3, 2, 4, 1, 5, 4, 6, 3, 4, 87, 0, 0, 0, 0, 0, 0]",-1,-0.02094757746238195,-1,1
466,"[0, 1, 4, 0, 5, 1, 1, 0, 0, 1, 0, 0, 2, 0, 0, 2, 0, 0, 0, 0, 1, 0, 0, 0, 0, 0, 0, 0, 0, 0, 0, 0, 1, 1, 0, 0, 2, 0, 0, 2, 0, 0, 2, 0, 1, 1, 0, 1, 0, 0, 0, 0, 0, 0, 0, 1, 0, 0, 0, 0, 0, 0, 0, 2, 2, 4, 1, 4, 1, 2, 0, 3, 2, 4, 1, 5, 4, 6, 3, 4, 88, 0, 0, 0, 0, 0, 0]",4,13.999692119872263,-1,0
467,"[0, 1, 2, 0, 2, 1, 1, 0, 0, 1, 0, 0, 2, 0, 0, 2, 0, 0, 0, 0, 1, 0, 0, 0, 0, 0, 0, 0, 0, 0, 0, 0, 1, 1, 0, 0, 2, 0, 0, 2, 0, 0, 2, 0, 1, 1, 0, 1, 0, 0, 0, 0, 0, 0, 0, 1, 0, 0, 0, 0, 0, 0, 0, 2, 2, 4, 1, 4, 1, 2, 0, 3, 2, 4, 1, 5, 4, 6, 3, 2, 89, 0, 0, 0, 0, 0, 0]",4,10.412915171231033,-1,1
468,"[0, 1, 2, 0, 4, 2, 1, 0, 0, 1, 0, 0, 2, 0, 0, 2, 0, 0, 0, 0, 1, 0, 0, 0, 0, 0, 0, 0, 0, 0, 0, 0, 1, 1, 0, 0, 2, 0, 0, 2, 0, 0, 2, 0, 1, 1, 0, 1, 0, 0, 0, 0, 0, 0, 0, 1, 0, 0, 0, 0, 0, 0, 0, 2, 2, 4, 1, 4, 1, 2, 0, 3, 2, 4, 1, 5, 4, 6, 3, 2, 90, 0, 0, 0, 0, 0, 0]",4,14.294308530098364,-1,0
469,"[0, 1, 2, 0, 4, 2, 1, 0, 0, 1, 0, 0, 2, 0, 0, 2, 0, 0, 0, 0, 1, 0, 0, 0, 0, 0, 0, 0, 0, 0, 0, 0, 1, 1, 0, 0, 2, 0, 0, 2, 0, 0, 2, 0, 1, 1, 0, 1, 0, 0, 0, 0, 0, 0, 0, 1, 0, 0, 0, 0, 0, 0, 0, 2, 2, 4, 1, 4, 1, 2, 0, 3, 2, 4, 1, 5, 4, 6, 3, 2, 91, 0, 0, 0, 0, 0, 0]",4,10.066719615851836,-1,1
470,"[0, 1, 2, 0, 4, 2, 1, 0, 0, 1, 0, 0, 2, 0, 0, 2, 0, 0, 0, 0, 1, 0, 0, 0, 0, 0, 0, 0, 0, 0, 0, 0, 1, 1, 0, 0, 2, 0, 0, 2, 0, 0, 2, 0, 1, 1, 0, 1, 0, 0, 0, 0, 0, 0, 0, 1, 0, 0, 0, 0, 0, 0, 0, 2, 2, 4, 1, 4, 1, 2, 0, 3, 2, 4, 1, 5, 4, 6, 3, 2, 91, 1, 0, 0, 0, 0, 0]",3,0.39747656786413227,-1,0
471,"[0, 1, 2, 0, 4, 2, 1, 0, 0, 1, 0, 0, 2, 0, 0, 2, 0, 0, 0, 0, 1, 0, 0, 0, 0, 0, 0, 0, 0, 0, 0, 0, 1, 1, 0, 0, 2, 0, 0, 2, 0, 0, 2, 0, 1, 1, 0, 1, 0, 0, 0, 0, 0, 0, 0, 1, 0, 0, 0, 0, 0, 0, 0, 2, 2, 4, 1, 4, 1, 2, 0, 3, 2, 4, 1, 5, 4, 6, 3, 2, 91, 0, 0, 0, 0, 0, 0]",-1,-0.0201262112016818,-1,0
472,"[0, 1, 2, 0, 4, 2, 1, 0, 0, 1, 0, 0, 2, 0, 0, 2, 0, 0, 0, 0, 1, 0, 0, 0, 0, 0, 0, 0, 0, 0, 0, 0, 1, 1, 0, 0, 2, 0, 0, 2, 0, 0, 2, 0, 1, 1, 0, 1, 0, 0, 0, 0, 0, 0, 0, 1, 0, 0, 0, 0, 0, 0, 0, 2, 2, 4, 1, 4, 1, 2, 0, 3, 2, 4, 1, 5, 4, 6, 3, 2, 91, 0, 1, 0, 0, 0, 0]",2,0.5974765678641323,-1,0
473,"[0, 1, 2, 0, 4, 2, 1, 0, 0, 1, 0, 0, 2, 0, 0, 2, 0, 0, 0, 0, 1, 0, 0, 0, 0, 0, 0, 0, 0, 0, 0, 0, 1, 1, 0, 0, 2, 0, 0, 2, 0, 0, 2, 0, 1, 1, 0, 1, 0, 0, 0, 0, 0, 0, 0, 1, 0, 0, 0, 0, 0, 0, 0, 2, 2, 4, 1, 4, 1, 2, 0, 3, 2, 4, 1, 5, 4, 6, 3, 2, 91, 0, 1, 0, 0, 1, 0]","[[0 0 1 0]
 [1 0 0 0]]",0.8479014329222232,-1,0
474,"[0, 1, 2, 0, 4, 2, 1, 0, 0, 1, 0, 0, 2, 0, 0, 2, 0, 0, 0, 0, 1, 0, 0, 0, 0, 0, 0, 0, 0, 0, 0, 0, 1, 1, 0, 0, 2, 0, 0, 2, 0, 0, 2, 0, 1, 1, 0, 1, 0, 0, 0, 0, 0, 0, 0, 1, 0, 0, 0, 0, 0, 0, 0, 2, 2, 4, 1, 4, 1, 2, 0, 3, 2, 4, 1, 5, 4, 6, 3, 2, 91, 0, 1, 0, 0, 0, 1]",2,-0.0025234321358677384,-1,1
475,"[0, 1, 2, 0, 4, 2, 1, 0, 0, 1, 0, 0, 2, 0, 0, 2, 0, 0, 0, 0, 1, 0, 0, 0, 0, 0, 0, 0, 0, 0, 0, 0, 1, 1, 0, 0, 2, 0, 0, 2, 0, 0, 2, 0, 1, 1, 0, 1, 0, 0, 0, 0, 0, 0, 0, 1, 0, 0, 0, 0, 0, 0, 0, 2, 2, 4, 1, 4, 1, 2, 0, 3, 2, 4, 1, 5, 4, 6, 3, 2, 91, 0, 0, 1, 0, 0, 0]","[[2 1 0 0]
 [0 1 1 0]]",-0.0025234321358677384,-1,1
476,"[2, 1, 1, 0, 2, 2, 2, 0, 0, 1, 0, 0, 2, 0, 0, 2, 0, 0, 0, 0, 1, 0, 0, 0, 0, 0, 0, 0, 0, 0, 0, 0, 1, 1, 0, 0, 2, 0, 0, 2, 0, 0, 2, 0, 1, 1, 0, 1, 0, 0, 0, 0, 0, 0, 0, 1, 0, 0, 0, 0, 0, 0, 0, 2, 2, 4, 1, 4, 1, 2, 0, 3, 2, 4, 1, 5, 4, 6, 3, 2, 91, 0, 0, 0, 0, 0, 0]",0,-0.0025234321358677384,-1,0
477,"[2, 1, 1, 0, 2, 2, 2, 0, 0, 1, 0, 0, 2, 0, 0, 2, 0, 0, 0, 0, 1, 0, 0, 0, 0, 0, 0, 0, 0, 0, 0, 0, 1, 1, 0, 0, 2, 0, 0, 2, 0, 0, 2, 0, 1, 1, 0, 1, 0, 0, 0, 0, 0, 0, 0, 1, 0, 0, 0, 0, 0, 0, 0, 2, 2, 4, 1, 4, 1, 2, 0, 3, 2, 4, 1, 5, 4, 6, 3, 2, 91, 0, 0, 0, 0, 0, 0]",0,0.44019544028770535,-1,0
478,"[2, 1, 1, 0, 2, 2, 2, 0, 0, 1, 0, 0, 2, 0, 0, 2, 0, 0, 0, 0, 1, 0, 0, 0, 0, 0, 0, 0, 0, 0, 0, 0, 1, 1, 0, 0, 2, 0, 0, 2, 0, 0, 2, 0, 1, 1, 0, 1, 0, 0, 0, 0, 0, 0, 0, 1, 0, 0, 0, 0, 0, 0, 0, 2, 2, 4, 1, 4, 1, 2, 0, 3, 2, 4, 1, 5, 4, 6, 3, 2, 91, 0, 0, 0, 0, 0, 0]",-1,-0.0201262112016818,-1,0
479,"[2, 1, 1, 0, 2, 2, 2, 0, 0, 1, 0, 0, 2, 0, 0, 2, 0, 0, 0, 0, 1, 0, 0, 0, 0, 0, 0, 0, 0, 0, 0, 0, 1, 1, 0, 0, 2, 0, 0, 2, 0, 0, 2, 0, 1, 1, 0, 1, 0, 0, 0, 0, 0, 0, 0, 1, 0, 0, 0, 0, 0, 0, 0, 2, 2, 4, 1, 4, 1, 2, 0, 3, 2, 4, 1, 5, 4, 6, 3, 2, 91, 0, 0, 0, 0, 0, 0]",0,0.44019544028770535,-1,0
480,"[2, 1, 1, 0, 2, 2, 2, 0, 0, 1, 0, 0, 2, 0, 0, 2, 0, 0, 0, 0, 1, 0, 0, 0, 0, 0, 0, 0, 0, 0, 0, 0, 1, 1, 0, 0, 2, 0, 0, 2, 0, 0, 2, 0, 1, 1, 0, 1, 0, 0, 0, 0, 0, 0, 0, 1, 0, 0, 0, 0, 0, 0, 0, 2, 2, 4, 1, 4, 1, 2, 0, 3, 2, 4, 1, 5, 4, 6, 3, 2, 91, 0, 0, 0, 0, 0, 0]",-1,-0.0201262112016818,-1,0
481,"[2, 1, 1, 0, 2, 2, 2, 0, 0, 1, 0, 0, 2, 0, 0, 2, 0, 0, 0, 0, 1, 0, 0, 0, 0, 0, 0, 0, 0, 0, 0, 0, 1, 1, 0, 0, 2, 0, 0, 2, 0, 0, 2, 0, 1, 1, 0, 1, 0, 0, 0, 0, 0, 0, 0, 1, 0, 0, 0, 0, 0, 0, 0, 2, 2, 4, 1, 4, 1, 2, 0, 3, 2, 4, 1, 5, 4, 6, 3, 2, 91, 0, 0, 0, 0, 0, 0]",0,0.44019544028770535,-1,0
482,"[2, 1, 1, 0, 2, 2, 2, 0, 0, 1, 0, 0, 2, 0, 0, 2, 0, 0, 0, 0, 1, 0, 0, 0, 0, 0, 0, 0, 0, 0, 0, 0, 1, 1, 0, 0, 2, 0, 0, 2, 0, 0, 2, 0, 1, 1, 0, 1, 0, 0, 0, 0, 0, 0, 0, 1, 0, 0, 0, 0, 0, 0, 0, 2, 2, 4, 1, 4, 1, 2, 0, 3, 2, 4, 1, 5, 4, 6, 3, 2, 91, 0, 0, 0, 0, 0, 0]",-1,-0.0201262112016818,-1,0
483,"[2, 1, 1, 0, 2, 2, 2, 0, 0, 1, 0, 0, 2, 0, 0, 2, 0, 0, 0, 0, 1, 0, 0, 0, 0, 0, 0, 0, 0, 0, 0, 0, 1, 1, 0, 0, 2, 0, 0, 2, 0, 0, 2, 0, 1, 1, 0, 1, 0, 0, 0, 0, 0, 0, 0, 1, 0, 0, 0, 0, 0, 0, 0, 2, 2, 4, 1, 4, 1, 2, 0, 3, 2, 4, 1, 5, 4, 6, 3, 2, 91, 0, 0, 0, 0, 0, 0]",0,0.44019544028770535,-1,0
484,"[2, 1, 1, 0, 2, 2, 2, 0, 0, 1, 0, 0, 2, 0, 0, 2, 0, 0, 0, 0, 1, 0, 0, 0, 0, 0, 0, 0, 0, 0, 0, 0, 1, 1, 0, 0, 2, 0, 0, 2, 0, 0, 2, 0, 1, 1, 0, 1, 0, 0, 0, 0, 0, 0, 0, 1, 0, 0, 0, 0, 0, 0, 0, 2, 2, 4, 1, 4, 1, 2, 0, 3, 2, 4, 1, 5, 4, 6, 3, 2, 91, 0, 0, 0, 0, 0, 0]",-1,-0.0201262112016818,-1,0
485,"[2, 1, 1, 0, 2, 2, 2, 0, 0, 1, 0, 0, 2, 0, 0, 2, 0, 0, 0, 0, 1, 0, 0, 0, 0, 0, 0, 0, 0, 0, 0, 0, 1, 1, 0, 0, 2, 0, 0, 2, 0, 0, 2, 0, 1, 1, 0, 1, 0, 0, 0, 0, 0, 0, 0, 1, 0, 0, 0, 0, 0, 0, 0, 2, 2, 4, 1, 4, 1, 2, 0, 3, 2, 4, 1, 5, 4, 6, 3, 2, 91, 0, 0, 0, 0, 0, 0]",0,0.44019544028770535,-1,0
486,"[2, 1, 1, 0, 2, 2, 2, 0, 0, 1, 0, 0, 2, 0, 0, 2, 0, 0, 0, 0, 1, 0, 0, 0, 0, 0, 0, 0, 0, 0, 0, 0, 1, 1, 0, 0, 2, 0, 0, 2, 0, 0, 2, 0, 1, 1, 0, 1, 0, 0, 0, 0, 0, 0, 0, 1, 0, 0, 0, 0, 0, 0, 0, 2, 2, 4, 1, 4, 1, 2, 0, 3, 2, 4, 1, 5, 4, 6, 3, 2, 91, 0, 0, 0, 0, 0, 0]",-1,-0.0201262112016818,-1,0
487,"[2, 1, 1, 0, 2, 2, 2, 0, 0, 1, 0, 0, 2, 0, 0, 2, 0, 0, 0, 0, 1, 0, 0, 0, 0, 0, 0, 0, 0, 0, 0, 0, 1, 1, 0, 0, 2, 0, 0, 2, 0, 0, 2, 0, 1, 1, 0, 1, 0, 0, 0, 0, 0, 0, 0, 1, 0, 0, 0, 0, 0, 0, 0, 2, 2, 4, 1, 4, 1, 2, 0, 3, 2, 4, 1, 5, 4, 6, 3, 2, 91, 0, 0, 0, 0, 0, 0]",0,0.44019544028770535,-1,0
488,"[2, 1, 1, 0, 2, 2, 2, 0, 0, 1, 0, 0, 2, 0, 0, 2, 0, 0, 0, 0, 1, 0, 0, 0, 0, 0, 0, 0, 0, 0, 0, 0, 1, 1, 0, 0, 2, 0, 0, 2, 0, 0, 2, 0, 1, 1, 0, 1, 0, 0, 0, 0, 0, 0, 0, 1, 0, 0, 0, 0, 0, 0, 0, 2, 2, 4, 1, 4, 1, 2, 0, 3, 2, 4, 1, 5, 4, 6, 3, 2, 91, 0, 0, 0, 0, 0, 0]",-1,-0.0201262112016818,-1,0
489,"[2, 1, 1, 0, 2, 2, 2, 0, 0, 1, 0, 0, 2, 0, 0, 2, 0, 0, 0, 0, 1, 0, 0, 0, 0, 0, 0, 0, 0, 0, 0, 0, 1, 1, 0, 0, 2, 0, 0, 2, 0, 0, 2, 0, 1, 1, 0, 1, 0, 0, 0, 0, 0, 0, 0, 1, 0, 0, 0, 0, 0, 0, 0, 2, 2, 4, 1, 4, 1, 2, 0, 3, 2, 4, 1, 5, 4, 6, 3, 2, 91, 0, 0, 0, 0, 0, 0]",0,0.44019544028770535,-1,0
490,"[2, 1, 1, 0, 2, 2, 2, 0, 0, 1, 0, 0, 2, 0, 0, 2, 0, 0, 0, 0, 1, 0, 0, 0, 0, 0, 0, 0, 0, 0, 0, 0, 1, 1, 0, 0, 2, 0, 0, 2, 0, 0, 2, 0, 1, 1, 0, 1, 0, 0, 0, 0, 0, 0, 0, 1, 0, 0, 0, 0, 0, 0, 0, 2, 2, 4, 1, 4, 1, 2, 0, 3, 2, 4, 1, 5, 4, 6, 3, 2, 91, 0, 0, 0, 0, 0, 0]",-1,-0.0201262112016818,-1,0
491,"[2, 1, 1, 0, 2, 2, 2, 0, 0, 1, 0, 0, 2, 0, 0, 2, 0, 0, 0, 0, 1, 0, 0, 0, 0, 0, 0, 0, 0, 0, 0, 0, 1, 1, 0, 0, 2, 0, 0, 2, 0, 0, 2, 0, 1, 1, 0, 1, 0, 0, 0, 0, 0, 0, 0, 1, 0, 0, 0, 0, 0, 0, 0, 2, 2, 4, 1, 4, 1, 2, 0, 3, 2, 4, 1, 5, 4, 6, 3, 2, 91, 0, 0, 0, 0, 0, 0]",0,0.44019544028770535,-1,0
492,"[2, 1, 1, 0, 2, 2, 2, 0, 0, 1, 0, 0, 2, 0, 0, 2, 0, 0, 0, 0, 1, 0, 0, 0, 0, 0, 0, 0, 0, 0, 0, 0, 1, 1, 0, 0, 2, 0, 0, 2, 0, 0, 2, 0, 1, 1, 0, 1, 0, 0, 0, 0, 0, 0, 0, 1, 0, 0, 0, 0, 0, 0, 0, 2, 2, 4, 1, 4, 1, 2, 0, 3, 2, 4, 1, 5, 4, 6, 3, 2, 91, 0, 0, 0, 0, 0, 0]",-1,-0.0201262112016818,-1,0
493,"[2, 1, 1, 0, 2, 2, 2, 0, 0, 1, 0, 0, 2, 0, 0, 2, 0, 0, 0, 0, 1, 0, 0, 0, 0, 0, 0, 0, 0, 0, 0, 0, 1, 1, 0, 0, 2, 0, 0, 2, 0, 0, 2, 0, 1, 1, 0, 1, 0, 0, 0, 0, 0, 0, 0, 1, 0, 0, 0, 0, 0, 0, 0, 2, 2, 4, 1, 4, 1, 2, 0, 3, 2, 4, 1, 5, 4, 6, 3, 2, 91, 0, 0, 0, 0, 0, 0]",1,0.807100682963749,-1,0
494,"[2, 1, 1, 0, 2, 2, 2, 0, 0, 1, 0, 0, 2, 0, 0, 2, 0, 0, 0, 0, 1, 0, 0, 0, 0, 0, 0, 0, 0, 0, 0, 0, 1, 1, 0, 0, 2, 0, 0, 2, 0, 0, 2, 0, 1, 1, 0, 1, 0, 0, 0, 0, 0, 0, 0, 1, 0, 0, 0, 0, 0, 0, 0, 2, 2, 4, 1, 4, 1, 2, 0, 3, 2, 4, 1, 5, 4, 6, 3, 2, 91, 0, 0, 0, 0, 0, 0]",-1,-0.0201262112016818,-1,0
495,"[2, 1, 1, 0, 2, 2, 2, 0, 0, 1, 0, 0, 2, 0, 0, 2, 0, 0, 0, 0, 1, 0, 0, 0, 0, 0, 0, 0, 0, 0, 0, 0, 1, 1, 0, 0, 2, 0, 0, 2, 0, 0, 2, 0, 1, 1, 0, 1, 0, 0, 0, 0, 0, 0, 0, 1, 0, 0, 0, 0, 0, 0, 0, 2, 2, 4, 1, 4, 1, 2, 0, 3, 2, 4, 1, 5, 4, 6, 3, 2, 91, 0, 0, 0, 0, 0, 0]",1,0.807100682963749,-1,0
496,"[2, 1, 1, 0, 2, 2, 2, 0, 0, 1, 0, 0, 2, 0, 0, 2, 0, 0, 0, 0, 1, 0, 0, 0, 0, 0, 0, 0, 0, 0, 0, 0, 1, 1, 0, 0, 2, 0, 0, 2, 0, 0, 2, 0, 1, 1, 0, 1, 0, 0, 0, 0, 0, 0, 0, 1, 0, 0, 0, 0, 0, 0, 0, 2, 2, 4, 1, 4, 1, 2, 0, 3, 2, 4, 1, 5, 4, 6, 3, 2, 91, 0, 0, 0, 0, 0, 0]",-1,-0.0201262112016818,-1,0
497,"[2, 1, 1, 0, 4, 3, 2, 0, 0, 1, 0, 0, 2, 0, 0, 2, 0, 0, 0, 0, 1, 0, 0, 0, 0, 0, 0, 0, 0, 0, 0, 0, 1, 1, 0, 0, 2, 0, 0, 2, 0, 0, 2, 0, 1, 1, 0, 1, 0, 0, 0, 0, 0, 0, 0, 1, 0, 0, 0, 0, 0, 0, 0, 2, 2, 4, 1, 4, 1, 2, 0, 3, 2, 4, 1, 5, 4, 6, 3, 2, 92, 0, 0, 0, 0, 0, 0]",4,14.611395922109788,-1,0
498,"[2, 1, 1, 0, 4, 3, 2, 0, 0, 1, 0, 0, 2, 0, 0, 2, 0, 0, 0, 0, 1, 0, 0, 0, 0, 0, 0, 0, 0, 0, 0, 0, 1, 1, 0, 0, 2, 0, 0, 2, 0, 0, 2, 0, 1, 1, 0, 1, 0, 0, 0, 0, 0, 0, 0, 1, 0, 0, 0, 0, 0, 0, 0, 2, 2, 4, 1, 4, 1, 2, 0, 3, 2, 4, 1, 5, 4, 6, 3, 2, 92, 0, 0, 0, 0, 0, 0]",0,0.5830369549064323,-1,1
499,"[2, 1, 1, 0, 4, 3, 2, 0, 0, 1, 0, 0, 2, 0, 0, 2, 0, 0, 0, 0, 1, 0, 0, 0, 0, 0, 0, 0, 0, 0, 0, 0, 1, 1, 0, 0, 2, 0, 0, 2, 0, 0, 2, 0, 1, 1, 0, 1, 0, 0, 0, 0, 0, 0, 0, 1, 0, 0, 0, 0, 0, 0, 0, 2, 2, 4, 1, 4, 1, 2, 0, 3, 2, 4, 1, 5, 4, 6, 3, 2, 92, 0, 0, 0, 0, 0, 0]",-1,-0.019925952054225708,-1,1
500,"[2, 1, 1, 0, 4, 3, 2, 0, 0, 1, 0, 0, 2, 0, 0, 2, 0, 0, 0, 0, 1, 0, 0, 0, 0, 0, 0, 0, 0, 0, 0, 0, 1, 1, 0, 0, 2, 0, 0, 2, 0, 0, 2, 0, 1, 1, 0, 1, 0, 0, 0, 0, 0, 0, 0, 1, 0, 0, 0, 0, 0, 0, 0, 2, 2, 4, 1, 4, 1, 2, 0, 3, 2, 4, 1, 5, 4, 6, 3, 2, 93, 0, 0, 0, 0, 0, 0]",4,10.1677672850634,-1,1
501,"[2, 1, 1, 0, 4, 3, 2, 0, 0, 1, 0, 0, 2, 0, 0, 2, 0, 0, 0, 0, 1, 0, 0, 0, 0, 0, 0, 0, 0, 0, 0, 0, 1, 1, 0, 0, 2, 0, 0, 2, 0, 0, 2, 0, 1, 1, 0, 1, 0, 0, 0, 0, 0, 0, 0, 1, 0, 0, 0, 0, 0, 0, 0, 2, 2, 4, 1, 4, 1, 2, 0, 3, 2, 4, 1, 5, 4, 6, 3, 2, 93, 0, 0, 0, 0, 0, 0]",1,0.8068933832801466,-1,0
502,"[2, 1, 1, 0, 4, 3, 2, 0, 0, 1, 0, 0, 2, 0, 0, 2, 0, 0, 0, 0, 1, 0, 0, 0, 0, 0, 0, 0, 0, 0, 0, 0, 1, 1, 0, 0, 2, 0, 0, 2, 0, 0, 2, 0, 1, 1, 0, 1, 0, 0, 0, 0, 0, 0, 0, 1, 0, 0, 0, 0, 0, 0, 0, 2, 2, 4, 1, 4, 1, 2, 0, 3, 2, 4, 1, 5, 4, 6, 3, 2, 93, 0, 0, 0, 0, 0, 0]",-1,-0.019727685518580056,-1,0
503,"[2, 1, 1, 0, 4, 3, 2, 0, 0, 1, 0, 0, 2, 0, 0, 2, 0, 0, 0, 0, 1, 0, 0, 0, 0, 0, 0, 0, 0, 0, 0, 0, 1, 1, 0, 0, 2, 0, 0, 2, 0, 0, 2, 0, 1, 1, 0, 1, 0, 0, 0, 0, 0, 0, 0, 1, 0, 0, 0, 0, 0, 0, 0, 2, 2, 4, 1, 4, 1, 2, 0, 3, 2, 4, 1, 5, 4, 6, 3, 2, 93, 1, 0, 0, 0, 0, 0]",3,0.3972692681805298,-1,0
504,"[0, 1, 1, 1, 4, 3, 2, 0, 0, 1, 0, 0, 2, 0, 0, 2, 0, 0, 0, 0, 1, 0, 0, 0, 0, 0, 0, 0, 0, 0, 0, 0, 1, 1, 0, 0, 2, 0, 0, 2, 0, 0, 2, 0, 1, 1, 0, 1, 0, 0, 0, 0, 0, 0, 0, 1, 0, 0, 0, 0, 0, 0, 0, 2, 2, 4, 1, 4, 1, 2, 0, 3, 2, 4, 1, 5, 4, 6, 3, 2, 93, 0, 0, 0, 0, 0, 0]","[[2 0 0 0]
 [0 0 0 1]]",-0.0012730499084291243,-1,0
505,"[0, 1, 1, 1, 4, 3, 2, 0, 0, 1, 0, 0, 2, 0, 0, 2, 0, 0, 0, 0, 1, 0, 0, 0, 0, 0, 0, 0, 0, 0, 0, 0, 1, 1, 0, 0, 2, 0, 0, 2, 0, 0, 2, 0, 1, 1, 0, 1, 0, 0, 0, 0, 0, 0, 0, 1, 0, 0, 0, 0, 0, 0, 0, 2, 2, 4, 1, 4, 1, 2, 0, 3, 2, 4, 1, 5, 4, 6, 3, 2, 93, 0, 1, 0, 0, 0, 0]",2,0.5972692681805298,-1,0
506,"[0, 1, 1, 1, 4, 3, 2, 0, 0, 1, 0, 0, 2, 0, 0, 2, 0, 0, 0, 0, 1, 0, 0, 0, 0, 0, 0, 0, 0, 0, 0, 0, 1, 1, 0, 0, 2, 0, 0, 2, 0, 0, 2, 0, 1, 1, 0, 1, 0, 0, 0, 0, 0, 0, 0, 1, 0, 0, 0, 0, 0, 0, 0, 2, 2, 4, 1, 4, 1, 2, 0, 3, 2, 4, 1, 5, 4, 6, 3, 2, 93, 0, 1, 0, 0, 1, 0]","[[0 0 0 1]
 [1 0 0 0]]",0.8476941332386208,-1,0
507,"[1, 1, 1, 0, 3, 3, 2, 1, 0, 1, 0, 0, 2, 0, 0, 2, 0, 0, 0, 0, 1, 0, 0, 0, 0, 0, 0, 0, 0, 0, 0, 0, 1, 1, 0, 0, 2, 0, 0, 2, 0, 0, 2, 0, 1, 1, 0, 1, 0, 0, 0, 0, 0, 0, 0, 1, 0, 0, 0, 0, 0, 0, 0, 2, 2, 4, 1, 4, 1, 2, 0, 3, 2, 4, 1, 5, 4, 6, 3, 2, 93, 0, 0, 0, 0, 0, 0]",0,-0.0027307318194701776,-1,1
508,"[1, 1, 1, 0, 3, 3, 2, 1, 0, 1, 0, 0, 2, 0, 0, 2, 0, 0, 0, 0, 1, 0, 0, 0, 0, 0, 0, 0, 0, 0, 0, 0, 1, 1, 0, 0, 2, 0, 0, 2, 0, 0, 2, 0, 1, 1, 0, 1, 0, 0, 0, 0, 0, 0, 0, 1, 0, 0, 0, 0, 0, 0, 0, 2, 2, 4, 1, 4, 1, 2, 0, 3, 2, 4, 1, 5, 4, 6, 3, 2, 93, 0, 1, 0, 0, 0, 0]",2,0.5972692681805298,-1,0
509,"[1, 1, 1, 0, 3, 3, 2, 1, 0, 1, 0, 0, 2, 0, 0, 2, 0, 0, 0, 0, 1, 0, 0, 0, 0, 0, 0, 0, 0, 0, 0, 0, 1, 1, 0, 0, 2, 0, 0, 2, 0, 0, 2, 0, 1, 1, 0, 1, 0, 0, 0, 0, 0, 0, 0, 1, 0, 0, 0, 0, 0, 0, 0, 2, 2, 4, 1, 4, 1, 2, 0, 3, 2, 4, 1, 5, 4, 6, 3, 2, 93, 0, 1, 0, 0, 1, 0]","[[0 0 1 0]
 [0 0 0 1]]",0.8476941332386208,-1,0
510,"[1, 1, 1, 0, 3, 3, 2, 1, 0, 1, 0, 0, 2, 0, 0, 2, 0, 0, 0, 0, 1, 0, 0, 0, 0, 0, 0, 0, 0, 0, 0, 0, 1, 1, 0, 0, 2, 0, 0, 2, 0, 0, 2, 0, 1, 1, 0, 1, 0, 0, 0, 0, 0, 0, 0, 1, 0, 0, 0, 0, 0, 0, 0, 2, 2, 4, 1, 4, 1, 2, 0, 3, 2, 4, 1, 5, 4, 6, 3, 2, 93, 0, 0, 0, 0, 0, 0]",1,-2.600806943172786,-1,1
511,"[1, 1, 1, 0, 3, 3, 2, 1, 0, 1, 0, 0, 2, 0, 0, 2, 0, 0, 0, 0, 1, 0, 0, 0, 0, 0, 0, 0, 0, 0, 0, 0, 1, 1, 0, 0, 2, 0, 0, 2, 0, 0, 2, 0, 1, 1, 0, 1, 0, 0, 0, 0, 0, 0, 0, 1, 0, 0, 0, 0, 0, 0, 0, 2, 2, 4, 1, 4, 1, 2, 0, 3, 2, 4, 1, 5, 4, 6, 3, 2, 93, 0, 0, 0, 0, 0, 0]",1,0.8068933832801466,-1,0
512,"[1, 1, 1, 0, 3, 3, 2, 1, 0, 1, 0, 0, 2, 0, 0, 2, 0, 0, 0, 0, 1, 0, 0, 0, 0, 0, 0, 0, 0, 0, 0, 0, 1, 1, 0, 0, 2, 0, 0, 2, 0, 0, 2, 0, 1, 1, 0, 1, 0, 0, 0, 0, 0, 0, 0, 1, 0, 0, 0, 0, 0, 0, 0, 2, 2, 4, 1, 4, 1, 2, 0, 3, 2, 4, 1, 5, 4, 6, 3, 2, 93, 0, 0, 0, 0, 0, 0]",-1,-0.019727685518580056,-1,0
513,"[1, 1, 1, 0, 3, 3, 2, 1, 0, 1, 0, 0, 2, 0, 0, 2, 0, 0, 0, 0, 1, 0, 0, 0, 0, 0, 0, 0, 0, 0, 0, 0, 1, 1, 0, 0, 2, 0, 0, 2, 0, 0, 2, 0, 1, 1, 0, 1, 0, 0, 0, 0, 0, 0, 0, 1, 0, 0, 0, 0, 0, 0, 0, 2, 2, 4, 1, 4, 1, 2, 0, 3, 2, 4, 1, 5, 4, 6, 3, 2, 93, 0, 1, 0, 0, 0, 0]",2,0.5972692681805298,-1,0
514,"[1, 1, 1, 0, 3, 3, 2, 1, 0, 1, 0, 0, 2, 0, 0, 2, 0, 0, 0, 0, 1, 0, 0, 0, 0, 0, 0, 0, 0, 0, 0, 0, 1, 1, 0, 0, 2, 0, 0, 2, 0, 0, 2, 0, 1, 1, 0, 1, 0, 0, 0, 0, 0, 0, 0, 1, 0, 0, 0, 0, 0, 0, 0, 2, 2, 4, 1, 4, 1, 2, 0, 3, 2, 4, 1, 5, 4, 6, 3, 2, 93, 0, 1, 0, 0, 1, 0]","[[0 1 0 0]
 [0 0 0 1]]",0.8476941332386208,-1,0
515,"[1, 1, 1, 0, 3, 3, 2, 1, 0, 1, 0, 0, 2, 0, 0, 2, 0, 0, 0, 0, 1, 0, 0, 0, 0, 0, 0, 0, 0, 0, 0, 0, 1, 1, 0, 0, 2, 0, 0, 2, 0, 0, 2, 0, 1, 1, 0, 1, 0, 0, 0, 0, 0, 0, 0, 1, 0, 0, 0, 0, 0, 0, 0, 2, 2, 4, 1, 4, 1, 2, 0, 3, 2, 4, 1, 5, 4, 6, 3, 2, 93, 0, 1, 0, 0, 0, 1]",2,-0.0027307318194701776,-1,1
516,"[1, 1, 1, 0, 3, 3, 2, 1, 0, 1, 0, 0, 2, 0, 0, 2, 0, 0, 0, 0, 1, 0, 0, 0, 0, 0, 0, 0, 0, 0, 0, 0, 1, 1, 0, 0, 2, 0, 0, 2, 0, 0, 2, 0, 1, 1, 0, 1, 0, 0, 0, 0, 0, 0, 0, 1, 0, 0, 0, 0, 0, 0, 0, 2, 2, 4, 1, 4, 1, 2, 0, 3, 2, 4, 1, 5, 4, 6, 3, 2, 93, 0, 0, 1, 0, 0, 0]","[[1 1 1 0]
 [1 1 1 0]]",-0.0027307318194701776,-1,1
517,"[1, 1, 1, 0, 3, 3, 2, 1, 0, 1, 0, 0, 2, 0, 0, 2, 0, 0, 0, 0, 1, 0, 0, 0, 0, 0, 0, 0, 0, 0, 0, 0, 1, 1, 0, 0, 2, 0, 0, 2, 0, 0, 2, 0, 1, 1, 0, 1, 0, 0, 0, 0, 0, 0, 0, 1, 0, 0, 0, 0, 0, 0, 0, 2, 2, 4, 1, 4, 1, 2, 0, 3, 2, 4, 1, 5, 4, 6, 3, 2, 93, 0, 0, 0, 0, 0, 0]",1,-1.5861402247469432,-1,0
518,"[1, 1, 1, 0, 3, 3, 2, 1, 0, 1, 0, 0, 2, 0, 0, 2, 0, 0, 0, 0, 1, 0, 0, 0, 0, 0, 0, 0, 0, 0, 0, 0, 1, 1, 0, 0, 2, 0, 0, 2, 0, 0, 2, 0, 1, 1, 0, 1, 0, 0, 0, 0, 0, 0, 0, 1, 0, 0, 0, 0, 0, 0, 0, 2, 2, 4, 1, 4, 1, 2, 0, 3, 2, 4, 1, 5, 4, 6, 3, 2, 93, 0, 0, 0, 0, 0, 0]",1,0.8068933832801466,-1,0
519,"[1, 1, 1, 0, 3, 3, 2, 1, 0, 1, 0, 0, 2, 0, 0, 2, 0, 0, 0, 0, 1, 0, 0, 0, 0, 0, 0, 0, 0, 0, 0, 0, 1, 1, 0, 0, 2, 0, 0, 2, 0, 0, 2, 0, 1, 1, 0, 1, 0, 0, 0, 0, 0, 0, 0, 1, 0, 0, 0, 0, 0, 0, 0, 2, 2, 4, 1, 4, 1, 2, 0, 3, 2, 4, 1, 5, 4, 6, 3, 2, 93, 0, 0, 0, 0, 0, 0]",-1,-0.019727685518580056,-1,0
520,"[1, 1, 1, 0, 5, 4, 2, 1, 0, 1, 0, 0, 2, 0, 0, 2, 0, 0, 0, 0, 1, 0, 0, 0, 0, 0, 0, 0, 0, 0, 0, 0, 1, 1, 0, 0, 2, 0, 0, 2, 0, 0, 2, 0, 1, 1, 0, 1, 0, 0, 0, 0, 0, 0, 0, 1, 0, 0, 0, 0, 0, 0, 0, 2, 2, 4, 1, 4, 1, 2, 0, 3, 2, 4, 1, 5, 4, 6, 3, 2, 94, 0, 0, 0, 0, 0, 0]",4,14.770008062772748,-1,0
521,"[1, 1, 1, 0, 5, 4, 2, 1, 0, 1, 0, 0, 2, 0, 0, 2, 0, 0, 0, 0, 1, 0, 0, 0, 0, 0, 0, 0, 0, 0, 0, 0, 1, 1, 0, 0, 2, 0, 0, 2, 0, 0, 2, 0, 1, 1, 0, 1, 0, 0, 0, 0, 0, 0, 0, 1, 0, 0, 0, 0, 0, 0, 0, 2, 2, 4, 1, 4, 1, 2, 0, 3, 2, 4, 1, 5, 4, 6, 3, 2, 94, 0, 0, 0, 0, 0, 0]",-1,-0.019531391767926055,-1,1
522,"[1, 1, 1, 0, 5, 4, 2, 1, 0, 1, 0, 0, 2, 0, 0, 2, 0, 0, 0, 0, 1, 0, 0, 0, 0, 0, 0, 0, 0, 0, 0, 0, 1, 1, 0, 0, 2, 0, 0, 2, 0, 0, 2, 0, 1, 1, 0, 1, 0, 0, 0, 0, 0, 0, 0, 1, 0, 0, 0, 0, 0, 0, 0, 2, 2, 4, 1, 4, 1, 2, 0, 3, 2, 4, 1, 5, 4, 6, 3, 2, 95, 0, 0, 0, 0, 0, 0]",4,10.20265546948985,-1,1
523,"[1, 1, 1, 0, 5, 4, 2, 1, 0, 1, 0, 0, 2, 0, 0, 2, 0, 0, 0, 0, 1, 0, 0, 0, 0, 0, 0, 0, 0, 0, 0, 0, 1, 1, 0, 0, 2, 0, 0, 2, 0, 0, 2, 0, 1, 1, 0, 1, 0, 0, 0, 0, 0, 0, 0, 1, 0, 0, 0, 0, 0, 0, 0, 2, 2, 4, 1, 4, 1, 2, 0, 3, 2, 4, 1, 5, 4, 6, 3, 2, 96, 0, 0, 0, 0, 0, 0]",4,14.76899384524252,-1,0
524,"[1, 1, 1, 0, 5, 4, 2, 1, 0, 1, 0, 0, 2, 0, 0, 2, 0, 0, 0, 0, 1, 0, 0, 0, 0, 0, 0, 0, 0, 0, 0, 0, 1, 1, 0, 0, 2, 0, 0, 2, 0, 0, 2, 0, 1, 1, 0, 1, 0, 0, 0, 0, 0, 0, 0, 1, 0, 0, 0, 0, 0, 0, 0, 2, 2, 4, 1, 4, 1, 2, 0, 3, 2, 4, 1, 5, 4, 6, 3, 2, 96, 0, 1, 0, 0, 0, 0]",2,0.5969264588869448,-1,1
525,"[1, 1, 1, 0, 5, 4, 2, 1, 0, 1, 0, 0, 2, 0, 0, 2, 0, 0, 0, 0, 1, 0, 0, 0, 0, 0, 0, 0, 0, 0, 0, 0, 1, 1, 0, 0, 2, 0, 0, 2, 0, 0, 2, 0, 1, 1, 0, 1, 0, 0, 0, 0, 0, 0, 0, 1, 0, 0, 0, 0, 0, 0, 0, 2, 2, 4, 1, 4, 1, 2, 0, 3, 2, 4, 1, 5, 4, 6, 3, 2, 96, 0, 1, 0, 0, 1, 0]","[[1 2 1 0]
 [1 1 1 0]]",0.1628586677109773,-1,1
526,"[1, 1, 1, 0, 5, 4, 2, 1, 0, 1, 0, 0, 2, 0, 0, 2, 0, 0, 0, 0, 1, 0, 0, 0, 0, 0, 0, 0, 0, 0, 0, 0, 1, 1, 0, 0, 2, 0, 0, 2, 0, 0, 2, 0, 1, 1, 0, 1, 0, 0, 0, 0, 0, 0, 0, 1, 0, 0, 0, 0, 0, 0, 0, 2, 2, 4, 1, 4, 1, 2, 0, 3, 2, 4, 1, 5, 4, 6, 3, 2, 96, 0, 0, 0, 0, 0, 0]",1,-0.00307354111305511,-1,0
527,"[1, 1, 1, 0, 5, 4, 2, 1, 0, 1, 0, 0, 2, 0, 0, 2, 0, 0, 0, 0, 1, 0, 0, 0, 0, 0, 0, 0, 0, 0, 0, 0, 1, 1, 0, 0, 2, 0, 0, 2, 0, 0, 2, 0, 1, 1, 0, 1, 0, 0, 0, 0, 0, 0, 0, 1, 0, 0, 0, 0, 0, 0, 0, 2, 2, 4, 1, 4, 1, 2, 0, 3, 2, 4, 1, 5, 4, 6, 3, 2, 96, 1, 0, 0, 0, 0, 0]",3,0.3969264588869449,-1,1
528,"[1, 1, 1, 0, 5, 4, 2, 1, 0, 1, 0, 0, 2, 0, 0, 2, 0, 0, 0, 0, 1, 0, 0, 0, 0, 0, 0, 0, 0, 0, 0, 0, 1, 1, 0, 0, 2, 0, 0, 2, 0, 0, 2, 0, 1, 1, 0, 1, 0, 0, 0, 0, 0, 0, 0, 1, 0, 0, 0, 0, 0, 0, 0, 2, 2, 4, 1, 4, 1, 2, 0, 3, 2, 4, 1, 5, 4, 6, 3, 2, 96, 0, 0, 0, 0, 0, 0]",-1,-0.019144644298755606,-1,1
529,"[1, 1, 1, 0, 5, 4, 2, 1, 0, 1, 0, 0, 2, 0, 0, 2, 0, 0, 0, 0, 1, 0, 0, 0, 0, 0, 0, 0, 0, 0, 0, 0, 1, 1, 0, 0, 2, 0, 0, 2, 0, 0, 2, 0, 1, 1, 0, 1, 0, 0, 0, 0, 0, 0, 0, 1, 0, 0, 0, 0, 0, 0, 0, 2, 2, 4, 1, 4, 1, 2, 0, 3, 2, 4, 1, 5, 4, 6, 3, 2, 97, 0, 0, 0, 0, 0, 0]",4,10.201639811221723,-1,1
530,"[1, 1, 1, 0, 5, 4, 2, 1, 0, 1, 0, 0, 2, 0, 0, 2, 0, 0, 0, 0, 1, 0, 0, 0, 0, 0, 0, 0, 0, 0, 0, 0, 1, 1, 0, 0, 2, 0, 0, 2, 0, 0, 2, 0, 1, 1, 0, 1, 0, 0, 0, 0, 0, 0, 0, 1, 0, 0, 0, 0, 0, 0, 0, 2, 2, 4, 1, 4, 1, 2, 0, 3, 2, 4, 1, 5, 4, 6, 3, 2, 97, 0, 1, 0, 0, 0, 0]",2,0.5968030303315595,-1,0
531,"[1, 1, 1, 0, 5, 4, 2, 1, 0, 1, 0, 0, 2, 0, 0, 2, 0, 0, 0, 0, 1, 0, 0, 0, 0, 0, 0, 0, 0, 0, 0, 0, 1, 1, 0, 0, 2, 0, 0, 2, 0, 0, 2, 0, 1, 1, 0, 1, 0, 0, 0, 0, 0, 0, 0, 1, 0, 0, 0, 0, 0, 0, 0, 2, 2, 4, 1, 4, 1, 2, 0, 3, 2, 4, 1, 5, 4, 6, 3, 2, 97, 0, 1, 0, 0, 1, 0]","[[1 0 0 0]
 [0 0 0 1]]",0.8472278953896504,-1,0
532,"[0, 1, 1, 1, 6, 4, 2, 0, 0, 1, 0, 0, 2, 0, 0, 2, 0, 0, 0, 0, 1, 0, 0, 0, 0, 0, 0, 0, 0, 0, 0, 0, 1, 1, 0, 0, 2, 0, 0, 2, 0, 0, 2, 0, 1, 1, 0, 1, 0, 0, 0, 0, 0, 0, 0, 1, 0, 0, 0, 0, 0, 0, 0, 2, 2, 4, 1, 4, 1, 2, 0, 3, 2, 4, 1, 5, 4, 6, 3, 2, 97, 0, 0, 0, 0, 0, 0]",0,-0.003196969668440517,-1,1
533,"[0, 1, 1, 1, 6, 4, 2, 0, 0, 1, 0, 0, 2, 0, 0, 2, 0, 0, 0, 0, 1, 0, 0, 0, 0, 0, 0, 0, 0, 0, 0, 0, 1, 1, 0, 0, 2, 0, 0, 2, 0, 0, 2, 0, 1, 1, 0, 1, 0, 0, 0, 0, 0, 0, 0, 1, 0, 0, 0, 0, 0, 0, 0, 2, 2, 4, 1, 4, 1, 2, 0, 3, 2, 4, 1, 5, 4, 6, 3, 2, 97, 0, 1, 0, 0, 0, 0]",2,0.5968030303315595,-1,0
534,"[0, 1, 1, 1, 6, 4, 2, 0, 0, 1, 0, 0, 2, 0, 0, 2, 0, 0, 0, 0, 1, 0, 0, 0, 0, 0, 0, 0, 0, 0, 0, 0, 1, 1, 0, 0, 2, 0, 0, 2, 0, 0, 2, 0, 1, 1, 0, 1, 0, 0, 0, 0, 0, 0, 0, 1, 0, 0, 0, 0, 0, 0, 0, 2, 2, 4, 1, 4, 1, 2, 0, 3, 2, 4, 1, 5, 4, 6, 3, 2, 97, 0, 1, 0, 0, 1, 0]","[[0 0 0 1]
 [1 0 0 0]]",0.8472278953896504,-1,0
535,"[0, 1, 1, 1, 6, 4, 2, 0, 0, 1, 0, 0, 2, 0, 0, 2, 0, 0, 0, 0, 1, 0, 0, 0, 0, 0, 0, 0, 0, 0, 0, 0, 1, 1, 0, 0, 2, 0, 0, 2, 0, 0, 2, 0, 1, 1, 0, 1, 0, 0, 0, 0, 0, 0, 0, 1, 0, 0, 0, 0, 0, 0, 0, 2, 2, 4, 1, 4, 1, 2, 0, 3, 2, 4, 1, 5, 4, 6, 3, 2, 97, 0, 0, 0, 0, 0, 0]",1,-4.003196969668441,-1,1
536,"[0, 1, 1, 1, 6, 4, 2, 0, 0, 1, 0, 0, 2, 0, 0, 2, 0, 0, 0, 0, 1, 0, 0, 0, 0, 0, 0, 0, 0, 0, 0, 0, 1, 1, 0, 0, 2, 0, 0, 2, 0, 0, 2, 0, 1, 1, 0, 1, 0, 0, 0, 0, 0, 0, 0, 1, 0, 0, 0, 0, 0, 0, 0, 2, 2, 4, 1, 4, 1, 2, 0, 3, 2, 4, 1, 5, 4, 6, 3, 2, 98, 0, 0, 0, 0, 0, 0]",4,14.767976316598888,-1,0
537,"[0, 1, 1, 1, 8, 5, 2, 0, 0, 1, 0, 0, 2, 0, 0, 2, 0, 0, 0, 0, 1, 0, 0, 0, 0, 0, 0, 0, 0, 0, 0, 0, 1, 1, 0, 0, 2, 0, 0, 2, 0, 0, 2, 0, 1, 1, 0, 1, 0, 0, 0, 0, 0, 0, 0, 1, 0, 0, 0, 0, 0, 0, 0, 2, 2, 4, 1, 4, 1, 2, 0, 3, 2, 4, 1, 5, 4, 6, 3, 2, 99, 0, 0, 0, 0, 0, 0]",4,9.971516857520283,-1,1
538,"[0, 1, 1, 1, 8, 5, 2, 0, 0, 1, 0, 0, 2, 0, 0, 2, 0, 0, 0, 0, 1, 0, 0, 0, 0, 0, 0, 0, 0, 0, 0, 0, 1, 1, 0, 0, 2, 0, 0, 2, 0, 0, 2, 0, 1, 1, 0, 1, 0, 0, 0, 0, 0, 0, 0, 1, 0, 0, 0, 0, 0, 0, 0, 2, 2, 4, 1, 4, 1, 2, 0, 3, 2, 4, 1, 5, 4, 6, 3, 2, 99, 1, 0, 0, 0, 0, 0]",3,0.3965413686860189,-1,0
539,"[0, 1, 1, 1, 8, 5, 2, 0, 0, 1, 0, 0, 2, 0, 0, 2, 0, 0, 0, 0, 1, 0, 0, 0, 0, 0, 0, 0, 0, 0, 0, 0, 1, 1, 0, 0, 2, 0, 0, 2, 0, 0, 2, 0, 1, 1, 0, 1, 0, 0, 0, 0, 0, 0, 0, 1, 0, 0, 0, 0, 0, 0, 0, 2, 2, 4, 1, 4, 1, 2, 0, 3, 2, 4, 1, 5, 4, 6, 3, 2, 99, 0, 0, 0, 0, 0, 0]",-1,-0.018578834551102288,-1,0
540,"[0, 1, 1, 1, 8, 5, 2, 0, 0, 1, 0, 0, 2, 0, 0, 2, 0, 0, 0, 0, 1, 0, 0, 0, 0, 0, 0, 0, 0, 0, 0, 0, 1, 1, 0, 0, 2, 0, 0, 2, 0, 0, 2, 0, 1, 1, 0, 1, 0, 0, 0, 0, 0, 0, 0, 1, 0, 0, 0, 0, 0, 0, 0, 2, 2, 4, 1, 4, 1, 2, 0, 3, 2, 4, 1, 5, 4, 6, 3, 2, 100, 0, 0, 0, 0, 0, 0]",4,14.766953711119912,-1,0
541,"[0, 1, 1, 1, 8, 5, 2, 0, 0, 1, 0, 0, 2, 0, 0, 2, 0, 0, 0, 0, 1, 0, 0, 0, 0, 0, 0, 0, 0, 0, 0, 0, 1, 1, 0, 0, 2, 0, 0, 2, 0, 0, 2, 0, 1, 1, 0, 1, 0, 0, 0, 0, 0, 0, 0, 1, 0, 0, 0, 0, 0, 0, 0, 2, 2, 4, 1, 4, 1, 2, 0, 3, 2, 4, 1, 5, 4, 6, 3, 2, 100, 0, 1, 0, 0, 0, 0]",2,0.5964027580075817,-1,1
542,"[0, 1, 1, 1, 8, 5, 2, 0, 0, 1, 0, 0, 2, 0, 0, 2, 0, 0, 0, 0, 1, 0, 0, 0, 0, 0, 0, 0, 0, 0, 0, 0, 1, 1, 0, 0, 2, 0, 0, 2, 0, 0, 2, 0, 1, 1, 0, 1, 0, 0, 0, 0, 0, 0, 0, 1, 0, 0, 0, 0, 0, 0, 0, 2, 2, 4, 1, 4, 1, 2, 0, 3, 2, 4, 1, 5, 4, 6, 3, 2, 100, 0, 0, 0, 0, 0, 0]",-1,-0.018393972058572117,-1,1
543,"[0, 1, 1, 1, 10, 6, 2, 0, 0, 1, 0, 0, 2, 0, 0, 2, 0, 0, 0, 0, 1, 0, 0, 0, 0, 0, 0, 0, 0, 0, 0, 0, 1, 1, 0, 0, 2, 0, 0, 2, 0, 0, 2, 0, 1, 1, 0, 1, 0, 0, 0, 0, 0, 0, 0, 1, 0, 0, 0, 0, 0, 0, 0, 2, 2, 4, 1, 4, 1, 2, 0, 3, 2, 4, 1, 5, 4, 6, 3, 2, 101, 0, 0, 0, 0, 0, 0]",4,9.935060645194984,-1,1
544,"[0, 1, 1, 1, 12, 7, 2, 0, 0, 1, 0, 0, 2, 0, 0, 2, 0, 0, 0, 0, 1, 0, 0, 0, 0, 0, 0, 0, 0, 0, 0, 0, 1, 1, 0, 0, 2, 0, 0, 2, 0, 0, 2, 0, 1, 1, 0, 1, 0, 0, 0, 0, 0, 0, 0, 1, 0, 0, 0, 0, 0, 0, 0, 2, 2, 4, 1, 4, 1, 2, 0, 3, 2, 4, 1, 5, 4, 6, 3, 2, 102, 0, 0, 0, 0, 0, 0]",4,14.76592416505364,-1,0
545,"[0, 1, 1, 1, 12, 7, 2, 0, 0, 1, 0, 0, 2, 0, 0, 2, 0, 0, 0, 0, 1, 0, 0, 0, 0, 0, 0, 0, 0, 0, 0, 0, 1, 1, 0, 0, 2, 0, 0, 2, 0, 0, 2, 0, 1, 1, 0, 1, 0, 0, 0, 0, 0, 0, 0, 1, 0, 0, 0, 0, 0, 0, 0, 2, 2, 4, 1, 4, 1, 2, 0, 3, 2, 4, 1, 5, 4, 6, 3, 2, 102, 1, 0, 0, 0, 0, 0]",3,0.3961089830863614,-1,1
546,"[0, 1, 1, 1, 12, 7, 2, 0, 0, 1, 0, 0, 2, 0, 0, 2, 0, 0, 0, 0, 1, 0, 0, 0, 0, 0, 0, 0, 0, 0, 0, 0, 1, 1, 0, 0, 2, 0, 0, 2, 0, 0, 2, 0, 1, 1, 0, 1, 0, 0, 0, 0, 0, 0, 0, 1, 0, 0, 0, 0, 0, 0, 0, 2, 2, 4, 1, 4, 1, 2, 0, 3, 2, 4, 1, 5, 4, 6, 3, 2, 102, 0, 0, 0, 0, 0, 0]",-1,-0.018029747008653917,-1,1
547,"[0, 1, 1, 1, 12, 7, 2, 0, 0, 1, 0, 0, 2, 0, 0, 2, 0, 0, 0, 0, 1, 0, 0, 0, 0, 0, 0, 0, 0, 0, 0, 0, 1, 1, 0, 0, 2, 0, 0, 2, 0, 0, 2, 0, 1, 1, 0, 1, 0, 0, 0, 0, 0, 0, 0, 1, 0, 0, 0, 0, 0, 0, 0, 2, 2, 4, 1, 4, 1, 2, 0, 3, 2, 4, 1, 5, 4, 6, 3, 2, 103, 0, 0, 0, 0, 0, 0]",4,9.910625334991273,-1,1
548,"[0, 1, 1, 1, 12, 7, 2, 0, 0, 1, 0, 0, 2, 0, 0, 2, 0, 0, 0, 0, 1, 0, 0, 0, 0, 0, 0, 0, 0, 0, 0, 0, 1, 1, 0, 0, 2, 0, 0, 2, 0, 0, 2, 0, 1, 1, 0, 1, 0, 0, 0, 0, 0, 0, 0, 1, 0, 0, 0, 0, 0, 0, 0, 2, 2, 4, 1, 4, 1, 2, 0, 3, 2, 4, 1, 5, 4, 6, 3, 2, 103, 1, 0, 0, 0, 0, 0]",3,0.39595340058084294,-1,0
549,"[0, 1, 1, 1, 12, 7, 2, 0, 0, 1, 0, 0, 2, 0, 0, 2, 0, 0, 0, 0, 1, 0, 0, 0, 0, 0, 0, 0, 0, 0, 0, 0, 1, 1, 0, 0, 2, 0, 0, 2, 0, 0, 2, 0, 1, 1, 0, 1, 0, 0, 0, 0, 0, 0, 0, 1, 0, 0, 0, 0, 0, 0, 0, 2, 2, 4, 1, 4, 1, 2, 0, 3, 2, 4, 1, 5, 4, 6, 3, 2, 103, 0, 0, 0, 0, 0, 0]",-1,-0.01785034802845737,-1,0
550,"[0, 1, 1, 1, 12, 7, 2, 0, 0, 1, 0, 0, 2, 0, 0, 2, 0, 0, 0, 0, 1, 0, 0, 0, 0, 0, 0, 0, 0, 0, 0, 0, 1, 1, 0, 0, 2, 0, 0, 2, 0, 0, 2, 0, 1, 1, 0, 1, 0, 0, 0, 0, 0, 0, 0, 1, 0, 0, 0, 0, 0, 0, 0, 2, 2, 4, 1, 4, 1, 2, 0, 3, 2, 4, 1, 5, 4, 6, 3, 2, 103, 1, 0, 0, 0, 0, 0]",3,0.39595340058084294,-1,0
551,"[0, 1, 1, 1, 12, 7, 2, 0, 0, 1, 0, 0, 2, 0, 0, 2, 0, 0, 0, 0, 1, 0, 0, 0, 0, 0, 0, 0, 0, 0, 0, 0, 1, 1, 0, 0, 2, 0, 0, 2, 0, 0, 2, 0, 1, 1, 0, 1, 0, 0, 0, 0, 0, 0, 0, 1, 0, 0, 0, 0, 0, 0, 0, 2, 2, 4, 1, 4, 1, 2, 0, 3, 2, 4, 1, 5, 4, 6, 3, 2, 103, 0, 0, 0, 0, 0, 0]",-1,-0.01785034802845737,-1,0
552,"[0, 1, 1, 1, 12, 7, 2, 0, 0, 1, 0, 0, 2, 0, 0, 2, 0, 0, 0, 0, 1, 0, 0, 0, 0, 0, 0, 0, 0, 0, 0, 0, 1, 1, 0, 0, 2, 0, 0, 2, 0, 0, 2, 0, 1, 1, 0, 1, 0, 0, 0, 0, 0, 0, 0, 1, 0, 0, 0, 0, 0, 0, 0, 2, 2, 4, 1, 4, 1, 2, 0, 3, 2, 4, 1, 5, 4, 6, 3, 2, 103, 1, 0, 0, 0, 0, 0]",3,0.39595340058084294,-1,0
553,"[0, 1, 1, 1, 12, 7, 2, 0, 0, 1, 0, 0, 2, 0, 0, 2, 0, 0, 0, 0, 1, 0, 0, 0, 0, 0, 0, 0, 0, 0, 0, 0, 1, 1, 0, 0, 2, 0, 0, 2, 0, 0, 2, 0, 1, 1, 0, 1, 0, 0, 0, 0, 0, 0, 0, 1, 0, 0, 0, 0, 0, 0, 0, 2, 2, 4, 1, 4, 1, 2, 0, 3, 2, 4, 1, 5, 4, 6, 3, 2, 103, 0, 0, 0, 0, 0, 0]",-1,-0.01785034802845737,-1,0
554,"[0, 1, 1, 1, 12, 7, 2, 0, 0, 1, 0, 0, 2, 0, 0, 2, 0, 0, 0, 0, 1, 0, 0, 0, 0, 0, 0, 0, 0, 0, 0, 0, 1, 1, 0, 0, 2, 0, 0, 2, 0, 0, 2, 0, 1, 1, 0, 1, 0, 0, 0, 0, 0, 0, 0, 1, 0, 0, 0, 0, 0, 0, 0, 2, 2, 4, 1, 4, 1, 2, 0, 3, 2, 4, 1, 5, 4, 6, 3, 2, 103, 0, 1, 0, 0, 0, 0]",2,0.5959534005808429,-1,0
555,"[0, 1, 1, 1, 12, 7, 2, 0, 0, 1, 0, 0, 2, 0, 0, 2, 0, 0, 0, 0, 1, 0, 0, 0, 0, 0, 0, 0, 0, 0, 0, 0, 1, 1, 0, 0, 2, 0, 0, 2, 0, 0, 2, 0, 1, 1, 0, 1, 0, 0, 0, 0, 0, 0, 0, 1, 0, 0, 0, 0, 0, 0, 0, 2, 2, 4, 1, 4, 1, 2, 0, 3, 2, 4, 1, 5, 4, 6, 3, 2, 103, 0, 1, 0, 0, 1, 0]","[[0 0 0 1]
 [1 0 0 0]]",0.8463782656389338,-1,0
556,"[1, 1, 1, 0, 11, 7, 2, 1, 0, 1, 0, 0, 2, 0, 0, 2, 0, 0, 0, 0, 1, 0, 0, 0, 0, 0, 0, 0, 0, 0, 0, 0, 1, 1, 0, 0, 2, 0, 0, 2, 0, 0, 2, 0, 1, 1, 0, 1, 0, 0, 0, 0, 0, 0, 0, 1, 0, 0, 0, 0, 0, 0, 0, 2, 2, 4, 1, 4, 1, 2, 0, 3, 2, 4, 1, 5, 4, 6, 3, 2, 103, 0, 0, 0, 0, 0, 0]",0,-0.00404659941915708,-1,1
557,"[1, 1, 1, 0, 11, 7, 2, 1, 0, 1, 0, 0, 2, 0, 0, 2, 0, 0, 0, 0, 1, 0, 0, 0, 0, 0, 0, 0, 0, 0, 0, 0, 1, 1, 0, 0, 2, 0, 0, 2, 0, 0, 2, 0, 1, 1, 0, 1, 0, 0, 0, 0, 0, 0, 0, 1, 0, 0, 0, 0, 0, 0, 0, 2, 2, 4, 1, 4, 1, 2, 0, 3, 2, 4, 1, 5, 4, 6, 3, 2, 103, 0, 0, 0, 0, 0, 0]",0,0.438672273004416,-1,0
558,"[1, 1, 1, 0, 11, 7, 2, 1, 0, 1, 0, 0, 2, 0, 0, 2, 0, 0, 0, 0, 1, 0, 0, 0, 0, 0, 0, 0, 0, 0, 0, 0, 1, 1, 0, 0, 2, 0, 0, 2, 0, 0, 2, 0, 1, 1, 0, 1, 0, 0, 0, 0, 0, 0, 0, 1, 0, 0, 0, 0, 0, 0, 0, 2, 2, 4, 1, 4, 1, 2, 0, 3, 2, 4, 1, 5, 4, 6, 3, 2, 103, 0, 0, 0, 0, 0, 0]",-1,-0.01785034802845737,-1,0
559,"[1, 1, 1, 0, 11, 7, 2, 1, 0, 1, 0, 0, 2, 0, 0, 2, 0, 0, 0, 0, 1, 0, 0, 0, 0, 0, 0, 0, 0, 0, 0, 0, 1, 1, 0, 0, 2, 0, 0, 2, 0, 0, 2, 0, 1, 1, 0, 1, 0, 0, 0, 0, 0, 0, 0, 1, 0, 0, 0, 0, 0, 0, 0, 2, 2, 4, 1, 4, 1, 2, 0, 3, 2, 4, 1, 5, 4, 6, 3, 2, 103, 0, 0, 0, 0, 0, 0]",0,0.438672273004416,-1,0
560,"[1, 1, 1, 0, 11, 7, 2, 1, 0, 1, 0, 0, 2, 0, 0, 2, 0, 0, 0, 0, 1, 0, 0, 0, 0, 0, 0, 0, 0, 0, 0, 0, 1, 1, 0, 0, 2, 0, 0, 2, 0, 0, 2, 0, 1, 1, 0, 1, 0, 0, 0, 0, 0, 0, 0, 1, 0, 0, 0, 0, 0, 0, 0, 2, 2, 4, 1, 4, 1, 2, 0, 3, 2, 4, 1, 5, 4, 6, 3, 2, 103, 0, 0, 0, 0, 0, 0]",-1,-0.01785034802845737,-1,0
561,"[1, 1, 1, 0, 11, 7, 2, 1, 0, 1, 0, 0, 2, 0, 0, 2, 0, 0, 0, 0, 1, 0, 0, 0, 0, 0, 0, 0, 0, 0, 0, 0, 1, 1, 0, 0, 2, 0, 0, 2, 0, 0, 2, 0, 1, 1, 0, 1, 0, 0, 0, 0, 0, 0, 0, 1, 0, 0, 0, 0, 0, 0, 0, 2, 2, 4, 1, 4, 1, 2, 0, 3, 2, 4, 1, 5, 4, 6, 3, 2, 103, 0, 0, 0, 0, 0, 0]",0,0.438672273004416,-1,0
562,"[1, 1, 1, 0, 11, 7, 2, 1, 0, 1, 0, 0, 2, 0, 0, 2, 0, 0, 0, 0, 1, 0, 0, 0, 0, 0, 0, 0, 0, 0, 0, 0, 1, 1, 0, 0, 2, 0, 0, 2, 0, 0, 2, 0, 1, 1, 0, 1, 0, 0, 0, 0, 0, 0, 0, 1, 0, 0, 0, 0, 0, 0, 0, 2, 2, 4, 1, 4, 1, 2, 0, 3, 2, 4, 1, 5, 4, 6, 3, 2, 103, 0, 0, 0, 0, 0, 0]",-1,-0.01785034802845737,-1,0
563,"[1, 1, 1, 0, 11, 7, 2, 1, 0, 1, 0, 0, 2, 0, 0, 2, 0, 0, 0, 0, 1, 0, 0, 0, 0, 0, 0, 0, 0, 0, 0, 0, 1, 1, 0, 0, 2, 0, 0, 2, 0, 0, 2, 0, 1, 1, 0, 1, 0, 0, 0, 0, 0, 0, 0, 1, 0, 0, 0, 0, 0, 0, 0, 2, 2, 4, 1, 4, 1, 2, 0, 3, 2, 4, 1, 5, 4, 6, 3, 2, 103, 0, 0, 0, 0, 0, 0]",0,0.438672273004416,-1,0
564,"[1, 1, 1, 0, 11, 7, 2, 1, 0, 1, 0, 0, 2, 0, 0, 2, 0, 0, 0, 0, 1, 0, 0, 0, 0, 0, 0, 0, 0, 0, 0, 0, 1, 1, 0, 0, 2, 0, 0, 2, 0, 0, 2, 0, 1, 1, 0, 1, 0, 0, 0, 0, 0, 0, 0, 1, 0, 0, 0, 0, 0, 0, 0, 2, 2, 4, 1, 4, 1, 2, 0, 3, 2, 4, 1, 5, 4, 6, 3, 2, 103, 0, 0, 0, 0, 0, 0]",-1,-0.01785034802845737,-1,0
565,"[1, 1, 1, 0, 11, 7, 2, 1, 0, 1, 0, 0, 2, 0, 0, 2, 0, 0, 0, 0, 1, 0, 0, 0, 0, 0, 0, 0, 0, 0, 0, 0, 1, 1, 0, 0, 2, 0, 0, 2, 0, 0, 2, 0, 1, 1, 0, 1, 0, 0, 0, 0, 0, 0, 0, 1, 0, 0, 0, 0, 0, 0, 0, 2, 2, 4, 1, 4, 1, 2, 0, 3, 2, 4, 1, 5, 4, 6, 3, 2, 103, 0, 0, 0, 0, 0, 0]",0,0.438672273004416,-1,0
566,"[1, 1, 1, 0, 11, 7, 2, 1, 0, 1, 0, 0, 2, 0, 0, 2, 0, 0, 0, 0, 1, 0, 0, 0, 0, 0, 0, 0, 0, 0, 0, 0, 1, 1, 0, 0, 2, 0, 0, 2, 0, 0, 2, 0, 1, 1, 0, 1, 0, 0, 0, 0, 0, 0, 0, 1, 0, 0, 0, 0, 0, 0, 0, 2, 2, 4, 1, 4, 1, 2, 0, 3, 2, 4, 1, 5, 4, 6, 3, 2, 103, 0, 0, 0, 0, 0, 0]",-1,-0.01785034802845737,-1,0
567,"[1, 1, 1, 0, 11, 7, 2, 1, 0, 1, 0, 0, 2, 0, 0, 2, 0, 0, 0, 0, 1, 0, 0, 0, 0, 0, 0, 0, 0, 0, 0, 0, 1, 1, 0, 0, 2, 0, 0, 2, 0, 0, 2, 0, 1, 1, 0, 1, 0, 0, 0, 0, 0, 0, 0, 1, 0, 0, 0, 0, 0, 0, 0, 2, 2, 4, 1, 4, 1, 2, 0, 3, 2, 4, 1, 5, 4, 6, 3, 2, 103, 0, 0, 0, 0, 0, 0]",0,0.438672273004416,-1,0
568,"[1, 1, 1, 0, 11, 7, 2, 1, 0, 1, 0, 0, 2, 0, 0, 2, 0, 0, 0, 0, 1, 0, 0, 0, 0, 0, 0, 0, 0, 0, 0, 0, 1, 1, 0, 0, 2, 0, 0, 2, 0, 0, 2, 0, 1, 1, 0, 1, 0, 0, 0, 0, 0, 0, 0, 1, 0, 0, 0, 0, 0, 0, 0, 2, 2, 4, 1, 4, 1, 2, 0, 3, 2, 4, 1, 5, 4, 6, 3, 2, 103, 0, 0, 0, 0, 0, 0]",-1,-0.01785034802845737,-1,0
569,"[1, 1, 1, 0, 11, 7, 2, 1, 0, 1, 0, 0, 2, 0, 0, 2, 0, 0, 0, 0, 1, 0, 0, 0, 0, 0, 0, 0, 0, 0, 0, 0, 1, 1, 0, 0, 2, 0, 0, 2, 0, 0, 2, 0, 1, 1, 0, 1, 0, 0, 0, 0, 0, 0, 0, 1, 0, 0, 0, 0, 0, 0, 0, 2, 2, 4, 1, 4, 1, 2, 0, 3, 2, 4, 1, 5, 4, 6, 3, 2, 103, 0, 0, 0, 0, 0, 0]",0,0.438672273004416,-1,0
570,"[1, 1, 1, 0, 11, 7, 2, 1, 0, 1, 0, 0, 2, 0, 0, 2, 0, 0, 0, 0, 1, 0, 0, 0, 0, 0, 0, 0, 0, 0, 0, 0, 1, 1, 0, 0, 2, 0, 0, 2, 0, 0, 2, 0, 1, 1, 0, 1, 0, 0, 0, 0, 0, 0, 0, 1, 0, 0, 0, 0, 0, 0, 0, 2, 2, 4, 1, 4, 1, 2, 0, 3, 2, 4, 1, 5, 4, 6, 3, 2, 103, 0, 0, 0, 0, 0, 0]",-1,-0.01785034802845737,-1,0
571,"[1, 1, 1, 0, 11, 7, 2, 1, 0, 1, 0, 0, 2, 0, 0, 2, 0, 0, 0, 0, 1, 0, 0, 0, 0, 0, 0, 0, 0, 0, 0, 0, 1, 1, 0, 0, 2, 0, 0, 2, 0, 0, 2, 0, 1, 1, 0, 1, 0, 0, 0, 0, 0, 0, 0, 1, 0, 0, 0, 0, 0, 0, 0, 2, 2, 4, 1, 4, 1, 2, 0, 3, 2, 4, 1, 5, 4, 6, 3, 2, 103, 0, 0, 0, 0, 0, 0]",0,0.438672273004416,-1,0
572,"[1, 1, 1, 0, 11, 7, 2, 1, 0, 1, 0, 0, 2, 0, 0, 2, 0, 0, 0, 0, 1, 0, 0, 0, 0, 0, 0, 0, 0, 0, 0, 0, 1, 1, 0, 0, 2, 0, 0, 2, 0, 0, 2, 0, 1, 1, 0, 1, 0, 0, 0, 0, 0, 0, 0, 1, 0, 0, 0, 0, 0, 0, 0, 2, 2, 4, 1, 4, 1, 2, 0, 3, 2, 4, 1, 5, 4, 6, 3, 2, 103, 0, 0, 0, 0, 0, 0]",-1,-0.01785034802845737,-1,0
573,"[1, 1, 1, 0, 11, 7, 2, 1, 0, 1, 0, 0, 2, 0, 0, 2, 0, 0, 0, 0, 1, 0, 0, 0, 0, 0, 0, 0, 0, 0, 0, 0, 1, 1, 0, 0, 2, 0, 0, 2, 0, 0, 2, 0, 1, 1, 0, 1, 0, 0, 0, 0, 0, 0, 0, 1, 0, 0, 0, 0, 0, 0, 0, 2, 2, 4, 1, 4, 1, 2, 0, 3, 2, 4, 1, 5, 4, 6, 3, 2, 103, 0, 0, 0, 0, 0, 0]",1,0.8055775156804597,-1,0
574,"[1, 1, 1, 0, 11, 7, 2, 1, 0, 1, 0, 0, 2, 0, 0, 2, 0, 0, 0, 0, 1, 0, 0, 0, 0, 0, 0, 0, 0, 0, 0, 0, 1, 1, 0, 0, 2, 0, 0, 2, 0, 0, 2, 0, 1, 1, 0, 1, 0, 0, 0, 0, 0, 0, 0, 1, 0, 0, 0, 0, 0, 0, 0, 2, 2, 4, 1, 4, 1, 2, 0, 3, 2, 4, 1, 5, 4, 6, 3, 2, 103, 0, 0, 0, 0, 0, 0]",-1,-0.01785034802845737,-1,0
575,"[1, 1, 1, 0, 11, 7, 2, 1, 0, 1, 0, 0, 2, 0, 0, 2, 0, 0, 0, 0, 1, 0, 0, 0, 0, 0, 0, 0, 0, 0, 0, 0, 1, 1, 0, 0, 2, 0, 0, 2, 0, 0, 2, 0, 1, 1, 0, 1, 0, 0, 0, 0, 0, 0, 0, 1, 0, 0, 0, 0, 0, 0, 0, 2, 2, 4, 1, 4, 1, 2, 0, 3, 2, 4, 1, 5, 4, 6, 3, 2, 103, 0, 0, 0, 0, 0, 0]",1,0.8055775156804597,-1,0
576,"[1, 1, 1, 0, 11, 7, 2, 1, 0, 1, 0, 0, 2, 0, 0, 2, 0, 0, 0, 0, 1, 0, 0, 0, 0, 0, 0, 0, 0, 0, 0, 0, 1, 1, 0, 0, 2, 0, 0, 2, 0, 0, 2, 0, 1, 1, 0, 1, 0, 0, 0, 0, 0, 0, 0, 1, 0, 0, 0, 0, 0, 0, 0, 2, 2, 4, 1, 4, 1, 2, 0, 3, 2, 4, 1, 5, 4, 6, 3, 2, 103, 0, 0, 0, 0, 0, 0]",-1,-0.01785034802845737,-1,0
577,"[1, 1, 1, 0, 11, 7, 2, 1, 0, 1, 0, 0, 2, 0, 0, 2, 0, 0, 0, 0, 1, 0, 0, 0, 0, 0, 0, 0, 0, 0, 0, 0, 1, 1, 0, 0, 2, 0, 0, 2, 0, 0, 2, 0, 1, 1, 0, 1, 0, 0, 0, 0, 0, 0, 0, 1, 0, 0, 0, 0, 0, 0, 0, 2, 2, 4, 1, 4, 1, 2, 0, 3, 2, 4, 1, 5, 4, 6, 3, 2, 103, 1, 0, 0, 0, 0, 0]",3,0.39595340058084294,-1,0
578,"[1, 1, 1, 0, 11, 7, 2, 1, 0, 1, 0, 0, 2, 0, 0, 2, 0, 0, 0, 0, 1, 0, 0, 0, 0, 0, 0, 0, 0, 0, 0, 0, 1, 1, 0, 0, 2, 0, 0, 2, 0, 0, 2, 0, 1, 1, 0, 1, 0, 0, 0, 0, 0, 0, 0, 1, 0, 0, 0, 0, 0, 0, 0, 2, 2, 4, 1, 4, 1, 2, 0, 3, 2, 4, 1, 5, 4, 6, 3, 2, 103, 0, 0, 0, 0, 0, 0]",-1,-0.01785034802845737,-1,0
579,"[1, 1, 1, 0, 11, 7, 2, 1, 0, 1, 0, 0, 2, 0, 0, 2, 0, 0, 0, 0, 1, 0, 0, 0, 0, 0, 0, 0, 0, 0, 0, 0, 1, 1, 0, 0, 2, 0, 0, 2, 0, 0, 2, 0, 1, 1, 0, 1, 0, 0, 0, 0, 0, 0, 0, 1, 0, 0, 0, 0, 0, 0, 0, 2, 2, 4, 1, 4, 1, 2, 0, 3, 2, 4, 1, 5, 4, 6, 3, 2, 103, 0, 0, 0, 0, 0, 0]",1,0.8055775156804597,-1,0
580,"[1, 1, 1, 0, 11, 7, 2, 1, 0, 1, 0, 0, 2, 0, 0, 2, 0, 0, 0, 0, 1, 0, 0, 0, 0, 0, 0, 0, 0, 0, 0, 0, 1, 1, 0, 0, 2, 0, 0, 2, 0, 0, 2, 0, 1, 1, 0, 1, 0, 0, 0, 0, 0, 0, 0, 1, 0, 0, 0, 0, 0, 0, 0, 2, 2, 4, 1, 4, 1, 2, 0, 3, 2, 4, 1, 5, 4, 6, 3, 2, 103, 0, 0, 0, 0, 0, 0]",-1,-0.01785034802845737,-1,0
581,"[1, 1, 1, 0, 11, 7, 2, 1, 0, 1, 0, 0, 2, 0, 0, 2, 0, 0, 0, 0, 1, 0, 0, 0, 0, 0, 0, 0, 0, 0, 0, 0, 1, 1, 0, 0, 2, 0, 0, 2, 0, 0, 2, 0, 1, 1, 0, 1, 0, 0, 0, 0, 0, 0, 0, 1, 0, 0, 0, 0, 0, 0, 0, 2, 2, 4, 1, 4, 1, 2, 0, 3, 2, 4, 1, 5, 4, 6, 3, 2, 103, 0, 0, 0, 0, 0, 0]",1,0.8055775156804597,-1,0
582,"[1, 1, 1, 0, 11, 7, 2, 1, 0, 1, 0, 0, 2, 0, 0, 2, 0, 0, 0, 0, 1, 0, 0, 0, 0, 0, 0, 0, 0, 0, 0, 0, 1, 1, 0, 0, 2, 0, 0, 2, 0, 0, 2, 0, 1, 1, 0, 1, 0, 0, 0, 0, 0, 0, 0, 1, 0, 0, 0, 0, 0, 0, 0, 2, 2, 4, 1, 4, 1, 2, 0, 3, 2, 4, 1, 5, 4, 6, 3, 2, 103, 0, 0, 0, 0, 0, 0]",-1,-0.01785034802845737,-1,0
583,"[1, 1, 1, 0, 11, 7, 2, 1, 0, 1, 0, 0, 2, 0, 0, 2, 0, 0, 0, 0, 1, 0, 0, 0, 0, 0, 0, 0, 0, 0, 0, 0, 1, 1, 0, 0, 2, 0, 0, 2, 0, 0, 2, 0, 1, 1, 0, 1, 0, 0, 0, 0, 0, 0, 0, 1, 0, 0, 0, 0, 0, 0, 0, 2, 2, 4, 1, 4, 1, 2, 0, 3, 2, 4, 1, 5, 4, 6, 3, 2, 103, 1, 0, 0, 0, 0, 0]",3,0.39595340058084294,-1,0
584,"[1, 1, 1, 0, 11, 7, 2, 1, 0, 1, 0, 0, 2, 0, 0, 2, 0, 0, 0, 0, 1, 0, 0, 0, 0, 0, 0, 0, 0, 0, 0, 0, 1, 1, 0, 0, 2, 0, 0, 2, 0, 0, 2, 0, 1, 1, 0, 1, 0, 0, 0, 0, 0, 0, 0, 1, 0, 0, 0, 0, 0, 0, 0, 2, 2, 4, 1, 4, 1, 2, 0, 3, 2, 4, 1, 5, 4, 6, 3, 2, 103, 0, 0, 0, 0, 0, 0]",-1,-0.01785034802845737,-1,0
585,"[1, 1, 1, 0, 11, 7, 2, 1, 0, 1, 0, 0, 2, 0, 0, 2, 0, 0, 0, 0, 1, 0, 0, 0, 0, 0, 0, 0, 0, 0, 0, 0, 1, 1, 0, 0, 2, 0, 0, 2, 0, 0, 2, 0, 1, 1, 0, 1, 0, 0, 0, 0, 0, 0, 0, 1, 0, 0, 0, 0, 0, 0, 0, 2, 2, 4, 1, 4, 1, 2, 0, 3, 2, 4, 1, 5, 4, 6, 3, 2, 103, 0, 1, 0, 0, 0, 0]",2,0.5959534005808429,-1,0
586,"[1, 1, 1, 0, 11, 7, 2, 1, 0, 1, 0, 0, 2, 0, 0, 2, 0, 0, 0, 0, 1, 0, 0, 0, 0, 0, 0, 0, 0, 0, 0, 0, 1, 1, 0, 0, 2, 0, 0, 2, 0, 0, 2, 0, 1, 1, 0, 1, 0, 0, 0, 0, 0, 0, 0, 1, 0, 0, 0, 0, 0, 0, 0, 2, 2, 4, 1, 4, 1, 2, 0, 3, 2, 4, 1, 5, 4, 6, 3, 2, 103, 0, 1, 0, 0, 1, 0]","[[0 0 1 0]
 [0 0 0 1]]",0.8463782656389338,-1,0
587,"[1, 1, 1, 0, 11, 7, 2, 1, 0, 1, 0, 0, 2, 0, 0, 2, 0, 0, 0, 0, 1, 0, 0, 0, 0, 0, 0, 0, 0, 0, 0, 0, 1, 1, 0, 0, 2, 0, 0, 2, 0, 0, 2, 0, 1, 1, 0, 1, 0, 0, 0, 0, 0, 0, 0, 1, 0, 0, 0, 0, 0, 0, 0, 2, 2, 4, 1, 4, 1, 2, 0, 3, 2, 4, 1, 5, 4, 6, 3, 2, 103, 0, 0, 0, 0, 0, 0]",1,-4.004046599419157,-1,1
588,"[1, 1, 1, 0, 11, 7, 2, 1, 0, 1, 0, 0, 2, 0, 0, 2, 0, 0, 0, 0, 1, 0, 0, 0, 0, 0, 0, 0, 0, 0, 0, 0, 1, 1, 0, 0, 2, 0, 0, 2, 0, 0, 2, 0, 1, 1, 0, 1, 0, 0, 0, 0, 0, 0, 0, 1, 0, 0, 0, 0, 0, 0, 0, 2, 2, 4, 1, 4, 1, 2, 0, 3, 2, 4, 1, 5, 4, 6, 3, 2, 103, 1, 0, 0, 0, 0, 0]",3,0.39595340058084294,-1,0
589,"[1, 1, 1, 0, 11, 7, 2, 1, 0, 1, 0, 0, 2, 0, 0, 2, 0, 0, 0, 0, 1, 0, 0, 0, 0, 0, 0, 0, 0, 0, 0, 0, 1, 1, 0, 0, 2, 0, 0, 2, 0, 0, 2, 0, 1, 1, 0, 1, 0, 0, 0, 0, 0, 0, 0, 1, 0, 0, 0, 0, 0, 0, 0, 2, 2, 4, 1, 4, 1, 2, 0, 3, 2, 4, 1, 5, 4, 6, 3, 2, 103, 0, 0, 0, 0, 0, 0]",-1,-0.01785034802845737,-1,0
590,"[1, 1, 1, 0, 11, 7, 2, 1, 0, 1, 0, 0, 2, 0, 0, 2, 0, 0, 0, 0, 1, 0, 0, 0, 0, 0, 0, 0, 0, 0, 0, 0, 1, 1, 0, 0, 2, 0, 0, 2, 0, 0, 2, 0, 1, 1, 0, 1, 0, 0, 0, 0, 0, 0, 0, 1, 0, 0, 0, 0, 0, 0, 0, 2, 2, 4, 1, 4, 1, 2, 0, 3, 2, 4, 1, 5, 4, 6, 3, 2, 104, 0, 0, 0, 0, 0, 0]",4,14.764885710662947,-1,0
591,"[1, 1, 1, 0, 11, 7, 2, 1, 0, 1, 0, 0, 2, 0, 0, 2, 0, 0, 0, 0, 1, 0, 0, 0, 0, 0, 0, 0, 0, 0, 0, 0, 1, 1, 0, 0, 2, 0, 0, 2, 0, 0, 2, 0, 1, 1, 0, 1, 0, 0, 0, 0, 0, 0, 0, 1, 0, 0, 0, 0, 0, 0, 0, 2, 2, 4, 1, 4, 1, 2, 0, 3, 2, 4, 1, 5, 4, 6, 3, 2, 104, 0, 0, 0, 0, 0, 0]",0,0.5814537491697591,-1,1
592,"[1, 1, 1, 0, 11, 7, 2, 1, 0, 1, 0, 0, 2, 0, 0, 2, 0, 0, 0, 0, 1, 0, 0, 0, 0, 0, 0, 0, 0, 0, 0, 0, 1, 1, 0, 0, 2, 0, 0, 2, 0, 0, 2, 0, 1, 1, 0, 1, 0, 0, 0, 0, 0, 0, 0, 1, 0, 0, 0, 0, 0, 0, 0, 2, 2, 4, 1, 4, 1, 2, 0, 3, 2, 4, 1, 5, 4, 6, 3, 2, 104, 0, 0, 0, 0, 0, 0]",-1,-0.01767273409793901,-1,1
593,"[1, 1, 1, 0, 5, 3, 1, 1, 0, 1, 0, 0, 2, 0, 0, 2, 0, 0, 0, 0, 1, 0, 0, 0, 0, 0, 0, 0, 0, 0, 0, 0, 1, 1, 0, 0, 2, 0, 0, 2, 0, 0, 2, 0, 1, 1, 0, 1, 0, 0, 0, 0, 0, 0, 0, 1, 0, 0, 0, 0, 0, 0, 0, 2, 2, 4, 1, 4, 1, 2, 0, 3, 2, 4, 1, 5, 4, 6, 3, 0, 105, 0, 0, 0, 0, 0, 0]",4,10.120856100829942,-1,1
594,"[1, 1, 1, 0, 5, 3, 1, 1, 0, 1, 0, 0, 2, 0, 0, 2, 0, 0, 0, 0, 1, 0, 0, 0, 0, 0, 0, 0, 0, 0, 0, 0, 1, 1, 0, 0, 2, 0, 0, 2, 0, 0, 2, 0, 1, 1, 0, 1, 0, 0, 0, 0, 0, 0, 0, 1, 0, 0, 0, 0, 0, 0, 0, 2, 2, 4, 1, 4, 1, 2, 0, 3, 2, 4, 1, 5, 4, 6, 3, 0, 106, 0, 0, 0, 0, 0, 0]",4,14.76383627022868,-1,0
595,"[1, 1, 1, 0, 5, 3, 1, 1, 0, 1, 0, 0, 2, 0, 0, 2, 0, 0, 0, 0, 1, 0, 0, 0, 0, 0, 0, 0, 0, 0, 0, 0, 1, 1, 0, 0, 2, 0, 0, 2, 0, 0, 2, 0, 1, 1, 0, 1, 0, 0, 0, 0, 0, 0, 0, 1, 0, 0, 0, 0, 0, 0, 0, 2, 2, 4, 1, 4, 1, 2, 0, 3, 2, 4, 1, 5, 4, 6, 3, 0, 107, 0, 0, 0, 0, 0, 0]",4,10.119800352223203,-1,1
596,"[1, 1, 1, 0, 5, 3, 1, 1, 0, 1, 0, 0, 2, 0, 0, 2, 0, 0, 0, 0, 1, 0, 0, 0, 0, 0, 0, 0, 0, 0, 0, 0, 1, 1, 0, 0, 2, 0, 0, 2, 0, 0, 2, 0, 1, 1, 0, 1, 0, 0, 0, 0, 0, 0, 0, 1, 0, 0, 0, 0, 0, 0, 0, 2, 2, 4, 1, 4, 1, 2, 0, 3, 2, 4, 1, 5, 4, 6, 3, 0, 107, 0, 0, 0, 0, 0, 0]",1,0.8048919994685245,-1,0
597,"[1, 1, 1, 0, 5, 3, 1, 1, 0, 1, 0, 0, 2, 0, 0, 2, 0, 0, 0, 0, 1, 0, 0, 0, 0, 0, 0, 0, 0, 0, 0, 0, 1, 1, 0, 0, 2, 0, 0, 2, 0, 0, 2, 0, 1, 1, 0, 1, 0, 0, 0, 0, 0, 0, 0, 1, 0, 0, 0, 0, 0, 0, 0, 2, 2, 4, 1, 4, 1, 2, 0, 3, 2, 4, 1, 5, 4, 6, 3, 0, 107, 0, 0, 0, 0, 0, 0]",-1,-0.01715042587093533,-1,0
598,"[1, 1, 1, 0, 5, 3, 1, 1, 0, 1, 0, 0, 2, 0, 0, 2, 0, 0, 0, 0, 1, 0, 0, 0, 0, 0, 0, 0, 0, 0, 0, 0, 1, 1, 0, 0, 2, 0, 0, 2, 0, 0, 2, 0, 1, 1, 0, 1, 0, 0, 0, 0, 0, 0, 0, 1, 0, 0, 0, 0, 0, 0, 0, 2, 2, 4, 1, 4, 1, 2, 0, 3, 2, 4, 1, 5, 4, 6, 3, 0, 108, 0, 0, 0, 0, 0, 0]",4,14.762773650071447,-1,0
599,"[1, 1, 3, 0, 5, 3, 1, 1, 0, 1, 0, 0, 2, 0, 0, 2, 0, 0, 0, 0, 1, 0, 0, 0, 0, 0, 0, 0, 0, 0, 0, 0, 1, 1, 0, 0, 2, 0, 0, 2, 0, 0, 2, 0, 1, 1, 0, 1, 0, 0, 0, 0, 0, 0, 0, 1, 0, 0, 0, 0, 0, 0, 0, 2, 2, 4, 1, 4, 1, 2, 0, 3, 2, 4, 1, 5, 4, 6, 3, 0, 109, 0, 0, 0, 0, 0, 0]",4,10.118730281723382,-1,1
600,"[1, 1, 3, 0, 5, 3, 1, 1, 0, 1, 0, 0, 2, 0, 0, 2, 0, 0, 0, 0, 1, 0, 0, 0, 0, 0, 0, 0, 0, 0, 0, 0, 1, 1, 0, 0, 2, 0, 0, 2, 0, 0, 2, 0, 1, 1, 0, 1, 0, 0, 0, 0, 0, 0, 0, 1, 0, 0, 0, 0, 0, 0, 0, 2, 2, 4, 1, 4, 1, 2, 0, 3, 2, 4, 1, 5, 4, 6, 3, 0, 110, 0, 0, 0, 0, 0, 0]",4,14.34125771697073,-1,0
601,"[1, 1, 3, 0, 5, 3, 1, 1, 0, 1, 0, 0, 2, 0, 0, 2, 0, 0, 0, 0, 1, 0, 0, 0, 0, 0, 0, 0, 0, 0, 0, 0, 1, 1, 0, 0, 2, 0, 0, 2, 0, 0, 2, 0, 1, 1, 0, 1, 0, 0, 0, 0, 0, 0, 0, 1, 0, 0, 0, 0, 0, 0, 0, 2, 2, 4, 1, 4, 1, 2, 0, 3, 2, 4, 1, 5, 4, 6, 3, 0, 110, 0, 0, 0, 0, 0, 0]",1,0.8043047163842436,-1,1
602,"[1, 1, 3, 0, 5, 3, 1, 1, 0, 1, 0, 0, 2, 0, 0, 2, 0, 0, 0, 0, 1, 0, 0, 0, 0, 0, 0, 0, 0, 0, 0, 0, 1, 1, 0, 0, 2, 0, 0, 2, 0, 0, 2, 0, 1, 1, 0, 1, 0, 0, 0, 0, 0, 0, 0, 1, 0, 0, 0, 0, 0, 0, 0, 2, 2, 4, 1, 4, 1, 2, 0, 3, 2, 4, 1, 5, 4, 6, 3, 0, 110, 0, 0, 0, 0, 0, 0]",-1,-0.01664355418490398,-1,1
603,"[1, 1, 3, 0, 5, 3, 1, 1, 0, 1, 0, 0, 2, 0, 0, 2, 0, 0, 0, 0, 1, 0, 0, 0, 0, 0, 0, 0, 0, 0, 0, 0, 1, 1, 0, 0, 2, 0, 0, 2, 0, 0, 2, 0, 1, 1, 0, 1, 0, 0, 0, 0, 0, 0, 0, 1, 0, 0, 0, 0, 0, 0, 0, 2, 2, 4, 1, 4, 1, 2, 0, 3, 2, 4, 1, 5, 4, 6, 3, 0, 111, 0, 0, 0, 0, 0, 0]",4,10.117643510726534,-1,1
604,"[1, 1, 3, 0, 5, 3, 1, 1, 0, 1, 0, 0, 2, 0, 0, 2, 0, 0, 0, 0, 1, 0, 0, 0, 0, 0, 0, 0, 0, 0, 0, 0, 1, 1, 0, 0, 2, 0, 0, 2, 0, 0, 2, 0, 1, 1, 0, 1, 0, 0, 0, 0, 0, 0, 0, 1, 0, 0, 0, 0, 0, 0, 0, 2, 2, 4, 1, 4, 1, 2, 0, 3, 2, 4, 1, 5, 4, 6, 3, 0, 112, 0, 0, 0, 0, 0, 0]",4,14.340161663237641,-1,0
605,"[1, 1, 3, 0, 5, 3, 1, 1, 0, 1, 0, 0, 2, 0, 0, 2, 0, 0, 0, 0, 1, 0, 0, 0, 0, 0, 0, 0, 0, 0, 0, 0, 1, 1, 0, 0, 2, 0, 0, 2, 0, 0, 2, 0, 1, 1, 0, 1, 0, 0, 0, 0, 0, 0, 0, 1, 0, 0, 0, 0, 0, 0, 0, 2, 2, 4, 1, 4, 1, 2, 0, 3, 2, 4, 1, 5, 4, 6, 3, 0, 112, 0, 1, 0, 0, 0, 0]",2,0.594250300814692,-1,1
606,"[1, 1, 3, 0, 5, 3, 1, 1, 0, 1, 0, 0, 2, 0, 0, 2, 0, 0, 0, 0, 1, 0, 0, 0, 0, 0, 0, 0, 0, 0, 0, 0, 1, 1, 0, 0, 2, 0, 0, 2, 0, 0, 2, 0, 1, 1, 0, 1, 0, 0, 0, 0, 0, 0, 0, 1, 0, 0, 0, 0, 0, 0, 0, 2, 2, 4, 1, 4, 1, 2, 0, 3, 2, 4, 1, 5, 4, 6, 3, 0, 112, 0, 1, 0, 0, 1, 0]","[[2 1 0 0]
 [1 1 3 0]]",2.3167411855384104,-1,1
607,"[2, 1, 0, 0, 4, 3, 4, 1, 0, 1, 0, 0, 2, 0, 0, 2, 0, 0, 0, 0, 1, 0, 0, 0, 0, 0, 0, 0, 0, 0, 0, 0, 1, 1, 0, 0, 2, 0, 0, 2, 0, 0, 2, 0, 1, 1, 0, 1, 0, 0, 0, 0, 0, 0, 0, 1, 0, 0, 0, 0, 0, 0, 0, 2, 2, 4, 1, 4, 1, 2, 0, 3, 2, 4, 1, 5, 4, 6, 3, 0, 112, 0, 0, 0, 0, 0, 0]",0,-0.005749699185307994,-1,0
608,"[2, 1, 0, 0, 4, 3, 4, 1, 0, 1, 0, 0, 2, 0, 0, 2, 0, 0, 0, 0, 1, 0, 0, 0, 0, 0, 0, 0, 0, 0, 0, 0, 1, 1, 0, 0, 2, 0, 0, 2, 0, 0, 2, 0, 1, 1, 0, 1, 0, 0, 0, 0, 0, 0, 0, 1, 0, 0, 0, 0, 0, 0, 0, 2, 2, 4, 1, 4, 1, 2, 0, 3, 2, 4, 1, 5, 4, 6, 3, 0, 112, 0, 1, 0, 0, 0, 0]",2,0.594250300814692,-1,1
609,"[2, 1, 0, 0, 4, 3, 4, 1, 0, 1, 0, 0, 2, 0, 0, 2, 0, 0, 0, 0, 1, 0, 0, 0, 0, 0, 0, 0, 0, 0, 0, 0, 1, 1, 0, 0, 2, 0, 0, 2, 0, 0, 2, 0, 1, 1, 0, 1, 0, 0, 0, 0, 0, 0, 0, 1, 0, 0, 0, 0, 0, 0, 0, 2, 2, 4, 1, 4, 1, 2, 0, 3, 2, 4, 1, 5, 4, 6, 3, 0, 112, 0, 1, 0, 0, 1, 0]","[[2 1 1 0]
 [2 1 0 0]]",0.1601825096387244,-1,1
610,"[2, 1, 0, 0, 4, 3, 4, 1, 0, 1, 0, 0, 2, 0, 0, 2, 0, 0, 0, 0, 1, 0, 0, 0, 0, 0, 0, 0, 0, 0, 0, 0, 1, 1, 0, 0, 2, 0, 0, 2, 0, 0, 2, 0, 1, 1, 0, 1, 0, 0, 0, 0, 0, 0, 0, 1, 0, 0, 0, 0, 0, 0, 0, 2, 2, 4, 1, 4, 1, 2, 0, 3, 2, 4, 1, 5, 4, 6, 3, 0, 112, 0, 0, 0, 0, 0, 0]",1,-0.005749699185307994,-1,0
611,"[2, 1, 0, 0, 4, 3, 4, 1, 0, 1, 0, 0, 2, 0, 0, 2, 0, 0, 0, 0, 1, 0, 0, 0, 0, 0, 0, 0, 0, 0, 0, 0, 1, 1, 0, 0, 2, 0, 0, 2, 0, 0, 2, 0, 1, 1, 0, 1, 0, 0, 0, 0, 0, 0, 0, 1, 0, 0, 0, 0, 0, 0, 0, 2, 2, 4, 1, 4, 1, 2, 0, 3, 2, 4, 1, 5, 4, 6, 3, 0, 112, 0, 0, 0, 0, 0, 0]",-1,-0.016313989731151973,-1,1
612,"[2, 1, 0, 0, 6, 4, 4, 1, 0, 1, 0, 0, 2, 0, 0, 2, 0, 0, 0, 0, 1, 0, 0, 0, 0, 0, 0, 0, 0, 0, 0, 0, 1, 1, 0, 0, 2, 0, 0, 2, 0, 0, 2, 0, 1, 1, 0, 1, 0, 0, 0, 0, 0, 0, 0, 1, 0, 0, 0, 0, 0, 0, 0, 2, 2, 4, 1, 4, 1, 2, 0, 3, 2, 4, 1, 5, 4, 6, 3, 0, 113, 0, 0, 0, 0, 0, 0]",4,10.237055698949515,-1,1
613,"[2, 1, 0, 0, 6, 4, 4, 1, 0, 1, 0, 0, 2, 0, 0, 2, 0, 0, 0, 0, 1, 0, 0, 0, 0, 0, 0, 0, 0, 0, 0, 0, 1, 1, 0, 0, 2, 0, 0, 2, 0, 0, 2, 0, 1, 1, 0, 1, 0, 0, 0, 0, 0, 0, 0, 1, 0, 0, 0, 0, 0, 0, 0, 2, 2, 4, 1, 4, 1, 2, 0, 3, 2, 4, 1, 5, 4, 6, 3, 0, 113, 0, 0, 0, 0, 0, 0]",1,0.8036467791388895,-1,0
614,"[2, 1, 0, 0, 6, 4, 4, 1, 0, 1, 0, 0, 2, 0, 0, 2, 0, 0, 0, 0, 1, 0, 0, 0, 0, 0, 0, 0, 0, 0, 0, 0, 1, 1, 0, 0, 2, 0, 0, 2, 0, 0, 2, 0, 1, 1, 0, 1, 0, 0, 0, 0, 0, 0, 0, 1, 0, 0, 0, 0, 0, 0, 0, 2, 2, 4, 1, 4, 1, 2, 0, 3, 2, 4, 1, 5, 4, 6, 3, 0, 113, 0, 0, 0, 0, 0, 0]",-1,-0.016151662821112644,-1,0
615,"[2, 1, 0, 0, 6, 4, 4, 1, 0, 1, 0, 0, 2, 0, 0, 2, 0, 0, 0, 0, 1, 0, 0, 0, 0, 0, 0, 0, 0, 0, 0, 0, 1, 1, 0, 0, 2, 0, 0, 2, 0, 0, 2, 0, 1, 1, 0, 1, 0, 0, 0, 0, 0, 0, 0, 1, 0, 0, 0, 0, 0, 0, 0, 2, 2, 4, 1, 4, 1, 2, 0, 3, 2, 4, 1, 5, 4, 6, 3, 0, 113, 1, 0, 0, 0, 0, 0]",3,0.3940226640392728,-1,0
616,"[0, 1, 0, 1, 6, 4, 4, 1, 0, 1, 0, 0, 2, 0, 0, 2, 0, 0, 0, 0, 1, 0, 0, 0, 0, 0, 0, 0, 0, 0, 0, 0, 1, 1, 0, 0, 2, 0, 0, 2, 0, 0, 2, 0, 1, 1, 0, 1, 0, 0, 0, 0, 0, 0, 0, 1, 0, 0, 0, 0, 0, 0, 0, 2, 2, 4, 1, 4, 1, 2, 0, 3, 2, 4, 1, 5, 4, 6, 3, 0, 113, 0, 0, 0, 0, 0, 0]","[[2 0 0 0]
 [0 0 0 1]]",-0.004519654049686195,-1,0
617,"[0, 1, 0, 1, 6, 4, 4, 1, 0, 1, 0, 0, 2, 0, 0, 2, 0, 0, 0, 0, 1, 0, 0, 0, 0, 0, 0, 0, 0, 0, 0, 0, 1, 1, 0, 0, 2, 0, 0, 2, 0, 0, 2, 0, 1, 1, 0, 1, 0, 0, 0, 0, 0, 0, 0, 1, 0, 0, 0, 0, 0, 0, 0, 2, 2, 4, 1, 4, 1, 2, 0, 3, 2, 4, 1, 5, 4, 6, 3, 0, 114, 0, 0, 0, 0, 0, 0]",4,14.485552800104069,-1,0
618,"[0, 1, 0, 1, 6, 4, 4, 1, 0, 1, 0, 0, 2, 0, 0, 2, 0, 0, 0, 0, 1, 0, 0, 0, 0, 0, 0, 0, 0, 0, 0, 0, 1, 1, 0, 0, 2, 0, 0, 2, 0, 0, 2, 0, 1, 1, 0, 1, 0, 0, 0, 0, 0, 0, 0, 1, 0, 0, 0, 0, 0, 0, 0, 2, 2, 4, 1, 4, 1, 2, 0, 3, 2, 4, 1, 5, 4, 6, 3, 0, 114, 0, 0, 0, 0, 0, 0]",0,0.5794483217419193,-1,1
619,"[0, 1, 0, 1, 5, 3, 4, 1, 0, 1, 0, 0, 2, 0, 0, 2, 0, 0, 0, 0, 1, 0, 0, 0, 0, 0, 0, 0, 0, 0, 0, 0, 1, 1, 0, 0, 2, 0, 0, 2, 2, 0, 2, 0, 1, 1, 0, 1, 0, 0, 0, 0, 0, 0, 0, 1, 0, 0, 0, 0, 0, 0, 0, 2, 2, 4, 1, 4, 1, 2, 0, 3, 2, 4, 1, 5, 4, 6, 3, 0, 114, 0, 0, 0, 0, 0, 0]",8,0.6545426719338836,-1,1
620,"[0, 1, 0, 1, 5, 3, 4, 1, 0, 1, 0, 0, 2, 0, 0, 2, 0, 0, 0, 0, 1, 0, 0, 0, 0, 0, 0, 0, 0, 0, 0, 0, 1, 1, 0, 0, 2, 0, 0, 2, 2, 0, 2, 0, 1, 1, 0, 1, 0, 0, 0, 0, 0, 0, 0, 1, 0, 0, 0, 0, 0, 0, 0, 2, 2, 4, 1, 4, 1, 2, 0, 3, 2, 4, 1, 5, 4, 6, 3, 0, 114, 0, 0, 0, 0, 0, 0]",-1,-0.015990951090815192,-1,1
621,"[0, 1, 0, 1, 5, 3, 4, 1, 0, 1, 0, 0, 2, 0, 0, 2, 0, 0, 0, 0, 1, 0, 0, 0, 0, 0, 0, 0, 0, 0, 0, 0, 1, 1, 0, 0, 2, 0, 0, 2, 2, 0, 2, 0, 1, 1, 0, 1, 0, 0, 0, 0, 0, 0, 0, 1, 0, 0, 0, 0, 0, 0, 0, 2, 2, 4, 1, 4, 1, 2, 0, 3, 2, 4, 1, 5, 4, 6, 3, 0, 115, 0, 0, 0, 0, 0, 0]",4,11.668891941065576,-1,1
622,"[0, 1, 0, 1, 2, 1, 2, 1, 0, 1, 0, 0, 2, 0, 0, 2, 0, 0, 0, 0, 1, 0, 0, 0, 0, 0, 0, 0, 0, 0, 0, 0, 1, 1, 0, 0, 2, 0, 0, 2, 2, 0, 2, 0, 1, 1, 0, 1, 0, 0, 0, 0, 0, 0, 0, 1, 0, 0, 0, 0, 0, 0, 0, 2, 2, 4, 1, 4, 1, 2, 0, 3, 2, 4, 1, 5, 4, 6, 3, 4, 116, 0, 0, 0, 0, 0, 0]",4,14.484413003575385,-1,0
623,"[0, 1, 0, 1, 2, 1, 2, 1, 0, 1, 0, 0, 2, 0, 0, 2, 0, 0, 0, 0, 1, 0, 0, 0, 0, 0, 0, 0, 0, 0, 0, 0, 1, 1, 0, 0, 2, 0, 0, 2, 2, 0, 2, 0, 1, 1, 0, 1, 0, 0, 0, 0, 0, 0, 0, 1, 0, 0, 0, 0, 0, 0, 0, 2, 2, 4, 1, 4, 1, 2, 0, 3, 2, 4, 1, 5, 4, 6, 3, 4, 116, 0, 0, 0, 0, 0, 0]",0,0.5355038238127418,-1,1
624,"[0, 1, 0, 1, 2, 1, 2, 1, 0, 1, 0, 0, 2, 0, 0, 2, 0, 0, 0, 0, 1, 0, 0, 0, 0, 0, 0, 0, 0, 0, 0, 0, 1, 1, 0, 0, 2, 0, 0, 2, 2, 0, 2, 0, 1, 1, 0, 1, 0, 0, 0, 0, 0, 0, 0, 1, 0, 0, 0, 0, 0, 0, 0, 2, 2, 4, 1, 4, 1, 2, 0, 3, 2, 4, 1, 5, 4, 6, 3, 4, 116, 0, 0, 0, 0, 0, 0]",-1,-0.015674309044130266,-1,1
625,"[0, 1, 2, 1, 2, 1, 2, 1, 0, 1, 0, 0, 2, 0, 0, 2, 0, 0, 0, 0, 1, 0, 0, 0, 0, 0, 0, 0, 0, 0, 0, 0, 1, 1, 0, 0, 2, 0, 0, 2, 2, 0, 2, 0, 1, 1, 0, 1, 0, 0, 0, 0, 0, 0, 0, 1, 0, 0, 0, 0, 0, 0, 0, 2, 2, 4, 1, 4, 1, 2, 0, 3, 2, 4, 1, 5, 4, 6, 3, 4, 117, 0, 0, 0, 0, 0, 0]",4,11.99633350767569,-1,1
626,"[0, 1, 2, 1, 2, 1, 2, 1, 0, 1, 0, 0, 2, 0, 0, 2, 0, 0, 0, 0, 1, 0, 0, 0, 0, 0, 0, 0, 0, 0, 0, 0, 1, 1, 0, 0, 2, 0, 0, 2, 2, 0, 2, 0, 1, 1, 0, 1, 0, 0, 0, 0, 0, 0, 0, 1, 0, 0, 0, 0, 0, 0, 0, 2, 2, 4, 1, 4, 1, 2, 0, 3, 2, 4, 1, 5, 4, 6, 3, 4, 117, 1, 0, 0, 0, 0, 0]",3,0.3930217182936527,-1,0
627,"[0, 1, 2, 1, 2, 1, 2, 1, 0, 1, 0, 0, 2, 0, 0, 2, 0, 0, 0, 0, 1, 0, 0, 0, 0, 0, 0, 0, 0, 0, 0, 0, 1, 1, 0, 0, 2, 0, 0, 2, 2, 0, 2, 0, 1, 1, 0, 1, 0, 0, 0, 0, 0, 0, 0, 1, 0, 0, 0, 0, 0, 0, 0, 2, 2, 4, 1, 4, 1, 2, 0, 3, 2, 4, 1, 5, 4, 6, 3, 4, 117, 0, 0, 0, 0, 0, 0]",-1,-0.015518347063274252,-1,0
628,"[0, 1, 3, 1, 2, 1, 3, 1, 0, 1, 0, 0, 2, 0, 0, 2, 0, 0, 0, 0, 1, 0, 0, 0, 0, 0, 0, 0, 0, 0, 0, 0, 1, 1, 0, 0, 2, 0, 0, 2, 2, 0, 2, 0, 1, 1, 0, 1, 0, 0, 0, 0, 0, 0, 0, 1, 0, 0, 0, 0, 0, 0, 0, 2, 2, 4, 1, 4, 1, 2, 0, 3, 2, 4, 1, 5, 4, 6, 3, 4, 118, 0, 0, 0, 0, 0, 0]",4,14.33673941716705,-1,0
629,"[0, 1, 3, 1, 2, 1, 3, 1, 0, 1, 0, 0, 2, 0, 0, 2, 0, 0, 0, 0, 1, 0, 0, 0, 0, 0, 0, 0, 0, 0, 0, 0, 1, 1, 0, 0, 2, 0, 0, 2, 2, 0, 2, 0, 1, 1, 0, 1, 0, 0, 0, 0, 0, 0, 0, 1, 0, 0, 0, 0, 0, 0, 0, 2, 2, 4, 1, 4, 1, 2, 0, 3, 2, 4, 1, 5, 4, 6, 3, 4, 118, 0, 0, 0, 0, 0, 0]",1,0.8023713718246871,-1,1
630,"[0, 1, 3, 1, 2, 1, 3, 1, 0, 1, 0, 0, 2, 0, 0, 2, 0, 0, 0, 0, 1, 0, 0, 0, 0, 0, 0, 0, 0, 0, 0, 0, 1, 1, 0, 0, 2, 0, 0, 2, 2, 0, 2, 0, 1, 1, 0, 1, 0, 0, 0, 0, 0, 0, 0, 1, 0, 0, 0, 0, 0, 0, 0, 2, 2, 4, 1, 4, 1, 2, 0, 3, 2, 4, 1, 5, 4, 6, 3, 4, 118, 0, 0, 0, 0, 0, 0]",-1,-0.015363936930056563,-1,1
631,"[0, 1, 4, 1, 2, 1, 4, 1, 0, 1, 0, 0, 2, 0, 0, 2, 0, 0, 0, 0, 1, 0, 0, 0, 0, 0, 0, 0, 0, 0, 0, 0, 1, 1, 0, 0, 2, 0, 0, 2, 2, 0, 2, 0, 1, 1, 0, 1, 0, 0, 0, 0, 0, 0, 0, 1, 0, 0, 0, 0, 0, 0, 0, 2, 2, 4, 1, 4, 1, 2, 0, 3, 2, 4, 1, 5, 4, 6, 3, 4, 119, 0, 0, 0, 0, 0, 0]",4,11.634780404042234,-1,1
632,"[0, 1, 4, 1, 2, 1, 4, 1, 0, 1, 0, 0, 2, 0, 0, 2, 0, 0, 0, 0, 1, 0, 0, 0, 0, 0, 0, 0, 0, 0, 0, 0, 1, 1, 0, 0, 2, 0, 0, 2, 2, 0, 2, 0, 1, 1, 0, 1, 0, 0, 0, 0, 0, 0, 0, 1, 0, 0, 0, 0, 0, 0, 0, 2, 2, 4, 1, 4, 1, 2, 0, 3, 2, 4, 1, 5, 4, 6, 3, 4, 119, 0, 1, 0, 0, 0, 0]",2,0.5924624218982788,-1,0
633,"[0, 1, 4, 1, 2, 1, 4, 1, 0, 1, 0, 0, 2, 0, 0, 2, 0, 0, 0, 0, 1, 0, 0, 0, 0, 0, 0, 0, 0, 0, 0, 0, 1, 1, 0, 0, 2, 0, 0, 2, 2, 0, 2, 0, 1, 1, 0, 1, 0, 0, 0, 0, 0, 0, 0, 1, 0, 0, 0, 0, 0, 0, 0, 2, 2, 4, 1, 4, 1, 2, 0, 3, 2, 4, 1, 5, 4, 6, 3, 4, 119, 0, 1, 0, 0, 1, 0]","[[0 0 0 1]
 [1 0 0 0]]",0.8428872869563697,-1,0
634,"[1, 1, 4, 0, 1, 1, 4, 2, 0, 1, 0, 0, 2, 0, 0, 2, 0, 0, 0, 0, 1, 0, 0, 0, 0, 0, 0, 0, 0, 0, 0, 0, 1, 1, 0, 0, 2, 0, 0, 2, 2, 0, 2, 0, 1, 1, 0, 1, 0, 0, 0, 0, 0, 0, 0, 1, 0, 0, 0, 0, 0, 0, 0, 2, 2, 4, 1, 4, 1, 2, 0, 3, 2, 4, 1, 5, 4, 6, 3, 4, 119, 0, 0, 0, 0, 0, 0]",0,-0.007537578101721183,-1,1
635,"[1, 1, 4, 0, 1, 1, 4, 2, 0, 1, 0, 0, 2, 0, 0, 2, 0, 0, 0, 0, 1, 0, 0, 0, 0, 0, 0, 0, 0, 0, 0, 0, 1, 1, 0, 0, 2, 0, 0, 2, 2, 0, 2, 0, 1, 1, 0, 1, 0, 0, 0, 0, 0, 0, 0, 1, 0, 0, 0, 0, 0, 0, 0, 2, 2, 4, 1, 4, 1, 2, 0, 3, 2, 4, 1, 5, 4, 6, 3, 4, 119, 0, 0, 0, 0, 0, 0]",0,0.43518129432185193,-1,0
636,"[1, 1, 4, 0, 1, 1, 4, 2, 0, 1, 0, 0, 2, 0, 0, 2, 0, 0, 0, 0, 1, 0, 0, 0, 0, 0, 0, 0, 0, 0, 0, 0, 1, 1, 0, 0, 2, 0, 0, 2, 2, 0, 2, 0, 1, 1, 0, 1, 0, 0, 0, 0, 0, 0, 0, 1, 0, 0, 0, 0, 0, 0, 0, 2, 2, 4, 1, 4, 1, 2, 0, 3, 2, 4, 1, 5, 4, 6, 3, 4, 119, 0, 0, 0, 0, 0, 0]",-1,-0.015211063203335205,-1,0
637,"[1, 1, 4, 0, 1, 1, 4, 2, 0, 1, 0, 0, 2, 0, 0, 2, 0, 0, 0, 0, 1, 0, 0, 0, 0, 0, 0, 0, 0, 0, 0, 0, 1, 1, 0, 0, 2, 0, 0, 2, 2, 0, 2, 0, 1, 1, 0, 1, 0, 0, 0, 0, 0, 0, 0, 1, 0, 0, 0, 0, 0, 0, 0, 2, 2, 4, 1, 4, 1, 2, 0, 3, 2, 4, 1, 5, 4, 6, 3, 4, 119, 0, 0, 0, 0, 0, 0]",0,0.43518129432185193,-1,0
638,"[1, 1, 4, 0, 1, 1, 4, 2, 0, 1, 0, 0, 2, 0, 0, 2, 0, 0, 0, 0, 1, 0, 0, 0, 0, 0, 0, 0, 0, 0, 0, 0, 1, 1, 0, 0, 2, 0, 0, 2, 2, 0, 2, 0, 1, 1, 0, 1, 0, 0, 0, 0, 0, 0, 0, 1, 0, 0, 0, 0, 0, 0, 0, 2, 2, 4, 1, 4, 1, 2, 0, 3, 2, 4, 1, 5, 4, 6, 3, 4, 119, 0, 0, 0, 0, 0, 0]",-1,-0.015211063203335205,-1,0
639,"[1, 1, 4, 0, 1, 1, 4, 2, 0, 1, 0, 0, 2, 0, 0, 2, 0, 0, 0, 0, 1, 0, 0, 0, 0, 0, 0, 0, 0, 0, 0, 0, 1, 1, 0, 0, 2, 0, 0, 2, 2, 0, 2, 0, 1, 1, 0, 1, 0, 0, 0, 0, 0, 0, 0, 1, 0, 0, 0, 0, 0, 0, 0, 2, 2, 4, 1, 4, 1, 2, 0, 3, 2, 4, 1, 5, 4, 6, 3, 4, 119, 0, 0, 0, 0, 0, 0]",0,0.43518129432185193,-1,0
640,"[1, 1, 4, 0, 1, 1, 4, 2, 0, 1, 0, 0, 2, 0, 0, 2, 0, 0, 0, 0, 1, 0, 0, 0, 0, 0, 0, 0, 0, 0, 0, 0, 1, 1, 0, 0, 2, 0, 0, 2, 2, 0, 2, 0, 1, 1, 0, 1, 0, 0, 0, 0, 0, 0, 0, 1, 0, 0, 0, 0, 0, 0, 0, 2, 2, 4, 1, 4, 1, 2, 0, 3, 2, 4, 1, 5, 4, 6, 3, 4, 119, 0, 0, 0, 0, 0, 0]",-1,-0.015211063203335205,-1,0
641,"[1, 1, 4, 0, 1, 1, 4, 2, 0, 1, 0, 0, 2, 0, 0, 2, 0, 0, 0, 0, 1, 0, 0, 0, 0, 0, 0, 0, 0, 0, 0, 0, 1, 1, 0, 0, 2, 0, 0, 2, 2, 0, 2, 0, 1, 1, 0, 1, 0, 0, 0, 0, 0, 0, 0, 1, 0, 0, 0, 0, 0, 0, 0, 2, 2, 4, 1, 4, 1, 2, 0, 3, 2, 4, 1, 5, 4, 6, 3, 4, 119, 0, 0, 0, 0, 0, 0]",0,0.43518129432185193,-1,0
642,"[1, 1, 4, 0, 1, 1, 4, 2, 0, 1, 0, 0, 2, 0, 0, 2, 0, 0, 0, 0, 1, 0, 0, 0, 0, 0, 0, 0, 0, 0, 0, 0, 1, 1, 0, 0, 2, 0, 0, 2, 2, 0, 2, 0, 1, 1, 0, 1, 0, 0, 0, 0, 0, 0, 0, 1, 0, 0, 0, 0, 0, 0, 0, 2, 2, 4, 1, 4, 1, 2, 0, 3, 2, 4, 1, 5, 4, 6, 3, 4, 119, 0, 0, 0, 0, 0, 0]",-1,-0.015211063203335205,-1,0
643,"[1, 1, 4, 0, 1, 1, 4, 2, 0, 1, 0, 0, 2, 0, 0, 2, 0, 0, 0, 0, 1, 0, 0, 0, 0, 0, 0, 0, 0, 0, 0, 0, 1, 1, 0, 0, 2, 0, 0, 2, 2, 0, 2, 0, 1, 1, 0, 1, 0, 0, 0, 0, 0, 0, 0, 1, 0, 0, 0, 0, 0, 0, 0, 2, 2, 4, 1, 4, 1, 2, 0, 3, 2, 4, 1, 5, 4, 6, 3, 4, 119, 0, 0, 0, 0, 0, 0]",0,0.43518129432185193,-1,0
644,"[1, 1, 4, 0, 1, 1, 4, 2, 0, 1, 0, 0, 2, 0, 0, 2, 0, 0, 0, 0, 1, 0, 0, 0, 0, 0, 0, 0, 0, 0, 0, 0, 1, 1, 0, 0, 2, 0, 0, 2, 2, 0, 2, 0, 1, 1, 0, 1, 0, 0, 0, 0, 0, 0, 0, 1, 0, 0, 0, 0, 0, 0, 0, 2, 2, 4, 1, 4, 1, 2, 0, 3, 2, 4, 1, 5, 4, 6, 3, 4, 119, 0, 0, 0, 0, 0, 0]",-1,-0.015211063203335205,-1,0
645,"[1, 1, 4, 0, 1, 1, 4, 2, 0, 1, 0, 0, 2, 0, 0, 2, 0, 0, 0, 0, 1, 0, 0, 0, 0, 0, 0, 0, 0, 0, 0, 0, 1, 1, 0, 0, 2, 0, 0, 2, 2, 0, 2, 0, 1, 1, 0, 1, 0, 0, 0, 0, 0, 0, 0, 1, 0, 0, 0, 0, 0, 0, 0, 2, 2, 4, 1, 4, 1, 2, 0, 3, 2, 4, 1, 5, 4, 6, 3, 4, 119, 0, 0, 0, 0, 0, 0]",0,0.43518129432185193,-1,0
646,"[1, 1, 4, 0, 1, 1, 4, 2, 0, 1, 0, 0, 2, 0, 0, 2, 0, 0, 0, 0, 1, 0, 0, 0, 0, 0, 0, 0, 0, 0, 0, 0, 1, 1, 0, 0, 2, 0, 0, 2, 2, 0, 2, 0, 1, 1, 0, 1, 0, 0, 0, 0, 0, 0, 0, 1, 0, 0, 0, 0, 0, 0, 0, 2, 2, 4, 1, 4, 1, 2, 0, 3, 2, 4, 1, 5, 4, 6, 3, 4, 119, 0, 0, 0, 0, 0, 0]",-1,-0.015211063203335205,-1,0
647,"[1, 1, 4, 0, 1, 1, 4, 2, 0, 1, 0, 0, 2, 0, 0, 2, 0, 0, 0, 0, 1, 0, 0, 0, 0, 0, 0, 0, 0, 0, 0, 0, 1, 1, 0, 0, 2, 0, 0, 2, 2, 0, 2, 0, 1, 1, 0, 1, 0, 0, 0, 0, 0, 0, 0, 1, 0, 0, 0, 0, 0, 0, 0, 2, 2, 4, 1, 4, 1, 2, 0, 3, 2, 4, 1, 5, 4, 6, 3, 4, 119, 0, 0, 0, 0, 0, 0]",0,0.43518129432185193,-1,0
648,"[1, 1, 4, 0, 1, 1, 4, 2, 0, 1, 0, 0, 2, 0, 0, 2, 0, 0, 0, 0, 1, 0, 0, 0, 0, 0, 0, 0, 0, 0, 0, 0, 1, 1, 0, 0, 2, 0, 0, 2, 2, 0, 2, 0, 1, 1, 0, 1, 0, 0, 0, 0, 0, 0, 0, 1, 0, 0, 0, 0, 0, 0, 0, 2, 2, 4, 1, 4, 1, 2, 0, 3, 2, 4, 1, 5, 4, 6, 3, 4, 119, 0, 0, 0, 0, 0, 0]",-1,-0.015211063203335205,-1,0
649,"[1, 1, 4, 0, 1, 1, 4, 2, 0, 1, 0, 0, 2, 0, 0, 2, 0, 0, 0, 0, 1, 0, 0, 0, 0, 0, 0, 0, 0, 0, 0, 0, 1, 1, 0, 0, 2, 0, 0, 2, 2, 0, 2, 0, 1, 1, 0, 1, 0, 0, 0, 0, 0, 0, 0, 1, 0, 0, 0, 0, 0, 0, 0, 2, 2, 4, 1, 4, 1, 2, 0, 3, 2, 4, 1, 5, 4, 6, 3, 4, 119, 0, 0, 0, 0, 0, 0]",0,0.43518129432185193,-1,0
650,"[1, 1, 4, 0, 1, 1, 4, 2, 0, 1, 0, 0, 2, 0, 0, 2, 0, 0, 0, 0, 1, 0, 0, 0, 0, 0, 0, 0, 0, 0, 0, 0, 1, 1, 0, 0, 2, 0, 0, 2, 2, 0, 2, 0, 1, 1, 0, 1, 0, 0, 0, 0, 0, 0, 0, 1, 0, 0, 0, 0, 0, 0, 0, 2, 2, 4, 1, 4, 1, 2, 0, 3, 2, 4, 1, 5, 4, 6, 3, 4, 119, 0, 0, 0, 0, 0, 0]",-1,-0.015211063203335205,-1,0
651,"[1, 1, 4, 0, 1, 1, 4, 2, 0, 1, 0, 0, 2, 0, 0, 2, 0, 0, 0, 0, 1, 0, 0, 0, 0, 0, 0, 0, 0, 0, 0, 0, 1, 1, 0, 0, 2, 0, 0, 2, 2, 0, 2, 0, 1, 1, 0, 1, 0, 0, 0, 0, 0, 0, 0, 1, 0, 0, 0, 0, 0, 0, 0, 2, 2, 4, 1, 4, 1, 2, 0, 3, 2, 4, 1, 5, 4, 6, 3, 4, 119, 1, 0, 0, 0, 0, 0]",3,0.39246242189827885,-1,0
652,"[1, 1, 4, 0, 1, 1, 4, 2, 0, 1, 0, 0, 2, 0, 0, 2, 0, 0, 0, 0, 1, 0, 0, 0, 0, 0, 0, 0, 0, 0, 0, 0, 1, 1, 0, 0, 2, 0, 0, 2, 2, 0, 2, 0, 1, 1, 0, 1, 0, 0, 0, 0, 0, 0, 0, 1, 0, 0, 0, 0, 0, 0, 0, 2, 2, 4, 1, 4, 1, 2, 0, 3, 2, 4, 1, 5, 4, 6, 3, 4, 119, 0, 0, 0, 0, 0, 0]",-1,-0.015211063203335205,-1,0
653,"[1, 1, 4, 0, 1, 1, 4, 2, 0, 1, 0, 0, 2, 0, 0, 2, 0, 0, 0, 0, 1, 0, 0, 0, 0, 0, 0, 0, 0, 0, 0, 0, 1, 1, 0, 0, 2, 0, 0, 2, 2, 0, 2, 0, 1, 1, 0, 1, 0, 0, 0, 0, 0, 0, 0, 1, 0, 0, 0, 0, 0, 0, 0, 2, 2, 4, 1, 4, 1, 2, 0, 3, 2, 4, 1, 5, 4, 6, 3, 4, 119, 0, 0, 0, 0, 0, 0]",1,0.8020865369978956,-1,0
654,"[1, 1, 4, 0, 1, 1, 4, 2, 0, 1, 0, 0, 2, 0, 0, 2, 0, 0, 0, 0, 1, 0, 0, 0, 0, 0, 0, 0, 0, 0, 0, 0, 1, 1, 0, 0, 2, 0, 0, 2, 2, 0, 2, 0, 1, 1, 0, 1, 0, 0, 0, 0, 0, 0, 0, 1, 0, 0, 0, 0, 0, 0, 0, 2, 2, 4, 1, 4, 1, 2, 0, 3, 2, 4, 1, 5, 4, 6, 3, 4, 119, 0, 0, 0, 0, 0, 0]",-1,-0.015211063203335205,-1,0
655,"[1, 1, 4, 0, 1, 1, 4, 2, 0, 1, 0, 0, 2, 0, 0, 2, 0, 0, 0, 0, 1, 0, 0, 0, 0, 0, 0, 0, 0, 0, 0, 0, 1, 1, 0, 0, 2, 0, 0, 2, 2, 0, 2, 0, 1, 1, 0, 1, 0, 0, 0, 0, 0, 0, 0, 1, 0, 0, 0, 0, 0, 0, 0, 2, 2, 4, 1, 4, 1, 2, 0, 3, 2, 4, 1, 5, 4, 6, 3, 4, 119, 0, 1, 0, 0, 0, 0]",2,0.5924624218982788,-1,0
656,"[1, 1, 4, 0, 1, 1, 4, 2, 0, 1, 0, 0, 2, 0, 0, 2, 0, 0, 0, 0, 1, 0, 0, 0, 0, 0, 0, 0, 0, 0, 0, 0, 1, 1, 0, 0, 2, 0, 0, 2, 2, 0, 2, 0, 1, 1, 0, 1, 0, 0, 0, 0, 0, 0, 0, 1, 0, 0, 0, 0, 0, 0, 0, 2, 2, 4, 1, 4, 1, 2, 0, 3, 2, 4, 1, 5, 4, 6, 3, 4, 119, 0, 1, 0, 0, 1, 0]","[[0 1 0 0]
 [0 0 0 1]]",0.8428872869563697,-1,0
657,"[1, 0, 4, 1, 1, 2, 4, 1, 0, 1, 0, 0, 2, 0, 0, 2, 0, 0, 0, 0, 1, 0, 0, 0, 0, 0, 0, 0, 0, 0, 0, 0, 1, 1, 0, 0, 2, 0, 0, 2, 2, 0, 2, 0, 1, 1, 0, 1, 0, 0, 0, 0, 0, 0, 0, 1, 0, 0, 0, 0, 0, 0, 0, 2, 2, 4, 1, 4, 1, 2, 0, 3, 2, 4, 1, 5, 4, 6, 3, 4, 119, 0, 0, 0, 0, 0, 0]",0,-0.007537578101721183,-1,1
658,"[1, 0, 4, 1, 1, 2, 4, 1, 0, 1, 0, 0, 2, 0, 0, 2, 0, 0, 0, 0, 1, 0, 0, 0, 0, 0, 0, 0, 0, 0, 0, 0, 1, 1, 0, 0, 2, 0, 0, 2, 2, 0, 2, 0, 1, 1, 0, 1, 0, 0, 0, 0, 0, 0, 0, 1, 0, 0, 0, 0, 0, 0, 0, 2, 2, 4, 1, 4, 1, 2, 0, 3, 2, 4, 1, 5, 4, 6, 3, 4, 119, 1, 0, 0, 0, 0, 0]",3,0.39246242189827885,-1,0
659,"[1, 0, 4, 1, 1, 2, 4, 1, 0, 1, 0, 0, 2, 0, 0, 2, 0, 0, 0, 0, 1, 0, 0, 0, 0, 0, 0, 0, 0, 0, 0, 0, 1, 1, 0, 0, 2, 0, 0, 2, 2, 0, 2, 0, 1, 1, 0, 1, 0, 0, 0, 0, 0, 0, 0, 1, 0, 0, 0, 0, 0, 0, 0, 2, 2, 4, 1, 4, 1, 2, 0, 3, 2, 4, 1, 5, 4, 6, 3, 4, 119, 0, 0, 0, 0, 0, 0]",-1,-0.015211063203335205,-1,0
660,"[1, 0, 4, 1, 3, 2, 4, 1, 0, 1, 0, 0, 2, 0, 0, 2, 0, 0, 0, 0, 1, 0, 0, 0, 0, 0, 0, 0, 0, 0, 0, 0, 1, 1, 0, 0, 2, 0, 0, 2, 2, 0, 2, 0, 1, 1, 0, 1, 0, 0, 0, 0, 0, 0, 0, 1, 0, 0, 0, 0, 0, 0, 0, 2, 2, 4, 1, 4, 1, 2, 0, 3, 2, 4, 1, 5, 4, 6, 3, 4, 120, 0, 0, 0, 0, 0, 0]",4,14.168357208436607,-1,0
661,"[1, 0, 4, 1, 3, 2, 4, 1, 0, 1, 0, 0, 2, 0, 0, 2, 0, 0, 0, 0, 1, 0, 0, 0, 0, 0, 0, 0, 0, 0, 0, 0, 1, 1, 0, 0, 2, 0, 0, 2, 2, 0, 2, 0, 1, 1, 0, 1, 0, 0, 0, 0, 0, 0, 0, 1, 0, 0, 0, 0, 0, 0, 0, 2, 2, 4, 1, 4, 1, 2, 0, 3, 2, 4, 1, 5, 4, 6, 3, 4, 120, 0, 1, 0, 0, 0, 0]",2,0.5921668554406471,-1,1
662,"[1, 0, 4, 1, 3, 2, 4, 1, 0, 1, 0, 0, 2, 0, 0, 2, 0, 0, 0, 0, 1, 0, 0, 0, 0, 0, 0, 0, 0, 0, 0, 0, 1, 1, 0, 0, 2, 0, 0, 2, 2, 0, 2, 0, 1, 1, 0, 1, 0, 0, 0, 0, 0, 0, 0, 1, 0, 0, 0, 0, 0, 0, 0, 2, 2, 4, 1, 4, 1, 2, 0, 3, 2, 4, 1, 5, 4, 6, 3, 4, 120, 0, 1, 0, 0, 1, 0]","[[1 1 2 0]
 [1 0 2 1]]",0.842591720498738,-1,1
663,"[1, 0, 4, 1, 3, 2, 4, 1, 0, 1, 0, 0, 2, 0, 0, 2, 0, 0, 0, 0, 1, 0, 0, 0, 0, 0, 0, 0, 0, 0, 0, 0, 1, 1, 0, 0, 2, 0, 0, 2, 2, 0, 2, 0, 1, 1, 0, 1, 0, 0, 0, 0, 0, 0, 0, 1, 0, 0, 0, 0, 0, 0, 0, 2, 2, 4, 1, 4, 1, 2, 0, 3, 2, 4, 1, 5, 4, 6, 3, 4, 120, 0, 0, 0, 0, 0, 0]",1,-0.007833144559352872,-1,0
664,"[1, 0, 4, 1, 3, 2, 4, 1, 0, 1, 0, 0, 2, 0, 0, 2, 0, 0, 0, 0, 1, 0, 0, 0, 0, 0, 0, 0, 0, 0, 0, 0, 1, 1, 0, 0, 2, 0, 0, 2, 2, 0, 2, 0, 1, 1, 0, 1, 0, 0, 0, 0, 0, 0, 0, 1, 0, 0, 0, 0, 0, 0, 0, 2, 2, 4, 1, 4, 1, 2, 0, 3, 2, 4, 1, 5, 4, 6, 3, 4, 120, 0, 0, 0, 0, 0, 0]",-1,-0.015059710595610107,-1,1
665,"[1, 0, 4, 1, 5, 2, 4, 1, 0, 1, 0, 0, 2, 0, 0, 2, 0, 0, 0, 0, 1, 0, 0, 0, 0, 0, 0, 0, 0, 0, 0, 0, 1, 1, 0, 0, 2, 0, 0, 2, 2, 0, 2, 0, 1, 1, 0, 1, 0, 0, 0, 0, 0, 0, 0, 1, 0, 0, 0, 0, 0, 0, 0, 2, 2, 4, 1, 4, 1, 2, 0, 3, 2, 4, 1, 5, 4, 6, 3, 4, 121, 0, 0, 0, 0, 0, 0]",4,11.588527102769579,-1,1
666,"[1, 0, 4, 1, 5, 2, 4, 1, 0, 1, 0, 0, 2, 0, 0, 2, 0, 0, 0, 0, 1, 0, 0, 0, 0, 0, 0, 0, 0, 0, 0, 0, 1, 1, 0, 0, 2, 0, 0, 2, 2, 0, 2, 0, 1, 1, 0, 1, 0, 0, 0, 0, 0, 0, 0, 1, 0, 0, 0, 0, 0, 0, 0, 2, 2, 4, 1, 4, 1, 2, 0, 3, 2, 4, 1, 5, 4, 6, 3, 4, 121, 0, 0, 0, 0, 0, 0]",1,0.8014843043853235,-1,0
667,"[1, 0, 4, 1, 5, 2, 4, 1, 0, 1, 0, 0, 2, 0, 0, 2, 0, 0, 0, 0, 1, 0, 0, 0, 0, 0, 0, 0, 0, 0, 0, 0, 1, 1, 0, 0, 2, 0, 0, 2, 2, 0, 2, 0, 1, 1, 0, 1, 0, 0, 0, 0, 0, 0, 0, 1, 0, 0, 0, 0, 0, 0, 0, 2, 2, 4, 1, 4, 1, 2, 0, 3, 2, 4, 1, 5, 4, 6, 3, 4, 121, 0, 0, 0, 0, 0, 0]",-1,-0.01490986397149437,-1,0
668,"[1, 0, 5, 1, 5, 2, 5, 1, 0, 1, 0, 0, 2, 0, 0, 2, 0, 0, 0, 0, 1, 0, 0, 0, 0, 0, 0, 0, 0, 0, 0, 0, 1, 1, 0, 0, 2, 0, 0, 2, 2, 0, 2, 0, 1, 1, 0, 1, 0, 0, 0, 0, 0, 0, 0, 1, 0, 0, 0, 0, 0, 0, 0, 2, 2, 4, 1, 4, 1, 2, 0, 3, 2, 4, 1, 5, 4, 6, 3, 4, 122, 0, 0, 0, 0, 0, 0]",4,14.057985034967516,-1,0
669,"[1, 0, 5, 1, 5, 2, 5, 1, 0, 1, 0, 0, 2, 0, 0, 2, 0, 0, 0, 0, 1, 0, 0, 0, 0, 0, 0, 0, 0, 0, 0, 0, 1, 1, 0, 0, 2, 0, 0, 2, 2, 0, 2, 0, 1, 1, 0, 1, 0, 0, 0, 0, 0, 0, 0, 1, 0, 0, 0, 0, 0, 0, 0, 2, 2, 4, 1, 4, 1, 2, 0, 3, 2, 4, 1, 5, 4, 6, 3, 4, 122, 0, 1, 0, 0, 0, 0]",2,0.5915420456315932,-1,1
670,"[1, 0, 5, 1, 5, 2, 5, 1, 0, 1, 0, 0, 2, 0, 0, 2, 0, 0, 0, 0, 1, 0, 0, 0, 0, 0, 0, 0, 0, 0, 0, 0, 1, 1, 0, 0, 2, 0, 0, 2, 2, 0, 2, 0, 1, 1, 0, 1, 0, 0, 0, 0, 0, 0, 0, 1, 0, 0, 0, 0, 0, 0, 0, 2, 2, 4, 1, 4, 1, 2, 0, 3, 2, 4, 1, 5, 4, 6, 3, 4, 122, 0, 1, 0, 0, 1, 0]","[[1 1 1 0]
 [1 0 4 1]]",2.380750990045334,-1,1
671,"[1, 1, 2, 0, 5, 1, 8, 2, 0, 1, 0, 0, 2, 0, 0, 2, 0, 0, 0, 0, 1, 0, 0, 0, 0, 0, 0, 0, 0, 0, 0, 0, 1, 1, 0, 0, 2, 0, 0, 2, 2, 0, 2, 0, 1, 1, 0, 1, 0, 0, 0, 0, 0, 0, 0, 1, 0, 0, 0, 0, 0, 0, 0, 2, 2, 4, 1, 4, 1, 2, 0, 3, 2, 4, 1, 5, 4, 6, 3, 4, 122, 0, 0, 0, 0, 0, 0]",0,-0.008457954368406758,-1,0
672,"[1, 1, 2, 0, 5, 1, 8, 2, 0, 1, 0, 0, 2, 0, 0, 2, 0, 0, 0, 0, 1, 0, 0, 0, 0, 0, 0, 0, 0, 0, 0, 0, 1, 1, 0, 0, 2, 0, 0, 2, 2, 0, 2, 0, 1, 1, 0, 1, 0, 0, 0, 0, 0, 0, 0, 1, 0, 0, 0, 0, 0, 0, 0, 2, 2, 4, 1, 4, 1, 2, 0, 3, 2, 4, 1, 5, 4, 6, 3, 4, 122, 0, 0, 0, 0, 0, 0]",1,0.8011661607312099,-1,1
673,"[1, 1, 2, 0, 5, 1, 8, 2, 0, 1, 0, 0, 2, 0, 0, 2, 0, 0, 0, 0, 1, 0, 0, 0, 0, 0, 0, 0, 0, 0, 0, 0, 1, 1, 0, 0, 2, 0, 0, 2, 2, 0, 2, 0, 1, 1, 0, 1, 0, 0, 0, 0, 0, 0, 0, 1, 0, 0, 0, 0, 0, 0, 0, 2, 2, 4, 1, 4, 1, 2, 0, 3, 2, 4, 1, 5, 4, 6, 3, 4, 122, 0, 0, 0, 0, 0, 0]",-1,-0.014761508346200712,-1,1
674,"[1, 1, 3, 0, 5, 1, 9, 2, 0, 1, 0, 0, 2, 0, 0, 2, 0, 0, 0, 0, 1, 0, 0, 0, 0, 0, 0, 0, 0, 0, 0, 0, 1, 1, 0, 0, 2, 0, 0, 2, 2, 0, 2, 0, 1, 1, 0, 1, 0, 0, 0, 0, 0, 0, 0, 1, 0, 0, 0, 0, 0, 0, 0, 2, 2, 4, 1, 4, 1, 2, 0, 3, 2, 4, 1, 5, 4, 6, 3, 4, 123, 0, 0, 0, 0, 0, 0]",4,11.40125004284636,-1,1
675,"[1, 1, 3, 0, 5, 1, 9, 2, 0, 1, 0, 0, 2, 0, 0, 2, 0, 0, 0, 0, 1, 0, 0, 0, 0, 0, 0, 0, 0, 0, 0, 0, 1, 1, 0, 0, 2, 0, 0, 2, 2, 0, 2, 0, 1, 1, 0, 1, 0, 0, 0, 0, 0, 0, 0, 1, 0, 0, 0, 0, 0, 0, 0, 2, 2, 4, 1, 4, 1, 2, 0, 3, 2, 4, 1, 5, 4, 6, 3, 4, 123, 1, 0, 0, 0, 0, 0]",3,0.3912120369207718,-1,0
676,"[1, 1, 3, 0, 5, 1, 9, 2, 0, 1, 0, 0, 2, 0, 0, 2, 0, 0, 0, 0, 1, 0, 0, 0, 0, 0, 0, 0, 0, 0, 0, 0, 1, 1, 0, 0, 2, 0, 0, 2, 2, 0, 2, 0, 1, 1, 0, 1, 0, 0, 0, 0, 0, 0, 0, 1, 0, 0, 0, 0, 0, 0, 0, 2, 2, 4, 1, 4, 1, 2, 0, 3, 2, 4, 1, 5, 4, 6, 3, 4, 123, 0, 0, 0, 0, 0, 0]",-1,-0.014614628884042972,-1,0
677,"[1, 1, 3, 0, 5, 1, 9, 2, 0, 1, 0, 0, 2, 0, 0, 2, 0, 0, 0, 0, 1, 0, 0, 0, 0, 0, 0, 0, 0, 0, 0, 0, 1, 1, 0, 0, 2, 0, 0, 2, 2, 0, 2, 0, 1, 1, 0, 1, 0, 0, 0, 0, 0, 0, 0, 1, 0, 0, 0, 0, 0, 0, 0, 2, 2, 4, 1, 4, 1, 2, 0, 3, 2, 4, 1, 5, 4, 6, 3, 4, 123, 0, 0, 0, 0, 0, 0]",1,0.8008361520203885,-1,0
678,"[1, 1, 3, 0, 5, 1, 9, 2, 0, 1, 0, 0, 2, 0, 0, 2, 0, 0, 0, 0, 1, 0, 0, 0, 0, 0, 0, 0, 0, 0, 0, 0, 1, 1, 0, 0, 2, 0, 0, 2, 2, 0, 2, 0, 1, 1, 0, 1, 0, 0, 0, 0, 0, 0, 0, 1, 0, 0, 0, 0, 0, 0, 0, 2, 2, 4, 1, 4, 1, 2, 0, 3, 2, 4, 1, 5, 4, 6, 3, 4, 123, 0, 0, 0, 0, 0, 0]",-1,-0.014614628884042972,-1,0
679,"[1, 1, 3, 0, 5, 1, 9, 2, 0, 1, 0, 0, 2, 0, 0, 2, 0, 0, 0, 0, 1, 0, 0, 0, 0, 0, 0, 0, 0, 0, 0, 0, 1, 1, 0, 0, 2, 0, 0, 2, 2, 0, 2, 0, 1, 1, 0, 1, 0, 0, 0, 0, 0, 0, 0, 1, 0, 0, 0, 0, 0, 0, 0, 2, 2, 4, 1, 4, 1, 2, 0, 3, 2, 4, 1, 5, 4, 6, 3, 4, 123, 1, 0, 0, 0, 0, 0]",3,0.3912120369207718,-1,0
680,"[1, 1, 3, 0, 5, 1, 9, 2, 0, 1, 0, 0, 2, 0, 0, 2, 0, 0, 0, 0, 1, 0, 0, 0, 0, 0, 0, 0, 0, 0, 0, 0, 1, 1, 0, 0, 2, 0, 0, 2, 2, 0, 2, 0, 1, 1, 0, 1, 0, 0, 0, 0, 0, 0, 0, 1, 0, 0, 0, 0, 0, 0, 0, 2, 2, 4, 1, 4, 1, 2, 0, 3, 2, 4, 1, 5, 4, 6, 3, 4, 123, 0, 0, 0, 0, 0, 0]",-1,-0.014614628884042972,-1,0
681,"[1, 1, 3, 0, 5, 1, 9, 2, 0, 1, 0, 0, 2, 0, 0, 2, 0, 0, 0, 0, 1, 0, 0, 0, 0, 0, 0, 0, 0, 0, 0, 0, 1, 1, 0, 0, 2, 0, 0, 2, 2, 0, 2, 0, 1, 1, 0, 1, 0, 0, 0, 0, 0, 0, 0, 1, 0, 0, 0, 0, 0, 0, 0, 2, 2, 4, 1, 4, 1, 2, 0, 3, 2, 4, 1, 5, 4, 6, 3, 4, 124, 0, 0, 0, 0, 0, 0]",4,14.33305448992663,-1,0
682,"[1, 1, 3, 0, 5, 1, 9, 2, 0, 1, 0, 0, 2, 0, 0, 2, 0, 0, 0, 0, 1, 0, 0, 0, 0, 0, 0, 0, 0, 0, 0, 0, 1, 1, 0, 0, 2, 0, 0, 2, 2, 0, 2, 0, 1, 1, 0, 1, 0, 0, 0, 0, 0, 0, 0, 1, 0, 0, 0, 0, 0, 0, 0, 2, 2, 4, 1, 4, 1, 2, 0, 3, 2, 4, 1, 5, 4, 6, 3, 4, 124, 0, 1, 0, 0, 0, 0]",2,0.5908697658431112,-1,1
683,"[1, 1, 3, 0, 5, 1, 9, 2, 0, 1, 0, 0, 2, 0, 0, 2, 0, 0, 0, 0, 1, 0, 0, 0, 0, 0, 0, 0, 0, 0, 0, 0, 1, 1, 0, 0, 2, 0, 0, 2, 2, 0, 2, 0, 1, 1, 0, 1, 0, 0, 0, 0, 0, 0, 0, 1, 0, 0, 0, 0, 0, 0, 0, 2, 2, 4, 1, 4, 1, 2, 0, 3, 2, 4, 1, 5, 4, 6, 3, 4, 124, 0, 1, 0, 0, 1, 0]","[[2 0 2 1]
 [1 1 3 0]]",0.8412946309012022,-1,1
684,"[1, 1, 3, 0, 5, 1, 9, 2, 0, 1, 0, 0, 2, 0, 0, 2, 0, 0, 0, 0, 1, 0, 0, 0, 0, 0, 0, 0, 0, 0, 0, 0, 1, 1, 0, 0, 2, 0, 0, 2, 2, 0, 2, 0, 1, 1, 0, 1, 0, 0, 0, 0, 0, 0, 0, 1, 0, 0, 0, 0, 0, 0, 0, 2, 2, 4, 1, 4, 1, 2, 0, 3, 2, 4, 1, 5, 4, 6, 3, 4, 124, 0, 0, 0, 0, 0, 0]",1,-0.009130234156888744,-1,0
685,"[1, 1, 3, 0, 5, 1, 9, 2, 0, 1, 0, 0, 2, 0, 0, 2, 0, 0, 0, 0, 1, 0, 0, 0, 0, 0, 0, 0, 0, 0, 0, 0, 1, 1, 0, 0, 2, 0, 0, 2, 2, 0, 2, 0, 1, 1, 0, 1, 0, 0, 0, 0, 0, 0, 0, 1, 0, 0, 0, 0, 0, 0, 0, 2, 2, 4, 1, 4, 1, 2, 0, 3, 2, 4, 1, 5, 4, 6, 3, 4, 124, 0, 1, 0, 0, 0, 0]",2,0.5908697658431112,-1,1
686,"[1, 1, 3, 0, 5, 1, 9, 2, 0, 1, 0, 0, 2, 0, 0, 2, 0, 0, 0, 0, 1, 0, 0, 0, 0, 0, 0, 0, 0, 0, 0, 0, 1, 1, 0, 0, 2, 0, 0, 2, 2, 0, 2, 0, 1, 1, 0, 1, 0, 0, 0, 0, 0, 0, 0, 1, 0, 0, 0, 0, 0, 0, 0, 2, 2, 4, 1, 4, 1, 2, 0, 3, 2, 4, 1, 5, 4, 6, 3, 4, 124, 0, 1, 0, 0, 1, 0]","[[1 0 1 1]
 [1 1 2 0]]",1.916111098383707,-1,1
687,"[1, 0, 2, 1, 5, 2, 10, 1, 0, 1, 0, 0, 2, 0, 0, 2, 0, 0, 0, 0, 1, 0, 0, 0, 0, 0, 0, 0, 0, 0, 0, 0, 1, 1, 0, 0, 2, 0, 0, 2, 2, 0, 2, 0, 1, 1, 0, 1, 0, 0, 0, 0, 0, 0, 0, 1, 0, 0, 0, 0, 0, 0, 0, 2, 2, 4, 1, 4, 1, 2, 0, 3, 2, 4, 1, 5, 4, 6, 3, 4, 124, 0, 0, 0, 0, 0, 0]",0,-0.009130234156888744,-1,0
688,"[1, 0, 2, 1, 5, 2, 10, 1, 0, 1, 0, 0, 2, 0, 0, 2, 0, 0, 0, 0, 1, 0, 0, 0, 0, 0, 0, 0, 0, 0, 0, 0, 1, 1, 0, 0, 2, 0, 0, 2, 2, 0, 2, 0, 1, 1, 0, 1, 0, 0, 0, 0, 0, 0, 0, 1, 0, 0, 0, 0, 0, 0, 0, 2, 2, 4, 1, 4, 1, 2, 0, 3, 2, 4, 1, 5, 4, 6, 3, 4, 124, 0, 0, 0, 0, 0, 0]",-1,-0.014469210896952531,-1,1
689,"[1, 0, 1, 1, 2, 1, 5, 1, 0, 1, 0, 0, 2, 0, 0, 2, 0, 0, 0, 0, 1, 0, 0, 0, 0, 0, 0, 0, 0, 0, 0, 0, 1, 1, 0, 0, 2, 0, 0, 2, 2, 0, 2, 0, 1, 1, 0, 1, 0, 0, 0, 0, 0, 0, 0, 1, 0, 0, 0, 0, 0, 0, 0, 2, 2, 4, 1, 4, 1, 2, 0, 3, 2, 4, 1, 5, 4, 6, 3, 5, 125, 0, 0, 0, 0, 0, 0]",4,11.489535868041747,-1,1
690,"[1, 0, 1, 1, 2, 1, 5, 1, 0, 1, 0, 0, 2, 0, 0, 2, 0, 0, 0, 0, 1, 0, 0, 0, 0, 0, 0, 0, 0, 0, 0, 0, 1, 1, 0, 0, 2, 0, 0, 2, 2, 0, 2, 0, 1, 1, 0, 1, 0, 0, 0, 0, 0, 0, 0, 1, 0, 0, 0, 0, 0, 0, 0, 2, 2, 4, 1, 4, 1, 2, 0, 3, 2, 4, 1, 5, 4, 6, 3, 5, 125, 1, 0, 0, 0, 0, 0]",3,0.3905148253644867,-1,0
691,"[1, 0, 1, 1, 2, 1, 5, 1, 0, 1, 0, 0, 2, 0, 0, 2, 0, 0, 0, 0, 1, 0, 0, 0, 0, 0, 0, 0, 0, 0, 0, 0, 1, 1, 0, 0, 2, 0, 0, 2, 2, 0, 2, 0, 1, 1, 0, 1, 0, 0, 0, 0, 0, 0, 0, 1, 0, 0, 0, 0, 0, 0, 0, 2, 2, 4, 1, 4, 1, 2, 0, 3, 2, 4, 1, 5, 4, 6, 3, 5, 125, 0, 0, 0, 0, 0, 0]",-1,-0.014325239843009506,-1,0
692,"[1, 0, 3, 1, 2, 1, 5, 1, 0, 1, 0, 0, 2, 0, 0, 2, 0, 0, 0, 0, 1, 0, 0, 0, 0, 0, 0, 0, 0, 0, 0, 0, 1, 1, 0, 0, 2, 0, 0, 2, 2, 0, 2, 0, 1, 1, 0, 1, 0, 0, 0, 0, 0, 0, 0, 1, 0, 0, 0, 0, 0, 0, 0, 2, 2, 4, 1, 4, 1, 2, 0, 3, 2, 4, 1, 5, 4, 6, 3, 5, 126, 0, 0, 0, 0, 0, 0]",4,14.331752744784646,-1,0
693,"[1, 0, 3, 1, 2, 1, 5, 1, 0, 1, 0, 0, 2, 0, 0, 2, 0, 0, 0, 0, 1, 0, 0, 0, 0, 0, 0, 0, 0, 0, 0, 0, 1, 1, 0, 0, 2, 0, 0, 2, 2, 0, 2, 0, 1, 1, 0, 1, 0, 0, 0, 0, 0, 0, 0, 1, 0, 0, 0, 0, 0, 0, 0, 2, 2, 4, 1, 4, 1, 2, 0, 3, 2, 4, 1, 5, 4, 6, 3, 5, 126, 1, 0, 0, 0, 0, 0]",3,0.3901467987831947,-1,1
694,"[1, 0, 3, 1, 2, 1, 5, 1, 0, 1, 0, 0, 2, 0, 0, 2, 0, 0, 0, 0, 1, 0, 0, 0, 0, 0, 0, 0, 0, 0, 0, 0, 1, 1, 0, 0, 2, 0, 0, 2, 2, 0, 2, 0, 1, 1, 0, 1, 0, 0, 0, 0, 0, 0, 0, 1, 0, 0, 0, 0, 0, 0, 0, 2, 2, 4, 1, 4, 1, 2, 0, 3, 2, 4, 1, 5, 4, 6, 3, 5, 126, 0, 0, 0, 0, 0, 0]",-1,-0.014182701324988521,-1,1
695,"[1, 0, 4, 1, 2, 1, 6, 1, 0, 1, 0, 0, 2, 0, 0, 2, 0, 0, 0, 0, 1, 0, 0, 0, 0, 0, 0, 0, 0, 0, 0, 0, 1, 1, 0, 0, 2, 0, 0, 2, 2, 0, 2, 0, 1, 1, 0, 1, 0, 0, 0, 0, 0, 0, 0, 1, 0, 0, 0, 0, 0, 0, 0, 2, 2, 4, 1, 4, 1, 2, 0, 3, 2, 4, 1, 5, 4, 6, 3, 5, 127, 0, 0, 0, 0, 0, 0]",4,11.391035755764694,-1,1
696,"[1, 0, 4, 1, 2, 1, 6, 1, 0, 1, 0, 0, 2, 0, 0, 2, 0, 0, 0, 0, 1, 0, 0, 0, 0, 0, 0, 0, 0, 0, 0, 0, 1, 1, 0, 0, 2, 0, 0, 2, 2, 0, 2, 0, 1, 1, 0, 1, 0, 0, 0, 0, 0, 0, 0, 1, 0, 0, 0, 0, 0, 0, 0, 2, 2, 4, 1, 4, 1, 2, 0, 3, 2, 4, 1, 5, 4, 6, 3, 5, 127, 0, 1, 0, 0, 0, 0]",2,0.5897652598165817,-1,0
697,"[1, 0, 4, 1, 2, 1, 6, 1, 0, 1, 0, 0, 2, 0, 0, 2, 0, 0, 0, 0, 1, 0, 0, 0, 0, 0, 0, 0, 0, 0, 0, 0, 1, 1, 0, 0, 2, 0, 0, 2, 2, 0, 2, 0, 1, 1, 0, 1, 0, 0, 0, 0, 0, 0, 0, 1, 0, 0, 0, 0, 0, 0, 0, 2, 2, 4, 1, 4, 1, 2, 0, 3, 2, 4, 1, 5, 4, 6, 3, 5, 127, 0, 1, 0, 0, 1, 0]","[[0 0 1 0]
 [0 1 0 0]]",0.8401901248746726,-1,0
698,"[1, 1, 3, 1, 2, 0, 7, 1, 0, 1, 0, 0, 2, 0, 0, 2, 0, 0, 0, 0, 1, 0, 0, 0, 0, 0, 0, 0, 0, 0, 0, 0, 1, 1, 0, 0, 2, 0, 0, 2, 2, 0, 2, 0, 1, 1, 0, 1, 0, 0, 0, 0, 0, 0, 0, 1, 0, 0, 0, 0, 0, 0, 0, 2, 2, 4, 1, 4, 1, 2, 0, 3, 2, 4, 1, 5, 4, 6, 3, 5, 127, 0, 0, 0, 0, 0, 0]",0,-0.010234740183418332,-1,1
699,"[1, 1, 3, 1, 2, 0, 7, 1, 0, 1, 0, 0, 2, 0, 0, 2, 0, 0, 0, 0, 1, 0, 0, 0, 0, 0, 0, 0, 0, 0, 0, 0, 1, 1, 0, 0, 2, 0, 0, 2, 2, 0, 2, 0, 1, 1, 0, 1, 0, 0, 0, 0, 0, 0, 0, 1, 0, 0, 0, 0, 0, 0, 0, 2, 2, 4, 1, 4, 1, 2, 0, 3, 2, 4, 1, 5, 4, 6, 3, 5, 127, 0, 0, 0, 0, 0, 0]",0,0.43248413224015475,-1,0
700,"[1, 1, 3, 1, 2, 0, 7, 1, 0, 1, 0, 0, 2, 0, 0, 2, 0, 0, 0, 0, 1, 0, 0, 0, 0, 0, 0, 0, 0, 0, 0, 0, 1, 1, 0, 0, 2, 0, 0, 2, 2, 0, 2, 0, 1, 1, 0, 1, 0, 0, 0, 0, 0, 0, 0, 1, 0, 0, 0, 0, 0, 0, 0, 2, 2, 4, 1, 4, 1, 2, 0, 3, 2, 4, 1, 5, 4, 6, 3, 5, 127, 0, 0, 0, 0, 0, 0]",-1,-0.01404158108891899,-1,0
701,"[1, 1, 3, 1, 2, 0, 7, 1, 0, 1, 0, 0, 2, 0, 0, 2, 0, 0, 0, 0, 1, 0, 0, 0, 0, 0, 0, 0, 0, 0, 0, 0, 1, 1, 0, 0, 2, 0, 0, 2, 2, 0, 2, 0, 1, 1, 0, 1, 0, 0, 0, 0, 0, 0, 0, 1, 0, 0, 0, 0, 0, 0, 0, 2, 2, 4, 1, 4, 1, 2, 0, 3, 2, 4, 1, 5, 4, 6, 3, 5, 127, 0, 0, 0, 0, 0, 0]",0,0.43248413224015475,-1,0
702,"[1, 1, 3, 1, 2, 0, 7, 1, 0, 1, 0, 0, 2, 0, 0, 2, 0, 0, 0, 0, 1, 0, 0, 0, 0, 0, 0, 0, 0, 0, 0, 0, 1, 1, 0, 0, 2, 0, 0, 2, 2, 0, 2, 0, 1, 1, 0, 1, 0, 0, 0, 0, 0, 0, 0, 1, 0, 0, 0, 0, 0, 0, 0, 2, 2, 4, 1, 4, 1, 2, 0, 3, 2, 4, 1, 5, 4, 6, 3, 5, 127, 0, 0, 0, 0, 0, 0]",-1,-0.01404158108891899,-1,0
703,"[1, 1, 3, 1, 2, 0, 7, 1, 0, 1, 0, 0, 2, 0, 0, 2, 0, 0, 0, 0, 1, 0, 0, 0, 0, 0, 0, 0, 0, 0, 0, 0, 1, 1, 0, 0, 2, 0, 0, 2, 2, 0, 2, 0, 1, 1, 0, 1, 0, 0, 0, 0, 0, 0, 0, 1, 0, 0, 0, 0, 0, 0, 0, 2, 2, 4, 1, 4, 1, 2, 0, 3, 2, 4, 1, 5, 4, 6, 3, 5, 127, 0, 0, 0, 0, 0, 0]",0,0.43248413224015475,-1,0
704,"[1, 1, 3, 1, 2, 0, 7, 1, 0, 1, 0, 0, 2, 0, 0, 2, 0, 0, 0, 0, 1, 0, 0, 0, 0, 0, 0, 0, 0, 0, 0, 0, 1, 1, 0, 0, 2, 0, 0, 2, 2, 0, 2, 0, 1, 1, 0, 1, 0, 0, 0, 0, 0, 0, 0, 1, 0, 0, 0, 0, 0, 0, 0, 2, 2, 4, 1, 4, 1, 2, 0, 3, 2, 4, 1, 5, 4, 6, 3, 5, 127, 0, 0, 0, 0, 0, 0]",-1,-0.01404158108891899,-1,0
705,"[1, 1, 3, 1, 2, 0, 7, 1, 0, 1, 0, 0, 2, 0, 0, 2, 0, 0, 0, 0, 1, 0, 0, 0, 0, 0, 0, 0, 0, 0, 0, 0, 1, 1, 0, 0, 2, 0, 0, 2, 2, 0, 2, 0, 1, 1, 0, 1, 0, 0, 0, 0, 0, 0, 0, 1, 0, 0, 0, 0, 0, 0, 0, 2, 2, 4, 1, 4, 1, 2, 0, 3, 2, 4, 1, 5, 4, 6, 3, 5, 127, 0, 0, 0, 0, 0, 0]",0,0.43248413224015475,-1,0
706,"[1, 1, 3, 1, 2, 0, 7, 1, 0, 1, 0, 0, 2, 0, 0, 2, 0, 0, 0, 0, 1, 0, 0, 0, 0, 0, 0, 0, 0, 0, 0, 0, 1, 1, 0, 0, 2, 0, 0, 2, 2, 0, 2, 0, 1, 1, 0, 1, 0, 0, 0, 0, 0, 0, 0, 1, 0, 0, 0, 0, 0, 0, 0, 2, 2, 4, 1, 4, 1, 2, 0, 3, 2, 4, 1, 5, 4, 6, 3, 5, 127, 0, 0, 0, 0, 0, 0]",-1,-0.01404158108891899,-1,0
707,"[1, 1, 3, 1, 2, 0, 7, 1, 0, 1, 0, 0, 2, 0, 0, 2, 0, 0, 0, 0, 1, 0, 0, 0, 0, 0, 0, 0, 0, 0, 0, 0, 1, 1, 0, 0, 2, 0, 0, 2, 2, 0, 2, 0, 1, 1, 0, 1, 0, 0, 0, 0, 0, 0, 0, 1, 0, 0, 0, 0, 0, 0, 0, 2, 2, 4, 1, 4, 1, 2, 0, 3, 2, 4, 1, 5, 4, 6, 3, 5, 127, 0, 0, 0, 0, 0, 0]",0,0.43248413224015475,-1,0
708,"[1, 1, 3, 1, 2, 0, 7, 1, 0, 1, 0, 0, 2, 0, 0, 2, 0, 0, 0, 0, 1, 0, 0, 0, 0, 0, 0, 0, 0, 0, 0, 0, 1, 1, 0, 0, 2, 0, 0, 2, 2, 0, 2, 0, 1, 1, 0, 1, 0, 0, 0, 0, 0, 0, 0, 1, 0, 0, 0, 0, 0, 0, 0, 2, 2, 4, 1, 4, 1, 2, 0, 3, 2, 4, 1, 5, 4, 6, 3, 5, 127, 0, 0, 0, 0, 0, 0]",-1,-0.01404158108891899,-1,0
709,"[1, 1, 3, 1, 2, 0, 7, 1, 0, 1, 0, 0, 2, 0, 0, 2, 0, 0, 0, 0, 1, 0, 0, 0, 0, 0, 0, 0, 0, 0, 0, 0, 1, 1, 0, 0, 2, 0, 0, 2, 2, 0, 2, 0, 1, 1, 0, 1, 0, 0, 0, 0, 0, 0, 0, 1, 0, 0, 0, 0, 0, 0, 0, 2, 2, 4, 1, 4, 1, 2, 0, 3, 2, 4, 1, 5, 4, 6, 3, 5, 127, 0, 0, 0, 0, 0, 0]",0,0.43248413224015475,-1,0
710,"[1, 1, 3, 1, 2, 0, 7, 1, 0, 1, 0, 0, 2, 0, 0, 2, 0, 0, 0, 0, 1, 0, 0, 0, 0, 0, 0, 0, 0, 0, 0, 0, 1, 1, 0, 0, 2, 0, 0, 2, 2, 0, 2, 0, 1, 1, 0, 1, 0, 0, 0, 0, 0, 0, 0, 1, 0, 0, 0, 0, 0, 0, 0, 2, 2, 4, 1, 4, 1, 2, 0, 3, 2, 4, 1, 5, 4, 6, 3, 5, 127, 0, 0, 0, 0, 0, 0]",-1,-0.01404158108891899,-1,0
711,"[1, 1, 3, 1, 2, 0, 7, 1, 0, 1, 0, 0, 2, 0, 0, 2, 0, 0, 0, 0, 1, 0, 0, 0, 0, 0, 0, 0, 0, 0, 0, 0, 1, 1, 0, 0, 2, 0, 0, 2, 2, 0, 2, 0, 1, 1, 0, 1, 0, 0, 0, 0, 0, 0, 0, 1, 0, 0, 0, 0, 0, 0, 0, 2, 2, 4, 1, 4, 1, 2, 0, 3, 2, 4, 1, 5, 4, 6, 3, 5, 127, 0, 0, 0, 0, 0, 0]",0,0.43248413224015475,-1,0
712,"[1, 1, 3, 1, 2, 0, 7, 1, 0, 1, 0, 0, 2, 0, 0, 2, 0, 0, 0, 0, 1, 0, 0, 0, 0, 0, 0, 0, 0, 0, 0, 0, 1, 1, 0, 0, 2, 0, 0, 2, 2, 0, 2, 0, 1, 1, 0, 1, 0, 0, 0, 0, 0, 0, 0, 1, 0, 0, 0, 0, 0, 0, 0, 2, 2, 4, 1, 4, 1, 2, 0, 3, 2, 4, 1, 5, 4, 6, 3, 5, 127, 0, 0, 0, 0, 0, 0]",-1,-0.01404158108891899,-1,0
713,"[1, 1, 3, 1, 2, 0, 7, 1, 0, 1, 0, 0, 2, 0, 0, 2, 0, 0, 0, 0, 1, 0, 0, 0, 0, 0, 0, 0, 0, 0, 0, 0, 1, 1, 0, 0, 2, 0, 0, 2, 2, 0, 2, 0, 1, 1, 0, 1, 0, 0, 0, 0, 0, 0, 0, 1, 0, 0, 0, 0, 0, 0, 0, 2, 2, 4, 1, 4, 1, 2, 0, 3, 2, 4, 1, 5, 4, 6, 3, 5, 127, 0, 0, 0, 0, 0, 0]",0,0.43248413224015475,-1,0
714,"[1, 1, 3, 1, 2, 0, 7, 1, 0, 1, 0, 0, 2, 0, 0, 2, 0, 0, 0, 0, 1, 0, 0, 0, 0, 0, 0, 0, 0, 0, 0, 0, 1, 1, 0, 0, 2, 0, 0, 2, 2, 0, 2, 0, 1, 1, 0, 1, 0, 0, 0, 0, 0, 0, 0, 1, 0, 0, 0, 0, 0, 0, 0, 2, 2, 4, 1, 4, 1, 2, 0, 3, 2, 4, 1, 5, 4, 6, 3, 5, 127, 0, 0, 0, 0, 0, 0]",-1,-0.01404158108891899,-1,0
715,"[1, 1, 3, 1, 2, 0, 7, 1, 0, 1, 0, 0, 2, 0, 0, 2, 0, 0, 0, 0, 1, 0, 0, 0, 0, 0, 0, 0, 0, 0, 0, 0, 1, 1, 0, 0, 2, 0, 0, 2, 2, 0, 2, 0, 1, 1, 0, 1, 0, 0, 0, 0, 0, 0, 0, 1, 0, 0, 0, 0, 0, 0, 0, 2, 2, 4, 1, 4, 1, 2, 0, 3, 2, 4, 1, 5, 4, 6, 3, 5, 127, 0, 0, 0, 0, 0, 0]",1,0.7993893749161984,-1,0
716,"[0, 0, 2, 0, 2, 0, 7, 1, 0, 1, 0, 0, 2, 0, 0, 2, 0, 0, 0, 0, 1, 0, 1, 0, 0, 0, 0, 0, 0, 0, 0, 0, 1, 1, 0, 0, 2, 0, 0, 2, 2, 0, 2, 0, 1, 1, 0, 1, 0, 0, 0, 0, 0, 0, 0, 1, 0, 0, 0, 0, 0, 0, 0, 3, 2, 4, 1, 4, 1, 2, 0, 3, 2, 4, 1, 5, 4, 6, 3, 5, 127, 0, 0, 0, 0, 0, 0]",14,5.294515957413309,-1,0
717,"[0, 0, 4, 0, 2, 0, 7, 1, 0, 1, 0, 0, 2, 0, 0, 2, 0, 0, 0, 0, 1, 0, 1, 0, 0, 0, 0, 0, 0, 0, 0, 0, 1, 1, 0, 0, 2, 0, 0, 2, 2, 0, 2, 0, 1, 1, 0, 1, 0, 0, 0, 0, 0, 0, 0, 1, 0, 0, 0, 0, 0, 0, 0, 3, 2, 4, 1, 4, 1, 2, 0, 3, 2, 4, 1, 5, 4, 6, 3, 5, 128, 0, 0, 0, 0, 0, 0]",4,14.865272311583094,-1,0
718,"[0, 0, 4, 0, 2, 0, 7, 1, 0, 1, 0, 0, 2, 0, 0, 2, 0, 0, 0, 0, 1, 0, 1, 0, 0, 0, 0, 0, 0, 0, 0, 0, 1, 1, 0, 0, 2, 0, 0, 2, 2, 0, 2, 0, 1, 1, 0, 1, 0, 0, 0, 0, 0, 0, 0, 1, 0, 0, 0, 0, 0, 0, 0, 3, 2, 4, 1, 4, 1, 2, 0, 3, 2, 4, 1, 5, 4, 6, 3, 5, 128, 0, 0, 0, 0, 0, 0]",-1,-0.013901865022659707,-1,1
719,"[0, 0, 4, 0, 2, 0, 7, 1, 0, 1, 0, 0, 2, 0, 0, 2, 0, 0, 0, 0, 1, 0, 1, 0, 0, 0, 0, 0, 0, 0, 0, 0, 1, 1, 0, 0, 2, 0, 0, 2, 2, 0, 2, 0, 1, 1, 0, 1, 0, 0, 0, 0, 0, 0, 0, 1, 0, 0, 0, 0, 0, 0, 0, 3, 2, 4, 1, 4, 1, 2, 0, 3, 2, 4, 1, 5, 4, 6, 3, 5, 128, 0, 0, 0, 0, 0, 0]",-1,-0.013901865022659707,-1,1
720,"[0, 0, 6, 0, 2, 0, 7, 1, 0, 1, 0, 0, 2, 0, 0, 2, 0, 0, 0, 0, 1, 0, 1, 0, 0, 0, 0, 0, 0, 0, 0, 0, 1, 1, 0, 0, 2, 0, 0, 2, 2, 0, 2, 0, 1, 1, 0, 1, 0, 0, 0, 0, 0, 0, 0, 1, 0, 0, 0, 0, 0, 0, 0, 3, 2, 4, 1, 4, 1, 2, 0, 3, 2, 4, 1, 5, 4, 6, 3, 5, 129, 0, 0, 0, 0, 0, 0]",4,11.217257430392584,-1,1
721,"[0, 0, 6, 0, 2, 0, 7, 1, 0, 1, 0, 0, 2, 0, 0, 2, 0, 0, 0, 0, 1, 0, 1, 0, 0, 0, 0, 0, 0, 0, 0, 0, 1, 1, 0, 0, 2, 0, 0, 2, 2, 0, 2, 0, 1, 1, 0, 1, 0, 0, 0, 0, 0, 0, 0, 1, 0, 0, 0, 0, 0, 0, 0, 3, 2, 4, 1, 4, 1, 2, 0, 3, 2, 4, 1, 5, 4, 6, 3, 5, 129, 0, 1, 0, 0, 0, 0]",2,0.5889598924434131,-1,0
722,"[0, 0, 6, 0, 2, 0, 7, 1, 0, 1, 0, 0, 2, 0, 0, 2, 0, 0, 0, 0, 1, 0, 1, 0, 0, 0, 0, 0, 0, 0, 0, 0, 1, 1, 0, 0, 2, 0, 0, 2, 2, 0, 2, 0, 1, 1, 0, 1, 0, 0, 0, 0, 0, 0, 0, 1, 0, 0, 0, 0, 0, 0, 0, 3, 2, 4, 1, 4, 1, 2, 0, 3, 2, 4, 1, 5, 4, 6, 3, 5, 129, 0, 1, 0, 0, 1, 0]","[[0 0 1 0]
 [0 0 0 1]]",0.839384757501504,-1,0
723,"[0, 0, 6, 0, 2, 0, 7, 1, 0, 1, 0, 0, 2, 0, 0, 2, 0, 0, 0, 0, 1, 0, 1, 0, 0, 0, 0, 0, 0, 0, 0, 0, 1, 1, 0, 0, 2, 0, 0, 2, 2, 0, 2, 0, 1, 1, 0, 1, 0, 0, 0, 0, 0, 0, 0, 1, 0, 0, 0, 0, 0, 0, 0, 3, 2, 4, 1, 4, 1, 2, 0, 3, 2, 4, 1, 5, 4, 6, 3, 5, 129, 0, 0, 0, 0, 0, 0]",1,-4.011040107556587,-1,1
724,"[0, 0, 6, 0, 2, 0, 7, 1, 0, 1, 0, 0, 2, 0, 0, 2, 0, 0, 0, 0, 1, 0, 1, 0, 0, 0, 0, 0, 0, 0, 0, 0, 1, 1, 0, 0, 2, 0, 0, 2, 2, 0, 2, 0, 1, 1, 0, 1, 0, 0, 0, 0, 0, 0, 0, 1, 0, 0, 0, 0, 0, 0, 0, 3, 2, 4, 1, 4, 1, 2, 0, 3, 2, 4, 1, 5, 4, 6, 3, 5, 129, 1, 0, 0, 0, 0, 0]",3,0.38895989244341317,-1,0
725,"[0, 0, 6, 0, 2, 0, 7, 1, 0, 1, 0, 0, 2, 0, 0, 2, 0, 0, 0, 0, 1, 0, 1, 0, 0, 0, 0, 0, 0, 0, 0, 0, 1, 1, 0, 0, 2, 0, 0, 2, 2, 0, 2, 0, 1, 1, 0, 1, 0, 0, 0, 0, 0, 0, 0, 1, 0, 0, 0, 0, 0, 0, 0, 3, 2, 4, 1, 4, 1, 2, 0, 3, 2, 4, 1, 5, 4, 6, 3, 5, 129, 0, 0, 0, 0, 0, 0]",-1,-0.013763539154487617,-1,0
726,"[0, 0, 6, 1, 2, 0, 7, 1, 0, 1, 0, 0, 2, 0, 0, 2, 0, 0, 0, 0, 1, 0, 1, 0, 0, 0, 0, 0, 0, 0, 0, 0, 1, 1, 0, 0, 2, 0, 0, 2, 2, 0, 2, 0, 1, 1, 0, 1, 0, 0, 0, 0, 0, 0, 0, 1, 0, 0, 0, 0, 0, 0, 0, 3, 2, 4, 1, 4, 1, 2, 0, 3, 2, 4, 1, 5, 4, 6, 3, 5, 130, 0, 0, 0, 0, 0, 0]",4,14.956014288470472,-1,0
727,"[0, 0, 6, 1, 2, 0, 7, 1, 0, 1, 0, 0, 2, 0, 0, 2, 0, 0, 0, 0, 1, 0, 1, 0, 0, 0, 0, 0, 0, 0, 0, 0, 1, 1, 0, 0, 2, 0, 0, 2, 2, 0, 2, 0, 1, 1, 0, 1, 0, 0, 0, 0, 0, 0, 0, 1, 0, 0, 0, 0, 0, 0, 0, 3, 2, 4, 1, 4, 1, 2, 0, 3, 2, 4, 1, 5, 4, 6, 3, 5, 130, 1, 0, 0, 0, 0, 0]",3,0.38853516482022626,-1,1
728,"[0, 0, 6, 1, 2, 0, 7, 1, 0, 1, 0, 0, 2, 0, 0, 2, 0, 0, 0, 0, 1, 0, 1, 0, 0, 0, 0, 0, 0, 0, 0, 0, 1, 1, 0, 0, 2, 0, 0, 2, 2, 0, 2, 0, 1, 1, 0, 1, 0, 0, 0, 0, 0, 0, 0, 1, 0, 0, 0, 0, 0, 0, 0, 3, 2, 4, 1, 4, 1, 2, 0, 3, 2, 4, 1, 5, 4, 6, 3, 5, 130, 0, 0, 0, 0, 0, 0]",-1,-0.01362658965170063,-1,1
729,"[0, 0, 6, 1, 4, 1, 7, 1, 0, 1, 0, 0, 2, 0, 0, 2, 0, 0, 0, 0, 1, 0, 1, 0, 0, 0, 0, 0, 0, 0, 0, 0, 1, 1, 0, 0, 2, 0, 0, 2, 2, 0, 2, 0, 1, 1, 0, 1, 0, 0, 0, 0, 0, 0, 0, 1, 0, 0, 0, 0, 0, 0, 0, 3, 2, 4, 1, 4, 1, 2, 0, 3, 2, 4, 1, 5, 4, 6, 3, 5, 131, 0, 0, 0, 0, 0, 0]",4,11.391690521182372,-1,1
730,"[0, 0, 6, 1, 4, 1, 7, 1, 0, 1, 0, 0, 2, 0, 0, 2, 0, 0, 0, 0, 1, 0, 1, 0, 0, 0, 0, 0, 0, 0, 0, 0, 1, 1, 0, 0, 2, 0, 0, 2, 2, 0, 2, 0, 1, 1, 0, 1, 0, 0, 0, 0, 0, 0, 0, 1, 0, 0, 0, 0, 0, 0, 0, 3, 2, 4, 1, 4, 1, 2, 0, 3, 2, 4, 1, 5, 4, 6, 3, 5, 131, 0, 1, 0, 0, 0, 0]",2,0.5880951268046997,-1,0
731,"[0, 0, 6, 1, 4, 1, 7, 1, 0, 1, 0, 0, 2, 0, 0, 2, 0, 0, 0, 0, 1, 0, 1, 0, 0, 0, 0, 0, 0, 0, 0, 0, 1, 1, 0, 0, 2, 0, 0, 2, 2, 0, 2, 0, 1, 1, 0, 1, 0, 0, 0, 0, 0, 0, 0, 1, 0, 0, 0, 0, 0, 0, 0, 3, 2, 4, 1, 4, 1, 2, 0, 3, 2, 4, 1, 5, 4, 6, 3, 5, 131, 0, 1, 0, 0, 1, 0]","[[0 0 1 0]
 [0 1 0 0]]",0.8385199918627906,-1,0
732,"[0, 1, 5, 1, 4, 0, 8, 1, 0, 1, 0, 0, 2, 0, 0, 2, 0, 0, 0, 0, 1, 0, 1, 0, 0, 0, 0, 0, 0, 0, 0, 0, 1, 1, 0, 0, 2, 0, 0, 2, 2, 0, 2, 0, 1, 1, 0, 1, 0, 0, 0, 0, 0, 0, 0, 1, 0, 0, 0, 0, 0, 0, 0, 3, 2, 4, 1, 4, 1, 2, 0, 3, 2, 4, 1, 5, 4, 6, 3, 5, 131, 0, 0, 0, 0, 0, 0]",0,-0.0119048731953003,-1,1
733,"[0, 1, 5, 1, 4, 0, 8, 1, 0, 1, 0, 0, 2, 0, 0, 2, 0, 0, 0, 0, 1, 0, 1, 0, 0, 0, 0, 0, 0, 0, 0, 0, 1, 1, 0, 0, 2, 0, 0, 2, 2, 0, 2, 0, 1, 1, 0, 1, 0, 0, 0, 0, 0, 0, 0, 1, 0, 0, 0, 0, 0, 0, 0, 3, 2, 4, 1, 4, 1, 2, 0, 3, 2, 4, 1, 5, 4, 6, 3, 5, 131, 1, 0, 0, 0, 0, 0]",3,0.3880951268046997,-1,0
734,"[0, 1, 5, 1, 4, 0, 8, 1, 0, 1, 0, 0, 2, 0, 0, 2, 0, 0, 0, 0, 1, 0, 1, 0, 0, 0, 0, 0, 0, 0, 0, 0, 1, 1, 0, 0, 2, 0, 0, 2, 2, 0, 2, 0, 1, 1, 0, 1, 0, 0, 0, 0, 0, 0, 0, 1, 0, 0, 0, 0, 0, 0, 0, 3, 2, 4, 1, 4, 1, 2, 0, 3, 2, 4, 1, 5, 4, 6, 3, 5, 131, 0, 0, 0, 0, 0, 0]",-1,-0.013491002819234342,-1,0
735,"[0, 1, 7, 1, 4, 0, 8, 1, 0, 1, 0, 0, 2, 0, 0, 2, 0, 0, 0, 0, 1, 0, 1, 0, 0, 0, 0, 0, 0, 0, 0, 0, 1, 1, 0, 0, 2, 0, 0, 2, 2, 0, 2, 0, 1, 1, 0, 1, 0, 0, 0, 0, 0, 0, 0, 1, 0, 0, 0, 0, 0, 0, 0, 3, 2, 4, 1, 4, 1, 2, 0, 3, 2, 4, 1, 5, 4, 6, 3, 5, 132, 0, 0, 0, 0, 0, 0]",4,15.044611344355188,-1,0
736,"[0, 1, 7, 1, 4, 0, 8, 1, 0, 1, 0, 0, 2, 0, 0, 2, 0, 0, 0, 0, 1, 0, 1, 0, 0, 0, 0, 0, 0, 0, 0, 0, 1, 1, 0, 0, 2, 0, 0, 2, 2, 0, 2, 0, 1, 1, 0, 1, 0, 0, 0, 0, 0, 0, 0, 1, 0, 0, 0, 0, 0, 0, 0, 3, 2, 4, 1, 4, 1, 2, 0, 3, 2, 4, 1, 5, 4, 6, 3, 5, 132, 0, 0, 0, 0, 0, 0]",-1,-0.013356765098292518,-1,1
737,"[0, 1, 7, 1, 4, 0, 8, 1, 0, 1, 0, 0, 2, 0, 0, 2, 0, 0, 0, 0, 1, 0, 1, 0, 0, 0, 0, 0, 0, 0, 0, 0, 1, 1, 0, 0, 2, 0, 0, 2, 2, 0, 2, 0, 1, 1, 0, 1, 0, 0, 0, 0, 0, 0, 0, 1, 0, 0, 0, 0, 0, 0, 0, 3, 2, 4, 1, 4, 1, 2, 0, 3, 2, 4, 1, 5, 4, 6, 3, 5, 132, 0, 0, 0, 0, 0, 0]",-1,-0.013356765098292518,-1,1
738,"[0, 1, 3, 1, 2, 0, 4, 1, 0, 1, 0, 0, 2, 0, 0, 2, 0, 0, 0, 0, 1, 0, 1, 0, 0, 0, 0, 0, 0, 0, 0, 0, 1, 1, 0, 0, 2, 0, 0, 2, 2, 0, 2, 0, 1, 1, 0, 1, 0, 0, 0, 0, 0, 0, 0, 1, 0, 0, 0, 0, 0, 0, 0, 3, 2, 4, 1, 4, 1, 2, 0, 3, 2, 4, 1, 5, 4, 6, 3, 3, 133, 0, 0, 0, 0, 0, 0]",4,11.442466836929194,-1,1
739,"[0, 1, 3, 1, 2, 0, 4, 1, 0, 1, 0, 0, 2, 0, 0, 2, 0, 0, 0, 0, 1, 0, 1, 0, 0, 0, 0, 0, 0, 0, 0, 0, 1, 1, 0, 0, 2, 0, 0, 2, 2, 0, 2, 0, 1, 1, 0, 1, 0, 0, 0, 0, 0, 0, 0, 1, 0, 0, 0, 0, 0, 0, 0, 3, 2, 4, 1, 4, 1, 2, 0, 3, 2, 4, 1, 5, 4, 6, 3, 3, 133, 0, 1, 0, 0, 0, 0]",2,0.5871672247189652,-1,0
740,"[0, 1, 3, 1, 2, 0, 4, 1, 0, 1, 0, 0, 2, 0, 0, 2, 0, 0, 0, 0, 1, 0, 1, 0, 0, 0, 0, 0, 0, 0, 0, 0, 1, 1, 0, 0, 2, 0, 0, 2, 2, 0, 2, 0, 1, 1, 0, 1, 0, 0, 0, 0, 0, 0, 0, 1, 0, 0, 0, 0, 0, 0, 0, 3, 2, 4, 1, 4, 1, 2, 0, 3, 2, 4, 1, 5, 4, 6, 3, 3, 133, 0, 1, 0, 0, 1, 0]","[[0 0 0 1]
 [1 0 0 0]]",0.8375920897770561,-1,0
741,"[0, 1, 3, 1, 2, 0, 4, 1, 0, 1, 0, 0, 2, 0, 0, 2, 0, 0, 0, 0, 1, 0, 1, 0, 0, 0, 0, 0, 0, 0, 0, 0, 1, 1, 0, 0, 2, 0, 0, 2, 2, 0, 2, 0, 1, 1, 0, 1, 0, 0, 0, 0, 0, 0, 0, 1, 0, 0, 0, 0, 0, 0, 0, 3, 2, 4, 1, 4, 1, 2, 0, 3, 2, 4, 1, 5, 4, 6, 3, 3, 133, 0, 1, 0, 0, 0, 1]",2,-0.012832775281034787,-1,1
742,"[0, 1, 3, 1, 2, 0, 4, 1, 0, 1, 0, 0, 2, 0, 0, 2, 0, 0, 0, 0, 1, 0, 1, 0, 0, 0, 0, 0, 0, 0, 0, 0, 1, 1, 0, 0, 2, 0, 0, 2, 2, 0, 2, 0, 1, 1, 0, 1, 0, 0, 0, 0, 0, 0, 0, 1, 0, 0, 0, 0, 0, 0, 0, 3, 2, 4, 1, 4, 1, 2, 0, 3, 2, 4, 1, 5, 4, 6, 3, 3, 133, 0, 0, 1, 0, 0, 0]","[[1 0 2 0]
 [0 1 2 1]]",-0.012832775281034787,-1,1
743,"[0, 1, 3, 1, 2, 0, 4, 1, 0, 1, 0, 0, 2, 0, 0, 2, 0, 0, 0, 0, 1, 0, 1, 0, 0, 0, 0, 0, 0, 0, 0, 0, 1, 1, 0, 0, 2, 0, 0, 2, 2, 0, 2, 0, 1, 1, 0, 1, 0, 0, 0, 0, 0, 0, 0, 1, 0, 0, 0, 0, 0, 0, 0, 3, 2, 4, 1, 4, 1, 2, 0, 3, 2, 4, 1, 5, 4, 6, 3, 3, 133, 0, 0, 0, 0, 0, 0]",1,-2.082427267472857,-1,0
744,"[0, 1, 3, 1, 2, 0, 4, 1, 0, 1, 0, 0, 2, 0, 0, 2, 0, 0, 0, 0, 1, 0, 1, 0, 0, 0, 0, 0, 0, 0, 0, 0, 1, 1, 0, 0, 2, 0, 0, 2, 2, 0, 2, 0, 1, 1, 0, 1, 0, 0, 0, 0, 0, 0, 0, 1, 0, 0, 0, 0, 0, 0, 0, 3, 2, 4, 1, 4, 1, 2, 0, 3, 2, 4, 1, 5, 4, 6, 3, 3, 133, 1, 0, 0, 0, 0, 0]",3,0.38716722471896525,-1,0
745,"[0, 1, 3, 1, 2, 0, 4, 1, 0, 1, 0, 0, 2, 0, 0, 2, 0, 0, 0, 0, 1, 0, 1, 0, 0, 0, 0, 0, 0, 0, 0, 0, 1, 1, 0, 0, 2, 0, 0, 2, 2, 0, 2, 0, 1, 1, 0, 1, 0, 0, 0, 0, 0, 0, 0, 1, 0, 0, 0, 0, 0, 0, 0, 3, 2, 4, 1, 4, 1, 2, 0, 3, 2, 4, 1, 5, 4, 6, 3, 3, 133, 0, 0, 0, 0, 0, 0]",-1,-0.013223863064991199,-1,0
746,"[0, 1, 5, 1, 2, 0, 4, 1, 0, 1, 0, 0, 2, 0, 0, 2, 0, 0, 0, 0, 1, 0, 1, 0, 0, 0, 0, 0, 0, 0, 0, 0, 1, 1, 0, 0, 2, 0, 0, 2, 2, 0, 2, 0, 1, 1, 0, 1, 0, 0, 0, 0, 0, 0, 0, 1, 0, 0, 0, 0, 0, 0, 0, 3, 2, 4, 1, 4, 1, 2, 0, 3, 2, 4, 1, 5, 4, 6, 3, 3, 134, 0, 0, 0, 0, 0, 0]",4,15.169749380407897,-1,0
747,"[0, 1, 5, 1, 2, 0, 4, 1, 0, 1, 0, 0, 2, 0, 0, 2, 0, 0, 0, 0, 1, 0, 1, 0, 0, 0, 0, 0, 0, 0, 0, 0, 1, 1, 0, 0, 2, 0, 0, 2, 2, 0, 2, 0, 1, 1, 0, 1, 0, 0, 0, 0, 0, 0, 0, 1, 0, 0, 0, 0, 0, 0, 0, 3, 2, 4, 1, 4, 1, 2, 0, 3, 2, 4, 1, 5, 4, 6, 3, 3, 134, 0, 0, 0, 0, 0, 0]",-1,-0.0130922834290163,-1,1
748,"[0, 1, 5, 1, 2, 0, 4, 1, 0, 1, 0, 0, 2, 0, 0, 2, 0, 0, 0, 0, 1, 0, 1, 0, 0, 0, 0, 0, 0, 0, 0, 0, 1, 1, 0, 0, 2, 0, 0, 2, 2, 0, 2, 0, 1, 1, 0, 1, 0, 0, 0, 0, 0, 0, 0, 1, 0, 0, 0, 0, 0, 0, 0, 3, 2, 4, 1, 4, 1, 2, 0, 3, 2, 4, 1, 5, 4, 6, 3, 3, 134, 0, 0, 0, 0, 0, 0]",-1,-0.0130922834290163,-1,1
749,"[0, 1, 6, 1, 2, 0, 5, 1, 0, 1, 0, 0, 2, 0, 0, 2, 0, 0, 0, 0, 1, 0, 1, 0, 0, 0, 0, 0, 0, 0, 0, 0, 1, 1, 0, 0, 2, 0, 0, 2, 2, 0, 2, 0, 1, 1, 0, 1, 0, 0, 0, 0, 0, 0, 0, 1, 0, 0, 0, 0, 0, 0, 0, 3, 2, 4, 1, 4, 1, 2, 0, 3, 2, 4, 1, 5, 4, 6, 3, 3, 135, 0, 0, 0, 0, 0, 0]",4,11.350408761596045,-1,1
750,"[0, 1, 3, 1, 1, 0, 2, 1, 0, 1, 0, 0, 2, 0, 0, 2, 0, 0, 0, 0, 1, 0, 1, 0, 0, 0, 0, 0, 0, 0, 0, 0, 1, 1, 0, 0, 2, 0, 0, 2, 2, 0, 2, 0, 1, 1, 0, 1, 0, 0, 0, 0, 0, 0, 0, 1, 0, 0, 0, 0, 0, 0, 0, 3, 2, 4, 1, 4, 1, 2, 0, 3, 2, 4, 1, 5, 4, 6, 3, 6, 136, 0, 0, 0, 0, 0, 0]",4,15.44452798392727,-1,0
751,"[0, 1, 3, 1, 1, 0, 2, 1, 0, 1, 0, 0, 2, 0, 0, 2, 0, 0, 0, 0, 1, 0, 1, 0, 0, 0, 0, 0, 0, 0, 0, 0, 1, 1, 0, 0, 2, 0, 0, 2, 2, 0, 2, 0, 1, 1, 0, 1, 0, 0, 0, 0, 0, 0, 0, 1, 0, 0, 0, 0, 0, 0, 0, 3, 2, 4, 1, 4, 1, 2, 0, 3, 2, 4, 1, 5, 4, 6, 3, 6, 136, 0, 1, 0, 0, 0, 0]",2,0.5856484915472497,-1,1
752,"[0, 1, 3, 1, 1, 0, 2, 1, 0, 1, 0, 0, 2, 0, 0, 2, 0, 0, 0, 0, 1, 0, 1, 0, 0, 0, 0, 0, 0, 0, 0, 0, 1, 1, 0, 0, 2, 0, 0, 2, 2, 0, 2, 0, 1, 1, 0, 1, 0, 0, 0, 0, 0, 0, 0, 1, 0, 0, 0, 0, 0, 0, 0, 3, 2, 4, 1, 4, 1, 2, 0, 3, 2, 4, 1, 5, 4, 6, 3, 6, 136, 0, 1, 0, 0, 1, 0]","[[0 0 1 0]
 [0 1 1 1]]",2.3081393762709683,-1,1
753,"[0, 0, 3, 0, 1, 1, 2, 2, 0, 1, 0, 0, 2, 0, 0, 2, 0, 0, 0, 0, 1, 0, 1, 0, 0, 0, 0, 0, 0, 0, 0, 0, 1, 1, 0, 0, 2, 0, 0, 2, 2, 0, 2, 0, 1, 1, 0, 1, 0, 0, 0, 0, 0, 0, 0, 1, 0, 0, 0, 0, 0, 0, 0, 3, 2, 4, 1, 4, 1, 2, 0, 3, 2, 4, 1, 5, 4, 6, 3, 6, 136, 0, 0, 0, 0, 0, 0]",0,-0.014351508452750268,-1,0
754,"[1, 0, 3, 0, 1, 1, 2, 2, 0, 1, 0, 0, 2, 0, 0, 2, 0, 0, 0, 0, 1, 0, 1, 0, 0, 0, 0, 0, 0, 0, 0, 0, 1, 1, 0, 0, 2, 0, 0, 2, 2, 0, 2, 0, 1, 1, 0, 1, 0, 0, 0, 0, 0, 0, 0, 1, 0, 0, 0, 0, 0, 0, 0, 3, 2, 4, 1, 4, 1, 2, 0, 3, 2, 4, 1, 5, 4, 6, 3, 6, 137, 0, 0, 0, 0, 0, 0]",4,11.982735659955926,-1,1
755,"[1, 0, 3, 0, 1, 1, 2, 2, 0, 1, 0, 0, 2, 0, 0, 2, 0, 0, 0, 0, 1, 0, 1, 0, 0, 0, 0, 0, 0, 0, 0, 0, 1, 1, 0, 0, 2, 0, 0, 2, 2, 0, 2, 0, 1, 1, 0, 1, 0, 0, 0, 0, 0, 0, 0, 1, 0, 0, 0, 0, 0, 0, 0, 3, 2, 4, 1, 4, 1, 2, 0, 3, 2, 4, 1, 5, 4, 6, 3, 6, 137, 0, 1, 0, 0, 0, 0]",2,0.5851064109667944,-1,0
756,"[1, 0, 3, 0, 1, 1, 2, 2, 0, 1, 0, 0, 2, 0, 0, 2, 0, 0, 0, 0, 1, 0, 1, 0, 0, 0, 0, 0, 0, 0, 0, 0, 1, 1, 0, 0, 2, 0, 0, 2, 2, 0, 2, 0, 1, 1, 0, 1, 0, 0, 0, 0, 0, 0, 0, 1, 0, 0, 0, 0, 0, 0, 0, 3, 2, 4, 1, 4, 1, 2, 0, 3, 2, 4, 1, 5, 4, 6, 3, 6, 137, 0, 1, 0, 0, 1, 0]","[[0 0 1 0]
 [0 1 0 0]]",0.8355312760248853,-1,0
757,"[1, 1, 2, 0, 1, 0, 3, 2, 0, 1, 0, 0, 2, 0, 0, 2, 0, 0, 0, 0, 1, 0, 1, 0, 0, 0, 0, 0, 0, 0, 0, 0, 1, 1, 0, 0, 2, 0, 0, 2, 2, 0, 2, 0, 1, 1, 0, 1, 0, 0, 0, 0, 0, 0, 0, 1, 0, 0, 0, 0, 0, 0, 0, 3, 2, 4, 1, 4, 1, 2, 0, 3, 2, 4, 1, 5, 4, 6, 3, 6, 137, 0, 0, 0, 0, 0, 0]",0,-0.014893589033205614,-1,1
758,"[1, 1, 2, 0, 1, 0, 3, 2, 0, 1, 0, 0, 2, 0, 0, 2, 0, 0, 0, 0, 1, 0, 1, 0, 0, 0, 0, 0, 0, 0, 0, 0, 1, 1, 0, 0, 2, 0, 0, 2, 2, 0, 2, 0, 1, 1, 0, 1, 0, 0, 0, 0, 0, 0, 0, 1, 0, 0, 0, 0, 0, 0, 0, 3, 2, 4, 1, 4, 1, 2, 0, 3, 2, 4, 1, 5, 4, 6, 3, 6, 137, 0, 0, 0, 0, 0, 0]",0,0.4278252833903675,-1,0
759,"[1, 1, 2, 0, 1, 0, 3, 2, 0, 1, 0, 0, 2, 0, 0, 2, 0, 0, 0, 0, 1, 0, 1, 0, 0, 0, 0, 0, 0, 0, 0, 0, 1, 1, 0, 0, 2, 0, 0, 2, 2, 0, 2, 0, 1, 1, 0, 1, 0, 0, 0, 0, 0, 0, 0, 1, 0, 0, 0, 0, 0, 0, 0, 3, 2, 4, 1, 4, 1, 2, 0, 3, 2, 4, 1, 5, 4, 6, 3, 6, 137, 0, 0, 0, 0, 0, 0]",-1,-0.012705347977640015,-1,0
760,"[1, 1, 2, 0, 1, 0, 3, 2, 0, 1, 0, 0, 2, 0, 0, 2, 0, 0, 0, 0, 1, 0, 1, 0, 0, 0, 0, 0, 0, 0, 0, 0, 1, 1, 0, 0, 2, 0, 0, 2, 2, 0, 2, 0, 1, 1, 0, 1, 0, 0, 0, 0, 0, 0, 0, 1, 0, 0, 0, 0, 0, 0, 0, 3, 2, 4, 1, 4, 1, 2, 0, 3, 2, 4, 1, 5, 4, 6, 3, 6, 137, 0, 0, 0, 0, 0, 0]",0,0.4278252833903675,-1,0
761,"[0, 0, 2, 0, 1, 0, 3, 2, 0, 1, 0, 0, 2, 0, 0, 2, 0, 0, 0, 0, 1, 0, 1, 0, 0, 0, 0, 0, 0, 0, 0, 0, 1, 1, 0, 0, 2, 0, 0, 2, 2, 0, 2, 0, 1, 1, 0, 1, 0, 1, 0, 0, 0, 0, 0, 1, 0, 0, 0, 0, 0, 0, 0, 3, 2, 4, 1, 4, 1, 2, 0, 3, 2, 4, 1, 5, 4, 6, 3, 6, 137, 0, 0, 0, 0, 0, 0]",17,0.7161649895967993,-1,0
762,"[0, 0, 2, 0, 1, 0, 3, 2, 0, 1, 0, 0, 2, 0, 0, 2, 0, 0, 0, 0, 1, 0, 1, 0, 0, 0, 0, 0, 0, 0, 0, 0, 1, 1, 0, 0, 2, 0, 0, 2, 2, 0, 2, 0, 1, 1, 0, 1, 0, 1, 0, 0, 0, 0, 0, 1, 0, 0, 0, 0, 0, 0, 0, 3, 2, 4, 1, 4, 1, 2, 0, 3, 2, 4, 1, 5, 4, 6, 3, 6, 137, 0, 0, 0, 0, 0, 0]",0,0.36851220122041073,-1,0
763,"[0, 0, 2, 0, 1, 0, 3, 2, 0, 1, 0, 0, 2, 0, 0, 2, 0, 0, 0, 0, 1, 0, 1, 0, 0, 0, 0, 0, 0, 0, 0, 0, 1, 1, 0, 0, 2, 0, 0, 2, 2, 0, 2, 0, 1, 1, 0, 1, 0, 1, 0, 0, 0, 0, 0, 1, 0, 0, 0, 0, 0, 0, 0, 3, 2, 4, 1, 4, 1, 2, 0, 3, 2, 4, 1, 5, 4, 6, 3, 6, 137, 0, 0, 0, 0, 0, 0]",-1,-0.012705347977640015,-1,0
764,"[0, 0, 2, 0, 1, 0, 3, 2, 0, 1, 0, 0, 2, 0, 0, 2, 0, 0, 0, 0, 1, 0, 1, 0, 0, 0, 0, 0, 0, 0, 0, 0, 1, 1, 0, 0, 2, 0, 0, 2, 2, 0, 2, 0, 1, 1, 0, 1, 0, 1, 0, 0, 0, 0, 0, 1, 0, 0, 0, 0, 0, 0, 0, 3, 2, 4, 1, 4, 1, 2, 0, 3, 2, 4, 1, 5, 4, 6, 3, 6, 138, 0, 0, 0, 0, 0, 0]",4,16.364886221273267,-1,0
765,"[0, 0, 2, 0, 1, 0, 3, 2, 0, 1, 0, 0, 2, 0, 0, 2, 0, 0, 0, 0, 1, 0, 1, 0, 0, 0, 0, 0, 0, 0, 0, 0, 1, 1, 0, 0, 2, 0, 0, 2, 2, 0, 2, 0, 1, 1, 0, 1, 0, 1, 0, 0, 0, 0, 0, 1, 0, 0, 0, 0, 0, 0, 0, 3, 2, 4, 1, 4, 1, 2, 0, 3, 2, 4, 1, 5, 4, 6, 3, 6, 138, 0, 0, 0, 0, 0, 0]",-1,-0.012578927652987824,-1,1
766,"[0, 0, 4, 0, 1, 0, 3, 2, 0, 1, 0, 0, 2, 0, 0, 2, 0, 0, 0, 0, 1, 0, 1, 0, 0, 0, 0, 0, 0, 0, 0, 0, 1, 1, 0, 0, 2, 0, 0, 2, 2, 0, 2, 0, 1, 1, 0, 1, 0, 1, 0, 0, 0, 0, 0, 1, 0, 0, 0, 0, 0, 0, 0, 3, 2, 4, 1, 4, 1, 2, 0, 3, 2, 4, 1, 5, 4, 6, 3, 6, 139, 0, 0, 0, 0, 0, 0]",4,11.551377741485926,-1,1
767,"[0, 0, 4, 0, 1, 0, 3, 2, 0, 1, 0, 0, 2, 0, 0, 2, 0, 0, 0, 0, 1, 0, 1, 0, 0, 0, 0, 0, 0, 0, 0, 0, 1, 1, 0, 0, 2, 0, 0, 2, 2, 0, 2, 0, 1, 1, 0, 1, 0, 1, 0, 0, 0, 0, 0, 1, 0, 0, 0, 0, 0, 0, 0, 3, 2, 4, 1, 4, 1, 2, 0, 3, 2, 4, 1, 5, 4, 6, 3, 6, 139, 0, 1, 0, 0, 0, 0]",2,0.5839654175654375,-1,0
768,"[0, 0, 4, 0, 1, 0, 3, 2, 0, 1, 0, 0, 2, 0, 0, 2, 0, 0, 0, 0, 1, 0, 1, 0, 0, 0, 0, 0, 0, 0, 0, 0, 1, 1, 0, 0, 2, 0, 0, 2, 2, 0, 2, 0, 1, 1, 0, 1, 0, 1, 0, 0, 0, 0, 0, 1, 0, 0, 0, 0, 0, 0, 0, 3, 2, 4, 1, 4, 1, 2, 0, 3, 2, 4, 1, 5, 4, 6, 3, 6, 139, 0, 1, 0, 0, 1, 0]","[[0 0 1 0]
 [0 0 0 1]]",0.8343902826235284,-1,0
769,"[0, 0, 4, 0, 1, 0, 3, 2, 0, 1, 0, 0, 2, 0, 0, 2, 0, 0, 0, 0, 1, 0, 1, 0, 0, 0, 0, 0, 0, 0, 0, 0, 1, 1, 0, 0, 2, 0, 0, 2, 2, 0, 2, 0, 1, 1, 0, 1, 0, 1, 0, 0, 0, 0, 0, 1, 0, 0, 0, 0, 0, 0, 0, 3, 2, 4, 1, 4, 1, 2, 0, 3, 2, 4, 1, 5, 4, 6, 3, 6, 139, 0, 0, 0, 0, 0, 0]",1,-5.606204526184037,-1,1
770,"[0, 0, 4, 0, 1, 0, 3, 2, 0, 1, 0, 0, 2, 0, 0, 2, 0, 0, 0, 0, 1, 0, 1, 0, 0, 0, 0, 0, 0, 0, 0, 0, 1, 1, 0, 0, 2, 0, 0, 2, 2, 0, 2, 0, 1, 1, 0, 1, 0, 1, 0, 0, 0, 0, 0, 1, 0, 0, 0, 0, 0, 0, 0, 3, 2, 4, 1, 4, 1, 2, 0, 3, 2, 4, 1, 5, 4, 6, 3, 6, 139, 0, 1, 0, 0, 0, 0]",2,0.5839654175654375,-1,0
771,"[0, 0, 4, 0, 1, 0, 3, 2, 0, 1, 0, 0, 2, 0, 0, 2, 0, 0, 0, 0, 1, 0, 1, 0, 0, 0, 0, 0, 0, 0, 0, 0, 1, 1, 0, 0, 2, 0, 0, 2, 2, 0, 2, 0, 1, 1, 0, 1, 0, 1, 0, 0, 0, 0, 0, 1, 0, 0, 0, 0, 0, 0, 0, 3, 2, 4, 1, 4, 1, 2, 0, 3, 2, 4, 1, 5, 4, 6, 3, 6, 139, 0, 1, 0, 0, 1, 0]","[[0 0 1 0]
 [1 0 0 0]]",0.8343902826235284,-1,0
772,"[0, 0, 4, 0, 1, 0, 3, 2, 0, 1, 0, 0, 2, 0, 0, 2, 0, 0, 0, 0, 1, 0, 1, 0, 0, 0, 0, 0, 0, 0, 0, 0, 1, 1, 0, 0, 2, 0, 0, 2, 2, 0, 2, 0, 1, 1, 0, 1, 0, 1, 0, 0, 0, 0, 0, 1, 0, 0, 0, 0, 0, 0, 0, 3, 2, 4, 1, 4, 1, 2, 0, 3, 2, 4, 1, 5, 4, 6, 3, 6, 139, 0, 0, 0, 0, 0, 0]",1,-5.606204526184037,-1,1
773,"[0, 0, 4, 0, 1, 0, 3, 2, 0, 1, 0, 0, 2, 0, 0, 2, 0, 0, 0, 0, 1, 0, 1, 0, 0, 0, 0, 0, 0, 0, 0, 0, 1, 1, 0, 0, 2, 0, 0, 2, 2, 0, 2, 0, 1, 1, 0, 1, 0, 1, 0, 0, 0, 0, 0, 1, 0, 0, 0, 0, 0, 0, 0, 3, 2, 4, 1, 4, 1, 2, 0, 3, 2, 4, 1, 5, 4, 6, 3, 6, 139, 0, 1, 0, 0, 0, 0]",2,0.5839654175654375,-1,0
774,"[0, 0, 4, 0, 1, 0, 3, 2, 0, 1, 0, 0, 2, 0, 0, 2, 0, 0, 0, 0, 1, 0, 1, 0, 0, 0, 0, 0, 0, 0, 0, 0, 1, 1, 0, 0, 2, 0, 0, 2, 2, 0, 2, 0, 1, 1, 0, 1, 0, 1, 0, 0, 0, 0, 0, 1, 0, 0, 0, 0, 0, 0, 0, 3, 2, 4, 1, 4, 1, 2, 0, 3, 2, 4, 1, 5, 4, 6, 3, 6, 139, 0, 1, 0, 0, 1, 0]","[[0 0 1 0]
 [1 0 0 0]]",0.8343902826235284,-1,0
775,"[0, 0, 4, 0, 1, 0, 3, 2, 0, 1, 0, 0, 2, 0, 0, 2, 0, 0, 0, 0, 1, 0, 1, 0, 0, 0, 0, 0, 0, 0, 0, 0, 1, 1, 0, 0, 2, 0, 0, 2, 2, 0, 2, 0, 1, 1, 0, 1, 0, 1, 0, 0, 0, 0, 0, 1, 0, 0, 0, 0, 0, 0, 0, 3, 2, 4, 1, 4, 1, 2, 0, 3, 2, 4, 1, 5, 4, 6, 3, 6, 139, 0, 0, 0, 0, 0, 0]",1,-5.606204526184037,-1,1
776,"[0, 0, 4, 0, 1, 0, 3, 2, 0, 1, 0, 0, 2, 0, 0, 2, 0, 0, 0, 0, 1, 0, 1, 0, 0, 0, 0, 0, 0, 0, 0, 0, 1, 1, 0, 0, 2, 0, 0, 2, 2, 0, 2, 0, 1, 1, 0, 1, 0, 1, 0, 0, 0, 0, 0, 1, 0, 0, 0, 0, 0, 0, 0, 3, 2, 4, 1, 4, 1, 2, 0, 3, 2, 4, 1, 5, 4, 6, 3, 6, 139, 1, 0, 0, 0, 0, 0]",3,0.38396541756543756,-1,0
777,"[0, 0, 4, 0, 1, 0, 3, 2, 0, 1, 0, 0, 2, 0, 0, 2, 0, 0, 0, 0, 1, 0, 1, 0, 0, 0, 0, 0, 0, 0, 0, 0, 1, 1, 0, 0, 2, 0, 0, 2, 2, 0, 2, 0, 1, 1, 0, 1, 0, 1, 0, 0, 0, 0, 0, 1, 0, 0, 0, 0, 0, 0, 0, 3, 2, 4, 1, 4, 1, 2, 0, 3, 2, 4, 1, 5, 4, 6, 3, 6, 139, 0, 0, 0, 0, 0, 0]",-1,-0.012453765231583409,-1,0
778,"[0, 0, 4, 0, 1, 0, 3, 2, 0, 1, 0, 0, 2, 0, 0, 2, 0, 0, 0, 0, 1, 0, 1, 0, 0, 0, 0, 0, 0, 0, 0, 0, 1, 1, 0, 0, 2, 0, 0, 2, 2, 0, 2, 0, 1, 1, 0, 1, 0, 1, 0, 0, 0, 0, 0, 1, 0, 0, 0, 0, 0, 0, 0, 3, 2, 4, 1, 4, 1, 2, 0, 3, 2, 4, 1, 5, 4, 6, 3, 6, 139, 0, 1, 0, 0, 0, 0]",2,0.5839654175654375,-1,0
779,"[0, 0, 4, 0, 1, 0, 3, 2, 0, 1, 0, 0, 2, 0, 0, 2, 0, 0, 0, 0, 1, 0, 1, 0, 0, 0, 0, 0, 0, 0, 0, 0, 1, 1, 0, 0, 2, 0, 0, 2, 2, 0, 2, 0, 1, 1, 0, 1, 0, 1, 0, 0, 0, 0, 0, 1, 0, 0, 0, 0, 0, 0, 0, 3, 2, 4, 1, 4, 1, 2, 0, 3, 2, 4, 1, 5, 4, 6, 3, 6, 139, 0, 1, 0, 0, 1, 0]","[[0 0 1 0]
 [1 0 0 0]]",0.8343902826235284,-1,0
780,"[0, 0, 4, 0, 1, 0, 3, 2, 0, 1, 0, 0, 2, 0, 0, 2, 0, 0, 0, 0, 1, 0, 1, 0, 0, 0, 0, 0, 0, 0, 0, 0, 1, 1, 0, 0, 2, 0, 0, 2, 2, 0, 2, 0, 1, 1, 0, 1, 0, 1, 0, 0, 0, 0, 0, 1, 0, 0, 0, 0, 0, 0, 0, 3, 2, 4, 1, 4, 1, 2, 0, 3, 2, 4, 1, 5, 4, 6, 3, 6, 139, 0, 1, 0, 0, 0, 1]",2,-0.016034582434562468,-1,1
781,"[0, 0, 4, 0, 1, 0, 3, 2, 0, 1, 0, 0, 2, 0, 0, 2, 0, 0, 0, 0, 1, 0, 1, 0, 0, 0, 0, 0, 0, 0, 0, 0, 1, 1, 0, 0, 2, 0, 0, 2, 2, 0, 2, 0, 1, 1, 0, 1, 0, 1, 0, 0, 0, 0, 0, 1, 0, 0, 0, 0, 0, 0, 0, 3, 2, 4, 1, 4, 1, 2, 0, 3, 2, 4, 1, 5, 4, 6, 3, 6, 139, 0, 0, 0, 0, 0, 0]",-1,-0.012453765231583409,-1,1
782,"[0, 0, 4, 0, 1, 0, 3, 2, 0, 1, 0, 0, 2, 0, 0, 2, 0, 0, 0, 0, 1, 0, 1, 0, 0, 0, 0, 0, 0, 0, 0, 0, 1, 1, 0, 0, 2, 0, 0, 2, 2, 0, 2, 0, 1, 1, 0, 1, 0, 1, 0, 0, 0, 0, 0, 1, 0, 0, 0, 0, 0, 0, 0, 3, 2, 4, 1, 4, 1, 2, 0, 3, 2, 4, 1, 5, 4, 6, 3, 6, 139, 0, 1, 0, 0, 0, 0]",2,0.5839654175654375,-1,0
783,"[0, 0, 4, 0, 1, 0, 3, 2, 0, 1, 0, 0, 2, 0, 0, 2, 0, 0, 0, 0, 1, 0, 1, 0, 0, 0, 0, 0, 0, 0, 0, 0, 1, 1, 0, 0, 2, 0, 0, 2, 2, 0, 2, 0, 1, 1, 0, 1, 0, 1, 0, 0, 0, 0, 0, 1, 0, 0, 0, 0, 0, 0, 0, 3, 2, 4, 1, 4, 1, 2, 0, 3, 2, 4, 1, 5, 4, 6, 3, 6, 139, 0, 1, 0, 0, 1, 0]","[[0 0 1 0]
 [0 0 0 1]]",0.8343902826235284,-1,0
784,"[0, 0, 4, 0, 1, 0, 3, 2, 0, 1, 0, 0, 2, 0, 0, 2, 0, 0, 0, 0, 1, 0, 1, 0, 0, 0, 0, 0, 0, 0, 0, 0, 1, 1, 0, 0, 2, 0, 0, 2, 2, 0, 2, 0, 1, 1, 0, 1, 0, 1, 0, 0, 0, 0, 0, 1, 0, 0, 0, 0, 0, 0, 0, 3, 2, 4, 1, 4, 1, 2, 0, 3, 2, 4, 1, 5, 4, 6, 3, 6, 139, 0, 0, 0, 0, 0, 0]",1,-5.606204526184037,-1,1
785,"[0, 0, 4, 0, 1, 0, 3, 2, 0, 1, 0, 0, 2, 0, 0, 2, 0, 0, 0, 0, 1, 0, 1, 0, 0, 0, 0, 0, 0, 0, 0, 0, 1, 1, 0, 0, 2, 0, 0, 2, 2, 0, 2, 0, 1, 1, 0, 1, 0, 1, 0, 0, 0, 0, 0, 1, 0, 0, 0, 0, 0, 0, 0, 3, 2, 4, 1, 4, 1, 2, 0, 3, 2, 4, 1, 5, 4, 6, 3, 6, 139, 1, 0, 0, 0, 0, 0]",3,0.38396541756543756,-1,0
786,"[0, 0, 4, 0, 1, 0, 3, 2, 0, 1, 0, 0, 2, 0, 0, 2, 0, 0, 0, 0, 1, 0, 1, 0, 0, 0, 0, 0, 0, 0, 0, 0, 1, 1, 0, 0, 2, 0, 0, 2, 2, 0, 2, 0, 1, 1, 0, 1, 0, 1, 0, 0, 0, 0, 0, 1, 0, 0, 0, 0, 0, 0, 0, 3, 2, 4, 1, 4, 1, 2, 0, 3, 2, 4, 1, 5, 4, 6, 3, 6, 139, 0, 0, 0, 0, 0, 0]",-1,-0.012453765231583409,-1,0
787,"[0, 0, 4, 0, 1, 0, 3, 2, 0, 1, 0, 0, 2, 0, 0, 2, 0, 0, 0, 0, 1, 0, 1, 0, 0, 0, 0, 0, 0, 0, 0, 0, 1, 1, 0, 0, 2, 0, 0, 2, 2, 0, 2, 0, 1, 1, 0, 1, 0, 1, 0, 0, 0, 0, 0, 1, 0, 0, 0, 0, 0, 0, 0, 3, 2, 4, 1, 4, 1, 2, 0, 3, 2, 4, 1, 5, 4, 6, 3, 6, 139, 0, 1, 0, 0, 0, 0]",2,0.5839654175654375,-1,0
788,"[0, 0, 4, 0, 1, 0, 3, 2, 0, 1, 0, 0, 2, 0, 0, 2, 0, 0, 0, 0, 1, 0, 1, 0, 0, 0, 0, 0, 0, 0, 0, 0, 1, 1, 0, 0, 2, 0, 0, 2, 2, 0, 2, 0, 1, 1, 0, 1, 0, 1, 0, 0, 0, 0, 0, 1, 0, 0, 0, 0, 0, 0, 0, 3, 2, 4, 1, 4, 1, 2, 0, 3, 2, 4, 1, 5, 4, 6, 3, 6, 139, 0, 1, 0, 0, 1, 0]","[[0 0 1 0]
 [0 0 0 1]]",0.8343902826235284,-1,0
789,"[0, 0, 4, 0, 1, 0, 3, 2, 0, 1, 0, 0, 2, 0, 0, 2, 0, 0, 0, 0, 1, 0, 1, 0, 0, 0, 0, 0, 0, 0, 0, 0, 1, 1, 0, 0, 2, 0, 0, 2, 2, 0, 2, 0, 1, 1, 0, 1, 0, 1, 0, 0, 0, 0, 0, 1, 0, 0, 0, 0, 0, 0, 0, 3, 2, 4, 1, 4, 1, 2, 0, 3, 2, 4, 1, 5, 4, 6, 3, 6, 139, 0, 1, 0, 0, 0, 1]",2,-0.016034582434562468,-1,1
790,"[0, 0, 4, 0, 1, 0, 3, 2, 0, 1, 0, 0, 2, 0, 0, 2, 0, 0, 0, 0, 1, 0, 1, 0, 0, 0, 0, 0, 0, 0, 0, 0, 1, 1, 0, 0, 2, 0, 0, 2, 2, 0, 2, 0, 1, 1, 0, 1, 0, 1, 0, 0, 0, 0, 0, 1, 0, 0, 0, 0, 0, 0, 0, 3, 2, 4, 1, 4, 1, 2, 0, 3, 2, 4, 1, 5, 4, 6, 3, 6, 139, 0, 0, 1, 0, 0, 0]","[[0 0 1 1]
 [0 0 1 0]]",-0.016034582434562468,-1,1
791,"[0, 0, 4, 0, 1, 0, 3, 2, 0, 1, 0, 0, 2, 0, 0, 2, 0, 0, 0, 0, 1, 0, 1, 0, 0, 0, 0, 0, 0, 0, 0, 0, 1, 1, 0, 0, 2, 0, 0, 2, 2, 0, 2, 0, 1, 1, 0, 1, 0, 1, 0, 0, 0, 0, 0, 1, 0, 0, 0, 0, 0, 0, 0, 3, 2, 4, 1, 4, 1, 2, 0, 3, 2, 4, 1, 5, 4, 6, 3, 6, 139, 0, 0, 0, 0, 0, 0]",1,-2.5917789284240222,-1,0
792,"[0, 0, 6, 0, 1, 0, 3, 2, 0, 1, 0, 0, 2, 0, 0, 2, 0, 0, 0, 0, 1, 0, 1, 0, 0, 0, 0, 0, 0, 0, 0, 0, 1, 1, 0, 0, 2, 0, 0, 2, 2, 0, 2, 0, 1, 1, 0, 1, 0, 1, 0, 0, 0, 0, 0, 1, 0, 0, 0, 0, 0, 0, 0, 3, 2, 4, 1, 4, 1, 2, 0, 3, 2, 4, 1, 5, 4, 6, 3, 6, 140, 0, 0, 0, 0, 0, 0]",4,16.03585338986472,-1,0
793,"[0, 0, 6, 0, 1, 0, 3, 2, 0, 1, 0, 0, 2, 0, 0, 2, 0, 0, 0, 0, 1, 0, 1, 0, 0, 0, 0, 0, 0, 0, 0, 0, 1, 1, 0, 0, 2, 0, 0, 2, 2, 0, 2, 0, 1, 1, 0, 1, 0, 1, 0, 0, 0, 0, 0, 1, 0, 0, 0, 0, 0, 0, 0, 3, 2, 4, 1, 4, 1, 2, 0, 3, 2, 4, 1, 5, 4, 6, 3, 6, 140, 0, 1, 0, 0, 0, 0]",2,0.5833654607012155,-1,1
794,"[0, 0, 6, 0, 1, 0, 3, 2, 0, 1, 0, 0, 2, 0, 0, 2, 0, 0, 0, 0, 1, 0, 1, 0, 0, 0, 0, 0, 0, 0, 0, 0, 1, 1, 0, 0, 2, 0, 0, 2, 2, 0, 2, 0, 1, 1, 0, 1, 0, 1, 0, 0, 0, 0, 0, 1, 0, 0, 0, 0, 0, 0, 0, 3, 2, 4, 1, 4, 1, 2, 0, 3, 2, 4, 1, 5, 4, 6, 3, 6, 140, 0, 0, 0, 0, 0, 0]",-1,-0.012329848197080322,-1,1
795,"[0, 0, 7, 0, 1, 0, 4, 2, 0, 1, 0, 0, 2, 0, 0, 2, 0, 0, 0, 0, 1, 0, 1, 0, 0, 0, 0, 0, 0, 0, 0, 0, 1, 1, 0, 0, 2, 0, 0, 2, 2, 0, 2, 0, 1, 1, 0, 1, 0, 1, 0, 0, 0, 0, 0, 1, 0, 0, 0, 0, 0, 0, 0, 3, 2, 4, 1, 4, 1, 2, 0, 3, 2, 4, 1, 5, 4, 6, 3, 6, 141, 0, 0, 0, 0, 0, 0]",4,11.43599093950862,-1,1
796,"[0, 0, 7, 0, 1, 0, 4, 2, 0, 1, 0, 0, 2, 0, 0, 2, 0, 0, 0, 0, 1, 0, 1, 0, 0, 0, 0, 0, 0, 0, 0, 0, 1, 1, 0, 0, 2, 0, 0, 2, 2, 0, 2, 0, 1, 1, 0, 1, 0, 1, 0, 0, 0, 0, 0, 1, 0, 0, 0, 0, 0, 0, 0, 3, 2, 4, 1, 4, 1, 2, 0, 3, 2, 4, 1, 5, 4, 6, 3, 6, 141, 1, 0, 0, 0, 0, 0]",3,0.3827451611008167,-1,0
797,"[0, 0, 7, 0, 1, 0, 4, 2, 0, 1, 0, 0, 2, 0, 0, 2, 0, 0, 0, 0, 1, 0, 1, 0, 0, 0, 0, 0, 0, 0, 0, 0, 1, 1, 0, 0, 2, 0, 0, 2, 2, 0, 2, 0, 1, 1, 0, 1, 0, 1, 0, 0, 0, 0, 0, 1, 0, 0, 0, 0, 0, 0, 0, 3, 2, 4, 1, 4, 1, 2, 0, 3, 2, 4, 1, 5, 4, 6, 3, 6, 141, 0, 0, 0, 0, 0, 0]",-1,-0.012207164157671856,-1,0
798,"[0, 0, 7, 0, 1, 0, 4, 2, 0, 1, 0, 0, 2, 0, 0, 2, 0, 0, 0, 0, 1, 0, 1, 0, 0, 0, 0, 0, 0, 0, 0, 0, 1, 1, 0, 0, 2, 0, 0, 2, 2, 0, 2, 0, 1, 1, 0, 1, 0, 1, 0, 0, 0, 0, 0, 1, 0, 0, 0, 0, 0, 0, 0, 3, 2, 4, 1, 4, 1, 2, 0, 3, 2, 4, 1, 5, 4, 6, 3, 6, 141, 0, 1, 0, 0, 0, 0]",2,0.5827451611008166,-1,0
799,"[0, 0, 7, 0, 1, 0, 4, 2, 0, 1, 0, 0, 2, 0, 0, 2, 0, 0, 0, 0, 1, 0, 1, 0, 0, 0, 0, 0, 0, 0, 0, 0, 1, 1, 0, 0, 2, 0, 0, 2, 2, 0, 2, 0, 1, 1, 0, 1, 0, 1, 0, 0, 0, 0, 0, 1, 0, 0, 0, 0, 0, 0, 0, 3, 2, 4, 1, 4, 1, 2, 0, 3, 2, 4, 1, 5, 4, 6, 3, 6, 141, 0, 1, 0, 0, 1, 0]","[[0 0 1 0]
 [0 0 0 1]]",0.8331700261589076,-1,0
800,"[0, 0, 6, 1, 1, 0, 5, 1, 0, 1, 0, 0, 2, 0, 0, 2, 0, 0, 0, 0, 1, 0, 1, 0, 0, 0, 0, 0, 0, 0, 0, 0, 1, 1, 0, 0, 2, 0, 0, 2, 2, 0, 2, 0, 1, 1, 0, 1, 0, 1, 0, 0, 0, 0, 0, 1, 0, 0, 0, 0, 0, 0, 0, 3, 2, 4, 1, 4, 1, 2, 0, 3, 2, 4, 1, 5, 4, 6, 3, 6, 141, 0, 0, 0, 0, 0, 0]",0,-0.01725483889918334,-1,1
801,"[0, 0, 6, 1, 1, 0, 5, 1, 0, 1, 0, 0, 2, 0, 0, 2, 0, 0, 0, 0, 1, 0, 1, 0, 0, 0, 0, 0, 0, 0, 0, 0, 1, 1, 0, 0, 2, 0, 0, 2, 2, 0, 2, 0, 1, 1, 0, 1, 0, 1, 0, 0, 0, 0, 0, 1, 0, 0, 0, 0, 0, 0, 0, 3, 2, 4, 1, 4, 1, 2, 0, 3, 2, 4, 1, 5, 4, 6, 3, 6, 141, 1, 0, 0, 0, 0, 0]",3,0.3827451611008167,-1,0
802,"[0, 0, 6, 1, 1, 0, 5, 1, 0, 1, 0, 0, 2, 0, 0, 2, 0, 0, 0, 0, 1, 0, 1, 0, 0, 0, 0, 0, 0, 0, 0, 0, 1, 1, 0, 0, 2, 0, 0, 2, 2, 0, 2, 0, 1, 1, 0, 1, 0, 1, 0, 0, 0, 0, 0, 1, 0, 0, 0, 0, 0, 0, 0, 3, 2, 4, 1, 4, 1, 2, 0, 3, 2, 4, 1, 5, 4, 6, 3, 6, 141, 0, 0, 0, 0, 0, 0]",-1,-0.012207164157671856,-1,0
803,"[0, 0, 6, 1, 1, 0, 5, 1, 0, 1, 0, 0, 2, 0, 0, 2, 0, 0, 0, 0, 1, 0, 1, 0, 0, 0, 0, 0, 0, 0, 0, 0, 1, 1, 0, 0, 2, 0, 0, 2, 2, 0, 2, 0, 1, 1, 0, 1, 0, 1, 0, 0, 0, 0, 0, 1, 0, 0, 0, 0, 0, 0, 0, 3, 2, 4, 1, 4, 1, 2, 0, 3, 2, 4, 1, 5, 4, 6, 3, 6, 141, 0, 1, 0, 0, 0, 0]",2,0.5827451611008166,-1,0
804,"[0, 0, 6, 1, 1, 0, 5, 1, 0, 1, 0, 0, 2, 0, 0, 2, 0, 0, 0, 0, 1, 0, 1, 0, 0, 0, 0, 0, 0, 0, 0, 0, 1, 1, 0, 0, 2, 0, 0, 2, 2, 0, 2, 0, 1, 1, 0, 1, 0, 1, 0, 0, 0, 0, 0, 1, 0, 0, 0, 0, 0, 0, 0, 3, 2, 4, 1, 4, 1, 2, 0, 3, 2, 4, 1, 5, 4, 6, 3, 6, 141, 0, 1, 0, 0, 1, 0]","[[0 0 0 1]
 [1 0 0 0]]",0.8331700261589076,-1,0
805,"[0, 0, 6, 1, 1, 0, 5, 1, 0, 1, 0, 0, 2, 0, 0, 2, 0, 0, 0, 0, 1, 0, 1, 0, 0, 0, 0, 0, 0, 0, 0, 0, 1, 1, 0, 0, 2, 0, 0, 2, 2, 0, 2, 0, 1, 1, 0, 1, 0, 1, 0, 0, 0, 0, 0, 1, 0, 0, 0, 0, 0, 0, 0, 3, 2, 4, 1, 4, 1, 2, 0, 3, 2, 4, 1, 5, 4, 6, 3, 6, 141, 0, 0, 0, 0, 0, 0]",1,-7.365724067248718,-1,1
806,"[0, 0, 6, 1, 1, 0, 5, 1, 0, 1, 0, 0, 2, 0, 0, 2, 0, 0, 0, 0, 1, 0, 1, 0, 0, 0, 0, 0, 0, 0, 0, 0, 1, 1, 0, 0, 2, 0, 0, 2, 2, 0, 2, 0, 1, 1, 0, 1, 0, 1, 0, 0, 0, 0, 0, 1, 0, 0, 0, 0, 0, 0, 0, 3, 2, 4, 1, 4, 1, 2, 0, 3, 2, 4, 1, 5, 4, 6, 3, 6, 141, 0, 1, 0, 0, 0, 0]",2,0.5827451611008166,-1,0
807,"[0, 0, 6, 1, 1, 0, 5, 1, 0, 1, 0, 0, 2, 0, 0, 2, 0, 0, 0, 0, 1, 0, 1, 0, 0, 0, 0, 0, 0, 0, 0, 0, 1, 1, 0, 0, 2, 0, 0, 2, 2, 0, 2, 0, 1, 1, 0, 1, 0, 1, 0, 0, 0, 0, 0, 1, 0, 0, 0, 0, 0, 0, 0, 3, 2, 4, 1, 4, 1, 2, 0, 3, 2, 4, 1, 5, 4, 6, 3, 6, 141, 0, 1, 0, 0, 1, 0]","[[0 0 0 1]
 [1 0 0 0]]",0.8331700261589076,-1,0
808,"[0, 0, 6, 1, 1, 0, 5, 1, 0, 1, 0, 0, 2, 0, 0, 2, 0, 0, 0, 0, 1, 0, 1, 0, 0, 0, 0, 0, 0, 0, 0, 0, 1, 1, 0, 0, 2, 0, 0, 2, 2, 0, 2, 0, 1, 1, 0, 1, 0, 1, 0, 0, 0, 0, 0, 1, 0, 0, 0, 0, 0, 0, 0, 3, 2, 4, 1, 4, 1, 2, 0, 3, 2, 4, 1, 5, 4, 6, 3, 6, 141, 0, 1, 0, 0, 0, 1]",2,-0.01725483889918334,-1,1
809,"[0, 0, 6, 1, 1, 0, 5, 1, 0, 1, 0, 0, 2, 0, 0, 2, 0, 0, 0, 0, 1, 0, 1, 0, 0, 0, 0, 0, 0, 0, 0, 0, 1, 1, 0, 0, 2, 0, 0, 2, 2, 0, 2, 0, 1, 1, 0, 1, 0, 1, 0, 0, 0, 0, 0, 1, 0, 0, 0, 0, 0, 0, 0, 3, 2, 4, 1, 4, 1, 2, 0, 3, 2, 4, 1, 5, 4, 6, 3, 6, 141, 0, 0, 1, 0, 0, 0]","[[0 0 1 0]
 [0 0 6 1]]",-0.01725483889918334,-1,1
810,"[0, 0, 1, 0, 1, 0, 10, 2, 0, 1, 0, 0, 2, 0, 0, 2, 0, 0, 0, 0, 1, 0, 1, 0, 0, 0, 0, 0, 0, 0, 0, 0, 1, 1, 0, 0, 2, 0, 0, 2, 2, 0, 2, 0, 1, 1, 0, 1, 0, 1, 0, 0, 0, 0, 0, 1, 0, 0, 0, 0, 0, 0, 0, 3, 2, 4, 1, 4, 1, 2, 0, 3, 2, 4, 1, 5, 4, 6, 3, 6, 141, 0, 0, 0, 0, 0, 0]",0,-0.01725483889918334,-1,0
811,"[0, 0, 1, 0, 1, 0, 10, 2, 0, 1, 0, 0, 2, 0, 0, 2, 0, 0, 0, 0, 1, 0, 1, 0, 0, 0, 0, 0, 0, 0, 0, 0, 1, 1, 0, 0, 2, 0, 0, 2, 2, 0, 2, 0, 1, 1, 0, 1, 0, 1, 0, 0, 0, 0, 0, 1, 0, 0, 0, 0, 0, 0, 0, 3, 2, 4, 1, 4, 1, 2, 0, 3, 2, 4, 1, 5, 4, 6, 3, 6, 141, 1, 0, 0, 0, 0, 0]",3,0.3827451611008167,-1,0
812,"[0, 0, 1, 0, 1, 0, 10, 2, 0, 1, 0, 0, 2, 0, 0, 2, 0, 0, 0, 0, 1, 0, 1, 0, 0, 0, 0, 0, 0, 0, 0, 0, 1, 1, 0, 0, 2, 0, 0, 2, 2, 0, 2, 0, 1, 1, 0, 1, 0, 1, 0, 0, 0, 0, 0, 1, 0, 0, 0, 0, 0, 0, 0, 3, 2, 4, 1, 4, 1, 2, 0, 3, 2, 4, 1, 5, 4, 6, 3, 6, 141, 0, 0, 0, 0, 0, 0]",-1,-0.012207164157671856,-1,0
813,"[0, 0, 1, 0, 1, 0, 10, 2, 0, 1, 0, 0, 2, 0, 0, 2, 0, 0, 0, 0, 1, 0, 1, 0, 0, 0, 0, 0, 0, 0, 0, 0, 1, 1, 0, 0, 2, 0, 0, 2, 2, 0, 2, 0, 1, 1, 0, 1, 0, 1, 0, 0, 0, 0, 0, 1, 0, 0, 0, 0, 0, 0, 0, 3, 2, 4, 1, 4, 1, 2, 0, 3, 2, 4, 1, 5, 4, 6, 3, 6, 141, 1, 0, 0, 0, 0, 0]",3,0.3827451611008167,-1,0
814,"[0, 0, 1, 0, 1, 0, 10, 2, 0, 1, 0, 0, 2, 0, 0, 2, 0, 0, 0, 0, 1, 0, 1, 0, 0, 0, 0, 0, 0, 0, 0, 0, 1, 1, 0, 0, 2, 0, 0, 2, 2, 0, 2, 0, 1, 1, 0, 1, 0, 1, 0, 0, 0, 0, 0, 1, 0, 0, 0, 0, 0, 0, 0, 3, 2, 4, 1, 4, 1, 2, 0, 3, 2, 4, 1, 5, 4, 6, 3, 6, 141, 0, 0, 0, 0, 0, 0]",-1,-0.012207164157671856,-1,0
815,"[1, 0, 1, 0, 1, 0, 10, 2, 0, 1, 0, 0, 2, 0, 0, 2, 0, 0, 0, 0, 1, 0, 1, 0, 0, 0, 0, 0, 0, 0, 0, 0, 1, 1, 0, 0, 2, 0, 0, 2, 2, 0, 2, 0, 1, 1, 0, 1, 0, 1, 0, 0, 0, 0, 0, 1, 0, 0, 0, 0, 0, 0, 0, 3, 2, 4, 1, 4, 1, 2, 0, 3, 2, 4, 1, 5, 4, 6, 3, 6, 142, 0, 0, 0, 0, 0, 0]",4,16.845981487742407,-1,0
816,"[1, 0, 1, 0, 1, 0, 10, 2, 0, 1, 0, 0, 2, 0, 0, 2, 0, 0, 0, 0, 1, 0, 1, 0, 0, 0, 0, 0, 0, 0, 0, 0, 1, 1, 0, 0, 2, 0, 0, 2, 2, 0, 2, 0, 1, 1, 0, 1, 0, 1, 0, 0, 0, 0, 0, 1, 0, 0, 0, 0, 0, 0, 0, 3, 2, 4, 1, 4, 1, 2, 0, 3, 2, 4, 1, 5, 4, 6, 3, 6, 142, 0, 0, 0, 0, 0, 0]",-1,-0.012085700844851823,-1,1
817,"[1, 0, 1, 0, 1, 0, 10, 2, 0, 1, 0, 0, 2, 0, 0, 2, 0, 0, 0, 0, 1, 0, 1, 0, 0, 0, 0, 0, 0, 0, 0, 0, 1, 1, 0, 0, 2, 0, 0, 2, 2, 0, 2, 0, 1, 1, 0, 1, 0, 1, 0, 0, 0, 0, 0, 1, 0, 0, 0, 0, 0, 0, 0, 3, 2, 4, 1, 4, 1, 2, 0, 3, 2, 4, 1, 5, 4, 6, 3, 6, 143, 0, 0, 0, 0, 0, 0]",4,11.099838933234322,-1,1
818,"[1, 0, 2, 0, 1, 0, 11, 2, 0, 1, 0, 0, 2, 0, 0, 2, 0, 0, 0, 0, 1, 0, 1, 0, 0, 0, 0, 0, 0, 0, 0, 0, 1, 1, 0, 0, 2, 0, 0, 2, 2, 0, 2, 0, 1, 1, 0, 1, 0, 1, 0, 0, 0, 0, 0, 1, 0, 0, 0, 0, 0, 0, 0, 3, 2, 4, 1, 4, 1, 2, 0, 3, 2, 4, 1, 5, 4, 6, 3, 6, 144, 0, 0, 0, 0, 0, 0]",4,16.640356425702215,-1,0
819,"[1, 0, 2, 0, 1, 0, 11, 2, 0, 1, 0, 0, 2, 0, 0, 2, 0, 0, 0, 0, 1, 0, 1, 0, 0, 0, 0, 0, 0, 0, 0, 0, 1, 1, 0, 0, 2, 0, 0, 2, 2, 0, 2, 0, 1, 1, 0, 1, 0, 1, 0, 0, 0, 0, 0, 1, 0, 0, 0, 0, 0, 0, 0, 3, 2, 4, 1, 4, 1, 2, 0, 3, 2, 4, 1, 5, 4, 6, 3, 6, 144, 1, 0, 0, 0, 0, 0]",3,0.3807568916578615,-1,1
820,"[1, 0, 2, 0, 1, 0, 11, 2, 0, 1, 0, 0, 2, 0, 0, 2, 0, 0, 0, 0, 1, 0, 1, 0, 0, 0, 0, 0, 0, 0, 0, 0, 1, 1, 0, 0, 2, 0, 0, 2, 2, 0, 2, 0, 1, 1, 0, 1, 0, 1, 0, 0, 0, 0, 0, 1, 0, 0, 0, 0, 0, 0, 0, 3, 2, 4, 1, 4, 1, 2, 0, 3, 2, 4, 1, 5, 4, 6, 3, 6, 144, 0, 0, 0, 0, 0, 0]",-1,-0.01184638793410609,-1,1
821,"[1, 0, 3, 0, 1, 0, 12, 2, 0, 1, 0, 0, 2, 0, 0, 2, 0, 0, 0, 0, 1, 0, 1, 0, 0, 0, 0, 0, 0, 0, 0, 0, 1, 1, 0, 0, 2, 0, 0, 2, 2, 0, 2, 0, 1, 1, 0, 1, 0, 1, 0, 0, 0, 0, 0, 1, 0, 0, 0, 0, 0, 0, 0, 3, 2, 4, 1, 4, 1, 2, 0, 3, 2, 4, 1, 5, 4, 6, 3, 6, 145, 0, 0, 0, 0, 0, 0]",4,11.05438836399672,-1,1
822,"[2, 0, 3, 0, 1, 0, 12, 2, 0, 1, 0, 0, 2, 0, 0, 2, 0, 0, 0, 0, 1, 0, 1, 0, 0, 0, 0, 0, 0, 0, 0, 0, 1, 1, 0, 0, 2, 0, 0, 2, 2, 0, 2, 0, 1, 1, 0, 1, 0, 1, 0, 0, 0, 0, 0, 1, 0, 0, 0, 0, 0, 0, 0, 3, 2, 4, 1, 4, 1, 2, 0, 3, 2, 4, 1, 5, 4, 6, 3, 6, 146, 0, 0, 0, 0, 0, 0]",4,16.51369489591739,-1,0
823,"[2, 0, 3, 0, 1, 0, 12, 2, 0, 1, 0, 0, 2, 0, 0, 2, 0, 0, 0, 0, 1, 0, 1, 0, 0, 0, 0, 0, 0, 0, 0, 0, 1, 1, 0, 0, 2, 0, 0, 2, 2, 0, 2, 0, 1, 1, 0, 1, 0, 1, 0, 0, 0, 0, 0, 1, 0, 0, 0, 0, 0, 0, 0, 3, 2, 4, 1, 4, 1, 2, 0, 3, 2, 4, 1, 5, 4, 6, 3, 6, 146, 0, 0, 0, 0, 0, 0]",-1,-0.011611813736487942,-1,1
824,"[2, 0, 3, 0, 1, 0, 12, 2, 0, 1, 0, 0, 2, 0, 0, 2, 0, 0, 0, 0, 1, 0, 1, 0, 0, 0, 0, 0, 0, 0, 0, 0, 1, 1, 0, 0, 2, 0, 0, 2, 2, 0, 2, 0, 1, 1, 0, 1, 0, 1, 0, 0, 0, 0, 0, 1, 0, 0, 0, 0, 0, 0, 0, 3, 2, 4, 1, 4, 1, 2, 0, 3, 2, 4, 1, 5, 4, 6, 3, 6, 146, 0, 1, 0, 0, 0, 0]",2,0.57931990970835,-1,1
825,"[2, 0, 3, 0, 1, 0, 12, 2, 0, 1, 0, 0, 2, 0, 0, 2, 0, 0, 0, 0, 1, 0, 1, 0, 0, 0, 0, 0, 0, 0, 0, 0, 1, 1, 0, 0, 2, 0, 0, 2, 2, 0, 2, 0, 1, 1, 0, 1, 0, 1, 0, 0, 0, 0, 0, 1, 0, 0, 0, 0, 0, 0, 0, 3, 2, 4, 1, 4, 1, 2, 0, 3, 2, 4, 1, 5, 4, 6, 3, 6, 146, 0, 1, 0, 0, 1, 0]","[[0 0 1 1]
 [2 0 2 0]]",2.3018107944320687,-1,1
826,"[0, 0, 2, 1, 3, 0, 13, 1, 0, 1, 0, 0, 2, 0, 0, 2, 0, 0, 0, 0, 1, 0, 1, 0, 0, 0, 0, 0, 0, 0, 0, 0, 1, 1, 0, 0, 2, 0, 0, 2, 2, 0, 2, 0, 1, 1, 0, 1, 0, 1, 0, 0, 0, 0, 0, 1, 0, 0, 0, 0, 0, 0, 0, 3, 2, 4, 1, 4, 1, 2, 0, 3, 2, 4, 1, 5, 4, 6, 3, 6, 146, 0, 0, 0, 0, 0, 0]",0,-0.020680090291649914,-1,0
827,"[0, 0, 2, 1, 3, 0, 13, 1, 0, 1, 0, 0, 2, 0, 0, 2, 0, 0, 0, 0, 1, 0, 1, 0, 0, 0, 0, 0, 0, 0, 0, 0, 1, 1, 0, 0, 2, 0, 0, 2, 2, 0, 2, 0, 1, 1, 0, 1, 0, 1, 0, 0, 0, 0, 0, 1, 0, 0, 0, 0, 0, 0, 0, 3, 2, 4, 1, 4, 1, 2, 0, 3, 2, 4, 1, 5, 4, 6, 3, 6, 146, 0, 0, 0, 0, 0, 0]",-1,-0.011611813736487942,-1,1
828,"[1, 0, 2, 1, 3, 0, 13, 1, 0, 1, 0, 0, 2, 0, 0, 2, 0, 0, 0, 0, 1, 0, 1, 0, 0, 0, 0, 0, 0, 0, 0, 0, 1, 1, 0, 0, 2, 0, 0, 2, 2, 0, 2, 0, 1, 1, 0, 1, 0, 1, 0, 0, 0, 0, 0, 1, 0, 0, 0, 0, 0, 0, 0, 3, 2, 4, 1, 4, 1, 2, 0, 3, 2, 4, 1, 5, 4, 6, 3, 6, 147, 0, 0, 0, 0, 0, 0]",4,11.089968542404257,-1,1
829,"[1, 0, 2, 1, 3, 0, 13, 1, 0, 1, 0, 0, 2, 0, 0, 2, 0, 0, 0, 0, 1, 0, 1, 0, 0, 0, 0, 0, 0, 0, 0, 0, 1, 1, 0, 0, 2, 0, 0, 2, 2, 0, 2, 0, 1, 1, 0, 1, 0, 1, 0, 0, 0, 0, 0, 1, 0, 0, 0, 0, 0, 0, 0, 3, 2, 4, 1, 4, 1, 2, 0, 3, 2, 4, 1, 5, 4, 6, 3, 6, 147, 0, 1, 0, 0, 0, 0]",2,0.5785663859026944,-1,0
830,"[1, 0, 2, 1, 3, 0, 13, 1, 0, 1, 0, 0, 2, 0, 0, 2, 0, 0, 0, 0, 1, 0, 1, 0, 0, 0, 0, 0, 0, 0, 0, 0, 1, 1, 0, 0, 2, 0, 0, 2, 2, 0, 2, 0, 1, 1, 0, 1, 0, 1, 0, 0, 0, 0, 0, 1, 0, 0, 0, 0, 0, 0, 0, 3, 2, 4, 1, 4, 1, 2, 0, 3, 2, 4, 1, 5, 4, 6, 3, 6, 147, 0, 0, 0, 0, 0, 0]",-1,-0.011496274259336192,-1,0
831,"[1, 0, 2, 1, 3, 0, 13, 1, 0, 1, 0, 0, 2, 0, 0, 2, 0, 0, 0, 0, 1, 0, 1, 0, 0, 0, 0, 0, 0, 0, 0, 0, 1, 1, 0, 0, 2, 0, 0, 2, 2, 0, 2, 0, 1, 1, 0, 1, 0, 1, 0, 0, 0, 0, 0, 1, 0, 0, 0, 0, 0, 0, 0, 3, 2, 4, 1, 4, 1, 2, 0, 3, 2, 4, 1, 5, 4, 6, 3, 6, 147, 0, 1, 0, 0, 0, 0]",2,0.5785663859026944,-1,0
832,"[1, 0, 2, 1, 3, 0, 13, 1, 0, 1, 0, 0, 2, 0, 0, 2, 0, 0, 0, 0, 1, 0, 1, 0, 0, 0, 0, 0, 0, 0, 0, 0, 1, 1, 0, 0, 2, 0, 0, 2, 2, 0, 2, 0, 1, 1, 0, 1, 0, 1, 0, 0, 0, 0, 0, 1, 0, 0, 0, 0, 0, 0, 0, 3, 2, 4, 1, 4, 1, 2, 0, 3, 2, 4, 1, 5, 4, 6, 3, 6, 147, 0, 0, 0, 0, 0, 0]",-1,-0.011496274259336192,-1,0
833,"[1, 0, 2, 1, 3, 0, 13, 1, 0, 1, 0, 0, 2, 0, 0, 2, 0, 0, 0, 0, 1, 0, 1, 0, 0, 0, 0, 0, 0, 0, 0, 0, 1, 1, 0, 0, 2, 0, 0, 2, 2, 0, 2, 0, 1, 1, 0, 1, 0, 1, 0, 0, 0, 0, 0, 1, 0, 0, 0, 0, 0, 0, 0, 3, 2, 4, 1, 4, 1, 2, 0, 3, 2, 4, 1, 5, 4, 6, 3, 6, 147, 1, 0, 0, 0, 0, 0]",3,0.37856638590269437,-1,0
834,"[1, 0, 2, 1, 3, 0, 13, 1, 0, 1, 0, 0, 2, 0, 0, 2, 0, 0, 0, 0, 1, 0, 1, 0, 0, 0, 0, 0, 0, 0, 0, 0, 1, 1, 0, 0, 2, 0, 0, 2, 2, 0, 2, 0, 1, 1, 0, 1, 0, 1, 0, 0, 0, 0, 0, 1, 0, 0, 0, 0, 0, 0, 0, 3, 2, 4, 1, 4, 1, 2, 0, 3, 2, 4, 1, 5, 4, 6, 3, 6, 147, 0, 0, 0, 0, 0, 0]",-1,-0.011496274259336192,-1,0
835,"[1, 0, 4, 1, 3, 0, 13, 1, 0, 1, 0, 0, 2, 0, 0, 2, 0, 0, 0, 0, 1, 0, 1, 0, 0, 0, 0, 0, 0, 0, 0, 0, 1, 1, 0, 0, 2, 0, 0, 2, 2, 0, 2, 0, 1, 1, 0, 1, 0, 1, 0, 0, 0, 0, 0, 1, 0, 0, 0, 0, 0, 0, 0, 3, 2, 4, 1, 4, 1, 2, 0, 3, 2, 4, 1, 5, 4, 6, 3, 6, 148, 0, 0, 0, 0, 0, 0]",4,16.526549581765675,-1,0
836,"[1, 0, 4, 1, 3, 0, 13, 1, 0, 1, 0, 0, 2, 0, 0, 2, 0, 0, 0, 0, 1, 0, 1, 0, 0, 0, 0, 0, 0, 0, 0, 0, 1, 1, 0, 0, 2, 0, 0, 2, 2, 0, 2, 0, 1, 1, 0, 1, 0, 1, 0, 0, 0, 0, 0, 1, 0, 0, 0, 0, 0, 0, 0, 3, 2, 4, 1, 4, 1, 2, 0, 3, 2, 4, 1, 5, 4, 6, 3, 6, 148, 0, 1, 0, 0, 0, 0]",2,0.5777888066577185,-1,1
837,"[1, 0, 4, 1, 3, 0, 13, 1, 0, 1, 0, 0, 2, 0, 0, 2, 0, 0, 0, 0, 1, 0, 1, 0, 0, 0, 0, 0, 0, 0, 0, 0, 1, 1, 0, 0, 2, 0, 0, 2, 2, 0, 2, 0, 1, 1, 0, 1, 0, 1, 0, 0, 0, 0, 0, 1, 0, 0, 0, 0, 0, 0, 0, 3, 2, 4, 1, 4, 1, 2, 0, 3, 2, 4, 1, 5, 4, 6, 3, 6, 148, 0, 1, 0, 0, 1, 0]","[[1 0 3 0]
 [1 0 3 1]]",1.9030301391983144,-1,1
838,"[1, 0, 4, 0, 3, 0, 13, 2, 0, 1, 0, 0, 2, 0, 0, 2, 0, 0, 0, 0, 1, 0, 1, 0, 0, 0, 0, 0, 0, 0, 0, 0, 1, 1, 0, 0, 2, 0, 0, 2, 2, 0, 2, 0, 1, 1, 0, 1, 0, 1, 0, 0, 0, 0, 0, 1, 0, 0, 0, 0, 0, 0, 0, 3, 2, 4, 1, 4, 1, 2, 0, 3, 2, 4, 1, 5, 4, 6, 3, 6, 148, 0, 0, 0, 0, 0, 0]",0,-0.022211193342281513,-1,0
839,"[1, 0, 4, 0, 3, 0, 13, 2, 0, 1, 0, 0, 2, 0, 0, 2, 0, 0, 0, 0, 1, 0, 1, 0, 0, 0, 0, 0, 0, 0, 0, 0, 1, 1, 0, 0, 2, 0, 0, 2, 2, 0, 2, 0, 1, 1, 0, 1, 0, 1, 0, 0, 0, 0, 0, 1, 0, 0, 0, 0, 0, 0, 0, 3, 2, 4, 1, 4, 1, 2, 0, 3, 2, 4, 1, 5, 4, 6, 3, 6, 148, 0, 1, 0, 0, 0, 0]",2,0.5777888066577185,-1,1
840,"[1, 0, 4, 0, 3, 0, 13, 2, 0, 1, 0, 0, 2, 0, 0, 2, 0, 0, 0, 0, 1, 0, 1, 0, 0, 0, 0, 0, 0, 0, 0, 0, 1, 1, 0, 0, 2, 0, 0, 2, 2, 0, 2, 0, 1, 1, 0, 1, 0, 1, 0, 0, 0, 0, 0, 1, 0, 0, 0, 0, 0, 0, 0, 3, 2, 4, 1, 4, 1, 2, 0, 3, 2, 4, 1, 5, 4, 6, 3, 6, 148, 0, 1, 0, 0, 1, 0]","[[1 0 4 1]
 [1 0 2 0]]",-0.018950745461252007,-1,1
841,"[1, 0, 4, 0, 3, 0, 13, 2, 0, 1, 0, 0, 2, 0, 0, 2, 0, 0, 0, 0, 1, 0, 1, 0, 0, 0, 0, 0, 0, 0, 0, 0, 1, 1, 0, 0, 2, 0, 0, 2, 2, 0, 2, 0, 1, 1, 0, 1, 0, 1, 0, 0, 0, 0, 0, 1, 0, 0, 0, 0, 0, 0, 0, 3, 2, 4, 1, 4, 1, 2, 0, 3, 2, 4, 1, 5, 4, 6, 3, 6, 148, 0, 0, 0, 0, 0, 0]",1,-0.022211193342281513,-1,0
842,"[1, 0, 4, 0, 3, 0, 13, 2, 0, 1, 0, 0, 2, 0, 0, 2, 0, 0, 0, 0, 1, 0, 1, 0, 0, 0, 0, 0, 0, 0, 0, 0, 1, 1, 0, 0, 2, 0, 0, 2, 2, 0, 2, 0, 1, 1, 0, 1, 0, 1, 0, 0, 0, 0, 0, 1, 0, 0, 0, 0, 0, 0, 0, 3, 2, 4, 1, 4, 1, 2, 0, 3, 2, 4, 1, 5, 4, 6, 3, 6, 148, 0, 0, 0, 0, 0, 0]",-1,-0.011381884419190637,-1,1
843,"[1, 0, 4, 0, 3, 0, 13, 2, 0, 1, 0, 0, 2, 0, 0, 2, 0, 0, 0, 0, 1, 0, 1, 0, 0, 0, 0, 0, 0, 0, 0, 0, 1, 1, 0, 0, 2, 0, 0, 2, 2, 0, 2, 0, 1, 1, 0, 1, 0, 1, 0, 0, 0, 0, 0, 1, 0, 0, 0, 0, 0, 0, 0, 3, 2, 4, 1, 4, 1, 2, 0, 3, 2, 4, 1, 5, 4, 6, 3, 6, 149, 0, 0, 0, 0, 0, 0]",4,11.145214771604879,-1,1
844,"[2, 0, 4, 0, 3, 0, 13, 2, 0, 1, 0, 0, 2, 0, 0, 2, 0, 0, 0, 0, 1, 0, 1, 0, 0, 0, 0, 0, 0, 0, 0, 0, 1, 1, 0, 0, 2, 0, 0, 2, 2, 0, 2, 0, 1, 1, 0, 1, 0, 1, 0, 0, 0, 0, 0, 1, 0, 0, 0, 0, 0, 0, 0, 3, 2, 4, 1, 4, 1, 2, 0, 3, 2, 4, 1, 5, 4, 6, 3, 6, 150, 0, 0, 0, 0, 0, 0]",4,16.429403895589406,-1,0
845,"[2, 0, 4, 0, 3, 0, 13, 2, 0, 1, 0, 0, 2, 0, 0, 2, 0, 0, 0, 0, 1, 0, 1, 0, 0, 0, 0, 0, 0, 0, 0, 0, 1, 1, 0, 0, 2, 0, 0, 2, 2, 0, 2, 0, 1, 1, 0, 1, 0, 1, 0, 0, 0, 0, 0, 1, 0, 0, 0, 0, 0, 0, 0, 3, 2, 4, 1, 4, 1, 2, 0, 3, 2, 4, 1, 5, 4, 6, 3, 6, 150, 0, 0, 0, 0, 0, 0]",-1,-0.011156508007421491,-1,1
846,"[2, 0, 4, 0, 3, 0, 13, 2, 0, 1, 0, 0, 2, 0, 0, 2, 0, 0, 0, 0, 1, 0, 1, 0, 0, 0, 0, 0, 0, 0, 0, 0, 1, 1, 0, 0, 2, 0, 0, 2, 2, 0, 2, 0, 1, 1, 0, 1, 0, 1, 0, 0, 0, 0, 0, 1, 0, 0, 0, 0, 0, 0, 0, 3, 2, 4, 1, 4, 1, 2, 0, 3, 2, 4, 1, 5, 4, 6, 3, 6, 150, 0, 0, 0, 0, 0, 0]",-1,-0.011156508007421491,-1,1
847,"[2, 0, 6, 0, 3, 0, 13, 2, 0, 1, 0, 0, 2, 0, 0, 2, 0, 0, 0, 0, 1, 0, 1, 0, 0, 0, 0, 0, 0, 0, 0, 0, 1, 1, 0, 0, 2, 0, 0, 2, 2, 0, 2, 0, 1, 1, 0, 1, 0, 1, 0, 0, 0, 0, 0, 1, 0, 0, 0, 0, 0, 0, 0, 3, 2, 4, 1, 4, 1, 2, 0, 3, 2, 4, 1, 5, 4, 6, 3, 6, 151, 0, 0, 0, 0, 0, 0]",4,11.143083955677406,-1,1
848,"[3, 0, 6, 0, 3, 0, 13, 2, 0, 1, 0, 0, 2, 0, 0, 2, 0, 0, 0, 0, 1, 0, 1, 0, 0, 0, 0, 0, 0, 0, 0, 0, 1, 1, 0, 0, 2, 0, 0, 2, 2, 0, 2, 0, 1, 1, 0, 1, 0, 1, 0, 0, 0, 0, 0, 1, 0, 0, 0, 0, 0, 0, 0, 3, 2, 4, 1, 4, 1, 2, 0, 3, 2, 4, 1, 5, 4, 6, 3, 6, 152, 0, 0, 0, 0, 0, 0]",4,16.363279298379343,-1,0
849,"[3, 0, 6, 0, 3, 0, 13, 2, 0, 1, 0, 0, 2, 0, 0, 2, 0, 0, 0, 0, 1, 0, 1, 0, 0, 0, 0, 0, 0, 0, 0, 0, 1, 1, 0, 0, 2, 0, 0, 2, 2, 0, 2, 0, 1, 1, 0, 1, 0, 1, 0, 0, 0, 0, 0, 1, 0, 0, 0, 0, 0, 0, 0, 3, 2, 4, 1, 4, 1, 2, 0, 3, 2, 4, 1, 5, 4, 6, 3, 6, 152, 0, 0, 0, 0, 0, 0]",-1,-0.010935594347610739,-1,1
850,"[3, 0, 6, 0, 3, 0, 13, 2, 0, 1, 0, 0, 2, 0, 0, 2, 0, 0, 0, 0, 1, 0, 1, 0, 0, 0, 0, 0, 0, 0, 0, 0, 1, 1, 0, 0, 2, 0, 0, 2, 2, 0, 2, 0, 1, 1, 0, 1, 0, 1, 0, 0, 0, 0, 0, 1, 0, 0, 0, 0, 0, 0, 0, 3, 2, 4, 1, 4, 1, 2, 0, 3, 2, 4, 1, 5, 4, 6, 3, 6, 152, 0, 0, 0, 0, 0, 0]",-1,-0.010935594347610739,-1,1
851,"[3, 0, 6, 0, 3, 0, 13, 2, 0, 1, 0, 0, 2, 0, 0, 2, 0, 0, 0, 0, 1, 0, 1, 0, 0, 0, 0, 0, 0, 0, 0, 0, 1, 1, 0, 0, 2, 0, 0, 2, 2, 0, 2, 0, 1, 1, 0, 1, 0, 1, 0, 0, 0, 0, 0, 1, 0, 0, 0, 0, 0, 0, 0, 3, 2, 4, 1, 4, 1, 2, 0, 3, 2, 4, 1, 5, 4, 6, 3, 6, 153, 0, 0, 0, 0, 0, 0]",4,11.140857763162417,-1,1
852,"[3, 0, 6, 0, 3, 0, 13, 2, 0, 1, 0, 0, 2, 0, 0, 2, 0, 0, 0, 0, 1, 0, 1, 0, 0, 0, 0, 0, 0, 0, 0, 0, 1, 1, 0, 0, 2, 0, 0, 2, 2, 0, 2, 0, 1, 1, 0, 1, 0, 1, 0, 0, 0, 0, 0, 1, 0, 0, 0, 0, 0, 0, 0, 3, 2, 4, 1, 4, 1, 2, 0, 3, 2, 4, 1, 5, 4, 6, 3, 6, 153, 0, 1, 0, 0, 0, 0]",2,0.5735222252915869,-1,0
853,"[3, 0, 6, 0, 3, 0, 13, 2, 0, 1, 0, 0, 2, 0, 0, 2, 0, 0, 0, 0, 1, 0, 1, 0, 0, 0, 0, 0, 0, 0, 0, 0, 1, 1, 0, 0, 2, 0, 0, 2, 2, 0, 2, 0, 1, 1, 0, 1, 0, 1, 0, 0, 0, 0, 0, 1, 0, 0, 0, 0, 0, 0, 0, 3, 2, 4, 1, 4, 1, 2, 0, 3, 2, 4, 1, 5, 4, 6, 3, 6, 153, 0, 1, 0, 0, 1, 0]","[[1 0 0 0]
 [0 0 0 1]]",0.8239470903496778,-1,0
854,"[3, 0, 6, 0, 3, 0, 13, 2, 0, 1, 0, 0, 2, 0, 0, 2, 0, 0, 0, 0, 1, 0, 1, 0, 0, 0, 0, 0, 0, 0, 0, 0, 1, 1, 0, 0, 2, 0, 0, 2, 2, 0, 2, 0, 1, 1, 0, 1, 0, 1, 0, 0, 0, 0, 0, 1, 0, 0, 0, 0, 0, 0, 0, 3, 2, 4, 1, 4, 1, 2, 0, 3, 2, 4, 1, 5, 4, 6, 3, 6, 153, 0, 1, 0, 0, 0, 1]",2,-0.026477774708413077,-1,1
855,"[3, 0, 6, 0, 3, 0, 13, 2, 0, 1, 0, 0, 2, 0, 0, 2, 0, 0, 0, 0, 1, 0, 1, 0, 0, 0, 0, 0, 0, 0, 0, 0, 1, 1, 0, 0, 2, 0, 0, 2, 2, 0, 2, 0, 1, 1, 0, 1, 0, 1, 0, 0, 0, 0, 0, 1, 0, 0, 0, 0, 0, 0, 0, 3, 2, 4, 1, 4, 1, 2, 0, 3, 2, 4, 1, 5, 4, 6, 3, 6, 153, 0, 0, 1, 0, 0, 0]","[[1 0 3 1]
 [1 0 3 0]]",-0.026477774708413077,-1,1
856,"[3, 0, 6, 1, 3, 0, 13, 1, 0, 1, 0, 0, 2, 0, 0, 2, 0, 0, 0, 0, 1, 0, 1, 0, 0, 0, 0, 0, 0, 0, 0, 0, 1, 1, 0, 0, 2, 0, 0, 2, 2, 0, 2, 0, 1, 1, 0, 1, 0, 1, 0, 0, 0, 0, 0, 1, 0, 0, 0, 0, 0, 0, 0, 3, 2, 4, 1, 4, 1, 2, 0, 3, 2, 4, 1, 5, 4, 6, 3, 6, 153, 0, 0, 0, 0, 0, 0]",0,-0.026477774708413077,-1,0
857,"[3, 0, 7, 1, 3, 0, 14, 1, 0, 1, 0, 0, 2, 0, 0, 2, 0, 0, 0, 0, 1, 0, 1, 0, 0, 0, 0, 0, 0, 0, 0, 0, 1, 1, 0, 0, 2, 0, 0, 2, 2, 0, 2, 0, 1, 1, 0, 1, 0, 1, 0, 0, 0, 0, 0, 1, 0, 0, 0, 0, 0, 0, 0, 3, 2, 4, 1, 4, 1, 2, 0, 3, 2, 4, 1, 5, 4, 6, 3, 6, 154, 0, 0, 0, 0, 0, 0]",4,16.43169148118678,-1,0
858,"[3, 0, 7, 1, 3, 0, 14, 1, 0, 1, 0, 0, 2, 0, 0, 2, 0, 0, 0, 0, 1, 0, 1, 0, 0, 0, 0, 0, 0, 0, 0, 0, 1, 1, 0, 0, 2, 0, 0, 2, 2, 0, 2, 0, 1, 1, 0, 1, 0, 1, 0, 0, 0, 0, 0, 1, 0, 0, 0, 0, 0, 0, 0, 3, 2, 4, 1, 4, 1, 2, 0, 3, 2, 4, 1, 5, 4, 6, 3, 6, 154, 0, 1, 0, 0, 0, 0]",2,0.572589741484908,-1,1
859,"[3, 0, 7, 1, 3, 0, 14, 1, 0, 1, 0, 0, 2, 0, 0, 2, 0, 0, 0, 0, 1, 0, 1, 0, 0, 0, 0, 0, 0, 0, 0, 0, 1, 1, 0, 0, 2, 0, 0, 2, 2, 0, 2, 0, 1, 1, 0, 1, 0, 1, 0, 0, 0, 0, 0, 1, 0, 0, 0, 0, 0, 0, 0, 3, 2, 4, 1, 4, 1, 2, 0, 3, 2, 4, 1, 5, 4, 6, 3, 6, 154, 0, 1, 0, 0, 1, 0]","[[1 0 2 0]
 [2 0 4 1]]",2.3711236310222654,-1,1
860,"[2, 0, 5, 0, 4, 0, 16, 2, 0, 1, 0, 0, 2, 0, 0, 2, 0, 0, 0, 0, 1, 0, 1, 0, 0, 0, 0, 0, 0, 0, 0, 0, 1, 1, 0, 0, 2, 0, 0, 2, 2, 0, 2, 0, 1, 1, 0, 1, 0, 1, 0, 0, 0, 0, 0, 1, 0, 0, 0, 0, 0, 0, 0, 3, 2, 4, 1, 4, 1, 2, 0, 3, 2, 4, 1, 5, 4, 6, 3, 6, 154, 0, 0, 0, 0, 0, 0]",0,-0.027410258515091934,-1,0
861,"[2, 0, 5, 0, 4, 0, 16, 2, 0, 1, 0, 0, 2, 0, 0, 2, 0, 0, 0, 0, 1, 0, 1, 0, 0, 0, 0, 0, 0, 0, 0, 0, 1, 1, 0, 0, 2, 0, 0, 2, 2, 0, 2, 0, 1, 1, 0, 1, 0, 1, 0, 0, 0, 0, 0, 1, 0, 0, 0, 0, 0, 0, 0, 3, 2, 4, 1, 4, 1, 2, 0, 3, 2, 4, 1, 5, 4, 6, 3, 6, 154, 0, 0, 0, 0, 0, 0]",-1,-0.010719055071348897,-1,1
862,"[2, 0, 6, 0, 4, 0, 17, 2, 0, 1, 0, 0, 2, 0, 0, 2, 0, 0, 0, 0, 1, 0, 1, 0, 0, 0, 0, 0, 0, 0, 0, 0, 1, 1, 0, 0, 2, 0, 0, 2, 2, 0, 2, 0, 1, 1, 0, 1, 0, 1, 0, 0, 0, 0, 0, 1, 0, 0, 0, 0, 0, 0, 0, 3, 2, 4, 1, 4, 1, 2, 0, 3, 2, 4, 1, 5, 4, 6, 3, 6, 155, 0, 0, 0, 0, 0, 0]",4,11.111385301913135,-1,1
863,"[2, 0, 7, 0, 4, 0, 18, 2, 0, 1, 0, 0, 2, 0, 0, 2, 0, 0, 0, 0, 1, 0, 1, 0, 0, 0, 0, 0, 0, 0, 0, 0, 1, 1, 0, 0, 2, 0, 0, 2, 2, 0, 2, 0, 1, 1, 0, 1, 0, 1, 0, 0, 0, 0, 0, 1, 0, 0, 0, 0, 0, 0, 0, 3, 2, 4, 1, 4, 1, 2, 0, 3, 2, 4, 1, 5, 4, 6, 3, 6, 156, 0, 0, 0, 0, 0, 0]",4,16.259198039954587,-1,0
864,"[2, 0, 9, 0, 4, 0, 18, 2, 0, 1, 0, 0, 2, 0, 0, 2, 0, 0, 0, 0, 1, 0, 1, 0, 0, 0, 0, 0, 0, 0, 0, 0, 1, 1, 0, 0, 2, 0, 0, 2, 2, 0, 2, 0, 1, 1, 0, 1, 0, 1, 0, 0, 0, 0, 0, 1, 0, 0, 0, 0, 0, 0, 0, 3, 2, 4, 1, 4, 1, 2, 0, 3, 2, 4, 1, 5, 4, 6, 3, 6, 157, 0, 0, 0, 0, 0, 0]",4,11.09517869063707,-1,1
865,"[2, 0, 9, 0, 6, 1, 18, 2, 0, 1, 0, 0, 2, 0, 0, 2, 0, 0, 0, 0, 1, 0, 1, 0, 0, 0, 0, 0, 0, 0, 0, 0, 1, 1, 0, 0, 2, 0, 0, 2, 2, 0, 2, 0, 1, 1, 0, 1, 0, 1, 0, 0, 0, 0, 0, 1, 0, 0, 0, 0, 0, 0, 0, 3, 2, 4, 1, 4, 1, 2, 0, 3, 2, 4, 1, 5, 4, 6, 3, 6, 158, 0, 0, 0, 0, 0, 0]",4,16.195899540639523,-1,0
866,"[2, 0, 9, 0, 6, 1, 18, 2, 0, 1, 0, 0, 2, 0, 0, 2, 0, 0, 0, 0, 1, 0, 1, 0, 0, 0, 0, 0, 0, 0, 0, 0, 1, 1, 0, 0, 2, 0, 0, 2, 2, 0, 2, 0, 1, 1, 0, 1, 0, 1, 0, 0, 0, 0, 0, 1, 0, 0, 0, 0, 0, 0, 0, 3, 2, 4, 1, 4, 1, 2, 0, 3, 2, 4, 1, 5, 4, 6, 3, 6, 158, 1, 0, 0, 0, 0, 0]",3,0.36858090622290945,-1,1
867,"[2, 0, 9, 0, 6, 1, 18, 2, 0, 1, 0, 0, 2, 0, 0, 2, 0, 0, 0, 0, 1, 0, 1, 0, 0, 0, 0, 0, 0, 0, 0, 0, 1, 1, 0, 0, 2, 0, 0, 2, 2, 0, 2, 0, 1, 1, 0, 1, 0, 1, 0, 0, 0, 0, 0, 1, 0, 0, 0, 0, 0, 0, 0, 3, 2, 4, 1, 4, 1, 2, 0, 3, 2, 4, 1, 5, 4, 6, 3, 6, 158, 0, 0, 0, 0, 0, 0]",-1,-0.010298754910244172,-1,1
868,"[2, 0, 9, 0, 8, 2, 18, 2, 0, 1, 0, 0, 2, 0, 0, 2, 0, 0, 0, 0, 1, 0, 1, 0, 0, 0, 0, 0, 0, 0, 0, 0, 1, 1, 0, 0, 2, 0, 0, 2, 2, 0, 2, 0, 1, 1, 0, 1, 0, 1, 0, 0, 0, 0, 0, 1, 0, 0, 0, 0, 0, 0, 0, 3, 2, 4, 1, 4, 1, 2, 0, 3, 2, 4, 1, 5, 4, 6, 3, 6, 159, 0, 0, 0, 0, 0, 0]",4,11.27203968255566,-1,1
869,"[2, 0, 9, 0, 8, 2, 18, 2, 0, 1, 0, 0, 2, 0, 0, 2, 0, 0, 0, 0, 1, 0, 1, 0, 0, 0, 0, 0, 0, 0, 0, 0, 1, 1, 0, 0, 2, 0, 0, 2, 2, 0, 2, 0, 1, 1, 0, 1, 0, 1, 0, 0, 0, 0, 0, 1, 0, 0, 0, 0, 0, 0, 0, 3, 2, 4, 1, 4, 1, 2, 0, 3, 2, 4, 1, 5, 4, 6, 3, 6, 159, 0, 1, 0, 0, 0, 0]",2,0.5675069874838607,-1,0
870,"[2, 0, 9, 0, 8, 2, 18, 2, 0, 1, 0, 0, 2, 0, 0, 2, 0, 0, 0, 0, 1, 0, 1, 0, 0, 0, 0, 0, 0, 0, 0, 0, 1, 1, 0, 0, 2, 0, 0, 2, 2, 0, 2, 0, 1, 1, 0, 1, 0, 1, 0, 0, 0, 0, 0, 1, 0, 0, 0, 0, 0, 0, 0, 3, 2, 4, 1, 4, 1, 2, 0, 3, 2, 4, 1, 5, 4, 6, 3, 6, 159, 0, 1, 0, 0, 1, 0]","[[1 0 0 0]
 [0 0 0 1]]",0.8179318525419517,-1,0
871,"[1, 0, 9, 1, 9, 2, 18, 1, 0, 1, 0, 0, 2, 0, 0, 2, 0, 0, 0, 0, 1, 0, 1, 0, 0, 0, 0, 0, 0, 0, 0, 0, 1, 1, 0, 0, 2, 0, 0, 2, 2, 0, 2, 0, 1, 1, 0, 1, 0, 1, 0, 0, 0, 0, 0, 1, 0, 0, 0, 0, 0, 0, 0, 3, 2, 4, 1, 4, 1, 2, 0, 3, 2, 4, 1, 5, 4, 6, 3, 6, 159, 0, 0, 0, 0, 0, 0]",0,-0.03249301251613921,-1,1
872,"[1, 0, 10, 1, 9, 2, 19, 1, 0, 1, 0, 0, 2, 0, 0, 2, 0, 0, 0, 0, 1, 0, 1, 0, 0, 0, 0, 0, 0, 0, 0, 0, 1, 1, 0, 0, 2, 0, 0, 2, 2, 0, 2, 0, 1, 1, 0, 1, 0, 1, 0, 0, 0, 0, 0, 1, 0, 0, 0, 0, 0, 0, 0, 3, 2, 4, 1, 4, 1, 2, 0, 3, 2, 4, 1, 5, 4, 6, 3, 6, 160, 0, 0, 0, 0, 0, 0]",4,16.183557264208616,-1,0
873,"[1, 0, 10, 1, 9, 2, 19, 1, 0, 1, 0, 0, 2, 0, 0, 2, 0, 0, 0, 0, 1, 0, 1, 0, 0, 0, 0, 0, 0, 0, 0, 0, 1, 1, 0, 0, 2, 0, 0, 2, 2, 0, 2, 0, 1, 1, 0, 1, 0, 1, 0, 0, 0, 0, 0, 1, 0, 0, 0, 0, 0, 0, 0, 3, 2, 4, 1, 4, 1, 2, 0, 3, 2, 4, 1, 5, 4, 6, 3, 6, 160, 1, 0, 0, 0, 0, 0]",3,0.3664036770267849,-1,1
874,"[1, 0, 10, 1, 9, 2, 19, 1, 0, 1, 0, 0, 2, 0, 0, 2, 0, 0, 0, 0, 1, 0, 1, 0, 0, 0, 0, 0, 0, 0, 0, 0, 1, 1, 0, 0, 2, 0, 0, 2, 2, 0, 2, 0, 1, 1, 0, 1, 0, 1, 0, 0, 0, 0, 0, 1, 0, 0, 0, 0, 0, 0, 0, 3, 2, 4, 1, 4, 1, 2, 0, 3, 2, 4, 1, 5, 4, 6, 3, 6, 160, 0, 0, 0, 0, 0, 0]",-1,-0.01009482589973277,-1,1
875,"[1, 0, 10, 1, 9, 2, 19, 1, 0, 1, 0, 0, 2, 0, 0, 2, 0, 0, 0, 0, 1, 0, 1, 0, 0, 0, 0, 0, 0, 0, 0, 0, 1, 1, 0, 0, 2, 0, 0, 2, 2, 0, 2, 0, 1, 1, 0, 1, 0, 1, 0, 0, 0, 0, 0, 1, 0, 0, 0, 0, 0, 0, 0, 3, 2, 4, 1, 4, 1, 2, 0, 3, 2, 4, 1, 5, 4, 6, 3, 6, 160, 1, 0, 0, 0, 0, 0]",3,0.3664036770267849,-1,0
876,"[1, 0, 10, 1, 9, 2, 19, 1, 0, 1, 0, 0, 2, 0, 0, 2, 0, 0, 0, 0, 1, 0, 1, 0, 0, 0, 0, 0, 0, 0, 0, 0, 1, 1, 0, 0, 2, 0, 0, 2, 2, 0, 2, 0, 1, 1, 0, 1, 0, 1, 0, 0, 0, 0, 0, 1, 0, 0, 0, 0, 0, 0, 0, 3, 2, 4, 1, 4, 1, 2, 0, 3, 2, 4, 1, 5, 4, 6, 3, 6, 160, 0, 0, 0, 0, 0, 0]",-1,-0.01009482589973277,-1,0
877,"[1, 0, 10, 1, 9, 2, 19, 1, 0, 1, 0, 0, 2, 0, 0, 2, 0, 0, 0, 0, 1, 0, 1, 0, 0, 0, 0, 0, 0, 0, 0, 0, 1, 1, 0, 0, 2, 0, 0, 2, 2, 0, 2, 0, 1, 1, 0, 1, 0, 1, 0, 0, 0, 0, 0, 1, 0, 0, 0, 0, 0, 0, 0, 3, 2, 4, 1, 4, 1, 2, 0, 3, 2, 4, 1, 5, 4, 6, 3, 6, 160, 1, 0, 0, 0, 0, 0]",3,0.3664036770267849,-1,0
878,"[1, 0, 10, 1, 9, 2, 19, 1, 0, 1, 0, 0, 2, 0, 0, 2, 0, 0, 0, 0, 1, 0, 1, 0, 0, 0, 0, 0, 0, 0, 0, 0, 1, 1, 0, 0, 2, 0, 0, 2, 2, 0, 2, 0, 1, 1, 0, 1, 0, 1, 0, 0, 0, 0, 0, 1, 0, 0, 0, 0, 0, 0, 0, 3, 2, 4, 1, 4, 1, 2, 0, 3, 2, 4, 1, 5, 4, 6, 3, 6, 160, 0, 0, 0, 0, 0, 0]",-1,-0.01009482589973277,-1,0
879,"[1, 0, 10, 1, 9, 2, 19, 1, 0, 1, 0, 0, 2, 0, 0, 2, 0, 0, 0, 0, 1, 0, 1, 0, 0, 0, 0, 0, 0, 0, 0, 0, 1, 1, 0, 0, 2, 0, 0, 2, 2, 0, 2, 0, 1, 1, 0, 1, 0, 1, 0, 0, 0, 0, 0, 1, 0, 0, 0, 0, 0, 0, 0, 3, 2, 4, 1, 4, 1, 2, 0, 3, 2, 4, 1, 5, 4, 6, 3, 6, 160, 0, 1, 0, 0, 0, 0]",2,0.5664036770267848,-1,0
880,"[1, 0, 10, 1, 9, 2, 19, 1, 0, 1, 0, 0, 2, 0, 0, 2, 0, 0, 0, 0, 1, 0, 1, 0, 0, 0, 0, 0, 0, 0, 0, 0, 1, 1, 0, 0, 2, 0, 0, 2, 2, 0, 2, 0, 1, 1, 0, 1, 0, 1, 0, 0, 0, 0, 0, 1, 0, 0, 0, 0, 0, 0, 0, 3, 2, 4, 1, 4, 1, 2, 0, 3, 2, 4, 1, 5, 4, 6, 3, 6, 160, 0, 1, 0, 0, 1, 0]","[[1 0 0 0]
 [0 1 0 0]]",0.8168285420848758,-1,0
881,"[1, 0, 10, 1, 9, 2, 19, 1, 0, 1, 0, 0, 2, 0, 0, 2, 0, 0, 0, 0, 1, 0, 1, 0, 0, 0, 0, 0, 0, 0, 0, 0, 1, 1, 0, 0, 2, 0, 0, 2, 2, 0, 2, 0, 1, 1, 0, 1, 0, 1, 0, 0, 0, 0, 0, 1, 0, 0, 0, 0, 0, 0, 0, 3, 2, 4, 1, 4, 1, 2, 0, 3, 2, 4, 1, 5, 4, 6, 3, 6, 160, 0, 1, 0, 0, 0, 1]",2,-0.033596322973215104,-1,1
882,"[1, 0, 10, 1, 9, 2, 19, 1, 0, 1, 0, 0, 2, 0, 0, 2, 0, 0, 0, 0, 1, 0, 1, 0, 0, 0, 0, 0, 0, 0, 0, 0, 1, 1, 0, 0, 2, 0, 0, 2, 2, 0, 2, 0, 1, 1, 0, 1, 0, 1, 0, 0, 0, 0, 0, 1, 0, 0, 0, 0, 0, 0, 0, 3, 2, 4, 1, 4, 1, 2, 0, 3, 2, 4, 1, 5, 4, 6, 3, 6, 160, 0, 0, 1, 0, 0, 0]","[[1 1 7 0]
 [1 0 3 1]]",-0.033596322973215104,-1,1
883,"[1, 1, 14, 0, 9, 1, 15, 2, 0, 1, 0, 0, 2, 0, 0, 2, 0, 0, 0, 0, 1, 0, 1, 0, 0, 0, 0, 0, 0, 0, 0, 0, 1, 1, 0, 0, 2, 0, 0, 2, 2, 0, 2, 0, 1, 1, 0, 1, 0, 1, 0, 0, 0, 0, 0, 1, 0, 0, 0, 0, 0, 0, 0, 3, 2, 4, 1, 4, 1, 2, 0, 3, 2, 4, 1, 5, 4, 6, 3, 6, 160, 0, 0, 0, 0, 0, 0]",0,-0.033596322973215104,-1,0
884,"[1, 1, 14, 0, 9, 1, 15, 2, 0, 1, 0, 0, 2, 0, 0, 2, 0, 0, 0, 0, 1, 0, 1, 0, 0, 0, 0, 0, 0, 0, 0, 0, 1, 1, 0, 0, 2, 0, 0, 2, 2, 0, 2, 0, 1, 1, 0, 1, 0, 1, 0, 0, 0, 0, 0, 1, 0, 0, 0, 0, 0, 0, 0, 3, 2, 4, 1, 4, 1, 2, 0, 3, 2, 4, 1, 5, 4, 6, 3, 6, 160, 0, 0, 0, 0, 0, 0]",0,0.3498094672804012,-1,0
885,"[0, 0, 14, 0, 9, 1, 15, 2, 0, 1, 0, 0, 2, 0, 0, 2, 0, 0, 0, 0, 1, 0, 1, 0, 0, 0, 0, 0, 0, 0, 0, 0, 1, 1, 0, 0, 2, 0, 0, 2, 2, 0, 2, 0, 1, 1, 0, 1, 0, 1, 0, 0, 0, 0, 0, 1, 0, 0, 1, 0, 0, 0, 0, 3, 2, 4, 1, 4, 1, 2, 0, 3, 2, 4, 1, 5, 4, 6, 3, 6, 160, 0, 0, 0, 0, 0, 0]",26,0.6974622556567898,-1,0
886,"[0, 0, 14, 0, 9, 1, 15, 2, 0, 1, 0, 0, 2, 0, 0, 2, 0, 0, 0, 0, 1, 0, 1, 0, 0, 0, 0, 0, 0, 0, 0, 0, 1, 1, 0, 0, 2, 0, 0, 2, 2, 0, 2, 0, 1, 1, 0, 1, 0, 1, 0, 0, 0, 0, 0, 1, 0, 0, 1, 0, 0, 0, 0, 3, 2, 4, 1, 4, 1, 2, 0, 3, 2, 4, 1, 5, 4, 6, 3, 6, 160, 0, 0, 0, 0, 0, 0]",0,0.2794531938767554,-1,0
887,"[0, 0, 14, 0, 9, 1, 15, 2, 0, 1, 0, 0, 2, 0, 0, 2, 0, 0, 0, 0, 1, 0, 1, 0, 0, 0, 0, 0, 0, 0, 0, 0, 1, 1, 0, 0, 2, 0, 0, 2, 2, 0, 2, 0, 1, 1, 0, 1, 0, 1, 0, 0, 0, 0, 0, 1, 0, 0, 1, 0, 0, 0, 0, 3, 2, 4, 1, 4, 1, 2, 0, 3, 2, 4, 1, 5, 4, 6, 3, 6, 160, 0, 0, 0, 0, 0, 0]",-1,-0.01009482589973277,-1,0
888,"[0, 0, 14, 0, 9, 1, 15, 2, 0, 1, 0, 0, 2, 0, 0, 2, 0, 0, 0, 0, 1, 0, 1, 0, 0, 0, 0, 0, 0, 0, 0, 0, 1, 1, 0, 0, 2, 0, 0, 2, 2, 0, 2, 0, 1, 1, 0, 1, 0, 1, 0, 0, 0, 0, 0, 1, 0, 0, 1, 0, 0, 0, 0, 3, 2, 4, 1, 4, 1, 2, 0, 3, 2, 4, 1, 5, 4, 6, 3, 6, 160, 0, 1, 0, 0, 0, 0]",2,0.5664036770267848,-1,0
889,"[0, 0, 14, 0, 9, 1, 15, 2, 0, 1, 0, 0, 2, 0, 0, 2, 0, 0, 0, 0, 1, 0, 1, 0, 0, 0, 0, 0, 0, 0, 0, 0, 1, 1, 0, 0, 2, 0, 0, 2, 2, 0, 2, 0, 1, 1, 0, 1, 0, 1, 0, 0, 0, 0, 0, 1, 0, 0, 1, 0, 0, 0, 0, 3, 2, 4, 1, 4, 1, 2, 0, 3, 2, 4, 1, 5, 4, 6, 3, 6, 160, 0, 1, 0, 0, 1, 0]","[[0 0 1 0]
 [0 1 0 0]]",0.8168285420848758,-1,0
890,"[0, 0, 14, 0, 9, 1, 15, 2, 0, 1, 0, 0, 2, 0, 0, 2, 0, 0, 0, 0, 1, 0, 1, 0, 0, 0, 0, 0, 0, 0, 0, 0, 1, 1, 0, 0, 2, 0, 0, 2, 2, 0, 2, 0, 1, 1, 0, 1, 0, 1, 0, 0, 0, 0, 0, 1, 0, 0, 1, 0, 0, 0, 0, 3, 2, 4, 1, 4, 1, 2, 0, 3, 2, 4, 1, 5, 4, 6, 3, 6, 160, 0, 1, 0, 0, 0, 1]",2,-0.033596322973215104,-1,1
891,"[0, 0, 14, 0, 9, 1, 15, 2, 0, 1, 0, 0, 2, 0, 0, 2, 0, 0, 0, 0, 1, 0, 1, 0, 0, 0, 0, 0, 0, 0, 0, 0, 1, 1, 0, 0, 2, 0, 0, 2, 2, 0, 2, 0, 1, 1, 0, 1, 0, 1, 0, 0, 0, 0, 0, 1, 0, 0, 1, 0, 0, 0, 0, 3, 2, 4, 1, 4, 1, 2, 0, 3, 2, 4, 1, 5, 4, 6, 3, 6, 160, 0, 0, 1, 0, 0, 0]","[[1 0 5 1]
 [0 0 2 0]]",-0.033596322973215104,-1,1
892,"[0, 0, 14, 0, 9, 1, 15, 2, 0, 1, 0, 0, 2, 0, 0, 2, 0, 0, 0, 0, 1, 0, 1, 0, 0, 0, 0, 0, 0, 0, 0, 0, 1, 1, 0, 0, 2, 0, 0, 2, 2, 0, 2, 0, 1, 1, 0, 1, 0, 1, 0, 0, 0, 0, 0, 1, 0, 0, 1, 0, 0, 0, 0, 3, 2, 4, 1, 4, 1, 2, 0, 3, 2, 4, 1, 5, 4, 6, 3, 6, 160, 0, 0, 0, 0, 0, 0]",1,-3.132719962321774,-1,0
893,"[1, 0, 14, 0, 9, 1, 15, 2, 0, 1, 0, 0, 2, 0, 0, 2, 0, 0, 0, 0, 1, 0, 1, 0, 0, 0, 0, 0, 0, 0, 0, 0, 1, 1, 0, 0, 2, 0, 0, 2, 2, 0, 2, 0, 1, 1, 0, 1, 0, 1, 0, 0, 0, 0, 0, 1, 0, 0, 1, 0, 0, 0, 0, 3, 2, 4, 1, 4, 1, 2, 0, 3, 2, 4, 1, 5, 4, 6, 3, 6, 161, 0, 0, 0, 0, 0, 0]",4,17.301227277638286,-1,0
894,"[1, 0, 14, 0, 9, 1, 15, 2, 0, 1, 0, 0, 2, 0, 0, 2, 0, 0, 0, 0, 1, 0, 1, 0, 0, 0, 0, 0, 0, 0, 0, 0, 1, 1, 0, 0, 2, 0, 0, 2, 2, 0, 2, 0, 1, 1, 0, 1, 0, 1, 0, 0, 0, 0, 0, 1, 0, 0, 1, 0, 0, 0, 0, 3, 2, 4, 1, 4, 1, 2, 0, 3, 2, 4, 1, 5, 4, 6, 3, 6, 161, 0, 0, 0, 0, 0, 0]",-1,-0.009994380703757225,-1,1
895,"[1, 0, 14, 0, 9, 1, 15, 2, 0, 1, 0, 0, 2, 0, 0, 2, 0, 0, 0, 0, 1, 0, 1, 0, 0, 0, 0, 0, 0, 0, 0, 0, 1, 1, 0, 0, 2, 0, 0, 2, 2, 0, 2, 0, 1, 1, 0, 1, 0, 1, 0, 0, 0, 0, 0, 1, 0, 0, 1, 0, 0, 0, 0, 3, 2, 4, 1, 4, 1, 2, 0, 3, 2, 4, 1, 5, 4, 6, 3, 6, 161, 1, 0, 0, 0, 0, 0]",3,0.365270670596199,-1,0
896,"[1, 0, 14, 0, 9, 1, 15, 2, 0, 1, 0, 0, 2, 0, 0, 2, 0, 0, 0, 0, 1, 0, 1, 0, 0, 0, 0, 0, 0, 0, 0, 0, 1, 1, 0, 0, 2, 0, 0, 2, 2, 0, 2, 0, 1, 1, 0, 1, 0, 1, 0, 0, 0, 0, 0, 1, 0, 0, 1, 0, 0, 0, 0, 3, 2, 4, 1, 4, 1, 2, 0, 3, 2, 4, 1, 5, 4, 6, 3, 6, 161, 0, 0, 0, 0, 0, 0]",-1,-0.009994380703757225,-1,0
897,"[1, 0, 14, 0, 9, 1, 15, 2, 0, 1, 0, 0, 2, 0, 0, 2, 0, 0, 0, 0, 1, 0, 1, 0, 0, 0, 0, 0, 0, 0, 0, 0, 1, 1, 0, 0, 2, 0, 0, 2, 2, 0, 2, 0, 1, 1, 0, 1, 0, 1, 0, 0, 0, 0, 0, 1, 0, 0, 1, 0, 0, 0, 0, 3, 2, 4, 1, 4, 1, 2, 0, 3, 2, 4, 1, 5, 4, 6, 3, 6, 161, 0, 1, 0, 0, 0, 0]",2,0.565270670596199,-1,0
898,"[1, 0, 14, 0, 9, 1, 15, 2, 0, 1, 0, 0, 2, 0, 0, 2, 0, 0, 0, 0, 1, 0, 1, 0, 0, 0, 0, 0, 0, 0, 0, 0, 1, 1, 0, 0, 2, 0, 0, 2, 2, 0, 2, 0, 1, 1, 0, 1, 0, 1, 0, 0, 0, 0, 0, 1, 0, 0, 1, 0, 0, 0, 0, 3, 2, 4, 1, 4, 1, 2, 0, 3, 2, 4, 1, 5, 4, 6, 3, 6, 161, 0, 1, 0, 0, 1, 0]","[[0 0 1 0]
 [0 0 0 1]]",0.8156955356542899,-1,0
899,"[1, 0, 14, 0, 9, 1, 15, 2, 0, 1, 0, 0, 2, 0, 0, 2, 0, 0, 0, 0, 1, 0, 1, 0, 0, 0, 0, 0, 0, 0, 0, 0, 1, 1, 0, 0, 2, 0, 0, 2, 2, 0, 2, 0, 1, 1, 0, 1, 0, 1, 0, 0, 0, 0, 0, 1, 0, 0, 1, 0, 0, 0, 0, 3, 2, 4, 1, 4, 1, 2, 0, 3, 2, 4, 1, 5, 4, 6, 3, 6, 161, 0, 0, 0, 0, 0, 0]",1,-9.294858918129869,-1,1
900,"[1, 0, 14, 0, 9, 1, 15, 2, 0, 1, 0, 0, 2, 0, 0, 2, 0, 0, 0, 0, 1, 0, 1, 0, 0, 0, 0, 0, 0, 0, 0, 0, 1, 1, 0, 0, 2, 0, 0, 2, 2, 0, 2, 0, 1, 1, 0, 1, 0, 1, 0, 0, 0, 0, 0, 1, 0, 0, 1, 0, 0, 0, 0, 3, 2, 4, 1, 4, 1, 2, 0, 3, 2, 4, 1, 5, 4, 6, 3, 6, 161, 1, 0, 0, 0, 0, 0]",3,0.365270670596199,-1,0
901,"[1, 0, 14, 0, 9, 1, 15, 2, 0, 1, 0, 0, 2, 0, 0, 2, 0, 0, 0, 0, 1, 0, 1, 0, 0, 0, 0, 0, 0, 0, 0, 0, 1, 1, 0, 0, 2, 0, 0, 2, 2, 0, 2, 0, 1, 1, 0, 1, 0, 1, 0, 0, 0, 0, 0, 1, 0, 0, 1, 0, 0, 0, 0, 3, 2, 4, 1, 4, 1, 2, 0, 3, 2, 4, 1, 5, 4, 6, 3, 6, 161, 0, 0, 0, 0, 0, 0]",-1,-0.009994380703757225,-1,0
902,"[1, 0, 14, 0, 9, 1, 15, 2, 0, 1, 0, 0, 2, 0, 0, 2, 0, 0, 0, 0, 1, 0, 1, 0, 0, 0, 0, 0, 0, 0, 0, 0, 1, 1, 0, 0, 2, 0, 0, 2, 2, 0, 2, 0, 1, 1, 0, 1, 0, 1, 0, 0, 0, 0, 0, 1, 0, 0, 1, 0, 0, 0, 0, 3, 2, 4, 1, 4, 1, 2, 0, 3, 2, 4, 1, 5, 4, 6, 3, 6, 161, 0, 1, 0, 0, 0, 0]",2,0.565270670596199,-1,0
903,"[1, 0, 14, 0, 9, 1, 15, 2, 0, 1, 0, 0, 2, 0, 0, 2, 0, 0, 0, 0, 1, 0, 1, 0, 0, 0, 0, 0, 0, 0, 0, 0, 1, 1, 0, 0, 2, 0, 0, 2, 2, 0, 2, 0, 1, 1, 0, 1, 0, 1, 0, 0, 0, 0, 0, 1, 0, 0, 1, 0, 0, 0, 0, 3, 2, 4, 1, 4, 1, 2, 0, 3, 2, 4, 1, 5, 4, 6, 3, 6, 161, 0, 1, 0, 0, 1, 0]","[[1 0 0 0]
 [0 1 0 0]]",0.8156955356542899,-1,0
904,"[1, 0, 14, 0, 9, 1, 15, 2, 0, 1, 0, 0, 2, 0, 0, 2, 0, 0, 0, 0, 1, 0, 1, 0, 0, 0, 0, 0, 0, 0, 0, 0, 1, 1, 0, 0, 2, 0, 0, 2, 2, 0, 2, 0, 1, 1, 0, 1, 0, 1, 0, 0, 0, 0, 0, 1, 0, 0, 1, 0, 0, 0, 0, 3, 2, 4, 1, 4, 1, 2, 0, 3, 2, 4, 1, 5, 4, 6, 3, 6, 161, 0, 1, 0, 0, 0, 1]",2,-0.03472932940380101,-1,1
905,"[1, 0, 14, 0, 9, 1, 15, 2, 0, 1, 0, 0, 2, 0, 0, 2, 0, 0, 0, 0, 1, 0, 1, 0, 0, 0, 0, 0, 0, 0, 0, 0, 1, 1, 0, 0, 2, 0, 0, 2, 2, 0, 2, 0, 1, 1, 0, 1, 0, 1, 0, 0, 0, 0, 0, 1, 0, 0, 1, 0, 0, 0, 0, 3, 2, 4, 1, 4, 1, 2, 0, 3, 2, 4, 1, 5, 4, 6, 3, 6, 161, 0, 0, 1, 0, 0, 0]","[[1 0 6 1]
 [1 0 6 0]]",-0.03472932940380101,-1,1
906,"[1, 0, 14, 1, 9, 1, 15, 1, 0, 1, 0, 0, 2, 0, 0, 2, 0, 0, 0, 0, 1, 0, 1, 0, 0, 0, 0, 0, 0, 0, 0, 0, 1, 1, 0, 0, 2, 0, 0, 2, 2, 0, 2, 0, 1, 1, 0, 1, 0, 1, 0, 0, 0, 0, 0, 1, 0, 0, 1, 0, 0, 0, 0, 3, 2, 4, 1, 4, 1, 2, 0, 3, 2, 4, 1, 5, 4, 6, 3, 6, 161, 0, 0, 0, 0, 0, 0]",0,-0.03472932940380101,-1,0
907,"[2, 0, 14, 1, 9, 1, 15, 1, 0, 1, 0, 0, 2, 0, 0, 2, 0, 0, 0, 0, 1, 0, 1, 0, 0, 0, 0, 0, 0, 0, 0, 0, 1, 1, 0, 0, 2, 0, 0, 2, 2, 0, 2, 0, 1, 1, 0, 1, 0, 1, 0, 0, 0, 0, 0, 1, 0, 0, 1, 0, 0, 0, 0, 3, 2, 4, 1, 4, 1, 2, 0, 3, 2, 4, 1, 5, 4, 6, 3, 6, 162, 0, 0, 0, 0, 0, 0]",4,17.441885920136112,-1,0
908,"[2, 0, 14, 1, 9, 1, 15, 1, 0, 1, 0, 0, 2, 0, 0, 2, 0, 0, 0, 0, 1, 0, 1, 0, 0, 0, 0, 0, 0, 0, 0, 0, 1, 1, 0, 0, 2, 0, 0, 2, 2, 0, 2, 0, 1, 1, 0, 1, 0, 1, 0, 0, 0, 0, 0, 1, 0, 0, 1, 0, 0, 0, 0, 3, 2, 4, 1, 4, 1, 2, 0, 3, 2, 4, 1, 5, 4, 6, 3, 6, 162, 0, 0, 0, 0, 0, 0]",1,0.7737318112181514,-1,1
909,"[2, 0, 14, 1, 9, 1, 15, 1, 0, 1, 0, 0, 2, 0, 0, 2, 0, 0, 0, 0, 1, 0, 1, 0, 0, 0, 0, 0, 0, 0, 0, 0, 1, 1, 0, 0, 2, 0, 0, 2, 2, 0, 2, 0, 1, 1, 0, 1, 0, 1, 0, 0, 0, 0, 0, 1, 0, 0, 1, 0, 0, 0, 0, 3, 2, 4, 1, 4, 1, 2, 0, 3, 2, 4, 1, 5, 4, 6, 3, 6, 162, 0, 0, 0, 0, 0, 0]",-1,-0.009894934954180734,-1,1
910,"[2, 0, 14, 1, 9, 1, 15, 1, 0, 1, 0, 0, 2, 0, 0, 2, 0, 0, 0, 0, 1, 0, 1, 0, 0, 0, 0, 0, 0, 0, 0, 0, 1, 1, 0, 0, 2, 0, 0, 2, 2, 0, 2, 0, 1, 1, 0, 1, 0, 1, 0, 0, 0, 0, 0, 1, 0, 0, 1, 0, 0, 0, 0, 3, 2, 4, 1, 4, 1, 2, 0, 3, 2, 4, 1, 5, 4, 6, 3, 6, 162, 0, 1, 0, 0, 0, 0]",2,0.5641076961185346,-1,0
911,"[2, 0, 14, 1, 9, 1, 15, 1, 0, 1, 0, 0, 2, 0, 0, 2, 0, 0, 0, 0, 1, 0, 1, 0, 0, 0, 0, 0, 0, 0, 0, 0, 1, 1, 0, 0, 2, 0, 0, 2, 2, 0, 2, 0, 1, 1, 0, 1, 0, 1, 0, 0, 0, 0, 0, 1, 0, 0, 1, 0, 0, 0, 0, 3, 2, 4, 1, 4, 1, 2, 0, 3, 2, 4, 1, 5, 4, 6, 3, 6, 162, 0, 1, 0, 0, 1, 0]","[[0 0 1 0]
 [0 1 0 0]]",0.8145325611766255,-1,0
912,"[2, 1, 13, 1, 9, 0, 16, 1, 0, 1, 0, 0, 2, 0, 0, 2, 0, 0, 0, 0, 1, 0, 1, 0, 0, 0, 0, 0, 0, 0, 0, 0, 1, 1, 0, 0, 2, 0, 0, 2, 2, 0, 2, 0, 1, 1, 0, 1, 0, 1, 0, 0, 0, 0, 0, 1, 0, 0, 1, 0, 0, 0, 0, 3, 2, 4, 1, 4, 1, 2, 0, 3, 2, 4, 1, 5, 4, 6, 3, 6, 162, 0, 0, 0, 0, 0, 0]",0,-0.035892303881465366,-1,1
913,"[2, 1, 13, 1, 9, 0, 16, 1, 0, 1, 0, 0, 2, 0, 0, 2, 0, 0, 0, 0, 1, 0, 1, 0, 0, 0, 0, 0, 0, 0, 0, 0, 1, 1, 0, 0, 2, 0, 0, 2, 2, 0, 2, 0, 1, 1, 0, 1, 0, 1, 0, 0, 0, 0, 0, 1, 0, 0, 1, 0, 0, 0, 0, 3, 2, 4, 1, 4, 1, 2, 0, 3, 2, 4, 1, 5, 4, 6, 3, 6, 162, 0, 0, 0, 0, 0, 0]",0,0.27715721296850515,-1,0
914,"[2, 1, 13, 1, 9, 0, 16, 1, 0, 1, 0, 0, 2, 0, 0, 2, 0, 0, 0, 0, 1, 0, 1, 0, 0, 0, 0, 0, 0, 0, 0, 0, 1, 1, 0, 0, 2, 0, 0, 2, 2, 0, 2, 0, 1, 1, 0, 1, 0, 1, 0, 0, 0, 0, 0, 1, 0, 0, 1, 0, 0, 0, 0, 3, 2, 4, 1, 4, 1, 2, 0, 3, 2, 4, 1, 5, 4, 6, 3, 6, 162, 0, 0, 0, 0, 0, 0]",-1,-0.009894934954180734,-1,0
915,"[2, 1, 13, 1, 9, 0, 16, 1, 0, 1, 0, 0, 2, 0, 0, 2, 0, 0, 0, 0, 1, 0, 1, 0, 0, 0, 0, 0, 0, 0, 0, 0, 1, 1, 0, 0, 2, 0, 0, 2, 2, 0, 2, 0, 1, 1, 0, 1, 0, 1, 0, 0, 0, 0, 0, 1, 0, 0, 1, 0, 0, 0, 0, 3, 2, 4, 1, 4, 1, 2, 0, 3, 2, 4, 1, 5, 4, 6, 3, 6, 162, 0, 0, 0, 0, 0, 0]",0,0.27715721296850515,-1,0
916,"[1, 0, 13, 1, 9, 0, 16, 1, 0, 1, 0, 0, 2, 0, 0, 2, 0, 0, 0, 0, 1, 0, 1, 0, 0, 0, 0, 0, 0, 0, 0, 0, 1, 1, 0, 0, 2, 0, 0, 2, 2, 0, 2, 0, 1, 1, 0, 1, 1, 1, 0, 0, 0, 0, 0, 1, 0, 0, 1, 0, 0, 0, 1, 4, 2, 4, 1, 4, 1, 2, 0, 3, 2, 4, 1, 5, 4, 6, 3, 6, 162, 0, 0, 0, 0, 0, 0]",16,3.7816821723121783,-1,0
917,"[1, 0, 6, 1, 4, 0, 8, 1, 0, 1, 0, 0, 2, 0, 0, 2, 0, 0, 0, 0, 1, 0, 1, 0, 0, 0, 0, 0, 0, 0, 0, 0, 1, 1, 0, 0, 2, 0, 0, 2, 2, 0, 2, 0, 1, 1, 0, 1, 1, 1, 0, 0, 0, 0, 0, 1, 0, 0, 1, 0, 0, 0, 1, 4, 2, 4, 1, 4, 1, 2, 0, 3, 2, 4, 1, 5, 4, 6, 3, 6, 163, 0, 0, 0, 0, 0, 0]",4,18.84525475497197,-1,0
918,"[1, 0, 6, 1, 4, 0, 8, 1, 0, 1, 0, 0, 2, 0, 0, 2, 0, 0, 0, 0, 1, 0, 1, 0, 0, 0, 0, 0, 0, 0, 0, 0, 1, 1, 0, 0, 2, 0, 0, 2, 2, 0, 2, 0, 1, 1, 0, 1, 1, 1, 0, 0, 0, 0, 0, 1, 0, 0, 1, 0, 0, 0, 1, 4, 2, 4, 1, 4, 1, 2, 0, 3, 2, 4, 1, 5, 4, 6, 3, 6, 163, 0, 0, 0, 0, 0, 0]",-1,-0.009796478706345467,-1,1
919,"[1, 0, 6, 1, 4, 0, 8, 1, 0, 1, 0, 0, 2, 0, 0, 2, 0, 0, 0, 0, 1, 0, 1, 0, 0, 0, 0, 0, 0, 0, 0, 0, 1, 1, 0, 0, 2, 0, 0, 2, 2, 0, 2, 0, 1, 1, 0, 1, 1, 1, 0, 0, 0, 0, 0, 1, 0, 0, 1, 0, 0, 0, 1, 4, 2, 4, 1, 4, 1, 2, 0, 3, 2, 4, 1, 5, 4, 6, 3, 6, 163, 0, 0, 0, 0, 0, 0]",1,0.7725386312410203,-1,1
920,"[1, 0, 6, 1, 4, 0, 8, 1, 0, 1, 0, 0, 2, 0, 0, 2, 0, 0, 0, 0, 1, 0, 1, 0, 0, 0, 0, 0, 0, 0, 0, 0, 1, 1, 0, 0, 2, 0, 0, 2, 2, 0, 2, 0, 1, 1, 0, 1, 1, 1, 0, 0, 0, 0, 0, 1, 0, 0, 1, 0, 0, 0, 1, 4, 2, 4, 1, 4, 1, 2, 0, 3, 2, 4, 1, 5, 4, 6, 3, 6, 163, 0, 0, 0, 0, 0, 0]",-1,-0.009796478706345467,-1,1
921,"[1, 0, 7, 1, 4, 0, 9, 1, 0, 1, 0, 0, 2, 0, 0, 2, 0, 0, 0, 0, 1, 0, 1, 0, 0, 0, 0, 0, 0, 0, 0, 0, 1, 1, 0, 0, 2, 0, 0, 2, 2, 0, 2, 0, 1, 1, 0, 1, 1, 1, 0, 0, 0, 0, 0, 1, 0, 0, 1, 0, 0, 0, 1, 4, 2, 4, 1, 4, 1, 2, 0, 3, 2, 4, 1, 5, 4, 6, 3, 6, 164, 0, 0, 0, 0, 0, 0]",4,11.20453435200628,-1,1
922,"[1, 0, 7, 1, 4, 0, 9, 1, 0, 1, 0, 0, 2, 0, 0, 2, 0, 0, 0, 0, 1, 0, 1, 0, 0, 0, 0, 0, 0, 0, 0, 0, 1, 1, 0, 0, 2, 0, 0, 2, 2, 0, 2, 0, 1, 1, 0, 1, 1, 1, 0, 0, 0, 0, 0, 1, 0, 0, 1, 0, 0, 0, 1, 4, 2, 4, 1, 4, 1, 2, 0, 3, 2, 4, 1, 5, 4, 6, 3, 6, 164, 0, 1, 0, 0, 0, 0]",2,0.5616909302877064,-1,0
923,"[1, 0, 7, 1, 4, 0, 9, 1, 0, 1, 0, 0, 2, 0, 0, 2, 0, 0, 0, 0, 1, 0, 1, 0, 0, 0, 0, 0, 0, 0, 0, 0, 1, 1, 0, 0, 2, 0, 0, 2, 2, 0, 2, 0, 1, 1, 0, 1, 1, 1, 0, 0, 0, 0, 0, 1, 0, 0, 1, 0, 0, 0, 1, 4, 2, 4, 1, 4, 1, 2, 0, 3, 2, 4, 1, 5, 4, 6, 3, 6, 164, 0, 0, 0, 0, 0, 0]",-1,-0.009699002114544594,-1,0
924,"[1, 0, 7, 1, 4, 0, 9, 1, 0, 1, 0, 0, 2, 0, 0, 2, 0, 0, 0, 0, 1, 0, 1, 0, 0, 0, 0, 0, 0, 0, 0, 0, 1, 1, 0, 0, 2, 0, 0, 2, 2, 0, 2, 0, 1, 1, 0, 1, 1, 1, 0, 0, 0, 0, 0, 1, 0, 0, 1, 0, 0, 0, 1, 4, 2, 4, 1, 4, 1, 2, 0, 3, 2, 4, 1, 5, 4, 6, 3, 6, 164, 0, 1, 0, 0, 0, 0]",2,0.5616909302877064,-1,0
925,"[1, 0, 7, 1, 4, 0, 9, 1, 0, 1, 0, 0, 2, 0, 0, 2, 0, 0, 0, 0, 1, 0, 1, 0, 0, 0, 0, 0, 0, 0, 0, 0, 1, 1, 0, 0, 2, 0, 0, 2, 2, 0, 2, 0, 1, 1, 0, 1, 1, 1, 0, 0, 0, 0, 0, 1, 0, 0, 1, 0, 0, 0, 1, 4, 2, 4, 1, 4, 1, 2, 0, 3, 2, 4, 1, 5, 4, 6, 3, 6, 164, 0, 0, 0, 0, 0, 0]",-1,-0.009699002114544594,-1,0
926,"[1, 0, 7, 1, 4, 0, 9, 1, 0, 1, 0, 0, 2, 0, 0, 2, 0, 0, 0, 0, 1, 0, 1, 0, 0, 0, 0, 0, 0, 0, 0, 0, 1, 1, 0, 0, 2, 0, 0, 2, 2, 0, 2, 0, 1, 1, 0, 1, 1, 1, 0, 0, 0, 0, 0, 1, 0, 0, 1, 0, 0, 0, 1, 4, 2, 4, 1, 4, 1, 2, 0, 3, 2, 4, 1, 5, 4, 6, 3, 6, 164, 0, 1, 0, 0, 0, 0]",2,0.5616909302877064,-1,0
927,"[1, 0, 7, 1, 4, 0, 9, 1, 0, 1, 0, 0, 2, 0, 0, 2, 0, 0, 0, 0, 1, 0, 1, 0, 0, 0, 0, 0, 0, 0, 0, 0, 1, 1, 0, 0, 2, 0, 0, 2, 2, 0, 2, 0, 1, 1, 0, 1, 1, 1, 0, 0, 0, 0, 0, 1, 0, 0, 1, 0, 0, 0, 1, 4, 2, 4, 1, 4, 1, 2, 0, 3, 2, 4, 1, 5, 4, 6, 3, 6, 164, 0, 0, 0, 0, 0, 0]",-1,-0.009699002114544594,-1,0
928,"[1, 0, 8, 1, 4, 0, 10, 1, 0, 1, 0, 0, 2, 0, 0, 2, 0, 0, 0, 0, 1, 0, 1, 0, 0, 0, 0, 0, 0, 0, 0, 0, 1, 1, 0, 0, 2, 0, 0, 2, 2, 0, 2, 0, 1, 1, 0, 1, 1, 1, 0, 0, 0, 0, 0, 1, 0, 0, 1, 0, 0, 0, 1, 4, 2, 4, 1, 4, 1, 2, 0, 3, 2, 4, 1, 5, 4, 6, 3, 6, 165, 0, 0, 0, 0, 0, 0]",4,18.75083462646716,-1,0
929,"[1, 0, 8, 1, 4, 0, 10, 1, 0, 1, 0, 0, 2, 0, 0, 2, 0, 0, 0, 0, 1, 0, 1, 0, 0, 0, 0, 0, 0, 0, 0, 0, 1, 1, 0, 0, 2, 0, 0, 2, 2, 0, 2, 0, 1, 1, 0, 1, 1, 1, 0, 0, 0, 0, 0, 1, 0, 0, 1, 0, 0, 0, 1, 4, 2, 4, 1, 4, 1, 2, 0, 3, 2, 4, 1, 5, 4, 6, 3, 6, 165, 0, 0, 0, 0, 0, 0]",-1,-0.009602495431037705,-1,1
930,"[1, 0, 8, 1, 4, 0, 10, 1, 0, 1, 0, 0, 2, 0, 0, 2, 0, 0, 0, 0, 1, 0, 1, 0, 0, 0, 0, 0, 0, 0, 0, 0, 1, 1, 0, 0, 2, 0, 0, 2, 2, 0, 2, 0, 1, 1, 0, 1, 1, 1, 0, 0, 0, 0, 0, 1, 0, 0, 1, 0, 0, 0, 1, 4, 2, 4, 1, 4, 1, 2, 0, 3, 2, 4, 1, 5, 4, 6, 3, 6, 165, 0, 0, 0, 0, 0, 0]",-1,-0.009602495431037705,-1,1
931,"[1, 0, 8, 1, 6, 1, 10, 1, 0, 1, 0, 0, 2, 0, 0, 2, 0, 0, 0, 0, 1, 0, 1, 0, 0, 0, 0, 0, 0, 0, 0, 0, 1, 1, 0, 0, 2, 0, 0, 2, 2, 0, 2, 0, 1, 1, 0, 1, 1, 1, 0, 0, 0, 0, 0, 1, 0, 0, 1, 0, 0, 0, 1, 4, 2, 4, 1, 4, 1, 2, 0, 3, 2, 4, 1, 5, 4, 6, 3, 6, 166, 0, 0, 0, 0, 0, 0]",4,11.28893471473035,-1,1
932,"[1, 0, 8, 1, 6, 1, 10, 1, 0, 1, 0, 0, 2, 0, 0, 2, 0, 0, 0, 0, 1, 0, 1, 0, 0, 0, 0, 0, 0, 0, 0, 0, 1, 1, 0, 0, 2, 0, 0, 2, 2, 0, 2, 0, 1, 1, 0, 1, 1, 1, 0, 0, 0, 0, 0, 1, 0, 0, 1, 0, 0, 0, 1, 4, 2, 4, 1, 4, 1, 2, 0, 3, 2, 4, 1, 5, 4, 6, 3, 6, 166, 1, 0, 0, 0, 0, 0]",3,0.3591519395431817,-1,0
933,"[1, 0, 8, 1, 6, 1, 10, 1, 0, 1, 0, 0, 2, 0, 0, 2, 0, 0, 0, 0, 1, 0, 1, 0, 0, 0, 0, 0, 0, 0, 0, 0, 1, 1, 0, 0, 2, 0, 0, 2, 2, 0, 2, 0, 1, 1, 0, 1, 1, 1, 0, 0, 0, 0, 0, 1, 0, 0, 1, 0, 0, 0, 1, 4, 2, 4, 1, 4, 1, 2, 0, 3, 2, 4, 1, 5, 4, 6, 3, 6, 166, 0, 0, 0, 0, 0, 0]",-1,-0.009506949005076025,-1,0
934,"[1, 0, 8, 1, 6, 1, 10, 1, 0, 1, 0, 0, 2, 0, 0, 2, 0, 0, 0, 0, 1, 0, 1, 0, 0, 0, 0, 0, 0, 0, 0, 0, 1, 1, 0, 0, 2, 0, 0, 2, 2, 0, 2, 0, 1, 1, 0, 1, 1, 1, 0, 0, 0, 0, 0, 1, 0, 0, 1, 0, 0, 0, 1, 4, 2, 4, 1, 4, 1, 2, 0, 3, 2, 4, 1, 5, 4, 6, 3, 6, 166, 1, 0, 0, 0, 0, 0]",3,0.3591519395431817,-1,0
935,"[1, 0, 8, 1, 6, 1, 10, 1, 0, 1, 0, 0, 2, 0, 0, 2, 0, 0, 0, 0, 1, 0, 1, 0, 0, 0, 0, 0, 0, 0, 0, 0, 1, 1, 0, 0, 2, 0, 0, 2, 2, 0, 2, 0, 1, 1, 0, 1, 1, 1, 0, 0, 0, 0, 0, 1, 0, 0, 1, 0, 0, 0, 1, 4, 2, 4, 1, 4, 1, 2, 0, 3, 2, 4, 1, 5, 4, 6, 3, 6, 166, 0, 0, 0, 0, 0, 0]",-1,-0.009506949005076025,-1,0
936,"[1, 0, 8, 1, 6, 1, 10, 1, 0, 1, 0, 0, 2, 0, 0, 2, 0, 0, 0, 0, 1, 0, 1, 0, 0, 0, 0, 0, 0, 0, 0, 0, 1, 1, 0, 0, 2, 0, 0, 2, 2, 0, 2, 0, 1, 1, 0, 1, 1, 1, 0, 0, 0, 0, 0, 1, 0, 0, 1, 0, 0, 0, 1, 4, 2, 4, 1, 4, 1, 2, 0, 3, 2, 4, 1, 5, 4, 6, 3, 6, 166, 1, 0, 0, 0, 0, 0]",3,0.3591519395431817,-1,0
937,"[1, 0, 8, 1, 6, 1, 10, 1, 0, 1, 0, 0, 2, 0, 0, 2, 0, 0, 0, 0, 1, 0, 1, 0, 0, 0, 0, 0, 0, 0, 0, 0, 1, 1, 0, 0, 2, 0, 0, 2, 2, 0, 2, 0, 1, 1, 0, 1, 1, 1, 0, 0, 0, 0, 0, 1, 0, 0, 1, 0, 0, 0, 1, 4, 2, 4, 1, 4, 1, 2, 0, 3, 2, 4, 1, 5, 4, 6, 3, 6, 166, 0, 0, 0, 0, 0, 0]",-1,-0.009506949005076025,-1,0
938,"[1, 0, 8, 1, 6, 1, 10, 1, 0, 1, 0, 0, 2, 0, 0, 2, 0, 0, 0, 0, 1, 0, 1, 0, 0, 0, 0, 0, 0, 0, 0, 0, 1, 1, 0, 0, 2, 0, 0, 2, 2, 0, 2, 0, 1, 1, 0, 1, 1, 1, 0, 0, 0, 0, 0, 1, 0, 0, 1, 0, 0, 0, 1, 4, 2, 4, 1, 4, 1, 2, 0, 3, 2, 4, 1, 5, 4, 6, 3, 6, 166, 1, 0, 0, 0, 0, 0]",3,0.3591519395431817,-1,0
939,"[1, 0, 8, 1, 6, 1, 10, 1, 0, 1, 0, 0, 2, 0, 0, 2, 0, 0, 0, 0, 1, 0, 1, 0, 0, 0, 0, 0, 0, 0, 0, 0, 1, 1, 0, 0, 2, 0, 0, 2, 2, 0, 2, 0, 1, 1, 0, 1, 1, 1, 0, 0, 0, 0, 0, 1, 0, 0, 1, 0, 0, 0, 1, 4, 2, 4, 1, 4, 1, 2, 0, 3, 2, 4, 1, 5, 4, 6, 3, 6, 166, 0, 0, 0, 0, 0, 0]",-1,-0.009506949005076025,-1,0
940,"[1, 0, 8, 1, 6, 1, 10, 1, 0, 1, 0, 0, 2, 0, 0, 2, 0, 0, 0, 0, 1, 0, 1, 0, 0, 0, 0, 0, 0, 0, 0, 0, 1, 1, 0, 0, 2, 0, 0, 2, 2, 0, 2, 0, 1, 1, 0, 1, 1, 1, 0, 0, 0, 0, 0, 1, 0, 0, 1, 0, 0, 0, 1, 4, 2, 4, 1, 4, 1, 2, 0, 3, 2, 4, 1, 5, 4, 6, 3, 6, 166, 1, 0, 0, 0, 0, 0]",3,0.3591519395431817,-1,0
941,"[1, 0, 8, 1, 6, 1, 10, 1, 0, 1, 0, 0, 2, 0, 0, 2, 0, 0, 0, 0, 1, 0, 1, 0, 0, 0, 0, 0, 0, 0, 0, 0, 1, 1, 0, 0, 2, 0, 0, 2, 2, 0, 2, 0, 1, 1, 0, 1, 1, 1, 0, 0, 0, 0, 0, 1, 0, 0, 1, 0, 0, 0, 1, 4, 2, 4, 1, 4, 1, 2, 0, 3, 2, 4, 1, 5, 4, 6, 3, 6, 166, 0, 0, 0, 0, 0, 0]",-1,-0.009506949005076025,-1,0
942,"[1, 0, 8, 1, 8, 2, 10, 1, 0, 1, 0, 0, 2, 0, 0, 2, 0, 0, 0, 0, 1, 0, 1, 0, 0, 0, 0, 0, 0, 0, 0, 0, 1, 1, 0, 0, 2, 0, 0, 2, 2, 0, 2, 0, 1, 1, 0, 1, 1, 1, 0, 0, 0, 0, 0, 1, 0, 0, 1, 0, 0, 0, 1, 4, 2, 4, 1, 4, 1, 2, 0, 3, 2, 4, 1, 5, 4, 6, 3, 6, 167, 0, 0, 0, 0, 0, 0]",4,18.747850083840955,-1,0
943,"[1, 0, 8, 1, 8, 2, 10, 1, 0, 1, 0, 0, 2, 0, 0, 2, 0, 0, 0, 0, 1, 0, 1, 0, 0, 0, 0, 0, 0, 0, 0, 0, 1, 1, 0, 0, 2, 0, 0, 2, 2, 0, 2, 0, 1, 1, 0, 1, 1, 1, 0, 0, 0, 0, 0, 1, 0, 0, 1, 0, 0, 0, 1, 4, 2, 4, 1, 4, 1, 2, 0, 3, 2, 4, 1, 5, 4, 6, 3, 6, 167, 1, 0, 0, 0, 0, 0]",3,0.3578363413044506,-1,1
944,"[1, 0, 8, 1, 8, 2, 10, 1, 0, 1, 0, 0, 2, 0, 0, 2, 0, 0, 0, 0, 1, 0, 1, 0, 0, 0, 0, 0, 0, 0, 0, 0, 1, 1, 0, 0, 2, 0, 0, 2, 2, 0, 2, 0, 1, 1, 0, 1, 1, 1, 0, 0, 0, 0, 0, 1, 0, 0, 1, 0, 0, 0, 1, 4, 2, 4, 1, 4, 1, 2, 0, 3, 2, 4, 1, 5, 4, 6, 3, 6, 167, 0, 0, 0, 0, 0, 0]",-1,-0.00941235328193734,-1,1
945,"[1, 0, 8, 1, 10, 3, 10, 1, 0, 1, 0, 0, 2, 0, 0, 2, 0, 0, 0, 0, 1, 0, 1, 0, 0, 0, 0, 0, 0, 0, 0, 0, 1, 1, 0, 0, 2, 0, 0, 2, 2, 0, 2, 0, 1, 1, 0, 1, 1, 1, 0, 0, 0, 0, 0, 1, 0, 0, 1, 0, 0, 0, 1, 4, 2, 4, 1, 4, 1, 2, 0, 3, 2, 4, 1, 5, 4, 6, 3, 6, 168, 0, 0, 0, 0, 0, 0]",4,11.37710103530789,-1,1
946,"[1, 0, 8, 1, 10, 3, 10, 1, 0, 1, 0, 0, 2, 0, 0, 2, 0, 0, 0, 0, 1, 0, 1, 0, 0, 0, 0, 0, 0, 0, 0, 0, 1, 1, 0, 0, 2, 0, 0, 2, 2, 0, 2, 0, 1, 1, 0, 1, 1, 1, 0, 0, 0, 0, 0, 1, 0, 0, 1, 0, 0, 0, 1, 4, 2, 4, 1, 4, 1, 2, 0, 3, 2, 4, 1, 5, 4, 6, 3, 6, 168, 1, 0, 0, 0, 0, 0]",3,0.3564899552846225,-1,0
947,"[1, 0, 8, 1, 10, 3, 10, 1, 0, 1, 0, 0, 2, 0, 0, 2, 0, 0, 0, 0, 1, 0, 1, 0, 0, 0, 0, 0, 0, 0, 0, 0, 1, 1, 0, 0, 2, 0, 0, 2, 2, 0, 2, 0, 1, 1, 0, 1, 1, 1, 0, 0, 0, 0, 0, 1, 0, 0, 1, 0, 0, 0, 1, 4, 2, 4, 1, 4, 1, 2, 0, 3, 2, 4, 1, 5, 4, 6, 3, 6, 168, 0, 0, 0, 0, 0, 0]",-1,-0.009318698801970499,-1,0
948,"[1, 0, 8, 1, 10, 3, 10, 1, 0, 1, 0, 0, 2, 0, 0, 2, 0, 0, 0, 0, 1, 0, 1, 0, 0, 0, 0, 0, 0, 0, 0, 0, 1, 1, 0, 0, 2, 0, 0, 2, 2, 0, 2, 0, 1, 1, 0, 1, 1, 1, 0, 0, 0, 0, 0, 1, 0, 0, 1, 0, 0, 0, 1, 4, 2, 4, 1, 4, 1, 2, 0, 3, 2, 4, 1, 5, 4, 6, 3, 6, 168, 0, 1, 0, 0, 0, 0]",2,0.5564899552846225,-1,0
949,"[1, 0, 8, 1, 10, 3, 10, 1, 0, 1, 0, 0, 2, 0, 0, 2, 0, 0, 0, 0, 1, 0, 1, 0, 0, 0, 0, 0, 0, 0, 0, 0, 1, 1, 0, 0, 2, 0, 0, 2, 2, 0, 2, 0, 1, 1, 0, 1, 1, 1, 0, 0, 0, 0, 0, 1, 0, 0, 1, 0, 0, 0, 1, 4, 2, 4, 1, 4, 1, 2, 0, 3, 2, 4, 1, 5, 4, 6, 3, 6, 168, 0, 1, 0, 0, 1, 0]","[[1 0 0 0]
 [0 1 0 0]]",0.8069148203427134,-1,0
950,"[1, 0, 8, 1, 10, 3, 10, 1, 0, 1, 0, 0, 2, 0, 0, 2, 0, 0, 0, 0, 1, 0, 1, 0, 0, 0, 0, 0, 0, 0, 0, 0, 1, 1, 0, 0, 2, 0, 0, 2, 2, 0, 2, 0, 1, 1, 0, 1, 1, 1, 0, 0, 0, 0, 0, 1, 0, 0, 1, 0, 0, 0, 1, 4, 2, 4, 1, 4, 1, 2, 0, 3, 2, 4, 1, 5, 4, 6, 3, 6, 168, 0, 0, 0, 0, 0, 0]",1,-9.303639633441446,-1,1
951,"[1, 0, 8, 1, 12, 4, 10, 1, 0, 1, 0, 0, 2, 0, 0, 2, 0, 0, 0, 0, 1, 0, 1, 0, 0, 0, 0, 0, 0, 0, 0, 0, 1, 1, 0, 0, 2, 0, 0, 2, 2, 0, 2, 0, 1, 1, 0, 1, 1, 1, 0, 0, 0, 0, 0, 1, 0, 0, 1, 0, 0, 0, 1, 4, 2, 4, 1, 4, 1, 2, 0, 3, 2, 4, 1, 5, 4, 6, 3, 6, 169, 0, 0, 0, 0, 0, 0]",4,18.744750044984112,-1,0
952,"[1, 0, 8, 1, 12, 4, 10, 1, 0, 1, 0, 0, 2, 0, 0, 2, 0, 0, 0, 0, 1, 0, 1, 0, 0, 0, 0, 0, 0, 0, 0, 0, 1, 1, 0, 0, 2, 0, 0, 2, 2, 0, 2, 0, 1, 1, 0, 1, 1, 1, 0, 0, 0, 0, 0, 1, 0, 0, 1, 0, 0, 0, 1, 4, 2, 4, 1, 4, 1, 2, 0, 3, 2, 4, 1, 5, 4, 6, 3, 6, 169, 0, 1, 0, 0, 0, 0]",2,0.5551128028538147,-1,1
953,"[1, 0, 8, 1, 12, 4, 10, 1, 0, 1, 0, 0, 2, 0, 0, 2, 0, 0, 0, 0, 1, 0, 1, 0, 0, 0, 0, 0, 0, 0, 0, 0, 1, 1, 0, 0, 2, 0, 0, 2, 2, 0, 2, 0, 1, 1, 0, 1, 1, 1, 0, 0, 0, 0, 0, 1, 0, 0, 1, 0, 0, 0, 1, 4, 2, 4, 1, 4, 1, 2, 0, 3, 2, 4, 1, 5, 4, 6, 3, 6, 169, 0, 1, 0, 0, 1, 0]","[[3 2 3 0]
 [1 0 6 1]]",0.8055376679119056,-1,1
954,"[3, 2, 5, 0, 10, 2, 13, 2, 0, 1, 0, 0, 2, 0, 0, 2, 0, 0, 0, 0, 1, 0, 1, 0, 0, 0, 0, 0, 0, 0, 0, 0, 1, 1, 0, 0, 2, 0, 0, 2, 2, 0, 2, 0, 1, 1, 0, 1, 1, 1, 0, 0, 0, 0, 0, 1, 0, 0, 1, 0, 0, 0, 1, 4, 2, 4, 1, 4, 1, 2, 0, 3, 2, 4, 1, 5, 4, 6, 3, 6, 169, 0, 0, 0, 0, 0, 0]",0,-0.044887197146185304,-1,0
955,"[3, 2, 5, 0, 10, 2, 13, 2, 0, 1, 0, 0, 2, 0, 0, 2, 0, 0, 0, 0, 1, 0, 1, 0, 0, 0, 0, 0, 0, 0, 0, 0, 1, 1, 0, 0, 2, 0, 0, 2, 2, 0, 2, 0, 1, 1, 0, 1, 1, 1, 0, 0, 0, 0, 0, 1, 0, 0, 1, 0, 0, 0, 1, 4, 2, 4, 1, 4, 1, 2, 0, 3, 2, 4, 1, 5, 4, 6, 3, 6, 169, 1, 0, 0, 0, 0, 0]",3,0.35511280285381475,-1,1
956,"[3, 2, 5, 0, 10, 2, 13, 2, 0, 1, 0, 0, 2, 0, 0, 2, 0, 0, 0, 0, 1, 0, 1, 0, 0, 0, 0, 0, 0, 0, 0, 0, 1, 1, 0, 0, 2, 0, 0, 2, 2, 0, 2, 0, 1, 1, 0, 1, 1, 1, 0, 0, 0, 0, 0, 1, 0, 0, 1, 0, 0, 0, 1, 4, 2, 4, 1, 4, 1, 2, 0, 3, 2, 4, 1, 5, 4, 6, 3, 6, 169, 0, 0, 0, 0, 0, 0]",-1,-0.009225976199649464,-1,1
957,"[3, 2, 5, 0, 10, 2, 13, 2, 0, 1, 0, 0, 2, 0, 0, 2, 0, 0, 0, 0, 1, 0, 1, 0, 0, 0, 0, 0, 0, 0, 0, 0, 1, 1, 0, 0, 2, 0, 0, 2, 2, 0, 2, 0, 1, 1, 0, 1, 1, 1, 0, 0, 0, 0, 0, 1, 0, 0, 1, 0, 0, 0, 1, 4, 2, 4, 1, 4, 1, 2, 0, 3, 2, 4, 1, 5, 4, 6, 3, 6, 170, 0, 0, 0, 0, 0, 0]",4,11.346252401619612,-1,1
958,"[3, 2, 5, 0, 10, 2, 13, 2, 0, 1, 0, 0, 2, 0, 0, 2, 0, 0, 0, 0, 1, 0, 1, 0, 0, 0, 0, 0, 0, 0, 0, 0, 1, 1, 0, 0, 2, 0, 0, 2, 2, 0, 2, 0, 1, 1, 0, 1, 1, 1, 0, 0, 0, 0, 0, 1, 0, 0, 1, 0, 0, 0, 1, 4, 2, 4, 1, 4, 1, 2, 0, 3, 2, 4, 1, 5, 4, 6, 3, 6, 170, 0, 0, 0, 0, 0, 0]",0,0.17506439291159,-1,0
959,"[3, 2, 5, 0, 10, 2, 13, 2, 0, 1, 0, 0, 2, 0, 0, 2, 0, 0, 0, 0, 1, 0, 1, 0, 0, 0, 0, 0, 0, 0, 0, 0, 1, 1, 0, 0, 2, 0, 0, 2, 2, 0, 2, 0, 1, 1, 0, 1, 1, 1, 0, 0, 0, 0, 0, 1, 0, 0, 1, 0, 0, 0, 1, 4, 2, 4, 1, 4, 1, 2, 0, 3, 2, 4, 1, 5, 4, 6, 3, 6, 170, 0, 0, 0, 0, 0, 0]",-1,-0.009134176202636733,-1,0
960,"[3, 2, 5, 0, 10, 2, 13, 2, 0, 1, 0, 0, 2, 0, 0, 2, 0, 0, 0, 0, 1, 0, 1, 0, 0, 0, 0, 0, 0, 0, 0, 0, 1, 1, 0, 0, 2, 0, 0, 2, 2, 0, 2, 0, 1, 1, 0, 1, 1, 1, 0, 0, 0, 0, 0, 1, 0, 0, 1, 0, 0, 0, 1, 4, 2, 4, 1, 4, 1, 2, 0, 3, 2, 4, 1, 5, 4, 6, 3, 6, 170, 0, 0, 0, 0, 0, 0]",0,0.17506439291159,-1,0
961,"[3, 2, 5, 0, 10, 2, 13, 2, 0, 1, 0, 0, 2, 0, 0, 2, 0, 0, 0, 0, 1, 0, 1, 0, 0, 0, 0, 0, 0, 0, 0, 0, 1, 1, 0, 0, 2, 0, 0, 2, 2, 0, 2, 0, 1, 1, 0, 1, 1, 1, 0, 0, 0, 0, 0, 1, 0, 0, 1, 0, 0, 0, 1, 4, 2, 4, 1, 4, 1, 2, 0, 3, 2, 4, 1, 5, 4, 6, 3, 6, 170, 0, 0, 0, 0, 0, 0]",-1,-0.009134176202636733,-1,0
962,"[3, 2, 5, 0, 10, 2, 13, 2, 0, 1, 0, 0, 2, 0, 0, 2, 0, 0, 0, 0, 1, 0, 1, 0, 0, 0, 0, 0, 0, 0, 0, 0, 1, 1, 0, 0, 2, 0, 0, 2, 2, 0, 2, 0, 1, 1, 0, 1, 1, 1, 0, 0, 0, 0, 0, 1, 0, 0, 1, 0, 0, 0, 1, 4, 2, 4, 1, 4, 1, 2, 0, 3, 2, 4, 1, 5, 4, 6, 3, 6, 170, 0, 0, 0, 0, 0, 0]",0,0.17506439291159,-1,0
963,"[3, 2, 5, 0, 10, 2, 13, 2, 0, 1, 0, 0, 2, 0, 0, 2, 0, 0, 0, 0, 1, 0, 1, 0, 0, 0, 0, 0, 0, 0, 0, 0, 1, 1, 0, 0, 2, 0, 0, 2, 2, 0, 2, 0, 1, 1, 0, 1, 1, 1, 0, 0, 0, 0, 0, 1, 0, 0, 1, 0, 0, 0, 1, 4, 2, 4, 1, 4, 1, 2, 0, 3, 2, 4, 1, 5, 4, 6, 3, 6, 170, 0, 0, 0, 0, 0, 0]",-1,-0.009134176202636733,-1,0
964,"[3, 2, 5, 0, 10, 2, 13, 2, 0, 1, 0, 0, 2, 0, 0, 2, 0, 0, 0, 0, 1, 0, 1, 0, 0, 0, 0, 0, 0, 0, 0, 0, 1, 1, 0, 0, 2, 0, 0, 2, 2, 0, 2, 0, 1, 1, 0, 1, 1, 1, 0, 0, 0, 0, 0, 1, 0, 0, 1, 0, 0, 0, 1, 4, 2, 4, 1, 4, 1, 2, 0, 3, 2, 4, 1, 5, 4, 6, 3, 6, 170, 0, 0, 0, 0, 0, 0]",0,0.17506439291159,-1,0
965,"[3, 2, 5, 0, 10, 2, 13, 2, 0, 1, 0, 0, 2, 0, 0, 2, 0, 0, 0, 0, 1, 0, 1, 0, 0, 0, 0, 0, 0, 0, 0, 0, 1, 1, 0, 0, 2, 0, 0, 2, 2, 0, 2, 0, 1, 1, 0, 1, 1, 1, 0, 0, 0, 0, 0, 1, 0, 0, 1, 0, 0, 0, 1, 4, 2, 4, 1, 4, 1, 2, 0, 3, 2, 4, 1, 5, 4, 6, 3, 6, 170, 0, 0, 0, 0, 0, 0]",-1,-0.009134176202636733,-1,0
966,"[3, 2, 5, 0, 10, 2, 13, 2, 0, 1, 0, 0, 2, 0, 0, 2, 0, 0, 0, 0, 1, 0, 1, 0, 0, 0, 0, 0, 0, 0, 0, 0, 1, 1, 0, 0, 2, 0, 0, 2, 2, 0, 2, 0, 1, 1, 0, 1, 1, 1, 0, 0, 0, 0, 0, 1, 0, 0, 1, 0, 0, 0, 1, 4, 2, 4, 1, 4, 1, 2, 0, 3, 2, 4, 1, 5, 4, 6, 3, 6, 170, 0, 0, 0, 0, 0, 0]",0,0.17506439291159,-1,0
967,"[3, 2, 5, 0, 10, 2, 13, 2, 0, 1, 0, 0, 2, 0, 0, 2, 0, 0, 0, 0, 1, 0, 1, 0, 0, 0, 0, 0, 0, 0, 0, 0, 1, 1, 0, 0, 2, 0, 0, 2, 2, 0, 2, 0, 1, 1, 0, 1, 1, 1, 0, 0, 0, 0, 0, 1, 0, 0, 1, 0, 0, 0, 1, 4, 2, 4, 1, 4, 1, 2, 0, 3, 2, 4, 1, 5, 4, 6, 3, 6, 170, 0, 0, 0, 0, 0, 0]",-1,-0.009134176202636733,-1,0
968,"[3, 2, 5, 0, 10, 2, 13, 2, 0, 1, 0, 0, 2, 0, 0, 2, 0, 0, 0, 0, 1, 0, 1, 0, 0, 0, 0, 0, 0, 0, 0, 0, 1, 1, 0, 0, 2, 0, 0, 2, 2, 0, 2, 0, 1, 1, 0, 1, 1, 1, 0, 0, 0, 0, 0, 1, 0, 0, 1, 0, 0, 0, 1, 4, 2, 4, 1, 4, 1, 2, 0, 3, 2, 4, 1, 5, 4, 6, 3, 6, 170, 0, 0, 0, 0, 0, 0]",0,0.17506439291159,-1,0
969,"[3, 2, 5, 0, 10, 2, 13, 2, 0, 1, 0, 0, 2, 0, 0, 2, 0, 0, 0, 0, 1, 0, 1, 0, 0, 0, 0, 0, 0, 0, 0, 0, 1, 1, 0, 0, 2, 0, 0, 2, 2, 0, 2, 0, 1, 1, 0, 1, 1, 1, 0, 0, 0, 0, 0, 1, 0, 0, 1, 0, 0, 0, 1, 4, 2, 4, 1, 4, 1, 2, 0, 3, 2, 4, 1, 5, 4, 6, 3, 6, 170, 0, 0, 0, 0, 0, 0]",-1,-0.009134176202636733,-1,0
970,"[3, 2, 5, 0, 10, 2, 13, 2, 0, 1, 0, 0, 2, 0, 0, 2, 0, 0, 0, 0, 1, 0, 1, 0, 0, 0, 0, 0, 0, 0, 0, 0, 1, 1, 0, 0, 2, 0, 0, 2, 2, 0, 2, 0, 1, 1, 0, 1, 1, 1, 0, 0, 0, 0, 0, 1, 0, 0, 1, 0, 0, 0, 1, 4, 2, 4, 1, 4, 1, 2, 0, 3, 2, 4, 1, 5, 4, 6, 3, 6, 170, 0, 0, 0, 0, 0, 0]",0,0.17506439291159,-1,0
971,"[3, 2, 5, 0, 10, 2, 13, 2, 0, 1, 0, 0, 2, 0, 0, 2, 0, 0, 0, 0, 1, 0, 1, 0, 0, 0, 0, 0, 0, 0, 0, 0, 1, 1, 0, 0, 2, 0, 0, 2, 2, 0, 2, 0, 1, 1, 0, 1, 1, 1, 0, 0, 0, 0, 0, 1, 0, 0, 1, 0, 0, 0, 1, 4, 2, 4, 1, 4, 1, 2, 0, 3, 2, 4, 1, 5, 4, 6, 3, 6, 170, 0, 0, 0, 0, 0, 0]",-1,-0.009134176202636733,-1,0
972,"[3, 2, 5, 0, 10, 2, 13, 2, 0, 1, 0, 0, 2, 0, 0, 2, 0, 0, 0, 0, 1, 0, 1, 0, 0, 0, 0, 0, 0, 0, 0, 0, 1, 1, 0, 0, 2, 0, 0, 2, 2, 0, 2, 0, 1, 1, 0, 1, 1, 1, 0, 0, 0, 0, 0, 1, 0, 0, 1, 0, 0, 0, 1, 4, 2, 4, 1, 4, 1, 2, 0, 3, 2, 4, 1, 5, 4, 6, 3, 6, 170, 0, 0, 0, 0, 0, 0]",0,0.17506439291159,-1,0
973,"[3, 2, 5, 0, 10, 2, 13, 2, 0, 1, 0, 0, 2, 0, 0, 2, 0, 0, 0, 0, 1, 0, 1, 0, 0, 0, 0, 0, 0, 0, 0, 0, 1, 1, 0, 0, 2, 0, 0, 2, 2, 0, 2, 0, 1, 1, 0, 1, 1, 1, 0, 0, 0, 0, 0, 1, 0, 0, 1, 0, 0, 0, 1, 4, 2, 4, 1, 4, 1, 2, 0, 3, 2, 4, 1, 5, 4, 6, 3, 6, 170, 0, 0, 0, 0, 0, 0]",-1,-0.009134176202636733,-1,0
974,"[3, 2, 5, 0, 10, 2, 13, 2, 0, 1, 0, 0, 2, 0, 0, 2, 0, 0, 0, 0, 1, 0, 1, 0, 0, 0, 0, 0, 0, 0, 0, 0, 1, 1, 0, 0, 2, 0, 0, 2, 2, 0, 2, 0, 1, 1, 0, 1, 1, 1, 0, 0, 0, 0, 0, 1, 0, 0, 1, 0, 0, 0, 1, 4, 2, 4, 1, 4, 1, 2, 0, 3, 2, 4, 1, 5, 4, 6, 3, 6, 170, 0, 1, 0, 0, 0, 0]",2,0.5537049566998035,-1,0
975,"[3, 2, 5, 0, 10, 2, 13, 2, 0, 1, 0, 0, 2, 0, 0, 2, 0, 0, 0, 0, 1, 0, 1, 0, 0, 0, 0, 0, 0, 0, 0, 0, 1, 1, 0, 0, 2, 0, 0, 2, 2, 0, 2, 0, 1, 1, 0, 1, 1, 1, 0, 0, 0, 0, 0, 1, 0, 0, 1, 0, 0, 0, 1, 4, 2, 4, 1, 4, 1, 2, 0, 3, 2, 4, 1, 5, 4, 6, 3, 6, 170, 0, 1, 0, 0, 1, 0]","[[0 0 1 0]
 [0 0 0 1]]",0.8041298217578944,-1,0
976,"[3, 2, 5, 0, 10, 2, 13, 2, 0, 1, 0, 0, 2, 0, 0, 2, 0, 0, 0, 0, 1, 0, 1, 0, 0, 0, 0, 0, 0, 0, 0, 0, 1, 1, 0, 0, 2, 0, 0, 2, 2, 0, 2, 0, 1, 1, 0, 1, 1, 1, 0, 0, 0, 0, 0, 1, 0, 0, 1, 0, 0, 0, 1, 4, 2, 4, 1, 4, 1, 2, 0, 3, 2, 4, 1, 5, 4, 6, 3, 6, 170, 0, 0, 0, 0, 0, 0]",1,-9.306424632026264,-1,1
977,"[3, 2, 5, 0, 10, 2, 13, 2, 0, 1, 0, 0, 2, 0, 0, 2, 0, 0, 0, 0, 1, 0, 1, 0, 0, 0, 0, 0, 0, 0, 0, 0, 1, 1, 0, 0, 2, 0, 0, 2, 2, 0, 2, 0, 1, 1, 0, 1, 1, 1, 0, 0, 0, 0, 0, 1, 0, 0, 1, 0, 0, 0, 1, 4, 2, 4, 1, 4, 1, 2, 0, 3, 2, 4, 1, 5, 4, 6, 3, 6, 170, 0, 0, 0, 0, 0, 0]",1,0.5884929152989776,-1,0
978,"[3, 2, 5, 0, 10, 2, 13, 2, 0, 1, 0, 0, 2, 0, 0, 2, 0, 0, 0, 0, 1, 0, 1, 0, 0, 0, 0, 0, 0, 0, 0, 0, 1, 1, 0, 0, 2, 0, 0, 2, 2, 0, 2, 0, 1, 1, 0, 1, 1, 1, 0, 0, 0, 0, 0, 1, 0, 0, 1, 0, 0, 0, 1, 4, 2, 4, 1, 4, 1, 2, 0, 3, 2, 4, 1, 5, 4, 6, 3, 6, 170, 0, 0, 0, 0, 0, 0]",-1,-0.009134176202636733,-1,0
979,"[3, 2, 5, 0, 10, 2, 13, 2, 0, 1, 0, 0, 2, 0, 0, 2, 0, 0, 0, 0, 1, 0, 1, 0, 0, 0, 0, 0, 0, 0, 0, 0, 1, 1, 0, 0, 2, 0, 0, 2, 2, 0, 2, 0, 1, 1, 0, 1, 1, 1, 0, 0, 0, 0, 0, 1, 0, 0, 1, 0, 0, 0, 1, 4, 2, 4, 1, 4, 1, 2, 0, 3, 2, 4, 1, 5, 4, 6, 3, 6, 170, 1, 0, 0, 0, 0, 0]",3,0.35370495669980356,-1,0
980,"[1, 2, 5, 1, 10, 2, 13, 2, 0, 1, 0, 0, 2, 0, 0, 2, 0, 0, 0, 0, 1, 0, 1, 0, 0, 0, 0, 0, 0, 0, 0, 0, 1, 1, 0, 0, 2, 0, 0, 2, 2, 0, 2, 0, 1, 1, 0, 1, 1, 1, 0, 0, 0, 0, 0, 1, 0, 0, 1, 0, 0, 0, 1, 4, 2, 4, 1, 4, 1, 2, 0, 3, 2, 4, 1, 5, 4, 6, 3, 6, 170, 0, 0, 0, 0, 0, 0]","[[2 0 0 0]
 [0 0 0 1]]",-0.04483736138915543,-1,0
981,"[1, 2, 5, 1, 10, 2, 13, 2, 0, 1, 0, 0, 2, 0, 0, 2, 0, 0, 0, 0, 1, 0, 1, 0, 0, 0, 0, 0, 0, 0, 0, 0, 1, 1, 0, 0, 2, 0, 0, 2, 2, 0, 2, 0, 1, 1, 0, 1, 1, 1, 0, 0, 0, 0, 0, 1, 0, 0, 1, 0, 0, 0, 1, 4, 2, 4, 1, 4, 1, 2, 0, 3, 2, 4, 1, 5, 4, 6, 3, 6, 170, 0, 0, 0, 0, 0, 0]",1,0.5884929152989776,-1,0
982,"[0, 1, 4, 0, 10, 2, 13, 2, 0, 1, 0, 0, 2, 0, 0, 2, 0, 0, 0, 0, 1, 0, 1, 0, 0, 0, 0, 0, 1, 0, 0, 0, 1, 1, 0, 0, 2, 0, 0, 2, 2, 0, 2, 0, 1, 1, 0, 1, 1, 1, 0, 0, 0, 0, 0, 1, 0, 0, 1, 0, 0, 0, 1, 5, 2, 4, 1, 4, 1, 2, 0, 3, 2, 4, 1, 5, 4, 6, 3, 6, 170, 0, 0, 0, 0, 0, 0]",20,199.9537049566998,-1,0
983,"[0, 1, 4, 0, 10, 2, 13, 2, 0, 1, 0, 0, 2, 0, 0, 2, 0, 0, 0, 0, 1, 0, 1, 0, 0, 0, 0, 0, 1, 0, 0, 0, 1, 1, 0, 0, 2, 0, 0, 2, 2, 0, 2, 0, 1, 1, 0, 1, 1, 1, 0, 0, 0, 0, 0, 1, 0, 0, 1, 0, 0, 0, 1, 5, 2, 4, 1, 4, 1, 2, 0, 3, 2, 4, 1, 5, 4, 6, 3, 6, 170, 0, 0, 0, 0, 0, 0]",20,199.9537049566998,1,0
