id,obs,action,reward,winner,current_player
0,"[3, 3, 1, 1, 4, 4, 2, 2, 0, 1, 0, 0, 0, 0, 0, 0, 0, 0, 0, 0, 0, 0, 0, 0, 0, 0, 0, 0, 0, 0, 0, 0, 0, 0, 0, 0, 0, 0, 0, 0, 0, 0, 0, 0, 0, 0, 0, 0, 0, 0, 0, 0, 0, 0, 0, 0, 0, 0, 0, 0, 0, 0, 0, 1, 0, 0, 2, 1, 2, 1, 4, 3, 6, 5, 3, 3, 2, 2, 4, 0, 0, 0, 0, 0, 0, 0, 0]",1,0.9889727918669887,-1,0
1,"[2, 2, 1, 1, 4, 4, 2, 2, 0, 1, 0, 0, 0, 0, 0, 0, 0, 0, 0, 0, 0, 0, 0, 0, 0, 0, 0, 0, 0, 0, 0, 0, 1, 0, 0, 0, 0, 0, 0, 0, 0, 0, 0, 0, 0, 0, 0, 0, 0, 0, 0, 0, 0, 0, 0, 0, 0, 0, 0, 0, 0, 0, 0, 1, 0, 0, 2, 1, 2, 1, 4, 3, 6, 5, 3, 3, 2, 2, 4, 0, 0, 0, 0, 0, 0, 0, 0]",0,0.4999329299739067,-1,0
2,"[2, 2, 1, 1, 3, 3, 1, 1, 0, 1, 0, 0, 0, 0, 0, 0, 0, 0, 0, 0, 0, 0, 0, 0, 2, 0, 0, 0, 0, 0, 0, 0, 1, 0, 0, 0, 0, 0, 0, 0, 0, 0, 0, 0, 0, 0, 0, 0, 0, 0, 0, 0, 0, 0, 0, 0, 0, 0, 0, 0, 0, 0, 0, 1, 1, 0, 2, 1, 2, 1, 4, 3, 6, 5, 3, 3, 2, 2, 4, 0, 0, 0, 0, 0, 0, 0, 0]",16,0.9889727918669887,-1,1
3,"[2, 2, 1, 1, 2, 2, 1, 1, 0, 1, 0, 0, 0, 0, 0, 0, 0, 0, 0, 0, 0, 0, 0, 0, 2, 0, 0, 0, 0, 0, 0, 0, 1, 0, 0, 0, 0, 0, 0, 0, 0, 0, 0, 0, 0, 0, 0, 0, 0, 0, 0, 0, 2, 0, 0, 0, 0, 0, 0, 0, 0, 0, 0, 1, 1, 0, 2, 1, 2, 1, 4, 3, 6, 5, 3, 3, 2, 2, 4, 0, 0, 0, 0, 0, 0, 0, 0]",20,0.4999329299739067,-1,1
4,"[2, 2, 1, 1, 1, 1, 0, 0, 0, 1, 0, 0, 0, 0, 2, 0, 0, 0, 0, 0, 0, 0, 0, 0, 2, 0, 0, 0, 0, 0, 0, 0, 1, 0, 0, 0, 0, 0, 0, 0, 0, 0, 0, 0, 0, 0, 0, 0, 0, 0, 0, 0, 2, 0, 0, 0, 0, 0, 0, 0, 0, 0, 0, 1, 2, 0, 2, 1, 2, 1, 4, 3, 6, 5, 3, 3, 2, 2, 4, 0, 0, 0, 0, 0, 0, 0, 0]",6,1.6519460376222421,-1,1
5,"[2, 2, 1, 1, 0, 0, 0, 0, 0, 1, 0, 0, 0, 0, 2, 0, 0, 0, 0, 0, 0, 0, 0, 0, 2, 0, 0, 0, 0, 0, 0, 0, 1, 0, 0, 0, 0, 0, 2, 0, 0, 0, 0, 0, 0, 0, 0, 0, 0, 0, 0, 0, 2, 0, 0, 0, 0, 0, 0, 0, 0, 0, 0, 1, 2, 0, 2, 1, 2, 1, 4, 3, 6, 5, 3, 3, 2, 2, 4, 0, 0, 0, 0, 0, 0, 0, 0]",6,0.4999329299739067,-1,1
6,"[1, 1, 0, 0, 0, 0, 0, 0, 0, 1, 0, 0, 1, 0, 2, 0, 0, 0, 0, 0, 0, 0, 0, 0, 2, 0, 0, 0, 0, 0, 0, 0, 1, 0, 0, 0, 0, 0, 2, 0, 0, 0, 0, 0, 0, 0, 0, 0, 0, 0, 0, 0, 2, 0, 0, 0, 0, 0, 0, 0, 0, 0, 0, 2, 2, 0, 2, 1, 2, 1, 4, 3, 6, 5, 3, 3, 2, 2, 4, 0, 0, 0, 0, 0, 0, 0, 0]",4,1.6519460376222421,-1,0
7,"[1, 1, 0, 0, 4, 1, 0, 1, 0, 1, 0, 0, 1, 0, 2, 0, 0, 0, 0, 0, 0, 0, 0, 0, 2, 0, 0, 0, 0, 0, 0, 0, 1, 0, 0, 0, 0, 0, 2, 0, 0, 0, 0, 0, 0, 0, 0, 1, 0, 0, 0, 0, 2, 0, 0, 0, 0, 0, 0, 0, 0, 0, 0, 2, 2, 0, 2, 1, 2, 1, 4, 3, 6, 5, 3, 3, 2, 2, 4, 0, 1, 0, 0, 0, 0, 0, 0]",15,0.499930193749578,-1,0
8,"[1, 1, 0, 0, 4, 1, 0, 1, 0, 1, 0, 0, 1, 0, 2, 0, 0, 0, 0, 0, 0, 0, 0, 0, 2, 0, 0, 0, 0, 0, 0, 0, 1, 0, 0, 0, 0, 0, 2, 0, 0, 0, 0, 0, 0, 0, 0, 1, 0, 0, 0, 0, 2, 0, 0, 0, 0, 0, 0, 0, 0, 0, 0, 2, 2, 0, 2, 1, 2, 1, 4, 3, 6, 5, 3, 3, 2, 2, 4, 0, 1, 1, 0, 0, 0, 0, 0]",3,0.399930193749578,-1,0
9,"[1, 1, 0, 0, 4, 1, 0, 1, 0, 1, 0, 0, 1, 0, 2, 0, 0, 0, 0, 0, 0, 0, 0, 0, 2, 0, 0, 0, 0, 0, 0, 0, 1, 0, 0, 0, 0, 0, 2, 0, 0, 0, 0, 0, 0, 0, 0, 1, 0, 0, 0, 0, 2, 0, 0, 0, 0, 0, 0, 0, 0, 0, 0, 2, 2, 0, 2, 1, 2, 1, 4, 3, 6, 5, 3, 3, 2, 2, 4, 0, 1, 0, 0, 0, 0, 0, 0]",-1,-0.049502491687458405,-1,0
10,"[1, 1, 0, 0, 4, 1, 0, 1, 0, 1, 0, 0, 1, 0, 2, 0, 0, 0, 0, 0, 0, 0, 0, 0, 2, 0, 0, 0, 0, 0, 0, 0, 1, 0, 0, 0, 0, 0, 2, 0, 0, 0, 0, 0, 0, 0, 0, 1, 0, 0, 0, 0, 2, 0, 0, 0, 0, 0, 0, 0, 0, 0, 0, 2, 2, 0, 2, 1, 2, 1, 4, 3, 6, 5, 3, 3, 2, 2, 4, 0, 1, 0, 1, 0, 0, 0, 0]",2,0.599930193749578,-1,0
11,"[1, 1, 0, 0, 4, 1, 0, 1, 0, 1, 0, 0, 1, 0, 2, 0, 0, 0, 0, 0, 0, 0, 0, 0, 2, 0, 0, 0, 0, 0, 0, 0, 1, 0, 0, 0, 0, 0, 2, 0, 0, 0, 0, 0, 0, 0, 0, 1, 0, 0, 0, 0, 2, 0, 0, 0, 0, 0, 0, 0, 0, 0, 0, 2, 2, 0, 2, 1, 2, 1, 4, 3, 6, 5, 3, 3, 2, 2, 4, 0, 1, 0, 1, 0, 0, 1, 0]","[[1 0 0 0]
 [0 0 0 1]]",0.8503550588076689,-1,0
12,"[0, 1, 0, 1, 5, 1, 0, 0, 0, 1, 0, 0, 1, 0, 2, 0, 0, 0, 0, 0, 0, 0, 0, 0, 2, 0, 0, 0, 0, 0, 0, 0, 1, 0, 0, 0, 0, 0, 2, 0, 0, 0, 0, 0, 0, 0, 0, 1, 0, 0, 0, 0, 2, 0, 0, 0, 0, 0, 0, 0, 0, 0, 0, 2, 2, 0, 2, 1, 2, 1, 4, 3, 6, 5, 3, 3, 2, 2, 4, 0, 1, 0, 0, 0, 0, 0, 0]",0,-6.980625042201226e-05,-1,1
13,"[0, 1, 0, 1, 5, 1, 0, 0, 0, 1, 0, 0, 1, 0, 2, 0, 0, 0, 0, 0, 0, 0, 0, 0, 2, 0, 0, 0, 0, 0, 0, 0, 1, 0, 0, 0, 0, 0, 2, 0, 0, 0, 0, 0, 0, 0, 0, 1, 0, 0, 0, 0, 2, 0, 0, 0, 0, 0, 0, 0, 0, 0, 0, 2, 2, 0, 2, 1, 2, 1, 4, 3, 6, 5, 3, 3, 2, 2, 4, 0, 1, 0, 1, 0, 0, 0, 0]",2,0.599930193749578,-1,0
14,"[0, 1, 0, 1, 5, 1, 0, 0, 0, 1, 0, 0, 1, 0, 2, 0, 0, 0, 0, 0, 0, 0, 0, 0, 2, 0, 0, 0, 0, 0, 0, 0, 1, 0, 0, 0, 0, 0, 2, 0, 0, 0, 0, 0, 0, 0, 0, 1, 0, 0, 0, 0, 2, 0, 0, 0, 0, 0, 0, 0, 0, 0, 0, 2, 2, 0, 2, 1, 2, 1, 4, 3, 6, 5, 3, 3, 2, 2, 4, 0, 1, 0, 1, 0, 0, 1, 0]","[[0 1 0 0]
 [1 0 0 0]]",0.8503550588076689,-1,0
15,"[0, 1, 0, 1, 5, 1, 0, 0, 0, 1, 0, 0, 1, 0, 2, 0, 0, 0, 0, 0, 0, 0, 0, 0, 2, 0, 0, 0, 0, 0, 0, 0, 1, 0, 0, 0, 0, 0, 2, 0, 0, 0, 0, 0, 0, 0, 0, 1, 0, 0, 0, 0, 2, 0, 0, 0, 0, 0, 0, 0, 0, 0, 0, 2, 2, 0, 2, 1, 2, 1, 4, 3, 6, 5, 3, 3, 2, 2, 4, 0, 1, 0, 0, 0, 0, 0, 0]",1,-6.980625042201226e-05,-1,1
16,"[0, 1, 0, 1, 5, 1, 0, 0, 0, 1, 0, 0, 1, 0, 2, 0, 0, 0, 0, 0, 0, 0, 0, 0, 2, 0, 0, 0, 0, 0, 0, 0, 1, 0, 0, 0, 0, 0, 2, 0, 0, 0, 0, 0, 0, 0, 0, 1, 0, 0, 0, 0, 2, 0, 0, 0, 0, 0, 0, 0, 0, 0, 0, 2, 2, 0, 2, 1, 2, 1, 4, 3, 6, 5, 3, 3, 2, 2, 4, 0, 1, 0, 1, 0, 0, 0, 0]",2,0.599930193749578,-1,0
17,"[0, 1, 0, 1, 5, 1, 0, 0, 0, 1, 0, 0, 1, 0, 2, 0, 0, 0, 0, 0, 0, 0, 0, 0, 2, 0, 0, 0, 0, 0, 0, 0, 1, 0, 0, 0, 0, 0, 2, 0, 0, 0, 0, 0, 0, 0, 0, 1, 0, 0, 0, 0, 2, 0, 0, 0, 0, 0, 0, 0, 0, 0, 0, 2, 2, 0, 2, 1, 2, 1, 4, 3, 6, 5, 3, 3, 2, 2, 4, 0, 1, 0, 1, 0, 0, 1, 0]","[[0 0 0 1]
 [1 0 0 0]]",0.8503550588076689,-1,0
18,"[0, 1, 0, 1, 5, 1, 0, 0, 0, 1, 0, 0, 1, 0, 2, 0, 0, 0, 0, 0, 0, 0, 0, 0, 2, 0, 0, 0, 0, 0, 0, 0, 1, 0, 0, 0, 0, 0, 2, 0, 0, 0, 0, 0, 0, 0, 0, 1, 0, 0, 0, 0, 2, 0, 0, 0, 0, 0, 0, 0, 0, 0, 0, 2, 2, 0, 2, 1, 2, 1, 4, 3, 6, 5, 3, 3, 2, 2, 4, 0, 1, 0, 0, 0, 0, 0, 0]",1,-6.980625042201226e-05,-1,1
19,"[0, 1, 0, 1, 5, 1, 0, 0, 0, 1, 0, 0, 1, 0, 2, 0, 0, 0, 0, 0, 0, 0, 0, 0, 2, 0, 0, 0, 0, 0, 0, 0, 1, 0, 0, 0, 0, 0, 2, 0, 0, 0, 0, 0, 0, 0, 0, 1, 0, 0, 0, 0, 2, 0, 0, 0, 0, 0, 0, 0, 0, 0, 0, 2, 2, 0, 2, 1, 2, 1, 4, 3, 6, 5, 3, 3, 2, 2, 4, 0, 1, 0, 1, 0, 0, 0, 0]",2,0.599930193749578,-1,0
20,"[0, 1, 0, 1, 5, 1, 0, 0, 0, 1, 0, 0, 1, 0, 2, 0, 0, 0, 0, 0, 0, 0, 0, 0, 2, 0, 0, 0, 0, 0, 0, 0, 1, 0, 0, 0, 0, 0, 2, 0, 0, 0, 0, 0, 0, 0, 0, 1, 0, 0, 0, 0, 2, 0, 0, 0, 0, 0, 0, 0, 0, 0, 0, 2, 2, 0, 2, 1, 2, 1, 4, 3, 6, 5, 3, 3, 2, 2, 4, 0, 1, 0, 1, 0, 0, 1, 0]","[[0 1 0 0]
 [1 0 0 0]]",0.8503550588076689,-1,0
21,"[0, 1, 0, 1, 5, 1, 0, 0, 0, 1, 0, 0, 1, 0, 2, 0, 0, 0, 0, 0, 0, 0, 0, 0, 2, 0, 0, 0, 0, 0, 0, 0, 1, 0, 0, 0, 0, 0, 2, 0, 0, 0, 0, 0, 0, 0, 0, 1, 0, 0, 0, 0, 2, 0, 0, 0, 0, 0, 0, 0, 0, 0, 0, 2, 2, 0, 2, 1, 2, 1, 4, 3, 6, 5, 3, 3, 2, 2, 4, 0, 1, 0, 0, 0, 0, 0, 0]",-1,-0.049502491687458405,-1,1
22,"[0, 1, 0, 1, 5, 1, 0, 0, 0, 1, 0, 0, 1, 0, 2, 0, 0, 0, 0, 0, 0, 0, 0, 0, 2, 0, 0, 0, 0, 0, 0, 0, 1, 0, 0, 0, 0, 0, 2, 0, 0, 0, 0, 0, 0, 0, 0, 1, 0, 0, 0, 0, 2, 0, 0, 0, 0, 0, 0, 0, 0, 0, 0, 2, 2, 0, 2, 1, 2, 1, 4, 3, 6, 5, 3, 3, 2, 2, 4, 0, 1, 0, 1, 0, 0, 0, 0]",2,0.599930193749578,-1,0
23,"[0, 1, 0, 1, 5, 1, 0, 0, 0, 1, 0, 0, 1, 0, 2, 0, 0, 0, 0, 0, 0, 0, 0, 0, 2, 0, 0, 0, 0, 0, 0, 0, 1, 0, 0, 0, 0, 0, 2, 0, 0, 0, 0, 0, 0, 0, 0, 1, 0, 0, 0, 0, 2, 0, 0, 0, 0, 0, 0, 0, 0, 0, 0, 2, 2, 0, 2, 1, 2, 1, 4, 3, 6, 5, 3, 3, 2, 2, 4, 0, 1, 0, 1, 0, 0, 1, 0]","[[0 0 0 1]
 [1 0 0 0]]",0.8503550588076689,-1,0
24,"[0, 1, 0, 1, 5, 1, 0, 0, 0, 1, 0, 0, 1, 0, 2, 0, 0, 0, 0, 0, 0, 0, 0, 0, 2, 0, 0, 0, 0, 0, 0, 0, 1, 0, 0, 0, 0, 0, 2, 0, 0, 0, 0, 0, 0, 0, 0, 1, 0, 0, 0, 0, 2, 0, 0, 0, 0, 0, 0, 0, 0, 0, 0, 2, 2, 0, 2, 1, 2, 1, 4, 3, 6, 5, 3, 3, 2, 2, 4, 0, 1, 0, 1, 0, 0, 0, 1]",2,-6.980625042201226e-05,-1,1
25,"[0, 1, 0, 1, 5, 1, 0, 0, 0, 1, 0, 0, 1, 0, 2, 0, 0, 0, 0, 0, 0, 0, 0, 0, 2, 0, 0, 0, 0, 0, 0, 0, 1, 0, 0, 0, 0, 0, 2, 0, 0, 0, 0, 0, 0, 0, 0, 1, 0, 0, 0, 0, 2, 0, 0, 0, 0, 0, 0, 0, 0, 0, 0, 2, 2, 0, 2, 1, 2, 1, 4, 3, 6, 5, 3, 3, 2, 2, 4, 0, 1, 0, 0, 1, 0, 0, 0]","[[1 0 0 0]
 [0 1 0 1]]",-6.980625042201226e-05,-1,1
26,"[1, 0, 0, 0, 4, 2, 0, 1, 0, 1, 0, 0, 1, 0, 2, 0, 0, 0, 0, 0, 0, 0, 0, 0, 2, 0, 0, 0, 0, 0, 0, 0, 1, 0, 0, 0, 0, 0, 2, 0, 0, 0, 0, 0, 0, 0, 0, 1, 0, 0, 0, 0, 2, 0, 0, 0, 0, 0, 0, 0, 0, 0, 0, 2, 2, 0, 2, 1, 2, 1, 4, 3, 6, 5, 3, 3, 2, 2, 4, 0, 1, 0, 0, 0, 0, 0, 0]",0,-6.980625042201226e-05,-1,0
27,"[1, 0, 0, 0, 4, 2, 0, 1, 0, 1, 0, 0, 1, 0, 2, 0, 0, 0, 0, 0, 0, 0, 0, 0, 2, 0, 0, 0, 0, 0, 0, 0, 1, 0, 0, 0, 0, 0, 2, 0, 0, 0, 0, 0, 0, 0, 0, 1, 0, 0, 0, 0, 2, 0, 0, 0, 0, 0, 0, 0, 0, 0, 0, 2, 2, 0, 2, 1, 2, 1, 4, 3, 6, 5, 3, 3, 2, 2, 4, 0, 1, 1, 0, 0, 0, 0, 0]",3,0.399930193749578,-1,0
28,"[1, 0, 0, 0, 4, 2, 0, 1, 0, 1, 0, 0, 1, 0, 2, 0, 0, 0, 0, 0, 0, 0, 0, 0, 2, 0, 0, 0, 0, 0, 0, 0, 1, 0, 0, 0, 0, 0, 2, 0, 0, 0, 0, 0, 0, 0, 0, 1, 0, 0, 0, 0, 2, 0, 0, 0, 0, 0, 0, 0, 0, 0, 0, 2, 2, 0, 2, 1, 2, 1, 4, 3, 6, 5, 3, 3, 2, 2, 4, 0, 1, 0, 0, 0, 0, 0, 0]",-1,-0.049502491687458405,-1,0
29,"[1, 0, 0, 0, 4, 2, 0, 1, 0, 1, 0, 0, 1, 0, 2, 0, 0, 0, 0, 0, 0, 0, 0, 0, 2, 0, 0, 0, 0, 0, 0, 0, 1, 0, 0, 0, 0, 0, 2, 0, 0, 0, 0, 0, 0, 0, 0, 1, 0, 0, 0, 0, 2, 0, 0, 0, 0, 0, 0, 0, 0, 0, 0, 2, 2, 0, 2, 1, 2, 1, 4, 3, 6, 5, 3, 3, 2, 2, 4, 0, 1, 0, 1, 0, 0, 0, 0]",2,0.599930193749578,-1,0
30,"[1, 0, 0, 0, 4, 2, 0, 1, 0, 1, 0, 0, 1, 0, 2, 0, 0, 0, 0, 0, 0, 0, 0, 0, 2, 0, 0, 0, 0, 0, 0, 0, 1, 0, 0, 0, 0, 0, 2, 0, 0, 0, 0, 0, 0, 0, 0, 1, 0, 0, 0, 0, 2, 0, 0, 0, 0, 0, 0, 0, 0, 0, 0, 2, 2, 0, 2, 1, 2, 1, 4, 3, 6, 5, 3, 3, 2, 2, 4, 0, 1, 0, 1, 0, 0, 1, 0]","[[1 0 0 0]
 [0 0 0 1]]",0.8503550588076689,-1,0
31,"[0, 0, 0, 1, 5, 2, 0, 0, 0, 1, 0, 0, 1, 0, 2, 0, 0, 0, 0, 0, 0, 0, 0, 0, 2, 0, 0, 0, 0, 0, 0, 0, 1, 0, 0, 0, 0, 0, 2, 0, 0, 0, 0, 0, 0, 0, 0, 1, 0, 0, 0, 0, 2, 0, 0, 0, 0, 0, 0, 0, 0, 0, 0, 2, 2, 0, 2, 1, 2, 1, 4, 3, 6, 5, 3, 3, 2, 2, 4, 0, 1, 0, 0, 0, 0, 0, 0]",0,-6.980625042201226e-05,-1,1
32,"[0, 0, 0, 1, 5, 2, 0, 1, 0, 1, 0, 0, 1, 0, 2, 0, 0, 0, 0, 0, 0, 0, 0, 0, 2, 0, 0, 0, 0, 0, 0, 0, 1, 0, 0, 0, 0, 0, 2, 0, 0, 0, 0, 0, 0, 0, 0, 1, 0, 0, 0, 0, 2, 0, 0, 0, 0, 0, 0, 0, 0, 0, 0, 2, 2, 0, 2, 1, 2, 1, 4, 3, 6, 5, 3, 3, 2, 2, 4, 0, 2, 0, 0, 0, 0, 0, 0]",4,8.795674149229404,-1,0
33,"[0, 0, 0, 1, 5, 2, 0, 1, 0, 1, 0, 0, 1, 0, 2, 0, 0, 0, 0, 0, 0, 0, 0, 0, 2, 0, 0, 0, 0, 0, 0, 0, 1, 0, 0, 0, 0, 0, 2, 0, 0, 0, 0, 0, 0, 0, 0, 1, 0, 0, 0, 0, 2, 0, 0, 0, 0, 0, 0, 0, 0, 0, 0, 2, 2, 0, 2, 1, 2, 1, 4, 3, 6, 5, 3, 3, 2, 2, 4, 0, 2, 1, 0, 0, 0, 0, 0]",3,0.3999273459373564,-1,1
34,"[0, 0, 0, 1, 5, 2, 0, 1, 0, 1, 0, 0, 1, 0, 2, 0, 0, 0, 0, 0, 0, 0, 0, 0, 2, 0, 0, 0, 0, 0, 0, 0, 1, 0, 0, 0, 0, 0, 2, 0, 0, 0, 0, 0, 0, 0, 0, 1, 0, 0, 0, 0, 2, 0, 0, 0, 0, 0, 0, 0, 0, 0, 0, 2, 2, 0, 2, 1, 2, 1, 4, 3, 6, 5, 3, 3, 2, 2, 4, 0, 2, 0, 0, 0, 0, 0, 0]",-1,-0.04900993366533776,-1,1
35,"[0, 0, 0, 1, 5, 2, 0, 1, 0, 1, 0, 0, 1, 0, 2, 0, 0, 0, 0, 0, 0, 0, 0, 0, 2, 0, 0, 0, 0, 0, 0, 0, 1, 0, 0, 0, 0, 0, 2, 0, 0, 0, 0, 0, 0, 0, 0, 1, 0, 0, 0, 0, 2, 0, 0, 0, 0, 0, 0, 0, 0, 0, 0, 2, 2, 0, 2, 1, 2, 1, 4, 3, 6, 5, 3, 3, 2, 2, 4, 0, 2, 0, 1, 0, 0, 0, 0]",2,0.5999273459373564,-1,0
36,"[0, 0, 0, 1, 5, 2, 0, 1, 0, 1, 0, 0, 1, 0, 2, 0, 0, 0, 0, 0, 0, 0, 0, 0, 2, 0, 0, 0, 0, 0, 0, 0, 1, 0, 0, 0, 0, 0, 2, 0, 0, 0, 0, 0, 0, 0, 0, 1, 0, 0, 0, 0, 2, 0, 0, 0, 0, 0, 0, 0, 0, 0, 0, 2, 2, 0, 2, 1, 2, 1, 4, 3, 6, 5, 3, 3, 2, 2, 4, 0, 2, 0, 1, 0, 0, 1, 0]","[[0 0 0 1]
 [1 0 0 0]]",0.8503522109954473,-1,0
37,"[0, 0, 0, 1, 5, 2, 0, 1, 0, 1, 0, 0, 1, 0, 2, 0, 0, 0, 0, 0, 0, 0, 0, 0, 2, 0, 0, 0, 0, 0, 0, 0, 1, 0, 0, 0, 0, 0, 2, 0, 0, 0, 0, 0, 0, 0, 0, 1, 0, 0, 0, 0, 2, 0, 0, 0, 0, 0, 0, 0, 0, 0, 0, 2, 2, 0, 2, 1, 2, 1, 4, 3, 6, 5, 3, 3, 2, 2, 4, 0, 2, 0, 0, 0, 0, 0, 0]",1,-7.265406264361555e-05,-1,1
38,"[0, 0, 0, 1, 5, 2, 0, 1, 0, 1, 0, 0, 1, 0, 2, 0, 0, 0, 0, 0, 0, 0, 0, 0, 2, 0, 0, 0, 0, 0, 0, 0, 1, 0, 0, 0, 0, 0, 2, 0, 0, 0, 0, 0, 0, 0, 0, 1, 0, 0, 0, 0, 2, 0, 0, 0, 0, 0, 0, 0, 0, 0, 0, 2, 2, 0, 2, 1, 2, 1, 4, 3, 6, 5, 3, 3, 2, 2, 4, 0, 2, 0, 1, 0, 0, 0, 0]",2,0.5999273459373564,-1,0
39,"[0, 0, 0, 1, 5, 2, 0, 1, 0, 1, 0, 0, 1, 0, 2, 0, 0, 0, 0, 0, 0, 0, 0, 0, 2, 0, 0, 0, 0, 0, 0, 0, 1, 0, 0, 0, 0, 0, 2, 0, 0, 0, 0, 0, 0, 0, 0, 1, 0, 0, 0, 0, 2, 0, 0, 0, 0, 0, 0, 0, 0, 0, 0, 2, 2, 0, 2, 1, 2, 1, 4, 3, 6, 5, 3, 3, 2, 2, 4, 0, 2, 0, 1, 0, 0, 1, 0]","[[0 0 0 1]
 [0 1 0 0]]",0.8503522109954473,-1,0
40,"[0, 0, 0, 1, 5, 2, 0, 1, 0, 1, 0, 0, 1, 0, 2, 0, 0, 0, 0, 0, 0, 0, 0, 0, 2, 0, 0, 0, 0, 0, 0, 0, 1, 0, 0, 0, 0, 0, 2, 0, 0, 0, 0, 0, 0, 0, 0, 1, 0, 0, 0, 0, 2, 0, 0, 0, 0, 0, 0, 0, 0, 0, 0, 2, 2, 0, 2, 1, 2, 1, 4, 3, 6, 5, 3, 3, 2, 2, 4, 0, 2, 0, 1, 0, 0, 0, 1]",2,-7.265406264361555e-05,-1,1
41,"[0, 0, 0, 1, 5, 2, 0, 1, 0, 1, 0, 0, 1, 0, 2, 0, 0, 0, 0, 0, 0, 0, 0, 0, 2, 0, 0, 0, 0, 0, 0, 0, 1, 0, 0, 0, 0, 0, 2, 0, 0, 0, 0, 0, 0, 0, 0, 1, 0, 0, 0, 0, 2, 0, 0, 0, 0, 0, 0, 0, 0, 0, 0, 2, 2, 0, 2, 1, 2, 1, 4, 3, 6, 5, 3, 3, 2, 2, 4, 0, 2, 0, 0, 1, 0, 0, 0]","[[1 1 0 0]
 [0 0 0 1]]",-7.265406264361555e-05,-1,1
42,"[0, 0, 0, 1, 5, 2, 0, 1, 0, 1, 0, 0, 1, 0, 2, 0, 0, 0, 0, 0, 0, 0, 0, 0, 2, 0, 0, 0, 0, 0, 0, 0, 1, 0, 0, 0, 0, 0, 2, 0, 0, 0, 0, 0, 0, 0, 0, 1, 0, 0, 0, 0, 2, 0, 0, 0, 0, 0, 0, 0, 0, 0, 0, 2, 2, 0, 2, 1, 2, 1, 4, 3, 6, 5, 3, 3, 2, 2, 4, 0, 2, 0, 0, 0, 0, 0, 0]",1,-0.3000726540626436,-1,0
43,"[0, 0, 0, 1, 5, 2, 0, 2, 0, 1, 0, 0, 1, 0, 2, 0, 0, 0, 0, 0, 0, 0, 0, 0, 2, 0, 0, 0, 0, 0, 0, 0, 1, 0, 0, 0, 0, 0, 2, 0, 0, 0, 0, 0, 0, 0, 0, 1, 0, 0, 0, 0, 2, 0, 0, 0, 0, 0, 0, 0, 0, 0, 0, 2, 2, 0, 2, 1, 2, 1, 4, 3, 6, 5, 3, 3, 2, 2, 4, 0, 3, 0, 0, 0, 0, 0, 0]",4,8.794686069237681,-1,0
44,"[0, 0, 0, 1, 5, 2, 0, 2, 0, 1, 0, 0, 1, 0, 2, 0, 0, 0, 0, 0, 0, 0, 0, 0, 2, 0, 0, 0, 0, 0, 0, 0, 1, 0, 0, 0, 0, 0, 2, 0, 0, 0, 0, 0, 0, 0, 0, 1, 0, 0, 0, 0, 2, 0, 0, 0, 0, 0, 0, 0, 0, 0, 0, 2, 2, 0, 2, 1, 2, 1, 4, 3, 6, 5, 3, 3, 2, 2, 4, 0, 3, 0, 1, 0, 0, 0, 0]",2,0.5999243819898745,-1,1
45,"[0, 0, 0, 1, 5, 2, 0, 2, 0, 1, 0, 0, 1, 0, 2, 0, 0, 0, 0, 0, 0, 0, 0, 0, 2, 0, 0, 0, 0, 0, 0, 0, 1, 0, 0, 0, 0, 0, 2, 0, 0, 0, 0, 0, 0, 0, 0, 1, 0, 0, 0, 0, 2, 0, 0, 0, 0, 0, 0, 0, 0, 0, 0, 2, 2, 0, 2, 1, 2, 1, 4, 3, 6, 5, 3, 3, 2, 2, 4, 0, 3, 0, 0, 0, 0, 0, 0]",-1,-0.04852227667742541,-1,1
46,"[0, 0, 0, 1, 2, 1, 0, 1, 0, 1, 0, 0, 1, 0, 2, 0, 0, 0, 0, 0, 0, 0, 0, 0, 2, 0, 0, 0, 0, 0, 0, 0, 1, 0, 0, 0, 0, 0, 2, 0, 0, 0, 0, 0, 0, 0, 0, 1, 0, 0, 0, 0, 2, 0, 0, 0, 0, 0, 0, 0, 0, 0, 0, 2, 2, 0, 2, 1, 2, 1, 4, 3, 6, 5, 3, 3, 2, 2, 4, 4, 4, 0, 0, 0, 0, 0, 0]",4,9.070734413903429,-1,1
47,"[0, 0, 0, 1, 2, 1, 0, 1, 0, 1, 0, 0, 1, 0, 2, 0, 0, 0, 0, 0, 0, 0, 0, 0, 2, 0, 0, 0, 0, 0, 0, 0, 1, 0, 0, 0, 0, 0, 2, 0, 0, 0, 0, 0, 0, 0, 0, 1, 0, 0, 0, 0, 2, 0, 0, 0, 0, 0, 0, 0, 0, 0, 0, 2, 2, 0, 2, 1, 2, 1, 4, 3, 6, 5, 3, 3, 2, 2, 4, 4, 4, 1, 0, 0, 0, 0, 0]",3,0.39992129717473474,-1,0
48,"[0, 0, 0, 1, 2, 1, 0, 1, 0, 1, 0, 0, 1, 0, 2, 0, 0, 0, 0, 0, 0, 0, 0, 0, 2, 0, 0, 0, 0, 0, 0, 0, 1, 0, 0, 0, 0, 0, 2, 0, 0, 0, 0, 0, 0, 0, 0, 1, 0, 0, 0, 0, 2, 0, 0, 0, 0, 0, 0, 0, 0, 0, 0, 2, 2, 0, 2, 1, 2, 1, 4, 3, 6, 5, 3, 3, 2, 2, 4, 4, 4, 0, 0, 0, 0, 0, 0]",-1,-0.04803947195761616,-1,0
49,"[0, 1, 0, 1, 2, 2, 0, 1, 0, 1, 0, 0, 1, 0, 2, 0, 0, 0, 0, 0, 0, 0, 0, 0, 2, 0, 0, 0, 0, 0, 0, 0, 1, 0, 0, 0, 0, 0, 2, 0, 0, 0, 0, 0, 0, 0, 0, 1, 0, 0, 0, 0, 2, 0, 0, 0, 0, 0, 0, 0, 0, 0, 0, 2, 2, 0, 2, 1, 2, 1, 4, 3, 6, 5, 3, 3, 2, 2, 4, 4, 5, 0, 0, 0, 0, 0, 0]",4,8.955460201776013,-1,0
50,"[0, 1, 0, 1, 2, 2, 0, 1, 0, 1, 0, 0, 1, 0, 2, 0, 0, 0, 0, 0, 0, 0, 0, 0, 2, 0, 0, 0, 0, 0, 0, 0, 1, 0, 0, 0, 0, 0, 2, 0, 0, 0, 0, 0, 0, 0, 0, 1, 0, 0, 0, 0, 2, 0, 0, 0, 0, 0, 0, 0, 0, 0, 0, 2, 2, 0, 2, 1, 2, 1, 4, 3, 6, 5, 3, 3, 2, 2, 4, 4, 5, 0, 1, 0, 0, 0, 0]",2,0.5999180865670027,-1,1
51,"[0, 1, 0, 1, 2, 2, 0, 1, 0, 1, 0, 0, 1, 0, 2, 0, 0, 0, 0, 0, 0, 0, 0, 0, 2, 0, 0, 0, 0, 0, 0, 0, 1, 0, 0, 0, 0, 0, 2, 0, 0, 0, 0, 0, 0, 0, 0, 1, 0, 0, 0, 0, 2, 0, 0, 0, 0, 0, 0, 0, 0, 0, 0, 2, 2, 0, 2, 1, 2, 1, 4, 3, 6, 5, 3, 3, 2, 2, 4, 4, 5, 0, 1, 0, 0, 1, 0]","[[1 1 0 0]
 [0 1 0 1]]",0.8503429516250937,-1,1
52,"[1, 1, 0, 0, 1, 2, 0, 2, 0, 1, 0, 0, 1, 0, 2, 0, 0, 0, 0, 0, 0, 0, 0, 0, 2, 0, 0, 0, 0, 0, 0, 0, 1, 0, 0, 0, 0, 0, 2, 0, 0, 0, 0, 0, 0, 0, 0, 1, 0, 0, 0, 0, 2, 0, 0, 0, 0, 0, 0, 0, 0, 0, 0, 2, 2, 0, 2, 1, 2, 1, 4, 3, 6, 5, 3, 3, 2, 2, 4, 4, 5, 0, 0, 0, 0, 0, 0]",0,-8.19134329972101e-05,-1,0
53,"[1, 1, 0, 0, 1, 2, 0, 2, 0, 1, 0, 0, 1, 0, 2, 0, 0, 0, 0, 0, 0, 0, 0, 0, 2, 0, 0, 0, 0, 0, 0, 0, 1, 0, 0, 0, 0, 0, 2, 0, 0, 0, 0, 0, 0, 0, 0, 1, 0, 0, 0, 0, 2, 0, 0, 0, 0, 0, 0, 0, 0, 0, 0, 2, 2, 0, 2, 1, 2, 1, 4, 3, 6, 5, 3, 3, 2, 2, 4, 4, 5, 1, 0, 0, 0, 0, 0]",3,0.39991808656700284,-1,1
54,"[1, 1, 0, 0, 1, 2, 0, 2, 0, 1, 0, 0, 1, 0, 2, 0, 0, 0, 0, 0, 0, 0, 0, 0, 2, 0, 0, 0, 0, 0, 0, 0, 1, 0, 0, 0, 0, 0, 2, 0, 0, 0, 0, 0, 0, 0, 0, 1, 0, 0, 0, 0, 2, 0, 0, 0, 0, 0, 0, 0, 0, 0, 0, 2, 2, 0, 2, 1, 2, 1, 4, 3, 6, 5, 3, 3, 2, 2, 4, 4, 5, 0, 0, 0, 0, 0, 0]",-1,-0.047561471225035706,-1,1
55,"[2, 1, 0, 0, 1, 3, 0, 2, 0, 1, 0, 0, 1, 0, 2, 0, 0, 0, 0, 0, 0, 0, 0, 0, 2, 0, 0, 0, 0, 0, 0, 0, 1, 0, 0, 0, 0, 0, 2, 0, 0, 0, 0, 0, 0, 0, 0, 1, 0, 0, 0, 0, 2, 0, 0, 0, 0, 0, 0, 0, 0, 0, 0, 2, 2, 0, 2, 1, 2, 1, 4, 3, 6, 5, 3, 3, 2, 2, 4, 4, 6, 0, 0, 0, 0, 0, 0]",4,8.837292156105987,-1,1
56,"[2, 1, 0, 0, 1, 3, 0, 2, 0, 1, 0, 0, 1, 0, 2, 0, 0, 0, 0, 0, 0, 0, 0, 0, 2, 0, 0, 0, 0, 0, 0, 0, 1, 0, 0, 0, 0, 0, 2, 0, 0, 0, 0, 0, 0, 0, 0, 1, 0, 0, 0, 0, 2, 0, 0, 0, 0, 0, 0, 0, 0, 0, 0, 2, 2, 0, 2, 1, 2, 1, 4, 3, 6, 5, 3, 3, 2, 2, 4, 4, 6, 0, 0, 0, 0, 0, 0]",0,0.626013778741342,-1,0
57,"[1, 0, 0, 0, 1, 3, 0, 2, 0, 1, 0, 0, 1, 0, 2, 0, 0, 0, 0, 0, 0, 0, 0, 0, 2, 0, 0, 0, 0, 0, 0, 0, 1, 0, 0, 0, 1, 0, 2, 0, 0, 0, 0, 0, 0, 0, 0, 1, 0, 0, 0, 0, 2, 0, 0, 0, 0, 0, 0, 0, 0, 0, 0, 2, 2, 0, 2, 1, 2, 1, 4, 3, 6, 5, 3, 3, 2, 2, 4, 4, 6, 0, 0, 0, 0, 0, 0]",4,0.499914745041401,-1,0
58,"[1, 0, 0, 0, 1, 1, 0, 1, 0, 1, 0, 0, 1, 0, 2, 0, 0, 0, 0, 0, 0, 0, 0, 0, 2, 0, 0, 0, 0, 0, 0, 0, 1, 0, 0, 0, 1, 0, 2, 0, 0, 0, 0, 0, 0, 0, 0, 1, 0, 0, 0, 0, 2, 0, 0, 0, 0, 0, 0, 0, 0, 0, 0, 2, 2, 0, 2, 1, 2, 1, 4, 3, 6, 5, 3, 3, 2, 2, 4, 3, 7, 0, 0, 0, 0, 0, 0]",4,10.19082954053974,-1,0
59,"[1, 0, 0, 0, 1, 1, 0, 1, 0, 1, 0, 0, 1, 0, 2, 0, 0, 0, 0, 0, 0, 0, 0, 0, 2, 0, 0, 0, 0, 0, 0, 0, 1, 0, 0, 0, 1, 0, 2, 0, 0, 0, 0, 0, 0, 0, 0, 1, 0, 0, 0, 0, 2, 0, 0, 0, 0, 0, 0, 0, 0, 0, 0, 2, 2, 0, 2, 1, 2, 1, 4, 3, 6, 5, 3, 3, 2, 2, 4, 3, 7, 1, 0, 0, 0, 0, 0]",3,0.39991126726418513,-1,1
60,"[1, 0, 0, 0, 1, 1, 0, 1, 0, 1, 0, 0, 1, 0, 2, 0, 0, 0, 0, 0, 0, 0, 0, 0, 2, 0, 0, 0, 0, 0, 0, 0, 1, 0, 0, 0, 1, 0, 2, 0, 0, 0, 0, 0, 0, 0, 0, 1, 0, 0, 0, 0, 2, 0, 0, 0, 0, 0, 0, 0, 0, 0, 0, 2, 2, 0, 2, 1, 2, 1, 4, 3, 6, 5, 3, 3, 2, 2, 4, 3, 7, 0, 0, 0, 0, 0, 0]",-1,-0.04661969099529742,-1,1
61,"[1, 0, 0, 0, 1, 1, 0, 1, 0, 1, 0, 0, 1, 0, 2, 0, 0, 0, 0, 0, 0, 0, 0, 0, 2, 0, 0, 0, 0, 0, 0, 0, 1, 0, 0, 0, 1, 0, 2, 0, 0, 0, 0, 0, 0, 0, 0, 1, 0, 0, 0, 0, 2, 0, 0, 0, 0, 0, 0, 0, 0, 0, 0, 2, 2, 0, 2, 1, 2, 1, 4, 3, 6, 5, 3, 3, 2, 2, 4, 3, 7, 0, 0, 0, 0, 0, 0]",-1,-0.04661969099529742,-1,1
62,"[1, 0, 0, 0, 1, 1, 0, 1, 0, 1, 0, 0, 1, 0, 2, 0, 0, 0, 0, 0, 0, 0, 0, 0, 2, 0, 0, 0, 0, 0, 0, 0, 1, 0, 0, 0, 1, 0, 2, 0, 0, 0, 0, 0, 0, 0, 0, 1, 0, 0, 0, 0, 2, 0, 0, 0, 0, 0, 0, 0, 0, 0, 0, 2, 2, 0, 2, 1, 2, 1, 4, 3, 6, 5, 3, 3, 2, 2, 4, 3, 7, 0, 0, 0, 0, 0, 0]",-1,-0.04661969099529742,-1,1
63,"[1, 0, 0, 0, 3, 1, 0, 1, 0, 1, 0, 0, 1, 0, 2, 0, 0, 0, 0, 0, 0, 0, 0, 0, 2, 0, 0, 0, 0, 0, 0, 0, 1, 0, 0, 0, 1, 0, 2, 0, 0, 0, 0, 0, 0, 0, 0, 1, 0, 0, 0, 0, 2, 0, 0, 0, 0, 0, 0, 0, 0, 0, 0, 2, 2, 0, 2, 1, 2, 1, 4, 3, 6, 5, 3, 3, 2, 2, 4, 3, 8, 0, 0, 0, 0, 0, 0]",4,8.806102495990721,-1,1
64,"[1, 0, 0, 0, 3, 1, 0, 1, 0, 1, 0, 0, 1, 0, 2, 0, 0, 0, 0, 0, 0, 0, 0, 0, 2, 0, 0, 0, 0, 0, 0, 0, 1, 0, 0, 0, 1, 0, 2, 0, 0, 0, 0, 0, 0, 0, 0, 1, 0, 0, 0, 0, 2, 0, 0, 0, 0, 0, 0, 0, 0, 0, 0, 2, 2, 0, 2, 1, 2, 1, 4, 3, 6, 5, 3, 3, 2, 2, 4, 3, 8, 0, 1, 0, 0, 0, 0]",2,0.5999076476846952,-1,0
65,"[1, 0, 0, 0, 3, 1, 0, 1, 0, 1, 0, 0, 1, 0, 2, 0, 0, 0, 0, 0, 0, 0, 0, 0, 2, 0, 0, 0, 0, 0, 0, 0, 1, 0, 0, 0, 1, 0, 2, 0, 0, 0, 0, 0, 0, 0, 0, 1, 0, 0, 0, 0, 2, 0, 0, 0, 0, 0, 0, 0, 0, 0, 0, 2, 2, 0, 2, 1, 2, 1, 4, 3, 6, 5, 3, 3, 2, 2, 4, 3, 8, 0, 1, 0, 0, 1, 0]","[[1 0 0 0]
 [0 0 0 1]]",0.8503325127427861,-1,0
66,"[0, 0, 0, 1, 4, 1, 0, 0, 0, 1, 0, 0, 1, 0, 2, 0, 0, 0, 0, 0, 0, 0, 0, 0, 2, 0, 0, 0, 0, 0, 0, 0, 1, 0, 0, 0, 1, 0, 2, 0, 0, 0, 0, 0, 0, 0, 0, 1, 0, 0, 0, 0, 2, 0, 0, 0, 0, 0, 0, 0, 0, 0, 0, 2, 2, 0, 2, 1, 2, 1, 4, 3, 6, 5, 3, 3, 2, 2, 4, 3, 8, 0, 0, 0, 0, 0, 0]",0,-9.235231530481508e-05,-1,1
67,"[0, 0, 0, 1, 4, 1, 0, 1, 0, 1, 0, 0, 1, 0, 2, 0, 0, 0, 0, 0, 0, 0, 0, 0, 2, 0, 0, 0, 0, 0, 0, 0, 1, 0, 0, 0, 1, 0, 2, 0, 0, 0, 0, 0, 0, 0, 0, 1, 0, 0, 0, 0, 2, 0, 0, 0, 0, 0, 0, 0, 0, 0, 0, 2, 2, 0, 2, 1, 2, 1, 4, 3, 6, 5, 3, 3, 2, 2, 4, 3, 9, 0, 0, 0, 0, 0, 0]",4,10.188957335082359,-1,0
68,"[0, 0, 0, 1, 4, 1, 0, 1, 0, 1, 0, 0, 1, 0, 2, 0, 0, 0, 0, 0, 0, 0, 0, 0, 2, 0, 0, 0, 0, 0, 0, 0, 1, 0, 0, 0, 1, 0, 2, 0, 0, 0, 0, 0, 0, 0, 0, 1, 0, 0, 0, 0, 2, 0, 0, 0, 0, 0, 0, 0, 0, 0, 0, 2, 2, 0, 2, 1, 2, 1, 4, 3, 6, 5, 3, 3, 2, 2, 4, 3, 9, 1, 0, 0, 0, 0, 0]",3,0.39990388052656595,-1,1
69,"[0, 0, 0, 1, 4, 1, 0, 1, 0, 1, 0, 0, 1, 0, 2, 0, 0, 0, 0, 0, 0, 0, 0, 0, 2, 0, 0, 0, 0, 0, 0, 0, 1, 0, 0, 0, 1, 0, 2, 0, 0, 0, 0, 0, 0, 0, 0, 1, 0, 0, 0, 0, 2, 0, 0, 0, 0, 0, 0, 0, 0, 0, 0, 2, 2, 0, 2, 1, 2, 1, 4, 3, 6, 5, 3, 3, 2, 2, 4, 3, 9, 0, 0, 0, 0, 0, 0]",-1,-0.04569655926356141,-1,1
70,"[0, 0, 0, 1, 6, 1, 0, 1, 0, 1, 0, 0, 1, 0, 2, 0, 0, 0, 0, 0, 0, 0, 0, 0, 2, 0, 0, 0, 0, 0, 0, 0, 1, 0, 0, 0, 1, 0, 2, 0, 0, 0, 0, 0, 0, 0, 0, 1, 0, 0, 0, 0, 2, 0, 0, 0, 0, 0, 0, 0, 0, 0, 0, 2, 2, 0, 2, 1, 2, 1, 4, 3, 6, 5, 3, 3, 2, 2, 4, 3, 10, 0, 0, 0, 0, 0, 0]",4,10.188034898222837,-1,0
71,"[0, 0, 0, 1, 3, 1, 0, 1, 0, 1, 0, 0, 1, 0, 2, 0, 0, 0, 0, 0, 0, 0, 0, 0, 2, 0, 0, 0, 0, 0, 0, 0, 1, 0, 0, 0, 1, 0, 2, 0, 0, 0, 0, 0, 0, 0, 0, 1, 0, 0, 0, 0, 2, 0, 0, 0, 0, 0, 0, 0, 0, 0, 0, 2, 2, 0, 2, 1, 2, 1, 4, 3, 6, 5, 3, 3, 2, 2, 4, 5, 11, 0, 0, 0, 0, 0, 0]",4,8.803335087304205,-1,1
72,"[0, 0, 0, 1, 3, 1, 0, 2, 0, 1, 0, 0, 1, 0, 2, 0, 0, 0, 0, 0, 0, 0, 0, 0, 2, 0, 0, 0, 0, 0, 0, 0, 1, 0, 0, 0, 1, 0, 2, 0, 0, 0, 0, 0, 0, 0, 0, 1, 0, 0, 0, 0, 2, 0, 0, 0, 0, 0, 0, 0, 0, 0, 0, 2, 2, 0, 2, 1, 2, 1, 4, 3, 6, 5, 3, 3, 2, 2, 4, 5, 12, 0, 0, 0, 0, 0, 0]",4,10.186216865683306,-1,0
73,"[0, 1, 0, 1, 3, 2, 0, 2, 0, 1, 0, 0, 1, 0, 2, 0, 0, 0, 0, 0, 0, 0, 0, 0, 2, 0, 0, 0, 0, 0, 0, 0, 1, 0, 0, 0, 1, 0, 2, 0, 0, 0, 0, 0, 0, 0, 0, 1, 0, 0, 0, 0, 2, 0, 0, 0, 0, 0, 0, 0, 0, 0, 0, 2, 2, 0, 2, 1, 2, 1, 4, 3, 6, 5, 3, 3, 2, 2, 4, 5, 13, 0, 0, 0, 0, 0, 0]",4,8.932432588317802,-1,1
74,"[0, 1, 0, 1, 3, 2, 0, 2, 0, 1, 0, 0, 1, 0, 2, 0, 0, 0, 0, 0, 0, 0, 0, 0, 2, 0, 0, 0, 0, 0, 0, 0, 1, 0, 0, 0, 1, 0, 2, 0, 0, 0, 0, 0, 0, 0, 0, 1, 0, 0, 0, 0, 2, 0, 0, 0, 0, 0, 0, 0, 0, 0, 0, 2, 2, 0, 2, 1, 2, 1, 4, 3, 6, 5, 3, 3, 2, 2, 4, 5, 13, 0, 1, 0, 0, 0, 0]",2,0.5998872121582616,-1,0
75,"[0, 1, 0, 1, 3, 2, 0, 2, 0, 1, 0, 0, 1, 0, 2, 0, 0, 0, 0, 0, 0, 0, 0, 0, 2, 0, 0, 0, 0, 0, 0, 0, 1, 0, 0, 0, 1, 0, 2, 0, 0, 0, 0, 0, 0, 0, 0, 1, 0, 0, 0, 0, 2, 0, 0, 0, 0, 0, 0, 0, 0, 0, 0, 2, 2, 0, 2, 1, 2, 1, 4, 3, 6, 5, 3, 3, 2, 2, 4, 5, 13, 0, 1, 0, 0, 1, 0]","[[0 1 0 0]
 [1 0 0 0]]",0.8503120772163525,-1,0
76,"[0, 1, 0, 1, 3, 2, 0, 2, 0, 1, 0, 0, 1, 0, 2, 0, 0, 0, 0, 0, 0, 0, 0, 0, 2, 0, 0, 0, 0, 0, 0, 0, 1, 0, 0, 0, 1, 0, 2, 0, 0, 0, 0, 0, 0, 0, 0, 1, 0, 0, 0, 0, 2, 0, 0, 0, 0, 0, 0, 0, 0, 0, 0, 2, 2, 0, 2, 1, 2, 1, 4, 3, 6, 5, 3, 3, 2, 2, 4, 5, 13, 0, 0, 0, 0, 0, 0]",1,-0.5001127878417384,-1,1
77,"[0, 1, 0, 1, 3, 2, 0, 2, 0, 1, 0, 0, 1, 0, 2, 0, 0, 0, 0, 0, 0, 0, 0, 0, 2, 0, 0, 0, 0, 0, 0, 0, 1, 0, 0, 0, 1, 0, 2, 0, 0, 0, 0, 0, 0, 0, 0, 1, 0, 0, 0, 0, 2, 0, 0, 0, 0, 0, 0, 0, 0, 0, 0, 2, 2, 0, 2, 1, 2, 1, 4, 3, 6, 5, 3, 3, 2, 2, 4, 5, 14, 0, 0, 0, 0, 0, 0]",4,10.347155326286616,-1,0
78,"[0, 1, 0, 1, 3, 2, 0, 2, 0, 1, 0, 0, 1, 0, 2, 0, 0, 0, 0, 0, 0, 0, 0, 0, 2, 0, 0, 0, 0, 0, 0, 0, 1, 0, 0, 0, 1, 0, 2, 0, 0, 0, 0, 0, 0, 0, 0, 1, 0, 0, 0, 0, 2, 0, 0, 0, 0, 0, 0, 0, 0, 0, 0, 2, 2, 0, 2, 1, 2, 1, 4, 3, 6, 5, 3, 3, 2, 2, 4, 5, 14, 0, 0, 0, 0, 0, 0]",-1,-0.0434679117699403,-1,1
79,"[0, 1, 0, 1, 3, 2, 0, 2, 0, 1, 0, 0, 1, 0, 2, 0, 0, 0, 0, 0, 0, 0, 0, 0, 2, 0, 0, 0, 0, 0, 0, 0, 1, 0, 0, 0, 1, 0, 2, 0, 0, 0, 0, 0, 0, 0, 0, 1, 0, 0, 0, 0, 2, 0, 0, 0, 0, 0, 0, 0, 0, 0, 0, 2, 2, 0, 2, 1, 2, 1, 4, 3, 6, 5, 3, 3, 2, 2, 4, 5, 14, 1, 0, 0, 0, 0, 0]",3,0.39988261190078384,-1,0
80,"[0, 1, 0, 1, 3, 2, 0, 2, 0, 1, 0, 0, 1, 0, 2, 0, 0, 0, 0, 0, 0, 0, 0, 0, 2, 0, 0, 0, 0, 0, 0, 0, 1, 0, 0, 0, 1, 0, 2, 0, 0, 0, 0, 0, 0, 0, 0, 1, 0, 0, 0, 0, 2, 0, 0, 0, 0, 0, 0, 0, 0, 0, 0, 2, 2, 0, 2, 1, 2, 1, 4, 3, 6, 5, 3, 3, 2, 2, 4, 5, 14, 0, 0, 0, 0, 0, 0]",-1,-0.0434679117699403,-1,0
81,"[0, 1, 0, 1, 3, 2, 0, 2, 0, 1, 0, 0, 1, 0, 2, 0, 0, 0, 0, 0, 0, 0, 0, 0, 2, 0, 0, 0, 0, 0, 0, 0, 1, 0, 0, 0, 1, 0, 2, 0, 0, 0, 0, 0, 0, 0, 0, 1, 0, 0, 0, 0, 2, 0, 0, 0, 0, 0, 0, 0, 0, 0, 0, 2, 2, 0, 2, 1, 2, 1, 4, 3, 6, 5, 3, 3, 2, 2, 4, 5, 14, 0, 1, 0, 0, 0, 0]",2,0.5998826119007838,-1,0
82,"[0, 1, 0, 1, 3, 2, 0, 2, 0, 1, 0, 0, 1, 0, 2, 0, 0, 0, 0, 0, 0, 0, 0, 0, 2, 0, 0, 0, 0, 0, 0, 0, 1, 0, 0, 0, 1, 0, 2, 0, 0, 0, 0, 0, 0, 0, 0, 1, 0, 0, 0, 0, 2, 0, 0, 0, 0, 0, 0, 0, 0, 0, 0, 2, 2, 0, 2, 1, 2, 1, 4, 3, 6, 5, 3, 3, 2, 2, 4, 5, 14, 0, 1, 0, 0, 1, 0]","[[0 1 0 0]
 [1 0 0 0]]",0.8503074769588748,-1,0
83,"[0, 1, 0, 1, 3, 2, 0, 2, 0, 1, 0, 0, 1, 0, 2, 0, 0, 0, 0, 0, 0, 0, 0, 0, 2, 0, 0, 0, 0, 0, 0, 0, 1, 0, 0, 0, 1, 0, 2, 0, 0, 0, 0, 0, 0, 0, 0, 1, 0, 0, 0, 0, 2, 0, 0, 0, 0, 0, 0, 0, 0, 0, 0, 2, 2, 0, 2, 1, 2, 1, 4, 3, 6, 5, 3, 3, 2, 2, 4, 5, 14, 0, 0, 0, 0, 0, 0]",1,-0.5001173880992161,-1,1
84,"[0, 1, 0, 1, 3, 2, 0, 2, 0, 1, 0, 0, 1, 0, 2, 0, 0, 0, 0, 0, 0, 0, 0, 0, 2, 0, 0, 0, 0, 0, 0, 0, 1, 0, 0, 0, 1, 0, 2, 0, 0, 0, 0, 0, 0, 0, 0, 1, 0, 0, 0, 0, 2, 0, 0, 0, 0, 0, 0, 0, 0, 0, 0, 2, 2, 0, 2, 1, 2, 1, 4, 3, 6, 5, 3, 3, 2, 2, 4, 5, 14, 0, 1, 0, 0, 0, 0]",2,0.5998826119007838,-1,0
85,"[0, 1, 0, 1, 3, 2, 0, 2, 0, 1, 0, 0, 1, 0, 2, 0, 0, 0, 0, 0, 0, 0, 0, 0, 2, 0, 0, 0, 0, 0, 0, 0, 1, 0, 0, 0, 1, 0, 2, 0, 0, 0, 0, 0, 0, 0, 0, 1, 0, 0, 0, 0, 2, 0, 0, 0, 0, 0, 0, 0, 0, 0, 0, 2, 2, 0, 2, 1, 2, 1, 4, 3, 6, 5, 3, 3, 2, 2, 4, 5, 14, 0, 1, 0, 0, 1, 0]","[[0 1 0 0]
 [1 0 0 0]]",0.8503074769588748,-1,0
86,"[0, 1, 0, 1, 3, 2, 0, 2, 0, 1, 0, 0, 1, 0, 2, 0, 0, 0, 0, 0, 0, 0, 0, 0, 2, 0, 0, 0, 0, 0, 0, 0, 1, 0, 0, 0, 1, 0, 2, 0, 0, 0, 0, 0, 0, 0, 0, 1, 0, 0, 0, 0, 2, 0, 0, 0, 0, 0, 0, 0, 0, 0, 0, 2, 2, 0, 2, 1, 2, 1, 4, 3, 6, 5, 3, 3, 2, 2, 4, 5, 14, 0, 0, 0, 0, 0, 0]",-1,-0.0434679117699403,-1,1
87,"[0, 1, 0, 1, 3, 2, 0, 2, 0, 1, 0, 0, 1, 0, 2, 0, 0, 0, 0, 0, 0, 0, 0, 0, 2, 0, 0, 0, 0, 0, 0, 0, 1, 0, 0, 0, 1, 0, 2, 0, 0, 0, 0, 0, 0, 0, 0, 1, 0, 0, 0, 0, 2, 0, 0, 0, 0, 0, 0, 0, 0, 0, 0, 2, 2, 0, 2, 1, 2, 1, 4, 3, 6, 5, 3, 3, 2, 2, 4, 5, 14, 0, 1, 0, 0, 0, 0]",2,0.5998826119007838,-1,0
88,"[0, 1, 0, 1, 3, 2, 0, 2, 0, 1, 0, 0, 1, 0, 2, 0, 0, 0, 0, 0, 0, 0, 0, 0, 2, 0, 0, 0, 0, 0, 0, 0, 1, 0, 0, 0, 1, 0, 2, 0, 0, 0, 0, 0, 0, 0, 0, 1, 0, 0, 0, 0, 2, 0, 0, 0, 0, 0, 0, 0, 0, 0, 0, 2, 2, 0, 2, 1, 2, 1, 4, 3, 6, 5, 3, 3, 2, 2, 4, 5, 14, 0, 1, 0, 0, 1, 0]","[[0 0 0 1]
 [1 0 0 0]]",0.8503074769588748,-1,0
89,"[0, 1, 0, 1, 3, 2, 0, 2, 0, 1, 0, 0, 1, 0, 2, 0, 0, 0, 0, 0, 0, 0, 0, 0, 2, 0, 0, 0, 0, 0, 0, 0, 1, 0, 0, 0, 1, 0, 2, 0, 0, 0, 0, 0, 0, 0, 0, 1, 0, 0, 0, 0, 2, 0, 0, 0, 0, 0, 0, 0, 0, 0, 0, 2, 2, 0, 2, 1, 2, 1, 4, 3, 6, 5, 3, 3, 2, 2, 4, 5, 14, 0, 0, 0, 0, 0, 0]",1,-0.5001173880992161,-1,1
90,"[1, 1, 0, 1, 3, 3, 0, 2, 0, 1, 0, 0, 1, 0, 2, 0, 0, 0, 0, 0, 0, 0, 0, 0, 2, 0, 0, 0, 0, 0, 0, 0, 1, 0, 0, 0, 1, 0, 2, 0, 0, 0, 0, 0, 0, 0, 0, 1, 0, 0, 0, 0, 2, 0, 0, 0, 0, 0, 0, 0, 0, 0, 0, 2, 2, 0, 2, 1, 2, 1, 4, 3, 6, 5, 3, 3, 2, 2, 4, 5, 15, 0, 0, 0, 0, 0, 0]",4,10.620206931678117,-1,0
91,"[1, 1, 0, 1, 3, 3, 0, 2, 0, 1, 0, 0, 1, 0, 2, 0, 0, 0, 0, 0, 0, 0, 0, 0, 2, 0, 0, 0, 0, 0, 0, 0, 1, 0, 0, 0, 1, 0, 2, 0, 0, 0, 0, 0, 0, 0, 0, 1, 0, 0, 0, 0, 2, 0, 0, 0, 0, 0, 0, 0, 0, 0, 0, 2, 2, 0, 2, 1, 2, 1, 4, 3, 6, 5, 3, 3, 2, 2, 4, 5, 15, 0, 1, 0, 0, 0, 0]",2,0.5998778241281131,-1,1
92,"[1, 1, 0, 1, 3, 3, 0, 2, 0, 1, 0, 0, 1, 0, 2, 0, 0, 0, 0, 0, 0, 0, 0, 0, 2, 0, 0, 0, 0, 0, 0, 0, 1, 0, 0, 0, 1, 0, 2, 0, 0, 0, 0, 0, 0, 0, 0, 1, 0, 0, 0, 0, 2, 0, 0, 0, 0, 0, 0, 0, 0, 0, 0, 2, 2, 0, 2, 1, 2, 1, 4, 3, 6, 5, 3, 3, 2, 2, 4, 5, 15, 0, 1, 0, 0, 1, 0]","[[1 1 0 1]
 [1 1 0 1]]",0.850302689186204,-1,1
93,"[1, 1, 0, 1, 3, 3, 0, 2, 0, 1, 0, 0, 1, 0, 2, 0, 0, 0, 0, 0, 0, 0, 0, 0, 2, 0, 0, 0, 0, 0, 0, 0, 1, 0, 0, 0, 1, 0, 2, 0, 0, 0, 0, 0, 0, 0, 0, 1, 0, 0, 0, 0, 2, 0, 0, 0, 0, 0, 0, 0, 0, 0, 0, 2, 2, 0, 2, 1, 2, 1, 4, 3, 6, 5, 3, 3, 2, 2, 4, 5, 15, 0, 0, 0, 0, 0, 0]",0,-0.00012217587188688021,-1,0
94,"[1, 1, 0, 1, 3, 3, 0, 2, 0, 1, 0, 0, 1, 0, 2, 0, 0, 0, 0, 0, 0, 0, 0, 0, 2, 0, 0, 0, 0, 0, 0, 0, 1, 0, 0, 0, 1, 0, 2, 0, 0, 0, 0, 0, 0, 0, 0, 1, 0, 0, 0, 0, 2, 0, 0, 0, 0, 0, 0, 0, 0, 0, 0, 2, 2, 0, 2, 1, 2, 1, 4, 3, 6, 5, 3, 3, 2, 2, 4, 5, 15, 0, 0, 0, 0, 0, 0]",0,0.6259768578280541,-1,1
95,"[1, 1, 0, 1, 3, 3, 0, 2, 0, 1, 0, 0, 1, 0, 2, 0, 0, 0, 0, 0, 0, 0, 0, 0, 2, 0, 0, 0, 0, 0, 0, 0, 1, 0, 0, 0, 1, 0, 2, 0, 0, 0, 0, 0, 0, 0, 0, 1, 0, 0, 0, 0, 2, 0, 0, 0, 0, 0, 0, 0, 0, 0, 0, 2, 2, 0, 2, 1, 2, 1, 4, 3, 6, 5, 3, 3, 2, 2, 4, 5, 15, 0, 0, 0, 0, 0, 0]",-1,-0.043035398821252895,-1,1
96,"[1, 2, 0, 1, 3, 4, 0, 2, 0, 1, 0, 0, 1, 0, 2, 0, 0, 0, 0, 0, 0, 0, 0, 0, 2, 0, 0, 0, 0, 0, 0, 0, 1, 0, 0, 0, 1, 0, 2, 0, 0, 0, 0, 0, 0, 0, 0, 1, 0, 0, 0, 0, 2, 0, 0, 0, 0, 0, 0, 0, 0, 0, 0, 2, 2, 0, 2, 1, 2, 1, 4, 3, 6, 5, 3, 3, 2, 2, 4, 5, 16, 0, 0, 0, 0, 0, 0]",4,8.816589751623248,-1,1
97,"[1, 2, 0, 1, 3, 4, 0, 2, 0, 1, 0, 0, 1, 0, 2, 0, 0, 0, 0, 0, 0, 0, 0, 0, 2, 0, 0, 0, 0, 0, 0, 0, 1, 0, 0, 0, 1, 0, 2, 0, 0, 0, 0, 0, 0, 0, 0, 1, 0, 0, 0, 0, 2, 0, 0, 0, 0, 0, 0, 0, 0, 0, 0, 2, 2, 0, 2, 1, 2, 1, 4, 3, 6, 5, 3, 3, 2, 2, 4, 5, 16, 0, 0, 0, 0, 0, 0]",0,0.5855348597801737,-1,0
98,"[0, 1, 0, 1, 3, 4, 0, 2, 0, 1, 0, 0, 1, 0, 2, 0, 0, 0, 0, 0, 0, 0, 0, 0, 2, 0, 0, 0, 0, 0, 0, 0, 1, 0, 0, 0, 1, 0, 2, 0, 0, 0, 1, 0, 0, 0, 0, 1, 0, 0, 0, 0, 2, 0, 0, 0, 0, 0, 0, 0, 0, 0, 0, 2, 2, 0, 2, 1, 2, 1, 4, 3, 6, 5, 3, 3, 2, 2, 4, 5, 16, 0, 0, 0, 0, 0, 0]",10,0.499872841206321,-1,0
99,"[0, 1, 0, 1, 3, 4, 0, 2, 0, 1, 0, 0, 1, 0, 2, 0, 0, 0, 0, 0, 0, 0, 0, 0, 2, 0, 0, 0, 0, 0, 0, 0, 1, 0, 0, 0, 1, 0, 2, 0, 0, 0, 1, 0, 0, 0, 0, 1, 0, 0, 0, 0, 2, 0, 0, 0, 0, 0, 0, 0, 0, 0, 0, 2, 2, 0, 2, 1, 2, 1, 4, 3, 6, 5, 3, 3, 2, 2, 4, 5, 16, 0, 1, 0, 0, 0, 0]",2,0.5998728412063209,-1,0
100,"[0, 1, 0, 1, 3, 4, 0, 2, 0, 1, 0, 0, 1, 0, 2, 0, 0, 0, 0, 0, 0, 0, 0, 0, 2, 0, 0, 0, 0, 0, 0, 0, 1, 0, 0, 0, 1, 0, 2, 0, 0, 0, 1, 0, 0, 0, 0, 1, 0, 0, 0, 0, 2, 0, 0, 0, 0, 0, 0, 0, 0, 0, 0, 2, 2, 0, 2, 1, 2, 1, 4, 3, 6, 5, 3, 3, 2, 2, 4, 5, 16, 0, 1, 0, 0, 1, 0]","[[0 0 0 1]
 [1 0 0 0]]",0.8502977062644118,-1,0
101,"[0, 1, 0, 1, 3, 4, 0, 2, 0, 1, 0, 0, 1, 0, 2, 0, 0, 0, 0, 0, 0, 0, 0, 0, 2, 0, 0, 0, 0, 0, 0, 0, 1, 0, 0, 0, 1, 0, 2, 0, 0, 0, 1, 0, 0, 0, 0, 1, 0, 0, 0, 0, 2, 0, 0, 0, 0, 0, 0, 0, 0, 0, 0, 2, 2, 0, 2, 1, 2, 1, 4, 3, 6, 5, 3, 3, 2, 2, 4, 5, 16, 0, 1, 0, 0, 0, 1]",2,-0.00012715879367904565,-1,1
102,"[0, 1, 0, 1, 3, 4, 0, 2, 0, 1, 0, 0, 1, 0, 2, 0, 0, 0, 0, 0, 0, 0, 0, 0, 2, 0, 0, 0, 0, 0, 0, 0, 1, 0, 0, 0, 1, 0, 2, 0, 0, 0, 1, 0, 0, 0, 0, 1, 0, 0, 0, 0, 2, 0, 0, 0, 0, 0, 0, 0, 0, 0, 0, 2, 2, 0, 2, 1, 2, 1, 4, 3, 6, 5, 3, 3, 2, 2, 4, 5, 16, 0, 0, 1, 0, 0, 0]","[[1 1 0 1]
 [0 1 0 1]]",-0.00012715879367904565,-1,1
103,"[1, 1, 0, 1, 2, 4, 0, 2, 0, 1, 0, 0, 1, 0, 2, 0, 0, 0, 0, 0, 0, 0, 0, 0, 2, 0, 0, 0, 0, 0, 0, 0, 1, 0, 0, 0, 1, 0, 2, 0, 0, 0, 1, 0, 0, 0, 0, 1, 0, 0, 0, 0, 2, 0, 0, 0, 0, 0, 0, 0, 0, 0, 0, 2, 2, 0, 2, 1, 2, 1, 4, 3, 6, 5, 3, 3, 2, 2, 4, 5, 16, 0, 0, 0, 0, 0, 0]",0,-0.00012715879367904565,-1,0
104,"[1, 1, 0, 1, 2, 4, 0, 2, 0, 1, 0, 0, 1, 0, 2, 0, 0, 0, 0, 0, 0, 0, 0, 0, 2, 0, 0, 0, 0, 0, 0, 0, 1, 0, 0, 0, 1, 0, 2, 0, 0, 0, 1, 0, 0, 0, 0, 1, 0, 0, 0, 0, 2, 0, 0, 0, 0, 0, 0, 0, 0, 0, 0, 2, 2, 0, 2, 1, 2, 1, 4, 3, 6, 5, 3, 3, 2, 2, 4, 5, 16, 0, 0, 0, 0, 0, 0]",0,0.5420905096753592,-1,0
105,"[0, 0, 0, 1, 2, 4, 0, 2, 0, 1, 0, 0, 1, 0, 2, 0, 0, 0, 0, 0, 0, 0, 0, 0, 2, 0, 0, 0, 0, 0, 0, 0, 1, 0, 0, 1, 1, 0, 2, 0, 0, 0, 1, 0, 0, 0, 0, 1, 0, 0, 0, 0, 2, 0, 0, 0, 0, 0, 0, 0, 0, 0, 0, 2, 2, 0, 2, 1, 2, 1, 4, 3, 6, 5, 3, 3, 2, 2, 4, 5, 16, 0, 0, 0, 0, 0, 0]",3,0.660629209972138,-1,0
106,"[1, 0, 0, 1, 2, 5, 0, 2, 0, 1, 0, 0, 1, 0, 2, 0, 0, 0, 0, 0, 0, 0, 0, 0, 2, 0, 0, 0, 0, 0, 0, 0, 1, 0, 0, 1, 1, 0, 2, 0, 0, 0, 1, 0, 0, 0, 0, 1, 0, 0, 0, 0, 2, 0, 0, 0, 0, 0, 0, 0, 0, 0, 0, 2, 2, 0, 2, 1, 2, 1, 4, 3, 6, 5, 3, 3, 2, 2, 4, 5, 17, 0, 0, 0, 0, 0, 0]",4,13.144545205381887,-1,0
107,"[1, 0, 0, 1, 2, 5, 0, 2, 0, 1, 0, 0, 1, 0, 2, 0, 0, 0, 0, 0, 0, 0, 0, 0, 2, 0, 0, 0, 0, 0, 0, 0, 1, 0, 0, 1, 1, 0, 2, 0, 0, 0, 1, 0, 0, 0, 0, 1, 0, 0, 0, 0, 2, 0, 0, 0, 0, 0, 0, 0, 0, 0, 0, 2, 2, 0, 2, 1, 2, 1, 4, 3, 6, 5, 3, 3, 2, 2, 4, 5, 17, 0, 1, 0, 0, 0, 0]",2,0.5998676551914885,-1,1
108,"[1, 0, 0, 1, 2, 5, 0, 2, 0, 1, 0, 0, 1, 0, 2, 0, 0, 0, 0, 0, 0, 0, 0, 0, 2, 0, 0, 0, 0, 0, 0, 0, 1, 0, 0, 1, 1, 0, 2, 0, 0, 0, 1, 0, 0, 0, 0, 1, 0, 0, 0, 0, 2, 0, 0, 0, 0, 0, 0, 0, 0, 0, 0, 2, 2, 0, 2, 1, 2, 1, 4, 3, 6, 5, 3, 3, 2, 2, 4, 5, 17, 0, 1, 0, 0, 1, 0]","[[1 2 0 1]
 [1 0 0 1]]",0.02375197967205893,-1,1
109,"[1, 0, 0, 1, 2, 5, 0, 2, 0, 1, 0, 0, 1, 0, 2, 0, 0, 0, 0, 0, 0, 0, 0, 0, 2, 0, 0, 0, 0, 0, 0, 0, 1, 0, 0, 1, 1, 0, 2, 0, 0, 0, 1, 0, 0, 0, 0, 1, 0, 0, 0, 0, 2, 0, 0, 0, 0, 0, 0, 0, 0, 0, 0, 2, 2, 0, 2, 1, 2, 1, 4, 3, 6, 5, 3, 3, 2, 2, 4, 5, 17, 0, 0, 0, 0, 0, 0]",1,-0.0001323448085114089,-1,0
110,"[1, 0, 0, 1, 2, 5, 0, 2, 0, 1, 0, 0, 1, 0, 2, 0, 0, 0, 0, 0, 0, 0, 0, 0, 2, 0, 0, 0, 0, 0, 0, 0, 1, 0, 0, 1, 1, 0, 2, 0, 0, 0, 1, 0, 0, 0, 0, 1, 0, 0, 0, 0, 2, 0, 0, 0, 0, 0, 0, 0, 0, 0, 0, 2, 2, 0, 2, 1, 2, 1, 4, 3, 6, 5, 3, 3, 2, 2, 4, 5, 17, 0, 0, 0, 0, 0, 0]",-1,-0.04218324082981919,-1,1
111,"[1, 0, 0, 1, 2, 5, 0, 2, 0, 1, 0, 0, 1, 0, 2, 0, 0, 0, 0, 0, 0, 0, 0, 0, 2, 0, 0, 0, 0, 0, 0, 0, 1, 0, 0, 1, 1, 0, 2, 0, 0, 0, 1, 0, 0, 0, 0, 1, 0, 0, 0, 0, 2, 0, 0, 0, 0, 0, 0, 0, 0, 0, 0, 2, 2, 0, 2, 1, 2, 1, 4, 3, 6, 5, 3, 3, 2, 2, 4, 5, 18, 0, 0, 0, 0, 0, 0]",4,8.717035409025657,-1,1
112,"[1, 0, 0, 1, 2, 5, 0, 2, 0, 1, 0, 0, 1, 0, 2, 0, 0, 0, 0, 0, 0, 0, 0, 0, 2, 0, 0, 0, 0, 0, 0, 0, 1, 0, 0, 1, 1, 0, 2, 0, 0, 0, 1, 0, 0, 0, 0, 1, 0, 0, 0, 0, 2, 0, 0, 0, 0, 0, 0, 0, 0, 0, 0, 2, 2, 0, 2, 1, 2, 1, 4, 3, 6, 5, 3, 3, 2, 2, 4, 5, 18, 1, 0, 0, 0, 0, 0]",3,0.3998622578171854,-1,0
113,"[1, 0, 0, 1, 2, 5, 0, 2, 0, 1, 0, 0, 1, 0, 2, 0, 0, 0, 0, 0, 0, 0, 0, 0, 2, 0, 0, 0, 0, 0, 0, 0, 1, 0, 0, 1, 1, 0, 2, 0, 0, 0, 1, 0, 0, 0, 0, 1, 0, 0, 0, 0, 2, 0, 0, 0, 0, 0, 0, 0, 0, 0, 0, 2, 2, 0, 2, 1, 2, 1, 4, 3, 6, 5, 3, 3, 2, 2, 4, 5, 18, 0, 0, 0, 0, 0, 0]",-1,-0.0417635105705636,-1,0
114,"[1, 0, 0, 1, 2, 5, 0, 2, 0, 1, 0, 0, 1, 0, 2, 0, 0, 0, 0, 0, 0, 0, 0, 0, 2, 0, 0, 0, 0, 0, 0, 0, 1, 0, 0, 1, 1, 0, 2, 0, 0, 0, 1, 0, 0, 0, 0, 1, 0, 0, 0, 0, 2, 0, 0, 0, 0, 0, 0, 0, 0, 0, 0, 2, 2, 0, 2, 1, 2, 1, 4, 3, 6, 5, 3, 3, 2, 2, 4, 5, 18, 1, 0, 0, 0, 0, 0]",3,0.3998622578171854,-1,0
115,"[1, 0, 0, 1, 2, 5, 0, 2, 0, 1, 0, 0, 1, 0, 2, 0, 0, 0, 0, 0, 0, 0, 0, 0, 2, 0, 0, 0, 0, 0, 0, 0, 1, 0, 0, 1, 1, 0, 2, 0, 0, 0, 1, 0, 0, 0, 0, 1, 0, 0, 0, 0, 2, 0, 0, 0, 0, 0, 0, 0, 0, 0, 0, 2, 2, 0, 2, 1, 2, 1, 4, 3, 6, 5, 3, 3, 2, 2, 4, 5, 18, 0, 0, 0, 0, 0, 0]",-1,-0.0417635105705636,-1,0
116,"[1, 0, 0, 1, 2, 5, 0, 2, 0, 1, 0, 0, 1, 0, 2, 0, 0, 0, 0, 0, 0, 0, 0, 0, 2, 0, 0, 0, 0, 0, 0, 0, 1, 0, 0, 1, 1, 0, 2, 0, 0, 0, 1, 0, 0, 0, 0, 1, 0, 0, 0, 0, 2, 0, 0, 0, 0, 0, 0, 0, 0, 0, 0, 2, 2, 0, 2, 1, 2, 1, 4, 3, 6, 5, 3, 3, 2, 2, 4, 5, 18, 0, 1, 0, 0, 0, 0]",2,0.5998622578171853,-1,0
117,"[1, 0, 0, 1, 2, 5, 0, 2, 0, 1, 0, 0, 1, 0, 2, 0, 0, 0, 0, 0, 0, 0, 0, 0, 2, 0, 0, 0, 0, 0, 0, 0, 1, 0, 0, 1, 1, 0, 2, 0, 0, 0, 1, 0, 0, 0, 0, 1, 0, 0, 0, 0, 2, 0, 0, 0, 0, 0, 0, 0, 0, 0, 0, 2, 2, 0, 2, 1, 2, 1, 4, 3, 6, 5, 3, 3, 2, 2, 4, 5, 18, 0, 1, 0, 0, 1, 0]","[[1 0 0 0]
 [0 1 0 0]]",0.8502871228752762,-1,0
118,"[1, 0, 0, 1, 2, 5, 0, 2, 0, 1, 0, 0, 1, 0, 2, 0, 0, 0, 0, 0, 0, 0, 0, 0, 2, 0, 0, 0, 0, 0, 0, 0, 1, 0, 0, 1, 1, 0, 2, 0, 0, 0, 1, 0, 0, 0, 0, 1, 0, 0, 0, 0, 2, 0, 0, 0, 0, 0, 0, 0, 0, 0, 0, 2, 2, 0, 2, 1, 2, 1, 4, 3, 6, 5, 3, 3, 2, 2, 4, 5, 18, 0, 1, 0, 0, 0, 1]",2,-0.00013774218281465125,-1,1
119,"[1, 0, 0, 1, 2, 5, 0, 2, 0, 1, 0, 0, 1, 0, 2, 0, 0, 0, 0, 0, 0, 0, 0, 0, 2, 0, 0, 0, 0, 0, 0, 0, 1, 0, 0, 1, 1, 0, 2, 0, 0, 0, 1, 0, 0, 0, 0, 1, 0, 0, 0, 0, 2, 0, 0, 0, 0, 0, 0, 0, 0, 0, 0, 2, 2, 0, 2, 1, 2, 1, 4, 3, 6, 5, 3, 3, 2, 2, 4, 5, 18, 0, 0, 1, 0, 0, 0]","[[1 1 0 1]
 [1 0 0 1]]",-0.00013774218281465125,-1,1
120,"[1, 0, 0, 1, 2, 5, 0, 2, 0, 1, 0, 0, 1, 0, 2, 0, 0, 0, 0, 0, 0, 0, 0, 0, 2, 0, 0, 0, 0, 0, 0, 0, 1, 0, 0, 1, 1, 0, 2, 0, 0, 0, 1, 0, 0, 0, 0, 1, 0, 0, 0, 0, 2, 0, 0, 0, 0, 0, 0, 0, 0, 0, 0, 2, 2, 0, 2, 1, 2, 1, 4, 3, 6, 5, 3, 3, 2, 2, 4, 5, 18, 0, 0, 0, 0, 0, 0]",1,-0.6893567551810356,-1,0
121,"[1, 0, 0, 1, 2, 5, 0, 2, 0, 1, 0, 0, 1, 0, 2, 0, 0, 0, 0, 0, 0, 0, 0, 0, 2, 0, 0, 0, 0, 0, 0, 0, 1, 0, 0, 1, 1, 0, 2, 0, 0, 0, 1, 0, 0, 0, 0, 1, 0, 0, 0, 0, 2, 0, 0, 0, 0, 0, 0, 0, 0, 0, 0, 2, 2, 0, 2, 1, 2, 1, 4, 3, 6, 5, 3, 3, 2, 2, 4, 5, 18, 0, 1, 0, 0, 0, 0]",2,0.5998622578171853,-1,0
122,"[1, 0, 0, 1, 2, 5, 0, 2, 0, 1, 0, 0, 1, 0, 2, 0, 0, 0, 0, 0, 0, 0, 0, 0, 2, 0, 0, 0, 0, 0, 0, 0, 1, 0, 0, 1, 1, 0, 2, 0, 0, 0, 1, 0, 0, 0, 0, 1, 0, 0, 0, 0, 2, 0, 0, 0, 0, 0, 0, 0, 0, 0, 0, 2, 2, 0, 2, 1, 2, 1, 4, 3, 6, 5, 3, 3, 2, 2, 4, 5, 18, 0, 1, 0, 0, 1, 0]","[[1 0 0 0]
 [0 1 0 0]]",0.8502871228752762,-1,0
123,"[0, 1, 0, 1, 3, 4, 0, 2, 0, 1, 0, 0, 1, 0, 2, 0, 0, 0, 0, 0, 0, 0, 0, 0, 2, 0, 0, 0, 0, 0, 0, 0, 1, 0, 0, 1, 1, 0, 2, 0, 0, 0, 1, 0, 0, 0, 0, 1, 0, 0, 0, 0, 2, 0, 0, 0, 0, 0, 0, 0, 0, 0, 0, 2, 2, 0, 2, 1, 2, 1, 4, 3, 6, 5, 3, 3, 2, 2, 4, 5, 18, 0, 0, 0, 0, 0, 0]",0,-0.00013774218281465125,-1,1
124,"[0, 1, 0, 1, 3, 4, 0, 2, 0, 1, 0, 0, 1, 0, 2, 0, 0, 0, 0, 0, 0, 0, 0, 0, 2, 0, 0, 0, 0, 0, 0, 0, 1, 0, 0, 1, 1, 0, 2, 0, 0, 0, 1, 0, 0, 0, 0, 1, 0, 0, 0, 0, 2, 0, 0, 0, 0, 0, 0, 0, 0, 0, 0, 2, 2, 0, 2, 1, 2, 1, 4, 3, 6, 5, 3, 3, 2, 2, 4, 5, 18, 0, 1, 0, 0, 0, 0]",2,0.5998622578171853,-1,0
125,"[0, 1, 0, 1, 3, 4, 0, 2, 0, 1, 0, 0, 1, 0, 2, 0, 0, 0, 0, 0, 0, 0, 0, 0, 2, 0, 0, 0, 0, 0, 0, 0, 1, 0, 0, 1, 1, 0, 2, 0, 0, 0, 1, 0, 0, 0, 0, 1, 0, 0, 0, 0, 2, 0, 0, 0, 0, 0, 0, 0, 0, 0, 0, 2, 2, 0, 2, 1, 2, 1, 4, 3, 6, 5, 3, 3, 2, 2, 4, 5, 18, 0, 1, 0, 0, 1, 0]","[[0 0 0 1]
 [1 0 0 0]]",0.8502871228752762,-1,0
126,"[1, 1, 0, 0, 2, 4, 0, 3, 0, 1, 0, 0, 1, 0, 2, 0, 0, 0, 0, 0, 0, 0, 0, 0, 2, 0, 0, 0, 0, 0, 0, 0, 1, 0, 0, 1, 1, 0, 2, 0, 0, 0, 1, 0, 0, 0, 0, 1, 0, 0, 0, 0, 2, 0, 0, 0, 0, 0, 0, 0, 0, 0, 0, 2, 2, 0, 2, 1, 2, 1, 4, 3, 6, 5, 3, 3, 2, 2, 4, 5, 18, 0, 0, 0, 0, 0, 0]",0,-0.00013774218281465125,-1,1
127,"[1, 1, 0, 0, 2, 4, 0, 3, 0, 1, 0, 0, 1, 0, 2, 0, 0, 0, 0, 0, 0, 0, 0, 0, 2, 0, 0, 0, 0, 0, 0, 0, 1, 0, 0, 1, 1, 0, 2, 0, 0, 0, 1, 0, 0, 0, 0, 1, 0, 0, 0, 0, 2, 0, 0, 0, 0, 0, 0, 0, 0, 0, 0, 2, 2, 0, 2, 1, 2, 1, 4, 3, 6, 5, 3, 3, 2, 2, 4, 5, 18, 0, 0, 0, 0, 0, 0]",0,0.49483700464776864,-1,0
128,"[1, 1, 0, 0, 2, 4, 0, 3, 0, 1, 0, 0, 1, 0, 2, 0, 0, 0, 0, 0, 0, 0, 0, 0, 2, 0, 0, 0, 0, 0, 0, 0, 1, 0, 0, 1, 1, 0, 2, 0, 0, 0, 1, 0, 0, 0, 0, 1, 0, 0, 0, 0, 2, 0, 0, 0, 0, 0, 0, 0, 0, 0, 0, 2, 2, 0, 2, 1, 2, 1, 4, 3, 6, 5, 3, 3, 2, 2, 4, 5, 18, 0, 0, 0, 0, 0, 0]",-1,-0.0417635105705636,-1,0
129,"[1, 1, 0, 0, 2, 4, 0, 3, 0, 1, 0, 0, 1, 0, 2, 0, 0, 0, 0, 0, 0, 0, 0, 0, 2, 0, 0, 0, 0, 0, 0, 0, 1, 0, 0, 1, 1, 0, 2, 0, 0, 0, 1, 0, 0, 0, 0, 1, 0, 0, 0, 0, 2, 0, 0, 0, 0, 0, 0, 0, 0, 0, 0, 2, 2, 0, 2, 1, 2, 1, 4, 3, 6, 5, 3, 3, 2, 2, 4, 5, 18, 0, 0, 0, 0, 0, 0]",0,0.49483700464776864,-1,0
130,"[0, 0, 0, 0, 2, 4, 0, 3, 0, 1, 0, 0, 1, 0, 2, 0, 0, 0, 0, 0, 0, 0, 0, 0, 2, 0, 0, 0, 0, 0, 0, 0, 1, 1, 0, 1, 1, 0, 2, 0, 0, 0, 1, 0, 0, 0, 0, 1, 0, 0, 0, 0, 2, 0, 0, 0, 0, 0, 0, 0, 0, 0, 0, 2, 2, 0, 2, 1, 2, 1, 4, 3, 6, 5, 3, 3, 2, 2, 4, 5, 18, 0, 0, 0, 0, 0, 0]",1,0.7912537304911403,-1,0
131,"[1, 0, 0, 0, 2, 5, 0, 3, 0, 1, 0, 0, 1, 0, 2, 0, 0, 0, 0, 0, 0, 0, 0, 0, 2, 0, 0, 0, 0, 0, 0, 0, 1, 1, 0, 1, 1, 0, 2, 0, 0, 0, 1, 0, 0, 0, 0, 1, 0, 0, 0, 0, 2, 0, 0, 0, 0, 0, 0, 0, 0, 0, 0, 2, 2, 0, 2, 1, 2, 1, 4, 3, 6, 5, 3, 3, 2, 2, 4, 5, 19, 0, 0, 0, 0, 0, 0]",4,14.380125481539704,-1,0
132,"[1, 0, 0, 0, 2, 5, 0, 3, 0, 1, 0, 0, 1, 0, 2, 0, 0, 0, 0, 0, 0, 0, 0, 0, 2, 0, 0, 0, 0, 0, 0, 0, 1, 1, 0, 1, 1, 0, 2, 0, 0, 0, 1, 0, 0, 0, 0, 1, 0, 0, 0, 0, 2, 0, 0, 0, 0, 0, 0, 0, 0, 0, 0, 2, 2, 0, 2, 1, 2, 1, 4, 3, 6, 5, 3, 3, 2, 2, 4, 5, 19, 0, 0, 0, 0, 0, 0]",-1,-0.04134795669716812,-1,1
133,"[1, 0, 0, 0, 2, 5, 0, 4, 0, 1, 0, 0, 1, 0, 2, 0, 0, 0, 0, 0, 0, 0, 0, 0, 2, 0, 0, 0, 0, 0, 0, 0, 1, 1, 0, 1, 1, 0, 2, 0, 0, 0, 1, 0, 0, 0, 0, 1, 0, 0, 0, 0, 2, 0, 0, 0, 0, 0, 0, 0, 0, 0, 0, 2, 2, 0, 2, 1, 2, 1, 4, 3, 6, 5, 3, 3, 2, 2, 4, 5, 20, 0, 0, 0, 0, 0, 0]",4,8.726923928892553,-1,1
134,"[1, 0, 0, 0, 2, 5, 0, 4, 0, 1, 0, 0, 1, 0, 2, 0, 0, 0, 0, 0, 0, 0, 0, 0, 2, 0, 0, 0, 0, 0, 0, 0, 1, 1, 0, 1, 1, 0, 2, 0, 0, 0, 1, 0, 0, 0, 0, 1, 0, 0, 0, 0, 2, 0, 0, 0, 0, 0, 0, 0, 0, 0, 0, 2, 2, 0, 2, 1, 2, 1, 4, 3, 6, 5, 3, 3, 2, 2, 4, 5, 20, 0, 0, 0, 0, 0, 0]",0,0.44256966665680575,-1,0
135,"[1, 0, 0, 0, 2, 5, 0, 4, 0, 1, 0, 0, 1, 0, 2, 0, 0, 0, 0, 0, 0, 0, 0, 0, 2, 0, 0, 0, 0, 0, 0, 0, 1, 1, 0, 1, 1, 0, 2, 0, 0, 0, 1, 0, 0, 0, 0, 1, 0, 0, 0, 0, 2, 0, 0, 0, 0, 0, 0, 0, 0, 0, 0, 2, 2, 0, 2, 1, 2, 1, 4, 3, 6, 5, 3, 3, 2, 2, 4, 5, 20, 0, 0, 0, 0, 0, 0]",-1,-0.0409365376538991,-1,0
136,"[1, 0, 0, 0, 2, 5, 0, 5, 0, 1, 0, 0, 1, 0, 2, 0, 0, 0, 0, 0, 0, 0, 0, 0, 2, 0, 0, 0, 0, 0, 0, 0, 1, 1, 0, 1, 1, 0, 2, 0, 0, 0, 1, 0, 0, 0, 0, 1, 0, 0, 0, 0, 2, 0, 0, 0, 0, 0, 0, 0, 0, 0, 0, 2, 2, 0, 2, 1, 2, 1, 4, 3, 6, 5, 3, 3, 2, 2, 4, 5, 21, 0, 0, 0, 0, 0, 0]",4,14.378459604983275,-1,0
137,"[1, 0, 0, 0, 2, 5, 0, 5, 0, 1, 0, 0, 1, 0, 2, 0, 0, 0, 0, 0, 0, 0, 0, 0, 2, 0, 0, 0, 0, 0, 0, 0, 1, 1, 0, 1, 1, 0, 2, 0, 0, 0, 1, 0, 0, 0, 0, 1, 0, 0, 0, 0, 2, 0, 0, 0, 0, 0, 0, 0, 0, 0, 0, 2, 2, 0, 2, 1, 2, 1, 4, 3, 6, 5, 3, 3, 2, 2, 4, 5, 21, 1, 0, 0, 0, 0, 0]",3,0.39984470975834585,-1,1
138,"[1, 0, 0, 0, 2, 5, 0, 5, 0, 1, 0, 0, 1, 0, 2, 0, 0, 0, 0, 0, 0, 0, 0, 0, 2, 0, 0, 0, 0, 0, 0, 0, 1, 1, 0, 1, 1, 0, 2, 0, 0, 0, 1, 0, 0, 0, 0, 1, 0, 0, 0, 0, 2, 0, 0, 0, 0, 0, 0, 0, 0, 0, 0, 2, 2, 0, 2, 1, 2, 1, 4, 3, 6, 5, 3, 3, 2, 2, 4, 5, 21, 0, 0, 0, 0, 0, 0]",-1,-0.04052921229850936,-1,1
139,"[1, 0, 0, 0, 4, 5, 0, 5, 0, 1, 0, 0, 1, 0, 2, 0, 0, 0, 0, 0, 0, 0, 0, 0, 2, 0, 0, 0, 0, 0, 0, 0, 1, 1, 0, 1, 1, 0, 2, 0, 0, 0, 1, 0, 0, 0, 0, 1, 0, 0, 0, 0, 2, 0, 0, 0, 0, 0, 0, 0, 0, 0, 0, 2, 2, 0, 2, 1, 2, 1, 4, 3, 6, 5, 3, 3, 2, 2, 4, 5, 22, 0, 0, 0, 0, 0, 0]",4,8.785952716593846,-1,1
140,"[1, 0, 0, 0, 2, 2, 0, 2, 0, 1, 0, 0, 1, 0, 2, 0, 0, 0, 0, 0, 0, 0, 0, 0, 2, 0, 0, 0, 0, 0, 0, 0, 1, 1, 0, 1, 1, 0, 2, 0, 0, 0, 1, 0, 0, 0, 0, 1, 0, 0, 0, 0, 2, 0, 0, 0, 0, 0, 0, 0, 0, 0, 0, 2, 2, 0, 2, 1, 2, 1, 4, 3, 6, 5, 3, 3, 2, 2, 4, 4, 23, 0, 0, 0, 0, 0, 0]",4,14.376825486680916,-1,0
141,"[1, 0, 0, 0, 2, 2, 0, 2, 0, 1, 0, 0, 1, 0, 2, 0, 0, 0, 0, 0, 0, 0, 0, 0, 2, 0, 0, 0, 0, 0, 0, 0, 1, 1, 0, 1, 1, 0, 2, 0, 0, 0, 1, 0, 0, 0, 0, 1, 0, 0, 0, 0, 2, 0, 0, 0, 0, 0, 0, 0, 0, 0, 0, 2, 2, 0, 2, 1, 2, 1, 4, 3, 6, 5, 3, 3, 2, 2, 4, 4, 23, 1, 0, 0, 0, 0, 0]",3,0.39983178696753824,-1,1
142,"[1, 0, 0, 0, 2, 2, 0, 2, 0, 1, 0, 0, 1, 0, 2, 0, 0, 0, 0, 0, 0, 0, 0, 0, 2, 0, 0, 0, 0, 0, 0, 0, 1, 1, 0, 1, 1, 0, 2, 0, 0, 0, 1, 0, 0, 0, 0, 1, 0, 0, 0, 0, 2, 0, 0, 0, 0, 0, 0, 0, 0, 0, 0, 2, 2, 0, 2, 1, 2, 1, 4, 3, 6, 5, 3, 3, 2, 2, 4, 4, 23, 0, 0, 0, 0, 0, 0]",-1,-0.039726680125166704,-1,1
143,"[1, 1, 0, 0, 2, 3, 0, 2, 0, 1, 0, 0, 1, 0, 2, 0, 0, 0, 0, 0, 0, 0, 0, 0, 2, 0, 0, 0, 0, 0, 0, 0, 1, 1, 0, 1, 1, 0, 2, 0, 0, 0, 1, 0, 0, 0, 0, 1, 0, 0, 0, 0, 2, 0, 0, 0, 0, 0, 0, 0, 0, 0, 0, 2, 2, 0, 2, 1, 2, 1, 4, 3, 6, 5, 3, 3, 2, 2, 4, 4, 24, 0, 0, 0, 0, 0, 0]",4,8.923131620810873,-1,1
144,"[1, 1, 0, 0, 2, 3, 0, 2, 0, 1, 0, 0, 1, 0, 2, 0, 0, 0, 0, 0, 0, 0, 0, 0, 2, 0, 0, 0, 0, 0, 0, 0, 1, 1, 0, 1, 1, 0, 2, 0, 0, 0, 1, 0, 0, 0, 0, 1, 0, 0, 0, 0, 2, 0, 0, 0, 0, 0, 0, 0, 0, 0, 0, 2, 2, 0, 2, 1, 2, 1, 4, 3, 6, 5, 3, 3, 2, 2, 4, 4, 24, 0, 0, 0, 0, 0, 0]",0,0.4425438004962873,-1,0
145,"[1, 1, 0, 0, 2, 3, 0, 2, 0, 1, 0, 0, 1, 0, 2, 0, 0, 0, 0, 0, 0, 0, 0, 0, 2, 0, 0, 0, 0, 0, 0, 0, 1, 1, 0, 1, 1, 0, 2, 0, 0, 0, 1, 0, 0, 0, 0, 1, 0, 0, 0, 0, 2, 0, 0, 0, 0, 0, 0, 0, 0, 0, 0, 2, 2, 0, 2, 1, 2, 1, 4, 3, 6, 5, 3, 3, 2, 2, 4, 4, 24, 0, 0, 0, 0, 0, 0]",-1,-0.039331393053327675,-1,0
146,"[1, 1, 0, 0, 2, 3, 0, 2, 0, 1, 0, 0, 1, 0, 2, 0, 0, 0, 0, 0, 0, 0, 0, 0, 2, 0, 0, 0, 0, 0, 0, 0, 1, 1, 0, 1, 1, 0, 2, 0, 0, 0, 1, 0, 0, 0, 0, 1, 0, 0, 0, 0, 2, 0, 0, 0, 0, 0, 0, 0, 0, 0, 0, 2, 2, 0, 2, 1, 2, 1, 4, 3, 6, 5, 3, 3, 2, 2, 4, 4, 24, 0, 0, 0, 0, 0, 0]",0,0.4425438004962873,-1,0
147,"[1, 1, 0, 0, 2, 3, 0, 2, 0, 1, 0, 0, 1, 0, 2, 0, 0, 0, 0, 0, 0, 0, 0, 0, 2, 0, 0, 0, 0, 0, 0, 0, 1, 1, 0, 1, 1, 0, 2, 0, 0, 0, 1, 0, 0, 0, 0, 1, 0, 0, 0, 0, 2, 0, 0, 0, 0, 0, 0, 0, 0, 0, 0, 2, 2, 0, 2, 1, 2, 1, 4, 3, 6, 5, 3, 3, 2, 2, 4, 4, 24, 0, 0, 0, 0, 0, 0]",-1,-0.039331393053327675,-1,0
148,"[1, 1, 0, 0, 2, 3, 0, 2, 0, 1, 0, 0, 1, 0, 2, 0, 0, 0, 0, 0, 0, 0, 0, 0, 2, 0, 0, 0, 0, 0, 0, 0, 1, 1, 0, 1, 1, 0, 2, 0, 0, 0, 1, 0, 0, 0, 0, 1, 0, 0, 0, 0, 2, 0, 0, 0, 0, 0, 0, 0, 0, 0, 0, 2, 2, 0, 2, 1, 2, 1, 4, 3, 6, 5, 3, 3, 2, 2, 4, 4, 24, 0, 0, 0, 0, 0, 0]",0,0.4425438004962873,-1,0
149,"[1, 1, 0, 0, 2, 3, 0, 2, 0, 1, 0, 0, 1, 0, 2, 0, 0, 0, 0, 0, 0, 0, 0, 0, 2, 0, 0, 0, 0, 0, 0, 0, 1, 1, 0, 1, 1, 0, 2, 0, 0, 0, 1, 0, 0, 0, 0, 1, 0, 0, 0, 0, 2, 0, 0, 0, 0, 0, 0, 0, 0, 0, 0, 2, 2, 0, 2, 1, 2, 1, 4, 3, 6, 5, 3, 3, 2, 2, 4, 4, 24, 0, 0, 0, 0, 0, 0]",-1,-0.039331393053327675,-1,0
150,"[1, 1, 0, 0, 2, 3, 0, 2, 0, 1, 0, 0, 1, 0, 2, 0, 0, 0, 0, 0, 0, 0, 0, 0, 2, 0, 0, 0, 0, 0, 0, 0, 1, 1, 0, 1, 1, 0, 2, 0, 0, 0, 1, 0, 0, 0, 0, 1, 0, 0, 0, 0, 2, 0, 0, 0, 0, 0, 0, 0, 0, 0, 0, 2, 2, 0, 2, 1, 2, 1, 4, 3, 6, 5, 3, 3, 2, 2, 4, 4, 24, 0, 0, 0, 0, 0, 0]",1,0.8094490431723309,-1,0
151,"[1, 1, 0, 0, 2, 3, 0, 2, 0, 1, 0, 0, 1, 0, 2, 0, 0, 0, 0, 0, 0, 0, 0, 0, 2, 0, 0, 0, 0, 0, 0, 0, 1, 1, 0, 1, 1, 0, 2, 0, 0, 0, 1, 0, 0, 0, 0, 1, 0, 0, 0, 0, 2, 0, 0, 0, 0, 0, 0, 0, 0, 0, 0, 2, 2, 0, 2, 1, 2, 1, 4, 3, 6, 5, 3, 3, 2, 2, 4, 4, 24, 0, 0, 0, 0, 0, 0]",-1,-0.039331393053327675,-1,0
152,"[1, 1, 0, 0, 2, 3, 0, 2, 0, 1, 0, 0, 1, 0, 2, 0, 0, 0, 0, 0, 0, 0, 0, 0, 2, 0, 0, 0, 0, 0, 0, 0, 1, 1, 0, 1, 1, 0, 2, 0, 0, 0, 1, 0, 0, 0, 0, 1, 0, 0, 0, 0, 2, 0, 0, 0, 0, 0, 0, 0, 0, 0, 0, 2, 2, 0, 2, 1, 2, 1, 4, 3, 6, 5, 3, 3, 2, 2, 4, 4, 24, 0, 1, 0, 0, 0, 0]",2,0.5998249280727141,-1,0
153,"[1, 1, 0, 0, 2, 3, 0, 2, 0, 1, 0, 0, 1, 0, 2, 0, 0, 0, 0, 0, 0, 0, 0, 0, 2, 0, 0, 0, 0, 0, 0, 0, 1, 1, 0, 1, 1, 0, 2, 0, 0, 0, 1, 0, 0, 0, 0, 1, 0, 0, 0, 0, 2, 0, 0, 0, 0, 0, 0, 0, 0, 0, 0, 2, 2, 0, 2, 1, 2, 1, 4, 3, 6, 5, 3, 3, 2, 2, 4, 4, 24, 0, 1, 0, 0, 1, 0]","[[1 0 0 0]
 [0 0 0 1]]",0.8502497931308051,-1,0
154,"[0, 1, 0, 1, 3, 3, 0, 1, 0, 1, 0, 0, 1, 0, 2, 0, 0, 0, 0, 0, 0, 0, 0, 0, 2, 0, 0, 0, 0, 0, 0, 0, 1, 1, 0, 1, 1, 0, 2, 0, 0, 0, 1, 0, 0, 0, 0, 1, 0, 0, 0, 0, 2, 0, 0, 0, 0, 0, 0, 0, 0, 0, 0, 2, 2, 0, 2, 1, 2, 1, 4, 3, 6, 5, 3, 3, 2, 2, 4, 4, 24, 0, 0, 0, 0, 0, 0]",0,-0.00017507192728584748,-1,1
155,"[0, 1, 0, 1, 3, 3, 0, 1, 0, 1, 0, 0, 1, 0, 2, 0, 0, 0, 0, 0, 0, 0, 0, 0, 2, 0, 0, 0, 0, 0, 0, 0, 1, 1, 0, 1, 1, 0, 2, 0, 0, 0, 1, 0, 0, 0, 0, 1, 0, 0, 0, 0, 2, 0, 0, 0, 0, 0, 0, 0, 0, 0, 0, 2, 2, 0, 2, 1, 2, 1, 4, 3, 6, 5, 3, 3, 2, 2, 4, 4, 24, 0, 1, 0, 0, 0, 0]",2,0.5998249280727141,-1,0
156,"[0, 1, 0, 1, 3, 3, 0, 1, 0, 1, 0, 0, 1, 0, 2, 0, 0, 0, 0, 0, 0, 0, 0, 0, 2, 0, 0, 0, 0, 0, 0, 0, 1, 1, 0, 1, 1, 0, 2, 0, 0, 0, 1, 0, 0, 0, 0, 1, 0, 0, 0, 0, 2, 0, 0, 0, 0, 0, 0, 0, 0, 0, 0, 2, 2, 0, 2, 1, 2, 1, 4, 3, 6, 5, 3, 3, 2, 2, 4, 4, 24, 0, 1, 0, 0, 1, 0]","[[0 1 0 0]
 [1 0 0 0]]",0.8502497931308051,-1,0
157,"[0, 1, 0, 1, 3, 3, 0, 1, 0, 1, 0, 0, 1, 0, 2, 0, 0, 0, 0, 0, 0, 0, 0, 0, 2, 0, 0, 0, 0, 0, 0, 0, 1, 1, 0, 1, 1, 0, 2, 0, 0, 0, 1, 0, 0, 0, 0, 1, 0, 0, 0, 0, 2, 0, 0, 0, 0, 0, 0, 0, 0, 0, 0, 2, 2, 0, 2, 1, 2, 1, 4, 3, 6, 5, 3, 3, 2, 2, 4, 4, 24, 0, 1, 0, 0, 0, 1]",2,-0.00017507192728584748,-1,1
158,"[0, 1, 0, 1, 3, 3, 0, 1, 0, 1, 0, 0, 1, 0, 2, 0, 0, 0, 0, 0, 0, 0, 0, 0, 2, 0, 0, 0, 0, 0, 0, 0, 1, 1, 0, 1, 1, 0, 2, 0, 0, 0, 1, 0, 0, 0, 0, 1, 0, 0, 0, 0, 2, 0, 0, 0, 0, 0, 0, 0, 0, 0, 0, 2, 2, 0, 2, 1, 2, 1, 4, 3, 6, 5, 3, 3, 2, 2, 4, 4, 24, 0, 0, 1, 0, 0, 0]","[[1 1 0 0]
 [0 1 0 1]]",-0.00017507192728584748,-1,1
159,"[0, 1, 0, 1, 3, 3, 0, 1, 0, 1, 0, 0, 1, 0, 2, 0, 0, 0, 0, 0, 0, 0, 0, 0, 2, 0, 0, 0, 0, 0, 0, 0, 1, 1, 0, 1, 1, 0, 2, 0, 0, 0, 1, 0, 0, 0, 0, 1, 0, 0, 0, 0, 2, 0, 0, 0, 0, 0, 0, 0, 0, 0, 0, 2, 2, 0, 2, 1, 2, 1, 4, 3, 6, 5, 3, 3, 2, 2, 4, 4, 24, 0, 0, 0, 0, 0, 0]",1,-1.1213329175812514,-1,0
160,"[0, 1, 0, 1, 3, 3, 0, 1, 0, 1, 0, 0, 1, 0, 2, 0, 0, 0, 0, 0, 0, 0, 0, 0, 2, 0, 0, 0, 0, 0, 0, 0, 1, 1, 0, 1, 1, 0, 2, 0, 0, 0, 1, 0, 0, 0, 0, 1, 0, 0, 0, 0, 2, 0, 0, 0, 0, 0, 0, 0, 0, 0, 0, 2, 2, 0, 2, 1, 2, 1, 4, 3, 6, 5, 3, 3, 2, 2, 4, 4, 24, 0, 1, 0, 0, 0, 0]",2,0.5998249280727141,-1,0
161,"[0, 1, 0, 1, 3, 3, 0, 1, 0, 1, 0, 0, 1, 0, 2, 0, 0, 0, 0, 0, 0, 0, 0, 0, 2, 0, 0, 0, 0, 0, 0, 0, 1, 1, 0, 1, 1, 0, 2, 0, 0, 0, 1, 0, 0, 0, 0, 1, 0, 0, 0, 0, 2, 0, 0, 0, 0, 0, 0, 0, 0, 0, 0, 2, 2, 0, 2, 1, 2, 1, 4, 3, 6, 5, 3, 3, 2, 2, 4, 4, 24, 0, 1, 0, 0, 1, 0]","[[0 1 0 0]
 [1 0 0 0]]",0.8502497931308051,-1,0
162,"[0, 1, 0, 1, 3, 3, 0, 1, 0, 1, 0, 0, 1, 0, 2, 0, 0, 0, 0, 0, 0, 0, 0, 0, 2, 0, 0, 0, 0, 0, 0, 0, 1, 1, 0, 1, 1, 0, 2, 0, 0, 0, 1, 0, 0, 0, 0, 1, 0, 0, 0, 0, 2, 0, 0, 0, 0, 0, 0, 0, 0, 0, 0, 2, 2, 0, 2, 1, 2, 1, 4, 3, 6, 5, 3, 3, 2, 2, 4, 4, 24, 0, 0, 0, 0, 0, 0]",1,-2.598251283280602,-1,1
163,"[0, 1, 0, 1, 3, 3, 0, 1, 0, 1, 0, 0, 1, 0, 2, 0, 0, 0, 0, 0, 0, 0, 0, 0, 2, 0, 0, 0, 0, 0, 0, 0, 1, 1, 0, 1, 1, 0, 2, 0, 0, 0, 1, 0, 0, 0, 0, 1, 0, 0, 0, 0, 2, 0, 0, 0, 0, 0, 0, 0, 0, 0, 0, 2, 2, 0, 2, 1, 2, 1, 4, 3, 6, 5, 3, 3, 2, 2, 4, 4, 24, 0, 1, 0, 0, 0, 0]",2,0.5998249280727141,-1,0
164,"[0, 1, 0, 1, 3, 3, 0, 1, 0, 1, 0, 0, 1, 0, 2, 0, 0, 0, 0, 0, 0, 0, 0, 0, 2, 0, 0, 0, 0, 0, 0, 0, 1, 1, 0, 1, 1, 0, 2, 0, 0, 0, 1, 0, 0, 0, 0, 1, 0, 0, 0, 0, 2, 0, 0, 0, 0, 0, 0, 0, 0, 0, 0, 2, 2, 0, 2, 1, 2, 1, 4, 3, 6, 5, 3, 3, 2, 2, 4, 4, 24, 0, 1, 0, 0, 1, 0]","[[0 0 0 1]
 [1 0 0 0]]",0.8502497931308051,-1,0
165,"[0, 1, 0, 1, 3, 3, 0, 1, 0, 1, 0, 0, 1, 0, 2, 0, 0, 0, 0, 0, 0, 0, 0, 0, 2, 0, 0, 0, 0, 0, 0, 0, 1, 1, 0, 1, 1, 0, 2, 0, 0, 0, 1, 0, 0, 0, 0, 1, 0, 0, 0, 0, 2, 0, 0, 0, 0, 0, 0, 0, 0, 0, 0, 2, 2, 0, 2, 1, 2, 1, 4, 3, 6, 5, 3, 3, 2, 2, 4, 4, 24, 0, 0, 0, 0, 0, 0]",-1,-0.039331393053327675,-1,1
166,"[0, 1, 0, 1, 3, 3, 0, 2, 0, 1, 0, 0, 1, 0, 2, 0, 0, 0, 0, 0, 0, 0, 0, 0, 2, 0, 0, 0, 0, 0, 0, 0, 1, 1, 0, 1, 1, 0, 2, 0, 0, 0, 1, 0, 0, 0, 0, 1, 0, 0, 0, 0, 2, 0, 0, 0, 0, 0, 0, 0, 0, 0, 0, 2, 2, 0, 2, 1, 2, 1, 4, 3, 6, 5, 3, 3, 2, 2, 4, 4, 25, 0, 0, 0, 0, 0, 0]",4,14.537943747161552,-1,0
167,"[0, 1, 0, 1, 3, 3, 0, 2, 0, 1, 0, 0, 1, 0, 2, 0, 0, 0, 0, 0, 0, 0, 0, 0, 2, 0, 0, 0, 0, 0, 0, 0, 1, 1, 0, 1, 1, 0, 2, 0, 0, 0, 1, 0, 0, 0, 0, 1, 0, 0, 0, 0, 2, 0, 0, 0, 0, 0, 0, 0, 0, 0, 0, 2, 2, 0, 2, 1, 2, 1, 4, 3, 6, 5, 3, 3, 2, 2, 4, 4, 26, 0, 0, 0, 0, 0, 0]",4,8.88928054726211,-1,1
168,"[0, 1, 0, 1, 3, 3, 0, 2, 0, 1, 0, 0, 1, 0, 2, 0, 0, 0, 0, 0, 0, 0, 0, 0, 2, 0, 0, 0, 0, 0, 0, 0, 1, 1, 0, 1, 1, 0, 2, 0, 0, 0, 1, 0, 0, 0, 0, 1, 0, 0, 0, 0, 2, 0, 0, 0, 0, 0, 0, 0, 0, 0, 0, 2, 2, 0, 2, 1, 2, 1, 4, 3, 6, 5, 3, 3, 2, 2, 4, 4, 26, 1, 0, 0, 0, 0, 0]",3,0.3998103606711293,-1,0
169,"[0, 1, 0, 1, 3, 3, 0, 2, 0, 1, 0, 0, 1, 0, 2, 0, 0, 0, 0, 0, 0, 0, 0, 0, 2, 0, 0, 0, 0, 0, 0, 0, 1, 1, 0, 1, 1, 0, 2, 0, 0, 0, 1, 0, 0, 0, 0, 1, 0, 0, 0, 0, 2, 0, 0, 0, 0, 0, 0, 0, 0, 0, 0, 2, 2, 0, 2, 1, 2, 1, 4, 3, 6, 5, 3, 3, 2, 2, 4, 4, 26, 0, 0, 0, 0, 0, 0]",-1,-0.038552579290178315,-1,0
170,"[1, 1, 0, 1, 3, 4, 0, 2, 0, 1, 0, 0, 1, 0, 2, 0, 0, 0, 0, 0, 0, 0, 0, 0, 2, 0, 0, 0, 0, 0, 0, 0, 1, 1, 0, 1, 1, 0, 2, 0, 0, 0, 1, 0, 0, 0, 0, 1, 0, 0, 0, 0, 2, 0, 0, 0, 0, 0, 0, 0, 0, 0, 0, 2, 2, 0, 2, 1, 2, 1, 4, 3, 6, 5, 3, 3, 2, 2, 4, 4, 27, 0, 0, 0, 0, 0, 0]",4,14.810301071571379,-1,0
171,"[1, 1, 0, 1, 3, 4, 0, 2, 0, 1, 0, 0, 1, 0, 2, 0, 0, 0, 0, 0, 0, 0, 0, 0, 2, 0, 0, 0, 0, 0, 0, 0, 1, 1, 0, 1, 1, 0, 2, 0, 0, 0, 1, 0, 0, 0, 0, 1, 0, 0, 0, 0, 2, 0, 0, 0, 0, 0, 0, 0, 0, 0, 0, 2, 2, 0, 2, 1, 2, 1, 4, 3, 6, 5, 3, 3, 2, 2, 4, 4, 27, 0, 1, 0, 0, 0, 0]",2,0.5998026289808958,-1,1
172,"[1, 1, 0, 1, 3, 4, 0, 2, 0, 1, 0, 0, 1, 0, 2, 0, 0, 0, 0, 0, 0, 0, 0, 0, 2, 0, 0, 0, 0, 0, 0, 0, 1, 1, 0, 1, 1, 0, 2, 0, 0, 0, 1, 0, 0, 0, 0, 1, 0, 0, 0, 0, 2, 0, 0, 0, 0, 0, 0, 0, 0, 0, 0, 2, 2, 0, 2, 1, 2, 1, 4, 3, 6, 5, 3, 3, 2, 2, 4, 4, 27, 0, 1, 0, 0, 1, 0]","[[1 1 0 1]
 [1 1 0 1]]",0.8502274940389867,-1,1
173,"[1, 1, 0, 1, 3, 4, 0, 2, 0, 1, 0, 0, 1, 0, 2, 0, 0, 0, 0, 0, 0, 0, 0, 0, 2, 0, 0, 0, 0, 0, 0, 0, 1, 1, 0, 1, 1, 0, 2, 0, 0, 0, 1, 0, 0, 0, 0, 1, 0, 0, 0, 0, 2, 0, 0, 0, 0, 0, 0, 0, 0, 0, 0, 2, 2, 0, 2, 1, 2, 1, 4, 3, 6, 5, 3, 3, 2, 2, 4, 4, 27, 0, 0, 0, 0, 0, 0]",0,-0.00019737101910418162,-1,0
174,"[1, 1, 0, 1, 3, 4, 0, 2, 0, 1, 0, 0, 1, 0, 2, 0, 0, 0, 0, 0, 0, 0, 0, 0, 2, 0, 0, 0, 0, 0, 0, 0, 1, 1, 0, 1, 1, 0, 2, 0, 0, 0, 1, 0, 0, 0, 0, 1, 0, 0, 0, 0, 2, 0, 0, 0, 0, 0, 0, 0, 0, 0, 0, 2, 2, 0, 2, 1, 2, 1, 4, 3, 6, 5, 3, 3, 2, 2, 4, 4, 27, 0, 0, 0, 0, 0, 0]",-1,-0.03816897471684266,-1,1
175,"[1, 1, 0, 1, 3, 4, 0, 2, 0, 1, 0, 0, 1, 0, 2, 0, 0, 0, 0, 0, 0, 0, 0, 0, 2, 0, 0, 0, 0, 0, 0, 0, 1, 1, 0, 1, 1, 0, 2, 0, 0, 0, 1, 0, 0, 0, 0, 1, 0, 0, 0, 0, 2, 0, 0, 0, 0, 0, 0, 0, 0, 0, 0, 2, 2, 0, 2, 1, 2, 1, 4, 3, 6, 5, 3, 3, 2, 2, 4, 4, 27, 0, 0, 0, 0, 0, 0]",-1,-0.03816897471684266,-1,1
176,"[1, 1, 0, 1, 3, 4, 0, 3, 0, 1, 0, 0, 1, 0, 2, 0, 0, 0, 0, 0, 0, 0, 0, 0, 2, 0, 0, 0, 0, 0, 0, 0, 1, 1, 0, 1, 1, 0, 2, 0, 0, 0, 1, 0, 0, 0, 0, 1, 0, 0, 0, 0, 2, 0, 0, 0, 0, 0, 0, 0, 0, 0, 0, 2, 2, 0, 2, 1, 2, 1, 4, 3, 6, 5, 3, 3, 2, 2, 4, 4, 28, 0, 0, 0, 0, 0, 0]",4,8.838246912258988,-1,1
177,"[1, 1, 0, 1, 3, 4, 0, 3, 0, 1, 0, 0, 1, 0, 2, 0, 0, 0, 0, 0, 0, 0, 0, 0, 2, 0, 0, 0, 0, 0, 0, 0, 1, 1, 0, 1, 1, 0, 2, 0, 0, 0, 1, 0, 0, 0, 0, 1, 0, 0, 0, 0, 2, 0, 0, 0, 0, 0, 0, 0, 0, 0, 0, 2, 2, 0, 2, 1, 2, 1, 4, 3, 6, 5, 3, 3, 2, 2, 4, 4, 28, 0, 0, 0, 0, 0, 0]",0,0.4425134548134308,-1,0
178,"[1, 1, 0, 1, 3, 4, 0, 3, 0, 1, 0, 0, 1, 0, 2, 0, 0, 0, 0, 0, 0, 0, 0, 0, 2, 0, 0, 0, 0, 0, 0, 0, 1, 1, 0, 1, 1, 0, 2, 0, 0, 0, 1, 0, 0, 0, 0, 1, 0, 0, 0, 0, 2, 0, 0, 0, 0, 0, 0, 0, 0, 0, 0, 2, 2, 0, 2, 1, 2, 1, 4, 3, 6, 5, 3, 3, 2, 2, 4, 4, 28, 0, 0, 0, 0, 0, 0]",-1,-0.03778918707278628,-1,0
179,"[1, 1, 0, 1, 3, 4, 0, 3, 0, 1, 0, 0, 1, 0, 2, 0, 0, 0, 0, 0, 0, 0, 0, 0, 2, 0, 0, 0, 0, 0, 0, 0, 1, 1, 0, 1, 1, 0, 2, 0, 0, 0, 1, 0, 0, 0, 0, 1, 0, 0, 0, 0, 2, 0, 0, 0, 0, 0, 0, 0, 0, 0, 0, 2, 2, 0, 2, 1, 2, 1, 4, 3, 6, 5, 3, 3, 2, 2, 4, 4, 28, 0, 0, 0, 0, 0, 0]",0,0.4425134548134308,-1,0
180,"[1, 1, 0, 1, 3, 4, 0, 3, 0, 1, 0, 0, 1, 0, 2, 0, 0, 0, 0, 0, 0, 0, 0, 0, 2, 0, 0, 0, 0, 0, 0, 0, 1, 1, 0, 1, 1, 0, 2, 0, 0, 0, 1, 0, 0, 0, 0, 1, 0, 0, 0, 0, 2, 0, 0, 0, 0, 0, 0, 0, 0, 0, 0, 2, 2, 0, 2, 1, 2, 1, 4, 3, 6, 5, 3, 3, 2, 2, 4, 4, 28, 0, 0, 0, 0, 0, 0]",-1,-0.03778918707278628,-1,0
181,"[1, 1, 0, 1, 3, 4, 0, 3, 0, 1, 0, 0, 1, 0, 2, 0, 0, 0, 0, 0, 0, 0, 0, 0, 2, 0, 0, 0, 0, 0, 0, 0, 1, 1, 0, 1, 1, 0, 2, 0, 0, 0, 1, 0, 0, 0, 0, 1, 0, 0, 0, 0, 2, 0, 0, 0, 0, 0, 0, 0, 0, 0, 0, 2, 2, 0, 2, 1, 2, 1, 4, 3, 6, 5, 3, 3, 2, 2, 4, 4, 28, 0, 0, 0, 0, 0, 0]",0,0.4425134548134308,-1,0
182,"[1, 1, 0, 1, 3, 4, 0, 3, 0, 1, 0, 0, 1, 0, 2, 0, 0, 0, 0, 0, 0, 0, 0, 0, 2, 0, 0, 0, 0, 0, 0, 0, 1, 1, 0, 1, 1, 0, 2, 0, 0, 0, 1, 0, 0, 0, 0, 1, 0, 0, 0, 0, 2, 0, 0, 0, 0, 0, 0, 0, 0, 0, 0, 2, 2, 0, 2, 1, 2, 1, 4, 3, 6, 5, 3, 3, 2, 2, 4, 4, 28, 0, 0, 0, 0, 0, 0]",-1,-0.03778918707278628,-1,0
183,"[1, 1, 0, 1, 3, 4, 0, 3, 0, 1, 0, 0, 1, 0, 2, 0, 0, 0, 0, 0, 0, 0, 0, 0, 2, 0, 0, 0, 0, 0, 0, 0, 1, 1, 0, 1, 1, 0, 2, 0, 0, 0, 1, 0, 0, 0, 0, 1, 0, 0, 0, 0, 2, 0, 0, 0, 0, 0, 0, 0, 0, 0, 0, 2, 2, 0, 2, 1, 2, 1, 4, 3, 6, 5, 3, 3, 2, 2, 4, 4, 28, 0, 0, 0, 0, 0, 0]",0,0.4425134548134308,-1,0
184,"[1, 1, 0, 1, 3, 4, 0, 3, 0, 1, 0, 0, 1, 0, 2, 0, 0, 0, 0, 0, 0, 0, 0, 0, 2, 0, 0, 0, 0, 0, 0, 0, 1, 1, 0, 1, 1, 0, 2, 0, 0, 0, 1, 0, 0, 0, 0, 1, 0, 0, 0, 0, 2, 0, 0, 0, 0, 0, 0, 0, 0, 0, 0, 2, 2, 0, 2, 1, 2, 1, 4, 3, 6, 5, 3, 3, 2, 2, 4, 4, 28, 0, 0, 0, 0, 0, 0]",-1,-0.03778918707278628,-1,0
185,"[1, 1, 0, 1, 3, 4, 0, 3, 0, 1, 0, 0, 1, 0, 2, 0, 0, 0, 0, 0, 0, 0, 0, 0, 2, 0, 0, 0, 0, 0, 0, 0, 1, 1, 0, 1, 1, 0, 2, 0, 0, 0, 1, 0, 0, 0, 0, 1, 0, 0, 0, 0, 2, 0, 0, 0, 0, 0, 0, 0, 0, 0, 0, 2, 2, 0, 2, 1, 2, 1, 4, 3, 6, 5, 3, 3, 2, 2, 4, 4, 28, 0, 0, 0, 0, 0, 0]",0,0.4425134548134308,-1,0
186,"[1, 1, 0, 1, 3, 4, 0, 3, 0, 1, 0, 0, 1, 0, 2, 0, 0, 0, 0, 0, 0, 0, 0, 0, 2, 0, 0, 0, 0, 0, 0, 0, 1, 1, 0, 1, 1, 0, 2, 0, 0, 0, 1, 0, 0, 0, 0, 1, 0, 0, 0, 0, 2, 0, 0, 0, 0, 0, 0, 0, 0, 0, 0, 2, 2, 0, 2, 1, 2, 1, 4, 3, 6, 5, 3, 3, 2, 2, 4, 4, 28, 0, 0, 0, 0, 0, 0]",-1,-0.03778918707278628,-1,0
187,"[1, 1, 0, 1, 3, 4, 0, 3, 0, 1, 0, 0, 1, 0, 2, 0, 0, 0, 0, 0, 0, 0, 0, 0, 2, 0, 0, 0, 0, 0, 0, 0, 1, 1, 0, 1, 1, 0, 2, 0, 0, 0, 1, 0, 0, 0, 0, 1, 0, 0, 0, 0, 2, 0, 0, 0, 0, 0, 0, 0, 0, 0, 0, 2, 2, 0, 2, 1, 2, 1, 4, 3, 6, 5, 3, 3, 2, 2, 4, 4, 28, 0, 0, 0, 0, 0, 0]",0,0.4425134548134308,-1,0
188,"[1, 1, 0, 1, 3, 4, 0, 3, 0, 1, 0, 0, 1, 0, 2, 0, 0, 0, 0, 0, 0, 0, 0, 0, 2, 0, 0, 0, 0, 0, 0, 0, 1, 1, 0, 1, 1, 0, 2, 0, 0, 0, 1, 0, 0, 0, 0, 1, 0, 0, 0, 0, 2, 0, 0, 0, 0, 0, 0, 0, 0, 0, 0, 2, 2, 0, 2, 1, 2, 1, 4, 3, 6, 5, 3, 3, 2, 2, 4, 4, 28, 0, 0, 0, 0, 0, 0]",-1,-0.03778918707278628,-1,0
189,"[1, 1, 0, 1, 3, 4, 0, 3, 0, 1, 0, 0, 1, 0, 2, 0, 0, 0, 0, 0, 0, 0, 0, 0, 2, 0, 0, 0, 0, 0, 0, 0, 1, 1, 0, 1, 1, 0, 2, 0, 0, 0, 1, 0, 0, 0, 0, 1, 0, 0, 0, 0, 2, 0, 0, 0, 0, 0, 0, 0, 0, 0, 0, 2, 2, 0, 2, 1, 2, 1, 4, 3, 6, 5, 3, 3, 2, 2, 4, 4, 28, 0, 0, 0, 0, 0, 0]",0,0.4425134548134308,-1,0
190,"[1, 1, 0, 1, 3, 4, 0, 3, 0, 1, 0, 0, 1, 0, 2, 0, 0, 0, 0, 0, 0, 0, 0, 0, 2, 0, 0, 0, 0, 0, 0, 0, 1, 1, 0, 1, 1, 0, 2, 0, 0, 0, 1, 0, 0, 0, 0, 1, 0, 0, 0, 0, 2, 0, 0, 0, 0, 0, 0, 0, 0, 0, 0, 2, 2, 0, 2, 1, 2, 1, 4, 3, 6, 5, 3, 3, 2, 2, 4, 4, 28, 0, 0, 0, 0, 0, 0]",-1,-0.03778918707278628,-1,0
191,"[1, 1, 0, 1, 3, 4, 0, 3, 0, 1, 0, 0, 1, 0, 2, 0, 0, 0, 0, 0, 0, 0, 0, 0, 2, 0, 0, 0, 0, 0, 0, 0, 1, 1, 0, 1, 1, 0, 2, 0, 0, 0, 1, 0, 0, 0, 0, 1, 0, 0, 0, 0, 2, 0, 0, 0, 0, 0, 0, 0, 0, 0, 0, 2, 2, 0, 2, 1, 2, 1, 4, 3, 6, 5, 3, 3, 2, 2, 4, 4, 28, 0, 0, 0, 0, 0, 0]",0,0.4425134548134308,-1,0
192,"[1, 1, 0, 1, 3, 4, 0, 3, 0, 1, 0, 0, 1, 0, 2, 0, 0, 0, 0, 0, 0, 0, 0, 0, 2, 0, 0, 0, 0, 0, 0, 0, 1, 1, 0, 1, 1, 0, 2, 0, 0, 0, 1, 0, 0, 0, 0, 1, 0, 0, 0, 0, 2, 0, 0, 0, 0, 0, 0, 0, 0, 0, 0, 2, 2, 0, 2, 1, 2, 1, 4, 3, 6, 5, 3, 3, 2, 2, 4, 4, 28, 0, 0, 0, 0, 0, 0]",-1,-0.03778918707278628,-1,0
193,"[1, 1, 0, 1, 3, 4, 0, 3, 0, 1, 0, 0, 1, 0, 2, 0, 0, 0, 0, 0, 0, 0, 0, 0, 2, 0, 0, 0, 0, 0, 0, 0, 1, 1, 0, 1, 1, 0, 2, 0, 0, 0, 1, 0, 0, 0, 0, 1, 0, 0, 0, 0, 2, 0, 0, 0, 0, 0, 0, 0, 0, 0, 0, 2, 2, 0, 2, 1, 2, 1, 4, 3, 6, 5, 3, 3, 2, 2, 4, 4, 28, 0, 0, 0, 0, 0, 0]",1,0.8094186974894745,-1,0
194,"[1, 1, 0, 1, 3, 4, 0, 3, 0, 1, 0, 0, 1, 0, 2, 0, 0, 0, 0, 0, 0, 0, 0, 0, 2, 0, 0, 0, 0, 0, 0, 0, 1, 1, 0, 1, 1, 0, 2, 0, 0, 0, 1, 0, 0, 0, 0, 1, 0, 0, 0, 0, 2, 0, 0, 0, 0, 0, 0, 0, 0, 0, 0, 2, 2, 0, 2, 1, 2, 1, 4, 3, 6, 5, 3, 3, 2, 2, 4, 4, 28, 0, 0, 0, 0, 0, 0]",-1,-0.03778918707278628,-1,0
195,"[1, 1, 0, 1, 3, 4, 0, 3, 0, 1, 0, 0, 1, 0, 2, 0, 0, 0, 0, 0, 0, 0, 0, 0, 2, 0, 0, 0, 0, 0, 0, 0, 1, 1, 0, 1, 1, 0, 2, 0, 0, 0, 1, 0, 0, 0, 0, 1, 0, 0, 0, 0, 2, 0, 0, 0, 0, 0, 0, 0, 0, 0, 0, 2, 2, 0, 2, 1, 2, 1, 4, 3, 6, 5, 3, 3, 2, 2, 4, 4, 29, 0, 0, 0, 0, 0, 0]",4,14.80875786625521,-1,0
196,"[1, 1, 0, 1, 3, 4, 0, 3, 0, 1, 0, 0, 1, 0, 2, 0, 0, 0, 0, 0, 0, 0, 0, 0, 2, 0, 0, 0, 0, 0, 0, 0, 1, 1, 0, 1, 1, 0, 2, 0, 0, 0, 1, 0, 0, 0, 0, 1, 0, 0, 0, 0, 2, 0, 0, 0, 0, 0, 0, 0, 0, 0, 0, 2, 2, 0, 2, 1, 2, 1, 4, 3, 6, 5, 3, 3, 2, 2, 4, 4, 29, 0, 1, 0, 0, 0, 0]",2,0.5997862080995116,-1,1
197,"[1, 1, 0, 1, 3, 4, 0, 3, 0, 1, 0, 0, 1, 0, 2, 0, 0, 0, 0, 0, 0, 0, 0, 0, 2, 0, 0, 0, 0, 0, 0, 0, 1, 1, 0, 1, 1, 0, 2, 0, 0, 0, 1, 0, 0, 0, 0, 1, 0, 0, 0, 0, 2, 0, 0, 0, 0, 0, 0, 0, 0, 0, 0, 2, 2, 0, 2, 1, 2, 1, 4, 3, 6, 5, 3, 3, 2, 2, 4, 4, 29, 0, 1, 0, 0, 1, 0]","[[1 2 0 1]
 [1 1 0 1]]",0.165718416923544,-1,1
198,"[1, 1, 0, 1, 3, 4, 0, 3, 0, 1, 0, 0, 1, 0, 2, 0, 0, 0, 0, 0, 0, 0, 0, 0, 2, 0, 0, 0, 0, 0, 0, 0, 1, 1, 0, 1, 1, 0, 2, 0, 0, 0, 1, 0, 0, 0, 0, 1, 0, 0, 0, 0, 2, 0, 0, 0, 0, 0, 0, 0, 0, 0, 0, 2, 2, 0, 2, 1, 2, 1, 4, 3, 6, 5, 3, 3, 2, 2, 4, 4, 29, 0, 0, 0, 0, 0, 0]",1,-0.00021379190048839282,-1,0
199,"[1, 1, 0, 1, 3, 4, 0, 3, 0, 1, 0, 0, 1, 0, 2, 0, 0, 0, 0, 0, 0, 0, 0, 0, 2, 0, 0, 0, 0, 0, 0, 0, 1, 1, 0, 1, 1, 0, 2, 0, 0, 0, 1, 0, 0, 0, 0, 1, 0, 0, 0, 0, 2, 0, 0, 0, 0, 0, 0, 0, 0, 0, 0, 2, 2, 0, 2, 1, 2, 1, 4, 3, 6, 5, 3, 3, 2, 2, 4, 4, 30, 0, 0, 0, 0, 0, 0]",4,8.83671822998673,-1,1
200,"[1, 1, 0, 1, 3, 4, 0, 3, 0, 1, 0, 0, 1, 0, 2, 0, 0, 0, 0, 0, 0, 0, 0, 0, 2, 0, 0, 0, 0, 0, 0, 0, 1, 1, 0, 1, 1, 0, 2, 0, 0, 0, 1, 0, 0, 0, 0, 1, 0, 0, 0, 0, 2, 0, 0, 0, 0, 0, 0, 0, 0, 0, 0, 2, 2, 0, 2, 1, 2, 1, 4, 3, 6, 5, 3, 3, 2, 2, 4, 4, 30, 0, 1, 0, 0, 0, 0]",2,0.599777492793428,-1,0
201,"[1, 1, 0, 1, 3, 4, 0, 3, 0, 1, 0, 0, 1, 0, 2, 0, 0, 0, 0, 0, 0, 0, 0, 0, 2, 0, 0, 0, 0, 0, 0, 0, 1, 1, 0, 1, 1, 0, 2, 0, 0, 0, 1, 0, 0, 0, 0, 1, 0, 0, 0, 0, 2, 0, 0, 0, 0, 0, 0, 0, 0, 0, 0, 2, 2, 0, 2, 1, 2, 1, 4, 3, 6, 5, 3, 3, 2, 2, 4, 4, 30, 0, 0, 0, 0, 0, 0]",-1,-0.0370409110340859,-1,0
202,"[1, 1, 0, 1, 3, 4, 0, 3, 0, 1, 0, 0, 1, 0, 2, 0, 0, 0, 0, 0, 0, 0, 0, 0, 2, 0, 0, 0, 0, 0, 0, 0, 1, 1, 0, 1, 1, 0, 2, 0, 0, 0, 1, 0, 0, 0, 0, 1, 0, 0, 0, 0, 2, 0, 0, 0, 0, 0, 0, 0, 0, 0, 0, 2, 2, 0, 2, 1, 2, 1, 4, 3, 6, 5, 3, 3, 2, 2, 4, 4, 30, 0, 1, 0, 0, 0, 0]",2,0.599777492793428,-1,0
203,"[1, 1, 0, 1, 3, 4, 0, 3, 0, 1, 0, 0, 1, 0, 2, 0, 0, 0, 0, 0, 0, 0, 0, 0, 2, 0, 0, 0, 0, 0, 0, 0, 1, 1, 0, 1, 1, 0, 2, 0, 0, 0, 1, 0, 0, 0, 0, 1, 0, 0, 0, 0, 2, 0, 0, 0, 0, 0, 0, 0, 0, 0, 0, 2, 2, 0, 2, 1, 2, 1, 4, 3, 6, 5, 3, 3, 2, 2, 4, 4, 30, 0, 0, 0, 0, 0, 0]",-1,-0.0370409110340859,-1,0
204,"[1, 1, 0, 1, 1, 2, 0, 1, 0, 1, 0, 0, 1, 0, 2, 0, 0, 0, 0, 0, 0, 0, 0, 0, 2, 0, 0, 0, 0, 0, 0, 0, 1, 1, 0, 1, 1, 0, 2, 0, 0, 0, 1, 0, 0, 0, 0, 1, 0, 0, 0, 0, 2, 0, 0, 0, 0, 0, 0, 0, 0, 0, 0, 2, 2, 0, 2, 1, 2, 1, 4, 3, 6, 5, 3, 3, 2, 2, 4, 2, 31, 0, 0, 0, 0, 0, 0]",4,14.807243528694775,-1,0
205,"[1, 2, 0, 1, 1, 3, 0, 1, 0, 1, 0, 0, 1, 0, 2, 0, 0, 0, 0, 0, 0, 0, 0, 0, 2, 0, 0, 0, 0, 0, 0, 0, 1, 1, 0, 1, 1, 0, 2, 0, 0, 0, 1, 0, 0, 0, 0, 1, 0, 0, 0, 0, 2, 0, 0, 0, 0, 0, 0, 0, 0, 0, 0, 2, 2, 0, 2, 1, 2, 1, 4, 3, 6, 5, 3, 3, 2, 2, 4, 2, 32, 0, 0, 0, 0, 0, 0]",4,8.786059145091105,-1,1
206,"[1, 2, 0, 1, 1, 3, 0, 1, 0, 1, 0, 0, 1, 0, 2, 0, 0, 0, 0, 0, 0, 0, 0, 0, 2, 0, 0, 0, 0, 0, 0, 0, 1, 1, 0, 1, 1, 0, 2, 0, 0, 0, 1, 0, 0, 0, 0, 1, 0, 0, 0, 0, 2, 0, 0, 0, 0, 0, 0, 0, 0, 0, 0, 2, 2, 0, 2, 1, 2, 1, 4, 3, 6, 5, 3, 3, 2, 2, 4, 2, 32, 0, 1, 0, 0, 0, 0]",2,0.5997589831532442,-1,0
207,"[1, 2, 0, 1, 1, 3, 0, 1, 0, 1, 0, 0, 1, 0, 2, 0, 0, 0, 0, 0, 0, 0, 0, 0, 2, 0, 0, 0, 0, 0, 0, 0, 1, 1, 0, 1, 1, 0, 2, 0, 0, 0, 1, 0, 0, 0, 0, 1, 0, 0, 0, 0, 2, 0, 0, 0, 0, 0, 0, 0, 0, 0, 0, 2, 2, 0, 2, 1, 2, 1, 4, 3, 6, 5, 3, 3, 2, 2, 4, 2, 32, 0, 0, 0, 0, 0, 0]",-1,-0.03630745185368455,-1,0
208,"[1, 2, 0, 1, 1, 3, 0, 1, 0, 1, 0, 0, 1, 0, 2, 0, 0, 0, 0, 0, 0, 0, 0, 0, 2, 0, 0, 0, 0, 0, 0, 0, 1, 1, 0, 1, 1, 0, 2, 0, 0, 0, 1, 0, 0, 0, 0, 1, 0, 0, 0, 0, 2, 0, 0, 0, 0, 0, 0, 0, 0, 0, 0, 2, 2, 0, 2, 1, 2, 1, 4, 3, 6, 5, 3, 3, 2, 2, 4, 2, 32, 0, 1, 0, 0, 0, 0]",2,0.5997589831532442,-1,0
209,"[1, 2, 0, 1, 1, 3, 0, 1, 0, 1, 0, 0, 1, 0, 2, 0, 0, 0, 0, 0, 0, 0, 0, 0, 2, 0, 0, 0, 0, 0, 0, 0, 1, 1, 0, 1, 1, 0, 2, 0, 0, 0, 1, 0, 0, 0, 0, 1, 0, 0, 0, 0, 2, 0, 0, 0, 0, 0, 0, 0, 0, 0, 0, 2, 2, 0, 2, 1, 2, 1, 4, 3, 6, 5, 3, 3, 2, 2, 4, 2, 32, 0, 0, 0, 0, 0, 0]",-1,-0.03630745185368455,-1,0
210,"[1, 3, 0, 1, 1, 4, 0, 1, 0, 1, 0, 0, 1, 0, 2, 0, 0, 0, 0, 0, 0, 0, 0, 0, 2, 0, 0, 0, 0, 0, 0, 0, 1, 1, 0, 1, 1, 0, 2, 0, 0, 0, 1, 0, 0, 0, 0, 1, 0, 0, 0, 0, 2, 0, 0, 0, 0, 0, 0, 0, 0, 0, 0, 2, 2, 0, 2, 1, 2, 1, 4, 3, 6, 5, 3, 3, 2, 2, 4, 2, 33, 0, 0, 0, 0, 0, 0]",4,14.38531952942838,-1,0
211,"[1, 3, 0, 1, 1, 4, 0, 1, 0, 1, 0, 0, 1, 0, 2, 0, 0, 0, 0, 0, 0, 0, 0, 0, 2, 0, 0, 0, 0, 0, 0, 0, 1, 1, 0, 1, 1, 0, 2, 0, 0, 0, 1, 0, 0, 0, 0, 1, 0, 0, 0, 0, 2, 0, 0, 0, 0, 0, 0, 0, 0, 0, 0, 2, 2, 0, 2, 1, 2, 1, 4, 3, 6, 5, 3, 3, 2, 2, 4, 2, 33, 0, 0, 0, 0, 0, 0]",-1,-0.03594618667159631,-1,1
212,"[1, 3, 0, 1, 1, 4, 0, 1, 0, 1, 0, 0, 1, 0, 2, 0, 0, 0, 0, 0, 0, 0, 0, 0, 2, 0, 0, 0, 0, 0, 0, 0, 1, 1, 0, 1, 1, 0, 2, 0, 0, 0, 1, 0, 0, 0, 0, 1, 0, 0, 0, 0, 2, 0, 0, 0, 0, 0, 0, 0, 0, 0, 0, 2, 2, 0, 2, 1, 2, 1, 4, 3, 6, 5, 3, 3, 2, 2, 4, 2, 34, 0, 0, 0, 0, 0, 0]",4,8.617399535701777,-1,1
213,"[1, 3, 0, 1, 1, 4, 0, 1, 0, 1, 0, 0, 1, 0, 2, 0, 0, 0, 0, 0, 0, 0, 0, 0, 2, 0, 0, 0, 0, 0, 0, 0, 1, 1, 0, 1, 1, 0, 2, 0, 0, 0, 1, 0, 0, 0, 0, 1, 0, 0, 0, 0, 2, 0, 0, 0, 0, 0, 0, 0, 0, 0, 0, 2, 2, 0, 2, 1, 2, 1, 4, 3, 6, 5, 3, 3, 2, 2, 4, 2, 34, 0, 1, 0, 0, 0, 0]",2,0.5997389357692946,-1,0
214,"[1, 3, 0, 1, 1, 4, 0, 1, 0, 1, 0, 0, 1, 0, 2, 0, 0, 0, 0, 0, 0, 0, 0, 0, 2, 0, 0, 0, 0, 0, 0, 0, 1, 1, 0, 1, 1, 0, 2, 0, 0, 0, 1, 0, 0, 0, 0, 1, 0, 0, 0, 0, 2, 0, 0, 0, 0, 0, 0, 0, 0, 0, 0, 2, 2, 0, 2, 1, 2, 1, 4, 3, 6, 5, 3, 3, 2, 2, 4, 2, 34, 0, 0, 0, 0, 0, 0]",-1,-0.03558851613813049,-1,0
215,"[1, 3, 0, 1, 1, 4, 0, 1, 0, 1, 0, 0, 1, 0, 2, 0, 0, 0, 0, 0, 0, 0, 0, 0, 2, 0, 0, 0, 0, 0, 0, 0, 1, 1, 0, 1, 1, 0, 2, 0, 0, 0, 1, 0, 0, 0, 0, 1, 0, 0, 0, 0, 2, 0, 0, 0, 0, 0, 0, 0, 0, 0, 0, 2, 2, 0, 2, 1, 2, 1, 4, 3, 6, 5, 3, 3, 2, 2, 4, 2, 34, 0, 0, 0, 0, 0, 0]",1,0.8093630508689114,-1,0
216,"[1, 3, 0, 1, 1, 4, 0, 1, 0, 1, 0, 0, 1, 0, 2, 0, 0, 0, 0, 0, 0, 0, 0, 0, 2, 0, 0, 0, 0, 0, 0, 0, 1, 1, 0, 1, 1, 0, 2, 0, 0, 0, 1, 0, 0, 0, 0, 1, 0, 0, 0, 0, 2, 0, 0, 0, 0, 0, 0, 0, 0, 0, 0, 2, 2, 0, 2, 1, 2, 1, 4, 3, 6, 5, 3, 3, 2, 2, 4, 2, 34, 0, 0, 0, 0, 0, 0]",-1,-0.03558851613813049,-1,0
217,"[1, 4, 0, 1, 1, 5, 0, 1, 0, 1, 0, 0, 1, 0, 2, 0, 0, 0, 0, 0, 0, 0, 0, 0, 2, 0, 0, 0, 0, 0, 0, 0, 1, 1, 0, 1, 1, 0, 2, 0, 0, 0, 1, 0, 0, 0, 0, 1, 0, 0, 0, 0, 2, 0, 0, 0, 0, 0, 0, 0, 0, 0, 0, 2, 2, 0, 2, 1, 2, 1, 4, 3, 6, 5, 3, 3, 2, 2, 4, 2, 35, 0, 0, 0, 0, 0, 0]",4,14.216673554875465,-1,0
218,"[1, 4, 0, 1, 1, 5, 0, 2, 0, 1, 0, 0, 1, 0, 2, 0, 0, 0, 0, 0, 0, 0, 0, 0, 2, 0, 0, 0, 0, 0, 0, 0, 1, 1, 0, 1, 1, 0, 2, 0, 0, 0, 1, 0, 0, 0, 0, 1, 0, 0, 0, 0, 2, 0, 0, 0, 0, 0, 0, 0, 0, 0, 0, 2, 2, 0, 2, 1, 2, 1, 4, 3, 6, 5, 3, 3, 2, 2, 4, 2, 36, 0, 0, 0, 0, 0, 0]",4,8.60823791101606,-1,1
219,"[1, 4, 0, 1, 1, 5, 0, 2, 0, 1, 0, 0, 1, 0, 2, 0, 0, 0, 0, 0, 0, 0, 0, 0, 2, 0, 0, 0, 0, 0, 0, 0, 1, 1, 0, 1, 1, 0, 2, 0, 0, 0, 1, 0, 0, 0, 0, 1, 0, 0, 0, 0, 2, 0, 0, 0, 0, 0, 0, 0, 0, 0, 0, 2, 2, 0, 2, 1, 2, 1, 4, 3, 6, 5, 3, 3, 2, 2, 4, 2, 36, 1, 0, 0, 0, 0, 0]",3,0.3997172232375079,-1,0
220,"[1, 4, 0, 1, 1, 5, 0, 2, 0, 1, 0, 0, 1, 0, 2, 0, 0, 0, 0, 0, 0, 0, 0, 0, 2, 0, 0, 0, 0, 0, 0, 0, 1, 1, 0, 1, 1, 0, 2, 0, 0, 0, 1, 0, 0, 0, 0, 1, 0, 0, 0, 0, 2, 0, 0, 0, 0, 0, 0, 0, 0, 0, 0, 2, 2, 0, 2, 1, 2, 1, 4, 3, 6, 5, 3, 3, 2, 2, 4, 2, 36, 0, 0, 0, 0, 0, 0]",-1,-0.03488381630355155,-1,0
221,"[1, 5, 0, 1, 1, 6, 0, 2, 0, 1, 0, 0, 1, 0, 2, 0, 0, 0, 0, 0, 0, 0, 0, 0, 2, 0, 0, 0, 0, 0, 0, 0, 1, 1, 0, 1, 1, 0, 2, 0, 0, 0, 1, 0, 0, 0, 0, 1, 0, 0, 0, 0, 2, 0, 0, 0, 0, 0, 0, 0, 0, 0, 0, 2, 2, 0, 2, 1, 2, 1, 4, 3, 6, 5, 3, 3, 2, 2, 4, 2, 37, 0, 0, 0, 0, 0, 0]",4,14.106096593880558,-1,0
222,"[1, 5, 0, 1, 1, 6, 0, 2, 0, 1, 0, 0, 1, 0, 2, 0, 0, 0, 0, 0, 0, 0, 0, 0, 2, 0, 0, 0, 0, 0, 0, 0, 1, 1, 0, 1, 1, 0, 2, 0, 0, 0, 1, 0, 0, 0, 0, 1, 0, 0, 0, 0, 2, 0, 0, 0, 0, 0, 0, 0, 0, 0, 0, 2, 2, 0, 2, 1, 2, 1, 4, 3, 6, 5, 3, 3, 2, 2, 4, 2, 37, 0, 0, 0, 0, 0, 0]",0,0.6258047335804631,-1,1
223,"[1, 5, 0, 1, 1, 6, 0, 2, 0, 1, 0, 0, 1, 0, 2, 0, 0, 0, 0, 0, 0, 0, 0, 0, 2, 0, 0, 0, 0, 0, 0, 0, 1, 1, 0, 1, 1, 0, 2, 0, 0, 0, 1, 0, 0, 0, 0, 1, 0, 0, 0, 0, 2, 0, 0, 0, 0, 0, 0, 0, 0, 0, 0, 2, 2, 0, 2, 1, 2, 1, 4, 3, 6, 5, 3, 3, 2, 2, 4, 2, 37, 0, 0, 0, 0, 0, 0]",-1,-0.03453671653186773,-1,1
224,"[1, 6, 0, 1, 1, 7, 0, 2, 0, 1, 0, 0, 1, 0, 2, 0, 0, 0, 0, 0, 0, 0, 0, 0, 2, 0, 0, 0, 0, 0, 0, 0, 1, 1, 0, 1, 1, 0, 2, 0, 0, 0, 1, 0, 0, 0, 0, 1, 0, 0, 0, 0, 2, 0, 0, 0, 0, 0, 0, 0, 0, 0, 0, 2, 2, 0, 2, 1, 2, 1, 4, 3, 6, 5, 3, 3, 2, 2, 4, 2, 38, 0, 0, 0, 0, 0, 0]",4,8.469260948626188,-1,1
225,"[1, 7, 0, 1, 1, 8, 0, 2, 0, 1, 0, 0, 1, 0, 2, 0, 0, 0, 0, 0, 0, 0, 0, 0, 2, 0, 0, 0, 0, 0, 0, 0, 1, 1, 0, 1, 1, 0, 2, 0, 0, 0, 1, 0, 0, 0, 0, 1, 0, 0, 0, 0, 2, 0, 0, 0, 0, 0, 0, 0, 0, 0, 0, 2, 2, 0, 2, 1, 2, 1, 4, 3, 6, 5, 3, 3, 2, 2, 4, 2, 39, 0, 0, 0, 0, 0, 0]",4,13.978057400445012,-1,0
226,"[1, 7, 0, 1, 1, 8, 0, 2, 0, 1, 0, 0, 1, 0, 2, 0, 0, 0, 0, 0, 0, 0, 0, 0, 2, 0, 0, 0, 0, 0, 0, 0, 1, 1, 0, 1, 1, 0, 2, 0, 0, 0, 1, 0, 0, 0, 0, 1, 0, 0, 0, 0, 2, 0, 0, 0, 0, 0, 0, 0, 0, 0, 0, 2, 2, 0, 2, 1, 2, 1, 4, 3, 6, 5, 3, 3, 2, 2, 4, 2, 39, 1, 0, 0, 0, 0, 0]",3,0.39968122755433944,-1,1
227,"[1, 7, 0, 1, 1, 8, 0, 2, 0, 1, 0, 0, 1, 0, 2, 0, 0, 0, 0, 0, 0, 0, 0, 0, 2, 0, 0, 0, 0, 0, 0, 0, 1, 1, 0, 1, 1, 0, 2, 0, 0, 0, 1, 0, 0, 0, 0, 1, 0, 0, 0, 0, 2, 0, 0, 0, 0, 0, 0, 0, 0, 0, 0, 2, 2, 0, 2, 1, 2, 1, 4, 3, 6, 5, 3, 3, 2, 2, 4, 2, 39, 0, 0, 0, 0, 0, 0]",-1,-0.03385284372490823,-1,1
228,"[1, 7, 0, 1, 3, 8, 0, 2, 0, 1, 0, 0, 1, 0, 2, 0, 0, 0, 0, 0, 0, 0, 0, 0, 2, 0, 0, 0, 0, 0, 0, 0, 1, 1, 0, 1, 1, 0, 2, 0, 0, 0, 1, 0, 0, 0, 0, 1, 0, 0, 0, 0, 2, 0, 0, 0, 0, 0, 0, 0, 0, 0, 0, 2, 2, 0, 2, 1, 2, 1, 4, 3, 6, 5, 3, 3, 2, 2, 4, 2, 40, 0, 0, 0, 0, 0, 0]",4,8.557367882514912,-1,1
229,"[1, 8, 0, 1, 3, 9, 0, 2, 0, 1, 0, 0, 1, 0, 2, 0, 0, 0, 0, 0, 0, 0, 0, 0, 2, 0, 0, 0, 0, 0, 0, 0, 1, 1, 0, 1, 1, 0, 2, 0, 0, 0, 1, 0, 0, 0, 0, 1, 0, 0, 0, 0, 2, 0, 0, 0, 0, 0, 0, 0, 0, 0, 0, 2, 2, 0, 2, 1, 2, 1, 4, 3, 6, 5, 3, 3, 2, 2, 4, 2, 41, 0, 0, 0, 0, 0, 0]",4,13.937686572896773,-1,0
230,"[1, 8, 0, 1, 3, 9, 0, 2, 0, 1, 0, 0, 1, 0, 2, 0, 0, 0, 0, 0, 0, 0, 0, 0, 2, 0, 0, 0, 0, 0, 0, 0, 1, 1, 0, 1, 1, 0, 2, 0, 0, 0, 1, 0, 0, 0, 0, 1, 0, 0, 0, 0, 2, 0, 0, 0, 0, 0, 0, 0, 0, 0, 0, 2, 2, 0, 2, 1, 2, 1, 4, 3, 6, 5, 3, 3, 2, 2, 4, 2, 41, 1, 0, 0, 0, 0, 0]",3,0.39965472376685257,-1,1
231,"[1, 8, 0, 1, 3, 9, 0, 2, 0, 1, 0, 0, 1, 0, 2, 0, 0, 0, 0, 0, 0, 0, 0, 0, 2, 0, 0, 0, 0, 0, 0, 0, 1, 1, 0, 1, 1, 0, 2, 0, 0, 0, 1, 0, 0, 0, 0, 1, 0, 0, 0, 0, 2, 0, 0, 0, 0, 0, 0, 0, 0, 0, 0, 2, 2, 0, 2, 1, 2, 1, 4, 3, 6, 5, 3, 3, 2, 2, 4, 2, 41, 0, 0, 0, 0, 0, 0]",-1,-0.03318251250681597,-1,1
232,"[1, 8, 0, 1, 3, 10, 0, 2, 0, 1, 0, 0, 1, 0, 2, 0, 0, 0, 0, 0, 0, 0, 0, 0, 2, 0, 0, 0, 0, 0, 0, 0, 1, 1, 0, 1, 1, 0, 2, 0, 0, 0, 1, 0, 0, 0, 0, 1, 0, 0, 0, 0, 2, 0, 0, 0, 0, 0, 0, 0, 0, 0, 0, 2, 2, 0, 2, 1, 2, 1, 4, 3, 6, 5, 3, 3, 2, 2, 4, 2, 42, 0, 0, 0, 0, 0, 0]",4,8.484388800187848,-1,1
233,"[1, 8, 0, 1, 3, 10, 0, 2, 0, 1, 0, 0, 1, 0, 2, 0, 0, 0, 0, 0, 0, 0, 0, 0, 2, 0, 0, 0, 0, 0, 0, 0, 1, 1, 0, 1, 1, 0, 2, 0, 0, 0, 1, 0, 0, 0, 0, 1, 0, 0, 0, 0, 2, 0, 0, 0, 0, 0, 0, 0, 0, 0, 0, 2, 2, 0, 2, 1, 2, 1, 4, 3, 6, 5, 3, 3, 2, 2, 4, 2, 42, 0, 1, 0, 0, 0, 0]",2,0.5996406580938843,-1,0
234,"[1, 8, 0, 1, 3, 10, 0, 2, 0, 1, 0, 0, 1, 0, 2, 0, 0, 0, 0, 0, 0, 0, 0, 0, 2, 0, 0, 0, 0, 0, 0, 0, 1, 1, 0, 1, 1, 0, 2, 0, 0, 0, 1, 0, 0, 0, 0, 1, 0, 0, 0, 0, 2, 0, 0, 0, 0, 0, 0, 0, 0, 0, 0, 2, 2, 0, 2, 1, 2, 1, 4, 3, 6, 5, 3, 3, 2, 2, 4, 2, 42, 0, 0, 0, 0, 0, 0]",-1,-0.03285234099075284,-1,0
235,"[1, 8, 0, 1, 3, 10, 0, 2, 0, 1, 0, 0, 1, 0, 2, 0, 0, 0, 0, 0, 0, 0, 0, 0, 2, 0, 0, 0, 0, 0, 0, 0, 1, 1, 0, 1, 1, 0, 2, 0, 0, 0, 1, 0, 0, 0, 0, 1, 0, 0, 0, 0, 2, 0, 0, 0, 0, 0, 0, 0, 0, 0, 0, 2, 2, 0, 2, 1, 2, 1, 4, 3, 6, 5, 3, 3, 2, 2, 4, 2, 42, 0, 0, 0, 0, 0, 0]",1,0.8092647731935011,-1,0
236,"[1, 8, 0, 1, 3, 10, 0, 2, 0, 1, 0, 0, 1, 0, 2, 0, 0, 0, 0, 0, 0, 0, 0, 0, 2, 0, 0, 0, 0, 0, 0, 0, 1, 1, 0, 1, 1, 0, 2, 0, 0, 0, 1, 0, 0, 0, 0, 1, 0, 0, 0, 0, 2, 0, 0, 0, 0, 0, 0, 0, 0, 0, 0, 2, 2, 0, 2, 1, 2, 1, 4, 3, 6, 5, 3, 3, 2, 2, 4, 2, 42, 0, 0, 0, 0, 0, 0]",-1,-0.03285234099075284,-1,0
237,"[1, 8, 0, 1, 3, 11, 0, 2, 0, 1, 0, 0, 1, 0, 2, 0, 0, 0, 0, 0, 0, 0, 0, 0, 2, 0, 0, 0, 0, 0, 0, 0, 1, 1, 0, 1, 1, 0, 2, 0, 0, 0, 1, 0, 0, 0, 0, 1, 0, 0, 0, 0, 2, 0, 0, 0, 0, 0, 0, 0, 0, 0, 0, 2, 2, 0, 2, 1, 2, 1, 4, 3, 6, 5, 3, 3, 2, 2, 4, 2, 43, 0, 0, 0, 0, 0, 0]",4,13.936330547002447,-1,0
238,"[1, 8, 0, 1, 5, 11, 0, 2, 0, 1, 0, 0, 1, 0, 2, 0, 0, 0, 0, 0, 0, 0, 0, 0, 2, 0, 0, 0, 0, 0, 0, 0, 1, 1, 0, 1, 1, 0, 2, 0, 0, 0, 1, 0, 0, 0, 0, 1, 0, 0, 0, 0, 2, 0, 0, 0, 0, 0, 0, 0, 0, 0, 0, 2, 2, 0, 2, 1, 2, 1, 4, 3, 6, 5, 3, 3, 2, 2, 4, 2, 44, 0, 0, 0, 0, 0, 0]",4,8.52588364936254,-1,1
239,"[1, 8, 0, 1, 5, 12, 0, 2, 0, 1, 0, 0, 1, 0, 2, 0, 0, 0, 0, 0, 0, 0, 0, 0, 2, 0, 0, 0, 0, 0, 0, 0, 1, 1, 0, 1, 1, 0, 2, 0, 0, 0, 1, 0, 0, 0, 0, 1, 0, 0, 0, 0, 2, 0, 0, 0, 0, 0, 0, 0, 0, 0, 0, 2, 2, 0, 2, 1, 2, 1, 4, 3, 6, 5, 3, 3, 2, 2, 4, 2, 45, 0, 0, 0, 0, 0, 0]",4,13.93499842255686,-1,0
240,"[1, 8, 0, 1, 5, 13, 0, 2, 0, 1, 0, 0, 1, 0, 2, 0, 0, 0, 0, 0, 0, 0, 0, 0, 2, 0, 0, 0, 0, 0, 0, 0, 1, 1, 0, 1, 1, 0, 2, 0, 0, 0, 1, 0, 0, 0, 0, 1, 0, 0, 0, 0, 2, 0, 0, 0, 0, 0, 0, 0, 0, 0, 0, 2, 2, 0, 2, 1, 2, 1, 4, 3, 6, 5, 3, 3, 2, 2, 4, 2, 46, 0, 0, 0, 0, 0, 0]",4,8.482347269202915,-1,1
241,"[1, 8, 0, 1, 5, 13, 0, 2, 0, 1, 0, 0, 1, 0, 2, 0, 0, 0, 0, 0, 0, 0, 0, 0, 2, 0, 0, 0, 0, 0, 0, 0, 1, 1, 0, 1, 1, 0, 2, 0, 0, 0, 1, 0, 0, 0, 0, 1, 0, 0, 0, 0, 2, 0, 0, 0, 0, 0, 0, 0, 0, 0, 0, 2, 2, 0, 2, 1, 2, 1, 4, 3, 6, 5, 3, 3, 2, 2, 4, 2, 46, 0, 0, 0, 0, 0, 0]",1,0.809202554887208,-1,0
242,"[1, 8, 0, 1, 5, 13, 0, 2, 0, 1, 0, 0, 1, 0, 2, 0, 0, 0, 0, 0, 0, 0, 0, 0, 2, 0, 0, 0, 0, 0, 0, 0, 1, 1, 0, 1, 1, 0, 2, 0, 0, 0, 1, 0, 0, 0, 0, 1, 0, 0, 0, 0, 2, 0, 0, 0, 0, 0, 0, 0, 0, 0, 0, 2, 2, 0, 2, 1, 2, 1, 4, 3, 6, 5, 3, 3, 2, 2, 4, 2, 46, 0, 0, 0, 0, 0, 0]",-1,-0.0315641822753463,-1,0
243,"[1, 8, 0, 1, 5, 13, 0, 2, 0, 1, 0, 0, 1, 0, 2, 0, 0, 0, 0, 0, 0, 0, 0, 0, 2, 0, 0, 0, 0, 0, 0, 0, 1, 1, 0, 1, 1, 0, 2, 0, 0, 0, 1, 0, 0, 0, 0, 1, 0, 0, 0, 0, 2, 0, 0, 0, 0, 0, 0, 0, 0, 0, 0, 2, 2, 0, 2, 1, 2, 1, 4, 3, 6, 5, 3, 3, 2, 2, 4, 2, 47, 0, 0, 0, 0, 0, 0]",4,13.933689482405708,-1,0
244,"[1, 8, 0, 1, 5, 13, 0, 2, 0, 1, 0, 0, 1, 0, 2, 0, 0, 0, 0, 0, 0, 0, 0, 0, 2, 0, 0, 0, 0, 0, 0, 0, 1, 1, 0, 1, 1, 0, 2, 0, 0, 0, 1, 0, 0, 0, 0, 1, 0, 0, 0, 0, 2, 0, 0, 0, 0, 0, 0, 0, 0, 0, 0, 2, 2, 0, 2, 1, 2, 1, 4, 3, 6, 5, 3, 3, 2, 2, 4, 2, 47, 0, 1, 0, 0, 0, 0]",2,0.5995612733286583,-1,1
245,"[1, 8, 0, 1, 5, 13, 0, 2, 0, 1, 0, 0, 1, 0, 2, 0, 0, 0, 0, 0, 0, 0, 0, 0, 2, 0, 0, 0, 0, 0, 0, 0, 1, 1, 0, 1, 1, 0, 2, 0, 0, 0, 1, 0, 0, 0, 0, 1, 0, 0, 0, 0, 2, 0, 0, 0, 0, 0, 0, 0, 0, 0, 0, 2, 2, 0, 2, 1, 2, 1, 4, 3, 6, 5, 3, 3, 2, 2, 4, 2, 47, 0, 1, 0, 0, 1, 0]","[[2 5 0 1]
 [1 1 0 1]]",-0.00037892973788706814,-1,1
246,"[1, 8, 0, 1, 5, 13, 0, 2, 0, 1, 0, 0, 1, 0, 2, 0, 0, 0, 0, 0, 0, 0, 0, 0, 2, 0, 0, 0, 0, 0, 0, 0, 1, 1, 0, 1, 1, 0, 2, 0, 0, 0, 1, 0, 0, 0, 0, 1, 0, 0, 0, 0, 2, 0, 0, 0, 0, 0, 0, 0, 0, 0, 0, 2, 2, 0, 2, 1, 2, 1, 4, 3, 6, 5, 3, 3, 2, 2, 4, 2, 47, 0, 0, 0, 0, 0, 0]",1,-0.0004387266713417492,-1,0
247,"[1, 8, 0, 1, 5, 13, 0, 2, 0, 1, 0, 0, 1, 0, 2, 0, 0, 0, 0, 0, 0, 0, 0, 0, 2, 0, 0, 0, 0, 0, 0, 0, 1, 1, 0, 1, 1, 0, 2, 0, 0, 0, 1, 0, 0, 0, 0, 1, 0, 0, 0, 0, 2, 0, 0, 0, 0, 0, 0, 0, 0, 0, 0, 2, 2, 0, 2, 1, 2, 1, 4, 3, 6, 5, 3, 3, 2, 2, 4, 2, 47, 0, 0, 0, 0, 0, 0]",-1,-0.03125011341413504,-1,1
248,"[1, 4, 0, 1, 2, 6, 0, 1, 0, 1, 0, 0, 1, 0, 2, 0, 0, 0, 0, 0, 0, 0, 0, 0, 2, 0, 0, 0, 0, 0, 0, 0, 1, 1, 0, 1, 1, 0, 2, 0, 0, 0, 1, 0, 0, 0, 0, 1, 0, 0, 0, 0, 2, 0, 0, 0, 0, 0, 0, 0, 0, 0, 0, 2, 2, 0, 2, 1, 2, 1, 4, 3, 6, 5, 3, 3, 2, 2, 4, 3, 48, 0, 0, 0, 0, 0, 0]",4,8.520356253985202,-1,1
249,"[1, 4, 0, 1, 2, 6, 0, 1, 0, 1, 0, 0, 1, 0, 2, 0, 0, 0, 0, 0, 0, 0, 0, 0, 2, 0, 0, 0, 0, 0, 0, 0, 1, 1, 0, 1, 1, 0, 2, 0, 0, 0, 1, 0, 0, 0, 0, 1, 0, 0, 0, 0, 2, 0, 0, 0, 0, 0, 0, 0, 0, 0, 0, 2, 2, 0, 2, 1, 2, 1, 4, 3, 6, 5, 3, 3, 2, 2, 4, 3, 48, 0, 0, 0, 0, 0, 0]",1,0.8091675245289162,-1,0
250,"[1, 4, 0, 1, 2, 6, 0, 1, 0, 1, 0, 0, 1, 0, 2, 0, 0, 0, 0, 0, 0, 0, 0, 0, 2, 0, 0, 0, 0, 0, 0, 0, 1, 1, 0, 1, 1, 0, 2, 0, 0, 0, 1, 0, 0, 0, 0, 1, 0, 0, 0, 0, 2, 0, 0, 0, 0, 0, 0, 0, 0, 0, 0, 2, 2, 0, 2, 1, 2, 1, 4, 3, 6, 5, 3, 3, 2, 2, 4, 3, 48, 0, 0, 0, 0, 0, 0]",-1,-0.030939169590307042,-1,0
251,"[1, 4, 0, 1, 2, 6, 0, 1, 0, 1, 0, 0, 1, 0, 2, 0, 0, 0, 0, 0, 0, 0, 0, 0, 2, 0, 0, 0, 0, 0, 0, 0, 1, 1, 0, 1, 1, 0, 2, 0, 0, 0, 1, 0, 0, 0, 0, 1, 0, 0, 0, 0, 2, 0, 0, 0, 0, 0, 0, 0, 0, 0, 0, 2, 2, 0, 2, 1, 2, 1, 4, 3, 6, 5, 3, 3, 2, 2, 4, 3, 48, 0, 0, 0, 0, 0, 0]",1,0.8091675245289162,-1,0
252,"[1, 4, 0, 1, 2, 6, 0, 1, 0, 1, 0, 0, 1, 0, 2, 0, 0, 0, 0, 0, 0, 0, 0, 0, 2, 0, 0, 0, 0, 0, 0, 0, 1, 1, 0, 1, 1, 0, 2, 0, 0, 0, 1, 0, 0, 0, 0, 1, 0, 0, 0, 0, 2, 0, 0, 0, 0, 0, 0, 0, 0, 0, 0, 2, 2, 0, 2, 1, 2, 1, 4, 3, 6, 5, 3, 3, 2, 2, 4, 3, 48, 0, 0, 0, 0, 0, 0]",-1,-0.030939169590307042,-1,0
253,"[1, 4, 0, 1, 2, 6, 0, 1, 0, 1, 0, 0, 1, 0, 2, 0, 0, 0, 0, 0, 0, 0, 0, 0, 2, 0, 0, 0, 0, 0, 0, 0, 1, 1, 0, 1, 1, 0, 2, 0, 0, 0, 1, 0, 0, 0, 0, 1, 0, 0, 0, 0, 2, 0, 0, 0, 0, 0, 0, 0, 0, 0, 0, 2, 2, 0, 2, 1, 2, 1, 4, 3, 6, 5, 3, 3, 2, 2, 4, 3, 48, 1, 0, 0, 0, 0, 0]",3,0.3995434094292994,-1,0
254,"[1, 4, 0, 1, 2, 6, 0, 1, 0, 1, 0, 0, 1, 0, 2, 0, 0, 0, 0, 0, 0, 0, 0, 0, 2, 0, 0, 0, 0, 0, 0, 0, 1, 1, 0, 1, 1, 0, 2, 0, 0, 0, 1, 0, 0, 0, 0, 1, 0, 0, 0, 0, 2, 0, 0, 0, 0, 0, 0, 0, 0, 0, 0, 2, 2, 0, 2, 1, 2, 1, 4, 3, 6, 5, 3, 3, 2, 2, 4, 3, 48, 0, 0, 0, 0, 0, 0]",-1,-0.030939169590307042,-1,0
255,"[1, 4, 0, 1, 2, 6, 0, 1, 0, 1, 0, 0, 1, 0, 2, 0, 0, 0, 0, 0, 0, 0, 0, 0, 2, 0, 0, 0, 0, 0, 0, 0, 1, 1, 0, 1, 1, 0, 2, 0, 0, 0, 1, 0, 0, 0, 0, 1, 0, 0, 0, 0, 2, 0, 0, 0, 0, 0, 0, 0, 0, 0, 0, 2, 2, 0, 2, 1, 2, 1, 4, 3, 6, 5, 3, 3, 2, 2, 4, 3, 48, 1, 0, 0, 0, 0, 0]",3,0.3995434094292994,-1,0
256,"[1, 4, 0, 1, 2, 6, 0, 1, 0, 1, 0, 0, 1, 0, 2, 0, 0, 0, 0, 0, 0, 0, 0, 0, 2, 0, 0, 0, 0, 0, 0, 0, 1, 1, 0, 1, 1, 0, 2, 0, 0, 0, 1, 0, 0, 0, 0, 1, 0, 0, 0, 0, 2, 0, 0, 0, 0, 0, 0, 0, 0, 0, 0, 2, 2, 0, 2, 1, 2, 1, 4, 3, 6, 5, 3, 3, 2, 2, 4, 3, 48, 0, 0, 0, 0, 0, 0]",-1,-0.030939169590307042,-1,0
257,"[1, 4, 0, 1, 2, 6, 0, 1, 0, 1, 0, 0, 1, 0, 2, 0, 0, 0, 0, 0, 0, 0, 0, 0, 2, 0, 0, 0, 0, 0, 0, 0, 1, 1, 0, 1, 1, 0, 2, 0, 0, 0, 1, 0, 0, 0, 0, 1, 0, 0, 0, 0, 2, 0, 0, 0, 0, 0, 0, 0, 0, 0, 0, 2, 2, 0, 2, 1, 2, 1, 4, 3, 6, 5, 3, 3, 2, 2, 4, 3, 48, 1, 0, 0, 0, 0, 0]",3,0.3995434094292994,-1,0
258,"[1, 4, 0, 1, 2, 6, 0, 1, 0, 1, 0, 0, 1, 0, 2, 0, 0, 0, 0, 0, 0, 0, 0, 0, 2, 0, 0, 0, 0, 0, 0, 0, 1, 1, 0, 1, 1, 0, 2, 0, 0, 0, 1, 0, 0, 0, 0, 1, 0, 0, 0, 0, 2, 0, 0, 0, 0, 0, 0, 0, 0, 0, 0, 2, 2, 0, 2, 1, 2, 1, 4, 3, 6, 5, 3, 3, 2, 2, 4, 3, 48, 0, 0, 0, 0, 0, 0]",-1,-0.030939169590307042,-1,0
259,"[1, 4, 0, 1, 2, 6, 0, 1, 0, 1, 0, 0, 1, 0, 2, 0, 0, 0, 0, 0, 0, 0, 0, 0, 2, 0, 0, 0, 0, 0, 0, 0, 1, 1, 0, 1, 1, 0, 2, 0, 0, 0, 1, 0, 0, 0, 0, 1, 0, 0, 0, 0, 2, 0, 0, 0, 0, 0, 0, 0, 0, 0, 0, 2, 2, 0, 2, 1, 2, 1, 4, 3, 6, 5, 3, 3, 2, 2, 4, 3, 48, 1, 0, 0, 0, 0, 0]",3,0.3995434094292994,-1,0
260,"[1, 4, 0, 1, 2, 6, 0, 1, 0, 1, 0, 0, 1, 0, 2, 0, 0, 0, 0, 0, 0, 0, 0, 0, 2, 0, 0, 0, 0, 0, 0, 0, 1, 1, 0, 1, 1, 0, 2, 0, 0, 0, 1, 0, 0, 0, 0, 1, 0, 0, 0, 0, 2, 0, 0, 0, 0, 0, 0, 0, 0, 0, 0, 2, 2, 0, 2, 1, 2, 1, 4, 3, 6, 5, 3, 3, 2, 2, 4, 3, 48, 0, 0, 0, 0, 0, 0]",-1,-0.030939169590307042,-1,0
261,"[1, 4, 0, 1, 2, 6, 0, 1, 0, 1, 0, 0, 1, 0, 2, 0, 0, 0, 0, 0, 0, 0, 0, 0, 2, 0, 0, 0, 0, 0, 0, 0, 1, 1, 0, 1, 1, 0, 2, 0, 0, 0, 1, 0, 0, 0, 0, 1, 0, 0, 0, 0, 2, 0, 0, 0, 0, 0, 0, 0, 0, 0, 0, 2, 2, 0, 2, 1, 2, 1, 4, 3, 6, 5, 3, 3, 2, 2, 4, 3, 48, 0, 1, 0, 0, 0, 0]",2,0.5995434094292994,-1,0
262,"[1, 4, 0, 1, 2, 6, 0, 1, 0, 1, 0, 0, 1, 0, 2, 0, 0, 0, 0, 0, 0, 0, 0, 0, 2, 0, 0, 0, 0, 0, 0, 0, 1, 1, 0, 1, 1, 0, 2, 0, 0, 0, 1, 0, 0, 0, 0, 1, 0, 0, 0, 0, 2, 0, 0, 0, 0, 0, 0, 0, 0, 0, 0, 2, 2, 0, 2, 1, 2, 1, 4, 3, 6, 5, 3, 3, 2, 2, 4, 3, 48, 0, 0, 0, 0, 0, 0]",-1,-0.030939169590307042,-1,0
263,"[1, 4, 0, 1, 2, 6, 0, 2, 0, 1, 0, 0, 1, 0, 2, 0, 0, 0, 0, 0, 0, 0, 0, 0, 2, 0, 0, 0, 0, 0, 0, 0, 1, 1, 0, 1, 1, 0, 2, 0, 0, 0, 1, 0, 0, 0, 0, 1, 0, 0, 0, 0, 2, 0, 0, 0, 0, 0, 0, 0, 0, 0, 0, 2, 2, 0, 2, 1, 2, 1, 4, 3, 6, 5, 3, 3, 2, 2, 4, 3, 49, 0, 0, 0, 0, 0, 0]",4,14.207171385656615,-1,0
264,"[1, 4, 0, 1, 2, 6, 0, 2, 0, 1, 0, 0, 1, 0, 2, 0, 0, 0, 0, 0, 0, 0, 0, 0, 2, 0, 0, 0, 0, 0, 0, 0, 1, 1, 0, 1, 1, 0, 2, 0, 0, 0, 1, 0, 0, 0, 0, 1, 0, 0, 0, 0, 2, 0, 0, 0, 0, 0, 0, 0, 0, 0, 0, 2, 2, 0, 2, 1, 2, 1, 4, 3, 6, 5, 3, 3, 2, 2, 4, 3, 49, 0, 1, 0, 0, 0, 0]",2,0.599524819886711,-1,1
265,"[1, 4, 0, 1, 2, 6, 0, 2, 0, 1, 0, 0, 1, 0, 2, 0, 0, 0, 0, 0, 0, 0, 0, 0, 2, 0, 0, 0, 0, 0, 0, 0, 1, 1, 0, 1, 1, 0, 2, 0, 0, 0, 1, 0, 0, 0, 0, 1, 0, 0, 0, 0, 2, 0, 0, 0, 0, 0, 0, 0, 0, 0, 0, 2, 2, 0, 2, 1, 2, 1, 4, 3, 6, 5, 3, 3, 2, 2, 4, 3, 49, 0, 1, 0, 0, 1, 0]","[[1 1 0 1]
 [1 2 0 1]]",1.924766152427307,-1,1
266,"[1, 3, 0, 1, 2, 7, 0, 2, 0, 1, 0, 0, 1, 0, 2, 0, 0, 0, 0, 0, 0, 0, 0, 0, 2, 0, 0, 0, 0, 0, 0, 0, 1, 1, 0, 1, 1, 0, 2, 0, 0, 0, 1, 0, 0, 0, 0, 1, 0, 0, 0, 0, 2, 0, 0, 0, 0, 0, 0, 0, 0, 0, 0, 2, 2, 0, 2, 1, 2, 1, 4, 3, 6, 5, 3, 3, 2, 2, 4, 3, 49, 0, 0, 0, 0, 0, 0]",0,-0.0004751801132889973,-1,0
267,"[1, 3, 0, 1, 2, 7, 0, 2, 0, 1, 0, 0, 1, 0, 2, 0, 0, 0, 0, 0, 0, 0, 0, 0, 2, 0, 0, 0, 0, 0, 0, 0, 1, 1, 0, 1, 1, 0, 2, 0, 0, 0, 1, 0, 0, 0, 0, 1, 0, 0, 0, 0, 2, 0, 0, 0, 0, 0, 0, 0, 0, 0, 0, 2, 2, 0, 2, 1, 2, 1, 4, 3, 6, 5, 3, 3, 2, 2, 4, 3, 49, 0, 0, 0, 0, 0, 0]",-1,-0.030631319709220808,-1,1
268,"[1, 3, 0, 1, 2, 7, 0, 2, 0, 1, 0, 0, 1, 0, 2, 0, 0, 0, 0, 0, 0, 0, 0, 0, 2, 0, 0, 0, 0, 0, 0, 0, 1, 1, 0, 1, 1, 0, 2, 0, 0, 0, 1, 0, 0, 0, 0, 1, 0, 0, 0, 0, 2, 0, 0, 0, 0, 0, 0, 0, 0, 0, 0, 2, 2, 0, 2, 1, 2, 1, 4, 3, 6, 5, 3, 3, 2, 2, 4, 3, 49, 0, 0, 0, 0, 0, 0]",-1,-0.030631319709220808,-1,1
269,"[2, 3, 0, 1, 2, 7, 0, 2, 0, 1, 0, 0, 1, 0, 2, 0, 0, 0, 0, 0, 0, 0, 0, 0, 2, 0, 0, 0, 0, 0, 0, 0, 1, 1, 0, 1, 1, 0, 2, 0, 0, 0, 1, 0, 0, 0, 0, 1, 0, 0, 0, 0, 2, 0, 0, 0, 0, 0, 0, 0, 0, 0, 0, 2, 2, 0, 2, 1, 2, 1, 4, 3, 6, 5, 3, 3, 2, 2, 4, 3, 50, 0, 0, 0, 0, 0, 0]",4,8.543041444819133,-1,1
270,"[1, 1, 0, 1, 1, 3, 0, 1, 0, 1, 0, 0, 1, 0, 2, 0, 0, 0, 0, 0, 0, 0, 0, 0, 2, 0, 0, 0, 0, 0, 0, 0, 1, 1, 0, 1, 1, 0, 2, 0, 0, 0, 1, 0, 0, 0, 0, 1, 0, 0, 0, 0, 2, 0, 0, 0, 0, 0, 0, 0, 0, 0, 0, 2, 2, 0, 2, 1, 2, 1, 4, 3, 6, 5, 3, 3, 2, 2, 4, 1, 51, 0, 0, 0, 0, 0, 0]",4,14.793531695350625,-1,0
271,"[1, 1, 0, 1, 1, 3, 0, 1, 0, 1, 0, 0, 1, 0, 2, 0, 0, 0, 0, 0, 0, 0, 0, 0, 2, 0, 0, 0, 0, 0, 0, 0, 1, 1, 0, 1, 1, 0, 2, 0, 0, 0, 1, 0, 0, 0, 0, 1, 0, 0, 0, 0, 2, 0, 0, 0, 0, 0, 0, 0, 0, 0, 0, 2, 2, 0, 2, 1, 2, 1, 4, 3, 6, 5, 3, 3, 2, 2, 4, 1, 51, 0, 0, 0, 0, 0, 0]",-1,-0.030024778940613298,-1,1
272,"[1, 1, 0, 1, 1, 3, 0, 1, 0, 1, 0, 0, 1, 0, 2, 0, 0, 0, 0, 0, 0, 0, 0, 0, 2, 0, 0, 0, 0, 0, 0, 0, 1, 1, 0, 1, 1, 0, 2, 0, 0, 0, 1, 0, 0, 0, 0, 1, 0, 0, 0, 0, 2, 0, 0, 0, 0, 0, 0, 0, 0, 0, 0, 2, 2, 0, 2, 1, 2, 1, 4, 3, 6, 5, 3, 3, 2, 2, 4, 1, 51, 0, 0, 0, 0, 0, 0]",-1,-0.030024778940613298,-1,1
273,"[1, 1, 0, 1, 1, 1, 0, 1, 0, 1, 0, 0, 1, 0, 2, 0, 0, 0, 0, 0, 0, 0, 0, 0, 2, 0, 0, 0, 0, 0, 0, 0, 1, 1, 0, 1, 1, 0, 2, 0, 0, 0, 1, 0, 0, 0, 0, 1, 0, 0, 0, 0, 2, 0, 0, 0, 0, 0, 0, 0, 0, 0, 0, 2, 2, 0, 2, 1, 2, 1, 4, 3, 6, 5, 3, 3, 2, 2, 4, 6, 52, 0, 0, 0, 0, 0, 0]",4,9.19290724005411,-1,1
274,"[1, 2, 0, 1, 1, 2, 0, 1, 0, 1, 0, 0, 1, 0, 2, 0, 0, 0, 0, 0, 0, 0, 0, 0, 2, 0, 0, 0, 0, 0, 0, 0, 1, 1, 0, 1, 1, 0, 2, 0, 0, 0, 1, 0, 0, 0, 0, 1, 0, 0, 0, 0, 2, 0, 0, 0, 0, 0, 0, 0, 0, 0, 0, 2, 2, 0, 2, 1, 2, 1, 4, 3, 6, 5, 3, 3, 2, 2, 4, 6, 53, 0, 0, 0, 0, 0, 0]",4,14.632663218927053,-1,0
275,"[1, 2, 0, 1, 3, 2, 0, 1, 0, 1, 0, 0, 1, 0, 2, 0, 0, 0, 0, 0, 0, 0, 0, 0, 2, 0, 0, 0, 0, 0, 0, 0, 1, 1, 0, 1, 1, 0, 2, 0, 0, 0, 1, 0, 0, 0, 0, 1, 0, 0, 0, 0, 2, 0, 0, 0, 0, 0, 0, 0, 0, 0, 0, 2, 2, 0, 2, 1, 2, 1, 4, 3, 6, 5, 3, 3, 2, 2, 4, 6, 54, 0, 0, 0, 0, 0, 0]",4,8.800534884421992,-1,1
276,"[1, 2, 0, 1, 3, 2, 0, 1, 0, 1, 0, 0, 1, 0, 2, 0, 0, 0, 0, 0, 0, 0, 0, 0, 2, 0, 0, 0, 0, 0, 0, 0, 1, 1, 0, 1, 1, 0, 2, 0, 0, 0, 1, 0, 0, 0, 0, 1, 0, 0, 0, 0, 2, 0, 0, 0, 0, 0, 0, 0, 0, 0, 0, 2, 2, 0, 2, 1, 2, 1, 4, 3, 6, 5, 3, 3, 2, 2, 4, 6, 54, 1, 0, 0, 0, 0, 0]",3,0.3994199188396432,-1,0
277,"[1, 2, 0, 1, 3, 2, 0, 1, 0, 1, 0, 0, 1, 0, 2, 0, 0, 0, 0, 0, 0, 0, 0, 0, 2, 0, 0, 0, 0, 0, 0, 0, 1, 1, 0, 1, 1, 0, 2, 0, 0, 0, 1, 0, 0, 0, 0, 1, 0, 0, 0, 0, 2, 0, 0, 0, 0, 0, 0, 0, 0, 0, 0, 2, 2, 0, 2, 1, 2, 1, 4, 3, 6, 5, 3, 3, 2, 2, 4, 6, 54, 0, 0, 0, 0, 0, 0]",-1,-0.029137412618699482,-1,0
278,"[1, 2, 0, 1, 3, 2, 0, 1, 0, 1, 0, 0, 1, 0, 2, 0, 0, 0, 0, 0, 0, 0, 0, 0, 2, 0, 0, 0, 0, 0, 0, 0, 1, 1, 0, 1, 1, 0, 2, 0, 0, 0, 1, 0, 0, 0, 0, 1, 0, 0, 0, 0, 2, 0, 0, 0, 0, 0, 0, 0, 0, 0, 0, 2, 2, 0, 2, 1, 2, 1, 4, 3, 6, 5, 3, 3, 2, 2, 4, 6, 54, 0, 1, 0, 0, 0, 0]",2,0.5994199188396432,-1,0
279,"[1, 2, 0, 1, 3, 2, 0, 1, 0, 1, 0, 0, 1, 0, 2, 0, 0, 0, 0, 0, 0, 0, 0, 0, 2, 0, 0, 0, 0, 0, 0, 0, 1, 1, 0, 1, 1, 0, 2, 0, 0, 0, 1, 0, 0, 0, 0, 1, 0, 0, 0, 0, 2, 0, 0, 0, 0, 0, 0, 0, 0, 0, 0, 2, 2, 0, 2, 1, 2, 1, 4, 3, 6, 5, 3, 3, 2, 2, 4, 6, 54, 0, 0, 0, 0, 0, 0]",-1,-0.029137412618699482,-1,0
280,"[1, 2, 0, 1, 3, 2, 0, 1, 0, 1, 0, 0, 1, 0, 2, 0, 0, 0, 0, 0, 0, 0, 0, 0, 2, 0, 0, 0, 0, 0, 0, 0, 1, 1, 0, 1, 1, 0, 2, 0, 0, 0, 1, 0, 0, 0, 0, 1, 0, 0, 0, 0, 2, 0, 0, 0, 0, 0, 0, 0, 0, 0, 0, 2, 2, 0, 2, 1, 2, 1, 4, 3, 6, 5, 3, 3, 2, 2, 4, 6, 54, 0, 0, 0, 0, 0, 0]",1,0.8090440339392599,-1,0
281,"[1, 2, 0, 1, 3, 2, 0, 1, 0, 1, 0, 0, 1, 0, 2, 0, 0, 0, 0, 0, 0, 0, 0, 0, 2, 0, 0, 0, 0, 0, 0, 0, 1, 1, 0, 1, 1, 0, 2, 0, 0, 0, 1, 0, 0, 0, 0, 1, 0, 0, 0, 0, 2, 0, 0, 0, 0, 0, 0, 0, 0, 0, 0, 2, 2, 0, 2, 1, 2, 1, 4, 3, 6, 5, 3, 3, 2, 2, 4, 6, 54, 0, 0, 0, 0, 0, 0]",-1,-0.029137412618699482,-1,0
282,"[1, 2, 0, 1, 3, 2, 0, 1, 0, 1, 0, 0, 1, 0, 2, 0, 0, 0, 0, 0, 0, 0, 0, 0, 2, 0, 0, 0, 0, 0, 0, 0, 1, 1, 0, 1, 1, 0, 2, 0, 0, 0, 1, 0, 0, 0, 0, 1, 0, 0, 0, 0, 2, 0, 0, 0, 0, 0, 0, 0, 0, 0, 0, 2, 2, 0, 2, 1, 2, 1, 4, 3, 6, 5, 3, 3, 2, 2, 4, 6, 54, 0, 1, 0, 0, 0, 0]",2,0.5994199188396432,-1,0
283,"[1, 2, 0, 1, 3, 2, 0, 1, 0, 1, 0, 0, 1, 0, 2, 0, 0, 0, 0, 0, 0, 0, 0, 0, 2, 0, 0, 0, 0, 0, 0, 0, 1, 1, 0, 1, 1, 0, 2, 0, 0, 0, 1, 0, 0, 0, 0, 1, 0, 0, 0, 0, 2, 0, 0, 0, 0, 0, 0, 0, 0, 0, 0, 2, 2, 0, 2, 1, 2, 1, 4, 3, 6, 5, 3, 3, 2, 2, 4, 6, 54, 0, 0, 0, 0, 0, 0]",-1,-0.029137412618699482,-1,0
284,"[1, 2, 0, 1, 3, 2, 0, 1, 0, 1, 0, 0, 1, 0, 2, 0, 0, 0, 0, 0, 0, 0, 0, 0, 2, 0, 0, 0, 0, 0, 0, 0, 1, 1, 0, 1, 1, 0, 2, 0, 0, 0, 1, 0, 0, 0, 0, 1, 0, 0, 0, 0, 2, 0, 0, 0, 0, 0, 0, 0, 0, 0, 0, 2, 2, 0, 2, 1, 2, 1, 4, 3, 6, 5, 3, 3, 2, 2, 4, 6, 54, 0, 1, 0, 0, 0, 0]",2,0.5994199188396432,-1,0
285,"[1, 2, 0, 1, 3, 2, 0, 1, 0, 1, 0, 0, 1, 0, 2, 0, 0, 0, 0, 0, 0, 0, 0, 0, 2, 0, 0, 0, 0, 0, 0, 0, 1, 1, 0, 1, 1, 0, 2, 0, 0, 0, 1, 0, 0, 0, 0, 1, 0, 0, 0, 0, 2, 0, 0, 0, 0, 0, 0, 0, 0, 0, 0, 2, 2, 0, 2, 1, 2, 1, 4, 3, 6, 5, 3, 3, 2, 2, 4, 6, 54, 0, 0, 0, 0, 0, 0]",-1,-0.029137412618699482,-1,0
286,"[1, 2, 0, 1, 3, 2, 0, 1, 0, 1, 0, 0, 1, 0, 2, 0, 0, 0, 0, 0, 0, 0, 0, 0, 2, 0, 0, 0, 0, 0, 0, 0, 1, 1, 0, 1, 1, 0, 2, 0, 0, 0, 1, 0, 0, 0, 0, 1, 0, 0, 0, 0, 2, 0, 0, 0, 0, 0, 0, 0, 0, 0, 0, 2, 2, 0, 2, 1, 2, 1, 4, 3, 6, 5, 3, 3, 2, 2, 4, 6, 54, 0, 0, 0, 0, 0, 0]",1,0.8090440339392599,-1,0
287,"[1, 2, 0, 1, 3, 2, 0, 1, 0, 1, 0, 0, 1, 0, 2, 0, 0, 0, 0, 0, 0, 0, 0, 0, 2, 0, 0, 0, 0, 0, 0, 0, 1, 1, 0, 1, 1, 0, 2, 0, 0, 0, 1, 0, 0, 0, 0, 1, 0, 0, 0, 0, 2, 0, 0, 0, 0, 0, 0, 0, 0, 0, 0, 2, 2, 0, 2, 1, 2, 1, 4, 3, 6, 5, 3, 3, 2, 2, 4, 6, 54, 0, 0, 0, 0, 0, 0]",-1,-0.029137412618699482,-1,0
288,"[1, 3, 0, 1, 3, 3, 0, 1, 0, 1, 0, 0, 1, 0, 2, 0, 0, 0, 0, 0, 0, 0, 0, 0, 2, 0, 0, 0, 0, 0, 0, 0, 1, 1, 0, 1, 1, 0, 2, 0, 0, 0, 1, 0, 0, 0, 0, 1, 0, 0, 0, 0, 2, 0, 0, 0, 0, 0, 0, 0, 0, 0, 0, 2, 2, 0, 2, 1, 2, 1, 4, 3, 6, 5, 3, 3, 2, 2, 4, 6, 55, 0, 0, 0, 0, 0, 0]",4,14.370626608287889,-1,0
289,"[1, 3, 0, 1, 3, 3, 0, 1, 0, 1, 0, 0, 1, 0, 2, 0, 0, 0, 0, 0, 0, 0, 0, 0, 2, 0, 0, 0, 0, 0, 0, 0, 1, 1, 0, 1, 1, 0, 2, 0, 0, 0, 1, 0, 0, 0, 0, 1, 0, 0, 0, 0, 2, 0, 0, 0, 0, 0, 0, 0, 0, 0, 0, 2, 2, 0, 2, 1, 2, 1, 4, 3, 6, 5, 3, 3, 2, 2, 4, 6, 55, 0, 0, 0, 0, 0, 0]",0,0.6254953504349994,-1,1
290,"[1, 3, 0, 1, 3, 3, 0, 1, 0, 1, 0, 0, 1, 0, 2, 0, 0, 0, 0, 0, 0, 0, 0, 0, 2, 0, 0, 0, 0, 0, 0, 0, 1, 1, 0, 1, 1, 0, 2, 0, 0, 0, 1, 0, 0, 0, 0, 1, 0, 0, 0, 0, 2, 0, 0, 0, 0, 0, 0, 0, 0, 0, 0, 2, 2, 0, 2, 1, 2, 1, 4, 3, 6, 5, 3, 3, 2, 2, 4, 6, 55, 0, 0, 0, 0, 0, 0]",-1,-0.028847490519024334,-1,1
291,"[1, 3, 0, 1, 3, 3, 0, 1, 0, 1, 0, 0, 1, 0, 2, 0, 0, 0, 0, 0, 0, 0, 0, 0, 2, 0, 0, 0, 0, 0, 0, 0, 1, 1, 0, 1, 1, 0, 2, 0, 0, 0, 1, 0, 0, 0, 0, 1, 0, 0, 0, 0, 2, 0, 0, 0, 0, 0, 0, 0, 0, 0, 0, 2, 2, 0, 2, 1, 2, 1, 4, 3, 6, 5, 3, 3, 2, 2, 4, 6, 56, 0, 0, 0, 0, 0, 0]",4,8.74402530907524,-1,1
292,"[1, 3, 0, 1, 3, 3, 0, 1, 0, 1, 0, 0, 1, 0, 2, 0, 0, 0, 0, 0, 0, 0, 0, 0, 2, 0, 0, 0, 0, 0, 0, 0, 1, 1, 0, 1, 1, 0, 2, 0, 0, 0, 1, 0, 0, 0, 0, 1, 0, 0, 0, 0, 2, 0, 0, 0, 0, 0, 0, 0, 0, 0, 0, 2, 2, 0, 2, 1, 2, 1, 4, 3, 6, 5, 3, 3, 2, 2, 4, 6, 56, 0, 0, 0, 0, 0, 0]",1,0.8089958724426508,-1,0
293,"[1, 3, 0, 1, 3, 3, 0, 1, 0, 1, 0, 0, 1, 0, 2, 0, 0, 0, 0, 0, 0, 0, 0, 0, 2, 0, 0, 0, 0, 0, 0, 0, 1, 1, 0, 1, 1, 0, 2, 0, 0, 0, 1, 0, 0, 0, 0, 1, 0, 0, 0, 0, 2, 0, 0, 0, 0, 0, 0, 0, 0, 0, 0, 2, 2, 0, 2, 1, 2, 1, 4, 3, 6, 5, 3, 3, 2, 2, 4, 6, 56, 0, 0, 0, 0, 0, 0]",-1,-0.028560453192440743,-1,0
294,"[1, 3, 0, 1, 3, 3, 0, 1, 0, 1, 0, 0, 1, 0, 2, 0, 0, 0, 0, 0, 0, 0, 0, 0, 2, 0, 0, 0, 0, 0, 0, 0, 1, 1, 0, 1, 1, 0, 2, 0, 0, 0, 1, 0, 0, 0, 0, 1, 0, 0, 0, 0, 2, 0, 0, 0, 0, 0, 0, 0, 0, 0, 0, 2, 2, 0, 2, 1, 2, 1, 4, 3, 6, 5, 3, 3, 2, 2, 4, 6, 56, 0, 1, 0, 0, 0, 0]",2,0.599371757343034,-1,0
295,"[1, 3, 0, 1, 3, 3, 0, 1, 0, 1, 0, 0, 1, 0, 2, 0, 0, 0, 0, 0, 0, 0, 0, 0, 2, 0, 0, 0, 0, 0, 0, 0, 1, 1, 0, 1, 1, 0, 2, 0, 0, 0, 1, 0, 0, 0, 0, 1, 0, 0, 0, 0, 2, 0, 0, 0, 0, 0, 0, 0, 0, 0, 0, 2, 2, 0, 2, 1, 2, 1, 4, 3, 6, 5, 3, 3, 2, 2, 4, 6, 56, 0, 0, 0, 0, 0, 0]",-1,-0.028560453192440743,-1,0
296,"[1, 3, 0, 1, 3, 3, 0, 1, 0, 1, 0, 0, 1, 0, 2, 0, 0, 0, 0, 0, 0, 0, 0, 0, 2, 0, 0, 0, 0, 0, 0, 0, 1, 1, 0, 1, 1, 0, 2, 0, 0, 0, 1, 0, 0, 0, 0, 1, 0, 0, 0, 0, 2, 0, 0, 0, 0, 0, 0, 0, 0, 0, 0, 2, 2, 0, 2, 1, 2, 1, 4, 3, 6, 5, 3, 3, 2, 2, 4, 6, 57, 0, 0, 0, 0, 0, 0]",4,14.369422574787984,-1,0
297,"[1, 3, 0, 1, 3, 3, 0, 1, 0, 1, 0, 0, 1, 0, 2, 0, 0, 0, 0, 0, 0, 0, 0, 0, 2, 0, 0, 0, 0, 0, 0, 0, 1, 1, 0, 1, 1, 0, 2, 0, 0, 0, 1, 0, 0, 0, 0, 1, 0, 0, 0, 0, 2, 0, 0, 0, 0, 0, 0, 0, 0, 0, 0, 2, 2, 0, 2, 1, 2, 1, 4, 3, 6, 5, 3, 3, 2, 2, 4, 6, 57, 0, 0, 0, 0, 0, 0]",-1,-0.028276271934976855,-1,1
298,"[1, 3, 0, 1, 3, 3, 0, 1, 0, 1, 0, 0, 1, 0, 2, 0, 0, 0, 0, 0, 0, 0, 0, 0, 2, 0, 0, 0, 0, 0, 0, 0, 1, 1, 0, 1, 1, 0, 2, 0, 0, 0, 1, 0, 0, 0, 0, 1, 0, 0, 0, 0, 2, 0, 0, 0, 0, 0, 0, 0, 0, 0, 0, 2, 2, 0, 2, 1, 2, 1, 4, 3, 6, 5, 3, 3, 2, 2, 4, 6, 57, 1, 0, 0, 0, 0, 0]",3,0.3993462020876723,-1,1
299,"[1, 3, 0, 1, 3, 3, 0, 1, 0, 1, 0, 0, 1, 0, 2, 0, 0, 0, 0, 0, 0, 0, 0, 0, 2, 0, 0, 0, 0, 0, 0, 0, 1, 1, 0, 1, 1, 0, 2, 0, 0, 0, 1, 0, 0, 0, 0, 1, 0, 0, 0, 0, 2, 0, 0, 0, 0, 0, 0, 0, 0, 0, 0, 2, 2, 0, 2, 1, 2, 1, 4, 3, 6, 5, 3, 3, 2, 2, 4, 6, 57, 0, 0, 0, 0, 0, 0]",-1,-0.028276271934976855,-1,1
300,"[1, 1, 0, 1, 1, 1, 0, 1, 0, 1, 0, 0, 1, 0, 2, 0, 0, 0, 0, 0, 0, 0, 0, 0, 2, 0, 0, 0, 0, 0, 0, 0, 1, 1, 0, 1, 1, 0, 2, 0, 0, 0, 1, 0, 0, 0, 0, 1, 0, 0, 0, 0, 2, 0, 0, 0, 0, 0, 0, 0, 0, 0, 0, 2, 2, 0, 2, 1, 2, 1, 4, 3, 6, 5, 3, 3, 2, 2, 4, 6, 58, 0, 0, 0, 0, 0, 0]",4,9.189265438739495,-1,1
301,"[1, 1, 0, 1, 1, 1, 0, 1, 0, 1, 0, 0, 1, 0, 2, 0, 0, 0, 0, 0, 0, 0, 0, 0, 2, 0, 0, 0, 0, 0, 0, 0, 1, 1, 0, 1, 1, 0, 2, 0, 0, 0, 1, 0, 0, 0, 0, 1, 0, 0, 0, 0, 2, 0, 0, 0, 0, 0, 0, 0, 0, 0, 0, 2, 2, 0, 2, 1, 2, 1, 4, 3, 6, 5, 3, 3, 2, 2, 4, 6, 59, 0, 0, 0, 0, 0, 0]",4,14.788675062622476,-1,0
302,"[1, 2, 0, 1, 1, 2, 0, 1, 0, 1, 0, 0, 1, 0, 2, 0, 0, 0, 0, 0, 0, 0, 0, 0, 2, 0, 0, 0, 0, 0, 0, 0, 1, 1, 0, 1, 1, 0, 2, 0, 0, 0, 1, 0, 0, 0, 0, 1, 0, 0, 0, 0, 2, 0, 0, 0, 0, 0, 0, 0, 0, 0, 0, 2, 2, 0, 2, 1, 2, 1, 4, 3, 6, 5, 3, 3, 2, 2, 4, 6, 60, 0, 0, 0, 0, 0, 0]",4,9.028464443867406,-1,1
303,"[1, 2, 0, 1, 1, 2, 0, 1, 0, 1, 0, 0, 1, 0, 2, 0, 0, 0, 0, 0, 0, 0, 0, 0, 2, 0, 0, 0, 0, 0, 0, 0, 1, 1, 0, 1, 1, 0, 2, 0, 0, 0, 1, 0, 0, 0, 0, 1, 0, 0, 0, 0, 2, 0, 0, 0, 0, 0, 0, 0, 0, 0, 0, 2, 2, 0, 2, 1, 2, 1, 4, 3, 6, 5, 3, 3, 2, 2, 4, 6, 60, 0, 0, 0, 0, 0, 0]",1,0.8088872671197296,-1,0
304,"[1, 2, 0, 1, 1, 2, 0, 1, 0, 1, 0, 0, 1, 0, 2, 0, 0, 0, 0, 0, 0, 0, 0, 0, 2, 0, 0, 0, 0, 0, 0, 0, 1, 1, 0, 1, 1, 0, 2, 0, 0, 0, 1, 0, 0, 0, 0, 1, 0, 0, 0, 0, 2, 0, 0, 0, 0, 0, 0, 0, 0, 0, 0, 2, 2, 0, 2, 1, 2, 1, 4, 3, 6, 5, 3, 3, 2, 2, 4, 6, 60, 0, 0, 0, 0, 0, 0]",-1,-0.027440581804701325,-1,0
305,"[1, 2, 0, 1, 1, 2, 0, 1, 0, 1, 0, 0, 1, 0, 2, 0, 0, 0, 0, 0, 0, 0, 0, 0, 2, 0, 0, 0, 0, 0, 0, 0, 1, 1, 0, 1, 1, 0, 2, 0, 0, 0, 1, 0, 0, 0, 0, 1, 0, 0, 0, 0, 2, 0, 0, 0, 0, 0, 0, 0, 0, 0, 0, 2, 2, 0, 2, 1, 2, 1, 4, 3, 6, 5, 3, 3, 2, 2, 4, 6, 60, 1, 0, 0, 0, 0, 0]",3,0.3992631520201128,-1,0
306,"[1, 2, 0, 1, 1, 2, 0, 1, 0, 1, 0, 0, 1, 0, 2, 0, 0, 0, 0, 0, 0, 0, 0, 0, 2, 0, 0, 0, 0, 0, 0, 0, 1, 1, 0, 1, 1, 0, 2, 0, 0, 0, 1, 0, 0, 0, 0, 1, 0, 0, 0, 0, 2, 0, 0, 0, 0, 0, 0, 0, 0, 0, 0, 2, 2, 0, 2, 1, 2, 1, 4, 3, 6, 5, 3, 3, 2, 2, 4, 6, 60, 0, 0, 0, 0, 0, 0]",-1,-0.027440581804701325,-1,0
307,"[1, 2, 0, 1, 1, 2, 0, 1, 0, 1, 0, 0, 1, 0, 2, 0, 0, 0, 0, 0, 0, 0, 0, 0, 2, 0, 0, 0, 0, 0, 0, 0, 1, 1, 0, 1, 1, 0, 2, 0, 0, 0, 1, 0, 0, 0, 0, 1, 0, 0, 0, 0, 2, 0, 0, 0, 0, 0, 0, 0, 0, 0, 0, 2, 2, 0, 2, 1, 2, 1, 4, 3, 6, 5, 3, 3, 2, 2, 4, 6, 60, 0, 1, 0, 0, 0, 0]",2,0.5992631520201128,-1,0
308,"[1, 2, 0, 1, 1, 2, 0, 1, 0, 1, 0, 0, 1, 0, 2, 0, 0, 0, 0, 0, 0, 0, 0, 0, 2, 0, 0, 0, 0, 0, 0, 0, 1, 1, 0, 1, 1, 0, 2, 0, 0, 0, 1, 0, 0, 0, 0, 1, 0, 0, 0, 0, 2, 0, 0, 0, 0, 0, 0, 0, 0, 0, 0, 2, 2, 0, 2, 1, 2, 1, 4, 3, 6, 5, 3, 3, 2, 2, 4, 6, 60, 0, 0, 0, 0, 0, 0]",-1,-0.027440581804701325,-1,0
309,"[1, 2, 0, 1, 1, 2, 0, 1, 0, 1, 0, 0, 1, 0, 2, 0, 0, 0, 0, 0, 0, 0, 0, 0, 2, 0, 0, 0, 0, 0, 0, 0, 1, 1, 0, 1, 1, 0, 2, 0, 0, 0, 1, 0, 0, 0, 0, 1, 0, 0, 0, 0, 2, 0, 0, 0, 0, 0, 0, 0, 0, 0, 0, 2, 2, 0, 2, 1, 2, 1, 4, 3, 6, 5, 3, 3, 2, 2, 4, 6, 60, 0, 1, 0, 0, 0, 0]",2,0.5992631520201128,-1,0
310,"[1, 2, 0, 1, 1, 2, 0, 1, 0, 1, 0, 0, 1, 0, 2, 0, 0, 0, 0, 0, 0, 0, 0, 0, 2, 0, 0, 0, 0, 0, 0, 0, 1, 1, 0, 1, 1, 0, 2, 0, 0, 0, 1, 0, 0, 0, 0, 1, 0, 0, 0, 0, 2, 0, 0, 0, 0, 0, 0, 0, 0, 0, 0, 2, 2, 0, 2, 1, 2, 1, 4, 3, 6, 5, 3, 3, 2, 2, 4, 6, 60, 0, 0, 0, 0, 0, 0]",-1,-0.027440581804701325,-1,0
311,"[2, 2, 0, 1, 1, 3, 0, 1, 0, 1, 0, 0, 1, 0, 2, 0, 0, 0, 0, 0, 0, 0, 0, 0, 2, 0, 0, 0, 0, 0, 0, 0, 1, 1, 0, 1, 1, 0, 2, 0, 0, 0, 1, 0, 0, 0, 0, 1, 0, 0, 0, 0, 2, 0, 0, 0, 0, 0, 0, 0, 0, 0, 0, 2, 2, 0, 2, 1, 2, 1, 4, 3, 6, 5, 3, 3, 2, 2, 4, 6, 61, 0, 0, 0, 0, 0, 0]",4,14.52655586352182,-1,0
312,"[2, 2, 0, 1, 1, 3, 0, 1, 0, 1, 0, 0, 1, 0, 2, 0, 0, 0, 0, 0, 0, 0, 0, 0, 2, 0, 0, 0, 0, 0, 0, 0, 1, 1, 0, 1, 1, 0, 2, 0, 0, 0, 1, 0, 0, 0, 0, 1, 0, 0, 0, 0, 2, 0, 0, 0, 0, 0, 0, 0, 0, 0, 0, 2, 2, 0, 2, 1, 2, 1, 4, 3, 6, 5, 3, 3, 2, 2, 4, 6, 61, 0, 0, 0, 0, 0, 0]",-1,-0.02716754345372499,-1,1
313,"[2, 2, 0, 1, 1, 3, 0, 1, 0, 1, 0, 0, 1, 0, 2, 0, 0, 0, 0, 0, 0, 0, 0, 0, 2, 0, 0, 0, 0, 0, 0, 0, 1, 1, 0, 1, 1, 0, 2, 0, 0, 0, 1, 0, 0, 0, 0, 1, 0, 0, 0, 0, 2, 0, 0, 0, 0, 0, 0, 0, 0, 0, 0, 2, 2, 0, 2, 1, 2, 1, 4, 3, 6, 5, 3, 3, 2, 2, 4, 6, 61, 0, 0, 0, 0, 0, 0]",-1,-0.02716754345372499,-1,1
314,"[1, 1, 0, 1, 1, 1, 0, 1, 0, 1, 0, 0, 1, 0, 2, 0, 0, 0, 0, 0, 0, 0, 0, 0, 2, 0, 0, 0, 0, 0, 0, 0, 1, 1, 0, 1, 1, 0, 2, 0, 0, 0, 1, 0, 0, 0, 0, 1, 0, 0, 0, 0, 2, 0, 0, 0, 0, 0, 0, 0, 0, 0, 0, 2, 2, 0, 2, 1, 2, 1, 4, 3, 6, 5, 3, 3, 2, 2, 4, 1, 62, 0, 0, 0, 0, 0, 0]",4,9.186930397887776,-1,1
315,"[1, 1, 0, 1, 1, 1, 0, 1, 0, 1, 0, 0, 1, 0, 2, 0, 0, 0, 0, 0, 0, 0, 0, 0, 2, 0, 0, 0, 0, 0, 0, 0, 1, 1, 0, 1, 1, 0, 2, 0, 0, 0, 1, 0, 0, 0, 0, 1, 0, 0, 0, 0, 2, 0, 0, 0, 0, 0, 0, 0, 0, 0, 0, 2, 2, 0, 2, 1, 2, 1, 4, 3, 6, 5, 3, 3, 2, 2, 4, 1, 62, 0, 0, 0, 0, 0, 0]",1,0.808826142069818,-1,0
316,"[1, 1, 0, 1, 1, 1, 0, 1, 0, 1, 0, 0, 1, 0, 2, 0, 0, 0, 0, 0, 0, 0, 0, 0, 2, 0, 0, 0, 0, 0, 0, 0, 1, 1, 0, 1, 1, 0, 2, 0, 0, 0, 1, 0, 0, 0, 0, 1, 0, 0, 0, 0, 2, 0, 0, 0, 0, 0, 0, 0, 0, 0, 0, 2, 2, 0, 2, 1, 2, 1, 4, 3, 6, 5, 3, 3, 2, 2, 4, 1, 62, 0, 0, 0, 0, 0, 0]",-1,-0.026897221879733726,-1,0
317,"[1, 1, 0, 1, 1, 1, 0, 1, 0, 1, 0, 0, 1, 0, 2, 0, 0, 0, 0, 0, 0, 0, 0, 0, 2, 0, 0, 0, 0, 0, 0, 0, 1, 1, 0, 1, 1, 0, 2, 0, 0, 0, 1, 0, 0, 0, 0, 1, 0, 0, 0, 0, 2, 0, 0, 0, 0, 0, 0, 0, 0, 0, 0, 2, 2, 0, 2, 1, 2, 1, 4, 3, 6, 5, 3, 3, 2, 2, 4, 1, 62, 1, 0, 0, 0, 0, 0]",3,0.3992020269702012,-1,0
318,"[1, 1, 0, 1, 1, 1, 0, 1, 0, 1, 0, 0, 1, 0, 2, 0, 0, 0, 0, 0, 0, 0, 0, 0, 2, 0, 0, 0, 0, 0, 0, 0, 1, 1, 0, 1, 1, 0, 2, 0, 0, 0, 1, 0, 0, 0, 0, 1, 0, 0, 0, 0, 2, 0, 0, 0, 0, 0, 0, 0, 0, 0, 0, 2, 2, 0, 2, 1, 2, 1, 4, 3, 6, 5, 3, 3, 2, 2, 4, 1, 62, 0, 0, 0, 0, 0, 0]",-1,-0.026897221879733726,-1,0
319,"[1, 1, 0, 1, 1, 1, 0, 1, 0, 1, 0, 0, 1, 0, 2, 0, 0, 0, 0, 0, 0, 0, 0, 0, 2, 0, 0, 0, 0, 0, 0, 0, 1, 1, 0, 1, 1, 0, 2, 0, 0, 0, 1, 0, 0, 0, 0, 1, 0, 0, 0, 0, 2, 0, 0, 0, 0, 0, 0, 0, 0, 0, 0, 2, 2, 0, 2, 1, 2, 1, 4, 3, 6, 5, 3, 3, 2, 2, 4, 1, 62, 0, 1, 0, 0, 0, 0]",2,0.5992020269702012,-1,0
320,"[1, 1, 0, 1, 1, 1, 0, 1, 0, 1, 0, 0, 1, 0, 2, 0, 0, 0, 0, 0, 0, 0, 0, 0, 2, 0, 0, 0, 0, 0, 0, 0, 1, 1, 0, 1, 1, 0, 2, 0, 0, 0, 1, 0, 0, 0, 0, 1, 0, 0, 0, 0, 2, 0, 0, 0, 0, 0, 0, 0, 0, 0, 0, 2, 2, 0, 2, 1, 2, 1, 4, 3, 6, 5, 3, 3, 2, 2, 4, 1, 62, 0, 0, 0, 0, 0, 0]",-1,-0.026897221879733726,-1,0
321,"[1, 1, 0, 1, 1, 1, 0, 1, 0, 1, 0, 0, 1, 0, 2, 0, 0, 0, 0, 0, 0, 0, 0, 0, 2, 0, 0, 0, 0, 0, 0, 0, 1, 1, 0, 1, 1, 0, 2, 0, 0, 0, 1, 0, 0, 0, 0, 1, 0, 0, 0, 0, 2, 0, 0, 0, 0, 0, 0, 0, 0, 0, 0, 2, 2, 0, 2, 1, 2, 1, 4, 3, 6, 5, 3, 3, 2, 2, 4, 1, 62, 0, 1, 0, 0, 0, 0]",2,0.5992020269702012,-1,0
322,"[1, 1, 0, 1, 1, 1, 0, 1, 0, 1, 0, 0, 1, 0, 2, 0, 0, 0, 0, 0, 0, 0, 0, 0, 2, 0, 0, 0, 0, 0, 0, 0, 1, 1, 0, 1, 1, 0, 2, 0, 0, 0, 1, 0, 0, 0, 0, 1, 0, 0, 0, 0, 2, 0, 0, 0, 0, 0, 0, 0, 0, 0, 0, 2, 2, 0, 2, 1, 2, 1, 4, 3, 6, 5, 3, 3, 2, 2, 4, 1, 62, 0, 0, 0, 0, 0, 0]",-1,-0.026897221879733726,-1,0
323,"[1, 1, 0, 1, 1, 1, 0, 2, 0, 1, 0, 0, 1, 0, 2, 0, 0, 0, 0, 0, 0, 0, 0, 0, 2, 0, 0, 0, 0, 0, 0, 0, 1, 1, 0, 1, 1, 0, 2, 0, 0, 0, 1, 0, 0, 0, 0, 1, 0, 0, 0, 0, 2, 0, 0, 0, 0, 0, 0, 0, 0, 0, 0, 2, 2, 0, 2, 1, 2, 1, 4, 3, 6, 5, 3, 3, 2, 2, 4, 1, 63, 0, 0, 0, 0, 0, 0]",4,14.786357324056873,-1,0
324,"[1, 1, 0, 1, 1, 1, 0, 2, 0, 1, 0, 0, 1, 0, 2, 0, 0, 0, 0, 0, 0, 0, 0, 0, 2, 0, 0, 0, 0, 0, 0, 0, 1, 1, 0, 1, 1, 0, 2, 0, 0, 0, 1, 0, 0, 0, 0, 1, 0, 0, 0, 0, 2, 0, 0, 0, 0, 0, 0, 0, 0, 0, 0, 2, 2, 0, 2, 1, 2, 1, 4, 3, 6, 5, 3, 3, 2, 2, 4, 1, 63, 0, 1, 0, 0, 0, 0]",2,0.5991695962872798,-1,1
325,"[1, 1, 0, 1, 1, 1, 0, 2, 0, 1, 0, 0, 1, 0, 2, 0, 0, 0, 0, 0, 0, 0, 0, 0, 2, 0, 0, 0, 0, 0, 0, 0, 1, 1, 0, 1, 1, 0, 2, 0, 0, 0, 1, 0, 0, 0, 0, 1, 0, 0, 0, 0, 2, 0, 0, 0, 0, 0, 0, 0, 0, 0, 0, 2, 2, 0, 2, 1, 2, 1, 4, 3, 6, 5, 3, 3, 2, 2, 4, 1, 63, 0, 1, 0, 0, 1, 0]","[[0 0 0 1]
 [1 1 0 1]]",2.321660481010998,-1,1
326,"[0, 0, 0, 1, 2, 2, 0, 2, 0, 1, 0, 0, 1, 0, 2, 0, 0, 0, 0, 0, 0, 0, 0, 0, 2, 0, 0, 0, 0, 0, 0, 0, 1, 1, 0, 1, 1, 0, 2, 0, 0, 0, 1, 0, 0, 0, 0, 1, 0, 0, 0, 0, 2, 0, 0, 0, 0, 0, 0, 0, 0, 0, 0, 2, 2, 0, 2, 1, 2, 1, 4, 3, 6, 5, 3, 3, 2, 2, 4, 1, 63, 0, 0, 0, 0, 0, 0]",0,-0.0008304037127201286,-1,0
327,"[0, 0, 0, 1, 2, 2, 0, 2, 0, 1, 0, 0, 1, 0, 2, 0, 0, 0, 0, 0, 0, 0, 0, 0, 2, 0, 0, 0, 0, 0, 0, 0, 1, 1, 0, 1, 1, 0, 2, 0, 0, 0, 1, 0, 0, 0, 0, 1, 0, 0, 0, 0, 2, 0, 0, 0, 0, 0, 0, 0, 0, 0, 0, 2, 2, 0, 2, 1, 2, 1, 4, 3, 6, 5, 3, 3, 2, 2, 4, 1, 64, 0, 0, 0, 0, 0, 0]",4,8.968590876507305,-1,1
328,"[0, 0, 0, 1, 2, 2, 0, 2, 0, 1, 0, 0, 1, 0, 2, 0, 0, 0, 0, 0, 0, 0, 0, 0, 2, 0, 0, 0, 0, 0, 0, 0, 1, 1, 0, 1, 1, 0, 2, 0, 0, 0, 1, 0, 0, 0, 0, 1, 0, 0, 0, 0, 2, 0, 0, 0, 0, 0, 0, 0, 0, 0, 0, 2, 2, 0, 2, 1, 2, 1, 4, 3, 6, 5, 3, 3, 2, 2, 4, 1, 64, 0, 0, 0, 0, 0, 0]",1,0.8087599683956344,-1,0
329,"[0, 0, 0, 1, 2, 2, 0, 2, 0, 1, 0, 0, 1, 0, 2, 0, 0, 0, 0, 0, 0, 0, 0, 0, 2, 0, 0, 0, 0, 0, 0, 0, 1, 1, 0, 1, 1, 0, 2, 0, 0, 0, 1, 0, 0, 0, 0, 1, 0, 0, 0, 0, 2, 0, 0, 0, 0, 0, 0, 0, 0, 0, 0, 2, 2, 0, 2, 1, 2, 1, 4, 3, 6, 5, 3, 3, 2, 2, 4, 1, 64, 0, 0, 0, 0, 0, 0]",-1,-0.026364621202152428,-1,0
330,"[0, 0, 0, 1, 2, 2, 0, 2, 0, 1, 0, 0, 1, 0, 2, 0, 0, 0, 0, 0, 0, 0, 0, 0, 2, 0, 0, 0, 0, 0, 0, 0, 1, 1, 0, 1, 1, 0, 2, 0, 0, 0, 1, 0, 0, 0, 0, 1, 0, 0, 0, 0, 2, 0, 0, 0, 0, 0, 0, 0, 0, 0, 0, 2, 2, 0, 2, 1, 2, 1, 4, 3, 6, 5, 3, 3, 2, 2, 4, 1, 64, 0, 1, 0, 0, 0, 0]",2,0.5991358532960176,-1,1
331,"[0, 0, 0, 1, 2, 2, 0, 2, 0, 1, 0, 0, 1, 0, 2, 0, 0, 0, 0, 0, 0, 0, 0, 0, 2, 0, 0, 0, 0, 0, 0, 0, 1, 1, 0, 1, 1, 0, 2, 0, 0, 0, 1, 0, 0, 0, 0, 1, 0, 0, 0, 0, 2, 0, 0, 0, 0, 0, 0, 0, 0, 0, 0, 2, 2, 0, 2, 1, 2, 1, 4, 3, 6, 5, 3, 3, 2, 2, 4, 1, 64, 0, 0, 0, 0, 0, 0]",-1,-0.026364621202152428,-1,1
332,"[0, 0, 0, 1, 1, 1, 0, 1, 0, 1, 0, 0, 1, 0, 2, 0, 0, 0, 0, 0, 0, 0, 0, 0, 2, 0, 0, 0, 0, 0, 0, 0, 1, 1, 0, 1, 1, 0, 2, 0, 0, 0, 1, 0, 0, 0, 0, 1, 0, 0, 0, 0, 2, 0, 0, 0, 0, 0, 0, 0, 0, 0, 0, 2, 2, 0, 2, 1, 2, 1, 4, 3, 6, 5, 3, 3, 2, 2, 4, 5, 65, 0, 0, 0, 0, 0, 0]",4,9.185223271782242,-1,1
333,"[0, 0, 0, 1, 1, 1, 0, 1, 0, 1, 0, 0, 1, 0, 2, 0, 0, 0, 0, 0, 0, 0, 0, 0, 2, 0, 0, 0, 0, 0, 0, 0, 1, 1, 0, 1, 1, 0, 2, 0, 0, 0, 1, 0, 0, 0, 0, 1, 0, 0, 0, 0, 2, 0, 0, 0, 0, 0, 0, 0, 0, 0, 0, 2, 2, 0, 2, 1, 2, 1, 4, 3, 6, 5, 3, 3, 2, 2, 4, 5, 65, 1, 0, 0, 0, 0, 0]",3,0.39910074536781176,-1,0
334,"[0, 0, 0, 1, 1, 1, 0, 1, 0, 1, 0, 0, 1, 0, 2, 0, 0, 0, 0, 0, 0, 0, 0, 0, 2, 0, 0, 0, 0, 0, 0, 0, 1, 1, 0, 1, 1, 0, 2, 0, 0, 0, 1, 0, 0, 0, 0, 1, 0, 0, 0, 0, 2, 0, 0, 0, 0, 0, 0, 0, 0, 0, 0, 2, 2, 0, 2, 1, 2, 1, 4, 3, 6, 5, 3, 3, 2, 2, 4, 5, 65, 0, 0, 0, 0, 0, 0]",-1,-0.026102288838050804,-1,0
335,"[1, 0, 0, 1, 1, 2, 0, 1, 0, 1, 0, 0, 1, 0, 2, 0, 0, 0, 0, 0, 0, 0, 0, 0, 2, 0, 0, 0, 0, 0, 0, 0, 1, 1, 0, 1, 1, 0, 2, 0, 0, 0, 1, 0, 0, 0, 0, 1, 0, 0, 0, 0, 2, 0, 0, 0, 0, 0, 0, 0, 0, 0, 0, 2, 2, 0, 2, 1, 2, 1, 4, 3, 6, 5, 3, 3, 2, 2, 4, 5, 66, 0, 0, 0, 0, 0, 0]",4,14.510731966772608,-1,0
336,"[1, 1, 0, 1, 1, 3, 0, 1, 0, 1, 0, 0, 1, 0, 2, 0, 0, 0, 0, 0, 0, 0, 0, 0, 2, 0, 0, 0, 0, 0, 0, 0, 1, 1, 0, 1, 1, 0, 2, 0, 0, 0, 1, 0, 0, 0, 0, 1, 0, 0, 0, 0, 2, 0, 0, 0, 0, 0, 0, 0, 0, 0, 0, 2, 2, 0, 2, 1, 2, 1, 4, 3, 6, 5, 3, 3, 2, 2, 4, 5, 67, 0, 0, 0, 0, 0, 0]",4,8.76366681351585,-1,1
337,"[1, 1, 0, 1, 1, 3, 0, 1, 0, 1, 0, 0, 1, 0, 2, 0, 0, 0, 0, 0, 0, 0, 0, 0, 2, 0, 0, 0, 0, 0, 0, 0, 1, 1, 0, 1, 1, 0, 2, 0, 0, 0, 1, 0, 0, 0, 0, 1, 0, 0, 0, 0, 2, 0, 0, 0, 0, 0, 0, 0, 0, 0, 0, 2, 2, 0, 2, 1, 2, 1, 4, 3, 6, 5, 3, 3, 2, 2, 4, 5, 67, 0, 0, 0, 0, 0, 0]",0,0.4417450861748214,-1,0
338,"[1, 1, 0, 1, 1, 3, 0, 1, 0, 1, 0, 0, 1, 0, 2, 0, 0, 0, 0, 0, 0, 0, 0, 0, 2, 0, 0, 0, 0, 0, 0, 0, 1, 1, 0, 1, 1, 0, 2, 0, 0, 0, 1, 0, 0, 0, 0, 1, 0, 0, 0, 0, 2, 0, 0, 0, 0, 0, 0, 0, 0, 0, 0, 2, 2, 0, 2, 1, 2, 1, 4, 3, 6, 5, 3, 3, 2, 2, 4, 5, 67, 0, 0, 0, 0, 0, 0]",-1,-0.025585428889327123,-1,0
339,"[1, 1, 0, 1, 1, 3, 0, 1, 0, 1, 0, 0, 1, 0, 2, 0, 0, 0, 0, 0, 0, 0, 0, 0, 2, 0, 0, 0, 0, 0, 0, 0, 1, 1, 0, 1, 1, 0, 2, 0, 0, 0, 1, 0, 0, 0, 0, 1, 0, 0, 0, 0, 2, 0, 0, 0, 0, 0, 0, 0, 0, 0, 0, 2, 2, 0, 2, 1, 2, 1, 4, 3, 6, 5, 3, 3, 2, 2, 4, 5, 67, 0, 0, 0, 0, 0, 0]",0,0.4417450861748214,-1,0
340,"[1, 1, 0, 1, 1, 3, 0, 1, 0, 1, 0, 0, 1, 0, 2, 0, 0, 0, 0, 0, 0, 0, 0, 0, 2, 0, 0, 0, 0, 0, 0, 0, 1, 1, 0, 1, 1, 0, 2, 0, 0, 0, 1, 0, 0, 0, 0, 1, 0, 0, 0, 0, 2, 0, 0, 0, 0, 0, 0, 0, 0, 0, 0, 2, 2, 0, 2, 1, 2, 1, 4, 3, 6, 5, 3, 3, 2, 2, 4, 5, 67, 0, 0, 0, 0, 0, 0]",-1,-0.025585428889327123,-1,0
341,"[1, 1, 0, 1, 1, 3, 0, 1, 0, 1, 0, 0, 1, 0, 2, 0, 0, 0, 0, 0, 0, 0, 0, 0, 2, 0, 0, 0, 0, 0, 0, 0, 1, 1, 0, 1, 1, 0, 2, 0, 0, 0, 1, 0, 0, 0, 0, 1, 0, 0, 0, 0, 2, 0, 0, 0, 0, 0, 0, 0, 0, 0, 0, 2, 2, 0, 2, 1, 2, 1, 4, 3, 6, 5, 3, 3, 2, 2, 4, 5, 67, 0, 0, 0, 0, 0, 0]",0,0.4417450861748214,-1,0
342,"[1, 1, 0, 1, 1, 3, 0, 1, 0, 1, 0, 0, 1, 0, 2, 0, 0, 0, 0, 0, 0, 0, 0, 0, 2, 0, 0, 0, 0, 0, 0, 0, 1, 1, 0, 1, 1, 0, 2, 0, 0, 0, 1, 0, 0, 0, 0, 1, 0, 0, 0, 0, 2, 0, 0, 0, 0, 0, 0, 0, 0, 0, 0, 2, 2, 0, 2, 1, 2, 1, 4, 3, 6, 5, 3, 3, 2, 2, 4, 5, 67, 0, 0, 0, 0, 0, 0]",-1,-0.025585428889327123,-1,0
343,"[1, 1, 0, 1, 1, 3, 0, 1, 0, 1, 0, 0, 1, 0, 2, 0, 0, 0, 0, 0, 0, 0, 0, 0, 2, 0, 0, 0, 0, 0, 0, 0, 1, 1, 0, 1, 1, 0, 2, 0, 0, 0, 1, 0, 0, 0, 0, 1, 0, 0, 0, 0, 2, 0, 0, 0, 0, 0, 0, 0, 0, 0, 0, 2, 2, 0, 2, 1, 2, 1, 4, 3, 6, 5, 3, 3, 2, 2, 4, 5, 67, 0, 0, 0, 0, 0, 0]",0,0.4417450861748214,-1,0
344,"[1, 1, 0, 1, 1, 3, 0, 1, 0, 1, 0, 0, 1, 0, 2, 0, 0, 0, 0, 0, 0, 0, 0, 0, 2, 0, 0, 0, 0, 0, 0, 0, 1, 1, 0, 1, 1, 0, 2, 0, 0, 0, 1, 0, 0, 0, 0, 1, 0, 0, 0, 0, 2, 0, 0, 0, 0, 0, 0, 0, 0, 0, 0, 2, 2, 0, 2, 1, 2, 1, 4, 3, 6, 5, 3, 3, 2, 2, 4, 5, 67, 0, 0, 0, 0, 0, 0]",-1,-0.025585428889327123,-1,0
345,"[1, 1, 0, 1, 1, 3, 0, 1, 0, 1, 0, 0, 1, 0, 2, 0, 0, 0, 0, 0, 0, 0, 0, 0, 2, 0, 0, 0, 0, 0, 0, 0, 1, 1, 0, 1, 1, 0, 2, 0, 0, 0, 1, 0, 0, 0, 0, 1, 0, 0, 0, 0, 2, 0, 0, 0, 0, 0, 0, 0, 0, 0, 0, 2, 2, 0, 2, 1, 2, 1, 4, 3, 6, 5, 3, 3, 2, 2, 4, 5, 67, 0, 0, 0, 0, 0, 0]",0,0.4417450861748214,-1,0
346,"[1, 1, 0, 1, 1, 3, 0, 1, 0, 1, 0, 0, 1, 0, 2, 0, 0, 0, 0, 0, 0, 0, 0, 0, 2, 0, 0, 0, 0, 0, 0, 0, 1, 1, 0, 1, 1, 0, 2, 0, 0, 0, 1, 0, 0, 0, 0, 1, 0, 0, 0, 0, 2, 0, 0, 0, 0, 0, 0, 0, 0, 0, 0, 2, 2, 0, 2, 1, 2, 1, 4, 3, 6, 5, 3, 3, 2, 2, 4, 5, 67, 0, 0, 0, 0, 0, 0]",-1,-0.025585428889327123,-1,0
347,"[1, 1, 0, 1, 1, 3, 0, 1, 0, 1, 0, 0, 1, 0, 2, 0, 0, 0, 0, 0, 0, 0, 0, 0, 2, 0, 0, 0, 0, 0, 0, 0, 1, 1, 0, 1, 1, 0, 2, 0, 0, 0, 1, 0, 0, 0, 0, 1, 0, 0, 0, 0, 2, 0, 0, 0, 0, 0, 0, 0, 0, 0, 0, 2, 2, 0, 2, 1, 2, 1, 4, 3, 6, 5, 3, 3, 2, 2, 4, 5, 67, 0, 0, 0, 0, 0, 0]",0,0.4417450861748214,-1,0
348,"[1, 1, 0, 1, 1, 3, 0, 1, 0, 1, 0, 0, 1, 0, 2, 0, 0, 0, 0, 0, 0, 0, 0, 0, 2, 0, 0, 0, 0, 0, 0, 0, 1, 1, 0, 1, 1, 0, 2, 0, 0, 0, 1, 0, 0, 0, 0, 1, 0, 0, 0, 0, 2, 0, 0, 0, 0, 0, 0, 0, 0, 0, 0, 2, 2, 0, 2, 1, 2, 1, 4, 3, 6, 5, 3, 3, 2, 2, 4, 5, 67, 0, 0, 0, 0, 0, 0]",-1,-0.025585428889327123,-1,0
349,"[1, 1, 0, 1, 1, 3, 0, 1, 0, 1, 0, 0, 1, 0, 2, 0, 0, 0, 0, 0, 0, 0, 0, 0, 2, 0, 0, 0, 0, 0, 0, 0, 1, 1, 0, 1, 1, 0, 2, 0, 0, 0, 1, 0, 0, 0, 0, 1, 0, 0, 0, 0, 2, 0, 0, 0, 0, 0, 0, 0, 0, 0, 0, 2, 2, 0, 2, 1, 2, 1, 4, 3, 6, 5, 3, 3, 2, 2, 4, 5, 67, 0, 0, 0, 0, 0, 0]",0,0.4417450861748214,-1,0
350,"[1, 1, 0, 1, 1, 3, 0, 1, 0, 1, 0, 0, 1, 0, 2, 0, 0, 0, 0, 0, 0, 0, 0, 0, 2, 0, 0, 0, 0, 0, 0, 0, 1, 1, 0, 1, 1, 0, 2, 0, 0, 0, 1, 0, 0, 0, 0, 1, 0, 0, 0, 0, 2, 0, 0, 0, 0, 0, 0, 0, 0, 0, 0, 2, 2, 0, 2, 1, 2, 1, 4, 3, 6, 5, 3, 3, 2, 2, 4, 5, 67, 0, 0, 0, 0, 0, 0]",-1,-0.025585428889327123,-1,0
351,"[1, 1, 0, 1, 1, 3, 0, 1, 0, 1, 0, 0, 1, 0, 2, 0, 0, 0, 0, 0, 0, 0, 0, 0, 2, 0, 0, 0, 0, 0, 0, 0, 1, 1, 0, 1, 1, 0, 2, 0, 0, 0, 1, 0, 0, 0, 0, 1, 0, 0, 0, 0, 2, 0, 0, 0, 0, 0, 0, 0, 0, 0, 0, 2, 2, 0, 2, 1, 2, 1, 4, 3, 6, 5, 3, 3, 2, 2, 4, 5, 67, 0, 0, 0, 0, 0, 0]",0,0.4417450861748214,-1,0
352,"[1, 1, 0, 1, 1, 3, 0, 1, 0, 1, 0, 0, 1, 0, 2, 0, 0, 0, 0, 0, 0, 0, 0, 0, 2, 0, 0, 0, 0, 0, 0, 0, 1, 1, 0, 1, 1, 0, 2, 0, 0, 0, 1, 0, 0, 0, 0, 1, 0, 0, 0, 0, 2, 0, 0, 0, 0, 0, 0, 0, 0, 0, 0, 2, 2, 0, 2, 1, 2, 1, 4, 3, 6, 5, 3, 3, 2, 2, 4, 5, 67, 0, 0, 0, 0, 0, 0]",-1,-0.025585428889327123,-1,0
353,"[1, 1, 0, 1, 1, 3, 0, 1, 0, 1, 0, 0, 1, 0, 2, 0, 0, 0, 0, 0, 0, 0, 0, 0, 2, 0, 0, 0, 0, 0, 0, 0, 1, 1, 0, 1, 1, 0, 2, 0, 0, 0, 1, 0, 0, 0, 0, 1, 0, 0, 0, 0, 2, 0, 0, 0, 0, 0, 0, 0, 0, 0, 0, 2, 2, 0, 2, 1, 2, 1, 4, 3, 6, 5, 3, 3, 2, 2, 4, 5, 67, 0, 1, 0, 0, 0, 0]",2,0.5990262137512482,-1,0
354,"[1, 1, 0, 1, 1, 3, 0, 1, 0, 1, 0, 0, 1, 0, 2, 0, 0, 0, 0, 0, 0, 0, 0, 0, 2, 0, 0, 0, 0, 0, 0, 0, 1, 1, 0, 1, 1, 0, 2, 0, 0, 0, 1, 0, 0, 0, 0, 1, 0, 0, 0, 0, 2, 0, 0, 0, 0, 0, 0, 0, 0, 0, 0, 2, 2, 0, 2, 1, 2, 1, 4, 3, 6, 5, 3, 3, 2, 2, 4, 5, 67, 0, 0, 0, 0, 0, 0]",-1,-0.025585428889327123,-1,0
355,"[1, 1, 0, 1, 1, 3, 0, 1, 0, 1, 0, 0, 1, 0, 2, 0, 0, 0, 0, 0, 0, 0, 0, 0, 2, 0, 0, 0, 0, 0, 0, 0, 1, 1, 0, 1, 1, 0, 2, 0, 0, 0, 1, 0, 0, 0, 0, 1, 0, 0, 0, 0, 2, 0, 0, 0, 0, 0, 0, 0, 0, 0, 0, 2, 2, 0, 2, 1, 2, 1, 4, 3, 6, 5, 3, 3, 2, 2, 4, 5, 67, 1, 0, 0, 0, 0, 0]",3,0.3990262137512483,-1,0
356,"[1, 1, 0, 1, 1, 3, 0, 1, 0, 1, 0, 0, 1, 0, 2, 0, 0, 0, 0, 0, 0, 0, 0, 0, 2, 0, 0, 0, 0, 0, 0, 0, 1, 1, 0, 1, 1, 0, 2, 0, 0, 0, 1, 0, 0, 0, 0, 1, 0, 0, 0, 0, 2, 0, 0, 0, 0, 0, 0, 0, 0, 0, 0, 2, 2, 0, 2, 1, 2, 1, 4, 3, 6, 5, 3, 3, 2, 2, 4, 5, 67, 0, 0, 0, 0, 0, 0]",-1,-0.025585428889327123,-1,0
357,"[1, 1, 0, 1, 1, 3, 0, 1, 0, 1, 0, 0, 1, 0, 2, 0, 0, 0, 0, 0, 0, 0, 0, 0, 2, 0, 0, 0, 0, 0, 0, 0, 1, 1, 0, 1, 1, 0, 2, 0, 0, 0, 1, 0, 0, 0, 0, 1, 0, 0, 0, 0, 2, 0, 0, 0, 0, 0, 0, 0, 0, 0, 0, 2, 2, 0, 2, 1, 2, 1, 4, 3, 6, 5, 3, 3, 2, 2, 4, 5, 67, 1, 0, 0, 0, 0, 0]",3,0.3990262137512483,-1,0
358,"[1, 1, 0, 1, 1, 3, 0, 1, 0, 1, 0, 0, 1, 0, 2, 0, 0, 0, 0, 0, 0, 0, 0, 0, 2, 0, 0, 0, 0, 0, 0, 0, 1, 1, 0, 1, 1, 0, 2, 0, 0, 0, 1, 0, 0, 0, 0, 1, 0, 0, 0, 0, 2, 0, 0, 0, 0, 0, 0, 0, 0, 0, 0, 2, 2, 0, 2, 1, 2, 1, 4, 3, 6, 5, 3, 3, 2, 2, 4, 5, 67, 0, 0, 0, 0, 0, 0]",-1,-0.025585428889327123,-1,0
359,"[1, 1, 0, 1, 1, 3, 0, 1, 0, 1, 0, 0, 1, 0, 2, 0, 0, 0, 0, 0, 0, 0, 0, 0, 2, 0, 0, 0, 0, 0, 0, 0, 1, 1, 0, 1, 1, 0, 2, 0, 0, 0, 1, 0, 0, 0, 0, 1, 0, 0, 0, 0, 2, 0, 0, 0, 0, 0, 0, 0, 0, 0, 0, 2, 2, 0, 2, 1, 2, 1, 4, 3, 6, 5, 3, 3, 2, 2, 4, 5, 67, 1, 0, 0, 0, 0, 0]",3,0.3990262137512483,-1,0
360,"[1, 1, 0, 1, 1, 3, 0, 1, 0, 1, 0, 0, 1, 0, 2, 0, 0, 0, 0, 0, 0, 0, 0, 0, 2, 0, 0, 0, 0, 0, 0, 0, 1, 1, 0, 1, 1, 0, 2, 0, 0, 0, 1, 0, 0, 0, 0, 1, 0, 0, 0, 0, 2, 0, 0, 0, 0, 0, 0, 0, 0, 0, 0, 2, 2, 0, 2, 1, 2, 1, 4, 3, 6, 5, 3, 3, 2, 2, 4, 5, 67, 0, 0, 0, 0, 0, 0]",-1,-0.025585428889327123,-1,0
361,"[1, 1, 0, 1, 1, 3, 0, 1, 0, 1, 0, 0, 1, 0, 2, 0, 0, 0, 0, 0, 0, 0, 0, 0, 2, 0, 0, 0, 0, 0, 0, 0, 1, 1, 0, 1, 1, 0, 2, 0, 0, 0, 1, 0, 0, 0, 0, 1, 0, 0, 0, 0, 2, 0, 0, 0, 0, 0, 0, 0, 0, 0, 0, 2, 2, 0, 2, 1, 2, 1, 4, 3, 6, 5, 3, 3, 2, 2, 4, 5, 67, 0, 0, 0, 0, 0, 0]",1,0.808650328850865,-1,0
362,"[1, 1, 0, 1, 1, 3, 0, 1, 0, 1, 0, 0, 1, 0, 2, 0, 0, 0, 0, 0, 0, 0, 0, 0, 2, 0, 0, 0, 0, 0, 0, 0, 1, 1, 0, 1, 1, 0, 2, 0, 0, 0, 1, 0, 0, 0, 0, 1, 0, 0, 0, 0, 2, 0, 0, 0, 0, 0, 0, 0, 0, 0, 0, 2, 2, 0, 2, 1, 2, 1, 4, 3, 6, 5, 3, 3, 2, 2, 4, 5, 67, 0, 0, 0, 0, 0, 0]",-1,-0.025585428889327123,-1,0
363,"[1, 1, 0, 1, 1, 3, 0, 1, 0, 1, 0, 0, 1, 0, 2, 0, 0, 0, 0, 0, 0, 0, 0, 0, 2, 0, 0, 0, 0, 0, 0, 0, 1, 1, 0, 1, 1, 0, 2, 0, 0, 0, 1, 0, 0, 0, 0, 1, 0, 0, 0, 0, 2, 0, 0, 0, 0, 0, 0, 0, 0, 0, 0, 2, 2, 0, 2, 1, 2, 1, 4, 3, 6, 5, 3, 3, 2, 2, 4, 5, 67, 0, 0, 0, 0, 0, 0]",1,0.808650328850865,-1,0
364,"[1, 1, 0, 1, 1, 3, 0, 1, 0, 1, 0, 0, 1, 0, 2, 0, 0, 0, 0, 0, 0, 0, 0, 0, 2, 0, 0, 0, 0, 0, 0, 0, 1, 1, 0, 1, 1, 0, 2, 0, 0, 0, 1, 0, 0, 0, 0, 1, 0, 0, 0, 0, 2, 0, 0, 0, 0, 0, 0, 0, 0, 0, 0, 2, 2, 0, 2, 1, 2, 1, 4, 3, 6, 5, 3, 3, 2, 2, 4, 5, 67, 0, 0, 0, 0, 0, 0]",-1,-0.025585428889327123,-1,0
365,"[1, 1, 0, 1, 1, 3, 0, 1, 0, 1, 0, 0, 1, 0, 2, 0, 0, 0, 0, 0, 0, 0, 0, 0, 2, 0, 0, 0, 0, 0, 0, 0, 1, 1, 0, 1, 1, 0, 2, 0, 0, 0, 1, 0, 0, 0, 0, 1, 0, 0, 0, 0, 2, 0, 0, 0, 0, 0, 0, 0, 0, 0, 0, 2, 2, 0, 2, 1, 2, 1, 4, 3, 6, 5, 3, 3, 2, 2, 4, 5, 67, 1, 0, 0, 0, 0, 0]",3,0.3990262137512483,-1,0
366,"[1, 1, 0, 1, 1, 3, 0, 1, 0, 1, 0, 0, 1, 0, 2, 0, 0, 0, 0, 0, 0, 0, 0, 0, 2, 0, 0, 0, 0, 0, 0, 0, 1, 1, 0, 1, 1, 0, 2, 0, 0, 0, 1, 0, 0, 0, 0, 1, 0, 0, 0, 0, 2, 0, 0, 0, 0, 0, 0, 0, 0, 0, 0, 2, 2, 0, 2, 1, 2, 1, 4, 3, 6, 5, 3, 3, 2, 2, 4, 5, 67, 0, 0, 0, 0, 0, 0]",-1,-0.025585428889327123,-1,0
367,"[1, 1, 0, 1, 1, 1, 0, 1, 0, 1, 0, 0, 1, 0, 2, 0, 0, 0, 0, 0, 0, 0, 0, 0, 2, 0, 0, 0, 0, 0, 0, 0, 1, 1, 0, 1, 1, 0, 2, 0, 0, 0, 1, 0, 0, 0, 0, 1, 0, 0, 0, 0, 2, 0, 0, 0, 0, 0, 0, 0, 0, 0, 0, 2, 2, 0, 2, 1, 2, 1, 4, 3, 6, 5, 3, 3, 2, 2, 4, 1, 68, 0, 0, 0, 0, 0, 0]",4,14.783550815922085,-1,0
368,"[1, 1, 0, 1, 1, 1, 0, 2, 0, 1, 0, 0, 1, 0, 2, 0, 0, 0, 0, 0, 0, 0, 0, 0, 2, 0, 0, 0, 0, 0, 0, 0, 1, 1, 0, 1, 1, 0, 2, 0, 0, 0, 1, 0, 0, 0, 0, 1, 0, 0, 0, 0, 2, 0, 0, 0, 0, 0, 0, 0, 0, 0, 0, 2, 2, 0, 2, 1, 2, 1, 4, 3, 6, 5, 3, 3, 2, 2, 4, 1, 69, 0, 0, 0, 0, 0, 0]",4,9.023375800165011,-1,1
369,"[1, 1, 0, 1, 1, 1, 0, 2, 0, 1, 0, 0, 1, 0, 2, 0, 0, 0, 0, 0, 0, 0, 0, 0, 2, 0, 0, 0, 0, 0, 0, 0, 1, 1, 0, 1, 1, 0, 2, 0, 0, 0, 1, 0, 0, 0, 0, 1, 0, 0, 0, 0, 2, 0, 0, 0, 0, 0, 0, 0, 0, 0, 0, 2, 2, 0, 2, 1, 2, 1, 4, 3, 6, 5, 3, 3, 2, 2, 4, 1, 69, 1, 0, 0, 0, 0, 0]",3,0.39894553755461026,-1,0
370,"[1, 1, 0, 1, 1, 1, 0, 2, 0, 1, 0, 0, 1, 0, 2, 0, 0, 0, 0, 0, 0, 0, 0, 0, 2, 0, 0, 0, 0, 0, 0, 0, 1, 1, 0, 1, 1, 0, 2, 0, 0, 0, 1, 0, 0, 0, 0, 1, 0, 0, 0, 0, 2, 0, 0, 0, 0, 0, 0, 0, 0, 0, 0, 2, 2, 0, 2, 1, 2, 1, 4, 3, 6, 5, 3, 3, 2, 2, 4, 1, 69, 0, 0, 0, 0, 0, 0]",-1,-0.025078803453302774,-1,0
371,"[1, 1, 0, 1, 1, 1, 0, 2, 0, 1, 0, 0, 1, 0, 2, 0, 0, 0, 0, 0, 0, 0, 0, 0, 2, 0, 0, 0, 0, 0, 0, 0, 1, 1, 0, 1, 1, 0, 2, 0, 0, 0, 1, 0, 0, 0, 0, 1, 0, 0, 0, 0, 2, 0, 0, 0, 0, 0, 0, 0, 0, 0, 0, 2, 2, 0, 2, 1, 2, 1, 4, 3, 6, 5, 3, 3, 2, 2, 4, 1, 69, 1, 0, 0, 0, 0, 0]",3,0.39894553755461026,-1,0
372,"[1, 1, 0, 1, 1, 1, 0, 2, 0, 1, 0, 0, 1, 0, 2, 0, 0, 0, 0, 0, 0, 0, 0, 0, 2, 0, 0, 0, 0, 0, 0, 0, 1, 1, 0, 1, 1, 0, 2, 0, 0, 0, 1, 0, 0, 0, 0, 1, 0, 0, 0, 0, 2, 0, 0, 0, 0, 0, 0, 0, 0, 0, 0, 2, 2, 0, 2, 1, 2, 1, 4, 3, 6, 5, 3, 3, 2, 2, 4, 1, 69, 0, 0, 0, 0, 0, 0]",-1,-0.025078803453302774,-1,0
373,"[1, 1, 0, 1, 1, 1, 0, 2, 0, 1, 0, 0, 1, 0, 2, 0, 0, 0, 0, 0, 0, 0, 0, 0, 2, 0, 0, 0, 0, 0, 0, 0, 1, 1, 0, 1, 1, 0, 2, 0, 0, 0, 1, 0, 0, 0, 0, 1, 0, 0, 0, 0, 2, 0, 0, 0, 0, 0, 0, 0, 0, 0, 0, 2, 2, 0, 2, 1, 2, 1, 4, 3, 6, 5, 3, 3, 2, 2, 4, 1, 70, 0, 0, 0, 0, 0, 0]",4,14.78245363113684,-1,0
374,"[1, 1, 0, 1, 1, 1, 0, 2, 0, 1, 0, 0, 1, 0, 2, 0, 0, 0, 0, 0, 0, 0, 0, 0, 2, 0, 0, 0, 0, 0, 0, 0, 1, 1, 0, 1, 1, 0, 2, 0, 0, 0, 1, 0, 0, 0, 0, 1, 0, 0, 0, 0, 2, 0, 0, 0, 0, 0, 0, 0, 0, 0, 0, 2, 2, 0, 2, 1, 2, 1, 4, 3, 6, 5, 3, 3, 2, 2, 4, 1, 70, 0, 1, 0, 0, 0, 0]",2,0.5989027402201099,-1,1
375,"[1, 1, 0, 1, 1, 1, 0, 2, 0, 1, 0, 0, 1, 0, 2, 0, 0, 0, 0, 0, 0, 0, 0, 0, 2, 0, 0, 0, 0, 0, 0, 0, 1, 1, 0, 1, 1, 0, 2, 0, 0, 0, 1, 0, 0, 0, 0, 1, 0, 0, 0, 0, 2, 0, 0, 0, 0, 0, 0, 0, 0, 0, 0, 2, 2, 0, 2, 1, 2, 1, 4, 3, 6, 5, 3, 3, 2, 2, 4, 1, 70, 0, 1, 0, 0, 1, 0]","[[0 0 0 1]
 [1 1 0 1]]",2.3213936249438283,-1,1
376,"[0, 0, 0, 1, 2, 2, 0, 2, 0, 1, 0, 0, 1, 0, 2, 0, 0, 0, 0, 0, 0, 0, 0, 0, 2, 0, 0, 0, 0, 0, 0, 0, 1, 1, 0, 1, 1, 0, 2, 0, 0, 0, 1, 0, 0, 0, 0, 1, 0, 0, 0, 0, 2, 0, 0, 0, 0, 0, 0, 0, 0, 0, 0, 2, 2, 0, 2, 1, 2, 1, 4, 3, 6, 5, 3, 3, 2, 2, 4, 1, 70, 0, 0, 0, 0, 0, 0]",0,-0.0010972597798900809,-1,0
377,"[0, 0, 0, 1, 2, 2, 0, 2, 0, 1, 0, 0, 1, 0, 2, 0, 0, 0, 0, 0, 0, 0, 0, 0, 2, 0, 0, 0, 0, 0, 0, 0, 1, 1, 0, 1, 1, 0, 2, 0, 0, 0, 1, 0, 0, 0, 0, 1, 0, 0, 0, 0, 2, 0, 0, 0, 0, 0, 0, 0, 0, 0, 0, 2, 2, 0, 2, 1, 2, 1, 4, 3, 6, 5, 3, 3, 2, 2, 4, 1, 70, 0, 0, 0, 0, 0, 0]",-1,-0.024829265189570474,-1,1
378,"[1, 0, 0, 1, 2, 3, 0, 2, 0, 1, 0, 0, 1, 0, 2, 0, 0, 0, 0, 0, 0, 0, 0, 0, 2, 0, 0, 0, 0, 0, 0, 0, 1, 1, 0, 1, 1, 0, 2, 0, 0, 0, 1, 0, 0, 0, 0, 1, 0, 0, 0, 0, 2, 0, 0, 0, 0, 0, 0, 0, 0, 0, 0, 2, 2, 0, 2, 1, 2, 1, 4, 3, 6, 5, 3, 3, 2, 2, 4, 1, 71, 0, 0, 0, 0, 0, 0]",4,8.892370078711561,-1,1
379,"[1, 0, 0, 1, 4, 3, 0, 2, 0, 1, 0, 0, 1, 0, 2, 0, 0, 0, 0, 0, 0, 0, 0, 0, 2, 0, 0, 0, 0, 0, 0, 0, 1, 1, 0, 1, 1, 0, 2, 0, 0, 0, 1, 0, 0, 0, 0, 1, 0, 0, 0, 0, 2, 0, 0, 0, 0, 0, 0, 0, 0, 0, 0, 2, 2, 0, 2, 1, 2, 1, 4, 3, 6, 5, 3, 3, 2, 2, 4, 1, 72, 0, 0, 0, 0, 0, 0]",4,14.507439486600205,-1,0
380,"[1, 0, 0, 1, 4, 3, 0, 2, 0, 1, 0, 0, 1, 0, 2, 0, 0, 0, 0, 0, 0, 0, 0, 0, 2, 0, 0, 0, 0, 0, 0, 0, 1, 1, 0, 1, 1, 0, 2, 0, 0, 0, 1, 0, 0, 0, 0, 1, 0, 0, 0, 0, 2, 0, 0, 0, 0, 0, 0, 0, 0, 0, 0, 2, 2, 0, 2, 1, 2, 1, 4, 3, 6, 5, 3, 3, 2, 2, 4, 1, 72, 0, 0, 0, 0, 0, 0]",0,0.6249109292602729,-1,1
381,"[1, 0, 0, 1, 4, 3, 0, 2, 0, 1, 0, 0, 1, 0, 2, 0, 0, 0, 0, 0, 0, 0, 0, 0, 2, 0, 0, 0, 0, 0, 0, 0, 1, 1, 0, 1, 1, 0, 2, 0, 0, 0, 1, 0, 0, 0, 0, 1, 0, 0, 0, 0, 2, 0, 0, 0, 0, 0, 0, 0, 0, 0, 0, 2, 2, 0, 2, 1, 2, 1, 4, 3, 6, 5, 3, 3, 2, 2, 4, 1, 72, 0, 0, 0, 0, 0, 0]",-1,-0.024337612797998585,-1,1
382,"[1, 0, 0, 1, 2, 1, 0, 1, 0, 1, 0, 0, 1, 0, 2, 0, 0, 0, 0, 0, 0, 0, 0, 0, 2, 0, 0, 0, 0, 0, 0, 0, 1, 1, 0, 1, 1, 0, 2, 0, 0, 0, 1, 0, 0, 0, 0, 1, 0, 0, 0, 0, 2, 0, 0, 0, 0, 0, 0, 0, 0, 0, 0, 2, 2, 0, 2, 1, 2, 1, 4, 3, 6, 5, 3, 3, 2, 2, 4, 5, 73, 0, 0, 0, 0, 0, 0]",4,9.021207496791517,-1,1
383,"[1, 0, 0, 1, 2, 1, 0, 1, 0, 1, 0, 0, 1, 0, 2, 0, 0, 0, 0, 0, 0, 0, 0, 0, 2, 0, 0, 0, 0, 0, 0, 0, 1, 1, 0, 1, 1, 0, 2, 0, 0, 0, 1, 0, 0, 0, 0, 1, 0, 0, 0, 0, 2, 0, 0, 0, 0, 0, 0, 0, 0, 0, 0, 2, 2, 0, 2, 1, 2, 1, 4, 3, 6, 5, 3, 3, 2, 2, 4, 5, 73, 0, 1, 0, 0, 0, 0]",2,0.5987637078216778,-1,0
384,"[1, 0, 0, 1, 2, 1, 0, 1, 0, 1, 0, 0, 1, 0, 2, 0, 0, 0, 0, 0, 0, 0, 0, 0, 2, 0, 0, 0, 0, 0, 0, 0, 1, 1, 0, 1, 1, 0, 2, 0, 0, 0, 1, 0, 0, 0, 0, 1, 0, 0, 0, 0, 2, 0, 0, 0, 0, 0, 0, 0, 0, 0, 0, 2, 2, 0, 2, 1, 2, 1, 4, 3, 6, 5, 3, 3, 2, 2, 4, 5, 73, 0, 1, 0, 0, 1, 0]","[[0 0 0 1]
 [0 1 0 0]]",0.8491885728797687,-1,0
385,"[1, 1, 0, 0, 2, 0, 0, 2, 0, 1, 0, 0, 1, 0, 2, 0, 0, 0, 0, 0, 0, 0, 0, 0, 2, 0, 0, 0, 0, 0, 0, 0, 1, 1, 0, 1, 1, 0, 2, 0, 0, 0, 1, 0, 0, 0, 0, 1, 0, 0, 0, 0, 2, 0, 0, 0, 0, 0, 0, 0, 0, 0, 0, 2, 2, 0, 2, 1, 2, 1, 4, 3, 6, 5, 3, 3, 2, 2, 4, 5, 73, 0, 0, 0, 0, 0, 0]",0,-0.0012362921783222289,-1,1
386,"[1, 1, 0, 0, 2, 0, 0, 2, 0, 1, 0, 0, 1, 0, 2, 0, 0, 0, 0, 0, 0, 0, 0, 0, 2, 0, 0, 0, 0, 0, 0, 0, 1, 1, 0, 1, 1, 0, 2, 0, 0, 0, 1, 0, 0, 0, 0, 1, 0, 0, 0, 0, 2, 0, 0, 0, 0, 0, 0, 0, 0, 0, 0, 2, 2, 0, 2, 1, 2, 1, 4, 3, 6, 5, 3, 3, 2, 2, 4, 5, 73, 0, 0, 0, 0, 0, 0]",0,0.4414825802452509,-1,0
387,"[1, 1, 0, 0, 2, 0, 0, 2, 0, 1, 0, 0, 1, 0, 2, 0, 0, 0, 0, 0, 0, 0, 0, 0, 2, 0, 0, 0, 0, 0, 0, 0, 1, 1, 0, 1, 1, 0, 2, 0, 0, 0, 1, 0, 0, 0, 0, 1, 0, 0, 0, 0, 2, 0, 0, 0, 0, 0, 0, 0, 0, 0, 0, 2, 2, 0, 2, 1, 2, 1, 4, 3, 6, 5, 3, 3, 2, 2, 4, 5, 73, 0, 0, 0, 0, 0, 0]",-1,-0.024095449504510123,-1,0
388,"[1, 1, 0, 0, 2, 0, 0, 2, 0, 1, 0, 0, 1, 0, 2, 0, 0, 0, 0, 0, 0, 0, 0, 0, 2, 0, 0, 0, 0, 0, 0, 0, 1, 1, 0, 1, 1, 0, 2, 0, 0, 0, 1, 0, 0, 0, 0, 1, 0, 0, 0, 0, 2, 0, 0, 0, 0, 0, 0, 0, 0, 0, 0, 2, 2, 0, 2, 1, 2, 1, 4, 3, 6, 5, 3, 3, 2, 2, 4, 5, 73, 0, 0, 0, 0, 0, 0]",0,0.4414825802452509,-1,0
389,"[1, 1, 0, 0, 2, 0, 0, 2, 0, 1, 0, 0, 1, 0, 2, 0, 0, 0, 0, 0, 0, 0, 0, 0, 2, 0, 0, 0, 0, 0, 0, 0, 1, 1, 0, 1, 1, 0, 2, 0, 0, 0, 1, 0, 0, 0, 0, 1, 0, 0, 0, 0, 2, 0, 0, 0, 0, 0, 0, 0, 0, 0, 0, 2, 2, 0, 2, 1, 2, 1, 4, 3, 6, 5, 3, 3, 2, 2, 4, 5, 73, 0, 0, 0, 0, 0, 0]",-1,-0.024095449504510123,-1,0
390,"[1, 1, 0, 0, 2, 0, 0, 2, 0, 1, 0, 0, 1, 0, 2, 0, 0, 0, 0, 0, 0, 0, 0, 0, 2, 0, 0, 0, 0, 0, 0, 0, 1, 1, 0, 1, 1, 0, 2, 0, 0, 0, 1, 0, 0, 0, 0, 1, 0, 0, 0, 0, 2, 0, 0, 0, 0, 0, 0, 0, 0, 0, 0, 2, 2, 0, 2, 1, 2, 1, 4, 3, 6, 5, 3, 3, 2, 2, 4, 5, 73, 0, 0, 0, 0, 0, 0]",0,0.4414825802452509,-1,0
391,"[1, 1, 0, 0, 2, 0, 0, 2, 0, 1, 0, 0, 1, 0, 2, 0, 0, 0, 0, 0, 0, 0, 0, 0, 2, 0, 0, 0, 0, 0, 0, 0, 1, 1, 0, 1, 1, 0, 2, 0, 0, 0, 1, 0, 0, 0, 0, 1, 0, 0, 0, 0, 2, 0, 0, 0, 0, 0, 0, 0, 0, 0, 0, 2, 2, 0, 2, 1, 2, 1, 4, 3, 6, 5, 3, 3, 2, 2, 4, 5, 73, 0, 0, 0, 0, 0, 0]",-1,-0.024095449504510123,-1,0
392,"[1, 1, 0, 0, 2, 0, 0, 2, 0, 1, 0, 0, 1, 0, 2, 0, 0, 0, 0, 0, 0, 0, 0, 0, 2, 0, 0, 0, 0, 0, 0, 0, 1, 1, 0, 1, 1, 0, 2, 0, 0, 0, 1, 0, 0, 0, 0, 1, 0, 0, 0, 0, 2, 0, 0, 0, 0, 0, 0, 0, 0, 0, 0, 2, 2, 0, 2, 1, 2, 1, 4, 3, 6, 5, 3, 3, 2, 2, 4, 5, 73, 0, 0, 0, 0, 0, 0]",0,0.4414825802452509,-1,0
393,"[1, 1, 0, 0, 2, 0, 0, 2, 0, 1, 0, 0, 1, 0, 2, 0, 0, 0, 0, 0, 0, 0, 0, 0, 2, 0, 0, 0, 0, 0, 0, 0, 1, 1, 0, 1, 1, 0, 2, 0, 0, 0, 1, 0, 0, 0, 0, 1, 0, 0, 0, 0, 2, 0, 0, 0, 0, 0, 0, 0, 0, 0, 0, 2, 2, 0, 2, 1, 2, 1, 4, 3, 6, 5, 3, 3, 2, 2, 4, 5, 73, 0, 0, 0, 0, 0, 0]",-1,-0.024095449504510123,-1,0
394,"[1, 1, 0, 0, 2, 0, 0, 2, 0, 1, 0, 0, 1, 0, 2, 0, 0, 0, 0, 0, 0, 0, 0, 0, 2, 0, 0, 0, 0, 0, 0, 0, 1, 1, 0, 1, 1, 0, 2, 0, 0, 0, 1, 0, 0, 0, 0, 1, 0, 0, 0, 0, 2, 0, 0, 0, 0, 0, 0, 0, 0, 0, 0, 2, 2, 0, 2, 1, 2, 1, 4, 3, 6, 5, 3, 3, 2, 2, 4, 5, 73, 0, 0, 0, 0, 0, 0]",0,0.4414825802452509,-1,0
395,"[1, 1, 0, 0, 2, 0, 0, 2, 0, 1, 0, 0, 1, 0, 2, 0, 0, 0, 0, 0, 0, 0, 0, 0, 2, 0, 0, 0, 0, 0, 0, 0, 1, 1, 0, 1, 1, 0, 2, 0, 0, 0, 1, 0, 0, 0, 0, 1, 0, 0, 0, 0, 2, 0, 0, 0, 0, 0, 0, 0, 0, 0, 0, 2, 2, 0, 2, 1, 2, 1, 4, 3, 6, 5, 3, 3, 2, 2, 4, 5, 73, 0, 0, 0, 0, 0, 0]",-1,-0.024095449504510123,-1,0
396,"[1, 1, 0, 0, 2, 0, 0, 2, 0, 1, 0, 0, 1, 0, 2, 0, 0, 0, 0, 0, 0, 0, 0, 0, 2, 0, 0, 0, 0, 0, 0, 0, 1, 1, 0, 1, 1, 0, 2, 0, 0, 0, 1, 0, 0, 0, 0, 1, 0, 0, 0, 0, 2, 0, 0, 0, 0, 0, 0, 0, 0, 0, 0, 2, 2, 0, 2, 1, 2, 1, 4, 3, 6, 5, 3, 3, 2, 2, 4, 5, 73, 0, 0, 0, 0, 0, 0]",0,0.4414825802452509,-1,0
397,"[1, 1, 0, 0, 2, 0, 0, 2, 0, 1, 0, 0, 1, 0, 2, 0, 0, 0, 0, 0, 0, 0, 0, 0, 2, 0, 0, 0, 0, 0, 0, 0, 1, 1, 0, 1, 1, 0, 2, 0, 0, 0, 1, 0, 0, 0, 0, 1, 0, 0, 0, 0, 2, 0, 0, 0, 0, 0, 0, 0, 0, 0, 0, 2, 2, 0, 2, 1, 2, 1, 4, 3, 6, 5, 3, 3, 2, 2, 4, 5, 73, 0, 0, 0, 0, 0, 0]",-1,-0.024095449504510123,-1,0
398,"[1, 1, 0, 0, 2, 0, 0, 2, 0, 1, 0, 0, 1, 0, 2, 0, 0, 0, 0, 0, 0, 0, 0, 0, 2, 0, 0, 0, 0, 0, 0, 0, 1, 1, 0, 1, 1, 0, 2, 0, 0, 0, 1, 0, 0, 0, 0, 1, 0, 0, 0, 0, 2, 0, 0, 0, 0, 0, 0, 0, 0, 0, 0, 2, 2, 0, 2, 1, 2, 1, 4, 3, 6, 5, 3, 3, 2, 2, 4, 5, 73, 0, 0, 0, 0, 0, 0]",0,0.4414825802452509,-1,0
399,"[1, 1, 0, 0, 2, 0, 0, 2, 0, 1, 0, 0, 1, 0, 2, 0, 0, 0, 0, 0, 0, 0, 0, 0, 2, 0, 0, 0, 0, 0, 0, 0, 1, 1, 0, 1, 1, 0, 2, 0, 0, 0, 1, 0, 0, 0, 0, 1, 0, 0, 0, 0, 2, 0, 0, 0, 0, 0, 0, 0, 0, 0, 0, 2, 2, 0, 2, 1, 2, 1, 4, 3, 6, 5, 3, 3, 2, 2, 4, 5, 73, 0, 0, 0, 0, 0, 0]",-1,-0.024095449504510123,-1,0
400,"[1, 1, 0, 0, 2, 0, 0, 2, 0, 1, 0, 0, 1, 0, 2, 0, 0, 0, 0, 0, 0, 0, 0, 0, 2, 0, 0, 0, 0, 0, 0, 0, 1, 1, 0, 1, 1, 0, 2, 0, 0, 0, 1, 0, 0, 0, 0, 1, 0, 0, 0, 0, 2, 0, 0, 0, 0, 0, 0, 0, 0, 0, 0, 2, 2, 0, 2, 1, 2, 1, 4, 3, 6, 5, 3, 3, 2, 2, 4, 5, 73, 0, 0, 0, 0, 0, 0]",0,0.4414825802452509,-1,0
401,"[1, 1, 0, 0, 2, 0, 0, 2, 0, 1, 0, 0, 1, 0, 2, 0, 0, 0, 0, 0, 0, 0, 0, 0, 2, 0, 0, 0, 0, 0, 0, 0, 1, 1, 0, 1, 1, 0, 2, 0, 0, 0, 1, 0, 0, 0, 0, 1, 0, 0, 0, 0, 2, 0, 0, 0, 0, 0, 0, 0, 0, 0, 0, 2, 2, 0, 2, 1, 2, 1, 4, 3, 6, 5, 3, 3, 2, 2, 4, 5, 73, 0, 0, 0, 0, 0, 0]",-1,-0.024095449504510123,-1,0
402,"[1, 1, 0, 0, 2, 0, 0, 2, 0, 1, 0, 0, 1, 0, 2, 0, 0, 0, 0, 0, 0, 0, 0, 0, 2, 0, 0, 0, 0, 0, 0, 0, 1, 1, 0, 1, 1, 0, 2, 0, 0, 0, 1, 0, 0, 0, 0, 1, 0, 0, 0, 0, 2, 0, 0, 0, 0, 0, 0, 0, 0, 0, 0, 2, 2, 0, 2, 1, 2, 1, 4, 3, 6, 5, 3, 3, 2, 2, 4, 5, 73, 0, 0, 0, 0, 0, 0]",1,0.8083878229212945,-1,0
403,"[1, 1, 0, 0, 2, 0, 0, 2, 0, 1, 0, 0, 1, 0, 2, 0, 0, 0, 0, 0, 0, 0, 0, 0, 2, 0, 0, 0, 0, 0, 0, 0, 1, 1, 0, 1, 1, 0, 2, 0, 0, 0, 1, 0, 0, 0, 0, 1, 0, 0, 0, 0, 2, 0, 0, 0, 0, 0, 0, 0, 0, 0, 0, 2, 2, 0, 2, 1, 2, 1, 4, 3, 6, 5, 3, 3, 2, 2, 4, 5, 73, 0, 0, 0, 0, 0, 0]",-1,-0.024095449504510123,-1,0
404,"[1, 2, 0, 0, 2, 1, 0, 2, 0, 1, 0, 0, 1, 0, 2, 0, 0, 0, 0, 0, 0, 0, 0, 0, 2, 0, 0, 0, 0, 0, 0, 0, 1, 1, 0, 1, 1, 0, 2, 0, 0, 0, 1, 0, 0, 0, 0, 1, 0, 0, 0, 0, 2, 0, 0, 0, 0, 0, 0, 0, 0, 0, 0, 2, 2, 0, 2, 1, 2, 1, 4, 3, 6, 5, 3, 3, 2, 2, 4, 5, 74, 0, 0, 0, 0, 0, 0]",4,14.30257311913562,-1,0
405,"[1, 2, 0, 0, 2, 1, 0, 2, 0, 1, 0, 0, 1, 0, 2, 0, 0, 0, 0, 0, 0, 0, 0, 0, 2, 0, 0, 0, 0, 0, 0, 0, 1, 1, 0, 1, 1, 0, 2, 0, 0, 0, 1, 0, 0, 0, 0, 1, 0, 0, 0, 0, 2, 0, 0, 0, 0, 0, 0, 0, 0, 0, 0, 2, 2, 0, 2, 1, 2, 1, 4, 3, 6, 5, 3, 3, 2, 2, 4, 5, 74, 0, 1, 0, 0, 0, 0]",2,0.5987135783066162,-1,1
406,"[1, 2, 0, 0, 2, 1, 0, 2, 0, 1, 0, 0, 1, 0, 2, 0, 0, 0, 0, 0, 0, 0, 0, 0, 2, 0, 0, 0, 0, 0, 0, 0, 1, 1, 0, 1, 1, 0, 2, 0, 0, 0, 1, 0, 0, 0, 0, 1, 0, 0, 0, 0, 2, 0, 0, 0, 0, 0, 0, 0, 0, 0, 0, 2, 2, 0, 2, 1, 2, 1, 4, 3, 6, 5, 3, 3, 2, 2, 4, 5, 74, 0, 1, 0, 0, 1, 0]","[[1 0 0 1]
 [1 1 0 0]]",0.8491384433647071,-1,1
407,"[1, 2, 0, 0, 2, 1, 0, 2, 0, 1, 0, 0, 1, 0, 2, 0, 0, 0, 0, 0, 0, 0, 0, 0, 2, 0, 0, 0, 0, 0, 0, 0, 1, 1, 0, 1, 1, 0, 2, 0, 0, 0, 1, 0, 0, 0, 0, 1, 0, 0, 0, 0, 2, 0, 0, 0, 0, 0, 0, 0, 0, 0, 0, 2, 2, 0, 2, 1, 2, 1, 4, 3, 6, 5, 3, 3, 2, 2, 4, 5, 74, 0, 0, 0, 0, 0, 0]",1,-0.001286421693383727,-1,0
408,"[1, 2, 0, 0, 2, 1, 0, 2, 0, 1, 0, 0, 1, 0, 2, 0, 0, 0, 0, 0, 0, 0, 0, 0, 2, 0, 0, 0, 0, 0, 0, 0, 1, 1, 0, 1, 1, 0, 2, 0, 0, 0, 1, 0, 0, 0, 0, 1, 0, 0, 0, 0, 2, 0, 0, 0, 0, 0, 0, 0, 0, 0, 0, 2, 2, 0, 2, 1, 2, 1, 4, 3, 6, 5, 3, 3, 2, 2, 4, 5, 74, 1, 0, 0, 0, 0, 0]",3,0.3987135783066163,-1,1
409,"[1, 2, 0, 0, 2, 1, 0, 2, 0, 1, 0, 0, 1, 0, 2, 0, 0, 0, 0, 0, 0, 0, 0, 0, 2, 0, 0, 0, 0, 0, 0, 0, 1, 1, 0, 1, 1, 0, 2, 0, 0, 0, 1, 0, 0, 0, 0, 1, 0, 0, 0, 0, 2, 0, 0, 0, 0, 0, 0, 0, 0, 0, 0, 2, 2, 0, 2, 1, 2, 1, 4, 3, 6, 5, 3, 3, 2, 2, 4, 5, 74, 0, 0, 0, 0, 0, 0]",-1,-0.02385569577605172,-1,1
410,"[2, 2, 0, 0, 2, 2, 0, 2, 0, 1, 0, 0, 1, 0, 2, 0, 0, 0, 0, 0, 0, 0, 0, 0, 2, 0, 0, 0, 0, 0, 0, 0, 1, 1, 0, 1, 1, 0, 2, 0, 0, 0, 1, 0, 0, 0, 0, 1, 0, 0, 0, 0, 2, 0, 0, 0, 0, 0, 0, 0, 0, 0, 0, 2, 2, 0, 2, 1, 2, 1, 4, 3, 6, 5, 3, 3, 2, 2, 4, 5, 75, 0, 0, 0, 0, 0, 0]",4,8.962568664477844,-1,1
411,"[2, 2, 0, 0, 2, 2, 0, 2, 0, 1, 0, 0, 1, 0, 2, 0, 0, 0, 0, 0, 0, 0, 0, 0, 2, 0, 0, 0, 0, 0, 0, 0, 1, 1, 0, 1, 1, 0, 2, 0, 0, 0, 1, 0, 0, 0, 0, 1, 0, 0, 0, 0, 2, 0, 0, 0, 0, 0, 0, 0, 0, 0, 0, 2, 2, 0, 2, 1, 2, 1, 4, 3, 6, 5, 3, 3, 2, 2, 4, 5, 75, 0, 1, 0, 0, 0, 0]",2,0.598661429815143,-1,0
412,"[2, 2, 0, 0, 2, 2, 0, 2, 0, 1, 0, 0, 1, 0, 2, 0, 0, 0, 0, 0, 0, 0, 0, 0, 2, 0, 0, 0, 0, 0, 0, 0, 1, 1, 0, 1, 1, 0, 2, 0, 0, 0, 1, 0, 0, 0, 0, 1, 0, 0, 0, 0, 2, 0, 0, 0, 0, 0, 0, 0, 0, 0, 0, 2, 2, 0, 2, 1, 2, 1, 4, 3, 6, 5, 3, 3, 2, 2, 4, 5, 75, 0, 1, 0, 0, 1, 0]","[[0 1 0 0]
 [0 0 0 1]]",0.849086294873234,-1,0
413,"[2, 2, 0, 0, 2, 2, 0, 2, 0, 1, 0, 0, 1, 0, 2, 0, 0, 0, 0, 0, 0, 0, 0, 0, 2, 0, 0, 0, 0, 0, 0, 0, 1, 1, 0, 1, 1, 0, 2, 0, 0, 0, 1, 0, 0, 0, 0, 1, 0, 0, 0, 0, 2, 0, 0, 0, 0, 0, 0, 0, 0, 0, 0, 2, 2, 0, 2, 1, 2, 1, 4, 3, 6, 5, 3, 3, 2, 2, 4, 5, 75, 0, 1, 0, 0, 0, 1]",2,-0.0013385701848569712,-1,1
414,"[2, 2, 0, 0, 2, 2, 0, 2, 0, 1, 0, 0, 1, 0, 2, 0, 0, 0, 0, 0, 0, 0, 0, 0, 2, 0, 0, 0, 0, 0, 0, 0, 1, 1, 0, 1, 1, 0, 2, 0, 0, 0, 1, 0, 0, 0, 0, 1, 0, 0, 0, 0, 2, 0, 0, 0, 0, 0, 0, 0, 0, 0, 0, 2, 2, 0, 2, 1, 2, 1, 4, 3, 6, 5, 3, 3, 2, 2, 4, 5, 75, 0, 0, 1, 0, 0, 0]","[[1 1 0 1]
 [1 1 0 0]]",-0.0013385701848569712,-1,1
415,"[2, 2, 0, 1, 2, 2, 0, 1, 0, 1, 0, 0, 1, 0, 2, 0, 0, 0, 0, 0, 0, 0, 0, 0, 2, 0, 0, 0, 0, 0, 0, 0, 1, 1, 0, 1, 1, 0, 2, 0, 0, 0, 1, 0, 0, 0, 0, 1, 0, 0, 0, 0, 2, 0, 0, 0, 0, 0, 0, 0, 0, 0, 0, 2, 2, 0, 2, 1, 2, 1, 4, 3, 6, 5, 3, 3, 2, 2, 4, 5, 75, 0, 0, 0, 0, 0, 0]",0,-0.0013385701848569712,-1,0
416,"[2, 2, 0, 1, 2, 2, 0, 1, 0, 1, 0, 0, 1, 0, 2, 0, 0, 0, 0, 0, 0, 0, 0, 0, 2, 0, 0, 0, 0, 0, 0, 0, 1, 1, 0, 1, 1, 0, 2, 0, 0, 0, 1, 0, 0, 0, 0, 1, 0, 0, 0, 0, 2, 0, 0, 0, 0, 0, 0, 0, 0, 0, 0, 2, 2, 0, 2, 1, 2, 1, 4, 3, 6, 5, 3, 3, 2, 2, 4, 5, 75, 1, 0, 0, 0, 0, 0]",3,0.3986614298151431,-1,0
417,"[0, 2, 0, 2, 2, 2, 0, 1, 0, 1, 0, 0, 1, 0, 2, 0, 0, 0, 0, 0, 0, 0, 0, 0, 2, 0, 0, 0, 0, 0, 0, 0, 1, 1, 0, 1, 1, 0, 2, 0, 0, 0, 1, 0, 0, 0, 0, 1, 0, 0, 0, 0, 2, 0, 0, 0, 0, 0, 0, 0, 0, 0, 0, 2, 2, 0, 2, 1, 2, 1, 4, 3, 6, 5, 3, 3, 2, 2, 4, 5, 75, 0, 0, 0, 0, 0, 0]","[[2 0 0 0]
 [0 0 0 1]]",0.00011911172618408214,-1,0
418,"[0, 2, 0, 2, 2, 2, 0, 1, 0, 1, 0, 0, 1, 0, 2, 0, 0, 0, 0, 0, 0, 0, 0, 0, 2, 0, 0, 0, 0, 0, 0, 0, 1, 1, 0, 1, 1, 0, 2, 0, 0, 0, 1, 0, 0, 0, 0, 1, 0, 0, 0, 0, 2, 0, 0, 0, 0, 0, 0, 0, 0, 0, 0, 2, 2, 0, 2, 1, 2, 1, 4, 3, 6, 5, 3, 3, 2, 2, 4, 5, 75, 1, 0, 0, 0, 0, 0]",3,0.3986614298151431,-1,0
419,"[0, 2, 0, 2, 2, 2, 0, 1, 0, 1, 0, 0, 1, 0, 2, 0, 0, 0, 0, 0, 0, 0, 0, 0, 2, 0, 0, 0, 0, 0, 0, 0, 1, 1, 0, 1, 1, 0, 2, 0, 0, 0, 1, 0, 0, 0, 0, 1, 0, 0, 0, 0, 2, 0, 0, 0, 0, 0, 0, 0, 0, 0, 0, 2, 2, 0, 2, 1, 2, 1, 4, 3, 6, 5, 3, 3, 2, 2, 4, 5, 75, 0, 0, 0, 0, 0, 0]",-1,-0.023618327637050737,-1,0
420,"[0, 3, 0, 2, 2, 3, 0, 1, 0, 1, 0, 0, 1, 0, 2, 0, 0, 0, 0, 0, 0, 0, 0, 0, 2, 0, 0, 0, 0, 0, 0, 0, 1, 1, 0, 1, 1, 0, 2, 0, 0, 0, 1, 0, 0, 0, 0, 1, 0, 0, 0, 0, 2, 0, 0, 0, 0, 0, 0, 0, 0, 0, 0, 2, 2, 0, 2, 1, 2, 1, 4, 3, 6, 5, 3, 3, 2, 2, 4, 5, 76, 0, 0, 0, 0, 0, 0]",4,14.176761794838212,-1,0
421,"[0, 3, 0, 2, 2, 3, 0, 1, 0, 1, 0, 0, 1, 0, 2, 0, 0, 0, 0, 0, 0, 0, 0, 0, 2, 0, 0, 0, 0, 0, 0, 0, 1, 1, 0, 1, 1, 0, 2, 0, 0, 0, 1, 0, 0, 0, 0, 1, 0, 0, 0, 0, 2, 0, 0, 0, 0, 0, 0, 0, 0, 0, 0, 2, 2, 0, 2, 1, 2, 1, 4, 3, 6, 5, 3, 3, 2, 2, 4, 5, 76, 0, 1, 0, 0, 0, 0]",2,0.5986071821644475,-1,1
422,"[0, 3, 0, 2, 2, 3, 0, 1, 0, 1, 0, 0, 1, 0, 2, 0, 0, 0, 0, 0, 0, 0, 0, 0, 2, 0, 0, 0, 0, 0, 0, 0, 1, 1, 0, 1, 1, 0, 2, 0, 0, 0, 1, 0, 0, 0, 0, 1, 0, 0, 0, 0, 2, 0, 0, 0, 0, 0, 0, 0, 0, 0, 0, 2, 2, 0, 2, 1, 2, 1, 4, 3, 6, 5, 3, 3, 2, 2, 4, 5, 76, 0, 1, 0, 0, 1, 0]","[[1 1 0 0]
 [0 3 0 1]]",2.3210980668881662,-1,1
423,"[1, 1, 0, 1, 1, 5, 0, 2, 0, 1, 0, 0, 1, 0, 2, 0, 0, 0, 0, 0, 0, 0, 0, 0, 2, 0, 0, 0, 0, 0, 0, 0, 1, 1, 0, 1, 1, 0, 2, 0, 0, 0, 1, 0, 0, 0, 0, 1, 0, 0, 0, 0, 2, 0, 0, 0, 0, 0, 0, 0, 0, 0, 0, 2, 2, 0, 2, 1, 2, 1, 4, 3, 6, 5, 3, 3, 2, 2, 4, 5, 76, 0, 0, 0, 0, 0, 0]",0,-0.0013928178355524178,-1,0
424,"[1, 1, 0, 1, 1, 5, 0, 2, 0, 1, 0, 0, 1, 0, 2, 0, 0, 0, 0, 0, 0, 0, 0, 0, 2, 0, 0, 0, 0, 0, 0, 0, 1, 1, 0, 1, 1, 0, 2, 0, 0, 0, 1, 0, 0, 0, 0, 1, 0, 0, 0, 0, 2, 0, 0, 0, 0, 0, 0, 0, 0, 0, 0, 2, 2, 0, 2, 1, 2, 1, 4, 3, 6, 5, 3, 3, 2, 2, 4, 5, 76, 0, 0, 0, 0, 0, 0]",-1,-0.023383321350495465,-1,1
425,"[1, 2, 0, 1, 1, 6, 0, 2, 0, 1, 0, 0, 1, 0, 2, 0, 0, 0, 0, 0, 0, 0, 0, 0, 2, 0, 0, 0, 0, 0, 0, 0, 1, 1, 0, 1, 1, 0, 2, 0, 0, 0, 1, 0, 0, 0, 0, 1, 0, 0, 0, 0, 2, 0, 0, 0, 0, 0, 0, 0, 0, 0, 0, 2, 2, 0, 2, 1, 2, 1, 4, 3, 6, 5, 3, 3, 2, 2, 4, 5, 77, 0, 0, 0, 0, 0, 0]",4,8.503630012509458,-1,1
426,"[1, 2, 0, 1, 1, 6, 0, 2, 0, 1, 0, 0, 1, 0, 2, 0, 0, 0, 0, 0, 0, 0, 0, 0, 2, 0, 0, 0, 0, 0, 0, 0, 1, 1, 0, 1, 1, 0, 2, 0, 0, 0, 1, 0, 0, 0, 0, 1, 0, 0, 0, 0, 2, 0, 0, 0, 0, 0, 0, 0, 0, 0, 0, 2, 2, 0, 2, 1, 2, 1, 4, 3, 6, 5, 3, 3, 2, 2, 4, 5, 77, 0, 0, 0, 0, 0, 0]",1,0.8081748671804504,-1,0
427,"[1, 2, 0, 1, 1, 6, 0, 2, 0, 1, 0, 0, 1, 0, 2, 0, 0, 0, 0, 0, 0, 0, 0, 0, 2, 0, 0, 0, 0, 0, 0, 0, 1, 1, 0, 1, 1, 0, 2, 0, 0, 0, 1, 0, 0, 0, 0, 1, 0, 0, 0, 0, 2, 0, 0, 0, 0, 0, 0, 0, 0, 0, 0, 2, 2, 0, 2, 1, 2, 1, 4, 3, 6, 5, 3, 3, 2, 2, 4, 5, 77, 0, 0, 0, 0, 0, 0]",-1,-0.023150653415561405,-1,0
428,"[1, 2, 0, 1, 1, 6, 0, 2, 0, 1, 0, 0, 1, 0, 2, 0, 0, 0, 0, 0, 0, 0, 0, 0, 2, 0, 0, 0, 0, 0, 0, 0, 1, 1, 0, 1, 1, 0, 2, 0, 0, 0, 1, 0, 0, 0, 0, 1, 0, 0, 0, 0, 2, 0, 0, 0, 0, 0, 0, 0, 0, 0, 0, 2, 2, 0, 2, 1, 2, 1, 4, 3, 6, 5, 3, 3, 2, 2, 4, 5, 77, 1, 0, 0, 0, 0, 0]",3,0.39855075208083374,-1,0
429,"[1, 2, 0, 1, 1, 6, 0, 2, 0, 1, 0, 0, 1, 0, 2, 0, 0, 0, 0, 0, 0, 0, 0, 0, 2, 0, 0, 0, 0, 0, 0, 0, 1, 1, 0, 1, 1, 0, 2, 0, 0, 0, 1, 0, 0, 0, 0, 1, 0, 0, 0, 0, 2, 0, 0, 0, 0, 0, 0, 0, 0, 0, 0, 2, 2, 0, 2, 1, 2, 1, 4, 3, 6, 5, 3, 3, 2, 2, 4, 5, 77, 0, 0, 0, 0, 0, 0]",-1,-0.023150653415561405,-1,0
430,"[1, 2, 0, 1, 1, 6, 0, 2, 0, 1, 0, 0, 1, 0, 2, 0, 0, 0, 0, 0, 0, 0, 0, 0, 2, 0, 0, 0, 0, 0, 0, 0, 1, 1, 0, 1, 1, 0, 2, 0, 0, 0, 1, 0, 0, 0, 0, 1, 0, 0, 0, 0, 2, 0, 0, 0, 0, 0, 0, 0, 0, 0, 0, 2, 2, 0, 2, 1, 2, 1, 4, 3, 6, 5, 3, 3, 2, 2, 4, 5, 77, 0, 0, 0, 0, 0, 0]",1,0.8081748671804504,-1,0
431,"[1, 2, 0, 1, 1, 6, 0, 2, 0, 1, 0, 0, 1, 0, 2, 0, 0, 0, 0, 0, 0, 0, 0, 0, 2, 0, 0, 0, 0, 0, 0, 0, 1, 1, 0, 1, 1, 0, 2, 0, 0, 0, 1, 0, 0, 0, 0, 1, 0, 0, 0, 0, 2, 0, 0, 0, 0, 0, 0, 0, 0, 0, 0, 2, 2, 0, 2, 1, 2, 1, 4, 3, 6, 5, 3, 3, 2, 2, 4, 5, 77, 0, 0, 0, 0, 0, 0]",-1,-0.023150653415561405,-1,0
432,"[1, 3, 0, 1, 1, 7, 0, 2, 0, 1, 0, 0, 1, 0, 2, 0, 0, 0, 0, 0, 0, 0, 0, 0, 2, 0, 0, 0, 0, 0, 0, 0, 1, 1, 0, 1, 1, 0, 2, 0, 0, 0, 1, 0, 0, 0, 0, 1, 0, 0, 0, 0, 2, 0, 0, 0, 0, 0, 0, 0, 0, 0, 0, 2, 2, 0, 2, 1, 2, 1, 4, 3, 6, 5, 3, 3, 2, 2, 4, 5, 78, 0, 0, 0, 0, 0, 0]",4,14.357748826234879,-1,0
433,"[1, 3, 0, 1, 1, 7, 0, 2, 0, 1, 0, 0, 1, 0, 2, 0, 0, 0, 0, 0, 0, 0, 0, 0, 2, 0, 0, 0, 0, 0, 0, 0, 1, 1, 0, 1, 1, 0, 2, 0, 0, 0, 1, 0, 0, 0, 0, 1, 0, 0, 0, 0, 2, 0, 0, 0, 0, 0, 0, 0, 0, 0, 0, 2, 2, 0, 2, 1, 2, 1, 4, 3, 6, 5, 3, 3, 2, 2, 4, 5, 78, 0, 1, 0, 0, 0, 0]",2,0.5984920530883253,-1,1
434,"[1, 3, 0, 1, 1, 7, 0, 2, 0, 1, 0, 0, 1, 0, 2, 0, 0, 0, 0, 0, 0, 0, 0, 0, 2, 0, 0, 0, 0, 0, 0, 0, 1, 1, 0, 1, 1, 0, 2, 0, 0, 0, 1, 0, 0, 0, 0, 1, 0, 0, 0, 0, 2, 0, 0, 0, 0, 0, 0, 0, 0, 0, 0, 2, 2, 0, 2, 1, 2, 1, 4, 3, 6, 5, 3, 3, 2, 2, 4, 5, 78, 0, 1, 0, 0, 1, 0]","[[0 2 0 1]
 [1 3 0 1]]",2.320982937812044,-1,1
435,"[0, 2, 0, 1, 2, 8, 0, 2, 0, 1, 0, 0, 1, 0, 2, 0, 0, 0, 0, 0, 0, 0, 0, 0, 2, 0, 0, 0, 0, 0, 0, 0, 1, 1, 0, 1, 1, 0, 2, 0, 0, 0, 1, 0, 0, 0, 0, 1, 0, 0, 0, 0, 2, 0, 0, 0, 0, 0, 0, 0, 0, 0, 0, 2, 2, 0, 2, 1, 2, 1, 4, 3, 6, 5, 3, 3, 2, 2, 4, 5, 78, 0, 0, 0, 0, 0, 0]",0,-0.0015079469116746787,-1,0
436,"[0, 2, 0, 1, 2, 8, 0, 2, 0, 1, 0, 0, 1, 0, 2, 0, 0, 0, 0, 0, 0, 0, 0, 0, 2, 0, 0, 0, 0, 0, 0, 0, 1, 1, 0, 1, 1, 0, 2, 0, 0, 0, 1, 0, 0, 0, 0, 1, 0, 0, 0, 0, 2, 0, 0, 0, 0, 0, 0, 0, 0, 0, 0, 2, 2, 0, 2, 1, 2, 1, 4, 3, 6, 5, 3, 3, 2, 2, 4, 5, 78, 0, 1, 0, 0, 0, 0]",2,0.5984920530883253,-1,1
437,"[0, 2, 0, 1, 2, 8, 0, 2, 0, 1, 0, 0, 1, 0, 2, 0, 0, 0, 0, 0, 0, 0, 0, 0, 2, 0, 0, 0, 0, 0, 0, 0, 1, 1, 0, 1, 1, 0, 2, 0, 0, 0, 1, 0, 0, 0, 0, 1, 0, 0, 0, 0, 2, 0, 0, 0, 0, 0, 0, 0, 0, 0, 0, 2, 2, 0, 2, 1, 2, 1, 4, 3, 6, 5, 3, 3, 2, 2, 4, 5, 78, 0, 1, 0, 0, 1, 0]","[[1 2 0 1]
 [0 1 0 1]]",0.02237637756889566,-1,1
438,"[0, 2, 0, 1, 2, 8, 0, 2, 0, 1, 0, 0, 1, 0, 2, 0, 0, 0, 0, 0, 0, 0, 0, 0, 2, 0, 0, 0, 0, 0, 0, 0, 1, 1, 0, 1, 1, 0, 2, 0, 0, 0, 1, 0, 0, 0, 0, 1, 0, 0, 0, 0, 2, 0, 0, 0, 0, 0, 0, 0, 0, 0, 0, 2, 2, 0, 2, 1, 2, 1, 4, 3, 6, 5, 3, 3, 2, 2, 4, 5, 78, 0, 0, 0, 0, 0, 0]",1,-0.0015079469116746787,-1,0
439,"[0, 2, 0, 1, 2, 8, 0, 2, 0, 1, 0, 0, 1, 0, 2, 0, 0, 0, 0, 0, 0, 0, 0, 0, 2, 0, 0, 0, 0, 0, 0, 0, 1, 1, 0, 1, 1, 0, 2, 0, 0, 0, 1, 0, 0, 0, 0, 1, 0, 0, 0, 0, 2, 0, 0, 0, 0, 0, 0, 0, 0, 0, 0, 2, 2, 0, 2, 1, 2, 1, 4, 3, 6, 5, 3, 3, 2, 2, 4, 5, 78, 0, 0, 0, 0, 0, 0]",-1,-0.022920300565261176,-1,1
440,"[0, 2, 0, 1, 2, 8, 0, 2, 0, 1, 0, 0, 1, 0, 2, 0, 0, 0, 0, 0, 0, 0, 0, 0, 2, 0, 0, 0, 0, 0, 0, 0, 1, 1, 0, 1, 1, 0, 2, 0, 0, 0, 1, 0, 0, 0, 0, 1, 0, 0, 0, 0, 2, 0, 0, 0, 0, 0, 0, 0, 0, 0, 0, 2, 2, 0, 2, 1, 2, 1, 4, 3, 6, 5, 3, 3, 2, 2, 4, 5, 79, 0, 0, 0, 0, 0, 0]",4,8.478278946345098,-1,1
441,"[1, 2, 0, 1, 2, 9, 0, 2, 0, 1, 0, 0, 1, 0, 2, 0, 0, 0, 0, 0, 0, 0, 0, 0, 2, 0, 0, 0, 0, 0, 0, 0, 1, 1, 0, 1, 1, 0, 2, 0, 0, 0, 1, 0, 0, 0, 0, 1, 0, 0, 0, 0, 2, 0, 0, 0, 0, 0, 0, 0, 0, 0, 0, 2, 2, 0, 2, 1, 2, 1, 4, 3, 6, 5, 3, 3, 2, 2, 4, 5, 80, 0, 0, 0, 0, 0, 0]",4,14.617520528671447,-1,0
442,"[1, 2, 0, 1, 2, 9, 0, 2, 0, 1, 0, 0, 1, 0, 2, 0, 0, 0, 0, 0, 0, 0, 0, 0, 2, 0, 0, 0, 0, 0, 0, 0, 1, 1, 0, 1, 1, 0, 2, 0, 0, 0, 1, 0, 0, 0, 0, 1, 0, 0, 0, 0, 2, 0, 0, 0, 0, 0, 0, 0, 0, 0, 0, 2, 2, 0, 2, 1, 2, 1, 4, 3, 6, 5, 3, 3, 2, 2, 4, 5, 80, 0, 0, 0, 0, 0, 0]",-1,-0.022466448205861078,-1,1
443,"[1, 2, 0, 1, 2, 9, 0, 2, 0, 1, 0, 0, 1, 0, 2, 0, 0, 0, 0, 0, 0, 0, 0, 0, 2, 0, 0, 0, 0, 0, 0, 0, 1, 1, 0, 1, 1, 0, 2, 0, 0, 0, 1, 0, 0, 0, 0, 1, 0, 0, 0, 0, 2, 0, 0, 0, 0, 0, 0, 0, 0, 0, 0, 2, 2, 0, 2, 1, 2, 1, 4, 3, 6, 5, 3, 3, 2, 2, 4, 5, 80, 0, 0, 0, 0, 0, 0]",-1,-0.022466448205861078,-1,1
444,"[1, 3, 0, 1, 2, 10, 0, 2, 0, 1, 0, 0, 1, 0, 2, 0, 0, 0, 0, 0, 0, 0, 0, 0, 2, 0, 0, 0, 0, 0, 0, 0, 1, 1, 0, 1, 1, 0, 2, 0, 0, 0, 1, 0, 0, 0, 0, 1, 0, 0, 0, 0, 2, 0, 0, 0, 0, 0, 0, 0, 0, 0, 0, 2, 2, 0, 2, 1, 2, 1, 4, 3, 6, 5, 3, 3, 2, 2, 4, 5, 81, 0, 0, 0, 0, 0, 0]",4,8.407552096388953,-1,1
445,"[1, 3, 0, 1, 2, 10, 0, 2, 0, 1, 0, 0, 1, 0, 2, 0, 0, 0, 0, 0, 0, 0, 0, 0, 2, 0, 0, 0, 0, 0, 0, 0, 1, 1, 0, 1, 1, 0, 2, 0, 0, 0, 1, 0, 0, 0, 0, 1, 0, 0, 0, 0, 2, 0, 0, 0, 0, 0, 0, 0, 0, 0, 0, 2, 2, 0, 2, 1, 2, 1, 4, 3, 6, 5, 3, 3, 2, 2, 4, 5, 81, 0, 0, 0, 0, 0, 0]",0,0.44102029985324426,-1,0
446,"[1, 3, 0, 1, 2, 10, 0, 2, 0, 1, 0, 0, 1, 0, 2, 0, 0, 0, 0, 0, 0, 0, 0, 0, 2, 0, 0, 0, 0, 0, 0, 0, 1, 1, 0, 1, 1, 0, 2, 0, 0, 0, 1, 0, 0, 0, 0, 1, 0, 0, 0, 0, 2, 0, 0, 0, 0, 0, 0, 0, 0, 0, 0, 2, 2, 0, 2, 1, 2, 1, 4, 3, 6, 5, 3, 3, 2, 2, 4, 5, 81, 0, 0, 0, 0, 0, 0]",-1,-0.022242903311147057,-1,0
447,"[1, 3, 0, 1, 2, 10, 0, 2, 0, 1, 0, 0, 1, 0, 2, 0, 0, 0, 0, 0, 0, 0, 0, 0, 2, 0, 0, 0, 0, 0, 0, 0, 1, 1, 0, 1, 1, 0, 2, 0, 0, 0, 1, 0, 0, 0, 0, 1, 0, 0, 0, 0, 2, 0, 0, 0, 0, 0, 0, 0, 0, 0, 0, 2, 2, 0, 2, 1, 2, 1, 4, 3, 6, 5, 3, 3, 2, 2, 4, 5, 81, 0, 0, 0, 0, 0, 0]",0,0.44102029985324426,-1,0
448,"[1, 3, 0, 1, 2, 10, 0, 2, 0, 1, 0, 0, 1, 0, 2, 0, 0, 0, 0, 0, 0, 0, 0, 0, 2, 0, 0, 0, 0, 0, 0, 0, 1, 1, 0, 1, 1, 0, 2, 0, 0, 0, 1, 0, 0, 0, 0, 1, 0, 0, 0, 0, 2, 0, 0, 0, 0, 0, 0, 0, 0, 0, 0, 2, 2, 0, 2, 1, 2, 1, 4, 3, 6, 5, 3, 3, 2, 2, 4, 5, 81, 0, 0, 0, 0, 0, 0]",-1,-0.022242903311147057,-1,0
449,"[1, 3, 0, 1, 2, 10, 0, 2, 0, 1, 0, 0, 1, 0, 2, 0, 0, 0, 0, 0, 0, 0, 0, 0, 2, 0, 0, 0, 0, 0, 0, 0, 1, 1, 0, 1, 1, 0, 2, 0, 0, 0, 1, 0, 0, 0, 0, 1, 0, 0, 0, 0, 2, 0, 0, 0, 0, 0, 0, 0, 0, 0, 0, 2, 2, 0, 2, 1, 2, 1, 4, 3, 6, 5, 3, 3, 2, 2, 4, 5, 81, 0, 0, 0, 0, 0, 0]",0,0.44102029985324426,-1,0
450,"[1, 3, 0, 1, 2, 10, 0, 2, 0, 1, 0, 0, 1, 0, 2, 0, 0, 0, 0, 0, 0, 0, 0, 0, 2, 0, 0, 0, 0, 0, 0, 0, 1, 1, 0, 1, 1, 0, 2, 0, 0, 0, 1, 0, 0, 0, 0, 1, 0, 0, 0, 0, 2, 0, 0, 0, 0, 0, 0, 0, 0, 0, 0, 2, 2, 0, 2, 1, 2, 1, 4, 3, 6, 5, 3, 3, 2, 2, 4, 5, 81, 0, 0, 0, 0, 0, 0]",-1,-0.022242903311147057,-1,0
451,"[1, 3, 0, 1, 2, 10, 0, 2, 0, 1, 0, 0, 1, 0, 2, 0, 0, 0, 0, 0, 0, 0, 0, 0, 2, 0, 0, 0, 0, 0, 0, 0, 1, 1, 0, 1, 1, 0, 2, 0, 0, 0, 1, 0, 0, 0, 0, 1, 0, 0, 0, 0, 2, 0, 0, 0, 0, 0, 0, 0, 0, 0, 0, 2, 2, 0, 2, 1, 2, 1, 4, 3, 6, 5, 3, 3, 2, 2, 4, 5, 81, 0, 0, 0, 0, 0, 0]",0,0.44102029985324426,-1,0
452,"[1, 3, 0, 1, 2, 10, 0, 2, 0, 1, 0, 0, 1, 0, 2, 0, 0, 0, 0, 0, 0, 0, 0, 0, 2, 0, 0, 0, 0, 0, 0, 0, 1, 1, 0, 1, 1, 0, 2, 0, 0, 0, 1, 0, 0, 0, 0, 1, 0, 0, 0, 0, 2, 0, 0, 0, 0, 0, 0, 0, 0, 0, 0, 2, 2, 0, 2, 1, 2, 1, 4, 3, 6, 5, 3, 3, 2, 2, 4, 5, 81, 0, 0, 0, 0, 0, 0]",-1,-0.022242903311147057,-1,0
453,"[1, 3, 0, 1, 2, 10, 0, 2, 0, 1, 0, 0, 1, 0, 2, 0, 0, 0, 0, 0, 0, 0, 0, 0, 2, 0, 0, 0, 0, 0, 0, 0, 1, 1, 0, 1, 1, 0, 2, 0, 0, 0, 1, 0, 0, 0, 0, 1, 0, 0, 0, 0, 2, 0, 0, 0, 0, 0, 0, 0, 0, 0, 0, 2, 2, 0, 2, 1, 2, 1, 4, 3, 6, 5, 3, 3, 2, 2, 4, 5, 81, 0, 1, 0, 0, 0, 0]",2,0.5983014274296711,-1,0
454,"[1, 3, 0, 1, 2, 10, 0, 2, 0, 1, 0, 0, 1, 0, 2, 0, 0, 0, 0, 0, 0, 0, 0, 0, 2, 0, 0, 0, 0, 0, 0, 0, 1, 1, 0, 1, 1, 0, 2, 0, 0, 0, 1, 0, 0, 0, 0, 1, 0, 0, 0, 0, 2, 0, 0, 0, 0, 0, 0, 0, 0, 0, 0, 2, 2, 0, 2, 1, 2, 1, 4, 3, 6, 5, 3, 3, 2, 2, 4, 5, 81, 0, 0, 0, 0, 0, 0]",-1,-0.022242903311147057,-1,0
455,"[1, 3, 0, 1, 2, 10, 0, 2, 0, 1, 0, 0, 1, 0, 2, 0, 0, 0, 0, 0, 0, 0, 0, 0, 2, 0, 0, 0, 0, 0, 0, 0, 1, 1, 0, 1, 1, 0, 2, 0, 0, 0, 1, 0, 0, 0, 0, 1, 0, 0, 0, 0, 2, 0, 0, 0, 0, 0, 0, 0, 0, 0, 0, 2, 2, 0, 2, 1, 2, 1, 4, 3, 6, 5, 3, 3, 2, 2, 4, 5, 81, 0, 1, 0, 0, 0, 0]",2,0.5983014274296711,-1,0
456,"[1, 3, 0, 1, 2, 10, 0, 2, 0, 1, 0, 0, 1, 0, 2, 0, 0, 0, 0, 0, 0, 0, 0, 0, 2, 0, 0, 0, 0, 0, 0, 0, 1, 1, 0, 1, 1, 0, 2, 0, 0, 0, 1, 0, 0, 0, 0, 1, 0, 0, 0, 0, 2, 0, 0, 0, 0, 0, 0, 0, 0, 0, 0, 2, 2, 0, 2, 1, 2, 1, 4, 3, 6, 5, 3, 3, 2, 2, 4, 5, 81, 0, 0, 0, 0, 0, 0]",-1,-0.022242903311147057,-1,0
457,"[1, 3, 0, 1, 2, 10, 0, 2, 0, 1, 0, 0, 1, 0, 2, 0, 0, 0, 0, 0, 0, 0, 0, 0, 2, 0, 0, 0, 0, 0, 0, 0, 1, 1, 0, 1, 1, 0, 2, 0, 0, 0, 1, 0, 0, 0, 0, 1, 0, 0, 0, 0, 2, 0, 0, 0, 0, 0, 0, 0, 0, 0, 0, 2, 2, 0, 2, 1, 2, 1, 4, 3, 6, 5, 3, 3, 2, 2, 4, 5, 81, 1, 0, 0, 0, 0, 0]",3,0.3983014274296712,-1,0
458,"[1, 3, 0, 1, 2, 10, 0, 2, 0, 1, 0, 0, 1, 0, 2, 0, 0, 0, 0, 0, 0, 0, 0, 0, 2, 0, 0, 0, 0, 0, 0, 0, 1, 1, 0, 1, 1, 0, 2, 0, 0, 0, 1, 0, 0, 0, 0, 1, 0, 0, 0, 0, 2, 0, 0, 0, 0, 0, 0, 0, 0, 0, 0, 2, 2, 0, 2, 1, 2, 1, 4, 3, 6, 5, 3, 3, 2, 2, 4, 5, 81, 0, 0, 0, 0, 0, 0]",-1,-0.022242903311147057,-1,0
459,"[1, 3, 0, 1, 2, 10, 0, 2, 0, 1, 0, 0, 1, 0, 2, 0, 0, 0, 0, 0, 0, 0, 0, 0, 2, 0, 0, 0, 0, 0, 0, 0, 1, 1, 0, 1, 1, 0, 2, 0, 0, 0, 1, 0, 0, 0, 0, 1, 0, 0, 0, 0, 2, 0, 0, 0, 0, 0, 0, 0, 0, 0, 0, 2, 2, 0, 2, 1, 2, 1, 4, 3, 6, 5, 3, 3, 2, 2, 4, 5, 81, 0, 0, 0, 0, 0, 0]",1,0.8079255425292878,-1,0
460,"[1, 3, 0, 1, 2, 10, 0, 2, 0, 1, 0, 0, 1, 0, 2, 0, 0, 0, 0, 0, 0, 0, 0, 0, 2, 0, 0, 0, 0, 0, 0, 0, 1, 1, 0, 1, 1, 0, 2, 0, 0, 0, 1, 0, 0, 0, 0, 1, 0, 0, 0, 0, 2, 0, 0, 0, 0, 0, 0, 0, 0, 0, 0, 2, 2, 0, 2, 1, 2, 1, 4, 3, 6, 5, 3, 3, 2, 2, 4, 5, 81, 0, 0, 0, 0, 0, 0]",-1,-0.022242903311147057,-1,0
461,"[1, 3, 0, 1, 2, 10, 0, 2, 0, 1, 0, 0, 1, 0, 2, 0, 0, 0, 0, 0, 0, 0, 0, 0, 2, 0, 0, 0, 0, 0, 0, 0, 1, 1, 0, 1, 1, 0, 2, 0, 0, 0, 1, 0, 0, 0, 0, 1, 0, 0, 0, 0, 2, 0, 0, 0, 0, 0, 0, 0, 0, 0, 0, 2, 2, 0, 2, 1, 2, 1, 4, 3, 6, 5, 3, 3, 2, 2, 4, 5, 81, 1, 0, 0, 0, 0, 0]",3,0.3983014274296712,-1,0
462,"[1, 3, 0, 1, 2, 10, 0, 2, 0, 1, 0, 0, 1, 0, 2, 0, 0, 0, 0, 0, 0, 0, 0, 0, 2, 0, 0, 0, 0, 0, 0, 0, 1, 1, 0, 1, 1, 0, 2, 0, 0, 0, 1, 0, 0, 0, 0, 1, 0, 0, 0, 0, 2, 0, 0, 0, 0, 0, 0, 0, 0, 0, 0, 2, 2, 0, 2, 1, 2, 1, 4, 3, 6, 5, 3, 3, 2, 2, 4, 5, 81, 0, 0, 0, 0, 0, 0]",-1,-0.022242903311147057,-1,0
463,"[1, 3, 0, 1, 2, 10, 0, 2, 0, 1, 0, 0, 1, 0, 2, 0, 0, 0, 0, 0, 0, 0, 0, 0, 2, 0, 0, 0, 0, 0, 0, 0, 1, 1, 0, 1, 1, 0, 2, 0, 0, 0, 1, 0, 0, 0, 0, 1, 0, 0, 0, 0, 2, 0, 0, 0, 0, 0, 0, 0, 0, 0, 0, 2, 2, 0, 2, 1, 2, 1, 4, 3, 6, 5, 3, 3, 2, 2, 4, 5, 81, 0, 1, 0, 0, 0, 0]",2,0.5983014274296711,-1,0
464,"[1, 3, 0, 1, 2, 10, 0, 2, 0, 1, 0, 0, 1, 0, 2, 0, 0, 0, 0, 0, 0, 0, 0, 0, 2, 0, 0, 0, 0, 0, 0, 0, 1, 1, 0, 1, 1, 0, 2, 0, 0, 0, 1, 0, 0, 0, 0, 1, 0, 0, 0, 0, 2, 0, 0, 0, 0, 0, 0, 0, 0, 0, 0, 2, 2, 0, 2, 1, 2, 1, 4, 3, 6, 5, 3, 3, 2, 2, 4, 5, 81, 0, 0, 0, 0, 0, 0]",-1,-0.022242903311147057,-1,0
465,"[1, 3, 0, 1, 2, 10, 0, 2, 0, 1, 0, 0, 1, 0, 2, 0, 0, 0, 0, 0, 0, 0, 0, 0, 2, 0, 0, 0, 0, 0, 0, 0, 1, 1, 0, 1, 1, 0, 2, 0, 0, 0, 1, 0, 0, 0, 0, 1, 0, 0, 0, 0, 2, 0, 0, 0, 0, 0, 0, 0, 0, 0, 0, 2, 2, 0, 2, 1, 2, 1, 4, 3, 6, 5, 3, 3, 2, 2, 4, 5, 81, 0, 0, 0, 0, 0, 0]",1,0.8079255425292878,-1,0
466,"[1, 3, 0, 1, 2, 10, 0, 2, 0, 1, 0, 0, 1, 0, 2, 0, 0, 0, 0, 0, 0, 0, 0, 0, 2, 0, 0, 0, 0, 0, 0, 0, 1, 1, 0, 1, 1, 0, 2, 0, 0, 0, 1, 0, 0, 0, 0, 1, 0, 0, 0, 0, 2, 0, 0, 0, 0, 0, 0, 0, 0, 0, 0, 2, 2, 0, 2, 1, 2, 1, 4, 3, 6, 5, 3, 3, 2, 2, 4, 5, 81, 0, 0, 0, 0, 0, 0]",-1,-0.022242903311147057,-1,0
467,"[1, 3, 0, 1, 2, 10, 0, 2, 0, 1, 0, 0, 1, 0, 2, 0, 0, 0, 0, 0, 0, 0, 0, 0, 2, 0, 0, 0, 0, 0, 0, 0, 1, 1, 0, 1, 1, 0, 2, 0, 0, 0, 1, 0, 0, 0, 0, 1, 0, 0, 0, 0, 2, 0, 0, 0, 0, 0, 0, 0, 0, 0, 0, 2, 2, 0, 2, 1, 2, 1, 4, 3, 6, 5, 3, 3, 2, 2, 4, 5, 81, 1, 0, 0, 0, 0, 0]",3,0.3983014274296712,-1,0
468,"[1, 3, 0, 1, 2, 10, 0, 2, 0, 1, 0, 0, 1, 0, 2, 0, 0, 0, 0, 0, 0, 0, 0, 0, 2, 0, 0, 0, 0, 0, 0, 0, 1, 1, 0, 1, 1, 0, 2, 0, 0, 0, 1, 0, 0, 0, 0, 1, 0, 0, 0, 0, 2, 0, 0, 0, 0, 0, 0, 0, 0, 0, 0, 2, 2, 0, 2, 1, 2, 1, 4, 3, 6, 5, 3, 3, 2, 2, 4, 5, 81, 0, 0, 0, 0, 0, 0]",-1,-0.022242903311147057,-1,0
469,"[1, 3, 0, 1, 2, 10, 0, 2, 0, 1, 0, 0, 1, 0, 2, 0, 0, 0, 0, 0, 0, 0, 0, 0, 2, 0, 0, 0, 0, 0, 0, 0, 1, 1, 0, 1, 1, 0, 2, 0, 0, 0, 1, 0, 0, 0, 0, 1, 0, 0, 0, 0, 2, 0, 0, 0, 0, 0, 0, 0, 0, 0, 0, 2, 2, 0, 2, 1, 2, 1, 4, 3, 6, 5, 3, 3, 2, 2, 4, 5, 81, 0, 1, 0, 0, 0, 0]",2,0.5983014274296711,-1,0
470,"[1, 3, 0, 1, 2, 10, 0, 2, 0, 1, 0, 0, 1, 0, 2, 0, 0, 0, 0, 0, 0, 0, 0, 0, 2, 0, 0, 0, 0, 0, 0, 0, 1, 1, 0, 1, 1, 0, 2, 0, 0, 0, 1, 0, 0, 0, 0, 1, 0, 0, 0, 0, 2, 0, 0, 0, 0, 0, 0, 0, 0, 0, 0, 2, 2, 0, 2, 1, 2, 1, 4, 3, 6, 5, 3, 3, 2, 2, 4, 5, 81, 0, 0, 0, 0, 0, 0]",-1,-0.022242903311147057,-1,0
471,"[1, 3, 0, 1, 2, 10, 0, 2, 0, 1, 0, 0, 1, 0, 2, 0, 0, 0, 0, 0, 0, 0, 0, 0, 2, 0, 0, 0, 0, 0, 0, 0, 1, 1, 0, 1, 1, 0, 2, 0, 0, 0, 1, 0, 0, 0, 0, 1, 0, 0, 0, 0, 2, 0, 0, 0, 0, 0, 0, 0, 0, 0, 0, 2, 2, 0, 2, 1, 2, 1, 4, 3, 6, 5, 3, 3, 2, 2, 4, 5, 81, 0, 1, 0, 0, 0, 0]",2,0.5983014274296711,-1,0
472,"[1, 3, 0, 1, 2, 10, 0, 2, 0, 1, 0, 0, 1, 0, 2, 0, 0, 0, 0, 0, 0, 0, 0, 0, 2, 0, 0, 0, 0, 0, 0, 0, 1, 1, 0, 1, 1, 0, 2, 0, 0, 0, 1, 0, 0, 0, 0, 1, 0, 0, 0, 0, 2, 0, 0, 0, 0, 0, 0, 0, 0, 0, 0, 2, 2, 0, 2, 1, 2, 1, 4, 3, 6, 5, 3, 3, 2, 2, 4, 5, 81, 0, 0, 0, 0, 0, 0]",-1,-0.022242903311147057,-1,0
473,"[1, 3, 0, 1, 2, 10, 0, 2, 0, 1, 0, 0, 1, 0, 2, 0, 0, 0, 0, 0, 0, 0, 0, 0, 2, 0, 0, 0, 0, 0, 0, 0, 1, 1, 0, 1, 1, 0, 2, 0, 0, 0, 1, 0, 0, 0, 0, 1, 0, 0, 0, 0, 2, 0, 0, 0, 0, 0, 0, 0, 0, 0, 0, 2, 2, 0, 2, 1, 2, 1, 4, 3, 6, 5, 3, 3, 2, 2, 4, 5, 82, 0, 0, 0, 0, 0, 0]",4,14.355673992845604,-1,0
474,"[1, 3, 0, 1, 2, 10, 0, 2, 0, 1, 0, 0, 1, 0, 2, 0, 0, 0, 0, 0, 0, 0, 0, 0, 2, 0, 0, 0, 0, 0, 0, 0, 1, 1, 0, 1, 1, 0, 2, 0, 0, 0, 1, 0, 0, 0, 0, 1, 0, 0, 0, 0, 2, 0, 0, 0, 0, 0, 0, 0, 0, 0, 0, 2, 2, 0, 2, 1, 2, 1, 4, 3, 6, 5, 3, 3, 2, 2, 4, 5, 82, 1, 0, 0, 0, 0, 0]",3,0.39823271990787845,-1,1
475,"[1, 3, 0, 1, 2, 10, 0, 2, 0, 1, 0, 0, 1, 0, 2, 0, 0, 0, 0, 0, 0, 0, 0, 0, 2, 0, 0, 0, 0, 0, 0, 0, 1, 1, 0, 1, 1, 0, 2, 0, 0, 0, 1, 0, 0, 0, 0, 1, 0, 0, 0, 0, 2, 0, 0, 0, 0, 0, 0, 0, 0, 0, 0, 2, 2, 0, 2, 1, 2, 1, 4, 3, 6, 5, 3, 3, 2, 2, 4, 5, 82, 0, 0, 0, 0, 0, 0]",-1,-0.022021582725299964,-1,1
476,"[1, 4, 0, 1, 2, 11, 0, 2, 0, 1, 0, 0, 1, 0, 2, 0, 0, 0, 0, 0, 0, 0, 0, 0, 2, 0, 0, 0, 0, 0, 0, 0, 1, 1, 0, 1, 1, 0, 2, 0, 0, 0, 1, 0, 0, 0, 0, 1, 0, 0, 0, 0, 2, 0, 0, 0, 0, 0, 0, 0, 0, 0, 0, 2, 2, 0, 2, 1, 2, 1, 4, 3, 6, 5, 3, 3, 2, 2, 4, 5, 83, 0, 0, 0, 0, 0, 0]",4,8.38000093145012,-1,1
477,"[1, 4, 0, 1, 2, 11, 0, 2, 0, 1, 0, 0, 1, 0, 2, 0, 0, 0, 0, 0, 0, 0, 0, 0, 2, 0, 0, 0, 0, 0, 0, 0, 1, 1, 0, 1, 1, 0, 2, 0, 0, 0, 1, 0, 0, 0, 0, 1, 0, 0, 0, 0, 2, 0, 0, 0, 0, 0, 0, 0, 0, 0, 0, 2, 2, 0, 2, 1, 2, 1, 4, 3, 6, 5, 3, 3, 2, 2, 4, 5, 84, 0, 0, 0, 0, 0, 0]",4,14.187460091487024,-1,0
478,"[1, 4, 0, 1, 2, 11, 0, 2, 0, 1, 0, 0, 1, 0, 2, 0, 0, 0, 0, 0, 0, 0, 0, 0, 2, 0, 0, 0, 0, 0, 0, 0, 1, 1, 0, 1, 1, 0, 2, 0, 0, 0, 1, 0, 0, 0, 0, 1, 0, 0, 0, 0, 2, 0, 0, 0, 0, 0, 0, 0, 0, 0, 0, 2, 2, 0, 2, 1, 2, 1, 4, 3, 6, 5, 3, 3, 2, 2, 4, 5, 84, 0, 0, 0, 0, 0, 0]",0,0.6241859699655227,-1,1
479,"[1, 4, 0, 1, 1, 10, 0, 2, 0, 1, 0, 0, 1, 0, 2, 0, 0, 0, 0, 0, 0, 0, 0, 0, 2, 0, 0, 0, 0, 0, 0, 0, 1, 1, 0, 1, 1, 0, 2, 0, 0, 0, 1, 0, 0, 0, 0, 1, 0, 0, 2, 0, 2, 0, 0, 0, 0, 0, 0, 0, 0, 0, 0, 2, 2, 0, 2, 1, 2, 1, 4, 3, 6, 5, 3, 3, 2, 2, 4, 5, 84, 0, 0, 0, 0, 0, 0]",18,0.49808693626558165,-1,1
480,"[1, 4, 0, 1, 1, 10, 0, 2, 0, 1, 0, 0, 1, 0, 2, 0, 0, 0, 0, 0, 0, 0, 0, 0, 2, 0, 0, 0, 0, 0, 0, 0, 1, 1, 0, 1, 1, 0, 2, 0, 0, 0, 1, 0, 0, 0, 0, 1, 0, 0, 2, 0, 2, 0, 0, 0, 0, 0, 0, 0, 0, 0, 0, 2, 2, 0, 2, 1, 2, 1, 4, 3, 6, 5, 3, 3, 2, 2, 4, 5, 84, 0, 0, 0, 0, 0, 0]",-1,-0.021585526171453987,-1,1
481,"[1, 2, 0, 1, 1, 5, 0, 1, 0, 1, 0, 0, 1, 0, 2, 0, 0, 0, 0, 0, 0, 0, 0, 0, 2, 0, 0, 0, 0, 0, 0, 0, 1, 1, 0, 1, 1, 0, 2, 0, 0, 0, 1, 0, 0, 0, 0, 1, 0, 0, 2, 0, 2, 0, 0, 0, 0, 0, 0, 0, 0, 0, 0, 2, 2, 0, 2, 1, 2, 1, 4, 3, 6, 5, 3, 3, 2, 2, 4, 3, 85, 0, 0, 0, 0, 0, 0]",4,9.87780395336246,-1,1
482,"[1, 2, 0, 1, 1, 5, 0, 1, 0, 1, 0, 0, 1, 0, 2, 0, 0, 0, 0, 0, 0, 0, 0, 0, 2, 0, 0, 0, 0, 0, 0, 0, 1, 1, 0, 1, 1, 0, 2, 0, 0, 0, 1, 0, 0, 0, 0, 1, 0, 0, 2, 0, 2, 0, 0, 0, 0, 0, 0, 0, 0, 0, 0, 2, 2, 0, 2, 1, 2, 1, 4, 3, 6, 5, 3, 3, 2, 2, 4, 3, 85, 0, 0, 0, 0, 0, 0]",1,0.8076337547262359,-1,0
483,"[1, 2, 0, 1, 1, 5, 0, 1, 0, 1, 0, 0, 1, 0, 2, 0, 0, 0, 0, 0, 0, 0, 0, 0, 2, 0, 0, 0, 0, 0, 0, 0, 1, 1, 0, 1, 1, 0, 2, 0, 0, 0, 1, 0, 0, 0, 0, 1, 0, 0, 2, 0, 2, 0, 0, 0, 0, 0, 0, 0, 0, 0, 0, 2, 2, 0, 2, 1, 2, 1, 4, 3, 6, 5, 3, 3, 2, 2, 4, 3, 85, 0, 0, 0, 0, 0, 0]",-1,-0.021370746597436336,-1,0
484,"[1, 2, 0, 1, 1, 5, 0, 1, 0, 1, 0, 0, 1, 0, 2, 0, 0, 0, 0, 0, 0, 0, 0, 0, 2, 0, 0, 0, 0, 0, 0, 0, 1, 1, 0, 1, 1, 0, 2, 0, 0, 0, 1, 0, 0, 0, 0, 1, 0, 0, 2, 0, 2, 0, 0, 0, 0, 0, 0, 0, 0, 0, 0, 2, 2, 0, 2, 1, 2, 1, 4, 3, 6, 5, 3, 3, 2, 2, 4, 3, 85, 1, 0, 0, 0, 0, 0]",3,0.39800963962661917,-1,0
485,"[1, 2, 0, 1, 1, 5, 0, 1, 0, 1, 0, 0, 1, 0, 2, 0, 0, 0, 0, 0, 0, 0, 0, 0, 2, 0, 0, 0, 0, 0, 0, 0, 1, 1, 0, 1, 1, 0, 2, 0, 0, 0, 1, 0, 0, 0, 0, 1, 0, 0, 2, 0, 2, 0, 0, 0, 0, 0, 0, 0, 0, 0, 0, 2, 2, 0, 2, 1, 2, 1, 4, 3, 6, 5, 3, 3, 2, 2, 4, 3, 85, 0, 0, 0, 0, 0, 0]",-1,-0.021370746597436336,-1,0
486,"[1, 2, 0, 1, 1, 5, 0, 1, 0, 1, 0, 0, 1, 0, 2, 0, 0, 0, 0, 0, 0, 0, 0, 0, 2, 0, 0, 0, 0, 0, 0, 0, 1, 1, 0, 1, 1, 0, 2, 0, 0, 0, 1, 0, 0, 0, 0, 1, 0, 0, 2, 0, 2, 0, 0, 0, 0, 0, 0, 0, 0, 0, 0, 2, 2, 0, 2, 1, 2, 1, 4, 3, 6, 5, 3, 3, 2, 2, 4, 3, 85, 0, 0, 0, 0, 0, 0]",1,0.8076337547262359,-1,0
487,"[1, 2, 0, 1, 1, 5, 0, 1, 0, 1, 0, 0, 1, 0, 2, 0, 0, 0, 0, 0, 0, 0, 0, 0, 2, 0, 0, 0, 0, 0, 0, 0, 1, 1, 0, 1, 1, 0, 2, 0, 0, 0, 1, 0, 0, 0, 0, 1, 0, 0, 2, 0, 2, 0, 0, 0, 0, 0, 0, 0, 0, 0, 0, 2, 2, 0, 2, 1, 2, 1, 4, 3, 6, 5, 3, 3, 2, 2, 4, 3, 85, 0, 0, 0, 0, 0, 0]",-1,-0.021370746597436336,-1,0
488,"[1, 2, 0, 1, 1, 5, 0, 1, 0, 1, 0, 0, 1, 0, 2, 0, 0, 0, 0, 0, 0, 0, 0, 0, 2, 0, 0, 0, 0, 0, 0, 0, 1, 1, 0, 1, 1, 0, 2, 0, 0, 0, 1, 0, 0, 0, 0, 1, 0, 0, 2, 0, 2, 0, 0, 0, 0, 0, 0, 0, 0, 0, 0, 2, 2, 0, 2, 1, 2, 1, 4, 3, 6, 5, 3, 3, 2, 2, 4, 3, 85, 0, 1, 0, 0, 0, 0]",2,0.5980096396266191,-1,0
489,"[1, 2, 0, 1, 1, 5, 0, 1, 0, 1, 0, 0, 1, 0, 2, 0, 0, 0, 0, 0, 0, 0, 0, 0, 2, 0, 0, 0, 0, 0, 0, 0, 1, 1, 0, 1, 1, 0, 2, 0, 0, 0, 1, 0, 0, 0, 0, 1, 0, 0, 2, 0, 2, 0, 0, 0, 0, 0, 0, 0, 0, 0, 0, 2, 2, 0, 2, 1, 2, 1, 4, 3, 6, 5, 3, 3, 2, 2, 4, 3, 85, 0, 0, 0, 0, 0, 0]",-1,-0.021370746597436336,-1,0
490,"[1, 2, 0, 1, 1, 5, 0, 1, 0, 1, 0, 0, 1, 0, 2, 0, 0, 0, 0, 0, 0, 0, 0, 0, 2, 0, 0, 0, 0, 0, 0, 0, 1, 1, 0, 1, 1, 0, 2, 0, 0, 0, 1, 0, 0, 0, 0, 1, 0, 0, 2, 0, 2, 0, 0, 0, 0, 0, 0, 0, 0, 0, 0, 2, 2, 0, 2, 1, 2, 1, 4, 3, 6, 5, 3, 3, 2, 2, 4, 3, 85, 0, 1, 0, 0, 0, 0]",2,0.5980096396266191,-1,0
491,"[1, 2, 0, 1, 1, 5, 0, 1, 0, 1, 0, 0, 1, 0, 2, 0, 0, 0, 0, 0, 0, 0, 0, 0, 2, 0, 0, 0, 0, 0, 0, 0, 1, 1, 0, 1, 1, 0, 2, 0, 0, 0, 1, 0, 0, 0, 0, 1, 0, 0, 2, 0, 2, 0, 0, 0, 0, 0, 0, 0, 0, 0, 0, 2, 2, 0, 2, 1, 2, 1, 4, 3, 6, 5, 3, 3, 2, 2, 4, 3, 85, 0, 0, 0, 0, 0, 0]",-1,-0.021370746597436336,-1,0
492,"[1, 2, 0, 1, 1, 5, 0, 1, 0, 1, 0, 0, 1, 0, 2, 0, 0, 0, 0, 0, 0, 0, 0, 0, 2, 0, 0, 0, 0, 0, 0, 0, 1, 1, 0, 1, 1, 0, 2, 0, 0, 0, 1, 0, 0, 0, 0, 1, 0, 0, 2, 0, 2, 0, 0, 0, 0, 0, 0, 0, 0, 0, 0, 2, 2, 0, 2, 1, 2, 1, 4, 3, 6, 5, 3, 3, 2, 2, 4, 3, 85, 0, 1, 0, 0, 0, 0]",2,0.5980096396266191,-1,0
493,"[1, 2, 0, 1, 1, 5, 0, 1, 0, 1, 0, 0, 1, 0, 2, 0, 0, 0, 0, 0, 0, 0, 0, 0, 2, 0, 0, 0, 0, 0, 0, 0, 1, 1, 0, 1, 1, 0, 2, 0, 0, 0, 1, 0, 0, 0, 0, 1, 0, 0, 2, 0, 2, 0, 0, 0, 0, 0, 0, 0, 0, 0, 0, 2, 2, 0, 2, 1, 2, 1, 4, 3, 6, 5, 3, 3, 2, 2, 4, 3, 85, 0, 0, 0, 0, 0, 0]",-1,-0.021370746597436336,-1,0
494,"[1, 2, 0, 1, 1, 5, 0, 1, 0, 1, 0, 0, 1, 0, 2, 0, 0, 0, 0, 0, 0, 0, 0, 0, 2, 0, 0, 0, 0, 0, 0, 0, 1, 1, 0, 1, 1, 0, 2, 0, 0, 0, 1, 0, 0, 0, 0, 1, 0, 0, 2, 0, 2, 0, 0, 0, 0, 0, 0, 0, 0, 0, 0, 2, 2, 0, 2, 1, 2, 1, 4, 3, 6, 5, 3, 3, 2, 2, 4, 3, 85, 1, 0, 0, 0, 0, 0]",3,0.39800963962661917,-1,0
495,"[1, 2, 0, 1, 1, 5, 0, 1, 0, 1, 0, 0, 1, 0, 2, 0, 0, 0, 0, 0, 0, 0, 0, 0, 2, 0, 0, 0, 0, 0, 0, 0, 1, 1, 0, 1, 1, 0, 2, 0, 0, 0, 1, 0, 0, 0, 0, 1, 0, 0, 2, 0, 2, 0, 0, 0, 0, 0, 0, 0, 0, 0, 0, 2, 2, 0, 2, 1, 2, 1, 4, 3, 6, 5, 3, 3, 2, 2, 4, 3, 85, 0, 0, 0, 0, 0, 0]",-1,-0.021370746597436336,-1,0
496,"[1, 2, 0, 1, 1, 5, 0, 2, 0, 1, 0, 0, 1, 0, 2, 0, 0, 0, 0, 0, 0, 0, 0, 0, 2, 0, 0, 0, 0, 0, 0, 0, 1, 1, 0, 1, 1, 0, 2, 0, 0, 0, 1, 0, 0, 0, 0, 1, 0, 0, 2, 0, 2, 0, 0, 0, 0, 0, 0, 0, 0, 0, 0, 2, 2, 0, 2, 1, 2, 1, 4, 3, 6, 5, 3, 3, 2, 2, 4, 3, 86, 0, 0, 0, 0, 0, 0]",4,14.614439309062497,-1,0
497,"[1, 2, 0, 1, 1, 5, 0, 2, 0, 1, 0, 0, 1, 0, 2, 0, 0, 0, 0, 0, 0, 0, 0, 0, 2, 0, 0, 0, 0, 0, 0, 0, 1, 1, 0, 1, 1, 0, 2, 0, 0, 0, 1, 0, 0, 0, 0, 1, 0, 0, 2, 0, 2, 0, 0, 0, 0, 0, 0, 0, 0, 0, 0, 2, 2, 0, 2, 1, 2, 1, 4, 3, 6, 5, 3, 3, 2, 2, 4, 3, 86, 0, 0, 0, 0, 0, 0]",-1,-0.021158104115887442,-1,1
498,"[1, 2, 0, 1, 1, 5, 0, 2, 0, 1, 0, 0, 1, 0, 2, 0, 0, 0, 0, 0, 0, 0, 0, 0, 2, 0, 0, 0, 0, 0, 0, 0, 1, 1, 0, 1, 1, 0, 2, 0, 0, 0, 1, 0, 0, 0, 0, 1, 0, 0, 2, 0, 2, 0, 0, 0, 0, 0, 0, 0, 0, 0, 0, 2, 2, 0, 2, 1, 2, 1, 4, 3, 6, 5, 3, 3, 2, 2, 4, 3, 86, 0, 0, 0, 0, 0, 0]",0,0.5835912710676344,-1,1
499,"[1, 2, 0, 1, 1, 5, 0, 2, 0, 1, 0, 0, 1, 0, 2, 0, 0, 0, 0, 0, 0, 0, 0, 0, 2, 0, 0, 0, 0, 0, 0, 0, 1, 1, 0, 1, 1, 0, 2, 0, 0, 0, 1, 0, 0, 0, 0, 1, 0, 0, 2, 0, 2, 0, 0, 0, 0, 0, 0, 0, 0, 0, 0, 2, 2, 0, 2, 1, 2, 1, 4, 3, 6, 5, 3, 3, 2, 2, 4, 3, 86, 0, 0, 0, 0, 0, 0]",-1,-0.021158104115887442,-1,1
500,"[1, 2, 0, 1, 3, 5, 0, 2, 0, 1, 0, 0, 1, 0, 2, 0, 0, 0, 0, 0, 0, 0, 0, 0, 2, 0, 0, 0, 0, 0, 0, 0, 1, 1, 0, 1, 1, 0, 2, 0, 0, 0, 1, 0, 0, 0, 0, 1, 0, 0, 2, 0, 2, 0, 0, 0, 0, 0, 0, 0, 0, 0, 0, 2, 2, 0, 2, 1, 2, 1, 4, 3, 6, 5, 3, 3, 2, 2, 4, 3, 87, 0, 0, 0, 0, 0, 0]",4,10.096711077685352,-1,1
501,"[1, 2, 0, 1, 5, 5, 0, 2, 0, 1, 0, 0, 1, 0, 2, 0, 0, 0, 0, 0, 0, 0, 0, 0, 2, 0, 0, 0, 0, 0, 0, 0, 1, 1, 0, 1, 1, 0, 2, 0, 0, 0, 1, 0, 0, 0, 0, 1, 0, 0, 2, 0, 2, 0, 0, 0, 0, 0, 0, 0, 0, 0, 0, 2, 2, 0, 2, 1, 2, 1, 4, 3, 6, 5, 3, 3, 2, 2, 4, 3, 88, 0, 0, 0, 0, 0, 0]",4,14.613422437034238,-1,0
502,"[1, 2, 0, 1, 5, 5, 0, 2, 0, 1, 0, 0, 1, 0, 2, 0, 0, 0, 0, 0, 0, 0, 0, 0, 2, 0, 0, 0, 0, 0, 0, 0, 1, 1, 0, 1, 1, 0, 2, 0, 0, 0, 1, 0, 0, 0, 0, 1, 0, 0, 2, 0, 2, 0, 0, 0, 0, 0, 0, 0, 0, 0, 0, 2, 2, 0, 2, 1, 2, 1, 4, 3, 6, 5, 3, 3, 2, 2, 4, 3, 88, 0, 0, 0, 0, 0, 0]",0,0.5834207373094842,-1,1
503,"[1, 2, 0, 1, 5, 5, 0, 2, 0, 1, 0, 0, 1, 0, 2, 0, 0, 0, 0, 0, 0, 0, 0, 0, 2, 0, 0, 0, 0, 0, 0, 0, 1, 1, 0, 1, 1, 0, 2, 0, 0, 0, 1, 0, 0, 0, 0, 1, 0, 0, 2, 0, 2, 0, 0, 0, 0, 0, 0, 0, 0, 0, 0, 2, 2, 0, 2, 1, 2, 1, 4, 3, 6, 5, 3, 3, 2, 2, 4, 3, 88, 0, 0, 0, 0, 0, 0]",-1,-0.02073914558407907,-1,1
504,"[1, 2, 0, 1, 5, 5, 0, 3, 0, 1, 0, 0, 1, 0, 2, 0, 0, 0, 0, 0, 0, 0, 0, 0, 2, 0, 0, 0, 0, 0, 0, 0, 1, 1, 0, 1, 1, 0, 2, 0, 0, 0, 1, 0, 0, 0, 0, 1, 0, 0, 2, 0, 2, 0, 0, 0, 0, 0, 0, 0, 0, 0, 0, 2, 2, 0, 2, 1, 2, 1, 4, 3, 6, 5, 3, 3, 2, 2, 4, 3, 89, 0, 0, 0, 0, 0, 0]",4,10.121286324888448,-1,1
505,"[1, 2, 0, 1, 5, 5, 0, 3, 0, 1, 0, 0, 1, 0, 2, 0, 0, 0, 0, 0, 0, 0, 0, 0, 2, 0, 0, 0, 0, 0, 0, 0, 1, 1, 0, 1, 1, 0, 2, 0, 0, 0, 1, 0, 0, 0, 0, 1, 0, 0, 2, 0, 2, 0, 0, 0, 0, 0, 0, 0, 0, 0, 0, 2, 2, 0, 2, 1, 2, 1, 4, 3, 6, 5, 3, 3, 2, 2, 4, 3, 89, 0, 0, 0, 0, 0, 0]",1,0.8072924317886501,-1,0
506,"[1, 2, 0, 1, 5, 5, 0, 3, 0, 1, 0, 0, 1, 0, 2, 0, 0, 0, 0, 0, 0, 0, 0, 0, 2, 0, 0, 0, 0, 0, 0, 0, 1, 1, 0, 1, 1, 0, 2, 0, 0, 0, 1, 0, 0, 0, 0, 1, 0, 0, 2, 0, 2, 0, 0, 0, 0, 0, 0, 0, 0, 0, 0, 2, 2, 0, 2, 1, 2, 1, 4, 3, 6, 5, 3, 3, 2, 2, 4, 3, 89, 0, 0, 0, 0, 0, 0]",-1,-0.020532787637617275,-1,0
507,"[1, 2, 0, 1, 5, 5, 0, 3, 0, 1, 0, 0, 1, 0, 2, 0, 0, 0, 0, 0, 0, 0, 0, 0, 2, 0, 0, 0, 0, 0, 0, 0, 1, 1, 0, 1, 1, 0, 2, 0, 0, 0, 1, 0, 0, 0, 0, 1, 0, 0, 2, 0, 2, 0, 0, 0, 0, 0, 0, 0, 0, 0, 0, 2, 2, 0, 2, 1, 2, 1, 4, 3, 6, 5, 3, 3, 2, 2, 4, 3, 89, 0, 0, 0, 0, 0, 0]",1,0.8072924317886501,-1,0
508,"[1, 2, 0, 1, 5, 5, 0, 3, 0, 1, 0, 0, 1, 0, 2, 0, 0, 0, 0, 0, 0, 0, 0, 0, 2, 0, 0, 0, 0, 0, 0, 0, 1, 1, 0, 1, 1, 0, 2, 0, 0, 0, 1, 0, 0, 0, 0, 1, 0, 0, 2, 0, 2, 0, 0, 0, 0, 0, 0, 0, 0, 0, 0, 2, 2, 0, 2, 1, 2, 1, 4, 3, 6, 5, 3, 3, 2, 2, 4, 3, 89, 0, 0, 0, 0, 0, 0]",-1,-0.020532787637617275,-1,0
509,"[1, 2, 0, 1, 5, 5, 0, 3, 0, 1, 0, 0, 1, 0, 2, 0, 0, 0, 0, 0, 0, 0, 0, 0, 2, 0, 0, 0, 0, 0, 0, 0, 1, 1, 0, 1, 1, 0, 2, 0, 0, 0, 1, 0, 0, 0, 0, 1, 0, 0, 2, 0, 2, 0, 0, 0, 0, 0, 0, 0, 0, 0, 0, 2, 2, 0, 2, 1, 2, 1, 4, 3, 6, 5, 3, 3, 2, 2, 4, 3, 89, 1, 0, 0, 0, 0, 0]",3,0.3976683166890334,-1,0
510,"[1, 2, 0, 1, 5, 5, 0, 3, 0, 1, 0, 0, 1, 0, 2, 0, 0, 0, 0, 0, 0, 0, 0, 0, 2, 0, 0, 0, 0, 0, 0, 0, 1, 1, 0, 1, 1, 0, 2, 0, 0, 0, 1, 0, 0, 0, 0, 1, 0, 0, 2, 0, 2, 0, 0, 0, 0, 0, 0, 0, 0, 0, 0, 2, 2, 0, 2, 1, 2, 1, 4, 3, 6, 5, 3, 3, 2, 2, 4, 3, 89, 0, 0, 0, 0, 0, 0]",-1,-0.020532787637617275,-1,0
511,"[1, 2, 0, 1, 5, 5, 0, 3, 0, 1, 0, 0, 1, 0, 2, 0, 0, 0, 0, 0, 0, 0, 0, 0, 2, 0, 0, 0, 0, 0, 0, 0, 1, 1, 0, 1, 1, 0, 2, 0, 0, 0, 1, 0, 0, 0, 0, 1, 0, 0, 2, 0, 2, 0, 0, 0, 0, 0, 0, 0, 0, 0, 0, 2, 2, 0, 2, 1, 2, 1, 4, 3, 6, 5, 3, 3, 2, 2, 4, 3, 89, 1, 0, 0, 0, 0, 0]",3,0.3976683166890334,-1,0
512,"[1, 2, 0, 1, 5, 5, 0, 3, 0, 1, 0, 0, 1, 0, 2, 0, 0, 0, 0, 0, 0, 0, 0, 0, 2, 0, 0, 0, 0, 0, 0, 0, 1, 1, 0, 1, 1, 0, 2, 0, 0, 0, 1, 0, 0, 0, 0, 1, 0, 0, 2, 0, 2, 0, 0, 0, 0, 0, 0, 0, 0, 0, 0, 2, 2, 0, 2, 1, 2, 1, 4, 3, 6, 5, 3, 3, 2, 2, 4, 3, 89, 0, 0, 0, 0, 0, 0]",-1,-0.020532787637617275,-1,0
513,"[1, 2, 0, 1, 5, 5, 0, 3, 0, 1, 0, 0, 1, 0, 2, 0, 0, 0, 0, 0, 0, 0, 0, 0, 2, 0, 0, 0, 0, 0, 0, 0, 1, 1, 0, 1, 1, 0, 2, 0, 0, 0, 1, 0, 0, 0, 0, 1, 0, 0, 2, 0, 2, 0, 0, 0, 0, 0, 0, 0, 0, 0, 0, 2, 2, 0, 2, 1, 2, 1, 4, 3, 6, 5, 3, 3, 2, 2, 4, 3, 89, 1, 0, 0, 0, 0, 0]",3,0.3976683166890334,-1,0
514,"[1, 2, 0, 1, 5, 5, 0, 3, 0, 1, 0, 0, 1, 0, 2, 0, 0, 0, 0, 0, 0, 0, 0, 0, 2, 0, 0, 0, 0, 0, 0, 0, 1, 1, 0, 1, 1, 0, 2, 0, 0, 0, 1, 0, 0, 0, 0, 1, 0, 0, 2, 0, 2, 0, 0, 0, 0, 0, 0, 0, 0, 0, 0, 2, 2, 0, 2, 1, 2, 1, 4, 3, 6, 5, 3, 3, 2, 2, 4, 3, 89, 0, 0, 0, 0, 0, 0]",-1,-0.020532787637617275,-1,0
515,"[1, 2, 0, 1, 5, 5, 0, 4, 0, 1, 0, 0, 1, 0, 2, 0, 0, 0, 0, 0, 0, 0, 0, 0, 2, 0, 0, 0, 0, 0, 0, 0, 1, 1, 0, 1, 1, 0, 2, 0, 0, 0, 1, 0, 0, 0, 0, 1, 0, 0, 2, 0, 2, 0, 0, 0, 0, 0, 0, 0, 0, 0, 0, 2, 2, 0, 2, 1, 2, 1, 4, 3, 6, 5, 3, 3, 2, 2, 4, 3, 90, 0, 0, 0, 0, 0, 0]",4,14.612408451652223,-1,0
516,"[1, 2, 0, 1, 5, 5, 0, 4, 0, 1, 0, 0, 1, 0, 2, 0, 0, 0, 0, 0, 0, 0, 0, 0, 2, 0, 0, 0, 0, 0, 0, 0, 1, 1, 0, 1, 1, 0, 2, 0, 0, 0, 1, 0, 0, 0, 0, 1, 0, 0, 2, 0, 2, 0, 0, 0, 0, 0, 0, 0, 0, 0, 0, 2, 2, 0, 2, 1, 2, 1, 4, 3, 6, 5, 3, 3, 2, 2, 4, 3, 90, 1, 0, 0, 0, 0, 0]",3,0.39757431300314516,-1,1
517,"[1, 2, 0, 1, 5, 5, 0, 4, 0, 1, 0, 0, 1, 0, 2, 0, 0, 0, 0, 0, 0, 0, 0, 0, 2, 0, 0, 0, 0, 0, 0, 0, 1, 1, 0, 1, 1, 0, 2, 0, 0, 0, 1, 0, 0, 0, 0, 1, 0, 0, 2, 0, 2, 0, 0, 0, 0, 0, 0, 0, 0, 0, 0, 2, 2, 0, 2, 1, 2, 1, 4, 3, 6, 5, 3, 3, 2, 2, 4, 3, 90, 0, 0, 0, 0, 0, 0]",-1,-0.020328482987029956,-1,1
518,"[2, 2, 0, 1, 5, 5, 0, 4, 0, 1, 0, 0, 1, 0, 2, 0, 0, 0, 0, 0, 0, 0, 0, 0, 2, 0, 0, 0, 0, 0, 0, 0, 1, 1, 0, 1, 1, 0, 2, 0, 0, 0, 1, 0, 0, 0, 0, 1, 0, 0, 2, 0, 2, 0, 0, 0, 0, 0, 0, 0, 0, 0, 0, 2, 2, 0, 2, 1, 2, 1, 4, 3, 6, 5, 3, 3, 2, 2, 4, 3, 91, 0, 0, 0, 0, 0, 0]",4,10.143189448470228,-1,1
519,"[2, 2, 0, 1, 5, 5, 0, 4, 0, 1, 0, 0, 1, 0, 2, 0, 0, 0, 0, 0, 0, 0, 0, 0, 2, 0, 0, 0, 0, 0, 0, 0, 1, 1, 0, 1, 1, 0, 2, 0, 0, 0, 1, 0, 0, 0, 0, 1, 0, 0, 2, 0, 2, 0, 0, 0, 0, 0, 0, 0, 0, 0, 0, 2, 2, 0, 2, 1, 2, 1, 4, 3, 6, 5, 3, 3, 2, 2, 4, 3, 92, 0, 0, 0, 0, 0, 0]",4,14.51006886267066,-1,0
520,"[2, 2, 0, 1, 5, 5, 0, 4, 0, 1, 0, 0, 1, 0, 2, 0, 0, 0, 0, 0, 0, 0, 0, 0, 2, 0, 0, 0, 0, 0, 0, 0, 1, 1, 0, 1, 1, 0, 2, 0, 0, 0, 1, 0, 0, 0, 0, 1, 0, 0, 2, 0, 2, 0, 0, 0, 0, 0, 0, 0, 0, 0, 0, 2, 2, 0, 2, 1, 2, 1, 4, 3, 6, 5, 3, 3, 2, 2, 4, 3, 92, 1, 0, 0, 0, 0, 0]",3,0.3973749363325795,-1,1
521,"[2, 2, 0, 1, 5, 5, 0, 4, 0, 1, 0, 0, 1, 0, 2, 0, 0, 0, 0, 0, 0, 0, 0, 0, 2, 0, 0, 0, 0, 0, 0, 0, 1, 1, 0, 1, 1, 0, 2, 0, 0, 0, 1, 0, 0, 0, 0, 1, 0, 0, 2, 0, 2, 0, 0, 0, 0, 0, 0, 0, 0, 0, 0, 2, 2, 0, 2, 1, 2, 1, 4, 3, 6, 5, 3, 3, 2, 2, 4, 3, 92, 0, 0, 0, 0, 0, 0]",-1,-0.019925952054225708,-1,1
522,"[2, 2, 0, 1, 5, 5, 0, 4, 0, 1, 0, 0, 1, 0, 2, 0, 0, 0, 0, 0, 0, 0, 0, 0, 2, 0, 0, 0, 0, 0, 0, 0, 1, 1, 0, 1, 1, 0, 2, 0, 0, 0, 1, 0, 0, 0, 0, 1, 0, 0, 2, 0, 2, 0, 0, 0, 0, 0, 0, 0, 0, 0, 0, 2, 2, 0, 2, 1, 2, 1, 4, 3, 6, 5, 3, 3, 2, 2, 4, 3, 93, 0, 0, 0, 0, 0, 0]",4,10.142177086921016,-1,1
523,"[2, 2, 0, 1, 5, 5, 0, 4, 0, 1, 0, 0, 1, 0, 2, 0, 0, 0, 0, 0, 0, 0, 0, 0, 2, 0, 0, 0, 0, 0, 0, 0, 1, 1, 0, 1, 1, 0, 2, 0, 0, 0, 1, 0, 0, 0, 0, 1, 0, 0, 2, 0, 2, 0, 0, 0, 0, 0, 0, 0, 0, 0, 0, 2, 2, 0, 2, 1, 2, 1, 4, 3, 6, 5, 3, 3, 2, 2, 4, 3, 93, 0, 0, 0, 0, 0, 0]",1,0.8068933832801466,-1,0
524,"[2, 2, 0, 1, 5, 5, 0, 4, 0, 1, 0, 0, 1, 0, 2, 0, 0, 0, 0, 0, 0, 0, 0, 0, 2, 0, 0, 0, 0, 0, 0, 0, 1, 1, 0, 1, 1, 0, 2, 0, 0, 0, 1, 0, 0, 0, 0, 1, 0, 0, 2, 0, 2, 0, 0, 0, 0, 0, 0, 0, 0, 0, 0, 2, 2, 0, 2, 1, 2, 1, 4, 3, 6, 5, 3, 3, 2, 2, 4, 3, 93, 0, 0, 0, 0, 0, 0]",-1,-0.019727685518580056,-1,0
525,"[2, 2, 0, 1, 5, 5, 0, 4, 0, 1, 0, 0, 1, 0, 2, 0, 0, 0, 0, 0, 0, 0, 0, 0, 2, 0, 0, 0, 0, 0, 0, 0, 1, 1, 0, 1, 1, 0, 2, 0, 0, 0, 1, 0, 0, 0, 0, 1, 0, 0, 2, 0, 2, 0, 0, 0, 0, 0, 0, 0, 0, 0, 0, 2, 2, 0, 2, 1, 2, 1, 4, 3, 6, 5, 3, 3, 2, 2, 4, 3, 93, 1, 0, 0, 0, 0, 0]",3,0.3972692681805298,-1,0
526,"[0, 2, 0, 2, 5, 5, 0, 4, 0, 1, 0, 0, 1, 0, 2, 0, 0, 0, 0, 0, 0, 0, 0, 0, 2, 0, 0, 0, 0, 0, 0, 0, 1, 1, 0, 1, 1, 0, 2, 0, 0, 0, 1, 0, 0, 0, 0, 1, 0, 0, 2, 0, 2, 0, 0, 0, 0, 0, 0, 0, 0, 0, 0, 2, 2, 0, 2, 1, 2, 1, 4, 3, 6, 5, 3, 3, 2, 2, 4, 3, 93, 0, 0, 0, 0, 0, 0]","[[2 0 0 0]
 [0 0 0 1]]",-0.0012730499084291243,-1,0
527,"[0, 2, 0, 2, 5, 5, 0, 4, 0, 1, 0, 0, 1, 0, 2, 0, 0, 0, 0, 0, 0, 0, 0, 0, 2, 0, 0, 0, 0, 0, 0, 0, 1, 1, 0, 1, 1, 0, 2, 0, 0, 0, 1, 0, 0, 0, 0, 1, 0, 0, 2, 0, 2, 0, 0, 0, 0, 0, 0, 0, 0, 0, 0, 2, 2, 0, 2, 1, 2, 1, 4, 3, 6, 5, 3, 3, 2, 2, 4, 3, 93, 0, 1, 0, 0, 0, 0]",2,0.5972692681805298,-1,0
528,"[0, 2, 0, 2, 5, 5, 0, 4, 0, 1, 0, 0, 1, 0, 2, 0, 0, 0, 0, 0, 0, 0, 0, 0, 2, 0, 0, 0, 0, 0, 0, 0, 1, 1, 0, 1, 1, 0, 2, 0, 0, 0, 1, 0, 0, 0, 0, 1, 0, 0, 2, 0, 2, 0, 0, 0, 0, 0, 0, 0, 0, 0, 0, 2, 2, 0, 2, 1, 2, 1, 4, 3, 6, 5, 3, 3, 2, 2, 4, 3, 93, 0, 1, 0, 0, 1, 0]","[[0 0 0 1]
 [1 0 0 0]]",0.8476941332386208,-1,0
529,"[0, 2, 0, 2, 5, 5, 0, 4, 0, 1, 0, 0, 1, 0, 2, 0, 0, 0, 0, 0, 0, 0, 0, 0, 2, 0, 0, 0, 0, 0, 0, 0, 1, 1, 0, 1, 1, 0, 2, 0, 0, 0, 1, 0, 0, 0, 0, 1, 0, 0, 2, 0, 2, 0, 0, 0, 0, 0, 0, 0, 0, 0, 0, 2, 2, 0, 2, 1, 2, 1, 4, 3, 6, 5, 3, 3, 2, 2, 4, 3, 93, 0, 1, 0, 0, 0, 1]",2,-0.0027307318194701776,-1,1
530,"[0, 2, 0, 2, 5, 5, 0, 4, 0, 1, 0, 0, 1, 0, 2, 0, 0, 0, 0, 0, 0, 0, 0, 0, 2, 0, 0, 0, 0, 0, 0, 0, 1, 1, 0, 1, 1, 0, 2, 0, 0, 0, 1, 0, 0, 0, 0, 1, 0, 0, 2, 0, 2, 0, 0, 0, 0, 0, 0, 0, 0, 0, 0, 2, 2, 0, 2, 1, 2, 1, 4, 3, 6, 5, 3, 3, 2, 2, 4, 3, 93, 0, 0, 1, 0, 0, 0]","[[2 1 0 2]
 [0 2 0 1]]",-0.0027307318194701776,-1,1
531,"[2, 1, 0, 3, 3, 6, 0, 3, 0, 1, 0, 0, 1, 0, 2, 0, 0, 0, 0, 0, 0, 0, 0, 0, 2, 0, 0, 0, 0, 0, 0, 0, 1, 1, 0, 1, 1, 0, 2, 0, 0, 0, 1, 0, 0, 0, 0, 1, 0, 0, 2, 0, 2, 0, 0, 0, 0, 0, 0, 0, 0, 0, 0, 2, 2, 0, 2, 1, 2, 1, 4, 3, 6, 5, 3, 3, 2, 2, 4, 3, 93, 0, 0, 0, 0, 0, 0]",0,-0.0027307318194701776,-1,0
532,"[2, 1, 0, 3, 3, 6, 0, 3, 0, 1, 0, 0, 1, 0, 2, 0, 0, 0, 0, 0, 0, 0, 0, 0, 2, 0, 0, 0, 0, 0, 0, 0, 1, 1, 0, 1, 1, 0, 2, 0, 0, 0, 1, 0, 0, 0, 0, 1, 0, 0, 2, 0, 2, 0, 0, 0, 0, 0, 0, 0, 0, 0, 0, 2, 2, 0, 2, 1, 2, 1, 4, 3, 6, 5, 3, 3, 2, 2, 4, 3, 93, 0, 0, 0, 0, 0, 0]",1,0.8068933832801466,-1,0
533,"[2, 1, 0, 3, 3, 6, 0, 3, 0, 1, 0, 0, 1, 0, 2, 0, 0, 0, 0, 0, 0, 0, 0, 0, 2, 0, 0, 0, 0, 0, 0, 0, 1, 1, 0, 1, 1, 0, 2, 0, 0, 0, 1, 0, 0, 0, 0, 1, 0, 0, 2, 0, 2, 0, 0, 0, 0, 0, 0, 0, 0, 0, 0, 2, 2, 0, 2, 1, 2, 1, 4, 3, 6, 5, 3, 3, 2, 2, 4, 3, 93, 0, 0, 0, 0, 0, 0]",-1,-0.019727685518580056,-1,0
534,"[2, 1, 0, 3, 3, 6, 0, 3, 0, 1, 0, 0, 1, 0, 2, 0, 0, 0, 0, 0, 0, 0, 0, 0, 2, 0, 0, 0, 0, 0, 0, 0, 1, 1, 0, 1, 1, 0, 2, 0, 0, 0, 1, 0, 0, 0, 0, 1, 0, 0, 2, 0, 2, 0, 0, 0, 0, 0, 0, 0, 0, 0, 0, 2, 2, 0, 2, 1, 2, 1, 4, 3, 6, 5, 3, 3, 2, 2, 4, 3, 93, 0, 1, 0, 0, 0, 0]",2,0.5972692681805298,-1,0
535,"[2, 1, 0, 3, 3, 6, 0, 3, 0, 1, 0, 0, 1, 0, 2, 0, 0, 0, 0, 0, 0, 0, 0, 0, 2, 0, 0, 0, 0, 0, 0, 0, 1, 1, 0, 1, 1, 0, 2, 0, 0, 0, 1, 0, 0, 0, 0, 1, 0, 0, 2, 0, 2, 0, 0, 0, 0, 0, 0, 0, 0, 0, 0, 2, 2, 0, 2, 1, 2, 1, 4, 3, 6, 5, 3, 3, 2, 2, 4, 3, 93, 0, 0, 0, 0, 0, 0]",-1,-0.019727685518580056,-1,0
536,"[2, 1, 0, 3, 3, 6, 0, 3, 0, 1, 0, 0, 1, 0, 2, 0, 0, 0, 0, 0, 0, 0, 0, 0, 2, 0, 0, 0, 0, 0, 0, 0, 1, 1, 0, 1, 1, 0, 2, 0, 0, 0, 1, 0, 0, 0, 0, 1, 0, 0, 2, 0, 2, 0, 0, 0, 0, 0, 0, 0, 0, 0, 0, 2, 2, 0, 2, 1, 2, 1, 4, 3, 6, 5, 3, 3, 2, 2, 4, 3, 93, 0, 0, 0, 0, 0, 0]",1,0.8068933832801466,-1,0
537,"[2, 1, 0, 3, 3, 6, 0, 3, 0, 1, 0, 0, 1, 0, 2, 0, 0, 0, 0, 0, 0, 0, 0, 0, 2, 0, 0, 0, 0, 0, 0, 0, 1, 1, 0, 1, 1, 0, 2, 0, 0, 0, 1, 0, 0, 0, 0, 1, 0, 0, 2, 0, 2, 0, 0, 0, 0, 0, 0, 0, 0, 0, 0, 2, 2, 0, 2, 1, 2, 1, 4, 3, 6, 5, 3, 3, 2, 2, 4, 3, 93, 0, 0, 0, 0, 0, 0]",-1,-0.019727685518580056,-1,0
538,"[2, 1, 0, 3, 3, 6, 0, 3, 0, 1, 0, 0, 1, 0, 2, 0, 0, 0, 0, 0, 0, 0, 0, 0, 2, 0, 0, 0, 0, 0, 0, 0, 1, 1, 0, 1, 1, 0, 2, 0, 0, 0, 1, 0, 0, 0, 0, 1, 0, 0, 2, 0, 2, 0, 0, 0, 0, 0, 0, 0, 0, 0, 0, 2, 2, 0, 2, 1, 2, 1, 4, 3, 6, 5, 3, 3, 2, 2, 4, 3, 93, 0, 1, 0, 0, 0, 0]",2,0.5972692681805298,-1,0
539,"[2, 1, 0, 3, 3, 6, 0, 3, 0, 1, 0, 0, 1, 0, 2, 0, 0, 0, 0, 0, 0, 0, 0, 0, 2, 0, 0, 0, 0, 0, 0, 0, 1, 1, 0, 1, 1, 0, 2, 0, 0, 0, 1, 0, 0, 0, 0, 1, 0, 0, 2, 0, 2, 0, 0, 0, 0, 0, 0, 0, 0, 0, 0, 2, 2, 0, 2, 1, 2, 1, 4, 3, 6, 5, 3, 3, 2, 2, 4, 3, 93, 0, 0, 0, 0, 0, 0]",-1,-0.019727685518580056,-1,0
540,"[2, 1, 0, 3, 3, 6, 0, 3, 0, 1, 0, 0, 1, 0, 2, 0, 0, 0, 0, 0, 0, 0, 0, 0, 2, 0, 0, 0, 0, 0, 0, 0, 1, 1, 0, 1, 1, 0, 2, 0, 0, 0, 1, 0, 0, 0, 0, 1, 0, 0, 2, 0, 2, 0, 0, 0, 0, 0, 0, 0, 0, 0, 0, 2, 2, 0, 2, 1, 2, 1, 4, 3, 6, 5, 3, 3, 2, 2, 4, 3, 93, 0, 1, 0, 0, 0, 0]",2,0.5972692681805298,-1,0
541,"[2, 1, 0, 3, 3, 6, 0, 3, 0, 1, 0, 0, 1, 0, 2, 0, 0, 0, 0, 0, 0, 0, 0, 0, 2, 0, 0, 0, 0, 0, 0, 0, 1, 1, 0, 1, 1, 0, 2, 0, 0, 0, 1, 0, 0, 0, 0, 1, 0, 0, 2, 0, 2, 0, 0, 0, 0, 0, 0, 0, 0, 0, 0, 2, 2, 0, 2, 1, 2, 1, 4, 3, 6, 5, 3, 3, 2, 2, 4, 3, 93, 0, 0, 0, 0, 0, 0]",-1,-0.019727685518580056,-1,0
542,"[2, 1, 0, 3, 3, 6, 0, 3, 0, 1, 0, 0, 1, 0, 2, 0, 0, 0, 0, 0, 0, 0, 0, 0, 2, 0, 0, 0, 0, 0, 0, 0, 1, 1, 0, 1, 1, 0, 2, 0, 0, 0, 1, 0, 0, 0, 0, 1, 0, 0, 2, 0, 2, 0, 0, 0, 0, 0, 0, 0, 0, 0, 0, 2, 2, 0, 2, 1, 2, 1, 4, 3, 6, 5, 3, 3, 2, 2, 4, 3, 93, 0, 0, 0, 0, 0, 0]",1,0.8068933832801466,-1,0
543,"[2, 1, 0, 3, 3, 6, 0, 3, 0, 1, 0, 0, 1, 0, 2, 0, 0, 0, 0, 0, 0, 0, 0, 0, 2, 0, 0, 0, 0, 0, 0, 0, 1, 1, 0, 1, 1, 0, 2, 0, 0, 0, 1, 0, 0, 0, 0, 1, 0, 0, 2, 0, 2, 0, 0, 0, 0, 0, 0, 0, 0, 0, 0, 2, 2, 0, 2, 1, 2, 1, 4, 3, 6, 5, 3, 3, 2, 2, 4, 3, 93, 0, 0, 0, 0, 0, 0]",-1,-0.019727685518580056,-1,0
544,"[2, 2, 0, 3, 3, 7, 0, 3, 0, 1, 0, 0, 1, 0, 2, 0, 0, 0, 0, 0, 0, 0, 0, 0, 2, 0, 0, 0, 0, 0, 0, 0, 1, 1, 0, 1, 1, 0, 2, 0, 0, 0, 1, 0, 0, 0, 0, 1, 0, 0, 2, 0, 2, 0, 0, 0, 0, 0, 0, 0, 0, 0, 0, 2, 2, 0, 2, 1, 2, 1, 4, 3, 6, 5, 3, 3, 2, 2, 4, 3, 94, 0, 0, 0, 0, 0, 0]",4,14.480468111250447,-1,0
545,"[2, 2, 0, 3, 3, 7, 0, 3, 0, 1, 0, 0, 1, 0, 2, 0, 0, 0, 0, 0, 0, 0, 0, 0, 2, 0, 0, 0, 0, 0, 0, 0, 1, 1, 0, 1, 1, 0, 2, 0, 0, 0, 1, 0, 0, 0, 0, 1, 0, 0, 2, 0, 2, 0, 0, 0, 0, 0, 0, 0, 0, 0, 0, 2, 2, 0, 2, 1, 2, 1, 4, 3, 6, 5, 3, 3, 2, 2, 4, 3, 94, 1, 0, 0, 0, 0, 0]",3,0.3971594077254618,-1,1
546,"[2, 2, 0, 3, 3, 7, 0, 3, 0, 1, 0, 0, 1, 0, 2, 0, 0, 0, 0, 0, 0, 0, 0, 0, 2, 0, 0, 0, 0, 0, 0, 0, 1, 1, 0, 1, 1, 0, 2, 0, 0, 0, 1, 0, 0, 0, 0, 1, 0, 0, 2, 0, 2, 0, 0, 0, 0, 0, 0, 0, 0, 0, 0, 2, 2, 0, 2, 1, 2, 1, 4, 3, 6, 5, 3, 3, 2, 2, 4, 3, 94, 0, 0, 0, 0, 0, 0]",-1,-0.019531391767926055,-1,1
547,"[2, 2, 0, 3, 3, 7, 0, 3, 0, 1, 0, 0, 1, 0, 2, 0, 0, 0, 0, 0, 0, 0, 0, 0, 2, 0, 0, 0, 0, 0, 0, 0, 1, 1, 0, 1, 1, 0, 2, 0, 0, 0, 1, 0, 0, 0, 0, 1, 0, 0, 2, 0, 2, 0, 0, 0, 0, 0, 0, 0, 0, 0, 0, 2, 2, 0, 2, 1, 2, 1, 4, 3, 6, 5, 3, 3, 2, 2, 4, 3, 95, 0, 0, 0, 0, 0, 0]",4,10.030420869007926,-1,1
548,"[2, 2, 0, 3, 3, 7, 0, 3, 0, 1, 0, 0, 1, 0, 2, 0, 0, 0, 0, 0, 0, 0, 0, 0, 2, 0, 0, 0, 0, 0, 0, 0, 1, 1, 0, 1, 1, 0, 2, 0, 0, 0, 1, 0, 0, 0, 0, 1, 0, 0, 2, 0, 2, 0, 0, 0, 0, 0, 0, 0, 0, 0, 0, 2, 2, 0, 2, 1, 2, 1, 4, 3, 6, 5, 3, 3, 2, 2, 4, 3, 95, 0, 1, 0, 0, 0, 0]",2,0.5970451936613453,-1,0
549,"[2, 2, 0, 3, 3, 7, 0, 3, 0, 1, 0, 0, 1, 0, 2, 0, 0, 0, 0, 0, 0, 0, 0, 0, 2, 0, 0, 0, 0, 0, 0, 0, 1, 1, 0, 1, 1, 0, 2, 0, 0, 0, 1, 0, 0, 0, 0, 1, 0, 0, 2, 0, 2, 0, 0, 0, 0, 0, 0, 0, 0, 0, 0, 2, 2, 0, 2, 1, 2, 1, 4, 3, 6, 5, 3, 3, 2, 2, 4, 3, 95, 0, 0, 0, 0, 0, 0]",-1,-0.01933705117272506,-1,0
550,"[1, 1, 0, 1, 1, 3, 0, 1, 0, 1, 0, 0, 1, 0, 2, 0, 0, 0, 0, 0, 0, 0, 0, 0, 2, 0, 0, 0, 0, 0, 0, 0, 1, 1, 0, 1, 1, 0, 2, 0, 0, 0, 1, 0, 0, 0, 0, 1, 0, 0, 2, 0, 2, 0, 0, 0, 0, 0, 0, 0, 0, 0, 0, 2, 2, 0, 2, 1, 2, 1, 4, 3, 6, 5, 3, 3, 2, 2, 4, 3, 96, 0, 0, 0, 0, 0, 0]",4,14.76899384524252,-1,0
551,"[1, 1, 0, 1, 1, 3, 0, 1, 0, 1, 0, 0, 1, 0, 2, 0, 0, 0, 0, 0, 0, 0, 0, 0, 2, 0, 0, 0, 0, 0, 0, 0, 1, 1, 0, 1, 1, 0, 2, 0, 0, 0, 1, 0, 0, 0, 0, 1, 0, 0, 2, 0, 2, 0, 0, 0, 0, 0, 0, 0, 0, 0, 0, 2, 2, 0, 2, 1, 2, 1, 4, 3, 6, 5, 3, 3, 2, 2, 4, 3, 96, 0, 0, 0, 0, 0, 0]",-1,-0.019144644298755606,-1,1
552,"[1, 1, 0, 1, 1, 3, 0, 1, 0, 1, 0, 0, 1, 0, 2, 0, 0, 0, 0, 0, 0, 0, 0, 0, 2, 0, 0, 0, 0, 0, 0, 0, 1, 1, 0, 1, 1, 0, 2, 0, 0, 0, 1, 0, 0, 0, 0, 1, 0, 0, 2, 0, 2, 0, 0, 0, 0, 0, 0, 0, 0, 0, 0, 2, 2, 0, 2, 1, 2, 1, 4, 3, 6, 5, 3, 3, 2, 2, 4, 3, 96, 0, 0, 0, 0, 0, 0]",-1,-0.019144644298755606,-1,1
553,"[1, 1, 0, 1, 3, 3, 0, 1, 0, 1, 0, 0, 1, 0, 2, 0, 0, 0, 0, 0, 0, 0, 0, 0, 2, 0, 0, 0, 0, 0, 0, 0, 1, 1, 0, 1, 1, 0, 2, 0, 0, 0, 1, 0, 0, 0, 0, 1, 0, 0, 2, 0, 2, 0, 0, 0, 0, 0, 0, 0, 0, 0, 0, 2, 2, 0, 2, 1, 2, 1, 4, 3, 6, 5, 3, 3, 2, 2, 4, 3, 97, 0, 0, 0, 0, 0, 0]",4,10.122050889623226,-1,1
554,"[1, 1, 0, 1, 3, 3, 0, 1, 0, 1, 0, 0, 1, 0, 2, 0, 0, 0, 0, 0, 0, 0, 0, 0, 2, 0, 0, 0, 0, 0, 0, 0, 1, 1, 0, 1, 1, 0, 2, 0, 0, 0, 1, 0, 0, 0, 0, 1, 0, 0, 2, 0, 2, 0, 0, 0, 0, 0, 0, 0, 0, 0, 0, 2, 2, 0, 2, 1, 2, 1, 4, 3, 6, 5, 3, 3, 2, 2, 4, 3, 97, 1, 0, 0, 0, 0, 0]",3,0.3968030303315595,-1,0
555,"[1, 1, 0, 1, 3, 3, 0, 1, 0, 1, 0, 0, 1, 0, 2, 0, 0, 0, 0, 0, 0, 0, 0, 0, 2, 0, 0, 0, 0, 0, 0, 0, 1, 1, 0, 1, 1, 0, 2, 0, 0, 0, 1, 0, 0, 0, 0, 1, 0, 0, 2, 0, 2, 0, 0, 0, 0, 0, 0, 0, 0, 0, 0, 2, 2, 0, 2, 1, 2, 1, 4, 3, 6, 5, 3, 3, 2, 2, 4, 3, 97, 0, 0, 0, 0, 0, 0]",-1,-0.01895415190516994,-1,0
556,"[1, 1, 0, 1, 3, 3, 0, 1, 0, 1, 0, 0, 1, 0, 2, 0, 0, 0, 0, 0, 0, 0, 0, 0, 2, 0, 0, 0, 0, 0, 0, 0, 1, 1, 0, 1, 1, 0, 2, 0, 0, 0, 1, 0, 0, 0, 0, 1, 0, 0, 2, 0, 2, 0, 0, 0, 0, 0, 0, 0, 0, 0, 0, 2, 2, 0, 2, 1, 2, 1, 4, 3, 6, 5, 3, 3, 2, 2, 4, 3, 97, 0, 1, 0, 0, 0, 0]",2,0.5968030303315595,-1,0
557,"[1, 1, 0, 1, 3, 3, 0, 1, 0, 1, 0, 0, 1, 0, 2, 0, 0, 0, 0, 0, 0, 0, 0, 0, 2, 0, 0, 0, 0, 0, 0, 0, 1, 1, 0, 1, 1, 0, 2, 0, 0, 0, 1, 0, 0, 0, 0, 1, 0, 0, 2, 0, 2, 0, 0, 0, 0, 0, 0, 0, 0, 0, 0, 2, 2, 0, 2, 1, 2, 1, 4, 3, 6, 5, 3, 3, 2, 2, 4, 3, 97, 0, 0, 0, 0, 0, 0]",-1,-0.01895415190516994,-1,0
558,"[1, 1, 0, 1, 3, 3, 0, 1, 0, 1, 0, 0, 1, 0, 2, 0, 0, 0, 0, 0, 0, 0, 0, 0, 2, 0, 0, 0, 0, 0, 0, 0, 1, 1, 0, 1, 1, 0, 2, 0, 0, 0, 1, 0, 0, 0, 0, 1, 0, 0, 2, 0, 2, 0, 0, 0, 0, 0, 0, 0, 0, 0, 0, 2, 2, 0, 2, 1, 2, 1, 4, 3, 6, 5, 3, 3, 2, 2, 4, 3, 97, 0, 1, 0, 0, 0, 0]",2,0.5968030303315595,-1,0
559,"[1, 1, 0, 1, 3, 3, 0, 1, 0, 1, 0, 0, 1, 0, 2, 0, 0, 0, 0, 0, 0, 0, 0, 0, 2, 0, 0, 0, 0, 0, 0, 0, 1, 1, 0, 1, 1, 0, 2, 0, 0, 0, 1, 0, 0, 0, 0, 1, 0, 0, 2, 0, 2, 0, 0, 0, 0, 0, 0, 0, 0, 0, 0, 2, 2, 0, 2, 1, 2, 1, 4, 3, 6, 5, 3, 3, 2, 2, 4, 3, 97, 0, 0, 0, 0, 0, 0]",-1,-0.01895415190516994,-1,0
560,"[1, 1, 0, 1, 3, 3, 0, 1, 0, 1, 0, 0, 1, 0, 2, 0, 0, 0, 0, 0, 0, 0, 0, 0, 2, 0, 0, 0, 0, 0, 0, 0, 1, 1, 0, 1, 1, 0, 2, 0, 0, 0, 1, 0, 0, 0, 0, 1, 0, 0, 2, 0, 2, 0, 0, 0, 0, 0, 0, 0, 0, 0, 0, 2, 2, 0, 2, 1, 2, 1, 4, 3, 6, 5, 3, 3, 2, 2, 4, 3, 97, 0, 0, 0, 0, 0, 0]",1,0.8064271454311762,-1,0
561,"[1, 1, 0, 1, 3, 3, 0, 1, 0, 1, 0, 0, 1, 0, 2, 0, 0, 0, 0, 0, 0, 0, 0, 0, 2, 0, 0, 0, 0, 0, 0, 0, 1, 1, 0, 1, 1, 0, 2, 0, 0, 0, 1, 0, 0, 0, 0, 1, 0, 0, 2, 0, 2, 0, 0, 0, 0, 0, 0, 0, 0, 0, 0, 2, 2, 0, 2, 1, 2, 1, 4, 3, 6, 5, 3, 3, 2, 2, 4, 3, 97, 0, 0, 0, 0, 0, 0]",-1,-0.01895415190516994,-1,0
562,"[1, 1, 0, 1, 3, 3, 0, 1, 0, 1, 0, 0, 1, 0, 2, 0, 0, 0, 0, 0, 0, 0, 0, 0, 2, 0, 0, 0, 0, 0, 0, 0, 1, 1, 0, 1, 1, 0, 2, 0, 0, 0, 1, 0, 0, 0, 0, 1, 0, 0, 2, 0, 2, 0, 0, 0, 0, 0, 0, 0, 0, 0, 0, 2, 2, 0, 2, 1, 2, 1, 4, 3, 6, 5, 3, 3, 2, 2, 4, 3, 97, 0, 1, 0, 0, 0, 0]",2,0.5968030303315595,-1,0
563,"[1, 1, 0, 1, 3, 3, 0, 1, 0, 1, 0, 0, 1, 0, 2, 0, 0, 0, 0, 0, 0, 0, 0, 0, 2, 0, 0, 0, 0, 0, 0, 0, 1, 1, 0, 1, 1, 0, 2, 0, 0, 0, 1, 0, 0, 0, 0, 1, 0, 0, 2, 0, 2, 0, 0, 0, 0, 0, 0, 0, 0, 0, 0, 2, 2, 0, 2, 1, 2, 1, 4, 3, 6, 5, 3, 3, 2, 2, 4, 3, 97, 0, 0, 0, 0, 0, 0]",-1,-0.01895415190516994,-1,0
564,"[1, 1, 0, 1, 3, 3, 0, 1, 0, 1, 0, 0, 1, 0, 2, 0, 0, 0, 0, 0, 0, 0, 0, 0, 2, 0, 0, 0, 0, 0, 0, 0, 1, 1, 0, 1, 1, 0, 2, 0, 0, 0, 1, 0, 0, 0, 0, 1, 0, 0, 2, 0, 2, 0, 0, 0, 0, 0, 0, 0, 0, 0, 0, 2, 2, 0, 2, 1, 2, 1, 4, 3, 6, 5, 3, 3, 2, 2, 4, 3, 97, 1, 0, 0, 0, 0, 0]",3,0.3968030303315595,-1,0
565,"[1, 1, 0, 1, 3, 3, 0, 1, 0, 1, 0, 0, 1, 0, 2, 0, 0, 0, 0, 0, 0, 0, 0, 0, 2, 0, 0, 0, 0, 0, 0, 0, 1, 1, 0, 1, 1, 0, 2, 0, 0, 0, 1, 0, 0, 0, 0, 1, 0, 0, 2, 0, 2, 0, 0, 0, 0, 0, 0, 0, 0, 0, 0, 2, 2, 0, 2, 1, 2, 1, 4, 3, 6, 5, 3, 3, 2, 2, 4, 3, 97, 0, 0, 0, 0, 0, 0]",-1,-0.01895415190516994,-1,0
566,"[1, 1, 0, 1, 3, 3, 0, 1, 0, 1, 0, 0, 1, 0, 2, 0, 0, 0, 0, 0, 0, 0, 0, 0, 2, 0, 0, 0, 0, 0, 0, 0, 1, 1, 0, 1, 1, 0, 2, 0, 0, 0, 1, 0, 0, 0, 0, 1, 0, 0, 2, 0, 2, 0, 0, 0, 0, 0, 0, 0, 0, 0, 0, 2, 2, 0, 2, 1, 2, 1, 4, 3, 6, 5, 3, 3, 2, 2, 4, 3, 97, 1, 0, 0, 0, 0, 0]",3,0.3968030303315595,-1,0
567,"[1, 1, 0, 1, 3, 3, 0, 1, 0, 1, 0, 0, 1, 0, 2, 0, 0, 0, 0, 0, 0, 0, 0, 0, 2, 0, 0, 0, 0, 0, 0, 0, 1, 1, 0, 1, 1, 0, 2, 0, 0, 0, 1, 0, 0, 0, 0, 1, 0, 0, 2, 0, 2, 0, 0, 0, 0, 0, 0, 0, 0, 0, 0, 2, 2, 0, 2, 1, 2, 1, 4, 3, 6, 5, 3, 3, 2, 2, 4, 3, 97, 0, 0, 0, 0, 0, 0]",-1,-0.01895415190516994,-1,0
568,"[1, 1, 0, 1, 3, 3, 0, 1, 0, 1, 0, 0, 1, 0, 2, 0, 0, 0, 0, 0, 0, 0, 0, 0, 2, 0, 0, 0, 0, 0, 0, 0, 1, 1, 0, 1, 1, 0, 2, 0, 0, 0, 1, 0, 0, 0, 0, 1, 0, 0, 2, 0, 2, 0, 0, 0, 0, 0, 0, 0, 0, 0, 0, 2, 2, 0, 2, 1, 2, 1, 4, 3, 6, 5, 3, 3, 2, 2, 4, 3, 97, 1, 0, 0, 0, 0, 0]",3,0.3968030303315595,-1,0
569,"[1, 1, 0, 1, 3, 3, 0, 1, 0, 1, 0, 0, 1, 0, 2, 0, 0, 0, 0, 0, 0, 0, 0, 0, 2, 0, 0, 0, 0, 0, 0, 0, 1, 1, 0, 1, 1, 0, 2, 0, 0, 0, 1, 0, 0, 0, 0, 1, 0, 0, 2, 0, 2, 0, 0, 0, 0, 0, 0, 0, 0, 0, 0, 2, 2, 0, 2, 1, 2, 1, 4, 3, 6, 5, 3, 3, 2, 2, 4, 3, 97, 0, 0, 0, 0, 0, 0]",-1,-0.01895415190516994,-1,0
570,"[1, 1, 0, 1, 3, 3, 0, 1, 0, 1, 0, 0, 1, 0, 2, 0, 0, 0, 0, 0, 0, 0, 0, 0, 2, 0, 0, 0, 0, 0, 0, 0, 1, 1, 0, 1, 1, 0, 2, 0, 0, 0, 1, 0, 0, 0, 0, 1, 0, 0, 2, 0, 2, 0, 0, 0, 0, 0, 0, 0, 0, 0, 0, 2, 2, 0, 2, 1, 2, 1, 4, 3, 6, 5, 3, 3, 2, 2, 4, 3, 97, 0, 1, 0, 0, 0, 0]",2,0.5968030303315595,-1,0
571,"[1, 1, 0, 1, 3, 3, 0, 1, 0, 1, 0, 0, 1, 0, 2, 0, 0, 0, 0, 0, 0, 0, 0, 0, 2, 0, 0, 0, 0, 0, 0, 0, 1, 1, 0, 1, 1, 0, 2, 0, 0, 0, 1, 0, 0, 0, 0, 1, 0, 0, 2, 0, 2, 0, 0, 0, 0, 0, 0, 0, 0, 0, 0, 2, 2, 0, 2, 1, 2, 1, 4, 3, 6, 5, 3, 3, 2, 2, 4, 3, 97, 0, 0, 0, 0, 0, 0]",-1,-0.01895415190516994,-1,0
572,"[1, 1, 0, 1, 3, 3, 0, 1, 0, 1, 0, 0, 1, 0, 2, 0, 0, 0, 0, 0, 0, 0, 0, 0, 2, 0, 0, 0, 0, 0, 0, 0, 1, 1, 0, 1, 1, 0, 2, 0, 0, 0, 1, 0, 0, 0, 0, 1, 0, 0, 2, 0, 2, 0, 0, 0, 0, 0, 0, 0, 0, 0, 0, 2, 2, 0, 2, 1, 2, 1, 4, 3, 6, 5, 3, 3, 2, 2, 4, 3, 98, 0, 0, 0, 0, 0, 0]",4,14.767976316598888,-1,0
573,"[1, 1, 0, 1, 3, 3, 0, 1, 0, 1, 0, 0, 1, 0, 2, 0, 0, 0, 0, 0, 0, 0, 0, 0, 2, 0, 0, 0, 0, 0, 0, 0, 1, 1, 0, 1, 1, 0, 2, 0, 0, 0, 1, 0, 0, 0, 0, 1, 0, 0, 2, 0, 2, 0, 0, 0, 0, 0, 0, 0, 0, 0, 0, 2, 2, 0, 2, 1, 2, 1, 4, 3, 6, 5, 3, 3, 2, 2, 4, 3, 99, 0, 0, 0, 0, 0, 0]",4,10.121031049265316,-1,1
574,"[1, 1, 0, 1, 3, 3, 0, 1, 0, 1, 0, 0, 1, 0, 2, 0, 0, 0, 0, 0, 0, 0, 0, 0, 2, 0, 0, 0, 0, 0, 0, 0, 1, 1, 0, 1, 1, 0, 2, 0, 0, 0, 1, 0, 0, 0, 0, 1, 0, 0, 2, 0, 2, 0, 0, 0, 0, 0, 0, 0, 0, 0, 0, 2, 2, 0, 2, 1, 2, 1, 4, 3, 6, 5, 3, 3, 2, 2, 4, 3, 99, 1, 0, 0, 0, 0, 0]",3,0.3965413686860189,-1,0
575,"[1, 1, 0, 1, 3, 3, 0, 1, 0, 1, 0, 0, 1, 0, 2, 0, 0, 0, 0, 0, 0, 0, 0, 0, 2, 0, 0, 0, 0, 0, 0, 0, 1, 1, 0, 1, 1, 0, 2, 0, 0, 0, 1, 0, 0, 0, 0, 1, 0, 0, 2, 0, 2, 0, 0, 0, 0, 0, 0, 0, 0, 0, 0, 2, 2, 0, 2, 1, 2, 1, 4, 3, 6, 5, 3, 3, 2, 2, 4, 3, 99, 0, 0, 0, 0, 0, 0]",-1,-0.018578834551102288,-1,0
576,"[1, 1, 0, 1, 3, 3, 0, 1, 0, 1, 0, 0, 1, 0, 2, 0, 0, 0, 0, 0, 0, 0, 0, 0, 2, 0, 0, 0, 0, 0, 0, 0, 1, 1, 0, 1, 1, 0, 2, 0, 0, 0, 1, 0, 0, 0, 0, 1, 0, 0, 2, 0, 2, 0, 0, 0, 0, 0, 0, 0, 0, 0, 0, 2, 2, 0, 2, 1, 2, 1, 4, 3, 6, 5, 3, 3, 2, 2, 4, 3, 99, 1, 0, 0, 0, 0, 0]",3,0.3965413686860189,-1,0
577,"[1, 1, 0, 1, 3, 3, 0, 1, 0, 1, 0, 0, 1, 0, 2, 0, 0, 0, 0, 0, 0, 0, 0, 0, 2, 0, 0, 0, 0, 0, 0, 0, 1, 1, 0, 1, 1, 0, 2, 0, 0, 0, 1, 0, 0, 0, 0, 1, 0, 0, 2, 0, 2, 0, 0, 0, 0, 0, 0, 0, 0, 0, 0, 2, 2, 0, 2, 1, 2, 1, 4, 3, 6, 5, 3, 3, 2, 2, 4, 3, 99, 0, 0, 0, 0, 0, 0]",-1,-0.018578834551102288,-1,0
578,"[1, 1, 0, 1, 3, 3, 0, 1, 0, 1, 0, 0, 1, 0, 2, 0, 0, 0, 0, 0, 0, 0, 0, 0, 2, 0, 0, 0, 0, 0, 0, 0, 1, 1, 0, 1, 1, 0, 2, 0, 0, 0, 1, 0, 0, 0, 0, 1, 0, 0, 2, 0, 2, 0, 0, 0, 0, 0, 0, 0, 0, 0, 0, 2, 2, 0, 2, 1, 2, 1, 4, 3, 6, 5, 3, 3, 2, 2, 4, 3, 99, 0, 0, 0, 0, 0, 0]",1,0.8061654837856357,-1,0
579,"[1, 1, 0, 1, 3, 3, 0, 1, 0, 1, 0, 0, 1, 0, 2, 0, 0, 0, 0, 0, 0, 0, 0, 0, 2, 0, 0, 0, 0, 0, 0, 0, 1, 1, 0, 1, 1, 0, 2, 0, 0, 0, 1, 0, 0, 0, 0, 1, 0, 0, 2, 0, 2, 0, 0, 0, 0, 0, 0, 0, 0, 0, 0, 2, 2, 0, 2, 1, 2, 1, 4, 3, 6, 5, 3, 3, 2, 2, 4, 3, 99, 0, 0, 0, 0, 0, 0]",-1,-0.018578834551102288,-1,0
580,"[1, 1, 0, 1, 3, 3, 0, 2, 0, 1, 0, 0, 1, 0, 2, 0, 0, 0, 0, 0, 0, 0, 0, 0, 2, 0, 0, 0, 0, 0, 0, 0, 1, 1, 0, 1, 1, 0, 2, 0, 0, 0, 1, 0, 0, 0, 0, 1, 0, 0, 2, 0, 2, 0, 0, 0, 0, 0, 0, 0, 0, 0, 0, 2, 2, 0, 2, 1, 2, 1, 4, 3, 6, 5, 3, 3, 2, 2, 4, 3, 100, 0, 0, 0, 0, 0, 0]",4,14.766953711119912,-1,0
581,"[1, 1, 0, 1, 3, 3, 0, 2, 0, 1, 0, 0, 1, 0, 2, 0, 0, 0, 0, 0, 0, 0, 0, 0, 2, 0, 0, 0, 0, 0, 0, 0, 1, 1, 0, 1, 1, 0, 2, 0, 0, 0, 1, 0, 0, 0, 0, 1, 0, 0, 2, 0, 2, 0, 0, 0, 0, 0, 0, 0, 0, 0, 0, 2, 2, 0, 2, 1, 2, 1, 4, 3, 6, 5, 3, 3, 2, 2, 4, 3, 100, 0, 0, 0, 0, 0, 0]",-1,-0.018393972058572117,-1,1
582,"[1, 1, 0, 1, 3, 3, 0, 2, 0, 1, 0, 0, 1, 0, 2, 0, 0, 0, 0, 0, 0, 0, 0, 0, 2, 0, 0, 0, 0, 0, 0, 0, 1, 1, 0, 1, 1, 0, 2, 0, 0, 0, 1, 0, 0, 0, 0, 1, 0, 0, 2, 0, 2, 0, 0, 0, 0, 0, 0, 0, 0, 0, 0, 2, 2, 0, 2, 1, 2, 1, 4, 3, 6, 5, 3, 3, 2, 2, 4, 3, 100, 0, 0, 0, 0, 0, 0]",-1,-0.018393972058572117,-1,1
583,"[1, 1, 0, 1, 5, 3, 0, 2, 0, 1, 0, 0, 1, 0, 2, 0, 0, 0, 0, 0, 0, 0, 0, 0, 2, 0, 0, 0, 0, 0, 0, 0, 1, 1, 0, 1, 1, 0, 2, 0, 0, 0, 1, 0, 0, 0, 0, 1, 0, 0, 2, 0, 2, 0, 0, 0, 0, 0, 0, 0, 0, 0, 0, 2, 2, 0, 2, 1, 2, 1, 4, 3, 6, 5, 3, 3, 2, 2, 4, 3, 101, 0, 0, 0, 0, 0, 0]",4,10.08959585758888,-1,1
584,"[2, 1, 0, 1, 5, 3, 0, 2, 0, 1, 0, 0, 1, 0, 2, 0, 0, 0, 0, 0, 0, 0, 0, 0, 2, 0, 0, 0, 0, 0, 0, 0, 1, 1, 0, 1, 1, 0, 2, 0, 0, 0, 1, 0, 0, 0, 0, 1, 0, 0, 2, 0, 2, 0, 0, 0, 0, 0, 0, 0, 0, 0, 0, 2, 2, 0, 2, 1, 2, 1, 4, 3, 6, 5, 3, 3, 2, 2, 4, 3, 102, 0, 0, 0, 0, 0, 0]",4,14.606299444417358,-1,0
585,"[2, 1, 0, 1, 5, 3, 0, 2, 0, 1, 0, 0, 1, 0, 2, 0, 0, 0, 0, 0, 0, 0, 0, 0, 2, 0, 0, 0, 0, 0, 0, 0, 1, 1, 0, 1, 1, 0, 2, 0, 0, 0, 1, 0, 0, 0, 0, 1, 0, 0, 2, 0, 2, 0, 0, 0, 0, 0, 0, 0, 0, 0, 0, 2, 2, 0, 2, 1, 2, 1, 4, 3, 6, 5, 3, 3, 2, 2, 4, 3, 102, 0, 0, 0, 0, 0, 0]",0,0.5817710016602142,-1,1
586,"[2, 1, 0, 1, 5, 3, 0, 2, 0, 1, 0, 0, 1, 0, 2, 0, 0, 0, 0, 0, 0, 0, 0, 0, 2, 0, 0, 0, 0, 0, 0, 0, 1, 1, 0, 1, 1, 0, 2, 0, 0, 0, 1, 0, 0, 0, 0, 1, 0, 0, 2, 0, 2, 0, 0, 0, 0, 0, 0, 0, 0, 0, 0, 2, 2, 0, 2, 1, 2, 1, 4, 3, 6, 5, 3, 3, 2, 2, 4, 3, 102, 0, 0, 0, 0, 0, 0]",-1,-0.018029747008653917,-1,1
587,"[2, 1, 0, 1, 7, 3, 0, 2, 0, 1, 0, 0, 1, 0, 2, 0, 0, 0, 0, 0, 0, 0, 0, 0, 2, 0, 0, 0, 0, 0, 0, 0, 1, 1, 0, 1, 1, 0, 2, 0, 0, 0, 1, 0, 0, 0, 0, 1, 0, 0, 2, 0, 2, 0, 0, 0, 0, 0, 0, 0, 0, 0, 0, 2, 2, 0, 2, 1, 2, 1, 4, 3, 6, 5, 3, 3, 2, 2, 4, 3, 103, 0, 0, 0, 0, 0, 0]",4,9.971169156465413,-1,1
588,"[2, 1, 0, 1, 7, 3, 0, 2, 0, 1, 0, 0, 1, 0, 2, 0, 0, 0, 0, 0, 0, 0, 0, 0, 2, 0, 0, 0, 0, 0, 0, 0, 1, 1, 0, 1, 1, 0, 2, 0, 0, 0, 1, 0, 0, 0, 0, 1, 0, 0, 2, 0, 2, 0, 0, 0, 0, 0, 0, 0, 0, 0, 0, 2, 2, 0, 2, 1, 2, 1, 4, 3, 6, 5, 3, 3, 2, 2, 4, 3, 104, 0, 0, 0, 0, 0, 0]",4,14.605260990026665,-1,0
589,"[2, 2, 0, 1, 7, 4, 0, 2, 0, 1, 0, 0, 1, 0, 2, 0, 0, 0, 0, 0, 0, 0, 0, 0, 2, 0, 0, 0, 0, 0, 0, 0, 1, 1, 0, 1, 1, 0, 2, 0, 0, 0, 1, 0, 0, 0, 0, 1, 0, 0, 2, 0, 2, 0, 0, 0, 0, 0, 0, 0, 0, 0, 0, 2, 2, 0, 2, 1, 2, 1, 4, 3, 6, 5, 3, 3, 2, 2, 4, 3, 105, 0, 0, 0, 0, 0, 0]",4,9.98966041139386,-1,1
590,"[2, 2, 0, 1, 7, 4, 0, 2, 0, 1, 0, 0, 1, 0, 2, 0, 0, 0, 0, 0, 0, 0, 0, 0, 2, 0, 0, 0, 0, 0, 0, 0, 1, 1, 0, 1, 1, 0, 2, 0, 0, 0, 1, 0, 0, 0, 0, 1, 0, 0, 2, 0, 2, 0, 0, 0, 0, 0, 0, 0, 0, 0, 0, 2, 2, 0, 2, 1, 2, 1, 4, 3, 6, 5, 3, 3, 2, 2, 4, 3, 105, 0, 1, 0, 0, 0, 0]",2,0.5956237458127739,-1,0
591,"[2, 2, 0, 1, 7, 4, 0, 2, 0, 1, 0, 0, 1, 0, 2, 0, 0, 0, 0, 0, 0, 0, 0, 0, 2, 0, 0, 0, 0, 0, 0, 0, 1, 1, 0, 1, 1, 0, 2, 0, 0, 0, 1, 0, 0, 0, 0, 1, 0, 0, 2, 0, 2, 0, 0, 0, 0, 0, 0, 0, 0, 0, 0, 2, 2, 0, 2, 1, 2, 1, 4, 3, 6, 5, 3, 3, 2, 2, 4, 3, 105, 0, 0, 0, 0, 0, 0]",-1,-0.017496887455557768,-1,0
592,"[2, 2, 0, 1, 7, 4, 0, 2, 0, 1, 0, 0, 1, 0, 2, 0, 0, 0, 0, 0, 0, 0, 0, 0, 2, 0, 0, 0, 0, 0, 0, 0, 1, 1, 0, 1, 1, 0, 2, 0, 0, 0, 1, 0, 0, 0, 0, 1, 0, 0, 2, 0, 2, 0, 0, 0, 0, 0, 0, 0, 0, 0, 0, 2, 2, 0, 2, 1, 2, 1, 4, 3, 6, 5, 3, 3, 2, 2, 4, 3, 105, 1, 0, 0, 0, 0, 0]",3,0.39562374581277393,-1,0
593,"[0, 2, 0, 2, 7, 4, 0, 2, 0, 1, 0, 0, 1, 0, 2, 0, 0, 0, 0, 0, 0, 0, 0, 0, 2, 0, 0, 0, 0, 0, 0, 0, 1, 1, 0, 1, 1, 0, 2, 0, 0, 0, 1, 0, 0, 0, 0, 1, 0, 0, 2, 0, 2, 0, 0, 0, 0, 0, 0, 0, 0, 0, 0, 2, 2, 0, 2, 1, 2, 1, 4, 3, 6, 5, 3, 3, 2, 2, 4, 3, 105, 0, 0, 0, 0, 0, 0]","[[2 0 0 0]
 [0 0 0 1]]",-0.0029185722761850405,-1,0
594,"[0, 2, 0, 2, 7, 4, 0, 2, 0, 1, 0, 0, 1, 0, 2, 0, 0, 0, 0, 0, 0, 0, 0, 0, 2, 0, 0, 0, 0, 0, 0, 0, 1, 1, 0, 1, 1, 0, 2, 0, 0, 0, 1, 0, 0, 0, 0, 1, 0, 0, 2, 0, 2, 0, 0, 0, 0, 0, 0, 0, 0, 0, 0, 2, 2, 0, 2, 1, 2, 1, 4, 3, 6, 5, 3, 3, 2, 2, 4, 3, 105, 0, 0, 0, 0, 0, 0]",1,0.8052478609123906,-1,0
595,"[0, 2, 0, 2, 7, 4, 0, 2, 0, 1, 0, 0, 1, 0, 2, 0, 0, 0, 0, 0, 0, 0, 0, 0, 2, 0, 0, 0, 0, 0, 0, 0, 1, 1, 0, 1, 1, 0, 2, 0, 0, 0, 1, 0, 0, 0, 0, 1, 0, 0, 2, 0, 2, 0, 0, 0, 0, 0, 0, 0, 0, 0, 0, 2, 2, 0, 2, 1, 2, 1, 4, 3, 6, 5, 3, 3, 2, 2, 4, 3, 105, 0, 0, 0, 0, 0, 0]",-1,-0.017496887455557768,-1,0
596,"[0, 2, 0, 2, 7, 4, 0, 2, 0, 1, 0, 0, 1, 0, 2, 0, 0, 0, 0, 0, 0, 0, 0, 0, 2, 0, 0, 0, 0, 0, 0, 0, 1, 1, 0, 1, 1, 0, 2, 0, 0, 0, 1, 0, 0, 0, 0, 1, 0, 0, 2, 0, 2, 0, 0, 0, 0, 0, 0, 0, 0, 0, 0, 2, 2, 0, 2, 1, 2, 1, 4, 3, 6, 5, 3, 3, 2, 2, 4, 3, 105, 0, 1, 0, 0, 0, 0]",2,0.5956237458127739,-1,0
597,"[0, 2, 0, 2, 7, 4, 0, 2, 0, 1, 0, 0, 1, 0, 2, 0, 0, 0, 0, 0, 0, 0, 0, 0, 2, 0, 0, 0, 0, 0, 0, 0, 1, 1, 0, 1, 1, 0, 2, 0, 0, 0, 1, 0, 0, 0, 0, 1, 0, 0, 2, 0, 2, 0, 0, 0, 0, 0, 0, 0, 0, 0, 0, 2, 2, 0, 2, 1, 2, 1, 4, 3, 6, 5, 3, 3, 2, 2, 4, 3, 105, 0, 1, 0, 0, 1, 0]","[[0 1 0 0]
 [1 0 0 0]]",0.8460486108708648,-1,0
598,"[0, 2, 0, 2, 7, 4, 0, 2, 0, 1, 0, 0, 1, 0, 2, 0, 0, 0, 0, 0, 0, 0, 0, 0, 2, 0, 0, 0, 0, 0, 0, 0, 1, 1, 0, 1, 1, 0, 2, 0, 0, 0, 1, 0, 0, 0, 0, 1, 0, 0, 2, 0, 2, 0, 0, 0, 0, 0, 0, 0, 0, 0, 0, 2, 2, 0, 2, 1, 2, 1, 4, 3, 6, 5, 3, 3, 2, 2, 4, 3, 105, 0, 1, 0, 0, 0, 1]",2,-0.0043762541872260936,-1,1
599,"[0, 2, 0, 2, 7, 4, 0, 2, 0, 1, 0, 0, 1, 0, 2, 0, 0, 0, 0, 0, 0, 0, 0, 0, 2, 0, 0, 0, 0, 0, 0, 0, 1, 1, 0, 1, 1, 0, 2, 0, 0, 0, 1, 0, 0, 0, 0, 1, 0, 0, 2, 0, 2, 0, 0, 0, 0, 0, 0, 0, 0, 0, 0, 2, 2, 0, 2, 1, 2, 1, 4, 3, 6, 5, 3, 3, 2, 2, 4, 3, 105, 0, 0, 1, 0, 0, 0]","[[2 2 0 1]
 [0 1 0 2]]",-0.0043762541872260936,-1,1
600,"[0, 2, 0, 2, 7, 4, 0, 2, 0, 1, 0, 0, 1, 0, 2, 0, 0, 0, 0, 0, 0, 0, 0, 0, 2, 0, 0, 0, 0, 0, 0, 0, 1, 1, 0, 1, 1, 0, 2, 0, 0, 0, 1, 0, 0, 0, 0, 1, 0, 0, 2, 0, 2, 0, 0, 0, 0, 0, 0, 0, 0, 0, 0, 2, 2, 0, 2, 1, 2, 1, 4, 3, 6, 5, 3, 3, 2, 2, 4, 3, 105, 0, 0, 0, 0, 0, 0]",1,-1.587785747114699,-1,0
601,"[0, 2, 0, 2, 7, 4, 0, 2, 0, 1, 0, 0, 1, 0, 2, 0, 0, 0, 0, 0, 0, 0, 0, 0, 2, 0, 0, 0, 0, 0, 0, 0, 1, 1, 0, 1, 1, 0, 2, 0, 0, 0, 1, 0, 0, 0, 0, 1, 0, 0, 2, 0, 2, 0, 0, 0, 0, 0, 0, 0, 0, 0, 0, 2, 2, 0, 2, 1, 2, 1, 4, 3, 6, 5, 3, 3, 2, 2, 4, 3, 106, 0, 0, 0, 0, 0, 0]",4,14.246505655159734,-1,0
602,"[0, 2, 0, 2, 7, 4, 0, 2, 0, 1, 0, 0, 1, 0, 2, 0, 0, 0, 0, 0, 0, 0, 0, 0, 2, 0, 0, 0, 0, 0, 0, 0, 1, 1, 0, 1, 1, 0, 2, 0, 0, 0, 1, 0, 0, 0, 0, 1, 0, 0, 2, 0, 2, 0, 0, 0, 0, 0, 0, 0, 0, 0, 0, 2, 2, 0, 2, 1, 2, 1, 4, 3, 6, 5, 3, 3, 2, 2, 4, 3, 106, 0, 0, 0, 0, 0, 0]",0,0.581111229881292,-1,1
603,"[0, 2, 0, 2, 7, 4, 0, 2, 0, 1, 0, 0, 1, 0, 2, 0, 0, 0, 0, 0, 0, 0, 0, 0, 2, 0, 0, 0, 0, 0, 0, 0, 1, 1, 0, 1, 1, 0, 2, 0, 0, 0, 1, 0, 0, 0, 0, 1, 0, 0, 2, 0, 2, 0, 0, 0, 0, 0, 0, 0, 0, 0, 0, 2, 2, 0, 2, 1, 2, 1, 4, 3, 6, 5, 3, 3, 2, 2, 4, 3, 106, 0, 0, 0, 0, 0, 0]",-1,-0.01732279051650287,-1,1
604,"[0, 2, 0, 2, 7, 4, 0, 3, 0, 1, 0, 0, 1, 0, 2, 0, 0, 0, 0, 0, 0, 0, 0, 0, 2, 0, 0, 0, 0, 0, 0, 0, 1, 1, 0, 1, 1, 0, 2, 0, 0, 0, 1, 0, 0, 0, 0, 1, 0, 0, 2, 0, 2, 0, 0, 0, 0, 0, 0, 0, 0, 0, 0, 2, 2, 0, 2, 1, 2, 1, 4, 3, 6, 5, 3, 3, 2, 2, 4, 3, 107, 0, 0, 0, 0, 0, 0]",4,14.245976134343092,-1,0
605,"[0, 3, 0, 2, 7, 5, 0, 3, 0, 1, 0, 0, 1, 0, 2, 0, 0, 0, 0, 0, 0, 0, 0, 0, 2, 0, 0, 0, 0, 0, 0, 0, 1, 1, 0, 1, 1, 0, 2, 0, 0, 0, 1, 0, 0, 0, 0, 1, 0, 0, 2, 0, 2, 0, 0, 0, 0, 0, 0, 0, 0, 0, 0, 2, 2, 0, 2, 1, 2, 1, 4, 3, 6, 5, 3, 3, 2, 2, 4, 3, 108, 0, 0, 0, 0, 0, 0]",4,10.048223223261157,-1,1
606,"[0, 3, 0, 2, 7, 5, 0, 3, 0, 1, 0, 0, 1, 0, 2, 0, 0, 0, 0, 0, 0, 0, 0, 0, 2, 0, 0, 0, 0, 0, 0, 0, 1, 1, 0, 1, 1, 0, 2, 0, 0, 0, 1, 0, 0, 0, 0, 1, 0, 0, 2, 0, 2, 0, 0, 0, 0, 0, 0, 0, 0, 0, 0, 2, 2, 0, 2, 1, 2, 1, 4, 3, 6, 5, 3, 3, 2, 2, 4, 3, 108, 1, 0, 0, 0, 0, 0]",3,0.39507951431945215,-1,0
607,"[0, 3, 0, 2, 7, 5, 0, 3, 0, 1, 0, 0, 1, 0, 2, 0, 0, 0, 0, 0, 0, 0, 0, 0, 2, 0, 0, 0, 0, 0, 0, 0, 1, 1, 0, 1, 1, 0, 2, 0, 0, 0, 1, 0, 0, 0, 0, 1, 0, 0, 2, 0, 2, 0, 0, 0, 0, 0, 0, 0, 0, 0, 0, 2, 2, 0, 2, 1, 2, 1, 4, 3, 6, 5, 3, 3, 2, 2, 4, 3, 108, 0, 0, 0, 0, 0, 0]",-1,-0.016979776282246957,-1,0
608,"[0, 3, 0, 2, 7, 5, 0, 4, 0, 1, 0, 0, 1, 0, 2, 0, 0, 0, 0, 0, 0, 0, 0, 0, 2, 0, 0, 0, 0, 0, 0, 0, 1, 1, 0, 1, 1, 0, 2, 0, 0, 0, 1, 0, 0, 0, 0, 1, 0, 0, 2, 0, 2, 0, 0, 0, 0, 0, 0, 0, 0, 0, 0, 2, 2, 0, 2, 1, 2, 1, 4, 3, 6, 5, 3, 3, 2, 2, 4, 3, 109, 0, 0, 0, 0, 0, 0]",4,14.159761352301755,-1,0
609,"[0, 3, 0, 2, 7, 5, 0, 4, 0, 1, 0, 0, 1, 0, 2, 0, 0, 0, 0, 0, 0, 0, 0, 0, 2, 0, 0, 0, 0, 0, 0, 0, 1, 1, 0, 1, 1, 0, 2, 0, 0, 0, 1, 0, 0, 0, 0, 1, 0, 0, 2, 0, 2, 0, 0, 0, 0, 0, 0, 0, 0, 0, 0, 2, 2, 0, 2, 1, 2, 1, 4, 3, 6, 5, 3, 3, 2, 2, 4, 3, 109, 0, 1, 0, 0, 0, 0]",2,0.5948838423375984,-1,1
610,"[0, 3, 0, 2, 7, 5, 0, 4, 0, 1, 0, 0, 1, 0, 2, 0, 0, 0, 0, 0, 0, 0, 0, 0, 2, 0, 0, 0, 0, 0, 0, 0, 1, 1, 0, 1, 1, 0, 2, 0, 0, 0, 1, 0, 0, 0, 0, 1, 0, 0, 2, 0, 2, 0, 0, 0, 0, 0, 0, 0, 0, 0, 0, 2, 2, 0, 2, 1, 2, 1, 4, 3, 6, 5, 3, 3, 2, 2, 4, 3, 109, 0, 1, 0, 0, 1, 0]","[[2 1 0 2]
 [0 1 0 1]]",-0.0018557097813720323,-1,1
611,"[0, 3, 0, 2, 7, 5, 0, 4, 0, 1, 0, 0, 1, 0, 2, 0, 0, 0, 0, 0, 0, 0, 0, 0, 2, 0, 0, 0, 0, 0, 0, 0, 1, 1, 0, 1, 1, 0, 2, 0, 0, 0, 1, 0, 0, 0, 0, 1, 0, 0, 2, 0, 2, 0, 0, 0, 0, 0, 0, 0, 0, 0, 0, 2, 2, 0, 2, 1, 2, 1, 4, 3, 6, 5, 3, 3, 2, 2, 4, 3, 109, 0, 0, 0, 0, 0, 0]",1,-0.005116157662401537,-1,0
612,"[0, 3, 0, 2, 7, 5, 0, 4, 0, 1, 0, 0, 1, 0, 2, 0, 0, 0, 0, 0, 0, 0, 0, 0, 2, 0, 0, 0, 0, 0, 0, 0, 1, 1, 0, 1, 1, 0, 2, 0, 0, 0, 1, 0, 0, 0, 0, 1, 0, 0, 2, 0, 2, 0, 0, 0, 0, 0, 0, 0, 0, 0, 0, 2, 2, 0, 2, 1, 2, 1, 4, 3, 6, 5, 3, 3, 2, 2, 4, 3, 109, 0, 0, 0, 0, 0, 0]",-1,-0.016810824685336668,-1,1
613,"[0, 3, 0, 2, 7, 5, 0, 4, 0, 1, 0, 0, 1, 0, 2, 0, 0, 0, 0, 0, 0, 0, 0, 0, 2, 0, 0, 0, 0, 0, 0, 0, 1, 1, 0, 1, 1, 0, 2, 0, 0, 0, 1, 0, 0, 0, 0, 1, 0, 0, 2, 0, 2, 0, 0, 0, 0, 0, 0, 0, 0, 0, 0, 2, 2, 0, 2, 1, 2, 1, 4, 3, 6, 5, 3, 3, 2, 2, 4, 3, 109, 0, 0, 0, 0, 0, 0]",-1,-0.016810824685336668,-1,1
614,"[0, 3, 0, 2, 7, 5, 0, 4, 0, 1, 0, 0, 1, 0, 2, 0, 0, 0, 0, 0, 0, 0, 0, 0, 2, 0, 0, 0, 0, 0, 0, 0, 1, 1, 0, 1, 1, 0, 2, 0, 0, 0, 1, 0, 0, 0, 0, 1, 0, 0, 2, 0, 2, 0, 0, 0, 0, 0, 0, 0, 0, 0, 0, 2, 2, 0, 2, 1, 2, 1, 4, 3, 6, 5, 3, 3, 2, 2, 4, 3, 110, 0, 0, 0, 0, 0, 0]",4,10.08781302503852,-1,1
615,"[0, 3, 0, 2, 7, 5, 0, 4, 0, 1, 0, 0, 1, 0, 2, 0, 0, 0, 0, 0, 0, 0, 0, 0, 2, 0, 0, 0, 0, 0, 0, 0, 1, 1, 0, 1, 1, 0, 2, 0, 0, 0, 1, 0, 0, 0, 0, 1, 0, 0, 2, 0, 2, 0, 0, 0, 0, 0, 0, 0, 0, 0, 0, 2, 2, 0, 2, 1, 2, 1, 4, 3, 6, 5, 3, 3, 2, 2, 4, 3, 110, 0, 1, 0, 0, 0, 0]",2,0.5946806012846269,-1,0
616,"[0, 3, 0, 2, 7, 5, 0, 4, 0, 1, 0, 0, 1, 0, 2, 0, 0, 0, 0, 0, 0, 0, 0, 0, 2, 0, 0, 0, 0, 0, 0, 0, 1, 1, 0, 1, 1, 0, 2, 0, 0, 0, 1, 0, 0, 0, 0, 1, 0, 0, 2, 0, 2, 0, 0, 0, 0, 0, 0, 0, 0, 0, 0, 2, 2, 0, 2, 1, 2, 1, 4, 3, 6, 5, 3, 3, 2, 2, 4, 3, 110, 0, 1, 0, 0, 1, 0]","[[0 1 0 0]
 [1 0 0 0]]",0.8451054663427178,-1,0
617,"[0, 3, 0, 2, 7, 5, 0, 4, 0, 1, 0, 0, 1, 0, 2, 0, 0, 0, 0, 0, 0, 0, 0, 0, 2, 0, 0, 0, 0, 0, 0, 0, 1, 1, 0, 1, 1, 0, 2, 0, 0, 0, 1, 0, 0, 0, 0, 1, 0, 0, 2, 0, 2, 0, 0, 0, 0, 0, 0, 0, 0, 0, 0, 2, 2, 0, 2, 1, 2, 1, 4, 3, 6, 5, 3, 3, 2, 2, 4, 3, 110, 0, 1, 0, 0, 0, 1]",2,-0.005319398715373172,-1,1
618,"[0, 3, 0, 2, 7, 5, 0, 4, 0, 1, 0, 0, 1, 0, 2, 0, 0, 0, 0, 0, 0, 0, 0, 0, 2, 0, 0, 0, 0, 0, 0, 0, 1, 1, 0, 1, 1, 0, 2, 0, 0, 0, 1, 0, 0, 0, 0, 1, 0, 0, 2, 0, 2, 0, 0, 0, 0, 0, 0, 0, 0, 0, 0, 2, 2, 0, 2, 1, 2, 1, 4, 3, 6, 5, 3, 3, 2, 2, 4, 3, 110, 0, 0, 1, 0, 0, 0]","[[2 1 0 1]
 [0 1 0 1]]",-0.005319398715373172,-1,1
619,"[2, 3, 0, 2, 5, 5, 0, 4, 0, 1, 0, 0, 1, 0, 2, 0, 0, 0, 0, 0, 0, 0, 0, 0, 2, 0, 0, 0, 0, 0, 0, 0, 1, 1, 0, 1, 1, 0, 2, 0, 0, 0, 1, 0, 0, 0, 0, 1, 0, 0, 2, 0, 2, 0, 0, 0, 0, 0, 0, 0, 0, 0, 0, 2, 2, 0, 2, 1, 2, 1, 4, 3, 6, 5, 3, 3, 2, 2, 4, 3, 110, 0, 0, 0, 0, 0, 0]",0,-0.005319398715373172,-1,0
620,"[2, 3, 0, 2, 5, 5, 0, 4, 0, 1, 0, 0, 1, 0, 2, 0, 0, 0, 0, 0, 0, 0, 0, 0, 2, 0, 0, 0, 0, 0, 0, 0, 1, 1, 0, 1, 1, 0, 2, 0, 0, 0, 1, 0, 0, 0, 0, 1, 0, 0, 2, 0, 2, 0, 0, 0, 0, 0, 0, 0, 0, 0, 0, 2, 2, 0, 2, 1, 2, 1, 4, 3, 6, 5, 3, 3, 2, 2, 4, 3, 110, 0, 0, 0, 0, 0, 0]",0,0.4373994737081999,-1,0
621,"[2, 3, 0, 2, 5, 5, 0, 4, 0, 1, 0, 0, 1, 0, 2, 0, 0, 0, 0, 0, 0, 0, 0, 0, 2, 0, 0, 0, 0, 0, 0, 0, 1, 1, 0, 1, 1, 0, 2, 0, 0, 0, 1, 0, 0, 0, 0, 1, 0, 0, 2, 0, 2, 0, 0, 0, 0, 0, 0, 0, 0, 0, 0, 2, 2, 0, 2, 1, 2, 1, 4, 3, 6, 5, 3, 3, 2, 2, 4, 3, 110, 0, 0, 0, 0, 0, 0]",-1,-0.01664355418490398,-1,0
622,"[2, 3, 0, 2, 5, 5, 0, 4, 0, 1, 0, 0, 1, 0, 2, 0, 0, 0, 0, 0, 0, 0, 0, 0, 2, 0, 0, 0, 0, 0, 0, 0, 1, 1, 0, 1, 1, 0, 2, 0, 0, 0, 1, 0, 0, 0, 0, 1, 0, 0, 2, 0, 2, 0, 0, 0, 0, 0, 0, 0, 0, 0, 0, 2, 2, 0, 2, 1, 2, 1, 4, 3, 6, 5, 3, 3, 2, 2, 4, 3, 110, 0, 0, 0, 0, 0, 0]",0,0.4373994737081999,-1,0
623,"[2, 3, 0, 2, 5, 5, 0, 4, 0, 1, 0, 0, 1, 0, 2, 0, 0, 0, 0, 0, 0, 0, 0, 0, 2, 0, 0, 0, 0, 0, 0, 0, 1, 1, 0, 1, 1, 0, 2, 0, 0, 0, 1, 0, 0, 0, 0, 1, 0, 0, 2, 0, 2, 0, 0, 0, 0, 0, 0, 0, 0, 0, 0, 2, 2, 0, 2, 1, 2, 1, 4, 3, 6, 5, 3, 3, 2, 2, 4, 3, 110, 0, 0, 0, 0, 0, 0]",-1,-0.01664355418490398,-1,0
624,"[2, 3, 0, 2, 5, 5, 0, 4, 0, 1, 0, 0, 1, 0, 2, 0, 0, 0, 0, 0, 0, 0, 0, 0, 2, 0, 0, 0, 0, 0, 0, 0, 1, 1, 0, 1, 1, 0, 2, 0, 0, 0, 1, 0, 0, 0, 0, 1, 0, 0, 2, 0, 2, 0, 0, 0, 0, 0, 0, 0, 0, 0, 0, 2, 2, 0, 2, 1, 2, 1, 4, 3, 6, 5, 3, 3, 2, 2, 4, 3, 110, 0, 0, 0, 0, 0, 0]",0,0.4373994737081999,-1,0
625,"[2, 3, 0, 2, 5, 5, 0, 4, 0, 1, 0, 0, 1, 0, 2, 0, 0, 0, 0, 0, 0, 0, 0, 0, 2, 0, 0, 0, 0, 0, 0, 0, 1, 1, 0, 1, 1, 0, 2, 0, 0, 0, 1, 0, 0, 0, 0, 1, 0, 0, 2, 0, 2, 0, 0, 0, 0, 0, 0, 0, 0, 0, 0, 2, 2, 0, 2, 1, 2, 1, 4, 3, 6, 5, 3, 3, 2, 2, 4, 3, 110, 0, 0, 0, 0, 0, 0]",-1,-0.01664355418490398,-1,0
626,"[2, 3, 0, 2, 5, 5, 0, 4, 0, 1, 0, 0, 1, 0, 2, 0, 0, 0, 0, 0, 0, 0, 0, 0, 2, 0, 0, 0, 0, 0, 0, 0, 1, 1, 0, 1, 1, 0, 2, 0, 0, 0, 1, 0, 0, 0, 0, 1, 0, 0, 2, 0, 2, 0, 0, 0, 0, 0, 0, 0, 0, 0, 0, 2, 2, 0, 2, 1, 2, 1, 4, 3, 6, 5, 3, 3, 2, 2, 4, 3, 110, 0, 0, 0, 0, 0, 0]",0,0.4373994737081999,-1,0
627,"[2, 3, 0, 2, 5, 5, 0, 4, 0, 1, 0, 0, 1, 0, 2, 0, 0, 0, 0, 0, 0, 0, 0, 0, 2, 0, 0, 0, 0, 0, 0, 0, 1, 1, 0, 1, 1, 0, 2, 0, 0, 0, 1, 0, 0, 0, 0, 1, 0, 0, 2, 0, 2, 0, 0, 0, 0, 0, 0, 0, 0, 0, 0, 2, 2, 0, 2, 1, 2, 1, 4, 3, 6, 5, 3, 3, 2, 2, 4, 3, 110, 0, 0, 0, 0, 0, 0]",-1,-0.01664355418490398,-1,0
628,"[2, 3, 0, 2, 5, 5, 0, 4, 0, 1, 0, 0, 1, 0, 2, 0, 0, 0, 0, 0, 0, 0, 0, 0, 2, 0, 0, 0, 0, 0, 0, 0, 1, 1, 0, 1, 1, 0, 2, 0, 0, 0, 1, 0, 0, 0, 0, 1, 0, 0, 2, 0, 2, 0, 0, 0, 0, 0, 0, 0, 0, 0, 0, 2, 2, 0, 2, 1, 2, 1, 4, 3, 6, 5, 3, 3, 2, 2, 4, 3, 110, 0, 0, 0, 0, 0, 0]",0,0.4373994737081999,-1,0
629,"[2, 3, 0, 2, 5, 5, 0, 4, 0, 1, 0, 0, 1, 0, 2, 0, 0, 0, 0, 0, 0, 0, 0, 0, 2, 0, 0, 0, 0, 0, 0, 0, 1, 1, 0, 1, 1, 0, 2, 0, 0, 0, 1, 0, 0, 0, 0, 1, 0, 0, 2, 0, 2, 0, 0, 0, 0, 0, 0, 0, 0, 0, 0, 2, 2, 0, 2, 1, 2, 1, 4, 3, 6, 5, 3, 3, 2, 2, 4, 3, 110, 0, 0, 0, 0, 0, 0]",-1,-0.01664355418490398,-1,0
630,"[2, 3, 0, 2, 5, 5, 0, 4, 0, 1, 0, 0, 1, 0, 2, 0, 0, 0, 0, 0, 0, 0, 0, 0, 2, 0, 0, 0, 0, 0, 0, 0, 1, 1, 0, 1, 1, 0, 2, 0, 0, 0, 1, 0, 0, 0, 0, 1, 0, 0, 2, 0, 2, 0, 0, 0, 0, 0, 0, 0, 0, 0, 0, 2, 2, 0, 2, 1, 2, 1, 4, 3, 6, 5, 3, 3, 2, 2, 4, 3, 110, 0, 0, 0, 0, 0, 0]",0,0.4373994737081999,-1,0
631,"[2, 3, 0, 2, 5, 5, 0, 4, 0, 1, 0, 0, 1, 0, 2, 0, 0, 0, 0, 0, 0, 0, 0, 0, 2, 0, 0, 0, 0, 0, 0, 0, 1, 1, 0, 1, 1, 0, 2, 0, 0, 0, 1, 0, 0, 0, 0, 1, 0, 0, 2, 0, 2, 0, 0, 0, 0, 0, 0, 0, 0, 0, 0, 2, 2, 0, 2, 1, 2, 1, 4, 3, 6, 5, 3, 3, 2, 2, 4, 3, 110, 0, 0, 0, 0, 0, 0]",-1,-0.01664355418490398,-1,0
632,"[2, 3, 0, 2, 5, 5, 0, 4, 0, 1, 0, 0, 1, 0, 2, 0, 0, 0, 0, 0, 0, 0, 0, 0, 2, 0, 0, 0, 0, 0, 0, 0, 1, 1, 0, 1, 1, 0, 2, 0, 0, 0, 1, 0, 0, 0, 0, 1, 0, 0, 2, 0, 2, 0, 0, 0, 0, 0, 0, 0, 0, 0, 0, 2, 2, 0, 2, 1, 2, 1, 4, 3, 6, 5, 3, 3, 2, 2, 4, 3, 110, 0, 0, 0, 0, 0, 0]",0,0.4373994737081999,-1,0
633,"[2, 3, 0, 2, 5, 5, 0, 4, 0, 1, 0, 0, 1, 0, 2, 0, 0, 0, 0, 0, 0, 0, 0, 0, 2, 0, 0, 0, 0, 0, 0, 0, 1, 1, 0, 1, 1, 0, 2, 0, 0, 0, 1, 0, 0, 0, 0, 1, 0, 0, 2, 0, 2, 0, 0, 0, 0, 0, 0, 0, 0, 0, 0, 2, 2, 0, 2, 1, 2, 1, 4, 3, 6, 5, 3, 3, 2, 2, 4, 3, 110, 0, 0, 0, 0, 0, 0]",-1,-0.01664355418490398,-1,0
634,"[2, 3, 0, 2, 5, 5, 0, 4, 0, 1, 0, 0, 1, 0, 2, 0, 0, 0, 0, 0, 0, 0, 0, 0, 2, 0, 0, 0, 0, 0, 0, 0, 1, 1, 0, 1, 1, 0, 2, 0, 0, 0, 1, 0, 0, 0, 0, 1, 0, 0, 2, 0, 2, 0, 0, 0, 0, 0, 0, 0, 0, 0, 0, 2, 2, 0, 2, 1, 2, 1, 4, 3, 6, 5, 3, 3, 2, 2, 4, 3, 110, 0, 0, 0, 0, 0, 0]",0,0.4373994737081999,-1,0
635,"[2, 3, 0, 2, 5, 5, 0, 4, 0, 1, 0, 0, 1, 0, 2, 0, 0, 0, 0, 0, 0, 0, 0, 0, 2, 0, 0, 0, 0, 0, 0, 0, 1, 1, 0, 1, 1, 0, 2, 0, 0, 0, 1, 0, 0, 0, 0, 1, 0, 0, 2, 0, 2, 0, 0, 0, 0, 0, 0, 0, 0, 0, 0, 2, 2, 0, 2, 1, 2, 1, 4, 3, 6, 5, 3, 3, 2, 2, 4, 3, 110, 0, 0, 0, 0, 0, 0]",-1,-0.01664355418490398,-1,0
636,"[1, 1, 0, 1, 2, 2, 0, 2, 0, 1, 0, 0, 1, 0, 2, 0, 0, 0, 0, 0, 0, 0, 0, 0, 2, 0, 0, 0, 0, 0, 0, 0, 1, 1, 0, 1, 1, 0, 2, 0, 0, 0, 1, 0, 0, 0, 0, 1, 0, 0, 2, 0, 2, 0, 0, 0, 0, 0, 0, 0, 0, 0, 0, 2, 2, 0, 2, 1, 2, 1, 4, 3, 6, 5, 3, 3, 2, 2, 4, 3, 111, 0, 0, 0, 0, 0, 0]",4,14.76114990791537,-1,0
637,"[1, 1, 0, 1, 2, 2, 0, 2, 0, 1, 0, 0, 1, 0, 2, 0, 0, 0, 0, 0, 0, 0, 0, 0, 2, 0, 0, 0, 0, 0, 0, 0, 1, 1, 0, 1, 1, 0, 2, 0, 0, 0, 1, 0, 0, 0, 0, 1, 0, 0, 2, 0, 2, 0, 0, 0, 0, 0, 0, 0, 0, 0, 0, 2, 2, 0, 2, 1, 2, 1, 4, 3, 6, 5, 3, 3, 2, 2, 4, 3, 111, 1, 0, 0, 0, 0, 0]",3,0.3944695155354354,-1,1
638,"[1, 1, 0, 1, 2, 2, 0, 2, 0, 1, 0, 0, 1, 0, 2, 0, 0, 0, 0, 0, 0, 0, 0, 0, 2, 0, 0, 0, 0, 0, 0, 0, 1, 1, 0, 1, 1, 0, 2, 0, 0, 0, 1, 0, 0, 0, 0, 1, 0, 0, 2, 0, 2, 0, 0, 0, 0, 0, 0, 0, 0, 0, 0, 2, 2, 0, 2, 1, 2, 1, 4, 3, 6, 5, 3, 3, 2, 2, 4, 3, 111, 0, 0, 0, 0, 0, 0]",-1,-0.016477948053759454,-1,1
639,"[1, 1, 0, 1, 4, 2, 0, 2, 0, 1, 0, 0, 1, 0, 2, 0, 0, 0, 0, 0, 0, 0, 0, 0, 2, 0, 0, 0, 0, 0, 0, 0, 1, 1, 0, 1, 1, 0, 2, 0, 0, 0, 1, 0, 0, 0, 0, 1, 0, 0, 2, 0, 2, 0, 0, 0, 0, 0, 0, 0, 0, 0, 0, 2, 2, 0, 2, 1, 2, 1, 4, 3, 6, 5, 3, 3, 2, 2, 4, 3, 112, 0, 0, 0, 0, 0, 0]",4,10.184662393497048,-1,1
640,"[1, 1, 0, 1, 4, 2, 0, 2, 0, 1, 0, 0, 1, 0, 2, 0, 0, 0, 0, 0, 0, 0, 0, 0, 2, 0, 0, 0, 0, 0, 0, 0, 1, 1, 0, 1, 1, 0, 2, 0, 0, 0, 1, 0, 0, 0, 0, 1, 0, 0, 2, 0, 2, 0, 0, 0, 0, 0, 0, 0, 0, 0, 0, 2, 2, 0, 2, 1, 2, 1, 4, 3, 6, 5, 3, 3, 2, 2, 4, 3, 112, 0, 1, 0, 0, 0, 0]",2,0.594250300814692,-1,0
641,"[1, 1, 0, 1, 4, 2, 0, 2, 0, 1, 0, 0, 1, 0, 2, 0, 0, 0, 0, 0, 0, 0, 0, 0, 2, 0, 0, 0, 0, 0, 0, 0, 1, 1, 0, 1, 1, 0, 2, 0, 0, 0, 1, 0, 0, 0, 0, 1, 0, 0, 2, 0, 2, 0, 0, 0, 0, 0, 0, 0, 0, 0, 0, 2, 2, 0, 2, 1, 2, 1, 4, 3, 6, 5, 3, 3, 2, 2, 4, 3, 112, 0, 0, 0, 0, 0, 0]",-1,-0.016313989731151973,-1,0
642,"[2, 1, 0, 1, 4, 2, 0, 2, 0, 1, 0, 0, 1, 0, 2, 0, 0, 0, 0, 0, 0, 0, 0, 0, 2, 0, 0, 0, 0, 0, 0, 0, 1, 1, 0, 1, 1, 0, 2, 0, 0, 0, 1, 0, 0, 0, 0, 1, 0, 0, 2, 0, 2, 0, 0, 0, 0, 0, 0, 0, 0, 0, 0, 2, 2, 0, 2, 1, 2, 1, 4, 3, 6, 5, 3, 3, 2, 2, 4, 3, 113, 0, 0, 0, 0, 0, 0]",4,14.60041920687542,-1,0
643,"[2, 1, 0, 1, 4, 2, 0, 2, 0, 1, 0, 0, 1, 0, 2, 0, 0, 0, 0, 0, 0, 0, 0, 0, 2, 0, 0, 0, 0, 0, 0, 0, 1, 1, 0, 1, 1, 0, 2, 0, 0, 0, 1, 0, 0, 0, 0, 1, 0, 0, 2, 0, 2, 0, 0, 0, 0, 0, 0, 0, 0, 0, 0, 2, 2, 0, 2, 1, 2, 1, 4, 3, 6, 5, 3, 3, 2, 2, 4, 3, 113, 0, 1, 0, 0, 0, 0]",2,0.5940226640392727,-1,1
644,"[2, 1, 0, 1, 4, 2, 0, 2, 0, 1, 0, 0, 1, 0, 2, 0, 0, 0, 0, 0, 0, 0, 0, 0, 2, 0, 0, 0, 0, 0, 0, 0, 1, 1, 0, 1, 1, 0, 2, 0, 0, 0, 1, 0, 0, 0, 0, 1, 0, 0, 2, 0, 2, 0, 0, 0, 0, 0, 0, 0, 0, 0, 0, 2, 2, 0, 2, 1, 2, 1, 4, 3, 6, 5, 3, 3, 2, 2, 4, 3, 113, 0, 1, 0, 0, 1, 0]","[[1 1 0 1]
 [2 1 0 1]]",1.9192639965798688,-1,1
645,"[1, 1, 0, 1, 5, 2, 0, 2, 0, 1, 0, 0, 1, 0, 2, 0, 0, 0, 0, 0, 0, 0, 0, 0, 2, 0, 0, 0, 0, 0, 0, 0, 1, 1, 0, 1, 1, 0, 2, 0, 0, 0, 1, 0, 0, 0, 0, 1, 0, 0, 2, 0, 2, 0, 0, 0, 0, 0, 0, 0, 0, 0, 0, 2, 2, 0, 2, 1, 2, 1, 4, 3, 6, 5, 3, 3, 2, 2, 4, 3, 113, 0, 0, 0, 0, 0, 0]",0,-0.005977335960727248,-1,0
646,"[1, 1, 0, 1, 5, 2, 0, 2, 0, 1, 0, 0, 1, 0, 2, 0, 0, 0, 0, 0, 0, 0, 0, 0, 2, 0, 0, 0, 0, 0, 0, 0, 1, 1, 0, 1, 1, 0, 2, 0, 0, 0, 1, 0, 0, 0, 0, 1, 0, 0, 2, 0, 2, 0, 0, 0, 0, 0, 0, 0, 0, 0, 0, 2, 2, 0, 2, 1, 2, 1, 4, 3, 6, 5, 3, 3, 2, 2, 4, 3, 113, 1, 0, 0, 0, 0, 0]",3,0.3940226640392728,-1,1
647,"[1, 1, 0, 1, 5, 2, 0, 2, 0, 1, 0, 0, 1, 0, 2, 0, 0, 0, 0, 0, 0, 0, 0, 0, 2, 0, 0, 0, 0, 0, 0, 0, 1, 1, 0, 1, 1, 0, 2, 0, 0, 0, 1, 0, 0, 0, 0, 1, 0, 0, 2, 0, 2, 0, 0, 0, 0, 0, 0, 0, 0, 0, 0, 2, 2, 0, 2, 1, 2, 1, 4, 3, 6, 5, 3, 3, 2, 2, 4, 3, 113, 0, 0, 0, 0, 0, 0]",-1,-0.016151662821112644,-1,1
648,"[1, 1, 0, 1, 7, 2, 0, 2, 0, 1, 0, 0, 1, 0, 2, 0, 0, 0, 0, 0, 0, 0, 0, 0, 2, 0, 0, 0, 0, 0, 0, 0, 1, 1, 0, 1, 1, 0, 2, 0, 0, 0, 1, 0, 0, 0, 0, 1, 0, 0, 2, 0, 2, 0, 0, 0, 0, 0, 0, 0, 0, 0, 0, 2, 2, 0, 2, 1, 2, 1, 4, 3, 6, 5, 3, 3, 2, 2, 4, 3, 114, 0, 0, 0, 0, 0, 0]",4,9.908362958842309,-1,1
649,"[1, 1, 0, 1, 7, 2, 0, 2, 0, 1, 0, 0, 1, 0, 2, 0, 0, 0, 0, 0, 0, 0, 0, 0, 2, 0, 0, 0, 0, 0, 0, 0, 1, 1, 0, 1, 1, 0, 2, 0, 0, 0, 1, 0, 0, 0, 0, 1, 0, 0, 2, 0, 2, 0, 0, 0, 0, 0, 0, 0, 0, 0, 0, 2, 2, 0, 2, 1, 2, 1, 4, 3, 6, 5, 3, 3, 2, 2, 4, 3, 114, 0, 1, 0, 0, 0, 0]",2,0.5937863031680665,-1,0
650,"[1, 1, 0, 1, 7, 2, 0, 2, 0, 1, 0, 0, 1, 0, 2, 0, 0, 0, 0, 0, 0, 0, 0, 0, 2, 0, 0, 0, 0, 0, 0, 0, 1, 1, 0, 1, 1, 0, 2, 0, 0, 0, 1, 0, 0, 0, 0, 1, 0, 0, 2, 0, 2, 0, 0, 0, 0, 0, 0, 0, 0, 0, 0, 2, 2, 0, 2, 1, 2, 1, 4, 3, 6, 5, 3, 3, 2, 2, 4, 3, 114, 0, 0, 0, 0, 0, 0]",-1,-0.015990951090815192,-1,0
651,"[1, 1, 0, 1, 7, 2, 0, 2, 0, 1, 0, 0, 1, 0, 2, 0, 0, 0, 0, 0, 0, 0, 0, 0, 2, 0, 0, 0, 0, 0, 0, 0, 1, 1, 0, 1, 1, 0, 2, 0, 0, 0, 1, 0, 0, 0, 0, 1, 0, 0, 2, 0, 2, 0, 0, 0, 0, 0, 0, 0, 0, 0, 0, 2, 2, 0, 2, 1, 2, 1, 4, 3, 6, 5, 3, 3, 2, 2, 4, 3, 114, 0, 0, 0, 0, 0, 0]",1,0.8034104182676832,-1,0
652,"[1, 1, 0, 1, 7, 2, 0, 2, 0, 1, 0, 0, 1, 0, 2, 0, 0, 0, 0, 0, 0, 0, 0, 0, 2, 0, 0, 0, 0, 0, 0, 0, 1, 1, 0, 1, 1, 0, 2, 0, 0, 0, 1, 0, 0, 0, 0, 1, 0, 0, 2, 0, 2, 0, 0, 0, 0, 0, 0, 0, 0, 0, 0, 2, 2, 0, 2, 1, 2, 1, 4, 3, 6, 5, 3, 3, 2, 2, 4, 3, 114, 0, 0, 0, 0, 0, 0]",-1,-0.015990951090815192,-1,0
653,"[1, 1, 0, 1, 7, 2, 0, 2, 0, 1, 0, 0, 1, 0, 2, 0, 0, 0, 0, 0, 0, 0, 0, 0, 2, 0, 0, 0, 0, 0, 0, 0, 1, 1, 0, 1, 1, 0, 2, 0, 0, 0, 1, 0, 0, 0, 0, 1, 0, 0, 2, 0, 2, 0, 0, 0, 0, 0, 0, 0, 0, 0, 0, 2, 2, 0, 2, 1, 2, 1, 4, 3, 6, 5, 3, 3, 2, 2, 4, 3, 114, 1, 0, 0, 0, 0, 0]",3,0.39378630316806656,-1,0
654,"[1, 1, 0, 1, 7, 2, 0, 2, 0, 1, 0, 0, 1, 0, 2, 0, 0, 0, 0, 0, 0, 0, 0, 0, 2, 0, 0, 0, 0, 0, 0, 0, 1, 1, 0, 1, 1, 0, 2, 0, 0, 0, 1, 0, 0, 0, 0, 1, 0, 0, 2, 0, 2, 0, 0, 0, 0, 0, 0, 0, 0, 0, 0, 2, 2, 0, 2, 1, 2, 1, 4, 3, 6, 5, 3, 3, 2, 2, 4, 3, 114, 0, 0, 0, 0, 0, 0]",-1,-0.015990951090815192,-1,0
655,"[1, 1, 0, 1, 7, 2, 0, 2, 0, 1, 0, 0, 1, 0, 2, 0, 0, 0, 0, 0, 0, 0, 0, 0, 2, 0, 0, 0, 0, 0, 0, 0, 1, 1, 0, 1, 1, 0, 2, 0, 0, 0, 1, 0, 0, 0, 0, 1, 0, 0, 2, 0, 2, 0, 0, 0, 0, 0, 0, 0, 0, 0, 0, 2, 2, 0, 2, 1, 2, 1, 4, 3, 6, 5, 3, 3, 2, 2, 4, 3, 114, 0, 0, 0, 0, 0, 0]",1,0.8034104182676832,-1,0
656,"[1, 1, 0, 1, 7, 2, 0, 2, 0, 1, 0, 0, 1, 0, 2, 0, 0, 0, 0, 0, 0, 0, 0, 0, 2, 0, 0, 0, 0, 0, 0, 0, 1, 1, 0, 1, 1, 0, 2, 0, 0, 0, 1, 0, 0, 0, 0, 1, 0, 0, 2, 0, 2, 0, 0, 0, 0, 0, 0, 0, 0, 0, 0, 2, 2, 0, 2, 1, 2, 1, 4, 3, 6, 5, 3, 3, 2, 2, 4, 3, 114, 0, 0, 0, 0, 0, 0]",-1,-0.015990951090815192,-1,0
657,"[1, 1, 0, 1, 7, 2, 0, 2, 0, 1, 0, 0, 1, 0, 2, 0, 0, 0, 0, 0, 0, 0, 0, 0, 2, 0, 0, 0, 0, 0, 0, 0, 1, 1, 0, 1, 1, 0, 2, 0, 0, 0, 1, 0, 0, 0, 0, 1, 0, 0, 2, 0, 2, 0, 0, 0, 0, 0, 0, 0, 0, 0, 0, 2, 2, 0, 2, 1, 2, 1, 4, 3, 6, 5, 3, 3, 2, 2, 4, 3, 114, 0, 0, 0, 0, 0, 0]",1,0.8034104182676832,-1,0
658,"[1, 1, 0, 1, 7, 2, 0, 2, 0, 1, 0, 0, 1, 0, 2, 0, 0, 0, 0, 0, 0, 0, 0, 0, 2, 0, 0, 0, 0, 0, 0, 0, 1, 1, 0, 1, 1, 0, 2, 0, 0, 0, 1, 0, 0, 0, 0, 1, 0, 0, 2, 0, 2, 0, 0, 0, 0, 0, 0, 0, 0, 0, 0, 2, 2, 0, 2, 1, 2, 1, 4, 3, 6, 5, 3, 3, 2, 2, 4, 3, 114, 0, 0, 0, 0, 0, 0]",-1,-0.015990951090815192,-1,0
659,"[1, 1, 0, 1, 7, 2, 0, 2, 0, 1, 0, 0, 1, 0, 2, 0, 0, 0, 0, 0, 0, 0, 0, 0, 2, 0, 0, 0, 0, 0, 0, 0, 1, 1, 0, 1, 1, 0, 2, 0, 0, 0, 1, 0, 0, 0, 0, 1, 0, 0, 2, 0, 2, 0, 0, 0, 0, 0, 0, 0, 0, 0, 0, 2, 2, 0, 2, 1, 2, 1, 4, 3, 6, 5, 3, 3, 2, 2, 4, 3, 114, 0, 0, 0, 0, 0, 0]",1,0.8034104182676832,-1,0
660,"[1, 1, 0, 1, 7, 2, 0, 2, 0, 1, 0, 0, 1, 0, 2, 0, 0, 0, 0, 0, 0, 0, 0, 0, 2, 0, 0, 0, 0, 0, 0, 0, 1, 1, 0, 1, 1, 0, 2, 0, 0, 0, 1, 0, 0, 0, 0, 1, 0, 0, 2, 0, 2, 0, 0, 0, 0, 0, 0, 0, 0, 0, 0, 2, 2, 0, 2, 1, 2, 1, 4, 3, 6, 5, 3, 3, 2, 2, 4, 3, 114, 0, 0, 0, 0, 0, 0]",-1,-0.015990951090815192,-1,0
661,"[1, 1, 0, 1, 7, 2, 0, 2, 0, 1, 0, 0, 1, 0, 2, 0, 0, 0, 0, 0, 0, 0, 0, 0, 2, 0, 0, 0, 0, 0, 0, 0, 1, 1, 0, 1, 1, 0, 2, 0, 0, 0, 1, 0, 0, 0, 0, 1, 0, 0, 2, 0, 2, 0, 0, 0, 0, 0, 0, 0, 0, 0, 0, 2, 2, 0, 2, 1, 2, 1, 4, 3, 6, 5, 3, 3, 2, 2, 4, 3, 114, 0, 1, 0, 0, 0, 0]",2,0.5937863031680665,-1,0
662,"[1, 1, 0, 1, 7, 2, 0, 2, 0, 1, 0, 0, 1, 0, 2, 0, 0, 0, 0, 0, 0, 0, 0, 0, 2, 0, 0, 0, 0, 0, 0, 0, 1, 1, 0, 1, 1, 0, 2, 0, 0, 0, 1, 0, 0, 0, 0, 1, 0, 0, 2, 0, 2, 0, 0, 0, 0, 0, 0, 0, 0, 0, 0, 2, 2, 0, 2, 1, 2, 1, 4, 3, 6, 5, 3, 3, 2, 2, 4, 3, 114, 0, 0, 0, 0, 0, 0]",-1,-0.015990951090815192,-1,0
663,"[1, 1, 0, 1, 7, 2, 0, 2, 0, 1, 0, 0, 1, 0, 2, 0, 0, 0, 0, 0, 0, 0, 0, 0, 2, 0, 0, 0, 0, 0, 0, 0, 1, 1, 0, 1, 1, 0, 2, 0, 0, 0, 1, 0, 0, 0, 0, 1, 0, 0, 2, 0, 2, 0, 0, 0, 0, 0, 0, 0, 0, 0, 0, 2, 2, 0, 2, 1, 2, 1, 4, 3, 6, 5, 3, 3, 2, 2, 4, 3, 114, 1, 0, 0, 0, 0, 0]",3,0.39378630316806656,-1,0
664,"[1, 1, 0, 1, 7, 2, 0, 2, 0, 1, 0, 0, 1, 0, 2, 0, 0, 0, 0, 0, 0, 0, 0, 0, 2, 0, 0, 0, 0, 0, 0, 0, 1, 1, 0, 1, 1, 0, 2, 0, 0, 0, 1, 0, 0, 0, 0, 1, 0, 0, 2, 0, 2, 0, 0, 0, 0, 0, 0, 0, 0, 0, 0, 2, 2, 0, 2, 1, 2, 1, 4, 3, 6, 5, 3, 3, 2, 2, 4, 3, 114, 0, 0, 0, 0, 0, 0]",-1,-0.015990951090815192,-1,0
665,"[1, 1, 0, 1, 9, 2, 0, 2, 0, 1, 0, 0, 1, 0, 2, 0, 0, 0, 0, 0, 0, 0, 0, 0, 2, 0, 0, 0, 0, 0, 0, 0, 1, 1, 0, 1, 1, 0, 2, 0, 0, 0, 1, 0, 0, 0, 0, 1, 0, 0, 2, 0, 2, 0, 0, 0, 0, 0, 0, 0, 0, 0, 0, 2, 2, 0, 2, 1, 2, 1, 4, 3, 6, 5, 3, 3, 2, 2, 4, 3, 115, 0, 0, 0, 0, 0, 0]",4,14.758916093252067,-1,0
666,"[1, 1, 0, 1, 9, 2, 0, 2, 0, 1, 0, 0, 1, 0, 2, 0, 0, 0, 0, 0, 0, 0, 0, 0, 2, 0, 0, 0, 0, 0, 0, 0, 1, 1, 0, 1, 1, 0, 2, 0, 0, 0, 1, 0, 0, 0, 0, 1, 0, 0, 2, 0, 2, 0, 0, 0, 0, 0, 0, 0, 0, 0, 0, 2, 2, 0, 2, 1, 2, 1, 4, 3, 6, 5, 3, 3, 2, 2, 4, 3, 115, 0, 0, 0, 0, 0, 0]",0,0.5792029256341626,-1,1
667,"[1, 1, 0, 1, 9, 2, 0, 2, 0, 1, 0, 0, 1, 0, 2, 0, 0, 0, 0, 0, 0, 0, 0, 0, 2, 0, 0, 0, 0, 0, 0, 0, 1, 1, 0, 1, 1, 0, 2, 0, 0, 0, 1, 0, 0, 0, 0, 1, 0, 0, 2, 0, 2, 0, 0, 0, 0, 0, 0, 0, 0, 0, 0, 2, 2, 0, 2, 1, 2, 1, 4, 3, 6, 5, 3, 3, 2, 2, 4, 3, 115, 0, 0, 0, 0, 0, 0]",-1,-0.01583183846895266,-1,1
668,"[1, 1, 0, 1, 9, 2, 0, 3, 0, 1, 0, 0, 1, 0, 2, 0, 0, 0, 0, 0, 0, 0, 0, 0, 2, 0, 0, 0, 0, 0, 0, 0, 1, 1, 0, 1, 1, 0, 2, 0, 0, 0, 1, 0, 0, 0, 0, 1, 0, 0, 2, 0, 2, 0, 0, 0, 0, 0, 0, 0, 0, 0, 0, 2, 2, 0, 2, 1, 2, 1, 4, 3, 6, 5, 3, 3, 2, 2, 4, 3, 116, 0, 0, 0, 0, 0, 0]",4,9.875754709829115,-1,1
669,"[1, 1, 0, 1, 9, 2, 0, 4, 0, 1, 0, 0, 1, 0, 2, 0, 0, 0, 0, 0, 0, 0, 0, 0, 2, 0, 0, 0, 0, 0, 0, 0, 1, 1, 0, 1, 1, 0, 2, 0, 0, 0, 1, 0, 0, 0, 0, 1, 0, 0, 2, 0, 2, 0, 0, 0, 0, 0, 0, 0, 0, 0, 0, 2, 2, 0, 2, 1, 2, 1, 4, 3, 6, 5, 3, 3, 2, 2, 4, 3, 117, 0, 0, 0, 0, 0, 0]",4,14.757763620392039,-1,0
670,"[1, 2, 0, 1, 9, 3, 0, 4, 0, 1, 0, 0, 1, 0, 2, 0, 0, 0, 0, 0, 0, 0, 0, 0, 2, 0, 0, 0, 0, 0, 0, 0, 1, 1, 0, 1, 1, 0, 2, 0, 0, 0, 1, 0, 0, 0, 0, 1, 0, 0, 2, 0, 2, 0, 0, 0, 0, 0, 0, 0, 0, 0, 0, 2, 2, 0, 2, 1, 2, 1, 4, 3, 6, 5, 3, 3, 2, 2, 4, 3, 118, 0, 0, 0, 0, 0, 0]",4,9.964235923054714,-1,1
671,"[1, 2, 0, 1, 9, 3, 0, 4, 0, 1, 0, 0, 1, 0, 2, 0, 0, 0, 0, 0, 0, 0, 0, 0, 2, 0, 0, 0, 0, 0, 0, 0, 1, 1, 0, 1, 1, 0, 2, 0, 0, 0, 1, 0, 0, 0, 0, 1, 0, 0, 2, 0, 2, 0, 0, 0, 0, 0, 0, 0, 0, 0, 0, 2, 2, 0, 2, 1, 2, 1, 4, 3, 6, 5, 3, 3, 2, 2, 4, 3, 118, 0, 1, 0, 0, 0, 0]",2,0.5927472567250703,-1,0
672,"[1, 2, 0, 1, 9, 3, 0, 4, 0, 1, 0, 0, 1, 0, 2, 0, 0, 0, 0, 0, 0, 0, 0, 0, 2, 0, 0, 0, 0, 0, 0, 0, 1, 1, 0, 1, 1, 0, 2, 0, 0, 0, 1, 0, 0, 0, 0, 1, 0, 0, 2, 0, 2, 0, 0, 0, 0, 0, 0, 0, 0, 0, 0, 2, 2, 0, 2, 1, 2, 1, 4, 3, 6, 5, 3, 3, 2, 2, 4, 3, 118, 0, 0, 0, 0, 0, 0]",-1,-0.015363936930056563,-1,0
673,"[2, 2, 0, 1, 9, 3, 0, 4, 0, 1, 0, 0, 1, 0, 2, 0, 0, 0, 0, 0, 0, 0, 0, 0, 2, 0, 0, 0, 0, 0, 0, 0, 1, 1, 0, 1, 1, 0, 2, 0, 0, 0, 1, 0, 0, 0, 0, 1, 0, 0, 2, 0, 2, 0, 0, 0, 0, 0, 0, 0, 0, 0, 0, 2, 2, 0, 2, 1, 2, 1, 4, 3, 6, 5, 3, 3, 2, 2, 4, 3, 119, 0, 0, 0, 0, 0, 0]",4,14.49563179969311,-1,0
674,"[2, 2, 0, 1, 9, 3, 0, 5, 0, 1, 0, 0, 1, 0, 2, 0, 0, 0, 0, 0, 0, 0, 0, 0, 2, 0, 0, 0, 0, 0, 0, 0, 1, 1, 0, 1, 1, 0, 2, 0, 0, 0, 1, 0, 0, 0, 0, 1, 0, 0, 2, 0, 2, 0, 0, 0, 0, 0, 0, 0, 0, 0, 0, 2, 2, 0, 2, 1, 2, 1, 4, 3, 6, 5, 3, 3, 2, 2, 4, 3, 120, 0, 0, 0, 0, 0, 0]",4,9.981490273403494,-1,1
675,"[2, 2, 0, 1, 9, 3, 0, 5, 0, 1, 0, 0, 1, 0, 2, 0, 0, 0, 0, 0, 0, 0, 0, 0, 2, 0, 0, 0, 0, 0, 0, 0, 1, 1, 0, 1, 1, 0, 2, 0, 0, 0, 1, 0, 0, 0, 0, 1, 0, 0, 2, 0, 2, 0, 0, 0, 0, 0, 0, 0, 0, 0, 0, 2, 2, 0, 2, 1, 2, 1, 4, 3, 6, 5, 3, 3, 2, 2, 4, 3, 120, 0, 0, 0, 0, 0, 0]",1,0.8017909705402638,-1,0
676,"[2, 2, 0, 1, 9, 3, 0, 5, 0, 1, 0, 0, 1, 0, 2, 0, 0, 0, 0, 0, 0, 0, 0, 0, 2, 0, 0, 0, 0, 0, 0, 0, 1, 1, 0, 1, 1, 0, 2, 0, 0, 0, 1, 0, 0, 0, 0, 1, 0, 0, 2, 0, 2, 0, 0, 0, 0, 0, 0, 0, 0, 0, 0, 2, 2, 0, 2, 1, 2, 1, 4, 3, 6, 5, 3, 3, 2, 2, 4, 3, 120, 0, 0, 0, 0, 0, 0]",-1,-0.015059710595610107,-1,0
677,"[3, 2, 0, 1, 9, 3, 0, 5, 0, 1, 0, 0, 1, 0, 2, 0, 0, 0, 0, 0, 0, 0, 0, 0, 2, 0, 0, 0, 0, 0, 0, 0, 1, 1, 0, 1, 1, 0, 2, 0, 0, 0, 1, 0, 0, 0, 0, 1, 0, 0, 2, 0, 2, 0, 0, 0, 0, 0, 0, 0, 0, 0, 0, 2, 2, 0, 2, 1, 2, 1, 4, 3, 6, 5, 3, 3, 2, 2, 4, 3, 121, 0, 0, 0, 0, 0, 0]",4,14.364234079091439,-1,0
678,"[3, 2, 0, 1, 9, 3, 0, 5, 0, 1, 0, 0, 1, 0, 2, 0, 0, 0, 0, 0, 0, 0, 0, 0, 2, 0, 0, 0, 0, 0, 0, 0, 1, 1, 0, 1, 1, 0, 2, 0, 0, 0, 1, 0, 0, 0, 0, 1, 0, 0, 2, 0, 2, 0, 0, 0, 0, 0, 0, 0, 0, 0, 0, 2, 2, 0, 2, 1, 2, 1, 4, 3, 6, 5, 3, 3, 2, 2, 4, 3, 121, 1, 0, 0, 0, 0, 0]",3,0.3918601892857067,-1,1
679,"[3, 2, 0, 1, 9, 3, 0, 5, 0, 1, 0, 0, 1, 0, 2, 0, 0, 0, 0, 0, 0, 0, 0, 0, 2, 0, 0, 0, 0, 0, 0, 0, 1, 1, 0, 1, 1, 0, 2, 0, 0, 0, 1, 0, 0, 0, 0, 1, 0, 0, 2, 0, 2, 0, 0, 0, 0, 0, 0, 0, 0, 0, 0, 2, 2, 0, 2, 1, 2, 1, 4, 3, 6, 5, 3, 3, 2, 2, 4, 3, 121, 0, 0, 0, 0, 0, 0]",-1,-0.01490986397149437,-1,1
680,"[3, 2, 0, 1, 9, 3, 0, 5, 0, 1, 0, 0, 1, 0, 2, 0, 0, 0, 0, 0, 0, 0, 0, 0, 2, 0, 0, 0, 0, 0, 0, 0, 1, 1, 0, 1, 1, 0, 2, 0, 0, 0, 1, 0, 0, 0, 0, 1, 0, 0, 2, 0, 2, 0, 0, 0, 0, 0, 0, 0, 0, 0, 0, 2, 2, 0, 2, 1, 2, 1, 4, 3, 6, 5, 3, 3, 2, 2, 4, 3, 122, 0, 0, 0, 0, 0, 0]",4,9.98026306513076,-1,1
681,"[3, 2, 0, 1, 9, 3, 0, 5, 0, 1, 0, 0, 1, 0, 2, 0, 0, 0, 0, 0, 0, 0, 0, 0, 2, 0, 0, 0, 0, 0, 0, 0, 1, 1, 0, 1, 1, 0, 2, 0, 0, 0, 1, 0, 0, 0, 0, 1, 0, 0, 2, 0, 2, 0, 0, 0, 0, 0, 0, 0, 0, 0, 0, 2, 2, 0, 2, 1, 2, 1, 4, 3, 6, 5, 3, 3, 2, 2, 4, 3, 122, 1, 0, 0, 0, 0, 0]",3,0.3915420456315933,-1,0
682,"[1, 2, 0, 2, 9, 3, 0, 5, 0, 1, 0, 0, 1, 0, 2, 0, 0, 0, 0, 0, 0, 0, 0, 0, 2, 0, 0, 0, 0, 0, 0, 0, 1, 1, 0, 1, 1, 0, 2, 0, 0, 0, 1, 0, 0, 0, 0, 1, 0, 0, 2, 0, 2, 0, 0, 0, 0, 0, 0, 0, 0, 0, 0, 2, 2, 0, 2, 1, 2, 1, 4, 3, 6, 5, 3, 3, 2, 2, 4, 3, 122, 0, 0, 0, 0, 0, 0]","[[2 0 0 0]
 [0 0 0 1]]",-0.007000272457365705,-1,0
683,"[1, 2, 0, 2, 9, 3, 0, 5, 0, 1, 0, 0, 1, 0, 2, 0, 0, 0, 0, 0, 0, 0, 0, 0, 2, 0, 0, 0, 0, 0, 0, 0, 1, 1, 0, 1, 1, 0, 2, 0, 0, 0, 1, 0, 0, 0, 0, 1, 0, 0, 2, 0, 2, 0, 0, 0, 0, 0, 0, 0, 0, 0, 0, 2, 2, 0, 2, 1, 2, 1, 4, 3, 6, 5, 3, 3, 2, 2, 4, 3, 122, 0, 1, 0, 0, 0, 0]",2,0.5915420456315932,-1,0
684,"[1, 2, 0, 2, 9, 3, 0, 5, 0, 1, 0, 0, 1, 0, 2, 0, 0, 0, 0, 0, 0, 0, 0, 0, 2, 0, 0, 0, 0, 0, 0, 0, 1, 1, 0, 1, 1, 0, 2, 0, 0, 0, 1, 0, 0, 0, 0, 1, 0, 0, 2, 0, 2, 0, 0, 0, 0, 0, 0, 0, 0, 0, 0, 2, 2, 0, 2, 1, 2, 1, 4, 3, 6, 5, 3, 3, 2, 2, 4, 3, 122, 0, 0, 0, 0, 0, 0]",-1,-0.014761508346200712,-1,0
685,"[1, 2, 0, 2, 9, 3, 0, 5, 0, 1, 0, 0, 1, 0, 2, 0, 0, 0, 0, 0, 0, 0, 0, 0, 2, 0, 0, 0, 0, 0, 0, 0, 1, 1, 0, 1, 1, 0, 2, 0, 0, 0, 1, 0, 0, 0, 0, 1, 0, 0, 2, 0, 2, 0, 0, 0, 0, 0, 0, 0, 0, 0, 0, 2, 2, 0, 2, 1, 2, 1, 4, 3, 6, 5, 3, 3, 2, 2, 4, 3, 122, 0, 1, 0, 0, 0, 0]",2,0.5915420456315932,-1,0
686,"[1, 2, 0, 2, 9, 3, 0, 5, 0, 1, 0, 0, 1, 0, 2, 0, 0, 0, 0, 0, 0, 0, 0, 0, 2, 0, 0, 0, 0, 0, 0, 0, 1, 1, 0, 1, 1, 0, 2, 0, 0, 0, 1, 0, 0, 0, 0, 1, 0, 0, 2, 0, 2, 0, 0, 0, 0, 0, 0, 0, 0, 0, 0, 2, 2, 0, 2, 1, 2, 1, 4, 3, 6, 5, 3, 3, 2, 2, 4, 3, 122, 0, 0, 0, 0, 0, 0]",-1,-0.014761508346200712,-1,0
687,"[1, 2, 0, 2, 9, 3, 0, 5, 0, 1, 0, 0, 1, 0, 2, 0, 0, 0, 0, 0, 0, 0, 0, 0, 2, 0, 0, 0, 0, 0, 0, 0, 1, 1, 0, 1, 1, 0, 2, 0, 0, 0, 1, 0, 0, 0, 0, 1, 0, 0, 2, 0, 2, 0, 0, 0, 0, 0, 0, 0, 0, 0, 0, 2, 2, 0, 2, 1, 2, 1, 4, 3, 6, 5, 3, 3, 2, 2, 4, 3, 122, 0, 1, 0, 0, 0, 0]",2,0.5915420456315932,-1,0
688,"[1, 2, 0, 2, 9, 3, 0, 5, 0, 1, 0, 0, 1, 0, 2, 0, 0, 0, 0, 0, 0, 0, 0, 0, 2, 0, 0, 0, 0, 0, 0, 0, 1, 1, 0, 1, 1, 0, 2, 0, 0, 0, 1, 0, 0, 0, 0, 1, 0, 0, 2, 0, 2, 0, 0, 0, 0, 0, 0, 0, 0, 0, 0, 2, 2, 0, 2, 1, 2, 1, 4, 3, 6, 5, 3, 3, 2, 2, 4, 3, 122, 0, 0, 0, 0, 0, 0]",-1,-0.014761508346200712,-1,0
689,"[1, 2, 0, 2, 9, 3, 0, 5, 0, 1, 0, 0, 1, 0, 2, 0, 0, 0, 0, 0, 0, 0, 0, 0, 2, 0, 0, 0, 0, 0, 0, 0, 1, 1, 0, 1, 1, 0, 2, 0, 0, 0, 1, 0, 0, 0, 0, 1, 0, 0, 2, 0, 2, 0, 0, 0, 0, 0, 0, 0, 0, 0, 0, 2, 2, 0, 2, 1, 2, 1, 4, 3, 6, 5, 3, 3, 2, 2, 4, 3, 122, 1, 0, 0, 0, 0, 0]",3,0.3915420456315933,-1,0
690,"[1, 2, 0, 2, 9, 3, 0, 5, 0, 1, 0, 0, 1, 0, 2, 0, 0, 0, 0, 0, 0, 0, 0, 0, 2, 0, 0, 0, 0, 0, 0, 0, 1, 1, 0, 1, 1, 0, 2, 0, 0, 0, 1, 0, 0, 0, 0, 1, 0, 0, 2, 0, 2, 0, 0, 0, 0, 0, 0, 0, 0, 0, 0, 2, 2, 0, 2, 1, 2, 1, 4, 3, 6, 5, 3, 3, 2, 2, 4, 3, 122, 0, 0, 0, 0, 0, 0]",-1,-0.014761508346200712,-1,0
691,"[1, 2, 0, 2, 9, 3, 0, 5, 0, 1, 0, 0, 1, 0, 2, 0, 0, 0, 0, 0, 0, 0, 0, 0, 2, 0, 0, 0, 0, 0, 0, 0, 1, 1, 0, 1, 1, 0, 2, 0, 0, 0, 1, 0, 0, 0, 0, 1, 0, 0, 2, 0, 2, 0, 0, 0, 0, 0, 0, 0, 0, 0, 0, 2, 2, 0, 2, 1, 2, 1, 4, 3, 6, 5, 3, 3, 2, 2, 4, 3, 122, 0, 1, 0, 0, 0, 0]",2,0.5915420456315932,-1,0
692,"[1, 2, 0, 2, 9, 3, 0, 5, 0, 1, 0, 0, 1, 0, 2, 0, 0, 0, 0, 0, 0, 0, 0, 0, 2, 0, 0, 0, 0, 0, 0, 0, 1, 1, 0, 1, 1, 0, 2, 0, 0, 0, 1, 0, 0, 0, 0, 1, 0, 0, 2, 0, 2, 0, 0, 0, 0, 0, 0, 0, 0, 0, 0, 2, 2, 0, 2, 1, 2, 1, 4, 3, 6, 5, 3, 3, 2, 2, 4, 3, 122, 0, 0, 0, 0, 0, 0]",-1,-0.014761508346200712,-1,0
693,"[1, 2, 0, 2, 9, 3, 0, 5, 0, 1, 0, 0, 1, 0, 2, 0, 0, 0, 0, 0, 0, 0, 0, 0, 2, 0, 0, 0, 0, 0, 0, 0, 1, 1, 0, 1, 1, 0, 2, 0, 0, 0, 1, 0, 0, 0, 0, 1, 0, 0, 2, 0, 2, 0, 0, 0, 0, 0, 0, 0, 0, 0, 0, 2, 2, 0, 2, 1, 2, 1, 4, 3, 6, 5, 3, 3, 2, 2, 4, 3, 122, 0, 1, 0, 0, 0, 0]",2,0.5915420456315932,-1,0
694,"[1, 2, 0, 2, 9, 3, 0, 5, 0, 1, 0, 0, 1, 0, 2, 0, 0, 0, 0, 0, 0, 0, 0, 0, 2, 0, 0, 0, 0, 0, 0, 0, 1, 1, 0, 1, 1, 0, 2, 0, 0, 0, 1, 0, 0, 0, 0, 1, 0, 0, 2, 0, 2, 0, 0, 0, 0, 0, 0, 0, 0, 0, 0, 2, 2, 0, 2, 1, 2, 1, 4, 3, 6, 5, 3, 3, 2, 2, 4, 3, 122, 0, 0, 0, 0, 0, 0]",-1,-0.014761508346200712,-1,0
695,"[1, 2, 0, 2, 9, 3, 0, 5, 0, 1, 0, 0, 1, 0, 2, 0, 0, 0, 0, 0, 0, 0, 0, 0, 2, 0, 0, 0, 0, 0, 0, 0, 1, 1, 0, 1, 1, 0, 2, 0, 0, 0, 1, 0, 0, 0, 0, 1, 0, 0, 2, 0, 2, 0, 0, 0, 0, 0, 0, 0, 0, 0, 0, 2, 2, 0, 2, 1, 2, 1, 4, 3, 6, 5, 3, 3, 2, 2, 4, 3, 122, 0, 0, 0, 0, 0, 0]",1,0.8011661607312099,-1,0
696,"[1, 2, 0, 2, 9, 3, 0, 5, 0, 1, 0, 0, 1, 0, 2, 0, 0, 0, 0, 0, 0, 0, 0, 0, 2, 0, 0, 0, 0, 0, 0, 0, 1, 1, 0, 1, 1, 0, 2, 0, 0, 0, 1, 0, 0, 0, 0, 1, 0, 0, 2, 0, 2, 0, 0, 0, 0, 0, 0, 0, 0, 0, 0, 2, 2, 0, 2, 1, 2, 1, 4, 3, 6, 5, 3, 3, 2, 2, 4, 3, 122, 0, 0, 0, 0, 0, 0]",-1,-0.014761508346200712,-1,0
697,"[1, 2, 0, 2, 9, 3, 0, 5, 0, 1, 0, 0, 1, 0, 2, 0, 0, 0, 0, 0, 0, 0, 0, 0, 2, 0, 0, 0, 0, 0, 0, 0, 1, 1, 0, 1, 1, 0, 2, 0, 0, 0, 1, 0, 0, 0, 0, 1, 0, 0, 2, 0, 2, 0, 0, 0, 0, 0, 0, 0, 0, 0, 0, 2, 2, 0, 2, 1, 2, 1, 4, 3, 6, 5, 3, 3, 2, 2, 4, 3, 122, 0, 1, 0, 0, 0, 0]",2,0.5915420456315932,-1,0
698,"[1, 2, 0, 2, 9, 3, 0, 5, 0, 1, 0, 0, 1, 0, 2, 0, 0, 0, 0, 0, 0, 0, 0, 0, 2, 0, 0, 0, 0, 0, 0, 0, 1, 1, 0, 1, 1, 0, 2, 0, 0, 0, 1, 0, 0, 0, 0, 1, 0, 0, 2, 0, 2, 0, 0, 0, 0, 0, 0, 0, 0, 0, 0, 2, 2, 0, 2, 1, 2, 1, 4, 3, 6, 5, 3, 3, 2, 2, 4, 3, 122, 0, 0, 0, 0, 0, 0]",-1,-0.014761508346200712,-1,0
699,"[1, 1, 0, 1, 4, 1, 0, 2, 0, 1, 0, 0, 1, 0, 2, 0, 0, 0, 0, 0, 0, 0, 0, 0, 2, 0, 0, 0, 0, 0, 0, 0, 1, 1, 0, 1, 1, 0, 2, 0, 0, 0, 1, 0, 0, 0, 0, 1, 0, 0, 2, 0, 2, 0, 0, 0, 0, 0, 0, 0, 0, 0, 0, 2, 2, 0, 2, 1, 2, 1, 4, 3, 6, 5, 3, 3, 2, 2, 4, 2, 123, 0, 0, 0, 0, 0, 0]",4,14.754128337623298,-1,0
700,"[1, 2, 0, 1, 4, 2, 0, 2, 0, 1, 0, 0, 1, 0, 2, 0, 0, 0, 0, 0, 0, 0, 0, 0, 2, 0, 0, 0, 0, 0, 0, 0, 1, 1, 0, 1, 1, 0, 2, 0, 0, 0, 1, 0, 0, 0, 0, 1, 0, 0, 2, 0, 2, 0, 0, 0, 0, 0, 0, 0, 0, 0, 0, 2, 2, 0, 2, 1, 2, 1, 4, 3, 6, 5, 3, 3, 2, 2, 4, 2, 124, 0, 0, 0, 0, 0, 0]",4,10.177555220186036,-1,1
701,"[1, 2, 0, 1, 4, 2, 0, 2, 0, 1, 0, 0, 1, 0, 2, 0, 0, 0, 0, 0, 0, 0, 0, 0, 2, 0, 0, 0, 0, 0, 0, 0, 1, 1, 0, 1, 1, 0, 2, 0, 0, 0, 1, 0, 0, 0, 0, 1, 0, 0, 2, 0, 2, 0, 0, 0, 0, 0, 0, 0, 0, 0, 0, 2, 2, 0, 2, 1, 2, 1, 4, 3, 6, 5, 3, 3, 2, 2, 4, 2, 124, 0, 1, 0, 0, 0, 0]",2,0.5908697658431112,-1,0
702,"[1, 2, 0, 1, 4, 2, 0, 2, 0, 1, 0, 0, 1, 0, 2, 0, 0, 0, 0, 0, 0, 0, 0, 0, 2, 0, 0, 0, 0, 0, 0, 0, 1, 1, 0, 1, 1, 0, 2, 0, 0, 0, 1, 0, 0, 0, 0, 1, 0, 0, 2, 0, 2, 0, 0, 0, 0, 0, 0, 0, 0, 0, 0, 2, 2, 0, 2, 1, 2, 1, 4, 3, 6, 5, 3, 3, 2, 2, 4, 2, 124, 0, 0, 0, 0, 0, 0]",-1,-0.014469210896952531,-1,0
703,"[1, 3, 0, 1, 4, 3, 0, 2, 0, 1, 0, 0, 1, 0, 2, 0, 0, 0, 0, 0, 0, 0, 0, 0, 2, 0, 0, 0, 0, 0, 0, 0, 1, 1, 0, 1, 1, 0, 2, 0, 0, 0, 1, 0, 0, 0, 0, 1, 0, 0, 2, 0, 2, 0, 0, 0, 0, 0, 0, 0, 0, 0, 0, 2, 2, 0, 2, 1, 2, 1, 4, 3, 6, 5, 3, 3, 2, 2, 4, 2, 125, 0, 0, 0, 0, 0, 0]",4,14.332408713473823,-1,0
704,"[1, 3, 0, 1, 4, 3, 0, 2, 0, 1, 0, 0, 1, 0, 2, 0, 0, 0, 0, 0, 0, 0, 0, 0, 2, 0, 0, 0, 0, 0, 0, 0, 1, 1, 0, 1, 1, 0, 2, 0, 0, 0, 1, 0, 0, 0, 0, 1, 0, 0, 2, 0, 2, 0, 0, 0, 0, 0, 0, 0, 0, 0, 0, 2, 2, 0, 2, 1, 2, 1, 4, 3, 6, 5, 3, 3, 2, 2, 4, 2, 125, 0, 1, 0, 0, 0, 0]",2,0.5905148253644866,-1,1
705,"[1, 3, 0, 1, 4, 3, 0, 2, 0, 1, 0, 0, 1, 0, 2, 0, 0, 0, 0, 0, 0, 0, 0, 0, 2, 0, 0, 0, 0, 0, 0, 0, 1, 1, 0, 1, 1, 0, 2, 0, 0, 0, 1, 0, 0, 0, 0, 1, 0, 0, 2, 0, 2, 0, 0, 0, 0, 0, 0, 0, 0, 0, 0, 2, 2, 0, 2, 1, 2, 1, 4, 3, 6, 5, 3, 3, 2, 2, 4, 2, 125, 0, 1, 0, 0, 1, 0]","[[1 1 0 1]
 [1 3 0 1]]",2.313005710088205,-1,1
706,"[1, 1, 0, 1, 4, 5, 0, 2, 0, 1, 0, 0, 1, 0, 2, 0, 0, 0, 0, 0, 0, 0, 0, 0, 2, 0, 0, 0, 0, 0, 0, 0, 1, 1, 0, 1, 1, 0, 2, 0, 0, 0, 1, 0, 0, 0, 0, 1, 0, 0, 2, 0, 2, 0, 0, 0, 0, 0, 0, 0, 0, 0, 0, 2, 2, 0, 2, 1, 2, 1, 4, 3, 6, 5, 3, 3, 2, 2, 4, 2, 125, 0, 0, 0, 0, 0, 0]",0,-0.009485174635513356,-1,0
707,"[1, 1, 0, 1, 4, 5, 0, 2, 0, 1, 0, 0, 1, 0, 2, 0, 0, 0, 0, 0, 0, 0, 0, 0, 2, 0, 0, 0, 0, 0, 0, 0, 1, 1, 0, 1, 1, 0, 2, 0, 0, 0, 1, 0, 0, 0, 0, 1, 0, 0, 2, 0, 2, 0, 0, 0, 0, 0, 0, 0, 0, 0, 0, 2, 2, 0, 2, 1, 2, 1, 4, 3, 6, 5, 3, 3, 2, 2, 4, 2, 125, 0, 1, 0, 0, 0, 0]",2,0.5905148253644866,-1,1
708,"[1, 1, 0, 1, 4, 5, 0, 2, 0, 1, 0, 0, 1, 0, 2, 0, 0, 0, 0, 0, 0, 0, 0, 0, 2, 0, 0, 0, 0, 0, 0, 0, 1, 1, 0, 1, 1, 0, 2, 0, 0, 0, 1, 0, 0, 0, 0, 1, 0, 0, 2, 0, 2, 0, 0, 0, 0, 0, 0, 0, 0, 0, 0, 2, 2, 0, 2, 1, 2, 1, 4, 3, 6, 5, 3, 3, 2, 2, 4, 2, 125, 0, 0, 0, 0, 0, 0]",-1,-0.014325239843009506,-1,1
709,"[1, 1, 0, 1, 6, 5, 0, 2, 0, 1, 0, 0, 1, 0, 2, 0, 0, 0, 0, 0, 0, 0, 0, 0, 2, 0, 0, 0, 0, 0, 0, 0, 1, 1, 0, 1, 1, 0, 2, 0, 0, 0, 1, 0, 0, 0, 0, 1, 0, 0, 2, 0, 2, 0, 0, 0, 0, 0, 0, 0, 0, 0, 0, 2, 2, 0, 2, 1, 2, 1, 4, 3, 6, 5, 3, 3, 2, 2, 4, 2, 126, 0, 0, 0, 0, 0, 0]",4,10.013519300568714,-1,1
710,"[1, 1, 0, 1, 6, 5, 0, 2, 0, 1, 0, 0, 1, 0, 2, 0, 0, 0, 0, 0, 0, 0, 0, 0, 2, 0, 0, 0, 0, 0, 0, 0, 1, 1, 0, 1, 1, 0, 2, 0, 0, 0, 1, 0, 0, 0, 0, 1, 0, 0, 2, 0, 2, 0, 0, 0, 0, 0, 0, 0, 0, 0, 0, 2, 2, 0, 2, 1, 2, 1, 4, 3, 6, 5, 3, 3, 2, 2, 4, 2, 126, 0, 1, 0, 0, 0, 0]",2,0.5901467987831946,-1,0
711,"[1, 1, 0, 1, 6, 5, 0, 2, 0, 1, 0, 0, 1, 0, 2, 0, 0, 0, 0, 0, 0, 0, 0, 0, 2, 0, 0, 0, 0, 0, 0, 0, 1, 1, 0, 1, 1, 0, 2, 0, 0, 0, 1, 0, 0, 0, 0, 1, 0, 0, 2, 0, 2, 0, 0, 0, 0, 0, 0, 0, 0, 0, 0, 2, 2, 0, 2, 1, 2, 1, 4, 3, 6, 5, 3, 3, 2, 2, 4, 2, 126, 0, 0, 0, 0, 0, 0]",-1,-0.014182701324988521,-1,0
712,"[1, 1, 0, 1, 8, 5, 0, 2, 0, 1, 0, 0, 1, 0, 2, 0, 0, 0, 0, 0, 0, 0, 0, 0, 2, 0, 0, 0, 0, 0, 0, 0, 1, 1, 0, 1, 1, 0, 2, 0, 0, 0, 1, 0, 0, 0, 0, 1, 0, 0, 2, 0, 2, 0, 0, 0, 0, 0, 0, 0, 0, 0, 0, 2, 2, 0, 2, 1, 2, 1, 4, 3, 6, 5, 3, 3, 2, 2, 4, 2, 127, 0, 0, 0, 0, 0, 0]",4,14.751523946476683,-1,0
713,"[1, 1, 0, 1, 8, 5, 0, 2, 0, 1, 0, 0, 1, 0, 2, 0, 0, 0, 0, 0, 0, 0, 0, 0, 2, 0, 0, 0, 0, 0, 0, 0, 1, 1, 0, 1, 1, 0, 2, 0, 0, 0, 1, 0, 0, 0, 0, 1, 0, 0, 2, 0, 2, 0, 0, 0, 0, 0, 0, 0, 0, 0, 0, 2, 2, 0, 2, 1, 2, 1, 4, 3, 6, 5, 3, 3, 2, 2, 4, 2, 127, 0, 1, 0, 0, 0, 0]",2,0.5897652598165817,-1,1
714,"[1, 1, 0, 1, 8, 5, 0, 2, 0, 1, 0, 0, 1, 0, 2, 0, 0, 0, 0, 0, 0, 0, 0, 0, 2, 0, 0, 0, 0, 0, 0, 0, 1, 1, 0, 1, 1, 0, 2, 0, 0, 0, 1, 0, 0, 0, 0, 1, 0, 0, 2, 0, 2, 0, 0, 0, 0, 0, 0, 0, 0, 0, 0, 2, 2, 0, 2, 1, 2, 1, 4, 3, 6, 5, 3, 3, 2, 2, 4, 2, 127, 0, 1, 0, 0, 1, 0]","[[2 1 0 1]
 [1 1 0 1]]",0.15569746864061407,-1,1
715,"[1, 1, 0, 1, 8, 5, 0, 2, 0, 1, 0, 0, 1, 0, 2, 0, 0, 0, 0, 0, 0, 0, 0, 0, 2, 0, 0, 0, 0, 0, 0, 0, 1, 1, 0, 1, 1, 0, 2, 0, 0, 0, 1, 0, 0, 0, 0, 1, 0, 0, 2, 0, 2, 0, 0, 0, 0, 0, 0, 0, 0, 0, 0, 2, 2, 0, 2, 1, 2, 1, 4, 3, 6, 5, 3, 3, 2, 2, 4, 2, 127, 0, 0, 0, 0, 0, 0]",1,-0.010234740183418332,-1,0
716,"[1, 1, 0, 1, 8, 6, 0, 2, 0, 1, 0, 0, 1, 0, 2, 0, 0, 0, 0, 0, 0, 0, 0, 0, 2, 0, 0, 0, 0, 0, 0, 0, 1, 1, 0, 1, 1, 0, 2, 0, 0, 0, 1, 0, 0, 0, 0, 1, 0, 0, 2, 0, 2, 0, 0, 0, 0, 0, 0, 0, 0, 0, 0, 2, 2, 0, 2, 1, 2, 1, 4, 3, 6, 5, 3, 3, 2, 2, 4, 2, 128, 0, 0, 0, 0, 0, 0]",4,9.961264392024994,-1,1
717,"[1, 1, 0, 1, 4, 3, 0, 1, 0, 1, 0, 0, 1, 0, 2, 0, 0, 0, 0, 0, 0, 0, 0, 0, 2, 0, 0, 0, 0, 0, 0, 0, 1, 1, 0, 1, 1, 0, 2, 0, 0, 0, 1, 0, 0, 0, 0, 1, 0, 0, 2, 0, 2, 0, 0, 0, 0, 0, 0, 0, 0, 0, 0, 2, 2, 0, 2, 1, 2, 1, 4, 3, 6, 5, 3, 3, 2, 2, 4, 4, 129, 0, 0, 0, 0, 0, 0]",4,14.750156906498857,-1,0
718,"[1, 1, 0, 1, 4, 3, 0, 1, 0, 1, 0, 0, 1, 0, 2, 0, 0, 0, 0, 0, 0, 0, 0, 0, 2, 0, 0, 0, 0, 0, 0, 0, 1, 1, 0, 1, 1, 0, 2, 0, 0, 0, 1, 0, 0, 0, 0, 1, 0, 0, 2, 0, 2, 0, 0, 0, 0, 0, 0, 0, 0, 0, 0, 2, 2, 0, 2, 1, 2, 1, 4, 3, 6, 5, 3, 3, 2, 2, 4, 4, 129, 1, 0, 0, 0, 0, 0]",3,0.38895989244341317,-1,1
719,"[1, 1, 0, 1, 4, 3, 0, 1, 0, 1, 0, 0, 1, 0, 2, 0, 0, 0, 0, 0, 0, 0, 0, 0, 2, 0, 0, 0, 0, 0, 0, 0, 1, 1, 0, 1, 1, 0, 2, 0, 0, 0, 1, 0, 0, 0, 0, 1, 0, 0, 2, 0, 2, 0, 0, 0, 0, 0, 0, 0, 0, 0, 0, 2, 2, 0, 2, 1, 2, 1, 4, 3, 6, 5, 3, 3, 2, 2, 4, 4, 129, 0, 0, 0, 0, 0, 0]",-1,-0.013763539154487617,-1,1
720,"[1, 1, 0, 1, 4, 3, 0, 1, 0, 1, 0, 0, 1, 0, 2, 0, 0, 0, 0, 0, 0, 0, 0, 0, 2, 0, 0, 0, 0, 0, 0, 0, 1, 1, 0, 1, 1, 0, 2, 0, 0, 0, 1, 0, 0, 0, 0, 1, 0, 0, 2, 0, 2, 0, 0, 0, 0, 0, 0, 0, 0, 0, 0, 2, 2, 0, 2, 1, 2, 1, 4, 3, 6, 5, 3, 3, 2, 2, 4, 4, 130, 0, 0, 0, 0, 0, 0]",4,10.036882654308103,-1,1
721,"[1, 1, 0, 1, 4, 3, 0, 1, 0, 1, 0, 0, 1, 0, 2, 0, 0, 0, 0, 0, 0, 0, 0, 0, 2, 0, 0, 0, 0, 0, 0, 0, 1, 1, 0, 1, 1, 0, 2, 0, 0, 0, 1, 0, 0, 0, 0, 1, 0, 0, 2, 0, 2, 0, 0, 0, 0, 0, 0, 0, 0, 0, 0, 2, 2, 0, 2, 1, 2, 1, 4, 3, 6, 5, 3, 3, 2, 2, 4, 4, 130, 1, 0, 0, 0, 0, 0]",3,0.38853516482022626,-1,0
722,"[1, 1, 0, 1, 4, 3, 0, 1, 0, 1, 0, 0, 1, 0, 2, 0, 0, 0, 0, 0, 0, 0, 0, 0, 2, 0, 0, 0, 0, 0, 0, 0, 1, 1, 0, 1, 1, 0, 2, 0, 0, 0, 1, 0, 0, 0, 0, 1, 0, 0, 2, 0, 2, 0, 0, 0, 0, 0, 0, 0, 0, 0, 0, 2, 2, 0, 2, 1, 2, 1, 4, 3, 6, 5, 3, 3, 2, 2, 4, 4, 130, 0, 0, 0, 0, 0, 0]",-1,-0.01362658965170063,-1,0
723,"[1, 1, 0, 1, 4, 3, 0, 1, 0, 1, 0, 0, 1, 0, 2, 0, 0, 0, 0, 0, 0, 0, 0, 0, 2, 0, 0, 0, 0, 0, 0, 0, 1, 1, 0, 1, 1, 0, 2, 0, 0, 0, 1, 0, 0, 0, 0, 1, 0, 0, 2, 0, 2, 0, 0, 0, 0, 0, 0, 0, 0, 0, 0, 2, 2, 0, 2, 1, 2, 1, 4, 3, 6, 5, 3, 3, 2, 2, 4, 4, 131, 0, 0, 0, 0, 0, 0]",4,14.748741590118225,-1,0
724,"[1, 1, 0, 1, 4, 3, 0, 1, 0, 1, 0, 0, 1, 0, 2, 0, 0, 0, 0, 0, 0, 0, 0, 0, 2, 0, 0, 0, 0, 0, 0, 0, 1, 1, 0, 1, 1, 0, 2, 0, 0, 0, 1, 0, 0, 0, 0, 1, 0, 0, 2, 0, 2, 0, 0, 0, 0, 0, 0, 0, 0, 0, 0, 2, 2, 0, 2, 1, 2, 1, 4, 3, 6, 5, 3, 3, 2, 2, 4, 4, 131, 0, 1, 0, 0, 0, 0]",2,0.5880951268046997,-1,1
725,"[1, 1, 0, 1, 4, 3, 0, 1, 0, 1, 0, 0, 1, 0, 2, 0, 0, 0, 0, 0, 0, 0, 0, 0, 2, 0, 0, 0, 0, 0, 0, 0, 1, 1, 0, 1, 1, 0, 2, 0, 0, 0, 1, 0, 0, 0, 0, 1, 0, 0, 2, 0, 2, 0, 0, 0, 0, 0, 0, 0, 0, 0, 0, 2, 2, 0, 2, 1, 2, 1, 4, 3, 6, 5, 3, 3, 2, 2, 4, 4, 131, 0, 1, 0, 0, 1, 0]","[[2 1 0 0]
 [1 1 0 1]]",0.8385199918627906,-1,1
726,"[2, 1, 0, 0, 3, 3, 0, 2, 0, 1, 0, 0, 1, 0, 2, 0, 0, 0, 0, 0, 0, 0, 0, 0, 2, 0, 0, 0, 0, 0, 0, 0, 1, 1, 0, 1, 1, 0, 2, 0, 0, 0, 1, 0, 0, 0, 0, 1, 0, 0, 2, 0, 2, 0, 0, 0, 0, 0, 0, 0, 0, 0, 0, 2, 2, 0, 2, 1, 2, 1, 4, 3, 6, 5, 3, 3, 2, 2, 4, 4, 131, 0, 0, 0, 0, 0, 0]",0,-0.0119048731953003,-1,0
727,"[2, 1, 0, 0, 3, 3, 0, 2, 0, 1, 0, 0, 1, 0, 2, 0, 0, 0, 0, 0, 0, 0, 0, 0, 2, 0, 0, 0, 0, 0, 0, 0, 1, 1, 0, 1, 1, 0, 2, 0, 0, 0, 1, 0, 0, 0, 0, 1, 0, 0, 2, 0, 2, 0, 0, 0, 0, 0, 0, 0, 0, 0, 0, 2, 2, 0, 2, 1, 2, 1, 4, 3, 6, 5, 3, 3, 2, 2, 4, 4, 131, 0, 1, 0, 0, 0, 0]",2,0.5880951268046997,-1,1
728,"[2, 1, 0, 0, 3, 3, 0, 2, 0, 1, 0, 0, 1, 0, 2, 0, 0, 0, 0, 0, 0, 0, 0, 0, 2, 0, 0, 0, 0, 0, 0, 0, 1, 1, 0, 1, 1, 0, 2, 0, 0, 0, 1, 0, 0, 0, 0, 1, 0, 0, 2, 0, 2, 0, 0, 0, 0, 0, 0, 0, 0, 0, 0, 2, 2, 0, 2, 1, 2, 1, 4, 3, 6, 5, 3, 3, 2, 2, 4, 4, 131, 0, 1, 0, 0, 1, 0]","[[1 1 0 1]
 [2 1 0 0]]",0.8385199918627906,-1,1
729,"[2, 1, 0, 0, 3, 3, 0, 2, 0, 1, 0, 0, 1, 0, 2, 0, 0, 0, 0, 0, 0, 0, 0, 0, 2, 0, 0, 0, 0, 0, 0, 0, 1, 1, 0, 1, 1, 0, 2, 0, 0, 0, 1, 0, 0, 0, 0, 1, 0, 0, 2, 0, 2, 0, 0, 0, 0, 0, 0, 0, 0, 0, 0, 2, 2, 0, 2, 1, 2, 1, 4, 3, 6, 5, 3, 3, 2, 2, 4, 4, 131, 0, 0, 0, 0, 0, 0]",1,-0.0119048731953003,-1,0
730,"[2, 1, 0, 0, 3, 3, 0, 2, 0, 1, 0, 0, 1, 0, 2, 0, 0, 0, 0, 0, 0, 0, 0, 0, 2, 0, 0, 0, 0, 0, 0, 0, 1, 1, 0, 1, 1, 0, 2, 0, 0, 0, 1, 0, 0, 0, 0, 1, 0, 0, 2, 0, 2, 0, 0, 0, 0, 0, 0, 0, 0, 0, 0, 2, 2, 0, 2, 1, 2, 1, 4, 3, 6, 5, 3, 3, 2, 2, 4, 4, 131, 0, 0, 0, 0, 0, 0]",-1,-0.013491002819234342,-1,1
731,"[3, 1, 0, 0, 3, 4, 0, 2, 0, 1, 0, 0, 1, 0, 2, 0, 0, 0, 0, 0, 0, 0, 0, 0, 2, 0, 0, 0, 0, 0, 0, 0, 1, 1, 0, 1, 1, 0, 2, 0, 0, 0, 1, 0, 0, 0, 0, 1, 0, 0, 2, 0, 2, 0, 0, 0, 0, 0, 0, 0, 0, 0, 0, 2, 2, 0, 2, 1, 2, 1, 4, 3, 6, 5, 3, 3, 2, 2, 4, 4, 132, 0, 0, 0, 0, 0, 0]",4,10.14526742516017,-1,1
732,"[3, 1, 0, 0, 3, 4, 0, 2, 0, 1, 0, 0, 1, 0, 2, 0, 0, 0, 0, 0, 0, 0, 0, 0, 2, 0, 0, 0, 0, 0, 0, 0, 1, 1, 0, 1, 1, 0, 2, 0, 0, 0, 1, 0, 0, 0, 0, 1, 0, 0, 2, 0, 2, 0, 0, 0, 0, 0, 0, 0, 0, 0, 0, 2, 2, 0, 2, 1, 2, 1, 4, 3, 6, 5, 3, 3, 2, 2, 4, 4, 132, 0, 0, 0, 0, 0, 0]",1,0.797263421846899,-1,0
733,"[3, 1, 0, 0, 3, 4, 0, 2, 0, 1, 0, 0, 1, 0, 2, 0, 0, 0, 0, 0, 0, 0, 0, 0, 2, 0, 0, 0, 0, 0, 0, 0, 1, 1, 0, 1, 1, 0, 2, 0, 0, 0, 1, 0, 0, 0, 0, 1, 0, 0, 2, 0, 2, 0, 0, 0, 0, 0, 0, 0, 0, 0, 0, 2, 2, 0, 2, 1, 2, 1, 4, 3, 6, 5, 3, 3, 2, 2, 4, 4, 132, 0, 0, 0, 0, 0, 0]",-1,-0.013356765098292518,-1,0
734,"[3, 1, 0, 0, 3, 4, 0, 2, 0, 1, 0, 0, 1, 0, 2, 0, 0, 0, 0, 0, 0, 0, 0, 0, 2, 0, 0, 0, 0, 0, 0, 0, 1, 1, 0, 1, 1, 0, 2, 0, 0, 0, 1, 0, 0, 0, 0, 1, 0, 0, 2, 0, 2, 0, 0, 0, 0, 0, 0, 0, 0, 0, 0, 2, 2, 0, 2, 1, 2, 1, 4, 3, 6, 5, 3, 3, 2, 2, 4, 4, 132, 1, 0, 0, 0, 0, 0]",3,0.3876393067472823,-1,0
735,"[1, 1, 0, 1, 3, 4, 0, 2, 0, 1, 0, 0, 1, 0, 2, 0, 0, 0, 0, 0, 0, 0, 0, 0, 2, 0, 0, 0, 0, 0, 0, 0, 1, 1, 0, 1, 1, 0, 2, 0, 0, 0, 1, 0, 0, 0, 0, 1, 0, 0, 2, 0, 2, 0, 0, 0, 0, 0, 0, 0, 0, 0, 0, 2, 2, 0, 2, 1, 2, 1, 4, 3, 6, 5, 3, 3, 2, 2, 4, 4, 132, 0, 0, 0, 0, 0, 0]","[[2 0 0 0]
 [0 0 0 1]]",-0.010903011341676662,-1,0
736,"[1, 1, 0, 1, 3, 4, 0, 2, 0, 1, 0, 0, 1, 0, 2, 0, 0, 0, 0, 0, 0, 0, 0, 0, 2, 0, 0, 0, 0, 0, 0, 0, 1, 1, 0, 1, 1, 0, 2, 0, 0, 0, 1, 0, 0, 0, 0, 1, 0, 0, 2, 0, 2, 0, 0, 0, 0, 0, 0, 0, 0, 0, 0, 2, 2, 0, 2, 1, 2, 1, 4, 3, 6, 5, 3, 3, 2, 2, 4, 4, 132, 0, 1, 0, 0, 0, 0]",2,0.5876393067472823,-1,0
737,"[1, 1, 0, 1, 3, 4, 0, 2, 0, 1, 0, 0, 1, 0, 2, 0, 0, 0, 0, 0, 0, 0, 0, 0, 2, 0, 0, 0, 0, 0, 0, 0, 1, 1, 0, 1, 1, 0, 2, 0, 0, 0, 1, 0, 0, 0, 0, 1, 0, 0, 2, 0, 2, 0, 0, 0, 0, 0, 0, 0, 0, 0, 0, 2, 2, 0, 2, 1, 2, 1, 4, 3, 6, 5, 3, 3, 2, 2, 4, 4, 132, 0, 0, 0, 0, 0, 0]",-1,-0.013356765098292518,-1,0
738,"[1, 1, 0, 1, 3, 4, 0, 2, 0, 1, 0, 0, 1, 0, 2, 0, 0, 0, 0, 0, 0, 0, 0, 0, 2, 0, 0, 0, 0, 0, 0, 0, 1, 1, 0, 1, 1, 0, 2, 0, 0, 0, 1, 0, 0, 0, 0, 1, 0, 0, 2, 0, 2, 0, 0, 0, 0, 0, 0, 0, 0, 0, 0, 2, 2, 0, 2, 1, 2, 1, 4, 3, 6, 5, 3, 3, 2, 2, 4, 4, 132, 1, 0, 0, 0, 0, 0]",3,0.3876393067472823,-1,0
739,"[1, 1, 0, 1, 3, 4, 0, 2, 0, 1, 0, 0, 1, 0, 2, 0, 0, 0, 0, 0, 0, 0, 0, 0, 2, 0, 0, 0, 0, 0, 0, 0, 1, 1, 0, 1, 1, 0, 2, 0, 0, 0, 1, 0, 0, 0, 0, 1, 0, 0, 2, 0, 2, 0, 0, 0, 0, 0, 0, 0, 0, 0, 0, 2, 2, 0, 2, 1, 2, 1, 4, 3, 6, 5, 3, 3, 2, 2, 4, 4, 132, 0, 0, 0, 0, 0, 0]",-1,-0.013356765098292518,-1,0
740,"[1, 1, 0, 1, 3, 4, 0, 2, 0, 1, 0, 0, 1, 0, 2, 0, 0, 0, 0, 0, 0, 0, 0, 0, 2, 0, 0, 0, 0, 0, 0, 0, 1, 1, 0, 1, 1, 0, 2, 0, 0, 0, 1, 0, 0, 0, 0, 1, 0, 0, 2, 0, 2, 0, 0, 0, 0, 0, 0, 0, 0, 0, 0, 2, 2, 0, 2, 1, 2, 1, 4, 3, 6, 5, 3, 3, 2, 2, 4, 4, 132, 0, 1, 0, 0, 0, 0]",2,0.5876393067472823,-1,0
741,"[1, 1, 0, 1, 3, 4, 0, 2, 0, 1, 0, 0, 1, 0, 2, 0, 0, 0, 0, 0, 0, 0, 0, 0, 2, 0, 0, 0, 0, 0, 0, 0, 1, 1, 0, 1, 1, 0, 2, 0, 0, 0, 1, 0, 0, 0, 0, 1, 0, 0, 2, 0, 2, 0, 0, 0, 0, 0, 0, 0, 0, 0, 0, 2, 2, 0, 2, 1, 2, 1, 4, 3, 6, 5, 3, 3, 2, 2, 4, 4, 132, 0, 0, 0, 0, 0, 0]",-1,-0.013356765098292518,-1,0
742,"[1, 1, 0, 1, 3, 4, 0, 2, 0, 1, 0, 0, 1, 0, 2, 0, 0, 0, 0, 0, 0, 0, 0, 0, 2, 0, 0, 0, 0, 0, 0, 0, 1, 1, 0, 1, 1, 0, 2, 0, 0, 0, 1, 0, 0, 0, 0, 1, 0, 0, 2, 0, 2, 0, 0, 0, 0, 0, 0, 0, 0, 0, 0, 2, 2, 0, 2, 1, 2, 1, 4, 3, 6, 5, 3, 3, 2, 2, 4, 4, 132, 1, 0, 0, 0, 0, 0]",3,0.3876393067472823,-1,0
743,"[1, 1, 0, 1, 3, 4, 0, 2, 0, 1, 0, 0, 1, 0, 2, 0, 0, 0, 0, 0, 0, 0, 0, 0, 2, 0, 0, 0, 0, 0, 0, 0, 1, 1, 0, 1, 1, 0, 2, 0, 0, 0, 1, 0, 0, 0, 0, 1, 0, 0, 2, 0, 2, 0, 0, 0, 0, 0, 0, 0, 0, 0, 0, 2, 2, 0, 2, 1, 2, 1, 4, 3, 6, 5, 3, 3, 2, 2, 4, 4, 132, 0, 0, 0, 0, 0, 0]",-1,-0.013356765098292518,-1,0
744,"[1, 1, 0, 1, 3, 4, 0, 2, 0, 1, 0, 0, 1, 0, 2, 0, 0, 0, 0, 0, 0, 0, 0, 0, 2, 0, 0, 0, 0, 0, 0, 0, 1, 1, 0, 1, 1, 0, 2, 0, 0, 0, 1, 0, 0, 0, 0, 1, 0, 0, 2, 0, 2, 0, 0, 0, 0, 0, 0, 0, 0, 0, 0, 2, 2, 0, 2, 1, 2, 1, 4, 3, 6, 5, 3, 3, 2, 2, 4, 4, 132, 1, 0, 0, 0, 0, 0]",3,0.3876393067472823,-1,0
745,"[1, 1, 0, 1, 3, 4, 0, 2, 0, 1, 0, 0, 1, 0, 2, 0, 0, 0, 0, 0, 0, 0, 0, 0, 2, 0, 0, 0, 0, 0, 0, 0, 1, 1, 0, 1, 1, 0, 2, 0, 0, 0, 1, 0, 0, 0, 0, 1, 0, 0, 2, 0, 2, 0, 0, 0, 0, 0, 0, 0, 0, 0, 0, 2, 2, 0, 2, 1, 2, 1, 4, 3, 6, 5, 3, 3, 2, 2, 4, 4, 132, 0, 0, 0, 0, 0, 0]",-1,-0.013356765098292518,-1,0
746,"[1, 1, 0, 1, 3, 4, 0, 2, 0, 1, 0, 0, 1, 0, 2, 0, 0, 0, 0, 0, 0, 0, 0, 0, 2, 0, 0, 0, 0, 0, 0, 0, 1, 1, 0, 1, 1, 0, 2, 0, 0, 0, 1, 0, 0, 0, 0, 1, 0, 0, 2, 0, 2, 0, 0, 0, 0, 0, 0, 0, 0, 0, 0, 2, 2, 0, 2, 1, 2, 1, 4, 3, 6, 5, 3, 3, 2, 2, 4, 4, 132, 0, 0, 0, 0, 0, 0]",1,0.797263421846899,-1,0
747,"[1, 1, 0, 1, 3, 4, 0, 2, 0, 1, 0, 0, 1, 0, 2, 0, 0, 0, 0, 0, 0, 0, 0, 0, 2, 0, 0, 0, 0, 0, 0, 0, 1, 1, 0, 1, 1, 0, 2, 0, 0, 0, 1, 0, 0, 0, 0, 1, 0, 0, 2, 0, 2, 0, 0, 0, 0, 0, 0, 0, 0, 0, 0, 2, 2, 0, 2, 1, 2, 1, 4, 3, 6, 5, 3, 3, 2, 2, 4, 4, 132, 0, 0, 0, 0, 0, 0]",-1,-0.013356765098292518,-1,0
748,"[1, 2, 0, 1, 3, 5, 0, 2, 0, 1, 0, 0, 1, 0, 2, 0, 0, 0, 0, 0, 0, 0, 0, 0, 2, 0, 0, 0, 0, 0, 0, 0, 1, 1, 0, 1, 1, 0, 2, 0, 0, 0, 1, 0, 0, 0, 0, 1, 0, 0, 2, 0, 2, 0, 0, 0, 0, 0, 0, 0, 0, 0, 0, 2, 2, 0, 2, 1, 2, 1, 4, 3, 6, 5, 3, 3, 2, 2, 4, 4, 133, 0, 0, 0, 0, 0, 0]",4,14.587649318289392,-1,0
749,"[1, 2, 0, 1, 3, 5, 0, 2, 0, 1, 0, 0, 1, 0, 2, 0, 0, 0, 0, 0, 0, 0, 0, 0, 2, 0, 0, 0, 0, 0, 0, 0, 1, 1, 0, 1, 1, 0, 2, 0, 0, 0, 1, 0, 0, 0, 0, 1, 0, 0, 2, 0, 2, 0, 0, 0, 0, 0, 0, 0, 0, 0, 0, 2, 2, 0, 2, 1, 2, 1, 4, 3, 6, 5, 3, 3, 2, 2, 4, 4, 133, 1, 0, 0, 0, 0, 0]",3,0.38716722471896525,-1,1
750,"[1, 2, 0, 1, 3, 5, 0, 2, 0, 1, 0, 0, 1, 0, 2, 0, 0, 0, 0, 0, 0, 0, 0, 0, 2, 0, 0, 0, 0, 0, 0, 0, 1, 1, 0, 1, 1, 0, 2, 0, 0, 0, 1, 0, 0, 0, 0, 1, 0, 0, 2, 0, 2, 0, 0, 0, 0, 0, 0, 0, 0, 0, 0, 2, 2, 0, 2, 1, 2, 1, 4, 3, 6, 5, 3, 3, 2, 2, 4, 4, 133, 0, 0, 0, 0, 0, 0]",-1,-0.013223863064991199,-1,1
751,"[1, 1, 0, 1, 1, 2, 0, 1, 0, 1, 0, 0, 1, 0, 2, 0, 0, 0, 0, 0, 0, 0, 0, 0, 2, 0, 0, 0, 0, 0, 0, 0, 1, 1, 0, 1, 1, 0, 2, 0, 0, 0, 1, 0, 0, 0, 0, 1, 0, 0, 2, 0, 2, 0, 0, 0, 0, 0, 0, 0, 0, 0, 0, 2, 2, 0, 2, 1, 2, 1, 4, 3, 6, 5, 3, 3, 2, 2, 4, 3, 134, 0, 0, 0, 0, 0, 0]",4,10.386894682388807,-1,1
752,"[1, 1, 0, 1, 1, 2, 0, 1, 0, 1, 0, 0, 1, 0, 2, 0, 0, 0, 0, 0, 0, 0, 0, 0, 2, 0, 0, 0, 0, 0, 0, 0, 1, 1, 0, 1, 1, 0, 2, 0, 0, 0, 1, 0, 0, 0, 0, 1, 0, 0, 2, 0, 2, 0, 0, 0, 0, 0, 0, 0, 0, 0, 0, 2, 2, 0, 2, 1, 2, 1, 4, 3, 6, 5, 3, 3, 2, 2, 4, 3, 134, 1, 0, 0, 0, 0, 0]",3,0.3866783928849819,-1,0
753,"[1, 1, 0, 1, 1, 2, 0, 1, 0, 1, 0, 0, 1, 0, 2, 0, 0, 0, 0, 0, 0, 0, 0, 0, 2, 0, 0, 0, 0, 0, 0, 0, 1, 1, 0, 1, 1, 0, 2, 0, 0, 0, 1, 0, 0, 0, 0, 1, 0, 0, 2, 0, 2, 0, 0, 0, 0, 0, 0, 0, 0, 0, 0, 2, 2, 0, 2, 1, 2, 1, 4, 3, 6, 5, 3, 3, 2, 2, 4, 3, 134, 0, 0, 0, 0, 0, 0]",-1,-0.0130922834290163,-1,0
754,"[1, 1, 0, 1, 1, 2, 0, 1, 0, 1, 0, 0, 1, 0, 2, 0, 0, 0, 0, 0, 0, 0, 0, 0, 2, 0, 0, 0, 0, 0, 0, 0, 1, 1, 0, 1, 1, 0, 2, 0, 0, 0, 1, 0, 0, 0, 0, 1, 0, 0, 2, 0, 2, 0, 0, 0, 0, 0, 0, 0, 0, 0, 0, 2, 2, 0, 2, 1, 2, 1, 4, 3, 6, 5, 3, 3, 2, 2, 4, 3, 134, 0, 0, 0, 0, 0, 0]",1,0.7963025079845986,-1,0
755,"[1, 1, 0, 1, 1, 2, 0, 1, 0, 1, 0, 0, 1, 0, 2, 0, 0, 0, 0, 0, 0, 0, 0, 0, 2, 0, 0, 0, 0, 0, 0, 0, 1, 1, 0, 1, 1, 0, 2, 0, 0, 0, 1, 0, 0, 0, 0, 1, 0, 0, 2, 0, 2, 0, 0, 0, 0, 0, 0, 0, 0, 0, 0, 2, 2, 0, 2, 1, 2, 1, 4, 3, 6, 5, 3, 3, 2, 2, 4, 3, 134, 0, 0, 0, 0, 0, 0]",-1,-0.0130922834290163,-1,0
756,"[1, 1, 0, 1, 1, 2, 0, 1, 0, 1, 0, 0, 1, 0, 2, 0, 0, 0, 0, 0, 0, 0, 0, 0, 2, 0, 0, 0, 0, 0, 0, 0, 1, 1, 0, 1, 1, 0, 2, 0, 0, 0, 1, 0, 0, 0, 0, 1, 0, 0, 2, 0, 2, 0, 0, 0, 0, 0, 0, 0, 0, 0, 0, 2, 2, 0, 2, 1, 2, 1, 4, 3, 6, 5, 3, 3, 2, 2, 4, 3, 134, 1, 0, 0, 0, 0, 0]",3,0.3866783928849819,-1,0
757,"[1, 1, 0, 1, 1, 2, 0, 1, 0, 1, 0, 0, 1, 0, 2, 0, 0, 0, 0, 0, 0, 0, 0, 0, 2, 0, 0, 0, 0, 0, 0, 0, 1, 1, 0, 1, 1, 0, 2, 0, 0, 0, 1, 0, 0, 0, 0, 1, 0, 0, 2, 0, 2, 0, 0, 0, 0, 0, 0, 0, 0, 0, 0, 2, 2, 0, 2, 1, 2, 1, 4, 3, 6, 5, 3, 3, 2, 2, 4, 3, 134, 0, 0, 0, 0, 0, 0]",-1,-0.0130922834290163,-1,0
758,"[1, 1, 0, 1, 1, 2, 0, 1, 0, 1, 0, 0, 1, 0, 2, 0, 0, 0, 0, 0, 0, 0, 0, 0, 2, 0, 0, 0, 0, 0, 0, 0, 1, 1, 0, 1, 1, 0, 2, 0, 0, 0, 1, 0, 0, 0, 0, 1, 0, 0, 2, 0, 2, 0, 0, 0, 0, 0, 0, 0, 0, 0, 0, 2, 2, 0, 2, 1, 2, 1, 4, 3, 6, 5, 3, 3, 2, 2, 4, 3, 134, 1, 0, 0, 0, 0, 0]",3,0.3866783928849819,-1,0
759,"[1, 1, 0, 1, 1, 2, 0, 1, 0, 1, 0, 0, 1, 0, 2, 0, 0, 0, 0, 0, 0, 0, 0, 0, 2, 0, 0, 0, 0, 0, 0, 0, 1, 1, 0, 1, 1, 0, 2, 0, 0, 0, 1, 0, 0, 0, 0, 1, 0, 0, 2, 0, 2, 0, 0, 0, 0, 0, 0, 0, 0, 0, 0, 2, 2, 0, 2, 1, 2, 1, 4, 3, 6, 5, 3, 3, 2, 2, 4, 3, 134, 0, 0, 0, 0, 0, 0]",-1,-0.0130922834290163,-1,0
760,"[1, 1, 0, 1, 1, 2, 0, 1, 0, 1, 0, 0, 1, 0, 2, 0, 0, 0, 0, 0, 0, 0, 0, 0, 2, 0, 0, 0, 0, 0, 0, 0, 1, 1, 0, 1, 1, 0, 2, 0, 0, 0, 1, 0, 0, 0, 0, 1, 0, 0, 2, 0, 2, 0, 0, 0, 0, 0, 0, 0, 0, 0, 0, 2, 2, 0, 2, 1, 2, 1, 4, 3, 6, 5, 3, 3, 2, 2, 4, 3, 134, 1, 0, 0, 0, 0, 0]",3,0.3866783928849819,-1,0
761,"[1, 1, 0, 1, 1, 2, 0, 1, 0, 1, 0, 0, 1, 0, 2, 0, 0, 0, 0, 0, 0, 0, 0, 0, 2, 0, 0, 0, 0, 0, 0, 0, 1, 1, 0, 1, 1, 0, 2, 0, 0, 0, 1, 0, 0, 0, 0, 1, 0, 0, 2, 0, 2, 0, 0, 0, 0, 0, 0, 0, 0, 0, 0, 2, 2, 0, 2, 1, 2, 1, 4, 3, 6, 5, 3, 3, 2, 2, 4, 3, 134, 0, 0, 0, 0, 0, 0]",-1,-0.0130922834290163,-1,0
762,"[1, 1, 0, 1, 1, 2, 0, 1, 0, 1, 0, 0, 1, 0, 2, 0, 0, 0, 0, 0, 0, 0, 0, 0, 2, 0, 0, 0, 0, 0, 0, 0, 1, 1, 0, 1, 1, 0, 2, 0, 0, 0, 1, 0, 0, 0, 0, 1, 0, 0, 2, 0, 2, 0, 0, 0, 0, 0, 0, 0, 0, 0, 0, 2, 2, 0, 2, 1, 2, 1, 4, 3, 6, 5, 3, 3, 2, 2, 4, 3, 134, 0, 0, 0, 0, 0, 0]",1,0.7963025079845986,-1,0
763,"[1, 1, 0, 1, 1, 2, 0, 1, 0, 1, 0, 0, 1, 0, 2, 0, 0, 0, 0, 0, 0, 0, 0, 0, 2, 0, 0, 0, 0, 0, 0, 0, 1, 1, 0, 1, 1, 0, 2, 0, 0, 0, 1, 0, 0, 0, 0, 1, 0, 0, 2, 0, 2, 0, 0, 0, 0, 0, 0, 0, 0, 0, 0, 2, 2, 0, 2, 1, 2, 1, 4, 3, 6, 5, 3, 3, 2, 2, 4, 3, 134, 0, 0, 0, 0, 0, 0]",-1,-0.0130922834290163,-1,0
764,"[1, 1, 0, 1, 1, 2, 0, 1, 0, 1, 0, 0, 1, 0, 2, 0, 0, 0, 0, 0, 0, 0, 0, 0, 2, 0, 0, 0, 0, 0, 0, 0, 1, 1, 0, 1, 1, 0, 2, 0, 0, 0, 1, 0, 0, 0, 0, 1, 0, 0, 2, 0, 2, 0, 0, 0, 0, 0, 0, 0, 0, 0, 0, 2, 2, 0, 2, 1, 2, 1, 4, 3, 6, 5, 3, 3, 2, 2, 4, 3, 134, 0, 0, 0, 0, 0, 0]",1,0.7963025079845986,-1,0
765,"[1, 1, 0, 1, 1, 2, 0, 1, 0, 1, 0, 0, 1, 0, 2, 0, 0, 0, 0, 0, 0, 0, 0, 0, 2, 0, 0, 0, 0, 0, 0, 0, 1, 1, 0, 1, 1, 0, 2, 0, 0, 0, 1, 0, 0, 0, 0, 1, 0, 0, 2, 0, 2, 0, 0, 0, 0, 0, 0, 0, 0, 0, 0, 2, 2, 0, 2, 1, 2, 1, 4, 3, 6, 5, 3, 3, 2, 2, 4, 3, 134, 0, 0, 0, 0, 0, 0]",-1,-0.0130922834290163,-1,0
766,"[1, 1, 0, 1, 1, 2, 0, 1, 0, 1, 0, 0, 1, 0, 2, 0, 0, 0, 0, 0, 0, 0, 0, 0, 2, 0, 0, 0, 0, 0, 0, 0, 1, 1, 0, 1, 1, 0, 2, 0, 0, 0, 1, 0, 0, 0, 0, 1, 0, 0, 2, 0, 2, 0, 0, 0, 0, 0, 0, 0, 0, 0, 0, 2, 2, 0, 2, 1, 2, 1, 4, 3, 6, 5, 3, 3, 2, 2, 4, 3, 134, 0, 1, 0, 0, 0, 0]",2,0.5866783928849818,-1,0
767,"[1, 1, 0, 1, 1, 2, 0, 1, 0, 1, 0, 0, 1, 0, 2, 0, 0, 0, 0, 0, 0, 0, 0, 0, 2, 0, 0, 0, 0, 0, 0, 0, 1, 1, 0, 1, 1, 0, 2, 0, 0, 0, 1, 0, 0, 0, 0, 1, 0, 0, 2, 0, 2, 0, 0, 0, 0, 0, 0, 0, 0, 0, 0, 2, 2, 0, 2, 1, 2, 1, 4, 3, 6, 5, 3, 3, 2, 2, 4, 3, 134, 0, 0, 0, 0, 0, 0]",-1,-0.0130922834290163,-1,0
768,"[1, 1, 0, 1, 1, 2, 0, 1, 0, 1, 0, 0, 1, 0, 2, 0, 0, 0, 0, 0, 0, 0, 0, 0, 2, 0, 0, 0, 0, 0, 0, 0, 1, 1, 0, 1, 1, 0, 2, 0, 0, 0, 1, 0, 0, 0, 0, 1, 0, 0, 2, 0, 2, 0, 0, 0, 0, 0, 0, 0, 0, 0, 0, 2, 2, 0, 2, 1, 2, 1, 4, 3, 6, 5, 3, 3, 2, 2, 4, 3, 134, 1, 0, 0, 0, 0, 0]",3,0.3866783928849819,-1,0
769,"[1, 1, 0, 1, 1, 2, 0, 1, 0, 1, 0, 0, 1, 0, 2, 0, 0, 0, 0, 0, 0, 0, 0, 0, 2, 0, 0, 0, 0, 0, 0, 0, 1, 1, 0, 1, 1, 0, 2, 0, 0, 0, 1, 0, 0, 0, 0, 1, 0, 0, 2, 0, 2, 0, 0, 0, 0, 0, 0, 0, 0, 0, 0, 2, 2, 0, 2, 1, 2, 1, 4, 3, 6, 5, 3, 3, 2, 2, 4, 3, 134, 0, 0, 0, 0, 0, 0]",-1,-0.0130922834290163,-1,0
770,"[1, 1, 0, 1, 1, 2, 0, 1, 0, 1, 0, 0, 1, 0, 2, 0, 0, 0, 0, 0, 0, 0, 0, 0, 2, 0, 0, 0, 0, 0, 0, 0, 1, 1, 0, 1, 1, 0, 2, 0, 0, 0, 1, 0, 0, 0, 0, 1, 0, 0, 2, 0, 2, 0, 0, 0, 0, 0, 0, 0, 0, 0, 0, 2, 2, 0, 2, 1, 2, 1, 4, 3, 6, 5, 3, 3, 2, 2, 4, 3, 134, 1, 0, 0, 0, 0, 0]",3,0.3866783928849819,-1,0
771,"[1, 1, 0, 1, 1, 2, 0, 1, 0, 1, 0, 0, 1, 0, 2, 0, 0, 0, 0, 0, 0, 0, 0, 0, 2, 0, 0, 0, 0, 0, 0, 0, 1, 1, 0, 1, 1, 0, 2, 0, 0, 0, 1, 0, 0, 0, 0, 1, 0, 0, 2, 0, 2, 0, 0, 0, 0, 0, 0, 0, 0, 0, 0, 2, 2, 0, 2, 1, 2, 1, 4, 3, 6, 5, 3, 3, 2, 2, 4, 3, 134, 0, 0, 0, 0, 0, 0]",-1,-0.0130922834290163,-1,0
772,"[1, 1, 0, 1, 1, 2, 0, 1, 0, 1, 0, 0, 1, 0, 2, 0, 0, 0, 0, 0, 0, 0, 0, 0, 2, 0, 0, 0, 0, 0, 0, 0, 1, 1, 0, 1, 1, 0, 2, 0, 0, 0, 1, 0, 0, 0, 0, 1, 0, 0, 2, 0, 2, 0, 0, 0, 0, 0, 0, 0, 0, 0, 0, 2, 2, 0, 2, 1, 2, 1, 4, 3, 6, 5, 3, 3, 2, 2, 4, 3, 134, 0, 1, 0, 0, 0, 0]",2,0.5866783928849818,-1,0
773,"[1, 1, 0, 1, 1, 2, 0, 1, 0, 1, 0, 0, 1, 0, 2, 0, 0, 0, 0, 0, 0, 0, 0, 0, 2, 0, 0, 0, 0, 0, 0, 0, 1, 1, 0, 1, 1, 0, 2, 0, 0, 0, 1, 0, 0, 0, 0, 1, 0, 0, 2, 0, 2, 0, 0, 0, 0, 0, 0, 0, 0, 0, 0, 2, 2, 0, 2, 1, 2, 1, 4, 3, 6, 5, 3, 3, 2, 2, 4, 3, 134, 0, 0, 0, 0, 0, 0]",-1,-0.0130922834290163,-1,0
774,"[1, 1, 0, 1, 1, 2, 0, 1, 0, 1, 0, 0, 1, 0, 2, 0, 0, 0, 0, 0, 0, 0, 0, 0, 2, 0, 0, 0, 0, 0, 0, 0, 1, 1, 0, 1, 1, 0, 2, 0, 0, 0, 1, 0, 0, 0, 0, 1, 0, 0, 2, 0, 2, 0, 0, 0, 0, 0, 0, 0, 0, 0, 0, 2, 2, 0, 2, 1, 2, 1, 4, 3, 6, 5, 3, 3, 2, 2, 4, 3, 134, 0, 1, 0, 0, 0, 0]",2,0.5866783928849818,-1,0
775,"[1, 1, 0, 1, 1, 2, 0, 1, 0, 1, 0, 0, 1, 0, 2, 0, 0, 0, 0, 0, 0, 0, 0, 0, 2, 0, 0, 0, 0, 0, 0, 0, 1, 1, 0, 1, 1, 0, 2, 0, 0, 0, 1, 0, 0, 0, 0, 1, 0, 0, 2, 0, 2, 0, 0, 0, 0, 0, 0, 0, 0, 0, 0, 2, 2, 0, 2, 1, 2, 1, 4, 3, 6, 5, 3, 3, 2, 2, 4, 3, 134, 0, 0, 0, 0, 0, 0]",-1,-0.0130922834290163,-1,0
776,"[1, 1, 0, 1, 1, 2, 0, 1, 0, 1, 0, 0, 1, 0, 2, 0, 0, 0, 0, 0, 0, 0, 0, 0, 2, 0, 0, 0, 0, 0, 0, 0, 1, 1, 0, 1, 1, 0, 2, 0, 0, 0, 1, 0, 0, 0, 0, 1, 0, 0, 2, 0, 2, 0, 0, 0, 0, 0, 0, 0, 0, 0, 0, 2, 2, 0, 2, 1, 2, 1, 4, 3, 6, 5, 3, 3, 2, 2, 4, 3, 134, 1, 0, 0, 0, 0, 0]",3,0.3866783928849819,-1,0
777,"[1, 1, 0, 1, 1, 2, 0, 1, 0, 1, 0, 0, 1, 0, 2, 0, 0, 0, 0, 0, 0, 0, 0, 0, 2, 0, 0, 0, 0, 0, 0, 0, 1, 1, 0, 1, 1, 0, 2, 0, 0, 0, 1, 0, 0, 0, 0, 1, 0, 0, 2, 0, 2, 0, 0, 0, 0, 0, 0, 0, 0, 0, 0, 2, 2, 0, 2, 1, 2, 1, 4, 3, 6, 5, 3, 3, 2, 2, 4, 3, 134, 0, 0, 0, 0, 0, 0]",-1,-0.0130922834290163,-1,0
778,"[1, 1, 0, 1, 1, 2, 0, 1, 0, 1, 0, 0, 1, 0, 2, 0, 0, 0, 0, 0, 0, 0, 0, 0, 2, 0, 0, 0, 0, 0, 0, 0, 1, 1, 0, 1, 1, 0, 2, 0, 0, 0, 1, 0, 0, 0, 0, 1, 0, 0, 2, 0, 2, 0, 0, 0, 0, 0, 0, 0, 0, 0, 0, 2, 2, 0, 2, 1, 2, 1, 4, 3, 6, 5, 3, 3, 2, 2, 4, 3, 134, 1, 0, 0, 0, 0, 0]",3,0.3866783928849819,-1,0
779,"[1, 1, 0, 1, 1, 2, 0, 1, 0, 1, 0, 0, 1, 0, 2, 0, 0, 0, 0, 0, 0, 0, 0, 0, 2, 0, 0, 0, 0, 0, 0, 0, 1, 1, 0, 1, 1, 0, 2, 0, 0, 0, 1, 0, 0, 0, 0, 1, 0, 0, 2, 0, 2, 0, 0, 0, 0, 0, 0, 0, 0, 0, 0, 2, 2, 0, 2, 1, 2, 1, 4, 3, 6, 5, 3, 3, 2, 2, 4, 3, 134, 0, 0, 0, 0, 0, 0]",-1,-0.0130922834290163,-1,0
780,"[1, 1, 0, 1, 1, 2, 0, 1, 0, 1, 0, 0, 1, 0, 2, 0, 0, 0, 0, 0, 0, 0, 0, 0, 2, 0, 0, 0, 0, 0, 0, 0, 1, 1, 0, 1, 1, 0, 2, 0, 0, 0, 1, 0, 0, 0, 0, 1, 0, 0, 2, 0, 2, 0, 0, 0, 0, 0, 0, 0, 0, 0, 0, 2, 2, 0, 2, 1, 2, 1, 4, 3, 6, 5, 3, 3, 2, 2, 4, 3, 134, 0, 0, 0, 0, 0, 0]",1,0.7963025079845986,-1,0
781,"[1, 1, 0, 1, 1, 2, 0, 1, 0, 1, 0, 0, 1, 0, 2, 0, 0, 0, 0, 0, 0, 0, 0, 0, 2, 0, 0, 0, 0, 0, 0, 0, 1, 1, 0, 1, 1, 0, 2, 0, 0, 0, 1, 0, 0, 0, 0, 1, 0, 0, 2, 0, 2, 0, 0, 0, 0, 0, 0, 0, 0, 0, 0, 2, 2, 0, 2, 1, 2, 1, 4, 3, 6, 5, 3, 3, 2, 2, 4, 3, 134, 0, 0, 0, 0, 0, 0]",-1,-0.0130922834290163,-1,0
782,"[1, 1, 0, 1, 1, 2, 0, 1, 0, 1, 0, 0, 1, 0, 2, 0, 0, 0, 0, 0, 0, 0, 0, 0, 2, 0, 0, 0, 0, 0, 0, 0, 1, 1, 0, 1, 1, 0, 2, 0, 0, 0, 1, 0, 0, 0, 0, 1, 0, 0, 2, 0, 2, 0, 0, 0, 0, 0, 0, 0, 0, 0, 0, 2, 2, 0, 2, 1, 2, 1, 4, 3, 6, 5, 3, 3, 2, 2, 4, 3, 134, 0, 1, 0, 0, 0, 0]",2,0.5866783928849818,-1,0
783,"[1, 1, 0, 1, 1, 2, 0, 1, 0, 1, 0, 0, 1, 0, 2, 0, 0, 0, 0, 0, 0, 0, 0, 0, 2, 0, 0, 0, 0, 0, 0, 0, 1, 1, 0, 1, 1, 0, 2, 0, 0, 0, 1, 0, 0, 0, 0, 1, 0, 0, 2, 0, 2, 0, 0, 0, 0, 0, 0, 0, 0, 0, 0, 2, 2, 0, 2, 1, 2, 1, 4, 3, 6, 5, 3, 3, 2, 2, 4, 3, 134, 0, 0, 0, 0, 0, 0]",-1,-0.0130922834290163,-1,0
784,"[2, 1, 0, 1, 1, 2, 0, 1, 0, 1, 0, 0, 1, 0, 2, 0, 0, 0, 0, 0, 0, 0, 0, 0, 2, 0, 0, 0, 0, 0, 0, 0, 1, 1, 0, 1, 1, 0, 2, 0, 0, 0, 1, 0, 0, 0, 0, 1, 0, 0, 2, 0, 2, 0, 0, 0, 0, 0, 0, 0, 0, 0, 0, 2, 2, 0, 2, 1, 2, 1, 4, 3, 6, 5, 3, 3, 2, 2, 4, 3, 135, 0, 0, 0, 0, 0, 0]",4,14.586125446163207,-1,0
785,"[2, 1, 0, 1, 1, 2, 0, 1, 0, 1, 0, 0, 1, 0, 2, 0, 0, 0, 0, 0, 0, 0, 0, 0, 2, 0, 0, 0, 0, 0, 0, 0, 1, 1, 0, 1, 1, 0, 2, 0, 0, 0, 1, 0, 0, 0, 0, 1, 0, 0, 2, 0, 2, 0, 0, 0, 0, 0, 0, 0, 0, 0, 0, 2, 2, 0, 2, 1, 2, 1, 4, 3, 6, 5, 3, 3, 2, 2, 4, 3, 135, 0, 1, 0, 0, 0, 0]",2,0.5861723159313306,-1,1
786,"[2, 1, 0, 1, 1, 2, 0, 1, 0, 1, 0, 0, 1, 0, 2, 0, 0, 0, 0, 0, 0, 0, 0, 0, 2, 0, 0, 0, 0, 0, 0, 0, 1, 1, 0, 1, 1, 0, 2, 0, 0, 0, 1, 0, 0, 0, 0, 1, 0, 0, 2, 0, 2, 0, 0, 0, 0, 0, 0, 0, 0, 0, 0, 2, 2, 0, 2, 1, 2, 1, 4, 3, 6, 5, 3, 3, 2, 2, 4, 3, 135, 0, 1, 0, 0, 1, 0]","[[0 1 0 0]
 [2 1 0 1]]",2.3753812603450717,-1,1
787,"[0, 1, 0, 0, 3, 2, 0, 2, 0, 1, 0, 0, 1, 0, 2, 0, 0, 0, 0, 0, 0, 0, 0, 0, 2, 0, 0, 0, 0, 0, 0, 0, 1, 1, 0, 1, 1, 0, 2, 0, 0, 0, 1, 0, 0, 0, 0, 1, 0, 0, 2, 0, 2, 0, 0, 0, 0, 0, 0, 0, 0, 0, 0, 2, 2, 0, 2, 1, 2, 1, 4, 3, 6, 5, 3, 3, 2, 2, 4, 3, 135, 0, 0, 0, 0, 0, 0]",0,-0.013827684068669363,-1,0
788,"[0, 1, 0, 0, 3, 2, 0, 2, 0, 1, 0, 0, 1, 0, 2, 0, 0, 0, 0, 0, 0, 0, 0, 0, 2, 0, 0, 0, 0, 0, 0, 0, 1, 1, 0, 1, 1, 0, 2, 0, 0, 0, 1, 0, 0, 0, 0, 1, 0, 0, 2, 0, 2, 0, 0, 0, 0, 0, 0, 0, 0, 0, 0, 2, 2, 0, 2, 1, 2, 1, 4, 3, 6, 5, 3, 3, 2, 2, 4, 3, 135, 1, 0, 0, 0, 0, 0]",3,0.38617231593133067,-1,1
789,"[0, 1, 0, 0, 3, 2, 0, 2, 0, 1, 0, 0, 1, 0, 2, 0, 0, 0, 0, 0, 0, 0, 0, 0, 2, 0, 0, 0, 0, 0, 0, 0, 1, 1, 0, 1, 1, 0, 2, 0, 0, 0, 1, 0, 0, 0, 0, 1, 0, 0, 2, 0, 2, 0, 0, 0, 0, 0, 0, 0, 0, 0, 0, 2, 2, 0, 2, 1, 2, 1, 4, 3, 6, 5, 3, 3, 2, 2, 4, 3, 135, 0, 0, 0, 0, 0, 0]",-1,-0.012962013032294576,-1,1
790,"[0, 1, 0, 0, 5, 2, 0, 2, 0, 1, 0, 0, 1, 0, 2, 0, 0, 0, 0, 0, 0, 0, 0, 0, 2, 0, 0, 0, 0, 0, 0, 0, 1, 1, 0, 1, 1, 0, 2, 0, 0, 0, 1, 0, 0, 0, 0, 1, 0, 0, 2, 0, 2, 0, 0, 0, 0, 0, 0, 0, 0, 0, 0, 2, 2, 0, 2, 1, 2, 1, 4, 3, 6, 5, 3, 3, 2, 2, 4, 3, 136, 0, 0, 0, 0, 0, 0]",4,10.044379187160672,-1,1
791,"[0, 1, 0, 0, 5, 2, 0, 2, 0, 1, 0, 0, 1, 0, 2, 0, 0, 0, 0, 0, 0, 0, 0, 0, 2, 0, 0, 0, 0, 0, 0, 0, 1, 1, 0, 1, 1, 0, 2, 0, 0, 0, 1, 0, 0, 0, 0, 1, 0, 0, 2, 0, 2, 0, 0, 0, 0, 0, 0, 0, 0, 0, 0, 2, 2, 0, 2, 1, 2, 1, 4, 3, 6, 5, 3, 3, 2, 2, 4, 3, 136, 1, 0, 0, 0, 0, 0]",3,0.3856484915472497,-1,0
792,"[0, 1, 0, 0, 5, 2, 0, 2, 0, 1, 0, 0, 1, 0, 2, 0, 0, 0, 0, 0, 0, 0, 0, 0, 2, 0, 0, 0, 0, 0, 0, 0, 1, 1, 0, 1, 1, 0, 2, 0, 0, 0, 1, 0, 0, 0, 0, 1, 0, 0, 2, 0, 2, 0, 0, 0, 0, 0, 0, 0, 0, 0, 0, 2, 2, 0, 2, 1, 2, 1, 4, 3, 6, 5, 3, 3, 2, 2, 4, 3, 136, 0, 0, 0, 0, 0, 0]",-1,-0.012833038847677794,-1,0
793,"[0, 1, 0, 0, 5, 2, 0, 3, 0, 1, 0, 0, 1, 0, 2, 0, 0, 0, 0, 0, 0, 0, 0, 0, 2, 0, 0, 0, 0, 0, 0, 0, 1, 1, 0, 1, 1, 0, 2, 0, 0, 0, 1, 0, 0, 0, 0, 1, 0, 0, 2, 0, 2, 0, 0, 0, 0, 0, 0, 0, 0, 0, 0, 2, 2, 0, 2, 1, 2, 1, 4, 3, 6, 5, 3, 3, 2, 2, 4, 3, 137, 0, 0, 0, 0, 0, 0]",4,14.30751430857928,-1,0
794,"[0, 1, 0, 0, 5, 2, 0, 3, 0, 1, 0, 0, 1, 0, 2, 0, 0, 0, 0, 0, 0, 0, 0, 0, 2, 0, 0, 0, 0, 0, 0, 0, 1, 1, 0, 1, 1, 0, 2, 0, 0, 0, 1, 0, 0, 0, 0, 1, 0, 0, 2, 0, 2, 0, 0, 0, 0, 0, 0, 0, 0, 0, 0, 2, 2, 0, 2, 1, 2, 1, 4, 3, 6, 5, 3, 3, 2, 2, 4, 3, 137, 0, 0, 0, 0, 0, 0]",0,0.5707684295406472,-1,1
795,"[0, 1, 0, 0, 5, 2, 0, 3, 0, 1, 0, 0, 1, 0, 2, 0, 0, 0, 0, 0, 0, 0, 0, 0, 2, 0, 0, 0, 0, 0, 0, 0, 1, 1, 0, 1, 1, 0, 2, 0, 0, 0, 1, 0, 0, 0, 0, 1, 0, 0, 2, 0, 2, 0, 0, 0, 0, 0, 0, 0, 0, 0, 0, 2, 2, 0, 2, 1, 2, 1, 4, 3, 6, 5, 3, 3, 2, 2, 4, 3, 137, 0, 0, 0, 0, 0, 0]",-1,-0.012705347977640015,-1,1
796,"[0, 1, 0, 0, 7, 2, 0, 3, 0, 1, 0, 0, 1, 0, 2, 0, 0, 0, 0, 0, 0, 0, 0, 0, 2, 0, 0, 0, 0, 0, 0, 0, 1, 1, 0, 1, 1, 0, 2, 0, 0, 0, 1, 0, 0, 0, 0, 1, 0, 0, 2, 0, 2, 0, 0, 0, 0, 0, 0, 0, 0, 0, 0, 2, 2, 0, 2, 1, 2, 1, 4, 3, 6, 5, 3, 3, 2, 2, 4, 3, 138, 0, 0, 0, 0, 0, 0]",4,9.949112517395209,-1,1
797,"[0, 1, 0, 0, 7, 2, 0, 3, 0, 1, 0, 0, 1, 0, 2, 0, 0, 0, 0, 0, 0, 0, 0, 0, 2, 0, 0, 0, 0, 0, 0, 0, 1, 1, 0, 1, 1, 0, 2, 0, 0, 0, 1, 0, 0, 0, 0, 1, 0, 0, 2, 0, 2, 0, 0, 0, 0, 0, 0, 0, 0, 0, 0, 2, 2, 0, 2, 1, 2, 1, 4, 3, 6, 5, 3, 3, 2, 2, 4, 3, 138, 1, 0, 0, 0, 0, 0]",3,0.38454555957266806,-1,0
798,"[0, 1, 0, 0, 7, 2, 0, 3, 0, 1, 0, 0, 1, 0, 2, 0, 0, 0, 0, 0, 0, 0, 0, 0, 2, 0, 0, 0, 0, 0, 0, 0, 1, 1, 0, 1, 1, 0, 2, 0, 0, 0, 1, 0, 0, 0, 0, 1, 0, 0, 2, 0, 2, 0, 0, 0, 0, 0, 0, 0, 0, 0, 0, 2, 2, 0, 2, 1, 2, 1, 4, 3, 6, 5, 3, 3, 2, 2, 4, 3, 138, 0, 0, 0, 0, 0, 0]",-1,-0.012578927652987824,-1,0
799,"[1, 1, 0, 0, 7, 2, 0, 3, 0, 1, 0, 0, 1, 0, 2, 0, 0, 0, 0, 0, 0, 0, 0, 0, 2, 0, 0, 0, 0, 0, 0, 0, 1, 1, 0, 1, 1, 0, 2, 0, 0, 0, 1, 0, 0, 0, 0, 1, 0, 0, 2, 0, 2, 0, 0, 0, 0, 0, 0, 0, 0, 0, 0, 2, 2, 0, 2, 1, 2, 1, 4, 3, 6, 5, 3, 3, 2, 2, 4, 3, 139, 0, 0, 0, 0, 0, 0]",4,14.46858644416519,-1,0
800,"[1, 1, 0, 0, 7, 2, 0, 3, 0, 1, 0, 0, 1, 0, 2, 0, 0, 0, 0, 0, 0, 0, 0, 0, 2, 0, 0, 0, 0, 0, 0, 0, 1, 1, 0, 1, 1, 0, 2, 0, 0, 0, 1, 0, 0, 0, 0, 1, 0, 0, 2, 0, 2, 0, 0, 0, 0, 0, 0, 0, 0, 0, 0, 2, 2, 0, 2, 1, 2, 1, 4, 3, 6, 5, 3, 3, 2, 2, 4, 3, 139, 0, 0, 0, 0, 0, 0]",-1,-0.012453765231583409,-1,1
801,"[1, 1, 0, 0, 7, 2, 0, 3, 0, 1, 0, 0, 1, 0, 2, 0, 0, 0, 0, 0, 0, 0, 0, 0, 2, 0, 0, 0, 0, 0, 0, 0, 1, 1, 0, 1, 1, 0, 2, 0, 0, 0, 1, 0, 0, 0, 0, 1, 0, 0, 2, 0, 2, 0, 0, 0, 0, 0, 0, 0, 0, 0, 0, 2, 2, 0, 2, 1, 2, 1, 4, 3, 6, 5, 3, 3, 2, 2, 4, 3, 139, 0, 1, 0, 0, 0, 0]",2,0.5839654175654375,-1,1
802,"[1, 1, 0, 0, 7, 2, 0, 3, 0, 1, 0, 0, 1, 0, 2, 0, 0, 0, 0, 0, 0, 0, 0, 0, 2, 0, 0, 0, 0, 0, 0, 0, 1, 1, 0, 1, 1, 0, 2, 0, 0, 0, 1, 0, 0, 0, 0, 1, 0, 0, 2, 0, 2, 0, 0, 0, 0, 0, 0, 0, 0, 0, 0, 2, 2, 0, 2, 1, 2, 1, 4, 3, 6, 5, 3, 3, 2, 2, 4, 3, 139, 0, 0, 0, 0, 0, 0]",-1,-0.012453765231583409,-1,1
803,"[2, 1, 0, 0, 7, 2, 0, 3, 0, 1, 0, 0, 1, 0, 2, 0, 0, 0, 0, 0, 0, 0, 0, 0, 2, 0, 0, 0, 0, 0, 0, 0, 1, 1, 0, 1, 1, 0, 2, 0, 0, 0, 1, 0, 0, 0, 0, 1, 0, 0, 2, 0, 2, 0, 0, 0, 0, 0, 0, 0, 0, 0, 0, 2, 2, 0, 2, 1, 2, 1, 4, 3, 6, 5, 3, 3, 2, 2, 4, 3, 140, 0, 0, 0, 0, 0, 0]",4,9.947429253031643,-1,1
804,"[2, 1, 0, 0, 7, 2, 0, 3, 0, 1, 0, 0, 1, 0, 2, 0, 0, 0, 0, 0, 0, 0, 0, 0, 2, 0, 0, 0, 0, 0, 0, 0, 1, 1, 0, 1, 1, 0, 2, 0, 0, 0, 1, 0, 0, 0, 0, 1, 0, 0, 2, 0, 2, 0, 0, 0, 0, 0, 0, 0, 0, 0, 0, 2, 2, 0, 2, 1, 2, 1, 4, 3, 6, 5, 3, 3, 2, 2, 4, 3, 140, 0, 0, 0, 0, 0, 0]",0,0.4260843331247886,-1,0
805,"[2, 1, 0, 0, 7, 2, 0, 3, 0, 1, 0, 0, 1, 0, 2, 0, 0, 0, 0, 0, 0, 0, 0, 0, 2, 0, 0, 0, 0, 0, 0, 0, 1, 1, 0, 1, 1, 0, 2, 0, 0, 0, 1, 0, 0, 0, 0, 1, 0, 0, 2, 0, 2, 0, 0, 0, 0, 0, 0, 0, 0, 0, 0, 2, 2, 0, 2, 1, 2, 1, 4, 3, 6, 5, 3, 3, 2, 2, 4, 3, 140, 0, 0, 0, 0, 0, 0]",-1,-0.012329848197080322,-1,0
806,"[2, 1, 0, 0, 7, 2, 0, 3, 0, 1, 0, 0, 1, 0, 2, 0, 0, 0, 0, 0, 0, 0, 0, 0, 2, 0, 0, 0, 0, 0, 0, 0, 1, 1, 0, 1, 1, 0, 2, 0, 0, 0, 1, 0, 0, 0, 0, 1, 0, 0, 2, 0, 2, 0, 0, 0, 0, 0, 0, 0, 0, 0, 0, 2, 2, 0, 2, 1, 2, 1, 4, 3, 6, 5, 3, 3, 2, 2, 4, 3, 140, 0, 0, 0, 0, 0, 0]",0,0.4260843331247886,-1,0
807,"[2, 1, 0, 0, 7, 2, 0, 3, 0, 1, 0, 0, 1, 0, 2, 0, 0, 0, 0, 0, 0, 0, 0, 0, 2, 0, 0, 0, 0, 0, 0, 0, 1, 1, 0, 1, 1, 0, 2, 0, 0, 0, 1, 0, 0, 0, 0, 1, 0, 0, 2, 0, 2, 0, 0, 0, 0, 0, 0, 0, 0, 0, 0, 2, 2, 0, 2, 1, 2, 1, 4, 3, 6, 5, 3, 3, 2, 2, 4, 3, 140, 0, 0, 0, 0, 0, 0]",-1,-0.012329848197080322,-1,0
808,"[2, 1, 0, 0, 7, 2, 0, 3, 0, 1, 0, 0, 1, 0, 2, 0, 0, 0, 0, 0, 0, 0, 0, 0, 2, 0, 0, 0, 0, 0, 0, 0, 1, 1, 0, 1, 1, 0, 2, 0, 0, 0, 1, 0, 0, 0, 0, 1, 0, 0, 2, 0, 2, 0, 0, 0, 0, 0, 0, 0, 0, 0, 0, 2, 2, 0, 2, 1, 2, 1, 4, 3, 6, 5, 3, 3, 2, 2, 4, 3, 140, 0, 0, 0, 0, 0, 0]",0,0.4260843331247886,-1,0
809,"[2, 1, 0, 0, 7, 2, 0, 3, 0, 1, 0, 0, 1, 0, 2, 0, 0, 0, 0, 0, 0, 0, 0, 0, 2, 0, 0, 0, 0, 0, 0, 0, 1, 1, 0, 1, 1, 0, 2, 0, 0, 0, 1, 0, 0, 0, 0, 1, 0, 0, 2, 0, 2, 0, 0, 0, 0, 0, 0, 0, 0, 0, 0, 2, 2, 0, 2, 1, 2, 1, 4, 3, 6, 5, 3, 3, 2, 2, 4, 3, 140, 0, 0, 0, 0, 0, 0]",-1,-0.012329848197080322,-1,0
810,"[2, 1, 0, 0, 7, 2, 0, 3, 0, 1, 0, 0, 1, 0, 2, 0, 0, 0, 0, 0, 0, 0, 0, 0, 2, 0, 0, 0, 0, 0, 0, 0, 1, 1, 0, 1, 1, 0, 2, 0, 0, 0, 1, 0, 0, 0, 0, 1, 0, 0, 2, 0, 2, 0, 0, 0, 0, 0, 0, 0, 0, 0, 0, 2, 2, 0, 2, 1, 2, 1, 4, 3, 6, 5, 3, 3, 2, 2, 4, 3, 140, 0, 0, 0, 0, 0, 0]",0,0.4260843331247886,-1,0
811,"[2, 1, 0, 0, 7, 2, 0, 3, 0, 1, 0, 0, 1, 0, 2, 0, 0, 0, 0, 0, 0, 0, 0, 0, 2, 0, 0, 0, 0, 0, 0, 0, 1, 1, 0, 1, 1, 0, 2, 0, 0, 0, 1, 0, 0, 0, 0, 1, 0, 0, 2, 0, 2, 0, 0, 0, 0, 0, 0, 0, 0, 0, 0, 2, 2, 0, 2, 1, 2, 1, 4, 3, 6, 5, 3, 3, 2, 2, 4, 3, 140, 0, 0, 0, 0, 0, 0]",-1,-0.012329848197080322,-1,0
812,"[2, 1, 0, 0, 7, 2, 0, 3, 0, 1, 0, 0, 1, 0, 2, 0, 0, 0, 0, 0, 0, 0, 0, 0, 2, 0, 0, 0, 0, 0, 0, 0, 1, 1, 0, 1, 1, 0, 2, 0, 0, 0, 1, 0, 0, 0, 0, 1, 0, 0, 2, 0, 2, 0, 0, 0, 0, 0, 0, 0, 0, 0, 0, 2, 2, 0, 2, 1, 2, 1, 4, 3, 6, 5, 3, 3, 2, 2, 4, 3, 140, 0, 0, 0, 0, 0, 0]",0,0.4260843331247886,-1,0
813,"[2, 1, 0, 0, 7, 2, 0, 3, 0, 1, 0, 0, 1, 0, 2, 0, 0, 0, 0, 0, 0, 0, 0, 0, 2, 0, 0, 0, 0, 0, 0, 0, 1, 1, 0, 1, 1, 0, 2, 0, 0, 0, 1, 0, 0, 0, 0, 1, 0, 0, 2, 0, 2, 0, 0, 0, 0, 0, 0, 0, 0, 0, 0, 2, 2, 0, 2, 1, 2, 1, 4, 3, 6, 5, 3, 3, 2, 2, 4, 3, 140, 0, 0, 0, 0, 0, 0]",-1,-0.012329848197080322,-1,0
814,"[2, 1, 0, 0, 7, 2, 0, 3, 0, 1, 0, 0, 1, 0, 2, 0, 0, 0, 0, 0, 0, 0, 0, 0, 2, 0, 0, 0, 0, 0, 0, 0, 1, 1, 0, 1, 1, 0, 2, 0, 0, 0, 1, 0, 0, 0, 0, 1, 0, 0, 2, 0, 2, 0, 0, 0, 0, 0, 0, 0, 0, 0, 0, 2, 2, 0, 2, 1, 2, 1, 4, 3, 6, 5, 3, 3, 2, 2, 4, 3, 140, 0, 0, 0, 0, 0, 0]",0,0.4260843331247886,-1,0
815,"[2, 1, 0, 0, 7, 2, 0, 3, 0, 1, 0, 0, 1, 0, 2, 0, 0, 0, 0, 0, 0, 0, 0, 0, 2, 0, 0, 0, 0, 0, 0, 0, 1, 1, 0, 1, 1, 0, 2, 0, 0, 0, 1, 0, 0, 0, 0, 1, 0, 0, 2, 0, 2, 0, 0, 0, 0, 0, 0, 0, 0, 0, 0, 2, 2, 0, 2, 1, 2, 1, 4, 3, 6, 5, 3, 3, 2, 2, 4, 3, 140, 0, 0, 0, 0, 0, 0]",-1,-0.012329848197080322,-1,0
816,"[2, 1, 0, 0, 7, 2, 0, 3, 0, 1, 0, 0, 1, 0, 2, 0, 0, 0, 0, 0, 0, 0, 0, 0, 2, 0, 0, 0, 0, 0, 0, 0, 1, 1, 0, 1, 1, 0, 2, 0, 0, 0, 1, 0, 0, 0, 0, 1, 0, 0, 2, 0, 2, 0, 0, 0, 0, 0, 0, 0, 0, 0, 0, 2, 2, 0, 2, 1, 2, 1, 4, 3, 6, 5, 3, 3, 2, 2, 4, 3, 140, 0, 0, 0, 0, 0, 0]",0,0.4260843331247886,-1,0
817,"[2, 1, 0, 0, 7, 2, 0, 3, 0, 1, 0, 0, 1, 0, 2, 0, 0, 0, 0, 0, 0, 0, 0, 0, 2, 0, 0, 0, 0, 0, 0, 0, 1, 1, 0, 1, 1, 0, 2, 0, 0, 0, 1, 0, 0, 0, 0, 1, 0, 0, 2, 0, 2, 0, 0, 0, 0, 0, 0, 0, 0, 0, 0, 2, 2, 0, 2, 1, 2, 1, 4, 3, 6, 5, 3, 3, 2, 2, 4, 3, 140, 0, 0, 0, 0, 0, 0]",-1,-0.012329848197080322,-1,0
818,"[2, 1, 0, 0, 7, 2, 0, 3, 0, 1, 0, 0, 1, 0, 2, 0, 0, 0, 0, 0, 0, 0, 0, 0, 2, 0, 0, 0, 0, 0, 0, 0, 1, 1, 0, 1, 1, 0, 2, 0, 0, 0, 1, 0, 0, 0, 0, 1, 0, 0, 2, 0, 2, 0, 0, 0, 0, 0, 0, 0, 0, 0, 0, 2, 2, 0, 2, 1, 2, 1, 4, 3, 6, 5, 3, 3, 2, 2, 4, 3, 140, 0, 0, 0, 0, 0, 0]",0,0.4260843331247886,-1,0
819,"[2, 1, 0, 0, 7, 2, 0, 3, 0, 1, 0, 0, 1, 0, 2, 0, 0, 0, 0, 0, 0, 0, 0, 0, 2, 0, 0, 0, 0, 0, 0, 0, 1, 1, 0, 1, 1, 0, 2, 0, 0, 0, 1, 0, 0, 0, 0, 1, 0, 0, 2, 0, 2, 0, 0, 0, 0, 0, 0, 0, 0, 0, 0, 2, 2, 0, 2, 1, 2, 1, 4, 3, 6, 5, 3, 3, 2, 2, 4, 3, 140, 0, 0, 0, 0, 0, 0]",-1,-0.012329848197080322,-1,0
820,"[2, 1, 0, 0, 7, 2, 0, 3, 0, 1, 0, 0, 1, 0, 2, 0, 0, 0, 0, 0, 0, 0, 0, 0, 2, 0, 0, 0, 0, 0, 0, 0, 1, 1, 0, 1, 1, 0, 2, 0, 0, 0, 1, 0, 0, 0, 0, 1, 0, 0, 2, 0, 2, 0, 0, 0, 0, 0, 0, 0, 0, 0, 0, 2, 2, 0, 2, 1, 2, 1, 4, 3, 6, 5, 3, 3, 2, 2, 4, 3, 140, 0, 0, 0, 0, 0, 0]",1,0.7929895758008323,-1,0
821,"[2, 1, 0, 0, 7, 2, 0, 3, 0, 1, 0, 0, 1, 0, 2, 0, 0, 0, 0, 0, 0, 0, 0, 0, 2, 0, 0, 0, 0, 0, 0, 0, 1, 1, 0, 1, 1, 0, 2, 0, 0, 0, 1, 0, 0, 0, 0, 1, 0, 0, 2, 0, 2, 0, 0, 0, 0, 0, 0, 0, 0, 0, 0, 2, 2, 0, 2, 1, 2, 1, 4, 3, 6, 5, 3, 3, 2, 2, 4, 3, 140, 0, 0, 0, 0, 0, 0]",-1,-0.012329848197080322,-1,0
822,"[2, 1, 0, 0, 7, 2, 0, 3, 0, 1, 0, 0, 1, 0, 2, 0, 0, 0, 0, 0, 0, 0, 0, 0, 2, 0, 0, 0, 0, 0, 0, 0, 1, 1, 0, 1, 1, 0, 2, 0, 0, 0, 1, 0, 0, 0, 0, 1, 0, 0, 2, 0, 2, 0, 0, 0, 0, 0, 0, 0, 0, 0, 0, 2, 2, 0, 2, 1, 2, 1, 4, 3, 6, 5, 3, 3, 2, 2, 4, 3, 140, 0, 1, 0, 0, 0, 0]",2,0.5833654607012155,-1,0
823,"[2, 1, 0, 0, 7, 2, 0, 3, 0, 1, 0, 0, 1, 0, 2, 0, 0, 0, 0, 0, 0, 0, 0, 0, 2, 0, 0, 0, 0, 0, 0, 0, 1, 1, 0, 1, 1, 0, 2, 0, 0, 0, 1, 0, 0, 0, 0, 1, 0, 0, 2, 0, 2, 0, 0, 0, 0, 0, 0, 0, 0, 0, 0, 2, 2, 0, 2, 1, 2, 1, 4, 3, 6, 5, 3, 3, 2, 2, 4, 3, 140, 0, 1, 0, 0, 1, 0]","[[1 0 0 0]
 [0 0 0 1]]",0.8337903257593064,-1,0
824,"[2, 1, 0, 0, 7, 2, 0, 3, 0, 1, 0, 0, 1, 0, 2, 0, 0, 0, 0, 0, 0, 0, 0, 0, 2, 0, 0, 0, 0, 0, 0, 0, 1, 1, 0, 1, 1, 0, 2, 0, 0, 0, 1, 0, 0, 0, 0, 1, 0, 0, 2, 0, 2, 0, 0, 0, 0, 0, 0, 0, 0, 0, 0, 2, 2, 0, 2, 1, 2, 1, 4, 3, 6, 5, 3, 3, 2, 2, 4, 3, 140, 0, 0, 0, 0, 0, 0]",1,-4.016634539298784,-1,1
825,"[1, 1, 0, 0, 3, 1, 0, 1, 0, 1, 0, 0, 1, 0, 2, 0, 0, 0, 0, 0, 0, 0, 0, 0, 2, 0, 0, 0, 0, 0, 0, 0, 1, 1, 0, 1, 1, 0, 2, 0, 0, 0, 1, 0, 0, 0, 0, 1, 0, 0, 2, 0, 2, 0, 0, 0, 0, 0, 0, 0, 0, 0, 0, 2, 2, 0, 2, 1, 2, 1, 4, 3, 6, 5, 3, 3, 2, 2, 4, 5, 141, 0, 0, 0, 0, 0, 0]",4,14.466868028788753,-1,0
826,"[1, 1, 0, 0, 3, 1, 0, 1, 0, 1, 0, 0, 1, 0, 2, 0, 0, 0, 0, 0, 0, 0, 0, 0, 2, 0, 0, 0, 0, 0, 0, 0, 1, 1, 0, 1, 1, 0, 2, 0, 0, 0, 1, 0, 0, 0, 0, 1, 0, 0, 2, 0, 2, 0, 0, 0, 0, 0, 0, 0, 0, 0, 0, 2, 2, 0, 2, 1, 2, 1, 4, 3, 6, 5, 3, 3, 2, 2, 4, 5, 141, 0, 1, 0, 0, 0, 0]",2,0.5827451611008166,-1,1
827,"[1, 1, 0, 0, 3, 1, 0, 1, 0, 1, 0, 0, 1, 0, 2, 0, 0, 0, 0, 0, 0, 0, 0, 0, 2, 0, 0, 0, 0, 0, 0, 0, 1, 1, 0, 1, 1, 0, 2, 0, 0, 0, 1, 0, 0, 0, 0, 1, 0, 0, 2, 0, 2, 0, 0, 0, 0, 0, 0, 0, 0, 0, 0, 2, 2, 0, 2, 1, 2, 1, 4, 3, 6, 5, 3, 3, 2, 2, 4, 5, 141, 0, 1, 0, 0, 1, 0]","[[1 0 0 0]
 [1 1 0 0]]",1.9079864936414126,-1,1
828,"[1, 0, 0, 0, 3, 2, 0, 1, 0, 1, 0, 0, 1, 0, 2, 0, 0, 0, 0, 0, 0, 0, 0, 0, 2, 0, 0, 0, 0, 0, 0, 0, 1, 1, 0, 1, 1, 0, 2, 0, 0, 0, 1, 0, 0, 0, 0, 1, 0, 0, 2, 0, 2, 0, 0, 0, 0, 0, 0, 0, 0, 0, 0, 2, 2, 0, 2, 1, 2, 1, 4, 3, 6, 5, 3, 3, 2, 2, 4, 5, 141, 0, 0, 0, 0, 0, 0]",0,-0.01725483889918334,-1,0
829,"[1, 0, 0, 0, 3, 2, 0, 1, 0, 1, 0, 0, 1, 0, 2, 0, 0, 0, 0, 0, 0, 0, 0, 0, 2, 0, 0, 0, 0, 0, 0, 0, 1, 1, 0, 1, 1, 0, 2, 0, 0, 0, 1, 0, 0, 0, 0, 1, 0, 0, 2, 0, 2, 0, 0, 0, 0, 0, 0, 0, 0, 0, 0, 2, 2, 0, 2, 1, 2, 1, 4, 3, 6, 5, 3, 3, 2, 2, 4, 5, 141, 0, 0, 0, 0, 0, 0]",0,0.5684071796746695,-1,1
830,"[1, 0, 0, 0, 3, 2, 0, 1, 0, 1, 0, 0, 1, 0, 2, 0, 0, 0, 0, 0, 0, 0, 0, 0, 2, 0, 0, 0, 0, 0, 0, 0, 1, 1, 0, 1, 1, 0, 2, 0, 0, 0, 1, 0, 0, 0, 0, 1, 0, 0, 2, 0, 2, 0, 0, 0, 0, 0, 0, 0, 0, 0, 0, 2, 2, 0, 2, 1, 2, 1, 4, 3, 6, 5, 3, 3, 2, 2, 4, 5, 141, 0, 0, 0, 0, 0, 0]",-1,-0.012207164157671856,-1,1
831,"[2, 0, 0, 0, 3, 3, 0, 1, 0, 1, 0, 0, 1, 0, 2, 0, 0, 0, 0, 0, 0, 0, 0, 0, 2, 0, 0, 0, 0, 0, 0, 0, 1, 1, 0, 1, 1, 0, 2, 0, 0, 0, 1, 0, 0, 0, 0, 1, 0, 0, 2, 0, 2, 0, 0, 0, 0, 0, 0, 0, 0, 0, 0, 2, 2, 0, 2, 1, 2, 1, 4, 3, 6, 5, 3, 3, 2, 2, 4, 5, 142, 0, 0, 0, 0, 0, 0]",4,10.093476887142787,-1,1
832,"[2, 0, 0, 0, 3, 3, 0, 1, 0, 1, 0, 0, 1, 0, 2, 0, 0, 0, 0, 0, 0, 0, 0, 0, 2, 0, 0, 0, 0, 0, 0, 0, 1, 1, 0, 1, 1, 0, 2, 0, 0, 0, 1, 0, 0, 0, 0, 1, 0, 0, 2, 0, 2, 0, 0, 0, 0, 0, 0, 0, 0, 0, 0, 2, 2, 0, 2, 1, 2, 1, 4, 3, 6, 5, 3, 3, 2, 2, 4, 5, 142, 0, 1, 0, 0, 0, 0]",2,0.5821039881332877,-1,0
833,"[2, 0, 0, 0, 3, 3, 0, 1, 0, 1, 0, 0, 1, 0, 2, 0, 0, 0, 0, 0, 0, 0, 0, 0, 2, 0, 0, 0, 0, 0, 0, 0, 1, 1, 0, 1, 1, 0, 2, 0, 0, 0, 1, 0, 0, 0, 0, 1, 0, 0, 2, 0, 2, 0, 0, 0, 0, 0, 0, 0, 0, 0, 0, 2, 2, 0, 2, 1, 2, 1, 4, 3, 6, 5, 3, 3, 2, 2, 4, 5, 142, 0, 1, 0, 0, 1, 0]","[[1 0 0 0]
 [0 1 0 0]]",0.8325288531913786,-1,0
834,"[2, 0, 0, 0, 3, 3, 0, 1, 0, 1, 0, 0, 1, 0, 2, 0, 0, 0, 0, 0, 0, 0, 0, 0, 2, 0, 0, 0, 0, 0, 0, 0, 1, 1, 0, 1, 1, 0, 2, 0, 0, 0, 1, 0, 0, 0, 0, 1, 0, 0, 2, 0, 2, 0, 0, 0, 0, 0, 0, 0, 0, 0, 0, 2, 2, 0, 2, 1, 2, 1, 4, 3, 6, 5, 3, 3, 2, 2, 4, 5, 142, 0, 1, 0, 0, 0, 1]",2,-0.017896011866712292,-1,1
835,"[2, 0, 0, 0, 3, 3, 0, 1, 0, 1, 0, 0, 1, 0, 2, 0, 0, 0, 0, 0, 0, 0, 0, 0, 2, 0, 0, 0, 0, 0, 0, 0, 1, 1, 0, 1, 1, 0, 2, 0, 0, 0, 1, 0, 0, 0, 0, 1, 0, 0, 2, 0, 2, 0, 0, 0, 0, 0, 0, 0, 0, 0, 0, 2, 2, 0, 2, 1, 2, 1, 4, 3, 6, 5, 3, 3, 2, 2, 4, 5, 142, 0, 0, 1, 0, 0, 0]","[[1 1 0 0]
 [1 0 0 0]]",-0.017896011866712292,-1,1
836,"[2, 0, 0, 0, 3, 3, 0, 1, 0, 1, 0, 0, 1, 0, 2, 0, 0, 0, 0, 0, 0, 0, 0, 0, 2, 0, 0, 0, 0, 0, 0, 0, 1, 1, 0, 1, 1, 0, 2, 0, 0, 0, 1, 0, 0, 0, 0, 1, 0, 0, 2, 0, 2, 0, 0, 0, 0, 0, 0, 0, 0, 0, 0, 2, 2, 0, 2, 1, 2, 1, 4, 3, 6, 5, 3, 3, 2, 2, 4, 5, 142, 0, 0, 0, 0, 0, 0]",1,-2.0874905040585343,-1,0
837,"[2, 0, 0, 0, 3, 3, 0, 1, 0, 1, 0, 0, 1, 0, 2, 0, 0, 0, 0, 0, 0, 0, 0, 0, 2, 0, 0, 0, 0, 0, 0, 0, 1, 1, 0, 1, 1, 0, 2, 0, 0, 0, 1, 0, 0, 0, 0, 1, 0, 0, 2, 0, 2, 0, 0, 0, 0, 0, 0, 0, 0, 0, 0, 2, 2, 0, 2, 1, 2, 1, 4, 3, 6, 5, 3, 3, 2, 2, 4, 5, 142, 0, 0, 0, 0, 0, 0]",1,0.7917281032329044,-1,0
838,"[2, 0, 0, 0, 3, 3, 0, 1, 0, 1, 0, 0, 1, 0, 2, 0, 0, 0, 0, 0, 0, 0, 0, 0, 2, 0, 0, 0, 0, 0, 0, 0, 1, 1, 0, 1, 1, 0, 2, 0, 0, 0, 1, 0, 0, 0, 0, 1, 0, 0, 2, 0, 2, 0, 0, 0, 0, 0, 0, 0, 0, 0, 0, 2, 2, 0, 2, 1, 2, 1, 4, 3, 6, 5, 3, 3, 2, 2, 4, 5, 142, 0, 0, 0, 0, 0, 0]",-1,-0.012085700844851823,-1,0
839,"[2, 0, 0, 0, 3, 3, 0, 1, 0, 1, 0, 0, 1, 0, 2, 0, 0, 0, 0, 0, 0, 0, 0, 0, 2, 0, 0, 0, 0, 0, 0, 0, 1, 1, 0, 1, 1, 0, 2, 0, 0, 0, 1, 0, 0, 0, 0, 1, 0, 0, 2, 0, 2, 0, 0, 0, 0, 0, 0, 0, 0, 0, 0, 2, 2, 0, 2, 1, 2, 1, 4, 3, 6, 5, 3, 3, 2, 2, 4, 5, 142, 0, 1, 0, 0, 0, 0]",2,0.5821039881332877,-1,0
840,"[2, 0, 0, 0, 3, 3, 0, 1, 0, 1, 0, 0, 1, 0, 2, 0, 0, 0, 0, 0, 0, 0, 0, 0, 2, 0, 0, 0, 0, 0, 0, 0, 1, 1, 0, 1, 1, 0, 2, 0, 0, 0, 1, 0, 0, 0, 0, 1, 0, 0, 2, 0, 2, 0, 0, 0, 0, 0, 0, 0, 0, 0, 0, 2, 2, 0, 2, 1, 2, 1, 4, 3, 6, 5, 3, 3, 2, 2, 4, 5, 142, 0, 1, 0, 0, 1, 0]","[[1 0 0 0]
 [0 0 0 1]]",0.8325288531913786,-1,0
841,"[2, 0, 0, 0, 3, 3, 0, 1, 0, 1, 0, 0, 1, 0, 2, 0, 0, 0, 0, 0, 0, 0, 0, 0, 2, 0, 0, 0, 0, 0, 0, 0, 1, 1, 0, 1, 1, 0, 2, 0, 0, 0, 1, 0, 0, 0, 0, 1, 0, 0, 2, 0, 2, 0, 0, 0, 0, 0, 0, 0, 0, 0, 0, 2, 2, 0, 2, 1, 2, 1, 4, 3, 6, 5, 3, 3, 2, 2, 4, 5, 142, 0, 1, 0, 0, 0, 1]",2,-0.017896011866712292,-1,1
842,"[2, 0, 0, 0, 3, 3, 0, 1, 0, 1, 0, 0, 1, 0, 2, 0, 0, 0, 0, 0, 0, 0, 0, 0, 2, 0, 0, 0, 0, 0, 0, 0, 1, 1, 0, 1, 1, 0, 2, 0, 0, 0, 1, 0, 0, 0, 0, 1, 0, 0, 2, 0, 2, 0, 0, 0, 0, 0, 0, 0, 0, 0, 0, 2, 2, 0, 2, 1, 2, 1, 4, 3, 6, 5, 3, 3, 2, 2, 4, 5, 142, 0, 0, 1, 0, 0, 0]","[[1 1 0 0]
 [2 0 0 0]]",-0.017896011866712292,-1,1
843,"[2, 0, 0, 0, 3, 3, 0, 1, 0, 1, 0, 0, 1, 0, 2, 0, 0, 0, 0, 0, 0, 0, 0, 0, 2, 0, 0, 0, 0, 0, 0, 0, 1, 1, 0, 1, 1, 0, 2, 0, 0, 0, 1, 0, 0, 0, 0, 1, 0, 0, 2, 0, 2, 0, 0, 0, 0, 0, 0, 0, 0, 0, 0, 2, 2, 0, 2, 1, 2, 1, 4, 3, 6, 5, 3, 3, 2, 2, 4, 5, 142, 0, 0, 0, 0, 0, 0]",1,-2.593640357856172,-1,0
844,"[2, 0, 0, 0, 3, 3, 0, 2, 0, 1, 0, 0, 1, 0, 2, 0, 0, 0, 0, 0, 0, 0, 0, 0, 2, 0, 0, 0, 0, 0, 0, 0, 1, 1, 0, 1, 1, 0, 2, 0, 0, 0, 1, 0, 0, 0, 0, 1, 0, 0, 2, 0, 2, 0, 0, 0, 0, 0, 0, 0, 0, 0, 0, 2, 2, 0, 2, 1, 2, 1, 4, 3, 6, 5, 3, 3, 2, 2, 4, 5, 143, 0, 0, 0, 0, 0, 0]",4,13.980542776811594,-1,0
845,"[2, 0, 0, 0, 3, 3, 0, 2, 0, 1, 0, 0, 1, 0, 2, 0, 0, 0, 0, 0, 0, 0, 0, 0, 2, 0, 0, 0, 0, 0, 0, 0, 1, 1, 0, 1, 1, 0, 2, 0, 0, 0, 1, 0, 0, 0, 0, 1, 0, 0, 2, 0, 2, 0, 0, 0, 0, 0, 0, 0, 0, 0, 0, 2, 2, 0, 2, 1, 2, 1, 4, 3, 6, 5, 3, 3, 2, 2, 4, 5, 143, 0, 0, 0, 0, 0, 0]",-1,-0.011965446112187729,-1,1
846,"[1, 0, 0, 0, 1, 1, 0, 1, 0, 1, 0, 0, 1, 0, 2, 0, 0, 0, 0, 0, 0, 0, 0, 0, 2, 0, 0, 0, 0, 0, 0, 0, 1, 1, 0, 1, 1, 0, 2, 0, 0, 0, 1, 0, 0, 0, 0, 1, 0, 0, 2, 0, 2, 0, 0, 0, 0, 0, 0, 0, 0, 0, 0, 2, 2, 0, 2, 1, 2, 1, 4, 3, 6, 5, 3, 3, 2, 2, 4, 5, 144, 0, 0, 0, 0, 0, 0]",4,14.301429603799368,-1,0
847,"[1, 0, 0, 0, 3, 1, 0, 1, 0, 1, 0, 0, 1, 0, 2, 0, 0, 0, 0, 0, 0, 0, 0, 0, 2, 0, 0, 0, 0, 0, 0, 0, 1, 1, 0, 1, 1, 0, 2, 0, 0, 0, 1, 0, 0, 0, 0, 1, 0, 0, 2, 0, 2, 0, 0, 0, 0, 0, 0, 0, 0, 0, 0, 2, 2, 0, 2, 1, 2, 1, 4, 3, 6, 5, 3, 3, 2, 2, 4, 5, 145, 0, 0, 0, 0, 0, 0]",4,10.116698144359706,-1,1
848,"[1, 0, 0, 0, 3, 1, 0, 1, 0, 1, 0, 0, 1, 0, 2, 0, 0, 0, 0, 0, 0, 0, 0, 0, 2, 0, 0, 0, 0, 0, 0, 0, 1, 1, 0, 1, 1, 0, 2, 0, 0, 0, 1, 0, 0, 0, 0, 1, 0, 0, 2, 0, 2, 0, 0, 0, 0, 0, 0, 0, 0, 0, 0, 2, 2, 0, 2, 1, 2, 1, 4, 3, 6, 5, 3, 3, 2, 2, 4, 5, 145, 1, 0, 0, 0, 0, 0]",3,0.380049902176063,-1,0
849,"[1, 0, 0, 0, 3, 1, 0, 1, 0, 1, 0, 0, 1, 0, 2, 0, 0, 0, 0, 0, 0, 0, 0, 0, 2, 0, 0, 0, 0, 0, 0, 0, 1, 1, 0, 1, 1, 0, 2, 0, 0, 0, 1, 0, 0, 0, 0, 1, 0, 0, 2, 0, 2, 0, 0, 0, 0, 0, 0, 0, 0, 0, 0, 2, 2, 0, 2, 1, 2, 1, 4, 3, 6, 5, 3, 3, 2, 2, 4, 5, 145, 0, 0, 0, 0, 0, 0]",-1,-0.011728514404689883,-1,0
850,"[1, 0, 0, 0, 3, 1, 0, 1, 0, 1, 0, 0, 1, 0, 2, 0, 0, 0, 0, 0, 0, 0, 0, 0, 2, 0, 0, 0, 0, 0, 0, 0, 1, 1, 0, 1, 1, 0, 2, 0, 0, 0, 1, 0, 0, 0, 0, 1, 0, 0, 2, 0, 2, 0, 0, 0, 0, 0, 0, 0, 0, 0, 0, 2, 2, 0, 2, 1, 2, 1, 4, 3, 6, 5, 3, 3, 2, 2, 4, 5, 145, 0, 1, 0, 0, 0, 0]",2,0.580049902176063,-1,0
851,"[1, 0, 0, 0, 3, 1, 0, 1, 0, 1, 0, 0, 1, 0, 2, 0, 0, 0, 0, 0, 0, 0, 0, 0, 2, 0, 0, 0, 0, 0, 0, 0, 1, 1, 0, 1, 1, 0, 2, 0, 0, 0, 1, 0, 0, 0, 0, 1, 0, 0, 2, 0, 2, 0, 0, 0, 0, 0, 0, 0, 0, 0, 0, 2, 2, 0, 2, 1, 2, 1, 4, 3, 6, 5, 3, 3, 2, 2, 4, 5, 145, 0, 1, 0, 0, 1, 0]","[[1 0 0 0]
 [0 1 0 0]]",0.8304747672341539,-1,0
852,"[1, 0, 0, 0, 3, 1, 0, 1, 0, 1, 0, 0, 1, 0, 2, 0, 0, 0, 0, 0, 0, 0, 0, 0, 2, 0, 0, 0, 0, 0, 0, 0, 1, 1, 0, 1, 1, 0, 2, 0, 0, 0, 1, 0, 0, 0, 0, 1, 0, 0, 2, 0, 2, 0, 0, 0, 0, 0, 0, 0, 0, 0, 0, 2, 2, 0, 2, 1, 2, 1, 4, 3, 6, 5, 3, 3, 2, 2, 4, 5, 145, 0, 0, 0, 0, 0, 0]",1,-7.368419326173472,-1,1
853,"[1, 0, 0, 0, 3, 1, 0, 1, 0, 1, 0, 0, 1, 0, 2, 0, 0, 0, 0, 0, 0, 0, 0, 0, 2, 0, 0, 0, 0, 0, 0, 0, 1, 1, 0, 1, 1, 0, 2, 0, 0, 0, 1, 0, 0, 0, 0, 1, 0, 0, 2, 0, 2, 0, 0, 0, 0, 0, 0, 0, 0, 0, 0, 2, 2, 0, 2, 1, 2, 1, 4, 3, 6, 5, 3, 3, 2, 2, 4, 5, 145, 1, 0, 0, 0, 0, 0]",3,0.380049902176063,-1,0
854,"[1, 0, 0, 0, 3, 1, 0, 1, 0, 1, 0, 0, 1, 0, 2, 0, 0, 0, 0, 0, 0, 0, 0, 0, 2, 0, 0, 0, 0, 0, 0, 0, 1, 1, 0, 1, 1, 0, 2, 0, 0, 0, 1, 0, 0, 0, 0, 1, 0, 0, 2, 0, 2, 0, 0, 0, 0, 0, 0, 0, 0, 0, 0, 2, 2, 0, 2, 1, 2, 1, 4, 3, 6, 5, 3, 3, 2, 2, 4, 5, 145, 0, 0, 0, 0, 0, 0]",-1,-0.011728514404689883,-1,0
855,"[1, 0, 0, 0, 1, 1, 0, 1, 0, 1, 0, 0, 1, 0, 2, 0, 0, 0, 0, 0, 0, 0, 0, 0, 2, 0, 0, 0, 0, 0, 0, 0, 1, 1, 0, 1, 1, 0, 2, 0, 0, 0, 1, 0, 0, 0, 0, 1, 0, 0, 2, 0, 2, 0, 0, 0, 0, 0, 0, 0, 0, 0, 0, 2, 2, 0, 2, 1, 2, 1, 4, 3, 6, 5, 3, 3, 2, 2, 4, 1, 146, 0, 0, 0, 0, 0, 0]",4,14.29951875843486,-1,0
856,"[1, 0, 0, 0, 1, 1, 0, 1, 0, 1, 0, 0, 1, 0, 2, 0, 0, 0, 0, 0, 0, 0, 0, 0, 2, 0, 0, 0, 0, 0, 0, 0, 1, 1, 0, 1, 1, 0, 2, 0, 0, 0, 1, 0, 0, 0, 0, 1, 0, 0, 2, 0, 2, 0, 0, 0, 0, 0, 0, 0, 0, 0, 0, 2, 2, 0, 2, 1, 2, 1, 4, 3, 6, 5, 3, 3, 2, 2, 4, 1, 146, 0, 0, 0, 0, 0, 0]",-1,-0.011611813736487942,-1,1
857,"[1, 0, 0, 0, 1, 1, 0, 1, 0, 1, 0, 0, 1, 0, 2, 0, 0, 0, 0, 0, 0, 0, 0, 0, 2, 0, 0, 0, 0, 0, 0, 0, 1, 1, 0, 1, 1, 0, 2, 0, 0, 0, 1, 0, 0, 0, 0, 1, 0, 0, 2, 0, 2, 0, 0, 0, 0, 0, 0, 0, 0, 0, 0, 2, 2, 0, 2, 1, 2, 1, 4, 3, 6, 5, 3, 3, 2, 2, 4, 1, 146, 0, 0, 0, 0, 0, 0]",-1,-0.011611813736487942,-1,1
858,"[1, 0, 0, 0, 1, 1, 0, 1, 0, 1, 0, 0, 1, 0, 2, 0, 0, 0, 0, 0, 0, 0, 0, 0, 2, 0, 0, 0, 0, 0, 0, 0, 1, 1, 0, 1, 1, 0, 2, 0, 0, 0, 1, 0, 0, 0, 0, 1, 0, 0, 2, 0, 2, 0, 0, 0, 0, 0, 0, 0, 0, 0, 0, 2, 2, 0, 2, 1, 2, 1, 4, 3, 6, 5, 3, 3, 2, 2, 4, 1, 147, 0, 0, 0, 0, 0, 0]",4,10.535183297385794,-1,1
859,"[1, 0, 0, 0, 1, 1, 0, 1, 0, 1, 0, 0, 1, 0, 2, 0, 0, 0, 0, 0, 0, 0, 0, 0, 2, 0, 0, 0, 0, 0, 0, 0, 1, 1, 0, 1, 1, 0, 2, 0, 0, 0, 1, 0, 0, 0, 0, 1, 0, 0, 2, 0, 2, 0, 0, 0, 0, 0, 0, 0, 0, 0, 0, 2, 2, 0, 2, 1, 2, 1, 4, 3, 6, 5, 3, 3, 2, 2, 4, 1, 147, 0, 1, 0, 0, 0, 0]",2,0.5785663859026944,-1,0
860,"[1, 0, 0, 0, 1, 1, 0, 1, 0, 1, 0, 0, 1, 0, 2, 0, 0, 0, 0, 0, 0, 0, 0, 0, 2, 0, 0, 0, 0, 0, 0, 0, 1, 1, 0, 1, 1, 0, 2, 0, 0, 0, 1, 0, 0, 0, 0, 1, 0, 0, 2, 0, 2, 0, 0, 0, 0, 0, 0, 0, 0, 0, 0, 2, 2, 0, 2, 1, 2, 1, 4, 3, 6, 5, 3, 3, 2, 2, 4, 1, 147, 0, 1, 0, 0, 1, 0]","[[1 0 0 0]
 [0 0 0 1]]",0.8289912509607853,-1,0
861,"[1, 0, 0, 0, 1, 1, 0, 1, 0, 1, 0, 0, 1, 0, 2, 0, 0, 0, 0, 0, 0, 0, 0, 0, 2, 0, 0, 0, 0, 0, 0, 0, 1, 1, 0, 1, 1, 0, 2, 0, 0, 0, 1, 0, 0, 0, 0, 1, 0, 0, 2, 0, 2, 0, 0, 0, 0, 0, 0, 0, 0, 0, 0, 2, 2, 0, 2, 1, 2, 1, 4, 3, 6, 5, 3, 3, 2, 2, 4, 1, 147, 0, 1, 0, 0, 0, 1]",2,-0.021433614097305632,-1,1
862,"[1, 0, 0, 0, 1, 1, 0, 1, 0, 1, 0, 0, 1, 0, 2, 0, 0, 0, 0, 0, 0, 0, 0, 0, 2, 0, 0, 0, 0, 0, 0, 0, 1, 1, 0, 1, 1, 0, 2, 0, 0, 0, 1, 0, 0, 0, 0, 1, 0, 0, 2, 0, 2, 0, 0, 0, 0, 0, 0, 0, 0, 0, 0, 2, 2, 0, 2, 1, 2, 1, 4, 3, 6, 5, 3, 3, 2, 2, 4, 1, 147, 0, 0, 0, 0, 0, 0]",-1,-0.011496274259336192,-1,1
863,"[1, 0, 0, 0, 1, 1, 0, 1, 0, 1, 0, 0, 1, 0, 2, 0, 0, 0, 0, 0, 0, 0, 0, 0, 2, 0, 0, 0, 0, 0, 0, 0, 1, 1, 0, 1, 1, 0, 2, 0, 0, 0, 1, 0, 0, 0, 0, 1, 0, 0, 2, 0, 2, 0, 0, 0, 0, 0, 0, 0, 0, 0, 0, 2, 2, 0, 2, 1, 2, 1, 4, 3, 6, 5, 3, 3, 2, 2, 4, 1, 147, 0, 1, 0, 0, 0, 0]",2,0.5785663859026944,-1,0
864,"[1, 0, 0, 0, 1, 1, 0, 1, 0, 1, 0, 0, 1, 0, 2, 0, 0, 0, 0, 0, 0, 0, 0, 0, 2, 0, 0, 0, 0, 0, 0, 0, 1, 1, 0, 1, 1, 0, 2, 0, 0, 0, 1, 0, 0, 0, 0, 1, 0, 0, 2, 0, 2, 0, 0, 0, 0, 0, 0, 0, 0, 0, 0, 2, 2, 0, 2, 1, 2, 1, 4, 3, 6, 5, 3, 3, 2, 2, 4, 1, 147, 0, 1, 0, 0, 1, 0]","[[1 0 0 0]
 [0 0 0 1]]",0.8289912509607853,-1,0
865,"[0, 0, 0, 1, 2, 1, 0, 0, 0, 1, 0, 0, 1, 0, 2, 0, 0, 0, 0, 0, 0, 0, 0, 0, 2, 0, 0, 0, 0, 0, 0, 0, 1, 1, 0, 1, 1, 0, 2, 0, 0, 0, 1, 0, 0, 0, 0, 1, 0, 0, 2, 0, 2, 0, 0, 0, 0, 0, 0, 0, 0, 0, 0, 2, 2, 0, 2, 1, 2, 1, 4, 3, 6, 5, 3, 3, 2, 2, 4, 1, 147, 0, 0, 0, 0, 0, 0]",0,-0.021433614097305632,-1,1
866,"[1, 0, 0, 1, 2, 2, 0, 0, 0, 1, 0, 0, 1, 0, 2, 0, 0, 0, 0, 0, 0, 0, 0, 0, 2, 0, 0, 0, 0, 0, 0, 0, 1, 1, 0, 1, 1, 0, 2, 0, 0, 0, 1, 0, 0, 0, 0, 1, 0, 0, 2, 0, 2, 0, 0, 0, 0, 0, 0, 0, 0, 0, 0, 2, 2, 0, 2, 1, 2, 1, 4, 3, 6, 5, 3, 3, 2, 2, 4, 1, 148, 0, 0, 0, 0, 0, 0]",4,14.460244526470168,-1,0
867,"[1, 0, 0, 1, 2, 2, 0, 0, 0, 1, 0, 0, 1, 0, 2, 0, 0, 0, 0, 0, 0, 0, 0, 0, 2, 0, 0, 0, 0, 0, 0, 0, 1, 1, 0, 1, 1, 0, 2, 0, 0, 0, 1, 0, 0, 0, 0, 1, 0, 0, 2, 0, 2, 0, 0, 0, 0, 0, 0, 0, 0, 0, 0, 2, 2, 0, 2, 1, 2, 1, 4, 3, 6, 5, 3, 3, 2, 2, 4, 1, 148, 0, 1, 0, 0, 0, 0]",2,0.5777888066577185,-1,1
868,"[1, 0, 0, 1, 2, 2, 0, 0, 0, 1, 0, 0, 1, 0, 2, 0, 0, 0, 0, 0, 0, 0, 0, 0, 2, 0, 0, 0, 0, 0, 0, 0, 1, 1, 0, 1, 1, 0, 2, 0, 0, 0, 1, 0, 0, 0, 0, 1, 0, 0, 2, 0, 2, 0, 0, 0, 0, 0, 0, 0, 0, 0, 0, 2, 2, 0, 2, 1, 2, 1, 4, 3, 6, 5, 3, 3, 2, 2, 4, 1, 148, 0, 0, 0, 0, 0, 0]",-1,-0.011381884419190637,-1,1
869,"[1, 0, 0, 1, 2, 2, 0, 0, 0, 1, 0, 0, 1, 0, 2, 0, 0, 0, 0, 0, 0, 0, 0, 0, 2, 0, 0, 0, 0, 0, 0, 0, 1, 1, 0, 1, 1, 0, 2, 0, 0, 0, 1, 0, 0, 0, 0, 1, 0, 0, 2, 0, 2, 0, 0, 0, 0, 0, 0, 0, 0, 0, 0, 2, 2, 0, 2, 1, 2, 1, 4, 3, 6, 5, 3, 3, 2, 2, 4, 1, 149, 0, 0, 0, 0, 0, 0]",4,10.015813091370449,-1,1
870,"[1, 0, 0, 1, 2, 2, 0, 0, 0, 1, 0, 0, 1, 0, 2, 0, 0, 0, 0, 0, 0, 0, 0, 0, 2, 0, 0, 0, 0, 0, 0, 0, 1, 1, 0, 1, 1, 0, 2, 0, 0, 0, 1, 0, 0, 0, 0, 1, 0, 0, 2, 0, 2, 0, 0, 0, 0, 0, 0, 0, 0, 0, 0, 2, 2, 0, 2, 1, 2, 1, 4, 3, 6, 5, 3, 3, 2, 2, 4, 1, 149, 1, 0, 0, 0, 0, 0]",3,0.37698665359089006,-1,0
871,"[1, 0, 0, 1, 2, 2, 0, 0, 0, 1, 0, 0, 1, 0, 2, 0, 0, 0, 0, 0, 0, 0, 0, 0, 2, 0, 0, 0, 0, 0, 0, 0, 1, 1, 0, 1, 1, 0, 2, 0, 0, 0, 1, 0, 0, 0, 0, 1, 0, 0, 2, 0, 2, 0, 0, 0, 0, 0, 0, 0, 0, 0, 0, 2, 2, 0, 2, 1, 2, 1, 4, 3, 6, 5, 3, 3, 2, 2, 4, 1, 149, 0, 0, 0, 0, 0, 0]",-1,-0.011268632776971937,-1,0
872,"[1, 0, 0, 1, 2, 2, 0, 0, 0, 1, 0, 0, 1, 0, 2, 0, 0, 0, 0, 0, 0, 0, 0, 0, 2, 0, 0, 0, 0, 0, 0, 0, 1, 1, 0, 1, 1, 0, 2, 0, 0, 0, 1, 0, 0, 0, 0, 1, 0, 0, 2, 0, 2, 0, 0, 0, 0, 0, 0, 0, 0, 0, 0, 2, 2, 0, 2, 1, 2, 1, 4, 3, 6, 5, 3, 3, 2, 2, 4, 1, 150, 0, 0, 0, 0, 0, 0]",4,14.458159852443297,-1,0
873,"[1, 0, 0, 1, 2, 2, 0, 0, 0, 1, 0, 0, 1, 0, 2, 0, 0, 0, 0, 0, 0, 0, 0, 0, 2, 0, 0, 0, 0, 0, 0, 0, 1, 1, 0, 1, 1, 0, 2, 0, 0, 0, 1, 0, 0, 0, 0, 1, 0, 0, 2, 0, 2, 0, 0, 0, 0, 0, 0, 0, 0, 0, 0, 2, 2, 0, 2, 1, 2, 1, 4, 3, 6, 5, 3, 3, 2, 2, 4, 1, 150, 1, 0, 0, 0, 0, 0]",3,0.37615941559557653,-1,1
874,"[1, 0, 0, 1, 2, 2, 0, 0, 0, 1, 0, 0, 1, 0, 2, 0, 0, 0, 0, 0, 0, 0, 0, 0, 2, 0, 0, 0, 0, 0, 0, 0, 1, 1, 0, 1, 1, 0, 2, 0, 0, 0, 1, 0, 0, 0, 0, 1, 0, 0, 2, 0, 2, 0, 0, 0, 0, 0, 0, 0, 0, 0, 0, 2, 2, 0, 2, 1, 2, 1, 4, 3, 6, 5, 3, 3, 2, 2, 4, 1, 150, 0, 0, 0, 0, 0, 0]",-1,-0.011156508007421491,-1,1
875,"[2, 0, 0, 1, 2, 3, 0, 0, 0, 1, 0, 0, 1, 0, 2, 0, 0, 0, 0, 0, 0, 0, 0, 0, 2, 0, 0, 0, 0, 0, 0, 0, 1, 1, 0, 1, 1, 0, 2, 0, 0, 0, 1, 0, 0, 0, 0, 1, 0, 0, 2, 0, 2, 0, 0, 0, 0, 0, 0, 0, 0, 0, 0, 2, 2, 0, 2, 1, 2, 1, 4, 3, 6, 5, 3, 3, 2, 2, 4, 1, 151, 0, 0, 0, 0, 0, 0]",4,9.928537563901461,-1,1
876,"[2, 0, 0, 1, 2, 3, 0, 0, 0, 1, 0, 0, 1, 0, 2, 0, 0, 0, 0, 0, 0, 0, 0, 0, 2, 0, 0, 0, 0, 0, 0, 0, 1, 1, 0, 1, 1, 0, 2, 0, 0, 0, 1, 0, 0, 0, 0, 1, 0, 0, 2, 0, 2, 0, 0, 0, 0, 0, 0, 0, 0, 0, 0, 2, 2, 0, 2, 1, 2, 1, 4, 3, 6, 5, 3, 3, 2, 2, 4, 1, 151, 1, 0, 0, 0, 0, 0]",3,0.37530659048695525,-1,0
877,"[0, 0, 0, 2, 2, 3, 0, 0, 0, 1, 0, 0, 1, 0, 2, 0, 0, 0, 0, 0, 0, 0, 0, 0, 2, 0, 0, 0, 0, 0, 0, 0, 1, 1, 0, 1, 1, 0, 2, 0, 0, 0, 1, 0, 0, 0, 0, 1, 0, 0, 2, 0, 2, 0, 0, 0, 0, 0, 0, 0, 0, 0, 0, 2, 2, 0, 2, 1, 2, 1, 4, 3, 6, 5, 3, 3, 2, 2, 4, 1, 151, 0, 0, 0, 0, 0, 0]","[[2 0 0 0]
 [0 0 0 1]]",-0.023235727602003747,-1,0
878,"[0, 0, 0, 2, 2, 3, 0, 0, 0, 1, 0, 0, 1, 0, 2, 0, 0, 0, 0, 0, 0, 0, 0, 0, 2, 0, 0, 0, 0, 0, 0, 0, 1, 1, 0, 1, 1, 0, 2, 0, 0, 0, 1, 0, 0, 0, 0, 1, 0, 0, 2, 0, 2, 0, 0, 0, 0, 0, 0, 0, 0, 0, 0, 2, 2, 0, 2, 1, 2, 1, 4, 3, 6, 5, 3, 3, 2, 2, 4, 1, 151, 1, 0, 0, 0, 0, 0]",3,0.37530659048695525,-1,0
879,"[0, 0, 0, 2, 2, 3, 0, 0, 0, 1, 0, 0, 1, 0, 2, 0, 0, 0, 0, 0, 0, 0, 0, 0, 2, 0, 0, 0, 0, 0, 0, 0, 1, 1, 0, 1, 1, 0, 2, 0, 0, 0, 1, 0, 0, 0, 0, 1, 0, 0, 2, 0, 2, 0, 0, 0, 0, 0, 0, 0, 0, 0, 0, 2, 2, 0, 2, 1, 2, 1, 4, 3, 6, 5, 3, 3, 2, 2, 4, 1, 151, 0, 0, 0, 0, 0, 0]",-1,-0.01104549889796891,-1,0
880,"[0, 0, 0, 2, 2, 3, 0, 0, 0, 1, 0, 0, 1, 0, 2, 0, 0, 0, 0, 0, 0, 0, 0, 0, 2, 0, 0, 0, 0, 0, 0, 0, 1, 1, 0, 1, 1, 0, 2, 0, 0, 0, 1, 0, 0, 0, 0, 1, 0, 0, 2, 0, 2, 0, 0, 0, 0, 0, 0, 0, 0, 0, 0, 2, 2, 0, 2, 1, 2, 1, 4, 3, 6, 5, 3, 3, 2, 2, 4, 1, 152, 0, 0, 0, 0, 0, 0]",4,13.971448650277445,-1,0
881,"[0, 0, 0, 2, 2, 3, 0, 0, 0, 1, 0, 0, 1, 0, 2, 0, 0, 0, 0, 0, 0, 0, 0, 0, 2, 0, 0, 0, 0, 0, 0, 0, 1, 1, 0, 1, 1, 0, 2, 0, 0, 0, 1, 0, 0, 0, 0, 1, 0, 0, 2, 0, 2, 0, 0, 0, 0, 0, 0, 0, 0, 0, 0, 2, 2, 0, 2, 1, 2, 1, 4, 3, 6, 5, 3, 3, 2, 2, 4, 1, 152, 0, 0, 0, 0, 0, 0]",-1,-0.010935594347610739,-1,1
882,"[0, 0, 0, 2, 2, 3, 0, 0, 0, 1, 0, 0, 1, 0, 2, 0, 0, 0, 0, 0, 0, 0, 0, 0, 2, 0, 0, 0, 0, 0, 0, 0, 1, 1, 0, 1, 1, 0, 2, 0, 0, 0, 1, 0, 0, 0, 0, 1, 0, 0, 2, 0, 2, 0, 0, 0, 0, 0, 0, 0, 0, 0, 0, 2, 2, 0, 2, 1, 2, 1, 4, 3, 6, 5, 3, 3, 2, 2, 4, 1, 152, 0, 0, 0, 0, 0, 0]",1,0.7840518018358005,-1,1
883,"[0, 0, 0, 2, 2, 3, 0, 0, 0, 1, 0, 0, 1, 0, 2, 0, 0, 0, 0, 0, 0, 0, 0, 0, 2, 0, 0, 0, 0, 0, 0, 0, 1, 1, 0, 1, 1, 0, 2, 0, 0, 0, 1, 0, 0, 0, 0, 1, 0, 0, 2, 0, 2, 0, 0, 0, 0, 0, 0, 0, 0, 0, 0, 2, 2, 0, 2, 1, 2, 1, 4, 3, 6, 5, 3, 3, 2, 2, 4, 1, 152, 0, 0, 0, 0, 0, 0]",-1,-0.010935594347610739,-1,1
884,"[0, 0, 0, 2, 2, 3, 0, 0, 0, 1, 0, 0, 1, 0, 2, 0, 0, 0, 0, 0, 0, 0, 0, 0, 2, 0, 0, 0, 0, 0, 0, 0, 1, 1, 0, 1, 1, 0, 2, 0, 0, 0, 1, 0, 0, 0, 0, 1, 0, 0, 2, 0, 2, 0, 0, 0, 0, 0, 0, 0, 0, 0, 0, 2, 2, 0, 2, 1, 2, 1, 4, 3, 6, 5, 3, 3, 2, 2, 4, 1, 153, 0, 0, 0, 0, 0, 0]",4,9.926311371386472,-1,1
885,"[0, 0, 0, 2, 4, 3, 0, 0, 0, 1, 0, 0, 1, 0, 2, 0, 0, 0, 0, 0, 0, 0, 0, 0, 2, 0, 0, 0, 0, 0, 0, 0, 1, 1, 0, 1, 1, 0, 2, 0, 0, 0, 1, 0, 0, 0, 0, 1, 0, 0, 2, 0, 2, 0, 0, 0, 0, 0, 0, 0, 0, 0, 0, 2, 2, 0, 2, 1, 2, 1, 4, 3, 6, 5, 3, 3, 2, 2, 4, 1, 154, 0, 0, 0, 0, 0, 0]",4,13.969173273961832,-1,0
886,"[0, 0, 0, 2, 4, 3, 0, 0, 0, 1, 0, 0, 1, 0, 2, 0, 0, 0, 0, 0, 0, 0, 0, 0, 2, 0, 0, 0, 0, 0, 0, 0, 1, 1, 0, 1, 1, 0, 2, 0, 0, 0, 1, 0, 0, 0, 0, 1, 0, 0, 2, 0, 2, 0, 0, 0, 0, 0, 0, 0, 0, 0, 0, 2, 2, 0, 2, 1, 2, 1, 4, 3, 6, 5, 3, 3, 2, 2, 4, 1, 154, 0, 0, 0, 0, 0, 0]",-1,-0.010719055071348897,-1,1
887,"[0, 0, 0, 2, 4, 3, 0, 0, 0, 1, 0, 0, 1, 0, 2, 0, 0, 0, 0, 0, 0, 0, 0, 0, 2, 0, 0, 0, 0, 0, 0, 0, 1, 1, 0, 1, 1, 0, 2, 0, 0, 0, 1, 0, 0, 0, 0, 1, 0, 0, 2, 0, 2, 0, 0, 0, 0, 0, 0, 0, 0, 0, 0, 2, 2, 0, 2, 1, 2, 1, 4, 3, 6, 5, 3, 3, 2, 2, 4, 1, 154, 0, 0, 0, 0, 0, 0]",-1,-0.010719055071348897,-1,1
888,"[0, 0, 0, 2, 4, 3, 0, 0, 0, 1, 0, 0, 1, 0, 2, 0, 0, 0, 0, 0, 0, 0, 0, 0, 2, 0, 0, 0, 0, 0, 0, 0, 1, 1, 0, 1, 1, 0, 2, 0, 0, 0, 1, 0, 0, 0, 0, 1, 0, 0, 2, 0, 2, 0, 0, 0, 0, 0, 0, 0, 0, 0, 0, 2, 2, 0, 2, 1, 2, 1, 4, 3, 6, 5, 3, 3, 2, 2, 4, 1, 155, 0, 0, 0, 0, 0, 0]",4,9.862681209813353,-1,1
889,"[0, 0, 0, 2, 4, 3, 0, 0, 0, 1, 0, 0, 1, 0, 2, 0, 0, 0, 0, 0, 0, 0, 0, 0, 2, 0, 0, 0, 0, 0, 0, 0, 1, 1, 0, 1, 1, 0, 2, 0, 0, 0, 1, 0, 0, 0, 0, 1, 0, 0, 2, 0, 2, 0, 0, 0, 0, 0, 0, 0, 0, 0, 0, 2, 2, 0, 2, 1, 2, 1, 4, 3, 6, 5, 3, 3, 2, 2, 4, 1, 155, 0, 0, 0, 0, 0, 0]",0,0.41434865944347554,-1,0
890,"[0, 0, 0, 2, 4, 3, 0, 0, 0, 1, 0, 0, 1, 0, 2, 0, 0, 0, 0, 0, 0, 0, 0, 0, 2, 0, 0, 0, 0, 0, 0, 0, 1, 1, 0, 1, 1, 0, 2, 0, 0, 0, 1, 0, 0, 0, 0, 1, 0, 0, 2, 0, 2, 0, 0, 0, 0, 0, 0, 0, 0, 0, 0, 2, 2, 0, 2, 1, 2, 1, 4, 3, 6, 5, 3, 3, 2, 2, 4, 1, 155, 0, 0, 0, 0, 0, 0]",-1,-0.010612398691337153,-1,0
891,"[0, 0, 0, 1, 2, 1, 0, 0, 0, 1, 0, 0, 1, 0, 2, 0, 0, 0, 0, 0, 0, 0, 0, 0, 2, 0, 0, 0, 0, 0, 0, 0, 1, 1, 0, 1, 1, 0, 2, 0, 0, 0, 1, 0, 0, 0, 0, 1, 0, 0, 2, 0, 2, 0, 0, 0, 0, 0, 0, 0, 0, 0, 0, 2, 2, 0, 2, 1, 2, 1, 4, 3, 6, 5, 3, 3, 2, 2, 4, 3, 156, 0, 0, 0, 0, 0, 0]",4,14.288608549339529,-1,0
892,"[0, 1, 0, 1, 2, 2, 0, 0, 0, 1, 0, 0, 1, 0, 2, 0, 0, 0, 0, 0, 0, 0, 0, 0, 2, 0, 0, 0, 0, 0, 0, 0, 1, 1, 0, 1, 1, 0, 2, 0, 0, 0, 1, 0, 0, 0, 0, 1, 0, 0, 2, 0, 2, 0, 0, 0, 0, 0, 0, 0, 0, 0, 0, 2, 2, 0, 2, 1, 2, 1, 4, 3, 6, 5, 3, 3, 2, 2, 4, 3, 157, 0, 0, 0, 0, 0, 0]",4,10.006702043329923,-1,1
893,"[0, 1, 0, 1, 2, 2, 0, 0, 0, 1, 0, 0, 1, 0, 2, 0, 0, 0, 0, 0, 0, 0, 0, 0, 2, 0, 0, 0, 0, 0, 0, 0, 1, 1, 0, 1, 1, 0, 2, 0, 0, 0, 1, 0, 0, 0, 0, 1, 0, 0, 2, 0, 2, 0, 0, 0, 0, 0, 0, 0, 0, 0, 0, 2, 2, 0, 2, 1, 2, 1, 4, 3, 6, 5, 3, 3, 2, 2, 4, 3, 157, 0, 1, 0, 0, 0, 0]",2,0.5696257672686681,-1,0
894,"[0, 1, 0, 1, 2, 2, 0, 0, 0, 1, 0, 0, 1, 0, 2, 0, 0, 0, 0, 0, 0, 0, 0, 0, 2, 0, 0, 0, 0, 0, 0, 0, 1, 1, 0, 1, 1, 0, 2, 0, 0, 0, 1, 0, 0, 0, 0, 1, 0, 0, 2, 0, 2, 0, 0, 0, 0, 0, 0, 0, 0, 0, 0, 2, 2, 0, 2, 1, 2, 1, 4, 3, 6, 5, 3, 3, 2, 2, 4, 3, 157, 0, 1, 0, 0, 1, 0]","[[0 1 0 0]
 [1 0 0 0]]",0.820050632326759,-1,0
895,"[1, 0, 0, 1, 1, 3, 0, 0, 0, 1, 0, 0, 1, 0, 2, 0, 0, 0, 0, 0, 0, 0, 0, 0, 2, 0, 0, 0, 0, 0, 0, 0, 1, 1, 0, 1, 1, 0, 2, 0, 0, 0, 1, 0, 0, 0, 0, 1, 0, 0, 2, 0, 2, 0, 0, 0, 0, 0, 0, 0, 0, 0, 0, 2, 2, 0, 2, 1, 2, 1, 4, 3, 6, 5, 3, 3, 2, 2, 4, 3, 157, 0, 0, 0, 0, 0, 0]",0,-0.03037423273133186,-1,1
896,"[1, 0, 0, 1, 1, 3, 0, 0, 0, 1, 0, 0, 1, 0, 2, 0, 0, 0, 0, 0, 0, 0, 0, 0, 2, 0, 0, 0, 0, 0, 0, 0, 1, 1, 0, 1, 1, 0, 2, 0, 0, 0, 1, 0, 0, 0, 0, 1, 0, 0, 2, 0, 2, 0, 0, 0, 0, 0, 0, 0, 0, 0, 0, 2, 2, 0, 2, 1, 2, 1, 4, 3, 6, 5, 3, 3, 2, 2, 4, 3, 157, 0, 1, 0, 0, 0, 0]",2,0.5696257672686681,-1,0
897,"[1, 0, 0, 1, 1, 3, 0, 0, 0, 1, 0, 0, 1, 0, 2, 0, 0, 0, 0, 0, 0, 0, 0, 0, 2, 0, 0, 0, 0, 0, 0, 0, 1, 1, 0, 1, 1, 0, 2, 0, 0, 0, 1, 0, 0, 0, 0, 1, 0, 0, 2, 0, 2, 0, 0, 0, 0, 0, 0, 0, 0, 0, 0, 2, 2, 0, 2, 1, 2, 1, 4, 3, 6, 5, 3, 3, 2, 2, 4, 3, 157, 0, 1, 0, 0, 1, 0]","[[0 0 0 1]
 [0 1 0 0]]",0.820050632326759,-1,0
898,"[1, 0, 0, 1, 1, 3, 0, 0, 0, 1, 0, 0, 1, 0, 2, 0, 0, 0, 0, 0, 0, 0, 0, 0, 2, 0, 0, 0, 0, 0, 0, 0, 1, 1, 0, 1, 1, 0, 2, 0, 0, 0, 1, 0, 0, 0, 0, 1, 0, 0, 2, 0, 2, 0, 0, 0, 0, 0, 0, 0, 0, 0, 0, 2, 2, 0, 2, 1, 2, 1, 4, 3, 6, 5, 3, 3, 2, 2, 4, 3, 157, 0, 0, 0, 0, 0, 0]",1,-7.378843461080867,-1,1
899,"[1, 0, 0, 1, 1, 3, 0, 0, 0, 1, 0, 0, 1, 0, 2, 0, 0, 0, 0, 0, 0, 0, 0, 0, 2, 0, 0, 0, 0, 0, 0, 0, 1, 1, 0, 1, 1, 0, 2, 0, 0, 0, 1, 0, 0, 0, 0, 1, 0, 0, 2, 0, 2, 0, 0, 0, 0, 0, 0, 0, 0, 0, 0, 2, 2, 0, 2, 1, 2, 1, 4, 3, 6, 5, 3, 3, 2, 2, 4, 3, 158, 0, 0, 0, 0, 0, 0]",4,14.448848595752388,-1,0
900,"[1, 0, 0, 1, 1, 3, 0, 0, 0, 1, 0, 0, 1, 0, 2, 0, 0, 0, 0, 0, 0, 0, 0, 0, 2, 0, 0, 0, 0, 0, 0, 0, 1, 1, 0, 1, 1, 0, 2, 0, 0, 0, 1, 0, 0, 0, 0, 1, 0, 0, 2, 0, 2, 0, 0, 0, 0, 0, 0, 0, 0, 0, 0, 2, 2, 0, 2, 1, 2, 1, 4, 3, 6, 5, 3, 3, 2, 2, 4, 3, 158, 0, 0, 0, 0, 0, 0]",-1,-0.010298754910244172,-1,1
901,"[1, 0, 0, 1, 1, 3, 0, 0, 0, 1, 0, 0, 1, 0, 2, 0, 0, 0, 0, 0, 0, 0, 0, 0, 2, 0, 0, 0, 0, 0, 0, 0, 1, 1, 0, 1, 1, 0, 2, 0, 0, 0, 1, 0, 0, 0, 0, 1, 0, 0, 2, 0, 2, 0, 0, 0, 0, 0, 0, 0, 0, 0, 0, 2, 2, 0, 2, 1, 2, 1, 4, 3, 6, 5, 3, 3, 2, 2, 4, 3, 158, 0, 1, 0, 0, 0, 0]",2,0.5685809062229095,-1,0
902,"[1, 0, 0, 1, 1, 3, 0, 0, 0, 1, 0, 0, 1, 0, 2, 0, 0, 0, 0, 0, 0, 0, 0, 0, 2, 0, 0, 0, 0, 0, 0, 0, 1, 1, 0, 1, 1, 0, 2, 0, 0, 0, 1, 0, 0, 0, 0, 1, 0, 0, 2, 0, 2, 0, 0, 0, 0, 0, 0, 0, 0, 0, 0, 2, 2, 0, 2, 1, 2, 1, 4, 3, 6, 5, 3, 3, 2, 2, 4, 3, 158, 0, 1, 0, 0, 1, 0]","[[0 0 0 1]
 [0 1 0 0]]",0.8190057712810004,-1,0
903,"[1, 0, 0, 1, 1, 3, 0, 0, 0, 1, 0, 0, 1, 0, 2, 0, 0, 0, 0, 0, 0, 0, 0, 0, 2, 0, 0, 0, 0, 0, 0, 0, 1, 1, 0, 1, 1, 0, 2, 0, 0, 0, 1, 0, 0, 0, 0, 1, 0, 0, 2, 0, 2, 0, 0, 0, 0, 0, 0, 0, 0, 0, 0, 2, 2, 0, 2, 1, 2, 1, 4, 3, 6, 5, 3, 3, 2, 2, 4, 3, 158, 0, 0, 0, 0, 0, 0]",-1,-0.010298754910244172,-1,1
904,"[1, 0, 0, 1, 1, 3, 0, 0, 0, 1, 0, 0, 1, 0, 2, 0, 0, 0, 0, 0, 0, 0, 0, 0, 2, 0, 0, 0, 0, 0, 0, 0, 1, 1, 0, 1, 1, 0, 2, 0, 0, 0, 1, 0, 0, 0, 0, 1, 0, 0, 2, 0, 2, 0, 0, 0, 0, 0, 0, 0, 0, 0, 0, 2, 2, 0, 2, 1, 2, 1, 4, 3, 6, 5, 3, 3, 2, 2, 4, 3, 158, 1, 0, 0, 0, 0, 0]",3,0.36858090622290945,-1,0
905,"[1, 0, 0, 1, 1, 3, 0, 0, 0, 1, 0, 0, 1, 0, 2, 0, 0, 0, 0, 0, 0, 0, 0, 0, 2, 0, 0, 0, 0, 0, 0, 0, 1, 1, 0, 1, 1, 0, 2, 0, 0, 0, 1, 0, 0, 0, 0, 1, 0, 0, 2, 0, 2, 0, 0, 0, 0, 0, 0, 0, 0, 0, 0, 2, 2, 0, 2, 1, 2, 1, 4, 3, 6, 5, 3, 3, 2, 2, 4, 3, 158, 0, 0, 0, 0, 0, 0]",-1,-0.010298754910244172,-1,0
906,"[1, 0, 0, 1, 1, 3, 0, 0, 0, 1, 0, 0, 1, 0, 2, 0, 0, 0, 0, 0, 0, 0, 0, 0, 2, 0, 0, 0, 0, 0, 0, 0, 1, 1, 0, 1, 1, 0, 2, 0, 0, 0, 1, 0, 0, 0, 0, 1, 0, 0, 2, 0, 2, 0, 0, 0, 0, 0, 0, 0, 0, 0, 0, 2, 2, 0, 2, 1, 2, 1, 4, 3, 6, 5, 3, 3, 2, 2, 4, 3, 158, 1, 0, 0, 0, 0, 0]",3,0.36858090622290945,-1,0
907,"[1, 0, 0, 1, 1, 3, 0, 0, 0, 1, 0, 0, 1, 0, 2, 0, 0, 0, 0, 0, 0, 0, 0, 0, 2, 0, 0, 0, 0, 0, 0, 0, 1, 1, 0, 1, 1, 0, 2, 0, 0, 0, 1, 0, 0, 0, 0, 1, 0, 0, 2, 0, 2, 0, 0, 0, 0, 0, 0, 0, 0, 0, 0, 2, 2, 0, 2, 1, 2, 1, 4, 3, 6, 5, 3, 3, 2, 2, 4, 3, 158, 0, 0, 0, 0, 0, 0]",-1,-0.010298754910244172,-1,0
908,"[1, 0, 0, 1, 1, 3, 0, 0, 0, 1, 0, 0, 1, 0, 2, 0, 0, 0, 0, 0, 0, 0, 0, 0, 2, 0, 0, 0, 0, 0, 0, 0, 1, 1, 0, 1, 1, 0, 2, 0, 0, 0, 1, 0, 0, 0, 0, 1, 0, 0, 2, 0, 2, 0, 0, 0, 0, 0, 0, 0, 0, 0, 0, 2, 2, 0, 2, 1, 2, 1, 4, 3, 6, 5, 3, 3, 2, 2, 4, 3, 158, 1, 0, 0, 0, 0, 0]",3,0.36858090622290945,-1,0
909,"[1, 0, 0, 1, 1, 3, 0, 0, 0, 1, 0, 0, 1, 0, 2, 0, 0, 0, 0, 0, 0, 0, 0, 0, 2, 0, 0, 0, 0, 0, 0, 0, 1, 1, 0, 1, 1, 0, 2, 0, 0, 0, 1, 0, 0, 0, 0, 1, 0, 0, 2, 0, 2, 0, 0, 0, 0, 0, 0, 0, 0, 0, 0, 2, 2, 0, 2, 1, 2, 1, 4, 3, 6, 5, 3, 3, 2, 2, 4, 3, 158, 0, 0, 0, 0, 0, 0]",-1,-0.010298754910244172,-1,0
910,"[1, 0, 0, 1, 1, 3, 0, 0, 0, 1, 0, 0, 1, 0, 2, 0, 0, 0, 0, 0, 0, 0, 0, 0, 2, 0, 0, 0, 0, 0, 0, 0, 1, 1, 0, 1, 1, 0, 2, 0, 0, 0, 1, 0, 0, 0, 0, 1, 0, 0, 2, 0, 2, 0, 0, 0, 0, 0, 0, 0, 0, 0, 0, 2, 2, 0, 2, 1, 2, 1, 4, 3, 6, 5, 3, 3, 2, 2, 4, 3, 158, 0, 1, 0, 0, 0, 0]",2,0.5685809062229095,-1,0
911,"[1, 0, 0, 1, 1, 3, 0, 0, 0, 1, 0, 0, 1, 0, 2, 0, 0, 0, 0, 0, 0, 0, 0, 0, 2, 0, 0, 0, 0, 0, 0, 0, 1, 1, 0, 1, 1, 0, 2, 0, 0, 0, 1, 0, 0, 0, 0, 1, 0, 0, 2, 0, 2, 0, 0, 0, 0, 0, 0, 0, 0, 0, 0, 2, 2, 0, 2, 1, 2, 1, 4, 3, 6, 5, 3, 3, 2, 2, 4, 3, 158, 0, 1, 0, 0, 1, 0]","[[1 0 0 0]
 [0 1 0 0]]",0.8190057712810004,-1,0
912,"[1, 0, 0, 1, 1, 3, 0, 0, 0, 1, 0, 0, 1, 0, 2, 0, 0, 0, 0, 0, 0, 0, 0, 0, 2, 0, 0, 0, 0, 0, 0, 0, 1, 1, 0, 1, 1, 0, 2, 0, 0, 0, 1, 0, 0, 0, 0, 1, 0, 0, 2, 0, 2, 0, 0, 0, 0, 0, 0, 0, 0, 0, 0, 2, 2, 0, 2, 1, 2, 1, 4, 3, 6, 5, 3, 3, 2, 2, 4, 3, 158, 0, 0, 0, 0, 0, 0]",1,-7.379888322126625,-1,1
913,"[1, 0, 0, 1, 1, 3, 0, 0, 0, 1, 0, 0, 1, 0, 2, 0, 0, 0, 0, 0, 0, 0, 0, 0, 2, 0, 0, 0, 0, 0, 0, 0, 1, 1, 0, 1, 1, 0, 2, 0, 0, 0, 1, 0, 0, 0, 0, 1, 0, 0, 2, 0, 2, 0, 0, 0, 0, 0, 0, 0, 0, 0, 0, 2, 2, 0, 2, 1, 2, 1, 4, 3, 6, 5, 3, 3, 2, 2, 4, 3, 158, 0, 1, 0, 0, 0, 0]",2,0.5685809062229095,-1,0
914,"[1, 0, 0, 1, 1, 3, 0, 0, 0, 1, 0, 0, 1, 0, 2, 0, 0, 0, 0, 0, 0, 0, 0, 0, 2, 0, 0, 0, 0, 0, 0, 0, 1, 1, 0, 1, 1, 0, 2, 0, 0, 0, 1, 0, 0, 0, 0, 1, 0, 0, 2, 0, 2, 0, 0, 0, 0, 0, 0, 0, 0, 0, 0, 2, 2, 0, 2, 1, 2, 1, 4, 3, 6, 5, 3, 3, 2, 2, 4, 3, 158, 0, 1, 0, 0, 1, 0]","[[0 0 0 1]
 [0 1 0 0]]",0.8190057712810004,-1,0
915,"[1, 0, 0, 1, 1, 3, 0, 0, 0, 1, 0, 0, 1, 0, 2, 0, 0, 0, 0, 0, 0, 0, 0, 0, 2, 0, 0, 0, 0, 0, 0, 0, 1, 1, 0, 1, 1, 0, 2, 0, 0, 0, 1, 0, 0, 0, 0, 1, 0, 0, 2, 0, 2, 0, 0, 0, 0, 0, 0, 0, 0, 0, 0, 2, 2, 0, 2, 1, 2, 1, 4, 3, 6, 5, 3, 3, 2, 2, 4, 3, 158, 0, 0, 0, 0, 0, 0]",1,-7.379888322126625,-1,1
916,"[1, 0, 0, 1, 3, 3, 0, 0, 0, 1, 0, 0, 1, 0, 2, 0, 0, 0, 0, 0, 0, 0, 0, 0, 2, 0, 0, 0, 0, 0, 0, 0, 1, 1, 0, 1, 1, 0, 2, 0, 0, 0, 1, 0, 0, 0, 0, 1, 0, 0, 2, 0, 2, 0, 0, 0, 0, 0, 0, 0, 0, 0, 0, 2, 2, 0, 2, 1, 2, 1, 4, 3, 6, 5, 3, 3, 2, 2, 4, 3, 159, 0, 0, 0, 0, 0, 0]",4,14.447567668598126,-1,0
917,"[1, 0, 0, 1, 3, 3, 0, 0, 0, 1, 0, 0, 1, 0, 2, 0, 0, 0, 0, 0, 0, 0, 0, 0, 2, 0, 0, 0, 0, 0, 0, 0, 1, 1, 0, 1, 1, 0, 2, 0, 0, 0, 1, 0, 0, 0, 0, 1, 0, 0, 2, 0, 2, 0, 0, 0, 0, 0, 0, 0, 0, 0, 0, 2, 2, 0, 2, 1, 2, 1, 4, 3, 6, 5, 3, 3, 2, 2, 4, 3, 159, 0, 0, 0, 0, 0, 0]",0,0.5531690060577136,-1,1
918,"[1, 0, 0, 1, 3, 3, 0, 0, 0, 1, 0, 0, 1, 0, 2, 0, 0, 0, 0, 0, 0, 0, 0, 0, 2, 0, 0, 0, 0, 0, 0, 0, 1, 1, 0, 1, 1, 0, 2, 0, 0, 0, 1, 0, 0, 0, 0, 1, 0, 0, 2, 0, 2, 0, 0, 0, 0, 0, 0, 0, 0, 0, 0, 2, 2, 0, 2, 1, 2, 1, 4, 3, 6, 5, 3, 3, 2, 2, 4, 3, 159, 0, 0, 0, 0, 0, 0]",-1,-0.010196280586710672,-1,1
919,"[1, 0, 0, 1, 3, 3, 0, 0, 0, 1, 0, 0, 1, 0, 2, 0, 0, 0, 0, 0, 0, 0, 0, 0, 2, 0, 0, 0, 0, 0, 0, 0, 1, 1, 0, 1, 1, 0, 2, 0, 0, 0, 1, 0, 0, 0, 0, 1, 0, 0, 2, 0, 2, 0, 0, 0, 0, 0, 0, 0, 0, 0, 0, 2, 2, 0, 2, 1, 2, 1, 4, 3, 6, 5, 3, 3, 2, 2, 4, 3, 159, 1, 0, 0, 0, 0, 0]",3,0.3675069874838608,-1,0
920,"[1, 0, 0, 1, 3, 3, 0, 0, 0, 1, 0, 0, 1, 0, 2, 0, 0, 0, 0, 0, 0, 0, 0, 0, 2, 0, 0, 0, 0, 0, 0, 0, 1, 1, 0, 1, 1, 0, 2, 0, 0, 0, 1, 0, 0, 0, 0, 1, 0, 0, 2, 0, 2, 0, 0, 0, 0, 0, 0, 0, 0, 0, 0, 2, 2, 0, 2, 1, 2, 1, 4, 3, 6, 5, 3, 3, 2, 2, 4, 3, 159, 0, 0, 0, 0, 0, 0]",-1,-0.010196280586710672,-1,0
921,"[1, 0, 0, 1, 5, 3, 0, 0, 0, 1, 0, 0, 1, 0, 2, 0, 0, 0, 0, 0, 0, 0, 0, 0, 2, 0, 0, 0, 0, 0, 0, 0, 1, 1, 0, 1, 1, 0, 2, 0, 0, 0, 1, 0, 0, 0, 0, 1, 0, 0, 2, 0, 2, 0, 0, 0, 0, 0, 0, 0, 0, 0, 0, 2, 2, 0, 2, 1, 2, 1, 4, 3, 6, 5, 3, 3, 2, 2, 4, 3, 160, 0, 0, 0, 0, 0, 0]",4,14.446259409493983,-1,0
922,"[1, 0, 0, 1, 2, 1, 0, 0, 0, 1, 0, 0, 1, 0, 2, 0, 0, 0, 0, 0, 0, 0, 0, 0, 2, 0, 0, 0, 0, 0, 0, 0, 1, 1, 0, 1, 1, 0, 2, 0, 0, 0, 1, 0, 0, 0, 0, 1, 0, 0, 2, 0, 2, 0, 0, 0, 0, 0, 0, 0, 0, 0, 0, 2, 2, 0, 2, 1, 2, 1, 4, 3, 6, 5, 3, 3, 2, 2, 4, 5, 161, 0, 0, 0, 0, 0, 0]",4,10.041128964215648,-1,1
923,"[2, 0, 0, 1, 2, 2, 0, 0, 0, 1, 0, 0, 1, 0, 2, 0, 0, 0, 0, 0, 0, 0, 0, 0, 2, 0, 0, 0, 0, 0, 0, 0, 1, 1, 0, 1, 1, 0, 2, 0, 0, 0, 1, 0, 0, 0, 0, 1, 0, 0, 2, 0, 2, 0, 0, 0, 0, 0, 0, 0, 0, 0, 0, 2, 2, 0, 2, 1, 2, 1, 4, 3, 6, 5, 3, 3, 2, 2, 4, 5, 162, 0, 0, 0, 0, 0, 0]",4,14.239765099346032,-1,0
924,"[2, 0, 0, 1, 2, 2, 0, 0, 0, 1, 0, 0, 1, 0, 2, 0, 0, 0, 0, 0, 0, 0, 0, 0, 2, 0, 0, 0, 0, 0, 0, 0, 1, 1, 0, 1, 1, 0, 2, 0, 0, 0, 1, 0, 0, 0, 0, 1, 0, 0, 2, 0, 2, 0, 0, 0, 0, 0, 0, 0, 0, 0, 0, 2, 2, 0, 2, 1, 2, 1, 4, 3, 6, 5, 3, 3, 2, 2, 4, 5, 162, 0, 1, 0, 0, 0, 0]",2,0.5641076961185346,-1,1
925,"[2, 0, 0, 1, 2, 2, 0, 0, 0, 1, 0, 0, 1, 0, 2, 0, 0, 0, 0, 0, 0, 0, 0, 0, 2, 0, 0, 0, 0, 0, 0, 0, 1, 1, 0, 1, 1, 0, 2, 0, 0, 0, 1, 0, 0, 0, 0, 1, 0, 0, 2, 0, 2, 0, 0, 0, 0, 0, 0, 0, 0, 0, 0, 2, 2, 0, 2, 1, 2, 1, 4, 3, 6, 5, 3, 3, 2, 2, 4, 5, 162, 0, 1, 0, 0, 1, 0]","[[1 1 0 0]
 [2 0 0 1]]",1.8893490286591306,-1,1
926,"[1, 1, 0, 0, 3, 1, 0, 1, 0, 1, 0, 0, 1, 0, 2, 0, 0, 0, 0, 0, 0, 0, 0, 0, 2, 0, 0, 0, 0, 0, 0, 0, 1, 1, 0, 1, 1, 0, 2, 0, 0, 0, 1, 0, 0, 0, 0, 1, 0, 0, 2, 0, 2, 0, 0, 0, 0, 0, 0, 0, 0, 0, 0, 2, 2, 0, 2, 1, 2, 1, 4, 3, 6, 5, 3, 3, 2, 2, 4, 5, 162, 0, 0, 0, 0, 0, 0]",0,-0.035892303881465366,-1,0
927,"[1, 1, 0, 0, 3, 1, 0, 1, 0, 1, 0, 0, 1, 0, 2, 0, 0, 0, 0, 0, 0, 0, 0, 0, 2, 0, 0, 0, 0, 0, 0, 0, 1, 1, 0, 1, 1, 0, 2, 0, 0, 0, 1, 0, 0, 0, 0, 1, 0, 0, 2, 0, 2, 0, 0, 0, 0, 0, 0, 0, 0, 0, 0, 2, 2, 0, 2, 1, 2, 1, 4, 3, 6, 5, 3, 3, 2, 2, 4, 5, 162, 0, 0, 0, 0, 0, 0]",-1,-0.009894934954180734,-1,1
928,"[1, 1, 0, 0, 3, 1, 0, 1, 0, 1, 0, 0, 1, 0, 2, 0, 0, 0, 0, 0, 0, 0, 0, 0, 2, 0, 0, 0, 0, 0, 0, 0, 1, 1, 0, 1, 1, 0, 2, 0, 0, 0, 1, 0, 0, 0, 0, 1, 0, 0, 2, 0, 2, 0, 0, 0, 0, 0, 0, 0, 0, 0, 0, 2, 2, 0, 2, 1, 2, 1, 4, 3, 6, 5, 3, 3, 2, 2, 4, 5, 162, 0, 0, 0, 0, 0, 0]",-1,-0.009894934954180734,-1,1
929,"[1, 1, 0, 0, 1, 1, 0, 1, 0, 1, 0, 0, 1, 0, 2, 0, 0, 0, 0, 0, 0, 0, 0, 0, 2, 0, 0, 0, 0, 0, 0, 0, 1, 1, 0, 1, 1, 0, 2, 0, 0, 0, 1, 0, 0, 0, 0, 1, 0, 0, 2, 0, 2, 0, 0, 0, 0, 0, 0, 0, 0, 0, 0, 2, 2, 0, 2, 1, 2, 1, 4, 3, 6, 5, 3, 3, 2, 2, 4, 1, 163, 0, 0, 0, 0, 0, 0]",4,10.516097670059889,-1,1
930,"[1, 1, 0, 0, 1, 1, 0, 1, 0, 1, 0, 0, 1, 0, 2, 0, 0, 0, 0, 0, 0, 0, 0, 0, 2, 0, 0, 0, 0, 0, 0, 0, 1, 1, 0, 1, 1, 0, 2, 0, 0, 0, 1, 0, 0, 0, 0, 1, 0, 0, 2, 0, 2, 0, 0, 0, 0, 0, 0, 0, 0, 0, 0, 2, 2, 0, 2, 1, 2, 1, 4, 3, 6, 5, 3, 3, 2, 2, 4, 1, 163, 0, 0, 0, 0, 0, 0]",0,0.40563338856497666,-1,0
931,"[1, 1, 0, 0, 1, 1, 0, 1, 0, 1, 0, 0, 1, 0, 2, 0, 0, 0, 0, 0, 0, 0, 0, 0, 2, 0, 0, 0, 0, 0, 0, 0, 1, 1, 0, 1, 1, 0, 2, 0, 0, 0, 1, 0, 0, 0, 0, 1, 0, 0, 2, 0, 2, 0, 0, 0, 0, 0, 0, 0, 0, 0, 0, 2, 2, 0, 2, 1, 2, 1, 4, 3, 6, 5, 3, 3, 2, 2, 4, 1, 163, 0, 0, 0, 0, 0, 0]",-1,-0.009796478706345467,-1,0
932,"[1, 1, 0, 0, 1, 1, 0, 1, 0, 1, 0, 0, 1, 0, 2, 0, 0, 0, 0, 0, 0, 0, 0, 0, 2, 0, 0, 0, 0, 0, 0, 0, 1, 1, 0, 1, 1, 0, 2, 0, 0, 0, 1, 0, 0, 0, 0, 1, 0, 0, 2, 0, 2, 0, 0, 0, 0, 0, 0, 0, 0, 0, 0, 2, 2, 0, 2, 1, 2, 1, 4, 3, 6, 5, 3, 3, 2, 2, 4, 1, 163, 0, 0, 0, 0, 0, 0]",0,0.40563338856497666,-1,0
933,"[1, 1, 0, 0, 1, 1, 0, 1, 0, 1, 0, 0, 1, 0, 2, 0, 0, 0, 0, 0, 0, 0, 0, 0, 2, 0, 0, 0, 0, 0, 0, 0, 1, 1, 0, 1, 1, 0, 2, 0, 0, 0, 1, 0, 0, 0, 0, 1, 0, 0, 2, 0, 2, 0, 0, 0, 0, 0, 0, 0, 0, 0, 0, 2, 2, 0, 2, 1, 2, 1, 4, 3, 6, 5, 3, 3, 2, 2, 4, 1, 163, 0, 0, 0, 0, 0, 0]",-1,-0.009796478706345467,-1,0
934,"[1, 1, 0, 0, 1, 1, 0, 1, 0, 1, 0, 0, 1, 0, 2, 0, 0, 0, 0, 0, 0, 0, 0, 0, 2, 0, 0, 0, 0, 0, 0, 0, 1, 1, 0, 1, 1, 0, 2, 0, 0, 0, 1, 0, 0, 0, 0, 1, 0, 0, 2, 0, 2, 0, 0, 0, 0, 0, 0, 0, 0, 0, 0, 2, 2, 0, 2, 1, 2, 1, 4, 3, 6, 5, 3, 3, 2, 2, 4, 1, 163, 0, 0, 0, 0, 0, 0]",0,0.40563338856497666,-1,0
935,"[1, 1, 0, 0, 1, 1, 0, 1, 0, 1, 0, 0, 1, 0, 2, 0, 0, 0, 0, 0, 0, 0, 0, 0, 2, 0, 0, 0, 0, 0, 0, 0, 1, 1, 0, 1, 1, 0, 2, 0, 0, 0, 1, 0, 0, 0, 0, 1, 0, 0, 2, 0, 2, 0, 0, 0, 0, 0, 0, 0, 0, 0, 0, 2, 2, 0, 2, 1, 2, 1, 4, 3, 6, 5, 3, 3, 2, 2, 4, 1, 163, 0, 0, 0, 0, 0, 0]",-1,-0.009796478706345467,-1,0
936,"[1, 1, 0, 0, 1, 1, 0, 1, 0, 1, 0, 0, 1, 0, 2, 0, 0, 0, 0, 0, 0, 0, 0, 0, 2, 0, 0, 0, 0, 0, 0, 0, 1, 1, 0, 1, 1, 0, 2, 0, 0, 0, 1, 0, 0, 0, 0, 1, 0, 0, 2, 0, 2, 0, 0, 0, 0, 0, 0, 0, 0, 0, 0, 2, 2, 0, 2, 1, 2, 1, 4, 3, 6, 5, 3, 3, 2, 2, 4, 1, 163, 0, 0, 0, 0, 0, 0]",0,0.40563338856497666,-1,0
937,"[1, 1, 0, 0, 1, 1, 0, 1, 0, 1, 0, 0, 1, 0, 2, 0, 0, 0, 0, 0, 0, 0, 0, 0, 2, 0, 0, 0, 0, 0, 0, 0, 1, 1, 0, 1, 1, 0, 2, 0, 0, 0, 1, 0, 0, 0, 0, 1, 0, 0, 2, 0, 2, 0, 0, 0, 0, 0, 0, 0, 0, 0, 0, 2, 2, 0, 2, 1, 2, 1, 4, 3, 6, 5, 3, 3, 2, 2, 4, 1, 163, 0, 0, 0, 0, 0, 0]",-1,-0.009796478706345467,-1,0
938,"[1, 1, 0, 0, 1, 1, 0, 1, 0, 1, 0, 0, 1, 0, 2, 0, 0, 0, 0, 0, 0, 0, 0, 0, 2, 0, 0, 0, 0, 0, 0, 0, 1, 1, 0, 1, 1, 0, 2, 0, 0, 0, 1, 0, 0, 0, 0, 1, 0, 0, 2, 0, 2, 0, 0, 0, 0, 0, 0, 0, 0, 0, 0, 2, 2, 0, 2, 1, 2, 1, 4, 3, 6, 5, 3, 3, 2, 2, 4, 1, 163, 0, 0, 0, 0, 0, 0]",0,0.40563338856497666,-1,0
939,"[1, 1, 0, 0, 1, 1, 0, 1, 0, 1, 0, 0, 1, 0, 2, 0, 0, 0, 0, 0, 0, 0, 0, 0, 2, 0, 0, 0, 0, 0, 0, 0, 1, 1, 0, 1, 1, 0, 2, 0, 0, 0, 1, 0, 0, 0, 0, 1, 0, 0, 2, 0, 2, 0, 0, 0, 0, 0, 0, 0, 0, 0, 0, 2, 2, 0, 2, 1, 2, 1, 4, 3, 6, 5, 3, 3, 2, 2, 4, 1, 163, 0, 0, 0, 0, 0, 0]",-1,-0.009796478706345467,-1,0
940,"[1, 1, 0, 0, 1, 1, 0, 1, 0, 1, 0, 0, 1, 0, 2, 0, 0, 0, 0, 0, 0, 0, 0, 0, 2, 0, 0, 0, 0, 0, 0, 0, 1, 1, 0, 1, 1, 0, 2, 0, 0, 0, 1, 0, 0, 0, 0, 1, 0, 0, 2, 0, 2, 0, 0, 0, 0, 0, 0, 0, 0, 0, 0, 2, 2, 0, 2, 1, 2, 1, 4, 3, 6, 5, 3, 3, 2, 2, 4, 1, 163, 0, 0, 0, 0, 0, 0]",0,0.40563338856497666,-1,0
941,"[1, 1, 0, 0, 1, 1, 0, 1, 0, 1, 0, 0, 1, 0, 2, 0, 0, 0, 0, 0, 0, 0, 0, 0, 2, 0, 0, 0, 0, 0, 0, 0, 1, 1, 0, 1, 1, 0, 2, 0, 0, 0, 1, 0, 0, 0, 0, 1, 0, 0, 2, 0, 2, 0, 0, 0, 0, 0, 0, 0, 0, 0, 0, 2, 2, 0, 2, 1, 2, 1, 4, 3, 6, 5, 3, 3, 2, 2, 4, 1, 163, 0, 0, 0, 0, 0, 0]",-1,-0.009796478706345467,-1,0
942,"[1, 1, 0, 0, 1, 1, 0, 1, 0, 1, 0, 0, 1, 0, 2, 0, 0, 0, 0, 0, 0, 0, 0, 0, 2, 0, 0, 0, 0, 0, 0, 0, 1, 1, 0, 1, 1, 0, 2, 0, 0, 0, 1, 0, 0, 0, 0, 1, 0, 0, 2, 0, 2, 0, 0, 0, 0, 0, 0, 0, 0, 0, 0, 2, 2, 0, 2, 1, 2, 1, 4, 3, 6, 5, 3, 3, 2, 2, 4, 1, 163, 0, 0, 0, 0, 0, 0]",0,0.40563338856497666,-1,0
943,"[1, 1, 0, 0, 1, 1, 0, 1, 0, 1, 0, 0, 1, 0, 2, 0, 0, 0, 0, 0, 0, 0, 0, 0, 2, 0, 0, 0, 0, 0, 0, 0, 1, 1, 0, 1, 1, 0, 2, 0, 0, 0, 1, 0, 0, 0, 0, 1, 0, 0, 2, 0, 2, 0, 0, 0, 0, 0, 0, 0, 0, 0, 0, 2, 2, 0, 2, 1, 2, 1, 4, 3, 6, 5, 3, 3, 2, 2, 4, 1, 163, 0, 0, 0, 0, 0, 0]",-1,-0.009796478706345467,-1,0
944,"[1, 1, 0, 0, 1, 1, 0, 1, 0, 1, 0, 0, 1, 0, 2, 0, 0, 0, 0, 0, 0, 0, 0, 0, 2, 0, 0, 0, 0, 0, 0, 0, 1, 1, 0, 1, 1, 0, 2, 0, 0, 0, 1, 0, 0, 0, 0, 1, 0, 0, 2, 0, 2, 0, 0, 0, 0, 0, 0, 0, 0, 0, 0, 2, 2, 0, 2, 1, 2, 1, 4, 3, 6, 5, 3, 3, 2, 2, 4, 1, 163, 0, 1, 0, 0, 0, 0]",2,0.5629145161414035,-1,0
945,"[1, 1, 0, 0, 1, 1, 0, 1, 0, 1, 0, 0, 1, 0, 2, 0, 0, 0, 0, 0, 0, 0, 0, 0, 2, 0, 0, 0, 0, 0, 0, 0, 1, 1, 0, 1, 1, 0, 2, 0, 0, 0, 1, 0, 0, 0, 0, 1, 0, 0, 2, 0, 2, 0, 0, 0, 0, 0, 0, 0, 0, 0, 0, 2, 2, 0, 2, 1, 2, 1, 4, 3, 6, 5, 3, 3, 2, 2, 4, 1, 163, 0, 1, 0, 0, 1, 0]","[[0 1 0 0]
 [0 0 0 1]]",0.8133393811994944,-1,0
946,"[1, 1, 0, 0, 1, 1, 0, 1, 0, 1, 0, 0, 1, 0, 2, 0, 0, 0, 0, 0, 0, 0, 0, 0, 2, 0, 0, 0, 0, 0, 0, 0, 1, 1, 0, 1, 1, 0, 2, 0, 0, 0, 1, 0, 0, 0, 0, 1, 0, 0, 2, 0, 2, 0, 0, 0, 0, 0, 0, 0, 0, 0, 0, 2, 2, 0, 2, 1, 2, 1, 4, 3, 6, 5, 3, 3, 2, 2, 4, 1, 163, 0, 0, 0, 0, 0, 0]",1,-7.385554712208131,-1,1
947,"[1, 1, 0, 0, 1, 1, 0, 1, 0, 1, 0, 0, 1, 0, 2, 0, 0, 0, 0, 0, 0, 0, 0, 0, 2, 0, 0, 0, 0, 0, 0, 0, 1, 1, 0, 1, 1, 0, 2, 0, 0, 0, 1, 0, 0, 0, 0, 1, 0, 0, 2, 0, 2, 0, 0, 0, 0, 0, 0, 0, 0, 0, 0, 2, 2, 0, 2, 1, 2, 1, 4, 3, 6, 5, 3, 3, 2, 2, 4, 1, 163, 0, 1, 0, 0, 0, 0]",2,0.5629145161414035,-1,0
948,"[1, 1, 0, 0, 1, 1, 0, 1, 0, 1, 0, 0, 1, 0, 2, 0, 0, 0, 0, 0, 0, 0, 0, 0, 2, 0, 0, 0, 0, 0, 0, 0, 1, 1, 0, 1, 1, 0, 2, 0, 0, 0, 1, 0, 0, 0, 0, 1, 0, 0, 2, 0, 2, 0, 0, 0, 0, 0, 0, 0, 0, 0, 0, 2, 2, 0, 2, 1, 2, 1, 4, 3, 6, 5, 3, 3, 2, 2, 4, 1, 163, 0, 1, 0, 0, 1, 0]","[[1 0 0 0]
 [0 0 0 1]]",0.8133393811994944,-1,0
949,"[0, 1, 0, 1, 2, 1, 0, 0, 0, 1, 0, 0, 1, 0, 2, 0, 0, 0, 0, 0, 0, 0, 0, 0, 2, 0, 0, 0, 0, 0, 0, 0, 1, 1, 0, 1, 1, 0, 2, 0, 0, 0, 1, 0, 0, 0, 0, 1, 0, 0, 2, 0, 2, 0, 0, 0, 0, 0, 0, 0, 0, 0, 0, 2, 2, 0, 2, 1, 2, 1, 4, 3, 6, 5, 3, 3, 2, 2, 4, 1, 163, 0, 0, 0, 0, 0, 0]",0,-0.03708548385859645,-1,1
950,"[0, 1, 0, 1, 2, 1, 0, 0, 0, 1, 0, 0, 1, 0, 2, 0, 0, 0, 0, 0, 0, 0, 0, 0, 2, 0, 0, 0, 0, 0, 0, 0, 1, 1, 0, 1, 1, 0, 2, 0, 0, 0, 1, 0, 0, 0, 0, 1, 0, 0, 2, 0, 2, 0, 0, 0, 0, 0, 0, 0, 0, 0, 0, 2, 2, 0, 2, 1, 2, 1, 4, 3, 6, 5, 3, 3, 2, 2, 4, 1, 163, 0, 0, 0, 0, 0, 0]",1,0.7725386312410203,-1,0
951,"[0, 1, 0, 1, 2, 1, 0, 0, 0, 1, 0, 0, 1, 0, 2, 0, 0, 0, 0, 0, 0, 0, 0, 0, 2, 0, 0, 0, 0, 0, 0, 0, 1, 1, 0, 1, 1, 0, 2, 0, 0, 0, 1, 0, 0, 0, 0, 1, 0, 0, 2, 0, 2, 0, 0, 0, 0, 0, 0, 0, 0, 0, 0, 2, 2, 0, 2, 1, 2, 1, 4, 3, 6, 5, 3, 3, 2, 2, 4, 1, 163, 0, 0, 0, 0, 0, 0]",-1,-0.009796478706345467,-1,0
952,"[0, 1, 0, 1, 2, 1, 0, 0, 0, 1, 0, 0, 1, 0, 2, 0, 0, 0, 0, 0, 0, 0, 0, 0, 2, 0, 0, 0, 0, 0, 0, 0, 1, 1, 0, 1, 1, 0, 2, 0, 0, 0, 1, 0, 0, 0, 0, 1, 0, 0, 2, 0, 2, 0, 0, 0, 0, 0, 0, 0, 0, 0, 0, 2, 2, 0, 2, 1, 2, 1, 4, 3, 6, 5, 3, 3, 2, 2, 4, 1, 163, 0, 0, 0, 0, 0, 0]",1,0.7725386312410203,-1,0
953,"[0, 1, 0, 1, 2, 1, 0, 0, 0, 1, 0, 0, 1, 0, 2, 0, 0, 0, 0, 0, 0, 0, 0, 0, 2, 0, 0, 0, 0, 0, 0, 0, 1, 1, 0, 1, 1, 0, 2, 0, 0, 0, 1, 0, 0, 0, 0, 1, 0, 0, 2, 0, 2, 0, 0, 0, 0, 0, 0, 0, 0, 0, 0, 2, 2, 0, 2, 1, 2, 1, 4, 3, 6, 5, 3, 3, 2, 2, 4, 1, 163, 0, 0, 0, 0, 0, 0]",-1,-0.009796478706345467,-1,0
954,"[0, 1, 0, 1, 2, 1, 0, 0, 0, 1, 0, 0, 1, 0, 2, 0, 0, 0, 0, 0, 0, 0, 0, 0, 2, 0, 0, 0, 0, 0, 0, 0, 1, 1, 0, 1, 1, 0, 2, 0, 0, 0, 1, 0, 0, 0, 0, 1, 0, 0, 2, 0, 2, 0, 0, 0, 0, 0, 0, 0, 0, 0, 0, 2, 2, 0, 2, 1, 2, 1, 4, 3, 6, 5, 3, 3, 2, 2, 4, 1, 163, 1, 0, 0, 0, 0, 0]",3,0.3629145161414036,-1,0
955,"[0, 1, 0, 1, 2, 1, 0, 0, 0, 1, 0, 0, 1, 0, 2, 0, 0, 0, 0, 0, 0, 0, 0, 0, 2, 0, 0, 0, 0, 0, 0, 0, 1, 1, 0, 1, 1, 0, 2, 0, 0, 0, 1, 0, 0, 0, 0, 1, 0, 0, 2, 0, 2, 0, 0, 0, 0, 0, 0, 0, 0, 0, 0, 2, 2, 0, 2, 1, 2, 1, 4, 3, 6, 5, 3, 3, 2, 2, 4, 1, 163, 0, 0, 0, 0, 0, 0]",-1,-0.009796478706345467,-1,0
956,"[0, 1, 0, 1, 2, 1, 0, 1, 0, 1, 0, 0, 1, 0, 2, 0, 0, 0, 0, 0, 0, 0, 0, 0, 2, 0, 0, 0, 0, 0, 0, 0, 1, 1, 0, 1, 1, 0, 2, 0, 0, 0, 1, 0, 0, 0, 0, 1, 0, 0, 2, 0, 2, 0, 0, 0, 0, 0, 0, 0, 0, 0, 0, 2, 2, 0, 2, 1, 2, 1, 4, 3, 6, 5, 3, 3, 2, 2, 4, 1, 164, 0, 0, 0, 0, 0, 0]",4,14.440747058994175,-1,0
957,"[0, 1, 0, 1, 2, 1, 0, 1, 0, 1, 0, 0, 1, 0, 2, 0, 0, 0, 0, 0, 0, 0, 0, 0, 2, 0, 0, 0, 0, 0, 0, 0, 1, 1, 0, 1, 1, 0, 2, 0, 0, 0, 1, 0, 0, 0, 0, 1, 0, 0, 2, 0, 2, 0, 0, 0, 0, 0, 0, 0, 0, 0, 0, 2, 2, 0, 2, 1, 2, 1, 4, 3, 6, 5, 3, 3, 2, 2, 4, 1, 164, 0, 0, 0, 0, 0, 0]",0,0.5473529488615593,-1,1
958,"[0, 1, 0, 1, 2, 1, 0, 1, 0, 1, 0, 0, 1, 0, 2, 0, 0, 0, 0, 0, 0, 0, 0, 0, 2, 0, 0, 0, 0, 0, 0, 0, 1, 1, 0, 1, 1, 0, 2, 0, 0, 0, 1, 0, 0, 0, 0, 1, 0, 0, 2, 0, 2, 0, 0, 0, 0, 0, 0, 0, 0, 0, 0, 2, 2, 0, 2, 1, 2, 1, 4, 3, 6, 5, 3, 3, 2, 2, 4, 1, 164, 0, 0, 0, 0, 0, 0]",-1,-0.009699002114544594,-1,1
959,"[0, 1, 0, 1, 2, 1, 0, 1, 0, 1, 0, 0, 1, 0, 2, 0, 0, 0, 0, 0, 0, 0, 0, 0, 2, 0, 0, 0, 0, 0, 0, 0, 1, 1, 0, 1, 1, 0, 2, 0, 0, 0, 1, 0, 0, 0, 0, 1, 0, 0, 2, 0, 2, 0, 0, 0, 0, 0, 0, 0, 0, 0, 0, 2, 2, 0, 2, 1, 2, 1, 4, 3, 6, 5, 3, 3, 2, 2, 4, 1, 165, 0, 0, 0, 0, 0, 0]",4,10.353603345314648,-1,1
960,"[0, 1, 0, 1, 2, 1, 0, 1, 0, 1, 0, 0, 1, 0, 2, 0, 0, 0, 0, 0, 0, 0, 0, 0, 2, 0, 0, 0, 0, 0, 0, 0, 1, 1, 0, 1, 1, 0, 2, 0, 0, 0, 1, 0, 0, 0, 0, 1, 0, 0, 2, 0, 2, 0, 0, 0, 0, 0, 0, 0, 0, 0, 0, 2, 2, 0, 2, 1, 2, 1, 4, 3, 6, 5, 3, 3, 2, 2, 4, 1, 165, 0, 1, 0, 0, 0, 0]",2,0.5604367777117163,-1,0
961,"[0, 1, 0, 1, 2, 1, 0, 1, 0, 1, 0, 0, 1, 0, 2, 0, 0, 0, 0, 0, 0, 0, 0, 0, 2, 0, 0, 0, 0, 0, 0, 0, 1, 1, 0, 1, 1, 0, 2, 0, 0, 0, 1, 0, 0, 0, 0, 1, 0, 0, 2, 0, 2, 0, 0, 0, 0, 0, 0, 0, 0, 0, 0, 2, 2, 0, 2, 1, 2, 1, 4, 3, 6, 5, 3, 3, 2, 2, 4, 1, 165, 0, 1, 0, 0, 1, 0]","[[0 0 0 1]
 [1 0 0 0]]",0.8108616427698072,-1,0
962,"[0, 1, 0, 1, 2, 1, 0, 1, 0, 1, 0, 0, 1, 0, 2, 0, 0, 0, 0, 0, 0, 0, 0, 0, 2, 0, 0, 0, 0, 0, 0, 0, 1, 1, 0, 1, 1, 0, 2, 0, 0, 0, 1, 0, 0, 0, 0, 1, 0, 0, 2, 0, 2, 0, 0, 0, 0, 0, 0, 0, 0, 0, 0, 2, 2, 0, 2, 1, 2, 1, 4, 3, 6, 5, 3, 3, 2, 2, 4, 1, 165, 0, 0, 0, 0, 0, 0]",1,-7.3880324506378185,-1,1
963,"[0, 1, 0, 1, 2, 1, 0, 1, 0, 1, 0, 0, 1, 0, 2, 0, 0, 0, 0, 0, 0, 0, 0, 0, 2, 0, 0, 0, 0, 0, 0, 0, 1, 1, 0, 1, 1, 0, 2, 0, 0, 0, 1, 0, 0, 0, 0, 1, 0, 0, 2, 0, 2, 0, 0, 0, 0, 0, 0, 0, 0, 0, 0, 2, 2, 0, 2, 1, 2, 1, 4, 3, 6, 5, 3, 3, 2, 2, 4, 1, 165, 0, 1, 0, 0, 0, 0]",2,0.5604367777117163,-1,0
964,"[0, 1, 0, 1, 2, 1, 0, 1, 0, 1, 0, 0, 1, 0, 2, 0, 0, 0, 0, 0, 0, 0, 0, 0, 2, 0, 0, 0, 0, 0, 0, 0, 1, 1, 0, 1, 1, 0, 2, 0, 0, 0, 1, 0, 0, 0, 0, 1, 0, 0, 2, 0, 2, 0, 0, 0, 0, 0, 0, 0, 0, 0, 0, 2, 2, 0, 2, 1, 2, 1, 4, 3, 6, 5, 3, 3, 2, 2, 4, 1, 165, 0, 1, 0, 0, 1, 0]","[[0 1 0 0]
 [1 0 0 0]]",0.8108616427698072,-1,0
965,"[1, 0, 0, 1, 1, 2, 0, 1, 0, 1, 0, 0, 1, 0, 2, 0, 0, 0, 0, 0, 0, 0, 0, 0, 2, 0, 0, 0, 0, 0, 0, 0, 1, 1, 0, 1, 1, 0, 2, 0, 0, 0, 1, 0, 0, 0, 0, 1, 0, 0, 2, 0, 2, 0, 0, 0, 0, 0, 0, 0, 0, 0, 0, 2, 2, 0, 2, 1, 2, 1, 4, 3, 6, 5, 3, 3, 2, 2, 4, 1, 165, 0, 0, 0, 0, 0, 0]",0,-0.03956322228828365,-1,1
966,"[1, 0, 0, 1, 1, 2, 0, 1, 0, 1, 0, 0, 1, 0, 2, 0, 0, 0, 0, 0, 0, 0, 0, 0, 2, 0, 0, 0, 0, 0, 0, 0, 1, 1, 0, 1, 1, 0, 2, 0, 0, 0, 1, 0, 0, 0, 0, 1, 0, 0, 2, 0, 2, 0, 0, 0, 0, 0, 0, 0, 0, 0, 0, 2, 2, 0, 2, 1, 2, 1, 4, 3, 6, 5, 3, 3, 2, 2, 4, 1, 165, 0, 1, 0, 0, 0, 0]",2,0.5604367777117163,-1,0
967,"[1, 0, 0, 1, 1, 2, 0, 1, 0, 1, 0, 0, 1, 0, 2, 0, 0, 0, 0, 0, 0, 0, 0, 0, 2, 0, 0, 0, 0, 0, 0, 0, 1, 1, 0, 1, 1, 0, 2, 0, 0, 0, 1, 0, 0, 0, 0, 1, 0, 0, 2, 0, 2, 0, 0, 0, 0, 0, 0, 0, 0, 0, 0, 2, 2, 0, 2, 1, 2, 1, 4, 3, 6, 5, 3, 3, 2, 2, 4, 1, 165, 0, 1, 0, 0, 1, 0]","[[1 0 0 0]
 [0 1 0 0]]",0.8108616427698072,-1,0
968,"[1, 0, 0, 1, 1, 2, 0, 1, 0, 1, 0, 0, 1, 0, 2, 0, 0, 0, 0, 0, 0, 0, 0, 0, 2, 0, 0, 0, 0, 0, 0, 0, 1, 1, 0, 1, 1, 0, 2, 0, 0, 0, 1, 0, 0, 0, 0, 1, 0, 0, 2, 0, 2, 0, 0, 0, 0, 0, 0, 0, 0, 0, 0, 2, 2, 0, 2, 1, 2, 1, 4, 3, 6, 5, 3, 3, 2, 2, 4, 1, 165, 0, 0, 0, 0, 0, 0]",1,-7.3880324506378185,-1,1
969,"[1, 0, 0, 1, 1, 2, 0, 1, 0, 1, 0, 0, 1, 0, 2, 0, 0, 0, 0, 0, 0, 0, 0, 0, 2, 0, 0, 0, 0, 0, 0, 0, 1, 1, 0, 1, 1, 0, 2, 0, 0, 0, 1, 0, 0, 0, 0, 1, 0, 0, 2, 0, 2, 0, 0, 0, 0, 0, 0, 0, 0, 0, 0, 2, 2, 0, 2, 1, 2, 1, 4, 3, 6, 5, 3, 3, 2, 2, 4, 1, 165, 1, 0, 0, 0, 0, 0]",3,0.3604367777117164,-1,0
970,"[1, 0, 0, 1, 1, 2, 0, 1, 0, 1, 0, 0, 1, 0, 2, 0, 0, 0, 0, 0, 0, 0, 0, 0, 2, 0, 0, 0, 0, 0, 0, 0, 1, 1, 0, 1, 1, 0, 2, 0, 0, 0, 1, 0, 0, 0, 0, 1, 0, 0, 2, 0, 2, 0, 0, 0, 0, 0, 0, 0, 0, 0, 0, 2, 2, 0, 2, 1, 2, 1, 4, 3, 6, 5, 3, 3, 2, 2, 4, 1, 165, 0, 0, 0, 0, 0, 0]",-1,-0.009602495431037705,-1,0
971,"[1, 0, 0, 1, 1, 2, 0, 1, 0, 1, 0, 0, 1, 0, 2, 0, 0, 0, 0, 0, 0, 0, 0, 0, 2, 0, 0, 0, 0, 0, 0, 0, 1, 1, 0, 1, 1, 0, 2, 0, 0, 0, 1, 0, 0, 0, 0, 1, 0, 0, 2, 0, 2, 0, 0, 0, 0, 0, 0, 0, 0, 0, 0, 2, 2, 0, 2, 1, 2, 1, 4, 3, 6, 5, 3, 3, 2, 2, 4, 1, 165, 0, 1, 0, 0, 0, 0]",2,0.5604367777117163,-1,0
972,"[1, 0, 0, 1, 1, 2, 0, 1, 0, 1, 0, 0, 1, 0, 2, 0, 0, 0, 0, 0, 0, 0, 0, 0, 2, 0, 0, 0, 0, 0, 0, 0, 1, 1, 0, 1, 1, 0, 2, 0, 0, 0, 1, 0, 0, 0, 0, 1, 0, 0, 2, 0, 2, 0, 0, 0, 0, 0, 0, 0, 0, 0, 0, 2, 2, 0, 2, 1, 2, 1, 4, 3, 6, 5, 3, 3, 2, 2, 4, 1, 165, 0, 1, 0, 0, 1, 0]","[[0 0 0 1]
 [0 1 0 0]]",0.8108616427698072,-1,0
973,"[1, 0, 0, 1, 1, 2, 0, 1, 0, 1, 0, 0, 1, 0, 2, 0, 0, 0, 0, 0, 0, 0, 0, 0, 2, 0, 0, 0, 0, 0, 0, 0, 1, 1, 0, 1, 1, 0, 2, 0, 0, 0, 1, 0, 0, 0, 0, 1, 0, 0, 2, 0, 2, 0, 0, 0, 0, 0, 0, 0, 0, 0, 0, 2, 2, 0, 2, 1, 2, 1, 4, 3, 6, 5, 3, 3, 2, 2, 4, 1, 165, 0, 0, 0, 0, 0, 0]",1,-7.3880324506378185,-1,1
974,"[1, 0, 0, 1, 3, 2, 0, 1, 0, 1, 0, 0, 1, 0, 2, 0, 0, 0, 0, 0, 0, 0, 0, 0, 2, 0, 0, 0, 0, 0, 0, 0, 1, 1, 0, 1, 1, 0, 2, 0, 0, 0, 1, 0, 0, 0, 0, 1, 0, 0, 2, 0, 2, 0, 0, 0, 0, 0, 0, 0, 0, 0, 0, 2, 2, 0, 2, 1, 2, 1, 4, 3, 6, 5, 3, 3, 2, 2, 4, 1, 166, 0, 0, 0, 0, 0, 0]",4,14.437820101699034,-1,0
975,"[1, 0, 0, 1, 3, 2, 0, 1, 0, 1, 0, 0, 1, 0, 2, 0, 0, 0, 0, 0, 0, 0, 0, 0, 2, 0, 0, 0, 0, 0, 0, 0, 1, 1, 0, 1, 1, 0, 2, 0, 0, 0, 1, 0, 0, 0, 0, 1, 0, 0, 2, 0, 2, 0, 0, 0, 0, 0, 0, 0, 0, 0, 0, 2, 2, 0, 2, 1, 2, 1, 4, 3, 6, 5, 3, 3, 2, 2, 4, 1, 166, 0, 0, 0, 0, 0, 0]",-1,-0.009506949005076025,-1,1
976,"[1, 0, 0, 1, 3, 2, 0, 1, 0, 1, 0, 0, 1, 0, 2, 0, 0, 0, 0, 0, 0, 0, 0, 0, 2, 0, 0, 0, 0, 0, 0, 0, 1, 1, 0, 1, 1, 0, 2, 0, 0, 0, 1, 0, 0, 0, 0, 1, 0, 0, 2, 0, 2, 0, 0, 0, 0, 0, 0, 0, 0, 0, 0, 2, 2, 0, 2, 1, 2, 1, 4, 3, 6, 5, 3, 3, 2, 2, 4, 1, 166, 1, 0, 0, 0, 0, 0]",3,0.3591519395431817,-1,0
977,"[1, 0, 0, 1, 3, 2, 0, 1, 0, 1, 0, 0, 1, 0, 2, 0, 0, 0, 0, 0, 0, 0, 0, 0, 2, 0, 0, 0, 0, 0, 0, 0, 1, 1, 0, 1, 1, 0, 2, 0, 0, 0, 1, 0, 0, 0, 0, 1, 0, 0, 2, 0, 2, 0, 0, 0, 0, 0, 0, 0, 0, 0, 0, 2, 2, 0, 2, 1, 2, 1, 4, 3, 6, 5, 3, 3, 2, 2, 4, 1, 166, 0, 0, 0, 0, 0, 0]",-1,-0.009506949005076025,-1,0
978,"[1, 0, 0, 1, 3, 2, 0, 1, 0, 1, 0, 0, 1, 0, 2, 0, 0, 0, 0, 0, 0, 0, 0, 0, 2, 0, 0, 0, 0, 0, 0, 0, 1, 1, 0, 1, 1, 0, 2, 0, 0, 0, 1, 0, 0, 0, 0, 1, 0, 0, 2, 0, 2, 0, 0, 0, 0, 0, 0, 0, 0, 0, 0, 2, 2, 0, 2, 1, 2, 1, 4, 3, 6, 5, 3, 3, 2, 2, 4, 1, 167, 0, 0, 0, 0, 0, 0]",4,14.43631341060838,-1,0
979,"[2, 0, 0, 1, 3, 3, 0, 1, 0, 1, 0, 0, 1, 0, 2, 0, 0, 0, 0, 0, 0, 0, 0, 0, 2, 0, 0, 0, 0, 0, 0, 0, 1, 1, 0, 1, 1, 0, 2, 0, 0, 0, 1, 0, 0, 0, 0, 1, 0, 0, 2, 0, 2, 0, 0, 0, 0, 0, 0, 0, 0, 0, 0, 2, 2, 0, 2, 1, 2, 1, 4, 3, 6, 5, 3, 3, 2, 2, 4, 1, 168, 0, 0, 0, 0, 0, 0]",4,10.062273232542653,-1,1
980,"[2, 0, 0, 1, 3, 3, 0, 1, 0, 1, 0, 0, 1, 0, 2, 0, 0, 0, 0, 0, 0, 0, 0, 0, 2, 0, 0, 0, 0, 0, 0, 0, 1, 1, 0, 1, 1, 0, 2, 0, 0, 0, 1, 0, 0, 0, 0, 1, 0, 0, 2, 0, 2, 0, 0, 0, 0, 0, 0, 0, 0, 0, 0, 2, 2, 0, 2, 1, 2, 1, 4, 3, 6, 5, 3, 3, 2, 2, 4, 1, 168, 0, 1, 0, 0, 0, 0]",2,0.5564899552846225,-1,0
981,"[2, 0, 0, 1, 3, 3, 0, 1, 0, 1, 0, 0, 1, 0, 2, 0, 0, 0, 0, 0, 0, 0, 0, 0, 2, 0, 0, 0, 0, 0, 0, 0, 1, 1, 0, 1, 1, 0, 2, 0, 0, 0, 1, 0, 0, 0, 0, 1, 0, 0, 2, 0, 2, 0, 0, 0, 0, 0, 0, 0, 0, 0, 0, 2, 2, 0, 2, 1, 2, 1, 4, 3, 6, 5, 3, 3, 2, 2, 4, 1, 168, 0, 1, 0, 0, 1, 0]","[[0 0 0 1]
 [0 1 0 0]]",0.8069148203427134,-1,0
982,"[2, 0, 0, 1, 3, 3, 0, 1, 0, 1, 0, 0, 1, 0, 2, 0, 0, 0, 0, 0, 0, 0, 0, 0, 2, 0, 0, 0, 0, 0, 0, 0, 1, 1, 0, 1, 1, 0, 2, 0, 0, 0, 1, 0, 0, 0, 0, 1, 0, 0, 2, 0, 2, 0, 0, 0, 0, 0, 0, 0, 0, 0, 0, 2, 2, 0, 2, 1, 2, 1, 4, 3, 6, 5, 3, 3, 2, 2, 4, 1, 168, 0, 1, 0, 0, 0, 1]",2,-0.0435100447153775,-1,1
983,"[2, 0, 0, 1, 3, 3, 0, 1, 0, 1, 0, 0, 1, 0, 2, 0, 0, 0, 0, 0, 0, 0, 0, 0, 2, 0, 0, 0, 0, 0, 0, 0, 1, 1, 0, 1, 1, 0, 2, 0, 0, 0, 1, 0, 0, 0, 0, 1, 0, 0, 2, 0, 2, 0, 0, 0, 0, 0, 0, 0, 0, 0, 0, 2, 2, 0, 2, 1, 2, 1, 4, 3, 6, 5, 3, 3, 2, 2, 4, 1, 168, 0, 0, 1, 0, 0, 0]","[[1 1 0 0]
 [1 0 0 1]]",-0.0435100447153775,-1,1
984,"[2, 1, 0, 0, 3, 2, 0, 2, 0, 1, 0, 0, 1, 0, 2, 0, 0, 0, 0, 0, 0, 0, 0, 0, 2, 0, 0, 0, 0, 0, 0, 0, 1, 1, 0, 1, 1, 0, 2, 0, 0, 0, 1, 0, 0, 0, 0, 1, 0, 0, 2, 0, 2, 0, 0, 0, 0, 0, 0, 0, 0, 0, 0, 2, 2, 0, 2, 1, 2, 1, 4, 3, 6, 5, 3, 3, 2, 2, 4, 1, 168, 0, 0, 0, 0, 0, 0]",0,-0.0435100447153775,-1,0
985,"[2, 1, 0, 0, 3, 2, 0, 2, 0, 1, 0, 0, 1, 0, 2, 0, 0, 0, 0, 0, 0, 0, 0, 0, 2, 0, 0, 0, 0, 0, 0, 0, 1, 1, 0, 1, 1, 0, 2, 0, 0, 0, 1, 0, 0, 0, 0, 1, 0, 0, 2, 0, 2, 0, 0, 0, 0, 0, 0, 0, 0, 0, 0, 2, 2, 0, 2, 1, 2, 1, 4, 3, 6, 5, 3, 3, 2, 2, 4, 1, 168, 0, 0, 0, 0, 0, 0]",0,0.3992088277081956,-1,0
986,"[2, 1, 0, 0, 3, 2, 0, 2, 0, 1, 0, 0, 1, 0, 2, 0, 0, 0, 0, 0, 0, 0, 0, 0, 2, 0, 0, 0, 0, 0, 0, 0, 1, 1, 0, 1, 1, 0, 2, 0, 0, 0, 1, 0, 0, 0, 0, 1, 0, 0, 2, 0, 2, 0, 0, 0, 0, 0, 0, 0, 0, 0, 0, 2, 2, 0, 2, 1, 2, 1, 4, 3, 6, 5, 3, 3, 2, 2, 4, 1, 168, 0, 0, 0, 0, 0, 0]",-1,-0.009318698801970499,-1,0
987,"[2, 1, 0, 0, 3, 2, 0, 2, 0, 1, 0, 0, 1, 0, 2, 0, 0, 0, 0, 0, 0, 0, 0, 0, 2, 0, 0, 0, 0, 0, 0, 0, 1, 1, 0, 1, 1, 0, 2, 0, 0, 0, 1, 0, 0, 0, 0, 1, 0, 0, 2, 0, 2, 0, 0, 0, 0, 0, 0, 0, 0, 0, 0, 2, 2, 0, 2, 1, 2, 1, 4, 3, 6, 5, 3, 3, 2, 2, 4, 1, 168, 0, 0, 0, 0, 0, 0]",0,0.3992088277081956,-1,0
988,"[2, 1, 0, 0, 3, 2, 0, 2, 0, 1, 0, 0, 1, 0, 2, 0, 0, 0, 0, 0, 0, 0, 0, 0, 2, 0, 0, 0, 0, 0, 0, 0, 1, 1, 0, 1, 1, 0, 2, 0, 0, 0, 1, 0, 0, 0, 0, 1, 0, 0, 2, 0, 2, 0, 0, 0, 0, 0, 0, 0, 0, 0, 0, 2, 2, 0, 2, 1, 2, 1, 4, 3, 6, 5, 3, 3, 2, 2, 4, 1, 168, 0, 0, 0, 0, 0, 0]",-1,-0.009318698801970499,-1,0
989,"[2, 1, 0, 0, 3, 2, 0, 2, 0, 1, 0, 0, 1, 0, 2, 0, 0, 0, 0, 0, 0, 0, 0, 0, 2, 0, 0, 0, 0, 0, 0, 0, 1, 1, 0, 1, 1, 0, 2, 0, 0, 0, 1, 0, 0, 0, 0, 1, 0, 0, 2, 0, 2, 0, 0, 0, 0, 0, 0, 0, 0, 0, 0, 2, 2, 0, 2, 1, 2, 1, 4, 3, 6, 5, 3, 3, 2, 2, 4, 1, 168, 0, 0, 0, 0, 0, 0]",0,0.3992088277081956,-1,0
990,"[2, 1, 0, 0, 3, 2, 0, 2, 0, 1, 0, 0, 1, 0, 2, 0, 0, 0, 0, 0, 0, 0, 0, 0, 2, 0, 0, 0, 0, 0, 0, 0, 1, 1, 0, 1, 1, 0, 2, 0, 0, 0, 1, 0, 0, 0, 0, 1, 0, 0, 2, 0, 2, 0, 0, 0, 0, 0, 0, 0, 0, 0, 0, 2, 2, 0, 2, 1, 2, 1, 4, 3, 6, 5, 3, 3, 2, 2, 4, 1, 168, 0, 0, 0, 0, 0, 0]",-1,-0.009318698801970499,-1,0
991,"[2, 1, 0, 0, 3, 2, 0, 2, 0, 1, 0, 0, 1, 0, 2, 0, 0, 0, 0, 0, 0, 0, 0, 0, 2, 0, 0, 0, 0, 0, 0, 0, 1, 1, 0, 1, 1, 0, 2, 0, 0, 0, 1, 0, 0, 0, 0, 1, 0, 0, 2, 0, 2, 0, 0, 0, 0, 0, 0, 0, 0, 0, 0, 2, 2, 0, 2, 1, 2, 1, 4, 3, 6, 5, 3, 3, 2, 2, 4, 1, 168, 0, 0, 0, 0, 0, 0]",0,0.3992088277081956,-1,0
992,"[2, 1, 0, 0, 3, 2, 0, 2, 0, 1, 0, 0, 1, 0, 2, 0, 0, 0, 0, 0, 0, 0, 0, 0, 2, 0, 0, 0, 0, 0, 0, 0, 1, 1, 0, 1, 1, 0, 2, 0, 0, 0, 1, 0, 0, 0, 0, 1, 0, 0, 2, 0, 2, 0, 0, 0, 0, 0, 0, 0, 0, 0, 0, 2, 2, 0, 2, 1, 2, 1, 4, 3, 6, 5, 3, 3, 2, 2, 4, 1, 168, 0, 0, 0, 0, 0, 0]",-1,-0.009318698801970499,-1,0
993,"[2, 1, 0, 0, 3, 2, 0, 2, 0, 1, 0, 0, 1, 0, 2, 0, 0, 0, 0, 0, 0, 0, 0, 0, 2, 0, 0, 0, 0, 0, 0, 0, 1, 1, 0, 1, 1, 0, 2, 0, 0, 0, 1, 0, 0, 0, 0, 1, 0, 0, 2, 0, 2, 0, 0, 0, 0, 0, 0, 0, 0, 0, 0, 2, 2, 0, 2, 1, 2, 1, 4, 3, 6, 5, 3, 3, 2, 2, 4, 1, 168, 0, 0, 0, 0, 0, 0]",0,0.3992088277081956,-1,0
994,"[2, 1, 0, 0, 3, 2, 0, 2, 0, 1, 0, 0, 1, 0, 2, 0, 0, 0, 0, 0, 0, 0, 0, 0, 2, 0, 0, 0, 0, 0, 0, 0, 1, 1, 0, 1, 1, 0, 2, 0, 0, 0, 1, 0, 0, 0, 0, 1, 0, 0, 2, 0, 2, 0, 0, 0, 0, 0, 0, 0, 0, 0, 0, 2, 2, 0, 2, 1, 2, 1, 4, 3, 6, 5, 3, 3, 2, 2, 4, 1, 168, 0, 0, 0, 0, 0, 0]",-1,-0.009318698801970499,-1,0
995,"[2, 1, 0, 0, 3, 2, 0, 2, 0, 1, 0, 0, 1, 0, 2, 0, 0, 0, 0, 0, 0, 0, 0, 0, 2, 0, 0, 0, 0, 0, 0, 0, 1, 1, 0, 1, 1, 0, 2, 0, 0, 0, 1, 0, 0, 0, 0, 1, 0, 0, 2, 0, 2, 0, 0, 0, 0, 0, 0, 0, 0, 0, 0, 2, 2, 0, 2, 1, 2, 1, 4, 3, 6, 5, 3, 3, 2, 2, 4, 1, 168, 0, 0, 0, 0, 0, 0]",0,0.3992088277081956,-1,0
996,"[2, 1, 0, 0, 3, 2, 0, 2, 0, 1, 0, 0, 1, 0, 2, 0, 0, 0, 0, 0, 0, 0, 0, 0, 2, 0, 0, 0, 0, 0, 0, 0, 1, 1, 0, 1, 1, 0, 2, 0, 0, 0, 1, 0, 0, 0, 0, 1, 0, 0, 2, 0, 2, 0, 0, 0, 0, 0, 0, 0, 0, 0, 0, 2, 2, 0, 2, 1, 2, 1, 4, 3, 6, 5, 3, 3, 2, 2, 4, 1, 168, 0, 0, 0, 0, 0, 0]",-1,-0.009318698801970499,-1,0
997,"[2, 1, 0, 0, 3, 2, 0, 2, 0, 1, 0, 0, 1, 0, 2, 0, 0, 0, 0, 0, 0, 0, 0, 0, 2, 0, 0, 0, 0, 0, 0, 0, 1, 1, 0, 1, 1, 0, 2, 0, 0, 0, 1, 0, 0, 0, 0, 1, 0, 0, 2, 0, 2, 0, 0, 0, 0, 0, 0, 0, 0, 0, 0, 2, 2, 0, 2, 1, 2, 1, 4, 3, 6, 5, 3, 3, 2, 2, 4, 1, 168, 0, 0, 0, 0, 0, 0]",0,0.3992088277081956,-1,0
998,"[2, 1, 0, 0, 3, 2, 0, 2, 0, 1, 0, 0, 1, 0, 2, 0, 0, 0, 0, 0, 0, 0, 0, 0, 2, 0, 0, 0, 0, 0, 0, 0, 1, 1, 0, 1, 1, 0, 2, 0, 0, 0, 1, 0, 0, 0, 0, 1, 0, 0, 2, 0, 2, 0, 0, 0, 0, 0, 0, 0, 0, 0, 0, 2, 2, 0, 2, 1, 2, 1, 4, 3, 6, 5, 3, 3, 2, 2, 4, 1, 168, 0, 0, 0, 0, 0, 0]",-1,-0.009318698801970499,-1,0
999,"[2, 1, 0, 0, 3, 2, 0, 2, 0, 1, 0, 0, 1, 0, 2, 0, 0, 0, 0, 0, 0, 0, 0, 0, 2, 0, 0, 0, 0, 0, 0, 0, 1, 1, 0, 1, 1, 0, 2, 0, 0, 0, 1, 0, 0, 0, 0, 1, 0, 0, 2, 0, 2, 0, 0, 0, 0, 0, 0, 0, 0, 0, 0, 2, 2, 0, 2, 1, 2, 1, 4, 3, 6, 5, 3, 3, 2, 2, 4, 1, 168, 0, 0, 0, 0, 0, 0]",0,0.3992088277081956,-1,0
1000,"[2, 1, 0, 0, 3, 2, 0, 2, 0, 1, 0, 0, 1, 0, 2, 0, 0, 0, 0, 0, 0, 0, 0, 0, 2, 0, 0, 0, 0, 0, 0, 0, 1, 1, 0, 1, 1, 0, 2, 0, 0, 0, 1, 0, 0, 0, 0, 1, 0, 0, 2, 0, 2, 0, 0, 0, 0, 0, 0, 0, 0, 0, 0, 2, 2, 0, 2, 1, 2, 1, 4, 3, 6, 5, 3, 3, 2, 2, 4, 1, 168, 0, 0, 0, 0, 0, 0]",-1,-0.009318698801970499,-1,0
1001,"[2, 1, 0, 0, 3, 2, 0, 2, 0, 1, 0, 0, 1, 0, 2, 0, 0, 0, 0, 0, 0, 0, 0, 0, 2, 0, 0, 0, 0, 0, 0, 0, 1, 1, 0, 1, 1, 0, 2, 0, 0, 0, 1, 0, 0, 0, 0, 1, 0, 0, 2, 0, 2, 0, 0, 0, 0, 0, 0, 0, 0, 0, 0, 2, 2, 0, 2, 1, 2, 1, 4, 3, 6, 5, 3, 3, 2, 2, 4, 1, 168, 1, 0, 0, 0, 0, 0]",3,0.3564899552846225,-1,0
1002,"[0, 1, 0, 1, 3, 2, 0, 2, 0, 1, 0, 0, 1, 0, 2, 0, 0, 0, 0, 0, 0, 0, 0, 0, 2, 0, 0, 0, 0, 0, 0, 0, 1, 1, 0, 1, 1, 0, 2, 0, 0, 0, 1, 0, 0, 0, 0, 1, 0, 0, 2, 0, 2, 0, 0, 0, 0, 0, 0, 0, 0, 0, 0, 2, 2, 0, 2, 1, 2, 1, 4, 3, 6, 5, 3, 3, 2, 2, 4, 1, 168, 0, 0, 0, 0, 0, 0]","[[2 0 0 0]
 [0 0 0 1]]",-0.04205236280433645,-1,0
1003,"[0, 1, 0, 1, 3, 2, 0, 2, 0, 1, 0, 0, 1, 0, 2, 0, 0, 0, 0, 0, 0, 0, 0, 0, 2, 0, 0, 0, 0, 0, 0, 0, 1, 1, 0, 1, 1, 0, 2, 0, 0, 0, 1, 0, 0, 0, 0, 1, 0, 0, 2, 0, 2, 0, 0, 0, 0, 0, 0, 0, 0, 0, 0, 2, 2, 0, 2, 1, 2, 1, 4, 3, 6, 5, 3, 3, 2, 2, 4, 1, 168, 1, 0, 0, 0, 0, 0]",3,0.3564899552846225,-1,0
1004,"[0, 1, 0, 1, 3, 2, 0, 2, 0, 1, 0, 0, 1, 0, 2, 0, 0, 0, 0, 0, 0, 0, 0, 0, 2, 0, 0, 0, 0, 0, 0, 0, 1, 1, 0, 1, 1, 0, 2, 0, 0, 0, 1, 0, 0, 0, 0, 1, 0, 0, 2, 0, 2, 0, 0, 0, 0, 0, 0, 0, 0, 0, 0, 2, 2, 0, 2, 1, 2, 1, 4, 3, 6, 5, 3, 3, 2, 2, 4, 1, 168, 0, 0, 0, 0, 0, 0]",-1,-0.009318698801970499,-1,0
1005,"[0, 1, 0, 1, 3, 2, 0, 2, 0, 1, 0, 0, 1, 0, 2, 0, 0, 0, 0, 0, 0, 0, 0, 0, 2, 0, 0, 0, 0, 0, 0, 0, 1, 1, 0, 1, 1, 0, 2, 0, 0, 0, 1, 0, 0, 0, 0, 1, 0, 0, 2, 0, 2, 0, 0, 0, 0, 0, 0, 0, 0, 0, 0, 2, 2, 0, 2, 1, 2, 1, 4, 3, 6, 5, 3, 3, 2, 2, 4, 1, 168, 1, 0, 0, 0, 0, 0]",3,0.3564899552846225,-1,0
1006,"[0, 1, 0, 1, 3, 2, 0, 2, 0, 1, 0, 0, 1, 0, 2, 0, 0, 0, 0, 0, 0, 0, 0, 0, 2, 0, 0, 0, 0, 0, 0, 0, 1, 1, 0, 1, 1, 0, 2, 0, 0, 0, 1, 0, 0, 0, 0, 1, 0, 0, 2, 0, 2, 0, 0, 0, 0, 0, 0, 0, 0, 0, 0, 2, 2, 0, 2, 1, 2, 1, 4, 3, 6, 5, 3, 3, 2, 2, 4, 1, 168, 0, 0, 0, 0, 0, 0]",-1,-0.009318698801970499,-1,0
1007,"[0, 1, 0, 1, 3, 2, 0, 2, 0, 1, 0, 0, 1, 0, 2, 0, 0, 0, 0, 0, 0, 0, 0, 0, 2, 0, 0, 0, 0, 0, 0, 0, 1, 1, 0, 1, 1, 0, 2, 0, 0, 0, 1, 0, 0, 0, 0, 1, 0, 0, 2, 0, 2, 0, 0, 0, 0, 0, 0, 0, 0, 0, 0, 2, 2, 0, 2, 1, 2, 1, 4, 3, 6, 5, 3, 3, 2, 2, 4, 1, 168, 0, 1, 0, 0, 0, 0]",2,0.5564899552846225,-1,0
1008,"[0, 1, 0, 1, 3, 2, 0, 2, 0, 1, 0, 0, 1, 0, 2, 0, 0, 0, 0, 0, 0, 0, 0, 0, 2, 0, 0, 0, 0, 0, 0, 0, 1, 1, 0, 1, 1, 0, 2, 0, 0, 0, 1, 0, 0, 0, 0, 1, 0, 0, 2, 0, 2, 0, 0, 0, 0, 0, 0, 0, 0, 0, 0, 2, 2, 0, 2, 1, 2, 1, 4, 3, 6, 5, 3, 3, 2, 2, 4, 1, 168, 0, 1, 0, 0, 1, 0]","[[0 0 0 1]
 [1 0 0 0]]",0.8069148203427134,-1,0
1009,"[1, 1, 0, 0, 2, 2, 0, 3, 0, 1, 0, 0, 1, 0, 2, 0, 0, 0, 0, 0, 0, 0, 0, 0, 2, 0, 0, 0, 0, 0, 0, 0, 1, 1, 0, 1, 1, 0, 2, 0, 0, 0, 1, 0, 0, 0, 0, 1, 0, 0, 2, 0, 2, 0, 0, 0, 0, 0, 0, 0, 0, 0, 0, 2, 2, 0, 2, 1, 2, 1, 4, 3, 6, 5, 3, 3, 2, 2, 4, 1, 168, 0, 0, 0, 0, 0, 0]",0,-0.0435100447153775,-1,1
1010,"[1, 1, 0, 0, 2, 2, 0, 3, 0, 1, 0, 0, 1, 0, 2, 0, 0, 0, 0, 0, 0, 0, 0, 0, 2, 0, 0, 0, 0, 0, 0, 0, 1, 1, 0, 1, 1, 0, 2, 0, 0, 0, 1, 0, 0, 0, 0, 1, 0, 0, 2, 0, 2, 0, 0, 0, 0, 0, 0, 0, 0, 0, 0, 2, 2, 0, 2, 1, 2, 1, 4, 3, 6, 5, 3, 3, 2, 2, 4, 1, 168, 0, 0, 0, 0, 0, 0]",0,0.3992088277081956,-1,0
1011,"[1, 1, 0, 0, 2, 2, 0, 3, 0, 1, 0, 0, 1, 0, 2, 0, 0, 0, 0, 0, 0, 0, 0, 0, 2, 0, 0, 0, 0, 0, 0, 0, 1, 1, 0, 1, 1, 0, 2, 0, 0, 0, 1, 0, 0, 0, 0, 1, 0, 0, 2, 0, 2, 0, 0, 0, 0, 0, 0, 0, 0, 0, 0, 2, 2, 0, 2, 1, 2, 1, 4, 3, 6, 5, 3, 3, 2, 2, 4, 1, 168, 0, 0, 0, 0, 0, 0]",-1,-0.009318698801970499,-1,0
1012,"[1, 1, 0, 0, 2, 2, 0, 3, 0, 1, 0, 0, 1, 0, 2, 0, 0, 0, 0, 0, 0, 0, 0, 0, 2, 0, 0, 0, 0, 0, 0, 0, 1, 1, 0, 1, 1, 0, 2, 0, 0, 0, 1, 0, 0, 0, 0, 1, 0, 0, 2, 0, 2, 0, 0, 0, 0, 0, 0, 0, 0, 0, 0, 2, 2, 0, 2, 1, 2, 1, 4, 3, 6, 5, 3, 3, 2, 2, 4, 1, 168, 0, 0, 0, 0, 0, 0]",0,0.3992088277081956,-1,0
1013,"[1, 1, 0, 0, 2, 2, 0, 3, 0, 1, 0, 0, 1, 0, 2, 0, 0, 0, 0, 0, 0, 0, 0, 0, 2, 0, 0, 0, 0, 0, 0, 0, 1, 1, 0, 1, 1, 0, 2, 0, 0, 0, 1, 0, 0, 0, 0, 1, 0, 0, 2, 0, 2, 0, 0, 0, 0, 0, 0, 0, 0, 0, 0, 2, 2, 0, 2, 1, 2, 1, 4, 3, 6, 5, 3, 3, 2, 2, 4, 1, 168, 0, 0, 0, 0, 0, 0]",-1,-0.009318698801970499,-1,0
1014,"[1, 1, 0, 0, 2, 2, 0, 3, 0, 1, 0, 0, 1, 0, 2, 0, 0, 0, 0, 0, 0, 0, 0, 0, 2, 0, 0, 0, 0, 0, 0, 0, 1, 1, 0, 1, 1, 0, 2, 0, 0, 0, 1, 0, 0, 0, 0, 1, 0, 0, 2, 0, 2, 0, 0, 0, 0, 0, 0, 0, 0, 0, 0, 2, 2, 0, 2, 1, 2, 1, 4, 3, 6, 5, 3, 3, 2, 2, 4, 1, 168, 0, 0, 0, 0, 0, 0]",0,0.3992088277081956,-1,0
1015,"[1, 1, 0, 0, 2, 2, 0, 3, 0, 1, 0, 0, 1, 0, 2, 0, 0, 0, 0, 0, 0, 0, 0, 0, 2, 0, 0, 0, 0, 0, 0, 0, 1, 1, 0, 1, 1, 0, 2, 0, 0, 0, 1, 0, 0, 0, 0, 1, 0, 0, 2, 0, 2, 0, 0, 0, 0, 0, 0, 0, 0, 0, 0, 2, 2, 0, 2, 1, 2, 1, 4, 3, 6, 5, 3, 3, 2, 2, 4, 1, 168, 0, 0, 0, 0, 0, 0]",-1,-0.009318698801970499,-1,0
1016,"[1, 1, 0, 0, 2, 2, 0, 3, 0, 1, 0, 0, 1, 0, 2, 0, 0, 0, 0, 0, 0, 0, 0, 0, 2, 0, 0, 0, 0, 0, 0, 0, 1, 1, 0, 1, 1, 0, 2, 0, 0, 0, 1, 0, 0, 0, 0, 1, 0, 0, 2, 0, 2, 0, 0, 0, 0, 0, 0, 0, 0, 0, 0, 2, 2, 0, 2, 1, 2, 1, 4, 3, 6, 5, 3, 3, 2, 2, 4, 1, 168, 0, 0, 0, 0, 0, 0]",0,0.3992088277081956,-1,0
1017,"[1, 1, 0, 0, 2, 2, 0, 3, 0, 1, 0, 0, 1, 0, 2, 0, 0, 0, 0, 0, 0, 0, 0, 0, 2, 0, 0, 0, 0, 0, 0, 0, 1, 1, 0, 1, 1, 0, 2, 0, 0, 0, 1, 0, 0, 0, 0, 1, 0, 0, 2, 0, 2, 0, 0, 0, 0, 0, 0, 0, 0, 0, 0, 2, 2, 0, 2, 1, 2, 1, 4, 3, 6, 5, 3, 3, 2, 2, 4, 1, 168, 0, 0, 0, 0, 0, 0]",-1,-0.009318698801970499,-1,0
1018,"[1, 1, 0, 0, 2, 2, 0, 3, 0, 1, 0, 0, 1, 0, 2, 0, 0, 0, 0, 0, 0, 0, 0, 0, 2, 0, 0, 0, 0, 0, 0, 0, 1, 1, 0, 1, 1, 0, 2, 0, 0, 0, 1, 0, 0, 0, 0, 1, 0, 0, 2, 0, 2, 0, 0, 0, 0, 0, 0, 0, 0, 0, 0, 2, 2, 0, 2, 1, 2, 1, 4, 3, 6, 5, 3, 3, 2, 2, 4, 1, 168, 0, 0, 0, 0, 0, 0]",0,0.3992088277081956,-1,0
1019,"[1, 1, 0, 0, 2, 2, 0, 3, 0, 1, 0, 0, 1, 0, 2, 0, 0, 0, 0, 0, 0, 0, 0, 0, 2, 0, 0, 0, 0, 0, 0, 0, 1, 1, 0, 1, 1, 0, 2, 0, 0, 0, 1, 0, 0, 0, 0, 1, 0, 0, 2, 0, 2, 0, 0, 0, 0, 0, 0, 0, 0, 0, 0, 2, 2, 0, 2, 1, 2, 1, 4, 3, 6, 5, 3, 3, 2, 2, 4, 1, 168, 0, 0, 0, 0, 0, 0]",-1,-0.009318698801970499,-1,0
1020,"[1, 1, 0, 0, 2, 2, 0, 3, 0, 1, 0, 0, 1, 0, 2, 0, 0, 0, 0, 0, 0, 0, 0, 0, 2, 0, 0, 0, 0, 0, 0, 0, 1, 1, 0, 1, 1, 0, 2, 0, 0, 0, 1, 0, 0, 0, 0, 1, 0, 0, 2, 0, 2, 0, 0, 0, 0, 0, 0, 0, 0, 0, 0, 2, 2, 0, 2, 1, 2, 1, 4, 3, 6, 5, 3, 3, 2, 2, 4, 1, 168, 0, 0, 0, 0, 0, 0]",0,0.3992088277081956,-1,0
1021,"[1, 1, 0, 0, 2, 2, 0, 3, 0, 1, 0, 0, 1, 0, 2, 0, 0, 0, 0, 0, 0, 0, 0, 0, 2, 0, 0, 0, 0, 0, 0, 0, 1, 1, 0, 1, 1, 0, 2, 0, 0, 0, 1, 0, 0, 0, 0, 1, 0, 0, 2, 0, 2, 0, 0, 0, 0, 0, 0, 0, 0, 0, 0, 2, 2, 0, 2, 1, 2, 1, 4, 3, 6, 5, 3, 3, 2, 2, 4, 1, 168, 0, 0, 0, 0, 0, 0]",-1,-0.009318698801970499,-1,0
1022,"[1, 1, 0, 0, 2, 2, 0, 3, 0, 1, 0, 0, 1, 0, 2, 0, 0, 0, 0, 0, 0, 0, 0, 0, 2, 0, 0, 0, 0, 0, 0, 0, 1, 1, 0, 1, 1, 0, 2, 0, 0, 0, 1, 0, 0, 0, 0, 1, 0, 0, 2, 0, 2, 0, 0, 0, 0, 0, 0, 0, 0, 0, 0, 2, 2, 0, 2, 1, 2, 1, 4, 3, 6, 5, 3, 3, 2, 2, 4, 1, 168, 0, 0, 0, 0, 0, 0]",0,0.3992088277081956,-1,0
1023,"[1, 1, 0, 0, 2, 2, 0, 3, 0, 1, 0, 0, 1, 0, 2, 0, 0, 0, 0, 0, 0, 0, 0, 0, 2, 0, 0, 0, 0, 0, 0, 0, 1, 1, 0, 1, 1, 0, 2, 0, 0, 0, 1, 0, 0, 0, 0, 1, 0, 0, 2, 0, 2, 0, 0, 0, 0, 0, 0, 0, 0, 0, 0, 2, 2, 0, 2, 1, 2, 1, 4, 3, 6, 5, 3, 3, 2, 2, 4, 1, 168, 0, 0, 0, 0, 0, 0]",-1,-0.009318698801970499,-1,0
1024,"[1, 1, 0, 0, 2, 2, 0, 3, 0, 1, 0, 0, 1, 0, 2, 0, 0, 0, 0, 0, 0, 0, 0, 0, 2, 0, 0, 0, 0, 0, 0, 0, 1, 1, 0, 1, 1, 0, 2, 0, 0, 0, 1, 0, 0, 0, 0, 1, 0, 0, 2, 0, 2, 0, 0, 0, 0, 0, 0, 0, 0, 0, 0, 2, 2, 0, 2, 1, 2, 1, 4, 3, 6, 5, 3, 3, 2, 2, 4, 1, 168, 0, 0, 0, 0, 0, 0]",0,0.3992088277081956,-1,0
1025,"[1, 1, 0, 0, 2, 2, 0, 3, 0, 1, 0, 0, 1, 0, 2, 0, 0, 0, 0, 0, 0, 0, 0, 0, 2, 0, 0, 0, 0, 0, 0, 0, 1, 1, 0, 1, 1, 0, 2, 0, 0, 0, 1, 0, 0, 0, 0, 1, 0, 0, 2, 0, 2, 0, 0, 0, 0, 0, 0, 0, 0, 0, 0, 2, 2, 0, 2, 1, 2, 1, 4, 3, 6, 5, 3, 3, 2, 2, 4, 1, 168, 0, 0, 0, 0, 0, 0]",-1,-0.009318698801970499,-1,0
1026,"[1, 1, 0, 0, 2, 2, 0, 3, 0, 1, 0, 0, 1, 0, 2, 0, 0, 0, 0, 0, 0, 0, 0, 0, 2, 0, 0, 0, 0, 0, 0, 0, 1, 1, 0, 1, 1, 0, 2, 0, 0, 0, 1, 0, 0, 0, 0, 1, 0, 0, 2, 0, 2, 0, 0, 0, 0, 0, 0, 0, 0, 0, 0, 2, 2, 0, 2, 1, 2, 1, 4, 3, 6, 5, 3, 3, 2, 2, 4, 1, 169, 0, 0, 0, 0, 0, 0]",4,14.433213371751533,-1,0
1027,"[1, 1, 0, 0, 2, 2, 0, 3, 0, 1, 0, 0, 1, 0, 2, 0, 0, 0, 0, 0, 0, 0, 0, 0, 2, 0, 0, 0, 0, 0, 0, 0, 1, 1, 0, 1, 1, 0, 2, 0, 0, 0, 1, 0, 0, 0, 0, 1, 0, 0, 2, 0, 2, 0, 0, 0, 0, 0, 0, 0, 0, 0, 0, 2, 2, 0, 2, 1, 2, 1, 4, 3, 6, 5, 3, 3, 2, 2, 4, 1, 169, 0, 0, 0, 0, 0, 0]",-1,-0.009225976199649464,-1,1
1028,"[1, 1, 0, 0, 2, 2, 0, 3, 0, 1, 0, 0, 1, 0, 2, 0, 0, 0, 0, 0, 0, 0, 0, 0, 2, 0, 0, 0, 0, 0, 0, 0, 1, 1, 0, 1, 1, 0, 2, 0, 0, 0, 1, 0, 0, 0, 0, 1, 0, 0, 2, 0, 2, 0, 0, 0, 0, 0, 0, 0, 0, 0, 0, 2, 2, 0, 2, 1, 2, 1, 4, 3, 6, 5, 3, 3, 2, 2, 4, 1, 169, 0, 0, 0, 0, 0, 0]",-1,-0.009225976199649464,-1,1
1029,"[1, 1, 0, 0, 1, 1, 0, 1, 0, 1, 0, 0, 1, 0, 2, 0, 0, 0, 0, 0, 0, 0, 0, 0, 2, 0, 0, 0, 0, 0, 0, 0, 1, 1, 0, 1, 1, 0, 2, 0, 0, 0, 1, 0, 0, 0, 0, 1, 0, 0, 2, 0, 2, 0, 0, 0, 0, 0, 0, 0, 0, 0, 0, 2, 2, 0, 2, 1, 2, 1, 4, 3, 6, 5, 3, 3, 2, 2, 4, 6, 170, 0, 0, 0, 0, 0, 0]",4,10.505550193109228,-1,1
1030,"[1, 1, 0, 0, 1, 1, 0, 1, 0, 1, 0, 0, 1, 0, 2, 0, 0, 0, 0, 0, 0, 0, 0, 0, 2, 0, 0, 0, 0, 0, 0, 0, 1, 1, 0, 1, 1, 0, 2, 0, 0, 0, 1, 0, 0, 0, 0, 1, 0, 0, 2, 0, 2, 0, 0, 0, 0, 0, 0, 0, 0, 0, 0, 2, 2, 0, 2, 1, 2, 1, 4, 3, 6, 5, 3, 3, 2, 2, 4, 6, 170, 0, 0, 0, 0, 0, 0]",1,0.7633290717994202,-1,0
1031,"[1, 1, 0, 0, 1, 1, 0, 1, 0, 1, 0, 0, 1, 0, 2, 0, 0, 0, 0, 0, 0, 0, 0, 0, 2, 0, 0, 0, 0, 0, 0, 0, 1, 1, 0, 1, 1, 0, 2, 0, 0, 0, 1, 0, 0, 0, 0, 1, 0, 0, 2, 0, 2, 0, 0, 0, 0, 0, 0, 0, 0, 0, 0, 2, 2, 0, 2, 1, 2, 1, 4, 3, 6, 5, 3, 3, 2, 2, 4, 6, 170, 0, 0, 0, 0, 0, 0]",-1,-0.009134176202636733,-1,0
1032,"[1, 1, 0, 0, 1, 1, 0, 1, 0, 1, 0, 0, 1, 0, 2, 0, 0, 0, 0, 0, 0, 0, 0, 0, 2, 0, 0, 0, 0, 0, 0, 0, 1, 1, 0, 1, 1, 0, 2, 0, 0, 0, 1, 0, 0, 0, 0, 1, 0, 0, 2, 0, 2, 0, 0, 0, 0, 0, 0, 0, 0, 0, 0, 2, 2, 0, 2, 1, 2, 1, 4, 3, 6, 5, 3, 3, 2, 2, 4, 6, 171, 0, 0, 0, 0, 0, 0]",4,14.429998066667633,-1,0
1033,"[1, 1, 0, 0, 1, 1, 0, 1, 0, 1, 0, 0, 1, 0, 2, 0, 0, 0, 0, 0, 0, 0, 0, 0, 2, 0, 0, 0, 0, 0, 0, 0, 1, 1, 0, 1, 1, 0, 2, 0, 0, 0, 1, 0, 0, 0, 0, 1, 0, 0, 2, 0, 2, 0, 0, 0, 0, 0, 0, 0, 0, 0, 0, 2, 2, 0, 2, 1, 2, 1, 4, 3, 6, 5, 3, 3, 2, 2, 4, 6, 171, 0, 0, 0, 0, 0, 0]",-1,-0.009043289630856105,-1,1
1034,"[1, 1, 0, 0, 1, 1, 0, 1, 0, 1, 0, 0, 1, 0, 2, 0, 0, 0, 0, 0, 0, 0, 0, 0, 2, 0, 0, 0, 0, 0, 0, 0, 1, 1, 0, 1, 1, 0, 2, 0, 0, 0, 1, 0, 0, 0, 0, 1, 0, 0, 2, 0, 2, 0, 0, 0, 0, 0, 0, 0, 0, 0, 0, 2, 2, 0, 2, 1, 2, 1, 4, 3, 6, 5, 3, 3, 2, 2, 4, 6, 171, 0, 0, 0, 0, 0, 0]",-1,-0.009043289630856105,-1,1
1035,"[1, 1, 0, 0, 3, 1, 0, 1, 0, 1, 0, 0, 1, 0, 2, 0, 0, 0, 0, 0, 0, 0, 0, 0, 2, 0, 0, 0, 0, 0, 0, 0, 1, 1, 0, 1, 1, 0, 2, 0, 0, 0, 1, 0, 0, 0, 0, 1, 0, 0, 2, 0, 2, 0, 0, 0, 0, 0, 0, 0, 0, 0, 0, 2, 2, 0, 2, 1, 2, 1, 4, 3, 6, 5, 3, 3, 2, 2, 4, 6, 172, 0, 0, 0, 0, 0, 0]",4,10.081839788866933,-1,1
1036,"[1, 2, 0, 0, 3, 2, 0, 1, 0, 1, 0, 0, 1, 0, 2, 0, 0, 0, 0, 0, 0, 0, 0, 0, 2, 0, 0, 0, 0, 0, 0, 0, 1, 1, 0, 1, 1, 0, 2, 0, 0, 0, 1, 0, 0, 0, 0, 1, 0, 0, 2, 0, 2, 0, 0, 0, 0, 0, 0, 0, 0, 0, 0, 2, 2, 0, 2, 1, 2, 1, 4, 3, 6, 5, 3, 3, 2, 2, 4, 6, 173, 0, 0, 0, 0, 0, 0]",4,14.222874053278666,-1,0
1037,"[1, 2, 0, 0, 3, 2, 0, 1, 0, 1, 0, 0, 1, 0, 2, 0, 0, 0, 0, 0, 0, 0, 0, 0, 2, 0, 0, 0, 0, 0, 0, 0, 1, 1, 0, 1, 1, 0, 2, 0, 0, 0, 1, 0, 0, 0, 0, 1, 0, 0, 2, 0, 2, 0, 0, 0, 0, 0, 0, 0, 0, 0, 0, 2, 2, 0, 2, 1, 2, 1, 4, 3, 6, 5, 3, 3, 2, 2, 4, 6, 173, 0, 1, 0, 0, 0, 0]",2,0.5492987966675325,-1,1
1038,"[1, 2, 0, 0, 3, 2, 0, 1, 0, 1, 0, 0, 1, 0, 2, 0, 0, 0, 0, 0, 0, 0, 0, 0, 2, 0, 0, 0, 0, 0, 0, 0, 1, 1, 0, 1, 1, 0, 2, 0, 0, 0, 1, 0, 0, 0, 0, 1, 0, 0, 2, 0, 2, 0, 0, 0, 0, 0, 0, 0, 0, 0, 0, 2, 2, 0, 2, 1, 2, 1, 4, 3, 6, 5, 3, 3, 2, 2, 4, 6, 173, 0, 1, 0, 0, 1, 0]","[[1 1 0 0]
 [1 2 0 0]]",1.8745401292081283,-1,1
1039,"[1, 1, 0, 0, 3, 3, 0, 1, 0, 1, 0, 0, 1, 0, 2, 0, 0, 0, 0, 0, 0, 0, 0, 0, 2, 0, 0, 0, 0, 0, 0, 0, 1, 1, 0, 1, 1, 0, 2, 0, 0, 0, 1, 0, 0, 0, 0, 1, 0, 0, 2, 0, 2, 0, 0, 0, 0, 0, 0, 0, 0, 0, 0, 2, 2, 0, 2, 1, 2, 1, 4, 3, 6, 5, 3, 3, 2, 2, 4, 6, 173, 0, 0, 0, 0, 0, 0]",0,-0.05070120333246757,-1,0
1040,"[1, 1, 0, 0, 3, 3, 0, 1, 0, 1, 0, 0, 1, 0, 2, 0, 0, 0, 0, 0, 0, 0, 0, 0, 2, 0, 0, 0, 0, 0, 0, 0, 1, 1, 0, 1, 1, 0, 2, 0, 0, 0, 1, 0, 0, 0, 0, 1, 0, 0, 2, 0, 2, 0, 0, 0, 0, 0, 0, 0, 0, 0, 0, 2, 2, 0, 2, 1, 2, 1, 4, 3, 6, 5, 3, 3, 2, 2, 4, 6, 173, 0, 1, 0, 0, 0, 0]",2,0.5492987966675325,-1,1
1041,"[1, 1, 0, 0, 3, 3, 0, 1, 0, 1, 0, 0, 1, 0, 2, 0, 0, 0, 0, 0, 0, 0, 0, 0, 2, 0, 0, 0, 0, 0, 0, 0, 1, 1, 0, 1, 1, 0, 2, 0, 0, 0, 1, 0, 0, 0, 0, 1, 0, 0, 2, 0, 2, 0, 0, 0, 0, 0, 0, 0, 0, 0, 0, 2, 2, 0, 2, 1, 2, 1, 4, 3, 6, 5, 3, 3, 2, 2, 4, 6, 173, 0, 1, 0, 0, 1, 0]","[[1 1 0 0]
 [1 1 0 0]]",0.7997236617256234,-1,1
1042,"[1, 1, 0, 0, 3, 3, 0, 1, 0, 1, 0, 0, 1, 0, 2, 0, 0, 0, 0, 0, 0, 0, 0, 0, 2, 0, 0, 0, 0, 0, 0, 0, 1, 1, 0, 1, 1, 0, 2, 0, 0, 0, 1, 0, 0, 0, 0, 1, 0, 0, 2, 0, 2, 0, 0, 0, 0, 0, 0, 0, 0, 0, 0, 2, 2, 0, 2, 1, 2, 1, 4, 3, 6, 5, 3, 3, 2, 2, 4, 6, 173, 0, 0, 0, 0, 0, 0]",0,-0.05070120333246757,-1,0
1043,"[1, 1, 0, 0, 3, 3, 0, 1, 0, 1, 0, 0, 1, 0, 2, 0, 0, 0, 0, 0, 0, 0, 0, 0, 2, 0, 0, 0, 0, 0, 0, 0, 1, 1, 0, 1, 1, 0, 2, 0, 0, 0, 1, 0, 0, 0, 0, 1, 0, 0, 2, 0, 2, 0, 0, 0, 0, 0, 0, 0, 0, 0, 0, 2, 2, 0, 2, 1, 2, 1, 4, 3, 6, 5, 3, 3, 2, 2, 4, 6, 173, 0, 0, 0, 0, 0, 0]",-1,-0.008864220498493891,-1,1
1044,"[2, 1, 0, 0, 3, 4, 0, 1, 0, 1, 0, 0, 1, 0, 2, 0, 0, 0, 0, 0, 0, 0, 0, 0, 2, 0, 0, 0, 0, 0, 0, 0, 1, 1, 0, 1, 1, 0, 2, 0, 0, 0, 1, 0, 0, 0, 0, 1, 0, 0, 2, 0, 2, 0, 0, 0, 0, 0, 0, 0, 0, 0, 0, 2, 2, 0, 2, 1, 2, 1, 4, 3, 6, 5, 3, 3, 2, 2, 4, 6, 174, 0, 0, 0, 0, 0, 0]",4,9.98631885339274,-1,1
1045,"[2, 1, 0, 0, 3, 4, 0, 1, 0, 1, 0, 0, 1, 0, 2, 0, 0, 0, 0, 0, 0, 0, 0, 0, 2, 0, 0, 0, 0, 0, 0, 0, 1, 1, 0, 1, 1, 0, 2, 0, 0, 0, 1, 0, 0, 0, 0, 1, 0, 0, 2, 0, 2, 0, 0, 0, 0, 0, 0, 0, 0, 0, 0, 2, 2, 0, 2, 1, 2, 1, 4, 3, 6, 5, 3, 3, 2, 2, 4, 6, 174, 0, 1, 0, 0, 0, 0]",2,0.5477700012168498,-1,0
1046,"[2, 1, 0, 0, 3, 4, 0, 1, 0, 1, 0, 0, 1, 0, 2, 0, 0, 0, 0, 0, 0, 0, 0, 0, 2, 0, 0, 0, 0, 0, 0, 0, 1, 1, 0, 1, 1, 0, 2, 0, 0, 0, 1, 0, 0, 0, 0, 1, 0, 0, 2, 0, 2, 0, 0, 0, 0, 0, 0, 0, 0, 0, 0, 2, 2, 0, 2, 1, 2, 1, 4, 3, 6, 5, 3, 3, 2, 2, 4, 6, 174, 0, 1, 0, 0, 1, 0]","[[1 0 0 0]
 [0 0 0 1]]",0.7981948662749407,-1,0
1047,"[2, 1, 0, 0, 3, 4, 0, 1, 0, 1, 0, 0, 1, 0, 2, 0, 0, 0, 0, 0, 0, 0, 0, 0, 2, 0, 0, 0, 0, 0, 0, 0, 1, 1, 0, 1, 1, 0, 2, 0, 0, 0, 1, 0, 0, 0, 0, 1, 0, 0, 2, 0, 2, 0, 0, 0, 0, 0, 0, 0, 0, 0, 0, 2, 2, 0, 2, 1, 2, 1, 4, 3, 6, 5, 3, 3, 2, 2, 4, 6, 174, 0, 1, 0, 0, 0, 1]",2,-0.0522299987831502,-1,1
1048,"[2, 1, 0, 0, 3, 4, 0, 1, 0, 1, 0, 0, 1, 0, 2, 0, 0, 0, 0, 0, 0, 0, 0, 0, 2, 0, 0, 0, 0, 0, 0, 0, 1, 1, 0, 1, 1, 0, 2, 0, 0, 0, 1, 0, 0, 0, 0, 1, 0, 0, 2, 0, 2, 0, 0, 0, 0, 0, 0, 0, 0, 0, 0, 2, 2, 0, 2, 1, 2, 1, 4, 3, 6, 5, 3, 3, 2, 2, 4, 6, 174, 0, 0, 1, 0, 0, 0]","[[1 2 0 0]
 [1 1 0 0]]",-0.0522299987831502,-1,1
1049,"[2, 1, 0, 0, 3, 4, 0, 1, 0, 1, 0, 0, 1, 0, 2, 0, 0, 0, 0, 0, 0, 0, 0, 0, 2, 0, 0, 0, 0, 0, 0, 0, 1, 1, 0, 1, 1, 0, 2, 0, 0, 0, 1, 0, 0, 0, 0, 1, 0, 0, 2, 0, 2, 0, 0, 0, 0, 0, 0, 0, 0, 0, 0, 2, 2, 0, 2, 1, 2, 1, 4, 3, 6, 5, 3, 3, 2, 2, 4, 6, 174, 0, 0, 0, 0, 0, 0]",1,-3.151353638131709,-1,0
1050,"[2, 1, 0, 0, 3, 4, 0, 1, 0, 1, 0, 0, 1, 0, 2, 0, 0, 0, 0, 0, 0, 0, 0, 0, 2, 0, 0, 0, 0, 0, 0, 0, 1, 1, 0, 1, 1, 0, 2, 0, 0, 0, 1, 0, 0, 0, 0, 1, 0, 0, 2, 0, 2, 0, 0, 0, 0, 0, 0, 0, 0, 0, 0, 2, 2, 0, 2, 1, 2, 1, 4, 3, 6, 5, 3, 3, 2, 2, 4, 6, 174, 1, 0, 0, 0, 0, 0]",3,0.3477700012168498,-1,0
1051,"[0, 1, 0, 1, 3, 4, 0, 1, 0, 1, 0, 0, 1, 0, 2, 0, 0, 0, 0, 0, 0, 0, 0, 0, 2, 0, 0, 0, 0, 0, 0, 0, 1, 1, 0, 1, 1, 0, 2, 0, 0, 0, 1, 0, 0, 0, 0, 1, 0, 0, 2, 0, 2, 0, 0, 0, 0, 0, 0, 0, 0, 0, 0, 2, 2, 0, 2, 1, 2, 1, 4, 3, 6, 5, 3, 3, 2, 2, 4, 6, 174, 0, 0, 0, 0, 0, 0]","[[2 0 0 0]
 [0 0 0 1]]",-0.05077231687210915,-1,0
1052,"[0, 1, 0, 1, 3, 4, 0, 1, 0, 1, 0, 0, 1, 0, 2, 0, 0, 0, 0, 0, 0, 0, 0, 0, 2, 0, 0, 0, 0, 0, 0, 0, 1, 1, 0, 1, 1, 0, 2, 0, 0, 0, 1, 0, 0, 0, 0, 1, 0, 0, 2, 0, 2, 0, 0, 0, 0, 0, 0, 0, 0, 0, 0, 2, 2, 0, 2, 1, 2, 1, 4, 3, 6, 5, 3, 3, 2, 2, 4, 6, 174, 0, 0, 0, 0, 0, 0]",1,0.7573941163164666,-1,0
1053,"[0, 1, 0, 1, 3, 4, 0, 1, 0, 1, 0, 0, 1, 0, 2, 0, 0, 0, 0, 0, 0, 0, 0, 0, 2, 0, 0, 0, 0, 0, 0, 0, 1, 1, 0, 1, 1, 0, 2, 0, 0, 0, 1, 0, 0, 0, 0, 1, 0, 0, 2, 0, 2, 0, 0, 0, 0, 0, 0, 0, 0, 0, 0, 2, 2, 0, 2, 1, 2, 1, 4, 3, 6, 5, 3, 3, 2, 2, 4, 6, 174, 0, 0, 0, 0, 0, 0]",-1,-0.008776020030849844,-1,0
1054,"[0, 1, 0, 1, 1, 2, 0, 1, 0, 1, 0, 0, 1, 0, 2, 0, 0, 0, 0, 0, 0, 0, 0, 0, 2, 0, 0, 0, 0, 0, 0, 0, 1, 1, 0, 1, 1, 0, 2, 0, 0, 0, 1, 0, 0, 0, 0, 1, 0, 0, 2, 0, 2, 0, 0, 0, 0, 0, 0, 0, 0, 0, 0, 2, 2, 0, 2, 1, 2, 1, 4, 3, 6, 5, 3, 3, 2, 2, 4, 0, 175, 0, 0, 0, 0, 0, 0]",4,14.423226927081478,-1,0
1055,"[0, 1, 0, 1, 1, 2, 0, 1, 0, 1, 0, 0, 1, 0, 2, 0, 0, 0, 0, 0, 0, 0, 0, 0, 2, 0, 0, 0, 0, 0, 0, 0, 1, 1, 0, 1, 1, 0, 2, 0, 0, 0, 1, 0, 0, 0, 0, 1, 0, 0, 2, 0, 2, 0, 0, 0, 0, 0, 0, 0, 0, 0, 0, 2, 2, 0, 2, 1, 2, 1, 4, 3, 6, 5, 3, 3, 2, 2, 4, 0, 175, 0, 1, 0, 0, 0, 0]",2,0.5462117157260009,-1,1
1056,"[0, 1, 0, 1, 1, 2, 0, 1, 0, 1, 0, 0, 1, 0, 2, 0, 0, 0, 0, 0, 0, 0, 0, 0, 2, 0, 0, 0, 0, 0, 0, 0, 1, 1, 0, 1, 1, 0, 2, 0, 0, 0, 1, 0, 0, 0, 0, 1, 0, 0, 2, 0, 2, 0, 0, 0, 0, 0, 0, 0, 0, 0, 0, 2, 2, 0, 2, 1, 2, 1, 4, 3, 6, 5, 3, 3, 2, 2, 4, 0, 175, 0, 1, 0, 0, 1, 0]","[[0 1 0 0]
 [0 1 0 1]]",1.871453048266597,-1,1
1057,"[0, 1, 0, 0, 1, 2, 0, 2, 0, 1, 0, 0, 1, 0, 2, 0, 0, 0, 0, 0, 0, 0, 0, 0, 2, 0, 0, 0, 0, 0, 0, 0, 1, 1, 0, 1, 1, 0, 2, 0, 0, 0, 1, 0, 0, 0, 0, 1, 0, 0, 2, 0, 2, 0, 0, 0, 0, 0, 0, 0, 0, 0, 0, 2, 2, 0, 2, 1, 2, 1, 4, 3, 6, 5, 3, 3, 2, 2, 4, 0, 175, 0, 0, 0, 0, 0, 0]",0,-0.05378828427399903,-1,0
1058,"[0, 1, 0, 0, 1, 2, 0, 2, 0, 1, 0, 0, 1, 0, 2, 0, 0, 0, 0, 0, 0, 0, 0, 0, 2, 0, 0, 0, 0, 0, 0, 0, 1, 1, 0, 1, 1, 0, 2, 0, 0, 0, 1, 0, 0, 0, 0, 1, 0, 0, 2, 0, 2, 0, 0, 0, 0, 0, 0, 0, 0, 0, 0, 2, 2, 0, 2, 1, 2, 1, 4, 3, 6, 5, 3, 3, 2, 2, 4, 0, 175, 0, 0, 0, 0, 0, 0]",-1,-0.008688697172522257,-1,1
1059,"[1, 1, 0, 0, 1, 3, 0, 2, 0, 1, 0, 0, 1, 0, 2, 0, 0, 0, 0, 0, 0, 0, 0, 0, 2, 0, 0, 0, 0, 0, 0, 0, 1, 1, 0, 1, 1, 0, 2, 0, 0, 0, 1, 0, 0, 0, 0, 1, 0, 0, 2, 0, 2, 0, 0, 0, 0, 0, 0, 0, 0, 0, 0, 2, 2, 0, 2, 1, 2, 1, 4, 3, 6, 5, 3, 3, 2, 2, 4, 0, 176, 0, 0, 0, 0, 0, 0]",4,10.104256223984436,-1,1
1060,"[1, 1, 0, 0, 1, 3, 0, 2, 0, 1, 0, 0, 1, 0, 2, 0, 0, 0, 0, 0, 0, 0, 0, 0, 2, 0, 0, 0, 0, 0, 0, 0, 1, 1, 0, 1, 1, 0, 2, 0, 0, 0, 1, 0, 0, 0, 0, 1, 0, 0, 2, 0, 2, 0, 0, 0, 0, 0, 0, 0, 0, 0, 0, 2, 2, 0, 2, 1, 2, 1, 4, 3, 6, 5, 3, 3, 2, 2, 4, 0, 176, 1, 0, 0, 0, 0, 0]",3,0.344624361024878,-1,0
1061,"[1, 1, 0, 0, 1, 3, 0, 2, 0, 1, 0, 0, 1, 0, 2, 0, 0, 0, 0, 0, 0, 0, 0, 0, 2, 0, 0, 0, 0, 0, 0, 0, 1, 1, 0, 1, 1, 0, 2, 0, 0, 0, 1, 0, 0, 0, 0, 1, 0, 0, 2, 0, 2, 0, 0, 0, 0, 0, 0, 0, 0, 0, 0, 2, 2, 0, 2, 1, 2, 1, 4, 3, 6, 5, 3, 3, 2, 2, 4, 0, 176, 0, 0, 0, 0, 0, 0]",-1,-0.008602243191152527,-1,0
1062,"[1, 1, 0, 0, 1, 3, 0, 2, 0, 1, 0, 0, 1, 0, 2, 0, 0, 0, 0, 0, 0, 0, 0, 0, 2, 0, 0, 0, 0, 0, 0, 0, 1, 1, 0, 1, 1, 0, 2, 0, 0, 0, 1, 0, 0, 0, 0, 1, 0, 0, 2, 0, 2, 0, 0, 0, 0, 0, 0, 0, 0, 0, 0, 2, 2, 0, 2, 1, 2, 1, 4, 3, 6, 5, 3, 3, 2, 2, 4, 0, 176, 1, 0, 0, 0, 0, 0]",3,0.344624361024878,-1,0
1063,"[1, 1, 0, 0, 1, 3, 0, 2, 0, 1, 0, 0, 1, 0, 2, 0, 0, 0, 0, 0, 0, 0, 0, 0, 2, 0, 0, 0, 0, 0, 0, 0, 1, 1, 0, 1, 1, 0, 2, 0, 0, 0, 1, 0, 0, 0, 0, 1, 0, 0, 2, 0, 2, 0, 0, 0, 0, 0, 0, 0, 0, 0, 0, 2, 2, 0, 2, 1, 2, 1, 4, 3, 6, 5, 3, 3, 2, 2, 4, 0, 176, 0, 0, 0, 0, 0, 0]",-1,-0.008602243191152527,-1,0
1064,"[1, 1, 0, 0, 1, 1, 0, 1, 0, 1, 0, 0, 1, 0, 2, 0, 0, 0, 0, 0, 0, 0, 0, 0, 2, 0, 0, 0, 0, 0, 0, 0, 1, 1, 0, 1, 1, 0, 2, 0, 0, 0, 1, 0, 0, 0, 0, 1, 0, 0, 2, 0, 2, 0, 0, 0, 0, 0, 0, 0, 0, 0, 0, 2, 2, 0, 2, 1, 2, 1, 4, 3, 6, 5, 3, 3, 2, 2, 4, 6, 177, 0, 0, 0, 0, 0, 0]",4,14.419676078816279,-1,0
1065,"[1, 1, 0, 0, 1, 1, 0, 1, 0, 1, 0, 0, 1, 0, 2, 0, 0, 0, 0, 0, 0, 0, 0, 0, 2, 0, 0, 0, 0, 0, 0, 0, 1, 1, 0, 1, 1, 0, 2, 0, 0, 0, 1, 0, 0, 0, 0, 1, 0, 0, 2, 0, 2, 0, 0, 0, 0, 0, 0, 0, 0, 0, 0, 2, 2, 0, 2, 1, 2, 1, 4, 3, 6, 5, 3, 3, 2, 2, 4, 6, 177, 0, 0, 0, 0, 0, 0]",-1,-0.008516649441270471,-1,1
1066,"[1, 1, 0, 0, 1, 1, 0, 1, 0, 1, 0, 0, 1, 0, 2, 0, 0, 0, 0, 0, 0, 0, 0, 0, 2, 0, 0, 0, 0, 0, 0, 0, 1, 1, 0, 1, 1, 0, 2, 0, 0, 0, 1, 0, 0, 0, 0, 1, 0, 0, 2, 0, 2, 0, 0, 0, 0, 0, 0, 0, 0, 0, 0, 2, 2, 0, 2, 1, 2, 1, 4, 3, 6, 5, 3, 3, 2, 2, 4, 6, 177, 0, 0, 0, 0, 0, 0]",-1,-0.008516649441270471,-1,1
1067,"[2, 1, 0, 0, 1, 2, 0, 1, 0, 1, 0, 0, 1, 0, 2, 0, 0, 0, 0, 0, 0, 0, 0, 0, 2, 0, 0, 0, 0, 0, 0, 0, 1, 1, 0, 1, 1, 0, 2, 0, 0, 0, 1, 0, 0, 0, 0, 1, 0, 0, 2, 0, 2, 0, 0, 0, 0, 0, 0, 0, 0, 0, 0, 2, 2, 0, 2, 1, 2, 1, 4, 3, 6, 5, 3, 3, 2, 2, 4, 6, 178, 0, 0, 0, 0, 0, 0]",4,10.332166306475097,-1,1
1068,"[2, 1, 0, 0, 1, 2, 0, 1, 0, 1, 0, 0, 1, 0, 2, 0, 0, 0, 0, 0, 0, 0, 0, 0, 2, 0, 0, 0, 0, 0, 0, 0, 1, 1, 0, 1, 1, 0, 2, 0, 0, 0, 1, 0, 0, 0, 0, 1, 0, 0, 2, 0, 2, 0, 0, 0, 0, 0, 0, 0, 0, 0, 0, 2, 2, 0, 2, 1, 2, 1, 4, 3, 6, 5, 3, 3, 2, 2, 4, 6, 178, 0, 0, 0, 0, 0, 0]",1,0.7509885593183303,-1,0
1069,"[2, 1, 0, 0, 1, 2, 0, 1, 0, 1, 0, 0, 1, 0, 2, 0, 0, 0, 0, 0, 0, 0, 0, 0, 2, 0, 0, 0, 0, 0, 0, 0, 1, 1, 0, 1, 1, 0, 2, 0, 0, 0, 1, 0, 0, 0, 0, 1, 0, 0, 2, 0, 2, 0, 0, 0, 0, 0, 0, 0, 0, 0, 0, 2, 2, 0, 2, 1, 2, 1, 4, 3, 6, 5, 3, 3, 2, 2, 4, 6, 178, 0, 0, 0, 0, 0, 0]",-1,-0.008431907363429775,-1,0
1070,"[2, 1, 0, 0, 1, 2, 0, 1, 0, 1, 0, 0, 1, 0, 2, 0, 0, 0, 0, 0, 0, 0, 0, 0, 2, 0, 0, 0, 0, 0, 0, 0, 1, 1, 0, 1, 1, 0, 2, 0, 0, 0, 1, 0, 0, 0, 0, 1, 0, 0, 2, 0, 2, 0, 0, 0, 0, 0, 0, 0, 0, 0, 0, 2, 2, 0, 2, 1, 2, 1, 4, 3, 6, 5, 3, 3, 2, 2, 4, 6, 178, 0, 0, 0, 0, 0, 0]",1,0.7509885593183303,-1,0
1071,"[2, 1, 0, 0, 1, 2, 0, 1, 0, 1, 0, 0, 1, 0, 2, 0, 0, 0, 0, 0, 0, 0, 0, 0, 2, 0, 0, 0, 0, 0, 0, 0, 1, 1, 0, 1, 1, 0, 2, 0, 0, 0, 1, 0, 0, 0, 0, 1, 0, 0, 2, 0, 2, 0, 0, 0, 0, 0, 0, 0, 0, 0, 0, 2, 2, 0, 2, 1, 2, 1, 4, 3, 6, 5, 3, 3, 2, 2, 4, 6, 178, 0, 0, 0, 0, 0, 0]",-1,-0.008431907363429775,-1,0
1072,"[2, 1, 0, 0, 1, 2, 0, 1, 0, 1, 0, 0, 1, 0, 2, 0, 0, 0, 0, 0, 0, 0, 0, 0, 2, 0, 0, 0, 0, 0, 0, 0, 1, 1, 0, 1, 1, 0, 2, 0, 0, 0, 1, 0, 0, 0, 0, 1, 0, 0, 2, 0, 2, 0, 0, 0, 0, 0, 0, 0, 0, 0, 0, 2, 2, 0, 2, 1, 2, 1, 4, 3, 6, 5, 3, 3, 2, 2, 4, 6, 178, 1, 0, 0, 0, 0, 0]",3,0.34136444421871354,-1,0
1073,"[0, 1, 0, 1, 1, 2, 0, 1, 0, 1, 0, 0, 1, 0, 2, 0, 0, 0, 0, 0, 0, 0, 0, 0, 2, 0, 0, 0, 0, 0, 0, 0, 1, 1, 0, 1, 1, 0, 2, 0, 0, 0, 1, 0, 0, 0, 0, 1, 0, 0, 2, 0, 2, 0, 0, 0, 0, 0, 0, 0, 0, 0, 0, 2, 2, 0, 2, 1, 2, 1, 4, 3, 6, 5, 3, 3, 2, 2, 4, 6, 178, 0, 0, 0, 0, 0, 0]","[[2 0 0 0]
 [0 0 0 1]]",-0.057177873870245435,-1,0
1074,"[0, 1, 0, 1, 1, 2, 0, 1, 0, 1, 0, 0, 1, 0, 2, 0, 0, 0, 0, 0, 0, 0, 0, 0, 2, 0, 0, 0, 0, 0, 0, 0, 1, 1, 0, 1, 1, 0, 2, 0, 0, 0, 1, 0, 0, 0, 0, 1, 0, 0, 2, 0, 2, 0, 0, 0, 0, 0, 0, 0, 0, 0, 0, 2, 2, 0, 2, 1, 2, 1, 4, 3, 6, 5, 3, 3, 2, 2, 4, 6, 178, 0, 0, 0, 0, 0, 0]",1,0.7509885593183303,-1,0
1075,"[0, 1, 0, 1, 1, 2, 0, 1, 0, 1, 0, 0, 1, 0, 2, 0, 0, 0, 0, 0, 0, 0, 0, 0, 2, 0, 0, 0, 0, 0, 0, 0, 1, 1, 0, 1, 1, 0, 2, 0, 0, 0, 1, 0, 0, 0, 0, 1, 0, 0, 2, 0, 2, 0, 0, 0, 0, 0, 0, 0, 0, 0, 0, 2, 2, 0, 2, 1, 2, 1, 4, 3, 6, 5, 3, 3, 2, 2, 4, 6, 178, 0, 0, 0, 0, 0, 0]",-1,-0.008431907363429775,-1,0
1076,"[0, 2, 0, 1, 1, 3, 0, 1, 0, 1, 0, 0, 1, 0, 2, 0, 0, 0, 0, 0, 0, 0, 0, 0, 2, 0, 0, 0, 0, 0, 0, 0, 1, 1, 0, 1, 1, 0, 2, 0, 0, 0, 1, 0, 0, 0, 0, 1, 0, 0, 2, 0, 2, 0, 0, 0, 0, 0, 0, 0, 0, 0, 0, 2, 2, 0, 2, 1, 2, 1, 4, 3, 6, 5, 3, 3, 2, 2, 4, 6, 179, 0, 0, 0, 0, 0, 0]",4,14.212225499747351,-1,0
1077,"[0, 2, 0, 1, 1, 3, 0, 1, 0, 1, 0, 0, 1, 0, 2, 0, 0, 0, 0, 0, 0, 0, 0, 0, 2, 0, 0, 0, 0, 0, 0, 0, 1, 1, 0, 1, 1, 0, 2, 0, 0, 0, 1, 0, 0, 0, 0, 1, 0, 0, 2, 0, 2, 0, 0, 0, 0, 0, 0, 0, 0, 0, 0, 2, 2, 0, 2, 1, 2, 1, 4, 3, 6, 5, 3, 3, 2, 2, 4, 6, 179, 0, 0, 0, 0, 0, 0]",0,0.5253550617743605,-1,1
1078,"[0, 2, 0, 1, 1, 3, 0, 1, 0, 1, 0, 0, 1, 0, 2, 0, 0, 0, 0, 0, 0, 0, 0, 0, 2, 0, 0, 0, 0, 0, 0, 0, 1, 1, 0, 1, 1, 0, 2, 0, 0, 0, 1, 0, 0, 0, 0, 1, 0, 0, 2, 0, 2, 0, 0, 0, 0, 0, 0, 0, 0, 0, 0, 2, 2, 0, 2, 1, 2, 1, 4, 3, 6, 5, 3, 3, 2, 2, 4, 6, 179, 0, 0, 0, 0, 0, 0]",-1,-0.008348008483352034,-1,1
1079,"[0, 2, 0, 1, 1, 3, 0, 1, 0, 1, 0, 0, 1, 0, 2, 0, 0, 0, 0, 0, 0, 0, 0, 0, 2, 0, 0, 0, 0, 0, 0, 0, 1, 1, 0, 1, 1, 0, 2, 0, 0, 0, 1, 0, 0, 0, 0, 1, 0, 0, 2, 0, 2, 0, 0, 0, 0, 0, 0, 0, 0, 0, 0, 2, 2, 0, 2, 1, 2, 1, 4, 3, 6, 5, 3, 3, 2, 2, 4, 6, 180, 0, 0, 0, 0, 0, 0]",4,10.067646379507655,-1,1
1080,"[0, 2, 0, 1, 1, 3, 0, 1, 0, 1, 0, 0, 1, 0, 2, 0, 0, 0, 0, 0, 0, 0, 0, 0, 2, 0, 0, 0, 0, 0, 0, 0, 1, 1, 0, 1, 1, 0, 2, 0, 0, 0, 1, 0, 0, 0, 0, 1, 0, 0, 2, 0, 2, 0, 0, 0, 0, 0, 0, 0, 0, 0, 0, 2, 2, 0, 2, 1, 2, 1, 4, 3, 6, 5, 3, 3, 2, 2, 4, 6, 180, 1, 0, 0, 0, 0, 0]",3,0.33799489622552253,-1,0
1081,"[0, 2, 0, 1, 1, 3, 0, 1, 0, 1, 0, 0, 1, 0, 2, 0, 0, 0, 0, 0, 0, 0, 0, 0, 2, 0, 0, 0, 0, 0, 0, 0, 1, 1, 0, 1, 1, 0, 2, 0, 0, 0, 1, 0, 0, 0, 0, 1, 0, 0, 2, 0, 2, 0, 0, 0, 0, 0, 0, 0, 0, 0, 0, 2, 2, 0, 2, 1, 2, 1, 4, 3, 6, 5, 3, 3, 2, 2, 4, 6, 180, 0, 0, 0, 0, 0, 0]",-1,-0.008264944411079327,-1,0
1082,"[1, 2, 0, 1, 1, 4, 0, 1, 0, 1, 0, 0, 1, 0, 2, 0, 0, 0, 0, 0, 0, 0, 0, 0, 2, 0, 0, 0, 0, 0, 0, 0, 1, 1, 0, 1, 1, 0, 2, 0, 0, 0, 1, 0, 0, 0, 0, 1, 0, 0, 2, 0, 2, 0, 0, 0, 0, 0, 0, 0, 0, 0, 0, 2, 2, 0, 2, 1, 2, 1, 4, 3, 6, 5, 3, 3, 2, 2, 4, 6, 181, 0, 0, 0, 0, 0, 0]",4,14.526569198953807,-1,0
1083,"[1, 2, 0, 1, 1, 4, 0, 1, 0, 1, 0, 0, 1, 0, 2, 0, 0, 0, 0, 0, 0, 0, 0, 0, 2, 0, 0, 0, 0, 0, 0, 0, 1, 1, 0, 1, 1, 0, 2, 0, 0, 0, 1, 0, 0, 0, 0, 1, 0, 0, 2, 0, 2, 0, 0, 0, 0, 0, 0, 0, 0, 0, 0, 2, 2, 0, 2, 1, 2, 1, 4, 3, 6, 5, 3, 3, 2, 2, 4, 6, 181, 0, 1, 0, 0, 0, 0]",2,0.5362707467578051,-1,1
1084,"[1, 2, 0, 1, 1, 4, 0, 1, 0, 1, 0, 0, 1, 0, 2, 0, 0, 0, 0, 0, 0, 0, 0, 0, 2, 0, 0, 0, 0, 0, 0, 0, 1, 1, 0, 1, 1, 0, 2, 0, 0, 0, 1, 0, 0, 0, 0, 1, 0, 0, 2, 0, 2, 0, 0, 0, 0, 0, 0, 0, 0, 0, 0, 2, 2, 0, 2, 1, 2, 1, 4, 3, 6, 5, 3, 3, 2, 2, 4, 6, 181, 0, 1, 0, 0, 1, 0]","[[0 2 0 0]
 [1 2 0 1]]",2.2587616314815238,-1,1
1085,"[0, 2, 0, 0, 2, 4, 0, 2, 0, 1, 0, 0, 1, 0, 2, 0, 0, 0, 0, 0, 0, 0, 0, 0, 2, 0, 0, 0, 0, 0, 0, 0, 1, 1, 0, 1, 1, 0, 2, 0, 0, 0, 1, 0, 0, 0, 0, 1, 0, 0, 2, 0, 2, 0, 0, 0, 0, 0, 0, 0, 0, 0, 0, 2, 2, 0, 2, 1, 2, 1, 4, 3, 6, 5, 3, 3, 2, 2, 4, 6, 181, 0, 0, 0, 0, 0, 0]",0,-0.0637292532421949,-1,0
1086,"[0, 2, 0, 0, 2, 4, 0, 2, 0, 1, 0, 0, 1, 0, 2, 0, 0, 0, 0, 0, 0, 0, 0, 0, 2, 0, 0, 0, 0, 0, 0, 0, 1, 1, 0, 1, 1, 0, 2, 0, 0, 0, 1, 0, 0, 0, 0, 1, 0, 0, 2, 0, 2, 0, 0, 0, 0, 0, 0, 0, 0, 0, 0, 2, 2, 0, 2, 1, 2, 1, 4, 3, 6, 5, 3, 3, 2, 2, 4, 6, 181, 0, 1, 0, 0, 0, 0]",2,0.5362707467578051,-1,1
1087,"[0, 2, 0, 0, 2, 4, 0, 2, 0, 1, 0, 0, 1, 0, 2, 0, 0, 0, 0, 0, 0, 0, 0, 0, 2, 0, 0, 0, 0, 0, 0, 0, 1, 1, 0, 1, 1, 0, 2, 0, 0, 0, 1, 0, 0, 0, 0, 1, 0, 0, 2, 0, 2, 0, 0, 0, 0, 0, 0, 0, 0, 0, 0, 2, 2, 0, 2, 1, 2, 1, 4, 3, 6, 5, 3, 3, 2, 2, 4, 6, 181, 0, 1, 0, 0, 1, 0]","[[1 1 0 1]
 [0 2 0 0]]",0.10220295558183749,-1,1
1088,"[0, 2, 0, 0, 2, 4, 0, 2, 0, 1, 0, 0, 1, 0, 2, 0, 0, 0, 0, 0, 0, 0, 0, 0, 2, 0, 0, 0, 0, 0, 0, 0, 1, 1, 0, 1, 1, 0, 2, 0, 0, 0, 1, 0, 0, 0, 0, 1, 0, 0, 2, 0, 2, 0, 0, 0, 0, 0, 0, 0, 0, 0, 0, 2, 2, 0, 2, 1, 2, 1, 4, 3, 6, 5, 3, 3, 2, 2, 4, 6, 181, 0, 0, 0, 0, 0, 0]",1,-0.0637292532421949,-1,0
1089,"[0, 2, 0, 0, 2, 4, 0, 2, 0, 1, 0, 0, 1, 0, 2, 0, 0, 0, 0, 0, 0, 0, 0, 0, 2, 0, 0, 0, 0, 0, 0, 0, 1, 1, 0, 1, 1, 0, 2, 0, 0, 0, 1, 0, 0, 0, 0, 1, 0, 0, 2, 0, 2, 0, 0, 0, 0, 0, 0, 0, 0, 0, 0, 2, 2, 0, 2, 1, 2, 1, 4, 3, 6, 5, 3, 3, 2, 2, 4, 6, 181, 0, 0, 0, 0, 0, 0]",-1,-0.008182706840135202,-1,1
1090,"[0, 2, 0, 0, 2, 4, 0, 2, 0, 1, 0, 0, 1, 0, 2, 0, 0, 0, 0, 0, 0, 0, 0, 0, 2, 0, 0, 0, 0, 0, 0, 0, 1, 1, 0, 1, 1, 0, 2, 0, 0, 0, 1, 0, 0, 0, 0, 1, 0, 0, 2, 0, 2, 0, 0, 0, 0, 0, 0, 0, 0, 0, 0, 2, 2, 0, 2, 1, 2, 1, 4, 3, 6, 5, 3, 3, 2, 2, 4, 6, 182, 0, 0, 0, 0, 0, 0]",4,10.10834301366866,-1,1
1091,"[0, 1, 0, 0, 1, 2, 0, 1, 0, 1, 0, 0, 1, 0, 2, 0, 0, 0, 0, 0, 0, 0, 0, 0, 2, 0, 0, 0, 0, 0, 0, 0, 1, 1, 0, 1, 1, 0, 2, 0, 0, 0, 1, 0, 0, 0, 0, 1, 0, 0, 2, 0, 2, 0, 0, 0, 0, 0, 0, 0, 0, 0, 0, 2, 2, 0, 2, 1, 2, 1, 4, 3, 6, 5, 3, 3, 2, 2, 4, 6, 183, 0, 0, 0, 0, 0, 0]",4,14.245692134491389,-1,0
1092,"[0, 1, 0, 0, 1, 2, 0, 1, 0, 1, 0, 0, 1, 0, 2, 0, 0, 0, 0, 0, 0, 0, 0, 0, 2, 0, 0, 0, 0, 0, 0, 0, 1, 1, 0, 1, 1, 0, 2, 0, 0, 0, 1, 0, 0, 0, 0, 1, 0, 0, 2, 0, 2, 0, 0, 0, 0, 0, 0, 0, 0, 0, 0, 2, 2, 0, 2, 1, 2, 1, 4, 3, 6, 5, 3, 3, 2, 2, 4, 6, 183, 0, 0, 0, 0, 0, 0]",-1,-0.008020678388758638,-1,1
1093,"[0, 1, 0, 0, 1, 2, 0, 1, 0, 1, 0, 0, 1, 0, 2, 0, 0, 0, 0, 0, 0, 0, 0, 0, 2, 0, 0, 0, 0, 0, 0, 0, 1, 1, 0, 1, 1, 0, 2, 0, 0, 0, 1, 0, 0, 0, 0, 1, 0, 0, 2, 0, 2, 0, 0, 0, 0, 0, 0, 0, 0, 0, 0, 2, 2, 0, 2, 1, 2, 1, 4, 3, 6, 5, 3, 3, 2, 2, 4, 6, 183, 0, 0, 0, 0, 0, 0]",-1,-0.008020678388758638,-1,1
1094,"[0, 1, 0, 0, 3, 2, 0, 1, 0, 1, 0, 0, 1, 0, 2, 0, 0, 0, 0, 0, 0, 0, 0, 0, 2, 0, 0, 0, 0, 0, 0, 0, 1, 1, 0, 1, 1, 0, 2, 0, 0, 0, 1, 0, 0, 0, 0, 1, 0, 0, 2, 0, 2, 0, 0, 0, 0, 0, 0, 0, 0, 0, 0, 2, 2, 0, 2, 1, 2, 1, 4, 3, 6, 5, 3, 3, 2, 2, 4, 6, 184, 0, 0, 0, 0, 0, 0]",4,10.089246517513294,-1,1
1095,"[0, 1, 0, 0, 3, 2, 0, 1, 0, 1, 0, 0, 1, 0, 2, 0, 0, 0, 0, 0, 0, 0, 0, 0, 2, 0, 0, 0, 0, 0, 0, 0, 1, 1, 0, 1, 1, 0, 2, 0, 0, 0, 1, 0, 0, 0, 0, 1, 0, 0, 2, 0, 2, 0, 0, 0, 0, 0, 0, 0, 0, 0, 0, 2, 2, 0, 2, 1, 2, 1, 4, 3, 6, 5, 3, 3, 2, 2, 4, 6, 185, 0, 0, 0, 0, 0, 0]",4,14.24175482377298,-1,0
1096,"[0, 1, 0, 0, 3, 2, 0, 1, 0, 1, 0, 0, 1, 0, 2, 0, 0, 0, 0, 0, 0, 0, 0, 0, 2, 0, 0, 0, 0, 0, 0, 0, 1, 1, 0, 1, 1, 0, 2, 0, 0, 0, 1, 0, 0, 0, 0, 1, 0, 0, 2, 0, 2, 0, 0, 0, 0, 0, 0, 0, 0, 0, 0, 2, 2, 0, 2, 1, 2, 1, 4, 3, 6, 5, 3, 3, 2, 2, 4, 6, 185, 0, 0, 0, 0, 0, 0]",-1,-0.007861858315681381,-1,1
1097,"[0, 1, 0, 0, 3, 2, 0, 1, 0, 1, 0, 0, 1, 0, 2, 0, 0, 0, 0, 0, 0, 0, 0, 0, 2, 0, 0, 0, 0, 0, 0, 0, 1, 1, 0, 1, 1, 0, 2, 0, 0, 0, 1, 0, 0, 0, 0, 1, 0, 0, 2, 0, 2, 0, 0, 0, 0, 0, 0, 0, 0, 0, 0, 2, 2, 0, 2, 1, 2, 1, 4, 3, 6, 5, 3, 3, 2, 2, 4, 6, 185, 0, 0, 0, 0, 0, 0]",-1,-0.007861858315681381,-1,1
1098,"[0, 1, 0, 0, 3, 2, 0, 1, 0, 1, 0, 0, 1, 0, 2, 0, 0, 0, 0, 0, 0, 0, 0, 0, 2, 0, 0, 0, 0, 0, 0, 0, 1, 1, 0, 1, 1, 0, 2, 0, 0, 0, 1, 0, 0, 0, 0, 1, 0, 0, 2, 0, 2, 0, 0, 0, 0, 0, 0, 0, 0, 0, 0, 2, 2, 0, 2, 1, 2, 1, 4, 3, 6, 5, 3, 3, 2, 2, 4, 6, 186, 0, 0, 0, 0, 0, 0]",4,10.085268693302188,-1,1
1099,"[0, 1, 0, 0, 3, 2, 0, 1, 0, 1, 0, 0, 1, 0, 2, 0, 0, 0, 0, 0, 0, 0, 0, 0, 2, 0, 0, 0, 0, 0, 0, 0, 1, 1, 0, 1, 1, 0, 2, 0, 0, 0, 1, 0, 0, 0, 0, 1, 0, 0, 2, 0, 2, 0, 0, 0, 0, 0, 0, 0, 0, 0, 0, 2, 2, 0, 2, 1, 2, 1, 4, 3, 6, 5, 3, 3, 2, 2, 4, 6, 186, 1, 0, 0, 0, 0, 0]",3,0.3272905080563133,-1,0
1100,"[0, 1, 0, 0, 3, 2, 0, 1, 0, 1, 0, 0, 1, 0, 2, 0, 0, 0, 0, 0, 0, 0, 0, 0, 2, 0, 0, 0, 0, 0, 0, 0, 1, 1, 0, 1, 1, 0, 2, 0, 0, 0, 1, 0, 0, 0, 0, 1, 0, 0, 2, 0, 2, 0, 0, 0, 0, 0, 0, 0, 0, 0, 0, 2, 2, 0, 2, 1, 2, 1, 4, 3, 6, 5, 3, 3, 2, 2, 4, 6, 186, 0, 0, 0, 0, 0, 0]",-1,-0.007783631518399866,-1,0
1101,"[0, 2, 0, 0, 3, 3, 0, 1, 0, 1, 0, 0, 1, 0, 2, 0, 0, 0, 0, 0, 0, 0, 0, 0, 2, 0, 0, 0, 0, 0, 0, 0, 1, 1, 0, 1, 1, 0, 2, 0, 0, 0, 1, 0, 0, 0, 0, 1, 0, 0, 2, 0, 2, 0, 0, 0, 0, 0, 0, 0, 0, 0, 0, 2, 2, 0, 2, 1, 2, 1, 4, 3, 6, 5, 3, 3, 2, 2, 4, 6, 187, 0, 0, 0, 0, 0, 0]",4,13.915926782044762,-1,0
1102,"[0, 2, 0, 0, 3, 3, 0, 1, 0, 1, 0, 0, 1, 0, 2, 0, 0, 0, 0, 0, 0, 0, 0, 0, 2, 0, 0, 0, 0, 0, 0, 0, 1, 1, 0, 1, 1, 0, 2, 0, 0, 0, 1, 0, 0, 0, 0, 1, 0, 0, 2, 0, 2, 0, 0, 0, 0, 0, 0, 0, 0, 0, 0, 2, 2, 0, 2, 1, 2, 1, 4, 3, 6, 5, 3, 3, 2, 2, 4, 6, 187, 0, 0, 0, 0, 0, 0]",-1,-0.007706183090756571,-1,1
1103,"[0, 2, 0, 0, 3, 3, 0, 1, 0, 1, 0, 0, 1, 0, 2, 0, 0, 0, 0, 0, 0, 0, 0, 0, 2, 0, 0, 0, 0, 0, 0, 0, 1, 1, 0, 1, 1, 0, 2, 0, 0, 0, 1, 0, 0, 0, 0, 1, 0, 0, 2, 0, 2, 0, 0, 0, 0, 0, 0, 0, 0, 0, 0, 2, 2, 0, 2, 1, 2, 1, 4, 3, 6, 5, 3, 3, 2, 2, 4, 6, 187, 0, 0, 0, 0, 0, 0]",-1,-0.007706183090756571,-1,1
1104,"[0, 2, 0, 0, 5, 3, 0, 1, 0, 1, 0, 0, 1, 0, 2, 0, 0, 0, 0, 0, 0, 0, 0, 0, 2, 0, 0, 0, 0, 0, 0, 0, 1, 1, 0, 1, 1, 0, 2, 0, 0, 0, 1, 0, 0, 0, 0, 1, 0, 0, 2, 0, 2, 0, 0, 0, 0, 0, 0, 0, 0, 0, 0, 2, 2, 0, 2, 1, 2, 1, 4, 3, 6, 5, 3, 3, 2, 2, 4, 6, 188, 0, 0, 0, 0, 0, 0]",4,9.897324092435412,-1,1
1105,"[0, 1, 0, 0, 2, 1, 0, 1, 0, 1, 0, 0, 1, 0, 2, 0, 0, 0, 0, 0, 0, 0, 0, 0, 2, 0, 0, 0, 0, 0, 0, 0, 1, 1, 0, 1, 1, 0, 2, 0, 0, 0, 1, 0, 0, 0, 0, 1, 0, 0, 2, 0, 2, 0, 0, 0, 0, 0, 0, 0, 0, 0, 0, 2, 2, 0, 2, 1, 2, 1, 4, 3, 6, 5, 3, 3, 2, 2, 4, 4, 189, 0, 0, 0, 0, 0, 0]",4,14.233652636642121,-1,0
1106,"[0, 1, 0, 0, 2, 1, 0, 1, 0, 1, 0, 0, 1, 0, 2, 0, 0, 0, 0, 0, 0, 0, 0, 0, 2, 0, 0, 0, 0, 0, 0, 0, 1, 1, 0, 1, 1, 0, 2, 0, 0, 0, 1, 0, 0, 0, 0, 1, 0, 0, 2, 0, 2, 0, 0, 0, 0, 0, 0, 0, 0, 0, 0, 2, 2, 0, 2, 1, 2, 1, 4, 3, 6, 5, 3, 3, 2, 2, 4, 4, 189, 0, 0, 0, 0, 0, 0]",-1,-0.0075535904418185425,-1,1
1107,"[0, 1, 0, 0, 2, 1, 0, 1, 0, 1, 0, 0, 1, 0, 2, 0, 0, 0, 0, 0, 0, 0, 0, 0, 2, 0, 0, 0, 0, 0, 0, 0, 1, 1, 0, 1, 1, 0, 2, 0, 0, 0, 1, 0, 0, 0, 0, 1, 0, 0, 2, 0, 2, 0, 0, 0, 0, 0, 0, 0, 0, 0, 0, 2, 2, 0, 2, 1, 2, 1, 4, 3, 6, 5, 3, 3, 2, 2, 4, 4, 189, 0, 0, 0, 0, 0, 0]",-1,-0.0075535904418185425,-1,1
1108,"[0, 1, 0, 0, 2, 1, 0, 2, 0, 1, 0, 0, 1, 0, 2, 0, 0, 0, 0, 0, 0, 0, 0, 0, 2, 0, 0, 0, 0, 0, 0, 0, 1, 1, 0, 1, 1, 0, 2, 0, 0, 0, 1, 0, 0, 0, 0, 1, 0, 0, 2, 0, 2, 0, 0, 0, 0, 0, 0, 0, 0, 0, 0, 2, 2, 0, 2, 1, 2, 1, 4, 3, 6, 5, 3, 3, 2, 2, 4, 4, 190, 0, 0, 0, 0, 0, 0]",4,10.207286216840842,-1,1
1109,"[0, 1, 0, 0, 2, 1, 0, 2, 0, 1, 0, 0, 1, 0, 2, 0, 0, 0, 0, 0, 0, 0, 0, 0, 2, 0, 0, 0, 0, 0, 0, 0, 1, 1, 0, 1, 1, 0, 2, 0, 0, 0, 1, 0, 0, 0, 0, 1, 0, 0, 2, 0, 2, 0, 0, 0, 0, 0, 0, 0, 0, 0, 0, 2, 2, 0, 2, 1, 2, 1, 4, 3, 6, 5, 3, 3, 2, 2, 4, 4, 190, 1, 0, 0, 0, 0, 0]",3,0.31973753202249044,-1,0
1110,"[0, 1, 0, 0, 2, 1, 0, 2, 0, 1, 0, 0, 1, 0, 2, 0, 0, 0, 0, 0, 0, 0, 0, 0, 2, 0, 0, 0, 0, 0, 0, 0, 1, 1, 0, 1, 1, 0, 2, 0, 0, 0, 1, 0, 0, 0, 0, 1, 0, 0, 2, 0, 2, 0, 0, 0, 0, 0, 0, 0, 0, 0, 0, 2, 2, 0, 2, 1, 2, 1, 4, 3, 6, 5, 3, 3, 2, 2, 4, 4, 190, 0, 0, 0, 0, 0, 0]",-1,-0.007478430961131752,-1,0
1111,"[0, 1, 0, 0, 1, 1, 0, 1, 0, 1, 0, 0, 1, 0, 2, 0, 0, 0, 0, 0, 0, 0, 0, 0, 2, 0, 0, 0, 0, 0, 0, 0, 1, 1, 0, 1, 1, 0, 2, 0, 0, 0, 1, 0, 0, 0, 0, 1, 0, 0, 2, 0, 2, 0, 0, 0, 0, 0, 0, 0, 0, 0, 0, 2, 2, 0, 2, 1, 2, 1, 4, 3, 6, 5, 3, 3, 2, 2, 4, 4, 191, 0, 0, 0, 0, 0, 0]",4,14.229506768651127,-1,0
1112,"[0, 1, 0, 0, 1, 1, 0, 1, 0, 1, 0, 0, 1, 0, 2, 0, 0, 0, 0, 0, 0, 0, 0, 0, 2, 0, 0, 0, 0, 0, 0, 0, 1, 1, 0, 1, 1, 0, 2, 0, 0, 0, 1, 0, 0, 0, 0, 1, 0, 0, 2, 0, 2, 0, 0, 0, 0, 0, 0, 0, 0, 0, 0, 2, 2, 0, 2, 1, 2, 1, 4, 3, 6, 5, 3, 3, 2, 2, 4, 4, 191, 0, 0, 0, 0, 0, 0]",0,0.5034701053855858,-1,1
1113,"[0, 1, 0, 0, 1, 1, 0, 1, 0, 1, 0, 0, 1, 0, 2, 0, 0, 0, 0, 0, 0, 0, 0, 0, 2, 0, 0, 0, 0, 0, 0, 0, 1, 1, 0, 1, 1, 0, 2, 0, 0, 0, 1, 0, 0, 0, 0, 1, 0, 0, 2, 0, 2, 0, 0, 0, 0, 0, 0, 0, 0, 0, 0, 2, 2, 0, 2, 1, 2, 1, 4, 3, 6, 5, 3, 3, 2, 2, 4, 4, 191, 0, 0, 0, 0, 0, 0]",-1,-0.007404019329773122,-1,1
1114,"[0, 1, 0, 0, 1, 1, 0, 1, 0, 1, 0, 0, 1, 0, 2, 0, 0, 0, 0, 0, 0, 0, 0, 0, 2, 0, 0, 0, 0, 0, 0, 0, 1, 1, 0, 1, 1, 0, 2, 0, 0, 0, 1, 0, 0, 0, 0, 1, 0, 0, 2, 0, 2, 0, 0, 0, 0, 0, 0, 0, 0, 0, 0, 2, 2, 0, 2, 1, 2, 1, 4, 3, 6, 5, 3, 3, 2, 2, 4, 4, 192, 0, 0, 0, 0, 0, 0]",4,10.464066173099422,-1,1
1115,"[0, 1, 0, 0, 1, 1, 0, 1, 0, 1, 0, 0, 1, 0, 2, 0, 0, 0, 0, 0, 0, 0, 0, 0, 2, 0, 0, 0, 0, 0, 0, 0, 1, 1, 0, 1, 1, 0, 2, 0, 0, 0, 1, 0, 0, 0, 0, 1, 0, 0, 2, 0, 2, 0, 0, 0, 0, 0, 0, 0, 0, 0, 0, 2, 2, 0, 2, 1, 2, 1, 4, 3, 6, 5, 3, 3, 2, 2, 4, 4, 192, 1, 0, 0, 0, 0, 0]",3,0.3158648504297499,-1,0
1116,"[0, 1, 0, 0, 1, 1, 0, 1, 0, 1, 0, 0, 1, 0, 2, 0, 0, 0, 0, 0, 0, 0, 0, 0, 2, 0, 0, 0, 0, 0, 0, 0, 1, 1, 0, 1, 1, 0, 2, 0, 0, 0, 1, 0, 0, 0, 0, 1, 0, 0, 2, 0, 2, 0, 0, 0, 0, 0, 0, 0, 0, 0, 0, 2, 2, 0, 2, 1, 2, 1, 4, 3, 6, 5, 3, 3, 2, 2, 4, 4, 192, 0, 0, 0, 0, 0, 0]",-1,-0.007330348106517508,-1,0
1117,"[0, 1, 0, 0, 1, 1, 0, 1, 0, 1, 0, 0, 1, 0, 2, 0, 0, 0, 0, 0, 0, 0, 0, 0, 2, 0, 0, 0, 0, 0, 0, 0, 1, 1, 0, 1, 1, 0, 2, 0, 0, 0, 1, 0, 0, 0, 0, 1, 0, 0, 2, 0, 2, 0, 0, 0, 0, 0, 0, 0, 0, 0, 0, 2, 2, 0, 2, 1, 2, 1, 4, 3, 6, 5, 3, 3, 2, 2, 4, 4, 192, 0, 1, 0, 0, 0, 0]",2,0.5158648504297498,-1,0
1118,"[0, 1, 0, 0, 1, 1, 0, 1, 0, 1, 0, 0, 1, 0, 2, 0, 0, 0, 0, 0, 0, 0, 0, 0, 2, 0, 0, 0, 0, 0, 0, 0, 1, 1, 0, 1, 1, 0, 2, 0, 0, 0, 1, 0, 0, 0, 0, 1, 0, 0, 2, 0, 2, 0, 0, 0, 0, 0, 0, 0, 0, 0, 0, 2, 2, 0, 2, 1, 2, 1, 4, 3, 6, 5, 3, 3, 2, 2, 4, 4, 192, 0, 1, 0, 0, 1, 0]","[[0 1 0 0]
 [0 0 0 1]]",0.7662897154878408,-1,0
1119,"[0, 1, 0, 0, 1, 1, 0, 1, 0, 1, 0, 0, 1, 0, 2, 0, 0, 0, 0, 0, 0, 0, 0, 0, 2, 0, 0, 0, 0, 0, 0, 0, 1, 1, 0, 1, 1, 0, 2, 0, 0, 0, 1, 0, 0, 0, 0, 1, 0, 0, 2, 0, 2, 0, 0, 0, 0, 0, 0, 0, 0, 0, 0, 2, 2, 0, 2, 1, 2, 1, 4, 3, 6, 5, 3, 3, 2, 2, 4, 4, 192, 0, 0, 0, 0, 0, 0]",1,-9.344264738296317,-1,1
1120,"[0, 1, 0, 0, 1, 1, 0, 2, 0, 1, 0, 0, 1, 0, 2, 0, 0, 0, 0, 0, 0, 0, 0, 0, 2, 0, 0, 0, 0, 0, 0, 0, 1, 1, 0, 1, 1, 0, 2, 0, 0, 0, 1, 0, 0, 0, 0, 1, 0, 0, 2, 0, 2, 0, 0, 0, 0, 0, 0, 0, 0, 0, 0, 2, 2, 0, 2, 1, 2, 1, 4, 3, 6, 5, 3, 3, 2, 2, 4, 4, 193, 0, 0, 0, 0, 0, 0]",4,14.22531176091801,-1,0
1121,"[0, 1, 0, 0, 1, 1, 0, 2, 0, 1, 0, 0, 1, 0, 2, 0, 0, 0, 0, 0, 0, 0, 0, 0, 2, 0, 0, 0, 0, 0, 0, 0, 1, 1, 0, 1, 1, 0, 2, 0, 0, 0, 1, 0, 0, 0, 0, 1, 0, 0, 2, 0, 2, 0, 0, 0, 0, 0, 0, 0, 0, 0, 0, 2, 2, 0, 2, 1, 2, 1, 4, 3, 6, 5, 3, 3, 2, 2, 4, 4, 193, 0, 0, 0, 0, 0, 0]",0,0.4995712633616986,-1,1
1122,"[0, 1, 0, 0, 1, 1, 0, 2, 0, 1, 0, 0, 1, 0, 2, 0, 0, 0, 0, 0, 0, 0, 0, 0, 2, 0, 0, 0, 0, 0, 0, 0, 1, 1, 0, 1, 1, 0, 2, 0, 0, 0, 1, 0, 0, 0, 0, 1, 0, 0, 2, 0, 2, 0, 0, 0, 0, 0, 0, 0, 0, 0, 0, 2, 2, 0, 2, 1, 2, 1, 4, 3, 6, 5, 3, 3, 2, 2, 4, 4, 193, 0, 0, 0, 0, 0, 0]",-1,-0.007257409924181187,-1,1
1123,"[0, 1, 0, 0, 1, 1, 0, 2, 0, 1, 0, 0, 1, 0, 2, 0, 0, 0, 0, 0, 0, 0, 0, 0, 2, 0, 0, 0, 0, 0, 0, 0, 1, 1, 0, 1, 1, 0, 2, 0, 0, 0, 1, 0, 0, 0, 0, 1, 0, 0, 2, 0, 2, 0, 0, 0, 0, 0, 0, 0, 0, 0, 0, 2, 2, 0, 2, 1, 2, 1, 4, 3, 6, 5, 3, 3, 2, 2, 4, 4, 193, 0, 1, 0, 0, 0, 0]",2,0.5139092447878457,-1,0
1124,"[0, 1, 0, 0, 1, 1, 0, 2, 0, 1, 0, 0, 1, 0, 2, 0, 0, 0, 0, 0, 0, 0, 0, 0, 2, 0, 0, 0, 0, 0, 0, 0, 1, 1, 0, 1, 1, 0, 2, 0, 0, 0, 1, 0, 0, 0, 0, 1, 0, 0, 2, 0, 2, 0, 0, 0, 0, 0, 0, 0, 0, 0, 0, 2, 2, 0, 2, 1, 2, 1, 4, 3, 6, 5, 3, 3, 2, 2, 4, 4, 193, 0, 1, 0, 0, 1, 0]","[[0 1 0 0]
 [1 0 0 0]]",0.7643341098459366,-1,0
1125,"[0, 1, 0, 0, 1, 1, 0, 2, 0, 1, 0, 0, 1, 0, 2, 0, 0, 0, 0, 0, 0, 0, 0, 0, 2, 0, 0, 0, 0, 0, 0, 0, 1, 1, 0, 1, 1, 0, 2, 0, 0, 0, 1, 0, 0, 0, 0, 1, 0, 0, 2, 0, 2, 0, 0, 0, 0, 0, 0, 0, 0, 0, 0, 2, 2, 0, 2, 1, 2, 1, 4, 3, 6, 5, 3, 3, 2, 2, 4, 4, 193, 0, 0, 0, 0, 0, 0]",1,-9.346220343938223,-1,1
1126,"[0, 1, 0, 0, 1, 1, 0, 2, 0, 1, 0, 0, 1, 0, 2, 0, 0, 0, 0, 0, 0, 0, 0, 0, 2, 0, 0, 0, 0, 0, 0, 0, 1, 1, 0, 1, 1, 0, 2, 0, 0, 0, 1, 0, 0, 0, 0, 1, 0, 0, 2, 0, 2, 0, 0, 0, 0, 0, 0, 0, 0, 0, 0, 2, 2, 0, 2, 1, 2, 1, 4, 3, 6, 5, 3, 3, 2, 2, 4, 4, 193, 1, 0, 0, 0, 0, 0]",3,0.3139092447878458,-1,0
1127,"[0, 1, 0, 0, 1, 1, 0, 2, 0, 1, 0, 0, 1, 0, 2, 0, 0, 0, 0, 0, 0, 0, 0, 0, 2, 0, 0, 0, 0, 0, 0, 0, 1, 1, 0, 1, 1, 0, 2, 0, 0, 0, 1, 0, 0, 0, 0, 1, 0, 0, 2, 0, 2, 0, 0, 0, 0, 0, 0, 0, 0, 0, 0, 2, 2, 0, 2, 1, 2, 1, 4, 3, 6, 5, 3, 3, 2, 2, 4, 4, 193, 0, 0, 0, 0, 0, 0]",-1,-0.007257409924181187,-1,0
1128,"[0, 1, 0, 0, 1, 1, 0, 2, 0, 1, 0, 0, 1, 0, 2, 0, 0, 0, 0, 0, 0, 0, 0, 0, 2, 0, 0, 0, 0, 0, 0, 0, 1, 1, 0, 1, 1, 0, 2, 0, 0, 0, 1, 0, 0, 0, 0, 1, 0, 0, 2, 0, 2, 0, 0, 0, 0, 0, 0, 0, 0, 0, 0, 2, 2, 0, 2, 1, 2, 1, 4, 3, 6, 5, 3, 3, 2, 2, 4, 4, 193, 0, 1, 0, 0, 0, 0]",2,0.5139092447878457,-1,0
1129,"[0, 1, 0, 0, 1, 1, 0, 2, 0, 1, 0, 0, 1, 0, 2, 0, 0, 0, 0, 0, 0, 0, 0, 0, 2, 0, 0, 0, 0, 0, 0, 0, 1, 1, 0, 1, 1, 0, 2, 0, 0, 0, 1, 0, 0, 0, 0, 1, 0, 0, 2, 0, 2, 0, 0, 0, 0, 0, 0, 0, 0, 0, 0, 2, 2, 0, 2, 1, 2, 1, 4, 3, 6, 5, 3, 3, 2, 2, 4, 4, 193, 0, 1, 0, 0, 1, 0]","[[0 1 0 0]
 [0 0 0 1]]",0.7643341098459366,-1,0
1130,"[0, 0, 0, 1, 1, 2, 0, 1, 0, 1, 0, 0, 1, 0, 2, 0, 0, 0, 0, 0, 0, 0, 0, 0, 2, 0, 0, 0, 0, 0, 0, 0, 1, 1, 0, 1, 1, 0, 2, 0, 0, 0, 1, 0, 0, 0, 0, 1, 0, 0, 2, 0, 2, 0, 0, 0, 0, 0, 0, 0, 0, 0, 0, 2, 2, 0, 2, 1, 2, 1, 4, 3, 6, 5, 3, 3, 2, 2, 4, 4, 193, 0, 0, 0, 0, 0, 0]",0,-0.0860907552121542,-1,1
1131,"[0, 0, 0, 1, 1, 2, 0, 1, 0, 1, 0, 0, 1, 0, 2, 0, 0, 0, 0, 0, 0, 0, 0, 0, 2, 0, 0, 0, 0, 0, 0, 0, 1, 1, 0, 1, 1, 0, 2, 0, 0, 0, 1, 0, 0, 0, 0, 1, 0, 0, 2, 0, 2, 0, 0, 0, 0, 0, 0, 0, 0, 0, 0, 2, 2, 0, 2, 1, 2, 1, 4, 3, 6, 5, 3, 3, 2, 2, 4, 4, 193, 0, 1, 0, 0, 0, 0]",2,0.5139092447878457,-1,0
1132,"[0, 0, 0, 1, 1, 2, 0, 1, 0, 1, 0, 0, 1, 0, 2, 0, 0, 0, 0, 0, 0, 0, 0, 0, 2, 0, 0, 0, 0, 0, 0, 0, 1, 1, 0, 1, 1, 0, 2, 0, 0, 0, 1, 0, 0, 0, 0, 1, 0, 0, 2, 0, 2, 0, 0, 0, 0, 0, 0, 0, 0, 0, 0, 2, 2, 0, 2, 1, 2, 1, 4, 3, 6, 5, 3, 3, 2, 2, 4, 4, 193, 0, 1, 0, 0, 1, 0]","[[0 0 0 1]
 [1 0 0 0]]",0.7643341098459366,-1,0
1133,"[0, 0, 0, 1, 1, 2, 0, 1, 0, 1, 0, 0, 1, 0, 2, 0, 0, 0, 0, 0, 0, 0, 0, 0, 2, 0, 0, 0, 0, 0, 0, 0, 1, 1, 0, 1, 1, 0, 2, 0, 0, 0, 1, 0, 0, 0, 0, 1, 0, 0, 2, 0, 2, 0, 0, 0, 0, 0, 0, 0, 0, 0, 0, 2, 2, 0, 2, 1, 2, 1, 4, 3, 6, 5, 3, 3, 2, 2, 4, 4, 193, 0, 0, 0, 0, 0, 0]",1,-9.346220343938223,-1,1
1134,"[0, 0, 0, 1, 1, 2, 0, 2, 0, 1, 0, 0, 1, 0, 2, 0, 0, 0, 0, 0, 0, 0, 0, 0, 2, 0, 0, 0, 0, 0, 0, 0, 1, 1, 0, 1, 1, 0, 2, 0, 0, 0, 1, 0, 0, 0, 0, 1, 0, 0, 2, 0, 2, 0, 0, 0, 0, 0, 0, 0, 0, 0, 0, 2, 2, 0, 2, 1, 2, 1, 4, 3, 6, 5, 3, 3, 2, 2, 4, 4, 194, 0, 0, 0, 0, 0, 0]",4,14.22319936961893,-1,0
1135,"[0, 0, 0, 1, 1, 1, 0, 1, 0, 1, 0, 0, 1, 0, 2, 0, 0, 0, 0, 0, 0, 0, 0, 0, 2, 0, 0, 0, 0, 0, 0, 0, 1, 1, 0, 1, 1, 0, 2, 0, 0, 0, 1, 0, 0, 0, 0, 1, 0, 0, 2, 0, 2, 0, 0, 0, 0, 0, 0, 0, 0, 0, 0, 2, 2, 0, 2, 1, 2, 1, 4, 3, 6, 5, 3, 3, 2, 2, 4, 3, 195, 0, 0, 0, 0, 0, 0]",4,10.45773047845039,-1,1
1136,"[0, 0, 0, 1, 1, 1, 0, 1, 0, 1, 0, 0, 1, 0, 2, 0, 0, 0, 0, 0, 0, 0, 0, 0, 2, 0, 0, 0, 0, 0, 0, 0, 1, 1, 0, 1, 1, 0, 2, 0, 0, 0, 1, 0, 0, 0, 0, 1, 0, 0, 2, 0, 2, 0, 0, 0, 0, 0, 0, 0, 0, 0, 0, 2, 2, 0, 2, 1, 2, 1, 4, 3, 6, 5, 3, 3, 2, 2, 4, 3, 195, 0, 1, 0, 0, 0, 0]",2,0.5099667994624956,-1,0
1137,"[0, 0, 0, 1, 1, 1, 0, 1, 0, 1, 0, 0, 1, 0, 2, 0, 0, 0, 0, 0, 0, 0, 0, 0, 2, 0, 0, 0, 0, 0, 0, 0, 1, 1, 0, 1, 1, 0, 2, 0, 0, 0, 1, 0, 0, 0, 0, 1, 0, 0, 2, 0, 2, 0, 0, 0, 0, 0, 0, 0, 0, 0, 0, 2, 2, 0, 2, 1, 2, 1, 4, 3, 6, 5, 3, 3, 2, 2, 4, 3, 195, 0, 1, 0, 0, 1, 0]","[[0 0 0 1]
 [0 1 0 0]]",0.7603916645205865,-1,0
1138,"[0, 0, 0, 1, 1, 1, 0, 1, 0, 1, 0, 0, 1, 0, 2, 0, 0, 0, 0, 0, 0, 0, 0, 0, 2, 0, 0, 0, 0, 0, 0, 0, 1, 1, 0, 1, 1, 0, 2, 0, 0, 0, 1, 0, 0, 0, 0, 1, 0, 0, 2, 0, 2, 0, 0, 0, 0, 0, 0, 0, 0, 0, 0, 2, 2, 0, 2, 1, 2, 1, 4, 3, 6, 5, 3, 3, 2, 2, 4, 3, 195, 0, 0, 0, 0, 0, 0]",-1,-0.00711370357932568,-1,1
1139,"[0, 0, 0, 1, 1, 1, 0, 1, 0, 1, 0, 0, 1, 0, 2, 0, 0, 0, 0, 0, 0, 0, 0, 0, 2, 0, 0, 0, 0, 0, 0, 0, 1, 1, 0, 1, 1, 0, 2, 0, 0, 0, 1, 0, 0, 0, 0, 1, 0, 0, 2, 0, 2, 0, 0, 0, 0, 0, 0, 0, 0, 0, 0, 2, 2, 0, 2, 1, 2, 1, 4, 3, 6, 5, 3, 3, 2, 2, 4, 4, 196, 0, 0, 0, 0, 0, 0]",4,14.218952203986895,-1,0
1140,"[0, 0, 0, 1, 1, 1, 0, 1, 0, 1, 0, 0, 1, 0, 2, 0, 0, 0, 0, 0, 0, 0, 0, 0, 2, 0, 0, 0, 0, 0, 0, 0, 1, 1, 0, 1, 1, 0, 2, 0, 0, 0, 1, 0, 0, 0, 0, 1, 0, 0, 2, 0, 2, 0, 0, 0, 0, 0, 0, 0, 0, 0, 0, 2, 2, 0, 2, 1, 2, 1, 4, 3, 6, 5, 3, 3, 2, 2, 4, 4, 197, 0, 0, 0, 0, 0, 0]",4,10.453471936455143,-1,1
1141,"[0, 0, 0, 1, 1, 1, 0, 1, 0, 1, 0, 0, 1, 0, 2, 0, 0, 0, 0, 0, 0, 0, 0, 0, 2, 0, 0, 0, 0, 0, 0, 0, 1, 1, 0, 1, 1, 0, 2, 0, 0, 0, 1, 0, 0, 0, 0, 1, 0, 0, 2, 0, 2, 0, 0, 0, 0, 0, 0, 0, 0, 0, 0, 2, 2, 0, 2, 1, 2, 1, 4, 3, 6, 5, 3, 3, 2, 2, 4, 4, 197, 0, 1, 0, 0, 0, 0]",2,0.5059928103529143,-1,0
1142,"[0, 0, 0, 1, 1, 1, 0, 1, 0, 1, 0, 0, 1, 0, 2, 0, 0, 0, 0, 0, 0, 0, 0, 0, 2, 0, 0, 0, 0, 0, 0, 0, 1, 1, 0, 1, 1, 0, 2, 0, 0, 0, 1, 0, 0, 0, 0, 1, 0, 0, 2, 0, 2, 0, 0, 0, 0, 0, 0, 0, 0, 0, 0, 2, 2, 0, 2, 1, 2, 1, 4, 3, 6, 5, 3, 3, 2, 2, 4, 4, 197, 0, 1, 0, 0, 1, 0]","[[0 0 0 1]
 [1 0 0 0]]",0.7564176754110052,-1,0
1143,"[0, 0, 0, 1, 1, 1, 0, 1, 0, 1, 0, 0, 1, 0, 2, 0, 0, 0, 0, 0, 0, 0, 0, 0, 2, 0, 0, 0, 0, 0, 0, 0, 1, 1, 0, 1, 1, 0, 2, 0, 0, 0, 1, 0, 0, 0, 0, 1, 0, 0, 2, 0, 2, 0, 0, 0, 0, 0, 0, 0, 0, 0, 0, 2, 2, 0, 2, 1, 2, 1, 4, 3, 6, 5, 3, 3, 2, 2, 4, 4, 197, 0, 1, 0, 0, 0, 1]",2,-0.09400718964708565,-1,1
1144,"[0, 0, 0, 1, 1, 1, 0, 1, 0, 1, 0, 0, 1, 0, 2, 0, 0, 0, 0, 0, 0, 0, 0, 0, 2, 0, 0, 0, 0, 0, 0, 0, 1, 1, 0, 1, 1, 0, 2, 0, 0, 0, 1, 0, 0, 0, 0, 1, 0, 0, 2, 0, 2, 0, 0, 0, 0, 0, 0, 0, 0, 0, 0, 2, 2, 0, 2, 1, 2, 1, 4, 3, 6, 5, 3, 3, 2, 2, 4, 4, 197, 0, 0, 0, 0, 0, 0]",-1,-0.0069728428107525475,-1,1
1145,"[0, 0, 0, 1, 1, 1, 0, 1, 0, 1, 0, 0, 1, 0, 2, 0, 0, 0, 0, 0, 0, 0, 0, 0, 2, 0, 0, 0, 0, 0, 0, 0, 1, 1, 0, 1, 1, 0, 2, 0, 0, 0, 1, 0, 0, 0, 0, 1, 0, 0, 2, 0, 2, 0, 0, 0, 0, 0, 0, 0, 0, 0, 0, 2, 2, 0, 2, 1, 2, 1, 4, 3, 6, 5, 3, 3, 2, 2, 4, 4, 197, 0, 1, 0, 0, 0, 0]",2,0.5059928103529143,-1,0
1146,"[0, 0, 0, 1, 1, 1, 0, 1, 0, 1, 0, 0, 1, 0, 2, 0, 0, 0, 0, 0, 0, 0, 0, 0, 2, 0, 0, 0, 0, 0, 0, 0, 1, 1, 0, 1, 1, 0, 2, 0, 0, 0, 1, 0, 0, 0, 0, 1, 0, 0, 2, 0, 2, 0, 0, 0, 0, 0, 0, 0, 0, 0, 0, 2, 2, 0, 2, 1, 2, 1, 4, 3, 6, 5, 3, 3, 2, 2, 4, 4, 197, 0, 1, 0, 0, 1, 0]","[[0 0 0 1]
 [1 0 0 0]]",0.7564176754110052,-1,0
1147,"[0, 0, 0, 1, 1, 1, 0, 1, 0, 1, 0, 0, 1, 0, 2, 0, 0, 0, 0, 0, 0, 0, 0, 0, 2, 0, 0, 0, 0, 0, 0, 0, 1, 1, 0, 1, 1, 0, 2, 0, 0, 0, 1, 0, 0, 0, 0, 1, 0, 0, 2, 0, 2, 0, 0, 0, 0, 0, 0, 0, 0, 0, 0, 2, 2, 0, 2, 1, 2, 1, 4, 3, 6, 5, 3, 3, 2, 2, 4, 4, 197, 0, 1, 0, 0, 0, 1]",2,-0.09400718964708565,-1,1
1148,"[0, 0, 0, 1, 1, 1, 0, 1, 0, 1, 0, 0, 1, 0, 2, 0, 0, 0, 0, 0, 0, 0, 0, 0, 2, 0, 0, 0, 0, 0, 0, 0, 1, 1, 0, 1, 1, 0, 2, 0, 0, 0, 1, 0, 0, 0, 0, 1, 0, 0, 2, 0, 2, 0, 0, 0, 0, 0, 0, 0, 0, 0, 0, 2, 2, 0, 2, 1, 2, 1, 4, 3, 6, 5, 3, 3, 2, 2, 4, 4, 197, 0, 0, 0, 0, 0, 0]",-1,-0.0069728428107525475,-1,1
1149,"[0, 0, 0, 1, 1, 1, 0, 1, 0, 1, 0, 0, 1, 0, 2, 0, 0, 0, 0, 0, 0, 0, 0, 0, 2, 0, 0, 0, 0, 0, 0, 0, 1, 1, 0, 1, 1, 0, 2, 0, 0, 0, 1, 0, 0, 0, 0, 1, 0, 0, 2, 0, 2, 0, 0, 0, 0, 0, 0, 0, 0, 0, 0, 2, 2, 0, 2, 1, 2, 1, 4, 3, 6, 5, 3, 3, 2, 2, 4, 4, 197, 1, 0, 0, 0, 0, 0]",3,0.30599281035291437,-1,0
1150,"[0, 0, 0, 1, 1, 1, 0, 1, 0, 1, 0, 0, 1, 0, 2, 0, 0, 0, 0, 0, 0, 0, 0, 0, 2, 0, 0, 0, 0, 0, 0, 0, 1, 1, 0, 1, 1, 0, 2, 0, 0, 0, 1, 0, 0, 0, 0, 1, 0, 0, 2, 0, 2, 0, 0, 0, 0, 0, 0, 0, 0, 0, 0, 2, 2, 0, 2, 1, 2, 1, 4, 3, 6, 5, 3, 3, 2, 2, 4, 4, 197, 0, 0, 0, 0, 0, 0]",-1,-0.0069728428107525475,-1,0
1151,"[0, 0, 0, 1, 1, 1, 0, 1, 0, 1, 0, 0, 1, 0, 2, 0, 0, 0, 0, 0, 0, 0, 0, 0, 2, 0, 0, 0, 0, 0, 0, 0, 1, 1, 0, 1, 1, 0, 2, 0, 0, 0, 1, 0, 0, 0, 0, 1, 0, 0, 2, 0, 2, 0, 0, 0, 0, 0, 0, 0, 0, 0, 0, 2, 2, 0, 2, 1, 2, 1, 4, 3, 6, 5, 3, 3, 2, 2, 4, 4, 197, 0, 1, 0, 0, 0, 0]",2,0.5059928103529143,-1,0
1152,"[0, 0, 0, 1, 1, 1, 0, 1, 0, 1, 0, 0, 1, 0, 2, 0, 0, 0, 0, 0, 0, 0, 0, 0, 2, 0, 0, 0, 0, 0, 0, 0, 1, 1, 0, 1, 1, 0, 2, 0, 0, 0, 1, 0, 0, 0, 0, 1, 0, 0, 2, 0, 2, 0, 0, 0, 0, 0, 0, 0, 0, 0, 0, 2, 2, 0, 2, 1, 2, 1, 4, 3, 6, 5, 3, 3, 2, 2, 4, 4, 197, 0, 1, 0, 0, 1, 0]","[[0 0 0 1]
 [1 0 0 0]]",0.7564176754110052,-1,0
1153,"[0, 0, 0, 1, 1, 1, 0, 1, 0, 1, 0, 0, 1, 0, 2, 0, 0, 0, 0, 0, 0, 0, 0, 0, 2, 0, 0, 0, 0, 0, 0, 0, 1, 1, 0, 1, 1, 0, 2, 0, 0, 0, 1, 0, 0, 0, 0, 1, 0, 0, 2, 0, 2, 0, 0, 0, 0, 0, 0, 0, 0, 0, 0, 2, 2, 0, 2, 1, 2, 1, 4, 3, 6, 5, 3, 3, 2, 2, 4, 4, 197, 0, 0, 0, 0, 0, 0]",-1,-0.0069728428107525475,-1,1
1154,"[0, 0, 0, 1, 1, 1, 0, 1, 0, 1, 0, 0, 1, 0, 2, 0, 0, 0, 0, 0, 0, 0, 0, 0, 2, 0, 0, 0, 0, 0, 0, 0, 1, 1, 0, 1, 1, 0, 2, 0, 0, 0, 1, 0, 0, 0, 0, 1, 0, 0, 2, 0, 2, 0, 0, 0, 0, 0, 0, 0, 0, 0, 0, 2, 2, 0, 2, 1, 2, 1, 4, 3, 6, 5, 3, 3, 2, 2, 4, 4, 197, 1, 0, 0, 0, 0, 0]",3,0.30599281035291437,-1,0
1155,"[0, 0, 0, 1, 1, 1, 0, 1, 0, 1, 0, 0, 1, 0, 2, 0, 0, 0, 0, 0, 0, 0, 0, 0, 2, 0, 0, 0, 0, 0, 0, 0, 1, 1, 0, 1, 1, 0, 2, 0, 0, 0, 1, 0, 0, 0, 0, 1, 0, 0, 2, 0, 2, 0, 0, 0, 0, 0, 0, 0, 0, 0, 0, 2, 2, 0, 2, 1, 2, 1, 4, 3, 6, 5, 3, 3, 2, 2, 4, 4, 197, 0, 0, 0, 0, 0, 0]",-1,-0.0069728428107525475,-1,0
1156,"[0, 0, 0, 1, 1, 1, 0, 1, 0, 1, 0, 0, 1, 0, 2, 0, 0, 0, 0, 0, 0, 0, 0, 0, 2, 0, 0, 0, 0, 0, 0, 0, 1, 1, 0, 1, 1, 0, 2, 0, 0, 0, 1, 0, 0, 0, 0, 1, 0, 0, 2, 0, 2, 0, 0, 0, 0, 0, 0, 0, 0, 0, 0, 2, 2, 0, 2, 1, 2, 1, 4, 3, 6, 5, 3, 3, 2, 2, 4, 4, 197, 0, 1, 0, 0, 0, 0]",2,0.5059928103529143,-1,0
1157,"[0, 0, 0, 1, 1, 1, 0, 1, 0, 1, 0, 0, 1, 0, 2, 0, 0, 0, 0, 0, 0, 0, 0, 0, 2, 0, 0, 0, 0, 0, 0, 0, 1, 1, 0, 1, 1, 0, 2, 0, 0, 0, 1, 0, 0, 0, 0, 1, 0, 0, 2, 0, 2, 0, 0, 0, 0, 0, 0, 0, 0, 0, 0, 2, 2, 0, 2, 1, 2, 1, 4, 3, 6, 5, 3, 3, 2, 2, 4, 4, 197, 0, 1, 0, 0, 1, 0]","[[0 0 0 1]
 [1 0 0 0]]",0.7564176754110052,-1,0
1158,"[0, 0, 0, 1, 1, 1, 0, 1, 0, 1, 0, 0, 1, 0, 2, 0, 0, 0, 0, 0, 0, 0, 0, 0, 2, 0, 0, 0, 0, 0, 0, 0, 1, 1, 0, 1, 1, 0, 2, 0, 0, 0, 1, 0, 0, 0, 0, 1, 0, 0, 2, 0, 2, 0, 0, 0, 0, 0, 0, 0, 0, 0, 0, 2, 2, 0, 2, 1, 2, 1, 4, 3, 6, 5, 3, 3, 2, 2, 4, 4, 197, 0, 1, 0, 0, 0, 1]",2,-0.09400718964708565,-1,1
1159,"[0, 0, 0, 1, 1, 1, 0, 1, 0, 1, 0, 0, 1, 0, 2, 0, 0, 0, 0, 0, 0, 0, 0, 0, 2, 0, 0, 0, 0, 0, 0, 0, 1, 1, 0, 1, 1, 0, 2, 0, 0, 0, 1, 0, 0, 0, 0, 1, 0, 0, 2, 0, 2, 0, 0, 0, 0, 0, 0, 0, 0, 0, 0, 2, 2, 0, 2, 1, 2, 1, 4, 3, 6, 5, 3, 3, 2, 2, 4, 4, 197, 0, 0, 0, 0, 0, 0]",-1,-0.0069728428107525475,-1,1
1160,"[0, 0, 0, 1, 1, 1, 0, 1, 0, 1, 0, 0, 1, 0, 2, 0, 0, 0, 0, 0, 0, 0, 0, 0, 2, 0, 0, 0, 0, 0, 0, 0, 1, 1, 0, 1, 1, 0, 2, 0, 0, 0, 1, 0, 0, 0, 0, 1, 0, 0, 2, 0, 2, 0, 0, 0, 0, 0, 0, 0, 0, 0, 0, 2, 2, 0, 2, 1, 2, 1, 4, 3, 6, 5, 3, 3, 2, 2, 4, 4, 197, 0, 1, 0, 0, 0, 0]",2,0.5059928103529143,-1,0
1161,"[0, 0, 0, 1, 1, 1, 0, 1, 0, 1, 0, 0, 1, 0, 2, 0, 0, 0, 0, 0, 0, 0, 0, 0, 2, 0, 0, 0, 0, 0, 0, 0, 1, 1, 0, 1, 1, 0, 2, 0, 0, 0, 1, 0, 0, 0, 0, 1, 0, 0, 2, 0, 2, 0, 0, 0, 0, 0, 0, 0, 0, 0, 0, 2, 2, 0, 2, 1, 2, 1, 4, 3, 6, 5, 3, 3, 2, 2, 4, 4, 197, 0, 1, 0, 0, 1, 0]","[[0 0 0 1]
 [1 0 0 0]]",0.7564176754110052,-1,0
1162,"[0, 0, 0, 1, 1, 1, 0, 1, 0, 1, 0, 0, 1, 0, 2, 0, 0, 0, 0, 0, 0, 0, 0, 0, 2, 0, 0, 0, 0, 0, 0, 0, 1, 1, 0, 1, 1, 0, 2, 0, 0, 0, 1, 0, 0, 0, 0, 1, 0, 0, 2, 0, 2, 0, 0, 0, 0, 0, 0, 0, 0, 0, 0, 2, 2, 0, 2, 1, 2, 1, 4, 3, 6, 5, 3, 3, 2, 2, 4, 4, 197, 0, 1, 0, 0, 0, 1]",2,-0.09400718964708565,-1,1
1163,"[0, 0, 0, 1, 1, 1, 0, 1, 0, 1, 0, 0, 1, 0, 2, 0, 0, 0, 0, 0, 0, 0, 0, 0, 2, 0, 0, 0, 0, 0, 0, 0, 1, 1, 0, 1, 1, 0, 2, 0, 0, 0, 1, 0, 0, 0, 0, 1, 0, 0, 2, 0, 2, 0, 0, 0, 0, 0, 0, 0, 0, 0, 0, 2, 2, 0, 2, 1, 2, 1, 4, 3, 6, 5, 3, 3, 2, 2, 4, 4, 197, 0, 0, 0, 0, 0, 0]",-1,-0.0069728428107525475,-1,1
1164,"[0, 0, 0, 1, 1, 1, 0, 1, 0, 1, 0, 0, 1, 0, 2, 0, 0, 0, 0, 0, 0, 0, 0, 0, 2, 0, 0, 0, 0, 0, 0, 0, 1, 1, 0, 1, 1, 0, 2, 0, 0, 0, 1, 0, 0, 0, 0, 1, 0, 0, 2, 0, 2, 0, 0, 0, 0, 0, 0, 0, 0, 0, 0, 2, 2, 0, 2, 1, 2, 1, 4, 3, 6, 5, 3, 3, 2, 2, 4, 4, 197, 0, 1, 0, 0, 0, 0]",2,0.5059928103529143,-1,0
1165,"[0, 0, 0, 1, 1, 1, 0, 1, 0, 1, 0, 0, 1, 0, 2, 0, 0, 0, 0, 0, 0, 0, 0, 0, 2, 0, 0, 0, 0, 0, 0, 0, 1, 1, 0, 1, 1, 0, 2, 0, 0, 0, 1, 0, 0, 0, 0, 1, 0, 0, 2, 0, 2, 0, 0, 0, 0, 0, 0, 0, 0, 0, 0, 2, 2, 0, 2, 1, 2, 1, 4, 3, 6, 5, 3, 3, 2, 2, 4, 4, 197, 0, 1, 0, 0, 1, 0]","[[0 0 0 1]
 [0 1 0 0]]",0.7564176754110052,-1,0
1166,"[0, 0, 0, 1, 1, 1, 0, 1, 0, 1, 0, 0, 1, 0, 2, 0, 0, 0, 0, 0, 0, 0, 0, 0, 2, 0, 0, 0, 0, 0, 0, 0, 1, 1, 0, 1, 1, 0, 2, 0, 0, 0, 1, 0, 0, 0, 0, 1, 0, 0, 2, 0, 2, 0, 0, 0, 0, 0, 0, 0, 0, 0, 0, 2, 2, 0, 2, 1, 2, 1, 4, 3, 6, 5, 3, 3, 2, 2, 4, 4, 197, 0, 0, 0, 0, 0, 0]",-1,-0.0069728428107525475,-1,1
1167,"[0, 0, 0, 1, 1, 1, 0, 1, 0, 1, 0, 0, 1, 0, 2, 0, 0, 0, 0, 0, 0, 0, 0, 0, 2, 0, 0, 0, 0, 0, 0, 0, 1, 1, 0, 1, 1, 0, 2, 0, 0, 0, 1, 0, 0, 0, 0, 1, 0, 0, 2, 0, 2, 0, 0, 0, 0, 0, 0, 0, 0, 0, 0, 2, 2, 0, 2, 1, 2, 1, 4, 3, 6, 5, 3, 3, 2, 2, 4, 4, 197, 1, 0, 0, 0, 0, 0]",3,0.30599281035291437,-1,0
1168,"[0, 0, 0, 1, 1, 1, 0, 1, 0, 1, 0, 0, 1, 0, 2, 0, 0, 0, 0, 0, 0, 0, 0, 0, 2, 0, 0, 0, 0, 0, 0, 0, 1, 1, 0, 1, 1, 0, 2, 0, 0, 0, 1, 0, 0, 0, 0, 1, 0, 0, 2, 0, 2, 0, 0, 0, 0, 0, 0, 0, 0, 0, 0, 2, 2, 0, 2, 1, 2, 1, 4, 3, 6, 5, 3, 3, 2, 2, 4, 4, 197, 0, 0, 0, 0, 0, 0]",-1,-0.0069728428107525475,-1,0
1169,"[0, 0, 0, 1, 1, 1, 0, 1, 0, 1, 0, 0, 1, 0, 2, 0, 0, 0, 0, 0, 0, 0, 0, 0, 2, 0, 0, 0, 0, 0, 0, 0, 1, 1, 0, 1, 1, 0, 2, 0, 0, 0, 1, 0, 0, 0, 0, 1, 0, 0, 2, 0, 2, 0, 0, 0, 0, 0, 0, 0, 0, 0, 0, 2, 2, 0, 2, 1, 2, 1, 4, 3, 6, 5, 3, 3, 2, 2, 4, 4, 197, 0, 0, 0, 0, 0, 0]",0,0.34871168277648745,-1,0
1170,"[0, 0, 0, 1, 1, 1, 0, 1, 0, 1, 0, 0, 1, 0, 2, 0, 0, 0, 0, 0, 0, 0, 0, 0, 2, 0, 0, 0, 0, 0, 0, 0, 1, 1, 0, 1, 1, 0, 2, 0, 0, 0, 1, 0, 0, 0, 0, 1, 0, 0, 2, 0, 2, 0, 0, 0, 0, 0, 0, 0, 0, 0, 0, 2, 2, 0, 2, 1, 2, 1, 4, 3, 6, 5, 3, 3, 2, 2, 4, 4, 197, 0, 0, 0, 0, 0, 0]",-1,-0.0069728428107525475,-1,0
1171,"[0, 0, 0, 1, 1, 1, 0, 1, 0, 1, 0, 0, 1, 0, 2, 0, 0, 0, 0, 0, 0, 0, 0, 0, 2, 0, 0, 0, 0, 0, 0, 0, 1, 1, 0, 1, 1, 0, 2, 0, 0, 0, 1, 0, 0, 0, 0, 1, 0, 0, 2, 0, 2, 0, 0, 0, 0, 0, 0, 0, 0, 0, 0, 2, 2, 0, 2, 1, 2, 1, 4, 3, 6, 5, 3, 3, 2, 2, 4, 4, 197, 0, 0, 0, 0, 0, 0]",0,0.34871168277648745,-1,0
1172,"[0, 0, 0, 1, 1, 1, 0, 1, 0, 1, 0, 0, 1, 0, 2, 0, 0, 0, 0, 0, 0, 0, 0, 0, 2, 0, 0, 0, 0, 0, 0, 0, 1, 1, 0, 1, 1, 0, 2, 0, 0, 0, 1, 0, 0, 0, 0, 1, 0, 0, 2, 0, 2, 0, 0, 0, 0, 0, 0, 0, 0, 0, 0, 2, 2, 0, 2, 1, 2, 1, 4, 3, 6, 5, 3, 3, 2, 2, 4, 4, 197, 0, 0, 0, 0, 0, 0]",-1,-0.0069728428107525475,-1,0
1173,"[0, 0, 0, 1, 1, 1, 0, 2, 0, 1, 0, 0, 1, 0, 2, 0, 0, 0, 0, 0, 0, 0, 0, 0, 2, 0, 0, 0, 0, 0, 0, 0, 1, 1, 0, 1, 1, 0, 2, 0, 0, 0, 1, 0, 0, 0, 0, 1, 0, 0, 2, 0, 2, 0, 0, 0, 0, 0, 0, 0, 0, 0, 0, 2, 2, 0, 2, 1, 2, 1, 4, 3, 6, 5, 3, 3, 2, 2, 4, 4, 198, 0, 0, 0, 0, 0, 0]",4,14.214685373569752,-1,0
1174,"[0, 0, 0, 1, 1, 1, 0, 3, 0, 1, 0, 0, 1, 0, 2, 0, 0, 0, 0, 0, 0, 0, 0, 0, 2, 0, 0, 0, 0, 0, 0, 0, 1, 1, 0, 1, 1, 0, 2, 0, 0, 0, 1, 0, 0, 0, 0, 1, 0, 0, 2, 0, 2, 0, 0, 0, 0, 0, 0, 0, 0, 0, 0, 2, 2, 0, 2, 1, 2, 1, 4, 3, 6, 5, 3, 3, 2, 2, 4, 4, 199, 0, 0, 0, 0, 0, 0]",4,10.028762123422512,-1,1
1175,"[0, 0, 0, 1, 1, 1, 0, 3, 0, 1, 0, 0, 1, 0, 2, 0, 0, 0, 0, 0, 0, 0, 0, 0, 2, 0, 0, 0, 0, 0, 0, 0, 1, 1, 0, 1, 1, 0, 2, 0, 0, 0, 1, 0, 0, 0, 0, 1, 0, 0, 2, 0, 2, 0, 0, 0, 0, 0, 0, 0, 0, 0, 0, 2, 2, 0, 2, 1, 2, 1, 4, 3, 6, 5, 3, 3, 2, 2, 4, 4, 199, 1, 0, 0, 0, 0, 0]",3,0.3019997333759931,-1,0
1176,"[0, 0, 0, 1, 1, 1, 0, 3, 0, 1, 0, 0, 1, 0, 2, 0, 0, 0, 0, 0, 0, 0, 0, 0, 2, 0, 0, 0, 0, 0, 0, 0, 1, 1, 0, 1, 1, 0, 2, 0, 0, 0, 1, 0, 0, 0, 0, 1, 0, 0, 2, 0, 2, 0, 0, 0, 0, 0, 0, 0, 0, 0, 0, 2, 2, 0, 2, 1, 2, 1, 4, 3, 6, 5, 3, 3, 2, 2, 4, 4, 199, 0, 0, 0, 0, 0, 0]",-1,-0.006834771272276193,-1,0
1177,"[0, 0, 0, 1, 1, 1, 0, 3, 0, 1, 0, 0, 1, 0, 2, 0, 0, 0, 0, 0, 0, 0, 0, 0, 2, 0, 0, 0, 0, 0, 0, 0, 1, 1, 0, 1, 1, 0, 2, 0, 0, 0, 1, 0, 0, 0, 0, 1, 0, 0, 2, 0, 2, 0, 0, 0, 0, 0, 0, 0, 0, 0, 0, 2, 2, 0, 2, 1, 2, 1, 4, 3, 6, 5, 3, 3, 2, 2, 4, 4, 199, 0, 1, 0, 0, 0, 0]",2,0.501999733375993,-1,0
1178,"[0, 0, 0, 1, 1, 1, 0, 3, 0, 1, 0, 0, 1, 0, 2, 0, 0, 0, 0, 0, 0, 0, 0, 0, 2, 0, 0, 0, 0, 0, 0, 0, 1, 1, 0, 1, 1, 0, 2, 0, 0, 0, 1, 0, 0, 0, 0, 1, 0, 0, 2, 0, 2, 0, 0, 0, 0, 0, 0, 0, 0, 0, 0, 2, 2, 0, 2, 1, 2, 1, 4, 3, 6, 5, 3, 3, 2, 2, 4, 4, 199, 0, 1, 0, 0, 1, 0]","[[0 0 0 1]
 [0 1 0 0]]",0.7524245984340839,-1,0
1179,"[0, 0, 0, 1, 1, 1, 0, 3, 0, 1, 0, 0, 1, 0, 2, 0, 0, 0, 0, 0, 0, 0, 0, 0, 2, 0, 0, 0, 0, 0, 0, 0, 1, 1, 0, 1, 1, 0, 2, 0, 0, 0, 1, 0, 0, 0, 0, 1, 0, 0, 2, 0, 2, 0, 0, 0, 0, 0, 0, 0, 0, 0, 0, 2, 2, 0, 2, 1, 2, 1, 4, 3, 6, 5, 3, 3, 2, 2, 4, 4, 199, 0, 0, 0, 0, 0, 0]",1,-9.358129855350075,-1,1
1180,"[0, 0, 0, 1, 1, 1, 0, 3, 0, 1, 0, 0, 1, 0, 2, 0, 0, 0, 0, 0, 0, 0, 0, 0, 2, 0, 0, 0, 0, 0, 0, 0, 1, 1, 0, 1, 1, 0, 2, 0, 0, 0, 1, 0, 0, 0, 0, 1, 0, 0, 2, 0, 2, 0, 0, 0, 0, 0, 0, 0, 0, 0, 0, 2, 2, 0, 2, 1, 2, 1, 4, 3, 6, 5, 3, 3, 2, 2, 4, 4, 199, 1, 0, 0, 0, 0, 0]",3,0.3019997333759931,-1,0
1181,"[0, 0, 0, 1, 1, 1, 0, 3, 0, 1, 0, 0, 1, 0, 2, 0, 0, 0, 0, 0, 0, 0, 0, 0, 2, 0, 0, 0, 0, 0, 0, 0, 1, 1, 0, 1, 1, 0, 2, 0, 0, 0, 1, 0, 0, 0, 0, 1, 0, 0, 2, 0, 2, 0, 0, 0, 0, 0, 0, 0, 0, 0, 0, 2, 2, 0, 2, 1, 2, 1, 4, 3, 6, 5, 3, 3, 2, 2, 4, 4, 199, 0, 0, 0, 0, 0, 0]",-1,-0.006834771272276193,-1,0
1182,"[0, 0, 0, 1, 1, 1, 0, 3, 0, 1, 0, 0, 1, 0, 2, 0, 0, 0, 0, 0, 0, 0, 0, 0, 2, 0, 0, 0, 0, 0, 0, 0, 1, 1, 0, 1, 1, 0, 2, 0, 0, 0, 1, 0, 0, 0, 0, 1, 0, 0, 2, 0, 2, 0, 0, 0, 0, 0, 0, 0, 0, 0, 0, 2, 2, 0, 2, 1, 2, 1, 4, 3, 6, 5, 3, 3, 2, 2, 4, 4, 199, 1, 0, 0, 0, 0, 0]",3,0.3019997333759931,-1,0
1183,"[0, 0, 0, 1, 1, 1, 0, 3, 0, 1, 0, 0, 1, 0, 2, 0, 0, 0, 0, 0, 0, 0, 0, 0, 2, 0, 0, 0, 0, 0, 0, 0, 1, 1, 0, 1, 1, 0, 2, 0, 0, 0, 1, 0, 0, 0, 0, 1, 0, 0, 2, 0, 2, 0, 0, 0, 0, 0, 0, 0, 0, 0, 0, 2, 2, 0, 2, 1, 2, 1, 4, 3, 6, 5, 3, 3, 2, 2, 4, 4, 199, 0, 0, 0, 0, 0, 0]",-1,-0.006834771272276193,-1,0
1184,"[1, 0, 0, 1, 1, 2, 0, 3, 0, 1, 0, 0, 1, 0, 2, 0, 0, 0, 0, 0, 0, 0, 0, 0, 2, 0, 0, 0, 0, 0, 0, 0, 1, 1, 0, 1, 1, 0, 2, 0, 0, 0, 1, 0, 0, 0, 0, 1, 0, 0, 2, 0, 2, 0, 0, 0, 0, 0, 0, 0, 0, 0, 0, 2, 2, 0, 2, 1, 2, 1, 4, 3, 6, 5, 3, 3, 2, 2, 4, 4, 200, 0, 0, 0, 0, 0, 0]",4,14.373132713838329,-1,0
1185,"[1, 0, 0, 1, 1, 2, 0, 3, 0, 1, 0, 0, 1, 0, 2, 0, 0, 0, 0, 0, 0, 0, 0, 0, 2, 0, 0, 0, 0, 0, 0, 0, 1, 1, 0, 1, 1, 0, 2, 0, 0, 0, 1, 0, 0, 0, 0, 1, 0, 0, 2, 0, 2, 0, 0, 0, 0, 0, 0, 0, 0, 0, 0, 2, 2, 0, 2, 1, 2, 1, 4, 3, 6, 5, 3, 3, 2, 2, 4, 4, 200, 0, 1, 0, 0, 0, 0]",2,0.5,-1,1
1186,"[1, 0, 0, 1, 1, 2, 0, 3, 0, 1, 0, 0, 1, 0, 2, 0, 0, 0, 0, 0, 0, 0, 0, 0, 2, 0, 0, 0, 0, 0, 0, 0, 1, 1, 0, 1, 1, 0, 2, 0, 0, 0, 1, 0, 0, 0, 0, 1, 0, 0, 2, 0, 2, 0, 0, 0, 0, 0, 0, 0, 0, 0, 0, 2, 2, 0, 2, 1, 2, 1, 4, 3, 6, 5, 3, 3, 2, 2, 4, 4, 200, 0, 1, 0, 0, 1, 0]","[[0 1 0 1]
 [1 0 0 1]]",0.7504248650580909,-1,1
1187,"[1, 0, 0, 1, 1, 2, 0, 3, 0, 1, 0, 0, 1, 0, 2, 0, 0, 0, 0, 0, 0, 0, 0, 0, 2, 0, 0, 0, 0, 0, 0, 0, 1, 1, 0, 1, 1, 0, 2, 0, 0, 0, 1, 0, 0, 0, 0, 1, 0, 0, 2, 0, 2, 0, 0, 0, 0, 0, 0, 0, 0, 0, 0, 2, 2, 0, 2, 1, 2, 1, 4, 3, 6, 5, 3, 3, 2, 2, 4, 4, 200, 0, 0, 0, 0, 0, 0]",1,-0.1,-1,0
1188,"[1, 0, 0, 1, 1, 2, 0, 3, 0, 1, 0, 0, 1, 0, 2, 0, 0, 0, 0, 0, 0, 0, 0, 0, 2, 0, 0, 0, 0, 0, 0, 0, 1, 1, 0, 1, 1, 0, 2, 0, 0, 0, 1, 0, 0, 0, 0, 1, 0, 0, 2, 0, 2, 0, 0, 0, 0, 0, 0, 0, 0, 0, 0, 2, 2, 0, 2, 1, 2, 1, 4, 3, 6, 5, 3, 3, 2, 2, 4, 4, 200, 0, 0, 0, 0, 0, 0]",0,0.4856620185738528,-1,1
1189,"[1, 0, 0, 1, 1, 2, 0, 3, 0, 1, 0, 0, 1, 0, 2, 0, 0, 0, 0, 0, 0, 0, 0, 0, 2, 0, 0, 0, 0, 0, 0, 0, 1, 1, 0, 1, 1, 0, 2, 0, 0, 0, 1, 0, 0, 0, 0, 1, 0, 0, 2, 0, 2, 0, 0, 0, 0, 0, 0, 0, 0, 0, 0, 2, 2, 0, 2, 1, 2, 1, 4, 3, 6, 5, 3, 3, 2, 2, 4, 4, 200, 0, 0, 0, 0, 0, 0]",-1,-0.0067667641618306355,-1,1
1190,"[1, 0, 0, 1, 1, 2, 0, 3, 0, 1, 0, 0, 1, 0, 2, 0, 0, 0, 0, 0, 0, 0, 0, 0, 2, 0, 0, 0, 0, 0, 0, 0, 1, 1, 0, 1, 1, 0, 2, 0, 0, 0, 1, 0, 0, 0, 0, 1, 0, 0, 2, 0, 2, 0, 0, 0, 0, 0, 0, 0, 0, 0, 0, 2, 2, 0, 2, 1, 2, 1, 4, 3, 6, 5, 3, 3, 2, 2, 4, 4, 201, 0, 0, 0, 0, 0, 0]",4,10.05378826356218,-1,1
1191,"[1, 0, 0, 1, 1, 1, 0, 1, 0, 1, 0, 0, 1, 0, 2, 0, 0, 0, 0, 0, 0, 0, 0, 0, 2, 0, 0, 0, 0, 0, 0, 0, 1, 1, 0, 1, 1, 0, 2, 0, 0, 0, 1, 0, 0, 0, 0, 1, 0, 0, 2, 0, 2, 0, 0, 0, 0, 0, 0, 0, 0, 0, 0, 2, 2, 0, 2, 1, 2, 1, 4, 3, 6, 5, 3, 3, 2, 2, 4, 4, 202, 0, 0, 0, 0, 0, 0]",4,14.368864170729541,-1,0
1192,"[1, 0, 0, 1, 1, 1, 0, 1, 0, 1, 0, 0, 1, 0, 2, 0, 0, 0, 0, 0, 0, 0, 0, 0, 2, 0, 0, 0, 0, 0, 0, 0, 1, 1, 0, 1, 1, 0, 2, 0, 0, 0, 1, 0, 0, 0, 0, 1, 0, 0, 2, 0, 2, 0, 0, 0, 0, 0, 0, 0, 0, 0, 0, 2, 2, 0, 2, 1, 2, 1, 4, 3, 6, 5, 3, 3, 2, 2, 4, 4, 202, 0, 1, 0, 0, 0, 0]",2,0.4960021319688836,-1,1
1193,"[1, 0, 0, 1, 1, 1, 0, 1, 0, 1, 0, 0, 1, 0, 2, 0, 0, 0, 0, 0, 0, 0, 0, 0, 2, 0, 0, 0, 0, 0, 0, 0, 1, 1, 0, 1, 1, 0, 2, 0, 0, 0, 1, 0, 0, 0, 0, 1, 0, 0, 2, 0, 2, 0, 0, 0, 0, 0, 0, 0, 0, 0, 0, 2, 2, 0, 2, 1, 2, 1, 4, 3, 6, 5, 3, 3, 2, 2, 4, 4, 202, 0, 0, 0, 0, 0, 0]",-1,-0.006632773254006086,-1,1
1194,"[2, 0, 0, 1, 1, 2, 0, 1, 0, 1, 0, 0, 1, 0, 2, 0, 0, 0, 0, 0, 0, 0, 0, 0, 2, 0, 0, 0, 0, 0, 0, 0, 1, 1, 0, 1, 1, 0, 2, 0, 0, 0, 1, 0, 0, 0, 0, 1, 0, 0, 2, 0, 2, 0, 0, 0, 0, 0, 0, 0, 0, 0, 0, 2, 2, 0, 2, 1, 2, 1, 4, 3, 6, 5, 3, 3, 2, 2, 4, 4, 203, 0, 0, 0, 0, 0, 0]",4,10.28104129952894,-1,1
1195,"[2, 0, 0, 1, 1, 2, 0, 1, 0, 1, 0, 0, 1, 0, 2, 0, 0, 0, 0, 0, 0, 0, 0, 0, 2, 0, 0, 0, 0, 0, 0, 0, 1, 1, 0, 1, 1, 0, 2, 0, 0, 0, 1, 0, 0, 0, 0, 1, 0, 0, 2, 0, 2, 0, 0, 0, 0, 0, 0, 0, 0, 0, 0, 2, 2, 0, 2, 1, 2, 1, 4, 3, 6, 5, 3, 3, 2, 2, 4, 4, 203, 0, 1, 0, 0, 0, 0]",2,0.4940071896470856,-1,0
1196,"[2, 0, 0, 1, 1, 2, 0, 1, 0, 1, 0, 0, 1, 0, 2, 0, 0, 0, 0, 0, 0, 0, 0, 0, 2, 0, 0, 0, 0, 0, 0, 0, 1, 1, 0, 1, 1, 0, 2, 0, 0, 0, 1, 0, 0, 0, 0, 1, 0, 0, 2, 0, 2, 0, 0, 0, 0, 0, 0, 0, 0, 0, 0, 2, 2, 0, 2, 1, 2, 1, 4, 3, 6, 5, 3, 3, 2, 2, 4, 4, 203, 0, 1, 0, 0, 1, 0]","[[0 0 0 1]
 [0 1 0 0]]",0.7444320547051766,-1,0
1197,"[2, 0, 0, 1, 1, 2, 0, 1, 0, 1, 0, 0, 1, 0, 2, 0, 0, 0, 0, 0, 0, 0, 0, 0, 2, 0, 0, 0, 0, 0, 0, 0, 1, 1, 0, 1, 1, 0, 2, 0, 0, 0, 1, 0, 0, 0, 0, 1, 0, 0, 2, 0, 2, 0, 0, 0, 0, 0, 0, 0, 0, 0, 0, 2, 2, 0, 2, 1, 2, 1, 4, 3, 6, 5, 3, 3, 2, 2, 4, 4, 203, 0, 0, 0, 0, 0, 0]",1,-9.366122399078982,-1,1
1198,"[2, 0, 0, 1, 1, 2, 0, 1, 0, 1, 0, 0, 1, 0, 2, 0, 0, 0, 0, 0, 0, 0, 0, 0, 2, 0, 0, 0, 0, 0, 0, 0, 1, 1, 0, 1, 1, 0, 2, 0, 0, 0, 1, 0, 0, 0, 0, 1, 0, 0, 2, 0, 2, 0, 0, 0, 0, 0, 0, 0, 0, 0, 0, 2, 2, 0, 2, 1, 2, 1, 4, 3, 6, 5, 3, 3, 2, 2, 4, 4, 203, 1, 0, 0, 0, 0, 0]",3,0.29400718964708566,-1,0
1199,"[0, 0, 0, 2, 1, 2, 0, 1, 0, 1, 0, 0, 1, 0, 2, 0, 0, 0, 0, 0, 0, 0, 0, 0, 2, 0, 0, 0, 0, 0, 0, 0, 1, 1, 0, 1, 1, 0, 2, 0, 0, 0, 1, 0, 0, 0, 0, 1, 0, 0, 2, 0, 2, 0, 0, 0, 0, 0, 0, 0, 0, 0, 0, 2, 2, 0, 2, 1, 2, 1, 4, 3, 6, 5, 3, 3, 2, 2, 4, 4, 203, 0, 0, 0, 0, 0, 0]","[[2 0 0 0]
 [0 0 0 1]]",-0.1045351284418733,-1,0
1200,"[0, 0, 0, 2, 1, 2, 0, 1, 0, 1, 0, 0, 1, 0, 2, 0, 0, 0, 0, 0, 0, 0, 0, 0, 2, 0, 0, 0, 0, 0, 0, 0, 1, 1, 0, 1, 1, 0, 2, 0, 0, 0, 1, 0, 0, 0, 0, 1, 0, 0, 2, 0, 2, 0, 0, 0, 0, 0, 0, 0, 0, 0, 0, 2, 2, 0, 2, 1, 2, 1, 4, 3, 6, 5, 3, 3, 2, 2, 4, 4, 203, 0, 0, 0, 0, 0, 0]",0,0.33672606207065875,-1,0
1201,"[0, 0, 0, 2, 1, 2, 0, 1, 0, 1, 0, 0, 1, 0, 2, 0, 0, 0, 0, 0, 0, 0, 0, 0, 2, 0, 0, 0, 0, 0, 0, 0, 1, 1, 0, 1, 1, 0, 2, 0, 0, 0, 1, 0, 0, 0, 0, 1, 0, 0, 2, 0, 2, 0, 0, 0, 0, 0, 0, 0, 0, 0, 0, 2, 2, 0, 2, 1, 2, 1, 4, 3, 6, 5, 3, 3, 2, 2, 4, 4, 203, 0, 0, 0, 0, 0, 0]",-1,-0.006566776057424652,-1,0
1202,"[0, 0, 0, 2, 1, 2, 0, 1, 0, 1, 0, 0, 1, 0, 2, 0, 0, 0, 0, 0, 0, 0, 0, 0, 2, 0, 0, 0, 0, 0, 0, 0, 1, 1, 0, 1, 1, 0, 2, 0, 0, 0, 1, 0, 0, 0, 0, 1, 0, 0, 2, 0, 2, 0, 0, 0, 0, 0, 0, 0, 0, 0, 0, 2, 2, 0, 2, 1, 2, 1, 4, 3, 6, 5, 3, 3, 2, 2, 4, 4, 203, 1, 0, 0, 0, 0, 0]",3,0.29400718964708566,-1,0
1203,"[0, 0, 0, 2, 1, 2, 0, 1, 0, 1, 0, 0, 1, 0, 2, 0, 0, 0, 0, 0, 0, 0, 0, 0, 2, 0, 0, 0, 0, 0, 0, 0, 1, 1, 0, 1, 1, 0, 2, 0, 0, 0, 1, 0, 0, 0, 0, 1, 0, 0, 2, 0, 2, 0, 0, 0, 0, 0, 0, 0, 0, 0, 0, 2, 2, 0, 2, 1, 2, 1, 4, 3, 6, 5, 3, 3, 2, 2, 4, 4, 203, 0, 0, 0, 0, 0, 0]",-1,-0.006566776057424652,-1,0
1204,"[0, 0, 0, 2, 1, 2, 0, 1, 0, 1, 0, 0, 1, 0, 2, 0, 0, 0, 0, 0, 0, 0, 0, 0, 2, 0, 0, 0, 0, 0, 0, 0, 1, 1, 0, 1, 1, 0, 2, 0, 0, 0, 1, 0, 0, 0, 0, 1, 0, 0, 2, 0, 2, 0, 0, 0, 0, 0, 0, 0, 0, 0, 0, 2, 2, 0, 2, 1, 2, 1, 4, 3, 6, 5, 3, 3, 2, 2, 4, 4, 204, 0, 0, 0, 0, 0, 0]",4,13.88008054094906,-1,0
1205,"[0, 0, 0, 2, 1, 2, 0, 1, 0, 1, 0, 0, 1, 0, 2, 0, 0, 0, 0, 0, 0, 0, 0, 0, 2, 0, 0, 0, 0, 0, 0, 0, 1, 1, 0, 1, 1, 0, 2, 0, 0, 0, 1, 0, 0, 0, 0, 1, 0, 0, 2, 0, 2, 0, 0, 0, 0, 0, 0, 0, 0, 0, 0, 2, 2, 0, 2, 1, 2, 1, 4, 3, 6, 5, 3, 3, 2, 2, 4, 4, 204, 0, 0, 0, 0, 0, 0]",-1,-0.006501435543921296,-1,1
1206,"[0, 0, 0, 2, 1, 2, 0, 1, 0, 1, 0, 0, 1, 0, 2, 0, 0, 0, 0, 0, 0, 0, 0, 0, 2, 0, 0, 0, 0, 0, 0, 0, 1, 1, 0, 1, 1, 0, 2, 0, 0, 0, 1, 0, 0, 0, 0, 1, 0, 0, 2, 0, 2, 0, 0, 0, 0, 0, 0, 0, 0, 0, 0, 2, 2, 0, 2, 1, 2, 1, 4, 3, 6, 5, 3, 3, 2, 2, 4, 4, 205, 0, 0, 0, 0, 0, 0]",4,10.276804634999188,-1,1
1207,"[0, 1, 0, 2, 1, 3, 0, 1, 0, 1, 0, 0, 1, 0, 2, 0, 0, 0, 0, 0, 0, 0, 0, 0, 2, 0, 0, 0, 0, 0, 0, 0, 1, 1, 0, 1, 1, 0, 2, 0, 0, 0, 1, 0, 0, 0, 0, 1, 0, 0, 2, 0, 2, 0, 0, 0, 0, 0, 0, 0, 0, 0, 0, 2, 2, 0, 2, 1, 2, 1, 4, 3, 6, 5, 3, 3, 2, 2, 4, 4, 206, 0, 0, 0, 0, 0, 0]",4,14.156599402325325,-1,0
1208,"[0, 1, 0, 2, 1, 3, 0, 1, 0, 1, 0, 0, 1, 0, 2, 0, 0, 0, 0, 0, 0, 0, 0, 0, 2, 0, 0, 0, 0, 0, 0, 0, 1, 1, 0, 1, 1, 0, 2, 0, 0, 0, 1, 0, 0, 0, 0, 1, 0, 0, 2, 0, 2, 0, 0, 0, 0, 0, 0, 0, 0, 0, 0, 2, 2, 0, 2, 1, 2, 1, 4, 3, 6, 5, 3, 3, 2, 2, 4, 4, 206, 0, 0, 0, 0, 0, 0]",0,0.4737192887204142,-1,1
1209,"[0, 1, 0, 2, 1, 3, 0, 1, 0, 1, 0, 0, 1, 0, 2, 0, 0, 0, 0, 0, 0, 0, 0, 0, 2, 0, 0, 0, 0, 0, 0, 0, 1, 1, 0, 1, 1, 0, 2, 0, 0, 0, 1, 0, 0, 0, 0, 1, 0, 0, 2, 0, 2, 0, 0, 0, 0, 0, 0, 0, 0, 0, 0, 2, 2, 0, 2, 1, 2, 1, 4, 3, 6, 5, 3, 3, 2, 2, 4, 4, 206, 0, 0, 0, 0, 0, 0]",-1,-0.006372698494741038,-1,1
1210,"[0, 1, 0, 2, 1, 3, 0, 2, 0, 1, 0, 0, 1, 0, 2, 0, 0, 0, 0, 0, 0, 0, 0, 0, 2, 0, 0, 0, 0, 0, 0, 0, 1, 1, 0, 1, 1, 0, 2, 0, 0, 0, 1, 0, 0, 0, 0, 1, 0, 0, 2, 0, 2, 0, 0, 0, 0, 0, 0, 0, 0, 0, 0, 2, 2, 0, 2, 1, 2, 1, 4, 3, 6, 5, 3, 3, 2, 2, 4, 4, 207, 0, 0, 0, 0, 0, 0]",4,10.041090620816147,-1,1
1211,"[0, 1, 0, 2, 1, 3, 0, 2, 0, 1, 0, 0, 1, 0, 2, 0, 0, 0, 0, 0, 0, 0, 0, 0, 2, 0, 0, 0, 0, 0, 0, 0, 1, 1, 0, 1, 1, 0, 2, 0, 0, 0, 1, 0, 0, 0, 0, 1, 0, 0, 2, 0, 2, 0, 0, 0, 0, 0, 0, 0, 0, 0, 0, 2, 2, 0, 2, 1, 2, 1, 4, 3, 6, 5, 3, 3, 2, 2, 4, 4, 208, 0, 0, 0, 0, 0, 0]",4,14.152422369560737,-1,0
1212,"[1, 1, 0, 2, 1, 4, 0, 2, 0, 1, 0, 0, 1, 0, 2, 0, 0, 0, 0, 0, 0, 0, 0, 0, 2, 0, 0, 0, 0, 0, 0, 0, 1, 1, 0, 1, 1, 0, 2, 0, 0, 0, 1, 0, 0, 0, 0, 1, 0, 0, 2, 0, 2, 0, 0, 0, 0, 0, 0, 0, 0, 0, 0, 2, 2, 0, 2, 1, 2, 1, 4, 3, 6, 5, 3, 3, 2, 2, 4, 4, 209, 0, 0, 0, 0, 0, 0]",4,9.92327101642177,-1,1
1213,"[1, 1, 0, 2, 1, 4, 0, 2, 0, 1, 0, 0, 1, 0, 2, 0, 0, 0, 0, 0, 0, 0, 0, 0, 2, 0, 0, 0, 0, 0, 0, 0, 1, 1, 0, 1, 1, 0, 2, 0, 0, 0, 1, 0, 0, 0, 0, 1, 0, 0, 2, 0, 2, 0, 0, 0, 0, 0, 0, 0, 0, 0, 0, 2, 2, 0, 2, 1, 2, 1, 4, 3, 6, 5, 3, 3, 2, 2, 4, 4, 209, 0, 0, 0, 0, 0, 0]",0,0.32491078561184006,-1,0
1214,"[1, 1, 0, 2, 1, 4, 0, 2, 0, 1, 0, 0, 1, 0, 2, 0, 0, 0, 0, 0, 0, 0, 0, 0, 2, 0, 0, 0, 0, 0, 0, 0, 1, 1, 0, 1, 1, 0, 2, 0, 0, 0, 1, 0, 0, 0, 0, 1, 0, 0, 2, 0, 2, 0, 0, 0, 0, 0, 0, 0, 0, 0, 0, 2, 2, 0, 2, 1, 2, 1, 4, 3, 6, 5, 3, 3, 2, 2, 4, 4, 209, 0, 0, 0, 0, 0, 0]",-1,-0.006184356790872742,-1,0
1215,"[1, 1, 0, 2, 1, 4, 0, 2, 0, 1, 0, 0, 1, 0, 2, 0, 0, 0, 0, 0, 0, 0, 0, 0, 2, 0, 0, 0, 0, 0, 0, 0, 1, 1, 0, 1, 1, 0, 2, 0, 0, 0, 1, 0, 0, 0, 0, 1, 0, 0, 2, 0, 2, 0, 0, 0, 0, 0, 0, 0, 0, 0, 0, 2, 2, 0, 2, 1, 2, 1, 4, 3, 6, 5, 3, 3, 2, 2, 4, 4, 209, 0, 0, 0, 0, 0, 0]",0,0.32491078561184006,-1,0
1216,"[1, 1, 0, 2, 1, 4, 0, 2, 0, 1, 0, 0, 1, 0, 2, 0, 0, 0, 0, 0, 0, 0, 0, 0, 2, 0, 0, 0, 0, 0, 0, 0, 1, 1, 0, 1, 1, 0, 2, 0, 0, 0, 1, 0, 0, 0, 0, 1, 0, 0, 2, 0, 2, 0, 0, 0, 0, 0, 0, 0, 0, 0, 0, 2, 2, 0, 2, 1, 2, 1, 4, 3, 6, 5, 3, 3, 2, 2, 4, 4, 209, 0, 0, 0, 0, 0, 0]",-1,-0.006184356790872742,-1,0
1217,"[1, 1, 0, 2, 1, 4, 0, 2, 0, 1, 0, 0, 1, 0, 2, 0, 0, 0, 0, 0, 0, 0, 0, 0, 2, 0, 0, 0, 0, 0, 0, 0, 1, 1, 0, 1, 1, 0, 2, 0, 0, 0, 1, 0, 0, 0, 0, 1, 0, 0, 2, 0, 2, 0, 0, 0, 0, 0, 0, 0, 0, 0, 0, 2, 2, 0, 2, 1, 2, 1, 4, 3, 6, 5, 3, 3, 2, 2, 4, 4, 209, 0, 0, 0, 0, 0, 0]",0,0.32491078561184006,-1,0
1218,"[1, 1, 0, 2, 1, 4, 0, 2, 0, 1, 0, 0, 1, 0, 2, 0, 0, 0, 0, 0, 0, 0, 0, 0, 2, 0, 0, 0, 0, 0, 0, 0, 1, 1, 0, 1, 1, 0, 2, 0, 0, 0, 1, 0, 0, 0, 0, 1, 0, 0, 2, 0, 2, 0, 0, 0, 0, 0, 0, 0, 0, 0, 0, 2, 2, 0, 2, 1, 2, 1, 4, 3, 6, 5, 3, 3, 2, 2, 4, 4, 209, 0, 0, 0, 0, 0, 0]",-1,-0.006184356790872742,-1,0
1219,"[1, 1, 0, 2, 1, 4, 0, 2, 0, 1, 0, 0, 1, 0, 2, 0, 0, 0, 0, 0, 0, 0, 0, 0, 2, 0, 0, 0, 0, 0, 0, 0, 1, 1, 0, 1, 1, 0, 2, 0, 0, 0, 1, 0, 0, 0, 0, 1, 0, 0, 2, 0, 2, 0, 0, 0, 0, 0, 0, 0, 0, 0, 0, 2, 2, 0, 2, 1, 2, 1, 4, 3, 6, 5, 3, 3, 2, 2, 4, 4, 209, 0, 0, 0, 0, 0, 0]",0,0.32491078561184006,-1,0
1220,"[1, 1, 0, 2, 1, 4, 0, 2, 0, 1, 0, 0, 1, 0, 2, 0, 0, 0, 0, 0, 0, 0, 0, 0, 2, 0, 0, 0, 0, 0, 0, 0, 1, 1, 0, 1, 1, 0, 2, 0, 0, 0, 1, 0, 0, 0, 0, 1, 0, 0, 2, 0, 2, 0, 0, 0, 0, 0, 0, 0, 0, 0, 0, 2, 2, 0, 2, 1, 2, 1, 4, 3, 6, 5, 3, 3, 2, 2, 4, 4, 209, 0, 0, 0, 0, 0, 0]",-1,-0.006184356790872742,-1,0
1221,"[1, 1, 0, 2, 1, 4, 0, 2, 0, 1, 0, 0, 1, 0, 2, 0, 0, 0, 0, 0, 0, 0, 0, 0, 2, 0, 0, 0, 0, 0, 0, 0, 1, 1, 0, 1, 1, 0, 2, 0, 0, 0, 1, 0, 0, 0, 0, 1, 0, 0, 2, 0, 2, 0, 0, 0, 0, 0, 0, 0, 0, 0, 0, 2, 2, 0, 2, 1, 2, 1, 4, 3, 6, 5, 3, 3, 2, 2, 4, 4, 209, 0, 0, 0, 0, 0, 0]",0,0.32491078561184006,-1,0
1222,"[1, 1, 0, 2, 1, 4, 0, 2, 0, 1, 0, 0, 1, 0, 2, 0, 0, 0, 0, 0, 0, 0, 0, 0, 2, 0, 0, 0, 0, 0, 0, 0, 1, 1, 0, 1, 1, 0, 2, 0, 0, 0, 1, 0, 0, 0, 0, 1, 0, 0, 2, 0, 2, 0, 0, 0, 0, 0, 0, 0, 0, 0, 0, 2, 2, 0, 2, 1, 2, 1, 4, 3, 6, 5, 3, 3, 2, 2, 4, 4, 209, 0, 0, 0, 0, 0, 0]",-1,-0.006184356790872742,-1,0
1223,"[1, 1, 0, 2, 1, 4, 0, 2, 0, 1, 0, 0, 1, 0, 2, 0, 0, 0, 0, 0, 0, 0, 0, 0, 2, 0, 0, 0, 0, 0, 0, 0, 1, 1, 0, 1, 1, 0, 2, 0, 0, 0, 1, 0, 0, 0, 0, 1, 0, 0, 2, 0, 2, 0, 0, 0, 0, 0, 0, 0, 0, 0, 0, 2, 2, 0, 2, 1, 2, 1, 4, 3, 6, 5, 3, 3, 2, 2, 4, 4, 209, 0, 0, 0, 0, 0, 0]",0,0.32491078561184006,-1,0
1224,"[1, 1, 0, 2, 1, 4, 0, 2, 0, 1, 0, 0, 1, 0, 2, 0, 0, 0, 0, 0, 0, 0, 0, 0, 2, 0, 0, 0, 0, 0, 0, 0, 1, 1, 0, 1, 1, 0, 2, 0, 0, 0, 1, 0, 0, 0, 0, 1, 0, 0, 2, 0, 2, 0, 0, 0, 0, 0, 0, 0, 0, 0, 0, 2, 2, 0, 2, 1, 2, 1, 4, 3, 6, 5, 3, 3, 2, 2, 4, 4, 209, 0, 0, 0, 0, 0, 0]",-1,-0.006184356790872742,-1,0
1225,"[1, 1, 0, 2, 1, 4, 0, 2, 0, 1, 0, 0, 1, 0, 2, 0, 0, 0, 0, 0, 0, 0, 0, 0, 2, 0, 0, 0, 0, 0, 0, 0, 1, 1, 0, 1, 1, 0, 2, 0, 0, 0, 1, 0, 0, 0, 0, 1, 0, 0, 2, 0, 2, 0, 0, 0, 0, 0, 0, 0, 0, 0, 0, 2, 2, 0, 2, 1, 2, 1, 4, 3, 6, 5, 3, 3, 2, 2, 4, 4, 209, 0, 0, 0, 0, 0, 0]",1,0.6918160282878837,-1,0
1226,"[1, 1, 0, 2, 1, 4, 0, 2, 0, 1, 0, 0, 1, 0, 2, 0, 0, 0, 0, 0, 0, 0, 0, 0, 2, 0, 0, 0, 0, 0, 0, 0, 1, 1, 0, 1, 1, 0, 2, 0, 0, 0, 1, 0, 0, 0, 0, 1, 0, 0, 2, 0, 2, 0, 0, 0, 0, 0, 0, 0, 0, 0, 0, 2, 2, 0, 2, 1, 2, 1, 4, 3, 6, 5, 3, 3, 2, 2, 4, 4, 209, 0, 0, 0, 0, 0, 0]",-1,-0.006184356790872742,-1,0
1227,"[1, 1, 0, 2, 1, 4, 0, 2, 0, 1, 0, 0, 1, 0, 2, 0, 0, 0, 0, 0, 0, 0, 0, 0, 2, 0, 0, 0, 0, 0, 0, 0, 1, 1, 0, 1, 1, 0, 2, 0, 0, 0, 1, 0, 0, 0, 0, 1, 0, 0, 2, 0, 2, 0, 0, 0, 0, 0, 0, 0, 0, 0, 0, 2, 2, 0, 2, 1, 2, 1, 4, 3, 6, 5, 3, 3, 2, 2, 4, 4, 209, 1, 0, 0, 0, 0, 0]",3,0.282191913188267,-1,0
1228,"[1, 1, 0, 2, 1, 4, 0, 2, 0, 1, 0, 0, 1, 0, 2, 0, 0, 0, 0, 0, 0, 0, 0, 0, 2, 0, 0, 0, 0, 0, 0, 0, 1, 1, 0, 1, 1, 0, 2, 0, 0, 0, 1, 0, 0, 0, 0, 1, 0, 0, 2, 0, 2, 0, 0, 0, 0, 0, 0, 0, 0, 0, 0, 2, 2, 0, 2, 1, 2, 1, 4, 3, 6, 5, 3, 3, 2, 2, 4, 4, 209, 0, 0, 0, 0, 0, 0]",-1,-0.006184356790872742,-1,0
1229,"[1, 1, 0, 2, 1, 4, 0, 2, 0, 1, 0, 0, 1, 0, 2, 0, 0, 0, 0, 0, 0, 0, 0, 0, 2, 0, 0, 0, 0, 0, 0, 0, 1, 1, 0, 1, 1, 0, 2, 0, 0, 0, 1, 0, 0, 0, 0, 1, 0, 0, 2, 0, 2, 0, 0, 0, 0, 0, 0, 0, 0, 0, 0, 2, 2, 0, 2, 1, 2, 1, 4, 3, 6, 5, 3, 3, 2, 2, 4, 4, 209, 0, 0, 0, 0, 0, 0]",1,0.6918160282878837,-1,0
1230,"[1, 1, 0, 2, 1, 4, 0, 2, 0, 1, 0, 0, 1, 0, 2, 0, 0, 0, 0, 0, 0, 0, 0, 0, 2, 0, 0, 0, 0, 0, 0, 0, 1, 1, 0, 1, 1, 0, 2, 0, 0, 0, 1, 0, 0, 0, 0, 1, 0, 0, 2, 0, 2, 0, 0, 0, 0, 0, 0, 0, 0, 0, 0, 2, 2, 0, 2, 1, 2, 1, 4, 3, 6, 5, 3, 3, 2, 2, 4, 4, 209, 0, 0, 0, 0, 0, 0]",-1,-0.006184356790872742,-1,0
1231,"[1, 1, 0, 2, 1, 4, 0, 2, 0, 1, 0, 0, 1, 0, 2, 0, 0, 0, 0, 0, 0, 0, 0, 0, 2, 0, 0, 0, 0, 0, 0, 0, 1, 1, 0, 1, 1, 0, 2, 0, 0, 0, 1, 0, 0, 0, 0, 1, 0, 0, 2, 0, 2, 0, 0, 0, 0, 0, 0, 0, 0, 0, 0, 2, 2, 0, 2, 1, 2, 1, 4, 3, 6, 5, 3, 3, 2, 2, 4, 4, 210, 0, 0, 0, 0, 0, 0]",4,14.466399744933097,-1,0
1232,"[1, 1, 0, 2, 1, 4, 0, 2, 0, 1, 0, 0, 1, 0, 2, 0, 0, 0, 0, 0, 0, 0, 0, 0, 2, 0, 0, 0, 0, 0, 0, 0, 1, 1, 0, 1, 1, 0, 2, 0, 0, 0, 1, 0, 0, 0, 0, 1, 0, 0, 2, 0, 2, 0, 0, 0, 0, 0, 0, 0, 0, 0, 0, 2, 2, 0, 2, 1, 2, 1, 4, 3, 6, 5, 3, 3, 2, 2, 4, 4, 210, 0, 0, 0, 0, 0, 0]",0,0.4659244865513624,-1,1
1233,"[1, 1, 0, 2, 1, 4, 0, 2, 0, 1, 0, 0, 1, 0, 2, 0, 0, 0, 0, 0, 0, 0, 0, 0, 2, 0, 0, 0, 0, 0, 0, 0, 1, 1, 0, 1, 1, 0, 2, 0, 0, 0, 1, 0, 0, 0, 0, 1, 0, 0, 2, 0, 2, 0, 0, 0, 0, 0, 0, 0, 0, 0, 0, 2, 2, 0, 2, 1, 2, 1, 4, 3, 6, 5, 3, 3, 2, 2, 4, 4, 210, 0, 0, 0, 0, 0, 0]",-1,-0.006122821412649096,-1,1
1234,"[1, 1, 0, 2, 1, 4, 0, 2, 0, 1, 0, 0, 1, 0, 2, 0, 0, 0, 0, 0, 0, 0, 0, 0, 2, 0, 0, 0, 0, 0, 0, 0, 1, 1, 0, 1, 1, 0, 2, 0, 0, 0, 1, 0, 0, 0, 0, 1, 0, 0, 2, 0, 2, 0, 0, 0, 0, 0, 0, 0, 0, 0, 0, 2, 2, 0, 2, 1, 2, 1, 4, 3, 6, 5, 3, 3, 2, 2, 4, 4, 211, 0, 0, 0, 0, 0, 0]",4,9.91917991868964,-1,1
1235,"[1, 1, 0, 2, 1, 4, 0, 2, 0, 1, 0, 0, 1, 0, 2, 0, 0, 0, 0, 0, 0, 0, 0, 0, 2, 0, 0, 0, 0, 0, 0, 0, 1, 1, 0, 1, 1, 0, 2, 0, 0, 0, 1, 0, 0, 0, 0, 1, 0, 0, 2, 0, 2, 0, 0, 0, 0, 0, 0, 0, 0, 0, 0, 2, 2, 0, 2, 1, 2, 1, 4, 3, 6, 5, 3, 3, 2, 2, 4, 4, 211, 0, 0, 0, 0, 0, 0]",1,0.6879723089503138,-1,0
1236,"[1, 1, 0, 2, 1, 4, 0, 2, 0, 1, 0, 0, 1, 0, 2, 0, 0, 0, 0, 0, 0, 0, 0, 0, 2, 0, 0, 0, 0, 0, 0, 0, 1, 1, 0, 1, 1, 0, 2, 0, 0, 0, 1, 0, 0, 0, 0, 1, 0, 0, 2, 0, 2, 0, 0, 0, 0, 0, 0, 0, 0, 0, 0, 2, 2, 0, 2, 1, 2, 1, 4, 3, 6, 5, 3, 3, 2, 2, 4, 4, 211, 0, 0, 0, 0, 0, 0]",-1,-0.006061898321669084,-1,0
1237,"[1, 1, 0, 2, 1, 4, 0, 2, 0, 1, 0, 0, 1, 0, 2, 0, 0, 0, 0, 0, 0, 0, 0, 0, 2, 0, 0, 0, 0, 0, 0, 0, 1, 1, 0, 1, 1, 0, 2, 0, 0, 0, 1, 0, 0, 0, 0, 1, 0, 0, 2, 0, 2, 0, 0, 0, 0, 0, 0, 0, 0, 0, 0, 2, 2, 0, 2, 1, 2, 1, 4, 3, 6, 5, 3, 3, 2, 2, 4, 4, 211, 0, 0, 0, 0, 0, 0]",1,0.6879723089503138,-1,0
1238,"[1, 1, 0, 2, 1, 4, 0, 2, 0, 1, 0, 0, 1, 0, 2, 0, 0, 0, 0, 0, 0, 0, 0, 0, 2, 0, 0, 0, 0, 0, 0, 0, 1, 1, 0, 1, 1, 0, 2, 0, 0, 0, 1, 0, 0, 0, 0, 1, 0, 0, 2, 0, 2, 0, 0, 0, 0, 0, 0, 0, 0, 0, 0, 2, 2, 0, 2, 1, 2, 1, 4, 3, 6, 5, 3, 3, 2, 2, 4, 4, 211, 0, 0, 0, 0, 0, 0]",-1,-0.006061898321669084,-1,0
1239,"[1, 1, 0, 2, 1, 4, 0, 2, 0, 1, 0, 0, 1, 0, 2, 0, 0, 0, 0, 0, 0, 0, 0, 0, 2, 0, 0, 0, 0, 0, 0, 0, 1, 1, 0, 1, 1, 0, 2, 0, 0, 0, 1, 0, 0, 0, 0, 1, 0, 0, 2, 0, 2, 0, 0, 0, 0, 0, 0, 0, 0, 0, 0, 2, 2, 0, 2, 1, 2, 1, 4, 3, 6, 5, 3, 3, 2, 2, 4, 4, 211, 0, 1, 0, 0, 0, 0]",2,0.4783481938506971,-1,0
1240,"[1, 1, 0, 2, 1, 4, 0, 2, 0, 1, 0, 0, 1, 0, 2, 0, 0, 0, 0, 0, 0, 0, 0, 0, 2, 0, 0, 0, 0, 0, 0, 0, 1, 1, 0, 1, 1, 0, 2, 0, 0, 0, 1, 0, 0, 0, 0, 1, 0, 0, 2, 0, 2, 0, 0, 0, 0, 0, 0, 0, 0, 0, 0, 2, 2, 0, 2, 1, 2, 1, 4, 3, 6, 5, 3, 3, 2, 2, 4, 4, 211, 0, 0, 0, 0, 0, 0]",-1,-0.006061898321669084,-1,0
1241,"[1, 1, 0, 2, 1, 4, 0, 2, 0, 1, 0, 0, 1, 0, 2, 0, 0, 0, 0, 0, 0, 0, 0, 0, 2, 0, 0, 0, 0, 0, 0, 0, 1, 1, 0, 1, 1, 0, 2, 0, 0, 0, 1, 0, 0, 0, 0, 1, 0, 0, 2, 0, 2, 0, 0, 0, 0, 0, 0, 0, 0, 0, 0, 2, 2, 0, 2, 1, 2, 1, 4, 3, 6, 5, 3, 3, 2, 2, 4, 4, 211, 0, 0, 0, 0, 0, 0]",1,0.6879723089503138,-1,0
1242,"[1, 1, 0, 2, 1, 4, 0, 2, 0, 1, 0, 0, 1, 0, 2, 0, 0, 0, 0, 0, 0, 0, 0, 0, 2, 0, 0, 0, 0, 0, 0, 0, 1, 1, 0, 1, 1, 0, 2, 0, 0, 0, 1, 0, 0, 0, 0, 1, 0, 0, 2, 0, 2, 0, 0, 0, 0, 0, 0, 0, 0, 0, 0, 2, 2, 0, 2, 1, 2, 1, 4, 3, 6, 5, 3, 3, 2, 2, 4, 4, 211, 0, 0, 0, 0, 0, 0]",-1,-0.006061898321669084,-1,0
1243,"[1, 1, 0, 1, 1, 2, 0, 1, 0, 1, 0, 0, 1, 0, 2, 0, 0, 0, 0, 0, 0, 0, 0, 0, 2, 0, 0, 0, 0, 0, 0, 0, 1, 1, 0, 1, 1, 0, 2, 0, 0, 0, 1, 0, 0, 0, 0, 1, 0, 0, 2, 0, 2, 0, 0, 0, 0, 0, 0, 0, 0, 0, 0, 2, 2, 0, 2, 1, 2, 1, 4, 3, 6, 5, 3, 3, 2, 2, 4, 4, 212, 0, 0, 0, 0, 0, 0]",4,14.621967505699613,-1,0
1244,"[1, 1, 0, 1, 1, 2, 0, 1, 0, 1, 0, 0, 1, 0, 2, 0, 0, 0, 0, 0, 0, 0, 0, 0, 2, 0, 0, 0, 0, 0, 0, 0, 1, 1, 0, 1, 1, 0, 2, 0, 0, 0, 1, 0, 0, 0, 0, 1, 0, 0, 2, 0, 2, 0, 0, 0, 0, 0, 0, 0, 0, 0, 0, 2, 2, 0, 2, 1, 2, 1, 4, 3, 6, 5, 3, 3, 2, 2, 4, 4, 212, 1, 0, 0, 0, 0, 0]",3,0.27645042504615025,-1,1
1245,"[1, 1, 0, 1, 1, 2, 0, 1, 0, 1, 0, 0, 1, 0, 2, 0, 0, 0, 0, 0, 0, 0, 0, 0, 2, 0, 0, 0, 0, 0, 0, 0, 1, 1, 0, 1, 1, 0, 2, 0, 0, 0, 1, 0, 0, 0, 0, 1, 0, 0, 2, 0, 2, 0, 0, 0, 0, 0, 0, 0, 0, 0, 0, 2, 2, 0, 2, 1, 2, 1, 4, 3, 6, 5, 3, 3, 2, 2, 4, 4, 212, 0, 0, 0, 0, 0, 0]",-1,-0.006001581425572836,-1,1
1246,"[1, 1, 0, 1, 1, 2, 0, 1, 0, 1, 0, 0, 1, 0, 2, 0, 0, 0, 0, 0, 0, 0, 0, 0, 2, 0, 0, 0, 0, 0, 0, 0, 1, 1, 0, 1, 1, 0, 2, 0, 0, 0, 1, 0, 0, 0, 0, 1, 0, 0, 2, 0, 2, 0, 0, 0, 0, 0, 0, 0, 0, 0, 0, 2, 2, 0, 2, 1, 2, 1, 4, 3, 6, 5, 3, 3, 2, 2, 4, 4, 213, 0, 0, 0, 0, 0, 0]",4,10.260342172962348,-1,1
1247,"[1, 1, 0, 1, 1, 2, 0, 1, 0, 1, 0, 0, 1, 0, 2, 0, 0, 0, 0, 0, 0, 0, 0, 0, 2, 0, 0, 0, 0, 0, 0, 0, 1, 1, 0, 1, 1, 0, 2, 0, 0, 0, 1, 0, 0, 0, 0, 1, 0, 0, 2, 0, 2, 0, 0, 0, 0, 0, 0, 0, 0, 0, 0, 2, 2, 0, 2, 1, 2, 1, 4, 3, 6, 5, 3, 3, 2, 2, 4, 4, 213, 0, 1, 0, 0, 0, 0]",2,0.4745704467373608,-1,0
1248,"[1, 1, 0, 1, 1, 2, 0, 1, 0, 1, 0, 0, 1, 0, 2, 0, 0, 0, 0, 0, 0, 0, 0, 0, 2, 0, 0, 0, 0, 0, 0, 0, 1, 1, 0, 1, 1, 0, 2, 0, 0, 0, 1, 0, 0, 0, 0, 1, 0, 0, 2, 0, 2, 0, 0, 0, 0, 0, 0, 0, 0, 0, 0, 2, 2, 0, 2, 1, 2, 1, 4, 3, 6, 5, 3, 3, 2, 2, 4, 4, 213, 0, 0, 0, 0, 0, 0]",-1,-0.005941864692620483,-1,0
1249,"[1, 1, 0, 1, 1, 2, 0, 1, 0, 1, 0, 0, 1, 0, 2, 0, 0, 0, 0, 0, 0, 0, 0, 0, 2, 0, 0, 0, 0, 0, 0, 0, 1, 1, 0, 1, 1, 0, 2, 0, 0, 0, 1, 0, 0, 0, 0, 1, 0, 0, 2, 0, 2, 0, 0, 0, 0, 0, 0, 0, 0, 0, 0, 2, 2, 0, 2, 1, 2, 1, 4, 3, 6, 5, 3, 3, 2, 2, 4, 4, 214, 0, 0, 0, 0, 0, 0]",4,14.617986505339053,-1,0
1250,"[1, 1, 0, 1, 1, 2, 0, 1, 0, 1, 0, 0, 1, 0, 2, 0, 0, 0, 0, 0, 0, 0, 0, 0, 2, 0, 0, 0, 0, 0, 0, 0, 1, 1, 0, 1, 1, 0, 2, 0, 0, 0, 1, 0, 0, 0, 0, 1, 0, 0, 2, 0, 2, 0, 0, 0, 0, 0, 0, 0, 0, 0, 0, 2, 2, 0, 2, 1, 2, 1, 4, 3, 6, 5, 3, 3, 2, 2, 4, 4, 214, 0, 0, 0, 0, 0, 0]",-1,-0.00588274215108896,-1,1
1251,"[1, 1, 0, 1, 1, 2, 0, 1, 0, 1, 0, 0, 1, 0, 2, 0, 0, 0, 0, 0, 0, 0, 0, 0, 2, 0, 0, 0, 0, 0, 0, 0, 1, 1, 0, 1, 1, 0, 2, 0, 0, 0, 1, 0, 0, 0, 0, 1, 0, 0, 2, 0, 2, 0, 0, 0, 0, 0, 0, 0, 0, 0, 0, 2, 2, 0, 2, 1, 2, 1, 4, 3, 6, 5, 3, 3, 2, 2, 4, 4, 214, 0, 0, 0, 0, 0, 0]",1,0.6823336070433035,-1,1
1252,"[1, 1, 0, 1, 1, 2, 0, 1, 0, 1, 0, 0, 1, 0, 2, 0, 0, 0, 0, 0, 0, 0, 0, 0, 2, 0, 0, 0, 0, 0, 0, 0, 1, 1, 0, 1, 1, 0, 2, 0, 0, 0, 1, 0, 0, 0, 0, 1, 0, 0, 2, 0, 2, 0, 0, 0, 0, 0, 0, 0, 0, 0, 0, 2, 2, 0, 2, 1, 2, 1, 4, 3, 6, 5, 3, 3, 2, 2, 4, 4, 214, 0, 0, 0, 0, 0, 0]",-1,-0.00588274215108896,-1,1
1253,"[1, 2, 0, 1, 1, 3, 0, 1, 0, 1, 0, 0, 1, 0, 2, 0, 0, 0, 0, 0, 0, 0, 0, 0, 2, 0, 0, 0, 0, 0, 0, 0, 1, 1, 0, 1, 1, 0, 2, 0, 0, 0, 1, 0, 0, 0, 0, 1, 0, 0, 2, 0, 2, 0, 0, 0, 0, 0, 0, 0, 0, 0, 0, 2, 2, 0, 2, 1, 2, 1, 4, 3, 6, 5, 3, 3, 2, 2, 4, 4, 215, 0, 0, 0, 0, 0, 0]",4,9.995589689372448,-1,1
1254,"[1, 2, 0, 1, 1, 3, 0, 1, 0, 1, 0, 0, 1, 0, 2, 0, 0, 0, 0, 0, 0, 0, 0, 0, 2, 0, 0, 0, 0, 0, 0, 0, 1, 1, 0, 1, 1, 0, 2, 0, 0, 0, 1, 0, 0, 0, 0, 1, 0, 0, 2, 0, 2, 0, 0, 0, 0, 0, 0, 0, 0, 0, 0, 2, 2, 0, 2, 1, 2, 1, 4, 3, 6, 5, 3, 3, 2, 2, 4, 4, 215, 0, 0, 0, 0, 0, 0]",1,0.6804928538544577,-1,0
1255,"[1, 2, 0, 1, 1, 3, 0, 1, 0, 1, 0, 0, 1, 0, 2, 0, 0, 0, 0, 0, 0, 0, 0, 0, 2, 0, 0, 0, 0, 0, 0, 0, 1, 1, 0, 1, 1, 0, 2, 0, 0, 0, 1, 0, 0, 0, 0, 1, 0, 0, 2, 0, 2, 0, 0, 0, 0, 0, 0, 0, 0, 0, 0, 2, 2, 0, 2, 1, 2, 1, 4, 3, 6, 5, 3, 3, 2, 2, 4, 4, 215, 0, 0, 0, 0, 0, 0]",-1,-0.005824207888674849,-1,0
1256,"[1, 2, 0, 1, 1, 3, 0, 1, 0, 1, 0, 0, 1, 0, 2, 0, 0, 0, 0, 0, 0, 0, 0, 0, 2, 0, 0, 0, 0, 0, 0, 0, 1, 1, 0, 1, 1, 0, 2, 0, 0, 0, 1, 0, 0, 0, 0, 1, 0, 0, 2, 0, 2, 0, 0, 0, 0, 0, 0, 0, 0, 0, 0, 2, 2, 0, 2, 1, 2, 1, 4, 3, 6, 5, 3, 3, 2, 2, 4, 4, 215, 0, 1, 0, 0, 0, 0]",2,0.4708687387548409,-1,0
1257,"[1, 2, 0, 1, 1, 3, 0, 1, 0, 1, 0, 0, 1, 0, 2, 0, 0, 0, 0, 0, 0, 0, 0, 0, 2, 0, 0, 0, 0, 0, 0, 0, 1, 1, 0, 1, 1, 0, 2, 0, 0, 0, 1, 0, 0, 0, 0, 1, 0, 0, 2, 0, 2, 0, 0, 0, 0, 0, 0, 0, 0, 0, 0, 2, 2, 0, 2, 1, 2, 1, 4, 3, 6, 5, 3, 3, 2, 2, 4, 4, 215, 0, 0, 0, 0, 0, 0]",-1,-0.005824207888674849,-1,0
1258,"[1, 2, 0, 1, 1, 3, 0, 1, 0, 1, 0, 0, 1, 0, 2, 0, 0, 0, 0, 0, 0, 0, 0, 0, 2, 0, 0, 0, 0, 0, 0, 0, 1, 1, 0, 1, 1, 0, 2, 0, 0, 0, 1, 0, 0, 0, 0, 1, 0, 0, 2, 0, 2, 0, 0, 0, 0, 0, 0, 0, 0, 0, 0, 2, 2, 0, 2, 1, 2, 1, 4, 3, 6, 5, 3, 3, 2, 2, 4, 4, 215, 1, 0, 0, 0, 0, 0]",3,0.27086873875484097,-1,0
1259,"[1, 2, 0, 1, 1, 3, 0, 1, 0, 1, 0, 0, 1, 0, 2, 0, 0, 0, 0, 0, 0, 0, 0, 0, 2, 0, 0, 0, 0, 0, 0, 0, 1, 1, 0, 1, 1, 0, 2, 0, 0, 0, 1, 0, 0, 0, 0, 1, 0, 0, 2, 0, 2, 0, 0, 0, 0, 0, 0, 0, 0, 0, 0, 2, 2, 0, 2, 1, 2, 1, 4, 3, 6, 5, 3, 3, 2, 2, 4, 4, 215, 0, 0, 0, 0, 0, 0]",-1,-0.005824207888674849,-1,0
1260,"[1, 2, 0, 1, 1, 3, 0, 1, 0, 1, 0, 0, 1, 0, 2, 0, 0, 0, 0, 0, 0, 0, 0, 0, 2, 0, 0, 0, 0, 0, 0, 0, 1, 1, 0, 1, 1, 0, 2, 0, 0, 0, 1, 0, 0, 0, 0, 1, 0, 0, 2, 0, 2, 0, 0, 0, 0, 0, 0, 0, 0, 0, 0, 2, 2, 0, 2, 1, 2, 1, 4, 3, 6, 5, 3, 3, 2, 2, 4, 4, 215, 0, 1, 0, 0, 0, 0]",2,0.4708687387548409,-1,0
1261,"[1, 2, 0, 1, 1, 3, 0, 1, 0, 1, 0, 0, 1, 0, 2, 0, 0, 0, 0, 0, 0, 0, 0, 0, 2, 0, 0, 0, 0, 0, 0, 0, 1, 1, 0, 1, 1, 0, 2, 0, 0, 0, 1, 0, 0, 0, 0, 1, 0, 0, 2, 0, 2, 0, 0, 0, 0, 0, 0, 0, 0, 0, 0, 2, 2, 0, 2, 1, 2, 1, 4, 3, 6, 5, 3, 3, 2, 2, 4, 4, 215, 0, 0, 0, 0, 0, 0]",-1,-0.005824207888674849,-1,0
1262,"[1, 2, 0, 1, 1, 3, 0, 1, 0, 1, 0, 0, 1, 0, 2, 0, 0, 0, 0, 0, 0, 0, 0, 0, 2, 0, 0, 0, 0, 0, 0, 0, 1, 1, 0, 1, 1, 0, 2, 0, 0, 0, 1, 0, 0, 0, 0, 1, 0, 0, 2, 0, 2, 0, 0, 0, 0, 0, 0, 0, 0, 0, 0, 2, 2, 0, 2, 1, 2, 1, 4, 3, 6, 5, 3, 3, 2, 2, 4, 4, 215, 0, 1, 0, 0, 0, 0]",2,0.4708687387548409,-1,0
1263,"[1, 2, 0, 1, 1, 3, 0, 1, 0, 1, 0, 0, 1, 0, 2, 0, 0, 0, 0, 0, 0, 0, 0, 0, 2, 0, 0, 0, 0, 0, 0, 0, 1, 1, 0, 1, 1, 0, 2, 0, 0, 0, 1, 0, 0, 0, 0, 1, 0, 0, 2, 0, 2, 0, 0, 0, 0, 0, 0, 0, 0, 0, 0, 2, 2, 0, 2, 1, 2, 1, 4, 3, 6, 5, 3, 3, 2, 2, 4, 4, 215, 0, 0, 0, 0, 0, 0]",-1,-0.005824207888674849,-1,0
1264,"[1, 2, 0, 1, 1, 3, 0, 1, 0, 1, 0, 0, 1, 0, 2, 0, 0, 0, 0, 0, 0, 0, 0, 0, 2, 0, 0, 0, 0, 0, 0, 0, 1, 1, 0, 1, 1, 0, 2, 0, 0, 0, 1, 0, 0, 0, 0, 1, 0, 0, 2, 0, 2, 0, 0, 0, 0, 0, 0, 0, 0, 0, 0, 2, 2, 0, 2, 1, 2, 1, 4, 3, 6, 5, 3, 3, 2, 2, 4, 4, 215, 0, 1, 0, 0, 0, 0]",2,0.4708687387548409,-1,0
1265,"[1, 2, 0, 1, 1, 3, 0, 1, 0, 1, 0, 0, 1, 0, 2, 0, 0, 0, 0, 0, 0, 0, 0, 0, 2, 0, 0, 0, 0, 0, 0, 0, 1, 1, 0, 1, 1, 0, 2, 0, 0, 0, 1, 0, 0, 0, 0, 1, 0, 0, 2, 0, 2, 0, 0, 0, 0, 0, 0, 0, 0, 0, 0, 2, 2, 0, 2, 1, 2, 1, 4, 3, 6, 5, 3, 3, 2, 2, 4, 4, 215, 0, 0, 0, 0, 0, 0]",-1,-0.005824207888674849,-1,0
1266,"[1, 2, 0, 1, 1, 3, 0, 1, 0, 1, 0, 0, 1, 0, 2, 0, 0, 0, 0, 0, 0, 0, 0, 0, 2, 0, 0, 0, 0, 0, 0, 0, 1, 1, 0, 1, 1, 0, 2, 0, 0, 0, 1, 0, 0, 0, 0, 1, 0, 0, 2, 0, 2, 0, 0, 0, 0, 0, 0, 0, 0, 0, 0, 2, 2, 0, 2, 1, 2, 1, 4, 3, 6, 5, 3, 3, 2, 2, 4, 4, 215, 1, 0, 0, 0, 0, 0]",3,0.27086873875484097,-1,0
1267,"[1, 2, 0, 1, 1, 3, 0, 1, 0, 1, 0, 0, 1, 0, 2, 0, 0, 0, 0, 0, 0, 0, 0, 0, 2, 0, 0, 0, 0, 0, 0, 0, 1, 1, 0, 1, 1, 0, 2, 0, 0, 0, 1, 0, 0, 0, 0, 1, 0, 0, 2, 0, 2, 0, 0, 0, 0, 0, 0, 0, 0, 0, 0, 2, 2, 0, 2, 1, 2, 1, 4, 3, 6, 5, 3, 3, 2, 2, 4, 4, 215, 0, 0, 0, 0, 0, 0]",-1,-0.005824207888674849,-1,0
1268,"[1, 2, 0, 1, 1, 3, 0, 1, 0, 1, 0, 0, 1, 0, 2, 0, 0, 0, 0, 0, 0, 0, 0, 0, 2, 0, 0, 0, 0, 0, 0, 0, 1, 1, 0, 1, 1, 0, 2, 0, 0, 0, 1, 0, 0, 0, 0, 1, 0, 0, 2, 0, 2, 0, 0, 0, 0, 0, 0, 0, 0, 0, 0, 2, 2, 0, 2, 1, 2, 1, 4, 3, 6, 5, 3, 3, 2, 2, 4, 4, 215, 0, 1, 0, 0, 0, 0]",2,0.4708687387548409,-1,0
1269,"[1, 2, 0, 1, 1, 3, 0, 1, 0, 1, 0, 0, 1, 0, 2, 0, 0, 0, 0, 0, 0, 0, 0, 0, 2, 0, 0, 0, 0, 0, 0, 0, 1, 1, 0, 1, 1, 0, 2, 0, 0, 0, 1, 0, 0, 0, 0, 1, 0, 0, 2, 0, 2, 0, 0, 0, 0, 0, 0, 0, 0, 0, 0, 2, 2, 0, 2, 1, 2, 1, 4, 3, 6, 5, 3, 3, 2, 2, 4, 4, 215, 0, 0, 0, 0, 0, 0]",-1,-0.005824207888674849,-1,0
1270,"[1, 1, 0, 1, 1, 1, 0, 1, 0, 1, 0, 0, 1, 0, 2, 0, 0, 0, 0, 0, 0, 0, 0, 0, 2, 0, 0, 0, 0, 0, 0, 0, 1, 1, 0, 1, 1, 0, 2, 0, 0, 0, 1, 0, 0, 0, 0, 1, 0, 0, 2, 0, 2, 0, 0, 0, 0, 0, 0, 0, 0, 0, 0, 2, 2, 0, 2, 1, 2, 1, 4, 3, 6, 5, 3, 3, 2, 2, 4, 3, 216, 0, 0, 0, 0, 0, 0]",4,14.614091007666211,-1,0
1271,"[1, 1, 0, 1, 1, 1, 0, 1, 0, 1, 0, 0, 1, 0, 2, 0, 0, 0, 0, 0, 0, 0, 0, 0, 2, 0, 0, 0, 0, 0, 0, 0, 1, 1, 0, 1, 1, 0, 2, 0, 0, 0, 1, 0, 0, 0, 0, 1, 0, 0, 2, 0, 2, 0, 0, 0, 0, 0, 0, 0, 0, 0, 0, 2, 2, 0, 2, 1, 2, 1, 4, 3, 6, 5, 3, 3, 2, 2, 4, 3, 216, 0, 0, 0, 0, 0, 0]",0,0.45471132645258894,-1,1
1272,"[1, 1, 0, 1, 0, 0, 0, 1, 0, 1, 0, 0, 1, 0, 2, 0, 0, 0, 0, 0, 0, 0, 0, 0, 2, 0, 0, 0, 0, 0, 0, 0, 1, 1, 0, 1, 1, 0, 2, 0, 0, 0, 1, 0, 0, 0, 0, 1, 0, 0, 2, 2, 2, 0, 0, 0, 0, 0, 0, 0, 0, 0, 2, 2, 3, 0, 2, 1, 2, 1, 4, 3, 6, 5, 3, 3, 2, 2, 4, 3, 216, 0, 0, 0, 0, 0, 0]",19,3.5298056766445534,-1,1
1273,"[1, 1, 0, 1, 0, 0, 0, 1, 0, 1, 0, 0, 1, 0, 2, 0, 0, 0, 0, 0, 0, 0, 0, 0, 2, 0, 0, 0, 0, 0, 0, 0, 1, 1, 0, 1, 1, 0, 2, 0, 0, 0, 1, 0, 0, 0, 0, 1, 0, 0, 2, 2, 2, 0, 0, 0, 0, 0, 0, 0, 0, 0, 2, 2, 3, 0, 2, 1, 2, 1, 4, 3, 6, 5, 3, 3, 2, 2, 4, 3, 216, 0, 1, 0, 0, 0, 0]",2,0.4690493078787361,-1,1
1274,"[1, 1, 0, 1, 0, 0, 0, 1, 0, 1, 0, 0, 1, 0, 2, 0, 0, 0, 0, 0, 0, 0, 0, 0, 2, 0, 0, 0, 0, 0, 0, 0, 1, 1, 0, 1, 1, 0, 2, 0, 0, 0, 1, 0, 0, 0, 0, 1, 0, 0, 2, 2, 2, 0, 0, 0, 0, 0, 0, 0, 0, 0, 2, 2, 3, 0, 2, 1, 2, 1, 4, 3, 6, 5, 3, 3, 2, 2, 4, 3, 216, 0, 0, 0, 0, 0, 0]",-1,-0.005766256051903126,-1,1
1275,"[1, 1, 0, 1, 0, 0, 0, 1, 0, 1, 0, 0, 1, 0, 2, 0, 0, 0, 0, 0, 0, 0, 0, 0, 2, 0, 0, 0, 0, 0, 0, 0, 1, 1, 0, 1, 1, 0, 2, 0, 0, 0, 1, 0, 0, 0, 0, 1, 0, 0, 2, 2, 2, 0, 0, 0, 0, 0, 0, 0, 0, 0, 2, 2, 3, 0, 2, 1, 2, 1, 4, 3, 6, 5, 3, 3, 2, 2, 4, 3, 216, 0, 0, 0, 0, 0, 0]",-1,-0.005766256051903126,-1,1
1276,"[1, 1, 0, 1, 2, 0, 0, 1, 0, 1, 0, 0, 1, 0, 2, 0, 0, 0, 0, 0, 0, 0, 0, 0, 2, 0, 0, 0, 0, 0, 0, 0, 1, 1, 0, 1, 1, 0, 2, 0, 0, 0, 1, 0, 0, 0, 0, 1, 0, 0, 2, 2, 2, 0, 0, 0, 0, 0, 0, 0, 0, 0, 2, 2, 3, 0, 2, 1, 2, 1, 4, 3, 6, 5, 3, 3, 2, 2, 4, 3, 217, 0, 0, 0, 0, 0, 0]",4,11.334453414442917,-1,1
1277,"[2, 1, 0, 1, 2, 0, 0, 1, 0, 1, 0, 0, 1, 0, 2, 0, 0, 0, 0, 0, 0, 0, 0, 0, 2, 0, 0, 0, 0, 0, 0, 0, 1, 1, 0, 1, 1, 0, 2, 0, 0, 0, 1, 0, 0, 0, 0, 1, 0, 0, 2, 2, 2, 0, 0, 0, 0, 0, 0, 0, 0, 0, 2, 2, 3, 0, 2, 1, 2, 1, 4, 3, 6, 5, 3, 3, 2, 2, 4, 3, 218, 0, 0, 0, 0, 0, 0]",4,14.450664921651374,-1,0
1278,"[2, 1, 0, 1, 2, 0, 0, 1, 0, 1, 0, 0, 1, 0, 2, 0, 0, 0, 0, 0, 0, 0, 0, 0, 2, 0, 0, 0, 0, 0, 0, 0, 1, 1, 0, 1, 1, 0, 2, 0, 0, 0, 1, 0, 0, 0, 0, 1, 0, 0, 2, 2, 2, 0, 0, 0, 0, 0, 0, 0, 0, 0, 2, 2, 3, 0, 2, 1, 2, 1, 4, 3, 6, 5, 3, 3, 2, 2, 4, 3, 218, 0, 0, 0, 0, 0, 0]",-1,-0.005652076532022493,-1,1
1279,"[2, 1, 0, 1, 2, 0, 0, 1, 0, 1, 0, 0, 1, 0, 2, 0, 0, 0, 0, 0, 0, 0, 0, 0, 2, 0, 0, 0, 0, 0, 0, 0, 1, 1, 0, 1, 1, 0, 2, 0, 0, 0, 1, 0, 0, 0, 0, 1, 0, 0, 2, 2, 2, 0, 0, 0, 0, 0, 0, 0, 0, 0, 2, 2, 3, 0, 2, 1, 2, 1, 4, 3, 6, 5, 3, 3, 2, 2, 4, 3, 218, 0, 0, 0, 0, 0, 0]",-1,-0.005652076532022493,-1,1
1280,"[2, 1, 0, 1, 4, 0, 0, 1, 0, 1, 0, 0, 1, 0, 2, 0, 0, 0, 0, 0, 0, 0, 0, 0, 2, 0, 0, 0, 0, 0, 0, 0, 1, 1, 0, 1, 1, 0, 2, 0, 0, 0, 1, 0, 0, 0, 0, 1, 0, 0, 2, 2, 2, 0, 0, 0, 0, 0, 0, 0, 0, 0, 2, 2, 3, 0, 2, 1, 2, 1, 4, 3, 6, 5, 3, 3, 2, 2, 4, 3, 219, 0, 0, 0, 0, 0, 0]",4,11.035071652518107,-1,1
1281,"[2, 1, 0, 1, 4, 0, 0, 1, 0, 1, 0, 0, 1, 0, 2, 0, 0, 0, 0, 0, 0, 0, 0, 0, 2, 0, 0, 0, 0, 0, 0, 0, 1, 1, 0, 1, 1, 0, 2, 0, 0, 0, 1, 0, 0, 0, 0, 1, 0, 0, 2, 2, 2, 0, 0, 0, 0, 0, 0, 0, 0, 0, 2, 2, 3, 0, 2, 1, 2, 1, 4, 3, 6, 5, 3, 3, 2, 2, 4, 3, 219, 1, 0, 0, 0, 0, 0]",3,0.26372925324219487,-1,0
1282,"[0, 1, 0, 2, 4, 0, 0, 1, 0, 1, 0, 0, 1, 0, 2, 0, 0, 0, 0, 0, 0, 0, 0, 0, 2, 0, 0, 0, 0, 0, 0, 0, 1, 1, 0, 1, 1, 0, 2, 0, 0, 0, 1, 0, 0, 0, 0, 1, 0, 0, 2, 2, 2, 0, 0, 0, 0, 0, 0, 0, 0, 0, 2, 2, 3, 0, 2, 1, 2, 1, 4, 3, 6, 5, 3, 3, 2, 2, 4, 3, 219, 0, 0, 0, 0, 0, 0]","[[2 0 0 0]
 [0 0 0 1]]",-0.13481306484676406,-1,0
1283,"[0, 1, 0, 2, 4, 0, 0, 1, 0, 1, 0, 0, 1, 0, 2, 0, 0, 0, 0, 0, 0, 0, 0, 0, 2, 0, 0, 0, 0, 0, 0, 0, 1, 1, 0, 1, 1, 0, 2, 0, 0, 0, 1, 0, 0, 0, 0, 1, 0, 0, 2, 2, 2, 0, 0, 0, 0, 0, 0, 0, 0, 0, 2, 2, 3, 0, 2, 1, 2, 1, 4, 3, 6, 5, 3, 3, 2, 2, 4, 3, 219, 0, 1, 0, 0, 0, 0]",2,0.4637292532421948,-1,0
1284,"[0, 1, 0, 2, 4, 0, 0, 1, 0, 1, 0, 0, 1, 0, 2, 0, 0, 0, 0, 0, 0, 0, 0, 0, 2, 0, 0, 0, 0, 0, 0, 0, 1, 1, 0, 1, 1, 0, 2, 0, 0, 0, 1, 0, 0, 0, 0, 1, 0, 0, 2, 2, 2, 0, 0, 0, 0, 0, 0, 0, 0, 0, 2, 2, 3, 0, 2, 1, 2, 1, 4, 3, 6, 5, 3, 3, 2, 2, 4, 3, 219, 0, 1, 0, 0, 1, 0]","[[0 0 0 1]
 [1 0 0 0]]",0.7141541183002857,-1,0
1285,"[1, 1, 0, 1, 3, 0, 0, 2, 0, 1, 0, 0, 1, 0, 2, 0, 0, 0, 0, 0, 0, 0, 0, 0, 2, 0, 0, 0, 0, 0, 0, 0, 1, 1, 0, 1, 1, 0, 2, 0, 0, 0, 1, 0, 0, 0, 0, 1, 0, 0, 2, 2, 2, 0, 0, 0, 0, 0, 0, 0, 0, 0, 2, 2, 3, 0, 2, 1, 2, 1, 4, 3, 6, 5, 3, 3, 2, 2, 4, 3, 219, 0, 0, 0, 0, 0, 0]",0,-0.13627074675780512,-1,1
1286,"[1, 1, 0, 1, 3, 0, 0, 2, 0, 1, 0, 0, 1, 0, 2, 0, 0, 0, 0, 0, 0, 0, 0, 0, 2, 0, 0, 0, 0, 0, 0, 0, 1, 1, 0, 1, 1, 0, 2, 0, 0, 0, 1, 0, 0, 0, 0, 1, 0, 0, 2, 2, 2, 0, 0, 0, 0, 0, 0, 0, 0, 0, 2, 2, 3, 0, 2, 1, 2, 1, 4, 3, 6, 5, 3, 3, 2, 2, 4, 3, 219, 0, 0, 0, 0, 0, 0]",1,0.6733533683418116,-1,0
1287,"[1, 1, 0, 1, 3, 0, 0, 2, 0, 1, 0, 0, 1, 0, 2, 0, 0, 0, 0, 0, 0, 0, 0, 0, 2, 0, 0, 0, 0, 0, 0, 0, 1, 1, 0, 1, 1, 0, 2, 0, 0, 0, 1, 0, 0, 0, 0, 1, 0, 0, 2, 2, 2, 0, 0, 0, 0, 0, 0, 0, 0, 0, 2, 2, 3, 0, 2, 1, 2, 1, 4, 3, 6, 5, 3, 3, 2, 2, 4, 3, 219, 0, 0, 0, 0, 0, 0]",-1,-0.005595837430866444,-1,0
1288,"[1, 1, 0, 1, 3, 0, 0, 2, 0, 1, 0, 0, 1, 0, 2, 0, 0, 0, 0, 0, 0, 0, 0, 0, 2, 0, 0, 0, 0, 0, 0, 0, 1, 1, 0, 1, 1, 0, 2, 0, 0, 0, 1, 0, 0, 0, 0, 1, 0, 0, 2, 2, 2, 0, 0, 0, 0, 0, 0, 0, 0, 0, 2, 2, 3, 0, 2, 1, 2, 1, 4, 3, 6, 5, 3, 3, 2, 2, 4, 3, 219, 0, 0, 0, 0, 0, 0]",1,0.6733533683418116,-1,0
1289,"[1, 1, 0, 1, 3, 0, 0, 2, 0, 1, 0, 0, 1, 0, 2, 0, 0, 0, 0, 0, 0, 0, 0, 0, 2, 0, 0, 0, 0, 0, 0, 0, 1, 1, 0, 1, 1, 0, 2, 0, 0, 0, 1, 0, 0, 0, 0, 1, 0, 0, 2, 2, 2, 0, 0, 0, 0, 0, 0, 0, 0, 0, 2, 2, 3, 0, 2, 1, 2, 1, 4, 3, 6, 5, 3, 3, 2, 2, 4, 3, 219, 0, 0, 0, 0, 0, 0]",-1,-0.005595837430866444,-1,0
1290,"[1, 1, 0, 1, 3, 0, 0, 2, 0, 1, 0, 0, 1, 0, 2, 0, 0, 0, 0, 0, 0, 0, 0, 0, 2, 0, 0, 0, 0, 0, 0, 0, 1, 1, 0, 1, 1, 0, 2, 0, 0, 0, 1, 0, 0, 0, 0, 1, 0, 0, 2, 2, 2, 0, 0, 0, 0, 0, 0, 0, 0, 0, 2, 2, 3, 0, 2, 1, 2, 1, 4, 3, 6, 5, 3, 3, 2, 2, 4, 3, 219, 0, 0, 0, 0, 0, 0]",1,0.6733533683418116,-1,0
1291,"[1, 1, 0, 1, 3, 0, 0, 2, 0, 1, 0, 0, 1, 0, 2, 0, 0, 0, 0, 0, 0, 0, 0, 0, 2, 0, 0, 0, 0, 0, 0, 0, 1, 1, 0, 1, 1, 0, 2, 0, 0, 0, 1, 0, 0, 0, 0, 1, 0, 0, 2, 2, 2, 0, 0, 0, 0, 0, 0, 0, 0, 0, 2, 2, 3, 0, 2, 1, 2, 1, 4, 3, 6, 5, 3, 3, 2, 2, 4, 3, 219, 0, 0, 0, 0, 0, 0]",-1,-0.005595837430866444,-1,0
1292,"[1, 1, 0, 1, 3, 0, 0, 2, 0, 1, 0, 0, 1, 0, 2, 0, 0, 0, 0, 0, 0, 0, 0, 0, 2, 0, 0, 0, 0, 0, 0, 0, 1, 1, 0, 1, 1, 0, 2, 0, 0, 0, 1, 0, 0, 0, 0, 1, 0, 0, 2, 2, 2, 0, 0, 0, 0, 0, 0, 0, 0, 0, 2, 2, 3, 0, 2, 1, 2, 1, 4, 3, 6, 5, 3, 3, 2, 2, 4, 3, 219, 0, 0, 0, 0, 0, 0]",1,0.6733533683418116,-1,0
1293,"[1, 1, 0, 1, 3, 0, 0, 2, 0, 1, 0, 0, 1, 0, 2, 0, 0, 0, 0, 0, 0, 0, 0, 0, 2, 0, 0, 0, 0, 0, 0, 0, 1, 1, 0, 1, 1, 0, 2, 0, 0, 0, 1, 0, 0, 0, 0, 1, 0, 0, 2, 2, 2, 0, 0, 0, 0, 0, 0, 0, 0, 0, 2, 2, 3, 0, 2, 1, 2, 1, 4, 3, 6, 5, 3, 3, 2, 2, 4, 3, 219, 0, 0, 0, 0, 0, 0]",-1,-0.005595837430866444,-1,0
1294,"[1, 1, 0, 1, 3, 0, 0, 2, 0, 1, 0, 0, 1, 0, 2, 0, 0, 0, 0, 0, 0, 0, 0, 0, 2, 0, 0, 0, 0, 0, 0, 0, 1, 1, 0, 1, 1, 0, 2, 0, 0, 0, 1, 0, 0, 0, 0, 1, 0, 0, 2, 2, 2, 0, 0, 0, 0, 0, 0, 0, 0, 0, 2, 2, 3, 0, 2, 1, 2, 1, 4, 3, 6, 5, 3, 3, 2, 2, 4, 3, 219, 0, 1, 0, 0, 0, 0]",2,0.4637292532421948,-1,0
1295,"[1, 1, 0, 1, 3, 0, 0, 2, 0, 1, 0, 0, 1, 0, 2, 0, 0, 0, 0, 0, 0, 0, 0, 0, 2, 0, 0, 0, 0, 0, 0, 0, 1, 1, 0, 1, 1, 0, 2, 0, 0, 0, 1, 0, 0, 0, 0, 1, 0, 0, 2, 2, 2, 0, 0, 0, 0, 0, 0, 0, 0, 0, 2, 2, 3, 0, 2, 1, 2, 1, 4, 3, 6, 5, 3, 3, 2, 2, 4, 3, 219, 0, 0, 0, 0, 0, 0]",-1,-0.005595837430866444,-1,0
1296,"[1, 1, 0, 1, 3, 0, 0, 3, 0, 1, 0, 0, 1, 0, 2, 0, 0, 0, 0, 0, 0, 0, 0, 0, 2, 0, 0, 0, 0, 0, 0, 0, 1, 1, 0, 1, 1, 0, 2, 0, 0, 0, 1, 0, 0, 0, 0, 1, 0, 0, 2, 2, 2, 0, 0, 0, 0, 0, 0, 0, 0, 0, 2, 2, 3, 0, 2, 1, 2, 1, 4, 3, 6, 5, 3, 3, 2, 2, 4, 3, 220, 0, 0, 0, 0, 0, 0]",4,14.606590062646335,-1,0
1297,"[1, 1, 0, 1, 3, 0, 0, 3, 0, 1, 0, 0, 1, 0, 2, 0, 0, 0, 0, 0, 0, 0, 0, 0, 2, 0, 0, 0, 0, 0, 0, 0, 1, 1, 0, 1, 1, 0, 2, 0, 0, 0, 1, 0, 0, 0, 0, 1, 0, 0, 2, 2, 2, 0, 0, 0, 0, 0, 0, 0, 0, 0, 2, 2, 3, 0, 2, 1, 2, 1, 4, 3, 6, 5, 3, 3, 2, 2, 4, 3, 220, 1, 0, 0, 0, 0, 0]",3,0.2620051037744775,-1,1
1298,"[1, 1, 0, 1, 3, 0, 0, 3, 0, 1, 0, 0, 1, 0, 2, 0, 0, 0, 0, 0, 0, 0, 0, 0, 2, 0, 0, 0, 0, 0, 0, 0, 1, 1, 0, 1, 1, 0, 2, 0, 0, 0, 1, 0, 0, 0, 0, 1, 0, 0, 2, 2, 2, 0, 0, 0, 0, 0, 0, 0, 0, 0, 2, 2, 3, 0, 2, 1, 2, 1, 4, 3, 6, 5, 3, 3, 2, 2, 4, 3, 220, 0, 0, 0, 0, 0, 0]",-1,-0.005540157918116694,-1,1
1299,"[1, 1, 0, 1, 3, 0, 0, 4, 0, 1, 0, 0, 1, 0, 2, 0, 0, 0, 0, 0, 0, 0, 0, 0, 2, 0, 0, 0, 0, 0, 0, 0, 1, 1, 0, 1, 1, 0, 2, 0, 0, 0, 1, 0, 0, 0, 0, 1, 0, 0, 2, 2, 2, 0, 0, 0, 0, 0, 0, 0, 0, 0, 2, 2, 3, 0, 2, 1, 2, 1, 4, 3, 6, 5, 3, 3, 2, 2, 4, 3, 221, 0, 0, 0, 0, 0, 0]",4,11.141000585286479,-1,1
1300,"[1, 1, 0, 1, 3, 0, 0, 4, 0, 1, 0, 0, 1, 0, 2, 0, 0, 0, 0, 0, 0, 0, 0, 0, 2, 0, 0, 0, 0, 0, 0, 0, 1, 1, 0, 1, 1, 0, 2, 0, 0, 0, 1, 0, 0, 0, 0, 1, 0, 0, 2, 2, 2, 0, 0, 0, 0, 0, 0, 0, 0, 0, 2, 2, 3, 0, 2, 1, 2, 1, 4, 3, 6, 5, 3, 3, 2, 2, 4, 3, 221, 0, 0, 0, 0, 0, 0]",1,0.6699310718991089,-1,0
1301,"[1, 1, 0, 1, 3, 0, 0, 4, 0, 1, 0, 0, 1, 0, 2, 0, 0, 0, 0, 0, 0, 0, 0, 0, 2, 0, 0, 0, 0, 0, 0, 0, 1, 1, 0, 1, 1, 0, 2, 0, 0, 0, 1, 0, 0, 0, 0, 1, 0, 0, 2, 2, 2, 0, 0, 0, 0, 0, 0, 0, 0, 0, 2, 2, 3, 0, 2, 1, 2, 1, 4, 3, 6, 5, 3, 3, 2, 2, 4, 3, 221, 0, 0, 0, 0, 0, 0]",-1,-0.005485032425775571,-1,0
1302,"[1, 1, 0, 1, 3, 0, 0, 4, 0, 1, 0, 0, 1, 0, 2, 0, 0, 0, 0, 0, 0, 0, 0, 0, 2, 0, 0, 0, 0, 0, 0, 0, 1, 1, 0, 1, 1, 0, 2, 0, 0, 0, 1, 0, 0, 0, 0, 1, 0, 0, 2, 2, 2, 0, 0, 0, 0, 0, 0, 0, 0, 0, 2, 2, 3, 0, 2, 1, 2, 1, 4, 3, 6, 5, 3, 3, 2, 2, 4, 3, 221, 0, 1, 0, 0, 0, 0]",2,0.4603069567994922,-1,0
1303,"[1, 1, 0, 1, 3, 0, 0, 4, 0, 1, 0, 0, 1, 0, 2, 0, 0, 0, 0, 0, 0, 0, 0, 0, 2, 0, 0, 0, 0, 0, 0, 0, 1, 1, 0, 1, 1, 0, 2, 0, 0, 0, 1, 0, 0, 0, 0, 1, 0, 0, 2, 2, 2, 0, 0, 0, 0, 0, 0, 0, 0, 0, 2, 2, 3, 0, 2, 1, 2, 1, 4, 3, 6, 5, 3, 3, 2, 2, 4, 3, 221, 0, 0, 0, 0, 0, 0]",-1,-0.005485032425775571,-1,0
1304,"[1, 1, 0, 1, 3, 0, 0, 5, 0, 1, 0, 0, 1, 0, 2, 0, 0, 0, 0, 0, 0, 0, 0, 0, 2, 0, 0, 0, 0, 0, 0, 0, 1, 1, 0, 1, 1, 0, 2, 0, 0, 0, 1, 0, 0, 0, 0, 1, 0, 0, 2, 2, 2, 0, 0, 0, 0, 0, 0, 0, 0, 0, 2, 2, 3, 0, 2, 1, 2, 1, 4, 3, 6, 5, 3, 3, 2, 2, 4, 3, 222, 0, 0, 0, 0, 0, 0]",4,14.602998904642963,-1,0
1305,"[1, 1, 0, 1, 3, 0, 0, 5, 0, 1, 0, 0, 1, 0, 2, 0, 0, 0, 0, 0, 0, 0, 0, 0, 2, 0, 0, 0, 0, 0, 0, 0, 1, 1, 0, 1, 1, 0, 2, 0, 0, 0, 1, 0, 0, 0, 0, 1, 0, 0, 2, 2, 2, 0, 0, 0, 0, 0, 0, 0, 0, 0, 2, 2, 3, 0, 2, 1, 2, 1, 4, 3, 6, 5, 3, 3, 2, 2, 4, 3, 222, 0, 0, 0, 0, 0, 0]",-1,-0.005430455441247898,-1,1
1306,"[1, 1, 0, 1, 3, 0, 0, 5, 0, 1, 0, 0, 1, 0, 2, 0, 0, 0, 0, 0, 0, 0, 0, 0, 2, 0, 0, 0, 0, 0, 0, 0, 1, 1, 0, 1, 1, 0, 2, 0, 0, 0, 1, 0, 0, 0, 0, 1, 0, 0, 2, 2, 2, 0, 0, 0, 0, 0, 0, 0, 0, 0, 2, 2, 3, 0, 2, 1, 2, 1, 4, 3, 6, 5, 3, 3, 2, 2, 4, 3, 222, 0, 0, 0, 0, 0, 0]",-1,-0.005430455441247898,-1,1
1307,"[1, 1, 0, 1, 5, 0, 0, 5, 0, 1, 0, 0, 1, 0, 2, 0, 0, 0, 0, 0, 0, 0, 0, 0, 2, 0, 0, 0, 0, 0, 0, 0, 1, 1, 0, 1, 1, 0, 2, 0, 0, 0, 1, 0, 0, 0, 0, 1, 0, 0, 2, 2, 2, 0, 0, 0, 0, 0, 0, 0, 0, 0, 2, 2, 3, 0, 2, 1, 2, 1, 4, 3, 6, 5, 3, 3, 2, 2, 4, 3, 223, 0, 0, 0, 0, 0, 0]",4,11.105581923930208,-1,1
1308,"[1, 1, 0, 1, 5, 0, 0, 5, 0, 1, 0, 0, 1, 0, 2, 0, 0, 0, 0, 0, 0, 0, 0, 0, 2, 0, 0, 0, 0, 0, 0, 0, 1, 1, 0, 1, 1, 0, 2, 0, 0, 0, 1, 0, 0, 0, 0, 1, 0, 0, 2, 2, 2, 0, 0, 0, 0, 0, 0, 0, 0, 0, 2, 2, 3, 0, 2, 1, 2, 1, 4, 3, 6, 5, 3, 3, 2, 2, 4, 3, 223, 0, 0, 0, 0, 0, 0]",1,0.6666156939594188,-1,0
1309,"[1, 1, 0, 1, 5, 0, 0, 5, 0, 1, 0, 0, 1, 0, 2, 0, 0, 0, 0, 0, 0, 0, 0, 0, 2, 0, 0, 0, 0, 0, 0, 0, 1, 1, 0, 1, 1, 0, 2, 0, 0, 0, 1, 0, 0, 0, 0, 1, 0, 0, 2, 2, 2, 0, 0, 0, 0, 0, 0, 0, 0, 0, 2, 2, 3, 0, 2, 1, 2, 1, 4, 3, 6, 5, 3, 3, 2, 2, 4, 3, 223, 0, 0, 0, 0, 0, 0]",-1,-0.005376421506789748,-1,0
1310,"[1, 1, 0, 1, 5, 0, 0, 5, 0, 1, 0, 0, 1, 0, 2, 0, 0, 0, 0, 0, 0, 0, 0, 0, 2, 0, 0, 0, 0, 0, 0, 0, 1, 1, 0, 1, 1, 0, 2, 0, 0, 0, 1, 0, 0, 0, 0, 1, 0, 0, 2, 2, 2, 0, 0, 0, 0, 0, 0, 0, 0, 0, 2, 2, 3, 0, 2, 1, 2, 1, 4, 3, 6, 5, 3, 3, 2, 2, 4, 3, 223, 0, 0, 0, 0, 0, 0]",1,0.6666156939594188,-1,0
1311,"[1, 1, 0, 1, 5, 0, 0, 5, 0, 1, 0, 0, 1, 0, 2, 0, 0, 0, 0, 0, 0, 0, 0, 0, 2, 0, 0, 0, 0, 0, 0, 0, 1, 1, 0, 1, 1, 0, 2, 0, 0, 0, 1, 0, 0, 0, 0, 1, 0, 0, 2, 2, 2, 0, 0, 0, 0, 0, 0, 0, 0, 0, 2, 2, 3, 0, 2, 1, 2, 1, 4, 3, 6, 5, 3, 3, 2, 2, 4, 3, 223, 0, 0, 0, 0, 0, 0]",-1,-0.005376421506789748,-1,0
1312,"[1, 1, 0, 1, 5, 0, 0, 5, 0, 1, 0, 0, 1, 0, 2, 0, 0, 0, 0, 0, 0, 0, 0, 0, 2, 0, 0, 0, 0, 0, 0, 0, 1, 1, 0, 1, 1, 0, 2, 0, 0, 0, 1, 0, 0, 0, 0, 1, 0, 0, 2, 2, 2, 0, 0, 0, 0, 0, 0, 0, 0, 0, 2, 2, 3, 0, 2, 1, 2, 1, 4, 3, 6, 5, 3, 3, 2, 2, 4, 3, 223, 0, 1, 0, 0, 0, 0]",2,0.456991578859802,-1,0
1313,"[1, 1, 0, 1, 5, 0, 0, 5, 0, 1, 0, 0, 1, 0, 2, 0, 0, 0, 0, 0, 0, 0, 0, 0, 2, 0, 0, 0, 0, 0, 0, 0, 1, 1, 0, 1, 1, 0, 2, 0, 0, 0, 1, 0, 0, 0, 0, 1, 0, 0, 2, 2, 2, 0, 0, 0, 0, 0, 0, 0, 0, 0, 2, 2, 3, 0, 2, 1, 2, 1, 4, 3, 6, 5, 3, 3, 2, 2, 4, 3, 223, 0, 0, 0, 0, 0, 0]",-1,-0.005376421506789748,-1,0
1314,"[1, 1, 0, 1, 5, 0, 0, 5, 0, 1, 0, 0, 1, 0, 2, 0, 0, 0, 0, 0, 0, 0, 0, 0, 2, 0, 0, 0, 0, 0, 0, 0, 1, 1, 0, 1, 1, 0, 2, 0, 0, 0, 1, 0, 0, 0, 0, 1, 0, 0, 2, 2, 2, 0, 0, 0, 0, 0, 0, 0, 0, 0, 2, 2, 3, 0, 2, 1, 2, 1, 4, 3, 6, 5, 3, 3, 2, 2, 4, 3, 223, 0, 1, 0, 0, 0, 0]",2,0.456991578859802,-1,0
1315,"[1, 1, 0, 1, 5, 0, 0, 5, 0, 1, 0, 0, 1, 0, 2, 0, 0, 0, 0, 0, 0, 0, 0, 0, 2, 0, 0, 0, 0, 0, 0, 0, 1, 1, 0, 1, 1, 0, 2, 0, 0, 0, 1, 0, 0, 0, 0, 1, 0, 0, 2, 2, 2, 0, 0, 0, 0, 0, 0, 0, 0, 0, 2, 2, 3, 0, 2, 1, 2, 1, 4, 3, 6, 5, 3, 3, 2, 2, 4, 3, 223, 0, 0, 0, 0, 0, 0]",-1,-0.005376421506789748,-1,0
1316,"[1, 1, 0, 1, 5, 0, 0, 5, 0, 1, 0, 0, 1, 0, 2, 0, 0, 0, 0, 0, 0, 0, 0, 0, 2, 0, 0, 0, 0, 0, 0, 0, 1, 1, 0, 1, 1, 0, 2, 0, 0, 0, 1, 0, 0, 0, 0, 1, 0, 0, 2, 2, 2, 0, 0, 0, 0, 0, 0, 0, 0, 0, 2, 2, 3, 0, 2, 1, 2, 1, 4, 3, 6, 5, 3, 3, 2, 2, 4, 3, 223, 0, 0, 0, 0, 0, 0]",1,0.6666156939594188,-1,0
1317,"[1, 1, 0, 1, 5, 0, 0, 5, 0, 1, 0, 0, 1, 0, 2, 0, 0, 0, 0, 0, 0, 0, 0, 0, 2, 0, 0, 0, 0, 0, 0, 0, 1, 1, 0, 1, 1, 0, 2, 0, 0, 0, 1, 0, 0, 0, 0, 1, 0, 0, 2, 2, 2, 0, 0, 0, 0, 0, 0, 0, 0, 0, 2, 2, 3, 0, 2, 1, 2, 1, 4, 3, 6, 5, 3, 3, 2, 2, 4, 3, 223, 0, 0, 0, 0, 0, 0]",-1,-0.005376421506789748,-1,0
1318,"[1, 2, 0, 1, 5, 1, 0, 5, 0, 1, 0, 0, 1, 0, 2, 0, 0, 0, 0, 0, 0, 0, 0, 0, 2, 0, 0, 0, 0, 0, 0, 0, 1, 1, 0, 1, 1, 0, 2, 0, 0, 0, 1, 0, 0, 0, 0, 1, 0, 0, 2, 2, 2, 0, 0, 0, 0, 0, 0, 0, 0, 0, 2, 2, 3, 0, 2, 1, 2, 1, 4, 3, 6, 5, 3, 3, 2, 2, 4, 3, 224, 0, 0, 0, 0, 0, 0]",4,14.439897045362544,-1,0
1319,"[1, 3, 0, 1, 5, 2, 0, 5, 0, 1, 0, 0, 1, 0, 2, 0, 0, 0, 0, 0, 0, 0, 0, 0, 2, 0, 0, 0, 0, 0, 0, 0, 1, 1, 0, 1, 1, 0, 2, 0, 0, 0, 1, 0, 0, 0, 0, 1, 0, 0, 2, 2, 2, 0, 0, 0, 0, 0, 0, 0, 0, 0, 2, 2, 3, 0, 2, 1, 2, 1, 4, 3, 6, 5, 3, 3, 2, 2, 4, 3, 225, 0, 0, 0, 0, 0, 0]",4,11.286465766883072,-1,1
1320,"[1, 3, 0, 1, 5, 2, 0, 5, 0, 1, 0, 0, 1, 0, 2, 0, 0, 0, 0, 0, 0, 0, 0, 0, 2, 0, 0, 0, 0, 0, 0, 0, 1, 1, 0, 1, 1, 0, 2, 0, 0, 0, 1, 0, 0, 0, 0, 1, 0, 0, 2, 2, 2, 0, 0, 0, 0, 0, 0, 0, 0, 0, 2, 2, 3, 0, 2, 1, 2, 1, 4, 3, 6, 5, 3, 3, 2, 2, 4, 3, 225, 0, 1, 0, 0, 0, 0]",2,0.453788284273999,-1,0
1321,"[1, 3, 0, 1, 5, 2, 0, 5, 0, 1, 0, 0, 1, 0, 2, 0, 0, 0, 0, 0, 0, 0, 0, 0, 2, 0, 0, 0, 0, 0, 0, 0, 1, 1, 0, 1, 1, 0, 2, 0, 0, 0, 1, 0, 0, 0, 0, 1, 0, 0, 2, 2, 2, 0, 0, 0, 0, 0, 0, 0, 0, 0, 2, 2, 3, 0, 2, 1, 2, 1, 4, 3, 6, 5, 3, 3, 2, 2, 4, 3, 225, 0, 0, 0, 0, 0, 0]",-1,-0.005269961228093217,-1,0
1322,"[1, 3, 0, 1, 5, 2, 0, 5, 0, 1, 0, 0, 1, 0, 2, 0, 0, 0, 0, 0, 0, 0, 0, 0, 2, 0, 0, 0, 0, 0, 0, 0, 1, 1, 0, 1, 1, 0, 2, 0, 0, 0, 1, 0, 0, 0, 0, 1, 0, 0, 2, 2, 2, 0, 0, 0, 0, 0, 0, 0, 0, 0, 2, 2, 3, 0, 2, 1, 2, 1, 4, 3, 6, 5, 3, 3, 2, 2, 4, 3, 225, 0, 0, 0, 0, 0, 0]",1,0.6634123993736157,-1,0
1323,"[1, 3, 0, 1, 5, 2, 0, 5, 0, 1, 0, 0, 1, 0, 2, 0, 0, 0, 0, 0, 0, 0, 0, 0, 2, 0, 0, 0, 0, 0, 0, 0, 1, 1, 0, 1, 1, 0, 2, 0, 0, 0, 1, 0, 0, 0, 0, 1, 0, 0, 2, 2, 2, 0, 0, 0, 0, 0, 0, 0, 0, 0, 2, 2, 3, 0, 2, 1, 2, 1, 4, 3, 6, 5, 3, 3, 2, 2, 4, 3, 225, 0, 0, 0, 0, 0, 0]",-1,-0.005269961228093217,-1,0
1324,"[1, 3, 0, 1, 5, 2, 0, 5, 0, 1, 0, 0, 1, 0, 2, 0, 0, 0, 0, 0, 0, 0, 0, 0, 2, 0, 0, 0, 0, 0, 0, 0, 1, 1, 0, 1, 1, 0, 2, 0, 0, 0, 1, 0, 0, 0, 0, 1, 0, 0, 2, 2, 2, 0, 0, 0, 0, 0, 0, 0, 0, 0, 2, 2, 3, 0, 2, 1, 2, 1, 4, 3, 6, 5, 3, 3, 2, 2, 4, 3, 225, 1, 0, 0, 0, 0, 0]",3,0.253788284273999,-1,0
1325,"[1, 3, 0, 1, 5, 2, 0, 5, 0, 1, 0, 0, 1, 0, 2, 0, 0, 0, 0, 0, 0, 0, 0, 0, 2, 0, 0, 0, 0, 0, 0, 0, 1, 1, 0, 1, 1, 0, 2, 0, 0, 0, 1, 0, 0, 0, 0, 1, 0, 0, 2, 2, 2, 0, 0, 0, 0, 0, 0, 0, 0, 0, 2, 2, 3, 0, 2, 1, 2, 1, 4, 3, 6, 5, 3, 3, 2, 2, 4, 3, 225, 0, 0, 0, 0, 0, 0]",-1,-0.005269961228093217,-1,0
1326,"[1, 3, 0, 1, 5, 2, 0, 5, 0, 1, 0, 0, 1, 0, 2, 0, 0, 0, 0, 0, 0, 0, 0, 0, 2, 0, 0, 0, 0, 0, 0, 0, 1, 1, 0, 1, 1, 0, 2, 0, 0, 0, 1, 0, 0, 0, 0, 1, 0, 0, 2, 2, 2, 0, 0, 0, 0, 0, 0, 0, 0, 0, 2, 2, 3, 0, 2, 1, 2, 1, 4, 3, 6, 5, 3, 3, 2, 2, 4, 3, 225, 1, 0, 0, 0, 0, 0]",3,0.253788284273999,-1,0
1327,"[1, 3, 0, 1, 5, 2, 0, 5, 0, 1, 0, 0, 1, 0, 2, 0, 0, 0, 0, 0, 0, 0, 0, 0, 2, 0, 0, 0, 0, 0, 0, 0, 1, 1, 0, 1, 1, 0, 2, 0, 0, 0, 1, 0, 0, 0, 0, 1, 0, 0, 2, 2, 2, 0, 0, 0, 0, 0, 0, 0, 0, 0, 2, 2, 3, 0, 2, 1, 2, 1, 4, 3, 6, 5, 3, 3, 2, 2, 4, 3, 225, 0, 0, 0, 0, 0, 0]",-1,-0.005269961228093217,-1,0
1328,"[1, 1, 0, 1, 2, 1, 0, 2, 0, 1, 0, 0, 1, 0, 2, 0, 0, 0, 0, 0, 0, 0, 0, 0, 2, 0, 0, 0, 0, 0, 0, 0, 1, 1, 0, 1, 1, 0, 2, 0, 0, 0, 1, 0, 0, 0, 0, 1, 0, 0, 2, 2, 2, 0, 0, 0, 0, 0, 0, 0, 0, 0, 2, 2, 3, 0, 2, 1, 2, 1, 4, 3, 6, 5, 3, 3, 2, 2, 4, 1, 226, 0, 0, 0, 0, 0, 0]",4,14.59616320524946,-1,0
1329,"[1, 1, 0, 1, 2, 1, 0, 2, 0, 1, 0, 0, 1, 0, 2, 0, 0, 0, 0, 0, 0, 0, 0, 0, 2, 0, 0, 0, 0, 0, 0, 0, 1, 1, 0, 1, 1, 0, 2, 0, 0, 0, 1, 0, 0, 0, 0, 1, 0, 0, 2, 2, 2, 0, 0, 0, 0, 0, 0, 0, 0, 0, 2, 2, 3, 0, 2, 1, 2, 1, 4, 3, 6, 5, 3, 3, 2, 2, 4, 1, 226, 1, 0, 0, 0, 0, 0]",3,0.2522299987831502,-1,1
1330,"[1, 1, 0, 1, 2, 1, 0, 2, 0, 1, 0, 0, 1, 0, 2, 0, 0, 0, 0, 0, 0, 0, 0, 0, 2, 0, 0, 0, 0, 0, 0, 0, 1, 1, 0, 1, 1, 0, 2, 0, 0, 0, 1, 0, 0, 0, 0, 1, 0, 0, 2, 2, 2, 0, 0, 0, 0, 0, 0, 0, 0, 0, 2, 2, 3, 0, 2, 1, 2, 1, 4, 3, 6, 5, 3, 3, 2, 2, 4, 1, 226, 0, 0, 0, 0, 0, 0]",-1,-0.00521752423773825,-1,1
1331,"[1, 1, 0, 1, 4, 1, 0, 2, 0, 1, 0, 0, 1, 0, 2, 0, 0, 0, 0, 0, 0, 0, 0, 0, 2, 0, 0, 0, 0, 0, 0, 0, 1, 1, 0, 1, 1, 0, 2, 0, 0, 0, 1, 0, 0, 0, 0, 1, 0, 0, 2, 2, 2, 0, 0, 0, 0, 0, 0, 0, 0, 0, 2, 2, 3, 0, 2, 1, 2, 1, 4, 3, 6, 5, 3, 3, 2, 2, 4, 1, 227, 0, 0, 0, 0, 0, 0]",4,11.28972233382159,-1,1
1332,"[1, 1, 0, 1, 4, 1, 0, 2, 0, 1, 0, 0, 1, 0, 2, 0, 0, 0, 0, 0, 0, 0, 0, 0, 2, 0, 0, 0, 0, 0, 0, 0, 1, 1, 0, 1, 1, 0, 2, 0, 0, 0, 1, 0, 0, 0, 0, 1, 0, 0, 2, 2, 2, 0, 0, 0, 0, 0, 0, 0, 0, 0, 2, 2, 3, 0, 2, 1, 2, 1, 4, 3, 6, 5, 3, 3, 2, 2, 4, 1, 227, 0, 1, 0, 0, 0, 0]",2,0.45070120333246755,-1,0
1333,"[1, 1, 0, 1, 4, 1, 0, 2, 0, 1, 0, 0, 1, 0, 2, 0, 0, 0, 0, 0, 0, 0, 0, 0, 2, 0, 0, 0, 0, 0, 0, 0, 1, 1, 0, 1, 1, 0, 2, 0, 0, 0, 1, 0, 0, 0, 0, 1, 0, 0, 2, 2, 2, 0, 0, 0, 0, 0, 0, 0, 0, 0, 2, 2, 3, 0, 2, 1, 2, 1, 4, 3, 6, 5, 3, 3, 2, 2, 4, 1, 227, 0, 0, 0, 0, 0, 0]",-1,-0.00516560900415501,-1,0
1334,"[1, 1, 0, 1, 4, 1, 0, 2, 0, 1, 0, 0, 1, 0, 2, 0, 0, 0, 0, 0, 0, 0, 0, 0, 2, 0, 0, 0, 0, 0, 0, 0, 1, 1, 0, 1, 1, 0, 2, 0, 0, 0, 1, 0, 0, 0, 0, 1, 0, 0, 2, 2, 2, 0, 0, 0, 0, 0, 0, 0, 0, 0, 2, 2, 3, 0, 2, 1, 2, 1, 4, 3, 6, 5, 3, 3, 2, 2, 4, 1, 227, 1, 0, 0, 0, 0, 0]",3,0.2507012033324676,-1,0
1335,"[1, 1, 0, 1, 4, 1, 0, 2, 0, 1, 0, 0, 1, 0, 2, 0, 0, 0, 0, 0, 0, 0, 0, 0, 2, 0, 0, 0, 0, 0, 0, 0, 1, 1, 0, 1, 1, 0, 2, 0, 0, 0, 1, 0, 0, 0, 0, 1, 0, 0, 2, 2, 2, 0, 0, 0, 0, 0, 0, 0, 0, 0, 2, 2, 3, 0, 2, 1, 2, 1, 4, 3, 6, 5, 3, 3, 2, 2, 4, 1, 227, 0, 0, 0, 0, 0, 0]",-1,-0.00516560900415501,-1,0
1336,"[1, 1, 0, 1, 4, 1, 0, 2, 0, 1, 0, 0, 1, 0, 2, 0, 0, 0, 0, 0, 0, 0, 0, 0, 2, 0, 0, 0, 0, 0, 0, 0, 1, 1, 0, 1, 1, 0, 2, 0, 0, 0, 1, 0, 0, 0, 0, 1, 0, 0, 2, 2, 2, 0, 0, 0, 0, 0, 0, 0, 0, 0, 2, 2, 3, 0, 2, 1, 2, 1, 4, 3, 6, 5, 3, 3, 2, 2, 4, 1, 227, 0, 1, 0, 0, 0, 0]",2,0.45070120333246755,-1,0
1337,"[1, 1, 0, 1, 4, 1, 0, 2, 0, 1, 0, 0, 1, 0, 2, 0, 0, 0, 0, 0, 0, 0, 0, 0, 2, 0, 0, 0, 0, 0, 0, 0, 1, 1, 0, 1, 1, 0, 2, 0, 0, 0, 1, 0, 0, 0, 0, 1, 0, 0, 2, 2, 2, 0, 0, 0, 0, 0, 0, 0, 0, 0, 2, 2, 3, 0, 2, 1, 2, 1, 4, 3, 6, 5, 3, 3, 2, 2, 4, 1, 227, 0, 0, 0, 0, 0, 0]",-1,-0.00516560900415501,-1,0
1338,"[1, 1, 0, 1, 4, 1, 0, 2, 0, 1, 0, 0, 1, 0, 2, 0, 0, 0, 0, 0, 0, 0, 0, 0, 2, 0, 0, 0, 0, 0, 0, 0, 1, 1, 0, 1, 1, 0, 2, 0, 0, 0, 1, 0, 0, 0, 0, 1, 0, 0, 2, 2, 2, 0, 0, 0, 0, 0, 0, 0, 0, 0, 2, 2, 3, 0, 2, 1, 2, 1, 4, 3, 6, 5, 3, 3, 2, 2, 4, 1, 228, 0, 0, 0, 0, 0, 0]",4,14.592926758728646,-1,0
1339,"[1, 1, 0, 1, 4, 1, 0, 2, 0, 1, 0, 0, 1, 0, 2, 0, 0, 0, 0, 0, 0, 0, 0, 0, 2, 0, 0, 0, 0, 0, 0, 0, 1, 1, 0, 1, 1, 0, 2, 0, 0, 0, 1, 0, 0, 0, 0, 1, 0, 0, 2, 2, 2, 0, 0, 0, 0, 0, 0, 0, 0, 0, 2, 2, 3, 0, 2, 1, 2, 1, 4, 3, 6, 5, 3, 3, 2, 2, 4, 1, 228, 0, 1, 0, 0, 0, 0]",2,0.4492022567102103,-1,1
1340,"[1, 1, 0, 1, 4, 1, 0, 2, 0, 1, 0, 0, 1, 0, 2, 0, 0, 0, 0, 0, 0, 0, 0, 0, 2, 0, 0, 0, 0, 0, 0, 0, 1, 1, 0, 1, 1, 0, 2, 0, 0, 0, 1, 0, 0, 0, 0, 1, 0, 0, 2, 2, 2, 0, 0, 0, 0, 0, 0, 0, 0, 0, 2, 2, 3, 0, 2, 1, 2, 1, 4, 3, 6, 5, 3, 3, 2, 2, 4, 1, 228, 0, 1, 0, 0, 1, 0]","[[1 0 0 1]
 [1 1 0 1]]",1.7744435892508064,-1,1
1341,"[1, 0, 0, 1, 4, 2, 0, 2, 0, 1, 0, 0, 1, 0, 2, 0, 0, 0, 0, 0, 0, 0, 0, 0, 2, 0, 0, 0, 0, 0, 0, 0, 1, 1, 0, 1, 1, 0, 2, 0, 0, 0, 1, 0, 0, 0, 0, 1, 0, 0, 2, 2, 2, 0, 0, 0, 0, 0, 0, 0, 0, 0, 2, 2, 3, 0, 2, 1, 2, 1, 4, 3, 6, 5, 3, 3, 2, 2, 4, 1, 228, 0, 0, 0, 0, 0, 0]",0,-0.15079774328978965,-1,0
1342,"[1, 0, 0, 1, 4, 2, 0, 2, 0, 1, 0, 0, 1, 0, 2, 0, 0, 0, 0, 0, 0, 0, 0, 0, 2, 0, 0, 0, 0, 0, 0, 0, 1, 1, 0, 1, 1, 0, 2, 0, 0, 0, 1, 0, 0, 0, 0, 1, 0, 0, 2, 2, 2, 0, 0, 0, 0, 0, 0, 0, 0, 0, 2, 2, 3, 0, 2, 1, 2, 1, 4, 3, 6, 5, 3, 3, 2, 2, 4, 1, 228, 1, 0, 0, 0, 0, 0]",3,0.24920225671021037,-1,1
1343,"[1, 0, 0, 1, 4, 2, 0, 2, 0, 1, 0, 0, 1, 0, 2, 0, 0, 0, 0, 0, 0, 0, 0, 0, 2, 0, 0, 0, 0, 0, 0, 0, 1, 1, 0, 1, 1, 0, 2, 0, 0, 0, 1, 0, 0, 0, 0, 1, 0, 0, 2, 2, 2, 0, 0, 0, 0, 0, 0, 0, 0, 0, 2, 2, 3, 0, 2, 1, 2, 1, 4, 3, 6, 5, 3, 3, 2, 2, 4, 1, 228, 0, 0, 0, 0, 0, 0]",-1,-0.0051142103357768726,-1,1
1344,"[2, 0, 0, 1, 4, 3, 0, 2, 0, 1, 0, 0, 1, 0, 2, 0, 0, 0, 0, 0, 0, 0, 0, 0, 2, 0, 0, 0, 0, 0, 0, 0, 1, 1, 0, 1, 1, 0, 2, 0, 0, 0, 1, 0, 0, 0, 0, 1, 0, 0, 2, 2, 2, 0, 0, 0, 0, 0, 0, 0, 0, 0, 2, 2, 3, 0, 2, 1, 2, 1, 4, 3, 6, 5, 3, 3, 2, 2, 4, 1, 229, 0, 0, 0, 0, 0, 0]",4,11.388607990477393,-1,1
1345,"[2, 0, 0, 1, 4, 3, 0, 2, 0, 1, 0, 0, 1, 0, 2, 0, 0, 0, 0, 0, 0, 0, 0, 0, 2, 0, 0, 0, 0, 0, 0, 0, 1, 1, 0, 1, 1, 0, 2, 0, 0, 0, 1, 0, 0, 0, 0, 1, 0, 0, 2, 2, 2, 0, 0, 0, 0, 0, 0, 0, 0, 0, 2, 2, 3, 0, 2, 1, 2, 1, 4, 3, 6, 5, 3, 3, 2, 2, 4, 1, 229, 0, 1, 0, 0, 0, 0]",2,0.44773345703141787,-1,0
1346,"[2, 0, 0, 1, 4, 3, 0, 2, 0, 1, 0, 0, 1, 0, 2, 0, 0, 0, 0, 0, 0, 0, 0, 0, 2, 0, 0, 0, 0, 0, 0, 0, 1, 1, 0, 1, 1, 0, 2, 0, 0, 0, 1, 0, 0, 0, 0, 1, 0, 0, 2, 2, 2, 0, 0, 0, 0, 0, 0, 0, 0, 0, 2, 2, 3, 0, 2, 1, 2, 1, 4, 3, 6, 5, 3, 3, 2, 2, 4, 1, 229, 0, 1, 0, 0, 1, 0]","[[0 0 0 1]
 [0 1 0 0]]",0.6981583220895088,-1,0
1347,"[2, 1, 0, 0, 4, 2, 0, 3, 0, 1, 0, 0, 1, 0, 2, 0, 0, 0, 0, 0, 0, 0, 0, 0, 2, 0, 0, 0, 0, 0, 0, 0, 1, 1, 0, 1, 1, 0, 2, 0, 0, 0, 1, 0, 0, 0, 0, 1, 0, 0, 2, 2, 2, 0, 0, 0, 0, 0, 0, 0, 0, 0, 2, 2, 3, 0, 2, 1, 2, 1, 4, 3, 6, 5, 3, 3, 2, 2, 4, 1, 229, 0, 0, 0, 0, 0, 0]",0,-0.1522665429685821,-1,1
1348,"[2, 1, 0, 0, 6, 2, 0, 3, 0, 1, 0, 0, 1, 0, 2, 0, 0, 0, 0, 0, 0, 0, 0, 0, 2, 0, 0, 0, 0, 0, 0, 0, 1, 1, 0, 1, 1, 0, 2, 0, 0, 0, 1, 0, 0, 0, 0, 1, 0, 0, 2, 2, 2, 0, 0, 0, 0, 0, 0, 0, 0, 0, 2, 2, 3, 0, 2, 1, 2, 1, 4, 3, 6, 5, 3, 3, 2, 2, 4, 1, 230, 0, 0, 0, 0, 0, 0]",4,14.112090331305568,-1,0
1349,"[2, 1, 0, 0, 6, 2, 0, 3, 0, 1, 0, 0, 1, 0, 2, 0, 0, 0, 0, 0, 0, 0, 0, 0, 2, 0, 0, 0, 0, 0, 0, 0, 1, 1, 0, 1, 1, 0, 2, 0, 0, 0, 1, 0, 0, 0, 0, 1, 0, 0, 2, 2, 2, 0, 0, 0, 0, 0, 0, 0, 0, 0, 2, 2, 3, 0, 2, 1, 2, 1, 4, 3, 6, 5, 3, 3, 2, 2, 4, 1, 230, 0, 0, 0, 0, 0, 0]",0,0.38851271176923474,-1,1
1350,"[2, 1, 0, 0, 6, 2, 0, 3, 0, 1, 0, 0, 1, 0, 2, 0, 0, 0, 0, 0, 0, 0, 0, 0, 2, 0, 0, 0, 0, 0, 0, 0, 1, 1, 0, 1, 1, 0, 2, 0, 0, 0, 1, 0, 0, 0, 0, 1, 0, 0, 2, 2, 2, 0, 0, 0, 0, 0, 0, 0, 0, 0, 2, 2, 3, 0, 2, 1, 2, 1, 4, 3, 6, 5, 3, 3, 2, 2, 4, 1, 230, 0, 0, 0, 0, 0, 0]",-1,-0.005012942186140186,-1,1
1351,"[2, 1, 0, 0, 6, 2, 0, 3, 0, 1, 0, 0, 1, 0, 2, 0, 0, 0, 0, 0, 0, 0, 0, 0, 2, 0, 0, 0, 0, 0, 0, 0, 1, 1, 0, 1, 1, 0, 2, 0, 0, 0, 1, 0, 0, 0, 0, 1, 0, 0, 2, 2, 2, 0, 0, 0, 0, 0, 0, 0, 0, 0, 2, 2, 3, 0, 2, 1, 2, 1, 4, 3, 6, 5, 3, 3, 2, 2, 4, 1, 230, 0, 1, 0, 0, 0, 0]",2,0.4462950433001964,-1,0
1352,"[2, 1, 0, 0, 6, 2, 0, 3, 0, 1, 0, 0, 1, 0, 2, 0, 0, 0, 0, 0, 0, 0, 0, 0, 2, 0, 0, 0, 0, 0, 0, 0, 1, 1, 0, 1, 1, 0, 2, 0, 0, 0, 1, 0, 0, 0, 0, 1, 0, 0, 2, 2, 2, 0, 0, 0, 0, 0, 0, 0, 0, 0, 2, 2, 3, 0, 2, 1, 2, 1, 4, 3, 6, 5, 3, 3, 2, 2, 4, 1, 230, 0, 1, 0, 0, 1, 0]","[[0 1 0 0]
 [0 0 0 1]]",0.6967199083582873,-1,0
1353,"[2, 1, 0, 0, 6, 2, 0, 3, 0, 1, 0, 0, 1, 0, 2, 0, 0, 0, 0, 0, 0, 0, 0, 0, 2, 0, 0, 0, 0, 0, 0, 0, 1, 1, 0, 1, 1, 0, 2, 0, 0, 0, 1, 0, 0, 0, 0, 1, 0, 0, 2, 2, 2, 0, 0, 0, 0, 0, 0, 0, 0, 0, 2, 2, 3, 0, 2, 1, 2, 1, 4, 3, 6, 5, 3, 3, 2, 2, 4, 1, 230, 0, 0, 0, 0, 0, 0]",1,-9.413834545425871,-1,1
1354,"[2, 1, 0, 0, 6, 2, 0, 3, 0, 1, 0, 0, 1, 0, 2, 0, 0, 0, 0, 0, 0, 0, 0, 0, 2, 0, 0, 0, 0, 0, 0, 0, 1, 1, 0, 1, 1, 0, 2, 0, 0, 0, 1, 0, 0, 0, 0, 1, 0, 0, 2, 2, 2, 0, 0, 0, 0, 0, 0, 0, 0, 0, 2, 2, 3, 0, 2, 1, 2, 1, 4, 3, 6, 5, 3, 3, 2, 2, 4, 1, 230, 0, 0, 0, 0, 0, 0]",1,0.6559191583998132,-1,0
1355,"[2, 1, 0, 0, 6, 2, 0, 3, 0, 1, 0, 0, 1, 0, 2, 0, 0, 0, 0, 0, 0, 0, 0, 0, 2, 0, 0, 0, 0, 0, 0, 0, 1, 1, 0, 1, 1, 0, 2, 0, 0, 0, 1, 0, 0, 0, 0, 1, 0, 0, 2, 2, 2, 0, 0, 0, 0, 0, 0, 0, 0, 0, 2, 2, 3, 0, 2, 1, 2, 1, 4, 3, 6, 5, 3, 3, 2, 2, 4, 1, 230, 0, 0, 0, 0, 0, 0]",-1,-0.005012942186140186,-1,0
1356,"[2, 1, 0, 0, 6, 2, 0, 3, 0, 1, 0, 0, 1, 0, 2, 0, 0, 0, 0, 0, 0, 0, 0, 0, 2, 0, 0, 0, 0, 0, 0, 0, 1, 1, 0, 1, 1, 0, 2, 0, 0, 0, 1, 0, 0, 0, 0, 1, 0, 0, 2, 2, 2, 0, 0, 0, 0, 0, 0, 0, 0, 0, 2, 2, 3, 0, 2, 1, 2, 1, 4, 3, 6, 5, 3, 3, 2, 2, 4, 1, 230, 0, 1, 0, 0, 0, 0]",2,0.4462950433001964,-1,0
1357,"[2, 1, 0, 0, 6, 2, 0, 3, 0, 1, 0, 0, 1, 0, 2, 0, 0, 0, 0, 0, 0, 0, 0, 0, 2, 0, 0, 0, 0, 0, 0, 0, 1, 1, 0, 1, 1, 0, 2, 0, 0, 0, 1, 0, 0, 0, 0, 1, 0, 0, 2, 2, 2, 0, 0, 0, 0, 0, 0, 0, 0, 0, 2, 2, 3, 0, 2, 1, 2, 1, 4, 3, 6, 5, 3, 3, 2, 2, 4, 1, 230, 0, 1, 0, 0, 1, 0]","[[1 0 0 0]
 [0 0 0 1]]",0.6967199083582873,-1,0
1358,"[1, 1, 0, 1, 7, 2, 0, 2, 0, 1, 0, 0, 1, 0, 2, 0, 0, 0, 0, 0, 0, 0, 0, 0, 2, 0, 0, 0, 0, 0, 0, 0, 1, 1, 0, 1, 1, 0, 2, 0, 0, 0, 1, 0, 0, 0, 0, 1, 0, 0, 2, 2, 2, 0, 0, 0, 0, 0, 0, 0, 0, 0, 2, 2, 3, 0, 2, 1, 2, 1, 4, 3, 6, 5, 3, 3, 2, 2, 4, 1, 230, 0, 0, 0, 0, 0, 0]",0,-0.15370495669980352,-1,1
1359,"[2, 1, 0, 1, 7, 3, 0, 2, 0, 1, 0, 0, 1, 0, 2, 0, 0, 0, 0, 0, 0, 0, 0, 0, 2, 0, 0, 0, 0, 0, 0, 0, 1, 1, 0, 1, 1, 0, 2, 0, 0, 0, 1, 0, 0, 0, 0, 1, 0, 0, 2, 2, 2, 0, 0, 0, 0, 0, 0, 0, 0, 0, 2, 2, 3, 0, 2, 1, 2, 1, 4, 3, 6, 5, 3, 3, 2, 2, 4, 1, 231, 0, 0, 0, 0, 0, 0]",4,14.42868164489231,-1,0
1360,"[2, 1, 0, 1, 7, 3, 0, 3, 0, 1, 0, 0, 1, 0, 2, 0, 0, 0, 0, 0, 0, 0, 0, 0, 2, 0, 0, 0, 0, 0, 0, 0, 1, 1, 0, 1, 1, 0, 2, 0, 0, 0, 1, 0, 0, 0, 0, 1, 0, 0, 2, 2, 2, 0, 0, 0, 0, 0, 0, 0, 0, 0, 2, 2, 3, 0, 2, 1, 2, 1, 4, 3, 6, 5, 3, 3, 2, 2, 4, 1, 232, 0, 0, 0, 0, 0, 0]",4,11.247749061682072,-1,1
1361,"[3, 1, 0, 1, 7, 4, 0, 3, 0, 1, 0, 0, 1, 0, 2, 0, 0, 0, 0, 0, 0, 0, 0, 0, 2, 0, 0, 0, 0, 0, 0, 0, 1, 1, 0, 1, 1, 0, 2, 0, 0, 0, 1, 0, 0, 0, 0, 1, 0, 0, 2, 2, 2, 0, 0, 0, 0, 0, 0, 0, 0, 0, 2, 2, 3, 0, 2, 1, 2, 1, 4, 3, 6, 5, 3, 3, 2, 2, 4, 1, 233, 0, 0, 0, 0, 0, 0]",4,14.164946483571416,-1,0
1362,"[3, 1, 0, 1, 7, 4, 0, 3, 0, 1, 0, 0, 1, 0, 2, 0, 0, 0, 0, 0, 0, 0, 0, 0, 2, 0, 0, 0, 0, 0, 0, 0, 1, 1, 0, 1, 1, 0, 2, 0, 0, 0, 1, 0, 0, 0, 0, 1, 0, 0, 2, 2, 2, 0, 0, 0, 0, 0, 0, 0, 0, 0, 2, 2, 3, 0, 2, 1, 2, 1, 4, 3, 6, 5, 3, 3, 2, 2, 4, 1, 233, 1, 0, 0, 0, 0, 0]",3,0.24216365869554943,-1,1
1363,"[3, 1, 0, 1, 7, 4, 0, 3, 0, 1, 0, 0, 1, 0, 2, 0, 0, 0, 0, 0, 0, 0, 0, 0, 2, 0, 0, 0, 0, 0, 0, 0, 1, 1, 0, 1, 1, 0, 2, 0, 0, 0, 1, 0, 0, 0, 0, 1, 0, 0, 2, 2, 2, 0, 0, 0, 0, 0, 0, 0, 0, 0, 2, 2, 3, 0, 2, 1, 2, 1, 4, 3, 6, 5, 3, 3, 2, 2, 4, 1, 233, 0, 0, 0, 0, 0, 0]",-1,-0.004864787354476638,-1,1
1364,"[4, 1, 0, 1, 7, 5, 0, 3, 0, 1, 0, 0, 1, 0, 2, 0, 0, 0, 0, 0, 0, 0, 0, 0, 2, 0, 0, 0, 0, 0, 0, 0, 1, 1, 0, 1, 1, 0, 2, 0, 0, 0, 1, 0, 0, 0, 0, 1, 0, 0, 2, 2, 2, 0, 0, 0, 0, 0, 0, 0, 0, 0, 2, 2, 3, 0, 2, 1, 2, 1, 4, 3, 6, 5, 3, 3, 2, 2, 4, 1, 234, 0, 0, 0, 0, 0, 0]",4,13.99634586175506,-1,0
1365,"[2, 1, 0, 1, 3, 2, 0, 1, 0, 1, 0, 0, 1, 0, 2, 0, 0, 0, 0, 0, 0, 0, 0, 0, 2, 0, 0, 0, 0, 0, 0, 0, 1, 1, 0, 1, 1, 0, 2, 0, 0, 0, 1, 0, 0, 0, 0, 1, 0, 0, 2, 2, 2, 0, 0, 0, 0, 0, 0, 0, 0, 0, 2, 2, 3, 0, 2, 1, 2, 1, 4, 3, 6, 5, 3, 3, 2, 2, 4, 5, 235, 0, 0, 0, 0, 0, 0]",4,11.391450454725845,-1,1
1366,"[2, 1, 0, 1, 3, 2, 0, 1, 0, 1, 0, 0, 1, 0, 2, 0, 0, 0, 0, 0, 0, 0, 0, 0, 2, 0, 0, 0, 0, 0, 0, 0, 1, 1, 0, 1, 1, 0, 2, 0, 0, 0, 1, 0, 0, 0, 0, 1, 0, 0, 2, 2, 2, 0, 0, 0, 0, 0, 0, 0, 0, 0, 2, 2, 3, 0, 2, 1, 2, 1, 4, 3, 6, 5, 3, 3, 2, 2, 4, 5, 235, 0, 0, 0, 0, 0, 0]",1,0.6491873373879004,-1,0
1367,"[2, 1, 0, 1, 3, 2, 0, 1, 0, 1, 0, 0, 1, 0, 2, 0, 0, 0, 0, 0, 0, 0, 0, 0, 2, 0, 0, 0, 0, 0, 0, 0, 1, 1, 0, 1, 1, 0, 2, 0, 0, 0, 1, 0, 0, 0, 0, 1, 0, 0, 2, 2, 2, 0, 0, 0, 0, 0, 0, 0, 0, 0, 2, 2, 3, 0, 2, 1, 2, 1, 4, 3, 6, 5, 3, 3, 2, 2, 4, 5, 235, 0, 0, 0, 0, 0, 0]",-1,-0.004768458110777481,-1,0
1368,"[2, 1, 0, 1, 3, 2, 0, 1, 0, 1, 0, 0, 1, 0, 2, 0, 0, 0, 0, 0, 0, 0, 0, 0, 2, 0, 0, 0, 0, 0, 0, 0, 1, 1, 0, 1, 1, 0, 2, 0, 0, 0, 1, 0, 0, 0, 0, 1, 0, 0, 2, 2, 2, 0, 0, 0, 0, 0, 0, 0, 0, 0, 2, 2, 3, 0, 2, 1, 2, 1, 4, 3, 6, 5, 3, 3, 2, 2, 4, 5, 235, 0, 1, 0, 0, 0, 0]",2,0.4395632222882836,-1,0
1369,"[2, 1, 0, 1, 3, 2, 0, 1, 0, 1, 0, 0, 1, 0, 2, 0, 0, 0, 0, 0, 0, 0, 0, 0, 2, 0, 0, 0, 0, 0, 0, 0, 1, 1, 0, 1, 1, 0, 2, 0, 0, 0, 1, 0, 0, 0, 0, 1, 0, 0, 2, 2, 2, 0, 0, 0, 0, 0, 0, 0, 0, 0, 2, 2, 3, 0, 2, 1, 2, 1, 4, 3, 6, 5, 3, 3, 2, 2, 4, 5, 235, 0, 0, 0, 0, 0, 0]",-1,-0.004768458110777481,-1,0
1370,"[2, 2, 0, 1, 3, 3, 0, 1, 0, 1, 0, 0, 1, 0, 2, 0, 0, 0, 0, 0, 0, 0, 0, 0, 2, 0, 0, 0, 0, 0, 0, 0, 1, 1, 0, 1, 1, 0, 2, 0, 0, 0, 1, 0, 0, 0, 0, 1, 0, 0, 2, 2, 2, 0, 0, 0, 0, 0, 0, 0, 0, 0, 2, 2, 3, 0, 2, 1, 2, 1, 4, 3, 6, 5, 3, 3, 2, 2, 4, 5, 236, 0, 0, 0, 0, 0, 0]",4,14.320287489868564,-1,0
1371,"[2, 2, 0, 1, 3, 3, 0, 1, 0, 1, 0, 0, 1, 0, 2, 0, 0, 0, 0, 0, 0, 0, 0, 0, 2, 0, 0, 0, 0, 0, 0, 0, 1, 1, 0, 1, 1, 0, 2, 0, 0, 0, 1, 0, 0, 0, 0, 1, 0, 0, 2, 2, 2, 0, 0, 0, 0, 0, 0, 0, 0, 0, 2, 2, 3, 0, 2, 1, 2, 1, 4, 3, 6, 5, 3, 3, 2, 2, 4, 5, 236, 1, 0, 0, 0, 0, 0]",3,0.23830906971229351,-1,1
1372,"[2, 2, 0, 1, 3, 3, 0, 1, 0, 1, 0, 0, 1, 0, 2, 0, 0, 0, 0, 0, 0, 0, 0, 0, 2, 0, 0, 0, 0, 0, 0, 0, 1, 1, 0, 1, 1, 0, 2, 0, 0, 0, 1, 0, 0, 0, 0, 1, 0, 0, 2, 2, 2, 0, 0, 0, 0, 0, 0, 0, 0, 0, 2, 2, 3, 0, 2, 1, 2, 1, 4, 3, 6, 5, 3, 3, 2, 2, 4, 5, 236, 0, 0, 0, 0, 0, 0]",-1,-0.0047210111598151175,-1,1
1373,"[2, 2, 0, 1, 3, 3, 0, 2, 0, 1, 0, 0, 1, 0, 2, 0, 0, 0, 0, 0, 0, 0, 0, 0, 2, 0, 0, 0, 0, 0, 0, 0, 1, 1, 0, 1, 1, 0, 2, 0, 0, 0, 1, 0, 0, 0, 0, 1, 0, 0, 2, 2, 2, 0, 0, 0, 0, 0, 0, 0, 0, 0, 2, 2, 3, 0, 2, 1, 2, 1, 4, 3, 6, 5, 3, 3, 2, 2, 4, 5, 237, 0, 0, 0, 0, 0, 0]",4,11.458117614462067,-1,1
1374,"[2, 2, 0, 1, 3, 3, 0, 2, 0, 1, 0, 0, 1, 0, 2, 0, 0, 0, 0, 0, 0, 0, 0, 0, 2, 0, 0, 0, 0, 0, 0, 0, 1, 1, 0, 1, 1, 0, 2, 0, 0, 0, 1, 0, 0, 0, 0, 1, 0, 0, 2, 2, 2, 0, 0, 0, 0, 0, 0, 0, 0, 0, 2, 2, 3, 0, 2, 1, 2, 1, 4, 3, 6, 5, 3, 3, 2, 2, 4, 5, 237, 0, 1, 0, 0, 0, 0]",2,0.4370854838585964,-1,0
1375,"[2, 2, 0, 1, 3, 3, 0, 2, 0, 1, 0, 0, 1, 0, 2, 0, 0, 0, 0, 0, 0, 0, 0, 0, 2, 0, 0, 0, 0, 0, 0, 0, 1, 1, 0, 1, 1, 0, 2, 0, 0, 0, 1, 0, 0, 0, 0, 1, 0, 0, 2, 2, 2, 0, 0, 0, 0, 0, 0, 0, 0, 0, 2, 2, 3, 0, 2, 1, 2, 1, 4, 3, 6, 5, 3, 3, 2, 2, 4, 5, 237, 0, 0, 0, 0, 0, 0]",-1,-0.004674036313902923,-1,0
1376,"[2, 2, 0, 1, 3, 3, 0, 2, 0, 1, 0, 0, 1, 0, 2, 0, 0, 0, 0, 0, 0, 0, 0, 0, 2, 0, 0, 0, 0, 0, 0, 0, 1, 1, 0, 1, 1, 0, 2, 0, 0, 0, 1, 0, 0, 0, 0, 1, 0, 0, 2, 2, 2, 0, 0, 0, 0, 0, 0, 0, 0, 0, 2, 2, 3, 0, 2, 1, 2, 1, 4, 3, 6, 5, 3, 3, 2, 2, 4, 5, 237, 1, 0, 0, 0, 0, 0]",3,0.23708548385859646,-1,0
1377,"[0, 2, 0, 2, 3, 3, 0, 2, 0, 1, 0, 0, 1, 0, 2, 0, 0, 0, 0, 0, 0, 0, 0, 0, 2, 0, 0, 0, 0, 0, 0, 0, 1, 1, 0, 1, 1, 0, 2, 0, 0, 0, 1, 0, 0, 0, 0, 1, 0, 0, 2, 2, 2, 0, 0, 0, 0, 0, 0, 0, 0, 0, 2, 2, 3, 0, 2, 1, 2, 1, 4, 3, 6, 5, 3, 3, 2, 2, 4, 5, 237, 0, 0, 0, 0, 0, 0]","[[2 0 0 0]
 [0 0 0 1]]",-0.1614568342303625,-1,0
1378,"[0, 2, 0, 2, 3, 3, 0, 2, 0, 1, 0, 0, 1, 0, 2, 0, 0, 0, 0, 0, 0, 0, 0, 0, 2, 0, 0, 0, 0, 0, 0, 0, 1, 1, 0, 1, 1, 0, 2, 0, 0, 0, 1, 0, 0, 0, 0, 1, 0, 0, 2, 2, 2, 0, 0, 0, 0, 0, 0, 0, 0, 0, 2, 2, 3, 0, 2, 1, 2, 1, 4, 3, 6, 5, 3, 3, 2, 2, 4, 5, 237, 0, 0, 0, 0, 0, 0]",1,0.6467095989582132,-1,0
1379,"[0, 2, 0, 2, 3, 3, 0, 2, 0, 1, 0, 0, 1, 0, 2, 0, 0, 0, 0, 0, 0, 0, 0, 0, 2, 0, 0, 0, 0, 0, 0, 0, 1, 1, 0, 1, 1, 0, 2, 0, 0, 0, 1, 0, 0, 0, 0, 1, 0, 0, 2, 2, 2, 0, 0, 0, 0, 0, 0, 0, 0, 0, 2, 2, 3, 0, 2, 1, 2, 1, 4, 3, 6, 5, 3, 3, 2, 2, 4, 5, 237, 0, 0, 0, 0, 0, 0]",-1,-0.004674036313902923,-1,0
1380,"[0, 2, 0, 2, 3, 3, 0, 2, 0, 1, 0, 0, 1, 0, 2, 0, 0, 0, 0, 0, 0, 0, 0, 0, 2, 0, 0, 0, 0, 0, 0, 0, 1, 1, 0, 1, 1, 0, 2, 0, 0, 0, 1, 0, 0, 0, 0, 1, 0, 0, 2, 2, 2, 0, 0, 0, 0, 0, 0, 0, 0, 0, 2, 2, 3, 0, 2, 1, 2, 1, 4, 3, 6, 5, 3, 3, 2, 2, 4, 5, 237, 1, 0, 0, 0, 0, 0]",3,0.23708548385859646,-1,0
1381,"[0, 2, 0, 2, 3, 3, 0, 2, 0, 1, 0, 0, 1, 0, 2, 0, 0, 0, 0, 0, 0, 0, 0, 0, 2, 0, 0, 0, 0, 0, 0, 0, 1, 1, 0, 1, 1, 0, 2, 0, 0, 0, 1, 0, 0, 0, 0, 1, 0, 0, 2, 2, 2, 0, 0, 0, 0, 0, 0, 0, 0, 0, 2, 2, 3, 0, 2, 1, 2, 1, 4, 3, 6, 5, 3, 3, 2, 2, 4, 5, 237, 0, 0, 0, 0, 0, 0]",-1,-0.004674036313902923,-1,0
1382,"[0, 2, 0, 2, 3, 3, 0, 2, 0, 1, 0, 0, 1, 0, 2, 0, 0, 0, 0, 0, 0, 0, 0, 0, 2, 0, 0, 0, 0, 0, 0, 0, 1, 1, 0, 1, 1, 0, 2, 0, 0, 0, 1, 0, 0, 0, 0, 1, 0, 0, 2, 2, 2, 0, 0, 0, 0, 0, 0, 0, 0, 0, 2, 2, 3, 0, 2, 1, 2, 1, 4, 3, 6, 5, 3, 3, 2, 2, 4, 5, 237, 0, 1, 0, 0, 0, 0]",2,0.4370854838585964,-1,0
1383,"[0, 2, 0, 2, 3, 3, 0, 2, 0, 1, 0, 0, 1, 0, 2, 0, 0, 0, 0, 0, 0, 0, 0, 0, 2, 0, 0, 0, 0, 0, 0, 0, 1, 1, 0, 1, 1, 0, 2, 0, 0, 0, 1, 0, 0, 0, 0, 1, 0, 0, 2, 2, 2, 0, 0, 0, 0, 0, 0, 0, 0, 0, 2, 2, 3, 0, 2, 1, 2, 1, 4, 3, 6, 5, 3, 3, 2, 2, 4, 5, 237, 0, 1, 0, 0, 1, 0]","[[0 0 0 1]
 [1 0 0 0]]",0.6875103489166874,-1,0
1384,"[1, 2, 0, 1, 2, 3, 0, 3, 0, 1, 0, 0, 1, 0, 2, 0, 0, 0, 0, 0, 0, 0, 0, 0, 2, 0, 0, 0, 0, 0, 0, 0, 1, 1, 0, 1, 1, 0, 2, 0, 0, 0, 1, 0, 0, 0, 0, 1, 0, 0, 2, 2, 2, 0, 0, 0, 0, 0, 0, 0, 0, 0, 2, 2, 3, 0, 2, 1, 2, 1, 4, 3, 6, 5, 3, 3, 2, 2, 4, 5, 237, 0, 0, 0, 0, 0, 0]",0,-0.16291451614140356,-1,1
1385,"[1, 2, 0, 1, 2, 3, 0, 3, 0, 1, 0, 0, 1, 0, 2, 0, 0, 0, 0, 0, 0, 0, 0, 0, 2, 0, 0, 0, 0, 0, 0, 0, 1, 1, 0, 1, 1, 0, 2, 0, 0, 0, 1, 0, 0, 0, 0, 1, 0, 0, 2, 2, 2, 0, 0, 0, 0, 0, 0, 0, 0, 0, 2, 2, 3, 0, 2, 1, 2, 1, 4, 3, 6, 5, 3, 3, 2, 2, 4, 5, 237, 0, 0, 0, 0, 0, 0]",0,0.27980435628216954,-1,0
1386,"[1, 2, 0, 1, 2, 3, 0, 3, 0, 1, 0, 0, 1, 0, 2, 0, 0, 0, 0, 0, 0, 0, 0, 0, 2, 0, 0, 0, 0, 0, 0, 0, 1, 1, 0, 1, 1, 0, 2, 0, 0, 0, 1, 0, 0, 0, 0, 1, 0, 0, 2, 2, 2, 0, 0, 0, 0, 0, 0, 0, 0, 0, 2, 2, 3, 0, 2, 1, 2, 1, 4, 3, 6, 5, 3, 3, 2, 2, 4, 5, 237, 0, 0, 0, 0, 0, 0]",-1,-0.004674036313902923,-1,0
1387,"[1, 2, 0, 1, 2, 3, 0, 3, 0, 1, 0, 0, 1, 0, 2, 0, 0, 0, 0, 0, 0, 0, 0, 0, 2, 0, 0, 0, 0, 0, 0, 0, 1, 1, 0, 1, 1, 0, 2, 0, 0, 0, 1, 0, 0, 0, 0, 1, 0, 0, 2, 2, 2, 0, 0, 0, 0, 0, 0, 0, 0, 0, 2, 2, 3, 0, 2, 1, 2, 1, 4, 3, 6, 5, 3, 3, 2, 2, 4, 5, 237, 0, 0, 0, 0, 0, 0]",0,0.27980435628216954,-1,0
1388,"[1, 2, 0, 1, 2, 3, 0, 3, 0, 1, 0, 0, 1, 0, 2, 0, 0, 0, 0, 0, 0, 0, 0, 0, 2, 0, 0, 0, 0, 0, 0, 0, 1, 1, 0, 1, 1, 0, 2, 0, 0, 0, 1, 0, 0, 0, 0, 1, 0, 0, 2, 2, 2, 0, 0, 0, 0, 0, 0, 0, 0, 0, 2, 2, 3, 0, 2, 1, 2, 1, 4, 3, 6, 5, 3, 3, 2, 2, 4, 5, 237, 0, 0, 0, 0, 0, 0]",-1,-0.004674036313902923,-1,0
1389,"[1, 2, 0, 1, 2, 3, 0, 3, 0, 1, 0, 0, 1, 0, 2, 0, 0, 0, 0, 0, 0, 0, 0, 0, 2, 0, 0, 0, 0, 0, 0, 0, 1, 1, 0, 1, 1, 0, 2, 0, 0, 0, 1, 0, 0, 0, 0, 1, 0, 0, 2, 2, 2, 0, 0, 0, 0, 0, 0, 0, 0, 0, 2, 2, 3, 0, 2, 1, 2, 1, 4, 3, 6, 5, 3, 3, 2, 2, 4, 5, 237, 0, 0, 0, 0, 0, 0]",0,0.27980435628216954,-1,0
1390,"[1, 2, 0, 1, 2, 3, 0, 3, 0, 1, 0, 0, 1, 0, 2, 0, 0, 0, 0, 0, 0, 0, 0, 0, 2, 0, 0, 0, 0, 0, 0, 0, 1, 1, 0, 1, 1, 0, 2, 0, 0, 0, 1, 0, 0, 0, 0, 1, 0, 0, 2, 2, 2, 0, 0, 0, 0, 0, 0, 0, 0, 0, 2, 2, 3, 0, 2, 1, 2, 1, 4, 3, 6, 5, 3, 3, 2, 2, 4, 5, 237, 0, 0, 0, 0, 0, 0]",-1,-0.004674036313902923,-1,0
1391,"[1, 2, 0, 1, 2, 3, 0, 3, 0, 1, 0, 0, 1, 0, 2, 0, 0, 0, 0, 0, 0, 0, 0, 0, 2, 0, 0, 0, 0, 0, 0, 0, 1, 1, 0, 1, 1, 0, 2, 0, 0, 0, 1, 0, 0, 0, 0, 1, 0, 0, 2, 2, 2, 0, 0, 0, 0, 0, 0, 0, 0, 0, 2, 2, 3, 0, 2, 1, 2, 1, 4, 3, 6, 5, 3, 3, 2, 2, 4, 5, 237, 0, 0, 0, 0, 0, 0]",0,0.27980435628216954,-1,0
1392,"[1, 2, 0, 1, 2, 3, 0, 3, 0, 1, 0, 0, 1, 0, 2, 0, 0, 0, 0, 0, 0, 0, 0, 0, 2, 0, 0, 0, 0, 0, 0, 0, 1, 1, 0, 1, 1, 0, 2, 0, 0, 0, 1, 0, 0, 0, 0, 1, 0, 0, 2, 2, 2, 0, 0, 0, 0, 0, 0, 0, 0, 0, 2, 2, 3, 0, 2, 1, 2, 1, 4, 3, 6, 5, 3, 3, 2, 2, 4, 5, 237, 0, 0, 0, 0, 0, 0]",-1,-0.004674036313902923,-1,0
1393,"[1, 2, 0, 1, 2, 3, 0, 3, 0, 1, 0, 0, 1, 0, 2, 0, 0, 0, 0, 0, 0, 0, 0, 0, 2, 0, 0, 0, 0, 0, 0, 0, 1, 1, 0, 1, 1, 0, 2, 0, 0, 0, 1, 0, 0, 0, 0, 1, 0, 0, 2, 2, 2, 0, 0, 0, 0, 0, 0, 0, 0, 0, 2, 2, 3, 0, 2, 1, 2, 1, 4, 3, 6, 5, 3, 3, 2, 2, 4, 5, 237, 0, 0, 0, 0, 0, 0]",0,0.27980435628216954,-1,0
1394,"[1, 2, 0, 1, 2, 3, 0, 3, 0, 1, 0, 0, 1, 0, 2, 0, 0, 0, 0, 0, 0, 0, 0, 0, 2, 0, 0, 0, 0, 0, 0, 0, 1, 1, 0, 1, 1, 0, 2, 0, 0, 0, 1, 0, 0, 0, 0, 1, 0, 0, 2, 2, 2, 0, 0, 0, 0, 0, 0, 0, 0, 0, 2, 2, 3, 0, 2, 1, 2, 1, 4, 3, 6, 5, 3, 3, 2, 2, 4, 5, 237, 0, 0, 0, 0, 0, 0]",-1,-0.004674036313902923,-1,0
1395,"[1, 2, 0, 1, 2, 3, 0, 3, 0, 1, 0, 0, 1, 0, 2, 0, 0, 0, 0, 0, 0, 0, 0, 0, 2, 0, 0, 0, 0, 0, 0, 0, 1, 1, 0, 1, 1, 0, 2, 0, 0, 0, 1, 0, 0, 0, 0, 1, 0, 0, 2, 2, 2, 0, 0, 0, 0, 0, 0, 0, 0, 0, 2, 2, 3, 0, 2, 1, 2, 1, 4, 3, 6, 5, 3, 3, 2, 2, 4, 5, 237, 0, 0, 0, 0, 0, 0]",0,0.27980435628216954,-1,0
1396,"[1, 2, 0, 1, 2, 3, 0, 3, 0, 1, 0, 0, 1, 0, 2, 0, 0, 0, 0, 0, 0, 0, 0, 0, 2, 0, 0, 0, 0, 0, 0, 0, 1, 1, 0, 1, 1, 0, 2, 0, 0, 0, 1, 0, 0, 0, 0, 1, 0, 0, 2, 2, 2, 0, 0, 0, 0, 0, 0, 0, 0, 0, 2, 2, 3, 0, 2, 1, 2, 1, 4, 3, 6, 5, 3, 3, 2, 2, 4, 5, 237, 0, 0, 0, 0, 0, 0]",-1,-0.004674036313902923,-1,0
1397,"[1, 2, 0, 1, 2, 3, 0, 3, 0, 1, 0, 0, 1, 0, 2, 0, 0, 0, 0, 0, 0, 0, 0, 0, 2, 0, 0, 0, 0, 0, 0, 0, 1, 1, 0, 1, 1, 0, 2, 0, 0, 0, 1, 0, 0, 0, 0, 1, 0, 0, 2, 2, 2, 0, 0, 0, 0, 0, 0, 0, 0, 0, 2, 2, 3, 0, 2, 1, 2, 1, 4, 3, 6, 5, 3, 3, 2, 2, 4, 5, 237, 0, 0, 0, 0, 0, 0]",0,0.27980435628216954,-1,0
1398,"[1, 2, 0, 1, 2, 3, 0, 3, 0, 1, 0, 0, 1, 0, 2, 0, 0, 0, 0, 0, 0, 0, 0, 0, 2, 0, 0, 0, 0, 0, 0, 0, 1, 1, 0, 1, 1, 0, 2, 0, 0, 0, 1, 0, 0, 0, 0, 1, 0, 0, 2, 2, 2, 0, 0, 0, 0, 0, 0, 0, 0, 0, 2, 2, 3, 0, 2, 1, 2, 1, 4, 3, 6, 5, 3, 3, 2, 2, 4, 5, 237, 0, 0, 0, 0, 0, 0]",-1,-0.004674036313902923,-1,0
1399,"[1, 2, 0, 1, 2, 3, 0, 3, 0, 1, 0, 0, 1, 0, 2, 0, 0, 0, 0, 0, 0, 0, 0, 0, 2, 0, 0, 0, 0, 0, 0, 0, 1, 1, 0, 1, 1, 0, 2, 0, 0, 0, 1, 0, 0, 0, 0, 1, 0, 0, 2, 2, 2, 0, 0, 0, 0, 0, 0, 0, 0, 0, 2, 2, 3, 0, 2, 1, 2, 1, 4, 3, 6, 5, 3, 3, 2, 2, 4, 5, 237, 0, 0, 0, 0, 0, 0]",0,0.27980435628216954,-1,0
1400,"[1, 2, 0, 1, 2, 3, 0, 3, 0, 1, 0, 0, 1, 0, 2, 0, 0, 0, 0, 0, 0, 0, 0, 0, 2, 0, 0, 0, 0, 0, 0, 0, 1, 1, 0, 1, 1, 0, 2, 0, 0, 0, 1, 0, 0, 0, 0, 1, 0, 0, 2, 2, 2, 0, 0, 0, 0, 0, 0, 0, 0, 0, 2, 2, 3, 0, 2, 1, 2, 1, 4, 3, 6, 5, 3, 3, 2, 2, 4, 5, 237, 0, 0, 0, 0, 0, 0]",-1,-0.004674036313902923,-1,0
1401,"[1, 2, 0, 1, 2, 3, 0, 3, 0, 1, 0, 0, 1, 0, 2, 0, 0, 0, 0, 0, 0, 0, 0, 0, 2, 0, 0, 0, 0, 0, 0, 0, 1, 1, 0, 1, 1, 0, 2, 0, 0, 0, 1, 0, 0, 0, 0, 1, 0, 0, 2, 2, 2, 0, 0, 0, 0, 0, 0, 0, 0, 0, 2, 2, 3, 0, 2, 1, 2, 1, 4, 3, 6, 5, 3, 3, 2, 2, 4, 5, 238, 0, 0, 0, 0, 0, 0]",4,14.419008939883113,-1,0
1402,"[1, 2, 0, 1, 2, 3, 0, 3, 0, 1, 0, 0, 1, 0, 2, 0, 0, 0, 0, 0, 0, 0, 0, 0, 2, 0, 0, 0, 0, 0, 0, 0, 1, 1, 0, 1, 1, 0, 2, 0, 0, 0, 1, 0, 0, 0, 0, 1, 0, 0, 2, 2, 2, 0, 0, 0, 0, 0, 0, 0, 0, 0, 2, 2, 3, 0, 2, 1, 2, 1, 4, 3, 6, 5, 3, 3, 2, 2, 4, 5, 238, 0, 0, 0, 0, 0, 0]",0,0.37810997235050364,-1,1
1403,"[1, 2, 0, 1, 2, 3, 0, 3, 0, 1, 0, 0, 1, 0, 2, 0, 0, 0, 0, 0, 0, 0, 0, 0, 2, 0, 0, 0, 0, 0, 0, 0, 1, 1, 0, 1, 1, 0, 2, 0, 0, 0, 1, 0, 0, 0, 0, 1, 0, 0, 2, 2, 2, 0, 0, 0, 0, 0, 0, 0, 0, 0, 2, 2, 3, 0, 2, 1, 2, 1, 4, 3, 6, 5, 3, 3, 2, 2, 4, 5, 238, 0, 0, 0, 0, 0, 0]",-1,-0.0046275288755171645,-1,1
1404,"[1, 2, 0, 1, 4, 3, 0, 3, 0, 1, 0, 0, 1, 0, 2, 0, 0, 0, 0, 0, 0, 0, 0, 0, 2, 0, 0, 0, 0, 0, 0, 0, 1, 1, 0, 1, 1, 0, 2, 0, 0, 0, 1, 0, 0, 0, 0, 1, 0, 0, 2, 2, 2, 0, 0, 0, 0, 0, 0, 0, 0, 0, 2, 2, 3, 0, 2, 1, 2, 1, 4, 3, 6, 5, 3, 3, 2, 2, 4, 5, 239, 0, 0, 0, 0, 0, 0]",4,11.40609876759028,-1,1
1405,"[1, 2, 0, 1, 4, 3, 0, 3, 0, 1, 0, 0, 1, 0, 2, 0, 0, 0, 0, 0, 0, 0, 0, 0, 2, 0, 0, 0, 0, 0, 0, 0, 1, 1, 0, 1, 1, 0, 2, 0, 0, 0, 1, 0, 0, 0, 0, 1, 0, 0, 2, 2, 2, 0, 0, 0, 0, 0, 0, 0, 0, 0, 2, 2, 3, 0, 2, 1, 2, 1, 4, 3, 6, 5, 3, 3, 2, 2, 4, 5, 239, 1, 0, 0, 0, 0, 0]",3,0.234729329403801,-1,0
1406,"[1, 2, 0, 1, 4, 3, 0, 3, 0, 1, 0, 0, 1, 0, 2, 0, 0, 0, 0, 0, 0, 0, 0, 0, 2, 0, 0, 0, 0, 0, 0, 0, 1, 1, 0, 1, 1, 0, 2, 0, 0, 0, 1, 0, 0, 0, 0, 1, 0, 0, 2, 2, 2, 0, 0, 0, 0, 0, 0, 0, 0, 0, 2, 2, 3, 0, 2, 1, 2, 1, 4, 3, 6, 5, 3, 3, 2, 2, 4, 5, 239, 0, 0, 0, 0, 0, 0]",-1,-0.004581484193875242,-1,0
1407,"[1, 2, 0, 1, 4, 3, 0, 3, 0, 1, 0, 0, 1, 0, 2, 0, 0, 0, 0, 0, 0, 0, 0, 0, 2, 0, 0, 0, 0, 0, 0, 0, 1, 1, 0, 1, 1, 0, 2, 0, 0, 0, 1, 0, 0, 0, 0, 1, 0, 0, 2, 2, 2, 0, 0, 0, 0, 0, 0, 0, 0, 0, 2, 2, 3, 0, 2, 1, 2, 1, 4, 3, 6, 5, 3, 3, 2, 2, 4, 5, 239, 1, 0, 0, 0, 0, 0]",3,0.234729329403801,-1,0
1408,"[1, 2, 0, 1, 4, 3, 0, 3, 0, 1, 0, 0, 1, 0, 2, 0, 0, 0, 0, 0, 0, 0, 0, 0, 2, 0, 0, 0, 0, 0, 0, 0, 1, 1, 0, 1, 1, 0, 2, 0, 0, 0, 1, 0, 0, 0, 0, 1, 0, 0, 2, 2, 2, 0, 0, 0, 0, 0, 0, 0, 0, 0, 2, 2, 3, 0, 2, 1, 2, 1, 4, 3, 6, 5, 3, 3, 2, 2, 4, 5, 239, 0, 0, 0, 0, 0, 0]",-1,-0.004581484193875242,-1,0
1409,"[1, 2, 0, 1, 4, 3, 0, 3, 0, 1, 0, 0, 1, 0, 2, 0, 0, 0, 0, 0, 0, 0, 0, 0, 2, 0, 0, 0, 0, 0, 0, 0, 1, 1, 0, 1, 1, 0, 2, 0, 0, 0, 1, 0, 0, 0, 0, 1, 0, 0, 2, 2, 2, 0, 0, 0, 0, 0, 0, 0, 0, 0, 2, 2, 3, 0, 2, 1, 2, 1, 4, 3, 6, 5, 3, 3, 2, 2, 4, 5, 239, 1, 0, 0, 0, 0, 0]",3,0.234729329403801,-1,0
1410,"[1, 2, 0, 1, 4, 3, 0, 3, 0, 1, 0, 0, 1, 0, 2, 0, 0, 0, 0, 0, 0, 0, 0, 0, 2, 0, 0, 0, 0, 0, 0, 0, 1, 1, 0, 1, 1, 0, 2, 0, 0, 0, 1, 0, 0, 0, 0, 1, 0, 0, 2, 2, 2, 0, 0, 0, 0, 0, 0, 0, 0, 0, 2, 2, 3, 0, 2, 1, 2, 1, 4, 3, 6, 5, 3, 3, 2, 2, 4, 5, 239, 0, 0, 0, 0, 0, 0]",-1,-0.004581484193875242,-1,0
1411,"[1, 2, 0, 1, 4, 3, 0, 3, 0, 1, 0, 0, 1, 0, 2, 0, 0, 0, 0, 0, 0, 0, 0, 0, 2, 0, 0, 0, 0, 0, 0, 0, 1, 1, 0, 1, 1, 0, 2, 0, 0, 0, 1, 0, 0, 0, 0, 1, 0, 0, 2, 2, 2, 0, 0, 0, 0, 0, 0, 0, 0, 0, 2, 2, 3, 0, 2, 1, 2, 1, 4, 3, 6, 5, 3, 3, 2, 2, 4, 5, 239, 1, 0, 0, 0, 0, 0]",3,0.234729329403801,-1,0
1412,"[1, 2, 0, 1, 4, 3, 0, 3, 0, 1, 0, 0, 1, 0, 2, 0, 0, 0, 0, 0, 0, 0, 0, 0, 2, 0, 0, 0, 0, 0, 0, 0, 1, 1, 0, 1, 1, 0, 2, 0, 0, 0, 1, 0, 0, 0, 0, 1, 0, 0, 2, 2, 2, 0, 0, 0, 0, 0, 0, 0, 0, 0, 2, 2, 3, 0, 2, 1, 2, 1, 4, 3, 6, 5, 3, 3, 2, 2, 4, 5, 239, 0, 0, 0, 0, 0, 0]",-1,-0.004581484193875242,-1,0
1413,"[1, 2, 0, 1, 4, 3, 0, 3, 0, 1, 0, 0, 1, 0, 2, 0, 0, 0, 0, 0, 0, 0, 0, 0, 2, 0, 0, 0, 0, 0, 0, 0, 1, 1, 0, 1, 1, 0, 2, 0, 0, 0, 1, 0, 0, 0, 0, 1, 0, 0, 2, 2, 2, 0, 0, 0, 0, 0, 0, 0, 0, 0, 2, 2, 3, 0, 2, 1, 2, 1, 4, 3, 6, 5, 3, 3, 2, 2, 4, 5, 239, 1, 0, 0, 0, 0, 0]",3,0.234729329403801,-1,0
1414,"[1, 2, 0, 1, 4, 3, 0, 3, 0, 1, 0, 0, 1, 0, 2, 0, 0, 0, 0, 0, 0, 0, 0, 0, 2, 0, 0, 0, 0, 0, 0, 0, 1, 1, 0, 1, 1, 0, 2, 0, 0, 0, 1, 0, 0, 0, 0, 1, 0, 0, 2, 2, 2, 0, 0, 0, 0, 0, 0, 0, 0, 0, 2, 2, 3, 0, 2, 1, 2, 1, 4, 3, 6, 5, 3, 3, 2, 2, 4, 5, 239, 0, 0, 0, 0, 0, 0]",-1,-0.004581484193875242,-1,0
1415,"[1, 2, 0, 1, 4, 3, 0, 3, 0, 1, 0, 0, 1, 0, 2, 0, 0, 0, 0, 0, 0, 0, 0, 0, 2, 0, 0, 0, 0, 0, 0, 0, 1, 1, 0, 1, 1, 0, 2, 0, 0, 0, 1, 0, 0, 0, 0, 1, 0, 0, 2, 2, 2, 0, 0, 0, 0, 0, 0, 0, 0, 0, 2, 2, 3, 0, 2, 1, 2, 1, 4, 3, 6, 5, 3, 3, 2, 2, 4, 5, 239, 0, 1, 0, 0, 0, 0]",2,0.43472932940380093,-1,0
1416,"[1, 2, 0, 1, 4, 3, 0, 3, 0, 1, 0, 0, 1, 0, 2, 0, 0, 0, 0, 0, 0, 0, 0, 0, 2, 0, 0, 0, 0, 0, 0, 0, 1, 1, 0, 1, 1, 0, 2, 0, 0, 0, 1, 0, 0, 0, 0, 1, 0, 0, 2, 2, 2, 0, 0, 0, 0, 0, 0, 0, 0, 0, 2, 2, 3, 0, 2, 1, 2, 1, 4, 3, 6, 5, 3, 3, 2, 2, 4, 5, 239, 0, 0, 0, 0, 0, 0]",-1,-0.004581484193875242,-1,0
1417,"[1, 2, 0, 1, 4, 3, 0, 3, 0, 1, 0, 0, 1, 0, 2, 0, 0, 0, 0, 0, 0, 0, 0, 0, 2, 0, 0, 0, 0, 0, 0, 0, 1, 1, 0, 1, 1, 0, 2, 0, 0, 0, 1, 0, 0, 0, 0, 1, 0, 0, 2, 2, 2, 0, 0, 0, 0, 0, 0, 0, 0, 0, 2, 2, 3, 0, 2, 1, 2, 1, 4, 3, 6, 5, 3, 3, 2, 2, 4, 5, 239, 1, 0, 0, 0, 0, 0]",3,0.234729329403801,-1,0
1418,"[1, 2, 0, 1, 4, 3, 0, 3, 0, 1, 0, 0, 1, 0, 2, 0, 0, 0, 0, 0, 0, 0, 0, 0, 2, 0, 0, 0, 0, 0, 0, 0, 1, 1, 0, 1, 1, 0, 2, 0, 0, 0, 1, 0, 0, 0, 0, 1, 0, 0, 2, 2, 2, 0, 0, 0, 0, 0, 0, 0, 0, 0, 2, 2, 3, 0, 2, 1, 2, 1, 4, 3, 6, 5, 3, 3, 2, 2, 4, 5, 239, 0, 0, 0, 0, 0, 0]",-1,-0.004581484193875242,-1,0
1419,"[1, 2, 0, 1, 4, 3, 0, 3, 0, 1, 0, 0, 1, 0, 2, 0, 0, 0, 0, 0, 0, 0, 0, 0, 2, 0, 0, 0, 0, 0, 0, 0, 1, 1, 0, 1, 1, 0, 2, 0, 0, 0, 1, 0, 0, 0, 0, 1, 0, 0, 2, 2, 2, 0, 0, 0, 0, 0, 0, 0, 0, 0, 2, 2, 3, 0, 2, 1, 2, 1, 4, 3, 6, 5, 3, 3, 2, 2, 4, 5, 239, 0, 0, 0, 0, 0, 0]",1,0.6443534445034177,-1,0
1420,"[1, 2, 0, 1, 4, 3, 0, 3, 0, 1, 0, 0, 1, 0, 2, 0, 0, 0, 0, 0, 0, 0, 0, 0, 2, 0, 0, 0, 0, 0, 0, 0, 1, 1, 0, 1, 1, 0, 2, 0, 0, 0, 1, 0, 0, 0, 0, 1, 0, 0, 2, 2, 2, 0, 0, 0, 0, 0, 0, 0, 0, 0, 2, 2, 3, 0, 2, 1, 2, 1, 4, 3, 6, 5, 3, 3, 2, 2, 4, 5, 239, 0, 0, 0, 0, 0, 0]",-1,-0.004581484193875242,-1,0
1421,"[1, 2, 0, 1, 4, 3, 0, 3, 0, 1, 0, 0, 1, 0, 2, 0, 0, 0, 0, 0, 0, 0, 0, 0, 2, 0, 0, 0, 0, 0, 0, 0, 1, 1, 0, 1, 1, 0, 2, 0, 0, 0, 1, 0, 0, 0, 0, 1, 0, 0, 2, 2, 2, 0, 0, 0, 0, 0, 0, 0, 0, 0, 2, 2, 3, 0, 2, 1, 2, 1, 4, 3, 6, 5, 3, 3, 2, 2, 4, 5, 239, 1, 0, 0, 0, 0, 0]",3,0.234729329403801,-1,0
1422,"[1, 2, 0, 1, 4, 3, 0, 3, 0, 1, 0, 0, 1, 0, 2, 0, 0, 0, 0, 0, 0, 0, 0, 0, 2, 0, 0, 0, 0, 0, 0, 0, 1, 1, 0, 1, 1, 0, 2, 0, 0, 0, 1, 0, 0, 0, 0, 1, 0, 0, 2, 2, 2, 0, 0, 0, 0, 0, 0, 0, 0, 0, 2, 2, 3, 0, 2, 1, 2, 1, 4, 3, 6, 5, 3, 3, 2, 2, 4, 5, 239, 0, 0, 0, 0, 0, 0]",-1,-0.004581484193875242,-1,0
1423,"[1, 2, 0, 1, 4, 3, 0, 3, 0, 1, 0, 0, 1, 0, 2, 0, 0, 0, 0, 0, 0, 0, 0, 0, 2, 0, 0, 0, 0, 0, 0, 0, 1, 1, 0, 1, 1, 0, 2, 0, 0, 0, 1, 0, 0, 0, 0, 1, 0, 0, 2, 2, 2, 0, 0, 0, 0, 0, 0, 0, 0, 0, 2, 2, 3, 0, 2, 1, 2, 1, 4, 3, 6, 5, 3, 3, 2, 2, 4, 5, 240, 0, 0, 0, 0, 0, 0]",4,14.416527854734808,-1,0
1424,"[1, 2, 0, 1, 4, 3, 0, 3, 0, 1, 0, 0, 1, 0, 2, 0, 0, 0, 0, 0, 0, 0, 0, 0, 2, 0, 0, 0, 0, 0, 0, 0, 1, 1, 0, 1, 1, 0, 2, 0, 0, 0, 1, 0, 0, 0, 0, 1, 0, 0, 2, 2, 2, 0, 0, 0, 0, 0, 0, 0, 0, 0, 2, 2, 3, 0, 2, 1, 2, 1, 4, 3, 6, 5, 3, 3, 2, 2, 4, 5, 240, 0, 1, 0, 0, 0, 0]",2,0.43359632297321504,-1,1
1425,"[1, 2, 0, 1, 4, 3, 0, 3, 0, 1, 0, 0, 1, 0, 2, 0, 0, 0, 0, 0, 0, 0, 0, 0, 2, 0, 0, 0, 0, 0, 0, 0, 1, 1, 0, 1, 1, 0, 2, 0, 0, 0, 1, 0, 0, 0, 0, 1, 0, 0, 2, 2, 2, 0, 0, 0, 0, 0, 0, 0, 0, 0, 2, 2, 3, 0, 2, 1, 2, 1, 4, 3, 6, 5, 3, 3, 2, 2, 4, 5, 240, 0, 1, 0, 0, 1, 0]","[[1 1 0 1]
 [1 2 0 1]]",1.758837655513811,-1,1
1426,"[1, 1, 0, 1, 4, 4, 0, 3, 0, 1, 0, 0, 1, 0, 2, 0, 0, 0, 0, 0, 0, 0, 0, 0, 2, 0, 0, 0, 0, 0, 0, 0, 1, 1, 0, 1, 1, 0, 2, 0, 0, 0, 1, 0, 0, 0, 0, 1, 0, 0, 2, 2, 2, 0, 0, 0, 0, 0, 0, 0, 0, 0, 2, 2, 3, 0, 2, 1, 2, 1, 4, 3, 6, 5, 3, 3, 2, 2, 4, 5, 240, 0, 0, 0, 0, 0, 0]",0,-0.1664036770267849,-1,0
1427,"[1, 1, 0, 1, 4, 4, 0, 3, 0, 1, 0, 0, 1, 0, 2, 0, 0, 0, 0, 0, 0, 0, 0, 0, 2, 0, 0, 0, 0, 0, 0, 0, 1, 1, 0, 1, 1, 0, 2, 0, 0, 0, 1, 0, 0, 0, 0, 1, 0, 0, 2, 2, 2, 0, 0, 0, 0, 0, 0, 0, 0, 0, 2, 2, 3, 0, 2, 1, 2, 1, 4, 3, 6, 5, 3, 3, 2, 2, 4, 5, 240, 1, 0, 0, 0, 0, 0]",3,0.23359632297321511,-1,1
1428,"[1, 1, 0, 1, 4, 4, 0, 3, 0, 1, 0, 0, 1, 0, 2, 0, 0, 0, 0, 0, 0, 0, 0, 0, 2, 0, 0, 0, 0, 0, 0, 0, 1, 1, 0, 1, 1, 0, 2, 0, 0, 0, 1, 0, 0, 0, 0, 1, 0, 0, 2, 2, 2, 0, 0, 0, 0, 0, 0, 0, 0, 0, 2, 2, 3, 0, 2, 1, 2, 1, 4, 3, 6, 5, 3, 3, 2, 2, 4, 5, 240, 0, 0, 0, 0, 0, 0]",-1,-0.004535897664470626,-1,1
1429,"[1, 2, 0, 1, 4, 5, 0, 3, 0, 1, 0, 0, 1, 0, 2, 0, 0, 0, 0, 0, 0, 0, 0, 0, 2, 0, 0, 0, 0, 0, 0, 0, 1, 1, 0, 1, 1, 0, 2, 0, 0, 0, 1, 0, 0, 0, 0, 1, 0, 0, 2, 2, 2, 0, 0, 0, 0, 0, 0, 0, 0, 0, 2, 2, 3, 0, 2, 1, 2, 1, 4, 3, 6, 5, 3, 3, 2, 2, 4, 5, 241, 0, 0, 0, 0, 0, 0]",4,11.352043294337195,-1,1
1430,"[1, 2, 0, 1, 4, 5, 0, 3, 0, 1, 0, 0, 1, 0, 2, 0, 0, 0, 0, 0, 0, 0, 0, 0, 2, 0, 0, 0, 0, 0, 0, 0, 1, 1, 0, 1, 1, 0, 2, 0, 0, 0, 1, 0, 0, 0, 0, 1, 0, 0, 2, 2, 2, 0, 0, 0, 0, 0, 0, 0, 0, 0, 2, 2, 3, 0, 2, 1, 2, 1, 4, 3, 6, 5, 3, 3, 2, 2, 4, 5, 241, 0, 0, 0, 0, 0, 0]",1,0.642117127615756,-1,0
1431,"[1, 2, 0, 1, 4, 5, 0, 3, 0, 1, 0, 0, 1, 0, 2, 0, 0, 0, 0, 0, 0, 0, 0, 0, 2, 0, 0, 0, 0, 0, 0, 0, 1, 1, 0, 1, 1, 0, 2, 0, 0, 0, 1, 0, 0, 0, 0, 1, 0, 0, 2, 2, 2, 0, 0, 0, 0, 0, 0, 0, 0, 0, 2, 2, 3, 0, 2, 1, 2, 1, 4, 3, 6, 5, 3, 3, 2, 2, 4, 5, 241, 0, 0, 0, 0, 0, 0]",-1,-0.004490764728612382,-1,0
1432,"[1, 2, 0, 1, 4, 5, 0, 3, 0, 1, 0, 0, 1, 0, 2, 0, 0, 0, 0, 0, 0, 0, 0, 0, 2, 0, 0, 0, 0, 0, 0, 0, 1, 1, 0, 1, 1, 0, 2, 0, 0, 0, 1, 0, 0, 0, 0, 1, 0, 0, 2, 2, 2, 0, 0, 0, 0, 0, 0, 0, 0, 0, 2, 2, 3, 0, 2, 1, 2, 1, 4, 3, 6, 5, 3, 3, 2, 2, 4, 5, 241, 1, 0, 0, 0, 0, 0]",3,0.23249301251613924,-1,0
1433,"[1, 2, 0, 1, 4, 5, 0, 3, 0, 1, 0, 0, 1, 0, 2, 0, 0, 0, 0, 0, 0, 0, 0, 0, 2, 0, 0, 0, 0, 0, 0, 0, 1, 1, 0, 1, 1, 0, 2, 0, 0, 0, 1, 0, 0, 0, 0, 1, 0, 0, 2, 2, 2, 0, 0, 0, 0, 0, 0, 0, 0, 0, 2, 2, 3, 0, 2, 1, 2, 1, 4, 3, 6, 5, 3, 3, 2, 2, 4, 5, 241, 0, 0, 0, 0, 0, 0]",-1,-0.004490764728612382,-1,0
1434,"[1, 2, 0, 1, 4, 5, 0, 3, 0, 1, 0, 0, 1, 0, 2, 0, 0, 0, 0, 0, 0, 0, 0, 0, 2, 0, 0, 0, 0, 0, 0, 0, 1, 1, 0, 1, 1, 0, 2, 0, 0, 0, 1, 0, 0, 0, 0, 1, 0, 0, 2, 2, 2, 0, 0, 0, 0, 0, 0, 0, 0, 0, 2, 2, 3, 0, 2, 1, 2, 1, 4, 3, 6, 5, 3, 3, 2, 2, 4, 5, 241, 0, 0, 0, 0, 0, 0]",1,0.642117127615756,-1,0
1435,"[1, 2, 0, 1, 4, 5, 0, 3, 0, 1, 0, 0, 1, 0, 2, 0, 0, 0, 0, 0, 0, 0, 0, 0, 2, 0, 0, 0, 0, 0, 0, 0, 1, 1, 0, 1, 1, 0, 2, 0, 0, 0, 1, 0, 0, 0, 0, 1, 0, 0, 2, 2, 2, 0, 0, 0, 0, 0, 0, 0, 0, 0, 2, 2, 3, 0, 2, 1, 2, 1, 4, 3, 6, 5, 3, 3, 2, 2, 4, 5, 241, 0, 0, 0, 0, 0, 0]",-1,-0.004490764728612382,-1,0
1436,"[1, 2, 0, 1, 4, 5, 0, 4, 0, 1, 0, 0, 1, 0, 2, 0, 0, 0, 0, 0, 0, 0, 0, 0, 2, 0, 0, 0, 0, 0, 0, 0, 1, 1, 0, 1, 1, 0, 2, 0, 0, 0, 1, 0, 0, 0, 0, 1, 0, 0, 2, 2, 2, 0, 0, 0, 0, 0, 0, 0, 0, 0, 2, 2, 3, 0, 2, 1, 2, 1, 4, 3, 6, 5, 3, 3, 2, 2, 4, 5, 242, 0, 0, 0, 0, 0, 0]",4,14.41416918660816,-1,0
1437,"[1, 2, 0, 1, 4, 5, 0, 4, 0, 1, 0, 0, 1, 0, 2, 0, 0, 0, 0, 0, 0, 0, 0, 0, 2, 0, 0, 0, 0, 0, 0, 0, 1, 1, 0, 1, 1, 0, 2, 0, 0, 0, 1, 0, 0, 0, 0, 1, 0, 0, 2, 2, 2, 0, 0, 0, 0, 0, 0, 0, 0, 0, 2, 2, 3, 0, 2, 1, 2, 1, 4, 3, 6, 5, 3, 3, 2, 2, 4, 5, 242, 1, 0, 0, 0, 0, 0]",3,0.23141909377709055,-1,1
1438,"[1, 2, 0, 1, 4, 5, 0, 4, 0, 1, 0, 0, 1, 0, 2, 0, 0, 0, 0, 0, 0, 0, 0, 0, 2, 0, 0, 0, 0, 0, 0, 0, 1, 1, 0, 1, 1, 0, 2, 0, 0, 0, 1, 0, 0, 0, 0, 1, 0, 0, 2, 2, 2, 0, 0, 0, 0, 0, 0, 0, 0, 0, 2, 2, 3, 0, 2, 1, 2, 1, 4, 3, 6, 5, 3, 3, 2, 2, 4, 5, 242, 0, 0, 0, 0, 0, 0]",-1,-0.004446080872969317,-1,1
1439,"[1, 2, 0, 1, 4, 5, 0, 5, 0, 1, 0, 0, 1, 0, 2, 0, 0, 0, 0, 0, 0, 0, 0, 0, 2, 0, 0, 0, 0, 0, 0, 0, 1, 1, 0, 1, 1, 0, 2, 0, 0, 0, 1, 0, 0, 0, 0, 1, 0, 0, 2, 2, 2, 0, 0, 0, 0, 0, 0, 0, 0, 0, 2, 2, 3, 0, 2, 1, 2, 1, 4, 3, 6, 5, 3, 3, 2, 2, 4, 5, 243, 0, 0, 0, 0, 0, 0]",4,11.344322309109307,-1,1
1440,"[1, 2, 0, 1, 4, 5, 0, 5, 0, 1, 0, 0, 1, 0, 2, 0, 0, 0, 0, 0, 0, 0, 0, 0, 2, 0, 0, 0, 0, 0, 0, 0, 1, 1, 0, 1, 1, 0, 2, 0, 0, 0, 1, 0, 0, 0, 0, 1, 0, 0, 2, 2, 2, 0, 0, 0, 0, 0, 0, 0, 0, 0, 2, 2, 3, 0, 2, 1, 2, 1, 4, 3, 6, 5, 3, 3, 2, 2, 4, 5, 243, 0, 0, 0, 0, 0, 0]",1,0.6399983478309486,-1,0
1441,"[1, 2, 0, 1, 4, 5, 0, 5, 0, 1, 0, 0, 1, 0, 2, 0, 0, 0, 0, 0, 0, 0, 0, 0, 2, 0, 0, 0, 0, 0, 0, 0, 1, 1, 0, 1, 1, 0, 2, 0, 0, 0, 1, 0, 0, 0, 0, 1, 0, 0, 2, 2, 2, 0, 0, 0, 0, 0, 0, 0, 0, 0, 2, 2, 3, 0, 2, 1, 2, 1, 4, 3, 6, 5, 3, 3, 2, 2, 4, 5, 243, 0, 0, 0, 0, 0, 0]",-1,-0.004401841629118628,-1,0
1442,"[1, 2, 0, 1, 4, 5, 0, 5, 0, 1, 0, 0, 1, 0, 2, 0, 0, 0, 0, 0, 0, 0, 0, 0, 2, 0, 0, 0, 0, 0, 0, 0, 1, 1, 0, 1, 1, 0, 2, 0, 0, 0, 1, 0, 0, 0, 0, 1, 0, 0, 2, 2, 2, 0, 0, 0, 0, 0, 0, 0, 0, 0, 2, 2, 3, 0, 2, 1, 2, 1, 4, 3, 6, 5, 3, 3, 2, 2, 4, 5, 244, 0, 0, 0, 0, 0, 0]",4,14.411930314592357,-1,0
1443,"[1, 1, 0, 1, 2, 2, 0, 2, 0, 1, 0, 0, 1, 0, 2, 0, 0, 0, 0, 0, 0, 0, 0, 0, 2, 0, 0, 0, 0, 0, 0, 0, 1, 1, 0, 1, 1, 0, 2, 0, 0, 0, 1, 0, 0, 0, 0, 1, 0, 0, 2, 2, 2, 0, 0, 0, 0, 0, 0, 0, 0, 0, 2, 2, 3, 0, 2, 1, 2, 1, 4, 3, 6, 5, 3, 3, 2, 2, 4, 6, 245, 0, 0, 0, 0, 0, 0]",4,11.55328214123689,-1,1
1444,"[1, 1, 0, 1, 1, 1, 0, 1, 0, 1, 0, 0, 1, 0, 2, 0, 0, 0, 0, 0, 0, 0, 0, 0, 2, 0, 0, 0, 0, 0, 0, 0, 1, 1, 0, 1, 1, 0, 2, 0, 0, 0, 1, 0, 0, 0, 0, 1, 0, 0, 2, 2, 2, 0, 0, 0, 0, 0, 0, 0, 0, 0, 2, 2, 3, 0, 2, 1, 2, 1, 4, 3, 6, 5, 3, 3, 2, 2, 4, 4, 246, 0, 0, 0, 0, 0, 0]",4,14.569432901175155,-1,0
1445,"[1, 1, 0, 1, 1, 1, 0, 1, 0, 1, 0, 0, 1, 0, 2, 0, 0, 0, 0, 0, 0, 0, 0, 0, 2, 0, 0, 0, 0, 0, 0, 0, 1, 1, 0, 1, 1, 0, 2, 0, 0, 0, 1, 0, 0, 0, 0, 1, 0, 0, 2, 2, 2, 0, 0, 0, 0, 0, 0, 0, 0, 0, 2, 2, 3, 0, 2, 1, 2, 1, 4, 3, 6, 5, 3, 3, 2, 2, 4, 4, 247, 0, 0, 0, 0, 0, 0]",4,11.768414553815271,-1,1
1446,"[1, 1, 0, 1, 1, 1, 0, 1, 0, 1, 0, 0, 1, 0, 2, 0, 0, 0, 0, 0, 0, 0, 0, 0, 2, 0, 0, 0, 0, 0, 0, 0, 1, 1, 0, 1, 1, 0, 2, 0, 0, 0, 1, 0, 0, 0, 0, 1, 0, 0, 2, 2, 2, 0, 0, 0, 0, 0, 0, 0, 0, 0, 2, 2, 3, 0, 2, 1, 2, 1, 4, 3, 6, 5, 3, 3, 2, 2, 4, 4, 247, 0, 1, 0, 0, 0, 0]",2,0.4264777747084131,-1,0
1447,"[1, 1, 0, 1, 1, 1, 0, 1, 0, 1, 0, 0, 1, 0, 2, 0, 0, 0, 0, 0, 0, 0, 0, 0, 2, 0, 0, 0, 0, 0, 0, 0, 1, 1, 0, 1, 1, 0, 2, 0, 0, 0, 1, 0, 0, 0, 0, 1, 0, 0, 2, 2, 2, 0, 0, 0, 0, 0, 0, 0, 0, 0, 2, 2, 3, 0, 2, 1, 2, 1, 4, 3, 6, 5, 3, 3, 2, 2, 4, 4, 247, 0, 0, 0, 0, 0, 0]",-1,-0.004229242950078235,-1,0
1448,"[1, 1, 0, 1, 1, 1, 0, 1, 0, 1, 0, 0, 1, 0, 2, 0, 0, 0, 0, 0, 0, 0, 0, 0, 2, 0, 0, 0, 0, 0, 0, 0, 1, 1, 0, 1, 1, 0, 2, 0, 0, 0, 1, 0, 0, 0, 0, 1, 0, 0, 2, 2, 2, 0, 0, 0, 0, 0, 0, 0, 0, 0, 2, 2, 3, 0, 2, 1, 2, 1, 4, 3, 6, 5, 3, 3, 2, 2, 4, 4, 247, 1, 0, 0, 0, 0, 0]",3,0.2264777747084131,-1,0
1449,"[1, 1, 0, 1, 1, 1, 0, 1, 0, 1, 0, 0, 1, 0, 2, 0, 0, 0, 0, 0, 0, 0, 0, 0, 2, 0, 0, 0, 0, 0, 0, 0, 1, 1, 0, 1, 1, 0, 2, 0, 0, 0, 1, 0, 0, 0, 0, 1, 0, 0, 2, 2, 2, 0, 0, 0, 0, 0, 0, 0, 0, 0, 2, 2, 3, 0, 2, 1, 2, 1, 4, 3, 6, 5, 3, 3, 2, 2, 4, 4, 247, 0, 0, 0, 0, 0, 0]",-1,-0.004229242950078235,-1,0
1450,"[1, 1, 0, 1, 1, 1, 0, 1, 0, 1, 0, 0, 1, 0, 2, 0, 0, 0, 0, 0, 0, 0, 0, 0, 2, 0, 0, 0, 0, 0, 0, 0, 1, 1, 0, 1, 1, 0, 2, 0, 0, 0, 1, 0, 0, 0, 0, 1, 0, 0, 2, 2, 2, 0, 0, 0, 0, 0, 0, 0, 0, 0, 2, 2, 3, 0, 2, 1, 2, 1, 4, 3, 6, 5, 3, 3, 2, 2, 4, 4, 247, 1, 0, 0, 0, 0, 0]",3,0.2264777747084131,-1,0
1451,"[1, 1, 0, 1, 1, 1, 0, 1, 0, 1, 0, 0, 1, 0, 2, 0, 0, 0, 0, 0, 0, 0, 0, 0, 2, 0, 0, 0, 0, 0, 0, 0, 1, 1, 0, 1, 1, 0, 2, 0, 0, 0, 1, 0, 0, 0, 0, 1, 0, 0, 2, 2, 2, 0, 0, 0, 0, 0, 0, 0, 0, 0, 2, 2, 3, 0, 2, 1, 2, 1, 4, 3, 6, 5, 3, 3, 2, 2, 4, 4, 247, 0, 0, 0, 0, 0, 0]",-1,-0.004229242950078235,-1,0
1452,"[1, 1, 0, 1, 1, 1, 0, 1, 0, 1, 0, 0, 1, 0, 2, 0, 0, 0, 0, 0, 0, 0, 0, 0, 2, 0, 0, 0, 0, 0, 0, 0, 1, 1, 0, 1, 1, 0, 2, 0, 0, 0, 1, 0, 0, 0, 0, 1, 0, 0, 2, 2, 2, 0, 0, 0, 0, 0, 0, 0, 0, 0, 2, 2, 3, 0, 2, 1, 2, 1, 4, 3, 6, 5, 3, 3, 2, 2, 4, 4, 247, 1, 0, 0, 0, 0, 0]",3,0.2264777747084131,-1,0
1453,"[1, 1, 0, 1, 1, 1, 0, 1, 0, 1, 0, 0, 1, 0, 2, 0, 0, 0, 0, 0, 0, 0, 0, 0, 2, 0, 0, 0, 0, 0, 0, 0, 1, 1, 0, 1, 1, 0, 2, 0, 0, 0, 1, 0, 0, 0, 0, 1, 0, 0, 2, 2, 2, 0, 0, 0, 0, 0, 0, 0, 0, 0, 2, 2, 3, 0, 2, 1, 2, 1, 4, 3, 6, 5, 3, 3, 2, 2, 4, 4, 247, 0, 0, 0, 0, 0, 0]",-1,-0.004229242950078235,-1,0
1454,"[1, 1, 0, 1, 1, 1, 0, 1, 0, 1, 0, 0, 1, 0, 2, 0, 0, 0, 0, 0, 0, 0, 0, 0, 2, 0, 0, 0, 0, 0, 0, 0, 1, 1, 0, 1, 1, 0, 2, 0, 0, 0, 1, 0, 0, 0, 0, 1, 0, 0, 2, 2, 2, 0, 0, 0, 0, 0, 0, 0, 0, 0, 2, 2, 3, 0, 2, 1, 2, 1, 4, 3, 6, 5, 3, 3, 2, 2, 4, 4, 247, 1, 0, 0, 0, 0, 0]",3,0.2264777747084131,-1,0
1455,"[1, 1, 0, 1, 1, 1, 0, 1, 0, 1, 0, 0, 1, 0, 2, 0, 0, 0, 0, 0, 0, 0, 0, 0, 2, 0, 0, 0, 0, 0, 0, 0, 1, 1, 0, 1, 1, 0, 2, 0, 0, 0, 1, 0, 0, 0, 0, 1, 0, 0, 2, 2, 2, 0, 0, 0, 0, 0, 0, 0, 0, 0, 2, 2, 3, 0, 2, 1, 2, 1, 4, 3, 6, 5, 3, 3, 2, 2, 4, 4, 247, 0, 0, 0, 0, 0, 0]",-1,-0.004229242950078235,-1,0
1456,"[1, 1, 0, 1, 1, 1, 0, 1, 0, 1, 0, 0, 1, 0, 2, 0, 0, 0, 0, 0, 0, 0, 0, 0, 2, 0, 0, 0, 0, 0, 0, 0, 1, 1, 0, 1, 1, 0, 2, 0, 0, 0, 1, 0, 0, 0, 0, 1, 0, 0, 2, 2, 2, 0, 0, 0, 0, 0, 0, 0, 0, 0, 2, 2, 3, 0, 2, 1, 2, 1, 4, 3, 6, 5, 3, 3, 2, 2, 4, 4, 247, 1, 0, 0, 0, 0, 0]",3,0.2264777747084131,-1,0
1457,"[1, 1, 0, 1, 1, 1, 0, 1, 0, 1, 0, 0, 1, 0, 2, 0, 0, 0, 0, 0, 0, 0, 0, 0, 2, 0, 0, 0, 0, 0, 0, 0, 1, 1, 0, 1, 1, 0, 2, 0, 0, 0, 1, 0, 0, 0, 0, 1, 0, 0, 2, 2, 2, 0, 0, 0, 0, 0, 0, 0, 0, 0, 2, 2, 3, 0, 2, 1, 2, 1, 4, 3, 6, 5, 3, 3, 2, 2, 4, 4, 247, 0, 0, 0, 0, 0, 0]",-1,-0.004229242950078235,-1,0
1458,"[1, 1, 0, 1, 1, 1, 0, 1, 0, 1, 0, 0, 1, 0, 2, 0, 0, 0, 0, 0, 0, 0, 0, 0, 2, 0, 0, 0, 0, 0, 0, 0, 1, 1, 0, 1, 1, 0, 2, 0, 0, 0, 1, 0, 0, 0, 0, 1, 0, 0, 2, 2, 2, 0, 0, 0, 0, 0, 0, 0, 0, 0, 2, 2, 3, 0, 2, 1, 2, 1, 4, 3, 6, 5, 3, 3, 2, 2, 4, 4, 247, 0, 0, 0, 0, 0, 0]",1,0.6361018898080298,-1,0
1459,"[1, 1, 0, 1, 1, 1, 0, 1, 0, 1, 0, 0, 1, 0, 2, 0, 0, 0, 0, 0, 0, 0, 0, 0, 2, 0, 0, 0, 0, 0, 0, 0, 1, 1, 0, 1, 1, 0, 2, 0, 0, 0, 1, 0, 0, 0, 0, 1, 0, 0, 2, 2, 2, 0, 0, 0, 0, 0, 0, 0, 0, 0, 2, 2, 3, 0, 2, 1, 2, 1, 4, 3, 6, 5, 3, 3, 2, 2, 4, 4, 247, 0, 0, 0, 0, 0, 0]",-1,-0.004229242950078235,-1,0
1460,"[1, 1, 0, 1, 1, 1, 0, 1, 0, 1, 0, 0, 1, 0, 2, 0, 0, 0, 0, 0, 0, 0, 0, 0, 2, 0, 0, 0, 0, 0, 0, 0, 1, 1, 0, 1, 1, 0, 2, 0, 0, 0, 1, 0, 0, 0, 0, 1, 0, 0, 2, 2, 2, 0, 0, 0, 0, 0, 0, 0, 0, 0, 2, 2, 3, 0, 2, 1, 2, 1, 4, 3, 6, 5, 3, 3, 2, 2, 4, 0, 248, 0, 0, 0, 0, 0, 0]",4,14.567424083174098,-1,0
1461,"[1, 2, 0, 1, 1, 2, 0, 1, 0, 1, 0, 0, 1, 0, 2, 0, 0, 0, 0, 0, 0, 0, 0, 0, 2, 0, 0, 0, 0, 0, 0, 0, 1, 1, 0, 1, 1, 0, 2, 0, 0, 0, 1, 0, 0, 0, 0, 1, 0, 0, 2, 2, 2, 0, 0, 0, 0, 0, 0, 0, 0, 0, 2, 2, 3, 0, 2, 1, 2, 1, 4, 3, 6, 5, 3, 3, 2, 2, 4, 0, 249, 0, 0, 0, 0, 0, 0]",4,11.606836295446108,-1,1
1462,"[1, 2, 0, 1, 1, 2, 0, 1, 0, 1, 0, 0, 1, 0, 2, 0, 0, 0, 0, 0, 0, 0, 0, 0, 2, 0, 0, 0, 0, 0, 0, 0, 1, 1, 0, 1, 1, 0, 2, 0, 0, 0, 1, 0, 0, 0, 0, 1, 0, 0, 2, 2, 2, 0, 0, 0, 0, 0, 0, 0, 0, 0, 2, 2, 3, 0, 2, 1, 2, 1, 4, 3, 6, 5, 3, 3, 2, 2, 4, 0, 249, 1, 0, 0, 0, 0, 0]",3,0.2246934095130448,-1,0
1463,"[1, 2, 0, 1, 1, 2, 0, 1, 0, 1, 0, 0, 1, 0, 2, 0, 0, 0, 0, 0, 0, 0, 0, 0, 2, 0, 0, 0, 0, 0, 0, 0, 1, 1, 0, 1, 1, 0, 2, 0, 0, 0, 1, 0, 0, 0, 0, 1, 0, 0, 2, 2, 2, 0, 0, 0, 0, 0, 0, 0, 0, 0, 2, 2, 3, 0, 2, 1, 2, 1, 4, 3, 6, 5, 3, 3, 2, 2, 4, 0, 249, 0, 0, 0, 0, 0, 0]",-1,-0.004145498328758633,-1,0
1464,"[1, 2, 0, 1, 1, 2, 0, 1, 0, 1, 0, 0, 1, 0, 2, 0, 0, 0, 0, 0, 0, 0, 0, 0, 2, 0, 0, 0, 0, 0, 0, 0, 1, 1, 0, 1, 1, 0, 2, 0, 0, 0, 1, 0, 0, 0, 0, 1, 0, 0, 2, 2, 2, 0, 0, 0, 0, 0, 0, 0, 0, 0, 2, 2, 3, 0, 2, 1, 2, 1, 4, 3, 6, 5, 3, 3, 2, 2, 4, 0, 249, 1, 0, 0, 0, 0, 0]",3,0.2246934095130448,-1,0
1465,"[1, 2, 0, 1, 1, 2, 0, 1, 0, 1, 0, 0, 1, 0, 2, 0, 0, 0, 0, 0, 0, 0, 0, 0, 2, 0, 0, 0, 0, 0, 0, 0, 1, 1, 0, 1, 1, 0, 2, 0, 0, 0, 1, 0, 0, 0, 0, 1, 0, 0, 2, 2, 2, 0, 0, 0, 0, 0, 0, 0, 0, 0, 2, 2, 3, 0, 2, 1, 2, 1, 4, 3, 6, 5, 3, 3, 2, 2, 4, 0, 249, 0, 0, 0, 0, 0, 0]",-1,-0.004145498328758633,-1,0
1466,"[2, 2, 0, 1, 1, 3, 0, 1, 0, 1, 0, 0, 1, 0, 2, 0, 0, 0, 0, 0, 0, 0, 0, 0, 2, 0, 0, 0, 0, 0, 0, 0, 1, 1, 0, 1, 1, 0, 2, 0, 0, 0, 1, 0, 0, 0, 0, 1, 0, 0, 2, 2, 2, 0, 0, 0, 0, 0, 0, 0, 0, 0, 2, 2, 3, 0, 2, 1, 2, 1, 4, 3, 6, 5, 3, 3, 2, 2, 4, 0, 250, 0, 0, 0, 0, 0, 0]",4,14.304573084996658,-1,0
1467,"[2, 2, 0, 1, 1, 3, 0, 1, 0, 1, 0, 0, 1, 0, 2, 0, 0, 0, 0, 0, 0, 0, 0, 0, 2, 0, 0, 0, 0, 0, 0, 0, 1, 1, 0, 1, 1, 0, 2, 0, 0, 0, 1, 0, 0, 0, 0, 1, 0, 0, 2, 2, 2, 0, 0, 0, 0, 0, 0, 0, 0, 0, 2, 2, 3, 0, 2, 1, 2, 1, 4, 3, 6, 5, 3, 3, 2, 2, 4, 0, 250, 1, 0, 0, 0, 0, 0]",3,0.22384058440442353,-1,1
1468,"[2, 2, 0, 1, 1, 3, 0, 1, 0, 1, 0, 0, 1, 0, 2, 0, 0, 0, 0, 0, 0, 0, 0, 0, 2, 0, 0, 0, 0, 0, 0, 0, 1, 1, 0, 1, 1, 0, 2, 0, 0, 0, 1, 0, 0, 0, 0, 1, 0, 0, 2, 2, 2, 0, 0, 0, 0, 0, 0, 0, 0, 0, 2, 2, 3, 0, 2, 1, 2, 1, 4, 3, 6, 5, 3, 3, 2, 2, 4, 0, 250, 0, 0, 0, 0, 0, 0]",-1,-0.0041042499311949405,-1,1
1469,"[2, 3, 0, 1, 1, 4, 0, 1, 0, 1, 0, 0, 1, 0, 2, 0, 0, 0, 0, 0, 0, 0, 0, 0, 2, 0, 0, 0, 0, 0, 0, 0, 1, 1, 0, 1, 1, 0, 2, 0, 0, 0, 1, 0, 0, 0, 0, 1, 0, 0, 2, 2, 2, 0, 0, 0, 0, 0, 0, 0, 0, 0, 2, 2, 3, 0, 2, 1, 2, 1, 4, 3, 6, 5, 3, 3, 2, 2, 4, 0, 251, 0, 0, 0, 0, 0, 0]",4,11.17699007286079,-1,1
1470,"[2, 3, 0, 1, 1, 4, 0, 2, 0, 1, 0, 0, 1, 0, 2, 0, 0, 0, 0, 0, 0, 0, 0, 0, 2, 0, 0, 0, 0, 0, 0, 0, 1, 1, 0, 1, 1, 0, 2, 0, 0, 0, 1, 0, 0, 0, 0, 1, 0, 0, 2, 2, 2, 0, 0, 0, 0, 0, 0, 0, 0, 0, 2, 2, 3, 0, 2, 1, 2, 1, 4, 3, 6, 5, 3, 3, 2, 2, 4, 0, 252, 0, 0, 0, 0, 0, 0]",4,14.172592485880884,-1,0
1471,"[2, 3, 0, 1, 1, 4, 0, 2, 0, 1, 0, 0, 1, 0, 2, 0, 0, 0, 0, 0, 0, 0, 0, 0, 2, 0, 0, 0, 0, 0, 0, 0, 1, 1, 0, 1, 1, 0, 2, 0, 0, 0, 1, 0, 0, 0, 0, 1, 0, 0, 2, 2, 2, 0, 0, 0, 0, 0, 0, 0, 0, 0, 2, 2, 3, 0, 2, 1, 2, 1, 4, 3, 6, 5, 3, 3, 2, 2, 4, 0, 252, 0, 1, 0, 0, 0, 0]",2,0.4222111933422815,-1,1
1472,"[2, 3, 0, 1, 1, 4, 0, 2, 0, 1, 0, 0, 1, 0, 2, 0, 0, 0, 0, 0, 0, 0, 0, 0, 2, 0, 0, 0, 0, 0, 0, 0, 1, 1, 0, 1, 1, 0, 2, 0, 0, 0, 1, 0, 0, 0, 0, 1, 0, 0, 2, 2, 2, 0, 0, 0, 0, 0, 0, 0, 0, 0, 2, 2, 3, 0, 2, 1, 2, 1, 4, 3, 6, 5, 3, 3, 2, 2, 4, 0, 252, 0, 1, 0, 0, 1, 0]","[[0 2 0 1]
 [1 3 0 1]]",2.144702078066,-1,1
1473,"[1, 2, 0, 1, 2, 5, 0, 2, 0, 1, 0, 0, 1, 0, 2, 0, 0, 0, 0, 0, 0, 0, 0, 0, 2, 0, 0, 0, 0, 0, 0, 0, 1, 1, 0, 1, 1, 0, 2, 0, 0, 0, 1, 0, 0, 0, 0, 1, 0, 0, 2, 2, 2, 0, 0, 0, 0, 0, 0, 0, 0, 0, 2, 2, 3, 0, 2, 1, 2, 1, 4, 3, 6, 5, 3, 3, 2, 2, 4, 0, 252, 0, 0, 0, 0, 0, 0]",0,-0.17778880665771848,-1,0
1474,"[1, 2, 0, 1, 2, 5, 0, 2, 0, 1, 0, 0, 1, 0, 2, 0, 0, 0, 0, 0, 0, 0, 0, 0, 2, 0, 0, 0, 0, 0, 0, 0, 1, 1, 0, 1, 1, 0, 2, 0, 0, 0, 1, 0, 0, 0, 0, 1, 0, 0, 2, 2, 2, 0, 0, 0, 0, 0, 0, 0, 0, 0, 2, 2, 3, 0, 2, 1, 2, 1, 4, 3, 6, 5, 3, 3, 2, 2, 4, 0, 252, 0, 1, 0, 0, 0, 0]",2,0.4222111933422815,-1,1
1475,"[1, 2, 0, 1, 2, 5, 0, 2, 0, 1, 0, 0, 1, 0, 2, 0, 0, 0, 0, 0, 0, 0, 0, 0, 2, 0, 0, 0, 0, 0, 0, 0, 1, 1, 0, 1, 1, 0, 2, 0, 0, 0, 1, 0, 0, 0, 0, 1, 0, 0, 2, 2, 2, 0, 0, 0, 0, 0, 0, 0, 0, 0, 2, 2, 3, 0, 2, 1, 2, 1, 4, 3, 6, 5, 3, 3, 2, 2, 4, 0, 252, 0, 1, 0, 0, 1, 0]","[[1 2 0 1]
 [1 1 0 1]]",-0.011856597833686089,-1,1
1476,"[1, 2, 0, 1, 2, 5, 0, 2, 0, 1, 0, 0, 1, 0, 2, 0, 0, 0, 0, 0, 0, 0, 0, 0, 2, 0, 0, 0, 0, 0, 0, 0, 1, 1, 0, 1, 1, 0, 2, 0, 0, 0, 1, 0, 0, 0, 0, 1, 0, 0, 2, 2, 2, 0, 0, 0, 0, 0, 0, 0, 0, 0, 2, 2, 3, 0, 2, 1, 2, 1, 4, 3, 6, 5, 3, 3, 2, 2, 4, 0, 252, 0, 0, 0, 0, 0, 0]",1,-0.17778880665771848,-1,0
1477,"[1, 2, 0, 1, 2, 5, 0, 2, 0, 1, 0, 0, 1, 0, 2, 0, 0, 0, 0, 0, 0, 0, 0, 0, 2, 0, 0, 0, 0, 0, 0, 0, 1, 1, 0, 1, 1, 0, 2, 0, 0, 0, 1, 0, 0, 0, 0, 1, 0, 0, 2, 2, 2, 0, 0, 0, 0, 0, 0, 0, 0, 0, 2, 2, 3, 0, 2, 1, 2, 1, 4, 3, 6, 5, 3, 3, 2, 2, 4, 0, 252, 0, 0, 0, 0, 0, 0]",-1,-0.004022980337476622,-1,1
1478,"[2, 2, 0, 1, 2, 6, 0, 2, 0, 1, 0, 0, 1, 0, 2, 0, 0, 0, 0, 0, 0, 0, 0, 0, 2, 0, 0, 0, 0, 0, 0, 0, 1, 1, 0, 1, 1, 0, 2, 0, 0, 0, 1, 0, 0, 0, 0, 1, 0, 0, 2, 2, 2, 0, 0, 0, 0, 0, 0, 0, 0, 0, 2, 2, 3, 0, 2, 1, 2, 1, 4, 3, 6, 5, 3, 3, 2, 2, 4, 0, 253, 0, 0, 0, 0, 0, 0]",4,11.175177746771586,-1,1
1479,"[2, 2, 0, 1, 2, 6, 0, 2, 0, 1, 0, 0, 1, 0, 2, 0, 0, 0, 0, 0, 0, 0, 0, 0, 2, 0, 0, 0, 0, 0, 0, 0, 1, 1, 0, 1, 1, 0, 2, 0, 0, 0, 1, 0, 0, 0, 0, 1, 0, 0, 2, 2, 2, 0, 0, 0, 0, 0, 0, 0, 0, 0, 2, 2, 3, 0, 2, 1, 2, 1, 4, 3, 6, 5, 3, 3, 2, 2, 4, 0, 254, 0, 0, 0, 0, 0, 0]",4,14.301087496254954,-1,0
1480,"[2, 2, 0, 1, 2, 6, 0, 2, 0, 1, 0, 0, 1, 0, 2, 0, 0, 0, 0, 0, 0, 0, 0, 0, 2, 0, 0, 0, 0, 0, 0, 0, 1, 1, 0, 1, 1, 0, 2, 0, 0, 0, 1, 0, 0, 0, 0, 1, 0, 0, 2, 2, 2, 0, 0, 0, 0, 0, 0, 0, 0, 0, 2, 2, 3, 0, 2, 1, 2, 1, 4, 3, 6, 5, 3, 3, 2, 2, 4, 0, 254, 1, 0, 0, 0, 0, 0]",3,0.22068009029164995,-1,1
1481,"[2, 2, 0, 1, 2, 6, 0, 2, 0, 1, 0, 0, 1, 0, 2, 0, 0, 0, 0, 0, 0, 0, 0, 0, 2, 0, 0, 0, 0, 0, 0, 0, 1, 1, 0, 1, 1, 0, 2, 0, 0, 0, 1, 0, 0, 0, 0, 1, 0, 0, 2, 2, 2, 0, 0, 0, 0, 0, 0, 0, 0, 0, 2, 2, 3, 0, 2, 1, 2, 1, 4, 3, 6, 5, 3, 3, 2, 2, 4, 0, 254, 0, 0, 0, 0, 0, 0]",-1,-0.003943319989533747,-1,1
1482,"[1, 1, 0, 1, 1, 3, 0, 1, 0, 1, 0, 0, 1, 0, 2, 0, 0, 0, 0, 0, 0, 0, 0, 0, 2, 0, 0, 0, 0, 0, 0, 0, 1, 1, 0, 1, 1, 0, 2, 0, 0, 0, 1, 0, 0, 0, 0, 1, 0, 0, 2, 2, 2, 0, 0, 0, 0, 0, 0, 0, 0, 0, 2, 2, 3, 0, 2, 1, 2, 1, 4, 3, 6, 5, 3, 3, 2, 2, 4, 0, 255, 0, 0, 0, 0, 0, 0]",4,11.340792204118436,-1,1
1483,"[1, 1, 0, 1, 1, 3, 0, 1, 0, 1, 0, 0, 1, 0, 2, 0, 0, 0, 0, 0, 0, 0, 0, 0, 2, 0, 0, 0, 0, 0, 0, 0, 1, 1, 0, 1, 1, 0, 2, 0, 0, 0, 1, 0, 0, 0, 0, 1, 0, 0, 2, 2, 2, 0, 0, 0, 0, 0, 0, 0, 0, 0, 2, 2, 3, 0, 2, 1, 2, 1, 4, 3, 6, 5, 3, 3, 2, 2, 4, 0, 255, 1, 0, 0, 0, 0, 0]",3,0.21995009782393704,-1,0
1484,"[1, 1, 0, 1, 1, 3, 0, 1, 0, 1, 0, 0, 1, 0, 2, 0, 0, 0, 0, 0, 0, 0, 0, 0, 2, 0, 0, 0, 0, 0, 0, 0, 1, 1, 0, 1, 1, 0, 2, 0, 0, 0, 1, 0, 0, 0, 0, 1, 0, 0, 2, 2, 2, 0, 0, 0, 0, 0, 0, 0, 0, 0, 2, 2, 3, 0, 2, 1, 2, 1, 4, 3, 6, 5, 3, 3, 2, 2, 4, 0, 255, 0, 0, 0, 0, 0, 0]",-1,-0.0039040833000576567,-1,0
1485,"[1, 2, 0, 1, 1, 4, 0, 1, 0, 1, 0, 0, 1, 0, 2, 0, 0, 0, 0, 0, 0, 0, 0, 0, 2, 0, 0, 0, 0, 0, 0, 0, 1, 1, 0, 1, 1, 0, 2, 0, 0, 0, 1, 0, 0, 0, 0, 1, 0, 0, 2, 2, 2, 0, 0, 0, 0, 0, 0, 0, 0, 0, 2, 2, 3, 0, 2, 1, 2, 1, 4, 3, 6, 5, 3, 3, 2, 2, 4, 0, 256, 0, 0, 0, 0, 0, 0]",4,14.400819838316098,-1,0
1486,"[1, 2, 0, 1, 1, 4, 0, 1, 0, 1, 0, 0, 1, 0, 2, 0, 0, 0, 0, 0, 0, 0, 0, 0, 2, 0, 0, 0, 0, 0, 0, 0, 1, 1, 0, 1, 1, 0, 2, 0, 0, 0, 1, 0, 0, 0, 0, 1, 0, 0, 2, 2, 2, 0, 0, 0, 0, 0, 0, 0, 0, 0, 2, 2, 3, 0, 2, 1, 2, 1, 4, 3, 6, 5, 3, 3, 2, 2, 4, 0, 256, 1, 0, 0, 0, 0, 0]",3,0.21924310834213856,-1,1
1487,"[1, 2, 0, 1, 1, 4, 0, 1, 0, 1, 0, 0, 1, 0, 2, 0, 0, 0, 0, 0, 0, 0, 0, 0, 2, 0, 0, 0, 0, 0, 0, 0, 1, 1, 0, 1, 1, 0, 2, 0, 0, 0, 1, 0, 0, 0, 0, 1, 0, 0, 2, 2, 2, 0, 0, 0, 0, 0, 0, 0, 0, 0, 2, 2, 3, 0, 2, 1, 2, 1, 4, 3, 6, 5, 3, 3, 2, 2, 4, 0, 256, 0, 0, 0, 0, 0, 0]",-1,-0.0038652370221649874,-1,1
1488,"[2, 2, 0, 1, 1, 5, 0, 1, 0, 1, 0, 0, 1, 0, 2, 0, 0, 0, 0, 0, 0, 0, 0, 0, 2, 0, 0, 0, 0, 0, 0, 0, 1, 1, 0, 1, 1, 0, 2, 0, 0, 0, 1, 0, 0, 0, 0, 1, 0, 0, 2, 2, 2, 0, 0, 0, 0, 0, 0, 0, 0, 0, 2, 2, 3, 0, 2, 1, 2, 1, 4, 3, 6, 5, 3, 3, 2, 2, 4, 0, 257, 0, 0, 0, 0, 0, 0]",4,11.062912326060694,-1,1
1489,"[2, 2, 0, 1, 1, 5, 0, 1, 0, 1, 0, 0, 1, 0, 2, 0, 0, 0, 0, 0, 0, 0, 0, 0, 2, 0, 0, 0, 0, 0, 0, 0, 1, 1, 0, 1, 1, 0, 2, 0, 0, 0, 1, 0, 0, 0, 0, 1, 0, 0, 2, 2, 2, 0, 0, 0, 0, 0, 0, 0, 0, 0, 2, 2, 3, 0, 2, 1, 2, 1, 4, 3, 6, 5, 3, 3, 2, 2, 4, 0, 257, 0, 1, 0, 0, 0, 0]",2,0.41855859062343137,-1,0
1490,"[2, 2, 0, 1, 1, 5, 0, 1, 0, 1, 0, 0, 1, 0, 2, 0, 0, 0, 0, 0, 0, 0, 0, 0, 2, 0, 0, 0, 0, 0, 0, 0, 1, 1, 0, 1, 1, 0, 2, 0, 0, 0, 1, 0, 0, 0, 0, 1, 0, 0, 2, 2, 2, 0, 0, 0, 0, 0, 0, 0, 0, 0, 2, 2, 3, 0, 2, 1, 2, 1, 4, 3, 6, 5, 3, 3, 2, 2, 4, 0, 257, 0, 0, 0, 0, 0, 0]",-1,-0.003826777271195576,-1,0
1491,"[2, 2, 0, 1, 1, 5, 0, 1, 0, 1, 0, 0, 1, 0, 2, 0, 0, 0, 0, 0, 0, 0, 0, 0, 2, 0, 0, 0, 0, 0, 0, 0, 1, 1, 0, 1, 1, 0, 2, 0, 0, 0, 1, 0, 0, 0, 0, 1, 0, 0, 2, 2, 2, 0, 0, 0, 0, 0, 0, 0, 0, 0, 2, 2, 3, 0, 2, 1, 2, 1, 4, 3, 6, 5, 3, 3, 2, 2, 4, 0, 257, 1, 0, 0, 0, 0, 0]",3,0.21855859062343141,-1,0
1492,"[0, 2, 0, 2, 1, 5, 0, 1, 0, 1, 0, 0, 1, 0, 2, 0, 0, 0, 0, 0, 0, 0, 0, 0, 2, 0, 0, 0, 0, 0, 0, 0, 1, 1, 0, 1, 1, 0, 2, 0, 0, 0, 1, 0, 0, 0, 0, 1, 0, 0, 2, 2, 2, 0, 0, 0, 0, 0, 0, 0, 0, 0, 2, 2, 3, 0, 2, 1, 2, 1, 4, 3, 6, 5, 3, 3, 2, 2, 4, 0, 257, 0, 0, 0, 0, 0, 0]","[[2 0 0 0]
 [0 0 0 1]]",-0.17998372746552754,-1,0
1493,"[0, 2, 0, 2, 1, 5, 0, 1, 0, 1, 0, 0, 1, 0, 2, 0, 0, 0, 0, 0, 0, 0, 0, 0, 2, 0, 0, 0, 0, 0, 0, 0, 1, 1, 0, 1, 1, 0, 2, 0, 0, 0, 1, 0, 0, 0, 0, 1, 0, 0, 2, 2, 2, 0, 0, 0, 0, 0, 0, 0, 0, 0, 2, 2, 3, 0, 2, 1, 2, 1, 4, 3, 6, 5, 3, 3, 2, 2, 4, 0, 257, 1, 0, 0, 0, 0, 0]",3,0.21855859062343141,-1,0
1494,"[0, 2, 0, 2, 1, 5, 0, 1, 0, 1, 0, 0, 1, 0, 2, 0, 0, 0, 0, 0, 0, 0, 0, 0, 2, 0, 0, 0, 0, 0, 0, 0, 1, 1, 0, 1, 1, 0, 2, 0, 0, 0, 1, 0, 0, 0, 0, 1, 0, 0, 2, 2, 2, 0, 0, 0, 0, 0, 0, 0, 0, 0, 2, 2, 3, 0, 2, 1, 2, 1, 4, 3, 6, 5, 3, 3, 2, 2, 4, 0, 257, 0, 0, 0, 0, 0, 0]",-1,-0.003826777271195576,-1,0
1495,"[0, 2, 0, 2, 1, 5, 0, 1, 0, 1, 0, 0, 1, 0, 2, 0, 0, 0, 0, 0, 0, 0, 0, 0, 2, 0, 0, 0, 0, 0, 0, 0, 1, 1, 0, 1, 1, 0, 2, 0, 0, 0, 1, 0, 0, 0, 0, 1, 0, 0, 2, 2, 2, 0, 0, 0, 0, 0, 0, 0, 0, 0, 2, 2, 3, 0, 2, 1, 2, 1, 4, 3, 6, 5, 3, 3, 2, 2, 4, 0, 257, 1, 0, 0, 0, 0, 0]",3,0.21855859062343141,-1,0
1496,"[0, 2, 0, 2, 1, 5, 0, 1, 0, 1, 0, 0, 1, 0, 2, 0, 0, 0, 0, 0, 0, 0, 0, 0, 2, 0, 0, 0, 0, 0, 0, 0, 1, 1, 0, 1, 1, 0, 2, 0, 0, 0, 1, 0, 0, 0, 0, 1, 0, 0, 2, 2, 2, 0, 0, 0, 0, 0, 0, 0, 0, 0, 2, 2, 3, 0, 2, 1, 2, 1, 4, 3, 6, 5, 3, 3, 2, 2, 4, 0, 257, 0, 0, 0, 0, 0, 0]",-1,-0.003826777271195576,-1,0
1497,"[0, 2, 0, 2, 3, 5, 0, 1, 0, 1, 0, 0, 1, 0, 2, 0, 0, 0, 0, 0, 0, 0, 0, 0, 2, 0, 0, 0, 0, 0, 0, 0, 1, 1, 0, 1, 1, 0, 2, 0, 0, 0, 1, 0, 0, 0, 0, 1, 0, 0, 2, 2, 2, 0, 0, 0, 0, 0, 0, 0, 0, 0, 2, 2, 3, 0, 2, 1, 2, 1, 4, 3, 6, 5, 3, 3, 2, 2, 4, 0, 258, 0, 0, 0, 0, 0, 0]",4,14.041612235350284,-1,0
1498,"[0, 2, 0, 2, 3, 5, 0, 1, 0, 1, 0, 0, 1, 0, 2, 0, 0, 0, 0, 0, 0, 0, 0, 0, 2, 0, 0, 0, 0, 0, 0, 0, 1, 1, 0, 1, 1, 0, 2, 0, 0, 0, 1, 0, 0, 0, 0, 1, 0, 0, 2, 2, 2, 0, 0, 0, 0, 0, 0, 0, 0, 0, 2, 2, 3, 0, 2, 1, 2, 1, 4, 3, 6, 5, 3, 3, 2, 2, 4, 0, 258, 0, 0, 0, 0, 0, 0]",-1,-0.003788700201142274,-1,1
1499,"[0, 2, 0, 2, 3, 5, 0, 1, 0, 1, 0, 0, 1, 0, 2, 0, 0, 0, 0, 0, 0, 0, 0, 0, 2, 0, 0, 0, 0, 0, 0, 0, 1, 1, 0, 1, 1, 0, 2, 0, 0, 0, 1, 0, 0, 0, 0, 1, 0, 0, 2, 2, 2, 0, 0, 0, 0, 0, 0, 0, 0, 0, 2, 2, 3, 0, 2, 1, 2, 1, 4, 3, 6, 5, 3, 3, 2, 2, 4, 0, 259, 0, 0, 0, 0, 0, 0]",4,11.183194390601518,-1,1
1500,"[0, 2, 0, 2, 3, 5, 0, 1, 0, 1, 0, 0, 1, 0, 2, 0, 0, 0, 0, 0, 0, 0, 0, 0, 2, 0, 0, 0, 0, 0, 0, 0, 1, 1, 0, 1, 1, 0, 2, 0, 0, 0, 1, 0, 0, 0, 0, 1, 0, 0, 2, 2, 2, 0, 0, 0, 0, 0, 0, 0, 0, 0, 2, 2, 3, 0, 2, 1, 2, 1, 4, 3, 6, 5, 3, 3, 2, 2, 4, 0, 259, 1, 0, 0, 0, 0, 0]",3,0.21725483889918334,-1,0
1501,"[0, 2, 0, 2, 3, 5, 0, 1, 0, 1, 0, 0, 1, 0, 2, 0, 0, 0, 0, 0, 0, 0, 0, 0, 2, 0, 0, 0, 0, 0, 0, 0, 1, 1, 0, 1, 1, 0, 2, 0, 0, 0, 1, 0, 0, 0, 0, 1, 0, 0, 2, 2, 2, 0, 0, 0, 0, 0, 0, 0, 0, 0, 2, 2, 3, 0, 2, 1, 2, 1, 4, 3, 6, 5, 3, 3, 2, 2, 4, 0, 259, 0, 0, 0, 0, 0, 0]",-1,-0.0037510020042663492,-1,0
1502,"[0, 2, 0, 2, 5, 5, 0, 1, 0, 1, 0, 0, 1, 0, 2, 0, 0, 0, 0, 0, 0, 0, 0, 0, 2, 0, 0, 0, 0, 0, 0, 0, 1, 1, 0, 1, 1, 0, 2, 0, 0, 0, 1, 0, 0, 0, 0, 1, 0, 0, 2, 2, 2, 0, 0, 0, 0, 0, 0, 0, 0, 0, 2, 2, 3, 0, 2, 1, 2, 1, 4, 3, 6, 5, 3, 3, 2, 2, 4, 0, 260, 0, 0, 0, 0, 0, 0]",4,14.040199212248496,-1,0
1503,"[0, 2, 0, 2, 5, 5, 0, 1, 0, 1, 0, 0, 1, 0, 2, 0, 0, 0, 0, 0, 0, 0, 0, 0, 2, 0, 0, 0, 0, 0, 0, 0, 1, 1, 0, 1, 1, 0, 2, 0, 0, 0, 1, 0, 0, 0, 0, 1, 0, 0, 2, 2, 2, 0, 0, 0, 0, 0, 0, 0, 0, 0, 2, 2, 3, 0, 2, 1, 2, 1, 4, 3, 6, 5, 3, 3, 2, 2, 4, 0, 260, 0, 0, 0, 0, 0, 0]",-1,-0.003713678910716694,-1,1
1504,"[1, 2, 0, 2, 5, 6, 0, 1, 0, 1, 0, 0, 1, 0, 2, 0, 0, 0, 0, 0, 0, 0, 0, 0, 2, 0, 0, 0, 0, 0, 0, 0, 1, 1, 0, 1, 1, 0, 2, 0, 0, 0, 1, 0, 0, 0, 0, 1, 0, 0, 2, 2, 2, 0, 0, 0, 0, 0, 0, 0, 0, 0, 2, 2, 3, 0, 2, 1, 2, 1, 4, 3, 6, 5, 3, 3, 2, 2, 4, 0, 261, 0, 0, 0, 0, 0, 0]",4,11.144660950051552,-1,1
1505,"[1, 2, 0, 2, 5, 6, 0, 1, 0, 1, 0, 0, 1, 0, 2, 0, 0, 0, 0, 0, 0, 0, 0, 0, 2, 0, 0, 0, 0, 0, 0, 0, 1, 1, 0, 1, 1, 0, 2, 0, 0, 0, 1, 0, 0, 0, 0, 1, 0, 0, 2, 2, 2, 0, 0, 0, 0, 0, 0, 0, 0, 0, 2, 2, 3, 0, 2, 1, 2, 1, 4, 3, 6, 5, 3, 3, 2, 2, 4, 0, 261, 0, 0, 0, 0, 0, 0]",0,0.25875345485813556,-1,0
1506,"[1, 2, 0, 2, 5, 6, 0, 1, 0, 1, 0, 0, 1, 0, 2, 0, 0, 0, 0, 0, 0, 0, 0, 0, 2, 0, 0, 0, 0, 0, 0, 0, 1, 1, 0, 1, 1, 0, 2, 0, 0, 0, 1, 0, 0, 0, 0, 1, 0, 0, 2, 2, 2, 0, 0, 0, 0, 0, 0, 0, 0, 0, 2, 2, 3, 0, 2, 1, 2, 1, 4, 3, 6, 5, 3, 3, 2, 2, 4, 0, 261, 0, 0, 0, 0, 0, 0]",-1,-0.003676727188152855,-1,0
1507,"[1, 2, 0, 2, 5, 6, 0, 1, 0, 1, 0, 0, 1, 0, 2, 0, 0, 0, 0, 0, 0, 0, 0, 0, 2, 0, 0, 0, 0, 0, 0, 0, 1, 1, 0, 1, 1, 0, 2, 0, 0, 0, 1, 0, 0, 0, 0, 1, 0, 0, 2, 2, 2, 0, 0, 0, 0, 0, 0, 0, 0, 0, 2, 2, 3, 0, 2, 1, 2, 1, 4, 3, 6, 5, 3, 3, 2, 2, 4, 0, 261, 0, 0, 0, 0, 0, 0]",0,0.25875345485813556,-1,0
1508,"[1, 2, 0, 2, 5, 6, 0, 1, 0, 1, 0, 0, 1, 0, 2, 0, 0, 0, 0, 0, 0, 0, 0, 0, 2, 0, 0, 0, 0, 0, 0, 0, 1, 1, 0, 1, 1, 0, 2, 0, 0, 0, 1, 0, 0, 0, 0, 1, 0, 0, 2, 2, 2, 0, 0, 0, 0, 0, 0, 0, 0, 0, 2, 2, 3, 0, 2, 1, 2, 1, 4, 3, 6, 5, 3, 3, 2, 2, 4, 0, 261, 0, 0, 0, 0, 0, 0]",-1,-0.003676727188152855,-1,0
1509,"[1, 2, 0, 2, 5, 6, 0, 1, 0, 1, 0, 0, 1, 0, 2, 0, 0, 0, 0, 0, 0, 0, 0, 0, 2, 0, 0, 0, 0, 0, 0, 0, 1, 1, 0, 1, 1, 0, 2, 0, 0, 0, 1, 0, 0, 0, 0, 1, 0, 0, 2, 2, 2, 0, 0, 0, 0, 0, 0, 0, 0, 0, 2, 2, 3, 0, 2, 1, 2, 1, 4, 3, 6, 5, 3, 3, 2, 2, 4, 0, 261, 0, 0, 0, 0, 0, 0]",0,0.25875345485813556,-1,0
1510,"[1, 2, 0, 2, 5, 6, 0, 1, 0, 1, 0, 0, 1, 0, 2, 0, 0, 0, 0, 0, 0, 0, 0, 0, 2, 0, 0, 0, 0, 0, 0, 0, 1, 1, 0, 1, 1, 0, 2, 0, 0, 0, 1, 0, 0, 0, 0, 1, 0, 0, 2, 2, 2, 0, 0, 0, 0, 0, 0, 0, 0, 0, 2, 2, 3, 0, 2, 1, 2, 1, 4, 3, 6, 5, 3, 3, 2, 2, 4, 0, 261, 0, 0, 0, 0, 0, 0]",-1,-0.003676727188152855,-1,0
1511,"[1, 2, 0, 2, 5, 6, 0, 1, 0, 1, 0, 0, 1, 0, 2, 0, 0, 0, 0, 0, 0, 0, 0, 0, 2, 0, 0, 0, 0, 0, 0, 0, 1, 1, 0, 1, 1, 0, 2, 0, 0, 0, 1, 0, 0, 0, 0, 1, 0, 0, 2, 2, 2, 0, 0, 0, 0, 0, 0, 0, 0, 0, 2, 2, 3, 0, 2, 1, 2, 1, 4, 3, 6, 5, 3, 3, 2, 2, 4, 0, 261, 0, 0, 0, 0, 0, 0]",0,0.25875345485813556,-1,0
1512,"[1, 2, 0, 2, 5, 6, 0, 1, 0, 1, 0, 0, 1, 0, 2, 0, 0, 0, 0, 0, 0, 0, 0, 0, 2, 0, 0, 0, 0, 0, 0, 0, 1, 1, 0, 1, 1, 0, 2, 0, 0, 0, 1, 0, 0, 0, 0, 1, 0, 0, 2, 2, 2, 0, 0, 0, 0, 0, 0, 0, 0, 0, 2, 2, 3, 0, 2, 1, 2, 1, 4, 3, 6, 5, 3, 3, 2, 2, 4, 0, 261, 0, 0, 0, 0, 0, 0]",-1,-0.003676727188152855,-1,0
1513,"[1, 2, 0, 2, 5, 6, 0, 1, 0, 1, 0, 0, 1, 0, 2, 0, 0, 0, 0, 0, 0, 0, 0, 0, 2, 0, 0, 0, 0, 0, 0, 0, 1, 1, 0, 1, 1, 0, 2, 0, 0, 0, 1, 0, 0, 0, 0, 1, 0, 0, 2, 2, 2, 0, 0, 0, 0, 0, 0, 0, 0, 0, 2, 2, 3, 0, 2, 1, 2, 1, 4, 3, 6, 5, 3, 3, 2, 2, 4, 0, 261, 0, 0, 0, 0, 0, 0]",0,0.25875345485813556,-1,0
1514,"[1, 2, 0, 2, 5, 6, 0, 1, 0, 1, 0, 0, 1, 0, 2, 0, 0, 0, 0, 0, 0, 0, 0, 0, 2, 0, 0, 0, 0, 0, 0, 0, 1, 1, 0, 1, 1, 0, 2, 0, 0, 0, 1, 0, 0, 0, 0, 1, 0, 0, 2, 2, 2, 0, 0, 0, 0, 0, 0, 0, 0, 0, 2, 2, 3, 0, 2, 1, 2, 1, 4, 3, 6, 5, 3, 3, 2, 2, 4, 0, 261, 0, 0, 0, 0, 0, 0]",-1,-0.003676727188152855,-1,0
1515,"[1, 2, 0, 2, 5, 6, 0, 1, 0, 1, 0, 0, 1, 0, 2, 0, 0, 0, 0, 0, 0, 0, 0, 0, 2, 0, 0, 0, 0, 0, 0, 0, 1, 1, 0, 1, 1, 0, 2, 0, 0, 0, 1, 0, 0, 0, 0, 1, 0, 0, 2, 2, 2, 0, 0, 0, 0, 0, 0, 0, 0, 0, 2, 2, 3, 0, 2, 1, 2, 1, 4, 3, 6, 5, 3, 3, 2, 2, 4, 0, 261, 0, 0, 0, 0, 0, 0]",0,0.25875345485813556,-1,0
1516,"[1, 2, 0, 2, 5, 6, 0, 1, 0, 1, 0, 0, 1, 0, 2, 0, 0, 0, 0, 0, 0, 0, 0, 0, 2, 0, 0, 0, 0, 0, 0, 0, 1, 1, 0, 1, 1, 0, 2, 0, 0, 0, 1, 0, 0, 0, 0, 1, 0, 0, 2, 2, 2, 0, 0, 0, 0, 0, 0, 0, 0, 0, 2, 2, 3, 0, 2, 1, 2, 1, 4, 3, 6, 5, 3, 3, 2, 2, 4, 0, 261, 0, 0, 0, 0, 0, 0]",-1,-0.003676727188152855,-1,0
1517,"[1, 2, 0, 2, 5, 6, 0, 1, 0, 1, 0, 0, 1, 0, 2, 0, 0, 0, 0, 0, 0, 0, 0, 0, 2, 0, 0, 0, 0, 0, 0, 0, 1, 1, 0, 1, 1, 0, 2, 0, 0, 0, 1, 0, 0, 0, 0, 1, 0, 0, 2, 2, 2, 0, 0, 0, 0, 0, 0, 0, 0, 0, 2, 2, 3, 0, 2, 1, 2, 1, 4, 3, 6, 5, 3, 3, 2, 2, 4, 0, 261, 0, 0, 0, 0, 0, 0]",0,0.25875345485813556,-1,0
1518,"[1, 2, 0, 2, 5, 6, 0, 1, 0, 1, 0, 0, 1, 0, 2, 0, 0, 0, 0, 0, 0, 0, 0, 0, 2, 0, 0, 0, 0, 0, 0, 0, 1, 1, 0, 1, 1, 0, 2, 0, 0, 0, 1, 0, 0, 0, 0, 1, 0, 0, 2, 2, 2, 0, 0, 0, 0, 0, 0, 0, 0, 0, 2, 2, 3, 0, 2, 1, 2, 1, 4, 3, 6, 5, 3, 3, 2, 2, 4, 0, 261, 0, 0, 0, 0, 0, 0]",-1,-0.003676727188152855,-1,0
1519,"[1, 2, 0, 2, 5, 6, 0, 1, 0, 1, 0, 0, 1, 0, 2, 0, 0, 0, 0, 0, 0, 0, 0, 0, 2, 0, 0, 0, 0, 0, 0, 0, 1, 1, 0, 1, 1, 0, 2, 0, 0, 0, 1, 0, 0, 0, 0, 1, 0, 0, 2, 2, 2, 0, 0, 0, 0, 0, 0, 0, 0, 0, 2, 2, 3, 0, 2, 1, 2, 1, 4, 3, 6, 5, 3, 3, 2, 2, 4, 0, 261, 0, 0, 0, 0, 0, 0]",0,0.25875345485813556,-1,0
1520,"[1, 2, 0, 2, 5, 6, 0, 1, 0, 1, 0, 0, 1, 0, 2, 0, 0, 0, 0, 0, 0, 0, 0, 0, 2, 0, 0, 0, 0, 0, 0, 0, 1, 1, 0, 1, 1, 0, 2, 0, 0, 0, 1, 0, 0, 0, 0, 1, 0, 0, 2, 2, 2, 0, 0, 0, 0, 0, 0, 0, 0, 0, 2, 2, 3, 0, 2, 1, 2, 1, 4, 3, 6, 5, 3, 3, 2, 2, 4, 0, 261, 0, 0, 0, 0, 0, 0]",-1,-0.003676727188152855,-1,0
1521,"[1, 2, 0, 2, 5, 6, 0, 1, 0, 1, 0, 0, 1, 0, 2, 0, 0, 0, 0, 0, 0, 0, 0, 0, 2, 0, 0, 0, 0, 0, 0, 0, 1, 1, 0, 1, 1, 0, 2, 0, 0, 0, 1, 0, 0, 0, 0, 1, 0, 0, 2, 2, 2, 0, 0, 0, 0, 0, 0, 0, 0, 0, 2, 2, 3, 0, 2, 1, 2, 1, 4, 3, 6, 5, 3, 3, 2, 2, 4, 0, 261, 1, 0, 0, 0, 0, 0]",3,0.21603458243456247,-1,0
1522,"[1, 2, 0, 2, 5, 6, 0, 1, 0, 1, 0, 0, 1, 0, 2, 0, 0, 0, 0, 0, 0, 0, 0, 0, 2, 0, 0, 0, 0, 0, 0, 0, 1, 1, 0, 1, 1, 0, 2, 0, 0, 0, 1, 0, 0, 0, 0, 1, 0, 0, 2, 2, 2, 0, 0, 0, 0, 0, 0, 0, 0, 0, 2, 2, 3, 0, 2, 1, 2, 1, 4, 3, 6, 5, 3, 3, 2, 2, 4, 0, 261, 0, 0, 0, 0, 0, 0]",-1,-0.003676727188152855,-1,0
1523,"[1, 2, 0, 2, 5, 6, 0, 1, 0, 1, 0, 0, 1, 0, 2, 0, 0, 0, 0, 0, 0, 0, 0, 0, 2, 0, 0, 0, 0, 0, 0, 0, 1, 1, 0, 1, 1, 0, 2, 0, 0, 0, 1, 0, 0, 0, 0, 1, 0, 0, 2, 2, 2, 0, 0, 0, 0, 0, 0, 0, 0, 0, 2, 2, 3, 0, 2, 1, 2, 1, 4, 3, 6, 5, 3, 3, 2, 2, 4, 0, 261, 0, 0, 0, 0, 0, 0]",1,0.6256586975341791,-1,0
1524,"[1, 2, 0, 2, 5, 6, 0, 1, 0, 1, 0, 0, 1, 0, 2, 0, 0, 0, 0, 0, 0, 0, 0, 0, 2, 0, 0, 0, 0, 0, 0, 0, 1, 1, 0, 1, 1, 0, 2, 0, 0, 0, 1, 0, 0, 0, 0, 1, 0, 0, 2, 2, 2, 0, 0, 0, 0, 0, 0, 0, 0, 0, 2, 2, 3, 0, 2, 1, 2, 1, 4, 3, 6, 5, 3, 3, 2, 2, 4, 0, 261, 0, 0, 0, 0, 0, 0]",-1,-0.003676727188152855,-1,0
1525,"[1, 2, 0, 2, 5, 6, 0, 1, 0, 1, 0, 0, 1, 0, 2, 0, 0, 0, 0, 0, 0, 0, 0, 0, 2, 0, 0, 0, 0, 0, 0, 0, 1, 1, 0, 1, 1, 0, 2, 0, 0, 0, 1, 0, 0, 0, 0, 1, 0, 0, 2, 2, 2, 0, 0, 0, 0, 0, 0, 0, 0, 0, 2, 2, 3, 0, 2, 1, 2, 1, 4, 3, 6, 5, 3, 3, 2, 2, 4, 0, 261, 1, 0, 0, 0, 0, 0]",3,0.21603458243456247,-1,0
1526,"[1, 2, 0, 2, 5, 6, 0, 1, 0, 1, 0, 0, 1, 0, 2, 0, 0, 0, 0, 0, 0, 0, 0, 0, 2, 0, 0, 0, 0, 0, 0, 0, 1, 1, 0, 1, 1, 0, 2, 0, 0, 0, 1, 0, 0, 0, 0, 1, 0, 0, 2, 2, 2, 0, 0, 0, 0, 0, 0, 0, 0, 0, 2, 2, 3, 0, 2, 1, 2, 1, 4, 3, 6, 5, 3, 3, 2, 2, 4, 0, 261, 0, 0, 0, 0, 0, 0]",-1,-0.003676727188152855,-1,0
1527,"[1, 2, 0, 2, 5, 6, 0, 1, 0, 1, 0, 0, 1, 0, 2, 0, 0, 0, 0, 0, 0, 0, 0, 0, 2, 0, 0, 0, 0, 0, 0, 0, 1, 1, 0, 1, 1, 0, 2, 0, 0, 0, 1, 0, 0, 0, 0, 1, 0, 0, 2, 2, 2, 0, 0, 0, 0, 0, 0, 0, 0, 0, 2, 2, 3, 0, 2, 1, 2, 1, 4, 3, 6, 5, 3, 3, 2, 2, 4, 0, 261, 0, 1, 0, 0, 0, 0]",2,0.4160345824345624,-1,0
1528,"[1, 2, 0, 2, 5, 6, 0, 1, 0, 1, 0, 0, 1, 0, 2, 0, 0, 0, 0, 0, 0, 0, 0, 0, 2, 0, 0, 0, 0, 0, 0, 0, 1, 1, 0, 1, 1, 0, 2, 0, 0, 0, 1, 0, 0, 0, 0, 1, 0, 0, 2, 2, 2, 0, 0, 0, 0, 0, 0, 0, 0, 0, 2, 2, 3, 0, 2, 1, 2, 1, 4, 3, 6, 5, 3, 3, 2, 2, 4, 0, 261, 0, 0, 0, 0, 0, 0]",-1,-0.003676727188152855,-1,0
1529,"[1, 2, 0, 2, 5, 6, 0, 1, 0, 1, 0, 0, 1, 0, 2, 0, 0, 0, 0, 0, 0, 0, 0, 0, 2, 0, 0, 0, 0, 0, 0, 0, 1, 1, 0, 1, 1, 0, 2, 0, 0, 0, 1, 0, 0, 0, 0, 1, 0, 0, 2, 2, 2, 0, 0, 0, 0, 0, 0, 0, 0, 0, 2, 2, 3, 0, 2, 1, 2, 1, 4, 3, 6, 5, 3, 3, 2, 2, 4, 0, 261, 0, 1, 0, 0, 0, 0]",2,0.4160345824345624,-1,0
1530,"[1, 2, 0, 2, 5, 6, 0, 1, 0, 1, 0, 0, 1, 0, 2, 0, 0, 0, 0, 0, 0, 0, 0, 0, 2, 0, 0, 0, 0, 0, 0, 0, 1, 1, 0, 1, 1, 0, 2, 0, 0, 0, 1, 0, 0, 0, 0, 1, 0, 0, 2, 2, 2, 0, 0, 0, 0, 0, 0, 0, 0, 0, 2, 2, 3, 0, 2, 1, 2, 1, 4, 3, 6, 5, 3, 3, 2, 2, 4, 0, 261, 0, 0, 0, 0, 0, 0]",-1,-0.003676727188152855,-1,0
1531,"[2, 2, 0, 2, 5, 7, 0, 1, 0, 1, 0, 0, 1, 0, 2, 0, 0, 0, 0, 0, 0, 0, 0, 0, 2, 0, 0, 0, 0, 0, 0, 0, 1, 1, 0, 1, 1, 0, 2, 0, 0, 0, 1, 0, 0, 0, 0, 1, 0, 0, 2, 2, 2, 0, 0, 0, 0, 0, 0, 0, 0, 0, 2, 2, 3, 0, 2, 1, 2, 1, 4, 3, 6, 5, 3, 3, 2, 2, 4, 0, 262, 0, 0, 0, 0, 0, 0]",4,14.339003737914235,-1,0
1532,"[2, 2, 0, 2, 5, 7, 0, 1, 0, 1, 0, 0, 1, 0, 2, 0, 0, 0, 0, 0, 0, 0, 0, 0, 2, 0, 0, 0, 0, 0, 0, 0, 1, 1, 0, 1, 1, 0, 2, 0, 0, 0, 1, 0, 0, 0, 0, 1, 0, 0, 2, 2, 2, 0, 0, 0, 0, 0, 0, 0, 0, 0, 2, 2, 3, 0, 2, 1, 2, 1, 4, 3, 6, 5, 3, 3, 2, 2, 4, 0, 262, 0, 0, 0, 0, 0, 0]",-1,-0.0036401431413717795,-1,1
1533,"[2, 2, 0, 2, 5, 7, 0, 1, 0, 1, 0, 0, 1, 0, 2, 0, 0, 0, 0, 0, 0, 0, 0, 0, 2, 0, 0, 0, 0, 0, 0, 0, 1, 1, 0, 1, 1, 0, 2, 0, 0, 0, 1, 0, 0, 0, 0, 1, 0, 0, 2, 2, 2, 0, 0, 0, 0, 0, 0, 0, 0, 0, 2, 2, 3, 0, 2, 1, 2, 1, 4, 3, 6, 5, 3, 3, 2, 2, 4, 0, 262, 0, 0, 0, 0, 0, 0]",-1,-0.0036401431413717795,-1,1
1534,"[3, 2, 0, 2, 5, 8, 0, 1, 0, 1, 0, 0, 1, 0, 2, 0, 0, 0, 0, 0, 0, 0, 0, 0, 2, 0, 0, 0, 0, 0, 0, 0, 1, 1, 0, 1, 1, 0, 2, 0, 0, 0, 1, 0, 0, 0, 0, 1, 0, 0, 2, 2, 2, 0, 0, 0, 0, 0, 0, 0, 0, 0, 2, 2, 3, 0, 2, 1, 2, 1, 4, 3, 6, 5, 3, 3, 2, 2, 4, 0, 263, 0, 0, 0, 0, 0, 0]",4,11.095163986502428,-1,1
1535,"[3, 2, 0, 2, 5, 8, 0, 1, 0, 1, 0, 0, 1, 0, 2, 0, 0, 0, 0, 0, 0, 0, 0, 0, 2, 0, 0, 0, 0, 0, 0, 0, 1, 1, 0, 1, 1, 0, 2, 0, 0, 0, 1, 0, 0, 0, 0, 1, 0, 0, 2, 2, 2, 0, 0, 0, 0, 0, 0, 0, 0, 0, 2, 2, 3, 0, 2, 1, 2, 1, 4, 3, 6, 5, 3, 3, 2, 2, 4, 0, 263, 0, 0, 0, 0, 0, 0]",1,0.6245177041328224,-1,0
1536,"[3, 2, 0, 2, 5, 8, 0, 1, 0, 1, 0, 0, 1, 0, 2, 0, 0, 0, 0, 0, 0, 0, 0, 0, 2, 0, 0, 0, 0, 0, 0, 0, 1, 1, 0, 1, 1, 0, 2, 0, 0, 0, 1, 0, 0, 0, 0, 1, 0, 0, 2, 2, 2, 0, 0, 0, 0, 0, 0, 0, 0, 0, 2, 2, 3, 0, 2, 1, 2, 1, 4, 3, 6, 5, 3, 3, 2, 2, 4, 0, 263, 0, 0, 0, 0, 0, 0]",-1,-0.003603923111938305,-1,0
1537,"[3, 2, 0, 2, 5, 8, 0, 1, 0, 1, 0, 0, 1, 0, 2, 0, 0, 0, 0, 0, 0, 0, 0, 0, 2, 0, 0, 0, 0, 0, 0, 0, 1, 1, 0, 1, 1, 0, 2, 0, 0, 0, 1, 0, 0, 0, 0, 1, 0, 0, 2, 2, 2, 0, 0, 0, 0, 0, 0, 0, 0, 0, 2, 2, 3, 0, 2, 1, 2, 1, 4, 3, 6, 5, 3, 3, 2, 2, 4, 0, 263, 1, 0, 0, 0, 0, 0]",3,0.21489358903320563,-1,0
1538,"[1, 2, 0, 3, 5, 8, 0, 1, 0, 1, 0, 0, 1, 0, 2, 0, 0, 0, 0, 0, 0, 0, 0, 0, 2, 0, 0, 0, 0, 0, 0, 0, 1, 1, 0, 1, 1, 0, 2, 0, 0, 0, 1, 0, 0, 0, 0, 1, 0, 0, 2, 2, 2, 0, 0, 0, 0, 0, 0, 0, 0, 0, 2, 2, 3, 0, 2, 1, 2, 1, 4, 3, 6, 5, 3, 3, 2, 2, 4, 0, 263, 0, 0, 0, 0, 0, 0]","[[2 0 0 0]
 [0 0 0 1]]",-0.18364872905575333,-1,0
1539,"[1, 2, 0, 3, 5, 8, 0, 1, 0, 1, 0, 0, 1, 0, 2, 0, 0, 0, 0, 0, 0, 0, 0, 0, 2, 0, 0, 0, 0, 0, 0, 0, 1, 1, 0, 1, 1, 0, 2, 0, 0, 0, 1, 0, 0, 0, 0, 1, 0, 0, 2, 2, 2, 0, 0, 0, 0, 0, 0, 0, 0, 0, 2, 2, 3, 0, 2, 1, 2, 1, 4, 3, 6, 5, 3, 3, 2, 2, 4, 0, 263, 0, 1, 0, 0, 0, 0]",2,0.4148935890332056,-1,0
1540,"[1, 2, 0, 3, 5, 8, 0, 1, 0, 1, 0, 0, 1, 0, 2, 0, 0, 0, 0, 0, 0, 0, 0, 0, 2, 0, 0, 0, 0, 0, 0, 0, 1, 1, 0, 1, 1, 0, 2, 0, 0, 0, 1, 0, 0, 0, 0, 1, 0, 0, 2, 2, 2, 0, 0, 0, 0, 0, 0, 0, 0, 0, 2, 2, 3, 0, 2, 1, 2, 1, 4, 3, 6, 5, 3, 3, 2, 2, 4, 0, 263, 0, 0, 0, 0, 0, 0]",-1,-0.003603923111938305,-1,0
1541,"[2, 2, 0, 3, 5, 9, 0, 1, 0, 1, 0, 0, 1, 0, 2, 0, 0, 0, 0, 0, 0, 0, 0, 0, 2, 0, 0, 0, 0, 0, 0, 0, 1, 1, 0, 1, 1, 0, 2, 0, 0, 0, 1, 0, 0, 0, 0, 1, 0, 0, 2, 2, 2, 0, 0, 0, 0, 0, 0, 0, 0, 0, 2, 2, 3, 0, 2, 1, 2, 1, 4, 3, 6, 5, 3, 3, 2, 2, 4, 0, 264, 0, 0, 0, 0, 0, 0]",4,14.265412687164451,-1,0
1542,"[2, 2, 0, 3, 5, 9, 0, 1, 0, 1, 0, 0, 1, 0, 2, 0, 0, 0, 0, 0, 0, 0, 0, 0, 2, 0, 0, 0, 0, 0, 0, 0, 1, 1, 0, 1, 1, 0, 2, 0, 0, 0, 1, 0, 0, 0, 0, 1, 0, 0, 2, 2, 2, 0, 0, 0, 0, 0, 0, 0, 0, 0, 2, 2, 3, 0, 2, 1, 2, 1, 4, 3, 6, 5, 3, 3, 2, 2, 4, 0, 264, 0, 1, 0, 0, 0, 0]",2,0.41435150845275026,-1,1
1543,"[2, 2, 0, 3, 5, 9, 0, 1, 0, 1, 0, 0, 1, 0, 2, 0, 0, 0, 0, 0, 0, 0, 0, 0, 2, 0, 0, 0, 0, 0, 0, 0, 1, 1, 0, 1, 1, 0, 2, 0, 0, 0, 1, 0, 0, 0, 0, 1, 0, 0, 2, 2, 2, 0, 0, 0, 0, 0, 0, 0, 0, 0, 2, 2, 3, 0, 2, 1, 2, 1, 4, 3, 6, 5, 3, 3, 2, 2, 4, 0, 264, 0, 1, 0, 0, 1, 0]","[[2 2 0 0]
 [2 2 0 3]]",2.2035604528664914,-1,1
1544,"[2, 2, 0, 0, 5, 9, 0, 4, 0, 1, 0, 0, 1, 0, 2, 0, 0, 0, 0, 0, 0, 0, 0, 0, 2, 0, 0, 0, 0, 0, 0, 0, 1, 1, 0, 1, 1, 0, 2, 0, 0, 0, 1, 0, 0, 0, 0, 1, 0, 0, 2, 2, 2, 0, 0, 0, 0, 0, 0, 0, 0, 0, 2, 2, 3, 0, 2, 1, 2, 1, 4, 3, 6, 5, 3, 3, 2, 2, 4, 0, 264, 0, 0, 0, 0, 0, 0]",0,-0.18564849154724972,-1,0
1545,"[2, 2, 0, 0, 7, 9, 0, 4, 0, 1, 0, 0, 1, 0, 2, 0, 0, 0, 0, 0, 0, 0, 0, 0, 2, 0, 0, 0, 0, 0, 0, 0, 1, 1, 0, 1, 1, 0, 2, 0, 0, 0, 1, 0, 0, 0, 0, 1, 0, 0, 2, 2, 2, 0, 0, 0, 0, 0, 0, 0, 0, 0, 2, 2, 3, 0, 2, 1, 2, 1, 4, 3, 6, 5, 3, 3, 2, 2, 4, 0, 265, 0, 0, 0, 0, 0, 0]",4,11.22858702142086,-1,1
1546,"[2, 3, 0, 0, 7, 10, 0, 4, 0, 1, 0, 0, 1, 0, 2, 0, 0, 0, 0, 0, 0, 0, 0, 0, 2, 0, 0, 0, 0, 0, 0, 0, 1, 1, 0, 1, 1, 0, 2, 0, 0, 0, 1, 0, 0, 0, 0, 1, 0, 0, 2, 2, 2, 0, 0, 0, 0, 0, 0, 0, 0, 0, 2, 2, 3, 0, 2, 1, 2, 1, 4, 3, 6, 5, 3, 3, 2, 2, 4, 0, 266, 0, 0, 0, 0, 0, 0]",4,13.951304685820725,-1,0
1547,"[2, 3, 0, 0, 7, 10, 0, 4, 0, 1, 0, 0, 1, 0, 2, 0, 0, 0, 0, 0, 0, 0, 0, 0, 2, 0, 0, 0, 0, 0, 0, 0, 1, 1, 0, 1, 1, 0, 2, 0, 0, 0, 1, 0, 0, 0, 0, 1, 0, 0, 2, 2, 2, 0, 0, 0, 0, 0, 0, 0, 0, 0, 2, 2, 3, 0, 2, 1, 2, 1, 4, 3, 6, 5, 3, 3, 2, 2, 4, 0, 266, 1, 0, 0, 0, 0, 0]",3,0.21332160711501816,-1,1
1548,"[2, 3, 0, 0, 7, 10, 0, 4, 0, 1, 0, 0, 1, 0, 2, 0, 0, 0, 0, 0, 0, 0, 0, 0, 2, 0, 0, 0, 0, 0, 0, 0, 1, 1, 0, 1, 1, 0, 2, 0, 0, 0, 1, 0, 0, 0, 0, 1, 0, 0, 2, 2, 2, 0, 0, 0, 0, 0, 0, 0, 0, 0, 2, 2, 3, 0, 2, 1, 2, 1, 4, 3, 6, 5, 3, 3, 2, 2, 4, 0, 266, 0, 0, 0, 0, 0, 0]",-1,-0.003497411087232768,-1,1
1549,"[2, 4, 0, 0, 7, 11, 0, 4, 0, 1, 0, 0, 1, 0, 2, 0, 0, 0, 0, 0, 0, 0, 0, 0, 2, 0, 0, 0, 0, 0, 0, 0, 1, 1, 0, 1, 1, 0, 2, 0, 0, 0, 1, 0, 0, 0, 0, 1, 0, 0, 2, 2, 2, 0, 0, 0, 0, 0, 0, 0, 0, 0, 2, 2, 3, 0, 2, 1, 2, 1, 4, 3, 6, 5, 3, 3, 2, 2, 4, 0, 267, 0, 0, 0, 0, 0, 0]",4,11.190879223341264,-1,1
1550,"[2, 4, 0, 0, 7, 11, 0, 4, 0, 1, 0, 0, 1, 0, 2, 0, 0, 0, 0, 0, 0, 0, 0, 0, 2, 0, 0, 0, 0, 0, 0, 0, 1, 1, 0, 1, 1, 0, 2, 0, 0, 0, 1, 0, 0, 0, 0, 1, 0, 0, 2, 2, 2, 0, 0, 0, 0, 0, 0, 0, 0, 0, 2, 2, 3, 0, 2, 1, 2, 1, 4, 3, 6, 5, 3, 3, 2, 2, 4, 0, 267, 0, 0, 0, 0, 0, 0]",1,0.6224568903806516,-1,0
1551,"[2, 4, 0, 0, 7, 11, 0, 4, 0, 1, 0, 0, 1, 0, 2, 0, 0, 0, 0, 0, 0, 0, 0, 0, 2, 0, 0, 0, 0, 0, 0, 0, 1, 1, 0, 1, 1, 0, 2, 0, 0, 0, 1, 0, 0, 0, 0, 1, 0, 0, 2, 2, 2, 0, 0, 0, 0, 0, 0, 0, 0, 0, 2, 2, 3, 0, 2, 1, 2, 1, 4, 3, 6, 5, 3, 3, 2, 2, 4, 0, 267, 0, 0, 0, 0, 0, 0]",-1,-0.0034626112654673,-1,0
1552,"[2, 4, 0, 0, 7, 11, 0, 4, 0, 1, 0, 0, 1, 0, 2, 0, 0, 0, 0, 0, 0, 0, 0, 0, 2, 0, 0, 0, 0, 0, 0, 0, 1, 1, 0, 1, 1, 0, 2, 0, 0, 0, 1, 0, 0, 0, 0, 1, 0, 0, 2, 2, 2, 0, 0, 0, 0, 0, 0, 0, 0, 0, 2, 2, 3, 0, 2, 1, 2, 1, 4, 3, 6, 5, 3, 3, 2, 2, 4, 0, 267, 1, 0, 0, 0, 0, 0]",3,0.2128327752810348,-1,0
1553,"[0, 4, 0, 1, 7, 11, 0, 4, 0, 1, 0, 0, 1, 0, 2, 0, 0, 0, 0, 0, 0, 0, 0, 0, 2, 0, 0, 0, 0, 0, 0, 0, 1, 1, 0, 1, 1, 0, 2, 0, 0, 0, 1, 0, 0, 0, 0, 1, 0, 0, 2, 2, 2, 0, 0, 0, 0, 0, 0, 0, 0, 0, 2, 2, 3, 0, 2, 1, 2, 1, 4, 3, 6, 5, 3, 3, 2, 2, 4, 0, 267, 0, 0, 0, 0, 0, 0]","[[2 0 0 0]
 [0 0 0 1]]",-0.18570954280792415,-1,0
1554,"[0, 4, 0, 1, 7, 11, 0, 4, 0, 1, 0, 0, 1, 0, 2, 0, 0, 0, 0, 0, 0, 0, 0, 0, 2, 0, 0, 0, 0, 0, 0, 0, 1, 1, 0, 1, 1, 0, 2, 0, 0, 0, 1, 0, 0, 0, 0, 1, 0, 0, 2, 2, 2, 0, 0, 0, 0, 0, 0, 0, 0, 0, 2, 2, 3, 0, 2, 1, 2, 1, 4, 3, 6, 5, 3, 3, 2, 2, 4, 0, 267, 0, 0, 0, 0, 0, 0]",1,0.6224568903806516,-1,0
1555,"[0, 4, 0, 1, 7, 11, 0, 4, 0, 1, 0, 0, 1, 0, 2, 0, 0, 0, 0, 0, 0, 0, 0, 0, 2, 0, 0, 0, 0, 0, 0, 0, 1, 1, 0, 1, 1, 0, 2, 0, 0, 0, 1, 0, 0, 0, 0, 1, 0, 0, 2, 2, 2, 0, 0, 0, 0, 0, 0, 0, 0, 0, 2, 2, 3, 0, 2, 1, 2, 1, 4, 3, 6, 5, 3, 3, 2, 2, 4, 0, 267, 0, 0, 0, 0, 0, 0]",-1,-0.0034626112654673,-1,0
1556,"[0, 4, 0, 1, 7, 11, 0, 4, 0, 1, 0, 0, 1, 0, 2, 0, 0, 0, 0, 0, 0, 0, 0, 0, 2, 0, 0, 0, 0, 0, 0, 0, 1, 1, 0, 1, 1, 0, 2, 0, 0, 0, 1, 0, 0, 0, 0, 1, 0, 0, 2, 2, 2, 0, 0, 0, 0, 0, 0, 0, 0, 0, 2, 2, 3, 0, 2, 1, 2, 1, 4, 3, 6, 5, 3, 3, 2, 2, 4, 0, 267, 1, 0, 0, 0, 0, 0]",3,0.2128327752810348,-1,0
1557,"[0, 4, 0, 1, 7, 11, 0, 4, 0, 1, 0, 0, 1, 0, 2, 0, 0, 0, 0, 0, 0, 0, 0, 0, 2, 0, 0, 0, 0, 0, 0, 0, 1, 1, 0, 1, 1, 0, 2, 0, 0, 0, 1, 0, 0, 0, 0, 1, 0, 0, 2, 2, 2, 0, 0, 0, 0, 0, 0, 0, 0, 0, 2, 2, 3, 0, 2, 1, 2, 1, 4, 3, 6, 5, 3, 3, 2, 2, 4, 0, 267, 0, 0, 0, 0, 0, 0]",-1,-0.0034626112654673,-1,0
1558,"[0, 4, 0, 1, 7, 11, 0, 4, 0, 1, 0, 0, 1, 0, 2, 0, 0, 0, 0, 0, 0, 0, 0, 0, 2, 0, 0, 0, 0, 0, 0, 0, 1, 1, 0, 1, 1, 0, 2, 0, 0, 0, 1, 0, 0, 0, 0, 1, 0, 0, 2, 2, 2, 0, 0, 0, 0, 0, 0, 0, 0, 0, 2, 2, 3, 0, 2, 1, 2, 1, 4, 3, 6, 5, 3, 3, 2, 2, 4, 0, 267, 0, 1, 0, 0, 0, 0]",2,0.4128327752810348,-1,0
1559,"[0, 4, 0, 1, 7, 11, 0, 4, 0, 1, 0, 0, 1, 0, 2, 0, 0, 0, 0, 0, 0, 0, 0, 0, 2, 0, 0, 0, 0, 0, 0, 0, 1, 1, 0, 1, 1, 0, 2, 0, 0, 0, 1, 0, 0, 0, 0, 1, 0, 0, 2, 2, 2, 0, 0, 0, 0, 0, 0, 0, 0, 0, 2, 2, 3, 0, 2, 1, 2, 1, 4, 3, 6, 5, 3, 3, 2, 2, 4, 0, 267, 0, 1, 0, 0, 1, 0]","[[0 0 0 1]
 [1 0 0 0]]",0.6632576403391257,-1,0
1560,"[0, 4, 0, 1, 7, 11, 0, 4, 0, 1, 0, 0, 1, 0, 2, 0, 0, 0, 0, 0, 0, 0, 0, 0, 2, 0, 0, 0, 0, 0, 0, 0, 1, 1, 0, 1, 1, 0, 2, 0, 0, 0, 1, 0, 0, 0, 0, 1, 0, 0, 2, 2, 2, 0, 0, 0, 0, 0, 0, 0, 0, 0, 2, 2, 3, 0, 2, 1, 2, 1, 4, 3, 6, 5, 3, 3, 2, 2, 4, 0, 267, 0, 1, 0, 0, 0, 1]",2,-0.1871672247189652,-1,1
1561,"[0, 4, 0, 1, 7, 11, 0, 4, 0, 1, 0, 0, 1, 0, 2, 0, 0, 0, 0, 0, 0, 0, 0, 0, 2, 0, 0, 0, 0, 0, 0, 0, 1, 1, 0, 1, 1, 0, 2, 0, 0, 0, 1, 0, 0, 0, 0, 1, 0, 0, 2, 2, 2, 0, 0, 0, 0, 0, 0, 0, 0, 0, 2, 2, 3, 0, 2, 1, 2, 1, 4, 3, 6, 5, 3, 3, 2, 2, 4, 0, 267, 0, 0, 1, 0, 0, 0]","[[3 5 0 1]
 [0 1 0 1]]",-0.1871672247189652,-1,1
1562,"[0, 4, 0, 1, 7, 11, 0, 4, 0, 1, 0, 0, 1, 0, 2, 0, 0, 0, 0, 0, 0, 0, 0, 0, 2, 0, 0, 0, 0, 0, 0, 0, 1, 1, 0, 1, 1, 0, 2, 0, 0, 0, 1, 0, 0, 0, 0, 1, 0, 0, 2, 2, 2, 0, 0, 0, 0, 0, 0, 0, 0, 0, 2, 2, 3, 0, 2, 1, 2, 1, 4, 3, 6, 5, 3, 3, 2, 2, 4, 0, 267, 0, 0, 0, 0, 0, 0]",1,-3.8248869843439204,-1,0
1563,"[0, 4, 0, 1, 7, 11, 0, 4, 0, 1, 0, 0, 1, 0, 2, 0, 0, 0, 0, 0, 0, 0, 0, 0, 2, 0, 0, 0, 0, 0, 0, 0, 1, 1, 0, 1, 1, 0, 2, 0, 0, 0, 1, 0, 0, 0, 0, 1, 0, 0, 2, 2, 2, 0, 0, 0, 0, 0, 0, 0, 0, 0, 2, 2, 3, 0, 2, 1, 2, 1, 4, 3, 6, 5, 3, 3, 2, 2, 4, 0, 268, 0, 0, 0, 0, 0, 0]",4,13.77932416199552,-1,0
1564,"[0, 4, 0, 1, 7, 11, 0, 4, 0, 1, 0, 0, 1, 0, 2, 0, 0, 0, 0, 0, 0, 0, 0, 0, 2, 0, 0, 0, 0, 0, 0, 0, 1, 1, 0, 1, 1, 0, 2, 0, 0, 0, 1, 0, 0, 0, 0, 1, 0, 0, 2, 2, 2, 0, 0, 0, 0, 0, 0, 0, 0, 0, 2, 2, 3, 0, 2, 1, 2, 1, 4, 3, 6, 5, 3, 3, 2, 2, 4, 0, 268, 0, 0, 0, 0, 0, 0]",0,0.354578361721756,-1,1
1565,"[0, 4, 0, 1, 7, 11, 0, 4, 0, 1, 0, 0, 1, 0, 2, 0, 0, 0, 0, 0, 0, 0, 0, 0, 2, 0, 0, 0, 0, 0, 0, 0, 1, 1, 0, 1, 1, 0, 2, 0, 0, 0, 1, 0, 0, 0, 0, 1, 0, 0, 2, 2, 2, 0, 0, 0, 0, 0, 0, 0, 0, 0, 2, 2, 3, 0, 2, 1, 2, 1, 4, 3, 6, 5, 3, 3, 2, 2, 4, 0, 268, 0, 0, 0, 0, 0, 0]",-1,-0.0034281577077138956,-1,1
1566,"[0, 4, 0, 1, 7, 11, 0, 4, 0, 1, 0, 0, 1, 0, 2, 0, 0, 0, 0, 0, 0, 0, 0, 0, 2, 0, 0, 0, 0, 0, 0, 0, 1, 1, 0, 1, 1, 0, 2, 0, 0, 0, 1, 0, 0, 0, 0, 1, 0, 0, 2, 2, 2, 0, 0, 0, 0, 0, 0, 0, 0, 0, 2, 2, 3, 0, 2, 1, 2, 1, 4, 3, 6, 5, 3, 3, 2, 2, 4, 0, 268, 1, 0, 0, 0, 0, 0]",3,0.21236069325271772,-1,0
1567,"[0, 4, 0, 1, 7, 11, 0, 4, 0, 1, 0, 0, 1, 0, 2, 0, 0, 0, 0, 0, 0, 0, 0, 0, 2, 0, 0, 0, 0, 0, 0, 0, 1, 1, 0, 1, 1, 0, 2, 0, 0, 0, 1, 0, 0, 0, 0, 1, 0, 0, 2, 2, 2, 0, 0, 0, 0, 0, 0, 0, 0, 0, 2, 2, 3, 0, 2, 1, 2, 1, 4, 3, 6, 5, 3, 3, 2, 2, 4, 0, 268, 0, 0, 0, 0, 0, 0]",-1,-0.0034281577077138956,-1,0
1568,"[0, 4, 0, 1, 7, 11, 0, 4, 0, 1, 0, 0, 1, 0, 2, 0, 0, 0, 0, 0, 0, 0, 0, 0, 2, 0, 0, 0, 0, 0, 0, 0, 1, 1, 0, 1, 1, 0, 2, 0, 0, 0, 1, 0, 0, 0, 0, 1, 0, 0, 2, 2, 2, 0, 0, 0, 0, 0, 0, 0, 0, 0, 2, 2, 3, 0, 2, 1, 2, 1, 4, 3, 6, 5, 3, 3, 2, 2, 4, 0, 268, 1, 0, 0, 0, 0, 0]",3,0.21236069325271772,-1,0
1569,"[0, 4, 0, 1, 7, 11, 0, 4, 0, 1, 0, 0, 1, 0, 2, 0, 0, 0, 0, 0, 0, 0, 0, 0, 2, 0, 0, 0, 0, 0, 0, 0, 1, 1, 0, 1, 1, 0, 2, 0, 0, 0, 1, 0, 0, 0, 0, 1, 0, 0, 2, 2, 2, 0, 0, 0, 0, 0, 0, 0, 0, 0, 2, 2, 3, 0, 2, 1, 2, 1, 4, 3, 6, 5, 3, 3, 2, 2, 4, 0, 268, 0, 0, 0, 0, 0, 0]",-1,-0.0034281577077138956,-1,0
1570,"[0, 4, 0, 1, 7, 11, 0, 4, 0, 1, 0, 0, 1, 0, 2, 0, 0, 0, 0, 0, 0, 0, 0, 0, 2, 0, 0, 0, 0, 0, 0, 0, 1, 1, 0, 1, 1, 0, 2, 0, 0, 0, 1, 0, 0, 0, 0, 1, 0, 0, 2, 2, 2, 0, 0, 0, 0, 0, 0, 0, 0, 0, 2, 2, 3, 0, 2, 1, 2, 1, 4, 3, 6, 5, 3, 3, 2, 2, 4, 0, 268, 0, 0, 0, 0, 0, 0]",0,0.2550795656762908,-1,0
1571,"[0, 4, 0, 1, 7, 11, 0, 4, 0, 1, 0, 0, 1, 0, 2, 0, 0, 0, 0, 0, 0, 0, 0, 0, 2, 0, 0, 0, 0, 0, 0, 0, 1, 1, 0, 1, 1, 0, 2, 0, 0, 0, 1, 0, 0, 0, 0, 1, 0, 0, 2, 2, 2, 0, 0, 0, 0, 0, 0, 0, 0, 0, 2, 2, 3, 0, 2, 1, 2, 1, 4, 3, 6, 5, 3, 3, 2, 2, 4, 0, 268, 0, 0, 0, 0, 0, 0]",-1,-0.0034281577077138956,-1,0
1572,"[0, 2, 0, 1, 3, 5, 0, 2, 0, 1, 0, 0, 1, 0, 2, 0, 0, 0, 0, 0, 0, 0, 0, 0, 2, 0, 0, 0, 0, 0, 0, 0, 1, 1, 0, 1, 1, 0, 2, 0, 0, 0, 1, 0, 0, 0, 0, 1, 0, 0, 2, 2, 2, 0, 0, 0, 0, 0, 0, 0, 0, 0, 2, 2, 3, 0, 2, 1, 2, 1, 4, 3, 6, 5, 3, 3, 2, 2, 4, 1, 269, 0, 0, 0, 0, 0, 0]",4,14.074429830430713,-1,0
1573,"[0, 1, 0, 1, 1, 2, 0, 1, 0, 1, 0, 0, 1, 0, 2, 0, 0, 0, 0, 0, 0, 0, 0, 0, 2, 0, 0, 0, 0, 0, 0, 0, 1, 1, 0, 1, 1, 0, 2, 0, 0, 0, 1, 0, 0, 0, 0, 1, 0, 0, 2, 2, 2, 0, 0, 0, 0, 0, 0, 0, 0, 0, 2, 2, 3, 0, 2, 1, 2, 1, 4, 3, 6, 5, 3, 3, 2, 2, 4, 2, 270, 0, 0, 0, 0, 0, 0]",4,11.592021492490792,-1,1
1574,"[0, 1, 0, 1, 1, 2, 0, 1, 0, 1, 0, 0, 1, 0, 2, 0, 0, 0, 0, 0, 0, 0, 0, 0, 2, 0, 0, 0, 0, 0, 0, 0, 1, 1, 0, 1, 1, 0, 2, 0, 0, 0, 1, 0, 0, 0, 0, 1, 0, 0, 2, 2, 2, 0, 0, 0, 0, 0, 0, 0, 0, 0, 2, 2, 3, 0, 2, 1, 2, 1, 4, 3, 6, 5, 3, 3, 2, 2, 4, 2, 270, 1, 0, 0, 0, 0, 0]",3,0.21146483517977374,-1,0
1575,"[0, 1, 0, 1, 1, 2, 0, 1, 0, 1, 0, 0, 1, 0, 2, 0, 0, 0, 0, 0, 0, 0, 0, 0, 2, 0, 0, 0, 0, 0, 0, 0, 1, 1, 0, 1, 1, 0, 2, 0, 0, 0, 1, 0, 0, 0, 0, 1, 0, 0, 2, 2, 2, 0, 0, 0, 0, 0, 0, 0, 0, 0, 2, 2, 3, 0, 2, 1, 2, 1, 4, 3, 6, 5, 3, 3, 2, 2, 4, 2, 270, 0, 0, 0, 0, 0, 0]",-1,-0.003360275636987488,-1,0
1576,"[0, 1, 0, 1, 1, 2, 0, 1, 0, 1, 0, 0, 1, 0, 2, 0, 0, 0, 0, 0, 0, 0, 0, 0, 2, 0, 0, 0, 0, 0, 0, 0, 1, 1, 0, 1, 1, 0, 2, 0, 0, 0, 1, 0, 0, 0, 0, 1, 0, 0, 2, 2, 2, 0, 0, 0, 0, 0, 0, 0, 0, 0, 2, 2, 3, 0, 2, 1, 2, 1, 4, 3, 6, 5, 3, 3, 2, 2, 4, 2, 270, 0, 1, 0, 0, 0, 0]",2,0.4114648351797737,-1,0
1577,"[0, 1, 0, 1, 1, 2, 0, 1, 0, 1, 0, 0, 1, 0, 2, 0, 0, 0, 0, 0, 0, 0, 0, 0, 2, 0, 0, 0, 0, 0, 0, 0, 1, 1, 0, 1, 1, 0, 2, 0, 0, 0, 1, 0, 0, 0, 0, 1, 0, 0, 2, 2, 2, 0, 0, 0, 0, 0, 0, 0, 0, 0, 2, 2, 3, 0, 2, 1, 2, 1, 4, 3, 6, 5, 3, 3, 2, 2, 4, 2, 270, 0, 1, 0, 0, 1, 0]","[[0 0 0 1]
 [1 0 0 0]]",0.6618897002378646,-1,0
1578,"[0, 1, 0, 1, 1, 2, 0, 1, 0, 1, 0, 0, 1, 0, 2, 0, 0, 0, 0, 0, 0, 0, 0, 0, 2, 0, 0, 0, 0, 0, 0, 0, 1, 1, 0, 1, 1, 0, 2, 0, 0, 0, 1, 0, 0, 0, 0, 1, 0, 0, 2, 2, 2, 0, 0, 0, 0, 0, 0, 0, 0, 0, 2, 2, 3, 0, 2, 1, 2, 1, 4, 3, 6, 5, 3, 3, 2, 2, 4, 2, 270, 0, 1, 0, 0, 0, 1]",2,-0.18853516482022628,-1,1
1579,"[0, 1, 0, 1, 1, 2, 0, 1, 0, 1, 0, 0, 1, 0, 2, 0, 0, 0, 0, 0, 0, 0, 0, 0, 2, 0, 0, 0, 0, 0, 0, 0, 1, 1, 0, 1, 1, 0, 2, 0, 0, 0, 1, 0, 0, 0, 0, 1, 0, 0, 2, 2, 2, 0, 0, 0, 0, 0, 0, 0, 0, 0, 2, 2, 3, 0, 2, 1, 2, 1, 4, 3, 6, 5, 3, 3, 2, 2, 4, 2, 270, 0, 0, 1, 0, 0, 0]","[[0 1 0 0]
 [0 1 0 1]]",-0.18853516482022628,-1,1
1580,"[0, 1, 0, 0, 1, 2, 0, 2, 0, 1, 0, 0, 1, 0, 2, 0, 0, 0, 0, 0, 0, 0, 0, 0, 2, 0, 0, 0, 0, 0, 0, 0, 1, 1, 0, 1, 1, 0, 2, 0, 0, 0, 1, 0, 0, 0, 0, 1, 0, 0, 2, 2, 2, 0, 0, 0, 0, 0, 0, 0, 0, 0, 2, 2, 3, 0, 2, 1, 2, 1, 4, 3, 6, 5, 3, 3, 2, 2, 4, 2, 270, 0, 0, 0, 0, 0, 0]",0,-0.18853516482022628,-1,0
1581,"[0, 1, 0, 0, 1, 2, 0, 2, 0, 1, 0, 0, 1, 0, 2, 0, 0, 0, 0, 0, 0, 0, 0, 0, 2, 0, 0, 0, 0, 0, 0, 0, 1, 1, 0, 1, 1, 0, 2, 0, 0, 0, 1, 0, 0, 0, 0, 1, 0, 0, 2, 2, 2, 0, 0, 0, 0, 0, 0, 0, 0, 0, 2, 2, 3, 0, 2, 1, 2, 1, 4, 3, 6, 5, 3, 3, 2, 2, 4, 2, 270, 0, 1, 0, 0, 0, 0]",2,0.4114648351797737,-1,0
1582,"[0, 1, 0, 0, 1, 2, 0, 2, 0, 1, 0, 0, 1, 0, 2, 0, 0, 0, 0, 0, 0, 0, 0, 0, 2, 0, 0, 0, 0, 0, 0, 0, 1, 1, 0, 1, 1, 0, 2, 0, 0, 0, 1, 0, 0, 0, 0, 1, 0, 0, 2, 2, 2, 0, 0, 0, 0, 0, 0, 0, 0, 0, 2, 2, 3, 0, 2, 1, 2, 1, 4, 3, 6, 5, 3, 3, 2, 2, 4, 2, 270, 0, 1, 0, 0, 1, 0]","[[0 1 0 0]
 [0 0 0 1]]",0.6618897002378646,-1,0
1583,"[0, 1, 0, 0, 1, 2, 0, 2, 0, 1, 0, 0, 1, 0, 2, 0, 0, 0, 0, 0, 0, 0, 0, 0, 2, 0, 0, 0, 0, 0, 0, 0, 1, 1, 0, 1, 1, 0, 2, 0, 0, 0, 1, 0, 0, 0, 0, 1, 0, 0, 2, 2, 2, 0, 0, 0, 0, 0, 0, 0, 0, 0, 2, 2, 3, 0, 2, 1, 2, 1, 4, 3, 6, 5, 3, 3, 2, 2, 4, 2, 270, 0, 1, 0, 0, 0, 1]",2,-0.18853516482022628,-1,1
1584,"[0, 1, 0, 0, 1, 2, 0, 2, 0, 1, 0, 0, 1, 0, 2, 0, 0, 0, 0, 0, 0, 0, 0, 0, 2, 0, 0, 0, 0, 0, 0, 0, 1, 1, 0, 1, 1, 0, 2, 0, 0, 0, 1, 0, 0, 0, 0, 1, 0, 0, 2, 2, 2, 0, 0, 0, 0, 0, 0, 0, 0, 0, 2, 2, 3, 0, 2, 1, 2, 1, 4, 3, 6, 5, 3, 3, 2, 2, 4, 2, 270, 0, 0, 1, 0, 0, 0]","[[0 1 0 1]
 [0 1 0 0]]",-0.18853516482022628,-1,1
1585,"[0, 1, 0, 0, 1, 2, 0, 2, 0, 1, 0, 0, 1, 0, 2, 0, 0, 0, 0, 0, 0, 0, 0, 0, 2, 0, 0, 0, 0, 0, 0, 0, 1, 1, 0, 1, 1, 0, 2, 0, 0, 0, 1, 0, 0, 0, 0, 1, 0, 0, 2, 2, 2, 0, 0, 0, 0, 0, 0, 0, 0, 0, 2, 2, 3, 0, 2, 1, 2, 1, 4, 3, 6, 5, 3, 3, 2, 2, 4, 2, 270, 0, 0, 0, 0, 0, 0]",1,-4.378518214391697,-1,0
1586,"[0, 2, 0, 0, 1, 3, 0, 2, 0, 1, 0, 0, 1, 0, 2, 0, 0, 0, 0, 0, 0, 0, 0, 0, 2, 0, 0, 0, 0, 0, 0, 0, 1, 1, 0, 1, 1, 0, 2, 0, 0, 0, 1, 0, 0, 0, 0, 1, 0, 0, 2, 2, 2, 0, 0, 0, 0, 0, 0, 0, 0, 0, 2, 2, 3, 0, 2, 1, 2, 1, 4, 3, 6, 5, 3, 3, 2, 2, 4, 2, 271, 0, 0, 0, 0, 0, 0]",4,13.792690624575885,-1,0
1587,"[0, 2, 0, 0, 1, 3, 0, 2, 0, 1, 0, 0, 1, 0, 2, 0, 0, 0, 0, 0, 0, 0, 0, 0, 2, 0, 0, 0, 0, 0, 0, 0, 1, 1, 0, 1, 1, 0, 2, 0, 0, 0, 1, 0, 0, 0, 0, 1, 0, 0, 2, 2, 2, 0, 0, 0, 0, 0, 0, 0, 0, 0, 2, 2, 3, 0, 2, 1, 2, 1, 4, 3, 6, 5, 3, 3, 2, 2, 4, 2, 271, 0, 0, 0, 0, 0, 0]",-1,-0.003326840335750843,-1,1
1588,"[0, 2, 0, 0, 1, 3, 0, 2, 0, 1, 0, 0, 1, 0, 2, 0, 0, 0, 0, 0, 0, 0, 0, 0, 2, 0, 0, 0, 0, 0, 0, 0, 1, 1, 0, 1, 1, 0, 2, 0, 0, 0, 1, 0, 0, 0, 0, 1, 0, 0, 2, 2, 2, 0, 0, 0, 0, 0, 0, 0, 0, 0, 2, 2, 3, 0, 2, 1, 2, 1, 4, 3, 6, 5, 3, 3, 2, 2, 4, 2, 271, 1, 0, 0, 0, 0, 0]",3,0.21104010755658686,-1,0
1589,"[0, 2, 0, 0, 1, 3, 0, 2, 0, 1, 0, 0, 1, 0, 2, 0, 0, 0, 0, 0, 0, 0, 0, 0, 2, 0, 0, 0, 0, 0, 0, 0, 1, 1, 0, 1, 1, 0, 2, 0, 0, 0, 1, 0, 0, 0, 0, 1, 0, 0, 2, 2, 2, 0, 0, 0, 0, 0, 0, 0, 0, 0, 2, 2, 3, 0, 2, 1, 2, 1, 4, 3, 6, 5, 3, 3, 2, 2, 4, 2, 271, 0, 0, 0, 0, 0, 0]",-1,-0.003326840335750843,-1,0
1590,"[0, 2, 0, 0, 1, 4, 0, 2, 0, 1, 0, 0, 1, 0, 2, 0, 0, 0, 0, 0, 0, 0, 0, 0, 2, 0, 0, 0, 0, 0, 0, 0, 1, 1, 0, 1, 1, 0, 2, 0, 0, 0, 1, 0, 0, 0, 0, 1, 0, 0, 2, 2, 2, 0, 0, 0, 0, 0, 0, 0, 0, 0, 2, 2, 3, 0, 2, 1, 2, 1, 4, 3, 6, 5, 3, 3, 2, 2, 4, 2, 272, 0, 0, 0, 0, 0, 0]",4,13.792213873696438,-1,0
1591,"[0, 2, 0, 0, 1, 4, 0, 3, 0, 1, 0, 0, 1, 0, 2, 0, 0, 0, 0, 0, 0, 0, 0, 0, 2, 0, 0, 0, 0, 0, 0, 0, 1, 1, 0, 1, 1, 0, 2, 0, 0, 0, 1, 0, 0, 0, 0, 1, 0, 0, 2, 2, 2, 0, 0, 0, 0, 0, 0, 0, 0, 0, 2, 2, 3, 0, 2, 1, 2, 1, 4, 3, 6, 5, 3, 3, 2, 2, 4, 2, 273, 0, 0, 0, 0, 0, 0]",4,11.237642626804961,-1,1
1592,"[0, 2, 0, 0, 1, 5, 0, 3, 0, 1, 0, 0, 1, 0, 2, 0, 0, 0, 0, 0, 0, 0, 0, 0, 2, 0, 0, 0, 0, 0, 0, 0, 1, 1, 0, 1, 1, 0, 2, 0, 0, 0, 1, 0, 0, 0, 0, 1, 0, 0, 2, 2, 2, 0, 0, 0, 0, 0, 0, 0, 0, 0, 2, 2, 3, 0, 2, 1, 2, 1, 4, 3, 6, 5, 3, 3, 2, 2, 4, 2, 274, 0, 0, 0, 0, 0, 0]",4,13.79130509592894,-1,0
1593,"[0, 2, 0, 0, 1, 5, 0, 3, 0, 1, 0, 0, 1, 0, 2, 0, 0, 0, 0, 0, 0, 0, 0, 0, 2, 0, 0, 0, 0, 0, 0, 0, 1, 1, 0, 1, 1, 0, 2, 0, 0, 0, 1, 0, 0, 0, 0, 1, 0, 0, 2, 2, 2, 0, 0, 0, 0, 0, 0, 0, 0, 0, 2, 2, 3, 0, 2, 1, 2, 1, 4, 3, 6, 5, 3, 3, 2, 2, 4, 2, 274, 0, 0, 0, 0, 0, 0]",-1,-0.0032285173446584235,-1,1
1594,"[0, 2, 0, 0, 1, 5, 0, 3, 0, 1, 0, 0, 1, 0, 2, 0, 0, 0, 0, 0, 0, 0, 0, 0, 2, 0, 0, 0, 0, 0, 0, 0, 1, 1, 0, 1, 1, 0, 2, 0, 0, 0, 1, 0, 0, 0, 0, 1, 0, 0, 2, 2, 2, 0, 0, 0, 0, 0, 0, 0, 0, 0, 2, 2, 3, 0, 2, 1, 2, 1, 4, 3, 6, 5, 3, 3, 2, 2, 4, 2, 274, 0, 0, 0, 0, 0, 0]",-1,-0.0032285173446584235,-1,1
1595,"[0, 2, 0, 0, 1, 5, 0, 3, 0, 1, 0, 0, 1, 0, 2, 0, 0, 0, 0, 0, 0, 0, 0, 0, 2, 0, 0, 0, 0, 0, 0, 0, 1, 1, 0, 1, 1, 0, 2, 0, 0, 0, 1, 0, 0, 0, 0, 1, 0, 0, 2, 2, 2, 0, 0, 0, 0, 0, 0, 0, 0, 0, 2, 2, 3, 0, 2, 1, 2, 1, 4, 3, 6, 5, 3, 3, 2, 2, 4, 2, 275, 0, 0, 0, 0, 0, 0]",4,11.17430436062488,-1,1
1596,"[0, 1, 0, 0, 1, 2, 0, 1, 0, 1, 0, 0, 1, 0, 2, 0, 0, 0, 0, 0, 0, 0, 0, 0, 2, 0, 0, 0, 0, 0, 0, 0, 1, 1, 0, 1, 1, 0, 2, 0, 0, 0, 1, 0, 0, 0, 0, 1, 0, 0, 2, 2, 2, 0, 0, 0, 0, 0, 0, 0, 0, 0, 2, 2, 3, 0, 2, 1, 2, 1, 4, 3, 6, 5, 3, 3, 2, 2, 4, 2, 276, 0, 0, 0, 0, 0, 0]",4,14.11226484019469,-1,0
1597,"[0, 1, 0, 0, 1, 2, 0, 1, 0, 1, 0, 0, 1, 0, 2, 0, 0, 0, 0, 0, 0, 0, 0, 0, 2, 0, 0, 0, 0, 0, 0, 0, 1, 1, 0, 1, 1, 0, 2, 0, 0, 0, 1, 0, 0, 0, 0, 1, 0, 0, 2, 2, 2, 0, 0, 0, 0, 0, 0, 0, 0, 0, 2, 2, 3, 0, 2, 1, 2, 1, 4, 3, 6, 5, 3, 3, 2, 2, 4, 2, 276, 0, 1, 0, 0, 0, 0]",2,0.40913023415688876,-1,1
1598,"[0, 1, 0, 0, 1, 2, 0, 1, 0, 1, 0, 0, 1, 0, 2, 0, 0, 0, 0, 0, 0, 0, 0, 0, 2, 0, 0, 0, 0, 0, 0, 0, 1, 1, 0, 1, 1, 0, 2, 0, 0, 0, 1, 0, 0, 0, 0, 1, 0, 0, 2, 2, 2, 0, 0, 0, 0, 0, 0, 0, 0, 0, 2, 2, 3, 0, 2, 1, 2, 1, 4, 3, 6, 5, 3, 3, 2, 2, 4, 2, 276, 0, 1, 0, 0, 1, 0]","[[0 1 0 0]
 [0 1 0 0]]",0.6595550992149797,-1,1
1599,"[0, 1, 0, 0, 1, 2, 0, 1, 0, 1, 0, 0, 1, 0, 2, 0, 0, 0, 0, 0, 0, 0, 0, 0, 2, 0, 0, 0, 0, 0, 0, 0, 1, 1, 0, 1, 1, 0, 2, 0, 0, 0, 1, 0, 0, 0, 0, 1, 0, 0, 2, 2, 2, 0, 0, 0, 0, 0, 0, 0, 0, 0, 2, 2, 3, 0, 2, 1, 2, 1, 4, 3, 6, 5, 3, 3, 2, 2, 4, 2, 276, 0, 0, 0, 0, 0, 0]",1,-0.19086976584311124,-1,0
1600,"[0, 1, 0, 0, 1, 2, 0, 1, 0, 1, 0, 0, 1, 0, 2, 0, 0, 0, 0, 0, 0, 0, 0, 0, 2, 0, 0, 0, 0, 0, 0, 0, 1, 1, 0, 1, 1, 0, 2, 0, 0, 0, 1, 0, 0, 0, 0, 1, 0, 0, 2, 2, 2, 0, 0, 0, 0, 0, 0, 0, 0, 0, 2, 2, 3, 0, 2, 1, 2, 1, 4, 3, 6, 5, 3, 3, 2, 2, 4, 2, 276, 0, 0, 0, 0, 0, 0]",0,0.3513479026259271,-1,1
1601,"[0, 1, 0, 0, 1, 2, 0, 1, 0, 1, 0, 0, 1, 0, 2, 0, 0, 0, 0, 0, 0, 0, 0, 0, 2, 0, 0, 0, 0, 0, 0, 0, 1, 1, 0, 1, 1, 0, 2, 0, 0, 0, 1, 0, 0, 0, 0, 1, 0, 0, 2, 2, 2, 0, 0, 0, 0, 0, 0, 0, 0, 0, 2, 2, 3, 0, 2, 1, 2, 1, 4, 3, 6, 5, 3, 3, 2, 2, 4, 2, 276, 0, 0, 0, 0, 0, 0]",-1,-0.0031645884179820356,-1,1
1602,"[0, 1, 0, 0, 3, 2, 0, 1, 0, 1, 0, 0, 1, 0, 2, 0, 0, 0, 0, 0, 0, 0, 0, 0, 2, 0, 0, 0, 0, 0, 0, 0, 1, 1, 0, 1, 1, 0, 2, 0, 0, 0, 1, 0, 0, 0, 0, 1, 0, 0, 2, 2, 2, 0, 0, 0, 0, 0, 0, 0, 0, 0, 2, 2, 3, 0, 2, 1, 2, 1, 4, 3, 6, 5, 3, 3, 2, 2, 4, 2, 277, 0, 0, 0, 0, 0, 0]",4,11.357371608529704,-1,1
1603,"[0, 1, 0, 0, 3, 2, 0, 1, 0, 1, 0, 0, 1, 0, 2, 0, 0, 0, 0, 0, 0, 0, 0, 0, 2, 0, 0, 0, 0, 0, 0, 0, 1, 1, 0, 1, 1, 0, 2, 0, 0, 0, 1, 0, 0, 0, 0, 1, 0, 0, 2, 2, 2, 0, 0, 0, 0, 0, 0, 0, 0, 0, 2, 2, 3, 0, 2, 1, 2, 1, 4, 3, 6, 5, 3, 3, 2, 2, 4, 2, 277, 1, 0, 0, 0, 0, 0]",3,0.20878796307922826,-1,0
1604,"[0, 1, 0, 0, 3, 2, 0, 1, 0, 1, 0, 0, 1, 0, 2, 0, 0, 0, 0, 0, 0, 0, 0, 0, 2, 0, 0, 0, 0, 0, 0, 0, 1, 1, 0, 1, 1, 0, 2, 0, 0, 0, 1, 0, 0, 0, 0, 1, 0, 0, 2, 2, 2, 0, 0, 0, 0, 0, 0, 0, 0, 0, 2, 2, 3, 0, 2, 1, 2, 1, 4, 3, 6, 5, 3, 3, 2, 2, 4, 2, 277, 0, 0, 0, 0, 0, 0]",-1,-0.003133100237107658,-1,0
1605,"[0, 1, 0, 0, 5, 2, 0, 1, 0, 1, 0, 0, 1, 0, 2, 0, 0, 0, 0, 0, 0, 0, 0, 0, 2, 0, 0, 0, 0, 0, 0, 0, 1, 1, 0, 1, 1, 0, 2, 0, 0, 0, 1, 0, 0, 0, 0, 1, 0, 0, 2, 2, 2, 0, 0, 0, 0, 0, 0, 0, 0, 0, 2, 2, 3, 0, 2, 1, 2, 1, 4, 3, 6, 5, 3, 3, 2, 2, 4, 2, 278, 0, 0, 0, 0, 0, 0]",4,14.111465974759753,-1,0
1606,"[0, 1, 0, 0, 5, 2, 0, 1, 0, 1, 0, 0, 1, 0, 2, 0, 0, 0, 0, 0, 0, 0, 0, 0, 2, 0, 0, 0, 0, 0, 0, 0, 1, 1, 0, 1, 1, 0, 2, 0, 0, 0, 1, 0, 0, 0, 0, 1, 0, 0, 2, 2, 2, 0, 0, 0, 0, 0, 0, 0, 0, 0, 2, 2, 3, 0, 2, 1, 2, 1, 4, 3, 6, 5, 3, 3, 2, 2, 4, 2, 278, 1, 0, 0, 0, 0, 0]",3,0.20845795436840678,-1,1
1607,"[0, 1, 0, 0, 5, 2, 0, 1, 0, 1, 0, 0, 1, 0, 2, 0, 0, 0, 0, 0, 0, 0, 0, 0, 2, 0, 0, 0, 0, 0, 0, 0, 1, 1, 0, 1, 1, 0, 2, 0, 0, 0, 1, 0, 0, 0, 0, 1, 0, 0, 2, 2, 2, 0, 0, 0, 0, 0, 0, 0, 0, 0, 2, 2, 3, 0, 2, 1, 2, 1, 4, 3, 6, 5, 3, 3, 2, 2, 4, 2, 278, 0, 0, 0, 0, 0, 0]",-1,-0.0031019253688679147,-1,1
1608,"[0, 1, 0, 0, 5, 2, 0, 1, 0, 1, 0, 0, 1, 0, 2, 0, 0, 0, 0, 0, 0, 0, 0, 0, 2, 0, 0, 0, 0, 0, 0, 0, 1, 1, 0, 1, 1, 0, 2, 0, 0, 0, 1, 0, 0, 0, 0, 1, 0, 0, 2, 2, 2, 0, 0, 0, 0, 0, 0, 0, 0, 0, 2, 2, 3, 0, 2, 1, 2, 1, 4, 3, 6, 5, 3, 3, 2, 2, 4, 2, 279, 0, 0, 0, 0, 0, 0]",4,11.15239554025871,-1,1
1609,"[0, 1, 0, 0, 5, 2, 0, 1, 0, 1, 0, 0, 1, 0, 2, 0, 0, 0, 0, 0, 0, 0, 0, 0, 2, 0, 0, 0, 0, 0, 0, 0, 1, 1, 0, 1, 1, 0, 2, 0, 0, 0, 1, 0, 0, 0, 0, 1, 0, 0, 2, 2, 2, 0, 0, 0, 0, 0, 0, 0, 0, 0, 2, 2, 3, 0, 2, 1, 2, 1, 4, 3, 6, 5, 3, 3, 2, 2, 4, 2, 279, 1, 0, 0, 0, 0, 0]",3,0.2081398107142933,-1,0
1610,"[0, 1, 0, 0, 5, 2, 0, 1, 0, 1, 0, 0, 1, 0, 2, 0, 0, 0, 0, 0, 0, 0, 0, 0, 2, 0, 0, 0, 0, 0, 0, 0, 1, 1, 0, 1, 1, 0, 2, 0, 0, 0, 1, 0, 0, 0, 0, 1, 0, 0, 2, 2, 2, 0, 0, 0, 0, 0, 0, 0, 0, 0, 2, 2, 3, 0, 2, 1, 2, 1, 4, 3, 6, 5, 3, 3, 2, 2, 4, 2, 279, 0, 0, 0, 0, 0, 0]",-1,-0.0030710606957500067,-1,0
1611,"[0, 1, 0, 0, 5, 2, 0, 1, 0, 1, 0, 0, 1, 0, 2, 0, 0, 0, 0, 0, 0, 0, 0, 0, 2, 0, 0, 0, 0, 0, 0, 0, 1, 1, 0, 1, 1, 0, 2, 0, 0, 0, 1, 0, 0, 0, 0, 1, 0, 0, 2, 2, 2, 0, 0, 0, 0, 0, 0, 0, 0, 0, 2, 2, 3, 0, 2, 1, 2, 1, 4, 3, 6, 5, 3, 3, 2, 2, 4, 2, 279, 1, 0, 0, 0, 0, 0]",3,0.2081398107142933,-1,0
1612,"[0, 1, 0, 0, 5, 2, 0, 1, 0, 1, 0, 0, 1, 0, 2, 0, 0, 0, 0, 0, 0, 0, 0, 0, 2, 0, 0, 0, 0, 0, 0, 0, 1, 1, 0, 1, 1, 0, 2, 0, 0, 0, 1, 0, 0, 0, 0, 1, 0, 0, 2, 2, 2, 0, 0, 0, 0, 0, 0, 0, 0, 0, 2, 2, 3, 0, 2, 1, 2, 1, 4, 3, 6, 5, 3, 3, 2, 2, 4, 2, 279, 0, 0, 0, 0, 0, 0]",-1,-0.0030710606957500067,-1,0
1613,"[0, 1, 0, 0, 5, 2, 0, 1, 0, 1, 0, 0, 1, 0, 2, 0, 0, 0, 0, 0, 0, 0, 0, 0, 2, 0, 0, 0, 0, 0, 0, 0, 1, 1, 0, 1, 1, 0, 2, 0, 0, 0, 1, 0, 0, 0, 0, 1, 0, 0, 2, 2, 2, 0, 0, 0, 0, 0, 0, 0, 0, 0, 2, 2, 3, 0, 2, 1, 2, 1, 4, 3, 6, 5, 3, 3, 2, 2, 4, 2, 279, 0, 0, 0, 0, 0, 0]",0,0.2508586831378664,-1,0
1614,"[0, 1, 0, 0, 5, 2, 0, 1, 0, 1, 0, 0, 1, 0, 2, 0, 0, 0, 0, 0, 0, 0, 0, 0, 2, 0, 0, 0, 0, 0, 0, 0, 1, 1, 0, 1, 1, 0, 2, 0, 0, 0, 1, 0, 0, 0, 0, 1, 0, 0, 2, 2, 2, 0, 0, 0, 0, 0, 0, 0, 0, 0, 2, 2, 3, 0, 2, 1, 2, 1, 4, 3, 6, 5, 3, 3, 2, 2, 4, 2, 279, 0, 0, 0, 0, 0, 0]",-1,-0.0030710606957500067,-1,0
1615,"[0, 1, 0, 0, 5, 2, 0, 1, 0, 1, 0, 0, 1, 0, 2, 0, 0, 0, 0, 0, 0, 0, 0, 0, 2, 0, 0, 0, 0, 0, 0, 0, 1, 1, 0, 1, 1, 0, 2, 0, 0, 0, 1, 0, 0, 0, 0, 1, 0, 0, 2, 2, 2, 0, 0, 0, 0, 0, 0, 0, 0, 0, 2, 2, 3, 0, 2, 1, 2, 1, 4, 3, 6, 5, 3, 3, 2, 2, 4, 2, 279, 0, 1, 0, 0, 0, 0]",2,0.4081398107142933,-1,0
1616,"[0, 1, 0, 0, 5, 2, 0, 1, 0, 1, 0, 0, 1, 0, 2, 0, 0, 0, 0, 0, 0, 0, 0, 0, 2, 0, 0, 0, 0, 0, 0, 0, 1, 1, 0, 1, 1, 0, 2, 0, 0, 0, 1, 0, 0, 0, 0, 1, 0, 0, 2, 2, 2, 0, 0, 0, 0, 0, 0, 0, 0, 0, 2, 2, 3, 0, 2, 1, 2, 1, 4, 3, 6, 5, 3, 3, 2, 2, 4, 2, 279, 0, 1, 0, 0, 1, 0]","[[0 1 0 0]
 [1 0 0 0]]",0.6585646757723842,-1,0
1617,"[0, 1, 0, 0, 5, 2, 0, 1, 0, 1, 0, 0, 1, 0, 2, 0, 0, 0, 0, 0, 0, 0, 0, 0, 2, 0, 0, 0, 0, 0, 0, 0, 1, 1, 0, 1, 1, 0, 2, 0, 0, 0, 1, 0, 0, 0, 0, 1, 0, 0, 2, 2, 2, 0, 0, 0, 0, 0, 0, 0, 0, 0, 2, 2, 3, 0, 2, 1, 2, 1, 4, 3, 6, 5, 3, 3, 2, 2, 4, 2, 279, 0, 1, 0, 0, 0, 1]",2,-0.19186018928570672,-1,1
1618,"[0, 1, 0, 0, 5, 2, 0, 1, 0, 1, 0, 0, 1, 0, 2, 0, 0, 0, 0, 0, 0, 0, 0, 0, 2, 0, 0, 0, 0, 0, 0, 0, 1, 1, 0, 1, 1, 0, 2, 0, 0, 0, 1, 0, 0, 0, 0, 1, 0, 0, 2, 2, 2, 0, 0, 0, 0, 0, 0, 0, 0, 0, 2, 2, 3, 0, 2, 1, 2, 1, 4, 3, 6, 5, 3, 3, 2, 2, 4, 2, 279, 0, 0, 1, 0, 0, 0]","[[2 1 0 0]
 [0 1 0 0]]",-0.19186018928570672,-1,1
1619,"[2, 1, 0, 0, 3, 2, 0, 1, 0, 1, 0, 0, 1, 0, 2, 0, 0, 0, 0, 0, 0, 0, 0, 0, 2, 0, 0, 0, 0, 0, 0, 0, 1, 1, 0, 1, 1, 0, 2, 0, 0, 0, 1, 0, 0, 0, 0, 1, 0, 0, 2, 2, 2, 0, 0, 0, 0, 0, 0, 0, 0, 0, 2, 2, 3, 0, 2, 1, 2, 1, 4, 3, 6, 5, 3, 3, 2, 2, 4, 2, 279, 0, 0, 0, 0, 0, 0]",0,-0.19186018928570672,-1,0
1620,"[2, 1, 0, 0, 3, 2, 0, 1, 0, 1, 0, 0, 1, 0, 2, 0, 0, 0, 0, 0, 0, 0, 0, 0, 2, 0, 0, 0, 0, 0, 0, 0, 1, 1, 0, 1, 1, 0, 2, 0, 0, 0, 1, 0, 0, 0, 0, 1, 0, 0, 2, 2, 2, 0, 0, 0, 0, 0, 0, 0, 0, 0, 2, 2, 3, 0, 2, 1, 2, 1, 4, 3, 6, 5, 3, 3, 2, 2, 4, 2, 279, 0, 0, 0, 0, 0, 0]",0,0.2508586831378664,-1,0
1621,"[2, 1, 0, 0, 3, 2, 0, 1, 0, 1, 0, 0, 1, 0, 2, 0, 0, 0, 0, 0, 0, 0, 0, 0, 2, 0, 0, 0, 0, 0, 0, 0, 1, 1, 0, 1, 1, 0, 2, 0, 0, 0, 1, 0, 0, 0, 0, 1, 0, 0, 2, 2, 2, 0, 0, 0, 0, 0, 0, 0, 0, 0, 2, 2, 3, 0, 2, 1, 2, 1, 4, 3, 6, 5, 3, 3, 2, 2, 4, 2, 279, 0, 0, 0, 0, 0, 0]",-1,-0.0030710606957500067,-1,0
1622,"[2, 1, 0, 0, 3, 2, 0, 1, 0, 1, 0, 0, 1, 0, 2, 0, 0, 0, 0, 0, 0, 0, 0, 0, 2, 0, 0, 0, 0, 0, 0, 0, 1, 1, 0, 1, 1, 0, 2, 0, 0, 0, 1, 0, 0, 0, 0, 1, 0, 0, 2, 2, 2, 0, 0, 0, 0, 0, 0, 0, 0, 0, 2, 2, 3, 0, 2, 1, 2, 1, 4, 3, 6, 5, 3, 3, 2, 2, 4, 2, 279, 0, 0, 0, 0, 0, 0]",0,0.2508586831378664,-1,0
1623,"[2, 1, 0, 0, 3, 2, 0, 1, 0, 1, 0, 0, 1, 0, 2, 0, 0, 0, 0, 0, 0, 0, 0, 0, 2, 0, 0, 0, 0, 0, 0, 0, 1, 1, 0, 1, 1, 0, 2, 0, 0, 0, 1, 0, 0, 0, 0, 1, 0, 0, 2, 2, 2, 0, 0, 0, 0, 0, 0, 0, 0, 0, 2, 2, 3, 0, 2, 1, 2, 1, 4, 3, 6, 5, 3, 3, 2, 2, 4, 2, 279, 0, 0, 0, 0, 0, 0]",-1,-0.0030710606957500067,-1,0
1624,"[2, 1, 0, 0, 3, 2, 0, 1, 0, 1, 0, 0, 1, 0, 2, 0, 0, 0, 0, 0, 0, 0, 0, 0, 2, 0, 0, 0, 0, 0, 0, 0, 1, 1, 0, 1, 1, 0, 2, 0, 0, 0, 1, 0, 0, 0, 0, 1, 0, 0, 2, 2, 2, 0, 0, 0, 0, 0, 0, 0, 0, 0, 2, 2, 3, 0, 2, 1, 2, 1, 4, 3, 6, 5, 3, 3, 2, 2, 4, 2, 279, 0, 0, 0, 0, 0, 0]",0,0.2508586831378664,-1,0
1625,"[2, 1, 0, 0, 3, 2, 0, 1, 0, 1, 0, 0, 1, 0, 2, 0, 0, 0, 0, 0, 0, 0, 0, 0, 2, 0, 0, 0, 0, 0, 0, 0, 1, 1, 0, 1, 1, 0, 2, 0, 0, 0, 1, 0, 0, 0, 0, 1, 0, 0, 2, 2, 2, 0, 0, 0, 0, 0, 0, 0, 0, 0, 2, 2, 3, 0, 2, 1, 2, 1, 4, 3, 6, 5, 3, 3, 2, 2, 4, 2, 279, 0, 0, 0, 0, 0, 0]",-1,-0.0030710606957500067,-1,0
1626,"[2, 1, 0, 0, 3, 2, 0, 1, 0, 1, 0, 0, 1, 0, 2, 0, 0, 0, 0, 0, 0, 0, 0, 0, 2, 0, 0, 0, 0, 0, 0, 0, 1, 1, 0, 1, 1, 0, 2, 0, 0, 0, 1, 0, 0, 0, 0, 1, 0, 0, 2, 2, 2, 0, 0, 0, 0, 0, 0, 0, 0, 0, 2, 2, 3, 0, 2, 1, 2, 1, 4, 3, 6, 5, 3, 3, 2, 2, 4, 2, 279, 0, 0, 0, 0, 0, 0]",0,0.2508586831378664,-1,0
1627,"[2, 1, 0, 0, 3, 2, 0, 1, 0, 1, 0, 0, 1, 0, 2, 0, 0, 0, 0, 0, 0, 0, 0, 0, 2, 0, 0, 0, 0, 0, 0, 0, 1, 1, 0, 1, 1, 0, 2, 0, 0, 0, 1, 0, 0, 0, 0, 1, 0, 0, 2, 2, 2, 0, 0, 0, 0, 0, 0, 0, 0, 0, 2, 2, 3, 0, 2, 1, 2, 1, 4, 3, 6, 5, 3, 3, 2, 2, 4, 2, 279, 0, 0, 0, 0, 0, 0]",-1,-0.0030710606957500067,-1,0
1628,"[2, 1, 0, 0, 3, 2, 0, 1, 0, 1, 0, 0, 1, 0, 2, 0, 0, 0, 0, 0, 0, 0, 0, 0, 2, 0, 0, 0, 0, 0, 0, 0, 1, 1, 0, 1, 1, 0, 2, 0, 0, 0, 1, 0, 0, 0, 0, 1, 0, 0, 2, 2, 2, 0, 0, 0, 0, 0, 0, 0, 0, 0, 2, 2, 3, 0, 2, 1, 2, 1, 4, 3, 6, 5, 3, 3, 2, 2, 4, 2, 279, 0, 0, 0, 0, 0, 0]",0,0.2508586831378664,-1,0
1629,"[2, 1, 0, 0, 3, 2, 0, 1, 0, 1, 0, 0, 1, 0, 2, 0, 0, 0, 0, 0, 0, 0, 0, 0, 2, 0, 0, 0, 0, 0, 0, 0, 1, 1, 0, 1, 1, 0, 2, 0, 0, 0, 1, 0, 0, 0, 0, 1, 0, 0, 2, 2, 2, 0, 0, 0, 0, 0, 0, 0, 0, 0, 2, 2, 3, 0, 2, 1, 2, 1, 4, 3, 6, 5, 3, 3, 2, 2, 4, 2, 279, 0, 0, 0, 0, 0, 0]",-1,-0.0030710606957500067,-1,0
1630,"[2, 1, 0, 0, 3, 2, 0, 1, 0, 1, 0, 0, 1, 0, 2, 0, 0, 0, 0, 0, 0, 0, 0, 0, 2, 0, 0, 0, 0, 0, 0, 0, 1, 1, 0, 1, 1, 0, 2, 0, 0, 0, 1, 0, 0, 0, 0, 1, 0, 0, 2, 2, 2, 0, 0, 0, 0, 0, 0, 0, 0, 0, 2, 2, 3, 0, 2, 1, 2, 1, 4, 3, 6, 5, 3, 3, 2, 2, 4, 2, 279, 0, 0, 0, 0, 0, 0]",0,0.2508586831378664,-1,0
1631,"[2, 1, 0, 0, 3, 2, 0, 1, 0, 1, 0, 0, 1, 0, 2, 0, 0, 0, 0, 0, 0, 0, 0, 0, 2, 0, 0, 0, 0, 0, 0, 0, 1, 1, 0, 1, 1, 0, 2, 0, 0, 0, 1, 0, 0, 0, 0, 1, 0, 0, 2, 2, 2, 0, 0, 0, 0, 0, 0, 0, 0, 0, 2, 2, 3, 0, 2, 1, 2, 1, 4, 3, 6, 5, 3, 3, 2, 2, 4, 2, 279, 0, 0, 0, 0, 0, 0]",-1,-0.0030710606957500067,-1,0
1632,"[2, 1, 0, 0, 3, 2, 0, 1, 0, 1, 0, 0, 1, 0, 2, 0, 0, 0, 0, 0, 0, 0, 0, 0, 2, 0, 0, 0, 0, 0, 0, 0, 1, 1, 0, 1, 1, 0, 2, 0, 0, 0, 1, 0, 0, 0, 0, 1, 0, 0, 2, 2, 2, 0, 0, 0, 0, 0, 0, 0, 0, 0, 2, 2, 3, 0, 2, 1, 2, 1, 4, 3, 6, 5, 3, 3, 2, 2, 4, 2, 279, 0, 0, 0, 0, 0, 0]",0,0.2508586831378664,-1,0
1633,"[2, 1, 0, 0, 3, 2, 0, 1, 0, 1, 0, 0, 1, 0, 2, 0, 0, 0, 0, 0, 0, 0, 0, 0, 2, 0, 0, 0, 0, 0, 0, 0, 1, 1, 0, 1, 1, 0, 2, 0, 0, 0, 1, 0, 0, 0, 0, 1, 0, 0, 2, 2, 2, 0, 0, 0, 0, 0, 0, 0, 0, 0, 2, 2, 3, 0, 2, 1, 2, 1, 4, 3, 6, 5, 3, 3, 2, 2, 4, 2, 279, 0, 0, 0, 0, 0, 0]",-1,-0.0030710606957500067,-1,0
1634,"[2, 1, 0, 0, 3, 3, 0, 1, 0, 1, 0, 0, 1, 0, 2, 0, 0, 0, 0, 0, 0, 0, 0, 0, 2, 0, 0, 0, 0, 0, 0, 0, 1, 1, 0, 1, 1, 0, 2, 0, 0, 0, 1, 0, 0, 0, 0, 1, 0, 0, 2, 2, 2, 0, 0, 0, 0, 0, 0, 0, 0, 0, 2, 2, 3, 0, 2, 1, 2, 1, 4, 3, 6, 5, 3, 3, 2, 2, 4, 2, 280, 0, 0, 0, 0, 0, 0]",4,14.069643907770837,-1,0
1635,"[2, 1, 0, 0, 3, 3, 0, 1, 0, 1, 0, 0, 1, 0, 2, 0, 0, 0, 0, 0, 0, 0, 0, 0, 2, 0, 0, 0, 0, 0, 0, 0, 1, 1, 0, 1, 1, 0, 2, 0, 0, 0, 1, 0, 0, 0, 0, 1, 0, 0, 2, 2, 2, 0, 0, 0, 0, 0, 0, 0, 0, 0, 2, 2, 3, 0, 2, 1, 2, 1, 4, 3, 6, 5, 3, 3, 2, 2, 4, 2, 280, 0, 0, 0, 0, 0, 0]",0,0.35005081302839114,-1,1
1636,"[2, 1, 0, 0, 3, 3, 0, 1, 0, 1, 0, 0, 1, 0, 2, 0, 0, 0, 0, 0, 0, 0, 0, 0, 2, 0, 0, 0, 0, 0, 0, 0, 1, 1, 0, 1, 1, 0, 2, 0, 0, 0, 1, 0, 0, 0, 0, 1, 0, 0, 2, 2, 2, 0, 0, 0, 0, 0, 0, 0, 0, 0, 2, 2, 3, 0, 2, 1, 2, 1, 4, 3, 6, 5, 3, 3, 2, 2, 4, 2, 280, 0, 0, 0, 0, 0, 0]",-1,-0.003040503131260898,-1,1
1637,"[1, 1, 0, 0, 1, 1, 0, 1, 0, 1, 0, 0, 1, 0, 2, 0, 0, 0, 0, 0, 0, 0, 0, 0, 2, 0, 0, 0, 0, 0, 0, 0, 1, 1, 0, 1, 1, 0, 2, 0, 0, 0, 1, 0, 0, 0, 0, 1, 0, 0, 2, 2, 2, 0, 0, 0, 0, 0, 0, 0, 0, 0, 2, 2, 3, 0, 2, 1, 2, 1, 4, 3, 6, 5, 3, 3, 2, 2, 4, 2, 281, 0, 0, 0, 0, 0, 0]",4,11.747011868374367,-1,1
1638,"[1, 1, 0, 0, 1, 1, 0, 1, 0, 1, 0, 0, 1, 0, 2, 0, 0, 0, 0, 0, 0, 0, 0, 0, 2, 0, 0, 0, 0, 0, 0, 0, 1, 1, 0, 1, 1, 0, 2, 0, 0, 0, 1, 0, 0, 0, 0, 1, 0, 0, 2, 2, 2, 0, 0, 0, 0, 0, 0, 0, 0, 0, 2, 2, 3, 0, 2, 1, 2, 1, 4, 3, 6, 5, 3, 3, 2, 2, 4, 2, 281, 0, 0, 0, 0, 0, 0]",1,0.617161693201338,-1,0
1639,"[1, 1, 0, 0, 1, 1, 0, 1, 0, 1, 0, 0, 1, 0, 2, 0, 0, 0, 0, 0, 0, 0, 0, 0, 2, 0, 0, 0, 0, 0, 0, 0, 1, 1, 0, 1, 1, 0, 2, 0, 0, 0, 1, 0, 0, 0, 0, 1, 0, 0, 2, 2, 2, 0, 0, 0, 0, 0, 0, 0, 0, 0, 2, 2, 3, 0, 2, 1, 2, 1, 4, 3, 6, 5, 3, 3, 2, 2, 4, 2, 281, 0, 0, 0, 0, 0, 0]",-1,-0.003010249619618677,-1,0
1640,"[1, 1, 0, 0, 1, 1, 0, 1, 0, 1, 0, 0, 1, 0, 2, 0, 0, 0, 0, 0, 0, 0, 0, 0, 2, 0, 0, 0, 0, 0, 0, 0, 1, 1, 0, 1, 1, 0, 2, 0, 0, 0, 1, 0, 0, 0, 0, 1, 0, 0, 2, 2, 2, 0, 0, 0, 0, 0, 0, 0, 0, 0, 2, 2, 3, 0, 2, 1, 2, 1, 4, 3, 6, 5, 3, 3, 2, 2, 4, 2, 281, 0, 0, 0, 0, 0, 0]",1,0.617161693201338,-1,0
1641,"[1, 1, 0, 0, 1, 1, 0, 1, 0, 1, 0, 0, 1, 0, 2, 0, 0, 0, 0, 0, 0, 0, 0, 0, 2, 0, 0, 0, 0, 0, 0, 0, 1, 1, 0, 1, 1, 0, 2, 0, 0, 0, 1, 0, 0, 0, 0, 1, 0, 0, 2, 2, 2, 0, 0, 0, 0, 0, 0, 0, 0, 0, 2, 2, 3, 0, 2, 1, 2, 1, 4, 3, 6, 5, 3, 3, 2, 2, 4, 2, 281, 0, 0, 0, 0, 0, 0]",-1,-0.003010249619618677,-1,0
1642,"[1, 1, 0, 0, 1, 1, 0, 1, 0, 1, 0, 0, 1, 0, 2, 0, 0, 0, 0, 0, 0, 0, 0, 0, 2, 0, 0, 0, 0, 0, 0, 0, 1, 1, 0, 1, 1, 0, 2, 0, 0, 0, 1, 0, 0, 0, 0, 1, 0, 0, 2, 2, 2, 0, 0, 0, 0, 0, 0, 0, 0, 0, 2, 2, 3, 0, 2, 1, 2, 1, 4, 3, 6, 5, 3, 3, 2, 2, 4, 2, 281, 0, 1, 0, 0, 0, 0]",2,0.40753757810172114,-1,0
1643,"[1, 1, 0, 0, 1, 1, 0, 1, 0, 1, 0, 0, 1, 0, 2, 0, 0, 0, 0, 0, 0, 0, 0, 0, 2, 0, 0, 0, 0, 0, 0, 0, 1, 1, 0, 1, 1, 0, 2, 0, 0, 0, 1, 0, 0, 0, 0, 1, 0, 0, 2, 2, 2, 0, 0, 0, 0, 0, 0, 0, 0, 0, 2, 2, 3, 0, 2, 1, 2, 1, 4, 3, 6, 5, 3, 3, 2, 2, 4, 2, 281, 0, 1, 0, 0, 1, 0]","[[0 1 0 0]
 [0 0 0 1]]",0.6579624431598121,-1,0
1644,"[1, 0, 0, 1, 1, 2, 0, 0, 0, 1, 0, 0, 1, 0, 2, 0, 0, 0, 0, 0, 0, 0, 0, 0, 2, 0, 0, 0, 0, 0, 0, 0, 1, 1, 0, 1, 1, 0, 2, 0, 0, 0, 1, 0, 0, 0, 0, 1, 0, 0, 2, 2, 2, 0, 0, 0, 0, 0, 0, 0, 0, 0, 2, 2, 3, 0, 2, 1, 2, 1, 4, 3, 6, 5, 3, 3, 2, 2, 4, 2, 281, 0, 0, 0, 0, 0, 0]",0,-0.19246242189827883,-1,1
1645,"[1, 0, 0, 1, 1, 2, 0, 0, 0, 1, 0, 0, 1, 0, 2, 0, 0, 0, 0, 0, 0, 0, 0, 0, 2, 0, 0, 0, 0, 0, 0, 0, 1, 1, 0, 1, 1, 0, 2, 0, 0, 0, 1, 0, 0, 0, 0, 1, 0, 0, 2, 2, 2, 0, 0, 0, 0, 0, 0, 0, 0, 0, 2, 2, 3, 0, 2, 1, 2, 1, 4, 3, 6, 5, 3, 3, 2, 2, 4, 2, 281, 0, 0, 0, 0, 0, 0]",1,0.617161693201338,-1,0
1646,"[1, 0, 0, 1, 1, 2, 0, 0, 0, 1, 0, 0, 1, 0, 2, 0, 0, 0, 0, 0, 0, 0, 0, 0, 2, 0, 0, 0, 0, 0, 0, 0, 1, 1, 0, 1, 1, 0, 2, 0, 0, 0, 1, 0, 0, 0, 0, 1, 0, 0, 2, 2, 2, 0, 0, 0, 0, 0, 0, 0, 0, 0, 2, 2, 3, 0, 2, 1, 2, 1, 4, 3, 6, 5, 3, 3, 2, 2, 4, 2, 281, 0, 0, 0, 0, 0, 0]",-1,-0.003010249619618677,-1,0
1647,"[1, 0, 0, 1, 1, 2, 0, 0, 0, 1, 0, 0, 1, 0, 2, 0, 0, 0, 0, 0, 0, 0, 0, 0, 2, 0, 0, 0, 0, 0, 0, 0, 1, 1, 0, 1, 1, 0, 2, 0, 0, 0, 1, 0, 0, 0, 0, 1, 0, 0, 2, 2, 2, 0, 0, 0, 0, 0, 0, 0, 0, 0, 2, 2, 3, 0, 2, 1, 2, 1, 4, 3, 6, 5, 3, 3, 2, 2, 4, 2, 281, 1, 0, 0, 0, 0, 0]",3,0.2075375781017212,-1,0
1648,"[1, 0, 0, 1, 1, 2, 0, 0, 0, 1, 0, 0, 1, 0, 2, 0, 0, 0, 0, 0, 0, 0, 0, 0, 2, 0, 0, 0, 0, 0, 0, 0, 1, 1, 0, 1, 1, 0, 2, 0, 0, 0, 1, 0, 0, 0, 0, 1, 0, 0, 2, 2, 2, 0, 0, 0, 0, 0, 0, 0, 0, 0, 2, 2, 3, 0, 2, 1, 2, 1, 4, 3, 6, 5, 3, 3, 2, 2, 4, 2, 281, 0, 0, 0, 0, 0, 0]",-1,-0.003010249619618677,-1,0
1649,"[1, 0, 0, 1, 1, 1, 0, 0, 0, 1, 0, 0, 1, 0, 2, 0, 0, 0, 0, 0, 0, 0, 0, 0, 2, 0, 0, 0, 0, 0, 0, 0, 1, 1, 0, 1, 1, 0, 2, 0, 0, 0, 1, 0, 0, 0, 0, 1, 0, 0, 2, 2, 2, 0, 0, 0, 0, 0, 0, 0, 0, 0, 2, 2, 3, 0, 2, 1, 2, 1, 4, 3, 6, 5, 3, 3, 2, 2, 4, 1, 282, 0, 0, 0, 0, 0, 0]",4,14.272736413807944,-1,0
1650,"[1, 0, 0, 1, 1, 1, 0, 0, 0, 1, 0, 0, 1, 0, 2, 0, 0, 0, 0, 0, 0, 0, 0, 0, 2, 0, 0, 0, 0, 0, 0, 0, 1, 1, 0, 1, 1, 0, 2, 0, 0, 0, 1, 0, 0, 0, 0, 1, 0, 0, 2, 2, 2, 0, 0, 0, 0, 0, 0, 0, 0, 0, 2, 2, 3, 0, 2, 1, 2, 1, 4, 3, 6, 5, 3, 3, 2, 2, 4, 1, 282, 1, 0, 0, 0, 0, 0]",3,0.20725274327492968,-1,1
1651,"[1, 0, 0, 1, 1, 1, 0, 0, 0, 1, 0, 0, 1, 0, 2, 0, 0, 0, 0, 0, 0, 0, 0, 0, 2, 0, 0, 0, 0, 0, 0, 0, 1, 1, 0, 1, 1, 0, 2, 0, 0, 0, 1, 0, 0, 0, 0, 1, 0, 0, 2, 2, 2, 0, 0, 0, 0, 0, 0, 0, 0, 0, 2, 2, 3, 0, 2, 1, 2, 1, 4, 3, 6, 5, 3, 3, 2, 2, 4, 1, 282, 0, 0, 0, 0, 0, 0]",-1,-0.0029802971354469686,-1,1
1652,"[1, 0, 0, 1, 1, 1, 0, 0, 0, 1, 0, 0, 1, 0, 2, 0, 0, 0, 0, 0, 0, 0, 0, 0, 2, 0, 0, 0, 0, 0, 0, 0, 1, 1, 0, 1, 1, 0, 2, 0, 0, 0, 1, 0, 0, 0, 0, 1, 0, 0, 2, 2, 2, 0, 0, 0, 0, 0, 0, 0, 0, 0, 2, 2, 3, 0, 2, 1, 2, 1, 4, 3, 6, 5, 3, 3, 2, 2, 4, 1, 282, 1, 0, 0, 0, 0, 0]",3,0.20725274327492968,-1,1
1653,"[1, 0, 0, 1, 1, 1, 0, 0, 0, 1, 0, 0, 1, 0, 2, 0, 0, 0, 0, 0, 0, 0, 0, 0, 2, 0, 0, 0, 0, 0, 0, 0, 1, 1, 0, 1, 1, 0, 2, 0, 0, 0, 1, 0, 0, 0, 0, 1, 0, 0, 2, 2, 2, 0, 0, 0, 0, 0, 0, 0, 0, 0, 2, 2, 3, 0, 2, 1, 2, 1, 4, 3, 6, 5, 3, 3, 2, 2, 4, 1, 282, 0, 0, 0, 0, 0, 0]",-1,-0.0029802971354469686,-1,1
1654,"[1, 0, 0, 1, 1, 1, 0, 1, 0, 1, 0, 0, 1, 0, 2, 0, 0, 0, 0, 0, 0, 0, 0, 0, 2, 0, 0, 0, 0, 0, 0, 0, 1, 1, 0, 1, 1, 0, 2, 0, 0, 0, 1, 0, 0, 0, 0, 1, 0, 0, 2, 2, 2, 0, 0, 0, 0, 0, 0, 0, 0, 0, 2, 2, 3, 0, 2, 1, 2, 1, 4, 3, 6, 5, 3, 3, 2, 2, 4, 1, 283, 0, 0, 0, 0, 0, 0]",4,11.746332159987366,-1,1
1655,"[1, 0, 0, 1, 3, 1, 0, 1, 0, 1, 0, 0, 1, 0, 2, 0, 0, 0, 0, 0, 0, 0, 0, 0, 2, 0, 0, 0, 0, 0, 0, 0, 1, 1, 0, 1, 1, 0, 2, 0, 0, 0, 1, 0, 0, 0, 0, 1, 0, 0, 2, 2, 2, 0, 0, 0, 0, 0, 0, 0, 0, 0, 2, 2, 3, 0, 2, 1, 2, 1, 4, 3, 6, 5, 3, 3, 2, 2, 4, 1, 284, 0, 0, 0, 0, 0, 0]",4,14.272078301317018,-1,0
1656,"[1, 0, 0, 1, 3, 1, 0, 1, 0, 1, 0, 0, 1, 0, 2, 0, 0, 0, 0, 0, 0, 0, 0, 0, 2, 0, 0, 0, 0, 0, 0, 0, 1, 1, 0, 1, 1, 0, 2, 0, 0, 0, 1, 0, 0, 0, 0, 1, 0, 0, 2, 2, 2, 0, 0, 0, 0, 0, 0, 0, 0, 0, 2, 2, 3, 0, 2, 1, 2, 1, 4, 3, 6, 5, 3, 3, 2, 2, 4, 1, 284, 0, 1, 0, 0, 0, 0]",2,0.40671384465629645,-1,1
1657,"[1, 0, 0, 1, 3, 1, 0, 1, 0, 1, 0, 0, 1, 0, 2, 0, 0, 0, 0, 0, 0, 0, 0, 0, 2, 0, 0, 0, 0, 0, 0, 0, 1, 1, 0, 1, 1, 0, 2, 0, 0, 0, 1, 0, 0, 0, 0, 1, 0, 0, 2, 2, 2, 0, 0, 0, 0, 0, 0, 0, 0, 0, 2, 2, 3, 0, 2, 1, 2, 1, 4, 3, 6, 5, 3, 3, 2, 2, 4, 1, 284, 0, 1, 0, 0, 1, 0]","[[1 0 0 0]
 [1 0 0 1]]",1.7319551771968924,-1,1
1658,"[1, 0, 0, 0, 3, 1, 0, 2, 0, 1, 0, 0, 1, 0, 2, 0, 0, 0, 0, 0, 0, 0, 0, 0, 2, 0, 0, 0, 0, 0, 0, 0, 1, 1, 0, 1, 1, 0, 2, 0, 0, 0, 1, 0, 0, 0, 0, 1, 0, 0, 2, 2, 2, 0, 0, 0, 0, 0, 0, 0, 0, 0, 2, 2, 3, 0, 2, 1, 2, 1, 4, 3, 6, 5, 3, 3, 2, 2, 4, 1, 284, 0, 0, 0, 0, 0, 0]",0,-0.19328615534370353,-1,0
1659,"[1, 0, 0, 0, 1, 1, 0, 1, 0, 1, 0, 0, 1, 0, 2, 0, 0, 0, 0, 0, 0, 0, 0, 0, 2, 0, 0, 0, 0, 0, 0, 0, 1, 1, 0, 1, 1, 0, 2, 0, 0, 0, 1, 0, 0, 0, 0, 1, 0, 0, 2, 2, 2, 0, 0, 0, 0, 0, 0, 0, 0, 0, 2, 2, 3, 0, 2, 1, 2, 1, 4, 3, 6, 5, 3, 3, 2, 2, 4, 3, 285, 0, 0, 0, 0, 0, 0]",4,11.745694943546264,-1,1
1660,"[1, 0, 0, 0, 1, 1, 0, 1, 0, 1, 0, 0, 1, 0, 2, 0, 0, 0, 0, 0, 0, 0, 0, 0, 2, 0, 0, 0, 0, 0, 0, 0, 1, 1, 0, 1, 1, 0, 2, 0, 0, 0, 1, 0, 0, 0, 0, 1, 0, 0, 2, 2, 2, 0, 0, 0, 0, 0, 0, 0, 0, 0, 2, 2, 3, 0, 2, 1, 2, 1, 4, 3, 6, 5, 3, 3, 2, 2, 4, 0, 286, 0, 0, 0, 0, 0, 0]",4,14.108739948836549,-1,0
1661,"[1, 0, 0, 0, 1, 1, 0, 2, 0, 1, 0, 0, 1, 0, 2, 0, 0, 0, 0, 0, 0, 0, 0, 0, 2, 0, 0, 0, 0, 0, 0, 0, 1, 1, 0, 1, 1, 0, 2, 0, 0, 0, 1, 0, 0, 0, 0, 1, 0, 0, 2, 2, 2, 0, 0, 0, 0, 0, 0, 0, 0, 0, 2, 2, 3, 0, 2, 1, 2, 1, 4, 3, 6, 5, 3, 3, 2, 2, 4, 0, 287, 0, 0, 0, 0, 0, 0]",4,11.585472775361117,-1,1
1662,"[1, 0, 0, 0, 3, 1, 0, 2, 0, 1, 0, 0, 1, 0, 2, 0, 0, 0, 0, 0, 0, 0, 0, 0, 2, 0, 0, 0, 0, 0, 0, 0, 1, 1, 0, 1, 1, 0, 2, 0, 0, 0, 1, 0, 0, 0, 0, 1, 0, 0, 2, 2, 2, 0, 0, 0, 0, 0, 0, 0, 0, 0, 2, 2, 3, 0, 2, 1, 2, 1, 4, 3, 6, 5, 3, 3, 2, 2, 4, 0, 288, 0, 0, 0, 0, 0, 0]",4,14.108161411760422,-1,0
1663,"[1, 0, 0, 0, 3, 1, 0, 2, 0, 1, 0, 0, 1, 0, 2, 0, 0, 0, 0, 0, 0, 0, 0, 0, 2, 0, 0, 0, 0, 0, 0, 0, 1, 1, 0, 1, 1, 0, 2, 0, 0, 0, 1, 0, 0, 0, 0, 1, 0, 0, 2, 2, 2, 0, 0, 0, 0, 0, 0, 0, 0, 0, 2, 2, 3, 0, 2, 1, 2, 1, 4, 3, 6, 5, 3, 3, 2, 2, 4, 0, 288, 0, 0, 0, 0, 0, 0]",-1,-0.0028067381417066863,-1,1
1664,"[1, 0, 0, 0, 3, 1, 0, 2, 0, 1, 0, 0, 1, 0, 2, 0, 0, 0, 0, 0, 0, 0, 0, 0, 2, 0, 0, 0, 0, 0, 0, 0, 1, 1, 0, 1, 1, 0, 2, 0, 0, 0, 1, 0, 0, 0, 0, 1, 0, 0, 2, 2, 2, 0, 0, 0, 0, 0, 0, 0, 0, 0, 2, 2, 3, 0, 2, 1, 2, 1, 4, 3, 6, 5, 3, 3, 2, 2, 4, 0, 289, 0, 0, 0, 0, 0, 0]",4,11.35339842936249,-1,1
1665,"[1, 0, 0, 0, 3, 1, 0, 3, 0, 1, 0, 0, 1, 0, 2, 0, 0, 0, 0, 0, 0, 0, 0, 0, 2, 0, 0, 0, 0, 0, 0, 0, 1, 1, 0, 1, 1, 0, 2, 0, 0, 0, 1, 0, 0, 0, 0, 1, 0, 0, 2, 2, 2, 0, 0, 0, 0, 0, 0, 0, 0, 0, 2, 2, 3, 0, 2, 1, 2, 1, 4, 3, 6, 5, 3, 3, 2, 2, 4, 0, 290, 0, 0, 0, 0, 0, 0]",4,14.107618839893652,-1,0
1666,"[1, 0, 0, 0, 3, 1, 0, 3, 0, 1, 0, 0, 1, 0, 2, 0, 0, 0, 0, 0, 0, 0, 0, 0, 2, 0, 0, 0, 0, 0, 0, 0, 1, 1, 0, 1, 1, 0, 2, 0, 0, 0, 1, 0, 0, 0, 0, 1, 0, 0, 2, 2, 2, 0, 0, 0, 0, 0, 0, 0, 0, 0, 2, 2, 3, 0, 2, 1, 2, 1, 4, 3, 6, 5, 3, 3, 2, 2, 4, 0, 290, 0, 1, 0, 0, 0, 0]",2,0.40531939871537315,-1,1
1667,"[1, 0, 0, 0, 3, 1, 0, 3, 0, 1, 0, 0, 1, 0, 2, 0, 0, 0, 0, 0, 0, 0, 0, 0, 2, 0, 0, 0, 0, 0, 0, 0, 1, 1, 0, 1, 1, 0, 2, 0, 0, 0, 1, 0, 0, 0, 0, 1, 0, 0, 2, 2, 2, 0, 0, 0, 0, 0, 0, 0, 0, 0, 2, 2, 3, 0, 2, 1, 2, 1, 4, 3, 6, 5, 3, 3, 2, 2, 4, 0, 290, 0, 1, 0, 0, 1, 0]","[[1 0 0 1]
 [1 0 0 0]]",-0.028748392460594435,-1,1
1668,"[1, 0, 0, 0, 3, 1, 0, 3, 0, 1, 0, 0, 1, 0, 2, 0, 0, 0, 0, 0, 0, 0, 0, 0, 2, 0, 0, 0, 0, 0, 0, 0, 1, 1, 0, 1, 1, 0, 2, 0, 0, 0, 1, 0, 0, 0, 0, 1, 0, 0, 2, 2, 2, 0, 0, 0, 0, 0, 0, 0, 0, 0, 2, 2, 3, 0, 2, 1, 2, 1, 4, 3, 6, 5, 3, 3, 2, 2, 4, 0, 290, 0, 0, 0, 0, 0, 0]",1,-0.19468060128462683,-1,0
1669,"[1, 0, 0, 0, 3, 1, 0, 3, 0, 1, 0, 0, 1, 0, 2, 0, 0, 0, 0, 0, 0, 0, 0, 0, 2, 0, 0, 0, 0, 0, 0, 0, 1, 1, 0, 1, 1, 0, 2, 0, 0, 0, 1, 0, 0, 0, 0, 1, 0, 0, 2, 2, 2, 0, 0, 0, 0, 0, 0, 0, 0, 0, 2, 2, 3, 0, 2, 1, 2, 1, 4, 3, 6, 5, 3, 3, 2, 2, 4, 0, 290, 0, 1, 0, 0, 0, 0]",2,0.40531939871537315,-1,1
1670,"[1, 0, 0, 0, 3, 1, 0, 3, 0, 1, 0, 0, 1, 0, 2, 0, 0, 0, 0, 0, 0, 0, 0, 0, 2, 0, 0, 0, 0, 0, 0, 0, 1, 1, 0, 1, 1, 0, 2, 0, 0, 0, 1, 0, 0, 0, 0, 1, 0, 0, 2, 2, 2, 0, 0, 0, 0, 0, 0, 0, 0, 0, 2, 2, 3, 0, 2, 1, 2, 1, 4, 3, 6, 5, 3, 3, 2, 2, 4, 0, 290, 0, 1, 0, 0, 1, 0]","[[1 0 0 1]
 [1 0 0 0]]",-0.028748392460594435,-1,1
1671,"[1, 0, 0, 0, 3, 1, 0, 3, 0, 1, 0, 0, 1, 0, 2, 0, 0, 0, 0, 0, 0, 0, 0, 0, 2, 0, 0, 0, 0, 0, 0, 0, 1, 1, 0, 1, 1, 0, 2, 0, 0, 0, 1, 0, 0, 0, 0, 1, 0, 0, 2, 2, 2, 0, 0, 0, 0, 0, 0, 0, 0, 0, 2, 2, 3, 0, 2, 1, 2, 1, 4, 3, 6, 5, 3, 3, 2, 2, 4, 0, 290, 0, 0, 0, 0, 0, 0]",1,-0.19468060128462683,-1,0
1672,"[1, 0, 0, 0, 3, 1, 0, 3, 0, 1, 0, 0, 1, 0, 2, 0, 0, 0, 0, 0, 0, 0, 0, 0, 2, 0, 0, 0, 0, 0, 0, 0, 1, 1, 0, 1, 1, 0, 2, 0, 0, 0, 1, 0, 0, 0, 0, 1, 0, 0, 2, 2, 2, 0, 0, 0, 0, 0, 0, 0, 0, 0, 2, 2, 3, 0, 2, 1, 2, 1, 4, 3, 6, 5, 3, 3, 2, 2, 4, 0, 290, 0, 0, 0, 0, 0, 0]",-1,-0.002751161002820362,-1,1
1673,"[1, 0, 0, 0, 1, 1, 0, 1, 0, 1, 0, 0, 1, 0, 2, 0, 0, 0, 0, 0, 0, 0, 0, 0, 2, 0, 0, 0, 0, 0, 0, 0, 1, 1, 0, 1, 1, 0, 2, 0, 0, 0, 1, 0, 0, 0, 0, 1, 0, 0, 2, 2, 2, 0, 0, 0, 0, 0, 0, 0, 0, 0, 2, 2, 3, 0, 2, 1, 2, 1, 4, 3, 6, 5, 3, 3, 2, 2, 4, 4, 291, 0, 0, 0, 0, 0, 0]",4,11.744011763678168,-1,1
1674,"[1, 0, 0, 0, 1, 1, 0, 1, 0, 1, 0, 0, 1, 0, 2, 0, 0, 0, 0, 0, 0, 0, 0, 0, 2, 0, 0, 0, 0, 0, 0, 0, 1, 1, 0, 1, 1, 0, 2, 0, 0, 0, 1, 0, 0, 0, 0, 1, 0, 0, 2, 2, 2, 0, 0, 0, 0, 0, 0, 0, 0, 0, 2, 2, 3, 0, 2, 1, 2, 1, 4, 3, 6, 5, 3, 3, 2, 2, 4, 4, 291, 0, 1, 0, 0, 0, 0]",2,0.4051161576624015,-1,0
1675,"[1, 0, 0, 0, 1, 1, 0, 1, 0, 1, 0, 0, 1, 0, 2, 0, 0, 0, 0, 0, 0, 0, 0, 0, 2, 0, 0, 0, 0, 0, 0, 0, 1, 1, 0, 1, 1, 0, 2, 0, 0, 0, 1, 0, 0, 0, 0, 1, 0, 0, 2, 2, 2, 0, 0, 0, 0, 0, 0, 0, 0, 0, 2, 2, 3, 0, 2, 1, 2, 1, 4, 3, 6, 5, 3, 3, 2, 2, 4, 4, 291, 0, 1, 0, 0, 1, 0]","[[1 0 0 0]
 [0 0 0 1]]",0.6555410227204924,-1,0
1676,"[1, 0, 0, 0, 1, 1, 0, 1, 0, 1, 0, 0, 1, 0, 2, 0, 0, 0, 0, 0, 0, 0, 0, 0, 2, 0, 0, 0, 0, 0, 0, 0, 1, 1, 0, 1, 1, 0, 2, 0, 0, 0, 1, 0, 0, 0, 0, 1, 0, 0, 2, 2, 2, 0, 0, 0, 0, 0, 0, 0, 0, 0, 2, 2, 3, 0, 2, 1, 2, 1, 4, 3, 6, 5, 3, 3, 2, 2, 4, 4, 291, 0, 1, 0, 0, 0, 1]",2,-0.19488384233759848,-1,1
1677,"[1, 0, 0, 0, 1, 1, 0, 1, 0, 1, 0, 0, 1, 0, 2, 0, 0, 0, 0, 0, 0, 0, 0, 0, 2, 0, 0, 0, 0, 0, 0, 0, 1, 1, 0, 1, 1, 0, 2, 0, 0, 0, 1, 0, 0, 0, 0, 1, 0, 0, 2, 2, 2, 0, 0, 0, 0, 0, 0, 0, 0, 0, 2, 2, 3, 0, 2, 1, 2, 1, 4, 3, 6, 5, 3, 3, 2, 2, 4, 4, 291, 0, 0, 0, 0, 0, 0]",-1,-0.002723786493459493,-1,1
1678,"[1, 0, 0, 0, 1, 1, 0, 1, 0, 1, 0, 0, 1, 0, 2, 0, 0, 0, 0, 0, 0, 0, 0, 0, 2, 0, 0, 0, 0, 0, 0, 0, 1, 1, 0, 1, 1, 0, 2, 0, 0, 0, 1, 0, 0, 0, 0, 1, 0, 0, 2, 2, 2, 0, 0, 0, 0, 0, 0, 0, 0, 0, 2, 2, 3, 0, 2, 1, 2, 1, 4, 3, 6, 5, 3, 3, 2, 2, 4, 4, 291, 1, 0, 0, 0, 0, 0]",3,0.20511615766240154,-1,0
1679,"[1, 0, 0, 0, 1, 1, 0, 1, 0, 1, 0, 0, 1, 0, 2, 0, 0, 0, 0, 0, 0, 0, 0, 0, 2, 0, 0, 0, 0, 0, 0, 0, 1, 1, 0, 1, 1, 0, 2, 0, 0, 0, 1, 0, 0, 0, 0, 1, 0, 0, 2, 2, 2, 0, 0, 0, 0, 0, 0, 0, 0, 0, 2, 2, 3, 0, 2, 1, 2, 1, 4, 3, 6, 5, 3, 3, 2, 2, 4, 4, 291, 0, 0, 0, 0, 0, 0]",-1,-0.002723786493459493,-1,0
1680,"[1, 0, 0, 0, 1, 1, 0, 1, 0, 1, 0, 0, 1, 0, 2, 0, 0, 0, 0, 0, 0, 0, 0, 0, 2, 0, 0, 0, 0, 0, 0, 0, 1, 1, 0, 1, 1, 0, 2, 0, 0, 0, 1, 0, 0, 0, 0, 1, 0, 0, 2, 2, 2, 0, 0, 0, 0, 0, 0, 0, 0, 0, 2, 2, 3, 0, 2, 1, 2, 1, 4, 3, 6, 5, 3, 3, 2, 2, 4, 4, 291, 0, 1, 0, 0, 0, 0]",2,0.4051161576624015,-1,0
1681,"[1, 0, 0, 0, 1, 1, 0, 1, 0, 1, 0, 0, 1, 0, 2, 0, 0, 0, 0, 0, 0, 0, 0, 0, 2, 0, 0, 0, 0, 0, 0, 0, 1, 1, 0, 1, 1, 0, 2, 0, 0, 0, 1, 0, 0, 0, 0, 1, 0, 0, 2, 2, 2, 0, 0, 0, 0, 0, 0, 0, 0, 0, 2, 2, 3, 0, 2, 1, 2, 1, 4, 3, 6, 5, 3, 3, 2, 2, 4, 4, 291, 0, 1, 0, 0, 1, 0]","[[1 0 0 0]
 [0 0 0 1]]",0.6555410227204924,-1,0
1682,"[0, 0, 0, 1, 2, 1, 0, 0, 0, 1, 0, 0, 1, 0, 2, 0, 0, 0, 0, 0, 0, 0, 0, 0, 2, 0, 0, 0, 0, 0, 0, 0, 1, 1, 0, 1, 1, 0, 2, 0, 0, 0, 1, 0, 0, 0, 0, 1, 0, 0, 2, 2, 2, 0, 0, 0, 0, 0, 0, 0, 0, 0, 2, 2, 3, 0, 2, 1, 2, 1, 4, 3, 6, 5, 3, 3, 2, 2, 4, 4, 291, 0, 0, 0, 0, 0, 0]",0,-0.19488384233759848,-1,1
1683,"[0, 0, 0, 1, 2, 1, 0, 0, 0, 1, 0, 0, 1, 0, 2, 0, 0, 0, 0, 0, 0, 0, 0, 0, 2, 0, 0, 0, 0, 0, 0, 0, 1, 1, 0, 1, 1, 0, 2, 0, 0, 0, 1, 0, 0, 0, 0, 1, 0, 0, 2, 2, 2, 0, 0, 0, 0, 0, 0, 0, 0, 0, 2, 2, 3, 0, 2, 1, 2, 1, 4, 3, 6, 5, 3, 3, 2, 2, 4, 4, 291, 1, 0, 0, 0, 0, 0]",3,0.20511615766240154,-1,0
1684,"[0, 0, 0, 1, 2, 1, 0, 0, 0, 1, 0, 0, 1, 0, 2, 0, 0, 0, 0, 0, 0, 0, 0, 0, 2, 0, 0, 0, 0, 0, 0, 0, 1, 1, 0, 1, 1, 0, 2, 0, 0, 0, 1, 0, 0, 0, 0, 1, 0, 0, 2, 2, 2, 0, 0, 0, 0, 0, 0, 0, 0, 0, 2, 2, 3, 0, 2, 1, 2, 1, 4, 3, 6, 5, 3, 3, 2, 2, 4, 4, 291, 0, 0, 0, 0, 0, 0]",-1,-0.002723786493459493,-1,0
1685,"[0, 0, 0, 1, 2, 1, 0, 1, 0, 1, 0, 0, 1, 0, 2, 0, 0, 0, 0, 0, 0, 0, 0, 0, 2, 0, 0, 0, 0, 0, 0, 0, 1, 1, 0, 1, 1, 0, 2, 0, 0, 0, 1, 0, 0, 0, 0, 1, 0, 0, 2, 2, 2, 0, 0, 0, 0, 0, 0, 0, 0, 0, 2, 2, 3, 0, 2, 1, 2, 1, 4, 3, 6, 5, 3, 3, 2, 2, 4, 4, 292, 0, 0, 0, 0, 0, 0]",4,14.107109878584597,-1,0
1686,"[0, 0, 0, 1, 2, 1, 0, 1, 0, 1, 0, 0, 1, 0, 2, 0, 0, 0, 0, 0, 0, 0, 0, 0, 2, 0, 0, 0, 0, 0, 0, 0, 1, 1, 0, 1, 1, 0, 2, 0, 0, 0, 1, 0, 0, 0, 0, 1, 0, 0, 2, 2, 2, 0, 0, 0, 0, 0, 0, 0, 0, 0, 2, 2, 3, 0, 2, 1, 2, 1, 4, 3, 6, 5, 3, 3, 2, 2, 4, 4, 292, 0, 1, 0, 0, 0, 0]",2,0.40492048568054784,-1,1
1687,"[0, 0, 0, 1, 2, 1, 0, 1, 0, 1, 0, 0, 1, 0, 2, 0, 0, 0, 0, 0, 0, 0, 0, 0, 2, 0, 0, 0, 0, 0, 0, 0, 1, 1, 0, 1, 1, 0, 2, 0, 0, 0, 1, 0, 0, 0, 0, 1, 0, 0, 2, 2, 2, 0, 0, 0, 0, 0, 0, 0, 0, 0, 2, 2, 3, 0, 2, 1, 2, 1, 4, 3, 6, 5, 3, 3, 2, 2, 4, 4, 292, 0, 0, 0, 0, 0, 0]",-1,-0.002696684365017801,-1,1
1688,"[0, 0, 0, 1, 2, 1, 0, 1, 0, 1, 0, 0, 1, 0, 2, 0, 0, 0, 0, 0, 0, 0, 0, 0, 2, 0, 0, 0, 0, 0, 0, 0, 1, 1, 0, 1, 1, 0, 2, 0, 0, 0, 1, 0, 0, 0, 0, 1, 0, 0, 2, 2, 2, 0, 0, 0, 0, 0, 0, 0, 0, 0, 2, 2, 3, 0, 2, 1, 2, 1, 4, 3, 6, 5, 3, 3, 2, 2, 4, 4, 293, 0, 0, 0, 0, 0, 0]",4,11.58389404773497,-1,1
1689,"[0, 0, 0, 1, 2, 1, 0, 1, 0, 1, 0, 0, 1, 0, 2, 0, 0, 0, 0, 0, 0, 0, 0, 0, 2, 0, 0, 0, 0, 0, 0, 0, 1, 1, 0, 1, 1, 0, 2, 0, 0, 0, 1, 0, 0, 0, 0, 1, 0, 0, 2, 2, 2, 0, 0, 0, 0, 0, 0, 0, 0, 0, 2, 2, 3, 0, 2, 1, 2, 1, 4, 3, 6, 5, 3, 3, 2, 2, 4, 4, 293, 0, 0, 0, 0, 0, 0]",0,0.24745098805466534,-1,0
1690,"[0, 0, 0, 1, 2, 1, 0, 1, 0, 1, 0, 0, 1, 0, 2, 0, 0, 0, 0, 0, 0, 0, 0, 0, 2, 0, 0, 0, 0, 0, 0, 0, 1, 1, 0, 1, 1, 0, 2, 0, 0, 0, 1, 0, 0, 0, 0, 1, 0, 0, 2, 2, 2, 0, 0, 0, 0, 0, 0, 0, 0, 0, 2, 2, 3, 0, 2, 1, 2, 1, 4, 3, 6, 5, 3, 3, 2, 2, 4, 4, 293, 0, 0, 0, 0, 0, 0]",-1,-0.0026698519072598545,-1,0
1691,"[1, 0, 0, 1, 2, 2, 0, 1, 0, 1, 0, 0, 1, 0, 2, 0, 0, 0, 0, 0, 0, 0, 0, 0, 2, 0, 0, 0, 0, 0, 0, 0, 1, 1, 0, 1, 1, 0, 2, 0, 0, 0, 1, 0, 0, 0, 0, 1, 0, 0, 2, 2, 2, 0, 0, 0, 0, 0, 0, 0, 0, 0, 2, 2, 3, 0, 2, 1, 2, 1, 4, 3, 6, 5, 3, 3, 2, 2, 4, 4, 294, 0, 0, 0, 0, 0, 0]",4,14.269353663800857,-1,0
1692,"[1, 0, 0, 1, 2, 2, 0, 1, 0, 1, 0, 0, 1, 0, 2, 0, 0, 0, 0, 0, 0, 0, 0, 0, 2, 0, 0, 0, 0, 0, 0, 0, 1, 1, 0, 1, 1, 0, 2, 0, 0, 0, 1, 0, 0, 0, 0, 1, 0, 0, 2, 2, 2, 0, 0, 0, 0, 0, 0, 0, 0, 0, 2, 2, 3, 0, 2, 1, 2, 1, 4, 3, 6, 5, 3, 3, 2, 2, 4, 4, 294, 0, 0, 0, 0, 0, 0]",-1,-0.0026432864369175186,-1,1
1693,"[1, 0, 0, 1, 2, 2, 0, 1, 0, 1, 0, 0, 1, 0, 2, 0, 0, 0, 0, 0, 0, 0, 0, 0, 2, 0, 0, 0, 0, 0, 0, 0, 1, 1, 0, 1, 1, 0, 2, 0, 0, 0, 1, 0, 0, 0, 0, 1, 0, 0, 2, 2, 2, 0, 0, 0, 0, 0, 0, 0, 0, 0, 2, 2, 3, 0, 2, 1, 2, 1, 4, 3, 6, 5, 3, 3, 2, 2, 4, 4, 294, 0, 0, 0, 0, 0, 0]",-1,-0.0026432864369175186,-1,1
1694,"[1, 0, 0, 1, 2, 2, 0, 1, 0, 1, 0, 0, 1, 0, 2, 0, 0, 0, 0, 0, 0, 0, 0, 0, 2, 0, 0, 0, 0, 0, 0, 0, 1, 1, 0, 1, 1, 0, 2, 0, 0, 0, 1, 0, 0, 0, 0, 1, 0, 0, 2, 2, 2, 0, 0, 0, 0, 0, 0, 0, 0, 0, 2, 2, 3, 0, 2, 1, 2, 1, 4, 3, 6, 5, 3, 3, 2, 2, 4, 4, 295, 0, 0, 0, 0, 0, 0]",4,11.482104330995776,-1,1
1695,"[1, 0, 0, 1, 2, 2, 0, 1, 0, 1, 0, 0, 1, 0, 2, 0, 0, 0, 0, 0, 0, 0, 0, 0, 2, 0, 0, 0, 0, 0, 0, 0, 1, 1, 0, 1, 1, 0, 2, 0, 0, 0, 1, 0, 0, 0, 0, 1, 0, 0, 2, 2, 2, 0, 0, 0, 0, 0, 0, 0, 0, 0, 2, 2, 3, 0, 2, 1, 2, 1, 4, 3, 6, 5, 3, 3, 2, 2, 4, 4, 295, 1, 0, 0, 0, 0, 0]",3,0.2043762541872261,-1,0
1696,"[1, 0, 0, 1, 2, 2, 0, 1, 0, 1, 0, 0, 1, 0, 2, 0, 0, 0, 0, 0, 0, 0, 0, 0, 2, 0, 0, 0, 0, 0, 0, 0, 1, 1, 0, 1, 1, 0, 2, 0, 0, 0, 1, 0, 0, 0, 0, 1, 0, 0, 2, 2, 2, 0, 0, 0, 0, 0, 0, 0, 0, 0, 2, 2, 3, 0, 2, 1, 2, 1, 4, 3, 6, 5, 3, 3, 2, 2, 4, 4, 295, 0, 0, 0, 0, 0, 0]",-1,-0.002616985297421619,-1,0
1697,"[1, 0, 0, 1, 2, 2, 0, 1, 0, 1, 0, 0, 1, 0, 2, 0, 0, 0, 0, 0, 0, 0, 0, 0, 2, 0, 0, 0, 0, 0, 0, 0, 1, 1, 0, 1, 1, 0, 2, 0, 0, 0, 1, 0, 0, 0, 0, 1, 0, 0, 2, 2, 2, 0, 0, 0, 0, 0, 0, 0, 0, 0, 2, 2, 3, 0, 2, 1, 2, 1, 4, 3, 6, 5, 3, 3, 2, 2, 4, 4, 295, 0, 1, 0, 0, 0, 0]",2,0.40437625418722606,-1,0
1698,"[1, 0, 0, 1, 2, 2, 0, 1, 0, 1, 0, 0, 1, 0, 2, 0, 0, 0, 0, 0, 0, 0, 0, 0, 2, 0, 0, 0, 0, 0, 0, 0, 1, 1, 0, 1, 1, 0, 2, 0, 0, 0, 1, 0, 0, 0, 0, 1, 0, 0, 2, 2, 2, 0, 0, 0, 0, 0, 0, 0, 0, 0, 2, 2, 3, 0, 2, 1, 2, 1, 4, 3, 6, 5, 3, 3, 2, 2, 4, 4, 295, 0, 1, 0, 0, 1, 0]","[[0 0 0 1]
 [0 1 0 0]]",0.6548011192453169,-1,0
1699,"[1, 0, 0, 1, 2, 2, 0, 1, 0, 1, 0, 0, 1, 0, 2, 0, 0, 0, 0, 0, 0, 0, 0, 0, 2, 0, 0, 0, 0, 0, 0, 0, 1, 1, 0, 1, 1, 0, 2, 0, 0, 0, 1, 0, 0, 0, 0, 1, 0, 0, 2, 2, 2, 0, 0, 0, 0, 0, 0, 0, 0, 0, 2, 2, 3, 0, 2, 1, 2, 1, 4, 3, 6, 5, 3, 3, 2, 2, 4, 4, 295, 0, 1, 0, 0, 0, 1]",2,-0.19562374581277392,-1,1
1700,"[1, 0, 0, 1, 2, 2, 0, 1, 0, 1, 0, 0, 1, 0, 2, 0, 0, 0, 0, 0, 0, 0, 0, 0, 2, 0, 0, 0, 0, 0, 0, 0, 1, 1, 0, 1, 1, 0, 2, 0, 0, 0, 1, 0, 0, 0, 0, 1, 0, 0, 2, 2, 2, 0, 0, 0, 0, 0, 0, 0, 0, 0, 2, 2, 3, 0, 2, 1, 2, 1, 4, 3, 6, 5, 3, 3, 2, 2, 4, 4, 295, 0, 0, 1, 0, 0, 0]","[[1 1 0 0]
 [1 0 0 1]]",-0.19562374581277392,-1,1
1701,"[1, 1, 0, 0, 2, 1, 0, 2, 0, 1, 0, 0, 1, 0, 2, 0, 0, 0, 0, 0, 0, 0, 0, 0, 2, 0, 0, 0, 0, 0, 0, 0, 1, 1, 0, 1, 1, 0, 2, 0, 0, 0, 1, 0, 0, 0, 0, 1, 0, 0, 2, 2, 2, 0, 0, 0, 0, 0, 0, 0, 0, 0, 2, 2, 3, 0, 2, 1, 2, 1, 4, 3, 6, 5, 3, 3, 2, 2, 4, 4, 295, 0, 0, 0, 0, 0, 0]",0,-0.19562374581277392,-1,0
1702,"[1, 1, 0, 0, 2, 1, 0, 2, 0, 1, 0, 0, 1, 0, 2, 0, 0, 0, 0, 0, 0, 0, 0, 0, 2, 0, 0, 0, 0, 0, 0, 0, 1, 1, 0, 1, 1, 0, 2, 0, 0, 0, 1, 0, 0, 0, 0, 1, 0, 0, 2, 2, 2, 0, 0, 0, 0, 0, 0, 0, 0, 0, 2, 2, 3, 0, 2, 1, 2, 1, 4, 3, 6, 5, 3, 3, 2, 2, 4, 4, 295, 0, 0, 0, 0, 0, 0]",0,0.2470951266107992,-1,0
1703,"[1, 1, 0, 0, 2, 1, 0, 2, 0, 1, 0, 0, 1, 0, 2, 0, 0, 0, 0, 0, 0, 0, 0, 0, 2, 0, 0, 0, 0, 0, 0, 0, 1, 1, 0, 1, 1, 0, 2, 0, 0, 0, 1, 0, 0, 0, 0, 1, 0, 0, 2, 2, 2, 0, 0, 0, 0, 0, 0, 0, 0, 0, 2, 2, 3, 0, 2, 1, 2, 1, 4, 3, 6, 5, 3, 3, 2, 2, 4, 4, 295, 0, 0, 0, 0, 0, 0]",-1,-0.002616985297421619,-1,0
1704,"[1, 1, 0, 0, 2, 1, 0, 2, 0, 1, 0, 0, 1, 0, 2, 0, 0, 0, 0, 0, 0, 0, 0, 0, 2, 0, 0, 0, 0, 0, 0, 0, 1, 1, 0, 1, 1, 0, 2, 0, 0, 0, 1, 0, 0, 0, 0, 1, 0, 0, 2, 2, 2, 0, 0, 0, 0, 0, 0, 0, 0, 0, 2, 2, 3, 0, 2, 1, 2, 1, 4, 3, 6, 5, 3, 3, 2, 2, 4, 4, 295, 0, 0, 0, 0, 0, 0]",0,0.2470951266107992,-1,0
1705,"[1, 1, 0, 0, 2, 1, 0, 2, 0, 1, 0, 0, 1, 0, 2, 0, 0, 0, 0, 0, 0, 0, 0, 0, 2, 0, 0, 0, 0, 0, 0, 0, 1, 1, 0, 1, 1, 0, 2, 0, 0, 0, 1, 0, 0, 0, 0, 1, 0, 0, 2, 2, 2, 0, 0, 0, 0, 0, 0, 0, 0, 0, 2, 2, 3, 0, 2, 1, 2, 1, 4, 3, 6, 5, 3, 3, 2, 2, 4, 4, 295, 0, 0, 0, 0, 0, 0]",-1,-0.002616985297421619,-1,0
1706,"[1, 1, 0, 0, 2, 1, 0, 2, 0, 1, 0, 0, 1, 0, 2, 0, 0, 0, 0, 0, 0, 0, 0, 0, 2, 0, 0, 0, 0, 0, 0, 0, 1, 1, 0, 1, 1, 0, 2, 0, 0, 0, 1, 0, 0, 0, 0, 1, 0, 0, 2, 2, 2, 0, 0, 0, 0, 0, 0, 0, 0, 0, 2, 2, 3, 0, 2, 1, 2, 1, 4, 3, 6, 5, 3, 3, 2, 2, 4, 4, 295, 0, 0, 0, 0, 0, 0]",0,0.2470951266107992,-1,0
1707,"[1, 1, 0, 0, 2, 1, 0, 2, 0, 1, 0, 0, 1, 0, 2, 0, 0, 0, 0, 0, 0, 0, 0, 0, 2, 0, 0, 0, 0, 0, 0, 0, 1, 1, 0, 1, 1, 0, 2, 0, 0, 0, 1, 0, 0, 0, 0, 1, 0, 0, 2, 2, 2, 0, 0, 0, 0, 0, 0, 0, 0, 0, 2, 2, 3, 0, 2, 1, 2, 1, 4, 3, 6, 5, 3, 3, 2, 2, 4, 4, 295, 0, 0, 0, 0, 0, 0]",-1,-0.002616985297421619,-1,0
1708,"[1, 1, 0, 0, 2, 1, 0, 2, 0, 1, 0, 0, 1, 0, 2, 0, 0, 0, 0, 0, 0, 0, 0, 0, 2, 0, 0, 0, 0, 0, 0, 0, 1, 1, 0, 1, 1, 0, 2, 0, 0, 0, 1, 0, 0, 0, 0, 1, 0, 0, 2, 2, 2, 0, 0, 0, 0, 0, 0, 0, 0, 0, 2, 2, 3, 0, 2, 1, 2, 1, 4, 3, 6, 5, 3, 3, 2, 2, 4, 4, 295, 0, 0, 0, 0, 0, 0]",0,0.2470951266107992,-1,0
1709,"[1, 1, 0, 0, 2, 1, 0, 2, 0, 1, 0, 0, 1, 0, 2, 0, 0, 0, 0, 0, 0, 0, 0, 0, 2, 0, 0, 0, 0, 0, 0, 0, 1, 1, 0, 1, 1, 0, 2, 0, 0, 0, 1, 0, 0, 0, 0, 1, 0, 0, 2, 2, 2, 0, 0, 0, 0, 0, 0, 0, 0, 0, 2, 2, 3, 0, 2, 1, 2, 1, 4, 3, 6, 5, 3, 3, 2, 2, 4, 4, 295, 0, 0, 0, 0, 0, 0]",-1,-0.002616985297421619,-1,0
1710,"[1, 1, 0, 0, 2, 1, 0, 2, 0, 1, 0, 0, 1, 0, 2, 0, 0, 0, 0, 0, 0, 0, 0, 0, 2, 0, 0, 0, 0, 0, 0, 0, 1, 1, 0, 1, 1, 0, 2, 0, 0, 0, 1, 0, 0, 0, 0, 1, 0, 0, 2, 2, 2, 0, 0, 0, 0, 0, 0, 0, 0, 0, 2, 2, 3, 0, 2, 1, 2, 1, 4, 3, 6, 5, 3, 3, 2, 2, 4, 4, 295, 0, 0, 0, 0, 0, 0]",0,0.2470951266107992,-1,0
1711,"[1, 1, 0, 0, 2, 1, 0, 2, 0, 1, 0, 0, 1, 0, 2, 0, 0, 0, 0, 0, 0, 0, 0, 0, 2, 0, 0, 0, 0, 0, 0, 0, 1, 1, 0, 1, 1, 0, 2, 0, 0, 0, 1, 0, 0, 0, 0, 1, 0, 0, 2, 2, 2, 0, 0, 0, 0, 0, 0, 0, 0, 0, 2, 2, 3, 0, 2, 1, 2, 1, 4, 3, 6, 5, 3, 3, 2, 2, 4, 4, 295, 0, 0, 0, 0, 0, 0]",-1,-0.002616985297421619,-1,0
1712,"[1, 1, 0, 0, 2, 1, 0, 2, 0, 1, 0, 0, 1, 0, 2, 0, 0, 0, 0, 0, 0, 0, 0, 0, 2, 0, 0, 0, 0, 0, 0, 0, 1, 1, 0, 1, 1, 0, 2, 0, 0, 0, 1, 0, 0, 0, 0, 1, 0, 0, 2, 2, 2, 0, 0, 0, 0, 0, 0, 0, 0, 0, 2, 2, 3, 0, 2, 1, 2, 1, 4, 3, 6, 5, 3, 3, 2, 2, 4, 4, 295, 0, 0, 0, 0, 0, 0]",0,0.2470951266107992,-1,0
1713,"[1, 1, 0, 0, 2, 1, 0, 2, 0, 1, 0, 0, 1, 0, 2, 0, 0, 0, 0, 0, 0, 0, 0, 0, 2, 0, 0, 0, 0, 0, 0, 0, 1, 1, 0, 1, 1, 0, 2, 0, 0, 0, 1, 0, 0, 0, 0, 1, 0, 0, 2, 2, 2, 0, 0, 0, 0, 0, 0, 0, 0, 0, 2, 2, 3, 0, 2, 1, 2, 1, 4, 3, 6, 5, 3, 3, 2, 2, 4, 4, 295, 0, 0, 0, 0, 0, 0]",-1,-0.002616985297421619,-1,0
1714,"[1, 1, 0, 0, 2, 1, 0, 2, 0, 1, 0, 0, 1, 0, 2, 0, 0, 0, 0, 0, 0, 0, 0, 0, 2, 0, 0, 0, 0, 0, 0, 0, 1, 1, 0, 1, 1, 0, 2, 0, 0, 0, 1, 0, 0, 0, 0, 1, 0, 0, 2, 2, 2, 0, 0, 0, 0, 0, 0, 0, 0, 0, 2, 2, 3, 0, 2, 1, 2, 1, 4, 3, 6, 5, 3, 3, 2, 2, 4, 4, 295, 0, 0, 0, 0, 0, 0]",0,0.2470951266107992,-1,0
1715,"[1, 1, 0, 0, 2, 1, 0, 2, 0, 1, 0, 0, 1, 0, 2, 0, 0, 0, 0, 0, 0, 0, 0, 0, 2, 0, 0, 0, 0, 0, 0, 0, 1, 1, 0, 1, 1, 0, 2, 0, 0, 0, 1, 0, 0, 0, 0, 1, 0, 0, 2, 2, 2, 0, 0, 0, 0, 0, 0, 0, 0, 0, 2, 2, 3, 0, 2, 1, 2, 1, 4, 3, 6, 5, 3, 3, 2, 2, 4, 4, 295, 0, 0, 0, 0, 0, 0]",-1,-0.002616985297421619,-1,0
1716,"[1, 1, 0, 0, 2, 1, 0, 2, 0, 1, 0, 0, 1, 0, 2, 0, 0, 0, 0, 0, 0, 0, 0, 0, 2, 0, 0, 0, 0, 0, 0, 0, 1, 1, 0, 1, 1, 0, 2, 0, 0, 0, 1, 0, 0, 0, 0, 1, 0, 0, 2, 2, 2, 0, 0, 0, 0, 0, 0, 0, 0, 0, 2, 2, 3, 0, 2, 1, 2, 1, 4, 3, 6, 5, 3, 3, 2, 2, 4, 4, 295, 0, 0, 0, 0, 0, 0]",0,0.2470951266107992,-1,0
1717,"[1, 1, 0, 0, 2, 1, 0, 2, 0, 1, 0, 0, 1, 0, 2, 0, 0, 0, 0, 0, 0, 0, 0, 0, 2, 0, 0, 0, 0, 0, 0, 0, 1, 1, 0, 1, 1, 0, 2, 0, 0, 0, 1, 0, 0, 0, 0, 1, 0, 0, 2, 2, 2, 0, 0, 0, 0, 0, 0, 0, 0, 0, 2, 2, 3, 0, 2, 1, 2, 1, 4, 3, 6, 5, 3, 3, 2, 2, 4, 4, 295, 0, 0, 0, 0, 0, 0]",-1,-0.002616985297421619,-1,0
1718,"[1, 1, 0, 0, 1, 1, 0, 1, 0, 1, 0, 0, 1, 0, 2, 0, 0, 0, 0, 0, 0, 0, 0, 0, 2, 0, 0, 0, 0, 0, 0, 0, 1, 1, 0, 1, 1, 0, 2, 0, 0, 0, 1, 0, 0, 0, 0, 1, 0, 0, 2, 2, 2, 0, 0, 0, 0, 0, 0, 0, 0, 0, 2, 2, 3, 0, 2, 1, 2, 1, 4, 3, 6, 5, 3, 3, 2, 2, 4, 2, 296, 0, 0, 0, 0, 0, 0]",4,14.268905411292714,-1,0
1719,"[1, 1, 0, 0, 1, 1, 0, 1, 0, 1, 0, 0, 1, 0, 2, 0, 0, 0, 0, 0, 0, 0, 0, 0, 2, 0, 0, 0, 0, 0, 0, 0, 1, 1, 0, 1, 1, 0, 2, 0, 0, 0, 1, 0, 0, 0, 0, 1, 0, 0, 2, 2, 2, 0, 0, 0, 0, 0, 0, 0, 0, 0, 2, 2, 3, 0, 2, 1, 2, 1, 4, 3, 6, 5, 3, 3, 2, 2, 4, 2, 296, 0, 1, 0, 0, 0, 0]",2,0.4042082694040936,-1,1
1720,"[1, 1, 0, 0, 1, 1, 0, 1, 0, 1, 0, 0, 1, 0, 2, 0, 0, 0, 0, 0, 0, 0, 0, 0, 2, 0, 0, 0, 0, 0, 0, 0, 1, 1, 0, 1, 1, 0, 2, 0, 0, 0, 1, 0, 0, 0, 0, 1, 0, 0, 2, 2, 2, 0, 0, 0, 0, 0, 0, 0, 0, 0, 2, 2, 3, 0, 2, 1, 2, 1, 4, 3, 6, 5, 3, 3, 2, 2, 4, 2, 296, 0, 0, 0, 0, 0, 0]",-1,-0.0025909458586362917,-1,1
1721,"[1, 1, 0, 0, 1, 1, 0, 1, 0, 1, 0, 0, 1, 0, 2, 0, 0, 0, 0, 0, 0, 0, 0, 0, 2, 0, 0, 0, 0, 0, 0, 0, 1, 1, 0, 1, 1, 0, 2, 0, 0, 0, 1, 0, 0, 0, 0, 1, 0, 0, 2, 2, 2, 0, 0, 0, 0, 0, 0, 0, 0, 0, 2, 2, 3, 0, 2, 1, 2, 1, 4, 3, 6, 5, 3, 3, 2, 2, 4, 2, 296, 0, 0, 0, 0, 0, 0]",-1,-0.0025909458586362917,-1,1
1722,"[1, 1, 0, 0, 1, 1, 0, 1, 0, 1, 0, 0, 1, 0, 2, 0, 0, 0, 0, 0, 0, 0, 0, 0, 2, 0, 0, 0, 0, 0, 0, 0, 1, 1, 0, 1, 1, 0, 2, 0, 0, 0, 1, 0, 0, 0, 0, 1, 0, 0, 2, 2, 2, 0, 0, 0, 0, 0, 0, 0, 0, 0, 2, 2, 3, 0, 2, 1, 2, 1, 4, 3, 6, 5, 3, 3, 2, 2, 4, 2, 297, 0, 0, 0, 0, 0, 0]",4,11.742621775146555,-1,1
1723,"[1, 2, 0, 0, 1, 2, 0, 1, 0, 1, 0, 0, 1, 0, 2, 0, 0, 0, 0, 0, 0, 0, 0, 0, 2, 0, 0, 0, 0, 0, 0, 0, 1, 1, 0, 1, 1, 0, 2, 0, 0, 0, 1, 0, 0, 0, 0, 1, 0, 0, 2, 2, 2, 0, 0, 0, 0, 0, 0, 0, 0, 0, 2, 2, 3, 0, 2, 1, 2, 1, 4, 3, 6, 5, 3, 3, 2, 2, 4, 2, 298, 0, 0, 0, 0, 0, 0]",4,14.064689989766814,-1,0
1724,"[1, 2, 0, 0, 1, 3, 0, 1, 0, 1, 0, 0, 1, 0, 2, 0, 0, 0, 0, 0, 0, 0, 0, 0, 2, 0, 0, 0, 0, 0, 0, 0, 1, 1, 0, 1, 1, 0, 2, 0, 0, 0, 1, 0, 0, 0, 0, 1, 0, 0, 2, 2, 2, 0, 0, 0, 0, 0, 0, 0, 0, 0, 2, 2, 3, 0, 2, 1, 2, 1, 4, 3, 6, 5, 3, 3, 2, 2, 4, 2, 299, 0, 0, 0, 0, 0, 0]",4,11.32177605169279,-1,1
1725,"[1, 2, 0, 0, 1, 3, 0, 1, 0, 1, 0, 0, 1, 0, 2, 0, 0, 0, 0, 0, 0, 0, 0, 0, 2, 0, 0, 0, 0, 0, 0, 0, 1, 1, 0, 1, 1, 0, 2, 0, 0, 0, 1, 0, 0, 0, 0, 1, 0, 0, 2, 2, 2, 0, 0, 0, 0, 0, 0, 0, 0, 0, 2, 2, 3, 0, 2, 1, 2, 1, 4, 3, 6, 5, 3, 3, 2, 2, 4, 2, 299, 0, 0, 0, 0, 0, 0]",1,0.6133654170904876,-1,0
1726,"[1, 2, 0, 0, 1, 3, 0, 1, 0, 1, 0, 0, 1, 0, 2, 0, 0, 0, 0, 0, 0, 0, 0, 0, 2, 0, 0, 0, 0, 0, 0, 0, 1, 1, 0, 1, 1, 0, 2, 0, 0, 0, 1, 0, 0, 0, 0, 1, 0, 0, 2, 2, 2, 0, 0, 0, 0, 0, 0, 0, 0, 0, 2, 2, 3, 0, 2, 1, 2, 1, 4, 3, 6, 5, 3, 3, 2, 2, 4, 2, 299, 0, 0, 0, 0, 0, 0]",-1,-0.0025143718361795935,-1,0
1727,"[1, 2, 0, 0, 1, 3, 0, 1, 0, 1, 0, 0, 1, 0, 2, 0, 0, 0, 0, 0, 0, 0, 0, 0, 2, 0, 0, 0, 0, 0, 0, 0, 1, 1, 0, 1, 1, 0, 2, 0, 0, 0, 1, 0, 0, 0, 0, 1, 0, 0, 2, 2, 2, 0, 0, 0, 0, 0, 0, 0, 0, 0, 2, 2, 3, 0, 2, 1, 2, 1, 4, 3, 6, 5, 3, 3, 2, 2, 4, 2, 299, 0, 0, 0, 0, 0, 0]",1,0.6133654170904876,-1,0
1728,"[1, 2, 0, 0, 1, 3, 0, 1, 0, 1, 0, 0, 1, 0, 2, 0, 0, 0, 0, 0, 0, 0, 0, 0, 2, 0, 0, 0, 0, 0, 0, 0, 1, 1, 0, 1, 1, 0, 2, 0, 0, 0, 1, 0, 0, 0, 0, 1, 0, 0, 2, 2, 2, 0, 0, 0, 0, 0, 0, 0, 0, 0, 2, 2, 3, 0, 2, 1, 2, 1, 4, 3, 6, 5, 3, 3, 2, 2, 4, 2, 299, 0, 0, 0, 0, 0, 0]",-1,-0.0025143718361795935,-1,0
1729,"[1, 2, 0, 0, 1, 3, 0, 1, 0, 1, 0, 0, 1, 0, 2, 0, 0, 0, 0, 0, 0, 0, 0, 0, 2, 0, 0, 0, 0, 0, 0, 0, 1, 1, 0, 1, 1, 0, 2, 0, 0, 0, 1, 0, 0, 0, 0, 1, 0, 0, 2, 2, 2, 0, 0, 0, 0, 0, 0, 0, 0, 0, 2, 2, 3, 0, 2, 1, 2, 1, 4, 3, 6, 5, 3, 3, 2, 2, 4, 2, 299, 0, 1, 0, 0, 0, 0]",2,0.4037413019908709,-1,0
1730,"[1, 2, 0, 0, 1, 3, 0, 1, 0, 1, 0, 0, 1, 0, 2, 0, 0, 0, 0, 0, 0, 0, 0, 0, 2, 0, 0, 0, 0, 0, 0, 0, 1, 1, 0, 1, 1, 0, 2, 0, 0, 0, 1, 0, 0, 0, 0, 1, 0, 0, 2, 2, 2, 0, 0, 0, 0, 0, 0, 0, 0, 0, 2, 2, 3, 0, 2, 1, 2, 1, 4, 3, 6, 5, 3, 3, 2, 2, 4, 2, 299, 0, 1, 0, 0, 1, 0]","[[0 1 0 0]
 [0 0 0 1]]",0.6541661670489618,-1,0
1731,"[1, 1, 0, 1, 1, 4, 0, 0, 0, 1, 0, 0, 1, 0, 2, 0, 0, 0, 0, 0, 0, 0, 0, 0, 2, 0, 0, 0, 0, 0, 0, 0, 1, 1, 0, 1, 1, 0, 2, 0, 0, 0, 1, 0, 0, 0, 0, 1, 0, 0, 2, 2, 2, 0, 0, 0, 0, 0, 0, 0, 0, 0, 2, 2, 3, 0, 2, 1, 2, 1, 4, 3, 6, 5, 3, 3, 2, 2, 4, 2, 299, 0, 0, 0, 0, 0, 0]",0,-0.1962586980091291,-1,1
1732,"[1, 1, 0, 1, 1, 4, 0, 0, 0, 1, 0, 0, 1, 0, 2, 0, 0, 0, 0, 0, 0, 0, 0, 0, 2, 0, 0, 0, 0, 0, 0, 0, 1, 1, 0, 1, 1, 0, 2, 0, 0, 0, 1, 0, 0, 0, 0, 1, 0, 0, 2, 2, 2, 0, 0, 0, 0, 0, 0, 0, 0, 0, 2, 2, 3, 0, 2, 1, 2, 1, 4, 3, 6, 5, 3, 3, 2, 2, 4, 2, 299, 1, 0, 0, 0, 0, 0]",3,0.20374130199087093,-1,0
1733,"[1, 1, 0, 1, 1, 4, 0, 0, 0, 1, 0, 0, 1, 0, 2, 0, 0, 0, 0, 0, 0, 0, 0, 0, 2, 0, 0, 0, 0, 0, 0, 0, 1, 1, 0, 1, 1, 0, 2, 0, 0, 0, 1, 0, 0, 0, 0, 1, 0, 0, 2, 2, 2, 0, 0, 0, 0, 0, 0, 0, 0, 0, 2, 2, 3, 0, 2, 1, 2, 1, 4, 3, 6, 5, 3, 3, 2, 2, 4, 2, 299, 0, 0, 0, 0, 0, 0]",-1,-0.0025143718361795935,-1,0
1734,"[1, 1, 0, 1, 1, 4, 0, 0, 0, 1, 0, 0, 1, 0, 2, 0, 0, 0, 0, 0, 0, 0, 0, 0, 2, 0, 0, 0, 0, 0, 0, 0, 1, 1, 0, 1, 1, 0, 2, 0, 0, 0, 1, 0, 0, 0, 0, 1, 0, 0, 2, 2, 2, 0, 0, 0, 0, 0, 0, 0, 0, 0, 2, 2, 3, 0, 2, 1, 2, 1, 4, 3, 6, 5, 3, 3, 2, 2, 4, 2, 299, 0, 1, 0, 0, 0, 0]",2,0.4037413019908709,-1,0
1735,"[1, 1, 0, 1, 1, 4, 0, 0, 0, 1, 0, 0, 1, 0, 2, 0, 0, 0, 0, 0, 0, 0, 0, 0, 2, 0, 0, 0, 0, 0, 0, 0, 1, 1, 0, 1, 1, 0, 2, 0, 0, 0, 1, 0, 0, 0, 0, 1, 0, 0, 2, 2, 2, 0, 0, 0, 0, 0, 0, 0, 0, 0, 2, 2, 3, 0, 2, 1, 2, 1, 4, 3, 6, 5, 3, 3, 2, 2, 4, 2, 299, 0, 0, 0, 0, 0, 0]",-1,-0.0025143718361795935,-1,0
1736,"[1, 1, 0, 1, 1, 4, 0, 0, 0, 1, 0, 0, 1, 0, 2, 0, 0, 0, 0, 0, 0, 0, 0, 0, 2, 0, 0, 0, 0, 0, 0, 0, 1, 1, 0, 1, 1, 0, 2, 0, 0, 0, 1, 0, 0, 0, 0, 1, 0, 0, 2, 2, 2, 0, 0, 0, 0, 0, 0, 0, 0, 0, 2, 2, 3, 0, 2, 1, 2, 1, 4, 3, 6, 5, 3, 3, 2, 2, 4, 2, 299, 0, 0, 0, 0, 0, 0]",1,0.6133654170904876,-1,0
1737,"[1, 1, 0, 1, 1, 4, 0, 0, 0, 1, 0, 0, 1, 0, 2, 0, 0, 0, 0, 0, 0, 0, 0, 0, 2, 0, 0, 0, 0, 0, 0, 0, 1, 1, 0, 1, 1, 0, 2, 0, 0, 0, 1, 0, 0, 0, 0, 1, 0, 0, 2, 2, 2, 0, 0, 0, 0, 0, 0, 0, 0, 0, 2, 2, 3, 0, 2, 1, 2, 1, 4, 3, 6, 5, 3, 3, 2, 2, 4, 2, 299, 0, 0, 0, 0, 0, 0]",-1,-0.0025143718361795935,-1,0
1738,"[1, 1, 0, 1, 1, 4, 0, 0, 0, 1, 0, 0, 1, 0, 2, 0, 0, 0, 0, 0, 0, 0, 0, 0, 2, 0, 0, 0, 0, 0, 0, 0, 1, 1, 0, 1, 1, 0, 2, 0, 0, 0, 1, 0, 0, 0, 0, 1, 0, 0, 2, 2, 2, 0, 0, 0, 0, 0, 0, 0, 0, 0, 2, 2, 3, 0, 2, 1, 2, 1, 4, 3, 6, 5, 3, 3, 2, 2, 4, 2, 299, 0, 0, 0, 0, 0, 0]",1,0.6133654170904876,-1,0
1739,"[1, 1, 0, 1, 1, 4, 0, 0, 0, 1, 0, 0, 1, 0, 2, 0, 0, 0, 0, 0, 0, 0, 0, 0, 2, 0, 0, 0, 0, 0, 0, 0, 1, 1, 0, 1, 1, 0, 2, 0, 0, 0, 1, 0, 0, 0, 0, 1, 0, 0, 2, 2, 2, 0, 0, 0, 0, 0, 0, 0, 0, 0, 2, 2, 3, 0, 2, 1, 2, 1, 4, 3, 6, 5, 3, 3, 2, 2, 4, 2, 299, 0, 0, 0, 0, 0, 0]",-1,-0.0025143718361795935,-1,0
1740,"[1, 1, 0, 1, 1, 4, 0, 0, 0, 1, 0, 0, 1, 0, 2, 0, 0, 0, 0, 0, 0, 0, 0, 0, 2, 0, 0, 0, 0, 0, 0, 0, 1, 1, 0, 1, 1, 0, 2, 0, 0, 0, 1, 0, 0, 0, 0, 1, 0, 0, 2, 2, 2, 0, 0, 0, 0, 0, 0, 0, 0, 0, 2, 2, 3, 0, 2, 1, 2, 1, 4, 3, 6, 5, 3, 3, 2, 2, 4, 2, 299, 0, 1, 0, 0, 0, 0]",2,0.4037413019908709,-1,0
1741,"[1, 1, 0, 1, 1, 4, 0, 0, 0, 1, 0, 0, 1, 0, 2, 0, 0, 0, 0, 0, 0, 0, 0, 0, 2, 0, 0, 0, 0, 0, 0, 0, 1, 1, 0, 1, 1, 0, 2, 0, 0, 0, 1, 0, 0, 0, 0, 1, 0, 0, 2, 2, 2, 0, 0, 0, 0, 0, 0, 0, 0, 0, 2, 2, 3, 0, 2, 1, 2, 1, 4, 3, 6, 5, 3, 3, 2, 2, 4, 2, 299, 0, 0, 0, 0, 0, 0]",-1,-0.0025143718361795935,-1,0
1742,"[1, 1, 0, 1, 1, 4, 0, 0, 0, 1, 0, 0, 1, 0, 2, 0, 0, 0, 0, 0, 0, 0, 0, 0, 2, 0, 0, 0, 0, 0, 0, 0, 1, 1, 0, 1, 1, 0, 2, 0, 0, 0, 1, 0, 0, 0, 0, 1, 0, 0, 2, 2, 2, 0, 0, 0, 0, 0, 0, 0, 0, 0, 2, 2, 3, 0, 2, 1, 2, 1, 4, 3, 6, 5, 3, 3, 2, 2, 4, 2, 299, 0, 0, 0, 0, 0, 0]",1,0.6133654170904876,-1,0
1743,"[1, 1, 0, 1, 1, 4, 0, 0, 0, 1, 0, 0, 1, 0, 2, 0, 0, 0, 0, 0, 0, 0, 0, 0, 2, 0, 0, 0, 0, 0, 0, 0, 1, 1, 0, 1, 1, 0, 2, 0, 0, 0, 1, 0, 0, 0, 0, 1, 0, 0, 2, 2, 2, 0, 0, 0, 0, 0, 0, 0, 0, 0, 2, 2, 3, 0, 2, 1, 2, 1, 4, 3, 6, 5, 3, 3, 2, 2, 4, 2, 299, 0, 0, 0, 0, 0, 0]",-1,-0.0025143718361795935,-1,0
1744,"[1, 1, 0, 1, 1, 4, 0, 0, 0, 1, 0, 0, 1, 0, 2, 0, 0, 0, 0, 0, 0, 0, 0, 0, 2, 0, 0, 0, 0, 0, 0, 0, 1, 1, 0, 1, 1, 0, 2, 0, 0, 0, 1, 0, 0, 0, 0, 1, 0, 0, 2, 2, 2, 0, 0, 0, 0, 0, 0, 0, 0, 0, 2, 2, 3, 0, 2, 1, 2, 1, 4, 3, 6, 5, 3, 3, 2, 2, 4, 2, 299, 0, 1, 0, 0, 0, 0]",2,0.4037413019908709,-1,0
1745,"[1, 1, 0, 1, 1, 4, 0, 0, 0, 1, 0, 0, 1, 0, 2, 0, 0, 0, 0, 0, 0, 0, 0, 0, 2, 0, 0, 0, 0, 0, 0, 0, 1, 1, 0, 1, 1, 0, 2, 0, 0, 0, 1, 0, 0, 0, 0, 1, 0, 0, 2, 2, 2, 0, 0, 0, 0, 0, 0, 0, 0, 0, 2, 2, 3, 0, 2, 1, 2, 1, 4, 3, 6, 5, 3, 3, 2, 2, 4, 2, 299, 0, 0, 0, 0, 0, 0]",-1,-0.0025143718361795935,-1,0
1746,"[1, 1, 0, 1, 1, 4, 0, 0, 0, 1, 0, 0, 1, 0, 2, 0, 0, 0, 0, 0, 0, 0, 0, 0, 2, 0, 0, 0, 0, 0, 0, 0, 1, 1, 0, 1, 1, 0, 2, 0, 0, 0, 1, 0, 0, 0, 0, 1, 0, 0, 2, 2, 2, 0, 0, 0, 0, 0, 0, 0, 0, 0, 2, 2, 3, 0, 2, 1, 2, 1, 4, 3, 6, 5, 3, 3, 2, 2, 4, 2, 299, 1, 0, 0, 0, 0, 0]",3,0.20374130199087093,-1,0
1747,"[1, 1, 0, 1, 1, 4, 0, 0, 0, 1, 0, 0, 1, 0, 2, 0, 0, 0, 0, 0, 0, 0, 0, 0, 2, 0, 0, 0, 0, 0, 0, 0, 1, 1, 0, 1, 1, 0, 2, 0, 0, 0, 1, 0, 0, 0, 0, 1, 0, 0, 2, 2, 2, 0, 0, 0, 0, 0, 0, 0, 0, 0, 2, 2, 3, 0, 2, 1, 2, 1, 4, 3, 6, 5, 3, 3, 2, 2, 4, 2, 299, 0, 0, 0, 0, 0, 0]",-1,-0.0025143718361795935,-1,0
1748,"[1, 1, 0, 1, 1, 4, 0, 0, 0, 1, 0, 0, 1, 0, 2, 0, 0, 0, 0, 0, 0, 0, 0, 0, 2, 0, 0, 0, 0, 0, 0, 0, 1, 1, 0, 1, 1, 0, 2, 0, 0, 0, 1, 0, 0, 0, 0, 1, 0, 0, 2, 2, 2, 0, 0, 0, 0, 0, 0, 0, 0, 0, 2, 2, 3, 0, 2, 1, 2, 1, 4, 3, 6, 5, 3, 3, 2, 2, 4, 2, 299, 0, 1, 0, 0, 0, 0]",2,0.4037413019908709,-1,0
1749,"[1, 1, 0, 1, 1, 4, 0, 0, 0, 1, 0, 0, 1, 0, 2, 0, 0, 0, 0, 0, 0, 0, 0, 0, 2, 0, 0, 0, 0, 0, 0, 0, 1, 1, 0, 1, 1, 0, 2, 0, 0, 0, 1, 0, 0, 0, 0, 1, 0, 0, 2, 2, 2, 0, 0, 0, 0, 0, 0, 0, 0, 0, 2, 2, 3, 0, 2, 1, 2, 1, 4, 3, 6, 5, 3, 3, 2, 2, 4, 2, 299, 0, 0, 0, 0, 0, 0]",-1,-0.0025143718361795935,-1,0
1750,"[1, 1, 0, 1, 1, 2, 0, 0, 0, 1, 0, 0, 1, 0, 2, 0, 0, 0, 0, 0, 0, 0, 0, 0, 2, 0, 0, 0, 0, 0, 0, 0, 1, 1, 0, 1, 1, 0, 2, 0, 0, 0, 1, 0, 0, 0, 0, 1, 0, 0, 2, 2, 2, 0, 0, 0, 0, 0, 0, 0, 0, 0, 2, 2, 3, 0, 2, 1, 2, 1, 4, 3, 6, 5, 3, 3, 2, 2, 4, 2, 300, 0, 0, 0, 0, 0, 0]",4,14.542019269674903,-1,0
1751,"[1, 1, 0, 1, 1, 2, 0, 1, 0, 1, 0, 0, 1, 0, 2, 0, 0, 0, 0, 0, 0, 0, 0, 0, 2, 0, 0, 0, 0, 0, 0, 0, 1, 1, 0, 1, 1, 0, 2, 0, 0, 0, 1, 0, 0, 0, 0, 1, 0, 0, 2, 2, 2, 0, 0, 0, 0, 0, 0, 0, 0, 0, 2, 2, 3, 0, 2, 1, 2, 1, 4, 3, 6, 5, 3, 3, 2, 2, 4, 2, 301, 0, 0, 0, 0, 0, 0]",4,11.58220590152461,-1,1
1752,"[1, 1, 0, 1, 1, 2, 0, 1, 0, 1, 0, 0, 1, 0, 2, 0, 0, 0, 0, 0, 0, 0, 0, 0, 2, 0, 0, 0, 0, 0, 0, 0, 1, 1, 0, 1, 1, 0, 2, 0, 0, 0, 1, 0, 0, 0, 0, 1, 0, 0, 2, 2, 2, 0, 0, 0, 0, 0, 0, 0, 0, 0, 2, 2, 3, 0, 2, 1, 2, 1, 4, 3, 6, 5, 3, 3, 2, 2, 4, 2, 301, 1, 0, 0, 0, 0, 0]",3,0.2034586313139811,-1,0
1753,"[1, 1, 0, 1, 1, 2, 0, 1, 0, 1, 0, 0, 1, 0, 2, 0, 0, 0, 0, 0, 0, 0, 0, 0, 2, 0, 0, 0, 0, 0, 0, 0, 1, 1, 0, 1, 1, 0, 2, 0, 0, 0, 1, 0, 0, 0, 0, 1, 0, 0, 2, 2, 2, 0, 0, 0, 0, 0, 0, 0, 0, 0, 2, 2, 3, 0, 2, 1, 2, 1, 4, 3, 6, 5, 3, 3, 2, 2, 4, 2, 301, 0, 0, 0, 0, 0, 0]",-1,-0.0024645839380231078,-1,0
1754,"[1, 1, 0, 1, 1, 3, 0, 1, 0, 1, 0, 0, 1, 0, 2, 0, 0, 0, 0, 0, 0, 0, 0, 0, 2, 0, 0, 0, 0, 0, 0, 0, 1, 1, 0, 1, 1, 0, 2, 0, 0, 0, 1, 0, 0, 0, 0, 1, 0, 0, 2, 2, 2, 0, 0, 0, 0, 0, 0, 0, 0, 0, 2, 2, 3, 0, 2, 1, 2, 1, 4, 3, 6, 5, 3, 3, 2, 2, 4, 2, 302, 0, 0, 0, 0, 0, 0]",4,14.541647723107747,-1,0
1755,"[1, 1, 0, 1, 1, 3, 0, 1, 0, 1, 0, 0, 1, 0, 2, 0, 0, 0, 0, 0, 0, 0, 0, 0, 2, 0, 0, 0, 0, 0, 0, 0, 1, 1, 0, 1, 1, 0, 2, 0, 0, 0, 1, 0, 0, 0, 0, 1, 0, 0, 2, 2, 2, 0, 0, 0, 0, 0, 0, 0, 0, 0, 2, 2, 3, 0, 2, 1, 2, 1, 4, 3, 6, 5, 3, 3, 2, 2, 4, 2, 302, 0, 0, 0, 0, 0, 0]",0,0.3455429396906146,-1,1
1756,"[1, 1, 0, 1, 1, 3, 0, 1, 0, 1, 0, 0, 1, 0, 2, 0, 0, 0, 0, 0, 0, 0, 0, 0, 2, 0, 0, 0, 0, 0, 0, 0, 1, 1, 0, 1, 1, 0, 2, 0, 0, 0, 1, 0, 0, 0, 0, 1, 0, 0, 2, 2, 2, 0, 0, 0, 0, 0, 0, 0, 0, 0, 2, 2, 3, 0, 2, 1, 2, 1, 4, 3, 6, 5, 3, 3, 2, 2, 4, 2, 302, 0, 0, 0, 0, 0, 0]",-1,-0.0024400609181006484,-1,1
1757,"[1, 1, 0, 1, 1, 1, 0, 1, 0, 1, 0, 0, 1, 0, 2, 0, 0, 0, 0, 0, 0, 0, 0, 0, 2, 0, 0, 0, 0, 0, 0, 0, 1, 1, 0, 1, 1, 0, 2, 0, 0, 0, 1, 0, 0, 0, 0, 1, 0, 0, 2, 2, 2, 0, 0, 0, 0, 0, 0, 0, 0, 0, 2, 2, 3, 0, 2, 1, 2, 1, 4, 3, 6, 5, 3, 3, 2, 2, 4, 0, 303, 0, 0, 0, 0, 0, 0]",4,11.741470375514767,-1,1
1758,"[1, 1, 0, 1, 1, 1, 0, 1, 0, 1, 0, 0, 1, 0, 2, 0, 0, 0, 0, 0, 0, 0, 0, 0, 2, 0, 0, 0, 0, 0, 0, 0, 1, 1, 0, 1, 1, 0, 2, 0, 0, 0, 1, 0, 0, 0, 0, 1, 0, 0, 2, 2, 2, 0, 0, 0, 0, 0, 0, 0, 0, 0, 2, 2, 3, 0, 2, 1, 2, 1, 4, 3, 6, 5, 3, 3, 2, 2, 4, 0, 303, 0, 0, 0, 0, 0, 0]",1,0.6128210847680573,-1,0
1759,"[1, 1, 0, 1, 1, 1, 0, 1, 0, 1, 0, 0, 1, 0, 2, 0, 0, 0, 0, 0, 0, 0, 0, 0, 2, 0, 0, 0, 0, 0, 0, 0, 1, 1, 0, 1, 1, 0, 2, 0, 0, 0, 1, 0, 0, 0, 0, 1, 0, 0, 2, 2, 2, 0, 0, 0, 0, 0, 0, 0, 0, 0, 2, 2, 3, 0, 2, 1, 2, 1, 4, 3, 6, 5, 3, 3, 2, 2, 4, 0, 303, 0, 0, 0, 0, 0, 0]",-1,-0.0024157819063033888,-1,0
1760,"[1, 1, 0, 1, 1, 1, 0, 1, 0, 1, 0, 0, 1, 0, 2, 0, 0, 0, 0, 0, 0, 0, 0, 0, 2, 0, 0, 0, 0, 0, 0, 0, 1, 1, 0, 1, 1, 0, 2, 0, 0, 0, 1, 0, 0, 0, 0, 1, 0, 0, 2, 2, 2, 0, 0, 0, 0, 0, 0, 0, 0, 0, 2, 2, 3, 0, 2, 1, 2, 1, 4, 3, 6, 5, 3, 3, 2, 2, 4, 0, 303, 1, 0, 0, 0, 0, 0]",3,0.20319696966844053,-1,0
1761,"[1, 1, 0, 1, 1, 1, 0, 1, 0, 1, 0, 0, 1, 0, 2, 0, 0, 0, 0, 0, 0, 0, 0, 0, 2, 0, 0, 0, 0, 0, 0, 0, 1, 1, 0, 1, 1, 0, 2, 0, 0, 0, 1, 0, 0, 0, 0, 1, 0, 0, 2, 2, 2, 0, 0, 0, 0, 0, 0, 0, 0, 0, 2, 2, 3, 0, 2, 1, 2, 1, 4, 3, 6, 5, 3, 3, 2, 2, 4, 0, 303, 0, 0, 0, 0, 0, 0]",-1,-0.0024157819063033888,-1,0
1762,"[1, 1, 0, 1, 1, 1, 0, 1, 0, 1, 0, 0, 1, 0, 2, 0, 0, 0, 0, 0, 0, 0, 0, 0, 2, 0, 0, 0, 0, 0, 0, 0, 1, 1, 0, 1, 1, 0, 2, 0, 0, 0, 1, 0, 0, 0, 0, 1, 0, 0, 2, 2, 2, 0, 0, 0, 0, 0, 0, 0, 0, 0, 2, 2, 3, 0, 2, 1, 2, 1, 4, 3, 6, 5, 3, 3, 2, 2, 4, 0, 304, 0, 0, 0, 0, 0, 0]",4,14.541298388935786,-1,0
1763,"[1, 1, 0, 1, 1, 1, 0, 1, 0, 1, 0, 0, 1, 0, 2, 0, 0, 0, 0, 0, 0, 0, 0, 0, 2, 0, 0, 0, 0, 0, 0, 0, 1, 1, 0, 1, 1, 0, 2, 0, 0, 0, 1, 0, 0, 0, 0, 1, 0, 0, 2, 2, 2, 0, 0, 0, 0, 0, 0, 0, 0, 0, 2, 2, 3, 0, 2, 1, 2, 1, 4, 3, 6, 5, 3, 3, 2, 2, 4, 0, 304, 1, 0, 0, 0, 0, 0]",3,0.20307354111305512,-1,1
1764,"[1, 1, 0, 1, 1, 1, 0, 1, 0, 1, 0, 0, 1, 0, 2, 0, 0, 0, 0, 0, 0, 0, 0, 0, 2, 0, 0, 0, 0, 0, 0, 0, 1, 1, 0, 1, 1, 0, 2, 0, 0, 0, 1, 0, 0, 0, 0, 1, 0, 0, 2, 2, 2, 0, 0, 0, 0, 0, 0, 0, 0, 0, 2, 2, 3, 0, 2, 1, 2, 1, 4, 3, 6, 5, 3, 3, 2, 2, 4, 0, 304, 0, 0, 0, 0, 0, 0]",-1,-0.0023917444747099184,-1,1
1765,"[1, 1, 0, 1, 1, 1, 0, 1, 0, 1, 0, 0, 1, 0, 2, 0, 0, 0, 0, 0, 0, 0, 0, 0, 2, 0, 0, 0, 0, 0, 0, 0, 1, 1, 0, 1, 1, 0, 2, 0, 0, 0, 1, 0, 0, 0, 0, 1, 0, 0, 2, 2, 2, 0, 0, 0, 0, 0, 0, 0, 0, 0, 2, 2, 3, 0, 2, 1, 2, 1, 4, 3, 6, 5, 3, 3, 2, 2, 4, 0, 304, 0, 0, 0, 0, 0, 0]",0,0.34529120958209336,-1,1
1766,"[1, 1, 0, 1, 1, 1, 0, 1, 0, 1, 0, 0, 1, 0, 2, 0, 0, 0, 0, 0, 0, 0, 0, 0, 2, 0, 0, 0, 0, 0, 0, 0, 1, 1, 0, 1, 1, 0, 2, 0, 0, 0, 1, 0, 0, 0, 0, 1, 0, 0, 2, 2, 2, 0, 0, 0, 0, 0, 0, 0, 0, 0, 2, 2, 3, 0, 2, 1, 2, 1, 4, 3, 6, 5, 3, 3, 2, 2, 4, 0, 304, 0, 0, 0, 0, 0, 0]",-1,-0.0023917444747099184,-1,1
1767,"[1, 2, 0, 1, 1, 2, 0, 1, 0, 1, 0, 0, 1, 0, 2, 0, 0, 0, 0, 0, 0, 0, 0, 0, 2, 0, 0, 0, 0, 0, 0, 0, 1, 1, 0, 1, 1, 0, 2, 0, 0, 0, 1, 0, 0, 0, 0, 1, 0, 0, 2, 2, 2, 0, 0, 0, 0, 0, 0, 0, 0, 0, 2, 2, 3, 0, 2, 1, 2, 1, 4, 3, 6, 5, 3, 3, 2, 2, 4, 0, 305, 0, 0, 0, 0, 0, 0]",4,11.581506858661916,-1,1
1768,"[1, 2, 0, 1, 1, 2, 0, 1, 0, 1, 0, 0, 1, 0, 2, 0, 0, 0, 0, 0, 0, 0, 0, 0, 2, 0, 0, 0, 0, 0, 0, 0, 1, 1, 0, 1, 1, 0, 2, 0, 0, 0, 1, 0, 0, 0, 0, 1, 0, 0, 2, 2, 2, 0, 0, 0, 0, 0, 0, 0, 0, 0, 2, 2, 3, 0, 2, 1, 2, 1, 4, 3, 6, 5, 3, 3, 2, 2, 4, 0, 305, 1, 0, 0, 0, 0, 0]",3,0.20295480633865462,-1,0
1769,"[1, 2, 0, 1, 1, 2, 0, 1, 0, 1, 0, 0, 1, 0, 2, 0, 0, 0, 0, 0, 0, 0, 0, 0, 2, 0, 0, 0, 0, 0, 0, 0, 1, 1, 0, 1, 1, 0, 2, 0, 0, 0, 1, 0, 0, 0, 0, 1, 0, 0, 2, 2, 2, 0, 0, 0, 0, 0, 0, 0, 0, 0, 2, 2, 3, 0, 2, 1, 2, 1, 4, 3, 6, 5, 3, 3, 2, 2, 4, 0, 305, 0, 0, 0, 0, 0, 0]",-1,-0.0023679462195570454,-1,0
1770,"[1, 2, 0, 1, 1, 2, 0, 1, 0, 1, 0, 0, 1, 0, 2, 0, 0, 0, 0, 0, 0, 0, 0, 0, 2, 0, 0, 0, 0, 0, 0, 0, 1, 1, 0, 1, 1, 0, 2, 0, 0, 0, 1, 0, 0, 0, 0, 1, 0, 0, 2, 2, 2, 0, 0, 0, 0, 0, 0, 0, 0, 0, 2, 2, 3, 0, 2, 1, 2, 1, 4, 3, 6, 5, 3, 3, 2, 2, 4, 0, 306, 0, 0, 0, 0, 0, 0]",4,14.381345048087496,-1,0
1771,"[1, 2, 0, 1, 1, 2, 0, 1, 0, 1, 0, 0, 1, 0, 2, 0, 0, 0, 0, 0, 0, 0, 0, 0, 2, 0, 0, 0, 0, 0, 0, 0, 1, 1, 0, 1, 1, 0, 2, 0, 0, 0, 1, 0, 0, 0, 0, 1, 0, 0, 2, 2, 2, 0, 0, 0, 0, 0, 0, 0, 0, 0, 2, 2, 3, 0, 2, 1, 2, 1, 4, 3, 6, 5, 3, 3, 2, 2, 4, 0, 306, 0, 0, 0, 0, 0, 0]",0,0.3450582607435765,-1,1
1772,"[1, 2, 0, 1, 1, 2, 0, 1, 0, 1, 0, 0, 1, 0, 2, 0, 0, 0, 0, 0, 0, 0, 0, 0, 2, 0, 0, 0, 0, 0, 0, 0, 1, 1, 0, 1, 1, 0, 2, 0, 0, 0, 1, 0, 0, 0, 0, 1, 0, 0, 2, 2, 2, 0, 0, 0, 0, 0, 0, 0, 0, 0, 2, 2, 3, 0, 2, 1, 2, 1, 4, 3, 6, 5, 3, 3, 2, 2, 4, 0, 306, 0, 0, 0, 0, 0, 0]",-1,-0.0023443847609994246,-1,1
1773,"[1, 2, 0, 1, 3, 2, 0, 1, 0, 1, 0, 0, 1, 0, 2, 0, 0, 0, 0, 0, 0, 0, 0, 0, 2, 0, 0, 0, 0, 0, 0, 0, 1, 1, 0, 1, 1, 0, 2, 0, 0, 0, 1, 0, 0, 0, 0, 1, 0, 0, 2, 2, 2, 0, 0, 0, 0, 0, 0, 0, 0, 0, 2, 2, 3, 0, 2, 1, 2, 1, 4, 3, 6, 5, 3, 3, 2, 2, 4, 0, 307, 0, 0, 0, 0, 0, 0]",4,11.349673969955981,-1,1
1774,"[1, 2, 0, 1, 3, 2, 0, 1, 0, 1, 0, 0, 1, 0, 2, 0, 0, 0, 0, 0, 0, 0, 0, 0, 2, 0, 0, 0, 0, 0, 0, 0, 1, 1, 0, 1, 1, 0, 2, 0, 0, 0, 1, 0, 0, 0, 0, 1, 0, 0, 2, 2, 2, 0, 0, 0, 0, 0, 0, 0, 0, 0, 2, 2, 3, 0, 2, 1, 2, 1, 4, 3, 6, 5, 3, 3, 2, 2, 4, 0, 307, 0, 1, 0, 0, 0, 0]",2,0.40273073181947017,-1,0
1775,"[1, 2, 0, 1, 3, 2, 0, 1, 0, 1, 0, 0, 1, 0, 2, 0, 0, 0, 0, 0, 0, 0, 0, 0, 2, 0, 0, 0, 0, 0, 0, 0, 1, 1, 0, 1, 1, 0, 2, 0, 0, 0, 1, 0, 0, 0, 0, 1, 0, 0, 2, 2, 2, 0, 0, 0, 0, 0, 0, 0, 0, 0, 2, 2, 3, 0, 2, 1, 2, 1, 4, 3, 6, 5, 3, 3, 2, 2, 4, 0, 307, 0, 0, 0, 0, 0, 0]",-1,-0.0023210577428715625,-1,0
1776,"[1, 2, 0, 1, 3, 2, 0, 1, 0, 1, 0, 0, 1, 0, 2, 0, 0, 0, 0, 0, 0, 0, 0, 0, 2, 0, 0, 0, 0, 0, 0, 0, 1, 1, 0, 1, 1, 0, 2, 0, 0, 0, 1, 0, 0, 0, 0, 1, 0, 0, 2, 2, 2, 0, 0, 0, 0, 0, 0, 0, 0, 0, 2, 2, 3, 0, 2, 1, 2, 1, 4, 3, 6, 5, 3, 3, 2, 2, 4, 0, 307, 0, 0, 0, 0, 0, 0]",1,0.6123548469190869,-1,0
1777,"[1, 2, 0, 1, 3, 2, 0, 1, 0, 1, 0, 0, 1, 0, 2, 0, 0, 0, 0, 0, 0, 0, 0, 0, 2, 0, 0, 0, 0, 0, 0, 0, 1, 1, 0, 1, 1, 0, 2, 0, 0, 0, 1, 0, 0, 0, 0, 1, 0, 0, 2, 2, 2, 0, 0, 0, 0, 0, 0, 0, 0, 0, 2, 2, 3, 0, 2, 1, 2, 1, 4, 3, 6, 5, 3, 3, 2, 2, 4, 0, 307, 0, 0, 0, 0, 0, 0]",-1,-0.0023210577428715625,-1,0
1778,"[1, 2, 0, 1, 3, 2, 0, 1, 0, 1, 0, 0, 1, 0, 2, 0, 0, 0, 0, 0, 0, 0, 0, 0, 2, 0, 0, 0, 0, 0, 0, 0, 1, 1, 0, 1, 1, 0, 2, 0, 0, 0, 1, 0, 0, 0, 0, 1, 0, 0, 2, 2, 2, 0, 0, 0, 0, 0, 0, 0, 0, 0, 2, 2, 3, 0, 2, 1, 2, 1, 4, 3, 6, 5, 3, 3, 2, 2, 4, 0, 307, 0, 1, 0, 0, 0, 0]",2,0.40273073181947017,-1,0
1779,"[1, 2, 0, 1, 3, 2, 0, 1, 0, 1, 0, 0, 1, 0, 2, 0, 0, 0, 0, 0, 0, 0, 0, 0, 2, 0, 0, 0, 0, 0, 0, 0, 1, 1, 0, 1, 1, 0, 2, 0, 0, 0, 1, 0, 0, 0, 0, 1, 0, 0, 2, 2, 2, 0, 0, 0, 0, 0, 0, 0, 0, 0, 2, 2, 3, 0, 2, 1, 2, 1, 4, 3, 6, 5, 3, 3, 2, 2, 4, 0, 307, 0, 0, 0, 0, 0, 0]",-1,-0.0023210577428715625,-1,0
1780,"[1, 3, 0, 1, 3, 3, 0, 1, 0, 1, 0, 0, 1, 0, 2, 0, 0, 0, 0, 0, 0, 0, 0, 0, 2, 0, 0, 0, 0, 0, 0, 0, 1, 1, 0, 1, 1, 0, 2, 0, 0, 0, 1, 0, 0, 0, 0, 1, 0, 0, 2, 2, 2, 0, 0, 0, 0, 0, 0, 0, 0, 0, 2, 2, 3, 0, 2, 1, 2, 1, 4, 3, 6, 5, 3, 3, 2, 2, 4, 0, 308, 0, 0, 0, 0, 0, 0]",4,14.120222645468594,-1,0
1781,"[1, 3, 0, 1, 3, 3, 0, 2, 0, 1, 0, 0, 1, 0, 2, 0, 0, 0, 0, 0, 0, 0, 0, 0, 2, 0, 0, 0, 0, 0, 0, 0, 1, 1, 0, 1, 1, 0, 2, 0, 0, 0, 1, 0, 0, 0, 0, 1, 0, 0, 2, 2, 2, 0, 0, 0, 0, 0, 0, 0, 0, 0, 2, 2, 3, 0, 2, 1, 2, 1, 4, 3, 6, 5, 3, 3, 2, 2, 4, 0, 309, 0, 0, 0, 0, 0, 0]",4,11.418709466084612,-1,1
1782,"[1, 3, 0, 1, 3, 3, 0, 2, 0, 1, 0, 0, 1, 0, 2, 0, 0, 0, 0, 0, 0, 0, 0, 0, 2, 0, 0, 0, 0, 0, 0, 0, 1, 1, 0, 1, 1, 0, 2, 0, 0, 0, 1, 0, 0, 0, 0, 1, 0, 0, 2, 2, 2, 0, 0, 0, 0, 0, 0, 0, 0, 0, 2, 2, 3, 0, 2, 1, 2, 1, 4, 3, 6, 5, 3, 3, 2, 2, 4, 0, 309, 0, 0, 0, 0, 0, 0]",1,0.6121475472354845,-1,0
1783,"[1, 3, 0, 1, 3, 3, 0, 2, 0, 1, 0, 0, 1, 0, 2, 0, 0, 0, 0, 0, 0, 0, 0, 0, 2, 0, 0, 0, 0, 0, 0, 0, 1, 1, 0, 1, 1, 0, 2, 0, 0, 0, 1, 0, 0, 0, 0, 1, 0, 0, 2, 2, 2, 0, 0, 0, 0, 0, 0, 0, 0, 0, 2, 2, 3, 0, 2, 1, 2, 1, 4, 3, 6, 5, 3, 3, 2, 2, 4, 0, 309, 0, 0, 0, 0, 0, 0]",-1,-0.0022750977202310786,-1,0
1784,"[1, 1, 0, 1, 1, 1, 0, 1, 0, 1, 0, 0, 1, 0, 2, 0, 0, 0, 0, 0, 0, 0, 0, 0, 2, 0, 0, 0, 0, 0, 0, 0, 1, 1, 0, 1, 1, 0, 2, 0, 0, 0, 1, 0, 0, 0, 0, 1, 0, 0, 2, 2, 2, 0, 0, 0, 0, 0, 0, 0, 0, 0, 2, 2, 3, 0, 2, 1, 2, 1, 4, 3, 6, 5, 3, 3, 2, 2, 4, 1, 310, 0, 0, 0, 0, 0, 0]",4,14.540369166447443,-1,0
1785,"[1, 1, 0, 1, 1, 1, 0, 1, 0, 1, 0, 0, 1, 0, 2, 0, 0, 0, 0, 0, 0, 0, 0, 0, 2, 0, 0, 0, 0, 0, 0, 0, 1, 1, 0, 1, 1, 0, 2, 0, 0, 0, 1, 0, 0, 0, 0, 1, 0, 0, 2, 2, 2, 0, 0, 0, 0, 0, 0, 0, 0, 0, 2, 2, 3, 0, 2, 1, 2, 1, 4, 3, 6, 5, 3, 3, 2, 2, 4, 1, 310, 0, 0, 0, 0, 0, 0]",-1,-0.00225246011967789,-1,1
1786,"[1, 1, 0, 1, 1, 1, 0, 1, 0, 1, 0, 0, 1, 0, 2, 0, 0, 0, 0, 0, 0, 0, 0, 0, 2, 0, 0, 0, 0, 0, 0, 0, 1, 1, 0, 1, 1, 0, 2, 0, 0, 0, 1, 0, 0, 0, 0, 1, 0, 0, 2, 2, 2, 0, 0, 0, 0, 0, 0, 0, 0, 0, 2, 2, 3, 0, 2, 1, 2, 1, 4, 3, 6, 5, 3, 3, 2, 2, 4, 1, 310, 0, 0, 0, 0, 0, 0]",-1,-0.00225246011967789,-1,1
1787,"[1, 1, 0, 1, 3, 1, 0, 1, 0, 1, 0, 0, 1, 0, 2, 0, 0, 0, 0, 0, 0, 0, 0, 0, 2, 0, 0, 0, 0, 0, 0, 0, 1, 1, 0, 1, 1, 0, 2, 0, 0, 0, 1, 0, 0, 0, 0, 1, 0, 0, 2, 2, 2, 0, 0, 0, 0, 0, 0, 0, 0, 0, 2, 2, 3, 0, 2, 1, 2, 1, 4, 3, 6, 5, 3, 3, 2, 2, 4, 1, 311, 0, 0, 0, 0, 0, 0]",4,11.319792069865752,-1,1
1788,"[1, 1, 0, 1, 3, 1, 0, 1, 0, 1, 0, 0, 1, 0, 2, 0, 0, 0, 0, 0, 0, 0, 0, 0, 2, 0, 0, 0, 0, 0, 0, 0, 1, 1, 0, 1, 1, 0, 2, 0, 0, 0, 1, 0, 0, 0, 0, 1, 0, 0, 2, 2, 2, 0, 0, 0, 0, 0, 0, 0, 0, 0, 2, 2, 3, 0, 2, 1, 2, 1, 4, 3, 6, 5, 3, 3, 2, 2, 4, 1, 312, 0, 0, 0, 0, 0, 0]",4,14.54009466080852,-1,0
1789,"[1, 1, 0, 1, 3, 1, 0, 1, 0, 1, 0, 0, 1, 0, 2, 0, 0, 0, 0, 0, 0, 0, 0, 0, 2, 0, 0, 0, 0, 0, 0, 0, 1, 1, 0, 1, 1, 0, 2, 0, 0, 0, 1, 0, 0, 0, 0, 1, 0, 0, 2, 2, 2, 0, 0, 0, 0, 0, 0, 0, 0, 0, 2, 2, 3, 0, 2, 1, 2, 1, 4, 3, 6, 5, 3, 3, 2, 2, 4, 1, 312, 1, 0, 0, 0, 0, 0]",3,0.20224128126436858,-1,1
1790,"[1, 1, 0, 1, 3, 1, 0, 1, 0, 1, 0, 0, 1, 0, 2, 0, 0, 0, 0, 0, 0, 0, 0, 0, 2, 0, 0, 0, 0, 0, 0, 0, 1, 1, 0, 1, 1, 0, 2, 0, 0, 0, 1, 0, 0, 0, 0, 1, 0, 0, 2, 2, 2, 0, 0, 0, 0, 0, 0, 0, 0, 0, 2, 2, 3, 0, 2, 1, 2, 1, 4, 3, 6, 5, 3, 3, 2, 2, 4, 1, 312, 0, 0, 0, 0, 0, 0]",-1,-0.002207858420984643,-1,1
1791,"[2, 1, 0, 1, 3, 2, 0, 1, 0, 1, 0, 0, 1, 0, 2, 0, 0, 0, 0, 0, 0, 0, 0, 0, 2, 0, 0, 0, 0, 0, 0, 0, 1, 1, 0, 1, 1, 0, 2, 0, 0, 0, 1, 0, 0, 0, 0, 1, 0, 0, 2, 2, 2, 0, 0, 0, 0, 0, 0, 0, 0, 0, 2, 2, 3, 0, 2, 1, 2, 1, 4, 3, 6, 5, 3, 3, 2, 2, 4, 1, 313, 0, 0, 0, 0, 0, 0]",4,11.348824531465509,-1,1
1792,"[1, 1, 0, 1, 1, 1, 0, 1, 0, 1, 0, 0, 1, 0, 2, 0, 0, 0, 0, 0, 0, 0, 0, 0, 2, 0, 0, 0, 0, 0, 0, 0, 1, 1, 0, 1, 1, 0, 2, 0, 0, 0, 1, 0, 0, 0, 0, 1, 0, 0, 2, 2, 2, 0, 0, 0, 0, 0, 0, 0, 0, 0, 2, 2, 3, 0, 2, 1, 2, 1, 4, 3, 6, 5, 3, 3, 2, 2, 4, 3, 314, 0, 0, 0, 0, 0, 0]",4,14.53983581124162,-1,0
1793,"[1, 1, 0, 1, 1, 1, 0, 1, 0, 1, 0, 0, 1, 0, 2, 0, 0, 0, 0, 0, 0, 0, 0, 0, 2, 0, 0, 0, 0, 0, 0, 0, 1, 1, 0, 1, 1, 0, 2, 0, 0, 0, 1, 0, 0, 0, 0, 1, 0, 0, 2, 2, 2, 0, 0, 0, 0, 0, 0, 0, 0, 0, 2, 2, 3, 0, 2, 1, 2, 1, 4, 3, 6, 5, 3, 3, 2, 2, 4, 3, 314, 0, 0, 0, 0, 0, 0]",0,0.3442884159752566,-1,1
1794,"[1, 1, 0, 1, 1, 1, 0, 1, 0, 1, 0, 0, 1, 0, 2, 0, 0, 0, 0, 0, 0, 0, 0, 0, 2, 0, 0, 0, 0, 0, 0, 0, 1, 1, 0, 1, 1, 0, 2, 0, 0, 0, 1, 0, 0, 0, 0, 1, 0, 0, 2, 2, 2, 0, 0, 0, 0, 0, 0, 0, 0, 0, 2, 2, 3, 0, 2, 1, 2, 1, 4, 3, 6, 5, 3, 3, 2, 2, 4, 3, 314, 0, 0, 0, 0, 0, 0]",-1,-0.0021641398950982948,-1,1
1795,"[1, 1, 0, 1, 3, 1, 0, 1, 0, 1, 0, 0, 1, 0, 2, 0, 0, 0, 0, 0, 0, 0, 0, 0, 2, 0, 0, 0, 0, 0, 0, 0, 1, 1, 0, 1, 1, 0, 2, 0, 0, 0, 1, 0, 0, 0, 0, 1, 0, 0, 2, 2, 2, 0, 0, 0, 0, 0, 0, 0, 0, 0, 2, 2, 3, 0, 2, 1, 2, 1, 4, 3, 6, 5, 3, 3, 2, 2, 4, 3, 315, 0, 0, 0, 0, 0, 0]",4,11.319274106479009,-1,1
1796,"[1, 1, 0, 1, 3, 1, 0, 1, 0, 1, 0, 0, 1, 0, 2, 0, 0, 0, 0, 0, 0, 0, 0, 0, 2, 0, 0, 0, 0, 0, 0, 0, 1, 1, 0, 1, 1, 0, 2, 0, 0, 0, 1, 0, 0, 0, 0, 1, 0, 0, 2, 2, 2, 0, 0, 0, 0, 0, 0, 0, 0, 0, 2, 2, 3, 0, 2, 1, 2, 1, 4, 3, 6, 5, 3, 3, 2, 2, 4, 3, 315, 0, 1, 0, 0, 0, 0]",2,0.4019903603733808,-1,0
1797,"[1, 1, 0, 1, 3, 1, 0, 1, 0, 1, 0, 0, 1, 0, 2, 0, 0, 0, 0, 0, 0, 0, 0, 0, 2, 0, 0, 0, 0, 0, 0, 0, 1, 1, 0, 1, 1, 0, 2, 0, 0, 0, 1, 0, 0, 0, 0, 1, 0, 0, 2, 2, 2, 0, 0, 0, 0, 0, 0, 0, 0, 0, 2, 2, 3, 0, 2, 1, 2, 1, 4, 3, 6, 5, 3, 3, 2, 2, 4, 3, 315, 0, 0, 0, 0, 0, 0]",-1,-0.0021426063433520096,-1,0
1798,"[1, 1, 0, 1, 3, 1, 0, 1, 0, 1, 0, 0, 1, 0, 2, 0, 0, 0, 0, 0, 0, 0, 0, 0, 2, 0, 0, 0, 0, 0, 0, 0, 1, 1, 0, 1, 1, 0, 2, 0, 0, 0, 1, 0, 0, 0, 0, 1, 0, 0, 2, 2, 2, 0, 0, 0, 0, 0, 0, 0, 0, 0, 2, 2, 3, 0, 2, 1, 2, 1, 4, 3, 6, 5, 3, 3, 2, 2, 4, 3, 315, 0, 1, 0, 0, 0, 0]",2,0.4019903603733808,-1,0
1799,"[1, 1, 0, 1, 3, 1, 0, 1, 0, 1, 0, 0, 1, 0, 2, 0, 0, 0, 0, 0, 0, 0, 0, 0, 2, 0, 0, 0, 0, 0, 0, 0, 1, 1, 0, 1, 1, 0, 2, 0, 0, 0, 1, 0, 0, 0, 0, 1, 0, 0, 2, 2, 2, 0, 0, 0, 0, 0, 0, 0, 0, 0, 2, 2, 3, 0, 2, 1, 2, 1, 4, 3, 6, 5, 3, 3, 2, 2, 4, 3, 315, 0, 0, 0, 0, 0, 0]",-1,-0.0021426063433520096,-1,0
1800,"[1, 1, 0, 1, 3, 1, 0, 1, 0, 1, 0, 0, 1, 0, 2, 0, 0, 0, 0, 0, 0, 0, 0, 0, 2, 0, 0, 0, 0, 0, 0, 0, 1, 1, 0, 1, 1, 0, 2, 0, 0, 0, 1, 0, 0, 0, 0, 1, 0, 0, 2, 2, 2, 0, 0, 0, 0, 0, 0, 0, 0, 0, 2, 2, 3, 0, 2, 1, 2, 1, 4, 3, 6, 5, 3, 3, 2, 2, 4, 3, 315, 0, 0, 0, 0, 0, 0]",1,0.6116144754729975,-1,0
1801,"[1, 1, 0, 1, 3, 1, 0, 1, 0, 1, 0, 0, 1, 0, 2, 0, 0, 0, 0, 0, 0, 0, 0, 0, 2, 0, 0, 0, 0, 0, 0, 0, 1, 1, 0, 1, 1, 0, 2, 0, 0, 0, 1, 0, 0, 0, 0, 1, 0, 0, 2, 2, 2, 0, 0, 0, 0, 0, 0, 0, 0, 0, 2, 2, 3, 0, 2, 1, 2, 1, 4, 3, 6, 5, 3, 3, 2, 2, 4, 3, 315, 0, 0, 0, 0, 0, 0]",-1,-0.0021426063433520096,-1,0
1802,"[1, 2, 0, 1, 3, 2, 0, 1, 0, 1, 0, 0, 1, 0, 2, 0, 0, 0, 0, 0, 0, 0, 0, 0, 2, 0, 0, 0, 0, 0, 0, 0, 1, 1, 0, 1, 1, 0, 2, 0, 0, 0, 1, 0, 0, 0, 0, 1, 0, 0, 2, 2, 2, 0, 0, 0, 0, 0, 0, 0, 0, 0, 2, 2, 3, 0, 2, 1, 2, 1, 4, 3, 6, 5, 3, 3, 2, 2, 4, 3, 316, 0, 0, 0, 0, 0, 0]",4,14.379966839794964,-1,0
1803,"[1, 2, 0, 1, 3, 2, 0, 1, 0, 1, 0, 0, 1, 0, 2, 0, 0, 0, 0, 0, 0, 0, 0, 0, 2, 0, 0, 0, 0, 0, 0, 0, 1, 1, 0, 1, 1, 0, 2, 0, 0, 0, 1, 0, 0, 0, 0, 1, 0, 0, 2, 2, 2, 0, 0, 0, 0, 0, 0, 0, 0, 0, 2, 2, 3, 0, 2, 1, 2, 1, 4, 3, 6, 5, 3, 3, 2, 2, 4, 3, 316, 1, 0, 0, 0, 0, 0]",3,0.20191306373441834,-1,1
1804,"[1, 2, 0, 1, 3, 2, 0, 1, 0, 1, 0, 0, 1, 0, 2, 0, 0, 0, 0, 0, 0, 0, 0, 0, 2, 0, 0, 0, 0, 0, 0, 0, 1, 1, 0, 1, 1, 0, 2, 0, 0, 0, 1, 0, 0, 0, 0, 1, 0, 0, 2, 2, 2, 0, 0, 0, 0, 0, 0, 0, 0, 0, 2, 2, 3, 0, 2, 1, 2, 1, 4, 3, 6, 5, 3, 3, 2, 2, 4, 3, 316, 0, 0, 0, 0, 0, 0]",-1,-0.0021212870540255695,-1,1
1805,"[1, 1, 0, 1, 1, 1, 0, 1, 0, 1, 0, 0, 1, 0, 2, 0, 0, 0, 0, 0, 0, 0, 0, 0, 2, 0, 0, 0, 0, 0, 0, 0, 1, 1, 0, 1, 1, 0, 2, 0, 0, 0, 1, 0, 0, 0, 0, 1, 0, 0, 2, 2, 2, 0, 0, 0, 0, 0, 0, 0, 0, 0, 2, 2, 3, 0, 2, 1, 2, 1, 4, 3, 6, 5, 3, 3, 2, 2, 4, 6, 317, 0, 0, 0, 0, 0, 0]",4,11.739474599191633,-1,1
1806,"[1, 1, 0, 1, 1, 1, 0, 1, 0, 1, 0, 0, 1, 0, 2, 0, 0, 0, 0, 0, 0, 0, 0, 0, 2, 0, 0, 0, 0, 0, 0, 0, 1, 1, 0, 1, 1, 0, 2, 0, 0, 0, 1, 0, 0, 0, 0, 1, 0, 0, 2, 2, 2, 0, 0, 0, 0, 0, 0, 0, 0, 0, 2, 2, 3, 0, 2, 1, 2, 1, 4, 3, 6, 5, 3, 3, 2, 2, 4, 6, 317, 1, 0, 0, 0, 0, 0]",3,0.20183874107345762,-1,0
1807,"[1, 1, 0, 1, 1, 1, 0, 1, 0, 1, 0, 0, 1, 0, 2, 0, 0, 0, 0, 0, 0, 0, 0, 0, 2, 0, 0, 0, 0, 0, 0, 0, 1, 1, 0, 1, 1, 0, 2, 0, 0, 0, 1, 0, 0, 0, 0, 1, 0, 0, 2, 2, 2, 0, 0, 0, 0, 0, 0, 0, 0, 0, 2, 2, 3, 0, 2, 1, 2, 1, 4, 3, 6, 5, 3, 3, 2, 2, 4, 6, 317, 0, 0, 0, 0, 0, 0]",-1,-0.0021001798951722776,-1,0
1808,"[1, 1, 0, 1, 1, 1, 0, 1, 0, 1, 0, 0, 1, 0, 2, 0, 0, 0, 0, 0, 0, 0, 0, 0, 2, 0, 0, 0, 0, 0, 0, 0, 1, 1, 0, 1, 1, 0, 2, 0, 0, 0, 1, 0, 0, 0, 0, 1, 0, 0, 2, 2, 2, 0, 0, 0, 0, 0, 0, 0, 0, 0, 2, 2, 3, 0, 2, 1, 2, 1, 4, 3, 6, 5, 3, 3, 2, 2, 4, 6, 317, 0, 1, 0, 0, 0, 0]",2,0.4018387410734576,-1,0
1809,"[1, 1, 0, 1, 1, 1, 0, 1, 0, 1, 0, 0, 1, 0, 2, 0, 0, 0, 0, 0, 0, 0, 0, 0, 2, 0, 0, 0, 0, 0, 0, 0, 1, 1, 0, 1, 1, 0, 2, 0, 0, 0, 1, 0, 0, 0, 0, 1, 0, 0, 2, 2, 2, 0, 0, 0, 0, 0, 0, 0, 0, 0, 2, 2, 3, 0, 2, 1, 2, 1, 4, 3, 6, 5, 3, 3, 2, 2, 4, 6, 317, 0, 0, 0, 0, 0, 0]",-1,-0.0021001798951722776,-1,0
1810,"[1, 1, 0, 1, 1, 1, 0, 1, 0, 1, 0, 0, 1, 0, 2, 0, 0, 0, 0, 0, 0, 0, 0, 0, 2, 0, 0, 0, 0, 0, 0, 0, 1, 1, 0, 1, 1, 0, 2, 0, 0, 0, 1, 0, 0, 0, 0, 1, 0, 0, 2, 2, 2, 0, 0, 0, 0, 0, 0, 0, 0, 0, 2, 2, 3, 0, 2, 1, 2, 1, 4, 3, 6, 5, 3, 3, 2, 2, 4, 6, 317, 1, 0, 0, 0, 0, 0]",3,0.20183874107345762,-1,0
1811,"[1, 1, 0, 1, 1, 1, 0, 1, 0, 1, 0, 0, 1, 0, 2, 0, 0, 0, 0, 0, 0, 0, 0, 0, 2, 0, 0, 0, 0, 0, 0, 0, 1, 1, 0, 1, 1, 0, 2, 0, 0, 0, 1, 0, 0, 0, 0, 1, 0, 0, 2, 2, 2, 0, 0, 0, 0, 0, 0, 0, 0, 0, 2, 2, 3, 0, 2, 1, 2, 1, 4, 3, 6, 5, 3, 3, 2, 2, 4, 6, 317, 0, 0, 0, 0, 0, 0]",-1,-0.0021001798951722776,-1,0
1812,"[1, 1, 0, 1, 1, 1, 0, 1, 0, 1, 0, 0, 1, 0, 2, 0, 0, 0, 0, 0, 0, 0, 0, 0, 2, 0, 0, 0, 0, 0, 0, 0, 1, 1, 0, 1, 1, 0, 2, 0, 0, 0, 1, 0, 0, 0, 0, 1, 0, 0, 2, 2, 2, 0, 0, 0, 0, 0, 0, 0, 0, 0, 2, 2, 3, 0, 2, 1, 2, 1, 4, 3, 6, 5, 3, 3, 2, 2, 4, 6, 318, 0, 0, 0, 0, 0, 0]",4,14.539360923892591,-1,0
1813,"[1, 1, 0, 1, 1, 1, 0, 1, 0, 1, 0, 0, 1, 0, 2, 0, 0, 0, 0, 0, 0, 0, 0, 0, 2, 0, 0, 0, 0, 0, 0, 0, 1, 1, 0, 1, 1, 0, 2, 0, 0, 0, 1, 0, 0, 0, 0, 1, 0, 0, 2, 2, 2, 0, 0, 0, 0, 0, 0, 0, 0, 0, 2, 2, 3, 0, 2, 1, 2, 1, 4, 3, 6, 5, 3, 3, 2, 2, 4, 6, 318, 0, 1, 0, 0, 0, 0]",2,0.4017672800921215,-1,1
1814,"[1, 1, 0, 1, 1, 1, 0, 1, 0, 1, 0, 0, 1, 0, 2, 0, 0, 0, 0, 0, 0, 0, 0, 0, 2, 0, 0, 0, 0, 0, 0, 0, 1, 1, 0, 1, 1, 0, 2, 0, 0, 0, 1, 0, 0, 0, 0, 1, 0, 0, 2, 2, 2, 0, 0, 0, 0, 0, 0, 0, 0, 0, 2, 2, 3, 0, 2, 1, 2, 1, 4, 3, 6, 5, 3, 3, 2, 2, 4, 6, 318, 0, 0, 0, 0, 0, 0]",-1,-0.002079282756058658,-1,1
1815,"[1, 1, 0, 1, 1, 1, 0, 1, 0, 1, 0, 0, 1, 0, 2, 0, 0, 0, 0, 0, 0, 0, 0, 0, 2, 0, 0, 0, 0, 0, 0, 0, 1, 1, 0, 1, 1, 0, 2, 0, 0, 0, 1, 0, 0, 0, 0, 1, 0, 0, 2, 2, 2, 0, 0, 0, 0, 0, 0, 0, 0, 0, 2, 2, 3, 0, 2, 1, 2, 1, 4, 3, 6, 5, 3, 3, 2, 2, 4, 6, 318, 1, 0, 0, 0, 0, 0]",3,0.20176728009212155,-1,1
1816,"[1, 1, 0, 1, 1, 1, 0, 1, 0, 1, 0, 0, 1, 0, 2, 0, 0, 0, 0, 0, 0, 0, 0, 0, 2, 0, 0, 0, 0, 0, 0, 0, 1, 1, 0, 1, 1, 0, 2, 0, 0, 0, 1, 0, 0, 0, 0, 1, 0, 0, 2, 2, 2, 0, 0, 0, 0, 0, 0, 0, 0, 0, 2, 2, 3, 0, 2, 1, 2, 1, 4, 3, 6, 5, 3, 3, 2, 2, 4, 6, 318, 0, 0, 0, 0, 0, 0]",-1,-0.002079282756058658,-1,1
1817,"[1, 1, 0, 1, 1, 1, 0, 1, 0, 1, 0, 0, 1, 0, 2, 0, 0, 0, 0, 0, 0, 0, 0, 0, 2, 0, 0, 0, 0, 0, 0, 0, 1, 1, 0, 1, 1, 0, 2, 0, 0, 0, 1, 0, 0, 0, 0, 1, 0, 0, 2, 2, 2, 0, 0, 0, 0, 0, 0, 0, 0, 0, 2, 2, 3, 0, 2, 1, 2, 1, 4, 3, 6, 5, 3, 3, 2, 2, 4, 6, 318, 0, 0, 0, 0, 0, 0]",-1,-0.002079282756058658,-1,1
1818,"[1, 1, 0, 1, 1, 1, 0, 1, 0, 1, 0, 0, 1, 0, 2, 0, 0, 0, 0, 0, 0, 0, 0, 0, 2, 0, 0, 0, 0, 0, 0, 0, 1, 1, 0, 1, 1, 0, 2, 0, 0, 0, 1, 0, 0, 0, 0, 1, 0, 0, 2, 2, 2, 0, 0, 0, 0, 0, 0, 0, 0, 0, 2, 2, 3, 0, 2, 1, 2, 1, 4, 3, 6, 5, 3, 3, 2, 2, 4, 6, 319, 0, 0, 0, 0, 0, 0]",4,11.73925042209257,-1,1
1819,"[1, 1, 0, 1, 1, 1, 0, 1, 0, 1, 0, 0, 1, 0, 2, 0, 0, 0, 0, 0, 0, 0, 0, 0, 2, 0, 0, 0, 0, 0, 0, 0, 1, 1, 0, 1, 1, 0, 2, 0, 0, 0, 1, 0, 0, 0, 0, 1, 0, 0, 2, 2, 2, 0, 0, 0, 0, 0, 0, 0, 0, 0, 2, 2, 3, 0, 2, 1, 2, 1, 4, 3, 6, 5, 3, 3, 2, 2, 4, 6, 319, 0, 0, 0, 0, 0, 0]",1,0.6113226876699456,-1,0
1820,"[1, 1, 0, 1, 1, 1, 0, 1, 0, 1, 0, 0, 1, 0, 2, 0, 0, 0, 0, 0, 0, 0, 0, 0, 2, 0, 0, 0, 0, 0, 0, 0, 1, 1, 0, 1, 1, 0, 2, 0, 0, 0, 1, 0, 0, 0, 0, 1, 0, 0, 2, 2, 2, 0, 0, 0, 0, 0, 0, 0, 0, 0, 2, 2, 3, 0, 2, 1, 2, 1, 4, 3, 6, 5, 3, 3, 2, 2, 4, 6, 319, 0, 0, 0, 0, 0, 0]",-1,-0.002058593546953387,-1,0
1821,"[1, 1, 0, 1, 1, 1, 0, 1, 0, 1, 0, 0, 1, 0, 2, 0, 0, 0, 0, 0, 0, 0, 0, 0, 2, 0, 0, 0, 0, 0, 0, 0, 1, 1, 0, 1, 1, 0, 2, 0, 0, 0, 1, 0, 0, 0, 0, 1, 0, 0, 2, 2, 2, 0, 0, 0, 0, 0, 0, 0, 0, 0, 2, 2, 3, 0, 2, 1, 2, 1, 4, 3, 6, 5, 3, 3, 2, 2, 4, 6, 319, 1, 0, 0, 0, 0, 0]",3,0.20169857257032886,-1,0
1822,"[1, 1, 0, 1, 1, 1, 0, 1, 0, 1, 0, 0, 1, 0, 2, 0, 0, 0, 0, 0, 0, 0, 0, 0, 2, 0, 0, 0, 0, 0, 0, 0, 1, 1, 0, 1, 1, 0, 2, 0, 0, 0, 1, 0, 0, 0, 0, 1, 0, 0, 2, 2, 2, 0, 0, 0, 0, 0, 0, 0, 0, 0, 2, 2, 3, 0, 2, 1, 2, 1, 4, 3, 6, 5, 3, 3, 2, 2, 4, 6, 319, 0, 0, 0, 0, 0, 0]",-1,-0.002058593546953387,-1,0
1823,"[1, 1, 0, 1, 3, 1, 0, 1, 0, 1, 0, 0, 1, 0, 2, 0, 0, 0, 0, 0, 0, 0, 0, 0, 2, 0, 0, 0, 0, 0, 0, 0, 1, 1, 0, 1, 1, 0, 2, 0, 0, 0, 1, 0, 0, 0, 0, 1, 0, 0, 2, 2, 2, 0, 0, 0, 0, 0, 0, 0, 0, 0, 2, 2, 3, 0, 2, 1, 2, 1, 4, 3, 6, 5, 3, 3, 2, 2, 4, 6, 320, 0, 0, 0, 0, 0, 0]",4,14.539142985334664,-1,0
1824,"[1, 1, 0, 1, 3, 1, 0, 1, 0, 1, 0, 0, 1, 0, 2, 0, 0, 0, 0, 0, 0, 0, 0, 0, 2, 0, 0, 0, 0, 0, 0, 0, 1, 1, 0, 1, 1, 0, 2, 0, 0, 0, 1, 0, 0, 0, 0, 1, 0, 0, 2, 2, 2, 0, 0, 0, 0, 0, 0, 0, 0, 0, 2, 2, 3, 0, 2, 1, 2, 1, 4, 3, 6, 5, 3, 3, 2, 2, 4, 6, 320, 0, 0, 0, 0, 0, 0]",-1,-0.0020381101989183107,-1,1
1825,"[1, 1, 0, 1, 3, 1, 0, 1, 0, 1, 0, 0, 1, 0, 2, 0, 0, 0, 0, 0, 0, 0, 0, 0, 2, 0, 0, 0, 0, 0, 0, 0, 1, 1, 0, 1, 1, 0, 2, 0, 0, 0, 1, 0, 0, 0, 0, 1, 0, 0, 2, 2, 2, 0, 0, 0, 0, 0, 0, 0, 0, 0, 2, 2, 3, 0, 2, 1, 2, 1, 4, 3, 6, 5, 3, 3, 2, 2, 4, 6, 320, 0, 1, 0, 0, 0, 0]",2,0.40163251423063195,-1,1
1826,"[1, 1, 0, 1, 3, 1, 0, 1, 0, 1, 0, 0, 1, 0, 2, 0, 0, 0, 0, 0, 0, 0, 0, 0, 2, 0, 0, 0, 0, 0, 0, 0, 1, 1, 0, 1, 1, 0, 2, 0, 0, 0, 1, 0, 0, 0, 0, 1, 0, 0, 2, 2, 2, 0, 0, 0, 0, 0, 0, 0, 0, 0, 2, 2, 3, 0, 2, 1, 2, 1, 4, 3, 6, 5, 3, 3, 2, 2, 4, 6, 320, 0, 1, 0, 0, 1, 0]","[[1 0 0 0]
 [1 1 0 1]]",2.1241233989543504,-1,1
1827,"[1, 0, 0, 0, 3, 2, 0, 2, 0, 1, 0, 0, 1, 0, 2, 0, 0, 0, 0, 0, 0, 0, 0, 0, 2, 0, 0, 0, 0, 0, 0, 0, 1, 1, 0, 1, 1, 0, 2, 0, 0, 0, 1, 0, 0, 0, 0, 1, 0, 0, 2, 2, 2, 0, 0, 0, 0, 0, 0, 0, 0, 0, 2, 2, 3, 0, 2, 1, 2, 1, 4, 3, 6, 5, 3, 3, 2, 2, 4, 6, 320, 0, 0, 0, 0, 0, 0]",0,-0.19836748576936802,-1,0
1828,"[1, 0, 0, 0, 3, 2, 0, 2, 0, 1, 0, 0, 1, 0, 2, 0, 0, 0, 0, 0, 0, 0, 0, 0, 2, 0, 0, 0, 0, 0, 0, 0, 1, 1, 0, 1, 1, 0, 2, 0, 0, 0, 1, 0, 0, 0, 0, 1, 0, 0, 2, 2, 2, 0, 0, 0, 0, 0, 0, 0, 0, 0, 2, 2, 3, 0, 2, 1, 2, 1, 4, 3, 6, 5, 3, 3, 2, 2, 4, 6, 320, 0, 0, 0, 0, 0, 0]",-1,-0.0020381101989183107,-1,1
1829,"[1, 1, 0, 0, 3, 3, 0, 2, 0, 1, 0, 0, 1, 0, 2, 0, 0, 0, 0, 0, 0, 0, 0, 0, 2, 0, 0, 0, 0, 0, 0, 0, 1, 1, 0, 1, 1, 0, 2, 0, 0, 0, 1, 0, 0, 0, 0, 1, 0, 0, 2, 2, 2, 0, 0, 0, 0, 0, 0, 0, 0, 0, 2, 2, 3, 0, 2, 1, 2, 1, 4, 3, 6, 5, 3, 3, 2, 2, 4, 6, 321, 0, 0, 0, 0, 0, 0]",4,11.417235333287767,-1,1
1830,"[1, 1, 0, 0, 3, 3, 0, 2, 0, 1, 0, 0, 1, 0, 2, 0, 0, 0, 0, 0, 0, 0, 0, 0, 2, 0, 0, 0, 0, 0, 0, 0, 1, 1, 0, 1, 1, 0, 2, 0, 0, 0, 1, 0, 0, 0, 0, 1, 0, 0, 2, 2, 2, 0, 0, 0, 0, 0, 0, 0, 0, 0, 2, 2, 3, 0, 2, 1, 2, 1, 4, 3, 6, 5, 3, 3, 2, 2, 4, 6, 321, 0, 1, 0, 0, 0, 0]",2,0.40156900460609113,-1,0
1831,"[1, 1, 0, 0, 3, 3, 0, 2, 0, 1, 0, 0, 1, 0, 2, 0, 0, 0, 0, 0, 0, 0, 0, 0, 2, 0, 0, 0, 0, 0, 0, 0, 1, 1, 0, 1, 1, 0, 2, 0, 0, 0, 1, 0, 0, 0, 0, 1, 0, 0, 2, 2, 2, 0, 0, 0, 0, 0, 0, 0, 0, 0, 2, 2, 3, 0, 2, 1, 2, 1, 4, 3, 6, 5, 3, 3, 2, 2, 4, 6, 321, 0, 1, 0, 0, 1, 0]","[[0 1 0 0]
 [0 0 0 1]]",0.651993869664182,-1,0
1832,"[1, 1, 0, 0, 3, 3, 0, 2, 0, 1, 0, 0, 1, 0, 2, 0, 0, 0, 0, 0, 0, 0, 0, 0, 2, 0, 0, 0, 0, 0, 0, 0, 1, 1, 0, 1, 1, 0, 2, 0, 0, 0, 1, 0, 0, 0, 0, 1, 0, 0, 2, 2, 2, 0, 0, 0, 0, 0, 0, 0, 0, 0, 2, 2, 3, 0, 2, 1, 2, 1, 4, 3, 6, 5, 3, 3, 2, 2, 4, 6, 321, 0, 1, 0, 0, 0, 1]",2,-0.19843099539390888,-1,1
1833,"[1, 1, 0, 0, 3, 3, 0, 2, 0, 1, 0, 0, 1, 0, 2, 0, 0, 0, 0, 0, 0, 0, 0, 0, 2, 0, 0, 0, 0, 0, 0, 0, 1, 1, 0, 1, 1, 0, 2, 0, 0, 0, 1, 0, 0, 0, 0, 1, 0, 0, 2, 2, 2, 0, 0, 0, 0, 0, 0, 0, 0, 0, 2, 2, 3, 0, 2, 1, 2, 1, 4, 3, 6, 5, 3, 3, 2, 2, 4, 6, 321, 0, 0, 1, 0, 0, 0]","[[1 1 0 1]
 [1 1 0 0]]",-0.19843099539390888,-1,1
1834,"[1, 1, 0, 0, 3, 3, 0, 2, 0, 1, 0, 0, 1, 0, 2, 0, 0, 0, 0, 0, 0, 0, 0, 0, 2, 0, 0, 0, 0, 0, 0, 0, 1, 1, 0, 1, 1, 0, 2, 0, 0, 0, 1, 0, 0, 0, 0, 1, 0, 0, 2, 2, 2, 0, 0, 0, 0, 0, 0, 0, 0, 0, 2, 2, 3, 0, 2, 1, 2, 1, 4, 3, 6, 5, 3, 3, 2, 2, 4, 6, 321, 0, 0, 0, 0, 0, 0]",1,-4.953110572777248,-1,0
1835,"[1, 1, 0, 0, 3, 3, 0, 2, 0, 1, 0, 0, 1, 0, 2, 0, 0, 0, 0, 0, 0, 0, 0, 0, 2, 0, 0, 0, 0, 0, 0, 0, 1, 1, 0, 1, 1, 0, 2, 0, 0, 0, 1, 0, 0, 0, 0, 1, 0, 0, 2, 2, 2, 0, 0, 0, 0, 0, 0, 0, 0, 0, 2, 2, 3, 0, 2, 1, 2, 1, 4, 3, 6, 5, 3, 3, 2, 2, 4, 6, 321, 0, 0, 0, 0, 0, 0]",1,0.6111931197057079,-1,0
1836,"[1, 1, 0, 0, 3, 3, 0, 2, 0, 1, 0, 0, 1, 0, 2, 0, 0, 0, 0, 0, 0, 0, 0, 0, 2, 0, 0, 0, 0, 0, 0, 0, 1, 1, 0, 1, 1, 0, 2, 0, 0, 0, 1, 0, 0, 0, 0, 1, 0, 0, 2, 2, 2, 0, 0, 0, 0, 0, 0, 0, 0, 0, 2, 2, 3, 0, 2, 1, 2, 1, 4, 3, 6, 5, 3, 3, 2, 2, 4, 6, 321, 0, 0, 0, 0, 0, 0]",-1,-0.0020178306636015574,-1,0
1837,"[1, 1, 0, 0, 3, 3, 0, 2, 0, 1, 0, 0, 1, 0, 2, 0, 0, 0, 0, 0, 0, 0, 0, 0, 2, 0, 0, 0, 0, 0, 0, 0, 1, 1, 0, 1, 1, 0, 2, 0, 0, 0, 1, 0, 0, 0, 0, 1, 0, 0, 2, 2, 2, 0, 0, 0, 0, 0, 0, 0, 0, 0, 2, 2, 3, 0, 2, 1, 2, 1, 4, 3, 6, 5, 3, 3, 2, 2, 4, 6, 321, 0, 1, 0, 0, 0, 0]",2,0.40156900460609113,-1,0
1838,"[1, 1, 0, 0, 3, 3, 0, 2, 0, 1, 0, 0, 1, 0, 2, 0, 0, 0, 0, 0, 0, 0, 0, 0, 2, 0, 0, 0, 0, 0, 0, 0, 1, 1, 0, 1, 1, 0, 2, 0, 0, 0, 1, 0, 0, 0, 0, 1, 0, 0, 2, 2, 2, 0, 0, 0, 0, 0, 0, 0, 0, 0, 2, 2, 3, 0, 2, 1, 2, 1, 4, 3, 6, 5, 3, 3, 2, 2, 4, 6, 321, 0, 1, 0, 0, 1, 0]","[[1 0 0 0]
 [0 0 0 1]]",0.651993869664182,-1,0
1839,"[1, 1, 0, 0, 3, 3, 0, 2, 0, 1, 0, 0, 1, 0, 2, 0, 0, 0, 0, 0, 0, 0, 0, 0, 2, 0, 0, 0, 0, 0, 0, 0, 1, 1, 0, 1, 1, 0, 2, 0, 0, 0, 1, 0, 0, 0, 0, 1, 0, 0, 2, 2, 2, 0, 0, 0, 0, 0, 0, 0, 0, 0, 2, 2, 3, 0, 2, 1, 2, 1, 4, 3, 6, 5, 3, 3, 2, 2, 4, 6, 321, 0, 0, 0, 0, 0, 0]",1,-16.009819296235804,-1,1
1840,"[1, 1, 0, 0, 3, 3, 0, 2, 0, 1, 0, 0, 1, 0, 2, 0, 0, 0, 0, 0, 0, 0, 0, 0, 2, 0, 0, 0, 0, 0, 0, 0, 1, 1, 0, 1, 1, 0, 2, 0, 0, 0, 1, 0, 0, 0, 0, 1, 0, 0, 2, 2, 2, 0, 0, 0, 0, 0, 0, 0, 0, 0, 2, 2, 3, 0, 2, 1, 2, 1, 4, 3, 6, 5, 3, 3, 2, 2, 4, 6, 321, 1, 0, 0, 0, 0, 0]",3,0.20156900460609115,-1,0
1841,"[1, 1, 0, 0, 3, 3, 0, 2, 0, 1, 0, 0, 1, 0, 2, 0, 0, 0, 0, 0, 0, 0, 0, 0, 2, 0, 0, 0, 0, 0, 0, 0, 1, 1, 0, 1, 1, 0, 2, 0, 0, 0, 1, 0, 0, 0, 0, 1, 0, 0, 2, 2, 2, 0, 0, 0, 0, 0, 0, 0, 0, 0, 2, 2, 3, 0, 2, 1, 2, 1, 4, 3, 6, 5, 3, 3, 2, 2, 4, 6, 321, 0, 0, 0, 0, 0, 0]",-1,-0.0020178306636015574,-1,0
1842,"[1, 1, 0, 0, 5, 3, 0, 2, 0, 1, 0, 0, 1, 0, 2, 0, 0, 0, 0, 0, 0, 0, 0, 0, 2, 0, 0, 0, 0, 0, 0, 0, 1, 1, 0, 1, 1, 0, 2, 0, 0, 0, 1, 0, 0, 0, 0, 1, 0, 0, 2, 2, 2, 0, 0, 0, 0, 0, 0, 0, 0, 0, 2, 2, 3, 0, 2, 1, 2, 1, 4, 3, 6, 5, 3, 3, 2, 2, 4, 6, 322, 0, 0, 0, 0, 0, 0]",4,14.265006779532655,-1,0
1843,"[1, 1, 0, 0, 5, 3, 0, 2, 0, 1, 0, 0, 1, 0, 2, 0, 0, 0, 0, 0, 0, 0, 0, 0, 2, 0, 0, 0, 0, 0, 0, 0, 1, 1, 0, 1, 1, 0, 2, 0, 0, 0, 1, 0, 0, 0, 0, 1, 0, 0, 2, 2, 2, 0, 0, 0, 0, 0, 0, 0, 0, 0, 2, 2, 3, 0, 2, 1, 2, 1, 4, 3, 6, 5, 3, 3, 2, 2, 4, 6, 322, 0, 1, 0, 0, 0, 0]",2,0.4015079469116747,-1,1
1844,"[1, 1, 0, 0, 5, 3, 0, 2, 0, 1, 0, 0, 1, 0, 2, 0, 0, 0, 0, 0, 0, 0, 0, 0, 2, 0, 0, 0, 0, 0, 0, 0, 1, 1, 0, 1, 1, 0, 2, 0, 0, 0, 1, 0, 0, 0, 0, 1, 0, 0, 2, 2, 2, 0, 0, 0, 0, 0, 0, 0, 0, 0, 2, 2, 3, 0, 2, 1, 2, 1, 4, 3, 6, 5, 3, 3, 2, 2, 4, 6, 322, 0, 0, 0, 0, 0, 0]",-1,-0.001997752913032695,-1,1
1845,"[1, 1, 0, 0, 2, 1, 0, 1, 0, 1, 0, 0, 1, 0, 2, 0, 0, 0, 0, 0, 0, 0, 0, 0, 2, 0, 0, 0, 0, 0, 0, 0, 1, 1, 0, 1, 1, 0, 2, 0, 0, 0, 1, 0, 0, 0, 0, 1, 0, 0, 2, 2, 2, 0, 0, 0, 0, 0, 0, 0, 0, 0, 2, 2, 3, 0, 2, 1, 2, 1, 4, 3, 6, 5, 3, 3, 2, 2, 4, 6, 323, 0, 0, 0, 0, 0, 0]",4,11.579213317119073,-1,1
1846,"[1, 1, 0, 0, 2, 1, 0, 1, 0, 1, 0, 0, 1, 0, 2, 0, 0, 0, 0, 0, 0, 0, 0, 0, 2, 0, 0, 0, 0, 0, 0, 0, 1, 1, 0, 1, 1, 0, 2, 0, 0, 0, 1, 0, 0, 0, 0, 1, 0, 0, 2, 2, 2, 0, 0, 0, 0, 0, 0, 0, 0, 0, 2, 2, 3, 0, 2, 1, 2, 1, 4, 3, 6, 5, 3, 3, 2, 2, 4, 6, 323, 1, 0, 0, 0, 0, 0]",3,0.20144924791916632,-1,0
1847,"[1, 1, 0, 0, 2, 1, 0, 1, 0, 1, 0, 0, 1, 0, 2, 0, 0, 0, 0, 0, 0, 0, 0, 0, 2, 0, 0, 0, 0, 0, 0, 0, 1, 1, 0, 1, 1, 0, 2, 0, 0, 0, 1, 0, 0, 0, 0, 1, 0, 0, 2, 2, 2, 0, 0, 0, 0, 0, 0, 0, 0, 0, 2, 2, 3, 0, 2, 1, 2, 1, 4, 3, 6, 5, 3, 3, 2, 2, 4, 6, 323, 0, 0, 0, 0, 0, 0]",-1,-0.0019778749394199365,-1,0
1848,"[1, 1, 0, 0, 4, 1, 0, 1, 0, 1, 0, 0, 1, 0, 2, 0, 0, 0, 0, 0, 0, 0, 0, 0, 2, 0, 0, 0, 0, 0, 0, 0, 1, 1, 0, 1, 1, 0, 2, 0, 0, 0, 1, 0, 0, 0, 0, 1, 0, 0, 2, 2, 2, 0, 0, 0, 0, 0, 0, 0, 0, 0, 2, 2, 3, 0, 2, 1, 2, 1, 4, 3, 6, 5, 3, 3, 2, 2, 4, 6, 324, 0, 0, 0, 0, 0, 0]",4,14.264811739008168,-1,0
1849,"[1, 1, 0, 0, 4, 1, 0, 1, 0, 1, 0, 0, 1, 0, 2, 0, 0, 0, 0, 0, 0, 0, 0, 0, 2, 0, 0, 0, 0, 0, 0, 0, 1, 1, 0, 1, 1, 0, 2, 0, 0, 0, 1, 0, 0, 0, 0, 1, 0, 0, 2, 2, 2, 0, 0, 0, 0, 0, 0, 0, 0, 0, 2, 2, 3, 0, 2, 1, 2, 1, 4, 3, 6, 5, 3, 3, 2, 2, 4, 6, 324, 1, 0, 0, 0, 0, 0]",3,0.20139281783555243,-1,1
1850,"[1, 1, 0, 0, 4, 1, 0, 1, 0, 1, 0, 0, 1, 0, 2, 0, 0, 0, 0, 0, 0, 0, 0, 0, 2, 0, 0, 0, 0, 0, 0, 0, 1, 1, 0, 1, 1, 0, 2, 0, 0, 0, 1, 0, 0, 0, 0, 1, 0, 0, 2, 2, 2, 0, 0, 0, 0, 0, 0, 0, 0, 0, 2, 2, 3, 0, 2, 1, 2, 1, 4, 3, 6, 5, 3, 3, 2, 2, 4, 6, 324, 0, 0, 0, 0, 0, 0]",-1,-0.0019581947549493534,-1,1
1851,"[1, 2, 0, 0, 4, 2, 0, 1, 0, 1, 0, 0, 1, 0, 2, 0, 0, 0, 0, 0, 0, 0, 0, 0, 2, 0, 0, 0, 0, 0, 0, 0, 1, 1, 0, 1, 1, 0, 2, 0, 0, 0, 1, 0, 0, 0, 0, 1, 0, 0, 2, 2, 2, 0, 0, 0, 0, 0, 0, 0, 0, 0, 2, 2, 3, 0, 2, 1, 2, 1, 4, 3, 6, 5, 3, 3, 2, 2, 4, 6, 325, 0, 0, 0, 0, 0, 0]",4,11.2338410417084,-1,1
1852,"[1, 2, 0, 0, 4, 2, 0, 1, 0, 1, 0, 0, 1, 0, 2, 0, 0, 0, 0, 0, 0, 0, 0, 0, 2, 0, 0, 0, 0, 0, 0, 0, 1, 1, 0, 1, 1, 0, 2, 0, 0, 0, 1, 0, 0, 0, 0, 1, 0, 0, 2, 2, 2, 0, 0, 0, 0, 0, 0, 0, 0, 0, 2, 2, 3, 0, 2, 1, 2, 1, 4, 3, 6, 5, 3, 3, 2, 2, 4, 6, 325, 0, 1, 0, 0, 0, 0]",2,0.4013385701848569,-1,0
1853,"[1, 2, 0, 0, 4, 2, 0, 1, 0, 1, 0, 0, 1, 0, 2, 0, 0, 0, 0, 0, 0, 0, 0, 0, 2, 0, 0, 0, 0, 0, 0, 0, 1, 1, 0, 1, 1, 0, 2, 0, 0, 0, 1, 0, 0, 0, 0, 1, 0, 0, 2, 2, 2, 0, 0, 0, 0, 0, 0, 0, 0, 0, 2, 2, 3, 0, 2, 1, 2, 1, 4, 3, 6, 5, 3, 3, 2, 2, 4, 6, 325, 0, 1, 0, 0, 1, 0]","[[1 0 0 0]
 [0 0 0 1]]",0.6517634352429478,-1,0
1854,"[1, 2, 0, 0, 4, 2, 0, 1, 0, 1, 0, 0, 1, 0, 2, 0, 0, 0, 0, 0, 0, 0, 0, 0, 2, 0, 0, 0, 0, 0, 0, 0, 1, 1, 0, 1, 1, 0, 2, 0, 0, 0, 1, 0, 0, 0, 0, 1, 0, 0, 2, 2, 2, 0, 0, 0, 0, 0, 0, 0, 0, 0, 2, 2, 3, 0, 2, 1, 2, 1, 4, 3, 6, 5, 3, 3, 2, 2, 4, 6, 325, 0, 1, 0, 0, 0, 1]",2,-0.19866142981514306,-1,1
1855,"[1, 2, 0, 0, 4, 2, 0, 1, 0, 1, 0, 0, 1, 0, 2, 0, 0, 0, 0, 0, 0, 0, 0, 0, 2, 0, 0, 0, 0, 0, 0, 0, 1, 1, 0, 1, 1, 0, 2, 0, 0, 0, 1, 0, 0, 0, 0, 1, 0, 0, 2, 2, 2, 0, 0, 0, 0, 0, 0, 0, 0, 0, 2, 2, 3, 0, 2, 1, 2, 1, 4, 3, 6, 5, 3, 3, 2, 2, 4, 6, 325, 0, 0, 1, 0, 0, 0]","[[1 1 0 0]
 [1 2 0 0]]",-0.19866142981514306,-1,1
1856,"[1, 1, 0, 0, 4, 3, 0, 1, 0, 1, 0, 0, 1, 0, 2, 0, 0, 0, 0, 0, 0, 0, 0, 0, 2, 0, 0, 0, 0, 0, 0, 0, 1, 1, 0, 1, 1, 0, 2, 0, 0, 0, 1, 0, 0, 0, 0, 1, 0, 0, 2, 2, 2, 0, 0, 0, 0, 0, 0, 0, 0, 0, 2, 2, 3, 0, 2, 1, 2, 1, 4, 3, 6, 5, 3, 3, 2, 2, 4, 6, 325, 0, 0, 0, 0, 0, 0]",0,-0.19866142981514306,-1,0
1857,"[2, 1, 0, 0, 4, 4, 0, 1, 0, 1, 0, 0, 1, 0, 2, 0, 0, 0, 0, 0, 0, 0, 0, 0, 2, 0, 0, 0, 0, 0, 0, 0, 1, 1, 0, 1, 1, 0, 2, 0, 0, 0, 1, 0, 0, 0, 0, 1, 0, 0, 2, 2, 2, 0, 0, 0, 0, 0, 0, 0, 0, 0, 2, 2, 3, 0, 2, 1, 2, 1, 4, 3, 6, 5, 3, 3, 2, 2, 4, 6, 326, 0, 0, 0, 0, 0, 0]",4,14.06083248429654,-1,0
1858,"[2, 1, 0, 0, 4, 4, 0, 1, 0, 1, 0, 0, 1, 0, 2, 0, 0, 0, 0, 0, 0, 0, 0, 0, 2, 0, 0, 0, 0, 0, 0, 0, 1, 1, 0, 1, 1, 0, 2, 0, 0, 0, 1, 0, 0, 0, 0, 1, 0, 0, 2, 2, 2, 0, 0, 0, 0, 0, 0, 0, 0, 0, 2, 2, 3, 0, 2, 1, 2, 1, 4, 3, 6, 5, 3, 3, 2, 2, 4, 6, 326, 0, 1, 0, 0, 0, 0]",2,0.4012864216933837,-1,1
1859,"[2, 1, 0, 0, 4, 4, 0, 1, 0, 1, 0, 0, 1, 0, 2, 0, 0, 0, 0, 0, 0, 0, 0, 0, 2, 0, 0, 0, 0, 0, 0, 0, 1, 1, 0, 1, 1, 0, 2, 0, 0, 0, 1, 0, 0, 0, 0, 1, 0, 0, 2, 2, 2, 0, 0, 0, 0, 0, 0, 0, 0, 0, 2, 2, 3, 0, 2, 1, 2, 1, 4, 3, 6, 5, 3, 3, 2, 2, 4, 6, 326, 0, 1, 0, 0, 1, 0]","[[2 2 0 0]
 [1 1 0 0]]",-0.17482925382604592,-1,1
1860,"[2, 1, 0, 0, 4, 4, 0, 1, 0, 1, 0, 0, 1, 0, 2, 0, 0, 0, 0, 0, 0, 0, 0, 0, 2, 0, 0, 0, 0, 0, 0, 0, 1, 1, 0, 1, 1, 0, 2, 0, 0, 0, 1, 0, 0, 0, 0, 1, 0, 0, 2, 2, 2, 0, 0, 0, 0, 0, 0, 0, 0, 0, 2, 2, 3, 0, 2, 1, 2, 1, 4, 3, 6, 5, 3, 3, 2, 2, 4, 6, 326, 0, 0, 0, 0, 0, 0]",1,-0.19871357830661626,-1,0
1861,"[2, 1, 0, 0, 4, 4, 0, 1, 0, 1, 0, 0, 1, 0, 2, 0, 0, 0, 0, 0, 0, 0, 0, 0, 2, 0, 0, 0, 0, 0, 0, 0, 1, 1, 0, 1, 1, 0, 2, 0, 0, 0, 1, 0, 0, 0, 0, 1, 0, 0, 2, 2, 2, 0, 0, 0, 0, 0, 0, 0, 0, 0, 2, 2, 3, 0, 2, 1, 2, 1, 4, 3, 6, 5, 3, 3, 2, 2, 4, 6, 326, 0, 0, 0, 0, 0, 0]",-1,-0.0019194199008776029,-1,1
1862,"[1, 1, 0, 0, 2, 2, 0, 1, 0, 1, 0, 0, 1, 0, 2, 0, 0, 0, 0, 0, 0, 0, 0, 0, 2, 0, 0, 0, 0, 0, 0, 0, 1, 1, 0, 1, 1, 0, 2, 0, 0, 0, 1, 0, 0, 0, 0, 1, 0, 0, 2, 2, 2, 0, 0, 0, 0, 0, 0, 0, 0, 0, 2, 2, 3, 0, 2, 1, 2, 1, 4, 3, 6, 5, 3, 3, 2, 2, 4, 3, 327, 0, 0, 0, 0, 0, 0]",4,11.477516635914792,-1,1
1863,"[1, 1, 0, 0, 2, 2, 0, 1, 0, 1, 0, 0, 1, 0, 2, 0, 0, 0, 0, 0, 0, 0, 0, 0, 2, 0, 0, 0, 0, 0, 0, 0, 1, 1, 0, 1, 1, 0, 2, 0, 0, 0, 1, 0, 0, 0, 0, 1, 0, 0, 2, 2, 2, 0, 0, 0, 0, 0, 0, 0, 0, 0, 2, 2, 3, 0, 2, 1, 2, 1, 4, 3, 6, 5, 3, 3, 2, 2, 4, 3, 327, 0, 1, 0, 0, 0, 0]",2,0.4012362921783222,-1,0
1864,"[1, 1, 0, 0, 2, 2, 0, 1, 0, 1, 0, 0, 1, 0, 2, 0, 0, 0, 0, 0, 0, 0, 0, 0, 2, 0, 0, 0, 0, 0, 0, 0, 1, 1, 0, 1, 1, 0, 2, 0, 0, 0, 1, 0, 0, 0, 0, 1, 0, 0, 2, 2, 2, 0, 0, 0, 0, 0, 0, 0, 0, 0, 2, 2, 3, 0, 2, 1, 2, 1, 4, 3, 6, 5, 3, 3, 2, 2, 4, 3, 327, 0, 1, 0, 0, 1, 0]","[[1 0 0 0]
 [0 0 0 1]]",0.651661157236413,-1,0
1865,"[1, 1, 0, 0, 2, 2, 0, 1, 0, 1, 0, 0, 1, 0, 2, 0, 0, 0, 0, 0, 0, 0, 0, 0, 2, 0, 0, 0, 0, 0, 0, 0, 1, 1, 0, 1, 1, 0, 2, 0, 0, 0, 1, 0, 0, 0, 0, 1, 0, 0, 2, 2, 2, 0, 0, 0, 0, 0, 0, 0, 0, 0, 2, 2, 3, 0, 2, 1, 2, 1, 4, 3, 6, 5, 3, 3, 2, 2, 4, 3, 327, 0, 0, 0, 0, 0, 0]",1,-16.010152008663574,-1,1
1866,"[1, 1, 0, 0, 2, 2, 0, 1, 0, 1, 0, 0, 1, 0, 2, 0, 0, 0, 0, 0, 0, 0, 0, 0, 2, 0, 0, 0, 0, 0, 0, 0, 1, 1, 0, 1, 1, 0, 2, 0, 0, 0, 1, 0, 0, 0, 0, 1, 0, 0, 2, 2, 2, 0, 0, 0, 0, 0, 0, 0, 0, 0, 2, 2, 3, 0, 2, 1, 2, 1, 4, 3, 6, 5, 3, 3, 2, 2, 4, 3, 327, 1, 0, 0, 0, 0, 0]",3,0.20123629217832223,-1,0
1867,"[1, 1, 0, 0, 2, 2, 0, 1, 0, 1, 0, 0, 1, 0, 2, 0, 0, 0, 0, 0, 0, 0, 0, 0, 2, 0, 0, 0, 0, 0, 0, 0, 1, 1, 0, 1, 1, 0, 2, 0, 0, 0, 1, 0, 0, 0, 0, 1, 0, 0, 2, 2, 2, 0, 0, 0, 0, 0, 0, 0, 0, 0, 2, 2, 3, 0, 2, 1, 2, 1, 4, 3, 6, 5, 3, 3, 2, 2, 4, 3, 327, 0, 0, 0, 0, 0, 0]",-1,-0.0019003213537587159,-1,0
1868,"[1, 1, 0, 0, 2, 2, 0, 1, 0, 1, 0, 0, 1, 0, 2, 0, 0, 0, 0, 0, 0, 0, 0, 0, 2, 0, 0, 0, 0, 0, 0, 0, 1, 1, 0, 1, 1, 0, 2, 0, 0, 0, 1, 0, 0, 0, 0, 1, 0, 0, 2, 2, 2, 0, 0, 0, 0, 0, 0, 0, 0, 0, 2, 2, 3, 0, 2, 1, 2, 1, 4, 3, 6, 5, 3, 3, 2, 2, 4, 3, 327, 0, 0, 0, 0, 0, 0]",1,0.6108604072779389,-1,0
1869,"[1, 1, 0, 0, 2, 2, 0, 1, 0, 1, 0, 0, 1, 0, 2, 0, 0, 0, 0, 0, 0, 0, 0, 0, 2, 0, 0, 0, 0, 0, 0, 0, 1, 1, 0, 1, 1, 0, 2, 0, 0, 0, 1, 0, 0, 0, 0, 1, 0, 0, 2, 2, 2, 0, 0, 0, 0, 0, 0, 0, 0, 0, 2, 2, 3, 0, 2, 1, 2, 1, 4, 3, 6, 5, 3, 3, 2, 2, 4, 3, 327, 0, 0, 0, 0, 0, 0]",-1,-0.0019003213537587159,-1,0
1870,"[1, 1, 0, 0, 2, 2, 0, 1, 0, 1, 0, 0, 1, 0, 2, 0, 0, 0, 0, 0, 0, 0, 0, 0, 2, 0, 0, 0, 0, 0, 0, 0, 1, 1, 0, 1, 1, 0, 2, 0, 0, 0, 1, 0, 0, 0, 0, 1, 0, 0, 2, 2, 2, 0, 0, 0, 0, 0, 0, 0, 0, 0, 2, 2, 3, 0, 2, 1, 2, 1, 4, 3, 6, 5, 3, 3, 2, 2, 4, 3, 327, 0, 1, 0, 0, 0, 0]",2,0.4012362921783222,-1,0
1871,"[1, 1, 0, 0, 2, 2, 0, 1, 0, 1, 0, 0, 1, 0, 2, 0, 0, 0, 0, 0, 0, 0, 0, 0, 2, 0, 0, 0, 0, 0, 0, 0, 1, 1, 0, 1, 1, 0, 2, 0, 0, 0, 1, 0, 0, 0, 0, 1, 0, 0, 2, 2, 2, 0, 0, 0, 0, 0, 0, 0, 0, 0, 2, 2, 3, 0, 2, 1, 2, 1, 4, 3, 6, 5, 3, 3, 2, 2, 4, 3, 327, 0, 1, 0, 0, 1, 0]","[[1 0 0 0]
 [0 0 0 1]]",0.651661157236413,-1,0
1872,"[0, 1, 0, 1, 3, 2, 0, 0, 0, 1, 0, 0, 1, 0, 2, 0, 0, 0, 0, 0, 0, 0, 0, 0, 2, 0, 0, 0, 0, 0, 0, 0, 1, 1, 0, 1, 1, 0, 2, 0, 0, 0, 1, 0, 0, 0, 0, 1, 0, 0, 2, 2, 2, 0, 0, 0, 0, 0, 0, 0, 0, 0, 2, 2, 3, 0, 2, 1, 2, 1, 4, 3, 6, 5, 3, 3, 2, 2, 4, 3, 327, 0, 0, 0, 0, 0, 0]",0,-0.1987637078216778,-1,1
1873,"[0, 1, 0, 1, 3, 2, 0, 0, 0, 1, 0, 0, 1, 0, 2, 0, 0, 0, 0, 0, 0, 0, 0, 0, 2, 0, 0, 0, 0, 0, 0, 0, 1, 1, 0, 1, 1, 0, 2, 0, 0, 0, 1, 0, 0, 0, 0, 1, 0, 0, 2, 2, 2, 0, 0, 0, 0, 0, 0, 0, 0, 0, 2, 2, 3, 0, 2, 1, 2, 1, 4, 3, 6, 5, 3, 3, 2, 2, 4, 3, 327, 0, 1, 0, 0, 0, 0]",2,0.4012362921783222,-1,0
1874,"[0, 1, 0, 1, 3, 2, 0, 0, 0, 1, 0, 0, 1, 0, 2, 0, 0, 0, 0, 0, 0, 0, 0, 0, 2, 0, 0, 0, 0, 0, 0, 0, 1, 1, 0, 1, 1, 0, 2, 0, 0, 0, 1, 0, 0, 0, 0, 1, 0, 0, 2, 2, 2, 0, 0, 0, 0, 0, 0, 0, 0, 0, 2, 2, 3, 0, 2, 1, 2, 1, 4, 3, 6, 5, 3, 3, 2, 2, 4, 3, 327, 0, 1, 0, 0, 1, 0]","[[0 0 0 1]
 [1 0 0 0]]",0.651661157236413,-1,0
1875,"[0, 1, 0, 1, 3, 2, 0, 0, 0, 1, 0, 0, 1, 0, 2, 0, 0, 0, 0, 0, 0, 0, 0, 0, 2, 0, 0, 0, 0, 0, 0, 0, 1, 1, 0, 1, 1, 0, 2, 0, 0, 0, 1, 0, 0, 0, 0, 1, 0, 0, 2, 2, 2, 0, 0, 0, 0, 0, 0, 0, 0, 0, 2, 2, 3, 0, 2, 1, 2, 1, 4, 3, 6, 5, 3, 3, 2, 2, 4, 3, 327, 0, 0, 0, 0, 0, 0]",1,-16.010152008663574,-1,1
1876,"[0, 1, 0, 1, 3, 2, 0, 0, 0, 1, 0, 0, 1, 0, 2, 0, 0, 0, 0, 0, 0, 0, 0, 0, 2, 0, 0, 0, 0, 0, 0, 0, 1, 1, 0, 1, 1, 0, 2, 0, 0, 0, 1, 0, 0, 0, 0, 1, 0, 0, 2, 2, 2, 0, 0, 0, 0, 0, 0, 0, 0, 0, 2, 2, 3, 0, 2, 1, 2, 1, 4, 3, 6, 5, 3, 3, 2, 2, 4, 3, 327, 0, 1, 0, 0, 0, 0]",2,0.4012362921783222,-1,0
1877,"[0, 1, 0, 1, 3, 2, 0, 0, 0, 1, 0, 0, 1, 0, 2, 0, 0, 0, 0, 0, 0, 0, 0, 0, 2, 0, 0, 0, 0, 0, 0, 0, 1, 1, 0, 1, 1, 0, 2, 0, 0, 0, 1, 0, 0, 0, 0, 1, 0, 0, 2, 2, 2, 0, 0, 0, 0, 0, 0, 0, 0, 0, 2, 2, 3, 0, 2, 1, 2, 1, 4, 3, 6, 5, 3, 3, 2, 2, 4, 3, 327, 0, 1, 0, 0, 1, 0]","[[0 1 0 0]
 [1 0 0 0]]",0.651661157236413,-1,0
1878,"[1, 0, 0, 1, 2, 3, 0, 0, 0, 1, 0, 0, 1, 0, 2, 0, 0, 0, 0, 0, 0, 0, 0, 0, 2, 0, 0, 0, 0, 0, 0, 0, 1, 1, 0, 1, 1, 0, 2, 0, 0, 0, 1, 0, 0, 0, 0, 1, 0, 0, 2, 2, 2, 0, 0, 0, 0, 0, 0, 0, 0, 0, 2, 2, 3, 0, 2, 1, 2, 1, 4, 3, 6, 5, 3, 3, 2, 2, 4, 3, 327, 0, 0, 0, 0, 0, 0]",0,-0.1987637078216778,-1,1
1879,"[1, 1, 0, 1, 2, 4, 0, 0, 0, 1, 0, 0, 1, 0, 2, 0, 0, 0, 0, 0, 0, 0, 0, 0, 2, 0, 0, 0, 0, 0, 0, 0, 1, 1, 0, 1, 1, 0, 2, 0, 0, 0, 1, 0, 0, 0, 0, 1, 0, 0, 2, 2, 2, 0, 0, 0, 0, 0, 0, 0, 0, 0, 2, 2, 3, 0, 2, 1, 2, 1, 4, 3, 6, 5, 3, 3, 2, 2, 4, 3, 328, 0, 0, 0, 0, 0, 0]",4,14.53838203115731,-1,0
1880,"[1, 1, 0, 1, 2, 4, 0, 0, 0, 1, 0, 0, 1, 0, 2, 0, 0, 0, 0, 0, 0, 0, 0, 0, 2, 0, 0, 0, 0, 0, 0, 0, 1, 1, 0, 1, 1, 0, 2, 0, 0, 0, 1, 0, 0, 0, 0, 1, 0, 0, 2, 2, 2, 0, 0, 0, 0, 0, 0, 0, 0, 0, 2, 2, 3, 0, 2, 1, 2, 1, 4, 3, 6, 5, 3, 3, 2, 2, 4, 3, 328, 0, 0, 0, 0, 0, 0]",-1,-0.0018814128403588102,-1,1
1881,"[1, 1, 0, 1, 2, 4, 0, 0, 0, 1, 0, 0, 1, 0, 2, 0, 0, 0, 0, 0, 0, 0, 0, 0, 2, 0, 0, 0, 0, 0, 0, 0, 1, 1, 0, 1, 1, 0, 2, 0, 0, 0, 1, 0, 0, 0, 0, 1, 0, 0, 2, 2, 2, 0, 0, 0, 0, 0, 0, 0, 0, 0, 2, 2, 3, 0, 2, 1, 2, 1, 4, 3, 6, 5, 3, 3, 2, 2, 4, 3, 328, 0, 0, 0, 0, 0, 0]",0,0.24390697686324114,-1,0
1882,"[1, 1, 0, 1, 2, 4, 0, 0, 0, 1, 0, 0, 1, 0, 2, 0, 0, 0, 0, 0, 0, 0, 0, 0, 2, 0, 0, 0, 0, 0, 0, 0, 1, 1, 0, 1, 1, 0, 2, 0, 0, 0, 1, 0, 0, 0, 0, 1, 0, 0, 2, 2, 2, 0, 0, 0, 0, 0, 0, 0, 0, 0, 2, 2, 3, 0, 2, 1, 2, 1, 4, 3, 6, 5, 3, 3, 2, 2, 4, 3, 328, 0, 0, 0, 0, 0, 0]",-1,-0.0018814128403588102,-1,0
1883,"[1, 1, 0, 1, 2, 4, 0, 0, 0, 1, 0, 0, 1, 0, 2, 0, 0, 0, 0, 0, 0, 0, 0, 0, 2, 0, 0, 0, 0, 0, 0, 0, 1, 1, 0, 1, 1, 0, 2, 0, 0, 0, 1, 0, 0, 0, 0, 1, 0, 0, 2, 2, 2, 0, 0, 0, 0, 0, 0, 0, 0, 0, 2, 2, 3, 0, 2, 1, 2, 1, 4, 3, 6, 5, 3, 3, 2, 2, 4, 3, 328, 0, 0, 0, 0, 0, 0]",0,0.24390697686324114,-1,0
1884,"[1, 1, 0, 1, 2, 4, 0, 0, 0, 1, 0, 0, 1, 0, 2, 0, 0, 0, 0, 0, 0, 0, 0, 0, 2, 0, 0, 0, 0, 0, 0, 0, 1, 1, 0, 1, 1, 0, 2, 0, 0, 0, 1, 0, 0, 0, 0, 1, 0, 0, 2, 2, 2, 0, 0, 0, 0, 0, 0, 0, 0, 0, 2, 2, 3, 0, 2, 1, 2, 1, 4, 3, 6, 5, 3, 3, 2, 2, 4, 3, 328, 0, 0, 0, 0, 0, 0]",-1,-0.0018814128403588102,-1,0
1885,"[1, 1, 0, 1, 2, 4, 0, 0, 0, 1, 0, 0, 1, 0, 2, 0, 0, 0, 0, 0, 0, 0, 0, 0, 2, 0, 0, 0, 0, 0, 0, 0, 1, 1, 0, 1, 1, 0, 2, 0, 0, 0, 1, 0, 0, 0, 0, 1, 0, 0, 2, 2, 2, 0, 0, 0, 0, 0, 0, 0, 0, 0, 2, 2, 3, 0, 2, 1, 2, 1, 4, 3, 6, 5, 3, 3, 2, 2, 4, 3, 328, 0, 0, 0, 0, 0, 0]",0,0.24390697686324114,-1,0
1886,"[1, 1, 0, 1, 2, 4, 0, 0, 0, 1, 0, 0, 1, 0, 2, 0, 0, 0, 0, 0, 0, 0, 0, 0, 2, 0, 0, 0, 0, 0, 0, 0, 1, 1, 0, 1, 1, 0, 2, 0, 0, 0, 1, 0, 0, 0, 0, 1, 0, 0, 2, 2, 2, 0, 0, 0, 0, 0, 0, 0, 0, 0, 2, 2, 3, 0, 2, 1, 2, 1, 4, 3, 6, 5, 3, 3, 2, 2, 4, 3, 328, 0, 0, 0, 0, 0, 0]",-1,-0.0018814128403588102,-1,0
1887,"[1, 1, 0, 1, 2, 4, 0, 0, 0, 1, 0, 0, 1, 0, 2, 0, 0, 0, 0, 0, 0, 0, 0, 0, 2, 0, 0, 0, 0, 0, 0, 0, 1, 1, 0, 1, 1, 0, 2, 0, 0, 0, 1, 0, 0, 0, 0, 1, 0, 0, 2, 2, 2, 0, 0, 0, 0, 0, 0, 0, 0, 0, 2, 2, 3, 0, 2, 1, 2, 1, 4, 3, 6, 5, 3, 3, 2, 2, 4, 3, 328, 0, 0, 0, 0, 0, 0]",0,0.24390697686324114,-1,0
1888,"[1, 1, 0, 1, 2, 4, 0, 0, 0, 1, 0, 0, 1, 0, 2, 0, 0, 0, 0, 0, 0, 0, 0, 0, 2, 0, 0, 0, 0, 0, 0, 0, 1, 1, 0, 1, 1, 0, 2, 0, 0, 0, 1, 0, 0, 0, 0, 1, 0, 0, 2, 2, 2, 0, 0, 0, 0, 0, 0, 0, 0, 0, 2, 2, 3, 0, 2, 1, 2, 1, 4, 3, 6, 5, 3, 3, 2, 2, 4, 3, 328, 0, 0, 0, 0, 0, 0]",-1,-0.0018814128403588102,-1,0
1889,"[1, 1, 0, 1, 2, 4, 0, 0, 0, 1, 0, 0, 1, 0, 2, 0, 0, 0, 0, 0, 0, 0, 0, 0, 2, 0, 0, 0, 0, 0, 0, 0, 1, 1, 0, 1, 1, 0, 2, 0, 0, 0, 1, 0, 0, 0, 0, 1, 0, 0, 2, 2, 2, 0, 0, 0, 0, 0, 0, 0, 0, 0, 2, 2, 3, 0, 2, 1, 2, 1, 4, 3, 6, 5, 3, 3, 2, 2, 4, 3, 328, 0, 0, 0, 0, 0, 0]",0,0.24390697686324114,-1,0
1890,"[1, 1, 0, 1, 2, 4, 0, 0, 0, 1, 0, 0, 1, 0, 2, 0, 0, 0, 0, 0, 0, 0, 0, 0, 2, 0, 0, 0, 0, 0, 0, 0, 1, 1, 0, 1, 1, 0, 2, 0, 0, 0, 1, 0, 0, 0, 0, 1, 0, 0, 2, 2, 2, 0, 0, 0, 0, 0, 0, 0, 0, 0, 2, 2, 3, 0, 2, 1, 2, 1, 4, 3, 6, 5, 3, 3, 2, 2, 4, 3, 328, 0, 0, 0, 0, 0, 0]",-1,-0.0018814128403588102,-1,0
1891,"[1, 1, 0, 1, 2, 4, 0, 0, 0, 1, 0, 0, 1, 0, 2, 0, 0, 0, 0, 0, 0, 0, 0, 0, 2, 0, 0, 0, 0, 0, 0, 0, 1, 1, 0, 1, 1, 0, 2, 0, 0, 0, 1, 0, 0, 0, 0, 1, 0, 0, 2, 2, 2, 0, 0, 0, 0, 0, 0, 0, 0, 0, 2, 2, 3, 0, 2, 1, 2, 1, 4, 3, 6, 5, 3, 3, 2, 2, 4, 3, 328, 0, 0, 0, 0, 0, 0]",0,0.24390697686324114,-1,0
1892,"[1, 1, 0, 1, 2, 4, 0, 0, 0, 1, 0, 0, 1, 0, 2, 0, 0, 0, 0, 0, 0, 0, 0, 0, 2, 0, 0, 0, 0, 0, 0, 0, 1, 1, 0, 1, 1, 0, 2, 0, 0, 0, 1, 0, 0, 0, 0, 1, 0, 0, 2, 2, 2, 0, 0, 0, 0, 0, 0, 0, 0, 0, 2, 2, 3, 0, 2, 1, 2, 1, 4, 3, 6, 5, 3, 3, 2, 2, 4, 3, 328, 0, 0, 0, 0, 0, 0]",-1,-0.0018814128403588102,-1,0
1893,"[1, 1, 0, 1, 2, 4, 0, 0, 0, 1, 0, 0, 1, 0, 2, 0, 0, 0, 0, 0, 0, 0, 0, 0, 2, 0, 0, 0, 0, 0, 0, 0, 1, 1, 0, 1, 1, 0, 2, 0, 0, 0, 1, 0, 0, 0, 0, 1, 0, 0, 2, 2, 2, 0, 0, 0, 0, 0, 0, 0, 0, 0, 2, 2, 3, 0, 2, 1, 2, 1, 4, 3, 6, 5, 3, 3, 2, 2, 4, 3, 328, 0, 0, 0, 0, 0, 0]",0,0.24390697686324114,-1,0
1894,"[1, 1, 0, 1, 2, 4, 0, 0, 0, 1, 0, 0, 1, 0, 2, 0, 0, 0, 0, 0, 0, 0, 0, 0, 2, 0, 0, 0, 0, 0, 0, 0, 1, 1, 0, 1, 1, 0, 2, 0, 0, 0, 1, 0, 0, 0, 0, 1, 0, 0, 2, 2, 2, 0, 0, 0, 0, 0, 0, 0, 0, 0, 2, 2, 3, 0, 2, 1, 2, 1, 4, 3, 6, 5, 3, 3, 2, 2, 4, 3, 328, 0, 0, 0, 0, 0, 0]",-1,-0.0018814128403588102,-1,0
1895,"[1, 1, 0, 1, 2, 4, 0, 0, 0, 1, 0, 0, 1, 0, 2, 0, 0, 0, 0, 0, 0, 0, 0, 0, 2, 0, 0, 0, 0, 0, 0, 0, 1, 1, 0, 1, 1, 0, 2, 0, 0, 0, 1, 0, 0, 0, 0, 1, 0, 0, 2, 2, 2, 0, 0, 0, 0, 0, 0, 0, 0, 0, 2, 2, 3, 0, 2, 1, 2, 1, 4, 3, 6, 5, 3, 3, 2, 2, 4, 3, 328, 0, 0, 0, 0, 0, 0]",0,0.24390697686324114,-1,0
1896,"[1, 1, 0, 1, 2, 4, 0, 0, 0, 1, 0, 0, 1, 0, 2, 0, 0, 0, 0, 0, 0, 0, 0, 0, 2, 0, 0, 0, 0, 0, 0, 0, 1, 1, 0, 1, 1, 0, 2, 0, 0, 0, 1, 0, 0, 0, 0, 1, 0, 0, 2, 2, 2, 0, 0, 0, 0, 0, 0, 0, 0, 0, 2, 2, 3, 0, 2, 1, 2, 1, 4, 3, 6, 5, 3, 3, 2, 2, 4, 3, 328, 0, 0, 0, 0, 0, 0]",-1,-0.0018814128403588102,-1,0
1897,"[1, 1, 0, 1, 2, 4, 0, 0, 0, 1, 0, 0, 1, 0, 2, 0, 0, 0, 0, 0, 0, 0, 0, 0, 2, 0, 0, 0, 0, 0, 0, 0, 1, 1, 0, 1, 1, 0, 2, 0, 0, 0, 1, 0, 0, 0, 0, 1, 0, 0, 2, 2, 2, 0, 0, 0, 0, 0, 0, 0, 0, 0, 2, 2, 3, 0, 2, 1, 2, 1, 4, 3, 6, 5, 3, 3, 2, 2, 4, 3, 328, 1, 0, 0, 0, 0, 0]",3,0.20118810443966806,-1,0
1898,"[1, 1, 0, 1, 2, 4, 0, 0, 0, 1, 0, 0, 1, 0, 2, 0, 0, 0, 0, 0, 0, 0, 0, 0, 2, 0, 0, 0, 0, 0, 0, 0, 1, 1, 0, 1, 1, 0, 2, 0, 0, 0, 1, 0, 0, 0, 0, 1, 0, 0, 2, 2, 2, 0, 0, 0, 0, 0, 0, 0, 0, 0, 2, 2, 3, 0, 2, 1, 2, 1, 4, 3, 6, 5, 3, 3, 2, 2, 4, 3, 328, 0, 0, 0, 0, 0, 0]",-1,-0.0018814128403588102,-1,0
1899,"[1, 1, 0, 1, 2, 4, 0, 0, 0, 1, 0, 0, 1, 0, 2, 0, 0, 0, 0, 0, 0, 0, 0, 0, 2, 0, 0, 0, 0, 0, 0, 0, 1, 1, 0, 1, 1, 0, 2, 0, 0, 0, 1, 0, 0, 0, 0, 1, 0, 0, 2, 2, 2, 0, 0, 0, 0, 0, 0, 0, 0, 0, 2, 2, 3, 0, 2, 1, 2, 1, 4, 3, 6, 5, 3, 3, 2, 2, 4, 3, 328, 0, 0, 0, 0, 0, 0]",1,0.6108122195392848,-1,0
1900,"[1, 1, 0, 1, 2, 4, 0, 0, 0, 1, 0, 0, 1, 0, 2, 0, 0, 0, 0, 0, 0, 0, 0, 0, 2, 0, 0, 0, 0, 0, 0, 0, 1, 1, 0, 1, 1, 0, 2, 0, 0, 0, 1, 0, 0, 0, 0, 1, 0, 0, 2, 2, 2, 0, 0, 0, 0, 0, 0, 0, 0, 0, 2, 2, 3, 0, 2, 1, 2, 1, 4, 3, 6, 5, 3, 3, 2, 2, 4, 3, 328, 0, 0, 0, 0, 0, 0]",-1,-0.0018814128403588102,-1,0
1901,"[1, 1, 0, 1, 2, 4, 0, 0, 0, 1, 0, 0, 1, 0, 2, 0, 0, 0, 0, 0, 0, 0, 0, 0, 2, 0, 0, 0, 0, 0, 0, 0, 1, 1, 0, 1, 1, 0, 2, 0, 0, 0, 1, 0, 0, 0, 0, 1, 0, 0, 2, 2, 2, 0, 0, 0, 0, 0, 0, 0, 0, 0, 2, 2, 3, 0, 2, 1, 2, 1, 4, 3, 6, 5, 3, 3, 2, 2, 4, 3, 328, 0, 1, 0, 0, 0, 0]",2,0.401188104439668,-1,0
1902,"[1, 1, 0, 1, 2, 4, 0, 0, 0, 1, 0, 0, 1, 0, 2, 0, 0, 0, 0, 0, 0, 0, 0, 0, 2, 0, 0, 0, 0, 0, 0, 0, 1, 1, 0, 1, 1, 0, 2, 0, 0, 0, 1, 0, 0, 0, 0, 1, 0, 0, 2, 2, 2, 0, 0, 0, 0, 0, 0, 0, 0, 0, 2, 2, 3, 0, 2, 1, 2, 1, 4, 3, 6, 5, 3, 3, 2, 2, 4, 3, 328, 0, 0, 0, 0, 0, 0]",-1,-0.0018814128403588102,-1,0
1903,"[2, 1, 0, 1, 2, 4, 0, 0, 0, 1, 0, 0, 1, 0, 2, 0, 0, 0, 0, 0, 0, 0, 0, 0, 2, 0, 0, 0, 0, 0, 0, 0, 1, 1, 0, 1, 1, 0, 2, 0, 0, 0, 1, 0, 0, 0, 0, 1, 0, 0, 2, 2, 2, 0, 0, 0, 0, 0, 0, 0, 0, 0, 2, 2, 3, 0, 2, 1, 2, 1, 4, 3, 6, 5, 3, 3, 2, 2, 4, 3, 329, 0, 0, 0, 0, 0, 0]",4,14.378673173209966,-1,0
1904,"[2, 2, 0, 1, 2, 5, 0, 0, 0, 1, 0, 0, 1, 0, 2, 0, 0, 0, 0, 0, 0, 0, 0, 0, 2, 0, 0, 0, 0, 0, 0, 0, 1, 1, 0, 1, 1, 0, 2, 0, 0, 0, 1, 0, 0, 0, 0, 1, 0, 0, 2, 2, 2, 0, 0, 0, 0, 0, 0, 0, 0, 0, 2, 2, 3, 0, 2, 1, 2, 1, 4, 3, 6, 5, 3, 3, 2, 2, 4, 3, 330, 0, 0, 0, 0, 0, 0]",4,10.989793443046244,-1,1
1905,"[3, 2, 0, 1, 2, 5, 0, 0, 0, 1, 0, 0, 1, 0, 2, 0, 0, 0, 0, 0, 0, 0, 0, 0, 2, 0, 0, 0, 0, 0, 0, 0, 1, 1, 0, 1, 1, 0, 2, 0, 0, 0, 1, 0, 0, 0, 0, 1, 0, 0, 2, 2, 2, 0, 0, 0, 0, 0, 0, 0, 0, 0, 2, 2, 3, 0, 2, 1, 2, 1, 4, 3, 6, 5, 3, 3, 2, 2, 4, 3, 331, 0, 0, 0, 0, 0, 0]",4,14.146997247800027,-1,0
1906,"[3, 2, 0, 1, 2, 5, 0, 0, 0, 1, 0, 0, 1, 0, 2, 0, 0, 0, 0, 0, 0, 0, 0, 0, 2, 0, 0, 0, 0, 0, 0, 0, 1, 1, 0, 1, 1, 0, 2, 0, 0, 0, 1, 0, 0, 0, 0, 1, 0, 0, 2, 2, 2, 0, 0, 0, 0, 0, 0, 0, 0, 0, 2, 2, 3, 0, 2, 1, 2, 1, 4, 3, 6, 5, 3, 3, 2, 2, 4, 3, 331, 0, 0, 0, 0, 0, 0]",0,0.343272130914428,-1,1
1907,"[3, 2, 0, 1, 2, 5, 0, 0, 0, 1, 0, 0, 1, 0, 2, 0, 0, 0, 0, 0, 0, 0, 0, 0, 2, 0, 0, 0, 0, 0, 0, 0, 1, 1, 0, 1, 1, 0, 2, 0, 0, 0, 1, 0, 0, 0, 0, 1, 0, 0, 2, 2, 2, 0, 0, 0, 0, 0, 0, 0, 0, 0, 2, 2, 3, 0, 2, 1, 2, 1, 4, 3, 6, 5, 3, 3, 2, 2, 4, 3, 331, 0, 0, 0, 0, 0, 0]",-1,-0.0018258086876870201,-1,1
1908,"[3, 2, 0, 1, 2, 5, 0, 0, 0, 1, 0, 0, 1, 0, 2, 0, 0, 0, 0, 0, 0, 0, 0, 0, 2, 0, 0, 0, 0, 0, 0, 0, 1, 1, 0, 1, 1, 0, 2, 0, 0, 0, 1, 0, 0, 0, 0, 1, 0, 0, 2, 2, 2, 0, 0, 0, 0, 0, 0, 0, 0, 0, 2, 2, 3, 0, 2, 1, 2, 1, 4, 3, 6, 5, 3, 3, 2, 2, 4, 3, 332, 0, 0, 0, 0, 0, 0]",4,10.989635741568799,-1,1
1909,"[3, 2, 0, 1, 2, 5, 0, 0, 0, 1, 0, 0, 1, 0, 2, 0, 0, 0, 0, 0, 0, 0, 0, 0, 2, 0, 0, 0, 0, 0, 0, 0, 1, 1, 0, 1, 1, 0, 2, 0, 0, 0, 1, 0, 0, 0, 0, 1, 0, 0, 2, 2, 2, 0, 0, 0, 0, 0, 0, 0, 0, 0, 2, 2, 3, 0, 2, 1, 2, 1, 4, 3, 6, 5, 3, 3, 2, 2, 4, 3, 332, 1, 0, 0, 0, 0, 0]",3,0.20101332586669327,-1,0
1910,"[1, 2, 0, 2, 2, 5, 0, 0, 0, 1, 0, 0, 1, 0, 2, 0, 0, 0, 0, 0, 0, 0, 0, 0, 2, 0, 0, 0, 0, 0, 0, 0, 1, 1, 0, 1, 1, 0, 2, 0, 0, 0, 1, 0, 0, 0, 0, 1, 0, 0, 2, 2, 2, 0, 0, 0, 0, 0, 0, 0, 0, 0, 2, 2, 3, 0, 2, 1, 2, 1, 4, 3, 6, 5, 3, 3, 2, 2, 4, 3, 332, 0, 0, 0, 0, 0, 0]","[[2 0 0 0]
 [0 0 0 1]]",-0.1975289922222657,-1,0
1911,"[1, 2, 0, 2, 2, 5, 0, 0, 0, 1, 0, 0, 1, 0, 2, 0, 0, 0, 0, 0, 0, 0, 0, 0, 2, 0, 0, 0, 0, 0, 0, 0, 1, 1, 0, 1, 1, 0, 2, 0, 0, 0, 1, 0, 0, 0, 0, 1, 0, 0, 2, 2, 2, 0, 0, 0, 0, 0, 0, 0, 0, 0, 2, 2, 3, 0, 2, 1, 2, 1, 4, 3, 6, 5, 3, 3, 2, 2, 4, 3, 332, 0, 0, 0, 0, 0, 0]",1,0.61063744096631,-1,0
1912,"[1, 2, 0, 2, 2, 5, 0, 0, 0, 1, 0, 0, 1, 0, 2, 0, 0, 0, 0, 0, 0, 0, 0, 0, 2, 0, 0, 0, 0, 0, 0, 0, 1, 1, 0, 1, 1, 0, 2, 0, 0, 0, 1, 0, 0, 0, 0, 1, 0, 0, 2, 2, 2, 0, 0, 0, 0, 0, 0, 0, 0, 0, 2, 2, 3, 0, 2, 1, 2, 1, 4, 3, 6, 5, 3, 3, 2, 2, 4, 3, 332, 0, 0, 0, 0, 0, 0]",-1,-0.0018076415877023206,-1,0
1913,"[1, 2, 0, 2, 2, 5, 0, 0, 0, 1, 0, 0, 1, 0, 2, 0, 0, 0, 0, 0, 0, 0, 0, 0, 2, 0, 0, 0, 0, 0, 0, 0, 1, 1, 0, 1, 1, 0, 2, 0, 0, 0, 1, 0, 0, 0, 0, 1, 0, 0, 2, 2, 2, 0, 0, 0, 0, 0, 0, 0, 0, 0, 2, 2, 3, 0, 2, 1, 2, 1, 4, 3, 6, 5, 3, 3, 2, 2, 4, 3, 332, 0, 1, 0, 0, 0, 0]",2,0.40101332586669325,-1,0
1914,"[1, 2, 0, 2, 2, 5, 0, 0, 0, 1, 0, 0, 1, 0, 2, 0, 0, 0, 0, 0, 0, 0, 0, 0, 2, 0, 0, 0, 0, 0, 0, 0, 1, 1, 0, 1, 1, 0, 2, 0, 0, 0, 1, 0, 0, 0, 0, 1, 0, 0, 2, 2, 2, 0, 0, 0, 0, 0, 0, 0, 0, 0, 2, 2, 3, 0, 2, 1, 2, 1, 4, 3, 6, 5, 3, 3, 2, 2, 4, 3, 332, 0, 0, 0, 0, 0, 0]",-1,-0.0018076415877023206,-1,0
1915,"[1, 2, 0, 2, 2, 5, 0, 0, 0, 1, 0, 0, 1, 0, 2, 0, 0, 0, 0, 0, 0, 0, 0, 0, 2, 0, 0, 0, 0, 0, 0, 0, 1, 1, 0, 1, 1, 0, 2, 0, 0, 0, 1, 0, 0, 0, 0, 1, 0, 0, 2, 2, 2, 0, 0, 0, 0, 0, 0, 0, 0, 0, 2, 2, 3, 0, 2, 1, 2, 1, 4, 3, 6, 5, 3, 3, 2, 2, 4, 3, 332, 0, 0, 0, 0, 0, 0]",1,0.61063744096631,-1,0
1916,"[1, 2, 0, 2, 2, 5, 0, 0, 0, 1, 0, 0, 1, 0, 2, 0, 0, 0, 0, 0, 0, 0, 0, 0, 2, 0, 0, 0, 0, 0, 0, 0, 1, 1, 0, 1, 1, 0, 2, 0, 0, 0, 1, 0, 0, 0, 0, 1, 0, 0, 2, 2, 2, 0, 0, 0, 0, 0, 0, 0, 0, 0, 2, 2, 3, 0, 2, 1, 2, 1, 4, 3, 6, 5, 3, 3, 2, 2, 4, 3, 332, 0, 0, 0, 0, 0, 0]",-1,-0.0018076415877023206,-1,0
1917,"[1, 2, 0, 2, 2, 5, 0, 0, 0, 1, 0, 0, 1, 0, 2, 0, 0, 0, 0, 0, 0, 0, 0, 0, 2, 0, 0, 0, 0, 0, 0, 0, 1, 1, 0, 1, 1, 0, 2, 0, 0, 0, 1, 0, 0, 0, 0, 1, 0, 0, 2, 2, 2, 0, 0, 0, 0, 0, 0, 0, 0, 0, 2, 2, 3, 0, 2, 1, 2, 1, 4, 3, 6, 5, 3, 3, 2, 2, 4, 3, 333, 0, 0, 0, 0, 0, 0]",4,14.277030573358873,-1,0
1918,"[1, 2, 0, 2, 2, 5, 0, 0, 0, 1, 0, 0, 1, 0, 2, 0, 0, 0, 0, 0, 0, 0, 0, 0, 2, 0, 0, 0, 0, 0, 0, 0, 1, 1, 0, 1, 1, 0, 2, 0, 0, 0, 1, 0, 0, 0, 0, 1, 0, 0, 2, 2, 2, 0, 0, 0, 0, 0, 0, 0, 0, 0, 2, 2, 3, 0, 2, 1, 2, 1, 4, 3, 6, 5, 3, 3, 2, 2, 4, 3, 333, 0, 1, 0, 0, 0, 0]",2,0.4009737862487517,-1,1
1919,"[1, 2, 0, 2, 2, 5, 0, 0, 0, 1, 0, 0, 1, 0, 2, 0, 0, 0, 0, 0, 0, 0, 0, 0, 2, 0, 0, 0, 0, 0, 0, 0, 1, 1, 0, 1, 1, 0, 2, 0, 0, 0, 1, 0, 0, 0, 0, 1, 0, 0, 2, 2, 2, 0, 0, 0, 0, 0, 0, 0, 0, 0, 2, 2, 3, 0, 2, 1, 2, 1, 4, 3, 6, 5, 3, 3, 2, 2, 4, 3, 333, 0, 1, 0, 0, 1, 0]","[[1 1 0 0]
 [1 2 0 2]]",2.190182730662493,-1,1
1920,"[1, 1, 0, 0, 2, 6, 0, 2, 0, 1, 0, 0, 1, 0, 2, 0, 0, 0, 0, 0, 0, 0, 0, 0, 2, 0, 0, 0, 0, 0, 0, 0, 1, 1, 0, 1, 1, 0, 2, 0, 0, 0, 1, 0, 0, 0, 0, 1, 0, 0, 2, 2, 2, 0, 0, 0, 0, 0, 0, 0, 0, 0, 2, 2, 3, 0, 2, 1, 2, 1, 4, 3, 6, 5, 3, 3, 2, 2, 4, 3, 333, 0, 0, 0, 0, 0, 0]",0,-0.1990262137512483,-1,0
1921,"[1, 1, 0, 0, 2, 6, 0, 2, 0, 1, 0, 0, 1, 0, 2, 0, 0, 0, 0, 0, 0, 0, 0, 0, 2, 0, 0, 0, 0, 0, 0, 0, 1, 1, 0, 1, 1, 0, 2, 0, 0, 0, 1, 0, 0, 0, 0, 1, 0, 0, 2, 2, 2, 0, 0, 0, 0, 0, 0, 0, 0, 0, 2, 2, 3, 0, 2, 1, 2, 1, 4, 3, 6, 5, 3, 3, 2, 2, 4, 3, 333, 0, 0, 0, 0, 0, 0]",-1,-0.0017896552533827649,-1,1
1922,"[1, 1, 0, 0, 2, 6, 0, 2, 0, 1, 0, 0, 1, 0, 2, 0, 0, 0, 0, 0, 0, 0, 0, 0, 2, 0, 0, 0, 0, 0, 0, 0, 1, 1, 0, 1, 1, 0, 2, 0, 0, 0, 1, 0, 0, 0, 0, 1, 0, 0, 2, 2, 2, 0, 0, 0, 0, 0, 0, 0, 0, 0, 2, 2, 3, 0, 2, 1, 2, 1, 4, 3, 6, 5, 3, 3, 2, 2, 4, 3, 333, 0, 0, 0, 0, 0, 0]",-1,-0.0017896552533827649,-1,1
1923,"[1, 1, 0, 0, 1, 3, 0, 1, 0, 1, 0, 0, 1, 0, 2, 0, 0, 0, 0, 0, 0, 0, 0, 0, 2, 0, 0, 0, 0, 0, 0, 0, 1, 1, 0, 1, 1, 0, 2, 0, 0, 0, 1, 0, 0, 0, 0, 1, 0, 0, 2, 2, 2, 0, 0, 0, 0, 0, 0, 0, 0, 0, 2, 2, 3, 0, 2, 1, 2, 1, 4, 3, 6, 5, 3, 3, 2, 2, 4, 2, 334, 0, 0, 0, 0, 0, 0]",4,11.317470559019466,-1,1
1924,"[1, 1, 0, 0, 1, 3, 0, 1, 0, 1, 0, 0, 1, 0, 2, 0, 0, 0, 0, 0, 0, 0, 0, 0, 2, 0, 0, 0, 0, 0, 0, 0, 1, 1, 0, 1, 1, 0, 2, 0, 0, 0, 1, 0, 0, 0, 0, 1, 0, 0, 2, 2, 2, 0, 0, 0, 0, 0, 0, 0, 0, 0, 2, 2, 3, 0, 2, 1, 2, 1, 4, 3, 6, 5, 3, 3, 2, 2, 4, 2, 334, 0, 1, 0, 0, 0, 0]",2,0.4009357821972701,-1,0
1925,"[1, 1, 0, 0, 1, 3, 0, 1, 0, 1, 0, 0, 1, 0, 2, 0, 0, 0, 0, 0, 0, 0, 0, 0, 2, 0, 0, 0, 0, 0, 0, 0, 1, 1, 0, 1, 1, 0, 2, 0, 0, 0, 1, 0, 0, 0, 0, 1, 0, 0, 2, 2, 2, 0, 0, 0, 0, 0, 0, 0, 0, 0, 2, 2, 3, 0, 2, 1, 2, 1, 4, 3, 6, 5, 3, 3, 2, 2, 4, 2, 334, 0, 1, 0, 0, 1, 0]","[[1 0 0 0]
 [0 0 0 1]]",0.651360647255361,-1,0
1926,"[1, 1, 0, 0, 1, 3, 0, 1, 0, 1, 0, 0, 1, 0, 2, 0, 0, 0, 0, 0, 0, 0, 0, 0, 2, 0, 0, 0, 0, 0, 0, 0, 1, 1, 0, 1, 1, 0, 2, 0, 0, 0, 1, 0, 0, 0, 0, 1, 0, 0, 2, 2, 2, 0, 0, 0, 0, 0, 0, 0, 0, 0, 2, 2, 3, 0, 2, 1, 2, 1, 4, 3, 6, 5, 3, 3, 2, 2, 4, 2, 334, 0, 0, 0, 0, 0, 0]",1,-16.010452518644627,-1,1
1927,"[1, 1, 0, 0, 1, 3, 0, 1, 0, 1, 0, 0, 1, 0, 2, 0, 0, 0, 0, 0, 0, 0, 0, 0, 2, 0, 0, 0, 0, 0, 0, 0, 1, 1, 0, 1, 1, 0, 2, 0, 0, 0, 1, 0, 0, 0, 0, 1, 0, 0, 2, 2, 2, 0, 0, 0, 0, 0, 0, 0, 0, 0, 2, 2, 3, 0, 2, 1, 2, 1, 4, 3, 6, 5, 3, 3, 2, 2, 4, 2, 335, 0, 0, 0, 0, 0, 0]",4,14.263906121698126,-1,0
1928,"[1, 1, 0, 0, 1, 3, 0, 1, 0, 1, 0, 0, 1, 0, 2, 0, 0, 0, 0, 0, 0, 0, 0, 0, 2, 0, 0, 0, 0, 0, 0, 0, 1, 1, 0, 1, 1, 0, 2, 0, 0, 0, 1, 0, 0, 0, 0, 1, 0, 0, 2, 2, 2, 0, 0, 0, 0, 0, 0, 0, 0, 0, 2, 2, 3, 0, 2, 1, 2, 1, 4, 3, 6, 5, 3, 3, 2, 2, 4, 2, 335, 1, 0, 0, 0, 0, 0]",3,0.20089925463218825,-1,1
1929,"[1, 1, 0, 0, 1, 3, 0, 1, 0, 1, 0, 0, 1, 0, 2, 0, 0, 0, 0, 0, 0, 0, 0, 0, 2, 0, 0, 0, 0, 0, 0, 0, 1, 1, 0, 1, 1, 0, 2, 0, 0, 0, 1, 0, 0, 0, 0, 1, 0, 0, 2, 2, 2, 0, 0, 0, 0, 0, 0, 0, 0, 0, 2, 2, 3, 0, 2, 1, 2, 1, 4, 3, 6, 5, 3, 3, 2, 2, 4, 2, 335, 0, 0, 0, 0, 0, 0]",-1,-0.0017542177050422513,-1,1
1930,"[1, 1, 0, 0, 1, 3, 0, 1, 0, 1, 0, 0, 1, 0, 2, 0, 0, 0, 0, 0, 0, 0, 0, 0, 2, 0, 0, 0, 0, 0, 0, 0, 1, 1, 0, 1, 1, 0, 2, 0, 0, 0, 1, 0, 0, 0, 0, 1, 0, 0, 2, 2, 2, 0, 0, 0, 0, 0, 0, 0, 0, 0, 2, 2, 3, 0, 2, 1, 2, 1, 4, 3, 6, 5, 3, 3, 2, 2, 4, 2, 335, 1, 0, 0, 0, 0, 0]",3,0.20089925463218825,-1,0
1931,"[1, 1, 0, 0, 1, 3, 0, 1, 0, 1, 0, 0, 1, 0, 2, 0, 0, 0, 0, 0, 0, 0, 0, 0, 2, 0, 0, 0, 0, 0, 0, 0, 1, 1, 0, 1, 1, 0, 2, 0, 0, 0, 1, 0, 0, 0, 0, 1, 0, 0, 2, 2, 2, 0, 0, 0, 0, 0, 0, 0, 0, 0, 2, 2, 3, 0, 2, 1, 2, 1, 4, 3, 6, 5, 3, 3, 2, 2, 4, 2, 335, 0, 0, 0, 0, 0, 0]",-1,-0.0017542177050422513,-1,0
1932,"[1, 1, 0, 0, 1, 3, 0, 1, 0, 1, 0, 0, 1, 0, 2, 0, 0, 0, 0, 0, 0, 0, 0, 0, 2, 0, 0, 0, 0, 0, 0, 0, 1, 1, 0, 1, 1, 0, 2, 0, 0, 0, 1, 0, 0, 0, 0, 1, 0, 0, 2, 2, 2, 0, 0, 0, 0, 0, 0, 0, 0, 0, 2, 2, 3, 0, 2, 1, 2, 1, 4, 3, 6, 5, 3, 3, 2, 2, 4, 2, 335, 1, 0, 0, 0, 0, 0]",3,0.20089925463218825,-1,0
1933,"[1, 1, 0, 0, 1, 3, 0, 1, 0, 1, 0, 0, 1, 0, 2, 0, 0, 0, 0, 0, 0, 0, 0, 0, 2, 0, 0, 0, 0, 0, 0, 0, 1, 1, 0, 1, 1, 0, 2, 0, 0, 0, 1, 0, 0, 0, 0, 1, 0, 0, 2, 2, 2, 0, 0, 0, 0, 0, 0, 0, 0, 0, 2, 2, 3, 0, 2, 1, 2, 1, 4, 3, 6, 5, 3, 3, 2, 2, 4, 2, 335, 0, 0, 0, 0, 0, 0]",-1,-0.0017542177050422513,-1,0
1934,"[1, 1, 0, 0, 1, 3, 0, 1, 0, 1, 0, 0, 1, 0, 2, 0, 0, 0, 0, 0, 0, 0, 0, 0, 2, 0, 0, 0, 0, 0, 0, 0, 1, 1, 0, 1, 1, 0, 2, 0, 0, 0, 1, 0, 0, 0, 0, 1, 0, 0, 2, 2, 2, 0, 0, 0, 0, 0, 0, 0, 0, 0, 2, 2, 3, 0, 2, 1, 2, 1, 4, 3, 6, 5, 3, 3, 2, 2, 4, 2, 335, 0, 0, 0, 0, 0, 0]",1,0.610523369731805,-1,0
1935,"[1, 1, 0, 0, 1, 3, 0, 1, 0, 1, 0, 0, 1, 0, 2, 0, 0, 0, 0, 0, 0, 0, 0, 0, 2, 0, 0, 0, 0, 0, 0, 0, 1, 1, 0, 1, 1, 0, 2, 0, 0, 0, 1, 0, 0, 0, 0, 1, 0, 0, 2, 2, 2, 0, 0, 0, 0, 0, 0, 0, 0, 0, 2, 2, 3, 0, 2, 1, 2, 1, 4, 3, 6, 5, 3, 3, 2, 2, 4, 2, 335, 0, 0, 0, 0, 0, 0]",-1,-0.0017542177050422513,-1,0
1936,"[1, 1, 0, 0, 1, 3, 0, 1, 0, 1, 0, 0, 1, 0, 2, 0, 0, 0, 0, 0, 0, 0, 0, 0, 2, 0, 0, 0, 0, 0, 0, 0, 1, 1, 0, 1, 1, 0, 2, 0, 0, 0, 1, 0, 0, 0, 0, 1, 0, 0, 2, 2, 2, 0, 0, 0, 0, 0, 0, 0, 0, 0, 2, 2, 3, 0, 2, 1, 2, 1, 4, 3, 6, 5, 3, 3, 2, 2, 4, 2, 335, 0, 1, 0, 0, 0, 0]",2,0.40089925463218823,-1,0
1937,"[1, 1, 0, 0, 1, 3, 0, 1, 0, 1, 0, 0, 1, 0, 2, 0, 0, 0, 0, 0, 0, 0, 0, 0, 2, 0, 0, 0, 0, 0, 0, 0, 1, 1, 0, 1, 1, 0, 2, 0, 0, 0, 1, 0, 0, 0, 0, 1, 0, 0, 2, 2, 2, 0, 0, 0, 0, 0, 0, 0, 0, 0, 2, 2, 3, 0, 2, 1, 2, 1, 4, 3, 6, 5, 3, 3, 2, 2, 4, 2, 335, 0, 1, 0, 0, 1, 0]","[[1 0 0 0]
 [0 0 0 1]]",0.6513241196902791,-1,0
1938,"[1, 1, 0, 0, 1, 3, 0, 1, 0, 1, 0, 0, 1, 0, 2, 0, 0, 0, 0, 0, 0, 0, 0, 0, 2, 0, 0, 0, 0, 0, 0, 0, 1, 1, 0, 1, 1, 0, 2, 0, 0, 0, 1, 0, 0, 0, 0, 1, 0, 0, 2, 2, 2, 0, 0, 0, 0, 0, 0, 0, 0, 0, 2, 2, 3, 0, 2, 1, 2, 1, 4, 3, 6, 5, 3, 3, 2, 2, 4, 2, 335, 0, 0, 0, 0, 0, 0]",1,-16.01048904620971,-1,1
1939,"[1, 1, 0, 0, 1, 3, 0, 1, 0, 1, 0, 0, 1, 0, 2, 0, 0, 0, 0, 0, 0, 0, 0, 0, 2, 0, 0, 0, 0, 0, 0, 0, 1, 1, 0, 1, 1, 0, 2, 0, 0, 0, 1, 0, 0, 0, 0, 1, 0, 0, 2, 2, 2, 0, 0, 0, 0, 0, 0, 0, 0, 0, 2, 2, 3, 0, 2, 1, 2, 1, 4, 3, 6, 5, 3, 3, 2, 2, 4, 2, 335, 0, 1, 0, 0, 0, 0]",2,0.40089925463218823,-1,0
1940,"[1, 1, 0, 0, 1, 3, 0, 1, 0, 1, 0, 0, 1, 0, 2, 0, 0, 0, 0, 0, 0, 0, 0, 0, 2, 0, 0, 0, 0, 0, 0, 0, 1, 1, 0, 1, 1, 0, 2, 0, 0, 0, 1, 0, 0, 0, 0, 1, 0, 0, 2, 2, 2, 0, 0, 0, 0, 0, 0, 0, 0, 0, 2, 2, 3, 0, 2, 1, 2, 1, 4, 3, 6, 5, 3, 3, 2, 2, 4, 2, 335, 0, 1, 0, 0, 1, 0]","[[0 1 0 0]
 [0 0 0 1]]",0.6513241196902791,-1,0
1941,"[1, 0, 0, 1, 1, 4, 0, 0, 0, 1, 0, 0, 1, 0, 2, 0, 0, 0, 0, 0, 0, 0, 0, 0, 2, 0, 0, 0, 0, 0, 0, 0, 1, 1, 0, 1, 1, 0, 2, 0, 0, 0, 1, 0, 0, 0, 0, 1, 0, 0, 2, 2, 2, 0, 0, 0, 0, 0, 0, 0, 0, 0, 2, 2, 3, 0, 2, 1, 2, 1, 4, 3, 6, 5, 3, 3, 2, 2, 4, 2, 335, 0, 0, 0, 0, 0, 0]",0,-0.19910074536781178,-1,1
1942,"[1, 0, 0, 1, 1, 4, 0, 0, 0, 1, 0, 0, 1, 0, 2, 0, 0, 0, 0, 0, 0, 0, 0, 0, 2, 0, 0, 0, 0, 0, 0, 0, 1, 1, 0, 1, 1, 0, 2, 0, 0, 0, 1, 0, 0, 0, 0, 1, 0, 0, 2, 2, 2, 0, 0, 0, 0, 0, 0, 0, 0, 0, 2, 2, 3, 0, 2, 1, 2, 1, 4, 3, 6, 5, 3, 3, 2, 2, 4, 2, 335, 0, 1, 0, 0, 0, 0]",2,0.40089925463218823,-1,0
1943,"[1, 0, 0, 1, 1, 4, 0, 0, 0, 1, 0, 0, 1, 0, 2, 0, 0, 0, 0, 0, 0, 0, 0, 0, 2, 0, 0, 0, 0, 0, 0, 0, 1, 1, 0, 1, 1, 0, 2, 0, 0, 0, 1, 0, 0, 0, 0, 1, 0, 0, 2, 2, 2, 0, 0, 0, 0, 0, 0, 0, 0, 0, 2, 2, 3, 0, 2, 1, 2, 1, 4, 3, 6, 5, 3, 3, 2, 2, 4, 2, 335, 0, 1, 0, 0, 1, 0]","[[1 0 0 0]
 [0 1 0 0]]",0.6513241196902791,-1,0
1944,"[1, 0, 0, 1, 1, 4, 0, 0, 0, 1, 0, 0, 1, 0, 2, 0, 0, 0, 0, 0, 0, 0, 0, 0, 2, 0, 0, 0, 0, 0, 0, 0, 1, 1, 0, 1, 1, 0, 2, 0, 0, 0, 1, 0, 0, 0, 0, 1, 0, 0, 2, 2, 2, 0, 0, 0, 0, 0, 0, 0, 0, 0, 2, 2, 3, 0, 2, 1, 2, 1, 4, 3, 6, 5, 3, 3, 2, 2, 4, 2, 335, 0, 0, 0, 0, 0, 0]",1,-16.01048904620971,-1,1
1945,"[1, 0, 0, 1, 1, 2, 0, 0, 0, 1, 0, 0, 1, 0, 2, 0, 0, 0, 0, 0, 0, 0, 0, 0, 2, 0, 0, 0, 0, 0, 0, 0, 1, 1, 0, 1, 1, 0, 2, 0, 0, 0, 1, 0, 0, 0, 0, 1, 0, 0, 2, 2, 2, 0, 0, 0, 0, 0, 0, 0, 0, 0, 2, 2, 3, 0, 2, 1, 2, 1, 4, 3, 6, 5, 3, 3, 2, 2, 4, 6, 336, 0, 0, 0, 0, 0, 0]",4,14.263835753407845,-1,0
1946,"[1, 0, 0, 1, 1, 2, 0, 0, 0, 1, 0, 0, 1, 0, 2, 0, 0, 0, 0, 0, 0, 0, 0, 0, 2, 0, 0, 0, 0, 0, 0, 0, 1, 1, 0, 1, 1, 0, 2, 0, 0, 0, 1, 0, 0, 0, 0, 1, 0, 0, 2, 2, 2, 0, 0, 0, 0, 0, 0, 0, 0, 0, 2, 2, 3, 0, 2, 1, 2, 1, 4, 3, 6, 5, 3, 3, 2, 2, 4, 6, 336, 1, 0, 0, 0, 0, 0]",3,0.2008641467039824,-1,1
1947,"[1, 0, 0, 1, 1, 2, 0, 0, 0, 1, 0, 0, 1, 0, 2, 0, 0, 0, 0, 0, 0, 0, 0, 0, 2, 0, 0, 0, 0, 0, 0, 0, 1, 1, 0, 1, 1, 0, 2, 0, 0, 0, 1, 0, 0, 0, 0, 1, 0, 0, 2, 2, 2, 0, 0, 0, 0, 0, 0, 0, 0, 0, 2, 2, 3, 0, 2, 1, 2, 1, 4, 3, 6, 5, 3, 3, 2, 2, 4, 6, 336, 0, 0, 0, 0, 0, 0]",-1,-0.0017367629472369282,-1,1
1948,"[1, 0, 0, 1, 1, 2, 0, 0, 0, 1, 0, 0, 1, 0, 2, 0, 0, 0, 0, 0, 0, 0, 0, 0, 2, 0, 0, 0, 0, 0, 0, 0, 1, 1, 0, 1, 1, 0, 2, 0, 0, 0, 1, 0, 0, 0, 0, 1, 0, 0, 2, 2, 2, 0, 0, 0, 0, 0, 0, 0, 0, 0, 2, 2, 3, 0, 2, 1, 2, 1, 4, 3, 6, 5, 3, 3, 2, 2, 4, 6, 336, 1, 0, 0, 0, 0, 0]",3,0.2008641467039824,-1,0
1949,"[1, 0, 0, 1, 1, 2, 0, 0, 0, 1, 0, 0, 1, 0, 2, 0, 0, 0, 0, 0, 0, 0, 0, 0, 2, 0, 0, 0, 0, 0, 0, 0, 1, 1, 0, 1, 1, 0, 2, 0, 0, 0, 1, 0, 0, 0, 0, 1, 0, 0, 2, 2, 2, 0, 0, 0, 0, 0, 0, 0, 0, 0, 2, 2, 3, 0, 2, 1, 2, 1, 4, 3, 6, 5, 3, 3, 2, 2, 4, 6, 336, 0, 0, 0, 0, 0, 0]",-1,-0.0017367629472369282,-1,0
1950,"[1, 0, 0, 1, 1, 2, 0, 0, 0, 1, 0, 0, 1, 0, 2, 0, 0, 0, 0, 0, 0, 0, 0, 0, 2, 0, 0, 0, 0, 0, 0, 0, 1, 1, 0, 1, 1, 0, 2, 0, 0, 0, 1, 0, 0, 0, 0, 1, 0, 0, 2, 2, 2, 0, 0, 0, 0, 0, 0, 0, 0, 0, 2, 2, 3, 0, 2, 1, 2, 1, 4, 3, 6, 5, 3, 3, 2, 2, 4, 6, 336, 1, 0, 0, 0, 0, 0]",3,0.2008641467039824,-1,0
1951,"[1, 0, 0, 1, 1, 2, 0, 0, 0, 1, 0, 0, 1, 0, 2, 0, 0, 0, 0, 0, 0, 0, 0, 0, 2, 0, 0, 0, 0, 0, 0, 0, 1, 1, 0, 1, 1, 0, 2, 0, 0, 0, 1, 0, 0, 0, 0, 1, 0, 0, 2, 2, 2, 0, 0, 0, 0, 0, 0, 0, 0, 0, 2, 2, 3, 0, 2, 1, 2, 1, 4, 3, 6, 5, 3, 3, 2, 2, 4, 6, 336, 0, 0, 0, 0, 0, 0]",-1,-0.0017367629472369282,-1,0
1952,"[1, 0, 0, 1, 3, 2, 0, 0, 0, 1, 0, 0, 1, 0, 2, 0, 0, 0, 0, 0, 0, 0, 0, 0, 2, 0, 0, 0, 0, 0, 0, 0, 1, 1, 0, 1, 1, 0, 2, 0, 0, 0, 1, 0, 0, 0, 0, 1, 0, 0, 2, 2, 2, 0, 0, 0, 0, 0, 0, 0, 0, 0, 2, 2, 3, 0, 2, 1, 2, 1, 4, 3, 6, 5, 3, 3, 2, 2, 4, 6, 337, 0, 0, 0, 0, 0, 0]",4,14.26376710090097,-1,0
1953,"[1, 0, 0, 1, 5, 2, 0, 0, 0, 1, 0, 0, 1, 0, 2, 0, 0, 0, 0, 0, 0, 0, 0, 0, 2, 0, 0, 0, 0, 0, 0, 0, 1, 1, 0, 1, 1, 0, 2, 0, 0, 0, 1, 0, 0, 0, 0, 1, 0, 0, 2, 2, 2, 0, 0, 0, 0, 0, 0, 0, 0, 0, 2, 2, 3, 0, 2, 1, 2, 1, 4, 3, 6, 5, 3, 3, 2, 2, 4, 6, 338, 0, 0, 0, 0, 0, 0]",4,10.989207735090877,-1,1
1954,"[1, 0, 0, 1, 5, 2, 0, 0, 0, 1, 0, 0, 1, 0, 2, 0, 0, 0, 0, 0, 0, 0, 0, 0, 2, 0, 0, 0, 0, 0, 0, 0, 1, 1, 0, 1, 1, 0, 2, 0, 0, 0, 1, 0, 0, 0, 0, 1, 0, 0, 2, 2, 2, 0, 0, 0, 0, 0, 0, 0, 0, 0, 2, 2, 3, 0, 2, 1, 2, 1, 4, 3, 6, 5, 3, 3, 2, 2, 4, 6, 338, 1, 0, 0, 0, 0, 0]",3,0.20079797302979882,-1,0
1955,"[1, 0, 0, 1, 5, 2, 0, 0, 0, 1, 0, 0, 1, 0, 2, 0, 0, 0, 0, 0, 0, 0, 0, 0, 2, 0, 0, 0, 0, 0, 0, 0, 1, 1, 0, 1, 1, 0, 2, 0, 0, 0, 1, 0, 0, 0, 0, 1, 0, 0, 2, 2, 2, 0, 0, 0, 0, 0, 0, 0, 0, 0, 2, 2, 3, 0, 2, 1, 2, 1, 4, 3, 6, 5, 3, 3, 2, 2, 4, 6, 338, 0, 0, 0, 0, 0, 0]",-1,-0.0017023727367299674,-1,0
1956,"[1, 0, 0, 1, 5, 2, 0, 0, 0, 1, 0, 0, 1, 0, 2, 0, 0, 0, 0, 0, 0, 0, 0, 0, 2, 0, 0, 0, 0, 0, 0, 0, 1, 1, 0, 1, 1, 0, 2, 0, 0, 0, 1, 0, 0, 0, 0, 1, 0, 0, 2, 2, 2, 0, 0, 0, 0, 0, 0, 0, 0, 0, 2, 2, 3, 0, 2, 1, 2, 1, 4, 3, 6, 5, 3, 3, 2, 2, 4, 6, 338, 1, 0, 0, 0, 0, 0]",3,0.20079797302979882,-1,0
1957,"[1, 0, 0, 1, 5, 2, 0, 0, 0, 1, 0, 0, 1, 0, 2, 0, 0, 0, 0, 0, 0, 0, 0, 0, 2, 0, 0, 0, 0, 0, 0, 0, 1, 1, 0, 1, 1, 0, 2, 0, 0, 0, 1, 0, 0, 0, 0, 1, 0, 0, 2, 2, 2, 0, 0, 0, 0, 0, 0, 0, 0, 0, 2, 2, 3, 0, 2, 1, 2, 1, 4, 3, 6, 5, 3, 3, 2, 2, 4, 6, 338, 0, 0, 0, 0, 0, 0]",-1,-0.0017023727367299674,-1,0
1958,"[1, 0, 0, 1, 5, 2, 0, 0, 0, 1, 0, 0, 1, 0, 2, 0, 0, 0, 0, 0, 0, 0, 0, 0, 2, 0, 0, 0, 0, 0, 0, 0, 1, 1, 0, 1, 1, 0, 2, 0, 0, 0, 1, 0, 0, 0, 0, 1, 0, 0, 2, 2, 2, 0, 0, 0, 0, 0, 0, 0, 0, 0, 2, 2, 3, 0, 2, 1, 2, 1, 4, 3, 6, 5, 3, 3, 2, 2, 4, 6, 338, 0, 1, 0, 0, 0, 0]",2,0.4007979730297988,-1,0
1959,"[1, 0, 0, 1, 5, 2, 0, 0, 0, 1, 0, 0, 1, 0, 2, 0, 0, 0, 0, 0, 0, 0, 0, 0, 2, 0, 0, 0, 0, 0, 0, 0, 1, 1, 0, 1, 1, 0, 2, 0, 0, 0, 1, 0, 0, 0, 0, 1, 0, 0, 2, 2, 2, 0, 0, 0, 0, 0, 0, 0, 0, 0, 2, 2, 3, 0, 2, 1, 2, 1, 4, 3, 6, 5, 3, 3, 2, 2, 4, 6, 338, 0, 1, 0, 0, 1, 0]","[[0 0 0 1]
 [0 1 0 0]]",0.6512228380878897,-1,0
1960,"[1, 0, 0, 1, 5, 2, 0, 0, 0, 1, 0, 0, 1, 0, 2, 0, 0, 0, 0, 0, 0, 0, 0, 0, 2, 0, 0, 0, 0, 0, 0, 0, 1, 1, 0, 1, 1, 0, 2, 0, 0, 0, 1, 0, 0, 0, 0, 1, 0, 0, 2, 2, 2, 0, 0, 0, 0, 0, 0, 0, 0, 0, 2, 2, 3, 0, 2, 1, 2, 1, 4, 3, 6, 5, 3, 3, 2, 2, 4, 6, 338, 0, 0, 0, 0, 0, 0]",1,-16.010590327812096,-1,1
1961,"[1, 0, 0, 1, 5, 2, 0, 0, 0, 1, 0, 0, 1, 0, 2, 0, 0, 0, 0, 0, 0, 0, 0, 0, 2, 0, 0, 0, 0, 0, 0, 0, 1, 1, 0, 1, 1, 0, 2, 0, 0, 0, 1, 0, 0, 0, 0, 1, 0, 0, 2, 2, 2, 0, 0, 0, 0, 0, 0, 0, 0, 0, 2, 2, 3, 0, 2, 1, 2, 1, 4, 3, 6, 5, 3, 3, 2, 2, 4, 6, 338, 1, 0, 0, 0, 0, 0]",3,0.20079797302979882,-1,0
1962,"[1, 0, 0, 1, 5, 2, 0, 0, 0, 1, 0, 0, 1, 0, 2, 0, 0, 0, 0, 0, 0, 0, 0, 0, 2, 0, 0, 0, 0, 0, 0, 0, 1, 1, 0, 1, 1, 0, 2, 0, 0, 0, 1, 0, 0, 0, 0, 1, 0, 0, 2, 2, 2, 0, 0, 0, 0, 0, 0, 0, 0, 0, 2, 2, 3, 0, 2, 1, 2, 1, 4, 3, 6, 5, 3, 3, 2, 2, 4, 6, 338, 0, 0, 0, 0, 0, 0]",-1,-0.0017023727367299674,-1,0
1963,"[1, 0, 0, 1, 5, 2, 0, 0, 0, 1, 0, 0, 1, 0, 2, 0, 0, 0, 0, 0, 0, 0, 0, 0, 2, 0, 0, 0, 0, 0, 0, 0, 1, 1, 0, 1, 1, 0, 2, 0, 0, 0, 1, 0, 0, 0, 0, 1, 0, 0, 2, 2, 2, 0, 0, 0, 0, 0, 0, 0, 0, 0, 2, 2, 3, 0, 2, 1, 2, 1, 4, 3, 6, 5, 3, 3, 2, 2, 4, 6, 338, 0, 0, 0, 0, 0, 0]",0,0.2435168454533719,-1,0
1964,"[1, 0, 0, 1, 5, 2, 0, 0, 0, 1, 0, 0, 1, 0, 2, 0, 0, 0, 0, 0, 0, 0, 0, 0, 2, 0, 0, 0, 0, 0, 0, 0, 1, 1, 0, 1, 1, 0, 2, 0, 0, 0, 1, 0, 0, 0, 0, 1, 0, 0, 2, 2, 2, 0, 0, 0, 0, 0, 0, 0, 0, 0, 2, 2, 3, 0, 2, 1, 2, 1, 4, 3, 6, 5, 3, 3, 2, 2, 4, 6, 338, 0, 0, 0, 0, 0, 0]",-1,-0.0017023727367299674,-1,0
1965,"[1, 1, 0, 1, 5, 3, 0, 0, 0, 1, 0, 0, 1, 0, 2, 0, 0, 0, 0, 0, 0, 0, 0, 0, 2, 0, 0, 0, 0, 0, 0, 0, 1, 1, 0, 1, 1, 0, 2, 0, 0, 0, 1, 0, 0, 0, 0, 1, 0, 0, 2, 2, 2, 0, 0, 0, 0, 0, 0, 0, 0, 0, 2, 2, 3, 0, 2, 1, 2, 1, 4, 3, 6, 5, 3, 3, 2, 2, 4, 6, 339, 0, 0, 0, 0, 0, 0]",4,14.537564833505884,-1,0
1966,"[1, 1, 0, 1, 5, 3, 0, 0, 0, 1, 0, 0, 1, 0, 2, 0, 0, 0, 0, 0, 0, 0, 0, 0, 2, 0, 0, 0, 0, 0, 0, 0, 1, 1, 0, 1, 1, 0, 2, 0, 0, 0, 1, 0, 0, 0, 0, 1, 0, 0, 2, 2, 2, 0, 0, 0, 0, 0, 0, 0, 0, 0, 2, 2, 3, 0, 2, 1, 2, 1, 4, 3, 6, 5, 3, 3, 2, 2, 4, 6, 339, 0, 0, 0, 0, 0, 0]",0,0.3429844724913378,-1,1
1967,"[1, 1, 0, 1, 5, 3, 0, 0, 0, 1, 0, 0, 1, 0, 2, 0, 0, 0, 0, 0, 0, 0, 0, 0, 2, 0, 0, 0, 0, 0, 0, 0, 1, 1, 0, 1, 1, 0, 2, 0, 0, 0, 1, 0, 0, 0, 0, 1, 0, 0, 2, 2, 2, 0, 0, 0, 0, 0, 0, 0, 0, 0, 2, 2, 3, 0, 2, 1, 2, 1, 4, 3, 6, 5, 3, 3, 2, 2, 4, 6, 339, 0, 0, 0, 0, 0, 0]",-1,-0.00168543384497862,-1,1
1968,"[1, 1, 0, 1, 5, 3, 0, 0, 0, 1, 0, 0, 1, 0, 2, 0, 0, 0, 0, 0, 0, 0, 0, 0, 2, 0, 0, 0, 0, 0, 0, 0, 1, 1, 0, 1, 1, 0, 2, 0, 0, 0, 1, 0, 0, 0, 0, 1, 0, 0, 2, 2, 2, 0, 0, 0, 0, 0, 0, 0, 0, 0, 2, 2, 3, 0, 2, 1, 2, 1, 4, 3, 6, 5, 3, 3, 2, 2, 4, 6, 340, 0, 0, 0, 0, 0, 0]",4,11.03062595212121,-1,1
1969,"[1, 1, 0, 1, 5, 3, 0, 0, 0, 1, 0, 0, 1, 0, 2, 0, 0, 0, 0, 0, 0, 0, 0, 0, 2, 0, 0, 0, 0, 0, 0, 0, 1, 1, 0, 1, 1, 0, 2, 0, 0, 0, 1, 0, 0, 0, 0, 1, 0, 0, 2, 2, 2, 0, 0, 0, 0, 0, 0, 0, 0, 0, 2, 2, 3, 0, 2, 1, 2, 1, 4, 3, 6, 5, 3, 3, 2, 2, 4, 6, 340, 0, 0, 0, 0, 0, 0]",0,0.24345572040346028,-1,0
1970,"[1, 1, 0, 1, 5, 3, 0, 0, 0, 1, 0, 0, 1, 0, 2, 0, 0, 0, 0, 0, 0, 0, 0, 0, 2, 0, 0, 0, 0, 0, 0, 0, 1, 1, 0, 1, 1, 0, 2, 0, 0, 0, 1, 0, 0, 0, 0, 1, 0, 0, 2, 2, 2, 0, 0, 0, 0, 0, 0, 0, 0, 0, 2, 2, 3, 0, 2, 1, 2, 1, 4, 3, 6, 5, 3, 3, 2, 2, 4, 6, 340, 0, 0, 0, 0, 0, 0]",-1,-0.0016686634980163041,-1,0
1971,"[1, 1, 0, 1, 5, 3, 0, 0, 0, 1, 0, 0, 1, 0, 2, 0, 0, 0, 0, 0, 0, 0, 0, 0, 2, 0, 0, 0, 0, 0, 0, 0, 1, 1, 0, 1, 1, 0, 2, 0, 0, 0, 1, 0, 0, 0, 0, 1, 0, 0, 2, 2, 2, 0, 0, 0, 0, 0, 0, 0, 0, 0, 2, 2, 3, 0, 2, 1, 2, 1, 4, 3, 6, 5, 3, 3, 2, 2, 4, 6, 340, 0, 0, 0, 0, 0, 0]",0,0.24345572040346028,-1,0
1972,"[1, 1, 0, 1, 5, 3, 0, 0, 0, 1, 0, 0, 1, 0, 2, 0, 0, 0, 0, 0, 0, 0, 0, 0, 2, 0, 0, 0, 0, 0, 0, 0, 1, 1, 0, 1, 1, 0, 2, 0, 0, 0, 1, 0, 0, 0, 0, 1, 0, 0, 2, 2, 2, 0, 0, 0, 0, 0, 0, 0, 0, 0, 2, 2, 3, 0, 2, 1, 2, 1, 4, 3, 6, 5, 3, 3, 2, 2, 4, 6, 340, 0, 0, 0, 0, 0, 0]",-1,-0.0016686634980163041,-1,0
1973,"[1, 1, 0, 1, 5, 3, 0, 0, 0, 1, 0, 0, 1, 0, 2, 0, 0, 0, 0, 0, 0, 0, 0, 0, 2, 0, 0, 0, 0, 0, 0, 0, 1, 1, 0, 1, 1, 0, 2, 0, 0, 0, 1, 0, 0, 0, 0, 1, 0, 0, 2, 2, 2, 0, 0, 0, 0, 0, 0, 0, 0, 0, 2, 2, 3, 0, 2, 1, 2, 1, 4, 3, 6, 5, 3, 3, 2, 2, 4, 6, 340, 0, 0, 0, 0, 0, 0]",0,0.24345572040346028,-1,0
1974,"[1, 1, 0, 1, 5, 3, 0, 0, 0, 1, 0, 0, 1, 0, 2, 0, 0, 0, 0, 0, 0, 0, 0, 0, 2, 0, 0, 0, 0, 0, 0, 0, 1, 1, 0, 1, 1, 0, 2, 0, 0, 0, 1, 0, 0, 0, 0, 1, 0, 0, 2, 2, 2, 0, 0, 0, 0, 0, 0, 0, 0, 0, 2, 2, 3, 0, 2, 1, 2, 1, 4, 3, 6, 5, 3, 3, 2, 2, 4, 6, 340, 0, 0, 0, 0, 0, 0]",-1,-0.0016686634980163041,-1,0
1975,"[1, 1, 0, 1, 5, 3, 0, 0, 0, 1, 0, 0, 1, 0, 2, 0, 0, 0, 0, 0, 0, 0, 0, 0, 2, 0, 0, 0, 0, 0, 0, 0, 1, 1, 0, 1, 1, 0, 2, 0, 0, 0, 1, 0, 0, 0, 0, 1, 0, 0, 2, 2, 2, 0, 0, 0, 0, 0, 0, 0, 0, 0, 2, 2, 3, 0, 2, 1, 2, 1, 4, 3, 6, 5, 3, 3, 2, 2, 4, 6, 340, 0, 0, 0, 0, 0, 0]",0,0.24345572040346028,-1,0
1976,"[1, 1, 0, 1, 5, 3, 0, 0, 0, 1, 0, 0, 1, 0, 2, 0, 0, 0, 0, 0, 0, 0, 0, 0, 2, 0, 0, 0, 0, 0, 0, 0, 1, 1, 0, 1, 1, 0, 2, 0, 0, 0, 1, 0, 0, 0, 0, 1, 0, 0, 2, 2, 2, 0, 0, 0, 0, 0, 0, 0, 0, 0, 2, 2, 3, 0, 2, 1, 2, 1, 4, 3, 6, 5, 3, 3, 2, 2, 4, 6, 340, 0, 0, 0, 0, 0, 0]",-1,-0.0016686634980163041,-1,0
1977,"[1, 1, 0, 1, 5, 3, 0, 0, 0, 1, 0, 0, 1, 0, 2, 0, 0, 0, 0, 0, 0, 0, 0, 0, 2, 0, 0, 0, 0, 0, 0, 0, 1, 1, 0, 1, 1, 0, 2, 0, 0, 0, 1, 0, 0, 0, 0, 1, 0, 0, 2, 2, 2, 0, 0, 0, 0, 0, 0, 0, 0, 0, 2, 2, 3, 0, 2, 1, 2, 1, 4, 3, 6, 5, 3, 3, 2, 2, 4, 6, 340, 0, 0, 0, 0, 0, 0]",0,0.24345572040346028,-1,0
1978,"[1, 1, 0, 1, 5, 3, 0, 0, 0, 1, 0, 0, 1, 0, 2, 0, 0, 0, 0, 0, 0, 0, 0, 0, 2, 0, 0, 0, 0, 0, 0, 0, 1, 1, 0, 1, 1, 0, 2, 0, 0, 0, 1, 0, 0, 0, 0, 1, 0, 0, 2, 2, 2, 0, 0, 0, 0, 0, 0, 0, 0, 0, 2, 2, 3, 0, 2, 1, 2, 1, 4, 3, 6, 5, 3, 3, 2, 2, 4, 6, 340, 0, 0, 0, 0, 0, 0]",-1,-0.0016686634980163041,-1,0
1979,"[1, 1, 0, 1, 5, 3, 0, 0, 0, 1, 0, 0, 1, 0, 2, 0, 0, 0, 0, 0, 0, 0, 0, 0, 2, 0, 0, 0, 0, 0, 0, 0, 1, 1, 0, 1, 1, 0, 2, 0, 0, 0, 1, 0, 0, 0, 0, 1, 0, 0, 2, 2, 2, 0, 0, 0, 0, 0, 0, 0, 0, 0, 2, 2, 3, 0, 2, 1, 2, 1, 4, 3, 6, 5, 3, 3, 2, 2, 4, 6, 340, 0, 0, 0, 0, 0, 0]",0,0.24345572040346028,-1,0
1980,"[1, 1, 0, 1, 5, 3, 0, 0, 0, 1, 0, 0, 1, 0, 2, 0, 0, 0, 0, 0, 0, 0, 0, 0, 2, 0, 0, 0, 0, 0, 0, 0, 1, 1, 0, 1, 1, 0, 2, 0, 0, 0, 1, 0, 0, 0, 0, 1, 0, 0, 2, 2, 2, 0, 0, 0, 0, 0, 0, 0, 0, 0, 2, 2, 3, 0, 2, 1, 2, 1, 4, 3, 6, 5, 3, 3, 2, 2, 4, 6, 340, 0, 0, 0, 0, 0, 0]",-1,-0.0016686634980163041,-1,0
1981,"[1, 1, 0, 1, 5, 3, 0, 0, 0, 1, 0, 0, 1, 0, 2, 0, 0, 0, 0, 0, 0, 0, 0, 0, 2, 0, 0, 0, 0, 0, 0, 0, 1, 1, 0, 1, 1, 0, 2, 0, 0, 0, 1, 0, 0, 0, 0, 1, 0, 0, 2, 2, 2, 0, 0, 0, 0, 0, 0, 0, 0, 0, 2, 2, 3, 0, 2, 1, 2, 1, 4, 3, 6, 5, 3, 3, 2, 2, 4, 6, 340, 0, 0, 0, 0, 0, 0]",0,0.24345572040346028,-1,0
1982,"[1, 1, 0, 1, 5, 3, 0, 0, 0, 1, 0, 0, 1, 0, 2, 0, 0, 0, 0, 0, 0, 0, 0, 0, 2, 0, 0, 0, 0, 0, 0, 0, 1, 1, 0, 1, 1, 0, 2, 0, 0, 0, 1, 0, 0, 0, 0, 1, 0, 0, 2, 2, 2, 0, 0, 0, 0, 0, 0, 0, 0, 0, 2, 2, 3, 0, 2, 1, 2, 1, 4, 3, 6, 5, 3, 3, 2, 2, 4, 6, 340, 0, 0, 0, 0, 0, 0]",-1,-0.0016686634980163041,-1,0
1983,"[1, 1, 0, 1, 5, 3, 0, 0, 0, 1, 0, 0, 1, 0, 2, 0, 0, 0, 0, 0, 0, 0, 0, 0, 2, 0, 0, 0, 0, 0, 0, 0, 1, 1, 0, 1, 1, 0, 2, 0, 0, 0, 1, 0, 0, 0, 0, 1, 0, 0, 2, 2, 2, 0, 0, 0, 0, 0, 0, 0, 0, 0, 2, 2, 3, 0, 2, 1, 2, 1, 4, 3, 6, 5, 3, 3, 2, 2, 4, 6, 340, 0, 1, 0, 0, 0, 0]",2,0.4007368479798872,-1,0
1984,"[1, 1, 0, 1, 5, 3, 0, 0, 0, 1, 0, 0, 1, 0, 2, 0, 0, 0, 0, 0, 0, 0, 0, 0, 2, 0, 0, 0, 0, 0, 0, 0, 1, 1, 0, 1, 1, 0, 2, 0, 0, 0, 1, 0, 0, 0, 0, 1, 0, 0, 2, 2, 2, 0, 0, 0, 0, 0, 0, 0, 0, 0, 2, 2, 3, 0, 2, 1, 2, 1, 4, 3, 6, 5, 3, 3, 2, 2, 4, 6, 340, 0, 0, 0, 0, 0, 0]",-1,-0.0016686634980163041,-1,0
1985,"[1, 1, 0, 1, 5, 3, 0, 0, 0, 1, 0, 0, 1, 0, 2, 0, 0, 0, 0, 0, 0, 0, 0, 0, 2, 0, 0, 0, 0, 0, 0, 0, 1, 1, 0, 1, 1, 0, 2, 0, 0, 0, 1, 0, 0, 0, 0, 1, 0, 0, 2, 2, 2, 0, 0, 0, 0, 0, 0, 0, 0, 0, 2, 2, 3, 0, 2, 1, 2, 1, 4, 3, 6, 5, 3, 3, 2, 2, 4, 6, 340, 1, 0, 0, 0, 0, 0]",3,0.2007368479798872,-1,0
1986,"[1, 1, 0, 1, 5, 3, 0, 0, 0, 1, 0, 0, 1, 0, 2, 0, 0, 0, 0, 0, 0, 0, 0, 0, 2, 0, 0, 0, 0, 0, 0, 0, 1, 1, 0, 1, 1, 0, 2, 0, 0, 0, 1, 0, 0, 0, 0, 1, 0, 0, 2, 2, 2, 0, 0, 0, 0, 0, 0, 0, 0, 0, 2, 2, 3, 0, 2, 1, 2, 1, 4, 3, 6, 5, 3, 3, 2, 2, 4, 6, 340, 0, 0, 0, 0, 0, 0]",-1,-0.0016686634980163041,-1,0
1987,"[1, 1, 0, 1, 5, 3, 0, 0, 0, 1, 0, 0, 1, 0, 2, 0, 0, 0, 0, 0, 0, 0, 0, 0, 2, 0, 0, 0, 0, 0, 0, 0, 1, 1, 0, 1, 1, 0, 2, 0, 0, 0, 1, 0, 0, 0, 0, 1, 0, 0, 2, 2, 2, 0, 0, 0, 0, 0, 0, 0, 0, 0, 2, 2, 3, 0, 2, 1, 2, 1, 4, 3, 6, 5, 3, 3, 2, 2, 4, 6, 340, 0, 1, 0, 0, 0, 0]",2,0.4007368479798872,-1,0
1988,"[1, 1, 0, 1, 5, 3, 0, 0, 0, 1, 0, 0, 1, 0, 2, 0, 0, 0, 0, 0, 0, 0, 0, 0, 2, 0, 0, 0, 0, 0, 0, 0, 1, 1, 0, 1, 1, 0, 2, 0, 0, 0, 1, 0, 0, 0, 0, 1, 0, 0, 2, 2, 2, 0, 0, 0, 0, 0, 0, 0, 0, 0, 2, 2, 3, 0, 2, 1, 2, 1, 4, 3, 6, 5, 3, 3, 2, 2, 4, 6, 340, 0, 0, 0, 0, 0, 0]",-1,-0.0016686634980163041,-1,0
1989,"[1, 1, 0, 1, 5, 3, 0, 0, 0, 1, 0, 0, 1, 0, 2, 0, 0, 0, 0, 0, 0, 0, 0, 0, 2, 0, 0, 0, 0, 0, 0, 0, 1, 1, 0, 1, 1, 0, 2, 0, 0, 0, 1, 0, 0, 0, 0, 1, 0, 0, 2, 2, 2, 0, 0, 0, 0, 0, 0, 0, 0, 0, 2, 2, 3, 0, 2, 1, 2, 1, 4, 3, 6, 5, 3, 3, 2, 2, 4, 6, 340, 1, 0, 0, 0, 0, 0]",3,0.2007368479798872,-1,0
1990,"[1, 1, 0, 1, 5, 3, 0, 0, 0, 1, 0, 0, 1, 0, 2, 0, 0, 0, 0, 0, 0, 0, 0, 0, 2, 0, 0, 0, 0, 0, 0, 0, 1, 1, 0, 1, 1, 0, 2, 0, 0, 0, 1, 0, 0, 0, 0, 1, 0, 0, 2, 2, 2, 0, 0, 0, 0, 0, 0, 0, 0, 0, 2, 2, 3, 0, 2, 1, 2, 1, 4, 3, 6, 5, 3, 3, 2, 2, 4, 6, 340, 0, 0, 0, 0, 0, 0]",-1,-0.0016686634980163041,-1,0
1991,"[1, 1, 0, 1, 5, 3, 0, 0, 0, 1, 0, 0, 1, 0, 2, 0, 0, 0, 0, 0, 0, 0, 0, 0, 2, 0, 0, 0, 0, 0, 0, 0, 1, 1, 0, 1, 1, 0, 2, 0, 0, 0, 1, 0, 0, 0, 0, 1, 0, 0, 2, 2, 2, 0, 0, 0, 0, 0, 0, 0, 0, 0, 2, 2, 3, 0, 2, 1, 2, 1, 4, 3, 6, 5, 3, 3, 2, 2, 4, 6, 340, 0, 1, 0, 0, 0, 0]",2,0.4007368479798872,-1,0
1992,"[1, 1, 0, 1, 5, 3, 0, 0, 0, 1, 0, 0, 1, 0, 2, 0, 0, 0, 0, 0, 0, 0, 0, 0, 2, 0, 0, 0, 0, 0, 0, 0, 1, 1, 0, 1, 1, 0, 2, 0, 0, 0, 1, 0, 0, 0, 0, 1, 0, 0, 2, 2, 2, 0, 0, 0, 0, 0, 0, 0, 0, 0, 2, 2, 3, 0, 2, 1, 2, 1, 4, 3, 6, 5, 3, 3, 2, 2, 4, 6, 340, 0, 0, 0, 0, 0, 0]",-1,-0.0016686634980163041,-1,0
1993,"[1, 1, 0, 1, 5, 3, 0, 0, 0, 1, 0, 0, 1, 0, 2, 0, 0, 0, 0, 0, 0, 0, 0, 0, 2, 0, 0, 0, 0, 0, 0, 0, 1, 1, 0, 1, 1, 0, 2, 0, 0, 0, 1, 0, 0, 0, 0, 1, 0, 0, 2, 2, 2, 0, 0, 0, 0, 0, 0, 0, 0, 0, 2, 2, 3, 0, 2, 1, 2, 1, 4, 3, 6, 5, 3, 3, 2, 2, 4, 6, 340, 0, 1, 0, 0, 0, 0]",2,0.4007368479798872,-1,0
1994,"[1, 1, 0, 1, 5, 3, 0, 0, 0, 1, 0, 0, 1, 0, 2, 0, 0, 0, 0, 0, 0, 0, 0, 0, 2, 0, 0, 0, 0, 0, 0, 0, 1, 1, 0, 1, 1, 0, 2, 0, 0, 0, 1, 0, 0, 0, 0, 1, 0, 0, 2, 2, 2, 0, 0, 0, 0, 0, 0, 0, 0, 0, 2, 2, 3, 0, 2, 1, 2, 1, 4, 3, 6, 5, 3, 3, 2, 2, 4, 6, 340, 0, 0, 0, 0, 0, 0]",-1,-0.0016686634980163041,-1,0
1995,"[1, 1, 0, 1, 5, 3, 0, 0, 0, 1, 0, 0, 1, 0, 2, 0, 0, 0, 0, 0, 0, 0, 0, 0, 2, 0, 0, 0, 0, 0, 0, 0, 1, 1, 0, 1, 1, 0, 2, 0, 0, 0, 1, 0, 0, 0, 0, 1, 0, 0, 2, 2, 2, 0, 0, 0, 0, 0, 0, 0, 0, 0, 2, 2, 3, 0, 2, 1, 2, 1, 4, 3, 6, 5, 3, 3, 2, 2, 4, 6, 340, 0, 1, 0, 0, 0, 0]",2,0.4007368479798872,-1,0
1996,"[1, 1, 0, 1, 5, 3, 0, 0, 0, 1, 0, 0, 1, 0, 2, 0, 0, 0, 0, 0, 0, 0, 0, 0, 2, 0, 0, 0, 0, 0, 0, 0, 1, 1, 0, 1, 1, 0, 2, 0, 0, 0, 1, 0, 0, 0, 0, 1, 0, 0, 2, 2, 2, 0, 0, 0, 0, 0, 0, 0, 0, 0, 2, 2, 3, 0, 2, 1, 2, 1, 4, 3, 6, 5, 3, 3, 2, 2, 4, 6, 340, 0, 0, 0, 0, 0, 0]",-1,-0.0016686634980163041,-1,0
1997,"[1, 1, 0, 1, 5, 3, 0, 0, 0, 1, 0, 0, 1, 0, 2, 0, 0, 0, 0, 0, 0, 0, 0, 0, 2, 0, 0, 0, 0, 0, 0, 0, 1, 1, 0, 1, 1, 0, 2, 0, 0, 0, 1, 0, 0, 0, 0, 1, 0, 0, 2, 2, 2, 0, 0, 0, 0, 0, 0, 0, 0, 0, 2, 2, 3, 0, 2, 1, 2, 1, 4, 3, 6, 5, 3, 3, 2, 2, 4, 6, 340, 1, 0, 0, 0, 0, 0]",3,0.2007368479798872,-1,0
1998,"[1, 1, 0, 1, 5, 3, 0, 0, 0, 1, 0, 0, 1, 0, 2, 0, 0, 0, 0, 0, 0, 0, 0, 0, 2, 0, 0, 0, 0, 0, 0, 0, 1, 1, 0, 1, 1, 0, 2, 0, 0, 0, 1, 0, 0, 0, 0, 1, 0, 0, 2, 2, 2, 0, 0, 0, 0, 0, 0, 0, 0, 0, 2, 2, 3, 0, 2, 1, 2, 1, 4, 3, 6, 5, 3, 3, 2, 2, 4, 6, 340, 0, 0, 0, 0, 0, 0]",-1,-0.0016686634980163041,-1,0
1999,"[2, 1, 0, 1, 5, 4, 0, 0, 0, 1, 0, 0, 1, 0, 2, 0, 0, 0, 0, 0, 0, 0, 0, 0, 2, 0, 0, 0, 0, 0, 0, 0, 1, 1, 0, 1, 1, 0, 2, 0, 0, 0, 1, 0, 0, 0, 0, 1, 0, 0, 2, 2, 2, 0, 0, 0, 0, 0, 0, 0, 0, 0, 2, 2, 3, 0, 2, 1, 2, 1, 4, 3, 6, 5, 3, 3, 2, 2, 4, 6, 341, 0, 0, 0, 0, 0, 0]",4,14.377813948414065,-1,0
2000,"[2, 1, 0, 1, 5, 4, 0, 0, 0, 1, 0, 0, 1, 0, 2, 0, 0, 0, 0, 0, 0, 0, 0, 0, 2, 0, 0, 0, 0, 0, 0, 0, 1, 1, 0, 1, 1, 0, 2, 0, 0, 0, 1, 0, 0, 0, 0, 1, 0, 0, 2, 2, 2, 0, 0, 0, 0, 0, 0, 0, 0, 0, 2, 2, 3, 0, 2, 1, 2, 1, 4, 3, 6, 5, 3, 3, 2, 2, 4, 6, 341, 1, 0, 0, 0, 0, 0]",3,0.2007080580441893,-1,1
2001,"[2, 1, 0, 1, 5, 4, 0, 0, 0, 1, 0, 0, 1, 0, 2, 0, 0, 0, 0, 0, 0, 0, 0, 0, 2, 0, 0, 0, 0, 0, 0, 0, 1, 1, 0, 1, 1, 0, 2, 0, 0, 0, 1, 0, 0, 0, 0, 1, 0, 0, 2, 2, 2, 0, 0, 0, 0, 0, 0, 0, 0, 0, 2, 2, 3, 0, 2, 1, 2, 1, 4, 3, 6, 5, 3, 3, 2, 2, 4, 6, 341, 0, 0, 0, 0, 0, 0]",-1,-0.0016520600187943466,-1,1
2002,"[2, 1, 0, 1, 7, 4, 0, 0, 0, 1, 0, 0, 1, 0, 2, 0, 0, 0, 0, 0, 0, 0, 0, 0, 2, 0, 0, 0, 0, 0, 0, 0, 1, 1, 0, 1, 1, 0, 2, 0, 0, 0, 1, 0, 0, 0, 0, 1, 0, 0, 2, 2, 2, 0, 0, 0, 0, 0, 0, 0, 0, 0, 2, 2, 3, 0, 2, 1, 2, 1, 4, 3, 6, 5, 3, 3, 2, 2, 4, 6, 342, 0, 0, 0, 0, 0, 0]",4,10.993289216755805,-1,1
2003,"[2, 1, 0, 1, 7, 4, 0, 0, 0, 1, 0, 0, 1, 0, 2, 0, 0, 0, 0, 0, 0, 0, 0, 0, 2, 0, 0, 0, 0, 0, 0, 0, 1, 1, 0, 1, 1, 0, 2, 0, 0, 0, 1, 0, 0, 0, 0, 1, 0, 0, 2, 2, 2, 0, 0, 0, 0, 0, 0, 0, 0, 0, 2, 2, 3, 0, 2, 1, 2, 1, 4, 3, 6, 5, 3, 3, 2, 2, 4, 6, 342, 0, 1, 0, 0, 0, 0]",2,0.4006803891405834,-1,0
2004,"[2, 1, 0, 1, 7, 4, 0, 0, 0, 1, 0, 0, 1, 0, 2, 0, 0, 0, 0, 0, 0, 0, 0, 0, 2, 0, 0, 0, 0, 0, 0, 0, 1, 1, 0, 1, 1, 0, 2, 0, 0, 0, 1, 0, 0, 0, 0, 1, 0, 0, 2, 2, 2, 0, 0, 0, 0, 0, 0, 0, 0, 0, 2, 2, 3, 0, 2, 1, 2, 1, 4, 3, 6, 5, 3, 3, 2, 2, 4, 6, 342, 0, 0, 0, 0, 0, 0]",-1,-0.001635621746950991,-1,0
2005,"[2, 1, 0, 1, 7, 4, 0, 0, 0, 1, 0, 0, 1, 0, 2, 0, 0, 0, 0, 0, 0, 0, 0, 0, 2, 0, 0, 0, 0, 0, 0, 0, 1, 1, 0, 1, 1, 0, 2, 0, 0, 0, 1, 0, 0, 0, 0, 1, 0, 0, 2, 2, 2, 0, 0, 0, 0, 0, 0, 0, 0, 0, 2, 2, 3, 0, 2, 1, 2, 1, 4, 3, 6, 5, 3, 3, 2, 2, 4, 6, 342, 0, 1, 0, 0, 0, 0]",2,0.4006803891405834,-1,0
2006,"[2, 1, 0, 1, 7, 4, 0, 0, 0, 1, 0, 0, 1, 0, 2, 0, 0, 0, 0, 0, 0, 0, 0, 0, 2, 0, 0, 0, 0, 0, 0, 0, 1, 1, 0, 1, 1, 0, 2, 0, 0, 0, 1, 0, 0, 0, 0, 1, 0, 0, 2, 2, 2, 0, 0, 0, 0, 0, 0, 0, 0, 0, 2, 2, 3, 0, 2, 1, 2, 1, 4, 3, 6, 5, 3, 3, 2, 2, 4, 6, 342, 0, 0, 0, 0, 0, 0]",-1,-0.001635621746950991,-1,0
2007,"[2, 1, 0, 1, 7, 4, 0, 0, 0, 1, 0, 0, 1, 0, 2, 0, 0, 0, 0, 0, 0, 0, 0, 0, 2, 0, 0, 0, 0, 0, 0, 0, 1, 1, 0, 1, 1, 0, 2, 0, 0, 0, 1, 0, 0, 0, 0, 1, 0, 0, 2, 2, 2, 0, 0, 0, 0, 0, 0, 0, 0, 0, 2, 2, 3, 0, 2, 1, 2, 1, 4, 3, 6, 5, 3, 3, 2, 2, 4, 6, 342, 1, 0, 0, 0, 0, 0]",3,0.20068038914058345,-1,0
2008,"[0, 1, 0, 2, 7, 4, 0, 0, 0, 1, 0, 0, 1, 0, 2, 0, 0, 0, 0, 0, 0, 0, 0, 0, 2, 0, 0, 0, 0, 0, 0, 0, 1, 1, 0, 1, 1, 0, 2, 0, 0, 0, 1, 0, 0, 0, 0, 1, 0, 0, 2, 2, 2, 0, 0, 0, 0, 0, 0, 0, 0, 0, 2, 2, 3, 0, 2, 1, 2, 1, 4, 3, 6, 5, 3, 3, 2, 2, 4, 6, 342, 0, 0, 0, 0, 0, 0]","[[2 0 0 0]
 [0 0 0 1]]",-0.1978619289483755,-1,0
2009,"[0, 1, 0, 2, 9, 4, 0, 0, 0, 1, 0, 0, 1, 0, 2, 0, 0, 0, 0, 0, 0, 0, 0, 0, 2, 0, 0, 0, 0, 0, 0, 0, 1, 1, 0, 1, 1, 0, 2, 0, 0, 0, 1, 0, 0, 0, 0, 1, 0, 0, 2, 2, 2, 0, 0, 0, 0, 0, 0, 0, 0, 0, 2, 2, 3, 0, 2, 1, 2, 1, 4, 3, 6, 5, 3, 3, 2, 2, 4, 6, 343, 0, 0, 0, 0, 0, 0]",4,14.059593683226213,-1,0
2010,"[1, 1, 0, 2, 9, 5, 0, 0, 0, 1, 0, 0, 1, 0, 2, 0, 0, 0, 0, 0, 0, 0, 0, 0, 2, 0, 0, 0, 0, 0, 0, 0, 1, 1, 0, 1, 1, 0, 2, 0, 0, 0, 1, 0, 0, 0, 0, 1, 0, 0, 2, 2, 2, 0, 0, 0, 0, 0, 0, 0, 0, 0, 2, 2, 3, 0, 2, 1, 2, 1, 4, 3, 6, 5, 3, 3, 2, 2, 4, 6, 344, 0, 0, 0, 0, 0, 0]",4,10.977672358101547,-1,1
2011,"[1, 2, 0, 2, 9, 6, 0, 0, 0, 1, 0, 0, 1, 0, 2, 0, 0, 0, 0, 0, 0, 0, 0, 0, 2, 0, 0, 0, 0, 0, 0, 0, 1, 1, 0, 1, 1, 0, 2, 0, 0, 0, 1, 0, 0, 0, 0, 1, 0, 0, 2, 2, 2, 0, 0, 0, 0, 0, 0, 0, 0, 0, 2, 2, 3, 0, 2, 1, 2, 1, 4, 3, 6, 5, 3, 3, 2, 2, 4, 6, 345, 0, 0, 0, 0, 0, 0]",4,14.276251655732445,-1,0
2012,"[1, 2, 0, 2, 9, 6, 0, 0, 0, 1, 0, 0, 1, 0, 2, 0, 0, 0, 0, 0, 0, 0, 0, 0, 2, 0, 0, 0, 0, 0, 0, 0, 1, 1, 0, 1, 1, 0, 2, 0, 0, 0, 1, 0, 0, 0, 0, 1, 0, 0, 2, 2, 2, 0, 0, 0, 0, 0, 0, 0, 0, 0, 2, 2, 3, 0, 2, 1, 2, 1, 4, 3, 6, 5, 3, 3, 2, 2, 4, 6, 345, 0, 0, 0, 0, 0, 0]",-1,-0.001587281818903397,-1,1
2013,"[1, 2, 0, 2, 9, 6, 0, 0, 0, 1, 0, 0, 1, 0, 2, 0, 0, 0, 0, 0, 0, 0, 0, 0, 2, 0, 0, 0, 0, 0, 0, 0, 1, 1, 0, 1, 1, 0, 2, 0, 0, 0, 1, 0, 0, 0, 0, 1, 0, 0, 2, 2, 2, 0, 0, 0, 0, 0, 0, 0, 0, 0, 2, 2, 3, 0, 2, 1, 2, 1, 4, 3, 6, 5, 3, 3, 2, 2, 4, 6, 346, 0, 0, 0, 0, 0, 0]",4,10.998395155573785,-1,1
2014,"[1, 2, 0, 2, 9, 6, 0, 0, 0, 1, 0, 0, 1, 0, 2, 0, 0, 0, 0, 0, 0, 0, 0, 0, 2, 0, 0, 0, 0, 0, 0, 0, 1, 1, 0, 1, 1, 0, 2, 0, 0, 0, 1, 0, 0, 0, 0, 1, 0, 0, 2, 2, 2, 0, 0, 0, 0, 0, 0, 0, 0, 0, 2, 2, 3, 0, 2, 1, 2, 1, 4, 3, 6, 5, 3, 3, 2, 2, 4, 6, 346, 0, 0, 0, 0, 0, 0]",1,0.6102041962599736,-1,0
2015,"[1, 2, 0, 2, 9, 6, 0, 0, 0, 1, 0, 0, 1, 0, 2, 0, 0, 0, 0, 0, 0, 0, 0, 0, 2, 0, 0, 0, 0, 0, 0, 0, 1, 1, 0, 1, 1, 0, 2, 0, 0, 0, 1, 0, 0, 0, 0, 1, 0, 0, 2, 2, 2, 0, 0, 0, 0, 0, 0, 0, 0, 0, 2, 2, 3, 0, 2, 1, 2, 1, 4, 3, 6, 5, 3, 3, 2, 2, 4, 6, 346, 0, 0, 0, 0, 0, 0]",-1,-0.0015714881009183856,-1,0
2016,"[1, 1, 0, 1, 4, 3, 0, 0, 0, 1, 0, 0, 1, 0, 2, 0, 0, 0, 0, 0, 0, 0, 0, 0, 2, 0, 0, 0, 0, 0, 0, 0, 1, 1, 0, 1, 1, 0, 2, 0, 0, 0, 1, 0, 0, 0, 0, 1, 0, 0, 2, 2, 2, 0, 0, 0, 0, 0, 0, 0, 0, 0, 2, 2, 3, 0, 2, 1, 2, 1, 4, 3, 6, 5, 3, 3, 2, 2, 4, 1, 347, 0, 0, 0, 0, 0, 0]",4,14.53709365945577,-1,0
2017,"[1, 1, 0, 1, 4, 3, 0, 0, 0, 1, 0, 0, 1, 0, 2, 0, 0, 0, 0, 0, 0, 0, 0, 0, 2, 0, 0, 0, 0, 0, 0, 0, 1, 1, 0, 1, 1, 0, 2, 0, 0, 0, 1, 0, 0, 0, 0, 1, 0, 0, 2, 2, 2, 0, 0, 0, 0, 0, 0, 0, 0, 0, 2, 2, 3, 0, 2, 1, 2, 1, 4, 3, 6, 5, 3, 3, 2, 2, 4, 1, 347, 0, 0, 0, 0, 0, 0]",-1,-0.0015558515330530431,-1,1
2018,"[1, 1, 0, 1, 2, 1, 0, 0, 0, 1, 0, 0, 1, 0, 2, 0, 0, 0, 0, 0, 0, 0, 0, 0, 2, 0, 0, 0, 0, 0, 0, 0, 1, 1, 0, 1, 1, 0, 2, 0, 0, 0, 1, 0, 0, 0, 0, 1, 0, 0, 2, 2, 2, 0, 0, 0, 0, 0, 0, 0, 0, 0, 2, 2, 3, 0, 2, 1, 2, 1, 4, 3, 6, 5, 3, 3, 2, 2, 4, 3, 348, 0, 0, 0, 0, 0, 0]",4,11.259315946723332,-1,1
2019,"[1, 1, 0, 1, 2, 1, 0, 0, 0, 1, 0, 0, 1, 0, 2, 0, 0, 0, 0, 0, 0, 0, 0, 0, 2, 0, 0, 0, 0, 0, 0, 0, 1, 1, 0, 1, 1, 0, 2, 0, 0, 0, 1, 0, 0, 0, 0, 1, 0, 0, 2, 2, 2, 0, 0, 0, 0, 0, 0, 0, 0, 0, 2, 2, 3, 0, 2, 1, 2, 1, 4, 3, 6, 5, 3, 3, 2, 2, 4, 3, 348, 0, 0, 0, 0, 0, 0]",1,0.6101597169368593,-1,0
2020,"[1, 1, 0, 1, 2, 1, 0, 0, 0, 1, 0, 0, 1, 0, 2, 0, 0, 0, 0, 0, 0, 0, 0, 0, 2, 0, 0, 0, 0, 0, 0, 0, 1, 1, 0, 1, 1, 0, 2, 0, 0, 0, 1, 0, 0, 0, 0, 1, 0, 0, 2, 2, 2, 0, 0, 0, 0, 0, 0, 0, 0, 0, 2, 2, 3, 0, 2, 1, 2, 1, 4, 3, 6, 5, 3, 3, 2, 2, 4, 3, 348, 0, 0, 0, 0, 0, 0]",-1,-0.0015403705516375539,-1,0
2021,"[1, 1, 0, 1, 2, 1, 0, 0, 0, 1, 0, 0, 1, 0, 2, 0, 0, 0, 0, 0, 0, 0, 0, 0, 2, 0, 0, 0, 0, 0, 0, 0, 1, 1, 0, 1, 1, 0, 2, 0, 0, 0, 1, 0, 0, 0, 0, 1, 0, 0, 2, 2, 2, 0, 0, 0, 0, 0, 0, 0, 0, 0, 2, 2, 3, 0, 2, 1, 2, 1, 4, 3, 6, 5, 3, 3, 2, 2, 4, 3, 348, 0, 0, 0, 0, 0, 0]",1,0.6101597169368593,-1,0
2022,"[1, 1, 0, 1, 2, 1, 0, 0, 0, 1, 0, 0, 1, 0, 2, 0, 0, 0, 0, 0, 0, 0, 0, 0, 2, 0, 0, 0, 0, 0, 0, 0, 1, 1, 0, 1, 1, 0, 2, 0, 0, 0, 1, 0, 0, 0, 0, 1, 0, 0, 2, 2, 2, 0, 0, 0, 0, 0, 0, 0, 0, 0, 2, 2, 3, 0, 2, 1, 2, 1, 4, 3, 6, 5, 3, 3, 2, 2, 4, 3, 348, 0, 0, 0, 0, 0, 0]",-1,-0.0015403705516375539,-1,0
2023,"[1, 1, 0, 1, 2, 1, 0, 0, 0, 1, 0, 0, 1, 0, 2, 0, 0, 0, 0, 0, 0, 0, 0, 0, 2, 0, 0, 0, 0, 0, 0, 0, 1, 1, 0, 1, 1, 0, 2, 0, 0, 0, 1, 0, 0, 0, 0, 1, 0, 0, 2, 2, 2, 0, 0, 0, 0, 0, 0, 0, 0, 0, 2, 2, 3, 0, 2, 1, 2, 1, 4, 3, 6, 5, 3, 3, 2, 2, 4, 3, 348, 1, 0, 0, 0, 0, 0]",3,0.20053560183724262,-1,0
2024,"[1, 1, 0, 1, 2, 1, 0, 0, 0, 1, 0, 0, 1, 0, 2, 0, 0, 0, 0, 0, 0, 0, 0, 0, 2, 0, 0, 0, 0, 0, 0, 0, 1, 1, 0, 1, 1, 0, 2, 0, 0, 0, 1, 0, 0, 0, 0, 1, 0, 0, 2, 2, 2, 0, 0, 0, 0, 0, 0, 0, 0, 0, 2, 2, 3, 0, 2, 1, 2, 1, 4, 3, 6, 5, 3, 3, 2, 2, 4, 3, 348, 0, 0, 0, 0, 0, 0]",-1,-0.0015403705516375539,-1,0
2025,"[1, 1, 0, 1, 2, 1, 0, 0, 0, 1, 0, 0, 1, 0, 2, 0, 0, 0, 0, 0, 0, 0, 0, 0, 2, 0, 0, 0, 0, 0, 0, 0, 1, 1, 0, 1, 1, 0, 2, 0, 0, 0, 1, 0, 0, 0, 0, 1, 0, 0, 2, 2, 2, 0, 0, 0, 0, 0, 0, 0, 0, 0, 2, 2, 3, 0, 2, 1, 2, 1, 4, 3, 6, 5, 3, 3, 2, 2, 4, 3, 348, 0, 0, 0, 0, 0, 0]",1,0.6101597169368593,-1,0
2026,"[1, 1, 0, 1, 2, 1, 0, 0, 0, 1, 0, 0, 1, 0, 2, 0, 0, 0, 0, 0, 0, 0, 0, 0, 2, 0, 0, 0, 0, 0, 0, 0, 1, 1, 0, 1, 1, 0, 2, 0, 0, 0, 1, 0, 0, 0, 0, 1, 0, 0, 2, 2, 2, 0, 0, 0, 0, 0, 0, 0, 0, 0, 2, 2, 3, 0, 2, 1, 2, 1, 4, 3, 6, 5, 3, 3, 2, 2, 4, 3, 348, 0, 0, 0, 0, 0, 0]",-1,-0.0015403705516375539,-1,0
2027,"[1, 1, 0, 1, 2, 1, 0, 1, 0, 1, 0, 0, 1, 0, 2, 0, 0, 0, 0, 0, 0, 0, 0, 0, 2, 0, 0, 0, 0, 0, 0, 0, 1, 1, 0, 1, 1, 0, 2, 0, 0, 0, 1, 0, 0, 0, 0, 1, 0, 0, 2, 2, 2, 0, 0, 0, 0, 0, 0, 0, 0, 0, 2, 2, 3, 0, 2, 1, 2, 1, 4, 3, 6, 5, 3, 3, 2, 2, 4, 3, 349, 0, 0, 0, 0, 0, 0]",4,14.536988679744162,-1,0
2028,"[1, 1, 0, 1, 2, 1, 0, 1, 0, 1, 0, 0, 1, 0, 2, 0, 0, 0, 0, 0, 0, 0, 0, 0, 2, 0, 0, 0, 0, 0, 0, 0, 1, 1, 0, 1, 1, 0, 2, 0, 0, 0, 1, 0, 0, 0, 0, 1, 0, 0, 2, 2, 2, 0, 0, 0, 0, 0, 0, 0, 0, 0, 2, 2, 3, 0, 2, 1, 2, 1, 4, 3, 6, 5, 3, 3, 2, 2, 4, 3, 349, 0, 1, 0, 0, 0, 0]",2,0.400514654630762,-1,1
2029,"[1, 1, 0, 1, 2, 1, 0, 1, 0, 1, 0, 0, 1, 0, 2, 0, 0, 0, 0, 0, 0, 0, 0, 0, 2, 0, 0, 0, 0, 0, 0, 0, 1, 1, 0, 1, 1, 0, 2, 0, 0, 0, 1, 0, 0, 0, 0, 1, 0, 0, 2, 2, 2, 0, 0, 0, 0, 0, 0, 0, 0, 0, 2, 2, 3, 0, 2, 1, 2, 1, 4, 3, 6, 5, 3, 3, 2, 2, 4, 3, 349, 0, 1, 0, 0, 1, 0]","[[1 0 0 0]
 [1 1 0 1]]",2.1230055393544807,-1,1
2030,"[1, 0, 0, 0, 2, 2, 0, 2, 0, 1, 0, 0, 1, 0, 2, 0, 0, 0, 0, 0, 0, 0, 0, 0, 2, 0, 0, 0, 0, 0, 0, 0, 1, 1, 0, 1, 1, 0, 2, 0, 0, 0, 1, 0, 0, 0, 0, 1, 0, 0, 2, 2, 2, 0, 0, 0, 0, 0, 0, 0, 0, 0, 2, 2, 3, 0, 2, 1, 2, 1, 4, 3, 6, 5, 3, 3, 2, 2, 4, 3, 349, 0, 0, 0, 0, 0, 0]",0,-0.19948534536923795,-1,0
2031,"[1, 0, 0, 0, 2, 2, 0, 3, 0, 1, 0, 0, 1, 0, 2, 0, 0, 0, 0, 0, 0, 0, 0, 0, 2, 0, 0, 0, 0, 0, 0, 0, 1, 1, 0, 1, 1, 0, 2, 0, 0, 0, 1, 0, 0, 0, 0, 1, 0, 0, 2, 2, 2, 0, 0, 0, 0, 0, 0, 0, 0, 0, 2, 2, 3, 0, 2, 1, 2, 1, 4, 3, 6, 5, 3, 3, 2, 2, 4, 3, 350, 0, 0, 0, 0, 0, 0]",4,11.447397944336274,-1,1
2032,"[1, 0, 0, 0, 2, 2, 0, 3, 0, 1, 0, 0, 1, 0, 2, 0, 0, 0, 0, 0, 0, 0, 0, 0, 2, 0, 0, 0, 0, 0, 0, 0, 1, 1, 0, 1, 1, 0, 2, 0, 0, 0, 1, 0, 0, 0, 0, 1, 0, 0, 2, 2, 2, 0, 0, 0, 0, 0, 0, 0, 0, 0, 2, 2, 3, 0, 2, 1, 2, 1, 4, 3, 6, 5, 3, 3, 2, 2, 4, 3, 350, 1, 0, 0, 0, 0, 0]",3,0.20049452463132694,-1,0
2033,"[1, 0, 0, 0, 2, 2, 0, 3, 0, 1, 0, 0, 1, 0, 2, 0, 0, 0, 0, 0, 0, 0, 0, 0, 2, 0, 0, 0, 0, 0, 0, 0, 1, 1, 0, 1, 1, 0, 2, 0, 0, 0, 1, 0, 0, 0, 0, 1, 0, 0, 2, 2, 2, 0, 0, 0, 0, 0, 0, 0, 0, 0, 2, 2, 3, 0, 2, 1, 2, 1, 4, 3, 6, 5, 3, 3, 2, 2, 4, 3, 350, 0, 0, 0, 0, 0, 0]",-1,-0.001509869171115925,-1,0
2034,"[1, 0, 0, 0, 2, 2, 0, 3, 0, 1, 0, 0, 1, 0, 2, 0, 0, 0, 0, 0, 0, 0, 0, 0, 2, 0, 0, 0, 0, 0, 0, 0, 1, 1, 0, 1, 1, 0, 2, 0, 0, 0, 1, 0, 0, 0, 0, 1, 0, 0, 2, 2, 2, 0, 0, 0, 0, 0, 0, 0, 0, 0, 2, 2, 3, 0, 2, 1, 2, 1, 4, 3, 6, 5, 3, 3, 2, 2, 4, 3, 350, 0, 0, 0, 0, 0, 0]",-1,-0.001509869171115925,-1,1
2035,"[1, 0, 0, 0, 2, 2, 0, 3, 0, 1, 0, 0, 1, 0, 2, 0, 0, 0, 0, 0, 0, 0, 0, 0, 2, 0, 0, 0, 0, 0, 0, 0, 1, 1, 0, 1, 1, 0, 2, 0, 0, 0, 1, 0, 0, 0, 0, 1, 0, 0, 2, 2, 2, 0, 0, 0, 0, 0, 0, 0, 0, 0, 2, 2, 3, 0, 2, 1, 2, 1, 4, 3, 6, 5, 3, 3, 2, 2, 4, 3, 350, 0, 0, 0, 0, 0, 0]",-1,-0.001509869171115925,-1,1
2036,"[2, 0, 0, 0, 2, 2, 0, 3, 0, 1, 0, 0, 1, 0, 2, 0, 0, 0, 0, 0, 0, 0, 0, 0, 2, 0, 0, 0, 0, 0, 0, 0, 1, 1, 0, 1, 1, 0, 2, 0, 0, 0, 1, 0, 0, 0, 0, 1, 0, 0, 2, 2, 2, 0, 0, 0, 0, 0, 0, 0, 0, 0, 2, 2, 3, 0, 2, 1, 2, 1, 4, 3, 6, 5, 3, 3, 2, 2, 4, 3, 351, 0, 0, 0, 0, 0, 0]",4,11.447348250943344,-1,1
2037,"[2, 0, 0, 0, 2, 2, 0, 3, 0, 1, 0, 0, 1, 0, 2, 0, 0, 0, 0, 0, 0, 0, 0, 0, 2, 0, 0, 0, 0, 0, 0, 0, 1, 1, 0, 1, 1, 0, 2, 0, 0, 0, 1, 0, 0, 0, 0, 1, 0, 0, 2, 2, 2, 0, 0, 0, 0, 0, 0, 0, 0, 0, 2, 2, 3, 0, 2, 1, 2, 1, 4, 3, 6, 5, 3, 3, 2, 2, 4, 3, 351, 1, 0, 0, 0, 0, 0]",3,0.20047518011328902,-1,0
2038,"[0, 0, 0, 1, 2, 2, 0, 3, 0, 1, 0, 0, 1, 0, 2, 0, 0, 0, 0, 0, 0, 0, 0, 0, 2, 0, 0, 0, 0, 0, 0, 0, 1, 1, 0, 1, 1, 0, 2, 0, 0, 0, 1, 0, 0, 0, 0, 1, 0, 0, 2, 2, 2, 0, 0, 0, 0, 0, 0, 0, 0, 0, 2, 2, 3, 0, 2, 1, 2, 1, 4, 3, 6, 5, 3, 3, 2, 2, 4, 3, 351, 0, 0, 0, 0, 0, 0]","[[2 0 0 0]
 [0 0 0 1]]",-0.19806713797566994,-1,0
2039,"[0, 1, 0, 1, 2, 3, 0, 3, 0, 1, 0, 0, 1, 0, 2, 0, 0, 0, 0, 0, 0, 0, 0, 0, 2, 0, 0, 0, 0, 0, 0, 0, 1, 1, 0, 1, 1, 0, 2, 0, 0, 0, 1, 0, 0, 0, 0, 1, 0, 0, 2, 2, 2, 0, 0, 0, 0, 0, 0, 0, 0, 0, 2, 2, 3, 0, 2, 1, 2, 1, 4, 3, 6, 5, 3, 3, 2, 2, 4, 3, 352, 0, 0, 0, 0, 0, 0]",4,14.26290945330817,-1,0
2040,"[0, 1, 0, 1, 4, 3, 0, 3, 0, 1, 0, 0, 1, 0, 2, 0, 0, 0, 0, 0, 0, 0, 0, 0, 2, 0, 0, 0, 0, 0, 0, 0, 1, 1, 0, 1, 1, 0, 2, 0, 0, 0, 1, 0, 0, 0, 0, 1, 0, 0, 2, 2, 2, 0, 0, 0, 0, 0, 0, 0, 0, 0, 2, 2, 3, 0, 2, 1, 2, 1, 4, 3, 6, 5, 3, 3, 2, 2, 4, 3, 353, 0, 0, 0, 0, 0, 0]",4,11.365513050623575,-1,1
2041,"[0, 1, 0, 1, 4, 3, 0, 3, 0, 1, 0, 0, 1, 0, 2, 0, 0, 0, 0, 0, 0, 0, 0, 0, 2, 0, 0, 0, 0, 0, 0, 0, 1, 1, 0, 1, 1, 0, 2, 0, 0, 0, 1, 0, 0, 0, 0, 1, 0, 0, 2, 2, 2, 0, 0, 0, 0, 0, 0, 0, 0, 0, 2, 2, 3, 0, 2, 1, 2, 1, 4, 3, 6, 5, 3, 3, 2, 2, 4, 3, 353, 0, 1, 0, 0, 0, 0]",2,0.4004387266713417,-1,0
2042,"[0, 1, 0, 1, 4, 3, 0, 3, 0, 1, 0, 0, 1, 0, 2, 0, 0, 0, 0, 0, 0, 0, 0, 0, 2, 0, 0, 0, 0, 0, 0, 0, 1, 1, 0, 1, 1, 0, 2, 0, 0, 0, 1, 0, 0, 0, 0, 1, 0, 0, 2, 2, 2, 0, 0, 0, 0, 0, 0, 0, 0, 0, 2, 2, 3, 0, 2, 1, 2, 1, 4, 3, 6, 5, 3, 3, 2, 2, 4, 3, 353, 0, 1, 0, 0, 1, 0]","[[0 0 0 1]
 [1 0 0 0]]",0.6508635917294326,-1,0
2043,"[1, 1, 0, 0, 3, 3, 0, 4, 0, 1, 0, 0, 1, 0, 2, 0, 0, 0, 0, 0, 0, 0, 0, 0, 2, 0, 0, 0, 0, 0, 0, 0, 1, 1, 0, 1, 1, 0, 2, 0, 0, 0, 1, 0, 0, 0, 0, 1, 0, 0, 2, 2, 2, 0, 0, 0, 0, 0, 0, 0, 0, 0, 2, 2, 3, 0, 2, 1, 2, 1, 4, 3, 6, 5, 3, 3, 2, 2, 4, 3, 353, 0, 0, 0, 0, 0, 0]",0,-0.19956127332865825,-1,1
2044,"[1, 1, 0, 0, 3, 3, 0, 4, 0, 1, 0, 0, 1, 0, 2, 0, 0, 0, 0, 0, 0, 0, 0, 0, 2, 0, 0, 0, 0, 0, 0, 0, 1, 1, 0, 1, 1, 0, 2, 0, 0, 0, 1, 0, 0, 0, 0, 1, 0, 0, 2, 2, 2, 0, 0, 0, 0, 0, 0, 0, 0, 0, 2, 2, 3, 0, 2, 1, 2, 1, 4, 3, 6, 5, 3, 3, 2, 2, 4, 3, 353, 0, 0, 0, 0, 0, 0]",0,0.24315759909491486,-1,0
2045,"[1, 1, 0, 0, 3, 3, 0, 4, 0, 1, 0, 0, 1, 0, 2, 0, 0, 0, 0, 0, 0, 0, 0, 0, 2, 0, 0, 0, 0, 0, 0, 0, 1, 1, 0, 1, 1, 0, 2, 0, 0, 0, 1, 0, 0, 0, 0, 1, 0, 0, 2, 2, 2, 0, 0, 0, 0, 0, 0, 0, 0, 0, 2, 2, 3, 0, 2, 1, 2, 1, 4, 3, 6, 5, 3, 3, 2, 2, 4, 3, 353, 0, 0, 0, 0, 0, 0]",-1,-0.0014652457933520373,-1,0
2046,"[1, 1, 0, 0, 3, 3, 0, 4, 0, 1, 0, 0, 1, 0, 2, 0, 0, 0, 0, 0, 0, 0, 0, 0, 2, 0, 0, 0, 0, 0, 0, 0, 1, 1, 0, 1, 1, 0, 2, 0, 0, 0, 1, 0, 0, 0, 0, 1, 0, 0, 2, 2, 2, 0, 0, 0, 0, 0, 0, 0, 0, 0, 2, 2, 3, 0, 2, 1, 2, 1, 4, 3, 6, 5, 3, 3, 2, 2, 4, 3, 353, 0, 0, 0, 0, 0, 0]",0,0.24315759909491486,-1,0
2047,"[1, 1, 0, 0, 3, 3, 0, 4, 0, 1, 0, 0, 1, 0, 2, 0, 0, 0, 0, 0, 0, 0, 0, 0, 2, 0, 0, 0, 0, 0, 0, 0, 1, 1, 0, 1, 1, 0, 2, 0, 0, 0, 1, 0, 0, 0, 0, 1, 0, 0, 2, 2, 2, 0, 0, 0, 0, 0, 0, 0, 0, 0, 2, 2, 3, 0, 2, 1, 2, 1, 4, 3, 6, 5, 3, 3, 2, 2, 4, 3, 353, 0, 0, 0, 0, 0, 0]",-1,-0.0014652457933520373,-1,0
2048,"[1, 1, 0, 0, 3, 3, 0, 4, 0, 1, 0, 0, 1, 0, 2, 0, 0, 0, 0, 0, 0, 0, 0, 0, 2, 0, 0, 0, 0, 0, 0, 0, 1, 1, 0, 1, 1, 0, 2, 0, 0, 0, 1, 0, 0, 0, 0, 1, 0, 0, 2, 2, 2, 0, 0, 0, 0, 0, 0, 0, 0, 0, 2, 2, 3, 0, 2, 1, 2, 1, 4, 3, 6, 5, 3, 3, 2, 2, 4, 3, 353, 0, 0, 0, 0, 0, 0]",0,0.24315759909491486,-1,0
2049,"[1, 1, 0, 0, 3, 3, 0, 4, 0, 1, 0, 0, 1, 0, 2, 0, 0, 0, 0, 0, 0, 0, 0, 0, 2, 0, 0, 0, 0, 0, 0, 0, 1, 1, 0, 1, 1, 0, 2, 0, 0, 0, 1, 0, 0, 0, 0, 1, 0, 0, 2, 2, 2, 0, 0, 0, 0, 0, 0, 0, 0, 0, 2, 2, 3, 0, 2, 1, 2, 1, 4, 3, 6, 5, 3, 3, 2, 2, 4, 3, 353, 0, 0, 0, 0, 0, 0]",-1,-0.0014652457933520373,-1,0
2050,"[1, 1, 0, 0, 3, 3, 0, 4, 0, 1, 0, 0, 1, 0, 2, 0, 0, 0, 0, 0, 0, 0, 0, 0, 2, 0, 0, 0, 0, 0, 0, 0, 1, 1, 0, 1, 1, 0, 2, 0, 0, 0, 1, 0, 0, 0, 0, 1, 0, 0, 2, 2, 2, 0, 0, 0, 0, 0, 0, 0, 0, 0, 2, 2, 3, 0, 2, 1, 2, 1, 4, 3, 6, 5, 3, 3, 2, 2, 4, 3, 353, 0, 0, 0, 0, 0, 0]",0,0.24315759909491486,-1,0
2051,"[1, 1, 0, 0, 3, 3, 0, 4, 0, 1, 0, 0, 1, 0, 2, 0, 0, 0, 0, 0, 0, 0, 0, 0, 2, 0, 0, 0, 0, 0, 0, 0, 1, 1, 0, 1, 1, 0, 2, 0, 0, 0, 1, 0, 0, 0, 0, 1, 0, 0, 2, 2, 2, 0, 0, 0, 0, 0, 0, 0, 0, 0, 2, 2, 3, 0, 2, 1, 2, 1, 4, 3, 6, 5, 3, 3, 2, 2, 4, 3, 353, 0, 0, 0, 0, 0, 0]",-1,-0.0014652457933520373,-1,0
2052,"[1, 1, 0, 0, 3, 3, 0, 4, 0, 1, 0, 0, 1, 0, 2, 0, 0, 0, 0, 0, 0, 0, 0, 0, 2, 0, 0, 0, 0, 0, 0, 0, 1, 1, 0, 1, 1, 0, 2, 0, 0, 0, 1, 0, 0, 0, 0, 1, 0, 0, 2, 2, 2, 0, 0, 0, 0, 0, 0, 0, 0, 0, 2, 2, 3, 0, 2, 1, 2, 1, 4, 3, 6, 5, 3, 3, 2, 2, 4, 3, 353, 0, 0, 0, 0, 0, 0]",0,0.24315759909491486,-1,0
2053,"[1, 1, 0, 0, 3, 3, 0, 4, 0, 1, 0, 0, 1, 0, 2, 0, 0, 0, 0, 0, 0, 0, 0, 0, 2, 0, 0, 0, 0, 0, 0, 0, 1, 1, 0, 1, 1, 0, 2, 0, 0, 0, 1, 0, 0, 0, 0, 1, 0, 0, 2, 2, 2, 0, 0, 0, 0, 0, 0, 0, 0, 0, 2, 2, 3, 0, 2, 1, 2, 1, 4, 3, 6, 5, 3, 3, 2, 2, 4, 3, 353, 0, 0, 0, 0, 0, 0]",-1,-0.0014652457933520373,-1,0
2054,"[1, 1, 0, 0, 3, 3, 0, 4, 0, 1, 0, 0, 1, 0, 2, 0, 0, 0, 0, 0, 0, 0, 0, 0, 2, 0, 0, 0, 0, 0, 0, 0, 1, 1, 0, 1, 1, 0, 2, 0, 0, 0, 1, 0, 0, 0, 0, 1, 0, 0, 2, 2, 2, 0, 0, 0, 0, 0, 0, 0, 0, 0, 2, 2, 3, 0, 2, 1, 2, 1, 4, 3, 6, 5, 3, 3, 2, 2, 4, 3, 353, 0, 0, 0, 0, 0, 0]",0,0.24315759909491486,-1,0
2055,"[1, 1, 0, 0, 3, 3, 0, 4, 0, 1, 0, 0, 1, 0, 2, 0, 0, 0, 0, 0, 0, 0, 0, 0, 2, 0, 0, 0, 0, 0, 0, 0, 1, 1, 0, 1, 1, 0, 2, 0, 0, 0, 1, 0, 0, 0, 0, 1, 0, 0, 2, 2, 2, 0, 0, 0, 0, 0, 0, 0, 0, 0, 2, 2, 3, 0, 2, 1, 2, 1, 4, 3, 6, 5, 3, 3, 2, 2, 4, 3, 353, 0, 0, 0, 0, 0, 0]",-1,-0.0014652457933520373,-1,0
2056,"[1, 1, 0, 0, 3, 3, 0, 4, 0, 1, 0, 0, 1, 0, 2, 0, 0, 0, 0, 0, 0, 0, 0, 0, 2, 0, 0, 0, 0, 0, 0, 0, 1, 1, 0, 1, 1, 0, 2, 0, 0, 0, 1, 0, 0, 0, 0, 1, 0, 0, 2, 2, 2, 0, 0, 0, 0, 0, 0, 0, 0, 0, 2, 2, 3, 0, 2, 1, 2, 1, 4, 3, 6, 5, 3, 3, 2, 2, 4, 3, 353, 0, 0, 0, 0, 0, 0]",0,0.24315759909491486,-1,0
2057,"[1, 1, 0, 0, 3, 3, 0, 4, 0, 1, 0, 0, 1, 0, 2, 0, 0, 0, 0, 0, 0, 0, 0, 0, 2, 0, 0, 0, 0, 0, 0, 0, 1, 1, 0, 1, 1, 0, 2, 0, 0, 0, 1, 0, 0, 0, 0, 1, 0, 0, 2, 2, 2, 0, 0, 0, 0, 0, 0, 0, 0, 0, 2, 2, 3, 0, 2, 1, 2, 1, 4, 3, 6, 5, 3, 3, 2, 2, 4, 3, 353, 0, 0, 0, 0, 0, 0]",-1,-0.0014652457933520373,-1,0
2058,"[1, 1, 0, 0, 3, 3, 0, 4, 0, 1, 0, 0, 1, 0, 2, 0, 0, 0, 0, 0, 0, 0, 0, 0, 2, 0, 0, 0, 0, 0, 0, 0, 1, 1, 0, 1, 1, 0, 2, 0, 0, 0, 1, 0, 0, 0, 0, 1, 0, 0, 2, 2, 2, 0, 0, 0, 0, 0, 0, 0, 0, 0, 2, 2, 3, 0, 2, 1, 2, 1, 4, 3, 6, 5, 3, 3, 2, 2, 4, 3, 353, 0, 0, 0, 0, 0, 0]",0,0.24315759909491486,-1,0
2059,"[1, 1, 0, 0, 3, 3, 0, 4, 0, 1, 0, 0, 1, 0, 2, 0, 0, 0, 0, 0, 0, 0, 0, 0, 2, 0, 0, 0, 0, 0, 0, 0, 1, 1, 0, 1, 1, 0, 2, 0, 0, 0, 1, 0, 0, 0, 0, 1, 0, 0, 2, 2, 2, 0, 0, 0, 0, 0, 0, 0, 0, 0, 2, 2, 3, 0, 2, 1, 2, 1, 4, 3, 6, 5, 3, 3, 2, 2, 4, 3, 353, 0, 0, 0, 0, 0, 0]",-1,-0.0014652457933520373,-1,0
2060,"[1, 1, 0, 0, 3, 3, 0, 4, 0, 1, 0, 0, 1, 0, 2, 0, 0, 0, 0, 0, 0, 0, 0, 0, 2, 0, 0, 0, 0, 0, 0, 0, 1, 1, 0, 1, 1, 0, 2, 0, 0, 0, 1, 0, 0, 0, 0, 1, 0, 0, 2, 2, 2, 0, 0, 0, 0, 0, 0, 0, 0, 0, 2, 2, 3, 0, 2, 1, 2, 1, 4, 3, 6, 5, 3, 3, 2, 2, 4, 3, 353, 1, 0, 0, 0, 0, 0]",3,0.20043872667134177,-1,0
2061,"[1, 1, 0, 0, 3, 3, 0, 4, 0, 1, 0, 0, 1, 0, 2, 0, 0, 0, 0, 0, 0, 0, 0, 0, 2, 0, 0, 0, 0, 0, 0, 0, 1, 1, 0, 1, 1, 0, 2, 0, 0, 0, 1, 0, 0, 0, 0, 1, 0, 0, 2, 2, 2, 0, 0, 0, 0, 0, 0, 0, 0, 0, 2, 2, 3, 0, 2, 1, 2, 1, 4, 3, 6, 5, 3, 3, 2, 2, 4, 3, 353, 0, 0, 0, 0, 0, 0]",-1,-0.0014652457933520373,-1,0
2062,"[1, 1, 0, 0, 3, 3, 0, 4, 0, 1, 0, 0, 1, 0, 2, 0, 0, 0, 0, 0, 0, 0, 0, 0, 2, 0, 0, 0, 0, 0, 0, 0, 1, 1, 0, 1, 1, 0, 2, 0, 0, 0, 1, 0, 0, 0, 0, 1, 0, 0, 2, 2, 2, 0, 0, 0, 0, 0, 0, 0, 0, 0, 2, 2, 3, 0, 2, 1, 2, 1, 4, 3, 6, 5, 3, 3, 2, 2, 4, 3, 353, 1, 0, 0, 0, 0, 0]",3,0.20043872667134177,-1,0
2063,"[1, 1, 0, 0, 3, 3, 0, 4, 0, 1, 0, 0, 1, 0, 2, 0, 0, 0, 0, 0, 0, 0, 0, 0, 2, 0, 0, 0, 0, 0, 0, 0, 1, 1, 0, 1, 1, 0, 2, 0, 0, 0, 1, 0, 0, 0, 0, 1, 0, 0, 2, 2, 2, 0, 0, 0, 0, 0, 0, 0, 0, 0, 2, 2, 3, 0, 2, 1, 2, 1, 4, 3, 6, 5, 3, 3, 2, 2, 4, 3, 353, 0, 0, 0, 0, 0, 0]",-1,-0.0014652457933520373,-1,0
2064,"[1, 1, 0, 0, 3, 3, 0, 4, 0, 1, 0, 0, 1, 0, 2, 0, 0, 0, 0, 0, 0, 0, 0, 0, 2, 0, 0, 0, 0, 0, 0, 0, 1, 1, 0, 1, 1, 0, 2, 0, 0, 0, 1, 0, 0, 0, 0, 1, 0, 0, 2, 2, 2, 0, 0, 0, 0, 0, 0, 0, 0, 0, 2, 2, 3, 0, 2, 1, 2, 1, 4, 3, 6, 5, 3, 3, 2, 2, 4, 3, 353, 0, 0, 0, 0, 0, 0]",1,0.6100628417709585,-1,0
2065,"[1, 1, 0, 0, 3, 3, 0, 4, 0, 1, 0, 0, 1, 0, 2, 0, 0, 0, 0, 0, 0, 0, 0, 0, 2, 0, 0, 0, 0, 0, 0, 0, 1, 1, 0, 1, 1, 0, 2, 0, 0, 0, 1, 0, 0, 0, 0, 1, 0, 0, 2, 2, 2, 0, 0, 0, 0, 0, 0, 0, 0, 0, 2, 2, 3, 0, 2, 1, 2, 1, 4, 3, 6, 5, 3, 3, 2, 2, 4, 3, 353, 0, 0, 0, 0, 0, 0]",-1,-0.0014652457933520373,-1,0
2066,"[1, 1, 0, 0, 3, 3, 0, 4, 0, 1, 0, 0, 1, 0, 2, 0, 0, 0, 0, 0, 0, 0, 0, 0, 2, 0, 0, 0, 0, 0, 0, 0, 1, 1, 0, 1, 1, 0, 2, 0, 0, 0, 1, 0, 0, 0, 0, 1, 0, 0, 2, 2, 2, 0, 0, 0, 0, 0, 0, 0, 0, 0, 2, 2, 3, 0, 2, 1, 2, 1, 4, 3, 6, 5, 3, 3, 2, 2, 4, 3, 353, 0, 0, 0, 0, 0, 0]",1,0.6100628417709585,-1,0
2067,"[1, 1, 0, 0, 3, 3, 0, 4, 0, 1, 0, 0, 1, 0, 2, 0, 0, 0, 0, 0, 0, 0, 0, 0, 2, 0, 0, 0, 0, 0, 0, 0, 1, 1, 0, 1, 1, 0, 2, 0, 0, 0, 1, 0, 0, 0, 0, 1, 0, 0, 2, 2, 2, 0, 0, 0, 0, 0, 0, 0, 0, 0, 2, 2, 3, 0, 2, 1, 2, 1, 4, 3, 6, 5, 3, 3, 2, 2, 4, 3, 353, 0, 0, 0, 0, 0, 0]",-1,-0.0014652457933520373,-1,0
2068,"[1, 1, 0, 0, 3, 3, 0, 4, 0, 1, 0, 0, 1, 0, 2, 0, 0, 0, 0, 0, 0, 0, 0, 0, 2, 0, 0, 0, 0, 0, 0, 0, 1, 1, 0, 1, 1, 0, 2, 0, 0, 0, 1, 0, 0, 0, 0, 1, 0, 0, 2, 2, 2, 0, 0, 0, 0, 0, 0, 0, 0, 0, 2, 2, 3, 0, 2, 1, 2, 1, 4, 3, 6, 5, 3, 3, 2, 2, 4, 3, 353, 0, 1, 0, 0, 0, 0]",2,0.4004387266713417,-1,0
2069,"[1, 1, 0, 0, 3, 3, 0, 4, 0, 1, 0, 0, 1, 0, 2, 0, 0, 0, 0, 0, 0, 0, 0, 0, 2, 0, 0, 0, 0, 0, 0, 0, 1, 1, 0, 1, 1, 0, 2, 0, 0, 0, 1, 0, 0, 0, 0, 1, 0, 0, 2, 2, 2, 0, 0, 0, 0, 0, 0, 0, 0, 0, 2, 2, 3, 0, 2, 1, 2, 1, 4, 3, 6, 5, 3, 3, 2, 2, 4, 3, 353, 0, 1, 0, 0, 1, 0]","[[1 0 0 0]
 [0 0 0 1]]",0.6508635917294326,-1,0
2070,"[1, 1, 0, 0, 3, 3, 0, 4, 0, 1, 0, 0, 1, 0, 2, 0, 0, 0, 0, 0, 0, 0, 0, 0, 2, 0, 0, 0, 0, 0, 0, 0, 1, 1, 0, 1, 1, 0, 2, 0, 0, 0, 1, 0, 0, 0, 0, 1, 0, 0, 2, 2, 2, 0, 0, 0, 0, 0, 0, 0, 0, 0, 2, 2, 3, 0, 2, 1, 2, 1, 4, 3, 6, 5, 3, 3, 2, 2, 4, 3, 353, 0, 0, 0, 0, 0, 0]",1,-16.010949574170553,-1,1
2071,"[1, 1, 0, 0, 3, 3, 0, 4, 0, 1, 0, 0, 1, 0, 2, 0, 0, 0, 0, 0, 0, 0, 0, 0, 2, 0, 0, 0, 0, 0, 0, 0, 1, 1, 0, 1, 1, 0, 2, 0, 0, 0, 1, 0, 0, 0, 0, 1, 0, 0, 2, 2, 2, 0, 0, 0, 0, 0, 0, 0, 0, 0, 2, 2, 3, 0, 2, 1, 2, 1, 4, 3, 6, 5, 3, 3, 2, 2, 4, 3, 353, 1, 0, 0, 0, 0, 0]",3,0.20043872667134177,-1,0
2072,"[1, 1, 0, 0, 3, 3, 0, 4, 0, 1, 0, 0, 1, 0, 2, 0, 0, 0, 0, 0, 0, 0, 0, 0, 2, 0, 0, 0, 0, 0, 0, 0, 1, 1, 0, 1, 1, 0, 2, 0, 0, 0, 1, 0, 0, 0, 0, 1, 0, 0, 2, 2, 2, 0, 0, 0, 0, 0, 0, 0, 0, 0, 2, 2, 3, 0, 2, 1, 2, 1, 4, 3, 6, 5, 3, 3, 2, 2, 4, 3, 353, 0, 0, 0, 0, 0, 0]",-1,-0.0014652457933520373,-1,0
2073,"[1, 1, 0, 0, 3, 3, 0, 4, 0, 1, 0, 0, 1, 0, 2, 0, 0, 0, 0, 0, 0, 0, 0, 0, 2, 0, 0, 0, 0, 0, 0, 0, 1, 1, 0, 1, 1, 0, 2, 0, 0, 0, 1, 0, 0, 0, 0, 1, 0, 0, 2, 2, 2, 0, 0, 0, 0, 0, 0, 0, 0, 0, 2, 2, 3, 0, 2, 1, 2, 1, 4, 3, 6, 5, 3, 3, 2, 2, 4, 3, 353, 0, 0, 0, 0, 0, 0]",1,0.6100628417709585,-1,0
2074,"[1, 1, 0, 0, 3, 3, 0, 4, 0, 1, 0, 0, 1, 0, 2, 0, 0, 0, 0, 0, 0, 0, 0, 0, 2, 0, 0, 0, 0, 0, 0, 0, 1, 1, 0, 1, 1, 0, 2, 0, 0, 0, 1, 0, 0, 0, 0, 1, 0, 0, 2, 2, 2, 0, 0, 0, 0, 0, 0, 0, 0, 0, 2, 2, 3, 0, 2, 1, 2, 1, 4, 3, 6, 5, 3, 3, 2, 2, 4, 3, 353, 0, 0, 0, 0, 0, 0]",-1,-0.0014652457933520373,-1,0
2075,"[1, 1, 0, 0, 3, 3, 0, 4, 0, 1, 0, 0, 1, 0, 2, 0, 0, 0, 0, 0, 0, 0, 0, 0, 2, 0, 0, 0, 0, 0, 0, 0, 1, 1, 0, 1, 1, 0, 2, 0, 0, 0, 1, 0, 0, 0, 0, 1, 0, 0, 2, 2, 2, 0, 0, 0, 0, 0, 0, 0, 0, 0, 2, 2, 3, 0, 2, 1, 2, 1, 4, 3, 6, 5, 3, 3, 2, 2, 4, 3, 353, 0, 0, 0, 0, 0, 0]",1,0.6100628417709585,-1,0
2076,"[1, 1, 0, 0, 3, 3, 0, 4, 0, 1, 0, 0, 1, 0, 2, 0, 0, 0, 0, 0, 0, 0, 0, 0, 2, 0, 0, 0, 0, 0, 0, 0, 1, 1, 0, 1, 1, 0, 2, 0, 0, 0, 1, 0, 0, 0, 0, 1, 0, 0, 2, 2, 2, 0, 0, 0, 0, 0, 0, 0, 0, 0, 2, 2, 3, 0, 2, 1, 2, 1, 4, 3, 6, 5, 3, 3, 2, 2, 4, 3, 353, 0, 0, 0, 0, 0, 0]",-1,-0.0014652457933520373,-1,0
2077,"[1, 1, 0, 0, 3, 3, 0, 4, 0, 1, 0, 0, 1, 0, 2, 0, 0, 0, 0, 0, 0, 0, 0, 0, 2, 0, 0, 0, 0, 0, 0, 0, 1, 1, 0, 1, 1, 0, 2, 0, 0, 0, 1, 0, 0, 0, 0, 1, 0, 0, 2, 2, 2, 0, 0, 0, 0, 0, 0, 0, 0, 0, 2, 2, 3, 0, 2, 1, 2, 1, 4, 3, 6, 5, 3, 3, 2, 2, 4, 3, 353, 1, 0, 0, 0, 0, 0]",3,0.20043872667134177,-1,0
2078,"[1, 1, 0, 0, 3, 3, 0, 4, 0, 1, 0, 0, 1, 0, 2, 0, 0, 0, 0, 0, 0, 0, 0, 0, 2, 0, 0, 0, 0, 0, 0, 0, 1, 1, 0, 1, 1, 0, 2, 0, 0, 0, 1, 0, 0, 0, 0, 1, 0, 0, 2, 2, 2, 0, 0, 0, 0, 0, 0, 0, 0, 0, 2, 2, 3, 0, 2, 1, 2, 1, 4, 3, 6, 5, 3, 3, 2, 2, 4, 3, 353, 0, 0, 0, 0, 0, 0]",-1,-0.0014652457933520373,-1,0
2079,"[1, 1, 0, 0, 5, 3, 0, 4, 0, 1, 0, 0, 1, 0, 2, 0, 0, 0, 0, 0, 0, 0, 0, 0, 2, 0, 0, 0, 0, 0, 0, 0, 1, 1, 0, 1, 1, 0, 2, 0, 0, 0, 1, 0, 0, 0, 0, 1, 0, 0, 2, 2, 2, 0, 0, 0, 0, 0, 0, 0, 0, 0, 2, 2, 3, 0, 2, 1, 2, 1, 4, 3, 6, 5, 3, 3, 2, 2, 4, 3, 354, 0, 0, 0, 0, 0, 0]",4,14.26281522309289,-1,0
2080,"[1, 1, 0, 0, 7, 3, 0, 4, 0, 1, 0, 0, 1, 0, 2, 0, 0, 0, 0, 0, 0, 0, 0, 0, 2, 0, 0, 0, 0, 0, 0, 0, 1, 1, 0, 1, 1, 0, 2, 0, 0, 0, 1, 0, 0, 0, 0, 1, 0, 0, 2, 2, 2, 0, 0, 0, 0, 0, 0, 0, 0, 0, 2, 2, 3, 0, 2, 1, 2, 1, 4, 3, 6, 5, 3, 3, 2, 2, 4, 3, 355, 0, 0, 0, 0, 0, 0]",4,11.219249493302055,-1,1
2081,"[1, 1, 0, 0, 7, 3, 0, 4, 0, 1, 0, 0, 1, 0, 2, 0, 0, 0, 0, 0, 0, 0, 0, 0, 2, 0, 0, 0, 0, 0, 0, 0, 1, 1, 0, 1, 1, 0, 2, 0, 0, 0, 1, 0, 0, 0, 0, 1, 0, 0, 2, 2, 2, 0, 0, 0, 0, 0, 0, 0, 0, 0, 2, 2, 3, 0, 2, 1, 2, 1, 4, 3, 6, 5, 3, 3, 2, 2, 4, 3, 355, 0, 0, 0, 0, 0, 0]",1,0.6100291791774267,-1,0
2082,"[1, 1, 0, 0, 7, 3, 0, 4, 0, 1, 0, 0, 1, 0, 2, 0, 0, 0, 0, 0, 0, 0, 0, 0, 2, 0, 0, 0, 0, 0, 0, 0, 1, 1, 0, 1, 1, 0, 2, 0, 0, 0, 1, 0, 0, 0, 0, 1, 0, 0, 2, 2, 2, 0, 0, 0, 0, 0, 0, 0, 0, 0, 2, 2, 3, 0, 2, 1, 2, 1, 4, 3, 6, 5, 3, 3, 2, 2, 4, 3, 355, 0, 0, 0, 0, 0, 0]",-1,-0.0014362319827119713,-1,0
2083,"[1, 1, 0, 0, 7, 3, 0, 4, 0, 1, 0, 0, 1, 0, 2, 0, 0, 0, 0, 0, 0, 0, 0, 0, 2, 0, 0, 0, 0, 0, 0, 0, 1, 1, 0, 1, 1, 0, 2, 0, 0, 0, 1, 0, 0, 0, 0, 1, 0, 0, 2, 2, 2, 0, 0, 0, 0, 0, 0, 0, 0, 0, 2, 2, 3, 0, 2, 1, 2, 1, 4, 3, 6, 5, 3, 3, 2, 2, 4, 3, 355, 0, 0, 0, 0, 0, 0]",1,0.6100291791774267,-1,0
2084,"[1, 1, 0, 0, 7, 3, 0, 4, 0, 1, 0, 0, 1, 0, 2, 0, 0, 0, 0, 0, 0, 0, 0, 0, 2, 0, 0, 0, 0, 0, 0, 0, 1, 1, 0, 1, 1, 0, 2, 0, 0, 0, 1, 0, 0, 0, 0, 1, 0, 0, 2, 2, 2, 0, 0, 0, 0, 0, 0, 0, 0, 0, 2, 2, 3, 0, 2, 1, 2, 1, 4, 3, 6, 5, 3, 3, 2, 2, 4, 3, 355, 0, 0, 0, 0, 0, 0]",-1,-0.0014362319827119713,-1,0
2085,"[1, 1, 0, 0, 7, 3, 0, 4, 0, 1, 0, 0, 1, 0, 2, 0, 0, 0, 0, 0, 0, 0, 0, 0, 2, 0, 0, 0, 0, 0, 0, 0, 1, 1, 0, 1, 1, 0, 2, 0, 0, 0, 1, 0, 0, 0, 0, 1, 0, 0, 2, 2, 2, 0, 0, 0, 0, 0, 0, 0, 0, 0, 2, 2, 3, 0, 2, 1, 2, 1, 4, 3, 6, 5, 3, 3, 2, 2, 4, 3, 355, 1, 0, 0, 0, 0, 0]",3,0.20040506407781,-1,0
2086,"[1, 1, 0, 0, 7, 3, 0, 4, 0, 1, 0, 0, 1, 0, 2, 0, 0, 0, 0, 0, 0, 0, 0, 0, 2, 0, 0, 0, 0, 0, 0, 0, 1, 1, 0, 1, 1, 0, 2, 0, 0, 0, 1, 0, 0, 0, 0, 1, 0, 0, 2, 2, 2, 0, 0, 0, 0, 0, 0, 0, 0, 0, 2, 2, 3, 0, 2, 1, 2, 1, 4, 3, 6, 5, 3, 3, 2, 2, 4, 3, 355, 0, 0, 0, 0, 0, 0]",-1,-0.0014362319827119713,-1,0
2087,"[1, 1, 0, 0, 7, 3, 0, 4, 0, 1, 0, 0, 1, 0, 2, 0, 0, 0, 0, 0, 0, 0, 0, 0, 2, 0, 0, 0, 0, 0, 0, 0, 1, 1, 0, 1, 1, 0, 2, 0, 0, 0, 1, 0, 0, 0, 0, 1, 0, 0, 2, 2, 2, 0, 0, 0, 0, 0, 0, 0, 0, 0, 2, 2, 3, 0, 2, 1, 2, 1, 4, 3, 6, 5, 3, 3, 2, 2, 4, 3, 355, 1, 0, 0, 0, 0, 0]",3,0.20040506407781,-1,0
2088,"[1, 1, 0, 0, 7, 3, 0, 4, 0, 1, 0, 0, 1, 0, 2, 0, 0, 0, 0, 0, 0, 0, 0, 0, 2, 0, 0, 0, 0, 0, 0, 0, 1, 1, 0, 1, 1, 0, 2, 0, 0, 0, 1, 0, 0, 0, 0, 1, 0, 0, 2, 2, 2, 0, 0, 0, 0, 0, 0, 0, 0, 0, 2, 2, 3, 0, 2, 1, 2, 1, 4, 3, 6, 5, 3, 3, 2, 2, 4, 3, 355, 0, 0, 0, 0, 0, 0]",-1,-0.0014362319827119713,-1,0
2089,"[1, 1, 0, 0, 7, 3, 0, 4, 0, 1, 0, 0, 1, 0, 2, 0, 0, 0, 0, 0, 0, 0, 0, 0, 2, 0, 0, 0, 0, 0, 0, 0, 1, 1, 0, 1, 1, 0, 2, 0, 0, 0, 1, 0, 0, 0, 0, 1, 0, 0, 2, 2, 2, 0, 0, 0, 0, 0, 0, 0, 0, 0, 2, 2, 3, 0, 2, 1, 2, 1, 4, 3, 6, 5, 3, 3, 2, 2, 4, 3, 355, 0, 0, 0, 0, 0, 0]",1,0.6100291791774267,-1,0
2090,"[1, 1, 0, 0, 7, 3, 0, 4, 0, 1, 0, 0, 1, 0, 2, 0, 0, 0, 0, 0, 0, 0, 0, 0, 2, 0, 0, 0, 0, 0, 0, 0, 1, 1, 0, 1, 1, 0, 2, 0, 0, 0, 1, 0, 0, 0, 0, 1, 0, 0, 2, 2, 2, 0, 0, 0, 0, 0, 0, 0, 0, 0, 2, 2, 3, 0, 2, 1, 2, 1, 4, 3, 6, 5, 3, 3, 2, 2, 4, 3, 355, 0, 0, 0, 0, 0, 0]",-1,-0.0014362319827119713,-1,0
2091,"[1, 1, 0, 0, 7, 3, 0, 4, 0, 1, 0, 0, 1, 0, 2, 0, 0, 0, 0, 0, 0, 0, 0, 0, 2, 0, 0, 0, 0, 0, 0, 0, 1, 1, 0, 1, 1, 0, 2, 0, 0, 0, 1, 0, 0, 0, 0, 1, 0, 0, 2, 2, 2, 0, 0, 0, 0, 0, 0, 0, 0, 0, 2, 2, 3, 0, 2, 1, 2, 1, 4, 3, 6, 5, 3, 3, 2, 2, 4, 3, 355, 0, 1, 0, 0, 0, 0]",2,0.40040506407780996,-1,0
2092,"[1, 1, 0, 0, 7, 3, 0, 4, 0, 1, 0, 0, 1, 0, 2, 0, 0, 0, 0, 0, 0, 0, 0, 0, 2, 0, 0, 0, 0, 0, 0, 0, 1, 1, 0, 1, 1, 0, 2, 0, 0, 0, 1, 0, 0, 0, 0, 1, 0, 0, 2, 2, 2, 0, 0, 0, 0, 0, 0, 0, 0, 0, 2, 2, 3, 0, 2, 1, 2, 1, 4, 3, 6, 5, 3, 3, 2, 2, 4, 3, 355, 0, 1, 0, 0, 1, 0]","[[0 1 0 0]
 [0 0 0 1]]",0.6508299291359009,-1,0
2093,"[1, 1, 0, 0, 7, 3, 0, 4, 0, 1, 0, 0, 1, 0, 2, 0, 0, 0, 0, 0, 0, 0, 0, 0, 2, 0, 0, 0, 0, 0, 0, 0, 1, 1, 0, 1, 1, 0, 2, 0, 0, 0, 1, 0, 0, 0, 0, 1, 0, 0, 2, 2, 2, 0, 0, 0, 0, 0, 0, 0, 0, 0, 2, 2, 3, 0, 2, 1, 2, 1, 4, 3, 6, 5, 3, 3, 2, 2, 4, 3, 355, 0, 0, 0, 0, 0, 0]",-1,-0.0014362319827119713,-1,1
2094,"[1, 1, 0, 0, 9, 3, 0, 4, 0, 1, 0, 0, 1, 0, 2, 0, 0, 0, 0, 0, 0, 0, 0, 0, 2, 0, 0, 0, 0, 0, 0, 0, 1, 1, 0, 1, 1, 0, 2, 0, 0, 0, 1, 0, 0, 0, 0, 1, 0, 0, 2, 2, 2, 0, 0, 0, 0, 0, 0, 0, 0, 0, 2, 2, 3, 0, 2, 1, 2, 1, 4, 3, 6, 5, 3, 3, 2, 2, 4, 3, 356, 0, 0, 0, 0, 0, 0]",4,14.262724847456218,-1,0
2095,"[1, 1, 0, 0, 9, 3, 0, 4, 0, 1, 0, 0, 1, 0, 2, 0, 0, 0, 0, 0, 0, 0, 0, 0, 2, 0, 0, 0, 0, 0, 0, 0, 1, 1, 0, 1, 1, 0, 2, 0, 0, 0, 1, 0, 0, 0, 0, 1, 0, 0, 2, 2, 2, 0, 0, 0, 0, 0, 0, 0, 0, 0, 2, 2, 3, 0, 2, 1, 2, 1, 4, 3, 6, 5, 3, 3, 2, 2, 4, 3, 357, 0, 0, 0, 0, 0, 0]",4,11.143669834179931,-1,1
2096,"[1, 1, 0, 0, 9, 3, 0, 4, 0, 1, 0, 0, 1, 0, 2, 0, 0, 0, 0, 0, 0, 0, 0, 0, 2, 0, 0, 0, 0, 0, 0, 0, 1, 1, 0, 1, 1, 0, 2, 0, 0, 0, 1, 0, 0, 0, 0, 1, 0, 0, 2, 2, 2, 0, 0, 0, 0, 0, 0, 0, 0, 0, 2, 2, 3, 0, 2, 1, 2, 1, 4, 3, 6, 5, 3, 3, 2, 2, 4, 3, 357, 0, 0, 0, 0, 0, 0]",1,0.6099980946050335,-1,0
2097,"[1, 1, 0, 0, 9, 3, 0, 4, 0, 1, 0, 0, 1, 0, 2, 0, 0, 0, 0, 0, 0, 0, 0, 0, 2, 0, 0, 0, 0, 0, 0, 0, 1, 1, 0, 1, 1, 0, 2, 0, 0, 0, 1, 0, 0, 0, 0, 1, 0, 0, 2, 2, 2, 0, 0, 0, 0, 0, 0, 0, 0, 0, 2, 2, 3, 0, 2, 1, 2, 1, 4, 3, 6, 5, 3, 3, 2, 2, 4, 3, 357, 0, 0, 0, 0, 0, 0]",-1,-0.001407792684015005,-1,0
2098,"[1, 1, 0, 0, 11, 3, 0, 4, 0, 1, 0, 0, 1, 0, 2, 0, 0, 0, 0, 0, 0, 0, 0, 0, 2, 0, 0, 0, 0, 0, 0, 0, 1, 1, 0, 1, 1, 0, 2, 0, 0, 0, 1, 0, 0, 0, 0, 1, 0, 0, 2, 2, 2, 0, 0, 0, 0, 0, 0, 0, 0, 0, 2, 2, 3, 0, 2, 1, 2, 1, 4, 3, 6, 5, 3, 3, 2, 2, 4, 3, 358, 0, 0, 0, 0, 0, 0]",4,14.262638098567923,-1,0
2099,"[1, 1, 0, 0, 11, 3, 0, 4, 0, 1, 0, 0, 1, 0, 2, 0, 0, 0, 0, 0, 0, 0, 0, 0, 2, 0, 0, 0, 0, 0, 0, 0, 1, 1, 0, 1, 1, 0, 2, 0, 0, 0, 1, 0, 0, 0, 0, 1, 0, 0, 2, 2, 2, 0, 0, 0, 0, 0, 0, 0, 0, 0, 2, 2, 3, 0, 2, 1, 2, 1, 4, 3, 6, 5, 3, 3, 2, 2, 4, 3, 358, 1, 0, 0, 0, 0, 0]",3,0.2003593419061157,-1,1
2100,"[1, 1, 0, 0, 11, 3, 0, 4, 0, 1, 0, 0, 1, 0, 2, 0, 0, 0, 0, 0, 0, 0, 0, 0, 2, 0, 0, 0, 0, 0, 0, 0, 1, 1, 0, 1, 1, 0, 2, 0, 0, 0, 1, 0, 0, 0, 0, 1, 0, 0, 2, 2, 2, 0, 0, 0, 0, 0, 0, 0, 0, 0, 2, 2, 3, 0, 2, 1, 2, 1, 4, 3, 6, 5, 3, 3, 2, 2, 4, 3, 358, 0, 0, 0, 0, 0, 0]",-1,-0.0013937849127623509,-1,1
2101,"[1, 1, 0, 0, 11, 3, 0, 5, 0, 1, 0, 0, 1, 0, 2, 0, 0, 0, 0, 0, 0, 0, 0, 0, 2, 0, 0, 0, 0, 0, 0, 0, 1, 1, 0, 1, 1, 0, 2, 0, 0, 0, 1, 0, 0, 0, 0, 1, 0, 0, 2, 2, 2, 0, 0, 0, 0, 0, 0, 0, 0, 0, 2, 2, 3, 0, 2, 1, 2, 1, 4, 3, 6, 5, 3, 3, 2, 2, 4, 3, 359, 0, 0, 0, 0, 0, 0]",4,11.109809697406689,-1,1
2102,"[1, 1, 0, 0, 11, 3, 0, 5, 0, 1, 0, 0, 1, 0, 2, 0, 0, 0, 0, 0, 0, 0, 0, 0, 2, 0, 0, 0, 0, 0, 0, 0, 1, 1, 0, 1, 1, 0, 2, 0, 0, 0, 1, 0, 0, 0, 0, 1, 0, 0, 2, 2, 2, 0, 0, 0, 0, 0, 0, 0, 0, 0, 2, 2, 3, 0, 2, 1, 2, 1, 4, 3, 6, 5, 3, 3, 2, 2, 4, 3, 359, 0, 0, 0, 0, 0, 0]",1,0.6099693913327642,-1,0
2103,"[1, 1, 0, 0, 11, 3, 0, 5, 0, 1, 0, 0, 1, 0, 2, 0, 0, 0, 0, 0, 0, 0, 0, 0, 2, 0, 0, 0, 0, 0, 0, 0, 1, 1, 0, 1, 1, 0, 2, 0, 0, 0, 1, 0, 0, 0, 0, 1, 0, 0, 2, 2, 2, 0, 0, 0, 0, 0, 0, 0, 0, 0, 2, 2, 3, 0, 2, 1, 2, 1, 4, 3, 6, 5, 3, 3, 2, 2, 4, 3, 359, 0, 0, 0, 0, 0, 0]",-1,-0.0013799165211624644,-1,0
2104,"[1, 1, 0, 0, 11, 3, 0, 5, 0, 1, 0, 0, 1, 0, 2, 0, 0, 0, 0, 0, 0, 0, 0, 0, 2, 0, 0, 0, 0, 0, 0, 0, 1, 1, 0, 1, 1, 0, 2, 0, 0, 0, 1, 0, 0, 0, 0, 1, 0, 0, 2, 2, 2, 0, 0, 0, 0, 0, 0, 0, 0, 0, 2, 2, 3, 0, 2, 1, 2, 1, 4, 3, 6, 5, 3, 3, 2, 2, 4, 3, 359, 0, 0, 0, 0, 0, 0]",1,0.6099693913327642,-1,0
2105,"[1, 1, 0, 0, 11, 3, 0, 5, 0, 1, 0, 0, 1, 0, 2, 0, 0, 0, 0, 0, 0, 0, 0, 0, 2, 0, 0, 0, 0, 0, 0, 0, 1, 1, 0, 1, 1, 0, 2, 0, 0, 0, 1, 0, 0, 0, 0, 1, 0, 0, 2, 2, 2, 0, 0, 0, 0, 0, 0, 0, 0, 0, 2, 2, 3, 0, 2, 1, 2, 1, 4, 3, 6, 5, 3, 3, 2, 2, 4, 3, 359, 0, 0, 0, 0, 0, 0]",-1,-0.0013799165211624644,-1,0
2106,"[1, 1, 0, 0, 11, 3, 0, 5, 0, 1, 0, 0, 1, 0, 2, 0, 0, 0, 0, 0, 0, 0, 0, 0, 2, 0, 0, 0, 0, 0, 0, 0, 1, 1, 0, 1, 1, 0, 2, 0, 0, 0, 1, 0, 0, 0, 0, 1, 0, 0, 2, 2, 2, 0, 0, 0, 0, 0, 0, 0, 0, 0, 2, 2, 3, 0, 2, 1, 2, 1, 4, 3, 6, 5, 3, 3, 2, 2, 4, 3, 359, 1, 0, 0, 0, 0, 0]",3,0.20034527623314746,-1,0
2107,"[1, 1, 0, 0, 11, 3, 0, 5, 0, 1, 0, 0, 1, 0, 2, 0, 0, 0, 0, 0, 0, 0, 0, 0, 2, 0, 0, 0, 0, 0, 0, 0, 1, 1, 0, 1, 1, 0, 2, 0, 0, 0, 1, 0, 0, 0, 0, 1, 0, 0, 2, 2, 2, 0, 0, 0, 0, 0, 0, 0, 0, 0, 2, 2, 3, 0, 2, 1, 2, 1, 4, 3, 6, 5, 3, 3, 2, 2, 4, 3, 359, 0, 0, 0, 0, 0, 0]",-1,-0.0013799165211624644,-1,0
2108,"[1, 1, 0, 0, 11, 3, 0, 5, 0, 1, 0, 0, 1, 0, 2, 0, 0, 0, 0, 0, 0, 0, 0, 0, 2, 0, 0, 0, 0, 0, 0, 0, 1, 1, 0, 1, 1, 0, 2, 0, 0, 0, 1, 0, 0, 0, 0, 1, 0, 0, 2, 2, 2, 0, 0, 0, 0, 0, 0, 0, 0, 0, 2, 2, 3, 0, 2, 1, 2, 1, 4, 3, 6, 5, 3, 3, 2, 2, 4, 3, 359, 1, 0, 0, 0, 0, 0]",3,0.20034527623314746,-1,0
2109,"[1, 1, 0, 0, 11, 3, 0, 5, 0, 1, 0, 0, 1, 0, 2, 0, 0, 0, 0, 0, 0, 0, 0, 0, 2, 0, 0, 0, 0, 0, 0, 0, 1, 1, 0, 1, 1, 0, 2, 0, 0, 0, 1, 0, 0, 0, 0, 1, 0, 0, 2, 2, 2, 0, 0, 0, 0, 0, 0, 0, 0, 0, 2, 2, 3, 0, 2, 1, 2, 1, 4, 3, 6, 5, 3, 3, 2, 2, 4, 3, 359, 0, 0, 0, 0, 0, 0]",-1,-0.0013799165211624644,-1,0
2110,"[1, 1, 0, 0, 11, 3, 0, 5, 0, 1, 0, 0, 1, 0, 2, 0, 0, 0, 0, 0, 0, 0, 0, 0, 2, 0, 0, 0, 0, 0, 0, 0, 1, 1, 0, 1, 1, 0, 2, 0, 0, 0, 1, 0, 0, 0, 0, 1, 0, 0, 2, 2, 2, 0, 0, 0, 0, 0, 0, 0, 0, 0, 2, 2, 3, 0, 2, 1, 2, 1, 4, 3, 6, 5, 3, 3, 2, 2, 4, 3, 359, 0, 1, 0, 0, 0, 0]",2,0.4003452762331474,-1,0
2111,"[1, 1, 0, 0, 11, 3, 0, 5, 0, 1, 0, 0, 1, 0, 2, 0, 0, 0, 0, 0, 0, 0, 0, 0, 2, 0, 0, 0, 0, 0, 0, 0, 1, 1, 0, 1, 1, 0, 2, 0, 0, 0, 1, 0, 0, 0, 0, 1, 0, 0, 2, 2, 2, 0, 0, 0, 0, 0, 0, 0, 0, 0, 2, 2, 3, 0, 2, 1, 2, 1, 4, 3, 6, 5, 3, 3, 2, 2, 4, 3, 359, 0, 1, 0, 0, 1, 0]","[[1 0 0 0]
 [0 0 0 1]]",0.6507701412912383,-1,0
2112,"[0, 1, 0, 1, 12, 3, 0, 4, 0, 1, 0, 0, 1, 0, 2, 0, 0, 0, 0, 0, 0, 0, 0, 0, 2, 0, 0, 0, 0, 0, 0, 0, 1, 1, 0, 1, 1, 0, 2, 0, 0, 0, 1, 0, 0, 0, 0, 1, 0, 0, 2, 2, 2, 0, 0, 0, 0, 0, 0, 0, 0, 0, 2, 2, 3, 0, 2, 1, 2, 1, 4, 3, 6, 5, 3, 3, 2, 2, 4, 3, 359, 0, 0, 0, 0, 0, 0]",0,-0.19965472376685256,-1,1
2113,"[0, 1, 0, 1, 12, 3, 0, 4, 0, 1, 0, 0, 1, 0, 2, 0, 0, 0, 0, 0, 0, 0, 0, 0, 2, 0, 0, 0, 0, 0, 0, 0, 1, 1, 0, 1, 1, 0, 2, 0, 0, 0, 1, 0, 0, 0, 0, 1, 0, 0, 2, 2, 2, 0, 0, 0, 0, 0, 0, 0, 0, 0, 2, 2, 3, 0, 2, 1, 2, 1, 4, 3, 6, 5, 3, 3, 2, 2, 4, 3, 359, 0, 1, 0, 0, 0, 0]",2,0.4003452762331474,-1,0
2114,"[0, 1, 0, 1, 12, 3, 0, 4, 0, 1, 0, 0, 1, 0, 2, 0, 0, 0, 0, 0, 0, 0, 0, 0, 2, 0, 0, 0, 0, 0, 0, 0, 1, 1, 0, 1, 1, 0, 2, 0, 0, 0, 1, 0, 0, 0, 0, 1, 0, 0, 2, 2, 2, 0, 0, 0, 0, 0, 0, 0, 0, 0, 2, 2, 3, 0, 2, 1, 2, 1, 4, 3, 6, 5, 3, 3, 2, 2, 4, 3, 359, 0, 1, 0, 0, 1, 0]","[[0 0 0 1]
 [1 0 0 0]]",0.6507701412912383,-1,0
2115,"[0, 1, 0, 1, 12, 3, 0, 4, 0, 1, 0, 0, 1, 0, 2, 0, 0, 0, 0, 0, 0, 0, 0, 0, 2, 0, 0, 0, 0, 0, 0, 0, 1, 1, 0, 1, 1, 0, 2, 0, 0, 0, 1, 0, 0, 0, 0, 1, 0, 0, 2, 2, 2, 0, 0, 0, 0, 0, 0, 0, 0, 0, 2, 2, 3, 0, 2, 1, 2, 1, 4, 3, 6, 5, 3, 3, 2, 2, 4, 3, 359, 0, 0, 0, 0, 0, 0]",1,-16.01104302460875,-1,1
2116,"[0, 1, 0, 1, 12, 3, 0, 4, 0, 1, 0, 0, 1, 0, 2, 0, 0, 0, 0, 0, 0, 0, 0, 0, 2, 0, 0, 0, 0, 0, 0, 0, 1, 1, 0, 1, 1, 0, 2, 0, 0, 0, 1, 0, 0, 0, 0, 1, 0, 0, 2, 2, 2, 0, 0, 0, 0, 0, 0, 0, 0, 0, 2, 2, 3, 0, 2, 1, 2, 1, 4, 3, 6, 5, 3, 3, 2, 2, 4, 3, 359, 0, 0, 0, 0, 0, 0]",1,0.6099693913327642,-1,0
2117,"[0, 1, 0, 1, 12, 3, 0, 4, 0, 1, 0, 0, 1, 0, 2, 0, 0, 0, 0, 0, 0, 0, 0, 0, 2, 0, 0, 0, 0, 0, 0, 0, 1, 1, 0, 1, 1, 0, 2, 0, 0, 0, 1, 0, 0, 0, 0, 1, 0, 0, 2, 2, 2, 0, 0, 0, 0, 0, 0, 0, 0, 0, 2, 2, 3, 0, 2, 1, 2, 1, 4, 3, 6, 5, 3, 3, 2, 2, 4, 3, 359, 0, 0, 0, 0, 0, 0]",-1,-0.0013799165211624644,-1,0
2118,"[0, 1, 0, 1, 12, 3, 0, 4, 0, 1, 0, 0, 1, 0, 2, 0, 0, 0, 0, 0, 0, 0, 0, 0, 2, 0, 0, 0, 0, 0, 0, 0, 1, 1, 0, 1, 1, 0, 2, 0, 0, 0, 1, 0, 0, 0, 0, 1, 0, 0, 2, 2, 2, 0, 0, 0, 0, 0, 0, 0, 0, 0, 2, 2, 3, 0, 2, 1, 2, 1, 4, 3, 6, 5, 3, 3, 2, 2, 4, 3, 359, 1, 0, 0, 0, 0, 0]",3,0.20034527623314746,-1,0
2119,"[0, 1, 0, 1, 12, 3, 0, 4, 0, 1, 0, 0, 1, 0, 2, 0, 0, 0, 0, 0, 0, 0, 0, 0, 2, 0, 0, 0, 0, 0, 0, 0, 1, 1, 0, 1, 1, 0, 2, 0, 0, 0, 1, 0, 0, 0, 0, 1, 0, 0, 2, 2, 2, 0, 0, 0, 0, 0, 0, 0, 0, 0, 2, 2, 3, 0, 2, 1, 2, 1, 4, 3, 6, 5, 3, 3, 2, 2, 4, 3, 359, 0, 0, 0, 0, 0, 0]",-1,-0.0013799165211624644,-1,0
2120,"[0, 1, 0, 1, 12, 3, 0, 4, 0, 1, 0, 0, 1, 0, 2, 0, 0, 0, 0, 0, 0, 0, 0, 0, 2, 0, 0, 0, 0, 0, 0, 0, 1, 1, 0, 1, 1, 0, 2, 0, 0, 0, 1, 0, 0, 0, 0, 1, 0, 0, 2, 2, 2, 0, 0, 0, 0, 0, 0, 0, 0, 0, 2, 2, 3, 0, 2, 1, 2, 1, 4, 3, 6, 5, 3, 3, 2, 2, 4, 3, 359, 0, 1, 0, 0, 0, 0]",2,0.4003452762331474,-1,0
2121,"[0, 1, 0, 1, 12, 3, 0, 4, 0, 1, 0, 0, 1, 0, 2, 0, 0, 0, 0, 0, 0, 0, 0, 0, 2, 0, 0, 0, 0, 0, 0, 0, 1, 1, 0, 1, 1, 0, 2, 0, 0, 0, 1, 0, 0, 0, 0, 1, 0, 0, 2, 2, 2, 0, 0, 0, 0, 0, 0, 0, 0, 0, 2, 2, 3, 0, 2, 1, 2, 1, 4, 3, 6, 5, 3, 3, 2, 2, 4, 3, 359, 0, 1, 0, 0, 1, 0]","[[0 0 0 1]
 [1 0 0 0]]",0.6507701412912383,-1,0
2122,"[0, 1, 0, 1, 12, 3, 0, 4, 0, 1, 0, 0, 1, 0, 2, 0, 0, 0, 0, 0, 0, 0, 0, 0, 2, 0, 0, 0, 0, 0, 0, 0, 1, 1, 0, 1, 1, 0, 2, 0, 0, 0, 1, 0, 0, 0, 0, 1, 0, 0, 2, 2, 2, 0, 0, 0, 0, 0, 0, 0, 0, 0, 2, 2, 3, 0, 2, 1, 2, 1, 4, 3, 6, 5, 3, 3, 2, 2, 4, 3, 359, 0, 0, 0, 0, 0, 0]",1,-16.01104302460875,-1,1
2123,"[0, 1, 0, 1, 6, 1, 0, 2, 0, 1, 0, 0, 1, 0, 2, 0, 0, 0, 0, 0, 0, 0, 0, 0, 2, 0, 0, 0, 0, 0, 0, 0, 1, 1, 0, 1, 1, 0, 2, 0, 0, 0, 1, 0, 0, 0, 0, 1, 0, 0, 2, 2, 2, 0, 0, 0, 0, 0, 0, 0, 0, 0, 2, 2, 3, 0, 2, 1, 2, 1, 4, 3, 6, 5, 3, 3, 2, 2, 4, 4, 360, 0, 0, 0, 0, 0, 0]",4,14.262554764552135,-1,0
2124,"[0, 1, 0, 1, 6, 1, 0, 2, 0, 1, 0, 0, 1, 0, 2, 0, 0, 0, 0, 0, 0, 0, 0, 0, 2, 0, 0, 0, 0, 0, 0, 0, 1, 1, 0, 1, 1, 0, 2, 0, 0, 0, 1, 0, 0, 0, 0, 1, 0, 0, 2, 2, 2, 0, 0, 0, 0, 0, 0, 0, 0, 0, 2, 2, 3, 0, 2, 1, 2, 1, 4, 3, 6, 5, 3, 3, 2, 2, 4, 4, 360, 1, 0, 0, 0, 0, 0]",3,0.2003317602160349,-1,1
2125,"[0, 1, 0, 1, 6, 1, 0, 2, 0, 1, 0, 0, 1, 0, 2, 0, 0, 0, 0, 0, 0, 0, 0, 0, 2, 0, 0, 0, 0, 0, 0, 0, 1, 1, 0, 1, 1, 0, 2, 0, 0, 0, 1, 0, 0, 0, 0, 1, 0, 0, 2, 2, 2, 0, 0, 0, 0, 0, 0, 0, 0, 0, 2, 2, 3, 0, 2, 1, 2, 1, 4, 3, 6, 5, 3, 3, 2, 2, 4, 4, 360, 0, 0, 0, 0, 0, 0]",-1,-0.0013661861223646281,-1,1
2126,"[0, 1, 0, 1, 6, 1, 0, 2, 0, 1, 0, 0, 1, 0, 2, 0, 0, 0, 0, 0, 0, 0, 0, 0, 2, 0, 0, 0, 0, 0, 0, 0, 1, 1, 0, 1, 1, 0, 2, 0, 0, 0, 1, 0, 0, 0, 0, 1, 0, 0, 2, 2, 2, 0, 0, 0, 0, 0, 0, 0, 0, 0, 2, 2, 3, 0, 2, 1, 2, 1, 4, 3, 6, 5, 3, 3, 2, 2, 4, 4, 361, 0, 0, 0, 0, 0, 0]",4,14.262514315984166,-1,0
2127,"[0, 1, 0, 1, 6, 1, 0, 2, 0, 1, 0, 0, 1, 0, 2, 0, 0, 0, 0, 0, 0, 0, 0, 0, 2, 0, 0, 0, 0, 0, 0, 0, 1, 1, 0, 1, 1, 0, 2, 0, 0, 0, 1, 0, 0, 0, 0, 1, 0, 0, 2, 2, 2, 0, 0, 0, 0, 0, 0, 0, 0, 0, 2, 2, 3, 0, 2, 1, 2, 1, 4, 3, 6, 5, 3, 3, 2, 2, 4, 4, 362, 0, 0, 0, 0, 0, 0]",4,11.061324094755667,-1,1
2128,"[0, 1, 0, 1, 6, 1, 0, 2, 0, 1, 0, 0, 1, 0, 2, 0, 0, 0, 0, 0, 0, 0, 0, 0, 2, 0, 0, 0, 0, 0, 0, 0, 1, 1, 0, 1, 1, 0, 2, 0, 0, 0, 1, 0, 0, 0, 0, 1, 0, 0, 2, 2, 2, 0, 0, 0, 0, 0, 0, 0, 0, 0, 2, 2, 3, 0, 2, 1, 2, 1, 4, 3, 6, 5, 3, 3, 2, 2, 4, 4, 362, 1, 0, 0, 0, 0, 0]",3,0.20030629234140068,-1,0
2129,"[0, 1, 0, 1, 6, 1, 0, 2, 0, 1, 0, 0, 1, 0, 2, 0, 0, 0, 0, 0, 0, 0, 0, 0, 2, 0, 0, 0, 0, 0, 0, 0, 1, 1, 0, 1, 1, 0, 2, 0, 0, 0, 1, 0, 0, 0, 0, 1, 0, 0, 2, 2, 2, 0, 0, 0, 0, 0, 0, 0, 0, 0, 2, 2, 3, 0, 2, 1, 2, 1, 4, 3, 6, 5, 3, 3, 2, 2, 4, 4, 362, 0, 0, 0, 0, 0, 0]",-1,-0.001339133824631909,-1,0
2130,"[0, 1, 0, 1, 6, 1, 0, 2, 0, 1, 0, 0, 1, 0, 2, 0, 0, 0, 0, 0, 0, 0, 0, 0, 2, 0, 0, 0, 0, 0, 0, 0, 1, 1, 0, 1, 1, 0, 2, 0, 0, 0, 1, 0, 0, 0, 0, 1, 0, 0, 2, 2, 2, 0, 0, 0, 0, 0, 0, 0, 0, 0, 2, 2, 3, 0, 2, 1, 2, 1, 4, 3, 6, 5, 3, 3, 2, 2, 4, 4, 363, 0, 0, 0, 0, 0, 0]",4,14.26243573906252,-1,0
2131,"[0, 1, 0, 1, 6, 1, 0, 2, 0, 1, 0, 0, 1, 0, 2, 0, 0, 0, 0, 0, 0, 0, 0, 0, 2, 0, 0, 0, 0, 0, 0, 0, 1, 1, 0, 1, 1, 0, 2, 0, 0, 0, 1, 0, 0, 0, 0, 1, 0, 0, 2, 2, 2, 0, 0, 0, 0, 0, 0, 0, 0, 0, 2, 2, 3, 0, 2, 1, 2, 1, 4, 3, 6, 5, 3, 3, 2, 2, 4, 4, 363, 0, 0, 0, 0, 0, 0]",-1,-0.0013258092204447092,-1,1
2132,"[0, 1, 0, 1, 6, 1, 0, 2, 0, 1, 0, 0, 1, 0, 2, 0, 0, 0, 0, 0, 0, 0, 0, 0, 2, 0, 0, 0, 0, 0, 0, 0, 1, 1, 0, 1, 1, 0, 2, 0, 0, 0, 1, 0, 0, 0, 0, 1, 0, 0, 2, 2, 2, 0, 0, 0, 0, 0, 0, 0, 0, 0, 2, 2, 3, 0, 2, 1, 2, 1, 4, 3, 6, 5, 3, 3, 2, 2, 4, 4, 363, 0, 0, 0, 0, 0, 0]",-1,-0.0013258092204447092,-1,1
2133,"[0, 1, 0, 1, 3, 1, 0, 1, 0, 1, 0, 0, 1, 0, 2, 0, 0, 0, 0, 0, 0, 0, 0, 0, 2, 0, 0, 0, 0, 0, 0, 0, 1, 1, 0, 1, 1, 0, 2, 0, 0, 0, 1, 0, 0, 0, 0, 1, 0, 0, 2, 2, 2, 0, 0, 0, 0, 0, 0, 0, 0, 0, 2, 2, 3, 0, 2, 1, 2, 1, 4, 3, 6, 5, 3, 3, 2, 2, 4, 1, 364, 0, 0, 0, 0, 0, 0]",4,11.315889861518812,-1,1
2134,"[0, 1, 0, 1, 3, 1, 0, 1, 0, 1, 0, 0, 1, 0, 2, 0, 0, 0, 0, 0, 0, 0, 0, 0, 2, 0, 0, 0, 0, 0, 0, 0, 1, 1, 0, 1, 1, 0, 2, 0, 0, 0, 1, 0, 0, 0, 0, 1, 0, 0, 2, 2, 2, 0, 0, 0, 0, 0, 0, 0, 0, 0, 2, 2, 3, 0, 2, 1, 2, 1, 4, 3, 6, 5, 3, 3, 2, 2, 4, 1, 364, 1, 0, 0, 0, 0, 0]",3,0.20028277676249215,-1,0
2135,"[0, 1, 0, 1, 3, 1, 0, 1, 0, 1, 0, 0, 1, 0, 2, 0, 0, 0, 0, 0, 0, 0, 0, 0, 2, 0, 0, 0, 0, 0, 0, 0, 1, 1, 0, 1, 1, 0, 2, 0, 0, 0, 1, 0, 0, 0, 0, 1, 0, 0, 2, 2, 2, 0, 0, 0, 0, 0, 0, 0, 0, 0, 2, 2, 3, 0, 2, 1, 2, 1, 4, 3, 6, 5, 3, 3, 2, 2, 4, 1, 364, 0, 0, 0, 0, 0, 0]",-1,-0.001312617198284398,-1,0
2136,"[0, 1, 0, 1, 3, 1, 0, 1, 0, 1, 0, 0, 1, 0, 2, 0, 0, 0, 0, 0, 0, 0, 0, 0, 2, 0, 0, 0, 0, 0, 0, 0, 1, 1, 0, 1, 1, 0, 2, 0, 0, 0, 1, 0, 0, 0, 0, 1, 0, 0, 2, 2, 2, 0, 0, 0, 0, 0, 0, 0, 0, 0, 2, 2, 3, 0, 2, 1, 2, 1, 4, 3, 6, 5, 3, 3, 2, 2, 4, 1, 364, 0, 0, 0, 0, 0, 0]",0,0.24300164918606523,-1,0
2137,"[0, 1, 0, 1, 3, 1, 0, 1, 0, 1, 0, 0, 1, 0, 2, 0, 0, 0, 0, 0, 0, 0, 0, 0, 2, 0, 0, 0, 0, 0, 0, 0, 1, 1, 0, 1, 1, 0, 2, 0, 0, 0, 1, 0, 0, 0, 0, 1, 0, 0, 2, 2, 2, 0, 0, 0, 0, 0, 0, 0, 0, 0, 2, 2, 3, 0, 2, 1, 2, 1, 4, 3, 6, 5, 3, 3, 2, 2, 4, 1, 364, 0, 0, 0, 0, 0, 0]",-1,-0.001312617198284398,-1,0
2138,"[0, 1, 0, 1, 1, 1, 0, 1, 0, 1, 0, 0, 1, 0, 2, 0, 0, 0, 0, 0, 0, 0, 0, 0, 2, 0, 0, 0, 0, 0, 0, 0, 1, 1, 0, 1, 1, 0, 2, 0, 0, 0, 1, 0, 0, 0, 0, 1, 0, 0, 2, 2, 2, 0, 0, 0, 0, 0, 0, 0, 0, 0, 2, 2, 3, 0, 2, 1, 2, 1, 4, 3, 6, 5, 3, 3, 2, 2, 4, 4, 365, 0, 0, 0, 0, 0, 0]",4,14.262360109680431,-1,0
2139,"[1, 1, 0, 1, 1, 2, 0, 1, 0, 1, 0, 0, 1, 0, 2, 0, 0, 0, 0, 0, 0, 0, 0, 0, 2, 0, 0, 0, 0, 0, 0, 0, 1, 1, 0, 1, 1, 0, 2, 0, 0, 0, 1, 0, 0, 0, 0, 1, 0, 0, 2, 2, 2, 0, 0, 0, 0, 0, 0, 0, 0, 0, 2, 2, 3, 0, 2, 1, 2, 1, 4, 3, 6, 5, 3, 3, 2, 2, 4, 4, 366, 0, 0, 0, 0, 0, 0]",4,11.576628740482423,-1,1
2140,"[1, 1, 0, 1, 1, 2, 0, 1, 0, 1, 0, 0, 1, 0, 2, 0, 0, 0, 0, 0, 0, 0, 0, 0, 2, 0, 0, 0, 0, 0, 0, 0, 1, 1, 0, 1, 1, 0, 2, 0, 0, 0, 1, 0, 0, 0, 0, 1, 0, 0, 2, 2, 2, 0, 0, 0, 0, 0, 0, 0, 0, 0, 2, 2, 3, 0, 2, 1, 2, 1, 4, 3, 6, 5, 3, 3, 2, 2, 4, 4, 366, 0, 0, 0, 0, 0, 0]",0,0.24297993665427847,-1,0
2141,"[1, 1, 0, 1, 1, 2, 0, 1, 0, 1, 0, 0, 1, 0, 2, 0, 0, 0, 0, 0, 0, 0, 0, 0, 2, 0, 0, 0, 0, 0, 0, 0, 1, 1, 0, 1, 1, 0, 2, 0, 0, 0, 1, 0, 0, 0, 0, 1, 0, 0, 2, 2, 2, 0, 0, 0, 0, 0, 0, 0, 0, 0, 2, 2, 3, 0, 2, 1, 2, 1, 4, 3, 6, 5, 3, 3, 2, 2, 4, 4, 366, 0, 0, 0, 0, 0, 0]",-1,-0.001286625636317997,-1,0
2142,"[1, 1, 0, 1, 1, 2, 0, 1, 0, 1, 0, 0, 1, 0, 2, 0, 0, 0, 0, 0, 0, 0, 0, 0, 2, 0, 0, 0, 0, 0, 0, 0, 1, 1, 0, 1, 1, 0, 2, 0, 0, 0, 1, 0, 0, 0, 0, 1, 0, 0, 2, 2, 2, 0, 0, 0, 0, 0, 0, 0, 0, 0, 2, 2, 3, 0, 2, 1, 2, 1, 4, 3, 6, 5, 3, 3, 2, 2, 4, 4, 366, 0, 0, 0, 0, 0, 0]",0,0.24297993665427847,-1,0
2143,"[1, 1, 0, 1, 1, 2, 0, 1, 0, 1, 0, 0, 1, 0, 2, 0, 0, 0, 0, 0, 0, 0, 0, 0, 2, 0, 0, 0, 0, 0, 0, 0, 1, 1, 0, 1, 1, 0, 2, 0, 0, 0, 1, 0, 0, 0, 0, 1, 0, 0, 2, 2, 2, 0, 0, 0, 0, 0, 0, 0, 0, 0, 2, 2, 3, 0, 2, 1, 2, 1, 4, 3, 6, 5, 3, 3, 2, 2, 4, 4, 366, 0, 0, 0, 0, 0, 0]",-1,-0.001286625636317997,-1,0
2144,"[1, 1, 0, 1, 1, 2, 0, 1, 0, 1, 0, 0, 1, 0, 2, 0, 0, 0, 0, 0, 0, 0, 0, 0, 2, 0, 0, 0, 0, 0, 0, 0, 1, 1, 0, 1, 1, 0, 2, 0, 0, 0, 1, 0, 0, 0, 0, 1, 0, 0, 2, 2, 2, 0, 0, 0, 0, 0, 0, 0, 0, 0, 2, 2, 3, 0, 2, 1, 2, 1, 4, 3, 6, 5, 3, 3, 2, 2, 4, 4, 366, 0, 0, 0, 0, 0, 0]",0,0.24297993665427847,-1,0
2145,"[1, 1, 0, 1, 1, 2, 0, 1, 0, 1, 0, 0, 1, 0, 2, 0, 0, 0, 0, 0, 0, 0, 0, 0, 2, 0, 0, 0, 0, 0, 0, 0, 1, 1, 0, 1, 1, 0, 2, 0, 0, 0, 1, 0, 0, 0, 0, 1, 0, 0, 2, 2, 2, 0, 0, 0, 0, 0, 0, 0, 0, 0, 2, 2, 3, 0, 2, 1, 2, 1, 4, 3, 6, 5, 3, 3, 2, 2, 4, 4, 366, 0, 0, 0, 0, 0, 0]",-1,-0.001286625636317997,-1,0
2146,"[1, 1, 0, 1, 1, 2, 0, 1, 0, 1, 0, 0, 1, 0, 2, 0, 0, 0, 0, 0, 0, 0, 0, 0, 2, 0, 0, 0, 0, 0, 0, 0, 1, 1, 0, 1, 1, 0, 2, 0, 0, 0, 1, 0, 0, 0, 0, 1, 0, 0, 2, 2, 2, 0, 0, 0, 0, 0, 0, 0, 0, 0, 2, 2, 3, 0, 2, 1, 2, 1, 4, 3, 6, 5, 3, 3, 2, 2, 4, 4, 366, 0, 0, 0, 0, 0, 0]",0,0.24297993665427847,-1,0
2147,"[1, 1, 0, 1, 1, 2, 0, 1, 0, 1, 0, 0, 1, 0, 2, 0, 0, 0, 0, 0, 0, 0, 0, 0, 2, 0, 0, 0, 0, 0, 0, 0, 1, 1, 0, 1, 1, 0, 2, 0, 0, 0, 1, 0, 0, 0, 0, 1, 0, 0, 2, 2, 2, 0, 0, 0, 0, 0, 0, 0, 0, 0, 2, 2, 3, 0, 2, 1, 2, 1, 4, 3, 6, 5, 3, 3, 2, 2, 4, 4, 366, 0, 0, 0, 0, 0, 0]",-1,-0.001286625636317997,-1,0
2148,"[1, 1, 0, 1, 1, 2, 0, 1, 0, 1, 0, 0, 1, 0, 2, 0, 0, 0, 0, 0, 0, 0, 0, 0, 2, 0, 0, 0, 0, 0, 0, 0, 1, 1, 0, 1, 1, 0, 2, 0, 0, 0, 1, 0, 0, 0, 0, 1, 0, 0, 2, 2, 2, 0, 0, 0, 0, 0, 0, 0, 0, 0, 2, 2, 3, 0, 2, 1, 2, 1, 4, 3, 6, 5, 3, 3, 2, 2, 4, 4, 366, 0, 0, 0, 0, 0, 0]",0,0.24297993665427847,-1,0
2149,"[1, 1, 0, 1, 1, 2, 0, 1, 0, 1, 0, 0, 1, 0, 2, 0, 0, 0, 0, 0, 0, 0, 0, 0, 2, 0, 0, 0, 0, 0, 0, 0, 1, 1, 0, 1, 1, 0, 2, 0, 0, 0, 1, 0, 0, 0, 0, 1, 0, 0, 2, 2, 2, 0, 0, 0, 0, 0, 0, 0, 0, 0, 2, 2, 3, 0, 2, 1, 2, 1, 4, 3, 6, 5, 3, 3, 2, 2, 4, 4, 366, 0, 0, 0, 0, 0, 0]",-1,-0.001286625636317997,-1,0
2150,"[1, 1, 0, 1, 1, 2, 0, 1, 0, 1, 0, 0, 1, 0, 2, 0, 0, 0, 0, 0, 0, 0, 0, 0, 2, 0, 0, 0, 0, 0, 0, 0, 1, 1, 0, 1, 1, 0, 2, 0, 0, 0, 1, 0, 0, 0, 0, 1, 0, 0, 2, 2, 2, 0, 0, 0, 0, 0, 0, 0, 0, 0, 2, 2, 3, 0, 2, 1, 2, 1, 4, 3, 6, 5, 3, 3, 2, 2, 4, 4, 366, 0, 0, 0, 0, 0, 0]",0,0.24297993665427847,-1,0
2151,"[1, 1, 0, 1, 1, 2, 0, 1, 0, 1, 0, 0, 1, 0, 2, 0, 0, 0, 0, 0, 0, 0, 0, 0, 2, 0, 0, 0, 0, 0, 0, 0, 1, 1, 0, 1, 1, 0, 2, 0, 0, 0, 1, 0, 0, 0, 0, 1, 0, 0, 2, 2, 2, 0, 0, 0, 0, 0, 0, 0, 0, 0, 2, 2, 3, 0, 2, 1, 2, 1, 4, 3, 6, 5, 3, 3, 2, 2, 4, 4, 366, 0, 0, 0, 0, 0, 0]",-1,-0.001286625636317997,-1,0
2152,"[1, 1, 0, 1, 1, 2, 0, 1, 0, 1, 0, 0, 1, 0, 2, 0, 0, 0, 0, 0, 0, 0, 0, 0, 2, 0, 0, 0, 0, 0, 0, 0, 1, 1, 0, 1, 1, 0, 2, 0, 0, 0, 1, 0, 0, 0, 0, 1, 0, 0, 2, 2, 2, 0, 0, 0, 0, 0, 0, 0, 0, 0, 2, 2, 3, 0, 2, 1, 2, 1, 4, 3, 6, 5, 3, 3, 2, 2, 4, 4, 366, 0, 0, 0, 0, 0, 0]",0,0.24297993665427847,-1,0
2153,"[1, 1, 0, 1, 1, 2, 0, 1, 0, 1, 0, 0, 1, 0, 2, 0, 0, 0, 0, 0, 0, 0, 0, 0, 2, 0, 0, 0, 0, 0, 0, 0, 1, 1, 0, 1, 1, 0, 2, 0, 0, 0, 1, 0, 0, 0, 0, 1, 0, 0, 2, 2, 2, 0, 0, 0, 0, 0, 0, 0, 0, 0, 2, 2, 3, 0, 2, 1, 2, 1, 4, 3, 6, 5, 3, 3, 2, 2, 4, 4, 366, 0, 0, 0, 0, 0, 0]",-1,-0.001286625636317997,-1,0
2154,"[1, 1, 0, 1, 1, 2, 0, 1, 0, 1, 0, 0, 1, 0, 2, 0, 0, 0, 0, 0, 0, 0, 0, 0, 2, 0, 0, 0, 0, 0, 0, 0, 1, 1, 0, 1, 1, 0, 2, 0, 0, 0, 1, 0, 0, 0, 0, 1, 0, 0, 2, 2, 2, 0, 0, 0, 0, 0, 0, 0, 0, 0, 2, 2, 3, 0, 2, 1, 2, 1, 4, 3, 6, 5, 3, 3, 2, 2, 4, 4, 366, 1, 0, 0, 0, 0, 0]",3,0.2002610642307054,-1,0
2155,"[1, 1, 0, 1, 1, 2, 0, 1, 0, 1, 0, 0, 1, 0, 2, 0, 0, 0, 0, 0, 0, 0, 0, 0, 2, 0, 0, 0, 0, 0, 0, 0, 1, 1, 0, 1, 1, 0, 2, 0, 0, 0, 1, 0, 0, 0, 0, 1, 0, 0, 2, 2, 2, 0, 0, 0, 0, 0, 0, 0, 0, 0, 2, 2, 3, 0, 2, 1, 2, 1, 4, 3, 6, 5, 3, 3, 2, 2, 4, 4, 366, 0, 0, 0, 0, 0, 0]",-1,-0.001286625636317997,-1,0
2156,"[1, 1, 0, 1, 1, 2, 0, 1, 0, 1, 0, 0, 1, 0, 2, 0, 0, 0, 0, 0, 0, 0, 0, 0, 2, 0, 0, 0, 0, 0, 0, 0, 1, 1, 0, 1, 1, 0, 2, 0, 0, 0, 1, 0, 0, 0, 0, 1, 0, 0, 2, 2, 2, 0, 0, 0, 0, 0, 0, 0, 0, 0, 2, 2, 3, 0, 2, 1, 2, 1, 4, 3, 6, 5, 3, 3, 2, 2, 4, 4, 366, 0, 1, 0, 0, 0, 0]",2,0.40026106423070534,-1,0
2157,"[1, 1, 0, 1, 1, 2, 0, 1, 0, 1, 0, 0, 1, 0, 2, 0, 0, 0, 0, 0, 0, 0, 0, 0, 2, 0, 0, 0, 0, 0, 0, 0, 1, 1, 0, 1, 1, 0, 2, 0, 0, 0, 1, 0, 0, 0, 0, 1, 0, 0, 2, 2, 2, 0, 0, 0, 0, 0, 0, 0, 0, 0, 2, 2, 3, 0, 2, 1, 2, 1, 4, 3, 6, 5, 3, 3, 2, 2, 4, 4, 366, 0, 0, 0, 0, 0, 0]",-1,-0.001286625636317997,-1,0
2158,"[1, 1, 0, 1, 1, 2, 0, 1, 0, 1, 0, 0, 1, 0, 2, 0, 0, 0, 0, 0, 0, 0, 0, 0, 2, 0, 0, 0, 0, 0, 0, 0, 1, 1, 0, 1, 1, 0, 2, 0, 0, 0, 1, 0, 0, 0, 0, 1, 0, 0, 2, 2, 2, 0, 0, 0, 0, 0, 0, 0, 0, 0, 2, 2, 3, 0, 2, 1, 2, 1, 4, 3, 6, 5, 3, 3, 2, 2, 4, 4, 367, 0, 0, 0, 0, 0, 0]",4,14.53621737587718,-1,0
2159,"[1, 1, 0, 1, 1, 2, 0, 1, 0, 1, 0, 0, 1, 0, 2, 0, 0, 0, 0, 0, 0, 0, 0, 0, 2, 0, 0, 0, 0, 0, 0, 0, 1, 1, 0, 1, 1, 0, 2, 0, 0, 0, 1, 0, 0, 0, 0, 1, 0, 0, 2, 2, 2, 0, 0, 0, 0, 0, 0, 0, 0, 0, 2, 2, 3, 0, 2, 1, 2, 1, 4, 3, 6, 5, 3, 3, 2, 2, 4, 4, 367, 0, 0, 0, 0, 0, 0]",0,0.34246850906345766,-1,1
2160,"[1, 1, 0, 1, 1, 2, 0, 1, 0, 1, 0, 0, 1, 0, 2, 0, 0, 0, 0, 0, 0, 0, 0, 0, 2, 0, 0, 0, 0, 0, 0, 0, 1, 1, 0, 1, 1, 0, 2, 0, 0, 0, 1, 0, 0, 0, 0, 1, 0, 0, 2, 2, 2, 0, 0, 0, 0, 0, 0, 0, 0, 0, 2, 2, 3, 0, 2, 1, 2, 1, 4, 3, 6, 5, 3, 3, 2, 2, 4, 4, 367, 0, 0, 0, 0, 0, 0]",-1,-0.001273823497334051,-1,1
2161,"[2, 1, 0, 1, 1, 3, 0, 1, 0, 1, 0, 0, 1, 0, 2, 0, 0, 0, 0, 0, 0, 0, 0, 0, 2, 0, 0, 0, 0, 0, 0, 0, 1, 1, 0, 1, 1, 0, 2, 0, 0, 0, 1, 0, 0, 0, 0, 1, 0, 0, 2, 2, 2, 0, 0, 0, 0, 0, 0, 0, 0, 0, 2, 2, 3, 0, 2, 1, 2, 1, 4, 3, 6, 5, 3, 3, 2, 2, 4, 4, 368, 0, 0, 0, 0, 0, 0]",4,11.315744130156855,-1,1
2162,"[2, 1, 0, 1, 1, 3, 0, 2, 0, 1, 0, 0, 1, 0, 2, 0, 0, 0, 0, 0, 0, 0, 0, 0, 2, 0, 0, 0, 0, 0, 0, 0, 1, 1, 0, 1, 1, 0, 2, 0, 0, 0, 1, 0, 0, 0, 0, 1, 0, 0, 2, 2, 2, 0, 0, 0, 0, 0, 0, 0, 0, 0, 2, 2, 3, 0, 2, 1, 2, 1, 4, 3, 6, 5, 3, 3, 2, 2, 4, 4, 369, 0, 0, 0, 0, 0, 0]",4,14.376522438240888,-1,0
2163,"[2, 1, 0, 1, 1, 3, 0, 2, 0, 1, 0, 0, 1, 0, 2, 0, 0, 0, 0, 0, 0, 0, 0, 0, 2, 0, 0, 0, 0, 0, 0, 0, 1, 1, 0, 1, 1, 0, 2, 0, 0, 0, 1, 0, 0, 0, 0, 1, 0, 0, 2, 2, 2, 0, 0, 0, 0, 0, 0, 0, 0, 0, 2, 2, 3, 0, 2, 1, 2, 1, 4, 3, 6, 5, 3, 3, 2, 2, 4, 4, 369, 1, 0, 0, 0, 0, 0]",3,0.20023157738352196,-1,1
2164,"[2, 1, 0, 1, 1, 3, 0, 2, 0, 1, 0, 0, 1, 0, 2, 0, 0, 0, 0, 0, 0, 0, 0, 0, 2, 0, 0, 0, 0, 0, 0, 0, 1, 1, 0, 1, 1, 0, 2, 0, 0, 0, 1, 0, 0, 0, 0, 1, 0, 0, 2, 2, 2, 0, 0, 0, 0, 0, 0, 0, 0, 0, 2, 2, 3, 0, 2, 1, 2, 1, 4, 3, 6, 5, 3, 3, 2, 2, 4, 4, 369, 0, 0, 0, 0, 0, 0]",-1,-0.0012486001021138077,-1,1
2165,"[2, 2, 0, 1, 1, 4, 0, 2, 0, 1, 0, 0, 1, 0, 2, 0, 0, 0, 0, 0, 0, 0, 0, 0, 2, 0, 0, 0, 0, 0, 0, 0, 1, 1, 0, 1, 1, 0, 2, 0, 0, 0, 1, 0, 0, 0, 0, 1, 0, 0, 2, 2, 2, 0, 0, 0, 0, 0, 0, 0, 0, 0, 2, 2, 3, 0, 2, 1, 2, 1, 4, 3, 6, 5, 3, 3, 2, 2, 4, 4, 370, 0, 0, 0, 0, 0, 0]",4,11.231305789424445,-1,1
2166,"[2, 2, 0, 1, 1, 4, 0, 2, 0, 1, 0, 0, 1, 0, 2, 0, 0, 0, 0, 0, 0, 0, 0, 0, 2, 0, 0, 0, 0, 0, 0, 0, 1, 1, 0, 1, 1, 0, 2, 0, 0, 0, 1, 0, 0, 0, 0, 1, 0, 0, 2, 2, 2, 0, 0, 0, 0, 0, 0, 0, 0, 0, 2, 2, 3, 0, 2, 1, 2, 1, 4, 3, 6, 5, 3, 3, 2, 2, 4, 4, 370, 0, 1, 0, 0, 0, 0]",2,0.40022250720657204,-1,0
2167,"[2, 2, 0, 1, 1, 4, 0, 2, 0, 1, 0, 0, 1, 0, 2, 0, 0, 0, 0, 0, 0, 0, 0, 0, 2, 0, 0, 0, 0, 0, 0, 0, 1, 1, 0, 1, 1, 0, 2, 0, 0, 0, 1, 0, 0, 0, 0, 1, 0, 0, 2, 2, 2, 0, 0, 0, 0, 0, 0, 0, 0, 0, 2, 2, 3, 0, 2, 1, 2, 1, 4, 3, 6, 5, 3, 3, 2, 2, 4, 4, 370, 0, 0, 0, 0, 0, 0]",-1,-0.0012361763235169696,-1,0
2168,"[2, 2, 0, 1, 1, 4, 0, 2, 0, 1, 0, 0, 1, 0, 2, 0, 0, 0, 0, 0, 0, 0, 0, 0, 2, 0, 0, 0, 0, 0, 0, 0, 1, 1, 0, 1, 1, 0, 2, 0, 0, 0, 1, 0, 0, 0, 0, 1, 0, 0, 2, 2, 2, 0, 0, 0, 0, 0, 0, 0, 0, 0, 2, 2, 3, 0, 2, 1, 2, 1, 4, 3, 6, 5, 3, 3, 2, 2, 4, 4, 370, 0, 0, 0, 0, 0, 0]",1,0.6098466223061888,-1,0
2169,"[2, 2, 0, 1, 1, 4, 0, 2, 0, 1, 0, 0, 1, 0, 2, 0, 0, 0, 0, 0, 0, 0, 0, 0, 2, 0, 0, 0, 0, 0, 0, 0, 1, 1, 0, 1, 1, 0, 2, 0, 0, 0, 1, 0, 0, 0, 0, 1, 0, 0, 2, 2, 2, 0, 0, 0, 0, 0, 0, 0, 0, 0, 2, 2, 3, 0, 2, 1, 2, 1, 4, 3, 6, 5, 3, 3, 2, 2, 4, 4, 370, 0, 0, 0, 0, 0, 0]",-1,-0.0012361763235169696,-1,0
2170,"[2, 2, 0, 1, 1, 4, 0, 2, 0, 1, 0, 0, 1, 0, 2, 0, 0, 0, 0, 0, 0, 0, 0, 0, 2, 0, 0, 0, 0, 0, 0, 0, 1, 1, 0, 1, 1, 0, 2, 0, 0, 0, 1, 0, 0, 0, 0, 1, 0, 0, 2, 2, 2, 0, 0, 0, 0, 0, 0, 0, 0, 0, 2, 2, 3, 0, 2, 1, 2, 1, 4, 3, 6, 5, 3, 3, 2, 2, 4, 4, 370, 0, 0, 0, 0, 0, 0]",1,0.6098466223061888,-1,0
2171,"[2, 2, 0, 1, 1, 4, 0, 2, 0, 1, 0, 0, 1, 0, 2, 0, 0, 0, 0, 0, 0, 0, 0, 0, 2, 0, 0, 0, 0, 0, 0, 0, 1, 1, 0, 1, 1, 0, 2, 0, 0, 0, 1, 0, 0, 0, 0, 1, 0, 0, 2, 2, 2, 0, 0, 0, 0, 0, 0, 0, 0, 0, 2, 2, 3, 0, 2, 1, 2, 1, 4, 3, 6, 5, 3, 3, 2, 2, 4, 4, 370, 0, 0, 0, 0, 0, 0]",-1,-0.0012361763235169696,-1,0
2172,"[2, 2, 0, 1, 1, 4, 0, 2, 0, 1, 0, 0, 1, 0, 2, 0, 0, 0, 0, 0, 0, 0, 0, 0, 2, 0, 0, 0, 0, 0, 0, 0, 1, 1, 0, 1, 1, 0, 2, 0, 0, 0, 1, 0, 0, 0, 0, 1, 0, 0, 2, 2, 2, 0, 0, 0, 0, 0, 0, 0, 0, 0, 2, 2, 3, 0, 2, 1, 2, 1, 4, 3, 6, 5, 3, 3, 2, 2, 4, 4, 370, 0, 0, 0, 0, 0, 0]",1,0.6098466223061888,-1,0
2173,"[2, 2, 0, 1, 1, 4, 0, 2, 0, 1, 0, 0, 1, 0, 2, 0, 0, 0, 0, 0, 0, 0, 0, 0, 2, 0, 0, 0, 0, 0, 0, 0, 1, 1, 0, 1, 1, 0, 2, 0, 0, 0, 1, 0, 0, 0, 0, 1, 0, 0, 2, 2, 2, 0, 0, 0, 0, 0, 0, 0, 0, 0, 2, 2, 3, 0, 2, 1, 2, 1, 4, 3, 6, 5, 3, 3, 2, 2, 4, 4, 370, 0, 0, 0, 0, 0, 0]",-1,-0.0012361763235169696,-1,0
2174,"[2, 2, 0, 1, 1, 4, 0, 2, 0, 1, 0, 0, 1, 0, 2, 0, 0, 0, 0, 0, 0, 0, 0, 0, 2, 0, 0, 0, 0, 0, 0, 0, 1, 1, 0, 1, 1, 0, 2, 0, 0, 0, 1, 0, 0, 0, 0, 1, 0, 0, 2, 2, 2, 0, 0, 0, 0, 0, 0, 0, 0, 0, 2, 2, 3, 0, 2, 1, 2, 1, 4, 3, 6, 5, 3, 3, 2, 2, 4, 4, 370, 0, 0, 0, 0, 0, 0]",1,0.6098466223061888,-1,0
2175,"[2, 2, 0, 1, 1, 4, 0, 2, 0, 1, 0, 0, 1, 0, 2, 0, 0, 0, 0, 0, 0, 0, 0, 0, 2, 0, 0, 0, 0, 0, 0, 0, 1, 1, 0, 1, 1, 0, 2, 0, 0, 0, 1, 0, 0, 0, 0, 1, 0, 0, 2, 2, 2, 0, 0, 0, 0, 0, 0, 0, 0, 0, 2, 2, 3, 0, 2, 1, 2, 1, 4, 3, 6, 5, 3, 3, 2, 2, 4, 4, 370, 0, 0, 0, 0, 0, 0]",-1,-0.0012361763235169696,-1,0
2176,"[2, 2, 0, 1, 1, 4, 0, 2, 0, 1, 0, 0, 1, 0, 2, 0, 0, 0, 0, 0, 0, 0, 0, 0, 2, 0, 0, 0, 0, 0, 0, 0, 1, 1, 0, 1, 1, 0, 2, 0, 0, 0, 1, 0, 0, 0, 0, 1, 0, 0, 2, 2, 2, 0, 0, 0, 0, 0, 0, 0, 0, 0, 2, 2, 3, 0, 2, 1, 2, 1, 4, 3, 6, 5, 3, 3, 2, 2, 4, 4, 370, 0, 0, 0, 0, 0, 0]",1,0.6098466223061888,-1,0
2177,"[2, 2, 0, 1, 1, 4, 0, 2, 0, 1, 0, 0, 1, 0, 2, 0, 0, 0, 0, 0, 0, 0, 0, 0, 2, 0, 0, 0, 0, 0, 0, 0, 1, 1, 0, 1, 1, 0, 2, 0, 0, 0, 1, 0, 0, 0, 0, 1, 0, 0, 2, 2, 2, 0, 0, 0, 0, 0, 0, 0, 0, 0, 2, 2, 3, 0, 2, 1, 2, 1, 4, 3, 6, 5, 3, 3, 2, 2, 4, 4, 370, 0, 0, 0, 0, 0, 0]",-1,-0.0012361763235169696,-1,0
2178,"[2, 2, 0, 1, 1, 4, 0, 2, 0, 1, 0, 0, 1, 0, 2, 0, 0, 0, 0, 0, 0, 0, 0, 0, 2, 0, 0, 0, 0, 0, 0, 0, 1, 1, 0, 1, 1, 0, 2, 0, 0, 0, 1, 0, 0, 0, 0, 1, 0, 0, 2, 2, 2, 0, 0, 0, 0, 0, 0, 0, 0, 0, 2, 2, 3, 0, 2, 1, 2, 1, 4, 3, 6, 5, 3, 3, 2, 2, 4, 4, 370, 0, 0, 0, 0, 0, 0]",1,0.6098466223061888,-1,0
2179,"[2, 2, 0, 1, 1, 4, 0, 2, 0, 1, 0, 0, 1, 0, 2, 0, 0, 0, 0, 0, 0, 0, 0, 0, 2, 0, 0, 0, 0, 0, 0, 0, 1, 1, 0, 1, 1, 0, 2, 0, 0, 0, 1, 0, 0, 0, 0, 1, 0, 0, 2, 2, 2, 0, 0, 0, 0, 0, 0, 0, 0, 0, 2, 2, 3, 0, 2, 1, 2, 1, 4, 3, 6, 5, 3, 3, 2, 2, 4, 4, 370, 0, 0, 0, 0, 0, 0]",-1,-0.0012361763235169696,-1,0
2180,"[2, 2, 0, 1, 1, 4, 0, 2, 0, 1, 0, 0, 1, 0, 2, 0, 0, 0, 0, 0, 0, 0, 0, 0, 2, 0, 0, 0, 0, 0, 0, 0, 1, 1, 0, 1, 1, 0, 2, 0, 0, 0, 1, 0, 0, 0, 0, 1, 0, 0, 2, 2, 2, 0, 0, 0, 0, 0, 0, 0, 0, 0, 2, 2, 3, 0, 2, 1, 2, 1, 4, 3, 6, 5, 3, 3, 2, 2, 4, 4, 370, 0, 0, 0, 0, 0, 0]",1,0.6098466223061888,-1,0
2181,"[2, 2, 0, 1, 1, 4, 0, 2, 0, 1, 0, 0, 1, 0, 2, 0, 0, 0, 0, 0, 0, 0, 0, 0, 2, 0, 0, 0, 0, 0, 0, 0, 1, 1, 0, 1, 1, 0, 2, 0, 0, 0, 1, 0, 0, 0, 0, 1, 0, 0, 2, 2, 2, 0, 0, 0, 0, 0, 0, 0, 0, 0, 2, 2, 3, 0, 2, 1, 2, 1, 4, 3, 6, 5, 3, 3, 2, 2, 4, 4, 370, 0, 0, 0, 0, 0, 0]",-1,-0.0012361763235169696,-1,0
2182,"[2, 2, 0, 1, 1, 4, 0, 2, 0, 1, 0, 0, 1, 0, 2, 0, 0, 0, 0, 0, 0, 0, 0, 0, 2, 0, 0, 0, 0, 0, 0, 0, 1, 1, 0, 1, 1, 0, 2, 0, 0, 0, 1, 0, 0, 0, 0, 1, 0, 0, 2, 2, 2, 0, 0, 0, 0, 0, 0, 0, 0, 0, 2, 2, 3, 0, 2, 1, 2, 1, 4, 3, 6, 5, 3, 3, 2, 2, 4, 4, 370, 0, 0, 0, 0, 0, 0]",1,0.6098466223061888,-1,0
2183,"[2, 2, 0, 1, 1, 4, 0, 2, 0, 1, 0, 0, 1, 0, 2, 0, 0, 0, 0, 0, 0, 0, 0, 0, 2, 0, 0, 0, 0, 0, 0, 0, 1, 1, 0, 1, 1, 0, 2, 0, 0, 0, 1, 0, 0, 0, 0, 1, 0, 0, 2, 2, 2, 0, 0, 0, 0, 0, 0, 0, 0, 0, 2, 2, 3, 0, 2, 1, 2, 1, 4, 3, 6, 5, 3, 3, 2, 2, 4, 4, 370, 0, 0, 0, 0, 0, 0]",-1,-0.0012361763235169696,-1,0
2184,"[2, 2, 0, 1, 1, 4, 0, 2, 0, 1, 0, 0, 1, 0, 2, 0, 0, 0, 0, 0, 0, 0, 0, 0, 2, 0, 0, 0, 0, 0, 0, 0, 1, 1, 0, 1, 1, 0, 2, 0, 0, 0, 1, 0, 0, 0, 0, 1, 0, 0, 2, 2, 2, 0, 0, 0, 0, 0, 0, 0, 0, 0, 2, 2, 3, 0, 2, 1, 2, 1, 4, 3, 6, 5, 3, 3, 2, 2, 4, 4, 370, 0, 0, 0, 0, 0, 0]",1,0.6098466223061888,-1,0
2185,"[2, 2, 0, 1, 1, 4, 0, 2, 0, 1, 0, 0, 1, 0, 2, 0, 0, 0, 0, 0, 0, 0, 0, 0, 2, 0, 0, 0, 0, 0, 0, 0, 1, 1, 0, 1, 1, 0, 2, 0, 0, 0, 1, 0, 0, 0, 0, 1, 0, 0, 2, 2, 2, 0, 0, 0, 0, 0, 0, 0, 0, 0, 2, 2, 3, 0, 2, 1, 2, 1, 4, 3, 6, 5, 3, 3, 2, 2, 4, 4, 370, 0, 0, 0, 0, 0, 0]",-1,-0.0012361763235169696,-1,0
2186,"[2, 2, 0, 1, 1, 4, 0, 2, 0, 1, 0, 0, 1, 0, 2, 0, 0, 0, 0, 0, 0, 0, 0, 0, 2, 0, 0, 0, 0, 0, 0, 0, 1, 1, 0, 1, 1, 0, 2, 0, 0, 0, 1, 0, 0, 0, 0, 1, 0, 0, 2, 2, 2, 0, 0, 0, 0, 0, 0, 0, 0, 0, 2, 2, 3, 0, 2, 1, 2, 1, 4, 3, 6, 5, 3, 3, 2, 2, 4, 4, 370, 1, 0, 0, 0, 0, 0]",3,0.20022250720657206,-1,0
2187,"[0, 2, 0, 2, 1, 4, 0, 2, 0, 1, 0, 0, 1, 0, 2, 0, 0, 0, 0, 0, 0, 0, 0, 0, 2, 0, 0, 0, 0, 0, 0, 0, 1, 1, 0, 1, 1, 0, 2, 0, 0, 0, 1, 0, 0, 0, 0, 1, 0, 0, 2, 2, 2, 0, 0, 0, 0, 0, 0, 0, 0, 0, 2, 2, 3, 0, 2, 1, 2, 1, 4, 3, 6, 5, 3, 3, 2, 2, 4, 4, 370, 0, 0, 0, 0, 0, 0]","[[2 0 0 0]
 [0 0 0 1]]",-0.1983198108823869,-1,0
2188,"[0, 3, 0, 2, 1, 5, 0, 2, 0, 1, 0, 0, 1, 0, 2, 0, 0, 0, 0, 0, 0, 0, 0, 0, 2, 0, 0, 0, 0, 0, 0, 0, 1, 1, 0, 1, 1, 0, 2, 0, 0, 0, 1, 0, 0, 0, 0, 1, 0, 0, 2, 2, 2, 0, 0, 0, 0, 0, 0, 0, 0, 0, 2, 2, 3, 0, 2, 1, 2, 1, 4, 3, 6, 5, 3, 3, 2, 2, 4, 4, 371, 0, 0, 0, 0, 0, 0]",4,13.933604101947186,-1,0
2189,"[0, 1, 0, 1, 1, 2, 0, 1, 0, 1, 0, 0, 1, 0, 2, 0, 0, 0, 0, 0, 0, 0, 0, 0, 2, 0, 0, 0, 0, 0, 0, 0, 1, 1, 0, 1, 1, 0, 2, 0, 0, 0, 1, 0, 0, 0, 0, 1, 0, 0, 2, 2, 2, 0, 0, 0, 0, 0, 0, 0, 0, 0, 2, 2, 3, 0, 2, 1, 2, 1, 4, 3, 6, 5, 3, 3, 2, 2, 4, 5, 372, 0, 0, 0, 0, 0, 0]",4,11.57642173331115,-1,1
2190,"[0, 1, 0, 1, 1, 2, 0, 1, 0, 1, 0, 0, 1, 0, 2, 0, 0, 0, 0, 0, 0, 0, 0, 0, 2, 0, 0, 0, 0, 0, 0, 0, 1, 1, 0, 1, 1, 0, 2, 0, 0, 0, 1, 0, 0, 0, 0, 1, 0, 0, 2, 2, 2, 0, 0, 0, 0, 0, 0, 0, 0, 0, 2, 2, 3, 0, 2, 1, 2, 1, 4, 3, 6, 5, 3, 3, 2, 2, 4, 5, 372, 0, 1, 0, 0, 0, 0]",2,0.4002054176101423,-1,0
2191,"[0, 1, 0, 1, 1, 2, 0, 1, 0, 1, 0, 0, 1, 0, 2, 0, 0, 0, 0, 0, 0, 0, 0, 0, 2, 0, 0, 0, 0, 0, 0, 0, 1, 1, 0, 1, 1, 0, 2, 0, 0, 0, 1, 0, 0, 0, 0, 1, 0, 0, 2, 2, 2, 0, 0, 0, 0, 0, 0, 0, 0, 0, 2, 2, 3, 0, 2, 1, 2, 1, 4, 3, 6, 5, 3, 3, 2, 2, 4, 5, 372, 0, 1, 0, 0, 1, 0]","[[0 1 0 0]
 [1 0 0 0]]",0.6506302826682332,-1,0
2192,"[0, 1, 0, 1, 1, 2, 0, 1, 0, 1, 0, 0, 1, 0, 2, 0, 0, 0, 0, 0, 0, 0, 0, 0, 2, 0, 0, 0, 0, 0, 0, 0, 1, 1, 0, 1, 1, 0, 2, 0, 0, 0, 1, 0, 0, 0, 0, 1, 0, 0, 2, 2, 2, 0, 0, 0, 0, 0, 0, 0, 0, 0, 2, 2, 3, 0, 2, 1, 2, 1, 4, 3, 6, 5, 3, 3, 2, 2, 4, 5, 372, 0, 1, 0, 0, 0, 1]",2,-0.1997945823898577,-1,1
2193,"[0, 1, 0, 1, 1, 2, 0, 1, 0, 1, 0, 0, 1, 0, 2, 0, 0, 0, 0, 0, 0, 0, 0, 0, 2, 0, 0, 0, 0, 0, 0, 0, 1, 1, 0, 1, 1, 0, 2, 0, 0, 0, 1, 0, 0, 0, 0, 1, 0, 0, 2, 2, 2, 0, 0, 0, 0, 0, 0, 0, 0, 0, 2, 2, 3, 0, 2, 1, 2, 1, 4, 3, 6, 5, 3, 3, 2, 2, 4, 5, 372, 0, 0, 1, 0, 0, 0]","[[0 1 0 0]
 [0 1 0 1]]",-0.1997945823898577,-1,1
2194,"[0, 1, 0, 1, 1, 2, 0, 1, 0, 1, 0, 0, 1, 0, 2, 0, 0, 0, 0, 0, 0, 0, 0, 0, 2, 0, 0, 0, 0, 0, 0, 0, 1, 1, 0, 1, 1, 0, 2, 0, 0, 0, 1, 0, 0, 0, 0, 1, 0, 0, 2, 2, 2, 0, 0, 0, 0, 0, 0, 0, 0, 0, 2, 2, 3, 0, 2, 1, 2, 1, 4, 3, 6, 5, 3, 3, 2, 2, 4, 5, 372, 0, 0, 0, 0, 0, 0]",1,-5.530595660857045,-1,0
2195,"[0, 1, 0, 1, 1, 2, 0, 1, 0, 1, 0, 0, 1, 0, 2, 0, 0, 0, 0, 0, 0, 0, 0, 0, 2, 0, 0, 0, 0, 0, 0, 0, 1, 1, 0, 1, 1, 0, 2, 0, 0, 0, 1, 0, 0, 0, 0, 1, 0, 0, 2, 2, 2, 0, 0, 0, 0, 0, 0, 0, 0, 0, 2, 2, 3, 0, 2, 1, 2, 1, 4, 3, 6, 5, 3, 3, 2, 2, 4, 5, 372, 1, 0, 0, 0, 0, 0]",3,0.20020541761014232,-1,0
2196,"[0, 1, 0, 1, 1, 2, 0, 1, 0, 1, 0, 0, 1, 0, 2, 0, 0, 0, 0, 0, 0, 0, 0, 0, 2, 0, 0, 0, 0, 0, 0, 0, 1, 1, 0, 1, 1, 0, 2, 0, 0, 0, 1, 0, 0, 0, 0, 1, 0, 0, 2, 2, 2, 0, 0, 0, 0, 0, 0, 0, 0, 0, 2, 2, 3, 0, 2, 1, 2, 1, 4, 3, 6, 5, 3, 3, 2, 2, 4, 5, 372, 0, 0, 0, 0, 0, 0]",-1,-0.0012116983922845557,-1,0
2197,"[0, 1, 0, 1, 1, 2, 0, 2, 0, 1, 0, 0, 1, 0, 2, 0, 0, 0, 0, 0, 0, 0, 0, 0, 2, 0, 0, 0, 0, 0, 0, 0, 1, 1, 0, 1, 1, 0, 2, 0, 0, 0, 1, 0, 0, 0, 0, 1, 0, 0, 2, 2, 2, 0, 0, 0, 0, 0, 0, 0, 0, 0, 2, 2, 3, 0, 2, 1, 2, 1, 4, 3, 6, 5, 3, 3, 2, 2, 4, 5, 373, 0, 0, 0, 0, 0, 0]",4,14.262083939097451,-1,0
2198,"[0, 1, 0, 1, 1, 2, 0, 2, 0, 1, 0, 0, 1, 0, 2, 0, 0, 0, 0, 0, 0, 0, 0, 0, 2, 0, 0, 0, 0, 0, 0, 0, 1, 1, 0, 1, 1, 0, 2, 0, 0, 0, 1, 0, 0, 0, 0, 1, 0, 0, 2, 2, 2, 0, 0, 0, 0, 0, 0, 0, 0, 0, 2, 2, 3, 0, 2, 1, 2, 1, 4, 3, 6, 5, 3, 3, 2, 2, 4, 5, 373, 0, 0, 0, 0, 0, 0]",0,0.34241503948814245,-1,1
2199,"[0, 1, 0, 1, 1, 2, 0, 2, 0, 1, 0, 0, 1, 0, 2, 0, 0, 0, 0, 0, 0, 0, 0, 0, 2, 0, 0, 0, 0, 0, 0, 0, 1, 1, 0, 1, 1, 0, 2, 0, 0, 0, 1, 0, 0, 0, 0, 1, 0, 0, 2, 2, 2, 0, 0, 0, 0, 0, 0, 0, 0, 0, 2, 2, 3, 0, 2, 1, 2, 1, 4, 3, 6, 5, 3, 3, 2, 2, 4, 5, 373, 0, 0, 0, 0, 0, 0]",-1,-0.0011996417918354587,-1,1
2200,"[0, 1, 0, 1, 1, 2, 0, 3, 0, 1, 0, 0, 1, 0, 2, 0, 0, 0, 0, 0, 0, 0, 0, 0, 2, 0, 0, 0, 0, 0, 0, 0, 1, 1, 0, 1, 1, 0, 2, 0, 0, 0, 1, 0, 0, 0, 0, 1, 0, 0, 2, 2, 2, 0, 0, 0, 0, 0, 0, 0, 0, 0, 2, 2, 3, 0, 2, 1, 2, 1, 4, 3, 6, 5, 3, 3, 2, 2, 4, 5, 374, 0, 0, 0, 0, 0, 0]",4,11.344843391527053,-1,1
2201,"[0, 1, 0, 1, 1, 2, 0, 3, 0, 1, 0, 0, 1, 0, 2, 0, 0, 0, 0, 0, 0, 0, 0, 0, 2, 0, 0, 0, 0, 0, 0, 0, 1, 1, 0, 1, 1, 0, 2, 0, 0, 0, 1, 0, 0, 0, 0, 1, 0, 0, 2, 2, 2, 0, 0, 0, 0, 0, 0, 0, 0, 0, 2, 2, 3, 0, 2, 1, 2, 1, 4, 3, 6, 5, 3, 3, 2, 2, 4, 5, 374, 1, 0, 0, 0, 0, 0]",3,0.20018963932887077,-1,0
2202,"[0, 1, 0, 1, 1, 2, 0, 3, 0, 1, 0, 0, 1, 0, 2, 0, 0, 0, 0, 0, 0, 0, 0, 0, 2, 0, 0, 0, 0, 0, 0, 0, 1, 1, 0, 1, 1, 0, 2, 0, 0, 0, 1, 0, 0, 0, 0, 1, 0, 0, 2, 2, 2, 0, 0, 0, 0, 0, 0, 0, 0, 0, 2, 2, 3, 0, 2, 1, 2, 1, 4, 3, 6, 5, 3, 3, 2, 2, 4, 5, 374, 0, 0, 0, 0, 0, 0]",-1,-0.00118770515656525,-1,0
2203,"[0, 1, 0, 1, 1, 2, 0, 3, 0, 1, 0, 0, 1, 0, 2, 0, 0, 0, 0, 0, 0, 0, 0, 0, 2, 0, 0, 0, 0, 0, 0, 0, 1, 1, 0, 1, 1, 0, 2, 0, 0, 0, 1, 0, 0, 0, 0, 1, 0, 0, 2, 2, 2, 0, 0, 0, 0, 0, 0, 0, 0, 0, 2, 2, 3, 0, 2, 1, 2, 1, 4, 3, 6, 5, 3, 3, 2, 2, 4, 5, 374, 0, 1, 0, 0, 0, 0]",2,0.40018963932887075,-1,0
2204,"[0, 1, 0, 1, 1, 2, 0, 3, 0, 1, 0, 0, 1, 0, 2, 0, 0, 0, 0, 0, 0, 0, 0, 0, 2, 0, 0, 0, 0, 0, 0, 0, 1, 1, 0, 1, 1, 0, 2, 0, 0, 0, 1, 0, 0, 0, 0, 1, 0, 0, 2, 2, 2, 0, 0, 0, 0, 0, 0, 0, 0, 0, 2, 2, 3, 0, 2, 1, 2, 1, 4, 3, 6, 5, 3, 3, 2, 2, 4, 5, 374, 0, 1, 0, 0, 1, 0]","[[0 1 0 0]
 [1 0 0 0]]",0.6506145043869617,-1,0
2205,"[1, 0, 0, 1, 0, 3, 0, 3, 0, 1, 0, 0, 1, 0, 2, 0, 0, 0, 0, 0, 0, 0, 0, 0, 2, 0, 0, 0, 0, 0, 0, 0, 1, 1, 0, 1, 1, 0, 2, 0, 0, 0, 1, 0, 0, 0, 0, 1, 0, 0, 2, 2, 2, 0, 0, 0, 0, 0, 0, 0, 0, 0, 2, 2, 3, 0, 2, 1, 2, 1, 4, 3, 6, 5, 3, 3, 2, 2, 4, 5, 374, 0, 0, 0, 0, 0, 0]",0,-0.19981036067112926,-1,1
2206,"[1, 0, 0, 1, 0, 3, 0, 3, 0, 1, 0, 0, 1, 0, 2, 0, 0, 0, 0, 0, 0, 0, 0, 0, 2, 0, 0, 0, 0, 0, 0, 0, 1, 1, 0, 1, 1, 0, 2, 0, 0, 0, 1, 0, 0, 0, 0, 1, 0, 0, 2, 2, 2, 0, 0, 0, 0, 0, 0, 0, 0, 0, 2, 2, 3, 0, 2, 1, 2, 1, 4, 3, 6, 5, 3, 3, 2, 2, 4, 5, 374, 0, 1, 0, 0, 0, 0]",2,0.40018963932887075,-1,0
2207,"[1, 0, 0, 1, 0, 3, 0, 3, 0, 1, 0, 0, 1, 0, 2, 0, 0, 0, 0, 0, 0, 0, 0, 0, 2, 0, 0, 0, 0, 0, 0, 0, 1, 1, 0, 1, 1, 0, 2, 0, 0, 0, 1, 0, 0, 0, 0, 1, 0, 0, 2, 2, 2, 0, 0, 0, 0, 0, 0, 0, 0, 0, 2, 2, 3, 0, 2, 1, 2, 1, 4, 3, 6, 5, 3, 3, 2, 2, 4, 5, 374, 0, 1, 0, 0, 1, 0]","[[1 0 0 0]
 [0 1 0 0]]",0.6506145043869617,-1,0
2208,"[1, 0, 0, 1, 0, 3, 0, 3, 0, 1, 0, 0, 1, 0, 2, 0, 0, 0, 0, 0, 0, 0, 0, 0, 2, 0, 0, 0, 0, 0, 0, 0, 1, 1, 0, 1, 1, 0, 2, 0, 0, 0, 1, 0, 0, 0, 0, 1, 0, 0, 2, 2, 2, 0, 0, 0, 0, 0, 0, 0, 0, 0, 2, 2, 3, 0, 2, 1, 2, 1, 4, 3, 6, 5, 3, 3, 2, 2, 4, 5, 374, 0, 1, 0, 0, 0, 1]",2,-0.19981036067112926,-1,1
2209,"[1, 0, 0, 1, 0, 3, 0, 3, 0, 1, 0, 0, 1, 0, 2, 0, 0, 0, 0, 0, 0, 0, 0, 0, 2, 0, 0, 0, 0, 0, 0, 0, 1, 1, 0, 1, 1, 0, 2, 0, 0, 0, 1, 0, 0, 0, 0, 1, 0, 0, 2, 2, 2, 0, 0, 0, 0, 0, 0, 0, 0, 0, 2, 2, 3, 0, 2, 1, 2, 1, 4, 3, 6, 5, 3, 3, 2, 2, 4, 5, 374, 0, 0, 1, 0, 0, 0]","[[0 1 0 1]
 [1 0 0 1]]",-0.19981036067112926,-1,1
2210,"[1, 0, 0, 1, 0, 3, 0, 3, 0, 1, 0, 0, 1, 0, 2, 0, 0, 0, 0, 0, 0, 0, 0, 0, 2, 0, 0, 0, 0, 0, 0, 0, 1, 1, 0, 1, 1, 0, 2, 0, 0, 0, 1, 0, 0, 0, 0, 1, 0, 0, 2, 2, 2, 0, 0, 0, 0, 0, 0, 0, 0, 0, 2, 2, 3, 0, 2, 1, 2, 1, 4, 3, 6, 5, 3, 3, 2, 2, 4, 5, 374, 0, 0, 0, 0, 0, 0]",1,-6.117316946933141,-1,0
2211,"[1, 0, 0, 1, 0, 3, 0, 3, 0, 1, 0, 0, 1, 0, 2, 0, 0, 0, 0, 0, 0, 0, 0, 0, 2, 0, 0, 0, 0, 0, 0, 0, 1, 1, 0, 1, 1, 0, 2, 0, 0, 0, 1, 0, 0, 0, 0, 1, 0, 0, 2, 2, 2, 0, 0, 0, 0, 0, 0, 0, 0, 0, 2, 2, 3, 0, 2, 1, 2, 1, 4, 3, 6, 5, 3, 3, 2, 2, 4, 5, 374, 0, 1, 0, 0, 0, 0]",2,0.40018963932887075,-1,0
2212,"[1, 0, 0, 1, 0, 3, 0, 3, 0, 1, 0, 0, 1, 0, 2, 0, 0, 0, 0, 0, 0, 0, 0, 0, 2, 0, 0, 0, 0, 0, 0, 0, 1, 1, 0, 1, 1, 0, 2, 0, 0, 0, 1, 0, 0, 0, 0, 1, 0, 0, 2, 2, 2, 0, 0, 0, 0, 0, 0, 0, 0, 0, 2, 2, 3, 0, 2, 1, 2, 1, 4, 3, 6, 5, 3, 3, 2, 2, 4, 5, 374, 0, 1, 0, 0, 1, 0]","[[0 0 0 1]
 [0 1 0 0]]",0.6506145043869617,-1,0
2213,"[1, 0, 0, 1, 0, 3, 0, 3, 0, 1, 0, 0, 1, 0, 2, 0, 0, 0, 0, 0, 0, 0, 0, 0, 2, 0, 0, 0, 0, 0, 0, 0, 1, 1, 0, 1, 1, 0, 2, 0, 0, 0, 1, 0, 0, 0, 0, 1, 0, 0, 2, 2, 2, 0, 0, 0, 0, 0, 0, 0, 0, 0, 2, 2, 3, 0, 2, 1, 2, 1, 4, 3, 6, 5, 3, 3, 2, 2, 4, 5, 374, 0, 0, 0, 0, 0, 0]",1,-20.984420051497658,-1,1
2214,"[1, 0, 0, 1, 0, 3, 0, 4, 0, 1, 0, 0, 1, 0, 2, 0, 0, 0, 0, 0, 0, 0, 0, 0, 2, 0, 0, 0, 0, 0, 0, 0, 1, 1, 0, 1, 1, 0, 2, 0, 0, 0, 1, 0, 0, 0, 0, 1, 0, 0, 2, 2, 2, 0, 0, 0, 0, 0, 0, 0, 0, 0, 2, 2, 3, 0, 2, 1, 2, 1, 4, 3, 6, 5, 3, 3, 2, 2, 4, 5, 375, 0, 0, 0, 0, 0, 0]",4,14.262020791845787,-1,0
2215,"[1, 0, 0, 1, 0, 3, 0, 4, 0, 1, 0, 0, 1, 0, 2, 0, 0, 0, 0, 0, 0, 0, 0, 0, 2, 0, 0, 0, 0, 0, 0, 0, 1, 1, 0, 1, 1, 0, 2, 0, 0, 0, 1, 0, 0, 0, 0, 1, 0, 0, 2, 2, 2, 0, 0, 0, 0, 0, 0, 0, 0, 0, 2, 2, 3, 0, 2, 1, 2, 1, 4, 3, 6, 5, 3, 3, 2, 2, 4, 5, 375, 0, 0, 0, 0, 0, 0]",-1,-0.0011758872928004553,-1,1
2216,"[1, 0, 0, 1, 0, 3, 0, 4, 0, 1, 0, 0, 1, 0, 2, 0, 0, 0, 0, 0, 0, 0, 0, 0, 2, 0, 0, 0, 0, 0, 0, 0, 1, 1, 0, 1, 1, 0, 2, 0, 0, 0, 1, 0, 0, 0, 0, 1, 0, 0, 2, 2, 2, 0, 0, 0, 0, 0, 0, 0, 0, 0, 2, 2, 3, 0, 2, 1, 2, 1, 4, 3, 6, 5, 3, 3, 2, 2, 4, 5, 375, 1, 0, 0, 0, 0, 0]",3,0.20018221023888014,-1,0
2217,"[1, 0, 0, 1, 0, 3, 0, 4, 0, 1, 0, 0, 1, 0, 2, 0, 0, 0, 0, 0, 0, 0, 0, 0, 2, 0, 0, 0, 0, 0, 0, 0, 1, 1, 0, 1, 1, 0, 2, 0, 0, 0, 1, 0, 0, 0, 0, 1, 0, 0, 2, 2, 2, 0, 0, 0, 0, 0, 0, 0, 0, 0, 2, 2, 3, 0, 2, 1, 2, 1, 4, 3, 6, 5, 3, 3, 2, 2, 4, 5, 375, 0, 0, 0, 0, 0, 0]",-1,-0.0011758872928004553,-1,0
2218,"[1, 0, 0, 1, 0, 3, 0, 4, 0, 1, 0, 0, 1, 0, 2, 0, 0, 0, 0, 0, 0, 0, 0, 0, 2, 0, 0, 0, 0, 0, 0, 0, 1, 1, 0, 1, 1, 0, 2, 0, 0, 0, 1, 0, 0, 0, 0, 1, 0, 0, 2, 2, 2, 0, 0, 0, 0, 0, 0, 0, 0, 0, 2, 2, 3, 0, 2, 1, 2, 1, 4, 3, 6, 5, 3, 3, 2, 2, 4, 5, 375, 1, 0, 0, 0, 0, 0]",3,0.20018221023888014,-1,0
2219,"[1, 0, 0, 1, 0, 3, 0, 4, 0, 1, 0, 0, 1, 0, 2, 0, 0, 0, 0, 0, 0, 0, 0, 0, 2, 0, 0, 0, 0, 0, 0, 0, 1, 1, 0, 1, 1, 0, 2, 0, 0, 0, 1, 0, 0, 0, 0, 1, 0, 0, 2, 2, 2, 0, 0, 0, 0, 0, 0, 0, 0, 0, 2, 2, 3, 0, 2, 1, 2, 1, 4, 3, 6, 5, 3, 3, 2, 2, 4, 5, 375, 0, 0, 0, 0, 0, 0]",-1,-0.0011758872928004553,-1,0
2220,"[1, 0, 0, 1, 0, 3, 0, 4, 0, 1, 0, 0, 1, 0, 2, 0, 0, 0, 0, 0, 0, 0, 0, 0, 2, 0, 0, 0, 0, 0, 0, 0, 1, 1, 0, 1, 1, 0, 2, 0, 0, 0, 1, 0, 0, 0, 0, 1, 0, 0, 2, 2, 2, 0, 0, 0, 0, 0, 0, 0, 0, 0, 2, 2, 3, 0, 2, 1, 2, 1, 4, 3, 6, 5, 3, 3, 2, 2, 4, 5, 375, 1, 0, 0, 0, 0, 0]",3,0.20018221023888014,-1,0
2221,"[1, 0, 0, 1, 0, 3, 0, 4, 0, 1, 0, 0, 1, 0, 2, 0, 0, 0, 0, 0, 0, 0, 0, 0, 2, 0, 0, 0, 0, 0, 0, 0, 1, 1, 0, 1, 1, 0, 2, 0, 0, 0, 1, 0, 0, 0, 0, 1, 0, 0, 2, 2, 2, 0, 0, 0, 0, 0, 0, 0, 0, 0, 2, 2, 3, 0, 2, 1, 2, 1, 4, 3, 6, 5, 3, 3, 2, 2, 4, 5, 375, 0, 0, 0, 0, 0, 0]",-1,-0.0011758872928004553,-1,0
2222,"[1, 0, 0, 1, 0, 3, 0, 4, 0, 1, 0, 0, 1, 0, 2, 0, 0, 0, 0, 0, 0, 0, 0, 0, 2, 0, 0, 0, 0, 0, 0, 0, 1, 1, 0, 1, 1, 0, 2, 0, 0, 0, 1, 0, 0, 0, 0, 1, 0, 0, 2, 2, 2, 0, 0, 0, 0, 0, 0, 0, 0, 0, 2, 2, 3, 0, 2, 1, 2, 1, 4, 3, 6, 5, 3, 3, 2, 2, 4, 5, 375, 0, 0, 0, 0, 0, 0]",0,0.24290108266245322,-1,0
2223,"[1, 0, 0, 1, 0, 3, 0, 4, 0, 1, 0, 0, 1, 0, 2, 0, 0, 0, 0, 0, 0, 0, 0, 0, 2, 0, 0, 0, 0, 0, 0, 0, 1, 1, 0, 1, 1, 0, 2, 0, 0, 0, 1, 0, 0, 0, 0, 1, 0, 0, 2, 2, 2, 0, 0, 0, 0, 0, 0, 0, 0, 0, 2, 2, 3, 0, 2, 1, 2, 1, 4, 3, 6, 5, 3, 3, 2, 2, 4, 5, 375, 0, 0, 0, 0, 0, 0]",-1,-0.0011758872928004553,-1,0
2224,"[1, 0, 0, 1, 0, 3, 0, 4, 0, 1, 0, 0, 1, 0, 2, 0, 0, 0, 0, 0, 0, 0, 0, 0, 2, 0, 0, 0, 0, 0, 0, 0, 1, 1, 0, 1, 1, 0, 2, 0, 0, 0, 1, 0, 0, 0, 0, 1, 0, 0, 2, 2, 2, 0, 0, 0, 0, 0, 0, 0, 0, 0, 2, 2, 3, 0, 2, 1, 2, 1, 4, 3, 6, 5, 3, 3, 2, 2, 4, 5, 375, 1, 0, 0, 0, 0, 0]",3,0.20018221023888014,-1,0
2225,"[1, 0, 0, 1, 0, 3, 0, 4, 0, 1, 0, 0, 1, 0, 2, 0, 0, 0, 0, 0, 0, 0, 0, 0, 2, 0, 0, 0, 0, 0, 0, 0, 1, 1, 0, 1, 1, 0, 2, 0, 0, 0, 1, 0, 0, 0, 0, 1, 0, 0, 2, 2, 2, 0, 0, 0, 0, 0, 0, 0, 0, 0, 2, 2, 3, 0, 2, 1, 2, 1, 4, 3, 6, 5, 3, 3, 2, 2, 4, 5, 375, 0, 0, 0, 0, 0, 0]",-1,-0.0011758872928004553,-1,0
2226,"[1, 0, 0, 1, 0, 3, 0, 4, 0, 1, 0, 0, 1, 0, 2, 0, 0, 0, 0, 0, 0, 0, 0, 0, 2, 0, 0, 0, 0, 0, 0, 0, 1, 1, 0, 1, 1, 0, 2, 0, 0, 0, 1, 0, 0, 0, 0, 1, 0, 0, 2, 2, 2, 0, 0, 0, 0, 0, 0, 0, 0, 0, 2, 2, 3, 0, 2, 1, 2, 1, 4, 3, 6, 5, 3, 3, 2, 2, 4, 5, 375, 1, 0, 0, 0, 0, 0]",3,0.20018221023888014,-1,0
2227,"[1, 0, 0, 1, 0, 3, 0, 4, 0, 1, 0, 0, 1, 0, 2, 0, 0, 0, 0, 0, 0, 0, 0, 0, 2, 0, 0, 0, 0, 0, 0, 0, 1, 1, 0, 1, 1, 0, 2, 0, 0, 0, 1, 0, 0, 0, 0, 1, 0, 0, 2, 2, 2, 0, 0, 0, 0, 0, 0, 0, 0, 0, 2, 2, 3, 0, 2, 1, 2, 1, 4, 3, 6, 5, 3, 3, 2, 2, 4, 5, 375, 0, 0, 0, 0, 0, 0]",-1,-0.0011758872928004553,-1,0
2228,"[1, 0, 0, 1, 0, 3, 0, 4, 0, 1, 0, 0, 1, 0, 2, 0, 0, 0, 0, 0, 0, 0, 0, 0, 2, 0, 0, 0, 0, 0, 0, 0, 1, 1, 0, 1, 1, 0, 2, 0, 0, 0, 1, 0, 0, 0, 0, 1, 0, 0, 2, 2, 2, 0, 0, 0, 0, 0, 0, 0, 0, 0, 2, 2, 3, 0, 2, 1, 2, 1, 4, 3, 6, 5, 3, 3, 2, 2, 4, 5, 375, 0, 0, 0, 0, 0, 0]",0,0.24290108266245322,-1,0
2229,"[1, 0, 0, 1, 0, 3, 0, 4, 0, 1, 0, 0, 1, 0, 2, 0, 0, 0, 0, 0, 0, 0, 0, 0, 2, 0, 0, 0, 0, 0, 0, 0, 1, 1, 0, 1, 1, 0, 2, 0, 0, 0, 1, 0, 0, 0, 0, 1, 0, 0, 2, 2, 2, 0, 0, 0, 0, 0, 0, 0, 0, 0, 2, 2, 3, 0, 2, 1, 2, 1, 4, 3, 6, 5, 3, 3, 2, 2, 4, 5, 375, 0, 0, 0, 0, 0, 0]",-1,-0.0011758872928004553,-1,0
2230,"[1, 0, 0, 1, 0, 3, 0, 4, 0, 1, 0, 0, 1, 0, 2, 0, 0, 0, 0, 0, 0, 0, 0, 0, 2, 0, 0, 0, 0, 0, 0, 0, 1, 1, 0, 1, 1, 0, 2, 0, 0, 0, 1, 0, 0, 0, 0, 1, 0, 0, 2, 2, 2, 0, 0, 0, 0, 0, 0, 0, 0, 0, 2, 2, 3, 0, 2, 1, 2, 1, 4, 3, 6, 5, 3, 3, 2, 2, 4, 5, 375, 1, 0, 0, 0, 0, 0]",3,0.20018221023888014,-1,0
2231,"[1, 0, 0, 1, 0, 3, 0, 4, 0, 1, 0, 0, 1, 0, 2, 0, 0, 0, 0, 0, 0, 0, 0, 0, 2, 0, 0, 0, 0, 0, 0, 0, 1, 1, 0, 1, 1, 0, 2, 0, 0, 0, 1, 0, 0, 0, 0, 1, 0, 0, 2, 2, 2, 0, 0, 0, 0, 0, 0, 0, 0, 0, 2, 2, 3, 0, 2, 1, 2, 1, 4, 3, 6, 5, 3, 3, 2, 2, 4, 5, 375, 0, 0, 0, 0, 0, 0]",-1,-0.0011758872928004553,-1,0
2232,"[1, 0, 0, 1, 0, 3, 0, 4, 0, 1, 0, 0, 1, 0, 2, 0, 0, 0, 0, 0, 0, 0, 0, 0, 2, 0, 0, 0, 0, 0, 0, 0, 1, 1, 0, 1, 1, 0, 2, 0, 0, 0, 1, 0, 0, 0, 0, 1, 0, 0, 2, 2, 2, 0, 0, 0, 0, 0, 0, 0, 0, 0, 2, 2, 3, 0, 2, 1, 2, 1, 4, 3, 6, 5, 3, 3, 2, 2, 4, 5, 375, 1, 0, 0, 0, 0, 0]",3,0.20018221023888014,-1,0
2233,"[1, 0, 0, 1, 0, 3, 0, 4, 0, 1, 0, 0, 1, 0, 2, 0, 0, 0, 0, 0, 0, 0, 0, 0, 2, 0, 0, 0, 0, 0, 0, 0, 1, 1, 0, 1, 1, 0, 2, 0, 0, 0, 1, 0, 0, 0, 0, 1, 0, 0, 2, 2, 2, 0, 0, 0, 0, 0, 0, 0, 0, 0, 2, 2, 3, 0, 2, 1, 2, 1, 4, 3, 6, 5, 3, 3, 2, 2, 4, 5, 375, 0, 0, 0, 0, 0, 0]",-1,-0.0011758872928004553,-1,0
2234,"[1, 0, 0, 1, 0, 3, 0, 4, 0, 1, 0, 0, 1, 0, 2, 0, 0, 0, 0, 0, 0, 0, 0, 0, 2, 0, 0, 0, 0, 0, 0, 0, 1, 1, 0, 1, 1, 0, 2, 0, 0, 0, 1, 0, 0, 0, 0, 1, 0, 0, 2, 2, 2, 0, 0, 0, 0, 0, 0, 0, 0, 0, 2, 2, 3, 0, 2, 1, 2, 1, 4, 3, 6, 5, 3, 3, 2, 2, 4, 5, 376, 0, 0, 0, 0, 0, 0]",4,14.261990017806664,-1,0
2235,"[1, 0, 0, 1, 0, 1, 0, 2, 0, 1, 0, 0, 1, 0, 2, 0, 0, 0, 0, 0, 0, 0, 0, 0, 2, 0, 0, 0, 0, 0, 0, 0, 1, 1, 0, 1, 1, 0, 2, 0, 0, 0, 1, 0, 0, 0, 0, 1, 0, 0, 2, 2, 2, 0, 0, 0, 0, 0, 0, 0, 0, 0, 2, 2, 3, 0, 2, 1, 2, 1, 4, 3, 6, 5, 3, 3, 2, 2, 4, 0, 377, 0, 0, 0, 0, 0, 0]",4,11.258165228889935,-1,1
2236,"[1, 0, 0, 1, 0, 1, 0, 2, 0, 1, 0, 0, 1, 0, 2, 0, 0, 0, 0, 0, 0, 0, 0, 0, 2, 0, 0, 0, 0, 0, 0, 0, 1, 1, 0, 1, 1, 0, 2, 0, 0, 0, 1, 0, 0, 0, 0, 1, 0, 0, 2, 2, 2, 0, 0, 0, 0, 0, 0, 0, 0, 0, 2, 2, 3, 0, 2, 1, 2, 1, 4, 3, 6, 5, 3, 3, 2, 2, 4, 0, 377, 0, 0, 0, 0, 0, 0]",1,0.6097923281320785,-1,0
2237,"[1, 0, 0, 1, 0, 1, 0, 2, 0, 1, 0, 0, 1, 0, 2, 0, 0, 0, 0, 0, 0, 0, 0, 0, 2, 0, 0, 0, 0, 0, 0, 0, 1, 1, 0, 1, 1, 0, 2, 0, 0, 0, 1, 0, 0, 0, 0, 1, 0, 0, 2, 2, 2, 0, 0, 0, 0, 0, 0, 0, 0, 0, 2, 2, 3, 0, 2, 1, 2, 1, 4, 3, 6, 5, 3, 3, 2, 2, 4, 0, 377, 0, 0, 0, 0, 0, 0]",-1,-0.0011526031643612786,-1,0
2238,"[1, 0, 0, 1, 0, 1, 0, 2, 0, 1, 0, 0, 1, 0, 2, 0, 0, 0, 0, 0, 0, 0, 0, 0, 2, 0, 0, 0, 0, 0, 0, 0, 1, 1, 0, 1, 1, 0, 2, 0, 0, 0, 1, 0, 0, 0, 0, 1, 0, 0, 2, 2, 2, 0, 0, 0, 0, 0, 0, 0, 0, 0, 2, 2, 3, 0, 2, 1, 2, 1, 4, 3, 6, 5, 3, 3, 2, 2, 4, 0, 378, 0, 0, 0, 0, 0, 0]",4,14.261930000257712,-1,0
2239,"[1, 0, 0, 1, 0, 1, 0, 2, 0, 1, 0, 0, 1, 0, 2, 0, 0, 0, 0, 0, 0, 0, 0, 0, 2, 0, 0, 0, 0, 0, 0, 0, 1, 1, 0, 1, 1, 0, 2, 0, 0, 0, 1, 0, 0, 0, 0, 1, 0, 0, 2, 2, 2, 0, 0, 0, 0, 0, 0, 0, 0, 0, 2, 2, 3, 0, 2, 1, 2, 1, 4, 3, 6, 5, 3, 3, 2, 2, 4, 0, 378, 1, 0, 0, 0, 0, 0]",3,0.20016162263521123,-1,1
2240,"[1, 0, 0, 1, 0, 1, 0, 2, 0, 1, 0, 0, 1, 0, 2, 0, 0, 0, 0, 0, 0, 0, 0, 0, 2, 0, 0, 0, 0, 0, 0, 0, 1, 1, 0, 1, 1, 0, 2, 0, 0, 0, 1, 0, 0, 0, 0, 1, 0, 0, 2, 2, 2, 0, 0, 0, 0, 0, 0, 0, 0, 0, 2, 2, 3, 0, 2, 1, 2, 1, 4, 3, 6, 5, 3, 3, 2, 2, 4, 0, 378, 0, 0, 0, 0, 0, 0]",-1,-0.0011411345712546486,-1,1
2241,"[1, 0, 0, 1, 0, 1, 0, 1, 0, 1, 0, 0, 1, 0, 2, 0, 0, 0, 0, 0, 0, 0, 0, 0, 2, 0, 0, 0, 0, 0, 0, 0, 1, 1, 0, 1, 1, 0, 2, 0, 0, 0, 1, 0, 0, 0, 0, 1, 0, 0, 2, 2, 2, 0, 0, 0, 0, 0, 0, 0, 0, 0, 2, 2, 3, 0, 2, 1, 2, 1, 4, 3, 6, 5, 3, 3, 2, 2, 4, 5, 379, 0, 0, 0, 0, 0, 0]",4,11.461900730677941,-1,1
2242,"[1, 0, 0, 1, 0, 1, 0, 1, 0, 1, 0, 0, 1, 0, 2, 0, 0, 0, 0, 0, 0, 0, 0, 0, 2, 0, 0, 0, 0, 0, 0, 0, 1, 1, 0, 1, 1, 0, 2, 0, 0, 0, 1, 0, 0, 0, 0, 1, 0, 0, 2, 2, 2, 0, 0, 0, 0, 0, 0, 0, 0, 0, 2, 2, 3, 0, 2, 1, 2, 1, 4, 3, 6, 5, 3, 3, 2, 2, 4, 4, 380, 0, 0, 0, 0, 0, 0]",4,14.261871937245656,-1,0
2243,"[1, 0, 0, 1, 0, 1, 0, 1, 0, 1, 0, 0, 1, 0, 2, 0, 0, 0, 0, 0, 0, 0, 0, 0, 2, 0, 0, 0, 0, 0, 0, 0, 1, 1, 0, 1, 1, 0, 2, 0, 0, 0, 1, 0, 0, 0, 0, 1, 0, 0, 2, 2, 2, 0, 0, 0, 0, 0, 0, 0, 0, 0, 2, 2, 3, 0, 2, 1, 2, 1, 4, 3, 6, 5, 3, 3, 2, 2, 4, 4, 380, 0, 1, 0, 0, 0, 0]",2,0.40014920576676727,-1,1
2244,"[1, 0, 0, 1, 0, 1, 0, 1, 0, 1, 0, 0, 1, 0, 2, 0, 0, 0, 0, 0, 0, 0, 0, 0, 2, 0, 0, 0, 0, 0, 0, 0, 1, 1, 0, 1, 1, 0, 2, 0, 0, 0, 1, 0, 0, 0, 0, 1, 0, 0, 2, 2, 2, 0, 0, 0, 0, 0, 0, 0, 0, 0, 2, 2, 3, 0, 2, 1, 2, 1, 4, 3, 6, 5, 3, 3, 2, 2, 4, 4, 380, 0, 0, 0, 0, 0, 0]",-1,-0.0011185385928082795,-1,1
2245,"[2, 0, 0, 1, 0, 2, 0, 1, 0, 1, 0, 0, 1, 0, 2, 0, 0, 0, 0, 0, 0, 0, 0, 0, 2, 0, 0, 0, 0, 0, 0, 0, 1, 1, 0, 1, 1, 0, 2, 0, 0, 0, 1, 0, 0, 0, 0, 1, 0, 0, 2, 2, 2, 0, 0, 0, 0, 0, 0, 0, 0, 0, 2, 2, 3, 0, 2, 1, 2, 1, 4, 3, 6, 5, 3, 3, 2, 2, 4, 4, 381, 0, 0, 0, 0, 0, 0]",4,11.258049078524154,-1,1
2246,"[2, 0, 0, 1, 0, 2, 0, 1, 0, 1, 0, 0, 1, 0, 2, 0, 0, 0, 0, 0, 0, 0, 0, 0, 2, 0, 0, 0, 0, 0, 0, 0, 1, 1, 0, 1, 1, 0, 2, 0, 0, 0, 1, 0, 0, 0, 0, 1, 0, 0, 2, 2, 2, 0, 0, 0, 0, 0, 0, 0, 0, 0, 2, 2, 3, 0, 2, 1, 2, 1, 4, 3, 6, 5, 3, 3, 2, 2, 4, 4, 381, 0, 0, 0, 0, 0, 0]",0,0.2428622319421264,-1,0
2247,"[2, 0, 0, 1, 0, 2, 0, 1, 0, 1, 0, 0, 1, 0, 2, 0, 0, 0, 0, 0, 0, 0, 0, 0, 2, 0, 0, 0, 0, 0, 0, 0, 1, 1, 0, 1, 1, 0, 2, 0, 0, 0, 1, 0, 0, 0, 0, 1, 0, 0, 2, 2, 2, 0, 0, 0, 0, 0, 0, 0, 0, 0, 2, 2, 3, 0, 2, 1, 2, 1, 4, 3, 6, 5, 3, 3, 2, 2, 4, 4, 381, 0, 0, 0, 0, 0, 0]",-1,-0.0011074089478518658,-1,0
2248,"[2, 0, 0, 1, 0, 2, 0, 1, 0, 1, 0, 0, 1, 0, 2, 0, 0, 0, 0, 0, 0, 0, 0, 0, 2, 0, 0, 0, 0, 0, 0, 0, 1, 1, 0, 1, 1, 0, 2, 0, 0, 0, 1, 0, 0, 0, 0, 1, 0, 0, 2, 2, 2, 0, 0, 0, 0, 0, 0, 0, 0, 0, 2, 2, 3, 0, 2, 1, 2, 1, 4, 3, 6, 5, 3, 3, 2, 2, 4, 4, 382, 0, 0, 0, 0, 0, 0]",4,14.058021201898502,-1,0
2249,"[3, 0, 0, 1, 0, 3, 0, 1, 0, 1, 0, 0, 1, 0, 2, 0, 0, 0, 0, 0, 0, 0, 0, 0, 2, 0, 0, 0, 0, 0, 0, 0, 1, 1, 0, 1, 1, 0, 2, 0, 0, 0, 1, 0, 0, 0, 0, 1, 0, 0, 2, 2, 2, 0, 0, 0, 0, 0, 0, 0, 0, 0, 2, 2, 3, 0, 2, 1, 2, 1, 4, 3, 6, 5, 3, 3, 2, 2, 4, 4, 383, 0, 0, 0, 0, 0, 0]",4,11.095799682170977,-1,1
2250,"[3, 0, 0, 1, 0, 3, 0, 1, 0, 1, 0, 0, 1, 0, 2, 0, 0, 0, 0, 0, 0, 0, 0, 0, 2, 0, 0, 0, 0, 0, 0, 0, 1, 1, 0, 1, 1, 0, 2, 0, 0, 0, 1, 0, 0, 0, 0, 1, 0, 0, 2, 2, 2, 0, 0, 0, 0, 0, 0, 0, 0, 0, 2, 2, 3, 0, 2, 1, 2, 1, 4, 3, 6, 5, 3, 3, 2, 2, 4, 4, 383, 0, 1, 0, 0, 0, 0]",2,0.40013234480851134,-1,0
2251,"[3, 0, 0, 1, 0, 3, 0, 1, 0, 1, 0, 0, 1, 0, 2, 0, 0, 0, 0, 0, 0, 0, 0, 0, 2, 0, 0, 0, 0, 0, 0, 0, 1, 1, 0, 1, 1, 0, 2, 0, 0, 0, 1, 0, 0, 0, 0, 1, 0, 0, 2, 2, 2, 0, 0, 0, 0, 0, 0, 0, 0, 0, 2, 2, 3, 0, 2, 1, 2, 1, 4, 3, 6, 5, 3, 3, 2, 2, 4, 4, 383, 0, 1, 0, 0, 1, 0]","[[1 0 0 0]
 [0 1 0 0]]",0.6505572098666023,-1,0
2252,"[3, 0, 0, 1, 0, 3, 0, 1, 0, 1, 0, 0, 1, 0, 2, 0, 0, 0, 0, 0, 0, 0, 0, 0, 2, 0, 0, 0, 0, 0, 0, 0, 1, 1, 0, 1, 1, 0, 2, 0, 0, 0, 1, 0, 0, 0, 0, 1, 0, 0, 2, 2, 2, 0, 0, 0, 0, 0, 0, 0, 0, 0, 2, 2, 3, 0, 2, 1, 2, 1, 4, 3, 6, 5, 3, 3, 2, 2, 4, 4, 383, 0, 0, 0, 0, 0, 0]",-1,-0.0010854807814924285,-1,1
2253,"[3, 0, 0, 1, 0, 3, 0, 1, 0, 1, 0, 0, 1, 0, 2, 0, 0, 0, 0, 0, 0, 0, 0, 0, 2, 0, 0, 0, 0, 0, 0, 0, 1, 1, 0, 1, 1, 0, 2, 0, 0, 0, 1, 0, 0, 0, 0, 1, 0, 0, 2, 2, 2, 0, 0, 0, 0, 0, 0, 0, 0, 0, 2, 2, 3, 0, 2, 1, 2, 1, 4, 3, 6, 5, 3, 3, 2, 2, 4, 4, 383, 0, 1, 0, 0, 0, 0]",2,0.40013234480851134,-1,0
2254,"[3, 0, 0, 1, 0, 3, 0, 1, 0, 1, 0, 0, 1, 0, 2, 0, 0, 0, 0, 0, 0, 0, 0, 0, 2, 0, 0, 0, 0, 0, 0, 0, 1, 1, 0, 1, 1, 0, 2, 0, 0, 0, 1, 0, 0, 0, 0, 1, 0, 0, 2, 2, 2, 0, 0, 0, 0, 0, 0, 0, 0, 0, 2, 2, 3, 0, 2, 1, 2, 1, 4, 3, 6, 5, 3, 3, 2, 2, 4, 4, 383, 0, 1, 0, 0, 1, 0]","[[0 0 0 1]
 [0 1 0 0]]",0.6505572098666023,-1,0
2255,"[3, 0, 0, 1, 0, 3, 0, 1, 0, 1, 0, 0, 1, 0, 2, 0, 0, 0, 0, 0, 0, 0, 0, 0, 2, 0, 0, 0, 0, 0, 0, 0, 1, 1, 0, 1, 1, 0, 2, 0, 0, 0, 1, 0, 0, 0, 0, 1, 0, 0, 2, 2, 2, 0, 0, 0, 0, 0, 0, 0, 0, 0, 2, 2, 3, 0, 2, 1, 2, 1, 4, 3, 6, 5, 3, 3, 2, 2, 4, 4, 383, 0, 0, 0, 0, 0, 0]",1,-20.984477346018018,-1,1
2256,"[3, 0, 0, 1, 0, 3, 0, 1, 0, 1, 0, 0, 1, 0, 2, 0, 0, 0, 0, 0, 0, 0, 0, 0, 2, 0, 0, 0, 0, 0, 0, 0, 1, 1, 0, 1, 1, 0, 2, 0, 0, 0, 1, 0, 0, 0, 0, 1, 0, 0, 2, 2, 2, 0, 0, 0, 0, 0, 0, 0, 0, 0, 2, 2, 3, 0, 2, 1, 2, 1, 4, 3, 6, 5, 3, 3, 2, 2, 4, 4, 383, 1, 0, 0, 0, 0, 0]",3,0.20013234480851141,-1,0
2257,"[1, 0, 0, 2, 0, 3, 0, 1, 0, 1, 0, 0, 1, 0, 2, 0, 0, 0, 0, 0, 0, 0, 0, 0, 2, 0, 0, 0, 0, 0, 0, 0, 1, 1, 0, 1, 1, 0, 2, 0, 0, 0, 1, 0, 0, 0, 0, 1, 0, 0, 2, 2, 2, 0, 0, 0, 0, 0, 0, 0, 0, 0, 2, 2, 3, 0, 2, 1, 2, 1, 4, 3, 6, 5, 3, 3, 2, 2, 4, 4, 383, 0, 0, 0, 0, 0, 0]","[[2 0 0 0]
 [0 0 0 1]]",-0.19840997328044754,-1,0
2258,"[1, 0, 0, 2, 0, 3, 0, 1, 0, 1, 0, 0, 1, 0, 2, 0, 0, 0, 0, 0, 0, 0, 0, 0, 2, 0, 0, 0, 0, 0, 0, 0, 1, 1, 0, 1, 1, 0, 2, 0, 0, 0, 1, 0, 0, 0, 0, 1, 0, 0, 2, 2, 2, 0, 0, 0, 0, 0, 0, 0, 0, 0, 2, 2, 3, 0, 2, 1, 2, 1, 4, 3, 6, 5, 3, 3, 2, 2, 4, 4, 383, 0, 1, 0, 0, 0, 0]",2,0.40013234480851134,-1,0
2259,"[1, 0, 0, 2, 0, 3, 0, 1, 0, 1, 0, 0, 1, 0, 2, 0, 0, 0, 0, 0, 0, 0, 0, 0, 2, 0, 0, 0, 0, 0, 0, 0, 1, 1, 0, 1, 1, 0, 2, 0, 0, 0, 1, 0, 0, 0, 0, 1, 0, 0, 2, 2, 2, 0, 0, 0, 0, 0, 0, 0, 0, 0, 2, 2, 3, 0, 2, 1, 2, 1, 4, 3, 6, 5, 3, 3, 2, 2, 4, 4, 383, 0, 1, 0, 0, 1, 0]","[[1 0 0 0]
 [0 1 0 0]]",0.6505572098666023,-1,0
2260,"[1, 0, 0, 2, 0, 3, 0, 1, 0, 1, 0, 0, 1, 0, 2, 0, 0, 0, 0, 0, 0, 0, 0, 0, 2, 0, 0, 0, 0, 0, 0, 0, 1, 1, 0, 1, 1, 0, 2, 0, 0, 0, 1, 0, 0, 0, 0, 1, 0, 0, 2, 2, 2, 0, 0, 0, 0, 0, 0, 0, 0, 0, 2, 2, 3, 0, 2, 1, 2, 1, 4, 3, 6, 5, 3, 3, 2, 2, 4, 4, 383, 0, 0, 0, 0, 0, 0]",1,-20.984477346018018,-1,1
2261,"[1, 0, 0, 2, 0, 3, 0, 1, 0, 1, 0, 0, 1, 0, 2, 0, 0, 0, 0, 0, 0, 0, 0, 0, 2, 0, 0, 0, 0, 0, 0, 0, 1, 1, 0, 1, 1, 0, 2, 0, 0, 0, 1, 0, 0, 0, 0, 1, 0, 0, 2, 2, 2, 0, 0, 0, 0, 0, 0, 0, 0, 0, 2, 2, 3, 0, 2, 1, 2, 1, 4, 3, 6, 5, 3, 3, 2, 2, 4, 4, 383, 0, 1, 0, 0, 0, 0]",2,0.40013234480851134,-1,0
2262,"[1, 0, 0, 2, 0, 3, 0, 1, 0, 1, 0, 0, 1, 0, 2, 0, 0, 0, 0, 0, 0, 0, 0, 0, 2, 0, 0, 0, 0, 0, 0, 0, 1, 1, 0, 1, 1, 0, 2, 0, 0, 0, 1, 0, 0, 0, 0, 1, 0, 0, 2, 2, 2, 0, 0, 0, 0, 0, 0, 0, 0, 0, 2, 2, 3, 0, 2, 1, 2, 1, 4, 3, 6, 5, 3, 3, 2, 2, 4, 4, 383, 0, 1, 0, 0, 1, 0]","[[1 0 0 0]
 [0 1 0 0]]",0.6505572098666023,-1,0
2263,"[1, 0, 0, 2, 0, 3, 0, 1, 0, 1, 0, 0, 1, 0, 2, 0, 0, 0, 0, 0, 0, 0, 0, 0, 2, 0, 0, 0, 0, 0, 0, 0, 1, 1, 0, 1, 1, 0, 2, 0, 0, 0, 1, 0, 0, 0, 0, 1, 0, 0, 2, 2, 2, 0, 0, 0, 0, 0, 0, 0, 0, 0, 2, 2, 3, 0, 2, 1, 2, 1, 4, 3, 6, 5, 3, 3, 2, 2, 4, 4, 383, 0, 1, 0, 0, 0, 1]",2,-0.1998676551914886,-1,1
2264,"[1, 0, 0, 2, 0, 3, 0, 1, 0, 1, 0, 0, 1, 0, 2, 0, 0, 0, 0, 0, 0, 0, 0, 0, 2, 0, 0, 0, 0, 0, 0, 0, 1, 1, 0, 1, 1, 0, 2, 0, 0, 0, 1, 0, 0, 0, 0, 1, 0, 0, 2, 2, 2, 0, 0, 0, 0, 0, 0, 0, 0, 0, 2, 2, 3, 0, 2, 1, 2, 1, 4, 3, 6, 5, 3, 3, 2, 2, 4, 4, 383, 0, 0, 1, 0, 0, 0]","[[0 1 0 0]
 [1 0 0 2]]",-0.1998676551914886,-1,1
2265,"[0, 1, 0, 0, 1, 2, 0, 3, 0, 1, 0, 0, 1, 0, 2, 0, 0, 0, 0, 0, 0, 0, 0, 0, 2, 0, 0, 0, 0, 0, 0, 0, 1, 1, 0, 1, 1, 0, 2, 0, 0, 0, 1, 0, 0, 0, 0, 1, 0, 0, 2, 2, 2, 0, 0, 0, 0, 0, 0, 0, 0, 0, 2, 2, 3, 0, 2, 1, 2, 1, 4, 3, 6, 5, 3, 3, 2, 2, 4, 4, 383, 0, 0, 0, 0, 0, 0]",0,-0.1998676551914886,-1,0
2266,"[0, 1, 0, 0, 1, 2, 0, 3, 0, 1, 0, 0, 1, 0, 2, 0, 0, 0, 0, 0, 0, 0, 0, 0, 2, 0, 0, 0, 0, 0, 0, 0, 1, 1, 0, 1, 1, 0, 2, 0, 0, 0, 1, 0, 0, 0, 0, 1, 0, 0, 2, 2, 2, 0, 0, 0, 0, 0, 0, 0, 0, 0, 2, 2, 3, 0, 2, 1, 2, 1, 4, 3, 6, 5, 3, 3, 2, 2, 4, 4, 384, 0, 0, 0, 0, 0, 0]",4,14.099039940273794,-1,0
2267,"[0, 1, 0, 0, 1, 2, 0, 3, 0, 1, 0, 0, 1, 0, 2, 0, 0, 0, 0, 0, 0, 0, 0, 0, 2, 0, 0, 0, 0, 0, 0, 0, 1, 1, 0, 1, 1, 0, 2, 0, 0, 0, 1, 0, 0, 0, 0, 1, 0, 0, 2, 2, 2, 0, 0, 0, 0, 0, 0, 0, 0, 0, 2, 2, 3, 0, 2, 1, 2, 1, 4, 3, 6, 5, 3, 3, 2, 2, 4, 4, 384, 0, 0, 0, 0, 0, 0]",-1,-0.0010746800672544962,-1,1
2268,"[0, 1, 0, 0, 1, 1, 0, 1, 0, 1, 0, 0, 1, 0, 2, 0, 0, 0, 0, 0, 0, 0, 0, 0, 2, 0, 0, 0, 0, 0, 0, 0, 1, 1, 0, 1, 1, 0, 2, 0, 0, 0, 1, 0, 0, 0, 0, 1, 0, 0, 2, 2, 2, 0, 0, 0, 0, 0, 0, 0, 0, 0, 2, 2, 3, 0, 2, 1, 2, 1, 4, 3, 6, 5, 3, 3, 2, 2, 4, 3, 385, 0, 0, 0, 0, 0, 0]",4,14.099013355923526,-1,0
2269,"[0, 1, 0, 0, 1, 1, 0, 1, 0, 1, 0, 0, 1, 0, 2, 0, 0, 0, 0, 0, 0, 0, 0, 0, 2, 0, 0, 0, 0, 0, 0, 0, 1, 1, 0, 1, 1, 0, 2, 0, 0, 0, 1, 0, 0, 0, 0, 1, 0, 0, 2, 2, 2, 0, 0, 0, 0, 0, 0, 0, 0, 0, 2, 2, 3, 0, 2, 1, 2, 1, 4, 3, 6, 5, 3, 3, 2, 2, 4, 3, 386, 0, 0, 0, 0, 0, 0]",4,11.735638645753179,-1,1
2270,"[0, 1, 0, 0, 1, 1, 0, 1, 0, 1, 0, 0, 1, 0, 2, 0, 0, 0, 0, 0, 0, 0, 0, 0, 2, 0, 0, 0, 0, 0, 0, 0, 1, 1, 0, 1, 1, 0, 2, 0, 0, 0, 1, 0, 0, 0, 0, 1, 0, 0, 2, 2, 2, 0, 0, 0, 0, 0, 0, 0, 0, 0, 2, 2, 3, 0, 2, 1, 2, 1, 4, 3, 6, 5, 3, 3, 2, 2, 4, 3, 386, 0, 1, 0, 0, 0, 0]",2,0.40011738809921615,-1,0
2271,"[0, 1, 0, 0, 1, 1, 0, 1, 0, 1, 0, 0, 1, 0, 2, 0, 0, 0, 0, 0, 0, 0, 0, 0, 2, 0, 0, 0, 0, 0, 0, 0, 1, 1, 0, 1, 1, 0, 2, 0, 0, 0, 1, 0, 0, 0, 0, 1, 0, 0, 2, 2, 2, 0, 0, 0, 0, 0, 0, 0, 0, 0, 2, 2, 3, 0, 2, 1, 2, 1, 4, 3, 6, 5, 3, 3, 2, 2, 4, 3, 386, 0, 1, 0, 0, 1, 0]","[[0 1 0 0]
 [1 0 0 0]]",0.6505422531573071,-1,0
2272,"[0, 1, 0, 0, 1, 1, 0, 1, 0, 1, 0, 0, 1, 0, 2, 0, 0, 0, 0, 0, 0, 0, 0, 0, 2, 0, 0, 0, 0, 0, 0, 0, 1, 1, 0, 1, 1, 0, 2, 0, 0, 0, 1, 0, 0, 0, 0, 1, 0, 0, 2, 2, 2, 0, 0, 0, 0, 0, 0, 0, 0, 0, 2, 2, 3, 0, 2, 1, 2, 1, 4, 3, 6, 5, 3, 3, 2, 2, 4, 3, 386, 0, 0, 0, 0, 0, 0]",1,-20.98449230272731,-1,1
2273,"[0, 1, 0, 0, 1, 1, 0, 1, 0, 1, 0, 0, 1, 0, 2, 0, 0, 0, 0, 0, 0, 0, 0, 0, 2, 0, 0, 0, 0, 0, 0, 0, 1, 1, 0, 1, 1, 0, 2, 0, 0, 0, 1, 0, 0, 0, 0, 1, 0, 0, 2, 2, 2, 0, 0, 0, 0, 0, 0, 0, 0, 0, 2, 2, 3, 0, 2, 1, 2, 1, 4, 3, 6, 5, 3, 3, 2, 2, 4, 3, 386, 0, 1, 0, 0, 0, 0]",2,0.40011738809921615,-1,0
2274,"[0, 1, 0, 0, 1, 1, 0, 1, 0, 1, 0, 0, 1, 0, 2, 0, 0, 0, 0, 0, 0, 0, 0, 0, 2, 0, 0, 0, 0, 0, 0, 0, 1, 1, 0, 1, 1, 0, 2, 0, 0, 0, 1, 0, 0, 0, 0, 1, 0, 0, 2, 2, 2, 0, 0, 0, 0, 0, 0, 0, 0, 0, 2, 2, 3, 0, 2, 1, 2, 1, 4, 3, 6, 5, 3, 3, 2, 2, 4, 3, 386, 0, 1, 0, 0, 1, 0]","[[0 1 0 0]
 [1 0 0 0]]",0.6505422531573071,-1,0
2275,"[1, 0, 0, 0, 0, 2, 0, 1, 0, 1, 0, 0, 1, 0, 2, 0, 0, 0, 0, 0, 0, 0, 0, 0, 2, 0, 0, 0, 0, 0, 0, 0, 1, 1, 0, 1, 1, 0, 2, 0, 0, 0, 1, 0, 0, 0, 0, 1, 0, 0, 2, 2, 2, 0, 0, 0, 0, 0, 0, 0, 0, 0, 2, 2, 3, 0, 2, 1, 2, 1, 4, 3, 6, 5, 3, 3, 2, 2, 4, 3, 386, 0, 0, 0, 0, 0, 0]",0,-0.19988261190078385,-1,1
2276,"[1, 0, 0, 0, 0, 2, 0, 1, 0, 1, 0, 0, 1, 0, 2, 0, 0, 0, 0, 0, 0, 0, 0, 0, 2, 0, 0, 0, 0, 0, 0, 0, 1, 1, 0, 1, 1, 0, 2, 0, 0, 0, 1, 0, 0, 0, 0, 1, 0, 0, 2, 2, 2, 0, 0, 0, 0, 0, 0, 0, 0, 0, 2, 2, 3, 0, 2, 1, 2, 1, 4, 3, 6, 5, 3, 3, 2, 2, 4, 3, 386, 0, 0, 0, 0, 0, 0]",0,0.24283626052278925,-1,0
2277,"[1, 0, 0, 0, 0, 2, 0, 1, 0, 1, 0, 0, 1, 0, 2, 0, 0, 0, 0, 0, 0, 0, 0, 0, 2, 0, 0, 0, 0, 0, 0, 0, 1, 1, 0, 1, 1, 0, 2, 0, 0, 0, 1, 0, 0, 0, 0, 1, 0, 0, 2, 2, 2, 0, 0, 0, 0, 0, 0, 0, 0, 0, 2, 2, 3, 0, 2, 1, 2, 1, 4, 3, 6, 5, 3, 3, 2, 2, 4, 3, 386, 0, 0, 0, 0, 0, 0]",-1,-0.0010533999761520717,-1,0
2278,"[1, 0, 0, 0, 0, 2, 0, 1, 0, 1, 0, 0, 1, 0, 2, 0, 0, 0, 0, 0, 0, 0, 0, 0, 2, 0, 0, 0, 0, 0, 0, 0, 1, 1, 0, 1, 1, 0, 2, 0, 0, 0, 1, 0, 0, 0, 0, 1, 0, 0, 2, 2, 2, 0, 0, 0, 0, 0, 0, 0, 0, 0, 2, 2, 3, 0, 2, 1, 2, 1, 4, 3, 6, 5, 3, 3, 2, 2, 4, 3, 386, 0, 0, 0, 0, 0, 0]",0,0.24283626052278925,-1,0
2279,"[1, 0, 0, 0, 0, 2, 0, 1, 0, 1, 0, 0, 1, 0, 2, 0, 0, 0, 0, 0, 0, 0, 0, 0, 2, 0, 0, 0, 0, 0, 0, 0, 1, 1, 0, 1, 1, 0, 2, 0, 0, 0, 1, 0, 0, 0, 0, 1, 0, 0, 2, 2, 2, 0, 0, 0, 0, 0, 0, 0, 0, 0, 2, 2, 3, 0, 2, 1, 2, 1, 4, 3, 6, 5, 3, 3, 2, 2, 4, 3, 386, 0, 0, 0, 0, 0, 0]",-1,-0.0010533999761520717,-1,0
2280,"[1, 0, 0, 0, 2, 2, 0, 1, 0, 1, 0, 0, 1, 0, 2, 0, 0, 0, 0, 0, 0, 0, 0, 0, 2, 0, 0, 0, 0, 0, 0, 0, 1, 1, 0, 1, 1, 0, 2, 0, 0, 0, 1, 0, 0, 0, 0, 1, 0, 0, 2, 2, 2, 0, 0, 0, 0, 0, 0, 0, 0, 0, 2, 2, 3, 0, 2, 1, 2, 1, 4, 3, 6, 5, 3, 3, 2, 2, 4, 3, 387, 0, 0, 0, 0, 0, 0]",4,14.098961407711174,-1,0
2281,"[1, 0, 0, 0, 2, 2, 0, 1, 0, 1, 0, 0, 1, 0, 2, 0, 0, 0, 0, 0, 0, 0, 0, 0, 2, 0, 0, 0, 0, 0, 0, 0, 1, 1, 0, 1, 1, 0, 2, 0, 0, 0, 1, 0, 0, 0, 0, 1, 0, 0, 2, 2, 2, 0, 0, 0, 0, 0, 0, 0, 0, 0, 2, 2, 3, 0, 2, 1, 2, 1, 4, 3, 6, 5, 3, 3, 2, 2, 4, 3, 387, 1, 0, 0, 0, 0, 0]",3,0.20011278784173844,-1,1
2282,"[1, 0, 0, 0, 2, 2, 0, 1, 0, 1, 0, 0, 1, 0, 2, 0, 0, 0, 0, 0, 0, 0, 0, 0, 2, 0, 0, 0, 0, 0, 0, 0, 1, 1, 0, 1, 1, 0, 2, 0, 0, 0, 1, 0, 0, 0, 0, 1, 0, 0, 2, 2, 2, 0, 0, 0, 0, 0, 0, 0, 0, 0, 2, 2, 3, 0, 2, 1, 2, 1, 4, 3, 6, 5, 3, 3, 2, 2, 4, 3, 387, 0, 0, 0, 0, 0, 0]",-1,-0.001042918471260736,-1,1
2283,"[2, 0, 0, 0, 2, 2, 0, 1, 0, 1, 0, 0, 1, 0, 2, 0, 0, 0, 0, 0, 0, 0, 0, 0, 2, 0, 0, 0, 0, 0, 0, 0, 1, 1, 0, 1, 1, 0, 2, 0, 0, 0, 1, 0, 0, 0, 0, 1, 0, 0, 2, 2, 2, 0, 0, 0, 0, 0, 0, 0, 0, 0, 2, 2, 3, 0, 2, 1, 2, 1, 4, 3, 6, 5, 3, 3, 2, 2, 4, 3, 388, 0, 0, 0, 0, 0, 0]",4,11.474635708640712,-1,1
2284,"[2, 0, 0, 0, 2, 2, 0, 1, 0, 1, 0, 0, 1, 0, 2, 0, 0, 0, 0, 0, 0, 0, 0, 0, 2, 0, 0, 0, 0, 0, 0, 0, 1, 1, 0, 1, 1, 0, 2, 0, 0, 0, 1, 0, 0, 0, 0, 1, 0, 0, 2, 2, 2, 0, 0, 0, 0, 0, 0, 0, 0, 0, 2, 2, 3, 0, 2, 1, 2, 1, 4, 3, 6, 5, 3, 3, 2, 2, 4, 3, 388, 1, 0, 0, 0, 0, 0]",3,0.2001083677634755,-1,0
2285,"[0, 0, 0, 1, 2, 2, 0, 1, 0, 1, 0, 0, 1, 0, 2, 0, 0, 0, 0, 0, 0, 0, 0, 0, 2, 0, 0, 0, 0, 0, 0, 0, 1, 1, 0, 1, 1, 0, 2, 0, 0, 0, 1, 0, 0, 0, 0, 1, 0, 0, 2, 2, 2, 0, 0, 0, 0, 0, 0, 0, 0, 0, 2, 2, 3, 0, 2, 1, 2, 1, 4, 3, 6, 5, 3, 3, 2, 2, 4, 3, 388, 0, 0, 0, 0, 0, 0]","[[2 0 0 0]
 [0 0 0 1]]",-0.19843395032548347,-1,0
2286,"[0, 0, 0, 1, 2, 2, 0, 1, 0, 1, 0, 0, 1, 0, 2, 0, 0, 0, 0, 0, 0, 0, 0, 0, 2, 0, 0, 0, 0, 0, 0, 0, 1, 1, 0, 1, 1, 0, 2, 0, 0, 0, 1, 0, 0, 0, 0, 1, 0, 0, 2, 2, 2, 0, 0, 0, 0, 0, 0, 0, 0, 0, 2, 2, 3, 0, 2, 1, 2, 1, 4, 3, 6, 5, 3, 3, 2, 2, 4, 3, 388, 1, 0, 0, 0, 0, 0]",3,0.2001083677634755,-1,0
2287,"[0, 0, 0, 1, 2, 2, 0, 1, 0, 1, 0, 0, 1, 0, 2, 0, 0, 0, 0, 0, 0, 0, 0, 0, 2, 0, 0, 0, 0, 0, 0, 0, 1, 1, 0, 1, 1, 0, 2, 0, 0, 0, 1, 0, 0, 0, 0, 1, 0, 0, 2, 2, 2, 0, 0, 0, 0, 0, 0, 0, 0, 0, 2, 2, 3, 0, 2, 1, 2, 1, 4, 3, 6, 5, 3, 3, 2, 2, 4, 3, 388, 0, 0, 0, 0, 0, 0]",-1,-0.0010325412590856283,-1,0
2288,"[0, 0, 0, 1, 2, 2, 0, 1, 0, 1, 0, 0, 1, 0, 2, 0, 0, 0, 0, 0, 0, 0, 0, 0, 2, 0, 0, 0, 0, 0, 0, 0, 1, 1, 0, 1, 1, 0, 2, 0, 0, 0, 1, 0, 0, 0, 0, 1, 0, 0, 2, 2, 2, 0, 0, 0, 0, 0, 0, 0, 0, 0, 2, 2, 3, 0, 2, 1, 2, 1, 4, 3, 6, 5, 3, 3, 2, 2, 4, 3, 388, 1, 0, 0, 0, 0, 0]",3,0.2001083677634755,-1,0
2289,"[0, 0, 0, 1, 2, 2, 0, 1, 0, 1, 0, 0, 1, 0, 2, 0, 0, 0, 0, 0, 0, 0, 0, 0, 2, 0, 0, 0, 0, 0, 0, 0, 1, 1, 0, 1, 1, 0, 2, 0, 0, 0, 1, 0, 0, 0, 0, 1, 0, 0, 2, 2, 2, 0, 0, 0, 0, 0, 0, 0, 0, 0, 2, 2, 3, 0, 2, 1, 2, 1, 4, 3, 6, 5, 3, 3, 2, 2, 4, 3, 388, 0, 0, 0, 0, 0, 0]",-1,-0.0010325412590856283,-1,0
2290,"[0, 0, 0, 1, 2, 2, 0, 1, 0, 1, 0, 0, 1, 0, 2, 0, 0, 0, 0, 0, 0, 0, 0, 0, 2, 0, 0, 0, 0, 0, 0, 0, 1, 1, 0, 1, 1, 0, 2, 0, 0, 0, 1, 0, 0, 0, 0, 1, 0, 0, 2, 2, 2, 0, 0, 0, 0, 0, 0, 0, 0, 0, 2, 2, 3, 0, 2, 1, 2, 1, 4, 3, 6, 5, 3, 3, 2, 2, 4, 3, 388, 0, 1, 0, 0, 0, 0]",2,0.40010836776347547,-1,0
2291,"[0, 0, 0, 1, 2, 2, 0, 1, 0, 1, 0, 0, 1, 0, 2, 0, 0, 0, 0, 0, 0, 0, 0, 0, 2, 0, 0, 0, 0, 0, 0, 0, 1, 1, 0, 1, 1, 0, 2, 0, 0, 0, 1, 0, 0, 0, 0, 1, 0, 0, 2, 2, 2, 0, 0, 0, 0, 0, 0, 0, 0, 0, 2, 2, 3, 0, 2, 1, 2, 1, 4, 3, 6, 5, 3, 3, 2, 2, 4, 3, 388, 0, 1, 0, 0, 1, 0]","[[0 0 0 1]
 [1 0 0 0]]",0.6505332328215664,-1,0
2292,"[1, 0, 0, 0, 1, 2, 0, 2, 0, 1, 0, 0, 1, 0, 2, 0, 0, 0, 0, 0, 0, 0, 0, 0, 2, 0, 0, 0, 0, 0, 0, 0, 1, 1, 0, 1, 1, 0, 2, 0, 0, 0, 1, 0, 0, 0, 0, 1, 0, 0, 2, 2, 2, 0, 0, 0, 0, 0, 0, 0, 0, 0, 2, 2, 3, 0, 2, 1, 2, 1, 4, 3, 6, 5, 3, 3, 2, 2, 4, 3, 388, 0, 0, 0, 0, 0, 0]",0,-0.19989163223652454,-1,1
2293,"[1, 0, 0, 0, 1, 1, 0, 1, 0, 1, 0, 0, 1, 0, 2, 0, 0, 0, 0, 0, 0, 0, 0, 0, 2, 0, 0, 0, 0, 0, 0, 0, 1, 1, 0, 1, 1, 0, 2, 0, 0, 0, 1, 0, 0, 0, 0, 1, 0, 0, 2, 2, 2, 0, 0, 0, 0, 0, 0, 0, 0, 0, 2, 2, 3, 0, 2, 1, 2, 1, 4, 3, 6, 5, 3, 3, 2, 2, 4, 2, 389, 0, 0, 0, 0, 0, 0]",4,14.098911023250125,-1,0
2294,"[1, 0, 0, 0, 1, 1, 0, 1, 0, 1, 0, 0, 1, 0, 2, 0, 0, 0, 0, 0, 0, 0, 0, 0, 2, 0, 0, 0, 0, 0, 0, 0, 1, 1, 0, 1, 1, 0, 2, 0, 0, 0, 1, 0, 0, 0, 0, 1, 0, 0, 2, 2, 2, 0, 0, 0, 0, 0, 0, 0, 0, 0, 2, 2, 3, 0, 2, 1, 2, 1, 4, 3, 6, 5, 3, 3, 2, 2, 4, 2, 389, 1, 0, 0, 0, 0, 0]",3,0.2001041208148222,-1,1
2295,"[1, 0, 0, 0, 1, 1, 0, 1, 0, 1, 0, 0, 1, 0, 2, 0, 0, 0, 0, 0, 0, 0, 0, 0, 2, 0, 0, 0, 0, 0, 0, 0, 1, 1, 0, 1, 1, 0, 2, 0, 0, 0, 1, 0, 0, 0, 0, 1, 0, 0, 2, 2, 2, 0, 0, 0, 0, 0, 0, 0, 0, 0, 2, 2, 3, 0, 2, 1, 2, 1, 4, 3, 6, 5, 3, 3, 2, 2, 4, 2, 389, 0, 0, 0, 0, 0, 0]",-1,-0.0010222673018968826,-1,1
2296,"[1, 0, 0, 0, 1, 1, 0, 1, 0, 1, 0, 0, 1, 0, 2, 0, 0, 0, 0, 0, 0, 0, 0, 0, 2, 0, 0, 0, 0, 0, 0, 0, 1, 1, 0, 1, 1, 0, 2, 0, 0, 0, 1, 0, 0, 0, 0, 1, 0, 0, 2, 2, 2, 0, 0, 0, 0, 0, 0, 0, 0, 0, 2, 2, 3, 0, 2, 1, 2, 1, 4, 3, 6, 5, 3, 3, 2, 2, 4, 4, 390, 0, 0, 0, 0, 0, 0]",4,14.09888639474234,-1,0
2297,"[1, 0, 0, 0, 1, 1, 0, 1, 0, 1, 0, 0, 1, 0, 2, 0, 0, 0, 0, 0, 0, 0, 0, 0, 2, 0, 0, 0, 0, 0, 0, 0, 1, 1, 0, 1, 1, 0, 2, 0, 0, 0, 1, 0, 0, 0, 0, 1, 0, 0, 2, 2, 2, 0, 0, 0, 0, 0, 0, 0, 0, 0, 2, 2, 3, 0, 2, 1, 2, 1, 4, 3, 6, 5, 3, 3, 2, 2, 4, 0, 391, 0, 0, 0, 0, 0, 0]",4,11.735513594628138,-1,1
2298,"[1, 0, 0, 0, 1, 1, 0, 1, 0, 1, 0, 0, 1, 0, 2, 0, 0, 0, 0, 0, 0, 0, 0, 0, 2, 0, 0, 0, 0, 0, 0, 0, 1, 1, 0, 1, 1, 0, 2, 0, 0, 0, 1, 0, 0, 0, 0, 1, 0, 0, 2, 2, 2, 0, 0, 0, 0, 0, 0, 0, 0, 0, 2, 2, 3, 0, 2, 1, 2, 1, 4, 3, 6, 5, 3, 3, 2, 2, 4, 0, 391, 0, 1, 0, 0, 0, 0]",2,0.40009611947343404,-1,0
2299,"[1, 0, 0, 0, 1, 1, 0, 1, 0, 1, 0, 0, 1, 0, 2, 0, 0, 0, 0, 0, 0, 0, 0, 0, 2, 0, 0, 0, 0, 0, 0, 0, 1, 1, 0, 1, 1, 0, 2, 0, 0, 0, 1, 0, 0, 0, 0, 1, 0, 0, 2, 2, 2, 0, 0, 0, 0, 0, 0, 0, 0, 0, 2, 2, 3, 0, 2, 1, 2, 1, 4, 3, 6, 5, 3, 3, 2, 2, 4, 0, 391, 0, 1, 0, 0, 1, 0]","[[1 0 0 0]
 [0 1 0 0]]",0.650520984531525,-1,0
2300,"[1, 0, 0, 0, 1, 1, 0, 1, 0, 1, 0, 0, 1, 0, 2, 0, 0, 0, 0, 0, 0, 0, 0, 0, 2, 0, 0, 0, 0, 0, 0, 0, 1, 1, 0, 1, 1, 0, 2, 0, 0, 0, 1, 0, 0, 0, 0, 1, 0, 0, 2, 2, 2, 0, 0, 0, 0, 0, 0, 0, 0, 0, 2, 2, 3, 0, 2, 1, 2, 1, 4, 3, 6, 5, 3, 3, 2, 2, 4, 0, 391, 0, 0, 0, 0, 0, 0]",-1,-0.0010020250530842008,-1,1
2301,"[1, 0, 0, 0, 1, 1, 0, 2, 0, 1, 0, 0, 1, 0, 2, 0, 0, 0, 0, 0, 0, 0, 0, 0, 2, 0, 0, 0, 0, 0, 0, 0, 1, 1, 0, 1, 1, 0, 2, 0, 0, 0, 1, 0, 0, 0, 0, 1, 0, 0, 2, 2, 2, 0, 0, 0, 0, 0, 0, 0, 0, 0, 2, 2, 3, 0, 2, 1, 2, 1, 4, 3, 6, 5, 3, 3, 2, 2, 4, 0, 392, 0, 0, 0, 0, 0, 0]",4,14.098838222338603,-1,0
2302,"[2, 0, 0, 0, 1, 2, 0, 2, 0, 1, 0, 0, 1, 0, 2, 0, 0, 0, 0, 0, 0, 0, 0, 0, 2, 0, 0, 0, 0, 0, 0, 0, 1, 1, 0, 1, 1, 0, 2, 0, 0, 0, 1, 0, 0, 0, 0, 1, 0, 0, 2, 2, 2, 0, 0, 0, 0, 0, 0, 0, 0, 0, 2, 2, 3, 0, 2, 1, 2, 1, 4, 3, 6, 5, 3, 3, 2, 2, 4, 0, 393, 0, 0, 0, 0, 0, 0]",4,11.474514346144968,-1,1
2303,"[2, 0, 0, 0, 1, 2, 0, 2, 0, 1, 0, 0, 1, 0, 2, 0, 0, 0, 0, 0, 0, 0, 0, 0, 2, 0, 0, 0, 0, 0, 0, 0, 1, 1, 0, 1, 1, 0, 2, 0, 0, 0, 1, 0, 0, 0, 0, 1, 0, 0, 2, 2, 2, 0, 0, 0, 0, 0, 0, 0, 0, 0, 2, 2, 3, 0, 2, 1, 2, 1, 4, 3, 6, 5, 3, 3, 2, 2, 4, 0, 394, 0, 0, 0, 0, 0, 0]",4,13.776979587959229,-1,0
2304,"[2, 0, 0, 0, 1, 2, 0, 2, 0, 1, 0, 0, 1, 0, 2, 0, 0, 0, 0, 0, 0, 0, 0, 0, 2, 0, 0, 0, 0, 0, 0, 0, 1, 1, 0, 1, 1, 0, 2, 0, 0, 0, 1, 0, 0, 0, 0, 1, 0, 0, 2, 2, 2, 0, 0, 0, 0, 0, 0, 0, 0, 0, 2, 2, 3, 0, 2, 1, 2, 1, 4, 3, 6, 5, 3, 3, 2, 2, 4, 0, 394, 1, 0, 0, 0, 0, 0]",3,0.20008525495859902,-1,1
2305,"[2, 0, 0, 0, 1, 2, 0, 2, 0, 1, 0, 0, 1, 0, 2, 0, 0, 0, 0, 0, 0, 0, 0, 0, 2, 0, 0, 0, 0, 0, 0, 0, 1, 1, 0, 1, 1, 0, 2, 0, 0, 0, 1, 0, 0, 0, 0, 1, 0, 0, 2, 2, 2, 0, 0, 0, 0, 0, 0, 0, 0, 0, 2, 2, 3, 0, 2, 1, 2, 1, 4, 3, 6, 5, 3, 3, 2, 2, 4, 0, 394, 0, 0, 0, 0, 0, 0]",-1,-0.0009724107372692696,-1,1
2306,"[3, 0, 0, 0, 1, 3, 0, 2, 0, 1, 0, 0, 1, 0, 2, 0, 0, 0, 0, 0, 0, 0, 0, 0, 2, 0, 0, 0, 0, 0, 0, 0, 1, 1, 0, 1, 1, 0, 2, 0, 0, 0, 1, 0, 0, 0, 0, 1, 0, 0, 2, 2, 2, 0, 0, 0, 0, 0, 0, 0, 0, 0, 2, 2, 3, 0, 2, 1, 2, 1, 4, 3, 6, 5, 3, 3, 2, 2, 4, 0, 395, 0, 0, 0, 0, 0, 0]",4,11.344281203522048,-1,1
2307,"[3, 0, 0, 0, 1, 3, 0, 2, 0, 1, 0, 0, 1, 0, 2, 0, 0, 0, 0, 0, 0, 0, 0, 0, 2, 0, 0, 0, 0, 0, 0, 0, 1, 1, 0, 1, 1, 0, 2, 0, 0, 0, 1, 0, 0, 0, 0, 1, 0, 0, 2, 2, 2, 0, 0, 0, 0, 0, 0, 0, 0, 0, 2, 2, 3, 0, 2, 1, 2, 1, 4, 3, 6, 5, 3, 3, 2, 2, 4, 0, 395, 0, 1, 0, 0, 0, 0]",2,0.40008191343299715,-1,0
2308,"[3, 0, 0, 0, 1, 3, 0, 2, 0, 1, 0, 0, 1, 0, 2, 0, 0, 0, 0, 0, 0, 0, 0, 0, 2, 0, 0, 0, 0, 0, 0, 0, 1, 1, 0, 1, 1, 0, 2, 0, 0, 0, 1, 0, 0, 0, 0, 1, 0, 0, 2, 2, 2, 0, 0, 0, 0, 0, 0, 0, 0, 0, 2, 2, 3, 0, 2, 1, 2, 1, 4, 3, 6, 5, 3, 3, 2, 2, 4, 0, 395, 0, 1, 0, 0, 1, 0]","[[1 0 0 0]
 [0 0 0 1]]",0.6505067784910881,-1,0
2309,"[3, 0, 0, 0, 1, 3, 0, 2, 0, 1, 0, 0, 1, 0, 2, 0, 0, 0, 0, 0, 0, 0, 0, 0, 2, 0, 0, 0, 0, 0, 0, 0, 1, 1, 0, 1, 1, 0, 2, 0, 0, 0, 1, 0, 0, 0, 0, 1, 0, 0, 2, 2, 2, 0, 0, 0, 0, 0, 0, 0, 0, 0, 2, 2, 3, 0, 2, 1, 2, 1, 4, 3, 6, 5, 3, 3, 2, 2, 4, 0, 395, 0, 1, 0, 0, 0, 1]",2,-0.1999180865670028,-1,1
2310,"[3, 0, 0, 0, 1, 3, 0, 2, 0, 1, 0, 0, 1, 0, 2, 0, 0, 0, 0, 0, 0, 0, 0, 0, 2, 0, 0, 0, 0, 0, 0, 0, 1, 1, 0, 1, 1, 0, 2, 0, 0, 0, 1, 0, 0, 0, 0, 1, 0, 0, 2, 2, 2, 0, 0, 0, 0, 0, 0, 0, 0, 0, 2, 2, 3, 0, 2, 1, 2, 1, 4, 3, 6, 5, 3, 3, 2, 2, 4, 0, 395, 0, 0, 1, 0, 0, 0]","[[0 1 0 1]
 [2 0 0 0]]",-0.1999180865670028,-1,1
2311,"[3, 0, 0, 0, 1, 3, 0, 2, 0, 1, 0, 0, 1, 0, 2, 0, 0, 0, 0, 0, 0, 0, 0, 0, 2, 0, 0, 0, 0, 0, 0, 0, 1, 1, 0, 1, 1, 0, 2, 0, 0, 0, 1, 0, 0, 0, 0, 1, 0, 0, 2, 2, 2, 0, 0, 0, 0, 0, 0, 0, 0, 0, 2, 2, 3, 0, 2, 1, 2, 1, 4, 3, 6, 5, 3, 3, 2, 2, 4, 0, 395, 0, 0, 0, 0, 0, 0]",1,-6.7140009306727615,-1,0
2312,"[4, 0, 0, 0, 1, 4, 0, 2, 0, 1, 0, 0, 1, 0, 2, 0, 0, 0, 0, 0, 0, 0, 0, 0, 2, 0, 0, 0, 0, 0, 0, 0, 1, 1, 0, 1, 1, 0, 2, 0, 0, 0, 1, 0, 0, 0, 0, 1, 0, 0, 2, 2, 2, 0, 0, 0, 0, 0, 0, 0, 0, 0, 2, 2, 3, 0, 2, 1, 2, 1, 4, 3, 6, 5, 3, 3, 2, 2, 4, 0, 396, 0, 0, 0, 0, 0, 0]",4,13.529823549687675,-1,0
2313,"[5, 0, 0, 0, 1, 5, 0, 2, 0, 1, 0, 0, 1, 0, 2, 0, 0, 0, 0, 0, 0, 0, 0, 0, 2, 0, 0, 0, 0, 0, 0, 0, 1, 1, 0, 1, 1, 0, 2, 0, 0, 0, 1, 0, 0, 0, 0, 1, 0, 0, 2, 2, 2, 0, 0, 0, 0, 0, 0, 0, 0, 0, 2, 2, 3, 0, 2, 1, 2, 1, 4, 3, 6, 5, 3, 3, 2, 2, 4, 0, 397, 0, 0, 0, 0, 0, 0]",4,11.140033808245967,-1,1
2314,"[5, 0, 0, 0, 1, 5, 0, 3, 0, 1, 0, 0, 1, 0, 2, 0, 0, 0, 0, 0, 0, 0, 0, 0, 2, 0, 0, 0, 0, 0, 0, 0, 1, 1, 0, 1, 1, 0, 2, 0, 0, 0, 1, 0, 0, 0, 0, 1, 0, 0, 2, 2, 2, 0, 0, 0, 0, 0, 0, 0, 0, 0, 2, 2, 3, 0, 2, 1, 2, 1, 4, 3, 6, 5, 3, 3, 2, 2, 4, 0, 398, 0, 0, 0, 0, 0, 0]",4,13.479539203421073,-1,0
2315,"[5, 0, 0, 0, 1, 5, 0, 3, 0, 1, 0, 0, 1, 0, 2, 0, 0, 0, 0, 0, 0, 0, 0, 0, 2, 0, 0, 0, 0, 0, 0, 0, 1, 1, 0, 1, 1, 0, 2, 0, 0, 0, 1, 0, 0, 0, 0, 1, 0, 0, 2, 2, 2, 0, 0, 0, 0, 0, 0, 0, 0, 0, 2, 2, 3, 0, 2, 1, 2, 1, 4, 3, 6, 5, 3, 3, 2, 2, 4, 0, 398, 0, 0, 0, 0, 0, 0]",0,0.3422903225316819,-1,1
2316,"[5, 0, 0, 0, 1, 5, 0, 3, 0, 1, 0, 0, 1, 0, 2, 0, 0, 0, 0, 0, 0, 0, 0, 0, 2, 0, 0, 0, 0, 0, 0, 0, 1, 1, 0, 1, 1, 0, 2, 0, 0, 0, 1, 0, 0, 0, 0, 1, 0, 0, 2, 2, 2, 0, 0, 0, 0, 0, 0, 0, 0, 0, 2, 2, 3, 0, 2, 1, 2, 1, 4, 3, 6, 5, 3, 3, 2, 2, 4, 0, 398, 0, 0, 0, 0, 0, 0]",-1,-0.0009342819668866387,-1,1
2317,"[5, 0, 0, 0, 1, 5, 0, 3, 0, 1, 0, 0, 1, 0, 2, 0, 0, 0, 0, 0, 0, 0, 0, 0, 2, 0, 0, 0, 0, 0, 0, 0, 1, 1, 0, 1, 1, 0, 2, 0, 0, 0, 1, 0, 0, 0, 0, 1, 0, 0, 2, 2, 2, 0, 0, 0, 0, 0, 0, 0, 0, 0, 2, 2, 3, 0, 2, 1, 2, 1, 4, 3, 6, 5, 3, 3, 2, 2, 4, 0, 398, 0, 0, 0, 0, 0, 0]",1,0.6096967691622603,-1,0
2318,"[5, 0, 0, 0, 1, 5, 0, 3, 0, 1, 0, 0, 1, 0, 2, 0, 0, 0, 0, 0, 0, 0, 0, 0, 2, 0, 0, 0, 0, 0, 0, 0, 1, 1, 0, 1, 1, 0, 2, 0, 0, 0, 1, 0, 0, 0, 0, 1, 0, 0, 2, 2, 2, 0, 0, 0, 0, 0, 0, 0, 0, 0, 2, 2, 3, 0, 2, 1, 2, 1, 4, 3, 6, 5, 3, 3, 2, 2, 4, 0, 398, 0, 0, 0, 0, 0, 0]",-1,-0.0009342819668866387,-1,0
2319,"[5, 0, 0, 0, 1, 5, 0, 3, 0, 1, 0, 0, 1, 0, 2, 0, 0, 0, 0, 0, 0, 0, 0, 0, 2, 0, 0, 0, 0, 0, 0, 0, 1, 1, 0, 1, 1, 0, 2, 0, 0, 0, 1, 0, 0, 0, 0, 1, 0, 0, 2, 2, 2, 0, 0, 0, 0, 0, 0, 0, 0, 0, 2, 2, 3, 0, 2, 1, 2, 1, 4, 3, 6, 5, 3, 3, 2, 2, 4, 0, 398, 1, 0, 0, 0, 0, 0]",3,0.20007265406264363,-1,0
2320,"[3, 0, 0, 1, 1, 5, 0, 3, 0, 1, 0, 0, 1, 0, 2, 0, 0, 0, 0, 0, 0, 0, 0, 0, 2, 0, 0, 0, 0, 0, 0, 0, 1, 1, 0, 1, 1, 0, 2, 0, 0, 0, 1, 0, 0, 0, 0, 1, 0, 0, 2, 2, 2, 0, 0, 0, 0, 0, 0, 0, 0, 0, 2, 2, 3, 0, 2, 1, 2, 1, 4, 3, 6, 5, 3, 3, 2, 2, 4, 0, 398, 0, 0, 0, 0, 0, 0]","[[2 0 0 0]
 [0 0 0 1]]",-0.19846966402631533,-1,0
2321,"[3, 0, 0, 1, 1, 5, 0, 3, 0, 1, 0, 0, 1, 0, 2, 0, 0, 0, 0, 0, 0, 0, 0, 0, 2, 0, 0, 0, 0, 0, 0, 0, 1, 1, 0, 1, 1, 0, 2, 0, 0, 0, 1, 0, 0, 0, 0, 1, 0, 0, 2, 2, 2, 0, 0, 0, 0, 0, 0, 0, 0, 0, 2, 2, 3, 0, 2, 1, 2, 1, 4, 3, 6, 5, 3, 3, 2, 2, 4, 0, 398, 1, 0, 0, 0, 0, 0]",3,0.20007265406264363,-1,0
2322,"[1, 0, 0, 2, 1, 5, 0, 3, 0, 1, 0, 0, 1, 0, 2, 0, 0, 0, 0, 0, 0, 0, 0, 0, 2, 0, 0, 0, 0, 0, 0, 0, 1, 1, 0, 1, 1, 0, 2, 0, 0, 0, 1, 0, 0, 0, 0, 1, 0, 0, 2, 2, 2, 0, 0, 0, 0, 0, 0, 0, 0, 0, 2, 2, 3, 0, 2, 1, 2, 1, 4, 3, 6, 5, 3, 3, 2, 2, 4, 0, 398, 0, 0, 0, 0, 0, 0]","[[2 0 0 0]
 [0 0 0 1]]",-0.19846966402631533,-1,0
2323,"[1, 0, 0, 2, 1, 5, 0, 3, 0, 1, 0, 0, 1, 0, 2, 0, 0, 0, 0, 0, 0, 0, 0, 0, 2, 0, 0, 0, 0, 0, 0, 0, 1, 1, 0, 1, 1, 0, 2, 0, 0, 0, 1, 0, 0, 0, 0, 1, 0, 0, 2, 2, 2, 0, 0, 0, 0, 0, 0, 0, 0, 0, 2, 2, 3, 0, 2, 1, 2, 1, 4, 3, 6, 5, 3, 3, 2, 2, 4, 0, 398, 0, 1, 0, 0, 0, 0]",2,0.4000726540626436,-1,0
2324,"[1, 0, 0, 2, 1, 5, 0, 3, 0, 1, 0, 0, 1, 0, 2, 0, 0, 0, 0, 0, 0, 0, 0, 0, 2, 0, 0, 0, 0, 0, 0, 0, 1, 1, 0, 1, 1, 0, 2, 0, 0, 0, 1, 0, 0, 0, 0, 1, 0, 0, 2, 2, 2, 0, 0, 0, 0, 0, 0, 0, 0, 0, 2, 2, 3, 0, 2, 1, 2, 1, 4, 3, 6, 5, 3, 3, 2, 2, 4, 0, 398, 0, 1, 0, 0, 1, 0]","[[1 0 0 0]
 [0 1 0 0]]",0.6504975191207345,-1,0
2325,"[0, 1, 0, 2, 2, 4, 0, 3, 0, 1, 0, 0, 1, 0, 2, 0, 0, 0, 0, 0, 0, 0, 0, 0, 2, 0, 0, 0, 0, 0, 0, 0, 1, 1, 0, 1, 1, 0, 2, 0, 0, 0, 1, 0, 0, 0, 0, 1, 0, 0, 2, 2, 2, 0, 0, 0, 0, 0, 0, 0, 0, 0, 2, 2, 3, 0, 2, 1, 2, 1, 4, 3, 6, 5, 3, 3, 2, 2, 4, 0, 398, 0, 0, 0, 0, 0, 0]",0,-0.1999273459373564,-1,1
2326,"[0, 1, 0, 2, 2, 4, 0, 3, 0, 1, 0, 0, 1, 0, 2, 0, 0, 0, 0, 0, 0, 0, 0, 0, 2, 0, 0, 0, 0, 0, 0, 0, 1, 1, 0, 1, 1, 0, 2, 0, 0, 0, 1, 0, 0, 0, 0, 1, 0, 0, 2, 2, 2, 0, 0, 0, 0, 0, 0, 0, 0, 0, 2, 2, 3, 0, 2, 1, 2, 1, 4, 3, 6, 5, 3, 3, 2, 2, 4, 0, 398, 1, 0, 0, 0, 0, 0]",3,0.20007265406264363,-1,0
2327,"[0, 1, 0, 2, 2, 4, 0, 3, 0, 1, 0, 0, 1, 0, 2, 0, 0, 0, 0, 0, 0, 0, 0, 0, 2, 0, 0, 0, 0, 0, 0, 0, 1, 1, 0, 1, 1, 0, 2, 0, 0, 0, 1, 0, 0, 0, 0, 1, 0, 0, 2, 2, 2, 0, 0, 0, 0, 0, 0, 0, 0, 0, 2, 2, 3, 0, 2, 1, 2, 1, 4, 3, 6, 5, 3, 3, 2, 2, 4, 0, 398, 0, 0, 0, 0, 0, 0]",-1,-0.0009342819668866387,-1,0
2328,"[0, 1, 0, 2, 2, 4, 0, 3, 0, 1, 0, 0, 1, 0, 2, 0, 0, 0, 0, 0, 0, 0, 0, 0, 2, 0, 0, 0, 0, 0, 0, 0, 1, 1, 0, 1, 1, 0, 2, 0, 0, 0, 1, 0, 0, 0, 0, 1, 0, 0, 2, 2, 2, 0, 0, 0, 0, 0, 0, 0, 0, 0, 2, 2, 3, 0, 2, 1, 2, 1, 4, 3, 6, 5, 3, 3, 2, 2, 4, 0, 398, 0, 1, 0, 0, 0, 0]",2,0.4000726540626436,-1,0
2329,"[0, 1, 0, 2, 2, 4, 0, 3, 0, 1, 0, 0, 1, 0, 2, 0, 0, 0, 0, 0, 0, 0, 0, 0, 2, 0, 0, 0, 0, 0, 0, 0, 1, 1, 0, 1, 1, 0, 2, 0, 0, 0, 1, 0, 0, 0, 0, 1, 0, 0, 2, 2, 2, 0, 0, 0, 0, 0, 0, 0, 0, 0, 2, 2, 3, 0, 2, 1, 2, 1, 4, 3, 6, 5, 3, 3, 2, 2, 4, 0, 398, 0, 1, 0, 0, 1, 0]","[[0 0 0 1]
 [1 0 0 0]]",0.6504975191207345,-1,0
2330,"[1, 1, 0, 1, 1, 4, 0, 4, 0, 1, 0, 0, 1, 0, 2, 0, 0, 0, 0, 0, 0, 0, 0, 0, 2, 0, 0, 0, 0, 0, 0, 0, 1, 1, 0, 1, 1, 0, 2, 0, 0, 0, 1, 0, 0, 0, 0, 1, 0, 0, 2, 2, 2, 0, 0, 0, 0, 0, 0, 0, 0, 0, 2, 2, 3, 0, 2, 1, 2, 1, 4, 3, 6, 5, 3, 3, 2, 2, 4, 0, 398, 0, 0, 0, 0, 0, 0]",0,-0.1999273459373564,-1,1
2331,"[1, 1, 0, 1, 1, 4, 0, 4, 0, 1, 0, 0, 1, 0, 2, 0, 0, 0, 0, 0, 0, 0, 0, 0, 2, 0, 0, 0, 0, 0, 0, 0, 1, 1, 0, 1, 1, 0, 2, 0, 0, 0, 1, 0, 0, 0, 0, 1, 0, 0, 2, 2, 2, 0, 0, 0, 0, 0, 0, 0, 0, 0, 2, 2, 3, 0, 2, 1, 2, 1, 4, 3, 6, 5, 3, 3, 2, 2, 4, 0, 398, 0, 0, 0, 0, 0, 0]",0,0.2427915264862167,-1,0
2332,"[1, 1, 0, 1, 1, 4, 0, 4, 0, 1, 0, 0, 1, 0, 2, 0, 0, 0, 0, 0, 0, 0, 0, 0, 2, 0, 0, 0, 0, 0, 0, 0, 1, 1, 0, 1, 1, 0, 2, 0, 0, 0, 1, 0, 0, 0, 0, 1, 0, 0, 2, 2, 2, 0, 0, 0, 0, 0, 0, 0, 0, 0, 2, 2, 3, 0, 2, 1, 2, 1, 4, 3, 6, 5, 3, 3, 2, 2, 4, 0, 398, 0, 0, 0, 0, 0, 0]",-1,-0.0009342819668866387,-1,0
2333,"[1, 1, 0, 1, 1, 4, 0, 4, 0, 1, 0, 0, 1, 0, 2, 0, 0, 0, 0, 0, 0, 0, 0, 0, 2, 0, 0, 0, 0, 0, 0, 0, 1, 1, 0, 1, 1, 0, 2, 0, 0, 0, 1, 0, 0, 0, 0, 1, 0, 0, 2, 2, 2, 0, 0, 0, 0, 0, 0, 0, 0, 0, 2, 2, 3, 0, 2, 1, 2, 1, 4, 3, 6, 5, 3, 3, 2, 2, 4, 0, 398, 0, 0, 0, 0, 0, 0]",0,0.2427915264862167,-1,0
2334,"[1, 1, 0, 1, 1, 4, 0, 4, 0, 1, 0, 0, 1, 0, 2, 0, 0, 0, 0, 0, 0, 0, 0, 0, 2, 0, 0, 0, 0, 0, 0, 0, 1, 1, 0, 1, 1, 0, 2, 0, 0, 0, 1, 0, 0, 0, 0, 1, 0, 0, 2, 2, 2, 0, 0, 0, 0, 0, 0, 0, 0, 0, 2, 2, 3, 0, 2, 1, 2, 1, 4, 3, 6, 5, 3, 3, 2, 2, 4, 0, 398, 0, 0, 0, 0, 0, 0]",-1,-0.0009342819668866387,-1,0
2335,"[1, 1, 0, 1, 1, 4, 0, 4, 0, 1, 0, 0, 1, 0, 2, 0, 0, 0, 0, 0, 0, 0, 0, 0, 2, 0, 0, 0, 0, 0, 0, 0, 1, 1, 0, 1, 1, 0, 2, 0, 0, 0, 1, 0, 0, 0, 0, 1, 0, 0, 2, 2, 2, 0, 0, 0, 0, 0, 0, 0, 0, 0, 2, 2, 3, 0, 2, 1, 2, 1, 4, 3, 6, 5, 3, 3, 2, 2, 4, 0, 398, 0, 0, 0, 0, 0, 0]",0,0.2427915264862167,-1,0
2336,"[1, 1, 0, 1, 1, 4, 0, 4, 0, 1, 0, 0, 1, 0, 2, 0, 0, 0, 0, 0, 0, 0, 0, 0, 2, 0, 0, 0, 0, 0, 0, 0, 1, 1, 0, 1, 1, 0, 2, 0, 0, 0, 1, 0, 0, 0, 0, 1, 0, 0, 2, 2, 2, 0, 0, 0, 0, 0, 0, 0, 0, 0, 2, 2, 3, 0, 2, 1, 2, 1, 4, 3, 6, 5, 3, 3, 2, 2, 4, 0, 398, 0, 0, 0, 0, 0, 0]",-1,-0.0009342819668866387,-1,0
2337,"[1, 1, 0, 1, 1, 4, 0, 4, 0, 1, 0, 0, 1, 0, 2, 0, 0, 0, 0, 0, 0, 0, 0, 0, 2, 0, 0, 0, 0, 0, 0, 0, 1, 1, 0, 1, 1, 0, 2, 0, 0, 0, 1, 0, 0, 0, 0, 1, 0, 0, 2, 2, 2, 0, 0, 0, 0, 0, 0, 0, 0, 0, 2, 2, 3, 0, 2, 1, 2, 1, 4, 3, 6, 5, 3, 3, 2, 2, 4, 0, 398, 0, 0, 0, 0, 0, 0]",0,0.2427915264862167,-1,0
2338,"[1, 1, 0, 1, 1, 4, 0, 4, 0, 1, 0, 0, 1, 0, 2, 0, 0, 0, 0, 0, 0, 0, 0, 0, 2, 0, 0, 0, 0, 0, 0, 0, 1, 1, 0, 1, 1, 0, 2, 0, 0, 0, 1, 0, 0, 0, 0, 1, 0, 0, 2, 2, 2, 0, 0, 0, 0, 0, 0, 0, 0, 0, 2, 2, 3, 0, 2, 1, 2, 1, 4, 3, 6, 5, 3, 3, 2, 2, 4, 0, 398, 0, 0, 0, 0, 0, 0]",-1,-0.0009342819668866387,-1,0
2339,"[1, 1, 0, 1, 1, 4, 0, 4, 0, 1, 0, 0, 1, 0, 2, 0, 0, 0, 0, 0, 0, 0, 0, 0, 2, 0, 0, 0, 0, 0, 0, 0, 1, 1, 0, 1, 1, 0, 2, 0, 0, 0, 1, 0, 0, 0, 0, 1, 0, 0, 2, 2, 2, 0, 0, 0, 0, 0, 0, 0, 0, 0, 2, 2, 3, 0, 2, 1, 2, 1, 4, 3, 6, 5, 3, 3, 2, 2, 4, 0, 398, 0, 0, 0, 0, 0, 0]",0,0.2427915264862167,-1,0
2340,"[1, 1, 0, 1, 1, 4, 0, 4, 0, 1, 0, 0, 1, 0, 2, 0, 0, 0, 0, 0, 0, 0, 0, 0, 2, 0, 0, 0, 0, 0, 0, 0, 1, 1, 0, 1, 1, 0, 2, 0, 0, 0, 1, 0, 0, 0, 0, 1, 0, 0, 2, 2, 2, 0, 0, 0, 0, 0, 0, 0, 0, 0, 2, 2, 3, 0, 2, 1, 2, 1, 4, 3, 6, 5, 3, 3, 2, 2, 4, 0, 398, 0, 0, 0, 0, 0, 0]",-1,-0.0009342819668866387,-1,0
2341,"[1, 1, 0, 1, 1, 4, 0, 4, 0, 1, 0, 0, 1, 0, 2, 0, 0, 0, 0, 0, 0, 0, 0, 0, 2, 0, 0, 0, 0, 0, 0, 0, 1, 1, 0, 1, 1, 0, 2, 0, 0, 0, 1, 0, 0, 0, 0, 1, 0, 0, 2, 2, 2, 0, 0, 0, 0, 0, 0, 0, 0, 0, 2, 2, 3, 0, 2, 1, 2, 1, 4, 3, 6, 5, 3, 3, 2, 2, 4, 0, 398, 0, 0, 0, 0, 0, 0]",0,0.2427915264862167,-1,0
2342,"[1, 1, 0, 1, 1, 4, 0, 4, 0, 1, 0, 0, 1, 0, 2, 0, 0, 0, 0, 0, 0, 0, 0, 0, 2, 0, 0, 0, 0, 0, 0, 0, 1, 1, 0, 1, 1, 0, 2, 0, 0, 0, 1, 0, 0, 0, 0, 1, 0, 0, 2, 2, 2, 0, 0, 0, 0, 0, 0, 0, 0, 0, 2, 2, 3, 0, 2, 1, 2, 1, 4, 3, 6, 5, 3, 3, 2, 2, 4, 0, 398, 0, 0, 0, 0, 0, 0]",-1,-0.0009342819668866387,-1,0
2343,"[1, 1, 0, 1, 1, 4, 0, 4, 0, 1, 0, 0, 1, 0, 2, 0, 0, 0, 0, 0, 0, 0, 0, 0, 2, 0, 0, 0, 0, 0, 0, 0, 1, 1, 0, 1, 1, 0, 2, 0, 0, 0, 1, 0, 0, 0, 0, 1, 0, 0, 2, 2, 2, 0, 0, 0, 0, 0, 0, 0, 0, 0, 2, 2, 3, 0, 2, 1, 2, 1, 4, 3, 6, 5, 3, 3, 2, 2, 4, 0, 398, 0, 0, 0, 0, 0, 0]",0,0.2427915264862167,-1,0
2344,"[1, 1, 0, 1, 1, 4, 0, 4, 0, 1, 0, 0, 1, 0, 2, 0, 0, 0, 0, 0, 0, 0, 0, 0, 2, 0, 0, 0, 0, 0, 0, 0, 1, 1, 0, 1, 1, 0, 2, 0, 0, 0, 1, 0, 0, 0, 0, 1, 0, 0, 2, 2, 2, 0, 0, 0, 0, 0, 0, 0, 0, 0, 2, 2, 3, 0, 2, 1, 2, 1, 4, 3, 6, 5, 3, 3, 2, 2, 4, 0, 398, 0, 0, 0, 0, 0, 0]",-1,-0.0009342819668866387,-1,0
2345,"[1, 1, 0, 1, 1, 4, 0, 4, 0, 1, 0, 0, 1, 0, 2, 0, 0, 0, 0, 0, 0, 0, 0, 0, 2, 0, 0, 0, 0, 0, 0, 0, 1, 1, 0, 1, 1, 0, 2, 0, 0, 0, 1, 0, 0, 0, 0, 1, 0, 0, 2, 2, 2, 0, 0, 0, 0, 0, 0, 0, 0, 0, 2, 2, 3, 0, 2, 1, 2, 1, 4, 3, 6, 5, 3, 3, 2, 2, 4, 0, 398, 0, 0, 0, 0, 0, 0]",0,0.2427915264862167,-1,0
2346,"[1, 1, 0, 1, 1, 4, 0, 4, 0, 1, 0, 0, 1, 0, 2, 0, 0, 0, 0, 0, 0, 0, 0, 0, 2, 0, 0, 0, 0, 0, 0, 0, 1, 1, 0, 1, 1, 0, 2, 0, 0, 0, 1, 0, 0, 0, 0, 1, 0, 0, 2, 2, 2, 0, 0, 0, 0, 0, 0, 0, 0, 0, 2, 2, 3, 0, 2, 1, 2, 1, 4, 3, 6, 5, 3, 3, 2, 2, 4, 0, 398, 0, 0, 0, 0, 0, 0]",-1,-0.0009342819668866387,-1,0
2347,"[1, 1, 0, 1, 1, 4, 0, 4, 0, 1, 0, 0, 1, 0, 2, 0, 0, 0, 0, 0, 0, 0, 0, 0, 2, 0, 0, 0, 0, 0, 0, 0, 1, 1, 0, 1, 1, 0, 2, 0, 0, 0, 1, 0, 0, 0, 0, 1, 0, 0, 2, 2, 2, 0, 0, 0, 0, 0, 0, 0, 0, 0, 2, 2, 3, 0, 2, 1, 2, 1, 4, 3, 6, 5, 3, 3, 2, 2, 4, 0, 398, 1, 0, 0, 0, 0, 0]",3,0.20007265406264363,-1,0
2348,"[1, 1, 0, 1, 1, 4, 0, 4, 0, 1, 0, 0, 1, 0, 2, 0, 0, 0, 0, 0, 0, 0, 0, 0, 2, 0, 0, 0, 0, 0, 0, 0, 1, 1, 0, 1, 1, 0, 2, 0, 0, 0, 1, 0, 0, 0, 0, 1, 0, 0, 2, 2, 2, 0, 0, 0, 0, 0, 0, 0, 0, 0, 2, 2, 3, 0, 2, 1, 2, 1, 4, 3, 6, 5, 3, 3, 2, 2, 4, 0, 398, 0, 0, 0, 0, 0, 0]",-1,-0.0009342819668866387,-1,0
2349,"[1, 1, 0, 1, 1, 4, 0, 4, 0, 1, 0, 0, 1, 0, 2, 0, 0, 0, 0, 0, 0, 0, 0, 0, 2, 0, 0, 0, 0, 0, 0, 0, 1, 1, 0, 1, 1, 0, 2, 0, 0, 0, 1, 0, 0, 0, 0, 1, 0, 0, 2, 2, 2, 0, 0, 0, 0, 0, 0, 0, 0, 0, 2, 2, 3, 0, 2, 1, 2, 1, 4, 3, 6, 5, 3, 3, 2, 2, 4, 0, 398, 1, 0, 0, 0, 0, 0]",3,0.20007265406264363,-1,0
2350,"[1, 1, 0, 1, 1, 4, 0, 4, 0, 1, 0, 0, 1, 0, 2, 0, 0, 0, 0, 0, 0, 0, 0, 0, 2, 0, 0, 0, 0, 0, 0, 0, 1, 1, 0, 1, 1, 0, 2, 0, 0, 0, 1, 0, 0, 0, 0, 1, 0, 0, 2, 2, 2, 0, 0, 0, 0, 0, 0, 0, 0, 0, 2, 2, 3, 0, 2, 1, 2, 1, 4, 3, 6, 5, 3, 3, 2, 2, 4, 0, 398, 0, 0, 0, 0, 0, 0]",-1,-0.0009342819668866387,-1,0
2351,"[1, 1, 0, 1, 1, 4, 0, 5, 0, 1, 0, 0, 1, 0, 2, 0, 0, 0, 0, 0, 0, 0, 0, 0, 2, 0, 0, 0, 0, 0, 0, 0, 1, 1, 0, 1, 1, 0, 2, 0, 0, 0, 1, 0, 0, 0, 0, 1, 0, 0, 2, 2, 2, 0, 0, 0, 0, 0, 0, 0, 0, 0, 2, 2, 3, 0, 2, 1, 2, 1, 4, 3, 6, 5, 3, 3, 2, 2, 4, 0, 399, 0, 0, 0, 0, 0, 0]",4,14.53533165419432,-1,0
2352,"[1, 1, 0, 1, 1, 2, 0, 2, 0, 1, 0, 0, 1, 0, 2, 0, 0, 0, 0, 0, 0, 0, 0, 0, 2, 0, 0, 0, 0, 0, 0, 0, 1, 1, 0, 1, 1, 0, 2, 0, 0, 0, 1, 0, 0, 0, 0, 1, 0, 0, 2, 2, 2, 0, 0, 0, 0, 0, 0, 0, 0, 0, 2, 2, 3, 0, 2, 1, 2, 1, 4, 3, 6, 5, 3, 3, 2, 2, 4, 5, 400, 0, 0, 0, 0, 0, 0]",4,11.474358545372791,-1,1
2353,"[1, 1, 0, 1, 3, 2, 0, 2, 0, 1, 0, 0, 1, 0, 2, 0, 0, 0, 0, 0, 0, 0, 0, 0, 2, 0, 0, 0, 0, 0, 0, 0, 1, 1, 0, 1, 1, 0, 2, 0, 0, 0, 1, 0, 0, 0, 0, 1, 0, 0, 2, 2, 2, 0, 0, 0, 0, 0, 0, 0, 0, 0, 2, 2, 3, 0, 2, 1, 2, 1, 4, 3, 6, 5, 3, 3, 2, 2, 4, 5, 401, 0, 0, 0, 0, 0, 0]",4,14.535289288919104,-1,0
2354,"[1, 1, 0, 1, 3, 2, 0, 2, 0, 1, 0, 0, 1, 0, 2, 0, 0, 0, 0, 0, 0, 0, 0, 0, 2, 0, 0, 0, 0, 0, 0, 0, 1, 1, 0, 1, 1, 0, 2, 0, 0, 0, 1, 0, 0, 0, 0, 1, 0, 0, 2, 2, 2, 0, 0, 0, 0, 0, 0, 0, 0, 0, 2, 2, 3, 0, 2, 1, 2, 1, 4, 3, 6, 5, 3, 3, 2, 2, 4, 5, 401, 0, 0, 0, 0, 0, 0]",0,0.3422821094891445,-1,1
2355,"[1, 1, 0, 1, 3, 2, 0, 2, 0, 1, 0, 0, 1, 0, 2, 0, 0, 0, 0, 0, 0, 0, 0, 0, 2, 0, 0, 0, 0, 0, 0, 0, 1, 1, 0, 1, 1, 0, 2, 0, 0, 0, 1, 0, 0, 0, 0, 1, 0, 0, 2, 2, 2, 0, 0, 0, 0, 0, 0, 0, 0, 0, 2, 2, 3, 0, 2, 1, 2, 1, 4, 3, 6, 5, 3, 3, 2, 2, 4, 5, 401, 0, 0, 0, 0, 0, 0]",-1,-0.0009066697618400539,-1,1
2356,"[1, 1, 0, 1, 3, 2, 0, 3, 0, 1, 0, 0, 1, 0, 2, 0, 0, 0, 0, 0, 0, 0, 0, 0, 2, 0, 0, 0, 0, 0, 0, 0, 1, 1, 0, 1, 1, 0, 2, 0, 0, 0, 1, 0, 0, 0, 0, 1, 0, 0, 2, 2, 2, 0, 0, 0, 0, 0, 0, 0, 0, 0, 2, 2, 3, 0, 2, 1, 2, 1, 4, 3, 6, 5, 3, 3, 2, 2, 4, 5, 402, 0, 0, 0, 0, 0, 0]",4,11.413465362841311,-1,1
2357,"[1, 1, 0, 1, 3, 2, 0, 3, 0, 1, 0, 0, 1, 0, 2, 0, 0, 0, 0, 0, 0, 0, 0, 0, 2, 0, 0, 0, 0, 0, 0, 0, 1, 1, 0, 1, 1, 0, 2, 0, 0, 0, 1, 0, 0, 0, 0, 1, 0, 0, 2, 2, 2, 0, 0, 0, 0, 0, 0, 0, 0, 0, 2, 2, 3, 0, 2, 1, 2, 1, 4, 3, 6, 5, 3, 3, 2, 2, 4, 5, 402, 0, 1, 0, 0, 0, 0]",2,0.40006191503379107,-1,0
2358,"[1, 1, 0, 1, 3, 2, 0, 3, 0, 1, 0, 0, 1, 0, 2, 0, 0, 0, 0, 0, 0, 0, 0, 0, 2, 0, 0, 0, 0, 0, 0, 0, 1, 1, 0, 1, 1, 0, 2, 0, 0, 0, 1, 0, 0, 0, 0, 1, 0, 0, 2, 2, 2, 0, 0, 0, 0, 0, 0, 0, 0, 0, 2, 2, 3, 0, 2, 1, 2, 1, 4, 3, 6, 5, 3, 3, 2, 2, 4, 5, 402, 0, 0, 0, 0, 0, 0]",-1,-0.0008976482469751425,-1,0
2359,"[1, 1, 0, 1, 3, 2, 0, 3, 0, 1, 0, 0, 1, 0, 2, 0, 0, 0, 0, 0, 0, 0, 0, 0, 2, 0, 0, 0, 0, 0, 0, 0, 1, 1, 0, 1, 1, 0, 2, 0, 0, 0, 1, 0, 0, 0, 0, 1, 0, 0, 2, 2, 2, 0, 0, 0, 0, 0, 0, 0, 0, 0, 2, 2, 3, 0, 2, 1, 2, 1, 4, 3, 6, 5, 3, 3, 2, 2, 4, 5, 402, 1, 0, 0, 0, 0, 0]",3,0.20006191503379112,-1,0
2360,"[1, 1, 0, 1, 3, 2, 0, 3, 0, 1, 0, 0, 1, 0, 2, 0, 0, 0, 0, 0, 0, 0, 0, 0, 2, 0, 0, 0, 0, 0, 0, 0, 1, 1, 0, 1, 1, 0, 2, 0, 0, 0, 1, 0, 0, 0, 0, 1, 0, 0, 2, 2, 2, 0, 0, 0, 0, 0, 0, 0, 0, 0, 2, 2, 3, 0, 2, 1, 2, 1, 4, 3, 6, 5, 3, 3, 2, 2, 4, 5, 402, 0, 0, 0, 0, 0, 0]",-1,-0.0008976482469751425,-1,0
2361,"[1, 1, 0, 1, 3, 2, 0, 3, 0, 1, 0, 0, 1, 0, 2, 0, 0, 0, 0, 0, 0, 0, 0, 0, 2, 0, 0, 0, 0, 0, 0, 0, 1, 1, 0, 1, 1, 0, 2, 0, 0, 0, 1, 0, 0, 0, 0, 1, 0, 0, 2, 2, 2, 0, 0, 0, 0, 0, 0, 0, 0, 0, 2, 2, 3, 0, 2, 1, 2, 1, 4, 3, 6, 5, 3, 3, 2, 2, 4, 5, 402, 0, 1, 0, 0, 0, 0]",2,0.40006191503379107,-1,0
2362,"[1, 1, 0, 1, 3, 2, 0, 3, 0, 1, 0, 0, 1, 0, 2, 0, 0, 0, 0, 0, 0, 0, 0, 0, 2, 0, 0, 0, 0, 0, 0, 0, 1, 1, 0, 1, 1, 0, 2, 0, 0, 0, 1, 0, 0, 0, 0, 1, 0, 0, 2, 2, 2, 0, 0, 0, 0, 0, 0, 0, 0, 0, 2, 2, 3, 0, 2, 1, 2, 1, 4, 3, 6, 5, 3, 3, 2, 2, 4, 5, 402, 0, 0, 0, 0, 0, 0]",-1,-0.0008976482469751425,-1,0
2363,"[1, 1, 0, 1, 3, 2, 0, 3, 0, 1, 0, 0, 1, 0, 2, 0, 0, 0, 0, 0, 0, 0, 0, 0, 2, 0, 0, 0, 0, 0, 0, 0, 1, 1, 0, 1, 1, 0, 2, 0, 0, 0, 1, 0, 0, 0, 0, 1, 0, 0, 2, 2, 2, 0, 0, 0, 0, 0, 0, 0, 0, 0, 2, 2, 3, 0, 2, 1, 2, 1, 4, 3, 6, 5, 3, 3, 2, 2, 4, 5, 402, 1, 0, 0, 0, 0, 0]",3,0.20006191503379112,-1,0
2364,"[1, 1, 0, 1, 3, 2, 0, 3, 0, 1, 0, 0, 1, 0, 2, 0, 0, 0, 0, 0, 0, 0, 0, 0, 2, 0, 0, 0, 0, 0, 0, 0, 1, 1, 0, 1, 1, 0, 2, 0, 0, 0, 1, 0, 0, 0, 0, 1, 0, 0, 2, 2, 2, 0, 0, 0, 0, 0, 0, 0, 0, 0, 2, 2, 3, 0, 2, 1, 2, 1, 4, 3, 6, 5, 3, 3, 2, 2, 4, 5, 402, 0, 0, 0, 0, 0, 0]",-1,-0.0008976482469751425,-1,0
2365,"[1, 1, 0, 1, 3, 2, 0, 3, 0, 1, 0, 0, 1, 0, 2, 0, 0, 0, 0, 0, 0, 0, 0, 0, 2, 0, 0, 0, 0, 0, 0, 0, 1, 1, 0, 1, 1, 0, 2, 0, 0, 0, 1, 0, 0, 0, 0, 1, 0, 0, 2, 2, 2, 0, 0, 0, 0, 0, 0, 0, 0, 0, 2, 2, 3, 0, 2, 1, 2, 1, 4, 3, 6, 5, 3, 3, 2, 2, 4, 5, 402, 1, 0, 0, 0, 0, 0]",3,0.20006191503379112,-1,0
2366,"[1, 1, 0, 1, 3, 2, 0, 3, 0, 1, 0, 0, 1, 0, 2, 0, 0, 0, 0, 0, 0, 0, 0, 0, 2, 0, 0, 0, 0, 0, 0, 0, 1, 1, 0, 1, 1, 0, 2, 0, 0, 0, 1, 0, 0, 0, 0, 1, 0, 0, 2, 2, 2, 0, 0, 0, 0, 0, 0, 0, 0, 0, 2, 2, 3, 0, 2, 1, 2, 1, 4, 3, 6, 5, 3, 3, 2, 2, 4, 5, 402, 0, 0, 0, 0, 0, 0]",-1,-0.0008976482469751425,-1,0
2367,"[1, 1, 0, 1, 3, 2, 0, 4, 0, 1, 0, 0, 1, 0, 2, 0, 0, 0, 0, 0, 0, 0, 0, 0, 2, 0, 0, 0, 0, 0, 0, 0, 1, 1, 0, 1, 1, 0, 2, 0, 0, 0, 1, 0, 0, 0, 0, 1, 0, 0, 2, 2, 2, 0, 0, 0, 0, 0, 0, 0, 0, 0, 2, 2, 3, 0, 2, 1, 2, 1, 4, 3, 6, 5, 3, 3, 2, 2, 4, 5, 403, 0, 0, 0, 0, 0, 0]",4,14.53524806853677,-1,0
2368,"[1, 1, 0, 1, 3, 2, 0, 4, 0, 1, 0, 0, 1, 0, 2, 0, 0, 0, 0, 0, 0, 0, 0, 0, 2, 0, 0, 0, 0, 0, 0, 0, 1, 1, 0, 1, 1, 0, 2, 0, 0, 0, 1, 0, 0, 0, 0, 1, 0, 0, 2, 2, 2, 0, 0, 0, 0, 0, 0, 0, 0, 0, 2, 2, 3, 0, 2, 1, 2, 1, 4, 3, 6, 5, 3, 3, 2, 2, 4, 5, 403, 0, 0, 0, 0, 0, 0]",0,0.34227715650173196,-1,1
2369,"[1, 1, 0, 1, 3, 2, 0, 4, 0, 1, 0, 0, 1, 0, 2, 0, 0, 0, 0, 0, 0, 0, 0, 0, 2, 0, 0, 0, 0, 0, 0, 0, 1, 1, 0, 1, 1, 0, 2, 0, 0, 0, 1, 0, 0, 0, 0, 1, 0, 0, 2, 2, 2, 0, 0, 0, 0, 0, 0, 0, 0, 0, 2, 2, 3, 0, 2, 1, 2, 1, 4, 3, 6, 5, 3, 3, 2, 2, 4, 5, 403, 0, 0, 0, 0, 0, 0]",-1,-0.0008887164976829721,-1,1
2370,"[1, 1, 0, 1, 3, 2, 0, 4, 0, 1, 0, 0, 1, 0, 2, 0, 0, 0, 0, 0, 0, 0, 0, 0, 2, 0, 0, 0, 0, 0, 0, 0, 1, 1, 0, 1, 1, 0, 2, 0, 0, 0, 1, 0, 0, 0, 0, 1, 0, 0, 2, 2, 2, 0, 0, 0, 0, 0, 0, 0, 0, 0, 2, 2, 3, 0, 2, 1, 2, 1, 4, 3, 6, 5, 3, 3, 2, 2, 4, 5, 404, 0, 0, 0, 0, 0, 0]",4,11.332480701909954,-1,1
2371,"[1, 1, 0, 1, 1, 1, 0, 2, 0, 1, 0, 0, 1, 0, 2, 0, 0, 0, 0, 0, 0, 0, 0, 0, 2, 0, 0, 0, 0, 0, 0, 0, 1, 1, 0, 1, 1, 0, 2, 0, 0, 0, 1, 0, 0, 0, 0, 1, 0, 0, 2, 2, 2, 0, 0, 0, 0, 0, 0, 0, 0, 0, 2, 2, 3, 0, 2, 1, 2, 1, 4, 3, 6, 5, 3, 3, 2, 2, 4, 1, 405, 0, 0, 0, 0, 0, 0]",4,14.535207946882908,-1,0
2372,"[1, 1, 0, 1, 1, 1, 0, 2, 0, 1, 0, 0, 1, 0, 2, 0, 0, 0, 0, 0, 0, 0, 0, 0, 2, 0, 0, 0, 0, 0, 0, 0, 1, 1, 0, 1, 1, 0, 2, 0, 0, 0, 1, 0, 0, 0, 0, 1, 0, 0, 2, 2, 2, 0, 0, 0, 0, 0, 0, 0, 0, 0, 2, 2, 3, 0, 2, 1, 2, 1, 4, 3, 6, 5, 3, 3, 2, 2, 4, 1, 405, 0, 1, 0, 0, 0, 0]",2,0.40005491563122025,-1,1
2373,"[1, 1, 0, 1, 1, 1, 0, 2, 0, 1, 0, 0, 1, 0, 2, 0, 0, 0, 0, 0, 0, 0, 0, 0, 2, 0, 0, 0, 0, 0, 0, 0, 1, 1, 0, 1, 1, 0, 2, 0, 0, 0, 1, 0, 0, 0, 0, 1, 0, 0, 2, 2, 2, 0, 0, 0, 0, 0, 0, 0, 0, 0, 2, 2, 3, 0, 2, 1, 2, 1, 4, 3, 6, 5, 3, 3, 2, 2, 4, 1, 405, 0, 1, 0, 0, 1, 0]","[[0 0 0 1]
 [1 1 0 1]]",2.122545800354939,-1,1
2374,"[0, 0, 0, 1, 2, 2, 0, 2, 0, 1, 0, 0, 1, 0, 2, 0, 0, 0, 0, 0, 0, 0, 0, 0, 2, 0, 0, 0, 0, 0, 0, 0, 1, 1, 0, 1, 1, 0, 2, 0, 0, 0, 1, 0, 0, 0, 0, 1, 0, 0, 2, 2, 2, 0, 0, 0, 0, 0, 0, 0, 0, 0, 2, 2, 3, 0, 2, 1, 2, 1, 4, 3, 6, 5, 3, 3, 2, 2, 4, 1, 405, 0, 0, 0, 0, 0, 0]",0,-0.19994508436877972,-1,0
2375,"[0, 0, 0, 1, 2, 2, 0, 2, 0, 1, 0, 0, 1, 0, 2, 0, 0, 0, 0, 0, 0, 0, 0, 0, 2, 0, 0, 0, 0, 0, 0, 0, 1, 1, 0, 1, 1, 0, 2, 0, 0, 0, 1, 0, 0, 0, 0, 1, 0, 0, 2, 2, 2, 0, 0, 0, 0, 0, 0, 0, 0, 0, 2, 2, 3, 0, 2, 1, 2, 1, 4, 3, 6, 5, 3, 3, 2, 2, 4, 1, 405, 1, 0, 0, 0, 0, 0]",3,0.2000549156312203,-1,1
2376,"[0, 0, 0, 1, 2, 2, 0, 2, 0, 1, 0, 0, 1, 0, 2, 0, 0, 0, 0, 0, 0, 0, 0, 0, 2, 0, 0, 0, 0, 0, 0, 0, 1, 1, 0, 1, 1, 0, 2, 0, 0, 0, 1, 0, 0, 0, 0, 1, 0, 0, 2, 2, 2, 0, 0, 0, 0, 0, 0, 0, 0, 0, 2, 2, 3, 0, 2, 1, 2, 1, 4, 3, 6, 5, 3, 3, 2, 2, 4, 1, 405, 0, 0, 0, 0, 0, 0]",-1,-0.0008711187319746758,-1,1
2377,"[0, 0, 0, 1, 2, 2, 0, 3, 0, 1, 0, 0, 1, 0, 2, 0, 0, 0, 0, 0, 0, 0, 0, 0, 2, 0, 0, 0, 0, 0, 0, 0, 1, 1, 0, 1, 1, 0, 2, 0, 0, 0, 1, 0, 0, 0, 0, 1, 0, 0, 2, 2, 2, 0, 0, 0, 0, 0, 0, 0, 0, 0, 2, 2, 3, 0, 2, 1, 2, 1, 4, 3, 6, 5, 3, 3, 2, 2, 4, 1, 406, 0, 0, 0, 0, 0, 0]",4,11.445648332878358,-1,1
2378,"[0, 0, 0, 1, 2, 2, 0, 4, 0, 1, 0, 0, 1, 0, 2, 0, 0, 0, 0, 0, 0, 0, 0, 0, 2, 0, 0, 0, 0, 0, 0, 0, 1, 1, 0, 1, 1, 0, 2, 0, 0, 0, 1, 0, 0, 0, 0, 1, 0, 0, 2, 2, 2, 0, 0, 0, 0, 0, 0, 0, 0, 0, 2, 2, 3, 0, 2, 1, 2, 1, 4, 3, 6, 5, 3, 3, 2, 2, 4, 1, 407, 0, 0, 0, 0, 0, 0]",4,14.098517416415708,-1,0
2379,"[0, 0, 0, 1, 2, 2, 0, 4, 0, 1, 0, 0, 1, 0, 2, 0, 0, 0, 0, 0, 0, 0, 0, 0, 2, 0, 0, 0, 0, 0, 0, 0, 1, 1, 0, 1, 1, 0, 2, 0, 0, 0, 1, 0, 0, 0, 0, 1, 0, 0, 2, 2, 2, 0, 0, 0, 0, 0, 0, 0, 0, 0, 2, 2, 3, 0, 2, 1, 2, 1, 4, 3, 6, 5, 3, 3, 2, 2, 4, 1, 407, 0, 1, 0, 0, 0, 0]",2,0.40005069458704323,-1,1
2380,"[0, 0, 0, 1, 2, 2, 0, 4, 0, 1, 0, 0, 1, 0, 2, 0, 0, 0, 0, 0, 0, 0, 0, 0, 2, 0, 0, 0, 0, 0, 0, 0, 1, 1, 0, 1, 1, 0, 2, 0, 0, 0, 1, 0, 0, 0, 0, 1, 0, 0, 2, 2, 2, 0, 0, 0, 0, 0, 0, 0, 0, 0, 2, 2, 3, 0, 2, 1, 2, 1, 4, 3, 6, 5, 3, 3, 2, 2, 4, 1, 407, 0, 1, 0, 0, 1, 0]","[[1 1 0 1]
 [0 0 0 1]]",-0.17606498093238637,-1,1
2381,"[0, 0, 0, 1, 2, 2, 0, 4, 0, 1, 0, 0, 1, 0, 2, 0, 0, 0, 0, 0, 0, 0, 0, 0, 2, 0, 0, 0, 0, 0, 0, 0, 1, 1, 0, 1, 1, 0, 2, 0, 0, 0, 1, 0, 0, 0, 0, 1, 0, 0, 2, 2, 2, 0, 0, 0, 0, 0, 0, 0, 0, 0, 2, 2, 3, 0, 2, 1, 2, 1, 4, 3, 6, 5, 3, 3, 2, 2, 4, 1, 407, 0, 0, 0, 0, 0, 0]",1,-0.19994930541295672,-1,0
2382,"[0, 0, 0, 1, 2, 2, 0, 5, 0, 1, 0, 0, 1, 0, 2, 0, 0, 0, 0, 0, 0, 0, 0, 0, 2, 0, 0, 0, 0, 0, 0, 0, 1, 1, 0, 1, 1, 0, 2, 0, 0, 0, 1, 0, 0, 0, 0, 1, 0, 0, 2, 2, 2, 0, 0, 0, 0, 0, 0, 0, 0, 0, 2, 2, 3, 0, 2, 1, 2, 1, 4, 3, 6, 5, 3, 3, 2, 2, 4, 1, 408, 0, 0, 0, 0, 0, 0]",4,11.234563115707529,-1,1
2383,"[0, 0, 0, 1, 2, 2, 0, 5, 0, 1, 0, 0, 1, 0, 2, 0, 0, 0, 0, 0, 0, 0, 0, 0, 2, 0, 0, 0, 0, 0, 0, 0, 1, 1, 0, 1, 1, 0, 2, 0, 0, 0, 1, 0, 0, 0, 0, 1, 0, 0, 2, 2, 2, 0, 0, 0, 0, 0, 0, 0, 0, 0, 2, 2, 3, 0, 2, 1, 2, 1, 4, 3, 6, 5, 3, 3, 2, 2, 4, 1, 408, 1, 0, 0, 0, 0, 0]",3,0.20004870730794633,-1,0
2384,"[0, 0, 0, 1, 2, 2, 0, 5, 0, 1, 0, 0, 1, 0, 2, 0, 0, 0, 0, 0, 0, 0, 0, 0, 2, 0, 0, 0, 0, 0, 0, 0, 1, 1, 0, 1, 1, 0, 2, 0, 0, 0, 1, 0, 0, 0, 0, 1, 0, 0, 2, 2, 2, 0, 0, 0, 0, 0, 0, 0, 0, 0, 2, 2, 3, 0, 2, 1, 2, 1, 4, 3, 6, 5, 3, 3, 2, 2, 4, 1, 408, 0, 0, 0, 0, 0, 0]",-1,-0.000845373282635264,-1,0
2385,"[0, 0, 0, 1, 2, 2, 0, 5, 0, 1, 0, 0, 1, 0, 2, 0, 0, 0, 0, 0, 0, 0, 0, 0, 2, 0, 0, 0, 0, 0, 0, 0, 1, 1, 0, 1, 1, 0, 2, 0, 0, 0, 1, 0, 0, 0, 0, 1, 0, 0, 2, 2, 2, 0, 0, 0, 0, 0, 0, 0, 0, 0, 2, 2, 3, 0, 2, 1, 2, 1, 4, 3, 6, 5, 3, 3, 2, 2, 4, 1, 408, 0, 0, 0, 0, 0, 0]",0,0.3422663757769846,-1,1
2386,"[0, 0, 0, 1, 2, 2, 0, 5, 0, 1, 0, 0, 1, 0, 2, 0, 0, 0, 0, 0, 0, 0, 0, 0, 2, 0, 0, 0, 0, 0, 0, 0, 1, 1, 0, 1, 1, 0, 2, 0, 0, 0, 1, 0, 0, 0, 0, 1, 0, 0, 2, 2, 2, 0, 0, 0, 0, 0, 0, 0, 0, 0, 2, 2, 3, 0, 2, 1, 2, 1, 4, 3, 6, 5, 3, 3, 2, 2, 4, 1, 408, 0, 0, 0, 0, 0, 0]",-1,-0.000845373282635264,-1,1
2387,"[0, 0, 0, 1, 2, 2, 0, 5, 0, 1, 0, 0, 1, 0, 2, 0, 0, 0, 0, 0, 0, 0, 0, 0, 2, 0, 0, 0, 0, 0, 0, 0, 1, 1, 0, 1, 1, 0, 2, 0, 0, 0, 1, 0, 0, 0, 0, 1, 0, 0, 2, 2, 2, 0, 0, 0, 0, 0, 0, 0, 0, 0, 2, 2, 3, 0, 2, 1, 2, 1, 4, 3, 6, 5, 3, 3, 2, 2, 4, 1, 409, 0, 0, 0, 0, 0, 0]",4,11.234544214028071,-1,1
2388,"[0, 0, 0, 1, 4, 2, 0, 5, 0, 1, 0, 0, 1, 0, 2, 0, 0, 0, 0, 0, 0, 0, 0, 0, 2, 0, 0, 0, 0, 0, 0, 0, 1, 1, 0, 1, 1, 0, 2, 0, 0, 0, 1, 0, 0, 0, 0, 1, 0, 0, 2, 2, 2, 0, 0, 0, 0, 0, 0, 0, 0, 0, 2, 2, 3, 0, 2, 1, 2, 1, 4, 3, 6, 5, 3, 3, 2, 2, 4, 1, 410, 0, 0, 0, 0, 0, 0]",4,14.098460706627035,-1,0
2389,"[0, 0, 0, 1, 4, 2, 0, 5, 0, 1, 0, 0, 1, 0, 2, 0, 0, 0, 0, 0, 0, 0, 0, 0, 2, 0, 0, 0, 0, 0, 0, 0, 1, 1, 0, 1, 1, 0, 2, 0, 0, 0, 1, 0, 0, 0, 0, 1, 0, 0, 2, 2, 2, 0, 0, 0, 0, 0, 0, 0, 0, 0, 2, 2, 3, 0, 2, 1, 2, 1, 4, 3, 6, 5, 3, 3, 2, 2, 4, 1, 410, 0, 1, 0, 0, 0, 0]",2,0.4000449633540466,-1,1
2390,"[0, 0, 0, 1, 4, 2, 0, 5, 0, 1, 0, 0, 1, 0, 2, 0, 0, 0, 0, 0, 0, 0, 0, 0, 2, 0, 0, 0, 0, 0, 0, 0, 1, 1, 0, 1, 1, 0, 2, 0, 0, 0, 1, 0, 0, 0, 0, 1, 0, 0, 2, 2, 2, 0, 0, 0, 0, 0, 0, 0, 0, 0, 2, 2, 3, 0, 2, 1, 2, 1, 4, 3, 6, 5, 3, 3, 2, 2, 4, 1, 410, 0, 1, 0, 0, 1, 0]","[[1 1 0 1]
 [0 0 0 1]]",-0.176070712165383,-1,1
2391,"[0, 0, 0, 1, 4, 2, 0, 5, 0, 1, 0, 0, 1, 0, 2, 0, 0, 0, 0, 0, 0, 0, 0, 0, 2, 0, 0, 0, 0, 0, 0, 0, 1, 1, 0, 1, 1, 0, 2, 0, 0, 0, 1, 0, 0, 0, 0, 1, 0, 0, 2, 2, 2, 0, 0, 0, 0, 0, 0, 0, 0, 0, 2, 2, 3, 0, 2, 1, 2, 1, 4, 3, 6, 5, 3, 3, 2, 2, 4, 1, 410, 0, 0, 0, 0, 0, 0]",1,-0.19995503664595335,-1,0
2392,"[0, 0, 0, 1, 2, 1, 0, 2, 0, 1, 0, 0, 1, 0, 2, 0, 0, 0, 0, 0, 0, 0, 0, 0, 2, 0, 0, 0, 0, 0, 0, 0, 1, 1, 0, 1, 1, 0, 2, 0, 0, 0, 1, 0, 0, 0, 0, 1, 0, 0, 2, 2, 2, 0, 0, 0, 0, 0, 0, 0, 0, 0, 2, 2, 3, 0, 2, 1, 2, 1, 4, 3, 6, 5, 3, 3, 2, 2, 4, 4, 411, 0, 0, 0, 0, 0, 0]",4,11.47414197217143,-1,1
2393,"[0, 0, 0, 1, 2, 1, 0, 2, 0, 1, 0, 0, 1, 0, 2, 0, 0, 0, 0, 0, 0, 0, 0, 0, 2, 0, 0, 0, 0, 0, 0, 0, 1, 1, 0, 1, 1, 0, 2, 0, 0, 0, 1, 0, 0, 0, 0, 1, 0, 0, 2, 2, 2, 0, 0, 0, 0, 0, 0, 0, 0, 0, 2, 2, 3, 0, 2, 1, 2, 1, 4, 3, 6, 5, 3, 3, 2, 2, 4, 4, 411, 0, 1, 0, 0, 0, 0]",2,0.4000432006965393,-1,0
2394,"[0, 0, 0, 1, 2, 1, 0, 2, 0, 1, 0, 0, 1, 0, 2, 0, 0, 0, 0, 0, 0, 0, 0, 0, 2, 0, 0, 0, 0, 0, 0, 0, 1, 1, 0, 1, 1, 0, 2, 0, 0, 0, 1, 0, 0, 0, 0, 1, 0, 0, 2, 2, 2, 0, 0, 0, 0, 0, 0, 0, 0, 0, 2, 2, 3, 0, 2, 1, 2, 1, 4, 3, 6, 5, 3, 3, 2, 2, 4, 4, 411, 0, 1, 0, 0, 1, 0]","[[0 0 0 1]
 [0 1 0 0]]",0.6504680657546302,-1,0
2395,"[0, 0, 0, 1, 2, 1, 0, 2, 0, 1, 0, 0, 1, 0, 2, 0, 0, 0, 0, 0, 0, 0, 0, 0, 2, 0, 0, 0, 0, 0, 0, 0, 1, 1, 0, 1, 1, 0, 2, 0, 0, 0, 1, 0, 0, 0, 0, 1, 0, 0, 2, 2, 2, 0, 0, 0, 0, 0, 0, 0, 0, 0, 2, 2, 3, 0, 2, 1, 2, 1, 4, 3, 6, 5, 3, 3, 2, 2, 4, 4, 411, 0, 1, 0, 0, 0, 1]",2,-0.1999567993034607,-1,1
2396,"[0, 0, 0, 1, 2, 1, 0, 2, 0, 1, 0, 0, 1, 0, 2, 0, 0, 0, 0, 0, 0, 0, 0, 0, 2, 0, 0, 0, 0, 0, 0, 0, 1, 1, 0, 1, 1, 0, 2, 0, 0, 0, 1, 0, 0, 0, 0, 1, 0, 0, 2, 2, 2, 0, 0, 0, 0, 0, 0, 0, 0, 0, 2, 2, 3, 0, 2, 1, 2, 1, 4, 3, 6, 5, 3, 3, 2, 2, 4, 4, 411, 0, 0, 0, 0, 0, 0]",-1,-0.0008203887263146323,-1,1
2397,"[0, 0, 0, 1, 2, 1, 0, 2, 0, 1, 0, 0, 1, 0, 2, 0, 0, 0, 0, 0, 0, 0, 0, 0, 2, 0, 0, 0, 0, 0, 0, 0, 1, 1, 0, 1, 1, 0, 2, 0, 0, 0, 1, 0, 0, 0, 0, 1, 0, 0, 2, 2, 2, 0, 0, 0, 0, 0, 0, 0, 0, 0, 2, 2, 3, 0, 2, 1, 2, 1, 4, 3, 6, 5, 3, 3, 2, 2, 4, 4, 411, 0, 1, 0, 0, 0, 0]",2,0.4000432006965393,-1,0
2398,"[0, 0, 0, 1, 2, 1, 0, 2, 0, 1, 0, 0, 1, 0, 2, 0, 0, 0, 0, 0, 0, 0, 0, 0, 2, 0, 0, 0, 0, 0, 0, 0, 1, 1, 0, 1, 1, 0, 2, 0, 0, 0, 1, 0, 0, 0, 0, 1, 0, 0, 2, 2, 2, 0, 0, 0, 0, 0, 0, 0, 0, 0, 2, 2, 3, 0, 2, 1, 2, 1, 4, 3, 6, 5, 3, 3, 2, 2, 4, 4, 411, 0, 1, 0, 0, 1, 0]","[[0 0 0 1]
 [0 1 0 0]]",0.6504680657546302,-1,0
2399,"[0, 0, 0, 1, 2, 1, 0, 2, 0, 1, 0, 0, 1, 0, 2, 0, 0, 0, 0, 0, 0, 0, 0, 0, 2, 0, 0, 0, 0, 0, 0, 0, 1, 1, 0, 1, 1, 0, 2, 0, 0, 0, 1, 0, 0, 0, 0, 1, 0, 0, 2, 2, 2, 0, 0, 0, 0, 0, 0, 0, 0, 0, 2, 2, 3, 0, 2, 1, 2, 1, 4, 3, 6, 5, 3, 3, 2, 2, 4, 4, 411, 0, 1, 0, 0, 0, 1]",2,-0.1999567993034607,-1,1
2400,"[0, 0, 0, 1, 2, 1, 0, 2, 0, 1, 0, 0, 1, 0, 2, 0, 0, 0, 0, 0, 0, 0, 0, 0, 2, 0, 0, 0, 0, 0, 0, 0, 1, 1, 0, 1, 1, 0, 2, 0, 0, 0, 1, 0, 0, 0, 0, 1, 0, 0, 2, 2, 2, 0, 0, 0, 0, 0, 0, 0, 0, 0, 2, 2, 3, 0, 2, 1, 2, 1, 4, 3, 6, 5, 3, 3, 2, 2, 4, 4, 411, 0, 0, 1, 0, 0, 0]","[[1 0 0 1]
 [0 0 0 1]]",-0.1999567993034607,-1,1
2401,"[1, 0, 0, 1, 1, 1, 0, 2, 0, 1, 0, 0, 1, 0, 2, 0, 0, 0, 0, 0, 0, 0, 0, 0, 2, 0, 0, 0, 0, 0, 0, 0, 1, 1, 0, 1, 1, 0, 2, 0, 0, 0, 1, 0, 0, 0, 0, 1, 0, 0, 2, 2, 2, 0, 0, 0, 0, 0, 0, 0, 0, 0, 2, 2, 3, 0, 2, 1, 2, 1, 4, 3, 6, 5, 3, 3, 2, 2, 4, 4, 411, 0, 0, 0, 0, 0, 0]",0,-0.1999567993034607,-1,0
2402,"[1, 1, 0, 1, 1, 2, 0, 2, 0, 1, 0, 0, 1, 0, 2, 0, 0, 0, 0, 0, 0, 0, 0, 0, 2, 0, 0, 0, 0, 0, 0, 0, 1, 1, 0, 1, 1, 0, 2, 0, 0, 0, 1, 0, 0, 0, 0, 1, 0, 0, 2, 2, 2, 0, 0, 0, 0, 0, 0, 0, 0, 0, 2, 2, 3, 0, 2, 1, 2, 1, 4, 3, 6, 5, 3, 3, 2, 2, 4, 4, 412, 0, 0, 0, 0, 0, 0]",4,14.535075568587303,-1,0
2403,"[1, 1, 0, 1, 1, 2, 0, 2, 0, 1, 0, 0, 1, 0, 2, 0, 0, 0, 0, 0, 0, 0, 0, 0, 2, 0, 0, 0, 0, 0, 0, 0, 1, 1, 0, 1, 1, 0, 2, 0, 0, 0, 1, 0, 0, 0, 0, 1, 0, 0, 2, 2, 2, 0, 0, 0, 0, 0, 0, 0, 0, 0, 2, 2, 3, 0, 2, 1, 2, 1, 4, 3, 6, 5, 3, 3, 2, 2, 4, 4, 412, 1, 0, 0, 0, 0, 0]",3,0.20004150712454852,-1,1
2404,"[1, 1, 0, 1, 1, 2, 0, 2, 0, 1, 0, 0, 1, 0, 2, 0, 0, 0, 0, 0, 0, 0, 0, 0, 2, 0, 0, 0, 0, 0, 0, 0, 1, 1, 0, 1, 1, 0, 2, 0, 0, 0, 1, 0, 0, 0, 0, 1, 0, 0, 2, 2, 2, 0, 0, 0, 0, 0, 0, 0, 0, 0, 2, 2, 3, 0, 2, 1, 2, 1, 4, 3, 6, 5, 3, 3, 2, 2, 4, 4, 412, 0, 0, 0, 0, 0, 0]",-1,-0.0008122257220974935,-1,1
2405,"[1, 1, 0, 1, 1, 2, 0, 2, 0, 1, 0, 0, 1, 0, 2, 0, 0, 0, 0, 0, 0, 0, 0, 0, 2, 0, 0, 0, 0, 0, 0, 0, 1, 1, 0, 1, 1, 0, 2, 0, 0, 0, 1, 0, 0, 0, 0, 1, 0, 0, 2, 2, 2, 0, 0, 0, 0, 0, 0, 0, 0, 0, 2, 2, 3, 0, 2, 1, 2, 1, 4, 3, 6, 5, 3, 3, 2, 2, 4, 4, 412, 0, 0, 0, 0, 0, 0]",0,0.2427603795481216,-1,0
2406,"[1, 1, 0, 1, 1, 2, 0, 2, 0, 1, 0, 0, 1, 0, 2, 0, 0, 0, 0, 0, 0, 0, 0, 0, 2, 0, 0, 0, 0, 0, 0, 0, 1, 1, 0, 1, 1, 0, 2, 0, 0, 0, 1, 0, 0, 0, 0, 1, 0, 0, 2, 2, 2, 0, 0, 0, 0, 0, 0, 0, 0, 0, 2, 2, 3, 0, 2, 1, 2, 1, 4, 3, 6, 5, 3, 3, 2, 2, 4, 4, 412, 0, 0, 0, 0, 0, 0]",-1,-0.0008122257220974935,-1,0
2407,"[1, 1, 0, 1, 1, 2, 0, 2, 0, 1, 0, 0, 1, 0, 2, 0, 0, 0, 0, 0, 0, 0, 0, 0, 2, 0, 0, 0, 0, 0, 0, 0, 1, 1, 0, 1, 1, 0, 2, 0, 0, 0, 1, 0, 0, 0, 0, 1, 0, 0, 2, 2, 2, 0, 0, 0, 0, 0, 0, 0, 0, 0, 2, 2, 3, 0, 2, 1, 2, 1, 4, 3, 6, 5, 3, 3, 2, 2, 4, 4, 412, 0, 0, 0, 0, 0, 0]",0,0.2427603795481216,-1,0
2408,"[1, 1, 0, 1, 1, 2, 0, 2, 0, 1, 0, 0, 1, 0, 2, 0, 0, 0, 0, 0, 0, 0, 0, 0, 2, 0, 0, 0, 0, 0, 0, 0, 1, 1, 0, 1, 1, 0, 2, 0, 0, 0, 1, 0, 0, 0, 0, 1, 0, 0, 2, 2, 2, 0, 0, 0, 0, 0, 0, 0, 0, 0, 2, 2, 3, 0, 2, 1, 2, 1, 4, 3, 6, 5, 3, 3, 2, 2, 4, 4, 412, 0, 0, 0, 0, 0, 0]",-1,-0.0008122257220974935,-1,0
2409,"[1, 1, 0, 1, 1, 2, 0, 2, 0, 1, 0, 0, 1, 0, 2, 0, 0, 0, 0, 0, 0, 0, 0, 0, 2, 0, 0, 0, 0, 0, 0, 0, 1, 1, 0, 1, 1, 0, 2, 0, 0, 0, 1, 0, 0, 0, 0, 1, 0, 0, 2, 2, 2, 0, 0, 0, 0, 0, 0, 0, 0, 0, 2, 2, 3, 0, 2, 1, 2, 1, 4, 3, 6, 5, 3, 3, 2, 2, 4, 4, 412, 0, 0, 0, 0, 0, 0]",0,0.2427603795481216,-1,0
2410,"[1, 1, 0, 1, 1, 2, 0, 2, 0, 1, 0, 0, 1, 0, 2, 0, 0, 0, 0, 0, 0, 0, 0, 0, 2, 0, 0, 0, 0, 0, 0, 0, 1, 1, 0, 1, 1, 0, 2, 0, 0, 0, 1, 0, 0, 0, 0, 1, 0, 0, 2, 2, 2, 0, 0, 0, 0, 0, 0, 0, 0, 0, 2, 2, 3, 0, 2, 1, 2, 1, 4, 3, 6, 5, 3, 3, 2, 2, 4, 4, 412, 0, 0, 0, 0, 0, 0]",-1,-0.0008122257220974935,-1,0
2411,"[1, 1, 0, 1, 1, 2, 0, 2, 0, 1, 0, 0, 1, 0, 2, 0, 0, 0, 0, 0, 0, 0, 0, 0, 2, 0, 0, 0, 0, 0, 0, 0, 1, 1, 0, 1, 1, 0, 2, 0, 0, 0, 1, 0, 0, 0, 0, 1, 0, 0, 2, 2, 2, 0, 0, 0, 0, 0, 0, 0, 0, 0, 2, 2, 3, 0, 2, 1, 2, 1, 4, 3, 6, 5, 3, 3, 2, 2, 4, 4, 412, 0, 0, 0, 0, 0, 0]",0,0.2427603795481216,-1,0
2412,"[1, 1, 0, 1, 1, 2, 0, 2, 0, 1, 0, 0, 1, 0, 2, 0, 0, 0, 0, 0, 0, 0, 0, 0, 2, 0, 0, 0, 0, 0, 0, 0, 1, 1, 0, 1, 1, 0, 2, 0, 0, 0, 1, 0, 0, 0, 0, 1, 0, 0, 2, 2, 2, 0, 0, 0, 0, 0, 0, 0, 0, 0, 2, 2, 3, 0, 2, 1, 2, 1, 4, 3, 6, 5, 3, 3, 2, 2, 4, 4, 412, 0, 0, 0, 0, 0, 0]",-1,-0.0008122257220974935,-1,0
2413,"[1, 1, 0, 1, 1, 2, 0, 2, 0, 1, 0, 0, 1, 0, 2, 0, 0, 0, 0, 0, 0, 0, 0, 0, 2, 0, 0, 0, 0, 0, 0, 0, 1, 1, 0, 1, 1, 0, 2, 0, 0, 0, 1, 0, 0, 0, 0, 1, 0, 0, 2, 2, 2, 0, 0, 0, 0, 0, 0, 0, 0, 0, 2, 2, 3, 0, 2, 1, 2, 1, 4, 3, 6, 5, 3, 3, 2, 2, 4, 4, 412, 0, 0, 0, 0, 0, 0]",0,0.2427603795481216,-1,0
2414,"[1, 1, 0, 1, 1, 2, 0, 2, 0, 1, 0, 0, 1, 0, 2, 0, 0, 0, 0, 0, 0, 0, 0, 0, 2, 0, 0, 0, 0, 0, 0, 0, 1, 1, 0, 1, 1, 0, 2, 0, 0, 0, 1, 0, 0, 0, 0, 1, 0, 0, 2, 2, 2, 0, 0, 0, 0, 0, 0, 0, 0, 0, 2, 2, 3, 0, 2, 1, 2, 1, 4, 3, 6, 5, 3, 3, 2, 2, 4, 4, 412, 0, 0, 0, 0, 0, 0]",-1,-0.0008122257220974935,-1,0
2415,"[1, 1, 0, 1, 1, 2, 0, 2, 0, 1, 0, 0, 1, 0, 2, 0, 0, 0, 0, 0, 0, 0, 0, 0, 2, 0, 0, 0, 0, 0, 0, 0, 1, 1, 0, 1, 1, 0, 2, 0, 0, 0, 1, 0, 0, 0, 0, 1, 0, 0, 2, 2, 2, 0, 0, 0, 0, 0, 0, 0, 0, 0, 2, 2, 3, 0, 2, 1, 2, 1, 4, 3, 6, 5, 3, 3, 2, 2, 4, 4, 412, 0, 0, 0, 0, 0, 0]",0,0.2427603795481216,-1,0
2416,"[1, 1, 0, 1, 1, 2, 0, 2, 0, 1, 0, 0, 1, 0, 2, 0, 0, 0, 0, 0, 0, 0, 0, 0, 2, 0, 0, 0, 0, 0, 0, 0, 1, 1, 0, 1, 1, 0, 2, 0, 0, 0, 1, 0, 0, 0, 0, 1, 0, 0, 2, 2, 2, 0, 0, 0, 0, 0, 0, 0, 0, 0, 2, 2, 3, 0, 2, 1, 2, 1, 4, 3, 6, 5, 3, 3, 2, 2, 4, 4, 412, 0, 0, 0, 0, 0, 0]",-1,-0.0008122257220974935,-1,0
2417,"[1, 1, 0, 1, 1, 2, 0, 2, 0, 1, 0, 0, 1, 0, 2, 0, 0, 0, 0, 0, 0, 0, 0, 0, 2, 0, 0, 0, 0, 0, 0, 0, 1, 1, 0, 1, 1, 0, 2, 0, 0, 0, 1, 0, 0, 0, 0, 1, 0, 0, 2, 2, 2, 0, 0, 0, 0, 0, 0, 0, 0, 0, 2, 2, 3, 0, 2, 1, 2, 1, 4, 3, 6, 5, 3, 3, 2, 2, 4, 4, 412, 0, 0, 0, 0, 0, 0]",0,0.2427603795481216,-1,0
2418,"[1, 1, 0, 1, 1, 2, 0, 2, 0, 1, 0, 0, 1, 0, 2, 0, 0, 0, 0, 0, 0, 0, 0, 0, 2, 0, 0, 0, 0, 0, 0, 0, 1, 1, 0, 1, 1, 0, 2, 0, 0, 0, 1, 0, 0, 0, 0, 1, 0, 0, 2, 2, 2, 0, 0, 0, 0, 0, 0, 0, 0, 0, 2, 2, 3, 0, 2, 1, 2, 1, 4, 3, 6, 5, 3, 3, 2, 2, 4, 4, 412, 0, 0, 0, 0, 0, 0]",-1,-0.0008122257220974935,-1,0
2419,"[1, 1, 0, 1, 1, 2, 0, 2, 0, 1, 0, 0, 1, 0, 2, 0, 0, 0, 0, 0, 0, 0, 0, 0, 2, 0, 0, 0, 0, 0, 0, 0, 1, 1, 0, 1, 1, 0, 2, 0, 0, 0, 1, 0, 0, 0, 0, 1, 0, 0, 2, 2, 2, 0, 0, 0, 0, 0, 0, 0, 0, 0, 2, 2, 3, 0, 2, 1, 2, 1, 4, 3, 6, 5, 3, 3, 2, 2, 4, 4, 412, 0, 0, 0, 0, 0, 0]",0,0.2427603795481216,-1,0
2420,"[1, 1, 0, 1, 1, 2, 0, 2, 0, 1, 0, 0, 1, 0, 2, 0, 0, 0, 0, 0, 0, 0, 0, 0, 2, 0, 0, 0, 0, 0, 0, 0, 1, 1, 0, 1, 1, 0, 2, 0, 0, 0, 1, 0, 0, 0, 0, 1, 0, 0, 2, 2, 2, 0, 0, 0, 0, 0, 0, 0, 0, 0, 2, 2, 3, 0, 2, 1, 2, 1, 4, 3, 6, 5, 3, 3, 2, 2, 4, 4, 412, 0, 0, 0, 0, 0, 0]",-1,-0.0008122257220974935,-1,0
2421,"[1, 1, 0, 1, 1, 2, 0, 2, 0, 1, 0, 0, 1, 0, 2, 0, 0, 0, 0, 0, 0, 0, 0, 0, 2, 0, 0, 0, 0, 0, 0, 0, 1, 1, 0, 1, 1, 0, 2, 0, 0, 0, 1, 0, 0, 0, 0, 1, 0, 0, 2, 2, 2, 0, 0, 0, 0, 0, 0, 0, 0, 0, 2, 2, 3, 0, 2, 1, 2, 1, 4, 3, 6, 5, 3, 3, 2, 2, 4, 4, 412, 0, 0, 0, 0, 0, 0]",1,0.6096656222241652,-1,0
2422,"[1, 1, 0, 1, 1, 2, 0, 2, 0, 1, 0, 0, 1, 0, 2, 0, 0, 0, 0, 0, 0, 0, 0, 0, 2, 0, 0, 0, 0, 0, 0, 0, 1, 1, 0, 1, 1, 0, 2, 0, 0, 0, 1, 0, 0, 0, 0, 1, 0, 0, 2, 2, 2, 0, 0, 0, 0, 0, 0, 0, 0, 0, 2, 2, 3, 0, 2, 1, 2, 1, 4, 3, 6, 5, 3, 3, 2, 2, 4, 4, 412, 0, 0, 0, 0, 0, 0]",-1,-0.0008122257220974935,-1,0
2423,"[1, 1, 0, 1, 1, 2, 0, 2, 0, 1, 0, 0, 1, 0, 2, 0, 0, 0, 0, 0, 0, 0, 0, 0, 2, 0, 0, 0, 0, 0, 0, 0, 1, 1, 0, 1, 1, 0, 2, 0, 0, 0, 1, 0, 0, 0, 0, 1, 0, 0, 2, 2, 2, 0, 0, 0, 0, 0, 0, 0, 0, 0, 2, 2, 3, 0, 2, 1, 2, 1, 4, 3, 6, 5, 3, 3, 2, 2, 4, 4, 413, 0, 0, 0, 0, 0, 0]",4,14.535057615385762,-1,0
2424,"[1, 1, 0, 1, 1, 2, 0, 3, 0, 1, 0, 0, 1, 0, 2, 0, 0, 0, 0, 0, 0, 0, 0, 0, 2, 0, 0, 0, 0, 0, 0, 0, 1, 1, 0, 1, 1, 0, 2, 0, 0, 0, 1, 0, 0, 0, 0, 1, 0, 0, 2, 2, 2, 0, 0, 0, 0, 0, 0, 0, 0, 0, 2, 2, 3, 0, 2, 1, 2, 1, 4, 3, 6, 5, 3, 3, 2, 2, 4, 4, 414, 0, 0, 0, 0, 0, 0]",4,11.343901073013315,-1,1
2425,"[1, 1, 0, 1, 1, 2, 0, 3, 0, 1, 0, 0, 1, 0, 2, 0, 0, 0, 0, 0, 0, 0, 0, 0, 2, 0, 0, 0, 0, 0, 0, 0, 1, 1, 0, 1, 1, 0, 2, 0, 0, 0, 1, 0, 0, 0, 0, 1, 0, 0, 2, 2, 2, 0, 0, 0, 0, 0, 0, 0, 0, 0, 2, 2, 3, 0, 2, 1, 2, 1, 4, 3, 6, 5, 3, 3, 2, 2, 4, 4, 414, 0, 0, 0, 0, 0, 0]",1,0.609662431616161,-1,0
2426,"[1, 1, 0, 1, 1, 2, 0, 3, 0, 1, 0, 0, 1, 0, 2, 0, 0, 0, 0, 0, 0, 0, 0, 0, 2, 0, 0, 0, 0, 0, 0, 0, 1, 1, 0, 1, 1, 0, 2, 0, 0, 0, 1, 0, 0, 0, 0, 1, 0, 0, 2, 2, 2, 0, 0, 0, 0, 0, 0, 0, 0, 0, 2, 2, 3, 0, 2, 1, 2, 1, 4, 3, 6, 5, 3, 3, 2, 2, 4, 4, 414, 0, 0, 0, 0, 0, 0]",-1,-0.000796142575225585,-1,0
2427,"[1, 1, 0, 1, 1, 2, 0, 3, 0, 1, 0, 0, 1, 0, 2, 0, 0, 0, 0, 0, 0, 0, 0, 0, 2, 0, 0, 0, 0, 0, 0, 0, 1, 1, 0, 1, 1, 0, 2, 0, 0, 0, 1, 0, 0, 0, 0, 1, 0, 0, 2, 2, 2, 0, 0, 0, 0, 0, 0, 0, 0, 0, 2, 2, 3, 0, 2, 1, 2, 1, 4, 3, 6, 5, 3, 3, 2, 2, 4, 4, 414, 1, 0, 0, 0, 0, 0]",3,0.20003831651654427,-1,0
2428,"[1, 1, 0, 1, 1, 2, 0, 3, 0, 1, 0, 0, 1, 0, 2, 0, 0, 0, 0, 0, 0, 0, 0, 0, 2, 0, 0, 0, 0, 0, 0, 0, 1, 1, 0, 1, 1, 0, 2, 0, 0, 0, 1, 0, 0, 0, 0, 1, 0, 0, 2, 2, 2, 0, 0, 0, 0, 0, 0, 0, 0, 0, 2, 2, 3, 0, 2, 1, 2, 1, 4, 3, 6, 5, 3, 3, 2, 2, 4, 4, 414, 0, 0, 0, 0, 0, 0]",-1,-0.000796142575225585,-1,0
2429,"[1, 1, 0, 1, 1, 2, 0, 3, 0, 1, 0, 0, 1, 0, 2, 0, 0, 0, 0, 0, 0, 0, 0, 0, 2, 0, 0, 0, 0, 0, 0, 0, 1, 1, 0, 1, 1, 0, 2, 0, 0, 0, 1, 0, 0, 0, 0, 1, 0, 0, 2, 2, 2, 0, 0, 0, 0, 0, 0, 0, 0, 0, 2, 2, 3, 0, 2, 1, 2, 1, 4, 3, 6, 5, 3, 3, 2, 2, 4, 4, 414, 0, 0, 0, 0, 0, 0]",1,0.609662431616161,-1,0
2430,"[1, 1, 0, 1, 1, 2, 0, 3, 0, 1, 0, 0, 1, 0, 2, 0, 0, 0, 0, 0, 0, 0, 0, 0, 2, 0, 0, 0, 0, 0, 0, 0, 1, 1, 0, 1, 1, 0, 2, 0, 0, 0, 1, 0, 0, 0, 0, 1, 0, 0, 2, 2, 2, 0, 0, 0, 0, 0, 0, 0, 0, 0, 2, 2, 3, 0, 2, 1, 2, 1, 4, 3, 6, 5, 3, 3, 2, 2, 4, 4, 414, 0, 0, 0, 0, 0, 0]",-1,-0.000796142575225585,-1,0
2431,"[1, 1, 0, 1, 1, 2, 0, 3, 0, 1, 0, 0, 1, 0, 2, 0, 0, 0, 0, 0, 0, 0, 0, 0, 2, 0, 0, 0, 0, 0, 0, 0, 1, 1, 0, 1, 1, 0, 2, 0, 0, 0, 1, 0, 0, 0, 0, 1, 0, 0, 2, 2, 2, 0, 0, 0, 0, 0, 0, 0, 0, 0, 2, 2, 3, 0, 2, 1, 2, 1, 4, 3, 6, 5, 3, 3, 2, 2, 4, 4, 415, 0, 0, 0, 0, 0, 0]",4,14.53502238354157,-1,0
2432,"[1, 1, 0, 1, 1, 2, 0, 3, 0, 1, 0, 0, 1, 0, 2, 0, 0, 0, 0, 0, 0, 0, 0, 0, 2, 0, 0, 0, 0, 0, 0, 0, 1, 1, 0, 1, 1, 0, 2, 0, 0, 0, 1, 0, 0, 0, 0, 1, 0, 0, 2, 2, 2, 0, 0, 0, 0, 0, 0, 0, 0, 0, 2, 2, 3, 0, 2, 1, 2, 1, 4, 3, 6, 5, 3, 3, 2, 2, 4, 4, 416, 0, 0, 0, 0, 0, 0]",4,11.343866281386758,-1,1
2433,"[1, 2, 0, 1, 1, 3, 0, 3, 0, 1, 0, 0, 1, 0, 2, 0, 0, 0, 0, 0, 0, 0, 0, 0, 2, 0, 0, 0, 0, 0, 0, 0, 1, 1, 0, 1, 1, 0, 2, 0, 0, 0, 1, 0, 0, 0, 0, 1, 0, 0, 2, 2, 2, 0, 0, 0, 0, 0, 0, 0, 0, 0, 2, 2, 3, 0, 2, 1, 2, 1, 4, 3, 6, 5, 3, 3, 2, 2, 4, 4, 417, 0, 0, 0, 0, 0, 0]",4,14.375363303603669,-1,0
2434,"[1, 2, 0, 1, 1, 3, 0, 3, 0, 1, 0, 0, 1, 0, 2, 0, 0, 0, 0, 0, 0, 0, 0, 0, 2, 0, 0, 0, 0, 0, 0, 0, 1, 1, 0, 1, 1, 0, 2, 0, 0, 0, 1, 0, 0, 0, 0, 1, 0, 0, 2, 2, 2, 0, 0, 0, 0, 0, 0, 0, 0, 0, 2, 2, 3, 0, 2, 1, 2, 1, 4, 3, 6, 5, 3, 3, 2, 2, 4, 4, 417, 1, 0, 0, 0, 0, 0]",3,0.20003398443782833,-1,1
2435,"[1, 2, 0, 1, 1, 3, 0, 3, 0, 1, 0, 0, 1, 0, 2, 0, 0, 0, 0, 0, 0, 0, 0, 0, 2, 0, 0, 0, 0, 0, 0, 0, 1, 1, 0, 1, 1, 0, 2, 0, 0, 0, 1, 0, 0, 0, 0, 1, 0, 0, 2, 2, 2, 0, 0, 0, 0, 0, 0, 0, 0, 0, 2, 2, 3, 0, 2, 1, 2, 1, 4, 3, 6, 5, 3, 3, 2, 2, 4, 4, 417, 0, 0, 0, 0, 0, 0]",-1,-0.0007726130061954758,-1,1
2436,"[1, 2, 0, 1, 1, 3, 0, 4, 0, 1, 0, 0, 1, 0, 2, 0, 0, 0, 0, 0, 0, 0, 0, 0, 2, 0, 0, 0, 0, 0, 0, 0, 1, 1, 0, 1, 1, 0, 2, 0, 0, 0, 1, 0, 0, 0, 0, 1, 0, 0, 2, 2, 2, 0, 0, 0, 0, 0, 0, 0, 0, 0, 2, 2, 3, 0, 2, 1, 2, 1, 4, 3, 6, 5, 3, 3, 2, 2, 4, 4, 418, 0, 0, 0, 0, 0, 0]",4,11.222398289297809,-1,1
2437,"[1, 2, 0, 1, 1, 3, 0, 4, 0, 1, 0, 0, 1, 0, 2, 0, 0, 0, 0, 0, 0, 0, 0, 0, 2, 0, 0, 0, 0, 0, 0, 0, 1, 1, 0, 1, 1, 0, 2, 0, 0, 0, 1, 0, 0, 0, 0, 1, 0, 0, 2, 2, 2, 0, 0, 0, 0, 0, 0, 0, 0, 0, 2, 2, 3, 0, 2, 1, 2, 1, 4, 3, 6, 5, 3, 3, 2, 2, 4, 4, 418, 0, 0, 0, 0, 0, 0]",1,0.6096567672061304,-1,0
2438,"[1, 2, 0, 1, 1, 3, 0, 4, 0, 1, 0, 0, 1, 0, 2, 0, 0, 0, 0, 0, 0, 0, 0, 0, 2, 0, 0, 0, 0, 0, 0, 0, 1, 1, 0, 1, 1, 0, 2, 0, 0, 0, 1, 0, 0, 0, 0, 1, 0, 0, 2, 2, 2, 0, 0, 0, 0, 0, 0, 0, 0, 0, 2, 2, 3, 0, 2, 1, 2, 1, 4, 3, 6, 5, 3, 3, 2, 2, 4, 4, 418, 0, 0, 0, 0, 0, 0]",-1,-0.000764925378336276,-1,0
2439,"[1, 2, 0, 1, 1, 3, 0, 4, 0, 1, 0, 0, 1, 0, 2, 0, 0, 0, 0, 0, 0, 0, 0, 0, 2, 0, 0, 0, 0, 0, 0, 0, 1, 1, 0, 1, 1, 0, 2, 0, 0, 0, 1, 0, 0, 0, 0, 1, 0, 0, 2, 2, 2, 0, 0, 0, 0, 0, 0, 0, 0, 0, 2, 2, 3, 0, 2, 1, 2, 1, 4, 3, 6, 5, 3, 3, 2, 2, 4, 4, 418, 0, 0, 0, 0, 0, 0]",1,0.6096567672061304,-1,0
2440,"[1, 2, 0, 1, 1, 3, 0, 4, 0, 1, 0, 0, 1, 0, 2, 0, 0, 0, 0, 0, 0, 0, 0, 0, 2, 0, 0, 0, 0, 0, 0, 0, 1, 1, 0, 1, 1, 0, 2, 0, 0, 0, 1, 0, 0, 0, 0, 1, 0, 0, 2, 2, 2, 0, 0, 0, 0, 0, 0, 0, 0, 0, 2, 2, 3, 0, 2, 1, 2, 1, 4, 3, 6, 5, 3, 3, 2, 2, 4, 4, 418, 0, 0, 0, 0, 0, 0]",-1,-0.000764925378336276,-1,0
2441,"[1, 2, 0, 1, 1, 3, 0, 4, 0, 1, 0, 0, 1, 0, 2, 0, 0, 0, 0, 0, 0, 0, 0, 0, 2, 0, 0, 0, 0, 0, 0, 0, 1, 1, 0, 1, 1, 0, 2, 0, 0, 0, 1, 0, 0, 0, 0, 1, 0, 0, 2, 2, 2, 0, 0, 0, 0, 0, 0, 0, 0, 0, 2, 2, 3, 0, 2, 1, 2, 1, 4, 3, 6, 5, 3, 3, 2, 2, 4, 4, 418, 1, 0, 0, 0, 0, 0]",3,0.20003265210651364,-1,0
2442,"[1, 2, 0, 1, 1, 3, 0, 4, 0, 1, 0, 0, 1, 0, 2, 0, 0, 0, 0, 0, 0, 0, 0, 0, 2, 0, 0, 0, 0, 0, 0, 0, 1, 1, 0, 1, 1, 0, 2, 0, 0, 0, 1, 0, 0, 0, 0, 1, 0, 0, 2, 2, 2, 0, 0, 0, 0, 0, 0, 0, 0, 0, 2, 2, 3, 0, 2, 1, 2, 1, 4, 3, 6, 5, 3, 3, 2, 2, 4, 4, 418, 0, 0, 0, 0, 0, 0]",-1,-0.000764925378336276,-1,0
2443,"[1, 2, 0, 1, 1, 3, 0, 4, 0, 1, 0, 0, 1, 0, 2, 0, 0, 0, 0, 0, 0, 0, 0, 0, 2, 0, 0, 0, 0, 0, 0, 0, 1, 1, 0, 1, 1, 0, 2, 0, 0, 0, 1, 0, 0, 0, 0, 1, 0, 0, 2, 2, 2, 0, 0, 0, 0, 0, 0, 0, 0, 0, 2, 2, 3, 0, 2, 1, 2, 1, 4, 3, 6, 5, 3, 3, 2, 2, 4, 4, 418, 0, 1, 0, 0, 0, 0]",2,0.4000326521065136,-1,0
2444,"[1, 2, 0, 1, 1, 3, 0, 4, 0, 1, 0, 0, 1, 0, 2, 0, 0, 0, 0, 0, 0, 0, 0, 0, 2, 0, 0, 0, 0, 0, 0, 0, 1, 1, 0, 1, 1, 0, 2, 0, 0, 0, 1, 0, 0, 0, 0, 1, 0, 0, 2, 2, 2, 0, 0, 0, 0, 0, 0, 0, 0, 0, 2, 2, 3, 0, 2, 1, 2, 1, 4, 3, 6, 5, 3, 3, 2, 2, 4, 4, 418, 0, 0, 0, 0, 0, 0]",-1,-0.000764925378336276,-1,0
2445,"[1, 2, 0, 1, 1, 3, 0, 4, 0, 1, 0, 0, 1, 0, 2, 0, 0, 0, 0, 0, 0, 0, 0, 0, 2, 0, 0, 0, 0, 0, 0, 0, 1, 1, 0, 1, 1, 0, 2, 0, 0, 0, 1, 0, 0, 0, 0, 1, 0, 0, 2, 2, 2, 0, 0, 0, 0, 0, 0, 0, 0, 0, 2, 2, 3, 0, 2, 1, 2, 1, 4, 3, 6, 5, 3, 3, 2, 2, 4, 4, 418, 0, 0, 0, 0, 0, 0]",1,0.6096567672061304,-1,0
2446,"[1, 2, 0, 1, 1, 3, 0, 4, 0, 1, 0, 0, 1, 0, 2, 0, 0, 0, 0, 0, 0, 0, 0, 0, 2, 0, 0, 0, 0, 0, 0, 0, 1, 1, 0, 1, 1, 0, 2, 0, 0, 0, 1, 0, 0, 0, 0, 1, 0, 0, 2, 2, 2, 0, 0, 0, 0, 0, 0, 0, 0, 0, 2, 2, 3, 0, 2, 1, 2, 1, 4, 3, 6, 5, 3, 3, 2, 2, 4, 4, 418, 0, 0, 0, 0, 0, 0]",-1,-0.000764925378336276,-1,0
2447,"[1, 2, 0, 1, 1, 3, 0, 4, 0, 1, 0, 0, 1, 0, 2, 0, 0, 0, 0, 0, 0, 0, 0, 0, 2, 0, 0, 0, 0, 0, 0, 0, 1, 1, 0, 1, 1, 0, 2, 0, 0, 0, 1, 0, 0, 0, 0, 1, 0, 0, 2, 2, 2, 0, 0, 0, 0, 0, 0, 0, 0, 0, 2, 2, 3, 0, 2, 1, 2, 1, 4, 3, 6, 5, 3, 3, 2, 2, 4, 4, 418, 0, 0, 0, 0, 0, 0]",1,0.6096567672061304,-1,0
2448,"[1, 2, 0, 1, 1, 3, 0, 4, 0, 1, 0, 0, 1, 0, 2, 0, 0, 0, 0, 0, 0, 0, 0, 0, 2, 0, 0, 0, 0, 0, 0, 0, 1, 1, 0, 1, 1, 0, 2, 0, 0, 0, 1, 0, 0, 0, 0, 1, 0, 0, 2, 2, 2, 0, 0, 0, 0, 0, 0, 0, 0, 0, 2, 2, 3, 0, 2, 1, 2, 1, 4, 3, 6, 5, 3, 3, 2, 2, 4, 4, 418, 0, 0, 0, 0, 0, 0]",-1,-0.000764925378336276,-1,0
2449,"[1, 2, 0, 1, 1, 3, 0, 4, 0, 1, 0, 0, 1, 0, 2, 0, 0, 0, 0, 0, 0, 0, 0, 0, 2, 0, 0, 0, 0, 0, 0, 0, 1, 1, 0, 1, 1, 0, 2, 0, 0, 0, 1, 0, 0, 0, 0, 1, 0, 0, 2, 2, 2, 0, 0, 0, 0, 0, 0, 0, 0, 0, 2, 2, 3, 0, 2, 1, 2, 1, 4, 3, 6, 5, 3, 3, 2, 2, 4, 4, 418, 0, 0, 0, 0, 0, 0]",1,0.6096567672061304,-1,0
2450,"[1, 2, 0, 1, 1, 3, 0, 4, 0, 1, 0, 0, 1, 0, 2, 0, 0, 0, 0, 0, 0, 0, 0, 0, 2, 0, 0, 0, 0, 0, 0, 0, 1, 1, 0, 1, 1, 0, 2, 0, 0, 0, 1, 0, 0, 0, 0, 1, 0, 0, 2, 2, 2, 0, 0, 0, 0, 0, 0, 0, 0, 0, 2, 2, 3, 0, 2, 1, 2, 1, 4, 3, 6, 5, 3, 3, 2, 2, 4, 4, 418, 0, 0, 0, 0, 0, 0]",-1,-0.000764925378336276,-1,0
2451,"[1, 2, 0, 1, 1, 3, 0, 4, 0, 1, 0, 0, 1, 0, 2, 0, 0, 0, 0, 0, 0, 0, 0, 0, 2, 0, 0, 0, 0, 0, 0, 0, 1, 1, 0, 1, 1, 0, 2, 0, 0, 0, 1, 0, 0, 0, 0, 1, 0, 0, 2, 2, 2, 0, 0, 0, 0, 0, 0, 0, 0, 0, 2, 2, 3, 0, 2, 1, 2, 1, 4, 3, 6, 5, 3, 3, 2, 2, 4, 4, 418, 0, 1, 0, 0, 0, 0]",2,0.4000326521065136,-1,0
2452,"[1, 2, 0, 1, 1, 3, 0, 4, 0, 1, 0, 0, 1, 0, 2, 0, 0, 0, 0, 0, 0, 0, 0, 0, 2, 0, 0, 0, 0, 0, 0, 0, 1, 1, 0, 1, 1, 0, 2, 0, 0, 0, 1, 0, 0, 0, 0, 1, 0, 0, 2, 2, 2, 0, 0, 0, 0, 0, 0, 0, 0, 0, 2, 2, 3, 0, 2, 1, 2, 1, 4, 3, 6, 5, 3, 3, 2, 2, 4, 4, 418, 0, 0, 0, 0, 0, 0]",-1,-0.000764925378336276,-1,0
2453,"[2, 2, 0, 1, 1, 4, 0, 4, 0, 1, 0, 0, 1, 0, 2, 0, 0, 0, 0, 0, 0, 0, 0, 0, 2, 0, 0, 0, 0, 0, 0, 0, 1, 1, 0, 1, 1, 0, 2, 0, 0, 0, 1, 0, 0, 0, 0, 1, 0, 0, 2, 2, 2, 0, 0, 0, 0, 0, 0, 0, 0, 0, 2, 2, 3, 0, 2, 1, 2, 1, 4, 3, 6, 5, 3, 3, 2, 2, 4, 4, 419, 0, 0, 0, 0, 0, 0]",4,14.274002726691322,-1,0
2454,"[2, 2, 0, 1, 1, 4, 0, 4, 0, 1, 0, 0, 1, 0, 2, 0, 0, 0, 0, 0, 0, 0, 0, 0, 2, 0, 0, 0, 0, 0, 0, 0, 1, 1, 0, 1, 1, 0, 2, 0, 0, 0, 1, 0, 0, 0, 0, 1, 0, 0, 2, 2, 2, 0, 0, 0, 0, 0, 0, 0, 0, 0, 2, 2, 3, 0, 2, 1, 2, 1, 4, 3, 6, 5, 3, 3, 2, 2, 4, 4, 420, 0, 0, 0, 0, 0, 0]",4,11.194356963518059,-1,1
2455,"[2, 2, 0, 1, 1, 4, 0, 4, 0, 1, 0, 0, 1, 0, 2, 0, 0, 0, 0, 0, 0, 0, 0, 0, 2, 0, 0, 0, 0, 0, 0, 0, 1, 1, 0, 1, 1, 0, 2, 0, 0, 0, 1, 0, 0, 0, 0, 1, 0, 0, 2, 2, 2, 0, 0, 0, 0, 0, 0, 0, 0, 0, 2, 2, 3, 0, 2, 1, 2, 1, 4, 3, 6, 5, 3, 3, 2, 2, 4, 4, 420, 0, 0, 0, 0, 0, 0]",1,0.6096542571712287,-1,0
2456,"[2, 2, 0, 1, 1, 4, 0, 4, 0, 1, 0, 0, 1, 0, 2, 0, 0, 0, 0, 0, 0, 0, 0, 0, 2, 0, 0, 0, 0, 0, 0, 0, 1, 1, 0, 1, 1, 0, 2, 0, 0, 0, 1, 0, 0, 0, 0, 1, 0, 0, 2, 2, 2, 0, 0, 0, 0, 0, 0, 0, 0, 0, 2, 2, 3, 0, 2, 1, 2, 1, 4, 3, 6, 5, 3, 3, 2, 2, 4, 4, 420, 0, 0, 0, 0, 0, 0]",-1,-0.0007497788410238852,-1,0
2457,"[2, 2, 0, 1, 1, 4, 0, 4, 0, 1, 0, 0, 1, 0, 2, 0, 0, 0, 0, 0, 0, 0, 0, 0, 2, 0, 0, 0, 0, 0, 0, 0, 1, 1, 0, 1, 1, 0, 2, 0, 0, 0, 1, 0, 0, 0, 0, 1, 0, 0, 2, 2, 2, 0, 0, 0, 0, 0, 0, 0, 0, 0, 2, 2, 3, 0, 2, 1, 2, 1, 4, 3, 6, 5, 3, 3, 2, 2, 4, 4, 420, 1, 0, 0, 0, 0, 0]",3,0.20003014207161193,-1,0
2458,"[0, 2, 0, 2, 1, 4, 0, 4, 0, 1, 0, 0, 1, 0, 2, 0, 0, 0, 0, 0, 0, 0, 0, 0, 2, 0, 0, 0, 0, 0, 0, 0, 1, 1, 0, 1, 1, 0, 2, 0, 0, 0, 1, 0, 0, 0, 0, 1, 0, 0, 2, 2, 2, 0, 0, 0, 0, 0, 0, 0, 0, 0, 2, 2, 3, 0, 2, 1, 2, 1, 4, 3, 6, 5, 3, 3, 2, 2, 4, 4, 420, 0, 0, 0, 0, 0, 0]","[[2 0 0 0]
 [0 0 0 1]]",-0.19851217601734703,-1,0
2459,"[0, 2, 0, 2, 1, 4, 0, 4, 0, 1, 0, 0, 1, 0, 2, 0, 0, 0, 0, 0, 0, 0, 0, 0, 2, 0, 0, 0, 0, 0, 0, 0, 1, 1, 0, 1, 1, 0, 2, 0, 0, 0, 1, 0, 0, 0, 0, 1, 0, 0, 2, 2, 2, 0, 0, 0, 0, 0, 0, 0, 0, 0, 2, 2, 3, 0, 2, 1, 2, 1, 4, 3, 6, 5, 3, 3, 2, 2, 4, 4, 420, 0, 1, 0, 0, 0, 0]",2,0.4000301420716119,-1,0
2460,"[0, 2, 0, 2, 1, 4, 0, 4, 0, 1, 0, 0, 1, 0, 2, 0, 0, 0, 0, 0, 0, 0, 0, 0, 2, 0, 0, 0, 0, 0, 0, 0, 1, 1, 0, 1, 1, 0, 2, 0, 0, 0, 1, 0, 0, 0, 0, 1, 0, 0, 2, 2, 2, 0, 0, 0, 0, 0, 0, 0, 0, 0, 2, 2, 3, 0, 2, 1, 2, 1, 4, 3, 6, 5, 3, 3, 2, 2, 4, 4, 420, 0, 1, 0, 0, 1, 0]","[[0 1 0 0]
 [1 0 0 0]]",0.6504550071297028,-1,0
2461,"[0, 2, 0, 2, 1, 4, 0, 4, 0, 1, 0, 0, 1, 0, 2, 0, 0, 0, 0, 0, 0, 0, 0, 0, 2, 0, 0, 0, 0, 0, 0, 0, 1, 1, 0, 1, 1, 0, 2, 0, 0, 0, 1, 0, 0, 0, 0, 1, 0, 0, 2, 2, 2, 0, 0, 0, 0, 0, 0, 0, 0, 0, 2, 2, 3, 0, 2, 1, 2, 1, 4, 3, 6, 5, 3, 3, 2, 2, 4, 4, 420, 0, 1, 0, 0, 0, 1]",2,-0.1999698579283881,-1,1
2462,"[0, 2, 0, 2, 1, 4, 0, 4, 0, 1, 0, 0, 1, 0, 2, 0, 0, 0, 0, 0, 0, 0, 0, 0, 2, 0, 0, 0, 0, 0, 0, 0, 1, 1, 0, 1, 1, 0, 2, 0, 0, 0, 1, 0, 0, 0, 0, 1, 0, 0, 2, 2, 2, 0, 0, 0, 0, 0, 0, 0, 0, 0, 2, 2, 3, 0, 2, 1, 2, 1, 4, 3, 6, 5, 3, 3, 2, 2, 4, 4, 420, 0, 0, 1, 0, 0, 0]","[[0 1 0 2]
 [0 1 0 2]]",-0.1999698579283881,-1,1
2463,"[0, 2, 0, 2, 1, 4, 0, 4, 0, 1, 0, 0, 1, 0, 2, 0, 0, 0, 0, 0, 0, 0, 0, 0, 2, 0, 0, 0, 0, 0, 0, 0, 1, 1, 0, 1, 1, 0, 2, 0, 0, 0, 1, 0, 0, 0, 0, 1, 0, 0, 2, 2, 2, 0, 0, 0, 0, 0, 0, 0, 0, 0, 2, 2, 3, 0, 2, 1, 2, 1, 4, 3, 6, 5, 3, 3, 2, 2, 4, 4, 420, 0, 0, 0, 0, 0, 0]",1,-7.319886310832617,-1,0
2464,"[0, 2, 0, 2, 1, 4, 0, 4, 0, 1, 0, 0, 1, 0, 2, 0, 0, 0, 0, 0, 0, 0, 0, 0, 2, 0, 0, 0, 0, 0, 0, 0, 1, 1, 0, 1, 1, 0, 2, 0, 0, 0, 1, 0, 0, 0, 0, 1, 0, 0, 2, 2, 2, 0, 0, 0, 0, 0, 0, 0, 0, 0, 2, 2, 3, 0, 2, 1, 2, 1, 4, 3, 6, 5, 3, 3, 2, 2, 4, 4, 421, 0, 0, 0, 0, 0, 0]",4,14.017591186978445,-1,0
2465,"[0, 2, 0, 2, 1, 4, 0, 4, 0, 1, 0, 0, 1, 0, 2, 0, 0, 0, 0, 0, 0, 0, 0, 0, 2, 0, 0, 0, 0, 0, 0, 0, 1, 1, 0, 1, 1, 0, 2, 0, 0, 0, 1, 0, 0, 0, 0, 1, 0, 0, 2, 2, 2, 0, 0, 0, 0, 0, 0, 0, 0, 0, 2, 2, 3, 0, 2, 1, 2, 1, 4, 3, 6, 5, 3, 3, 2, 2, 4, 4, 421, 1, 0, 0, 0, 0, 0]",3,0.20002896035521836,-1,1
2466,"[0, 2, 0, 2, 1, 4, 0, 4, 0, 1, 0, 0, 1, 0, 2, 0, 0, 0, 0, 0, 0, 0, 0, 0, 2, 0, 0, 0, 0, 0, 0, 0, 1, 1, 0, 1, 1, 0, 2, 0, 0, 0, 1, 0, 0, 0, 0, 1, 0, 0, 2, 2, 2, 0, 0, 0, 0, 0, 0, 0, 0, 0, 2, 2, 3, 0, 2, 1, 2, 1, 4, 3, 6, 5, 3, 3, 2, 2, 4, 4, 421, 0, 0, 0, 0, 0, 0]",-1,-0.0007423184169043416,-1,1
2467,"[0, 2, 0, 2, 1, 4, 0, 4, 0, 1, 0, 0, 1, 0, 2, 0, 0, 0, 0, 0, 0, 0, 0, 0, 2, 0, 0, 0, 0, 0, 0, 0, 1, 1, 0, 1, 1, 0, 2, 0, 0, 0, 1, 0, 0, 0, 0, 1, 0, 0, 2, 2, 2, 0, 0, 0, 0, 0, 0, 0, 0, 0, 2, 2, 3, 0, 2, 1, 2, 1, 4, 3, 6, 5, 3, 3, 2, 2, 4, 4, 421, 0, 1, 0, 0, 0, 0]",2,0.4000289603552183,-1,0
2468,"[0, 2, 0, 2, 1, 4, 0, 4, 0, 1, 0, 0, 1, 0, 2, 0, 0, 0, 0, 0, 0, 0, 0, 0, 2, 0, 0, 0, 0, 0, 0, 0, 1, 1, 0, 1, 1, 0, 2, 0, 0, 0, 1, 0, 0, 0, 0, 1, 0, 0, 2, 2, 2, 0, 0, 0, 0, 0, 0, 0, 0, 0, 2, 2, 3, 0, 2, 1, 2, 1, 4, 3, 6, 5, 3, 3, 2, 2, 4, 4, 421, 0, 1, 0, 0, 1, 0]","[[0 0 0 1]
 [1 0 0 0]]",0.6504538254133092,-1,0
2469,"[0, 2, 0, 2, 1, 4, 0, 4, 0, 1, 0, 0, 1, 0, 2, 0, 0, 0, 0, 0, 0, 0, 0, 0, 2, 0, 0, 0, 0, 0, 0, 0, 1, 1, 0, 1, 1, 0, 2, 0, 0, 0, 1, 0, 0, 0, 0, 1, 0, 0, 2, 2, 2, 0, 0, 0, 0, 0, 0, 0, 0, 0, 2, 2, 3, 0, 2, 1, 2, 1, 4, 3, 6, 5, 3, 3, 2, 2, 4, 4, 421, 0, 0, 0, 0, 0, 0]",1,-26.391572747062373,-1,1
2470,"[0, 2, 0, 2, 1, 4, 0, 4, 0, 1, 0, 0, 1, 0, 2, 0, 0, 0, 0, 0, 0, 0, 0, 0, 2, 0, 0, 0, 0, 0, 0, 0, 1, 1, 0, 1, 1, 0, 2, 0, 0, 0, 1, 0, 0, 0, 0, 1, 0, 0, 2, 2, 2, 0, 0, 0, 0, 0, 0, 0, 0, 0, 2, 2, 3, 0, 2, 1, 2, 1, 4, 3, 6, 5, 3, 3, 2, 2, 4, 4, 421, 1, 0, 0, 0, 0, 0]",3,0.20002896035521836,-1,0
2471,"[0, 2, 0, 2, 1, 4, 0, 4, 0, 1, 0, 0, 1, 0, 2, 0, 0, 0, 0, 0, 0, 0, 0, 0, 2, 0, 0, 0, 0, 0, 0, 0, 1, 1, 0, 1, 1, 0, 2, 0, 0, 0, 1, 0, 0, 0, 0, 1, 0, 0, 2, 2, 2, 0, 0, 0, 0, 0, 0, 0, 0, 0, 2, 2, 3, 0, 2, 1, 2, 1, 4, 3, 6, 5, 3, 3, 2, 2, 4, 4, 421, 0, 0, 0, 0, 0, 0]",-1,-0.0007423184169043416,-1,0
2472,"[0, 2, 0, 2, 1, 4, 0, 4, 0, 1, 0, 0, 1, 0, 2, 0, 0, 0, 0, 0, 0, 0, 0, 0, 2, 0, 0, 0, 0, 0, 0, 0, 1, 1, 0, 1, 1, 0, 2, 0, 0, 0, 1, 0, 0, 0, 0, 1, 0, 0, 2, 2, 2, 0, 0, 0, 0, 0, 0, 0, 0, 0, 2, 2, 3, 0, 2, 1, 2, 1, 4, 3, 6, 5, 3, 3, 2, 2, 4, 4, 421, 0, 1, 0, 0, 0, 0]",2,0.4000289603552183,-1,0
2473,"[0, 2, 0, 2, 1, 4, 0, 4, 0, 1, 0, 0, 1, 0, 2, 0, 0, 0, 0, 0, 0, 0, 0, 0, 2, 0, 0, 0, 0, 0, 0, 0, 1, 1, 0, 1, 1, 0, 2, 0, 0, 0, 1, 0, 0, 0, 0, 1, 0, 0, 2, 2, 2, 0, 0, 0, 0, 0, 0, 0, 0, 0, 2, 2, 3, 0, 2, 1, 2, 1, 4, 3, 6, 5, 3, 3, 2, 2, 4, 4, 421, 0, 1, 0, 0, 1, 0]","[[0 0 0 1]
 [1 0 0 0]]",0.6504538254133092,-1,0
2474,"[0, 2, 0, 2, 1, 4, 0, 4, 0, 1, 0, 0, 1, 0, 2, 0, 0, 0, 0, 0, 0, 0, 0, 0, 2, 0, 0, 0, 0, 0, 0, 0, 1, 1, 0, 1, 1, 0, 2, 0, 0, 0, 1, 0, 0, 0, 0, 1, 0, 0, 2, 2, 2, 0, 0, 0, 0, 0, 0, 0, 0, 0, 2, 2, 3, 0, 2, 1, 2, 1, 4, 3, 6, 5, 3, 3, 2, 2, 4, 4, 421, 0, 1, 0, 0, 0, 1]",2,-0.19997103964478166,-1,1
2475,"[0, 2, 0, 2, 1, 4, 0, 4, 0, 1, 0, 0, 1, 0, 2, 0, 0, 0, 0, 0, 0, 0, 0, 0, 2, 0, 0, 0, 0, 0, 0, 0, 1, 1, 0, 1, 1, 0, 2, 0, 0, 0, 1, 0, 0, 0, 0, 1, 0, 0, 2, 2, 2, 0, 0, 0, 0, 0, 0, 0, 0, 0, 2, 2, 3, 0, 2, 1, 2, 1, 4, 3, 6, 5, 3, 3, 2, 2, 4, 4, 421, 0, 0, 1, 0, 0, 0]","[[0 1 0 2]
 [0 2 0 1]]",-0.19997103964478166,-1,1
2476,"[0, 2, 0, 2, 1, 4, 0, 4, 0, 1, 0, 0, 1, 0, 2, 0, 0, 0, 0, 0, 0, 0, 0, 0, 2, 0, 0, 0, 0, 0, 0, 0, 1, 1, 0, 1, 1, 0, 2, 0, 0, 0, 1, 0, 0, 0, 0, 1, 0, 0, 2, 2, 2, 0, 0, 0, 0, 0, 0, 0, 0, 0, 2, 2, 3, 0, 2, 1, 2, 1, 4, 3, 6, 5, 3, 3, 2, 2, 4, 4, 421, 0, 0, 0, 0, 0, 0]",1,-7.934444713788435,-1,0
2477,"[0, 2, 0, 2, 1, 4, 0, 4, 0, 1, 0, 0, 1, 0, 2, 0, 0, 0, 0, 0, 0, 0, 0, 0, 2, 0, 0, 0, 0, 0, 0, 0, 1, 1, 0, 1, 1, 0, 2, 0, 0, 0, 1, 0, 0, 0, 0, 1, 0, 0, 2, 2, 2, 0, 0, 0, 0, 0, 0, 0, 0, 0, 2, 2, 3, 0, 2, 1, 2, 1, 4, 3, 6, 5, 3, 3, 2, 2, 4, 4, 421, 1, 0, 0, 0, 0, 0]",3,0.20002896035521836,-1,0
2478,"[0, 2, 0, 2, 1, 4, 0, 4, 0, 1, 0, 0, 1, 0, 2, 0, 0, 0, 0, 0, 0, 0, 0, 0, 2, 0, 0, 0, 0, 0, 0, 0, 1, 1, 0, 1, 1, 0, 2, 0, 0, 0, 1, 0, 0, 0, 0, 1, 0, 0, 2, 2, 2, 0, 0, 0, 0, 0, 0, 0, 0, 0, 2, 2, 3, 0, 2, 1, 2, 1, 4, 3, 6, 5, 3, 3, 2, 2, 4, 4, 421, 0, 0, 0, 0, 0, 0]",-1,-0.0007423184169043416,-1,0
2479,"[0, 1, 0, 1, 1, 2, 0, 2, 0, 1, 0, 0, 1, 0, 2, 0, 0, 0, 0, 0, 0, 0, 0, 0, 2, 0, 0, 0, 0, 0, 0, 0, 1, 1, 0, 1, 1, 0, 2, 0, 0, 0, 1, 0, 0, 0, 0, 1, 0, 0, 2, 2, 2, 0, 0, 0, 0, 0, 0, 0, 0, 0, 2, 2, 3, 0, 2, 1, 2, 1, 4, 3, 6, 5, 3, 3, 2, 2, 4, 6, 422, 0, 0, 0, 0, 0, 0]",4,14.260975633089016,-1,0
2480,"[0, 1, 0, 1, 1, 2, 0, 2, 0, 1, 0, 0, 1, 0, 2, 0, 0, 0, 0, 0, 0, 0, 0, 0, 2, 0, 0, 0, 0, 0, 0, 0, 1, 1, 0, 1, 1, 0, 2, 0, 0, 0, 1, 0, 0, 0, 0, 1, 0, 0, 2, 2, 2, 0, 0, 0, 0, 0, 0, 0, 0, 0, 2, 2, 3, 0, 2, 1, 2, 1, 4, 3, 6, 5, 3, 3, 2, 2, 4, 6, 422, 1, 0, 0, 0, 0, 0]",3,0.20002782496143134,-1,1
2481,"[0, 1, 0, 1, 1, 2, 0, 2, 0, 1, 0, 0, 1, 0, 2, 0, 0, 0, 0, 0, 0, 0, 0, 0, 2, 0, 0, 0, 0, 0, 0, 0, 1, 1, 0, 1, 1, 0, 2, 0, 0, 0, 1, 0, 0, 0, 0, 1, 0, 0, 2, 2, 2, 0, 0, 0, 0, 0, 0, 0, 0, 0, 2, 2, 3, 0, 2, 1, 2, 1, 4, 3, 6, 5, 3, 3, 2, 2, 4, 6, 422, 0, 0, 0, 0, 0, 0]",-1,-0.0007349322252450893,-1,1
2482,"[0, 1, 0, 1, 3, 2, 0, 2, 0, 1, 0, 0, 1, 0, 2, 0, 0, 0, 0, 0, 0, 0, 0, 0, 2, 0, 0, 0, 0, 0, 0, 0, 1, 1, 0, 1, 1, 0, 2, 0, 0, 0, 1, 0, 0, 0, 0, 1, 0, 0, 2, 2, 2, 0, 0, 0, 0, 0, 0, 0, 0, 0, 2, 2, 3, 0, 2, 1, 2, 1, 4, 3, 6, 5, 3, 3, 2, 2, 4, 6, 423, 0, 0, 0, 0, 0, 0]",4,11.44534993101324,-1,1
2483,"[0, 1, 0, 1, 3, 2, 0, 2, 0, 1, 0, 0, 1, 0, 2, 0, 0, 0, 0, 0, 0, 0, 0, 0, 2, 0, 0, 0, 0, 0, 0, 0, 1, 1, 0, 1, 1, 0, 2, 0, 0, 0, 1, 0, 0, 0, 0, 1, 0, 0, 2, 2, 2, 0, 0, 0, 0, 0, 0, 0, 0, 0, 2, 2, 3, 0, 2, 1, 2, 1, 4, 3, 6, 5, 3, 3, 2, 2, 4, 6, 423, 1, 0, 0, 0, 0, 0]",3,0.20002673407492672,-1,0
2484,"[0, 1, 0, 1, 3, 2, 0, 2, 0, 1, 0, 0, 1, 0, 2, 0, 0, 0, 0, 0, 0, 0, 0, 0, 2, 0, 0, 0, 0, 0, 0, 0, 1, 1, 0, 1, 1, 0, 2, 0, 0, 0, 1, 0, 0, 0, 0, 1, 0, 0, 2, 2, 2, 0, 0, 0, 0, 0, 0, 0, 0, 0, 2, 2, 3, 0, 2, 1, 2, 1, 4, 3, 6, 5, 3, 3, 2, 2, 4, 6, 423, 0, 0, 0, 0, 0, 0]",-1,-0.0007276195274208062,-1,0
2485,"[0, 2, 0, 1, 3, 3, 0, 2, 0, 1, 0, 0, 1, 0, 2, 0, 0, 0, 0, 0, 0, 0, 0, 0, 2, 0, 0, 0, 0, 0, 0, 0, 1, 1, 0, 1, 1, 0, 2, 0, 0, 0, 1, 0, 0, 0, 0, 1, 0, 0, 2, 2, 2, 0, 0, 0, 0, 0, 0, 0, 0, 0, 2, 2, 3, 0, 2, 1, 2, 1, 4, 3, 6, 5, 3, 3, 2, 2, 4, 6, 424, 0, 0, 0, 0, 0, 0]",4,14.057149566826308,-1,0
2486,"[0, 2, 0, 1, 3, 3, 0, 2, 0, 1, 0, 0, 1, 0, 2, 0, 0, 0, 0, 0, 0, 0, 0, 0, 2, 0, 0, 0, 0, 0, 0, 0, 1, 1, 0, 1, 1, 0, 2, 0, 0, 0, 1, 0, 0, 0, 0, 1, 0, 0, 2, 2, 2, 0, 0, 0, 0, 0, 0, 0, 0, 0, 2, 2, 3, 0, 2, 1, 2, 1, 4, 3, 6, 5, 3, 3, 2, 2, 4, 6, 424, 1, 0, 0, 0, 0, 0]",3,0.20002568595148262,-1,1
2487,"[0, 2, 0, 1, 3, 3, 0, 2, 0, 1, 0, 0, 1, 0, 2, 0, 0, 0, 0, 0, 0, 0, 0, 0, 2, 0, 0, 0, 0, 0, 0, 0, 1, 1, 0, 1, 1, 0, 2, 0, 0, 0, 1, 0, 0, 0, 0, 1, 0, 0, 2, 2, 2, 0, 0, 0, 0, 0, 0, 0, 0, 0, 2, 2, 3, 0, 2, 1, 2, 1, 4, 3, 6, 5, 3, 3, 2, 2, 4, 6, 424, 0, 0, 0, 0, 0, 0]",-1,-0.0007203795921556176,-1,1
2488,"[1, 2, 0, 1, 3, 4, 0, 2, 0, 1, 0, 0, 1, 0, 2, 0, 0, 0, 0, 0, 0, 0, 0, 0, 2, 0, 0, 0, 0, 0, 0, 0, 1, 1, 0, 1, 1, 0, 2, 0, 0, 0, 1, 0, 0, 0, 0, 1, 0, 0, 2, 2, 2, 0, 0, 0, 0, 0, 0, 0, 0, 0, 2, 2, 3, 0, 2, 1, 2, 1, 4, 3, 6, 5, 3, 3, 2, 2, 4, 6, 425, 0, 0, 0, 0, 0, 0]",4,11.332111550873927,-1,1
2489,"[1, 2, 0, 1, 3, 4, 0, 2, 0, 1, 0, 0, 1, 0, 2, 0, 0, 0, 0, 0, 0, 0, 0, 0, 2, 0, 0, 0, 0, 0, 0, 0, 1, 1, 0, 1, 1, 0, 2, 0, 0, 0, 1, 0, 0, 0, 0, 1, 0, 0, 2, 2, 2, 0, 0, 0, 0, 0, 0, 0, 0, 0, 2, 2, 3, 0, 2, 1, 2, 1, 4, 3, 6, 5, 3, 3, 2, 2, 4, 6, 425, 0, 0, 0, 0, 0, 0]",0,0.24274355133877035,-1,0
2490,"[1, 2, 0, 1, 3, 4, 0, 2, 0, 1, 0, 0, 1, 0, 2, 0, 0, 0, 0, 0, 0, 0, 0, 0, 2, 0, 0, 0, 0, 0, 0, 0, 1, 1, 0, 1, 1, 0, 2, 0, 0, 0, 1, 0, 0, 0, 0, 1, 0, 0, 2, 2, 2, 0, 0, 0, 0, 0, 0, 0, 0, 0, 2, 2, 3, 0, 2, 1, 2, 1, 4, 3, 6, 5, 3, 3, 2, 2, 4, 6, 425, 0, 0, 0, 0, 0, 0]",-1,-0.0007132116954499629,-1,0
2491,"[1, 2, 0, 1, 3, 4, 0, 2, 0, 1, 0, 0, 1, 0, 2, 0, 0, 0, 0, 0, 0, 0, 0, 0, 2, 0, 0, 0, 0, 0, 0, 0, 1, 1, 0, 1, 1, 0, 2, 0, 0, 0, 1, 0, 0, 0, 0, 1, 0, 0, 2, 2, 2, 0, 0, 0, 0, 0, 0, 0, 0, 0, 2, 2, 3, 0, 2, 1, 2, 1, 4, 3, 6, 5, 3, 3, 2, 2, 4, 6, 425, 0, 0, 0, 0, 0, 0]",0,0.24274355133877035,-1,0
2492,"[1, 2, 0, 1, 3, 4, 0, 2, 0, 1, 0, 0, 1, 0, 2, 0, 0, 0, 0, 0, 0, 0, 0, 0, 2, 0, 0, 0, 0, 0, 0, 0, 1, 1, 0, 1, 1, 0, 2, 0, 0, 0, 1, 0, 0, 0, 0, 1, 0, 0, 2, 2, 2, 0, 0, 0, 0, 0, 0, 0, 0, 0, 2, 2, 3, 0, 2, 1, 2, 1, 4, 3, 6, 5, 3, 3, 2, 2, 4, 6, 425, 0, 0, 0, 0, 0, 0]",-1,-0.0007132116954499629,-1,0
2493,"[1, 2, 0, 1, 3, 4, 0, 2, 0, 1, 0, 0, 1, 0, 2, 0, 0, 0, 0, 0, 0, 0, 0, 0, 2, 0, 0, 0, 0, 0, 0, 0, 1, 1, 0, 1, 1, 0, 2, 0, 0, 0, 1, 0, 0, 0, 0, 1, 0, 0, 2, 2, 2, 0, 0, 0, 0, 0, 0, 0, 0, 0, 2, 2, 3, 0, 2, 1, 2, 1, 4, 3, 6, 5, 3, 3, 2, 2, 4, 6, 425, 0, 0, 0, 0, 0, 0]",0,0.24274355133877035,-1,0
2494,"[1, 2, 0, 1, 3, 4, 0, 2, 0, 1, 0, 0, 1, 0, 2, 0, 0, 0, 0, 0, 0, 0, 0, 0, 2, 0, 0, 0, 0, 0, 0, 0, 1, 1, 0, 1, 1, 0, 2, 0, 0, 0, 1, 0, 0, 0, 0, 1, 0, 0, 2, 2, 2, 0, 0, 0, 0, 0, 0, 0, 0, 0, 2, 2, 3, 0, 2, 1, 2, 1, 4, 3, 6, 5, 3, 3, 2, 2, 4, 6, 425, 0, 0, 0, 0, 0, 0]",-1,-0.0007132116954499629,-1,0
2495,"[1, 2, 0, 1, 3, 4, 0, 2, 0, 1, 0, 0, 1, 0, 2, 0, 0, 0, 0, 0, 0, 0, 0, 0, 2, 0, 0, 0, 0, 0, 0, 0, 1, 1, 0, 1, 1, 0, 2, 0, 0, 0, 1, 0, 0, 0, 0, 1, 0, 0, 2, 2, 2, 0, 0, 0, 0, 0, 0, 0, 0, 0, 2, 2, 3, 0, 2, 1, 2, 1, 4, 3, 6, 5, 3, 3, 2, 2, 4, 6, 425, 0, 0, 0, 0, 0, 0]",0,0.24274355133877035,-1,0
2496,"[1, 2, 0, 1, 3, 4, 0, 2, 0, 1, 0, 0, 1, 0, 2, 0, 0, 0, 0, 0, 0, 0, 0, 0, 2, 0, 0, 0, 0, 0, 0, 0, 1, 1, 0, 1, 1, 0, 2, 0, 0, 0, 1, 0, 0, 0, 0, 1, 0, 0, 2, 2, 2, 0, 0, 0, 0, 0, 0, 0, 0, 0, 2, 2, 3, 0, 2, 1, 2, 1, 4, 3, 6, 5, 3, 3, 2, 2, 4, 6, 425, 0, 0, 0, 0, 0, 0]",-1,-0.0007132116954499629,-1,0
2497,"[1, 2, 0, 1, 3, 4, 0, 2, 0, 1, 0, 0, 1, 0, 2, 0, 0, 0, 0, 0, 0, 0, 0, 0, 2, 0, 0, 0, 0, 0, 0, 0, 1, 1, 0, 1, 1, 0, 2, 0, 0, 0, 1, 0, 0, 0, 0, 1, 0, 0, 2, 2, 2, 0, 0, 0, 0, 0, 0, 0, 0, 0, 2, 2, 3, 0, 2, 1, 2, 1, 4, 3, 6, 5, 3, 3, 2, 2, 4, 6, 425, 0, 0, 0, 0, 0, 0]",0,0.24274355133877035,-1,0
2498,"[1, 2, 0, 1, 3, 4, 0, 2, 0, 1, 0, 0, 1, 0, 2, 0, 0, 0, 0, 0, 0, 0, 0, 0, 2, 0, 0, 0, 0, 0, 0, 0, 1, 1, 0, 1, 1, 0, 2, 0, 0, 0, 1, 0, 0, 0, 0, 1, 0, 0, 2, 2, 2, 0, 0, 0, 0, 0, 0, 0, 0, 0, 2, 2, 3, 0, 2, 1, 2, 1, 4, 3, 6, 5, 3, 3, 2, 2, 4, 6, 425, 0, 0, 0, 0, 0, 0]",-1,-0.0007132116954499629,-1,0
2499,"[1, 2, 0, 1, 3, 4, 0, 2, 0, 1, 0, 0, 1, 0, 2, 0, 0, 0, 0, 0, 0, 0, 0, 0, 2, 0, 0, 0, 0, 0, 0, 0, 1, 1, 0, 1, 1, 0, 2, 0, 0, 0, 1, 0, 0, 0, 0, 1, 0, 0, 2, 2, 2, 0, 0, 0, 0, 0, 0, 0, 0, 0, 2, 2, 3, 0, 2, 1, 2, 1, 4, 3, 6, 5, 3, 3, 2, 2, 4, 6, 425, 0, 0, 0, 0, 0, 0]",0,0.24274355133877035,-1,0
2500,"[1, 2, 0, 1, 3, 4, 0, 2, 0, 1, 0, 0, 1, 0, 2, 0, 0, 0, 0, 0, 0, 0, 0, 0, 2, 0, 0, 0, 0, 0, 0, 0, 1, 1, 0, 1, 1, 0, 2, 0, 0, 0, 1, 0, 0, 0, 0, 1, 0, 0, 2, 2, 2, 0, 0, 0, 0, 0, 0, 0, 0, 0, 2, 2, 3, 0, 2, 1, 2, 1, 4, 3, 6, 5, 3, 3, 2, 2, 4, 6, 425, 0, 0, 0, 0, 0, 0]",-1,-0.0007132116954499629,-1,0
2501,"[1, 2, 0, 1, 3, 4, 0, 2, 0, 1, 0, 0, 1, 0, 2, 0, 0, 0, 0, 0, 0, 0, 0, 0, 2, 0, 0, 0, 0, 0, 0, 0, 1, 1, 0, 1, 1, 0, 2, 0, 0, 0, 1, 0, 0, 0, 0, 1, 0, 0, 2, 2, 2, 0, 0, 0, 0, 0, 0, 0, 0, 0, 2, 2, 3, 0, 2, 1, 2, 1, 4, 3, 6, 5, 3, 3, 2, 2, 4, 6, 425, 0, 0, 0, 0, 0, 0]",0,0.24274355133877035,-1,0
2502,"[1, 2, 0, 1, 3, 4, 0, 2, 0, 1, 0, 0, 1, 0, 2, 0, 0, 0, 0, 0, 0, 0, 0, 0, 2, 0, 0, 0, 0, 0, 0, 0, 1, 1, 0, 1, 1, 0, 2, 0, 0, 0, 1, 0, 0, 0, 0, 1, 0, 0, 2, 2, 2, 0, 0, 0, 0, 0, 0, 0, 0, 0, 2, 2, 3, 0, 2, 1, 2, 1, 4, 3, 6, 5, 3, 3, 2, 2, 4, 6, 425, 0, 0, 0, 0, 0, 0]",-1,-0.0007132116954499629,-1,0
2503,"[1, 2, 0, 1, 3, 4, 0, 2, 0, 1, 0, 0, 1, 0, 2, 0, 0, 0, 0, 0, 0, 0, 0, 0, 2, 0, 0, 0, 0, 0, 0, 0, 1, 1, 0, 1, 1, 0, 2, 0, 0, 0, 1, 0, 0, 0, 0, 1, 0, 0, 2, 2, 2, 0, 0, 0, 0, 0, 0, 0, 0, 0, 2, 2, 3, 0, 2, 1, 2, 1, 4, 3, 6, 5, 3, 3, 2, 2, 4, 6, 425, 0, 0, 0, 0, 0, 0]",0,0.24274355133877035,-1,0
2504,"[1, 2, 0, 1, 3, 4, 0, 2, 0, 1, 0, 0, 1, 0, 2, 0, 0, 0, 0, 0, 0, 0, 0, 0, 2, 0, 0, 0, 0, 0, 0, 0, 1, 1, 0, 1, 1, 0, 2, 0, 0, 0, 1, 0, 0, 0, 0, 1, 0, 0, 2, 2, 2, 0, 0, 0, 0, 0, 0, 0, 0, 0, 2, 2, 3, 0, 2, 1, 2, 1, 4, 3, 6, 5, 3, 3, 2, 2, 4, 6, 425, 0, 0, 0, 0, 0, 0]",-1,-0.0007132116954499629,-1,0
2505,"[1, 2, 0, 1, 3, 4, 0, 2, 0, 1, 0, 0, 1, 0, 2, 0, 0, 0, 0, 0, 0, 0, 0, 0, 2, 0, 0, 0, 0, 0, 0, 0, 1, 1, 0, 1, 1, 0, 2, 0, 0, 0, 1, 0, 0, 0, 0, 1, 0, 0, 2, 2, 2, 0, 0, 0, 0, 0, 0, 0, 0, 0, 2, 2, 3, 0, 2, 1, 2, 1, 4, 3, 6, 5, 3, 3, 2, 2, 4, 6, 425, 0, 1, 0, 0, 0, 0]",2,0.4000246789151972,-1,0
2506,"[1, 2, 0, 1, 3, 4, 0, 2, 0, 1, 0, 0, 1, 0, 2, 0, 0, 0, 0, 0, 0, 0, 0, 0, 2, 0, 0, 0, 0, 0, 0, 0, 1, 1, 0, 1, 1, 0, 2, 0, 0, 0, 1, 0, 0, 0, 0, 1, 0, 0, 2, 2, 2, 0, 0, 0, 0, 0, 0, 0, 0, 0, 2, 2, 3, 0, 2, 1, 2, 1, 4, 3, 6, 5, 3, 3, 2, 2, 4, 6, 425, 0, 0, 0, 0, 0, 0]",-1,-0.0007132116954499629,-1,0
2507,"[1, 2, 0, 1, 3, 4, 0, 2, 0, 1, 0, 0, 1, 0, 2, 0, 0, 0, 0, 0, 0, 0, 0, 0, 2, 0, 0, 0, 0, 0, 0, 0, 1, 1, 0, 1, 1, 0, 2, 0, 0, 0, 1, 0, 0, 0, 0, 1, 0, 0, 2, 2, 2, 0, 0, 0, 0, 0, 0, 0, 0, 0, 2, 2, 3, 0, 2, 1, 2, 1, 4, 3, 6, 5, 3, 3, 2, 2, 4, 6, 425, 1, 0, 0, 0, 0, 0]",3,0.20002467891519726,-1,0
2508,"[1, 2, 0, 1, 3, 4, 0, 2, 0, 1, 0, 0, 1, 0, 2, 0, 0, 0, 0, 0, 0, 0, 0, 0, 2, 0, 0, 0, 0, 0, 0, 0, 1, 1, 0, 1, 1, 0, 2, 0, 0, 0, 1, 0, 0, 0, 0, 1, 0, 0, 2, 2, 2, 0, 0, 0, 0, 0, 0, 0, 0, 0, 2, 2, 3, 0, 2, 1, 2, 1, 4, 3, 6, 5, 3, 3, 2, 2, 4, 6, 425, 0, 0, 0, 0, 0, 0]",-1,-0.0007132116954499629,-1,0
2509,"[2, 2, 0, 1, 3, 5, 0, 2, 0, 1, 0, 0, 1, 0, 2, 0, 0, 0, 0, 0, 0, 0, 0, 0, 2, 0, 0, 0, 0, 0, 0, 0, 1, 1, 0, 1, 1, 0, 2, 0, 0, 0, 1, 0, 0, 0, 0, 1, 0, 0, 2, 2, 2, 0, 0, 0, 0, 0, 0, 0, 0, 0, 2, 2, 3, 0, 2, 1, 2, 1, 4, 3, 6, 5, 3, 3, 2, 2, 4, 6, 426, 0, 0, 0, 0, 0, 0]",4,14.273891638681432,-1,0
2510,"[2, 2, 0, 1, 3, 5, 0, 2, 0, 1, 0, 0, 1, 0, 2, 0, 0, 0, 0, 0, 0, 0, 0, 0, 2, 0, 0, 0, 0, 0, 0, 0, 1, 1, 0, 1, 1, 0, 2, 0, 0, 0, 1, 0, 0, 0, 0, 1, 0, 0, 2, 2, 2, 0, 0, 0, 0, 0, 0, 0, 0, 0, 2, 2, 3, 0, 2, 1, 2, 1, 4, 3, 6, 5, 3, 3, 2, 2, 4, 6, 426, 0, 0, 0, 0, 0, 0]",0,0.34224137982485386,-1,1
2511,"[2, 2, 0, 1, 3, 5, 0, 2, 0, 1, 0, 0, 1, 0, 2, 0, 0, 0, 0, 0, 0, 0, 0, 0, 2, 0, 0, 0, 0, 0, 0, 0, 1, 1, 0, 1, 1, 0, 2, 0, 0, 0, 1, 0, 0, 0, 0, 1, 0, 0, 2, 2, 2, 0, 0, 0, 0, 0, 0, 0, 0, 0, 2, 2, 3, 0, 2, 1, 2, 1, 4, 3, 6, 5, 3, 3, 2, 2, 4, 6, 426, 0, 0, 0, 0, 0, 0]",-1,-0.0007061151205081981,-1,1
2512,"[1, 1, 0, 1, 1, 2, 0, 1, 0, 1, 0, 0, 1, 0, 2, 0, 0, 0, 0, 0, 0, 0, 0, 0, 2, 0, 0, 0, 0, 0, 0, 0, 1, 1, 0, 1, 1, 0, 2, 0, 0, 0, 1, 0, 0, 0, 0, 1, 0, 0, 2, 2, 2, 0, 0, 0, 0, 0, 0, 0, 0, 0, 2, 2, 3, 0, 2, 1, 2, 1, 4, 3, 6, 5, 3, 3, 2, 2, 4, 2, 427, 0, 0, 0, 0, 0, 0]",4,11.575203575341018,-1,1
2513,"[1, 1, 0, 1, 1, 2, 0, 1, 0, 1, 0, 0, 1, 0, 2, 0, 0, 0, 0, 0, 0, 0, 0, 0, 2, 0, 0, 0, 0, 0, 0, 0, 1, 1, 0, 1, 1, 0, 2, 0, 0, 0, 1, 0, 0, 0, 0, 1, 0, 0, 2, 2, 2, 0, 0, 0, 0, 0, 0, 0, 0, 0, 2, 2, 3, 0, 2, 1, 2, 1, 4, 3, 6, 5, 3, 3, 2, 2, 4, 2, 427, 0, 0, 0, 0, 0, 0]",1,0.6096468968257772,-1,0
2514,"[1, 1, 0, 1, 1, 2, 0, 1, 0, 1, 0, 0, 1, 0, 2, 0, 0, 0, 0, 0, 0, 0, 0, 0, 2, 0, 0, 0, 0, 0, 0, 0, 1, 1, 0, 1, 1, 0, 2, 0, 0, 0, 1, 0, 0, 0, 0, 1, 0, 0, 2, 2, 2, 0, 0, 0, 0, 0, 0, 0, 0, 0, 2, 2, 3, 0, 2, 1, 2, 1, 4, 3, 6, 5, 3, 3, 2, 2, 4, 2, 427, 0, 0, 0, 0, 0, 0]",-1,-0.0006990891576669149,-1,0
2515,"[1, 1, 0, 1, 1, 2, 0, 1, 0, 1, 0, 0, 1, 0, 2, 0, 0, 0, 0, 0, 0, 0, 0, 0, 2, 0, 0, 0, 0, 0, 0, 0, 1, 1, 0, 1, 1, 0, 2, 0, 0, 0, 1, 0, 0, 0, 0, 1, 0, 0, 2, 2, 2, 0, 0, 0, 0, 0, 0, 0, 0, 0, 2, 2, 3, 0, 2, 1, 2, 1, 4, 3, 6, 5, 3, 3, 2, 2, 4, 2, 427, 0, 1, 0, 0, 0, 0]",2,0.40002278172616046,-1,0
2516,"[1, 1, 0, 1, 1, 2, 0, 1, 0, 1, 0, 0, 1, 0, 2, 0, 0, 0, 0, 0, 0, 0, 0, 0, 2, 0, 0, 0, 0, 0, 0, 0, 1, 1, 0, 1, 1, 0, 2, 0, 0, 0, 1, 0, 0, 0, 0, 1, 0, 0, 2, 2, 2, 0, 0, 0, 0, 0, 0, 0, 0, 0, 2, 2, 3, 0, 2, 1, 2, 1, 4, 3, 6, 5, 3, 3, 2, 2, 4, 2, 427, 0, 0, 0, 0, 0, 0]",-1,-0.0006990891576669149,-1,0
2517,"[1, 1, 0, 1, 1, 2, 0, 1, 0, 1, 0, 0, 1, 0, 2, 0, 0, 0, 0, 0, 0, 0, 0, 0, 2, 0, 0, 0, 0, 0, 0, 0, 1, 1, 0, 1, 1, 0, 2, 0, 0, 0, 1, 0, 0, 0, 0, 1, 0, 0, 2, 2, 2, 0, 0, 0, 0, 0, 0, 0, 0, 0, 2, 2, 3, 0, 2, 1, 2, 1, 4, 3, 6, 5, 3, 3, 2, 2, 4, 2, 427, 1, 0, 0, 0, 0, 0]",3,0.2000227817261605,-1,0
2518,"[1, 1, 0, 1, 1, 2, 0, 1, 0, 1, 0, 0, 1, 0, 2, 0, 0, 0, 0, 0, 0, 0, 0, 0, 2, 0, 0, 0, 0, 0, 0, 0, 1, 1, 0, 1, 1, 0, 2, 0, 0, 0, 1, 0, 0, 0, 0, 1, 0, 0, 2, 2, 2, 0, 0, 0, 0, 0, 0, 0, 0, 0, 2, 2, 3, 0, 2, 1, 2, 1, 4, 3, 6, 5, 3, 3, 2, 2, 4, 2, 427, 0, 0, 0, 0, 0, 0]",-1,-0.0006990891576669149,-1,0
2519,"[1, 1, 0, 1, 1, 2, 0, 1, 0, 1, 0, 0, 1, 0, 2, 0, 0, 0, 0, 0, 0, 0, 0, 0, 2, 0, 0, 0, 0, 0, 0, 0, 1, 1, 0, 1, 1, 0, 2, 0, 0, 0, 1, 0, 0, 0, 0, 1, 0, 0, 2, 2, 2, 0, 0, 0, 0, 0, 0, 0, 0, 0, 2, 2, 3, 0, 2, 1, 2, 1, 4, 3, 6, 5, 3, 3, 2, 2, 4, 2, 427, 0, 1, 0, 0, 0, 0]",2,0.40002278172616046,-1,0
2520,"[1, 1, 0, 1, 1, 2, 0, 1, 0, 1, 0, 0, 1, 0, 2, 0, 0, 0, 0, 0, 0, 0, 0, 0, 2, 0, 0, 0, 0, 0, 0, 0, 1, 1, 0, 1, 1, 0, 2, 0, 0, 0, 1, 0, 0, 0, 0, 1, 0, 0, 2, 2, 2, 0, 0, 0, 0, 0, 0, 0, 0, 0, 2, 2, 3, 0, 2, 1, 2, 1, 4, 3, 6, 5, 3, 3, 2, 2, 4, 2, 427, 0, 0, 0, 0, 0, 0]",-1,-0.0006990891576669149,-1,0
2521,"[1, 1, 0, 1, 1, 2, 0, 1, 0, 1, 0, 0, 1, 0, 2, 0, 0, 0, 0, 0, 0, 0, 0, 0, 2, 0, 0, 0, 0, 0, 0, 0, 1, 1, 0, 1, 1, 0, 2, 0, 0, 0, 1, 0, 0, 0, 0, 1, 0, 0, 2, 2, 2, 0, 0, 0, 0, 0, 0, 0, 0, 0, 2, 2, 3, 0, 2, 1, 2, 1, 4, 3, 6, 5, 3, 3, 2, 2, 4, 2, 427, 0, 0, 0, 0, 0, 0]",1,0.6096468968257772,-1,0
2522,"[1, 1, 0, 1, 1, 2, 0, 1, 0, 1, 0, 0, 1, 0, 2, 0, 0, 0, 0, 0, 0, 0, 0, 0, 2, 0, 0, 0, 0, 0, 0, 0, 1, 1, 0, 1, 1, 0, 2, 0, 0, 0, 1, 0, 0, 0, 0, 1, 0, 0, 2, 2, 2, 0, 0, 0, 0, 0, 0, 0, 0, 0, 2, 2, 3, 0, 2, 1, 2, 1, 4, 3, 6, 5, 3, 3, 2, 2, 4, 2, 427, 0, 0, 0, 0, 0, 0]",-1,-0.0006990891576669149,-1,0
2523,"[1, 1, 0, 1, 1, 2, 0, 1, 0, 1, 0, 0, 1, 0, 2, 0, 0, 0, 0, 0, 0, 0, 0, 0, 2, 0, 0, 0, 0, 0, 0, 0, 1, 1, 0, 1, 1, 0, 2, 0, 0, 0, 1, 0, 0, 0, 0, 1, 0, 0, 2, 2, 2, 0, 0, 0, 0, 0, 0, 0, 0, 0, 2, 2, 3, 0, 2, 1, 2, 1, 4, 3, 6, 5, 3, 3, 2, 2, 4, 2, 427, 1, 0, 0, 0, 0, 0]",3,0.2000227817261605,-1,0
2524,"[1, 1, 0, 1, 1, 2, 0, 1, 0, 1, 0, 0, 1, 0, 2, 0, 0, 0, 0, 0, 0, 0, 0, 0, 2, 0, 0, 0, 0, 0, 0, 0, 1, 1, 0, 1, 1, 0, 2, 0, 0, 0, 1, 0, 0, 0, 0, 1, 0, 0, 2, 2, 2, 0, 0, 0, 0, 0, 0, 0, 0, 0, 2, 2, 3, 0, 2, 1, 2, 1, 4, 3, 6, 5, 3, 3, 2, 2, 4, 2, 427, 0, 0, 0, 0, 0, 0]",-1,-0.0006990891576669149,-1,0
2525,"[1, 2, 0, 1, 1, 3, 0, 1, 0, 1, 0, 0, 1, 0, 2, 0, 0, 0, 0, 0, 0, 0, 0, 0, 2, 0, 0, 0, 0, 0, 0, 0, 1, 1, 0, 1, 1, 0, 2, 0, 0, 0, 1, 0, 0, 0, 0, 1, 0, 0, 2, 2, 2, 0, 0, 0, 0, 0, 0, 0, 0, 0, 2, 2, 3, 0, 2, 1, 2, 1, 4, 3, 6, 5, 3, 3, 2, 2, 4, 2, 428, 0, 0, 0, 0, 0, 0]",4,14.375188630228841,-1,0
2526,"[1, 2, 0, 1, 1, 3, 0, 1, 0, 1, 0, 0, 1, 0, 2, 0, 0, 0, 0, 0, 0, 0, 0, 0, 2, 0, 0, 0, 0, 0, 0, 0, 1, 1, 0, 1, 1, 0, 2, 0, 0, 0, 1, 0, 0, 0, 0, 1, 0, 0, 2, 2, 2, 0, 0, 0, 0, 0, 0, 0, 0, 0, 2, 2, 3, 0, 2, 1, 2, 1, 4, 3, 6, 5, 3, 3, 2, 2, 4, 2, 428, 0, 0, 0, 0, 0, 0]",-1,-0.0006921331043239751,-1,1
2527,"[1, 2, 0, 1, 1, 3, 0, 1, 0, 1, 0, 0, 1, 0, 2, 0, 0, 0, 0, 0, 0, 0, 0, 0, 2, 0, 0, 0, 0, 0, 0, 0, 1, 1, 0, 1, 1, 0, 2, 0, 0, 0, 1, 0, 0, 0, 0, 1, 0, 0, 2, 2, 2, 0, 0, 0, 0, 0, 0, 0, 0, 0, 2, 2, 3, 0, 2, 1, 2, 1, 4, 3, 6, 5, 3, 3, 2, 2, 4, 2, 428, 0, 0, 0, 0, 0, 0]",-1,-0.0006921331043239751,-1,1
2528,"[1, 2, 0, 1, 1, 4, 0, 1, 0, 1, 0, 0, 1, 0, 2, 0, 0, 0, 0, 0, 0, 0, 0, 0, 2, 0, 0, 0, 0, 0, 0, 0, 1, 1, 0, 1, 1, 0, 2, 0, 0, 0, 1, 0, 0, 0, 0, 1, 0, 0, 2, 2, 2, 0, 0, 0, 0, 0, 0, 0, 0, 0, 2, 2, 3, 0, 2, 1, 2, 1, 4, 3, 6, 5, 3, 3, 2, 2, 4, 2, 429, 0, 0, 0, 0, 0, 0]",4,11.147173523165932,-1,1
2529,"[1, 2, 0, 1, 1, 4, 0, 1, 0, 1, 0, 0, 1, 0, 2, 0, 0, 0, 0, 0, 0, 0, 0, 0, 2, 0, 0, 0, 0, 0, 0, 0, 1, 1, 0, 1, 1, 0, 2, 0, 0, 0, 1, 0, 0, 0, 0, 1, 0, 0, 2, 2, 2, 0, 0, 0, 0, 0, 0, 0, 0, 0, 2, 2, 3, 0, 2, 1, 2, 1, 4, 3, 6, 5, 3, 3, 2, 2, 4, 2, 429, 0, 0, 0, 0, 0, 0]",1,0.6096451454676123,-1,0
2530,"[1, 2, 0, 1, 1, 4, 0, 1, 0, 1, 0, 0, 1, 0, 2, 0, 0, 0, 0, 0, 0, 0, 0, 0, 2, 0, 0, 0, 0, 0, 0, 0, 1, 1, 0, 1, 1, 0, 2, 0, 0, 0, 1, 0, 0, 0, 0, 1, 0, 0, 2, 2, 2, 0, 0, 0, 0, 0, 0, 0, 0, 0, 2, 2, 3, 0, 2, 1, 2, 1, 4, 3, 6, 5, 3, 3, 2, 2, 4, 2, 429, 0, 0, 0, 0, 0, 0]",-1,-0.0006852462648682473,-1,0
2531,"[1, 2, 0, 1, 1, 4, 0, 1, 0, 1, 0, 0, 1, 0, 2, 0, 0, 0, 0, 0, 0, 0, 0, 0, 2, 0, 0, 0, 0, 0, 0, 0, 1, 1, 0, 1, 1, 0, 2, 0, 0, 0, 1, 0, 0, 0, 0, 1, 0, 0, 2, 2, 2, 0, 0, 0, 0, 0, 0, 0, 0, 0, 2, 2, 3, 0, 2, 1, 2, 1, 4, 3, 6, 5, 3, 3, 2, 2, 4, 2, 430, 0, 0, 0, 0, 0, 0]",4,14.375159261742361,-1,0
2532,"[1, 2, 0, 1, 1, 4, 0, 1, 0, 1, 0, 0, 1, 0, 2, 0, 0, 0, 0, 0, 0, 0, 0, 0, 2, 0, 0, 0, 0, 0, 0, 0, 1, 1, 0, 1, 1, 0, 2, 0, 0, 0, 1, 0, 0, 0, 0, 1, 0, 0, 2, 2, 2, 0, 0, 0, 0, 0, 0, 0, 0, 0, 2, 2, 3, 0, 2, 1, 2, 1, 4, 3, 6, 5, 3, 3, 2, 2, 4, 2, 430, 0, 0, 0, 0, 0, 0]",-1,-0.0006784279506100467,-1,1
2533,"[1, 2, 0, 1, 1, 4, 0, 1, 0, 1, 0, 0, 1, 0, 2, 0, 0, 0, 0, 0, 0, 0, 0, 0, 2, 0, 0, 0, 0, 0, 0, 0, 1, 1, 0, 1, 1, 0, 2, 0, 0, 0, 1, 0, 0, 0, 0, 1, 0, 0, 2, 2, 2, 0, 0, 0, 0, 0, 0, 0, 0, 0, 2, 2, 3, 0, 2, 1, 2, 1, 4, 3, 6, 5, 3, 3, 2, 2, 4, 2, 430, 0, 0, 0, 0, 0, 0]",-1,-0.0006784279506100467,-1,1
2534,"[1, 2, 0, 1, 1, 4, 0, 1, 0, 1, 0, 0, 1, 0, 2, 0, 0, 0, 0, 0, 0, 0, 0, 0, 2, 0, 0, 0, 0, 0, 0, 0, 1, 1, 0, 1, 1, 0, 2, 0, 0, 0, 1, 0, 0, 0, 0, 1, 0, 0, 2, 2, 2, 0, 0, 0, 0, 0, 0, 0, 0, 0, 2, 2, 3, 0, 2, 1, 2, 1, 4, 3, 6, 5, 3, 3, 2, 2, 4, 2, 431, 0, 0, 0, 0, 0, 0]",4,11.147144496123925,-1,1
2535,"[1, 3, 0, 1, 1, 5, 0, 1, 0, 1, 0, 0, 1, 0, 2, 0, 0, 0, 0, 0, 0, 0, 0, 0, 2, 0, 0, 0, 0, 0, 0, 0, 1, 1, 0, 1, 1, 0, 2, 0, 0, 0, 1, 0, 0, 0, 0, 1, 0, 0, 2, 2, 2, 0, 0, 0, 0, 0, 0, 0, 0, 0, 2, 2, 3, 0, 2, 1, 2, 1, 4, 3, 6, 5, 3, 3, 2, 2, 4, 2, 432, 0, 0, 0, 0, 0, 0]",4,14.11431747375981,-1,0
2536,"[1, 3, 0, 1, 1, 5, 0, 1, 0, 1, 0, 0, 1, 0, 2, 0, 0, 0, 0, 0, 0, 0, 0, 0, 2, 0, 0, 0, 0, 0, 0, 0, 1, 1, 0, 1, 1, 0, 2, 0, 0, 0, 1, 0, 0, 0, 0, 1, 0, 0, 2, 2, 2, 0, 0, 0, 0, 0, 0, 0, 0, 0, 2, 2, 3, 0, 2, 1, 2, 1, 4, 3, 6, 5, 3, 3, 2, 2, 4, 2, 432, 0, 0, 0, 0, 0, 0]",-1,-0.0006649941771221884,-1,1
2537,"[1, 3, 0, 1, 1, 5, 0, 1, 0, 1, 0, 0, 1, 0, 2, 0, 0, 0, 0, 0, 0, 0, 0, 0, 2, 0, 0, 0, 0, 0, 0, 0, 1, 1, 0, 1, 1, 0, 2, 0, 0, 0, 1, 0, 0, 0, 0, 1, 0, 0, 2, 2, 2, 0, 0, 0, 0, 0, 0, 0, 0, 0, 2, 2, 3, 0, 2, 1, 2, 1, 4, 3, 6, 5, 3, 3, 2, 2, 4, 2, 432, 0, 0, 0, 0, 0, 0]",-1,-0.0006649941771221884,-1,1
2538,"[1, 3, 0, 1, 1, 6, 0, 1, 0, 1, 0, 0, 1, 0, 2, 0, 0, 0, 0, 0, 0, 0, 0, 0, 2, 0, 0, 0, 0, 0, 0, 0, 1, 1, 0, 1, 1, 0, 2, 0, 0, 0, 1, 0, 0, 0, 0, 1, 0, 0, 2, 2, 2, 0, 0, 0, 0, 0, 0, 0, 0, 0, 2, 2, 3, 0, 2, 1, 2, 1, 4, 3, 6, 5, 3, 3, 2, 2, 4, 2, 433, 0, 0, 0, 0, 0, 0]",4,10.963898278452541,-1,1
2539,"[1, 3, 0, 1, 1, 6, 0, 1, 0, 1, 0, 0, 1, 0, 2, 0, 0, 0, 0, 0, 0, 0, 0, 0, 2, 0, 0, 0, 0, 0, 0, 0, 1, 1, 0, 1, 1, 0, 2, 0, 0, 0, 1, 0, 0, 0, 0, 1, 0, 0, 2, 2, 2, 0, 0, 0, 0, 0, 0, 0, 0, 0, 2, 2, 3, 0, 2, 1, 2, 1, 4, 3, 6, 5, 3, 3, 2, 2, 4, 2, 433, 1, 0, 0, 0, 0, 0]",3,0.20001792117609393,-1,0
2540,"[1, 3, 0, 1, 1, 6, 0, 1, 0, 1, 0, 0, 1, 0, 2, 0, 0, 0, 0, 0, 0, 0, 0, 0, 2, 0, 0, 0, 0, 0, 0, 0, 1, 1, 0, 1, 1, 0, 2, 0, 0, 0, 1, 0, 0, 0, 0, 1, 0, 0, 2, 2, 2, 0, 0, 0, 0, 0, 0, 0, 0, 0, 2, 2, 3, 0, 2, 1, 2, 1, 4, 3, 6, 5, 3, 3, 2, 2, 4, 2, 433, 0, 0, 0, 0, 0, 0]",-1,-0.0006583773745039876,-1,0
2541,"[1, 3, 0, 1, 1, 6, 0, 1, 0, 1, 0, 0, 1, 0, 2, 0, 0, 0, 0, 0, 0, 0, 0, 0, 2, 0, 0, 0, 0, 0, 0, 0, 1, 1, 0, 1, 1, 0, 2, 0, 0, 0, 1, 0, 0, 0, 0, 1, 0, 0, 2, 2, 2, 0, 0, 0, 0, 0, 0, 0, 0, 0, 2, 2, 3, 0, 2, 1, 2, 1, 4, 3, 6, 5, 3, 3, 2, 2, 4, 2, 433, 0, 0, 0, 0, 0, 0]",1,0.6096420362757107,-1,0
2542,"[1, 3, 0, 1, 1, 6, 0, 1, 0, 1, 0, 0, 1, 0, 2, 0, 0, 0, 0, 0, 0, 0, 0, 0, 2, 0, 0, 0, 0, 0, 0, 0, 1, 1, 0, 1, 1, 0, 2, 0, 0, 0, 1, 0, 0, 0, 0, 1, 0, 0, 2, 2, 2, 0, 0, 0, 0, 0, 0, 0, 0, 0, 2, 2, 3, 0, 2, 1, 2, 1, 4, 3, 6, 5, 3, 3, 2, 2, 4, 2, 433, 0, 0, 0, 0, 0, 0]",-1,-0.0006583773745039876,-1,0
2543,"[1, 3, 0, 1, 1, 6, 0, 1, 0, 1, 0, 0, 1, 0, 2, 0, 0, 0, 0, 0, 0, 0, 0, 0, 2, 0, 0, 0, 0, 0, 0, 0, 1, 1, 0, 1, 1, 0, 2, 0, 0, 0, 1, 0, 0, 0, 0, 1, 0, 0, 2, 2, 2, 0, 0, 0, 0, 0, 0, 0, 0, 0, 2, 2, 3, 0, 2, 1, 2, 1, 4, 3, 6, 5, 3, 3, 2, 2, 4, 2, 433, 0, 1, 0, 0, 0, 0]",2,0.4000179211760939,-1,0
2544,"[1, 3, 0, 1, 1, 6, 0, 1, 0, 1, 0, 0, 1, 0, 2, 0, 0, 0, 0, 0, 0, 0, 0, 0, 2, 0, 0, 0, 0, 0, 0, 0, 1, 1, 0, 1, 1, 0, 2, 0, 0, 0, 1, 0, 0, 0, 0, 1, 0, 0, 2, 2, 2, 0, 0, 0, 0, 0, 0, 0, 0, 0, 2, 2, 3, 0, 2, 1, 2, 1, 4, 3, 6, 5, 3, 3, 2, 2, 4, 2, 433, 0, 0, 0, 0, 0, 0]",-1,-0.0006583773745039876,-1,0
2545,"[1, 3, 0, 1, 1, 6, 0, 1, 0, 1, 0, 0, 1, 0, 2, 0, 0, 0, 0, 0, 0, 0, 0, 0, 2, 0, 0, 0, 0, 0, 0, 0, 1, 1, 0, 1, 1, 0, 2, 0, 0, 0, 1, 0, 0, 0, 0, 1, 0, 0, 2, 2, 2, 0, 0, 0, 0, 0, 0, 0, 0, 0, 2, 2, 3, 0, 2, 1, 2, 1, 4, 3, 6, 5, 3, 3, 2, 2, 4, 2, 433, 0, 0, 0, 0, 0, 0]",1,0.6096420362757107,-1,0
2546,"[1, 3, 0, 1, 1, 6, 0, 1, 0, 1, 0, 0, 1, 0, 2, 0, 0, 0, 0, 0, 0, 0, 0, 0, 2, 0, 0, 0, 0, 0, 0, 0, 1, 1, 0, 1, 1, 0, 2, 0, 0, 0, 1, 0, 0, 0, 0, 1, 0, 0, 2, 2, 2, 0, 0, 0, 0, 0, 0, 0, 0, 0, 2, 2, 3, 0, 2, 1, 2, 1, 4, 3, 6, 5, 3, 3, 2, 2, 4, 2, 433, 0, 0, 0, 0, 0, 0]",-1,-0.0006583773745039876,-1,0
2547,"[1, 3, 0, 1, 1, 6, 0, 1, 0, 1, 0, 0, 1, 0, 2, 0, 0, 0, 0, 0, 0, 0, 0, 0, 2, 0, 0, 0, 0, 0, 0, 0, 1, 1, 0, 1, 1, 0, 2, 0, 0, 0, 1, 0, 0, 0, 0, 1, 0, 0, 2, 2, 2, 0, 0, 0, 0, 0, 0, 0, 0, 0, 2, 2, 3, 0, 2, 1, 2, 1, 4, 3, 6, 5, 3, 3, 2, 2, 4, 2, 433, 0, 1, 0, 0, 0, 0]",2,0.4000179211760939,-1,0
2548,"[1, 3, 0, 1, 1, 6, 0, 1, 0, 1, 0, 0, 1, 0, 2, 0, 0, 0, 0, 0, 0, 0, 0, 0, 2, 0, 0, 0, 0, 0, 0, 0, 1, 1, 0, 1, 1, 0, 2, 0, 0, 0, 1, 0, 0, 0, 0, 1, 0, 0, 2, 2, 2, 0, 0, 0, 0, 0, 0, 0, 0, 0, 2, 2, 3, 0, 2, 1, 2, 1, 4, 3, 6, 5, 3, 3, 2, 2, 4, 2, 433, 0, 0, 0, 0, 0, 0]",-1,-0.0006583773745039876,-1,0
2549,"[1, 3, 0, 1, 1, 6, 0, 2, 0, 1, 0, 0, 1, 0, 2, 0, 0, 0, 0, 0, 0, 0, 0, 0, 2, 0, 0, 0, 0, 0, 0, 0, 1, 1, 0, 1, 1, 0, 2, 0, 0, 0, 1, 0, 0, 0, 0, 1, 0, 0, 2, 2, 2, 0, 0, 0, 0, 0, 0, 0, 0, 0, 2, 2, 3, 0, 2, 1, 2, 1, 4, 3, 6, 5, 3, 3, 2, 2, 4, 2, 434, 0, 0, 0, 0, 0, 0]",4,14.114289439601665,-1,0
2550,"[1, 3, 0, 1, 1, 6, 0, 2, 0, 1, 0, 0, 1, 0, 2, 0, 0, 0, 0, 0, 0, 0, 0, 0, 2, 0, 0, 0, 0, 0, 0, 0, 1, 1, 0, 1, 1, 0, 2, 0, 0, 0, 1, 0, 0, 0, 0, 1, 0, 0, 2, 2, 2, 0, 0, 0, 0, 0, 0, 0, 0, 0, 2, 2, 3, 0, 2, 1, 2, 1, 4, 3, 6, 5, 3, 3, 2, 2, 4, 2, 434, 0, 1, 0, 0, 0, 0]",2,0.4000172185372255,-1,1
2551,"[1, 3, 0, 1, 1, 6, 0, 2, 0, 1, 0, 0, 1, 0, 2, 0, 0, 0, 0, 0, 0, 0, 0, 0, 2, 0, 0, 0, 0, 0, 0, 0, 1, 1, 0, 1, 1, 0, 2, 0, 0, 0, 1, 0, 0, 0, 0, 1, 0, 0, 2, 2, 2, 0, 0, 0, 0, 0, 0, 0, 0, 0, 2, 2, 3, 0, 2, 1, 2, 1, 4, 3, 6, 5, 3, 3, 2, 2, 4, 2, 434, 0, 1, 0, 0, 1, 0]","[[0 3 0 1]
 [1 3 0 1]]",1.7252585510778213,-1,1
2552,"[0, 3, 0, 1, 2, 6, 0, 2, 0, 1, 0, 0, 1, 0, 2, 0, 0, 0, 0, 0, 0, 0, 0, 0, 2, 0, 0, 0, 0, 0, 0, 0, 1, 1, 0, 1, 1, 0, 2, 0, 0, 0, 1, 0, 0, 0, 0, 1, 0, 0, 2, 2, 2, 0, 0, 0, 0, 0, 0, 0, 0, 0, 2, 2, 3, 0, 2, 1, 2, 1, 4, 3, 6, 5, 3, 3, 2, 2, 4, 2, 434, 0, 0, 0, 0, 0, 0]",0,-0.1999827814627745,-1,0
2553,"[0, 3, 0, 1, 4, 6, 0, 2, 0, 1, 0, 0, 1, 0, 2, 0, 0, 0, 0, 0, 0, 0, 0, 0, 2, 0, 0, 0, 0, 0, 0, 0, 1, 1, 0, 1, 1, 0, 2, 0, 0, 0, 1, 0, 0, 0, 0, 1, 0, 0, 2, 2, 2, 0, 0, 0, 0, 0, 0, 0, 0, 0, 2, 2, 3, 0, 2, 1, 2, 1, 4, 3, 6, 5, 3, 3, 2, 2, 4, 2, 435, 0, 0, 0, 0, 0, 0]",4,11.201142608963776,-1,1
2554,"[0, 3, 0, 1, 4, 6, 0, 2, 0, 1, 0, 0, 1, 0, 2, 0, 0, 0, 0, 0, 0, 0, 0, 0, 2, 0, 0, 0, 0, 0, 0, 0, 1, 1, 0, 1, 1, 0, 2, 0, 0, 0, 1, 0, 0, 0, 0, 1, 0, 0, 2, 2, 2, 0, 0, 0, 0, 0, 0, 0, 0, 0, 2, 2, 3, 0, 2, 1, 2, 1, 4, 3, 6, 5, 3, 3, 2, 2, 4, 2, 435, 0, 1, 0, 0, 0, 0]",2,0.40001654344457027,-1,0
2555,"[0, 3, 0, 1, 4, 6, 0, 2, 0, 1, 0, 0, 1, 0, 2, 0, 0, 0, 0, 0, 0, 0, 0, 0, 2, 0, 0, 0, 0, 0, 0, 0, 1, 1, 0, 1, 1, 0, 2, 0, 0, 0, 1, 0, 0, 0, 0, 1, 0, 0, 2, 2, 2, 0, 0, 0, 0, 0, 0, 0, 0, 0, 2, 2, 3, 0, 2, 1, 2, 1, 4, 3, 6, 5, 3, 3, 2, 2, 4, 2, 435, 0, 1, 0, 0, 1, 0]","[[0 0 0 1]
 [1 0 0 0]]",0.6504414085026612,-1,0
2556,"[1, 3, 0, 0, 3, 6, 0, 3, 0, 1, 0, 0, 1, 0, 2, 0, 0, 0, 0, 0, 0, 0, 0, 0, 2, 0, 0, 0, 0, 0, 0, 0, 1, 1, 0, 1, 1, 0, 2, 0, 0, 0, 1, 0, 0, 0, 0, 1, 0, 0, 2, 2, 2, 0, 0, 0, 0, 0, 0, 0, 0, 0, 2, 2, 3, 0, 2, 1, 2, 1, 4, 3, 6, 5, 3, 3, 2, 2, 4, 2, 435, 0, 0, 0, 0, 0, 0]",0,-0.1999834565554297,-1,1
2557,"[1, 3, 0, 0, 3, 6, 0, 3, 0, 1, 0, 0, 1, 0, 2, 0, 0, 0, 0, 0, 0, 0, 0, 0, 2, 0, 0, 0, 0, 0, 0, 0, 1, 1, 0, 1, 1, 0, 2, 0, 0, 0, 1, 0, 0, 0, 0, 1, 0, 0, 2, 2, 2, 0, 0, 0, 0, 0, 0, 0, 0, 0, 2, 2, 3, 0, 2, 1, 2, 1, 4, 3, 6, 5, 3, 3, 2, 2, 4, 2, 435, 1, 0, 0, 0, 0, 0]",3,0.20001654344457032,-1,0
2558,"[1, 3, 0, 0, 3, 6, 0, 3, 0, 1, 0, 0, 1, 0, 2, 0, 0, 0, 0, 0, 0, 0, 0, 0, 2, 0, 0, 0, 0, 0, 0, 0, 1, 1, 0, 1, 1, 0, 2, 0, 0, 0, 1, 0, 0, 0, 0, 1, 0, 0, 2, 2, 2, 0, 0, 0, 0, 0, 0, 0, 0, 0, 2, 2, 3, 0, 2, 1, 2, 1, 4, 3, 6, 5, 3, 3, 2, 2, 4, 2, 435, 0, 0, 0, 0, 0, 0]",-1,-0.0006453406290239932,-1,0
2559,"[1, 3, 0, 0, 3, 6, 0, 3, 0, 1, 0, 0, 1, 0, 2, 0, 0, 0, 0, 0, 0, 0, 0, 0, 2, 0, 0, 0, 0, 0, 0, 0, 1, 1, 0, 1, 1, 0, 2, 0, 0, 0, 1, 0, 0, 0, 0, 1, 0, 0, 2, 2, 2, 0, 0, 0, 0, 0, 0, 0, 0, 0, 2, 2, 3, 0, 2, 1, 2, 1, 4, 3, 6, 5, 3, 3, 2, 2, 4, 2, 435, 0, 1, 0, 0, 0, 0]",2,0.40001654344457027,-1,0
2560,"[1, 3, 0, 0, 3, 6, 0, 3, 0, 1, 0, 0, 1, 0, 2, 0, 0, 0, 0, 0, 0, 0, 0, 0, 2, 0, 0, 0, 0, 0, 0, 0, 1, 1, 0, 1, 1, 0, 2, 0, 0, 0, 1, 0, 0, 0, 0, 1, 0, 0, 2, 2, 2, 0, 0, 0, 0, 0, 0, 0, 0, 0, 2, 2, 3, 0, 2, 1, 2, 1, 4, 3, 6, 5, 3, 3, 2, 2, 4, 2, 435, 0, 1, 0, 0, 1, 0]","[[1 0 0 0]
 [0 0 0 1]]",0.6504414085026612,-1,0
2561,"[1, 3, 0, 0, 3, 6, 0, 3, 0, 1, 0, 0, 1, 0, 2, 0, 0, 0, 0, 0, 0, 0, 0, 0, 2, 0, 0, 0, 0, 0, 0, 0, 1, 1, 0, 1, 1, 0, 2, 0, 0, 0, 1, 0, 0, 0, 0, 1, 0, 0, 2, 2, 2, 0, 0, 0, 0, 0, 0, 0, 0, 0, 2, 2, 3, 0, 2, 1, 2, 1, 4, 3, 6, 5, 3, 3, 2, 2, 4, 2, 435, 0, 0, 0, 0, 0, 0]",-1,-0.0006453406290239932,-1,1
2562,"[1, 3, 0, 0, 3, 6, 0, 3, 0, 1, 0, 0, 1, 0, 2, 0, 0, 0, 0, 0, 0, 0, 0, 0, 2, 0, 0, 0, 0, 0, 0, 0, 1, 1, 0, 1, 1, 0, 2, 0, 0, 0, 1, 0, 0, 0, 0, 1, 0, 0, 2, 2, 2, 0, 0, 0, 0, 0, 0, 0, 0, 0, 2, 2, 3, 0, 2, 1, 2, 1, 4, 3, 6, 5, 3, 3, 2, 2, 4, 2, 435, 0, 1, 0, 0, 0, 0]",2,0.40001654344457027,-1,0
2563,"[1, 3, 0, 0, 3, 6, 0, 3, 0, 1, 0, 0, 1, 0, 2, 0, 0, 0, 0, 0, 0, 0, 0, 0, 2, 0, 0, 0, 0, 0, 0, 0, 1, 1, 0, 1, 1, 0, 2, 0, 0, 0, 1, 0, 0, 0, 0, 1, 0, 0, 2, 2, 2, 0, 0, 0, 0, 0, 0, 0, 0, 0, 2, 2, 3, 0, 2, 1, 2, 1, 4, 3, 6, 5, 3, 3, 2, 2, 4, 2, 435, 0, 1, 0, 0, 1, 0]","[[1 0 0 0]
 [0 0 0 1]]",0.6504414085026612,-1,0
2564,"[1, 3, 0, 0, 3, 6, 0, 3, 0, 1, 0, 0, 1, 0, 2, 0, 0, 0, 0, 0, 0, 0, 0, 0, 2, 0, 0, 0, 0, 0, 0, 0, 1, 1, 0, 1, 1, 0, 2, 0, 0, 0, 1, 0, 0, 0, 0, 1, 0, 0, 2, 2, 2, 0, 0, 0, 0, 0, 0, 0, 0, 0, 2, 2, 3, 0, 2, 1, 2, 1, 4, 3, 6, 5, 3, 3, 2, 2, 4, 2, 435, 0, 1, 0, 0, 0, 1]",2,-0.1999834565554297,-1,1
2565,"[1, 3, 0, 0, 3, 6, 0, 3, 0, 1, 0, 0, 1, 0, 2, 0, 0, 0, 0, 0, 0, 0, 0, 0, 2, 0, 0, 0, 0, 0, 0, 0, 1, 1, 0, 1, 1, 0, 2, 0, 0, 0, 1, 0, 0, 0, 0, 1, 0, 0, 2, 2, 2, 0, 0, 0, 0, 0, 0, 0, 0, 0, 2, 2, 3, 0, 2, 1, 2, 1, 4, 3, 6, 5, 3, 3, 2, 2, 4, 2, 435, 0, 0, 1, 0, 0, 0]","[[1 3 0 1]
 [1 2 0 0]]",-0.1999834565554297,-1,1
2566,"[1, 4, 0, 1, 3, 5, 0, 2, 0, 1, 0, 0, 1, 0, 2, 0, 0, 0, 0, 0, 0, 0, 0, 0, 2, 0, 0, 0, 0, 0, 0, 0, 1, 1, 0, 1, 1, 0, 2, 0, 0, 0, 1, 0, 0, 0, 0, 1, 0, 0, 2, 2, 2, 0, 0, 0, 0, 0, 0, 0, 0, 0, 2, 2, 3, 0, 2, 1, 2, 1, 4, 3, 6, 5, 3, 3, 2, 2, 4, 2, 435, 0, 0, 0, 0, 0, 0]",0,-0.1999834565554297,-1,0
2567,"[1, 4, 0, 1, 3, 5, 0, 2, 0, 1, 0, 0, 1, 0, 2, 0, 0, 0, 0, 0, 0, 0, 0, 0, 2, 0, 0, 0, 0, 0, 0, 0, 1, 1, 0, 1, 1, 0, 2, 0, 0, 0, 1, 0, 0, 0, 0, 1, 0, 0, 2, 2, 2, 0, 0, 0, 0, 0, 0, 0, 0, 0, 2, 2, 3, 0, 2, 1, 2, 1, 4, 3, 6, 5, 3, 3, 2, 2, 4, 2, 435, 0, 1, 0, 0, 0, 0]",2,0.40001654344457027,-1,0
2568,"[1, 4, 0, 1, 3, 5, 0, 2, 0, 1, 0, 0, 1, 0, 2, 0, 0, 0, 0, 0, 0, 0, 0, 0, 2, 0, 0, 0, 0, 0, 0, 0, 1, 1, 0, 1, 1, 0, 2, 0, 0, 0, 1, 0, 0, 0, 0, 1, 0, 0, 2, 2, 2, 0, 0, 0, 0, 0, 0, 0, 0, 0, 2, 2, 3, 0, 2, 1, 2, 1, 4, 3, 6, 5, 3, 3, 2, 2, 4, 2, 435, 0, 0, 0, 0, 0, 0]",-1,-0.0006453406290239932,-1,0
2569,"[1, 4, 0, 1, 3, 5, 0, 2, 0, 1, 0, 0, 1, 0, 2, 0, 0, 0, 0, 0, 0, 0, 0, 0, 2, 0, 0, 0, 0, 0, 0, 0, 1, 1, 0, 1, 1, 0, 2, 0, 0, 0, 1, 0, 0, 0, 0, 1, 0, 0, 2, 2, 2, 0, 0, 0, 0, 0, 0, 0, 0, 0, 2, 2, 3, 0, 2, 1, 2, 1, 4, 3, 6, 5, 3, 3, 2, 2, 4, 2, 435, 0, 0, 0, 0, 0, 0]",1,0.609640658544187,-1,0
2570,"[1, 4, 0, 1, 3, 5, 0, 2, 0, 1, 0, 0, 1, 0, 2, 0, 0, 0, 0, 0, 0, 0, 0, 0, 2, 0, 0, 0, 0, 0, 0, 0, 1, 1, 0, 1, 1, 0, 2, 0, 0, 0, 1, 0, 0, 0, 0, 1, 0, 0, 2, 2, 2, 0, 0, 0, 0, 0, 0, 0, 0, 0, 2, 2, 3, 0, 2, 1, 2, 1, 4, 3, 6, 5, 3, 3, 2, 2, 4, 2, 435, 0, 0, 0, 0, 0, 0]",-1,-0.0006453406290239932,-1,0
2571,"[1, 4, 0, 1, 3, 5, 0, 2, 0, 1, 0, 0, 1, 0, 2, 0, 0, 0, 0, 0, 0, 0, 0, 0, 2, 0, 0, 0, 0, 0, 0, 0, 1, 1, 0, 1, 1, 0, 2, 0, 0, 0, 1, 0, 0, 0, 0, 1, 0, 0, 2, 2, 2, 0, 0, 0, 0, 0, 0, 0, 0, 0, 2, 2, 3, 0, 2, 1, 2, 1, 4, 3, 6, 5, 3, 3, 2, 2, 4, 2, 435, 1, 0, 0, 0, 0, 0]",3,0.20001654344457032,-1,0
2572,"[1, 4, 0, 1, 3, 5, 0, 2, 0, 1, 0, 0, 1, 0, 2, 0, 0, 0, 0, 0, 0, 0, 0, 0, 2, 0, 0, 0, 0, 0, 0, 0, 1, 1, 0, 1, 1, 0, 2, 0, 0, 0, 1, 0, 0, 0, 0, 1, 0, 0, 2, 2, 2, 0, 0, 0, 0, 0, 0, 0, 0, 0, 2, 2, 3, 0, 2, 1, 2, 1, 4, 3, 6, 5, 3, 3, 2, 2, 4, 2, 435, 0, 0, 0, 0, 0, 0]",-1,-0.0006453406290239932,-1,0
2573,"[1, 4, 0, 1, 3, 5, 0, 2, 0, 1, 0, 0, 1, 0, 2, 0, 0, 0, 0, 0, 0, 0, 0, 0, 2, 0, 0, 0, 0, 0, 0, 0, 1, 1, 0, 1, 1, 0, 2, 0, 0, 0, 1, 0, 0, 0, 0, 1, 0, 0, 2, 2, 2, 0, 0, 0, 0, 0, 0, 0, 0, 0, 2, 2, 3, 0, 2, 1, 2, 1, 4, 3, 6, 5, 3, 3, 2, 2, 4, 2, 435, 0, 0, 0, 0, 0, 0]",1,0.609640658544187,-1,0
2574,"[1, 4, 0, 1, 3, 5, 0, 2, 0, 1, 0, 0, 1, 0, 2, 0, 0, 0, 0, 0, 0, 0, 0, 0, 2, 0, 0, 0, 0, 0, 0, 0, 1, 1, 0, 1, 1, 0, 2, 0, 0, 0, 1, 0, 0, 0, 0, 1, 0, 0, 2, 2, 2, 0, 0, 0, 0, 0, 0, 0, 0, 0, 2, 2, 3, 0, 2, 1, 2, 1, 4, 3, 6, 5, 3, 3, 2, 2, 4, 2, 435, 0, 0, 0, 0, 0, 0]",-1,-0.0006453406290239932,-1,0
2575,"[1, 4, 0, 1, 3, 5, 0, 2, 0, 1, 0, 0, 1, 0, 2, 0, 0, 0, 0, 0, 0, 0, 0, 0, 2, 0, 0, 0, 0, 0, 0, 0, 1, 1, 0, 1, 1, 0, 2, 0, 0, 0, 1, 0, 0, 0, 0, 1, 0, 0, 2, 2, 2, 0, 0, 0, 0, 0, 0, 0, 0, 0, 2, 2, 3, 0, 2, 1, 2, 1, 4, 3, 6, 5, 3, 3, 2, 2, 4, 2, 435, 0, 0, 0, 0, 0, 0]",1,0.609640658544187,-1,0
2576,"[1, 4, 0, 1, 3, 5, 0, 2, 0, 1, 0, 0, 1, 0, 2, 0, 0, 0, 0, 0, 0, 0, 0, 0, 2, 0, 0, 0, 0, 0, 0, 0, 1, 1, 0, 1, 1, 0, 2, 0, 0, 0, 1, 0, 0, 0, 0, 1, 0, 0, 2, 2, 2, 0, 0, 0, 0, 0, 0, 0, 0, 0, 2, 2, 3, 0, 2, 1, 2, 1, 4, 3, 6, 5, 3, 3, 2, 2, 4, 2, 435, 0, 0, 0, 0, 0, 0]",-1,-0.0006453406290239932,-1,0
2577,"[1, 4, 0, 1, 3, 5, 0, 2, 0, 1, 0, 0, 1, 0, 2, 0, 0, 0, 0, 0, 0, 0, 0, 0, 2, 0, 0, 0, 0, 0, 0, 0, 1, 1, 0, 1, 1, 0, 2, 0, 0, 0, 1, 0, 0, 0, 0, 1, 0, 0, 2, 2, 2, 0, 0, 0, 0, 0, 0, 0, 0, 0, 2, 2, 3, 0, 2, 1, 2, 1, 4, 3, 6, 5, 3, 3, 2, 2, 4, 2, 435, 0, 1, 0, 0, 0, 0]",2,0.40001654344457027,-1,0
2578,"[1, 4, 0, 1, 3, 5, 0, 2, 0, 1, 0, 0, 1, 0, 2, 0, 0, 0, 0, 0, 0, 0, 0, 0, 2, 0, 0, 0, 0, 0, 0, 0, 1, 1, 0, 1, 1, 0, 2, 0, 0, 0, 1, 0, 0, 0, 0, 1, 0, 0, 2, 2, 2, 0, 0, 0, 0, 0, 0, 0, 0, 0, 2, 2, 3, 0, 2, 1, 2, 1, 4, 3, 6, 5, 3, 3, 2, 2, 4, 2, 435, 0, 0, 0, 0, 0, 0]",-1,-0.0006453406290239932,-1,0
2579,"[1, 4, 0, 1, 3, 5, 0, 2, 0, 1, 0, 0, 1, 0, 2, 0, 0, 0, 0, 0, 0, 0, 0, 0, 2, 0, 0, 0, 0, 0, 0, 0, 1, 1, 0, 1, 1, 0, 2, 0, 0, 0, 1, 0, 0, 0, 0, 1, 0, 0, 2, 2, 2, 0, 0, 0, 0, 0, 0, 0, 0, 0, 2, 2, 3, 0, 2, 1, 2, 1, 4, 3, 6, 5, 3, 3, 2, 2, 4, 2, 435, 1, 0, 0, 0, 0, 0]",3,0.20001654344457032,-1,0
2580,"[1, 4, 0, 1, 3, 5, 0, 2, 0, 1, 0, 0, 1, 0, 2, 0, 0, 0, 0, 0, 0, 0, 0, 0, 2, 0, 0, 0, 0, 0, 0, 0, 1, 1, 0, 1, 1, 0, 2, 0, 0, 0, 1, 0, 0, 0, 0, 1, 0, 0, 2, 2, 2, 0, 0, 0, 0, 0, 0, 0, 0, 0, 2, 2, 3, 0, 2, 1, 2, 1, 4, 3, 6, 5, 3, 3, 2, 2, 4, 2, 435, 0, 0, 0, 0, 0, 0]",-1,-0.0006453406290239932,-1,0
2581,"[1, 4, 0, 1, 3, 6, 0, 2, 0, 1, 0, 0, 1, 0, 2, 0, 0, 0, 0, 0, 0, 0, 0, 0, 2, 0, 0, 0, 0, 0, 0, 0, 1, 1, 0, 1, 1, 0, 2, 0, 0, 0, 1, 0, 0, 0, 0, 1, 0, 0, 2, 2, 2, 0, 0, 0, 0, 0, 0, 0, 0, 0, 2, 2, 3, 0, 2, 1, 2, 1, 4, 3, 6, 5, 3, 3, 2, 2, 4, 2, 436, 0, 0, 0, 0, 0, 0]",4,13.947074802665721,-1,0
2582,"[1, 4, 0, 1, 3, 6, 0, 2, 0, 1, 0, 0, 1, 0, 2, 0, 0, 0, 0, 0, 0, 0, 0, 0, 2, 0, 0, 0, 0, 0, 0, 0, 1, 1, 0, 1, 1, 0, 2, 0, 0, 0, 1, 0, 0, 0, 0, 1, 0, 0, 2, 2, 2, 0, 0, 0, 0, 0, 0, 0, 0, 0, 2, 2, 3, 0, 2, 1, 2, 1, 4, 3, 6, 5, 3, 3, 2, 2, 4, 2, 436, 1, 0, 0, 0, 0, 0]",3,0.20001589481838347,-1,1
2583,"[1, 4, 0, 1, 3, 6, 0, 2, 0, 1, 0, 0, 1, 0, 2, 0, 0, 0, 0, 0, 0, 0, 0, 0, 2, 0, 0, 0, 0, 0, 0, 0, 1, 1, 0, 1, 1, 0, 2, 0, 0, 0, 1, 0, 0, 0, 0, 1, 0, 0, 2, 2, 2, 0, 0, 0, 0, 0, 0, 0, 0, 0, 2, 2, 3, 0, 2, 1, 2, 1, 4, 3, 6, 5, 3, 3, 2, 2, 4, 2, 436, 0, 0, 0, 0, 0, 0]",-1,-0.000638919382476788,-1,1
2584,"[1, 2, 0, 1, 1, 3, 0, 1, 0, 1, 0, 0, 1, 0, 2, 0, 0, 0, 0, 0, 0, 0, 0, 0, 2, 0, 0, 0, 0, 0, 0, 0, 1, 1, 0, 1, 1, 0, 2, 0, 0, 0, 1, 0, 0, 0, 0, 1, 0, 0, 2, 2, 2, 0, 0, 0, 0, 0, 0, 0, 0, 0, 2, 2, 3, 0, 2, 1, 2, 1, 4, 3, 6, 5, 3, 3, 2, 2, 4, 6, 437, 0, 0, 0, 0, 0, 0]",4,11.314248576701615,-1,1
2585,"[1, 2, 0, 1, 1, 3, 0, 1, 0, 1, 0, 0, 1, 0, 2, 0, 0, 0, 0, 0, 0, 0, 0, 0, 2, 0, 0, 0, 0, 0, 0, 0, 1, 1, 0, 1, 1, 0, 2, 0, 0, 0, 1, 0, 0, 0, 0, 1, 0, 0, 2, 2, 2, 0, 0, 0, 0, 0, 0, 0, 0, 0, 2, 2, 3, 0, 2, 1, 2, 1, 4, 3, 6, 5, 3, 3, 2, 2, 4, 6, 438, 0, 0, 0, 0, 0, 0]",4,14.375048360286971,-1,0
2586,"[1, 2, 0, 1, 1, 3, 0, 1, 0, 1, 0, 0, 1, 0, 2, 0, 0, 0, 0, 0, 0, 0, 0, 0, 2, 0, 0, 0, 0, 0, 0, 0, 1, 1, 0, 1, 1, 0, 2, 0, 0, 0, 1, 0, 0, 0, 0, 1, 0, 0, 2, 2, 2, 0, 0, 0, 0, 0, 0, 0, 0, 0, 2, 2, 3, 0, 2, 1, 2, 1, 4, 3, 6, 5, 3, 3, 2, 2, 4, 6, 438, 0, 0, 0, 0, 0, 0]",-1,-0.0006262679310537193,-1,1
2587,"[1, 2, 0, 1, 1, 3, 0, 1, 0, 1, 0, 0, 1, 0, 2, 0, 0, 0, 0, 0, 0, 0, 0, 0, 2, 0, 0, 0, 0, 0, 0, 0, 1, 1, 0, 1, 1, 0, 2, 0, 0, 0, 1, 0, 0, 0, 0, 1, 0, 0, 2, 2, 2, 0, 0, 0, 0, 0, 0, 0, 0, 0, 2, 2, 3, 0, 2, 1, 2, 1, 4, 3, 6, 5, 3, 3, 2, 2, 4, 6, 438, 0, 0, 0, 0, 0, 0]",1,0.6096387879559443,-1,1
2588,"[1, 2, 0, 1, 1, 3, 0, 1, 0, 1, 0, 0, 1, 0, 2, 0, 0, 0, 0, 0, 0, 0, 0, 0, 2, 0, 0, 0, 0, 0, 0, 0, 1, 1, 0, 1, 1, 0, 2, 0, 0, 0, 1, 0, 0, 0, 0, 1, 0, 0, 2, 2, 2, 0, 0, 0, 0, 0, 0, 0, 0, 0, 2, 2, 3, 0, 2, 1, 2, 1, 4, 3, 6, 5, 3, 3, 2, 2, 4, 6, 438, 0, 0, 0, 0, 0, 0]",-1,-0.0006262679310537193,-1,1
2589,"[2, 2, 0, 1, 1, 4, 0, 1, 0, 1, 0, 0, 1, 0, 2, 0, 0, 0, 0, 0, 0, 0, 0, 0, 2, 0, 0, 0, 0, 0, 0, 0, 1, 1, 0, 1, 1, 0, 2, 0, 0, 0, 1, 0, 0, 0, 0, 1, 0, 0, 2, 2, 2, 0, 0, 0, 0, 0, 0, 0, 0, 0, 2, 2, 3, 0, 2, 1, 2, 1, 4, 3, 6, 5, 3, 3, 2, 2, 4, 6, 439, 0, 0, 0, 0, 0, 0]",4,11.147034860017353,-1,1
2590,"[2, 2, 0, 1, 1, 4, 0, 1, 0, 1, 0, 0, 1, 0, 2, 0, 0, 0, 0, 0, 0, 0, 0, 0, 2, 0, 0, 0, 0, 0, 0, 0, 1, 1, 0, 1, 1, 0, 2, 0, 0, 0, 1, 0, 0, 0, 0, 1, 0, 0, 2, 2, 2, 0, 0, 0, 0, 0, 0, 0, 0, 0, 2, 2, 3, 0, 2, 1, 2, 1, 4, 3, 6, 5, 3, 3, 2, 2, 4, 6, 439, 1, 0, 0, 0, 0, 0]",3,0.20001409756595556,-1,0
2591,"[0, 2, 0, 2, 1, 4, 0, 1, 0, 1, 0, 0, 1, 0, 2, 0, 0, 0, 0, 0, 0, 0, 0, 0, 2, 0, 0, 0, 0, 0, 0, 0, 1, 1, 0, 1, 1, 0, 2, 0, 0, 0, 1, 0, 0, 0, 0, 1, 0, 0, 2, 2, 2, 0, 0, 0, 0, 0, 0, 0, 0, 0, 2, 2, 3, 0, 2, 1, 2, 1, 4, 3, 6, 5, 3, 3, 2, 2, 4, 6, 439, 0, 0, 0, 0, 0, 0]","[[2 0 0 0]
 [0 0 0 1]]",-0.1985282205230034,-1,0
2592,"[0, 2, 0, 2, 1, 4, 0, 1, 0, 1, 0, 0, 1, 0, 2, 0, 0, 0, 0, 0, 0, 0, 0, 0, 2, 0, 0, 0, 0, 0, 0, 0, 1, 1, 0, 1, 1, 0, 2, 0, 0, 0, 1, 0, 0, 0, 0, 1, 0, 0, 2, 2, 2, 0, 0, 0, 0, 0, 0, 0, 0, 0, 2, 2, 3, 0, 2, 1, 2, 1, 4, 3, 6, 5, 3, 3, 2, 2, 4, 6, 439, 0, 0, 0, 0, 0, 0]",1,0.6096382126655723,-1,0
2593,"[0, 2, 0, 2, 1, 4, 0, 1, 0, 1, 0, 0, 1, 0, 2, 0, 0, 0, 0, 0, 0, 0, 0, 0, 2, 0, 0, 0, 0, 0, 0, 0, 1, 1, 0, 1, 1, 0, 2, 0, 0, 0, 1, 0, 0, 0, 0, 1, 0, 0, 2, 2, 2, 0, 0, 0, 0, 0, 0, 0, 0, 0, 2, 2, 3, 0, 2, 1, 2, 1, 4, 3, 6, 5, 3, 3, 2, 2, 4, 6, 439, 0, 0, 0, 0, 0, 0]",-1,-0.0006200364610221703,-1,0
2594,"[0, 2, 0, 2, 1, 4, 0, 1, 0, 1, 0, 0, 1, 0, 2, 0, 0, 0, 0, 0, 0, 0, 0, 0, 2, 0, 0, 0, 0, 0, 0, 0, 1, 1, 0, 1, 1, 0, 2, 0, 0, 0, 1, 0, 0, 0, 0, 1, 0, 0, 2, 2, 2, 0, 0, 0, 0, 0, 0, 0, 0, 0, 2, 2, 3, 0, 2, 1, 2, 1, 4, 3, 6, 5, 3, 3, 2, 2, 4, 6, 439, 0, 1, 0, 0, 0, 0]",2,0.4000140975659555,-1,0
2595,"[0, 2, 0, 2, 1, 4, 0, 1, 0, 1, 0, 0, 1, 0, 2, 0, 0, 0, 0, 0, 0, 0, 0, 0, 2, 0, 0, 0, 0, 0, 0, 0, 1, 1, 0, 1, 1, 0, 2, 0, 0, 0, 1, 0, 0, 0, 0, 1, 0, 0, 2, 2, 2, 0, 0, 0, 0, 0, 0, 0, 0, 0, 2, 2, 3, 0, 2, 1, 2, 1, 4, 3, 6, 5, 3, 3, 2, 2, 4, 6, 439, 0, 1, 0, 0, 1, 0]","[[0 0 0 1]
 [1 0 0 0]]",0.6504389626240464,-1,0
2596,"[1, 2, 0, 1, 0, 4, 0, 2, 0, 1, 0, 0, 1, 0, 2, 0, 0, 0, 0, 0, 0, 0, 0, 0, 2, 0, 0, 0, 0, 0, 0, 0, 1, 1, 0, 1, 1, 0, 2, 0, 0, 0, 1, 0, 0, 0, 0, 1, 0, 0, 2, 2, 2, 0, 0, 0, 0, 0, 0, 0, 0, 0, 2, 2, 3, 0, 2, 1, 2, 1, 4, 3, 6, 5, 3, 3, 2, 2, 4, 6, 439, 0, 0, 0, 0, 0, 0]",0,-0.19998590243404446,-1,1
2597,"[1, 2, 0, 1, 0, 4, 0, 2, 0, 1, 0, 0, 1, 0, 2, 0, 0, 0, 0, 0, 0, 0, 0, 0, 2, 0, 0, 0, 0, 0, 0, 0, 1, 1, 0, 1, 1, 0, 2, 0, 0, 0, 1, 0, 0, 0, 0, 1, 0, 0, 2, 2, 2, 0, 0, 0, 0, 0, 0, 0, 0, 0, 2, 2, 3, 0, 2, 1, 2, 1, 4, 3, 6, 5, 3, 3, 2, 2, 4, 6, 439, 0, 0, 0, 0, 0, 0]",0,0.24273296998952865,-1,0
2598,"[1, 2, 0, 1, 0, 4, 0, 2, 0, 1, 0, 0, 1, 0, 2, 0, 0, 0, 0, 0, 0, 0, 0, 0, 2, 0, 0, 0, 0, 0, 0, 0, 1, 1, 0, 1, 1, 0, 2, 0, 0, 0, 1, 0, 0, 0, 0, 1, 0, 0, 2, 2, 2, 0, 0, 0, 0, 0, 0, 0, 0, 0, 2, 2, 3, 0, 2, 1, 2, 1, 4, 3, 6, 5, 3, 3, 2, 2, 4, 6, 439, 0, 0, 0, 0, 0, 0]",-1,-0.0006200364610221703,-1,0
2599,"[1, 2, 0, 1, 0, 4, 0, 2, 0, 1, 0, 0, 1, 0, 2, 0, 0, 0, 0, 0, 0, 0, 0, 0, 2, 0, 0, 0, 0, 0, 0, 0, 1, 1, 0, 1, 1, 0, 2, 0, 0, 0, 1, 0, 0, 0, 0, 1, 0, 0, 2, 2, 2, 0, 0, 0, 0, 0, 0, 0, 0, 0, 2, 2, 3, 0, 2, 1, 2, 1, 4, 3, 6, 5, 3, 3, 2, 2, 4, 6, 439, 0, 0, 0, 0, 0, 0]",0,0.24273296998952865,-1,0
2600,"[1, 2, 0, 1, 0, 4, 0, 2, 0, 1, 0, 0, 1, 0, 2, 0, 0, 0, 0, 0, 0, 0, 0, 0, 2, 0, 0, 0, 0, 0, 0, 0, 1, 1, 0, 1, 1, 0, 2, 0, 0, 0, 1, 0, 0, 0, 0, 1, 0, 0, 2, 2, 2, 0, 0, 0, 0, 0, 0, 0, 0, 0, 2, 2, 3, 0, 2, 1, 2, 1, 4, 3, 6, 5, 3, 3, 2, 2, 4, 6, 439, 0, 0, 0, 0, 0, 0]",-1,-0.0006200364610221703,-1,0
2601,"[1, 2, 0, 1, 0, 4, 0, 2, 0, 1, 0, 0, 1, 0, 2, 0, 0, 0, 0, 0, 0, 0, 0, 0, 2, 0, 0, 0, 0, 0, 0, 0, 1, 1, 0, 1, 1, 0, 2, 0, 0, 0, 1, 0, 0, 0, 0, 1, 0, 0, 2, 2, 2, 0, 0, 0, 0, 0, 0, 0, 0, 0, 2, 2, 3, 0, 2, 1, 2, 1, 4, 3, 6, 5, 3, 3, 2, 2, 4, 6, 439, 0, 0, 0, 0, 0, 0]",0,0.24273296998952865,-1,0
2602,"[1, 2, 0, 1, 0, 4, 0, 2, 0, 1, 0, 0, 1, 0, 2, 0, 0, 0, 0, 0, 0, 0, 0, 0, 2, 0, 0, 0, 0, 0, 0, 0, 1, 1, 0, 1, 1, 0, 2, 0, 0, 0, 1, 0, 0, 0, 0, 1, 0, 0, 2, 2, 2, 0, 0, 0, 0, 0, 0, 0, 0, 0, 2, 2, 3, 0, 2, 1, 2, 1, 4, 3, 6, 5, 3, 3, 2, 2, 4, 6, 439, 0, 0, 0, 0, 0, 0]",-1,-0.0006200364610221703,-1,0
2603,"[1, 2, 0, 1, 0, 4, 0, 2, 0, 1, 0, 0, 1, 0, 2, 0, 0, 0, 0, 0, 0, 0, 0, 0, 2, 0, 0, 0, 0, 0, 0, 0, 1, 1, 0, 1, 1, 0, 2, 0, 0, 0, 1, 0, 0, 0, 0, 1, 0, 0, 2, 2, 2, 0, 0, 0, 0, 0, 0, 0, 0, 0, 2, 2, 3, 0, 2, 1, 2, 1, 4, 3, 6, 5, 3, 3, 2, 2, 4, 6, 439, 0, 0, 0, 0, 0, 0]",0,0.24273296998952865,-1,0
2604,"[1, 2, 0, 1, 0, 4, 0, 2, 0, 1, 0, 0, 1, 0, 2, 0, 0, 0, 0, 0, 0, 0, 0, 0, 2, 0, 0, 0, 0, 0, 0, 0, 1, 1, 0, 1, 1, 0, 2, 0, 0, 0, 1, 0, 0, 0, 0, 1, 0, 0, 2, 2, 2, 0, 0, 0, 0, 0, 0, 0, 0, 0, 2, 2, 3, 0, 2, 1, 2, 1, 4, 3, 6, 5, 3, 3, 2, 2, 4, 6, 439, 0, 0, 0, 0, 0, 0]",-1,-0.0006200364610221703,-1,0
2605,"[1, 2, 0, 1, 0, 4, 0, 2, 0, 1, 0, 0, 1, 0, 2, 0, 0, 0, 0, 0, 0, 0, 0, 0, 2, 0, 0, 0, 0, 0, 0, 0, 1, 1, 0, 1, 1, 0, 2, 0, 0, 0, 1, 0, 0, 0, 0, 1, 0, 0, 2, 2, 2, 0, 0, 0, 0, 0, 0, 0, 0, 0, 2, 2, 3, 0, 2, 1, 2, 1, 4, 3, 6, 5, 3, 3, 2, 2, 4, 6, 439, 0, 0, 0, 0, 0, 0]",0,0.24273296998952865,-1,0
2606,"[1, 2, 0, 1, 0, 4, 0, 2, 0, 1, 0, 0, 1, 0, 2, 0, 0, 0, 0, 0, 0, 0, 0, 0, 2, 0, 0, 0, 0, 0, 0, 0, 1, 1, 0, 1, 1, 0, 2, 0, 0, 0, 1, 0, 0, 0, 0, 1, 0, 0, 2, 2, 2, 0, 0, 0, 0, 0, 0, 0, 0, 0, 2, 2, 3, 0, 2, 1, 2, 1, 4, 3, 6, 5, 3, 3, 2, 2, 4, 6, 439, 0, 0, 0, 0, 0, 0]",-1,-0.0006200364610221703,-1,0
2607,"[1, 2, 0, 1, 0, 4, 0, 2, 0, 1, 0, 0, 1, 0, 2, 0, 0, 0, 0, 0, 0, 0, 0, 0, 2, 0, 0, 0, 0, 0, 0, 0, 1, 1, 0, 1, 1, 0, 2, 0, 0, 0, 1, 0, 0, 0, 0, 1, 0, 0, 2, 2, 2, 0, 0, 0, 0, 0, 0, 0, 0, 0, 2, 2, 3, 0, 2, 1, 2, 1, 4, 3, 6, 5, 3, 3, 2, 2, 4, 6, 439, 0, 0, 0, 0, 0, 0]",0,0.24273296998952865,-1,0
2608,"[1, 2, 0, 1, 0, 4, 0, 2, 0, 1, 0, 0, 1, 0, 2, 0, 0, 0, 0, 0, 0, 0, 0, 0, 2, 0, 0, 0, 0, 0, 0, 0, 1, 1, 0, 1, 1, 0, 2, 0, 0, 0, 1, 0, 0, 0, 0, 1, 0, 0, 2, 2, 2, 0, 0, 0, 0, 0, 0, 0, 0, 0, 2, 2, 3, 0, 2, 1, 2, 1, 4, 3, 6, 5, 3, 3, 2, 2, 4, 6, 439, 0, 0, 0, 0, 0, 0]",-1,-0.0006200364610221703,-1,0
2609,"[1, 2, 0, 1, 0, 4, 0, 2, 0, 1, 0, 0, 1, 0, 2, 0, 0, 0, 0, 0, 0, 0, 0, 0, 2, 0, 0, 0, 0, 0, 0, 0, 1, 1, 0, 1, 1, 0, 2, 0, 0, 0, 1, 0, 0, 0, 0, 1, 0, 0, 2, 2, 2, 0, 0, 0, 0, 0, 0, 0, 0, 0, 2, 2, 3, 0, 2, 1, 2, 1, 4, 3, 6, 5, 3, 3, 2, 2, 4, 6, 439, 0, 0, 0, 0, 0, 0]",0,0.24273296998952865,-1,0
2610,"[1, 2, 0, 1, 0, 4, 0, 2, 0, 1, 0, 0, 1, 0, 2, 0, 0, 0, 0, 0, 0, 0, 0, 0, 2, 0, 0, 0, 0, 0, 0, 0, 1, 1, 0, 1, 1, 0, 2, 0, 0, 0, 1, 0, 0, 0, 0, 1, 0, 0, 2, 2, 2, 0, 0, 0, 0, 0, 0, 0, 0, 0, 2, 2, 3, 0, 2, 1, 2, 1, 4, 3, 6, 5, 3, 3, 2, 2, 4, 6, 439, 0, 0, 0, 0, 0, 0]",-1,-0.0006200364610221703,-1,0
2611,"[1, 2, 0, 1, 0, 4, 0, 2, 0, 1, 0, 0, 1, 0, 2, 0, 0, 0, 0, 0, 0, 0, 0, 0, 2, 0, 0, 0, 0, 0, 0, 0, 1, 1, 0, 1, 1, 0, 2, 0, 0, 0, 1, 0, 0, 0, 0, 1, 0, 0, 2, 2, 2, 0, 0, 0, 0, 0, 0, 0, 0, 0, 2, 2, 3, 0, 2, 1, 2, 1, 4, 3, 6, 5, 3, 3, 2, 2, 4, 6, 439, 0, 0, 0, 0, 0, 0]",0,0.24273296998952865,-1,0
2612,"[1, 2, 0, 1, 0, 4, 0, 2, 0, 1, 0, 0, 1, 0, 2, 0, 0, 0, 0, 0, 0, 0, 0, 0, 2, 0, 0, 0, 0, 0, 0, 0, 1, 1, 0, 1, 1, 0, 2, 0, 0, 0, 1, 0, 0, 0, 0, 1, 0, 0, 2, 2, 2, 0, 0, 0, 0, 0, 0, 0, 0, 0, 2, 2, 3, 0, 2, 1, 2, 1, 4, 3, 6, 5, 3, 3, 2, 2, 4, 6, 439, 0, 0, 0, 0, 0, 0]",-1,-0.0006200364610221703,-1,0
2613,"[1, 3, 0, 1, 0, 5, 0, 2, 0, 1, 0, 0, 1, 0, 2, 0, 0, 0, 0, 0, 0, 0, 0, 0, 2, 0, 0, 0, 0, 0, 0, 0, 1, 1, 0, 1, 1, 0, 2, 0, 0, 0, 1, 0, 0, 0, 0, 1, 0, 0, 2, 2, 2, 0, 0, 0, 0, 0, 0, 0, 0, 0, 2, 2, 3, 0, 2, 1, 2, 1, 4, 3, 6, 5, 3, 3, 2, 2, 4, 6, 440, 0, 0, 0, 0, 0, 0]",4,14.114209084067399,-1,0
2614,"[1, 3, 0, 1, 0, 5, 0, 2, 0, 1, 0, 0, 1, 0, 2, 0, 0, 0, 0, 0, 0, 0, 0, 0, 2, 0, 0, 0, 0, 0, 0, 0, 1, 1, 0, 1, 1, 0, 2, 0, 0, 0, 1, 0, 0, 0, 0, 1, 0, 0, 2, 2, 2, 0, 0, 0, 0, 0, 0, 0, 0, 0, 2, 2, 3, 0, 2, 1, 2, 1, 4, 3, 6, 5, 3, 3, 2, 2, 4, 6, 440, 1, 0, 0, 0, 0, 0]",3,0.20001354482992395,-1,1
2615,"[1, 3, 0, 1, 0, 5, 0, 2, 0, 1, 0, 0, 1, 0, 2, 0, 0, 0, 0, 0, 0, 0, 0, 0, 2, 0, 0, 0, 0, 0, 0, 0, 1, 1, 0, 1, 1, 0, 2, 0, 0, 0, 1, 0, 0, 0, 0, 1, 0, 0, 2, 2, 2, 0, 0, 0, 0, 0, 0, 0, 0, 0, 2, 2, 3, 0, 2, 1, 2, 1, 4, 3, 6, 5, 3, 3, 2, 2, 4, 6, 440, 0, 0, 0, 0, 0, 0]",-1,-0.0006138669951534218,-1,1
2616,"[1, 3, 0, 1, 2, 5, 0, 2, 0, 1, 0, 0, 1, 0, 2, 0, 0, 0, 0, 0, 0, 0, 0, 0, 2, 0, 0, 0, 0, 0, 0, 0, 1, 1, 0, 1, 1, 0, 2, 0, 0, 0, 1, 0, 0, 0, 0, 1, 0, 0, 2, 2, 2, 0, 0, 0, 0, 0, 0, 0, 0, 0, 2, 2, 3, 0, 2, 1, 2, 1, 4, 3, 6, 5, 3, 3, 2, 2, 4, 6, 441, 0, 0, 0, 0, 0, 0]",4,11.234047417303245,-1,1
2617,"[1, 3, 0, 1, 2, 5, 0, 2, 0, 1, 0, 0, 1, 0, 2, 0, 0, 0, 0, 0, 0, 0, 0, 0, 2, 0, 0, 0, 0, 0, 0, 0, 1, 1, 0, 1, 1, 0, 2, 0, 0, 0, 1, 0, 0, 0, 0, 1, 0, 0, 2, 2, 2, 0, 0, 0, 0, 0, 0, 0, 0, 0, 2, 2, 3, 0, 2, 1, 2, 1, 4, 3, 6, 5, 3, 3, 2, 2, 4, 6, 441, 0, 1, 0, 0, 0, 0]",2,0.4000130137641041,-1,0
2618,"[1, 3, 0, 1, 2, 5, 0, 2, 0, 1, 0, 0, 1, 0, 2, 0, 0, 0, 0, 0, 0, 0, 0, 0, 2, 0, 0, 0, 0, 0, 0, 0, 1, 1, 0, 1, 1, 0, 2, 0, 0, 0, 1, 0, 0, 0, 0, 1, 0, 0, 2, 2, 2, 0, 0, 0, 0, 0, 0, 0, 0, 0, 2, 2, 3, 0, 2, 1, 2, 1, 4, 3, 6, 5, 3, 3, 2, 2, 4, 6, 441, 0, 0, 0, 0, 0, 0]",-1,-0.0006077589164957468,-1,0
2619,"[1, 3, 0, 1, 2, 5, 0, 2, 0, 1, 0, 0, 1, 0, 2, 0, 0, 0, 0, 0, 0, 0, 0, 0, 2, 0, 0, 0, 0, 0, 0, 0, 1, 1, 0, 1, 1, 0, 2, 0, 0, 0, 1, 0, 0, 0, 0, 1, 0, 0, 2, 2, 2, 0, 0, 0, 0, 0, 0, 0, 0, 0, 2, 2, 3, 0, 2, 1, 2, 1, 4, 3, 6, 5, 3, 3, 2, 2, 4, 6, 441, 0, 1, 0, 0, 0, 0]",2,0.4000130137641041,-1,0
2620,"[1, 3, 0, 1, 2, 5, 0, 2, 0, 1, 0, 0, 1, 0, 2, 0, 0, 0, 0, 0, 0, 0, 0, 0, 2, 0, 0, 0, 0, 0, 0, 0, 1, 1, 0, 1, 1, 0, 2, 0, 0, 0, 1, 0, 0, 0, 0, 1, 0, 0, 2, 2, 2, 0, 0, 0, 0, 0, 0, 0, 0, 0, 2, 2, 3, 0, 2, 1, 2, 1, 4, 3, 6, 5, 3, 3, 2, 2, 4, 6, 441, 0, 0, 0, 0, 0, 0]",-1,-0.0006077589164957468,-1,0
2621,"[1, 3, 0, 1, 2, 5, 0, 2, 0, 1, 0, 0, 1, 0, 2, 0, 0, 0, 0, 0, 0, 0, 0, 0, 2, 0, 0, 0, 0, 0, 0, 0, 1, 1, 0, 1, 1, 0, 2, 0, 0, 0, 1, 0, 0, 0, 0, 1, 0, 0, 2, 2, 2, 0, 0, 0, 0, 0, 0, 0, 0, 0, 2, 2, 3, 0, 2, 1, 2, 1, 4, 3, 6, 5, 3, 3, 2, 2, 4, 6, 441, 0, 1, 0, 0, 0, 0]",2,0.4000130137641041,-1,0
2622,"[1, 3, 0, 1, 2, 5, 0, 2, 0, 1, 0, 0, 1, 0, 2, 0, 0, 0, 0, 0, 0, 0, 0, 0, 2, 0, 0, 0, 0, 0, 0, 0, 1, 1, 0, 1, 1, 0, 2, 0, 0, 0, 1, 0, 0, 0, 0, 1, 0, 0, 2, 2, 2, 0, 0, 0, 0, 0, 0, 0, 0, 0, 2, 2, 3, 0, 2, 1, 2, 1, 4, 3, 6, 5, 3, 3, 2, 2, 4, 6, 441, 0, 0, 0, 0, 0, 0]",-1,-0.0006077589164957468,-1,0
2623,"[1, 3, 0, 1, 2, 5, 0, 2, 0, 1, 0, 0, 1, 0, 2, 0, 0, 0, 0, 0, 0, 0, 0, 0, 2, 0, 0, 0, 0, 0, 0, 0, 1, 1, 0, 1, 1, 0, 2, 0, 0, 0, 1, 0, 0, 0, 0, 1, 0, 0, 2, 2, 2, 0, 0, 0, 0, 0, 0, 0, 0, 0, 2, 2, 3, 0, 2, 1, 2, 1, 4, 3, 6, 5, 3, 3, 2, 2, 4, 6, 442, 0, 0, 0, 0, 0, 0]",4,14.114183487667438,-1,0
2624,"[1, 3, 0, 1, 2, 5, 0, 2, 0, 1, 0, 0, 1, 0, 2, 0, 0, 0, 0, 0, 0, 0, 0, 0, 2, 0, 0, 0, 0, 0, 0, 0, 1, 1, 0, 1, 1, 0, 2, 0, 0, 0, 1, 0, 0, 0, 0, 1, 0, 0, 2, 2, 2, 0, 0, 0, 0, 0, 0, 0, 0, 0, 2, 2, 3, 0, 2, 1, 2, 1, 4, 3, 6, 5, 3, 3, 2, 2, 4, 6, 442, 0, 0, 0, 0, 0, 0]",0,0.34223017198805444,-1,1
2625,"[1, 3, 0, 1, 2, 5, 0, 2, 0, 1, 0, 0, 1, 0, 2, 0, 0, 0, 0, 0, 0, 0, 0, 0, 2, 0, 0, 0, 0, 0, 0, 0, 1, 1, 0, 1, 1, 0, 2, 0, 0, 0, 1, 0, 0, 0, 0, 1, 0, 0, 2, 2, 2, 0, 0, 0, 0, 0, 0, 0, 0, 0, 2, 2, 3, 0, 2, 1, 2, 1, 4, 3, 6, 5, 3, 3, 2, 2, 4, 6, 442, 0, 0, 0, 0, 0, 0]",-1,-0.0006017116142361888,-1,1
2626,"[1, 3, 0, 1, 2, 5, 0, 2, 0, 1, 0, 0, 1, 0, 2, 0, 0, 0, 0, 0, 0, 0, 0, 0, 2, 0, 0, 0, 0, 0, 0, 0, 1, 1, 0, 1, 1, 0, 2, 0, 0, 0, 1, 0, 0, 0, 0, 1, 0, 0, 2, 2, 2, 0, 0, 0, 0, 0, 0, 0, 0, 0, 2, 2, 3, 0, 2, 1, 2, 1, 4, 3, 6, 5, 3, 3, 2, 2, 4, 6, 443, 0, 0, 0, 0, 0, 0]",4,11.234022106055779,-1,1
2627,"[1, 3, 0, 1, 2, 5, 0, 2, 0, 1, 0, 0, 1, 0, 2, 0, 0, 0, 0, 0, 0, 0, 0, 0, 2, 0, 0, 0, 0, 0, 0, 0, 1, 1, 0, 1, 1, 0, 2, 0, 0, 0, 1, 0, 0, 0, 0, 1, 0, 0, 2, 2, 2, 0, 0, 0, 0, 0, 0, 0, 0, 0, 2, 2, 3, 0, 2, 1, 2, 1, 4, 3, 6, 5, 3, 3, 2, 2, 4, 6, 443, 0, 1, 0, 0, 0, 0]",2,0.4000120132784717,-1,0
2628,"[1, 3, 0, 1, 2, 5, 0, 2, 0, 1, 0, 0, 1, 0, 2, 0, 0, 0, 0, 0, 0, 0, 0, 0, 2, 0, 0, 0, 0, 0, 0, 0, 1, 1, 0, 1, 1, 0, 2, 0, 0, 0, 1, 0, 0, 0, 0, 1, 0, 0, 2, 2, 2, 0, 0, 0, 0, 0, 0, 0, 0, 0, 2, 2, 3, 0, 2, 1, 2, 1, 4, 3, 6, 5, 3, 3, 2, 2, 4, 6, 443, 0, 0, 0, 0, 0, 0]",-1,-0.0005957244836394824,-1,0
2629,"[1, 3, 0, 1, 2, 5, 0, 2, 0, 1, 0, 0, 1, 0, 2, 0, 0, 0, 0, 0, 0, 0, 0, 0, 2, 0, 0, 0, 0, 0, 0, 0, 1, 1, 0, 1, 1, 0, 2, 0, 0, 0, 1, 0, 0, 0, 0, 1, 0, 0, 2, 2, 2, 0, 0, 0, 0, 0, 0, 0, 0, 0, 2, 2, 3, 0, 2, 1, 2, 1, 4, 3, 6, 5, 3, 3, 2, 2, 4, 6, 443, 0, 1, 0, 0, 0, 0]",2,0.4000120132784717,-1,0
2630,"[1, 3, 0, 1, 2, 5, 0, 2, 0, 1, 0, 0, 1, 0, 2, 0, 0, 0, 0, 0, 0, 0, 0, 0, 2, 0, 0, 0, 0, 0, 0, 0, 1, 1, 0, 1, 1, 0, 2, 0, 0, 0, 1, 0, 0, 0, 0, 1, 0, 0, 2, 2, 2, 0, 0, 0, 0, 0, 0, 0, 0, 0, 2, 2, 3, 0, 2, 1, 2, 1, 4, 3, 6, 5, 3, 3, 2, 2, 4, 6, 443, 0, 0, 0, 0, 0, 0]",-1,-0.0005957244836394824,-1,0
2631,"[1, 3, 0, 1, 2, 5, 0, 2, 0, 1, 0, 0, 1, 0, 2, 0, 0, 0, 0, 0, 0, 0, 0, 0, 2, 0, 0, 0, 0, 0, 0, 0, 1, 1, 0, 1, 1, 0, 2, 0, 0, 0, 1, 0, 0, 0, 0, 1, 0, 0, 2, 2, 2, 0, 0, 0, 0, 0, 0, 0, 0, 0, 2, 2, 3, 0, 2, 1, 2, 1, 4, 3, 6, 5, 3, 3, 2, 2, 4, 6, 443, 0, 0, 0, 0, 0, 0]",1,0.6096361283780884,-1,0
2632,"[1, 3, 0, 1, 2, 5, 0, 2, 0, 1, 0, 0, 1, 0, 2, 0, 0, 0, 0, 0, 0, 0, 0, 0, 2, 0, 0, 0, 0, 0, 0, 0, 1, 1, 0, 1, 1, 0, 2, 0, 0, 0, 1, 0, 0, 0, 0, 1, 0, 0, 2, 2, 2, 0, 0, 0, 0, 0, 0, 0, 0, 0, 2, 2, 3, 0, 2, 1, 2, 1, 4, 3, 6, 5, 3, 3, 2, 2, 4, 6, 443, 0, 0, 0, 0, 0, 0]",-1,-0.0005957244836394824,-1,0
2633,"[1, 3, 0, 1, 2, 5, 0, 2, 0, 1, 0, 0, 1, 0, 2, 0, 0, 0, 0, 0, 0, 0, 0, 0, 2, 0, 0, 0, 0, 0, 0, 0, 1, 1, 0, 1, 1, 0, 2, 0, 0, 0, 1, 0, 0, 0, 0, 1, 0, 0, 2, 2, 2, 0, 0, 0, 0, 0, 0, 0, 0, 0, 2, 2, 3, 0, 2, 1, 2, 1, 4, 3, 6, 5, 3, 3, 2, 2, 4, 6, 443, 0, 1, 0, 0, 0, 0]",2,0.4000120132784717,-1,0
2634,"[1, 3, 0, 1, 2, 5, 0, 2, 0, 1, 0, 0, 1, 0, 2, 0, 0, 0, 0, 0, 0, 0, 0, 0, 2, 0, 0, 0, 0, 0, 0, 0, 1, 1, 0, 1, 1, 0, 2, 0, 0, 0, 1, 0, 0, 0, 0, 1, 0, 0, 2, 2, 2, 0, 0, 0, 0, 0, 0, 0, 0, 0, 2, 2, 3, 0, 2, 1, 2, 1, 4, 3, 6, 5, 3, 3, 2, 2, 4, 6, 443, 0, 0, 0, 0, 0, 0]",-1,-0.0005957244836394824,-1,0
2635,"[1, 4, 0, 1, 2, 6, 0, 2, 0, 1, 0, 0, 1, 0, 2, 0, 0, 0, 0, 0, 0, 0, 0, 0, 2, 0, 0, 0, 0, 0, 0, 0, 1, 1, 0, 1, 1, 0, 2, 0, 0, 0, 1, 0, 0, 0, 0, 1, 0, 0, 2, 2, 2, 0, 0, 0, 0, 0, 0, 0, 0, 0, 2, 2, 3, 0, 2, 1, 2, 1, 4, 3, 6, 5, 3, 3, 2, 2, 4, 6, 444, 0, 0, 0, 0, 0, 0]",4,13.94697121781484,-1,0
2636,"[1, 4, 0, 1, 2, 6, 0, 2, 0, 1, 0, 0, 1, 0, 2, 0, 0, 0, 0, 0, 0, 0, 0, 0, 2, 0, 0, 0, 0, 0, 0, 0, 1, 1, 0, 1, 1, 0, 2, 0, 0, 0, 1, 0, 0, 0, 0, 1, 0, 0, 2, 2, 2, 0, 0, 0, 0, 0, 0, 0, 0, 0, 2, 2, 3, 0, 2, 1, 2, 1, 4, 3, 6, 5, 3, 3, 2, 2, 4, 6, 444, 0, 1, 0, 0, 0, 0]",2,0.40001154225826996,-1,1
2637,"[1, 4, 0, 1, 2, 6, 0, 2, 0, 1, 0, 0, 1, 0, 2, 0, 0, 0, 0, 0, 0, 0, 0, 0, 2, 0, 0, 0, 0, 0, 0, 0, 1, 1, 0, 1, 1, 0, 2, 0, 0, 0, 1, 0, 0, 0, 0, 1, 0, 0, 2, 2, 2, 0, 0, 0, 0, 0, 0, 0, 0, 0, 2, 2, 3, 0, 2, 1, 2, 1, 4, 3, 6, 5, 3, 3, 2, 2, 4, 6, 444, 0, 1, 0, 0, 1, 0]","[[1 2 0 1]
 [1 4 0 1]]",2.1225024269819883,-1,1
2638,"[1, 2, 0, 1, 2, 8, 0, 2, 0, 1, 0, 0, 1, 0, 2, 0, 0, 0, 0, 0, 0, 0, 0, 0, 2, 0, 0, 0, 0, 0, 0, 0, 1, 1, 0, 1, 1, 0, 2, 0, 0, 0, 1, 0, 0, 0, 0, 1, 0, 0, 2, 2, 2, 0, 0, 0, 0, 0, 0, 0, 0, 0, 2, 2, 3, 0, 2, 1, 2, 1, 4, 3, 6, 5, 3, 3, 2, 2, 4, 6, 444, 0, 0, 0, 0, 0, 0]",0,-0.19998845774173005,-1,0
2639,"[1, 2, 0, 1, 2, 8, 0, 2, 0, 1, 0, 0, 1, 0, 2, 0, 0, 0, 0, 0, 0, 0, 0, 0, 2, 0, 0, 0, 0, 0, 0, 0, 1, 1, 0, 1, 1, 0, 2, 0, 0, 0, 1, 0, 0, 0, 0, 1, 0, 0, 2, 2, 2, 0, 0, 0, 0, 0, 0, 0, 0, 0, 2, 2, 3, 0, 2, 1, 2, 1, 4, 3, 6, 5, 3, 3, 2, 2, 4, 6, 444, 1, 0, 0, 0, 0, 0]",3,0.20001154225826998,-1,1
2640,"[1, 2, 0, 1, 2, 8, 0, 2, 0, 1, 0, 0, 1, 0, 2, 0, 0, 0, 0, 0, 0, 0, 0, 0, 2, 0, 0, 0, 0, 0, 0, 0, 1, 1, 0, 1, 1, 0, 2, 0, 0, 0, 1, 0, 0, 0, 0, 1, 0, 0, 2, 2, 2, 0, 0, 0, 0, 0, 0, 0, 0, 0, 2, 2, 3, 0, 2, 1, 2, 1, 4, 3, 6, 5, 3, 3, 2, 2, 4, 6, 444, 0, 0, 0, 0, 0, 0]",-1,-0.0005897969259875781,-1,1
2641,"[2, 2, 0, 1, 2, 9, 0, 2, 0, 1, 0, 0, 1, 0, 2, 0, 0, 0, 0, 0, 0, 0, 0, 0, 2, 0, 0, 0, 0, 0, 0, 0, 1, 1, 0, 1, 1, 0, 2, 0, 0, 0, 1, 0, 0, 0, 0, 1, 0, 0, 2, 2, 2, 0, 0, 0, 0, 0, 0, 0, 0, 0, 2, 2, 3, 0, 2, 1, 2, 1, 4, 3, 6, 5, 3, 3, 2, 2, 4, 6, 445, 0, 0, 0, 0, 0, 0]",4,10.996927928368565,-1,1
2642,"[2, 2, 0, 1, 2, 9, 0, 2, 0, 1, 0, 0, 1, 0, 2, 0, 0, 0, 0, 0, 0, 0, 0, 0, 2, 0, 0, 0, 0, 0, 0, 0, 1, 1, 0, 1, 1, 0, 2, 0, 0, 0, 1, 0, 0, 0, 0, 1, 0, 0, 2, 2, 2, 0, 0, 0, 0, 0, 0, 0, 0, 0, 2, 2, 3, 0, 2, 1, 2, 1, 4, 3, 6, 5, 3, 3, 2, 2, 4, 6, 445, 1, 0, 0, 0, 0, 0]",3,0.20001108970494458,-1,0
2643,"[0, 2, 0, 2, 2, 9, 0, 2, 0, 1, 0, 0, 1, 0, 2, 0, 0, 0, 0, 0, 0, 0, 0, 0, 2, 0, 0, 0, 0, 0, 0, 0, 1, 1, 0, 1, 1, 0, 2, 0, 0, 0, 1, 0, 0, 0, 0, 1, 0, 0, 2, 2, 2, 0, 0, 0, 0, 0, 0, 0, 0, 0, 2, 2, 3, 0, 2, 1, 2, 1, 4, 3, 6, 5, 3, 3, 2, 2, 4, 6, 445, 0, 0, 0, 0, 0, 0]","[[2 0 0 0]
 [0 0 0 1]]",-0.19853122838401438,-1,0
2644,"[0, 2, 0, 2, 2, 9, 0, 2, 0, 1, 0, 0, 1, 0, 2, 0, 0, 0, 0, 0, 0, 0, 0, 0, 2, 0, 0, 0, 0, 0, 0, 0, 1, 1, 0, 1, 1, 0, 2, 0, 0, 0, 1, 0, 0, 0, 0, 1, 0, 0, 2, 2, 2, 0, 0, 0, 0, 0, 0, 0, 0, 0, 2, 2, 3, 0, 2, 1, 2, 1, 4, 3, 6, 5, 3, 3, 2, 2, 4, 6, 445, 0, 0, 0, 0, 0, 0]",1,0.6096352048045612,-1,0
2645,"[0, 2, 0, 2, 2, 9, 0, 2, 0, 1, 0, 0, 1, 0, 2, 0, 0, 0, 0, 0, 0, 0, 0, 0, 2, 0, 0, 0, 0, 0, 0, 0, 1, 1, 0, 1, 1, 0, 2, 0, 0, 0, 1, 0, 0, 0, 0, 1, 0, 0, 2, 2, 2, 0, 0, 0, 0, 0, 0, 0, 0, 0, 2, 2, 3, 0, 2, 1, 2, 1, 4, 3, 6, 5, 3, 3, 2, 2, 4, 6, 445, 0, 0, 0, 0, 0, 0]",-1,-0.0005839283485197721,-1,0
2646,"[0, 2, 0, 2, 2, 9, 0, 2, 0, 1, 0, 0, 1, 0, 2, 0, 0, 0, 0, 0, 0, 0, 0, 0, 2, 0, 0, 0, 0, 0, 0, 0, 1, 1, 0, 1, 1, 0, 2, 0, 0, 0, 1, 0, 0, 0, 0, 1, 0, 0, 2, 2, 2, 0, 0, 0, 0, 0, 0, 0, 0, 0, 2, 2, 3, 0, 2, 1, 2, 1, 4, 3, 6, 5, 3, 3, 2, 2, 4, 6, 446, 0, 0, 0, 0, 0, 0]",4,14.017241180532778,-1,0
2647,"[0, 2, 0, 2, 2, 9, 0, 2, 0, 1, 0, 0, 1, 0, 2, 0, 0, 0, 0, 0, 0, 0, 0, 0, 2, 0, 0, 0, 0, 0, 0, 0, 1, 1, 0, 1, 1, 0, 2, 0, 0, 0, 1, 0, 0, 0, 0, 1, 0, 0, 2, 2, 2, 0, 0, 0, 0, 0, 0, 0, 0, 0, 2, 2, 3, 0, 2, 1, 2, 1, 4, 3, 6, 5, 3, 3, 2, 2, 4, 6, 446, 0, 1, 0, 0, 0, 0]",2,0.40001065489455956,-1,1
2648,"[0, 2, 0, 2, 2, 9, 0, 2, 0, 1, 0, 0, 1, 0, 2, 0, 0, 0, 0, 0, 0, 0, 0, 0, 2, 0, 0, 0, 0, 0, 0, 0, 1, 1, 0, 1, 1, 0, 2, 0, 0, 0, 1, 0, 0, 0, 0, 1, 0, 0, 2, 2, 2, 0, 0, 0, 0, 0, 0, 0, 0, 0, 2, 2, 3, 0, 2, 1, 2, 1, 4, 3, 6, 5, 3, 3, 2, 2, 4, 6, 446, 0, 1, 0, 0, 1, 0]","[[1 3 0 1]
 [0 2 0 1]]",-0.17610502062487007,-1,1
2649,"[0, 2, 0, 2, 2, 9, 0, 2, 0, 1, 0, 0, 1, 0, 2, 0, 0, 0, 0, 0, 0, 0, 0, 0, 2, 0, 0, 0, 0, 0, 0, 0, 1, 1, 0, 1, 1, 0, 2, 0, 0, 0, 1, 0, 0, 0, 0, 1, 0, 0, 2, 2, 2, 0, 0, 0, 0, 0, 0, 0, 0, 0, 2, 2, 3, 0, 2, 1, 2, 1, 4, 3, 6, 5, 3, 3, 2, 2, 4, 6, 446, 0, 0, 0, 0, 0, 0]",1,-0.19998934510544042,-1,0
2650,"[0, 2, 0, 2, 2, 9, 0, 2, 0, 1, 0, 0, 1, 0, 2, 0, 0, 0, 0, 0, 0, 0, 0, 0, 2, 0, 0, 0, 0, 0, 0, 0, 1, 1, 0, 1, 1, 0, 2, 0, 0, 0, 1, 0, 0, 0, 0, 1, 0, 0, 2, 2, 2, 0, 0, 0, 0, 0, 0, 0, 0, 0, 2, 2, 3, 0, 2, 1, 2, 1, 4, 3, 6, 5, 3, 3, 2, 2, 4, 6, 446, 1, 0, 0, 0, 0, 0]",3,0.2000106548945596,-1,1
2651,"[0, 2, 0, 2, 2, 9, 0, 2, 0, 1, 0, 0, 1, 0, 2, 0, 0, 0, 0, 0, 0, 0, 0, 0, 2, 0, 0, 0, 0, 0, 0, 0, 1, 1, 0, 1, 1, 0, 2, 0, 0, 0, 1, 0, 0, 0, 0, 1, 0, 0, 2, 2, 2, 0, 0, 0, 0, 0, 0, 0, 0, 0, 2, 2, 3, 0, 2, 1, 2, 1, 4, 3, 6, 5, 3, 3, 2, 2, 4, 6, 446, 0, 0, 0, 0, 0, 0]",-1,-0.0005781181643734268,-1,1
2652,"[0, 1, 0, 1, 1, 4, 0, 1, 0, 1, 0, 0, 1, 0, 2, 0, 0, 0, 0, 0, 0, 0, 0, 0, 2, 0, 0, 0, 0, 0, 0, 0, 1, 1, 0, 1, 1, 0, 2, 0, 0, 0, 1, 0, 0, 0, 0, 1, 0, 0, 2, 2, 2, 0, 0, 0, 0, 0, 0, 0, 0, 0, 2, 2, 3, 0, 2, 1, 2, 1, 4, 3, 6, 5, 3, 3, 2, 2, 4, 6, 447, 0, 0, 0, 0, 0, 0]",4,11.146934700049588,-1,1
2653,"[0, 1, 0, 1, 1, 2, 0, 1, 0, 1, 0, 0, 1, 0, 2, 0, 0, 0, 0, 0, 0, 0, 0, 0, 2, 0, 0, 0, 0, 0, 0, 0, 1, 1, 0, 1, 1, 0, 2, 0, 0, 0, 1, 0, 0, 0, 0, 1, 0, 0, 2, 2, 2, 0, 0, 0, 0, 0, 0, 0, 0, 0, 2, 2, 3, 0, 2, 1, 2, 1, 4, 3, 6, 5, 3, 3, 2, 2, 4, 3, 448, 0, 0, 0, 0, 0, 0]",4,14.26061773862645,-1,0
2654,"[0, 1, 0, 1, 1, 2, 0, 2, 0, 1, 0, 0, 1, 0, 2, 0, 0, 0, 0, 0, 0, 0, 0, 0, 2, 0, 0, 0, 0, 0, 0, 0, 1, 1, 0, 1, 1, 0, 2, 0, 0, 0, 1, 0, 0, 0, 0, 1, 0, 0, 2, 2, 2, 0, 0, 0, 0, 0, 0, 0, 0, 0, 2, 2, 3, 0, 2, 1, 2, 1, 4, 3, 6, 5, 3, 3, 2, 2, 4, 3, 449, 0, 0, 0, 0, 0, 0]",4,11.473584295350847,-1,1
2655,"[0, 1, 0, 1, 1, 2, 0, 3, 0, 1, 0, 0, 1, 0, 2, 0, 0, 0, 0, 0, 0, 0, 0, 0, 2, 0, 0, 0, 0, 0, 0, 0, 1, 1, 0, 1, 1, 0, 2, 0, 0, 0, 1, 0, 0, 0, 0, 1, 0, 0, 2, 2, 2, 0, 0, 0, 0, 0, 0, 0, 0, 0, 2, 2, 3, 0, 2, 1, 2, 1, 4, 3, 6, 5, 3, 3, 2, 2, 4, 3, 450, 0, 0, 0, 0, 0, 0]",4,14.260594315248477,-1,0
2656,"[0, 1, 0, 1, 1, 2, 0, 3, 0, 1, 0, 0, 1, 0, 2, 0, 0, 0, 0, 0, 0, 0, 0, 0, 2, 0, 0, 0, 0, 0, 0, 0, 1, 1, 0, 1, 1, 0, 2, 0, 0, 0, 1, 0, 0, 0, 0, 1, 0, 0, 2, 2, 2, 0, 0, 0, 0, 0, 0, 0, 0, 0, 2, 2, 3, 0, 2, 1, 2, 1, 4, 3, 6, 5, 3, 3, 2, 2, 4, 3, 450, 0, 1, 0, 0, 0, 0]",2,0.40000907957374043,-1,1
2657,"[0, 1, 0, 1, 1, 2, 0, 3, 0, 1, 0, 0, 1, 0, 2, 0, 0, 0, 0, 0, 0, 0, 0, 0, 2, 0, 0, 0, 0, 0, 0, 0, 1, 1, 0, 1, 1, 0, 2, 0, 0, 0, 1, 0, 0, 0, 0, 1, 0, 0, 2, 2, 2, 0, 0, 0, 0, 0, 0, 0, 0, 0, 2, 2, 3, 0, 2, 1, 2, 1, 4, 3, 6, 5, 3, 3, 2, 2, 4, 3, 450, 0, 1, 0, 0, 1, 0]","[[0 1 0 1]
 [0 1 0 1]]",0.6504339446318314,-1,1
2658,"[0, 1, 0, 1, 1, 2, 0, 3, 0, 1, 0, 0, 1, 0, 2, 0, 0, 0, 0, 0, 0, 0, 0, 0, 2, 0, 0, 0, 0, 0, 0, 0, 1, 1, 0, 1, 1, 0, 2, 0, 0, 0, 1, 0, 0, 0, 0, 1, 0, 0, 2, 2, 2, 0, 0, 0, 0, 0, 0, 0, 0, 0, 2, 2, 3, 0, 2, 1, 2, 1, 4, 3, 6, 5, 3, 3, 2, 2, 4, 3, 450, 0, 0, 0, 0, 0, 0]",0,-0.19999092042625952,-1,0
2659,"[0, 1, 0, 1, 1, 2, 0, 3, 0, 1, 0, 0, 1, 0, 2, 0, 0, 0, 0, 0, 0, 0, 0, 0, 2, 0, 0, 0, 0, 0, 0, 0, 1, 1, 0, 1, 1, 0, 2, 0, 0, 0, 1, 0, 0, 0, 0, 1, 0, 0, 2, 2, 2, 0, 0, 0, 0, 0, 0, 0, 0, 0, 2, 2, 3, 0, 2, 1, 2, 1, 4, 3, 6, 5, 3, 3, 2, 2, 4, 3, 450, 0, 1, 0, 0, 0, 0]",2,0.40000907957374043,-1,1
2660,"[0, 1, 0, 1, 1, 2, 0, 3, 0, 1, 0, 0, 1, 0, 2, 0, 0, 0, 0, 0, 0, 0, 0, 0, 2, 0, 0, 0, 0, 0, 0, 0, 1, 1, 0, 1, 1, 0, 2, 0, 0, 0, 1, 0, 0, 0, 0, 1, 0, 0, 2, 2, 2, 0, 0, 0, 0, 0, 0, 0, 0, 0, 2, 2, 3, 0, 2, 1, 2, 1, 4, 3, 6, 5, 3, 3, 2, 2, 4, 3, 450, 0, 0, 0, 0, 0, 0]",-1,-0.0005554498269121153,-1,1
2661,"[0, 2, 0, 1, 1, 3, 0, 3, 0, 1, 0, 0, 1, 0, 2, 0, 0, 0, 0, 0, 0, 0, 0, 0, 2, 0, 0, 0, 0, 0, 0, 0, 1, 1, 0, 1, 1, 0, 2, 0, 0, 0, 1, 0, 0, 0, 0, 1, 0, 0, 2, 2, 2, 0, 0, 0, 0, 0, 0, 0, 0, 0, 2, 2, 3, 0, 2, 1, 2, 1, 4, 3, 6, 5, 3, 3, 2, 2, 4, 3, 451, 0, 0, 0, 0, 0, 0]",4,11.288078193922072,-1,1
2662,"[0, 2, 0, 1, 1, 3, 0, 3, 0, 1, 0, 0, 1, 0, 2, 0, 0, 0, 0, 0, 0, 0, 0, 0, 2, 0, 0, 0, 0, 0, 0, 0, 1, 1, 0, 1, 1, 0, 2, 0, 0, 0, 1, 0, 0, 0, 0, 1, 0, 0, 2, 2, 2, 0, 0, 0, 0, 0, 0, 0, 0, 0, 2, 2, 3, 0, 2, 1, 2, 1, 4, 3, 6, 5, 3, 3, 2, 2, 4, 3, 451, 0, 1, 0, 0, 0, 0]",2,0.40000872357409045,-1,0
2663,"[0, 2, 0, 1, 1, 3, 0, 3, 0, 1, 0, 0, 1, 0, 2, 0, 0, 0, 0, 0, 0, 0, 0, 0, 2, 0, 0, 0, 0, 0, 0, 0, 1, 1, 0, 1, 1, 0, 2, 0, 0, 0, 1, 0, 0, 0, 0, 1, 0, 0, 2, 2, 2, 0, 0, 0, 0, 0, 0, 0, 0, 0, 2, 2, 3, 0, 2, 1, 2, 1, 4, 3, 6, 5, 3, 3, 2, 2, 4, 3, 451, 0, 1, 0, 0, 1, 0]","[[0 0 0 1]
 [1 0 0 0]]",0.6504335886321814,-1,0
2664,"[1, 2, 0, 0, 0, 3, 0, 4, 0, 1, 0, 0, 1, 0, 2, 0, 0, 0, 0, 0, 0, 0, 0, 0, 2, 0, 0, 0, 0, 0, 0, 0, 1, 1, 0, 1, 1, 0, 2, 0, 0, 0, 1, 0, 0, 0, 0, 1, 0, 0, 2, 2, 2, 0, 0, 0, 0, 0, 0, 0, 0, 0, 2, 2, 3, 0, 2, 1, 2, 1, 4, 3, 6, 5, 3, 3, 2, 2, 4, 3, 451, 0, 0, 0, 0, 0, 0]",0,-0.19999127642590953,-1,1
2665,"[1, 2, 0, 0, 0, 3, 0, 4, 0, 1, 0, 0, 1, 0, 2, 0, 0, 0, 0, 0, 0, 0, 0, 0, 2, 0, 0, 0, 0, 0, 0, 0, 1, 1, 0, 1, 1, 0, 2, 0, 0, 0, 1, 0, 0, 0, 0, 1, 0, 0, 2, 2, 2, 0, 0, 0, 0, 0, 0, 0, 0, 0, 2, 2, 3, 0, 2, 1, 2, 1, 4, 3, 6, 5, 3, 3, 2, 2, 4, 3, 451, 0, 0, 0, 0, 0, 0]",0,0.24272759599766358,-1,0
2666,"[1, 2, 0, 0, 0, 3, 0, 4, 0, 1, 0, 0, 1, 0, 2, 0, 0, 0, 0, 0, 0, 0, 0, 0, 2, 0, 0, 0, 0, 0, 0, 0, 1, 1, 0, 1, 1, 0, 2, 0, 0, 0, 1, 0, 0, 0, 0, 1, 0, 0, 2, 2, 2, 0, 0, 0, 0, 0, 0, 0, 0, 0, 2, 2, 3, 0, 2, 1, 2, 1, 4, 3, 6, 5, 3, 3, 2, 2, 4, 3, 451, 0, 0, 0, 0, 0, 0]",-1,-0.0005499230087903441,-1,0
2667,"[1, 2, 0, 0, 0, 3, 0, 4, 0, 1, 0, 0, 1, 0, 2, 0, 0, 0, 0, 0, 0, 0, 0, 0, 2, 0, 0, 0, 0, 0, 0, 0, 1, 1, 0, 1, 1, 0, 2, 0, 0, 0, 1, 0, 0, 0, 0, 1, 0, 0, 2, 2, 2, 0, 0, 0, 0, 0, 0, 0, 0, 0, 2, 2, 3, 0, 2, 1, 2, 1, 4, 3, 6, 5, 3, 3, 2, 2, 4, 3, 451, 0, 0, 0, 0, 0, 0]",0,0.24272759599766358,-1,0
2668,"[1, 2, 0, 0, 0, 3, 0, 4, 0, 1, 0, 0, 1, 0, 2, 0, 0, 0, 0, 0, 0, 0, 0, 0, 2, 0, 0, 0, 0, 0, 0, 0, 1, 1, 0, 1, 1, 0, 2, 0, 0, 0, 1, 0, 0, 0, 0, 1, 0, 0, 2, 2, 2, 0, 0, 0, 0, 0, 0, 0, 0, 0, 2, 2, 3, 0, 2, 1, 2, 1, 4, 3, 6, 5, 3, 3, 2, 2, 4, 3, 451, 0, 0, 0, 0, 0, 0]",-1,-0.0005499230087903441,-1,0
2669,"[1, 2, 0, 0, 0, 3, 0, 4, 0, 1, 0, 0, 1, 0, 2, 0, 0, 0, 0, 0, 0, 0, 0, 0, 2, 0, 0, 0, 0, 0, 0, 0, 1, 1, 0, 1, 1, 0, 2, 0, 0, 0, 1, 0, 0, 0, 0, 1, 0, 0, 2, 2, 2, 0, 0, 0, 0, 0, 0, 0, 0, 0, 2, 2, 3, 0, 2, 1, 2, 1, 4, 3, 6, 5, 3, 3, 2, 2, 4, 3, 451, 0, 0, 0, 0, 0, 0]",0,0.24272759599766358,-1,0
2670,"[1, 2, 0, 0, 0, 3, 0, 4, 0, 1, 0, 0, 1, 0, 2, 0, 0, 0, 0, 0, 0, 0, 0, 0, 2, 0, 0, 0, 0, 0, 0, 0, 1, 1, 0, 1, 1, 0, 2, 0, 0, 0, 1, 0, 0, 0, 0, 1, 0, 0, 2, 2, 2, 0, 0, 0, 0, 0, 0, 0, 0, 0, 2, 2, 3, 0, 2, 1, 2, 1, 4, 3, 6, 5, 3, 3, 2, 2, 4, 3, 451, 0, 0, 0, 0, 0, 0]",-1,-0.0005499230087903441,-1,0
2671,"[1, 2, 0, 0, 0, 3, 0, 4, 0, 1, 0, 0, 1, 0, 2, 0, 0, 0, 0, 0, 0, 0, 0, 0, 2, 0, 0, 0, 0, 0, 0, 0, 1, 1, 0, 1, 1, 0, 2, 0, 0, 0, 1, 0, 0, 0, 0, 1, 0, 0, 2, 2, 2, 0, 0, 0, 0, 0, 0, 0, 0, 0, 2, 2, 3, 0, 2, 1, 2, 1, 4, 3, 6, 5, 3, 3, 2, 2, 4, 3, 451, 0, 0, 0, 0, 0, 0]",0,0.24272759599766358,-1,0
2672,"[1, 2, 0, 0, 0, 3, 0, 4, 0, 1, 0, 0, 1, 0, 2, 0, 0, 0, 0, 0, 0, 0, 0, 0, 2, 0, 0, 0, 0, 0, 0, 0, 1, 1, 0, 1, 1, 0, 2, 0, 0, 0, 1, 0, 0, 0, 0, 1, 0, 0, 2, 2, 2, 0, 0, 0, 0, 0, 0, 0, 0, 0, 2, 2, 3, 0, 2, 1, 2, 1, 4, 3, 6, 5, 3, 3, 2, 2, 4, 3, 451, 0, 0, 0, 0, 0, 0]",-1,-0.0005499230087903441,-1,0
2673,"[1, 2, 0, 0, 0, 3, 0, 4, 0, 1, 0, 0, 1, 0, 2, 0, 0, 0, 0, 0, 0, 0, 0, 0, 2, 0, 0, 0, 0, 0, 0, 0, 1, 1, 0, 1, 1, 0, 2, 0, 0, 0, 1, 0, 0, 0, 0, 1, 0, 0, 2, 2, 2, 0, 0, 0, 0, 0, 0, 0, 0, 0, 2, 2, 3, 0, 2, 1, 2, 1, 4, 3, 6, 5, 3, 3, 2, 2, 4, 3, 451, 0, 0, 0, 0, 0, 0]",0,0.24272759599766358,-1,0
2674,"[1, 2, 0, 0, 0, 3, 0, 4, 0, 1, 0, 0, 1, 0, 2, 0, 0, 0, 0, 0, 0, 0, 0, 0, 2, 0, 0, 0, 0, 0, 0, 0, 1, 1, 0, 1, 1, 0, 2, 0, 0, 0, 1, 0, 0, 0, 0, 1, 0, 0, 2, 2, 2, 0, 0, 0, 0, 0, 0, 0, 0, 0, 2, 2, 3, 0, 2, 1, 2, 1, 4, 3, 6, 5, 3, 3, 2, 2, 4, 3, 451, 0, 0, 0, 0, 0, 0]",-1,-0.0005499230087903441,-1,0
2675,"[1, 2, 0, 0, 0, 3, 0, 4, 0, 1, 0, 0, 1, 0, 2, 0, 0, 0, 0, 0, 0, 0, 0, 0, 2, 0, 0, 0, 0, 0, 0, 0, 1, 1, 0, 1, 1, 0, 2, 0, 0, 0, 1, 0, 0, 0, 0, 1, 0, 0, 2, 2, 2, 0, 0, 0, 0, 0, 0, 0, 0, 0, 2, 2, 3, 0, 2, 1, 2, 1, 4, 3, 6, 5, 3, 3, 2, 2, 4, 3, 451, 0, 0, 0, 0, 0, 0]",0,0.24272759599766358,-1,0
2676,"[1, 2, 0, 0, 0, 3, 0, 4, 0, 1, 0, 0, 1, 0, 2, 0, 0, 0, 0, 0, 0, 0, 0, 0, 2, 0, 0, 0, 0, 0, 0, 0, 1, 1, 0, 1, 1, 0, 2, 0, 0, 0, 1, 0, 0, 0, 0, 1, 0, 0, 2, 2, 2, 0, 0, 0, 0, 0, 0, 0, 0, 0, 2, 2, 3, 0, 2, 1, 2, 1, 4, 3, 6, 5, 3, 3, 2, 2, 4, 3, 451, 0, 0, 0, 0, 0, 0]",-1,-0.0005499230087903441,-1,0
2677,"[1, 2, 0, 0, 0, 3, 0, 4, 0, 1, 0, 0, 1, 0, 2, 0, 0, 0, 0, 0, 0, 0, 0, 0, 2, 0, 0, 0, 0, 0, 0, 0, 1, 1, 0, 1, 1, 0, 2, 0, 0, 0, 1, 0, 0, 0, 0, 1, 0, 0, 2, 2, 2, 0, 0, 0, 0, 0, 0, 0, 0, 0, 2, 2, 3, 0, 2, 1, 2, 1, 4, 3, 6, 5, 3, 3, 2, 2, 4, 3, 451, 0, 0, 0, 0, 0, 0]",0,0.24272759599766358,-1,0
2678,"[1, 2, 0, 0, 0, 3, 0, 4, 0, 1, 0, 0, 1, 0, 2, 0, 0, 0, 0, 0, 0, 0, 0, 0, 2, 0, 0, 0, 0, 0, 0, 0, 1, 1, 0, 1, 1, 0, 2, 0, 0, 0, 1, 0, 0, 0, 0, 1, 0, 0, 2, 2, 2, 0, 0, 0, 0, 0, 0, 0, 0, 0, 2, 2, 3, 0, 2, 1, 2, 1, 4, 3, 6, 5, 3, 3, 2, 2, 4, 3, 451, 0, 0, 0, 0, 0, 0]",-1,-0.0005499230087903441,-1,0
2679,"[1, 2, 0, 0, 0, 3, 0, 4, 0, 1, 0, 0, 1, 0, 2, 0, 0, 0, 0, 0, 0, 0, 0, 0, 2, 0, 0, 0, 0, 0, 0, 0, 1, 1, 0, 1, 1, 0, 2, 0, 0, 0, 1, 0, 0, 0, 0, 1, 0, 0, 2, 2, 2, 0, 0, 0, 0, 0, 0, 0, 0, 0, 2, 2, 3, 0, 2, 1, 2, 1, 4, 3, 6, 5, 3, 3, 2, 2, 4, 3, 451, 0, 0, 0, 0, 0, 0]",0,0.24272759599766358,-1,0
2680,"[1, 2, 0, 0, 0, 3, 0, 4, 0, 1, 0, 0, 1, 0, 2, 0, 0, 0, 0, 0, 0, 0, 0, 0, 2, 0, 0, 0, 0, 0, 0, 0, 1, 1, 0, 1, 1, 0, 2, 0, 0, 0, 1, 0, 0, 0, 0, 1, 0, 0, 2, 2, 2, 0, 0, 0, 0, 0, 0, 0, 0, 0, 2, 2, 3, 0, 2, 1, 2, 1, 4, 3, 6, 5, 3, 3, 2, 2, 4, 3, 451, 0, 0, 0, 0, 0, 0]",-1,-0.0005499230087903441,-1,0
2681,"[1, 2, 0, 0, 0, 3, 0, 4, 0, 1, 0, 0, 1, 0, 2, 0, 0, 0, 0, 0, 0, 0, 0, 0, 2, 0, 0, 0, 0, 0, 0, 0, 1, 1, 0, 1, 1, 0, 2, 0, 0, 0, 1, 0, 0, 0, 0, 1, 0, 0, 2, 2, 2, 0, 0, 0, 0, 0, 0, 0, 0, 0, 2, 2, 3, 0, 2, 1, 2, 1, 4, 3, 6, 5, 3, 3, 2, 2, 4, 3, 451, 1, 0, 0, 0, 0, 0]",3,0.2000087235740905,-1,0
2682,"[1, 2, 0, 0, 0, 3, 0, 4, 0, 1, 0, 0, 1, 0, 2, 0, 0, 0, 0, 0, 0, 0, 0, 0, 2, 0, 0, 0, 0, 0, 0, 0, 1, 1, 0, 1, 1, 0, 2, 0, 0, 0, 1, 0, 0, 0, 0, 1, 0, 0, 2, 2, 2, 0, 0, 0, 0, 0, 0, 0, 0, 0, 2, 2, 3, 0, 2, 1, 2, 1, 4, 3, 6, 5, 3, 3, 2, 2, 4, 3, 451, 0, 0, 0, 0, 0, 0]",-1,-0.0005499230087903441,-1,0
2683,"[1, 1, 0, 0, 0, 1, 0, 2, 0, 1, 0, 0, 1, 0, 2, 0, 0, 0, 0, 0, 0, 0, 0, 0, 2, 0, 0, 0, 0, 0, 0, 0, 1, 1, 0, 1, 1, 0, 2, 0, 0, 0, 1, 0, 0, 0, 0, 1, 0, 0, 2, 2, 2, 0, 0, 0, 0, 0, 0, 0, 0, 0, 2, 2, 3, 0, 2, 1, 2, 1, 4, 3, 6, 5, 3, 3, 2, 2, 4, 5, 452, 0, 0, 0, 0, 0, 0]",4,14.26057139884355,-1,0
2684,"[1, 1, 0, 0, 0, 1, 0, 2, 0, 1, 0, 0, 1, 0, 2, 0, 0, 0, 0, 0, 0, 0, 0, 0, 2, 0, 0, 0, 0, 0, 0, 0, 1, 1, 0, 1, 1, 0, 2, 0, 0, 0, 1, 0, 0, 0, 0, 1, 0, 0, 2, 2, 2, 0, 0, 0, 0, 0, 0, 0, 0, 0, 2, 2, 3, 0, 2, 1, 2, 1, 4, 3, 6, 5, 3, 3, 2, 2, 4, 5, 452, 0, 0, 0, 0, 0, 0]",-1,-0.0005444511834277221,-1,1
2685,"[1, 1, 0, 0, 0, 1, 0, 2, 0, 1, 0, 0, 1, 0, 2, 0, 0, 0, 0, 0, 0, 0, 0, 0, 2, 0, 0, 0, 0, 0, 0, 0, 1, 1, 0, 1, 1, 0, 2, 0, 0, 0, 1, 0, 0, 0, 0, 1, 0, 0, 2, 2, 2, 0, 0, 0, 0, 0, 0, 0, 0, 0, 2, 2, 3, 0, 2, 1, 2, 1, 4, 3, 6, 5, 3, 3, 2, 2, 4, 5, 452, 0, 0, 0, 0, 0, 0]",-1,-0.0005444511834277221,-1,1
2686,"[2, 1, 0, 0, 0, 2, 0, 2, 0, 1, 0, 0, 1, 0, 2, 0, 0, 0, 0, 0, 0, 0, 0, 0, 2, 0, 0, 0, 0, 0, 0, 0, 1, 1, 0, 1, 1, 0, 2, 0, 0, 0, 1, 0, 0, 0, 0, 1, 0, 0, 2, 2, 2, 0, 0, 0, 0, 0, 0, 0, 0, 0, 2, 2, 3, 0, 2, 1, 2, 1, 4, 3, 6, 5, 3, 3, 2, 2, 4, 5, 453, 0, 0, 0, 0, 0, 0]",4,11.21715962420888,-1,1
2687,"[2, 1, 0, 0, 0, 2, 0, 2, 0, 1, 0, 0, 1, 0, 2, 0, 0, 0, 0, 0, 0, 0, 0, 0, 2, 0, 0, 0, 0, 0, 0, 0, 1, 1, 0, 1, 1, 0, 2, 0, 0, 0, 1, 0, 0, 0, 0, 1, 0, 0, 2, 2, 2, 0, 0, 0, 0, 0, 0, 0, 0, 0, 2, 2, 3, 0, 2, 1, 2, 1, 4, 3, 6, 5, 3, 3, 2, 2, 4, 5, 453, 0, 1, 0, 0, 0, 0]",2,0.40000805290084723,-1,0
2688,"[2, 1, 0, 0, 0, 2, 0, 2, 0, 1, 0, 0, 1, 0, 2, 0, 0, 0, 0, 0, 0, 0, 0, 0, 2, 0, 0, 0, 0, 0, 0, 0, 1, 1, 0, 1, 1, 0, 2, 0, 0, 0, 1, 0, 0, 0, 0, 1, 0, 0, 2, 2, 2, 0, 0, 0, 0, 0, 0, 0, 0, 0, 2, 2, 3, 0, 2, 1, 2, 1, 4, 3, 6, 5, 3, 3, 2, 2, 4, 5, 453, 0, 1, 0, 0, 1, 0]","[[0 1 0 0]
 [0 0 0 1]]",0.6504329179589381,-1,0
2689,"[2, 1, 0, 0, 0, 2, 0, 2, 0, 1, 0, 0, 1, 0, 2, 0, 0, 0, 0, 0, 0, 0, 0, 0, 2, 0, 0, 0, 0, 0, 0, 0, 1, 1, 0, 1, 1, 0, 2, 0, 0, 0, 1, 0, 0, 0, 0, 1, 0, 0, 2, 2, 2, 0, 0, 0, 0, 0, 0, 0, 0, 0, 2, 2, 3, 0, 2, 1, 2, 1, 4, 3, 6, 5, 3, 3, 2, 2, 4, 5, 453, 0, 1, 0, 0, 0, 1]",2,-0.19999194709915274,-1,1
2690,"[2, 1, 0, 0, 0, 2, 0, 2, 0, 1, 0, 0, 1, 0, 2, 0, 0, 0, 0, 0, 0, 0, 0, 0, 2, 0, 0, 0, 0, 0, 0, 0, 1, 1, 0, 1, 1, 0, 2, 0, 0, 0, 1, 0, 0, 0, 0, 1, 0, 0, 2, 2, 2, 0, 0, 0, 0, 0, 0, 0, 0, 0, 2, 2, 3, 0, 2, 1, 2, 1, 4, 3, 6, 5, 3, 3, 2, 2, 4, 5, 453, 0, 0, 1, 0, 0, 0]","[[0 1 0 1]
 [2 1 0 0]]",-0.19999194709915274,-1,1
2691,"[2, 1, 0, 0, 0, 2, 0, 2, 0, 1, 0, 0, 1, 0, 2, 0, 0, 0, 0, 0, 0, 0, 0, 0, 2, 0, 0, 0, 0, 0, 0, 0, 1, 1, 0, 1, 1, 0, 2, 0, 0, 0, 1, 0, 0, 0, 0, 1, 0, 0, 2, 2, 2, 0, 0, 0, 0, 0, 0, 0, 0, 0, 2, 2, 3, 0, 2, 1, 2, 1, 4, 3, 6, 5, 3, 3, 2, 2, 4, 5, 453, 0, 0, 0, 0, 0, 0]",1,-8.557277354741943,-1,0
2692,"[2, 1, 0, 0, 0, 2, 0, 2, 0, 1, 0, 0, 1, 0, 2, 0, 0, 0, 0, 0, 0, 0, 0, 0, 2, 0, 0, 0, 0, 0, 0, 0, 1, 1, 0, 1, 1, 0, 2, 0, 0, 0, 1, 0, 0, 0, 0, 1, 0, 0, 2, 2, 2, 0, 0, 0, 0, 0, 0, 0, 0, 0, 2, 2, 3, 0, 2, 1, 2, 1, 4, 3, 6, 5, 3, 3, 2, 2, 4, 5, 453, 0, 0, 0, 0, 0, 0]",1,0.6096321680004639,-1,0
2693,"[2, 1, 0, 0, 0, 2, 0, 2, 0, 1, 0, 0, 1, 0, 2, 0, 0, 0, 0, 0, 0, 0, 0, 0, 2, 0, 0, 0, 0, 0, 0, 0, 1, 1, 0, 1, 1, 0, 2, 0, 0, 0, 1, 0, 0, 0, 0, 1, 0, 0, 2, 2, 2, 0, 0, 0, 0, 0, 0, 0, 0, 0, 2, 2, 3, 0, 2, 1, 2, 1, 4, 3, 6, 5, 3, 3, 2, 2, 4, 5, 453, 0, 0, 0, 0, 0, 0]",-1,-0.0005390338036371542,-1,0
2694,"[2, 1, 0, 0, 0, 2, 0, 3, 0, 1, 0, 0, 1, 0, 2, 0, 0, 0, 0, 0, 0, 0, 0, 0, 2, 0, 0, 0, 0, 0, 0, 0, 1, 1, 0, 1, 1, 0, 2, 0, 0, 0, 1, 0, 0, 0, 0, 1, 0, 0, 2, 2, 2, 0, 0, 0, 0, 0, 0, 0, 0, 0, 2, 2, 3, 0, 2, 1, 2, 1, 4, 3, 6, 5, 3, 3, 2, 2, 4, 5, 454, 0, 0, 0, 0, 0, 0]",4,14.056754446581563,-1,0
2695,"[2, 1, 0, 0, 0, 2, 0, 3, 0, 1, 0, 0, 1, 0, 2, 0, 0, 0, 0, 0, 0, 0, 0, 0, 2, 0, 0, 0, 0, 0, 0, 0, 1, 1, 0, 1, 1, 0, 2, 0, 0, 0, 1, 0, 0, 0, 0, 1, 0, 0, 2, 2, 2, 0, 0, 0, 0, 0, 0, 0, 0, 0, 2, 2, 3, 0, 2, 1, 2, 1, 4, 3, 6, 5, 3, 3, 2, 2, 4, 5, 454, 0, 0, 0, 0, 0, 0]",-1,-0.0005336703276761463,-1,1
2696,"[2, 1, 0, 0, 0, 2, 0, 3, 0, 1, 0, 0, 1, 0, 2, 0, 0, 0, 0, 0, 0, 0, 0, 0, 2, 0, 0, 0, 0, 0, 0, 0, 1, 1, 0, 1, 1, 0, 2, 0, 0, 0, 1, 0, 0, 0, 0, 1, 0, 0, 2, 2, 2, 0, 0, 0, 0, 0, 0, 0, 0, 0, 2, 2, 3, 0, 2, 1, 2, 1, 4, 3, 6, 5, 3, 3, 2, 2, 4, 5, 454, 0, 0, 0, 0, 0, 0]",-1,-0.0005336703276761463,-1,1
2697,"[2, 1, 0, 0, 0, 2, 0, 3, 0, 1, 0, 0, 1, 0, 2, 0, 0, 0, 0, 0, 0, 0, 0, 0, 2, 0, 0, 0, 0, 0, 0, 0, 1, 1, 0, 1, 1, 0, 2, 0, 0, 0, 1, 0, 0, 0, 0, 1, 0, 0, 2, 2, 2, 0, 0, 0, 0, 0, 0, 0, 0, 0, 2, 2, 3, 0, 2, 1, 2, 1, 4, 3, 6, 5, 3, 3, 2, 2, 4, 5, 455, 0, 0, 0, 0, 0, 0]",4,11.131992731842436,-1,1
2698,"[2, 1, 0, 0, 0, 2, 0, 3, 0, 1, 0, 0, 1, 0, 2, 0, 0, 0, 0, 0, 0, 0, 0, 0, 2, 0, 0, 0, 0, 0, 0, 0, 1, 1, 0, 1, 1, 0, 2, 0, 0, 0, 1, 0, 0, 0, 0, 1, 0, 0, 2, 2, 2, 0, 0, 0, 0, 0, 0, 0, 0, 0, 2, 2, 3, 0, 2, 1, 2, 1, 4, 3, 6, 5, 3, 3, 2, 2, 4, 5, 455, 0, 0, 0, 0, 0, 0]",1,0.6096315488870373,-1,0
2699,"[2, 1, 0, 0, 0, 2, 0, 3, 0, 1, 0, 0, 1, 0, 2, 0, 0, 0, 0, 0, 0, 0, 0, 0, 2, 0, 0, 0, 0, 0, 0, 0, 1, 1, 0, 1, 1, 0, 2, 0, 0, 0, 1, 0, 0, 0, 0, 1, 0, 0, 2, 2, 2, 0, 0, 0, 0, 0, 0, 0, 0, 0, 2, 2, 3, 0, 2, 1, 2, 1, 4, 3, 6, 5, 3, 3, 2, 2, 4, 5, 455, 0, 0, 0, 0, 0, 0]",-1,-0.0005283602191926328,-1,0
2700,"[2, 1, 0, 0, 0, 2, 0, 3, 0, 1, 0, 0, 1, 0, 2, 0, 0, 0, 0, 0, 0, 0, 0, 0, 2, 0, 0, 0, 0, 0, 0, 0, 1, 1, 0, 1, 1, 0, 2, 0, 0, 0, 1, 0, 0, 0, 0, 1, 0, 0, 2, 2, 2, 0, 0, 0, 0, 0, 0, 0, 0, 0, 2, 2, 3, 0, 2, 1, 2, 1, 4, 3, 6, 5, 3, 3, 2, 2, 4, 5, 455, 0, 0, 0, 0, 0, 0]",1,0.6096315488870373,-1,0
2701,"[2, 1, 0, 0, 0, 2, 0, 3, 0, 1, 0, 0, 1, 0, 2, 0, 0, 0, 0, 0, 0, 0, 0, 0, 2, 0, 0, 0, 0, 0, 0, 0, 1, 1, 0, 1, 1, 0, 2, 0, 0, 0, 1, 0, 0, 0, 0, 1, 0, 0, 2, 2, 2, 0, 0, 0, 0, 0, 0, 0, 0, 0, 2, 2, 3, 0, 2, 1, 2, 1, 4, 3, 6, 5, 3, 3, 2, 2, 4, 5, 455, 0, 0, 0, 0, 0, 0]",-1,-0.0005283602191926328,-1,0
2702,"[2, 1, 0, 0, 0, 2, 0, 3, 0, 1, 0, 0, 1, 0, 2, 0, 0, 0, 0, 0, 0, 0, 0, 0, 2, 0, 0, 0, 0, 0, 0, 0, 1, 1, 0, 1, 1, 0, 2, 0, 0, 0, 1, 0, 0, 0, 0, 1, 0, 0, 2, 2, 2, 0, 0, 0, 0, 0, 0, 0, 0, 0, 2, 2, 3, 0, 2, 1, 2, 1, 4, 3, 6, 5, 3, 3, 2, 2, 4, 5, 455, 1, 0, 0, 0, 0, 0]",3,0.20000743378742059,-1,0
2703,"[0, 1, 0, 1, 0, 2, 0, 3, 0, 1, 0, 0, 1, 0, 2, 0, 0, 0, 0, 0, 0, 0, 0, 0, 2, 0, 0, 0, 0, 0, 0, 0, 1, 1, 0, 1, 1, 0, 2, 0, 0, 0, 1, 0, 0, 0, 0, 1, 0, 0, 2, 2, 2, 0, 0, 0, 0, 0, 0, 0, 0, 0, 2, 2, 3, 0, 2, 1, 2, 1, 4, 3, 6, 5, 3, 3, 2, 2, 4, 5, 455, 0, 0, 0, 0, 0, 0]","[[2 0 0 0]
 [0 0 0 1]]",-0.19853488430153837,-1,0
2704,"[0, 1, 0, 1, 0, 2, 0, 3, 0, 1, 0, 0, 1, 0, 2, 0, 0, 0, 0, 0, 0, 0, 0, 0, 2, 0, 0, 0, 0, 0, 0, 0, 1, 1, 0, 1, 1, 0, 2, 0, 0, 0, 1, 0, 0, 0, 0, 1, 0, 0, 2, 2, 2, 0, 0, 0, 0, 0, 0, 0, 0, 0, 2, 2, 3, 0, 2, 1, 2, 1, 4, 3, 6, 5, 3, 3, 2, 2, 4, 5, 455, 0, 0, 0, 0, 0, 0]",1,0.6096315488870373,-1,0
2705,"[0, 1, 0, 1, 0, 2, 0, 3, 0, 1, 0, 0, 1, 0, 2, 0, 0, 0, 0, 0, 0, 0, 0, 0, 2, 0, 0, 0, 0, 0, 0, 0, 1, 1, 0, 1, 1, 0, 2, 0, 0, 0, 1, 0, 0, 0, 0, 1, 0, 0, 2, 2, 2, 0, 0, 0, 0, 0, 0, 0, 0, 0, 2, 2, 3, 0, 2, 1, 2, 1, 4, 3, 6, 5, 3, 3, 2, 2, 4, 5, 455, 0, 0, 0, 0, 0, 0]",-1,-0.0005283602191926328,-1,0
2706,"[0, 1, 0, 1, 0, 2, 0, 3, 0, 1, 0, 0, 1, 0, 2, 0, 0, 0, 0, 0, 0, 0, 0, 0, 2, 0, 0, 0, 0, 0, 0, 0, 1, 1, 0, 1, 1, 0, 2, 0, 0, 0, 1, 0, 0, 0, 0, 1, 0, 0, 2, 2, 2, 0, 0, 0, 0, 0, 0, 0, 0, 0, 2, 2, 3, 0, 2, 1, 2, 1, 4, 3, 6, 5, 3, 3, 2, 2, 4, 5, 455, 0, 0, 0, 0, 0, 0]",1,0.6096315488870373,-1,0
2707,"[0, 1, 0, 1, 0, 2, 0, 3, 0, 1, 0, 0, 1, 0, 2, 0, 0, 0, 0, 0, 0, 0, 0, 0, 2, 0, 0, 0, 0, 0, 0, 0, 1, 1, 0, 1, 1, 0, 2, 0, 0, 0, 1, 0, 0, 0, 0, 1, 0, 0, 2, 2, 2, 0, 0, 0, 0, 0, 0, 0, 0, 0, 2, 2, 3, 0, 2, 1, 2, 1, 4, 3, 6, 5, 3, 3, 2, 2, 4, 5, 455, 0, 0, 0, 0, 0, 0]",-1,-0.0005283602191926328,-1,0
2708,"[0, 1, 0, 1, 0, 2, 0, 3, 0, 1, 0, 0, 1, 0, 2, 0, 0, 0, 0, 0, 0, 0, 0, 0, 2, 0, 0, 0, 0, 0, 0, 0, 1, 1, 0, 1, 1, 0, 2, 0, 0, 0, 1, 0, 0, 0, 0, 1, 0, 0, 2, 2, 2, 0, 0, 0, 0, 0, 0, 0, 0, 0, 2, 2, 3, 0, 2, 1, 2, 1, 4, 3, 6, 5, 3, 3, 2, 2, 4, 5, 455, 0, 1, 0, 0, 0, 0]",2,0.40000743378742054,-1,0
2709,"[0, 1, 0, 1, 0, 2, 0, 3, 0, 1, 0, 0, 1, 0, 2, 0, 0, 0, 0, 0, 0, 0, 0, 0, 2, 0, 0, 0, 0, 0, 0, 0, 1, 1, 0, 1, 1, 0, 2, 0, 0, 0, 1, 0, 0, 0, 0, 1, 0, 0, 2, 2, 2, 0, 0, 0, 0, 0, 0, 0, 0, 0, 2, 2, 3, 0, 2, 1, 2, 1, 4, 3, 6, 5, 3, 3, 2, 2, 4, 5, 455, 0, 0, 0, 0, 0, 0]",-1,-0.0005283602191926328,-1,0
2710,"[0, 1, 0, 1, 0, 2, 0, 3, 0, 1, 0, 0, 1, 0, 2, 0, 0, 0, 0, 0, 0, 0, 0, 0, 2, 0, 0, 0, 0, 0, 0, 0, 1, 1, 0, 1, 1, 0, 2, 0, 0, 0, 1, 0, 0, 0, 0, 1, 0, 0, 2, 2, 2, 0, 0, 0, 0, 0, 0, 0, 0, 0, 2, 2, 3, 0, 2, 1, 2, 1, 4, 3, 6, 5, 3, 3, 2, 2, 4, 5, 455, 0, 0, 0, 0, 0, 0]",0,0.24272630621099367,-1,0
2711,"[0, 1, 0, 1, 0, 2, 0, 3, 0, 1, 0, 0, 1, 0, 2, 0, 0, 0, 0, 0, 0, 0, 0, 0, 2, 0, 0, 0, 0, 0, 0, 0, 1, 1, 0, 1, 1, 0, 2, 0, 0, 0, 1, 0, 0, 0, 0, 1, 0, 0, 2, 2, 2, 0, 0, 0, 0, 0, 0, 0, 0, 0, 2, 2, 3, 0, 2, 1, 2, 1, 4, 3, 6, 5, 3, 3, 2, 2, 4, 5, 455, 0, 0, 0, 0, 0, 0]",-1,-0.0005283602191926328,-1,0
2712,"[0, 1, 0, 1, 2, 2, 0, 3, 0, 1, 0, 0, 1, 0, 2, 0, 0, 0, 0, 0, 0, 0, 0, 0, 2, 0, 0, 0, 0, 0, 0, 0, 1, 1, 0, 1, 1, 0, 2, 0, 0, 0, 1, 0, 0, 0, 0, 1, 0, 0, 2, 2, 2, 0, 0, 0, 0, 0, 0, 0, 0, 0, 2, 2, 3, 0, 2, 1, 2, 1, 4, 3, 6, 5, 3, 3, 2, 2, 4, 5, 456, 0, 0, 0, 0, 0, 0]",4,14.260527034047017,-1,0
2713,"[0, 1, 0, 1, 2, 2, 0, 3, 0, 1, 0, 0, 1, 0, 2, 0, 0, 0, 0, 0, 0, 0, 0, 0, 2, 0, 0, 0, 0, 0, 0, 0, 1, 1, 0, 1, 1, 0, 2, 0, 0, 0, 1, 0, 0, 0, 0, 1, 0, 0, 2, 2, 2, 0, 0, 0, 0, 0, 0, 0, 0, 0, 2, 2, 3, 0, 2, 1, 2, 1, 4, 3, 6, 5, 3, 3, 2, 2, 4, 5, 456, 1, 0, 0, 0, 0, 0]",3,0.2000071423148559,-1,1
2714,"[0, 1, 0, 1, 2, 2, 0, 3, 0, 1, 0, 0, 1, 0, 2, 0, 0, 0, 0, 0, 0, 0, 0, 0, 2, 0, 0, 0, 0, 0, 0, 0, 1, 1, 0, 1, 1, 0, 2, 0, 0, 0, 1, 0, 0, 0, 0, 1, 0, 0, 2, 2, 2, 0, 0, 0, 0, 0, 0, 0, 0, 0, 2, 2, 3, 0, 2, 1, 2, 1, 4, 3, 6, 5, 3, 3, 2, 2, 4, 5, 456, 0, 0, 0, 0, 0, 0]",-1,-0.0005231029471713397,-1,1
2715,"[0, 1, 0, 1, 2, 2, 0, 3, 0, 1, 0, 0, 1, 0, 2, 0, 0, 0, 0, 0, 0, 0, 0, 0, 2, 0, 0, 0, 0, 0, 0, 0, 1, 1, 0, 1, 1, 0, 2, 0, 0, 0, 1, 0, 0, 0, 0, 1, 0, 0, 2, 2, 2, 0, 0, 0, 0, 0, 0, 0, 0, 0, 2, 2, 3, 0, 2, 1, 2, 1, 4, 3, 6, 5, 3, 3, 2, 2, 4, 5, 457, 0, 0, 0, 0, 0, 0]",4,11.44490640065246,-1,1
2716,"[0, 1, 0, 1, 2, 2, 0, 4, 0, 1, 0, 0, 1, 0, 2, 0, 0, 0, 0, 0, 0, 0, 0, 0, 2, 0, 0, 0, 0, 0, 0, 0, 1, 1, 0, 1, 1, 0, 2, 0, 0, 0, 1, 0, 0, 0, 0, 1, 0, 0, 2, 2, 2, 0, 0, 0, 0, 0, 0, 0, 0, 0, 2, 2, 3, 0, 2, 1, 2, 1, 4, 3, 6, 5, 3, 3, 2, 2, 4, 5, 458, 0, 0, 0, 0, 0, 0]",4,14.260505560471236,-1,0
2717,"[0, 1, 0, 1, 2, 2, 0, 4, 0, 1, 0, 0, 1, 0, 2, 0, 0, 0, 0, 0, 0, 0, 0, 0, 2, 0, 0, 0, 0, 0, 0, 0, 1, 1, 0, 1, 1, 0, 2, 0, 0, 0, 1, 0, 0, 0, 0, 1, 0, 0, 2, 2, 2, 0, 0, 0, 0, 0, 0, 0, 0, 0, 2, 2, 3, 0, 2, 1, 2, 1, 4, 3, 6, 5, 3, 3, 2, 2, 4, 5, 458, 1, 0, 0, 0, 0, 0]",3,0.2000065932056971,-1,1
2718,"[0, 1, 0, 1, 2, 2, 0, 4, 0, 1, 0, 0, 1, 0, 2, 0, 0, 0, 0, 0, 0, 0, 0, 0, 2, 0, 0, 0, 0, 0, 0, 0, 1, 1, 0, 1, 1, 0, 2, 0, 0, 0, 1, 0, 0, 0, 0, 1, 0, 0, 2, 2, 2, 0, 0, 0, 0, 0, 0, 0, 0, 0, 2, 2, 3, 0, 2, 1, 2, 1, 4, 3, 6, 5, 3, 3, 2, 2, 4, 5, 458, 0, 0, 0, 0, 0, 0]",-1,-0.0005127448148202011,-1,1
2719,"[0, 1, 0, 1, 2, 2, 0, 5, 0, 1, 0, 0, 1, 0, 2, 0, 0, 0, 0, 0, 0, 0, 0, 0, 2, 0, 0, 0, 0, 0, 0, 0, 1, 1, 0, 1, 1, 0, 2, 0, 0, 0, 1, 0, 0, 0, 0, 1, 0, 0, 2, 2, 2, 0, 0, 0, 0, 0, 0, 0, 0, 0, 2, 2, 3, 0, 2, 1, 2, 1, 4, 3, 6, 5, 3, 3, 2, 2, 4, 5, 459, 0, 0, 0, 0, 0, 0]",4,11.233838493869065,-1,1
2720,"[0, 1, 0, 1, 2, 2, 0, 5, 0, 1, 0, 0, 1, 0, 2, 0, 0, 0, 0, 0, 0, 0, 0, 0, 2, 0, 0, 0, 0, 0, 0, 0, 1, 1, 0, 1, 1, 0, 2, 0, 0, 0, 1, 0, 0, 0, 0, 1, 0, 0, 2, 2, 2, 0, 0, 0, 0, 0, 0, 0, 0, 0, 2, 2, 3, 0, 2, 1, 2, 1, 4, 3, 6, 5, 3, 3, 2, 2, 4, 5, 459, 0, 1, 0, 0, 0, 0]",2,0.4000063346905922,-1,0
2721,"[0, 1, 0, 1, 2, 2, 0, 5, 0, 1, 0, 0, 1, 0, 2, 0, 0, 0, 0, 0, 0, 0, 0, 0, 2, 0, 0, 0, 0, 0, 0, 0, 1, 1, 0, 1, 1, 0, 2, 0, 0, 0, 1, 0, 0, 0, 0, 1, 0, 0, 2, 2, 2, 0, 0, 0, 0, 0, 0, 0, 0, 0, 2, 2, 3, 0, 2, 1, 2, 1, 4, 3, 6, 5, 3, 3, 2, 2, 4, 5, 459, 0, 1, 0, 0, 1, 0]","[[0 1 0 0]
 [1 0 0 0]]",0.6504311997486831,-1,0
2722,"[0, 1, 0, 1, 2, 2, 0, 5, 0, 1, 0, 0, 1, 0, 2, 0, 0, 0, 0, 0, 0, 0, 0, 0, 2, 0, 0, 0, 0, 0, 0, 0, 1, 1, 0, 1, 1, 0, 2, 0, 0, 0, 1, 0, 0, 0, 0, 1, 0, 0, 2, 2, 2, 0, 0, 0, 0, 0, 0, 0, 0, 0, 2, 2, 3, 0, 2, 1, 2, 1, 4, 3, 6, 5, 3, 3, 2, 2, 4, 5, 459, 0, 0, 0, 0, 0, 0]",1,-32.19999366530941,-1,1
2723,"[0, 1, 0, 1, 2, 2, 0, 5, 0, 1, 0, 0, 1, 0, 2, 0, 0, 0, 0, 0, 0, 0, 0, 0, 2, 0, 0, 0, 0, 0, 0, 0, 1, 1, 0, 1, 1, 0, 2, 0, 0, 0, 1, 0, 0, 0, 0, 1, 0, 0, 2, 2, 2, 0, 0, 0, 0, 0, 0, 0, 0, 0, 2, 2, 3, 0, 2, 1, 2, 1, 4, 3, 6, 5, 3, 3, 2, 2, 4, 5, 459, 1, 0, 0, 0, 0, 0]",3,0.20000633469059223,-1,0
2724,"[0, 1, 0, 1, 2, 2, 0, 5, 0, 1, 0, 0, 1, 0, 2, 0, 0, 0, 0, 0, 0, 0, 0, 0, 2, 0, 0, 0, 0, 0, 0, 0, 1, 1, 0, 1, 1, 0, 2, 0, 0, 0, 1, 0, 0, 0, 0, 1, 0, 0, 2, 2, 2, 0, 0, 0, 0, 0, 0, 0, 0, 0, 2, 2, 3, 0, 2, 1, 2, 1, 4, 3, 6, 5, 3, 3, 2, 2, 4, 5, 459, 0, 0, 0, 0, 0, 0]",-1,-0.0005076429186684882,-1,0
2725,"[0, 1, 0, 1, 2, 2, 0, 6, 0, 1, 0, 0, 1, 0, 2, 0, 0, 0, 0, 0, 0, 0, 0, 0, 2, 0, 0, 0, 0, 0, 0, 0, 1, 1, 0, 1, 1, 0, 2, 0, 0, 0, 1, 0, 0, 0, 0, 1, 0, 0, 2, 2, 2, 0, 0, 0, 0, 0, 0, 0, 0, 0, 2, 2, 3, 0, 2, 1, 2, 1, 4, 3, 6, 5, 3, 3, 2, 2, 4, 5, 460, 0, 0, 0, 0, 0, 0]",4,14.260484543442494,-1,0
2726,"[0, 1, 0, 1, 2, 2, 0, 6, 0, 1, 0, 0, 1, 0, 2, 0, 0, 0, 0, 0, 0, 0, 0, 0, 2, 0, 0, 0, 0, 0, 0, 0, 1, 1, 0, 1, 1, 0, 2, 0, 0, 0, 1, 0, 0, 0, 0, 1, 0, 0, 2, 2, 2, 0, 0, 0, 0, 0, 0, 0, 0, 0, 2, 2, 3, 0, 2, 1, 2, 1, 4, 3, 6, 5, 3, 3, 2, 2, 4, 5, 460, 0, 0, 0, 0, 0, 0]",-1,-0.0005025917872316788,-1,1
2727,"[0, 1, 0, 1, 2, 2, 0, 6, 0, 1, 0, 0, 1, 0, 2, 0, 0, 0, 0, 0, 0, 0, 0, 0, 2, 0, 0, 0, 0, 0, 0, 0, 1, 1, 0, 1, 1, 0, 2, 0, 0, 0, 1, 0, 0, 0, 0, 1, 0, 0, 2, 2, 2, 0, 0, 0, 0, 0, 0, 0, 0, 0, 2, 2, 3, 0, 2, 1, 2, 1, 4, 3, 6, 5, 3, 3, 2, 2, 4, 5, 460, 0, 0, 0, 0, 0, 0]",1,0.6096302014109969,-1,1
2728,"[0, 1, 0, 1, 2, 2, 0, 6, 0, 1, 0, 0, 1, 0, 2, 0, 0, 0, 0, 0, 0, 0, 0, 0, 2, 0, 0, 0, 0, 0, 0, 0, 1, 1, 0, 1, 1, 0, 2, 0, 0, 0, 1, 0, 0, 0, 0, 1, 0, 0, 2, 2, 2, 0, 0, 0, 0, 0, 0, 0, 0, 0, 2, 2, 3, 0, 2, 1, 2, 1, 4, 3, 6, 5, 3, 3, 2, 2, 4, 5, 460, 0, 0, 0, 0, 0, 0]",-1,-0.0005025917872316788,-1,1
2729,"[0, 1, 0, 1, 2, 2, 0, 7, 0, 1, 0, 0, 1, 0, 2, 0, 0, 0, 0, 0, 0, 0, 0, 0, 2, 0, 0, 0, 0, 0, 0, 0, 1, 1, 0, 1, 1, 0, 2, 0, 0, 0, 1, 0, 0, 0, 0, 1, 0, 0, 2, 2, 2, 0, 0, 0, 0, 0, 0, 0, 0, 0, 2, 2, 3, 0, 2, 1, 2, 1, 4, 3, 6, 5, 3, 3, 2, 2, 4, 5, 461, 0, 0, 0, 0, 0, 0]",4,11.083284361277157,-1,1
2730,"[0, 1, 0, 1, 2, 2, 0, 7, 0, 1, 0, 0, 1, 0, 2, 0, 0, 0, 0, 0, 0, 0, 0, 0, 2, 0, 0, 0, 0, 0, 0, 0, 1, 1, 0, 1, 1, 0, 2, 0, 0, 0, 1, 0, 0, 0, 0, 1, 0, 0, 2, 2, 2, 0, 0, 0, 0, 0, 0, 0, 0, 0, 2, 2, 3, 0, 2, 1, 2, 1, 4, 3, 6, 5, 3, 3, 2, 2, 4, 5, 461, 0, 1, 0, 0, 0, 0]",2,0.40000584767067504,-1,0
2731,"[0, 1, 0, 1, 2, 2, 0, 7, 0, 1, 0, 0, 1, 0, 2, 0, 0, 0, 0, 0, 0, 0, 0, 0, 2, 0, 0, 0, 0, 0, 0, 0, 1, 1, 0, 1, 1, 0, 2, 0, 0, 0, 1, 0, 0, 0, 0, 1, 0, 0, 2, 2, 2, 0, 0, 0, 0, 0, 0, 0, 0, 0, 2, 2, 3, 0, 2, 1, 2, 1, 4, 3, 6, 5, 3, 3, 2, 2, 4, 5, 461, 0, 1, 0, 0, 1, 0]","[[0 1 0 0]
 [1 0 0 0]]",0.650430712728766,-1,0
2732,"[1, 0, 0, 1, 1, 3, 0, 7, 0, 1, 0, 0, 1, 0, 2, 0, 0, 0, 0, 0, 0, 0, 0, 0, 2, 0, 0, 0, 0, 0, 0, 0, 1, 1, 0, 1, 1, 0, 2, 0, 0, 0, 1, 0, 0, 0, 0, 1, 0, 0, 2, 2, 2, 0, 0, 0, 0, 0, 0, 0, 0, 0, 2, 2, 3, 0, 2, 1, 2, 1, 4, 3, 6, 5, 3, 3, 2, 2, 4, 5, 461, 0, 0, 0, 0, 0, 0]",0,-0.19999415232932494,-1,1
2733,"[1, 0, 0, 1, 1, 3, 0, 7, 0, 1, 0, 0, 1, 0, 2, 0, 0, 0, 0, 0, 0, 0, 0, 0, 2, 0, 0, 0, 0, 0, 0, 0, 1, 1, 0, 1, 1, 0, 2, 0, 0, 0, 1, 0, 0, 0, 0, 1, 0, 0, 2, 2, 2, 0, 0, 0, 0, 0, 0, 0, 0, 0, 2, 2, 3, 0, 2, 1, 2, 1, 4, 3, 6, 5, 3, 3, 2, 2, 4, 5, 462, 0, 0, 0, 0, 0, 0]",4,14.26046397151123,-1,0
2734,"[1, 0, 0, 1, 1, 3, 0, 7, 0, 1, 0, 0, 1, 0, 2, 0, 0, 0, 0, 0, 0, 0, 0, 0, 2, 0, 0, 0, 0, 0, 0, 0, 1, 1, 0, 1, 1, 0, 2, 0, 0, 0, 1, 0, 0, 0, 0, 1, 0, 0, 2, 2, 2, 0, 0, 0, 0, 0, 0, 0, 0, 0, 2, 2, 3, 0, 2, 1, 2, 1, 4, 3, 6, 5, 3, 3, 2, 2, 4, 5, 462, 0, 0, 0, 0, 0, 0]",0,0.34222328685570774,-1,1
2735,"[1, 0, 0, 1, 1, 3, 0, 7, 0, 1, 0, 0, 1, 0, 2, 0, 0, 0, 0, 0, 0, 0, 0, 0, 2, 0, 0, 0, 0, 0, 0, 0, 1, 1, 0, 1, 1, 0, 2, 0, 0, 0, 1, 0, 0, 0, 0, 1, 0, 0, 2, 2, 2, 0, 0, 0, 0, 0, 0, 0, 0, 0, 2, 2, 3, 0, 2, 1, 2, 1, 4, 3, 6, 5, 3, 3, 2, 2, 4, 5, 462, 0, 0, 0, 0, 0, 0]",-1,-0.0004926398030593628,-1,1
2736,"[1, 0, 0, 1, 1, 3, 0, 8, 0, 1, 0, 0, 1, 0, 2, 0, 0, 0, 0, 0, 0, 0, 0, 0, 2, 0, 0, 0, 0, 0, 0, 0, 1, 1, 0, 1, 1, 0, 2, 0, 0, 0, 1, 0, 0, 0, 0, 1, 0, 0, 2, 2, 2, 0, 0, 0, 0, 0, 0, 0, 0, 0, 2, 2, 3, 0, 2, 1, 2, 1, 4, 3, 6, 5, 3, 3, 2, 2, 4, 5, 463, 0, 0, 0, 0, 0, 0]",4,14.26045384899242,-1,0
2737,"[1, 0, 0, 1, 1, 3, 0, 9, 0, 1, 0, 0, 1, 0, 2, 0, 0, 0, 0, 0, 0, 0, 0, 0, 2, 0, 0, 0, 0, 0, 0, 0, 1, 1, 0, 1, 1, 0, 2, 0, 0, 0, 1, 0, 0, 0, 0, 1, 0, 0, 2, 2, 2, 0, 0, 0, 0, 0, 0, 0, 0, 0, 2, 2, 3, 0, 2, 1, 2, 1, 4, 3, 6, 5, 3, 3, 2, 2, 4, 5, 464, 0, 0, 0, 0, 0, 0]",4,10.983757651369972,-1,1
2738,"[1, 0, 0, 1, 1, 3, 0, 9, 0, 1, 0, 0, 1, 0, 2, 0, 0, 0, 0, 0, 0, 0, 0, 0, 2, 0, 0, 0, 0, 0, 0, 0, 1, 1, 0, 1, 1, 0, 2, 0, 0, 0, 1, 0, 0, 0, 0, 1, 0, 0, 2, 2, 2, 0, 0, 0, 0, 0, 0, 0, 0, 0, 2, 2, 3, 0, 2, 1, 2, 1, 4, 3, 6, 5, 3, 3, 2, 2, 4, 5, 464, 1, 0, 0, 0, 0, 0]",3,0.20000518643577664,-1,0
2739,"[1, 0, 0, 1, 1, 3, 0, 9, 0, 1, 0, 0, 1, 0, 2, 0, 0, 0, 0, 0, 0, 0, 0, 0, 2, 0, 0, 0, 0, 0, 0, 0, 1, 1, 0, 1, 1, 0, 2, 0, 0, 0, 1, 0, 0, 0, 0, 1, 0, 0, 2, 2, 2, 0, 0, 0, 0, 0, 0, 0, 0, 0, 2, 2, 3, 0, 2, 1, 2, 1, 4, 3, 6, 5, 3, 3, 2, 2, 4, 5, 464, 0, 0, 0, 0, 0, 0]",-1,-0.00048288488137688884,-1,0
2740,"[1, 0, 0, 1, 1, 3, 0, 9, 0, 1, 0, 0, 1, 0, 2, 0, 0, 0, 0, 0, 0, 0, 0, 0, 2, 0, 0, 0, 0, 0, 0, 0, 1, 1, 0, 1, 1, 0, 2, 0, 0, 0, 1, 0, 0, 0, 0, 1, 0, 0, 2, 2, 2, 0, 0, 0, 0, 0, 0, 0, 0, 0, 2, 2, 3, 0, 2, 1, 2, 1, 4, 3, 6, 5, 3, 3, 2, 2, 4, 5, 464, 0, 1, 0, 0, 0, 0]",2,0.4000051864357766,-1,0
2741,"[1, 0, 0, 1, 1, 3, 0, 9, 0, 1, 0, 0, 1, 0, 2, 0, 0, 0, 0, 0, 0, 0, 0, 0, 2, 0, 0, 0, 0, 0, 0, 0, 1, 1, 0, 1, 1, 0, 2, 0, 0, 0, 1, 0, 0, 0, 0, 1, 0, 0, 2, 2, 2, 0, 0, 0, 0, 0, 0, 0, 0, 0, 2, 2, 3, 0, 2, 1, 2, 1, 4, 3, 6, 5, 3, 3, 2, 2, 4, 5, 464, 0, 1, 0, 0, 1, 0]","[[0 0 0 1]
 [0 1 0 0]]",0.6504300514938675,-1,0
2742,"[1, 0, 0, 1, 1, 3, 0, 9, 0, 1, 0, 0, 1, 0, 2, 0, 0, 0, 0, 0, 0, 0, 0, 0, 2, 0, 0, 0, 0, 0, 0, 0, 1, 1, 0, 1, 1, 0, 2, 0, 0, 0, 1, 0, 0, 0, 0, 1, 0, 0, 2, 2, 2, 0, 0, 0, 0, 0, 0, 0, 0, 0, 2, 2, 3, 0, 2, 1, 2, 1, 4, 3, 6, 5, 3, 3, 2, 2, 4, 5, 464, 0, 1, 0, 0, 0, 1]",2,-0.19999481356422338,-1,1
2743,"[1, 0, 0, 1, 1, 3, 0, 9, 0, 1, 0, 0, 1, 0, 2, 0, 0, 0, 0, 0, 0, 0, 0, 0, 2, 0, 0, 0, 0, 0, 0, 0, 1, 1, 0, 1, 1, 0, 2, 0, 0, 0, 1, 0, 0, 0, 0, 1, 0, 0, 2, 2, 2, 0, 0, 0, 0, 0, 0, 0, 0, 0, 2, 2, 3, 0, 2, 1, 2, 1, 4, 3, 6, 5, 3, 3, 2, 2, 4, 5, 464, 0, 0, 1, 0, 0, 0]","[[0 1 0 2]
 [1 0 0 1]]",-0.19999481356422338,-1,1
2744,"[1, 0, 0, 1, 1, 3, 0, 9, 0, 1, 0, 0, 1, 0, 2, 0, 0, 0, 0, 0, 0, 0, 0, 0, 2, 0, 0, 0, 0, 0, 0, 0, 1, 1, 0, 1, 1, 0, 2, 0, 0, 0, 1, 0, 0, 0, 0, 1, 0, 0, 2, 2, 2, 0, 0, 0, 0, 0, 0, 0, 0, 0, 2, 2, 3, 0, 2, 1, 2, 1, 4, 3, 6, 5, 3, 3, 2, 2, 4, 5, 464, 0, 0, 0, 0, 0, 0]",1,-9.18793058750904,-1,0
2745,"[1, 0, 0, 1, 1, 3, 0, 9, 0, 1, 0, 0, 1, 0, 2, 0, 0, 0, 0, 0, 0, 0, 0, 0, 2, 0, 0, 0, 0, 0, 0, 0, 1, 1, 0, 1, 1, 0, 2, 0, 0, 0, 1, 0, 0, 0, 0, 1, 0, 0, 2, 2, 2, 0, 0, 0, 0, 0, 0, 0, 0, 0, 2, 2, 3, 0, 2, 1, 2, 1, 4, 3, 6, 5, 3, 3, 2, 2, 4, 5, 464, 1, 0, 0, 0, 0, 0]",3,0.20000518643577664,-1,0
2746,"[1, 0, 0, 1, 1, 3, 0, 9, 0, 1, 0, 0, 1, 0, 2, 0, 0, 0, 0, 0, 0, 0, 0, 0, 2, 0, 0, 0, 0, 0, 0, 0, 1, 1, 0, 1, 1, 0, 2, 0, 0, 0, 1, 0, 0, 0, 0, 1, 0, 0, 2, 2, 2, 0, 0, 0, 0, 0, 0, 0, 0, 0, 2, 2, 3, 0, 2, 1, 2, 1, 4, 3, 6, 5, 3, 3, 2, 2, 4, 5, 464, 0, 0, 0, 0, 0, 0]",-1,-0.00048288488137688884,-1,0
2747,"[1, 0, 0, 1, 1, 3, 0, 9, 0, 1, 0, 0, 1, 0, 2, 0, 0, 0, 0, 0, 0, 0, 0, 0, 2, 0, 0, 0, 0, 0, 0, 0, 1, 1, 0, 1, 1, 0, 2, 0, 0, 0, 1, 0, 0, 0, 0, 1, 0, 0, 2, 2, 2, 0, 0, 0, 0, 0, 0, 0, 0, 0, 2, 2, 3, 0, 2, 1, 2, 1, 4, 3, 6, 5, 3, 3, 2, 2, 4, 5, 465, 0, 0, 0, 0, 0, 0]",4,14.260433924134318,-1,0
2748,"[1, 0, 0, 1, 1, 1, 0, 4, 0, 1, 0, 0, 1, 0, 2, 0, 0, 0, 0, 0, 0, 0, 0, 0, 2, 0, 0, 0, 0, 0, 0, 0, 1, 1, 0, 1, 1, 0, 2, 0, 0, 0, 1, 0, 0, 0, 0, 1, 0, 0, 2, 2, 2, 0, 0, 0, 0, 0, 0, 0, 0, 0, 2, 2, 3, 0, 2, 1, 2, 1, 4, 3, 6, 5, 3, 3, 2, 2, 4, 4, 466, 0, 0, 0, 0, 0, 0]",4,11.146729174475533,-1,1
2749,"[1, 0, 0, 1, 1, 1, 0, 4, 0, 1, 0, 0, 1, 0, 2, 0, 0, 0, 0, 0, 0, 0, 0, 0, 2, 0, 0, 0, 0, 0, 0, 0, 1, 1, 0, 1, 1, 0, 2, 0, 0, 0, 1, 0, 0, 0, 0, 1, 0, 0, 2, 2, 2, 0, 0, 0, 0, 0, 0, 0, 0, 0, 2, 2, 3, 0, 2, 1, 2, 1, 4, 3, 6, 5, 3, 3, 2, 2, 4, 4, 467, 0, 0, 0, 0, 0, 0]",4,14.260414417503322,-1,0
2750,"[1, 0, 0, 1, 1, 1, 0, 4, 0, 1, 0, 0, 1, 0, 2, 0, 0, 0, 0, 0, 0, 0, 0, 0, 2, 0, 0, 0, 0, 0, 0, 0, 1, 1, 0, 1, 1, 0, 2, 0, 0, 0, 1, 0, 0, 0, 0, 1, 0, 0, 2, 2, 2, 0, 0, 0, 0, 0, 0, 0, 0, 0, 2, 2, 3, 0, 2, 1, 2, 1, 4, 3, 6, 5, 3, 3, 2, 2, 4, 4, 467, 0, 0, 0, 0, 0, 0]",0,0.34222226843841125,-1,1
2751,"[1, 0, 0, 1, 1, 1, 0, 4, 0, 1, 0, 0, 1, 0, 2, 0, 0, 0, 0, 0, 0, 0, 0, 0, 2, 0, 0, 0, 0, 0, 0, 0, 1, 1, 0, 1, 1, 0, 2, 0, 0, 0, 1, 0, 0, 0, 0, 1, 0, 0, 2, 2, 2, 0, 0, 0, 0, 0, 0, 0, 0, 0, 2, 2, 3, 0, 2, 1, 2, 1, 4, 3, 6, 5, 3, 3, 2, 2, 4, 4, 467, 0, 0, 0, 0, 0, 0]",-1,-0.0004686134763503029,-1,1
2752,"[2, 0, 0, 1, 1, 2, 0, 4, 0, 1, 0, 0, 1, 0, 2, 0, 0, 0, 0, 0, 0, 0, 0, 0, 2, 0, 0, 0, 0, 0, 0, 0, 1, 1, 0, 1, 1, 0, 2, 0, 0, 0, 1, 0, 0, 0, 0, 1, 0, 0, 2, 2, 2, 0, 0, 0, 0, 0, 0, 0, 0, 0, 2, 2, 3, 0, 2, 1, 2, 1, 4, 3, 6, 5, 3, 3, 2, 2, 4, 4, 468, 0, 0, 0, 0, 0, 0]",4,11.229527728572325,-1,1
2753,"[1, 0, 0, 1, 1, 1, 0, 2, 0, 1, 0, 0, 1, 0, 2, 0, 0, 0, 0, 0, 0, 0, 0, 0, 2, 0, 0, 0, 0, 0, 0, 0, 1, 1, 0, 1, 1, 0, 2, 0, 0, 0, 1, 0, 0, 0, 0, 1, 0, 0, 2, 2, 2, 0, 0, 0, 0, 0, 0, 0, 0, 0, 2, 2, 3, 0, 2, 1, 2, 1, 4, 3, 6, 5, 3, 3, 2, 2, 4, 5, 469, 0, 0, 0, 0, 0, 0]",4,14.260395318996913,-1,0
2754,"[1, 0, 0, 1, 1, 1, 0, 2, 0, 1, 0, 0, 1, 0, 2, 0, 0, 0, 0, 0, 0, 0, 0, 0, 2, 0, 0, 0, 0, 0, 0, 0, 1, 1, 0, 1, 1, 0, 2, 0, 0, 0, 1, 0, 0, 0, 0, 1, 0, 0, 2, 2, 2, 0, 0, 0, 0, 0, 0, 0, 0, 0, 2, 2, 3, 0, 2, 1, 2, 1, 4, 3, 6, 5, 3, 3, 2, 2, 4, 5, 469, 0, 0, 0, 0, 0, 0]",0,0.34222191478346814,-1,1
2755,"[1, 0, 0, 1, 1, 1, 0, 2, 0, 1, 0, 0, 1, 0, 2, 0, 0, 0, 0, 0, 0, 0, 0, 0, 2, 0, 0, 0, 0, 0, 0, 0, 1, 1, 0, 1, 1, 0, 2, 0, 0, 0, 1, 0, 0, 0, 0, 1, 0, 0, 2, 2, 2, 0, 0, 0, 0, 0, 0, 0, 0, 0, 2, 2, 3, 0, 2, 1, 2, 1, 4, 3, 6, 5, 3, 3, 2, 2, 4, 5, 469, 0, 0, 0, 0, 0, 0]",-1,-0.0004593343078122332,-1,1
2756,"[1, 1, 0, 1, 1, 2, 0, 2, 0, 1, 0, 0, 1, 0, 2, 0, 0, 0, 0, 0, 0, 0, 0, 0, 2, 0, 0, 0, 0, 0, 0, 0, 1, 1, 0, 1, 1, 0, 2, 0, 0, 0, 1, 0, 0, 0, 0, 1, 0, 0, 2, 2, 2, 0, 0, 0, 0, 0, 0, 0, 0, 0, 2, 2, 3, 0, 2, 1, 2, 1, 4, 3, 6, 5, 3, 3, 2, 2, 4, 5, 470, 0, 0, 0, 0, 0, 0]",4,11.473364252367794,-1,1
2757,"[1, 1, 0, 1, 1, 2, 0, 2, 0, 1, 0, 0, 1, 0, 2, 0, 0, 0, 0, 0, 0, 0, 0, 0, 2, 0, 0, 0, 0, 0, 0, 0, 1, 1, 0, 1, 1, 0, 2, 0, 0, 0, 1, 0, 0, 0, 0, 1, 0, 0, 2, 2, 2, 0, 0, 0, 0, 0, 0, 0, 0, 0, 2, 2, 3, 0, 2, 1, 2, 1, 4, 3, 6, 5, 3, 3, 2, 2, 4, 5, 470, 0, 0, 0, 0, 0, 0]",0,0.24272295224102908,-1,0
2758,"[1, 1, 0, 1, 1, 2, 0, 2, 0, 1, 0, 0, 1, 0, 2, 0, 0, 0, 0, 0, 0, 0, 0, 0, 2, 0, 0, 0, 0, 0, 0, 0, 1, 1, 0, 1, 1, 0, 2, 0, 0, 0, 1, 0, 0, 0, 0, 1, 0, 0, 2, 2, 2, 0, 0, 0, 0, 0, 0, 0, 0, 0, 2, 2, 3, 0, 2, 1, 2, 1, 4, 3, 6, 5, 3, 3, 2, 2, 4, 5, 470, 0, 0, 0, 0, 0, 0]",-1,-0.0004547638550847908,-1,0
2759,"[1, 1, 0, 1, 1, 2, 0, 2, 0, 1, 0, 0, 1, 0, 2, 0, 0, 0, 0, 0, 0, 0, 0, 0, 2, 0, 0, 0, 0, 0, 0, 0, 1, 1, 0, 1, 1, 0, 2, 0, 0, 0, 1, 0, 0, 0, 0, 1, 0, 0, 2, 2, 2, 0, 0, 0, 0, 0, 0, 0, 0, 0, 2, 2, 3, 0, 2, 1, 2, 1, 4, 3, 6, 5, 3, 3, 2, 2, 4, 5, 470, 0, 0, 0, 0, 0, 0]",0,0.24272295224102908,-1,0
2760,"[1, 1, 0, 1, 1, 2, 0, 2, 0, 1, 0, 0, 1, 0, 2, 0, 0, 0, 0, 0, 0, 0, 0, 0, 2, 0, 0, 0, 0, 0, 0, 0, 1, 1, 0, 1, 1, 0, 2, 0, 0, 0, 1, 0, 0, 0, 0, 1, 0, 0, 2, 2, 2, 0, 0, 0, 0, 0, 0, 0, 0, 0, 2, 2, 3, 0, 2, 1, 2, 1, 4, 3, 6, 5, 3, 3, 2, 2, 4, 5, 470, 0, 0, 0, 0, 0, 0]",-1,-0.0004547638550847908,-1,0
2761,"[1, 1, 0, 1, 1, 2, 0, 2, 0, 1, 0, 0, 1, 0, 2, 0, 0, 0, 0, 0, 0, 0, 0, 0, 2, 0, 0, 0, 0, 0, 0, 0, 1, 1, 0, 1, 1, 0, 2, 0, 0, 0, 1, 0, 0, 0, 0, 1, 0, 0, 2, 2, 2, 0, 0, 0, 0, 0, 0, 0, 0, 0, 2, 2, 3, 0, 2, 1, 2, 1, 4, 3, 6, 5, 3, 3, 2, 2, 4, 5, 470, 0, 0, 0, 0, 0, 0]",0,0.24272295224102908,-1,0
2762,"[1, 1, 0, 1, 1, 2, 0, 2, 0, 1, 0, 0, 1, 0, 2, 0, 0, 0, 0, 0, 0, 0, 0, 0, 2, 0, 0, 0, 0, 0, 0, 0, 1, 1, 0, 1, 1, 0, 2, 0, 0, 0, 1, 0, 0, 0, 0, 1, 0, 0, 2, 2, 2, 0, 0, 0, 0, 0, 0, 0, 0, 0, 2, 2, 3, 0, 2, 1, 2, 1, 4, 3, 6, 5, 3, 3, 2, 2, 4, 5, 470, 0, 0, 0, 0, 0, 0]",-1,-0.0004547638550847908,-1,0
2763,"[1, 1, 0, 1, 1, 2, 0, 2, 0, 1, 0, 0, 1, 0, 2, 0, 0, 0, 0, 0, 0, 0, 0, 0, 2, 0, 0, 0, 0, 0, 0, 0, 1, 1, 0, 1, 1, 0, 2, 0, 0, 0, 1, 0, 0, 0, 0, 1, 0, 0, 2, 2, 2, 0, 0, 0, 0, 0, 0, 0, 0, 0, 2, 2, 3, 0, 2, 1, 2, 1, 4, 3, 6, 5, 3, 3, 2, 2, 4, 5, 470, 0, 0, 0, 0, 0, 0]",0,0.24272295224102908,-1,0
2764,"[1, 1, 0, 1, 1, 2, 0, 2, 0, 1, 0, 0, 1, 0, 2, 0, 0, 0, 0, 0, 0, 0, 0, 0, 2, 0, 0, 0, 0, 0, 0, 0, 1, 1, 0, 1, 1, 0, 2, 0, 0, 0, 1, 0, 0, 0, 0, 1, 0, 0, 2, 2, 2, 0, 0, 0, 0, 0, 0, 0, 0, 0, 2, 2, 3, 0, 2, 1, 2, 1, 4, 3, 6, 5, 3, 3, 2, 2, 4, 5, 470, 0, 0, 0, 0, 0, 0]",-1,-0.0004547638550847908,-1,0
2765,"[1, 1, 0, 1, 1, 2, 0, 2, 0, 1, 0, 0, 1, 0, 2, 0, 0, 0, 0, 0, 0, 0, 0, 0, 2, 0, 0, 0, 0, 0, 0, 0, 1, 1, 0, 1, 1, 0, 2, 0, 0, 0, 1, 0, 0, 0, 0, 1, 0, 0, 2, 2, 2, 0, 0, 0, 0, 0, 0, 0, 0, 0, 2, 2, 3, 0, 2, 1, 2, 1, 4, 3, 6, 5, 3, 3, 2, 2, 4, 5, 470, 0, 0, 0, 0, 0, 0]",0,0.24272295224102908,-1,0
2766,"[1, 1, 0, 1, 1, 2, 0, 2, 0, 1, 0, 0, 1, 0, 2, 0, 0, 0, 0, 0, 0, 0, 0, 0, 2, 0, 0, 0, 0, 0, 0, 0, 1, 1, 0, 1, 1, 0, 2, 0, 0, 0, 1, 0, 0, 0, 0, 1, 0, 0, 2, 2, 2, 0, 0, 0, 0, 0, 0, 0, 0, 0, 2, 2, 3, 0, 2, 1, 2, 1, 4, 3, 6, 5, 3, 3, 2, 2, 4, 5, 470, 0, 0, 0, 0, 0, 0]",-1,-0.0004547638550847908,-1,0
2767,"[1, 1, 0, 1, 1, 2, 0, 2, 0, 1, 0, 0, 1, 0, 2, 0, 0, 0, 0, 0, 0, 0, 0, 0, 2, 0, 0, 0, 0, 0, 0, 0, 1, 1, 0, 1, 1, 0, 2, 0, 0, 0, 1, 0, 0, 0, 0, 1, 0, 0, 2, 2, 2, 0, 0, 0, 0, 0, 0, 0, 0, 0, 2, 2, 3, 0, 2, 1, 2, 1, 4, 3, 6, 5, 3, 3, 2, 2, 4, 5, 470, 0, 0, 0, 0, 0, 0]",0,0.24272295224102908,-1,0
2768,"[1, 1, 0, 1, 1, 2, 0, 2, 0, 1, 0, 0, 1, 0, 2, 0, 0, 0, 0, 0, 0, 0, 0, 0, 2, 0, 0, 0, 0, 0, 0, 0, 1, 1, 0, 1, 1, 0, 2, 0, 0, 0, 1, 0, 0, 0, 0, 1, 0, 0, 2, 2, 2, 0, 0, 0, 0, 0, 0, 0, 0, 0, 2, 2, 3, 0, 2, 1, 2, 1, 4, 3, 6, 5, 3, 3, 2, 2, 4, 5, 470, 0, 0, 0, 0, 0, 0]",-1,-0.0004547638550847908,-1,0
2769,"[1, 1, 0, 1, 1, 2, 0, 2, 0, 1, 0, 0, 1, 0, 2, 0, 0, 0, 0, 0, 0, 0, 0, 0, 2, 0, 0, 0, 0, 0, 0, 0, 1, 1, 0, 1, 1, 0, 2, 0, 0, 0, 1, 0, 0, 0, 0, 1, 0, 0, 2, 2, 2, 0, 0, 0, 0, 0, 0, 0, 0, 0, 2, 2, 3, 0, 2, 1, 2, 1, 4, 3, 6, 5, 3, 3, 2, 2, 4, 5, 470, 1, 0, 0, 0, 0, 0]",3,0.200004079817456,-1,0
2770,"[1, 1, 0, 1, 1, 2, 0, 2, 0, 1, 0, 0, 1, 0, 2, 0, 0, 0, 0, 0, 0, 0, 0, 0, 2, 0, 0, 0, 0, 0, 0, 0, 1, 1, 0, 1, 1, 0, 2, 0, 0, 0, 1, 0, 0, 0, 0, 1, 0, 0, 2, 2, 2, 0, 0, 0, 0, 0, 0, 0, 0, 0, 2, 2, 3, 0, 2, 1, 2, 1, 4, 3, 6, 5, 3, 3, 2, 2, 4, 5, 470, 0, 0, 0, 0, 0, 0]",-1,-0.0004547638550847908,-1,0
2771,"[1, 1, 0, 1, 1, 2, 0, 2, 0, 1, 0, 0, 1, 0, 2, 0, 0, 0, 0, 0, 0, 0, 0, 0, 2, 0, 0, 0, 0, 0, 0, 0, 1, 1, 0, 1, 1, 0, 2, 0, 0, 0, 1, 0, 0, 0, 0, 1, 0, 0, 2, 2, 2, 0, 0, 0, 0, 0, 0, 0, 0, 0, 2, 2, 3, 0, 2, 1, 2, 1, 4, 3, 6, 5, 3, 3, 2, 2, 4, 5, 470, 1, 0, 0, 0, 0, 0]",3,0.200004079817456,-1,0
2772,"[1, 1, 0, 1, 1, 2, 0, 2, 0, 1, 0, 0, 1, 0, 2, 0, 0, 0, 0, 0, 0, 0, 0, 0, 2, 0, 0, 0, 0, 0, 0, 0, 1, 1, 0, 1, 1, 0, 2, 0, 0, 0, 1, 0, 0, 0, 0, 1, 0, 0, 2, 2, 2, 0, 0, 0, 0, 0, 0, 0, 0, 0, 2, 2, 3, 0, 2, 1, 2, 1, 4, 3, 6, 5, 3, 3, 2, 2, 4, 5, 470, 0, 0, 0, 0, 0, 0]",-1,-0.0004547638550847908,-1,0
2773,"[1, 1, 0, 1, 1, 2, 0, 2, 0, 1, 0, 0, 1, 0, 2, 0, 0, 0, 0, 0, 0, 0, 0, 0, 2, 0, 0, 0, 0, 0, 0, 0, 1, 1, 0, 1, 1, 0, 2, 0, 0, 0, 1, 0, 0, 0, 0, 1, 0, 0, 2, 2, 2, 0, 0, 0, 0, 0, 0, 0, 0, 0, 2, 2, 3, 0, 2, 1, 2, 1, 4, 3, 6, 5, 3, 3, 2, 2, 4, 5, 470, 0, 0, 0, 0, 0, 0]",1,0.6096281949170728,-1,0
2774,"[1, 1, 0, 1, 1, 2, 0, 2, 0, 1, 0, 0, 1, 0, 2, 0, 0, 0, 0, 0, 0, 0, 0, 0, 2, 0, 0, 0, 0, 0, 0, 0, 1, 1, 0, 1, 1, 0, 2, 0, 0, 0, 1, 0, 0, 0, 0, 1, 0, 0, 2, 2, 2, 0, 0, 0, 0, 0, 0, 0, 0, 0, 2, 2, 3, 0, 2, 1, 2, 1, 4, 3, 6, 5, 3, 3, 2, 2, 4, 5, 470, 0, 0, 0, 0, 0, 0]",-1,-0.0004547638550847908,-1,0
2775,"[1, 1, 0, 1, 1, 2, 0, 2, 0, 1, 0, 0, 1, 0, 2, 0, 0, 0, 0, 0, 0, 0, 0, 0, 2, 0, 0, 0, 0, 0, 0, 0, 1, 1, 0, 1, 1, 0, 2, 0, 0, 0, 1, 0, 0, 0, 0, 1, 0, 0, 2, 2, 2, 0, 0, 0, 0, 0, 0, 0, 0, 0, 2, 2, 3, 0, 2, 1, 2, 1, 4, 3, 6, 5, 3, 3, 2, 2, 4, 5, 470, 0, 0, 0, 0, 0, 0]",1,0.6096281949170728,-1,0
2776,"[1, 1, 0, 1, 1, 2, 0, 2, 0, 1, 0, 0, 1, 0, 2, 0, 0, 0, 0, 0, 0, 0, 0, 0, 2, 0, 0, 0, 0, 0, 0, 0, 1, 1, 0, 1, 1, 0, 2, 0, 0, 0, 1, 0, 0, 0, 0, 1, 0, 0, 2, 2, 2, 0, 0, 0, 0, 0, 0, 0, 0, 0, 2, 2, 3, 0, 2, 1, 2, 1, 4, 3, 6, 5, 3, 3, 2, 2, 4, 5, 470, 0, 0, 0, 0, 0, 0]",-1,-0.0004547638550847908,-1,0
2777,"[1, 1, 0, 1, 1, 2, 0, 2, 0, 1, 0, 0, 1, 0, 2, 0, 0, 0, 0, 0, 0, 0, 0, 0, 2, 0, 0, 0, 0, 0, 0, 0, 1, 1, 0, 1, 1, 0, 2, 0, 0, 0, 1, 0, 0, 0, 0, 1, 0, 0, 2, 2, 2, 0, 0, 0, 0, 0, 0, 0, 0, 0, 2, 2, 3, 0, 2, 1, 2, 1, 4, 3, 6, 5, 3, 3, 2, 2, 4, 5, 470, 0, 1, 0, 0, 0, 0]",2,0.40000407981745595,-1,0
2778,"[1, 1, 0, 1, 1, 2, 0, 2, 0, 1, 0, 0, 1, 0, 2, 0, 0, 0, 0, 0, 0, 0, 0, 0, 2, 0, 0, 0, 0, 0, 0, 0, 1, 1, 0, 1, 1, 0, 2, 0, 0, 0, 1, 0, 0, 0, 0, 1, 0, 0, 2, 2, 2, 0, 0, 0, 0, 0, 0, 0, 0, 0, 2, 2, 3, 0, 2, 1, 2, 1, 4, 3, 6, 5, 3, 3, 2, 2, 4, 5, 470, 0, 0, 0, 0, 0, 0]",-1,-0.0004547638550847908,-1,0
2779,"[1, 1, 0, 1, 1, 2, 0, 2, 0, 1, 0, 0, 1, 0, 2, 0, 0, 0, 0, 0, 0, 0, 0, 0, 2, 0, 0, 0, 0, 0, 0, 0, 1, 1, 0, 1, 1, 0, 2, 0, 0, 0, 1, 0, 0, 0, 0, 1, 0, 0, 2, 2, 2, 0, 0, 0, 0, 0, 0, 0, 0, 0, 2, 2, 3, 0, 2, 1, 2, 1, 4, 3, 6, 5, 3, 3, 2, 2, 4, 5, 470, 1, 0, 0, 0, 0, 0]",3,0.200004079817456,-1,0
2780,"[1, 1, 0, 1, 1, 2, 0, 2, 0, 1, 0, 0, 1, 0, 2, 0, 0, 0, 0, 0, 0, 0, 0, 0, 2, 0, 0, 0, 0, 0, 0, 0, 1, 1, 0, 1, 1, 0, 2, 0, 0, 0, 1, 0, 0, 0, 0, 1, 0, 0, 2, 2, 2, 0, 0, 0, 0, 0, 0, 0, 0, 0, 2, 2, 3, 0, 2, 1, 2, 1, 4, 3, 6, 5, 3, 3, 2, 2, 4, 5, 470, 0, 0, 0, 0, 0, 0]",-1,-0.0004547638550847908,-1,0
2781,"[1, 1, 0, 1, 1, 2, 0, 2, 0, 1, 0, 0, 1, 0, 2, 0, 0, 0, 0, 0, 0, 0, 0, 0, 2, 0, 0, 0, 0, 0, 0, 0, 1, 1, 0, 1, 1, 0, 2, 0, 0, 0, 1, 0, 0, 0, 0, 1, 0, 0, 2, 2, 2, 0, 0, 0, 0, 0, 0, 0, 0, 0, 2, 2, 3, 0, 2, 1, 2, 1, 4, 3, 6, 5, 3, 3, 2, 2, 4, 5, 470, 0, 0, 0, 0, 0, 0]",1,0.6096281949170728,-1,0
2782,"[1, 1, 0, 1, 1, 2, 0, 2, 0, 1, 0, 0, 1, 0, 2, 0, 0, 0, 0, 0, 0, 0, 0, 0, 2, 0, 0, 0, 0, 0, 0, 0, 1, 1, 0, 1, 1, 0, 2, 0, 0, 0, 1, 0, 0, 0, 0, 1, 0, 0, 2, 2, 2, 0, 0, 0, 0, 0, 0, 0, 0, 0, 2, 2, 3, 0, 2, 1, 2, 1, 4, 3, 6, 5, 3, 3, 2, 2, 4, 5, 470, 0, 0, 0, 0, 0, 0]",-1,-0.0004547638550847908,-1,0
2783,"[1, 1, 0, 1, 1, 2, 0, 2, 0, 1, 0, 0, 1, 0, 2, 0, 0, 0, 0, 0, 0, 0, 0, 0, 2, 0, 0, 0, 0, 0, 0, 0, 1, 1, 0, 1, 1, 0, 2, 0, 0, 0, 1, 0, 0, 0, 0, 1, 0, 0, 2, 2, 2, 0, 0, 0, 0, 0, 0, 0, 0, 0, 2, 2, 3, 0, 2, 1, 2, 1, 4, 3, 6, 5, 3, 3, 2, 2, 4, 5, 470, 0, 0, 0, 0, 0, 0]",1,0.6096281949170728,-1,0
2784,"[1, 1, 0, 1, 1, 2, 0, 2, 0, 1, 0, 0, 1, 0, 2, 0, 0, 0, 0, 0, 0, 0, 0, 0, 2, 0, 0, 0, 0, 0, 0, 0, 1, 1, 0, 1, 1, 0, 2, 0, 0, 0, 1, 0, 0, 0, 0, 1, 0, 0, 2, 2, 2, 0, 0, 0, 0, 0, 0, 0, 0, 0, 2, 2, 3, 0, 2, 1, 2, 1, 4, 3, 6, 5, 3, 3, 2, 2, 4, 5, 470, 0, 0, 0, 0, 0, 0]",-1,-0.0004547638550847908,-1,0
2785,"[1, 1, 0, 1, 1, 2, 0, 2, 0, 1, 0, 0, 1, 0, 2, 0, 0, 0, 0, 0, 0, 0, 0, 0, 2, 0, 0, 0, 0, 0, 0, 0, 1, 1, 0, 1, 1, 0, 2, 0, 0, 0, 1, 0, 0, 0, 0, 1, 0, 0, 2, 2, 2, 0, 0, 0, 0, 0, 0, 0, 0, 0, 2, 2, 3, 0, 2, 1, 2, 1, 4, 3, 6, 5, 3, 3, 2, 2, 4, 5, 470, 1, 0, 0, 0, 0, 0]",3,0.200004079817456,-1,0
2786,"[1, 1, 0, 1, 1, 2, 0, 2, 0, 1, 0, 0, 1, 0, 2, 0, 0, 0, 0, 0, 0, 0, 0, 0, 2, 0, 0, 0, 0, 0, 0, 0, 1, 1, 0, 1, 1, 0, 2, 0, 0, 0, 1, 0, 0, 0, 0, 1, 0, 0, 2, 2, 2, 0, 0, 0, 0, 0, 0, 0, 0, 0, 2, 2, 3, 0, 2, 1, 2, 1, 4, 3, 6, 5, 3, 3, 2, 2, 4, 5, 470, 0, 0, 0, 0, 0, 0]",-1,-0.0004547638550847908,-1,0
2787,"[1, 1, 0, 1, 1, 2, 0, 2, 0, 1, 0, 0, 1, 0, 2, 0, 0, 0, 0, 0, 0, 0, 0, 0, 2, 0, 0, 0, 0, 0, 0, 0, 1, 1, 0, 1, 1, 0, 2, 0, 0, 0, 1, 0, 0, 0, 0, 1, 0, 0, 2, 2, 2, 0, 0, 0, 0, 0, 0, 0, 0, 0, 2, 2, 3, 0, 2, 1, 2, 1, 4, 3, 6, 5, 3, 3, 2, 2, 4, 5, 470, 0, 0, 0, 0, 0, 0]",1,0.6096281949170728,-1,0
2788,"[1, 1, 0, 1, 1, 2, 0, 2, 0, 1, 0, 0, 1, 0, 2, 0, 0, 0, 0, 0, 0, 0, 0, 0, 2, 0, 0, 0, 0, 0, 0, 0, 1, 1, 0, 1, 1, 0, 2, 0, 0, 0, 1, 0, 0, 0, 0, 1, 0, 0, 2, 2, 2, 0, 0, 0, 0, 0, 0, 0, 0, 0, 2, 2, 3, 0, 2, 1, 2, 1, 4, 3, 6, 5, 3, 3, 2, 2, 4, 5, 470, 0, 0, 0, 0, 0, 0]",-1,-0.0004547638550847908,-1,0
2789,"[1, 1, 0, 1, 1, 2, 0, 2, 0, 1, 0, 0, 1, 0, 2, 0, 0, 0, 0, 0, 0, 0, 0, 0, 2, 0, 0, 0, 0, 0, 0, 0, 1, 1, 0, 1, 1, 0, 2, 0, 0, 0, 1, 0, 0, 0, 0, 1, 0, 0, 2, 2, 2, 0, 0, 0, 0, 0, 0, 0, 0, 0, 2, 2, 3, 0, 2, 1, 2, 1, 4, 3, 6, 5, 3, 3, 2, 2, 4, 5, 470, 1, 0, 0, 0, 0, 0]",3,0.200004079817456,-1,0
2790,"[1, 1, 0, 1, 1, 2, 0, 2, 0, 1, 0, 0, 1, 0, 2, 0, 0, 0, 0, 0, 0, 0, 0, 0, 2, 0, 0, 0, 0, 0, 0, 0, 1, 1, 0, 1, 1, 0, 2, 0, 0, 0, 1, 0, 0, 0, 0, 1, 0, 0, 2, 2, 2, 0, 0, 0, 0, 0, 0, 0, 0, 0, 2, 2, 3, 0, 2, 1, 2, 1, 4, 3, 6, 5, 3, 3, 2, 2, 4, 5, 470, 0, 0, 0, 0, 0, 0]",-1,-0.0004547638550847908,-1,0
2791,"[1, 1, 0, 1, 1, 2, 0, 2, 0, 1, 0, 0, 1, 0, 2, 0, 0, 0, 0, 0, 0, 0, 0, 0, 2, 0, 0, 0, 0, 0, 0, 0, 1, 1, 0, 1, 1, 0, 2, 0, 0, 0, 1, 0, 0, 0, 0, 1, 0, 0, 2, 2, 2, 0, 0, 0, 0, 0, 0, 0, 0, 0, 2, 2, 3, 0, 2, 1, 2, 1, 4, 3, 6, 5, 3, 3, 2, 2, 4, 5, 470, 0, 0, 0, 0, 0, 0]",1,0.6096281949170728,-1,0
2792,"[1, 1, 0, 1, 1, 2, 0, 2, 0, 1, 0, 0, 1, 0, 2, 0, 0, 0, 0, 0, 0, 0, 0, 0, 2, 0, 0, 0, 0, 0, 0, 0, 1, 1, 0, 1, 1, 0, 2, 0, 0, 0, 1, 0, 0, 0, 0, 1, 0, 0, 2, 2, 2, 0, 0, 0, 0, 0, 0, 0, 0, 0, 2, 2, 3, 0, 2, 1, 2, 1, 4, 3, 6, 5, 3, 3, 2, 2, 4, 5, 470, 0, 0, 0, 0, 0, 0]",-1,-0.0004547638550847908,-1,0
2793,"[1, 1, 0, 1, 1, 2, 0, 2, 0, 1, 0, 0, 1, 0, 2, 0, 0, 0, 0, 0, 0, 0, 0, 0, 2, 0, 0, 0, 0, 0, 0, 0, 1, 1, 0, 1, 1, 0, 2, 0, 0, 0, 1, 0, 0, 0, 0, 1, 0, 0, 2, 2, 2, 0, 0, 0, 0, 0, 0, 0, 0, 0, 2, 2, 3, 0, 2, 1, 2, 1, 4, 3, 6, 5, 3, 3, 2, 2, 4, 5, 470, 0, 0, 0, 0, 0, 0]",1,0.6096281949170728,-1,0
2794,"[1, 1, 0, 1, 1, 2, 0, 2, 0, 1, 0, 0, 1, 0, 2, 0, 0, 0, 0, 0, 0, 0, 0, 0, 2, 0, 0, 0, 0, 0, 0, 0, 1, 1, 0, 1, 1, 0, 2, 0, 0, 0, 1, 0, 0, 0, 0, 1, 0, 0, 2, 2, 2, 0, 0, 0, 0, 0, 0, 0, 0, 0, 2, 2, 3, 0, 2, 1, 2, 1, 4, 3, 6, 5, 3, 3, 2, 2, 4, 5, 470, 0, 0, 0, 0, 0, 0]",-1,-0.0004547638550847908,-1,0
2795,"[1, 1, 0, 1, 1, 2, 0, 3, 0, 1, 0, 0, 1, 0, 2, 0, 0, 0, 0, 0, 0, 0, 0, 0, 2, 0, 0, 0, 0, 0, 0, 0, 1, 1, 0, 1, 1, 0, 2, 0, 0, 0, 1, 0, 0, 0, 0, 1, 0, 0, 2, 2, 2, 0, 0, 0, 0, 0, 0, 0, 0, 0, 2, 2, 3, 0, 2, 1, 2, 1, 4, 3, 6, 5, 3, 3, 2, 2, 4, 5, 471, 0, 0, 0, 0, 0, 0]",4,14.534306731568956,-1,0
2796,"[1, 1, 0, 1, 1, 2, 0, 3, 0, 1, 0, 0, 1, 0, 2, 0, 0, 0, 0, 0, 0, 0, 0, 0, 2, 0, 0, 0, 0, 0, 0, 0, 1, 1, 0, 1, 1, 0, 2, 0, 0, 0, 1, 0, 0, 0, 0, 1, 0, 0, 2, 2, 2, 0, 0, 0, 0, 0, 0, 0, 0, 0, 2, 2, 3, 0, 2, 1, 2, 1, 4, 3, 6, 5, 3, 3, 2, 2, 4, 5, 471, 0, 1, 0, 0, 0, 0]",2,0.4000039198486607,-1,1
2797,"[1, 1, 0, 1, 1, 2, 0, 3, 0, 1, 0, 0, 1, 0, 2, 0, 0, 0, 0, 0, 0, 0, 0, 0, 2, 0, 0, 0, 0, 0, 0, 0, 1, 1, 0, 1, 1, 0, 2, 0, 0, 0, 1, 0, 0, 0, 0, 1, 0, 0, 2, 2, 2, 0, 0, 0, 0, 0, 0, 0, 0, 0, 2, 2, 3, 0, 2, 1, 2, 1, 4, 3, 6, 5, 3, 3, 2, 2, 4, 5, 471, 0, 1, 0, 0, 1, 0]","[[0 1 0 1]
 [1 1 0 1]]",1.7252452523892567,-1,1
2798,"[0, 1, 0, 1, 2, 2, 0, 3, 0, 1, 0, 0, 1, 0, 2, 0, 0, 0, 0, 0, 0, 0, 0, 0, 2, 0, 0, 0, 0, 0, 0, 0, 1, 1, 0, 1, 1, 0, 2, 0, 0, 0, 1, 0, 0, 0, 0, 1, 0, 0, 2, 2, 2, 0, 0, 0, 0, 0, 0, 0, 0, 0, 2, 2, 3, 0, 2, 1, 2, 1, 4, 3, 6, 5, 3, 3, 2, 2, 4, 5, 471, 0, 0, 0, 0, 0, 0]",0,-0.1999960801513393,-1,0
2799,"[0, 1, 0, 1, 2, 2, 0, 3, 0, 1, 0, 0, 1, 0, 2, 0, 0, 0, 0, 0, 0, 0, 0, 0, 2, 0, 0, 0, 0, 0, 0, 0, 1, 1, 0, 1, 1, 0, 2, 0, 0, 0, 1, 0, 0, 0, 0, 1, 0, 0, 2, 2, 2, 0, 0, 0, 0, 0, 0, 0, 0, 0, 2, 2, 3, 0, 2, 1, 2, 1, 4, 3, 6, 5, 3, 3, 2, 2, 4, 5, 471, 0, 1, 0, 0, 0, 0]",2,0.4000039198486607,-1,1
2800,"[0, 1, 0, 1, 2, 2, 0, 3, 0, 1, 0, 0, 1, 0, 2, 0, 0, 0, 0, 0, 0, 0, 0, 0, 2, 0, 0, 0, 0, 0, 0, 0, 1, 1, 0, 1, 1, 0, 2, 0, 0, 0, 1, 0, 0, 0, 0, 1, 0, 0, 2, 2, 2, 0, 0, 0, 0, 0, 0, 0, 0, 0, 2, 2, 3, 0, 2, 1, 2, 1, 4, 3, 6, 5, 3, 3, 2, 2, 4, 5, 471, 0, 1, 0, 0, 1, 0]","[[1 1 0 1]
 [0 1 0 1]]",-0.0340638713273069,-1,1
2801,"[0, 1, 0, 1, 2, 2, 0, 3, 0, 1, 0, 0, 1, 0, 2, 0, 0, 0, 0, 0, 0, 0, 0, 0, 2, 0, 0, 0, 0, 0, 0, 0, 1, 1, 0, 1, 1, 0, 2, 0, 0, 0, 1, 0, 0, 0, 0, 1, 0, 0, 2, 2, 2, 0, 0, 0, 0, 0, 0, 0, 0, 0, 2, 2, 3, 0, 2, 1, 2, 1, 4, 3, 6, 5, 3, 3, 2, 2, 4, 5, 471, 0, 0, 0, 0, 0, 0]",1,-0.1999960801513393,-1,0
2802,"[0, 1, 0, 1, 2, 2, 0, 3, 0, 1, 0, 0, 1, 0, 2, 0, 0, 0, 0, 0, 0, 0, 0, 0, 2, 0, 0, 0, 0, 0, 0, 0, 1, 1, 0, 1, 1, 0, 2, 0, 0, 0, 1, 0, 0, 0, 0, 1, 0, 0, 2, 2, 2, 0, 0, 0, 0, 0, 0, 0, 0, 0, 2, 2, 3, 0, 2, 1, 2, 1, 4, 3, 6, 5, 3, 3, 2, 2, 4, 5, 471, 0, 0, 0, 0, 0, 0]",-1,-0.000450238879121828,-1,1
2803,"[0, 1, 0, 1, 1, 1, 0, 1, 0, 1, 0, 0, 1, 0, 2, 0, 0, 0, 0, 0, 0, 0, 0, 0, 2, 0, 0, 0, 0, 0, 0, 0, 1, 1, 0, 1, 1, 0, 2, 0, 0, 0, 1, 0, 0, 0, 0, 1, 0, 0, 2, 2, 2, 0, 0, 0, 0, 0, 0, 0, 0, 0, 2, 2, 3, 0, 2, 1, 2, 1, 4, 3, 6, 5, 3, 3, 2, 2, 4, 2, 472, 0, 0, 0, 0, 0, 0]",4,11.734297527920459,-1,1
2804,"[0, 1, 0, 1, 1, 1, 0, 1, 0, 1, 0, 0, 1, 0, 2, 0, 0, 0, 0, 0, 0, 0, 0, 0, 2, 0, 0, 0, 0, 0, 0, 0, 1, 1, 0, 1, 1, 0, 2, 0, 0, 0, 1, 0, 0, 0, 0, 1, 0, 0, 2, 2, 2, 0, 0, 0, 0, 0, 0, 0, 0, 0, 2, 2, 3, 0, 2, 1, 2, 1, 4, 3, 6, 5, 3, 3, 2, 2, 4, 2, 472, 1, 0, 0, 0, 0, 0]",3,0.2000037661520906,-1,0
2805,"[0, 1, 0, 1, 1, 1, 0, 1, 0, 1, 0, 0, 1, 0, 2, 0, 0, 0, 0, 0, 0, 0, 0, 0, 2, 0, 0, 0, 0, 0, 0, 0, 1, 1, 0, 1, 1, 0, 2, 0, 0, 0, 1, 0, 0, 0, 0, 1, 0, 0, 2, 2, 2, 0, 0, 0, 0, 0, 0, 0, 0, 0, 2, 2, 3, 0, 2, 1, 2, 1, 4, 3, 6, 5, 3, 3, 2, 2, 4, 2, 472, 0, 0, 0, 0, 0, 0]",-1,-0.0004457589274219777,-1,0
2806,"[0, 1, 0, 1, 1, 2, 0, 1, 0, 1, 0, 0, 1, 0, 2, 0, 0, 0, 0, 0, 0, 0, 0, 0, 2, 0, 0, 0, 0, 0, 0, 0, 1, 1, 0, 1, 1, 0, 2, 0, 0, 0, 1, 0, 0, 0, 0, 1, 0, 0, 2, 2, 2, 0, 0, 0, 0, 0, 0, 0, 0, 0, 2, 2, 3, 0, 2, 1, 2, 1, 4, 3, 6, 5, 3, 3, 2, 2, 4, 2, 473, 0, 0, 0, 0, 0, 0]",4,14.260358307630447,-1,0
2807,"[0, 1, 0, 1, 1, 2, 0, 1, 0, 1, 0, 0, 1, 0, 2, 0, 0, 0, 0, 0, 0, 0, 0, 0, 2, 0, 0, 0, 0, 0, 0, 0, 1, 1, 0, 1, 1, 0, 2, 0, 0, 0, 1, 0, 0, 0, 0, 1, 0, 0, 2, 2, 2, 0, 0, 0, 0, 0, 0, 0, 0, 0, 2, 2, 3, 0, 2, 1, 2, 1, 4, 3, 6, 5, 3, 3, 2, 2, 4, 2, 473, 0, 1, 0, 0, 0, 0]",2,0.40000361848182664,-1,1
2808,"[0, 1, 0, 1, 1, 2, 0, 1, 0, 1, 0, 0, 1, 0, 2, 0, 0, 0, 0, 0, 0, 0, 0, 0, 2, 0, 0, 0, 0, 0, 0, 0, 1, 1, 0, 1, 1, 0, 2, 0, 0, 0, 1, 0, 0, 0, 0, 1, 0, 0, 2, 2, 2, 0, 0, 0, 0, 0, 0, 0, 0, 0, 2, 2, 3, 0, 2, 1, 2, 1, 4, 3, 6, 5, 3, 3, 2, 2, 4, 2, 473, 0, 1, 0, 0, 1, 0]","[[0 1 0 0]
 [0 1 0 1]]",1.7252449510224226,-1,1
2809,"[0, 1, 0, 0, 1, 2, 0, 2, 0, 1, 0, 0, 1, 0, 2, 0, 0, 0, 0, 0, 0, 0, 0, 0, 2, 0, 0, 0, 0, 0, 0, 0, 1, 1, 0, 1, 1, 0, 2, 0, 0, 0, 1, 0, 0, 0, 0, 1, 0, 0, 2, 2, 2, 0, 0, 0, 0, 0, 0, 0, 0, 0, 2, 2, 3, 0, 2, 1, 2, 1, 4, 3, 6, 5, 3, 3, 2, 2, 4, 2, 473, 0, 0, 0, 0, 0, 0]",0,-0.19999638151817337,-1,0
2810,"[0, 1, 0, 0, 1, 2, 0, 2, 0, 1, 0, 0, 1, 0, 2, 0, 0, 0, 0, 0, 0, 0, 0, 0, 2, 0, 0, 0, 0, 0, 0, 0, 1, 1, 0, 1, 1, 0, 2, 0, 0, 0, 1, 0, 0, 0, 0, 1, 0, 0, 2, 2, 2, 0, 0, 0, 0, 0, 0, 0, 0, 0, 2, 2, 3, 0, 2, 1, 2, 1, 4, 3, 6, 5, 3, 3, 2, 2, 4, 2, 474, 0, 0, 0, 0, 0, 0]",4,11.473327627640279,-1,1
2811,"[0, 1, 0, 0, 1, 1, 0, 1, 0, 1, 0, 0, 1, 0, 2, 0, 0, 0, 0, 0, 0, 0, 0, 0, 2, 0, 0, 0, 0, 0, 0, 0, 1, 1, 0, 1, 1, 0, 2, 0, 0, 0, 1, 0, 0, 0, 0, 1, 0, 0, 2, 2, 2, 0, 0, 0, 0, 0, 0, 0, 0, 0, 2, 2, 3, 0, 2, 1, 2, 1, 4, 3, 6, 5, 3, 3, 2, 2, 4, 5, 475, 0, 0, 0, 0, 0, 0]",4,14.097619024820048,-1,0
2812,"[0, 2, 0, 0, 1, 2, 0, 1, 0, 1, 0, 0, 1, 0, 2, 0, 0, 0, 0, 0, 0, 0, 0, 0, 2, 0, 0, 0, 0, 0, 0, 0, 1, 1, 0, 1, 1, 0, 2, 0, 0, 0, 1, 0, 0, 0, 0, 1, 0, 0, 2, 2, 2, 0, 0, 0, 0, 0, 0, 0, 0, 0, 2, 2, 3, 0, 2, 1, 2, 1, 4, 3, 6, 5, 3, 3, 2, 2, 4, 5, 476, 0, 0, 0, 0, 0, 0]",4,11.574636942206201,-1,1
2813,"[0, 2, 0, 0, 1, 2, 0, 1, 0, 1, 0, 0, 1, 0, 2, 0, 0, 0, 0, 0, 0, 0, 0, 0, 2, 0, 0, 0, 0, 0, 0, 0, 1, 1, 0, 1, 1, 0, 2, 0, 0, 0, 1, 0, 0, 0, 0, 1, 0, 0, 2, 2, 2, 0, 0, 0, 0, 0, 0, 0, 0, 0, 2, 2, 3, 0, 2, 1, 2, 1, 4, 3, 6, 5, 3, 3, 2, 2, 4, 5, 476, 0, 1, 0, 0, 0, 0]",2,0.4000032093120478,-1,0
2814,"[0, 2, 0, 0, 1, 2, 0, 1, 0, 1, 0, 0, 1, 0, 2, 0, 0, 0, 0, 0, 0, 0, 0, 0, 2, 0, 0, 0, 0, 0, 0, 0, 1, 1, 0, 1, 1, 0, 2, 0, 0, 0, 1, 0, 0, 0, 0, 1, 0, 0, 2, 2, 2, 0, 0, 0, 0, 0, 0, 0, 0, 0, 2, 2, 3, 0, 2, 1, 2, 1, 4, 3, 6, 5, 3, 3, 2, 2, 4, 5, 476, 0, 1, 0, 0, 1, 0]","[[0 1 0 0]
 [0 0 0 1]]",0.6504280743701387,-1,0
2815,"[0, 2, 0, 0, 1, 2, 0, 1, 0, 1, 0, 0, 1, 0, 2, 0, 0, 0, 0, 0, 0, 0, 0, 0, 2, 0, 0, 0, 0, 0, 0, 0, 1, 1, 0, 1, 1, 0, 2, 0, 0, 0, 1, 0, 0, 0, 0, 1, 0, 0, 2, 2, 2, 0, 0, 0, 0, 0, 0, 0, 0, 0, 2, 2, 3, 0, 2, 1, 2, 1, 4, 3, 6, 5, 3, 3, 2, 2, 4, 5, 476, 0, 0, 0, 0, 0, 0]",-1,-0.00042828046987490305,-1,1
2816,"[0, 2, 0, 0, 3, 2, 0, 1, 0, 1, 0, 0, 1, 0, 2, 0, 0, 0, 0, 0, 0, 0, 0, 0, 2, 0, 0, 0, 0, 0, 0, 0, 1, 1, 0, 1, 1, 0, 2, 0, 0, 0, 1, 0, 0, 0, 0, 1, 0, 0, 2, 2, 2, 0, 0, 0, 0, 0, 0, 0, 0, 0, 2, 2, 3, 0, 2, 1, 2, 1, 4, 3, 6, 5, 3, 3, 2, 2, 4, 5, 477, 0, 0, 0, 0, 0, 0]",4,13.775789610160135,-1,0
2817,"[0, 1, 0, 0, 1, 1, 0, 1, 0, 1, 0, 0, 1, 0, 2, 0, 0, 0, 0, 0, 0, 0, 0, 0, 2, 0, 0, 0, 0, 0, 0, 0, 1, 1, 0, 1, 1, 0, 2, 0, 0, 0, 1, 0, 0, 0, 0, 1, 0, 0, 2, 2, 2, 0, 0, 0, 0, 0, 0, 0, 0, 0, 2, 2, 3, 0, 2, 1, 2, 1, 4, 3, 6, 5, 3, 3, 2, 2, 4, 0, 478, 0, 0, 0, 0, 0, 0]",4,11.734244284598187,-1,1
2818,"[0, 1, 0, 0, 1, 1, 0, 1, 0, 1, 0, 0, 1, 0, 2, 0, 0, 0, 0, 0, 0, 0, 0, 0, 2, 0, 0, 0, 0, 0, 0, 0, 1, 1, 0, 1, 1, 0, 2, 0, 0, 0, 1, 0, 0, 0, 0, 1, 0, 0, 2, 2, 2, 0, 0, 0, 0, 0, 0, 0, 0, 0, 2, 2, 3, 0, 2, 1, 2, 1, 4, 3, 6, 5, 3, 3, 2, 2, 4, 0, 478, 0, 1, 0, 0, 0, 0]",2,0.4000029625720669,-1,0
2819,"[0, 1, 0, 0, 1, 1, 0, 1, 0, 1, 0, 0, 1, 0, 2, 0, 0, 0, 0, 0, 0, 0, 0, 0, 2, 0, 0, 0, 0, 0, 0, 0, 1, 1, 0, 1, 1, 0, 2, 0, 0, 0, 1, 0, 0, 0, 0, 1, 0, 0, 2, 2, 2, 0, 0, 0, 0, 0, 0, 0, 0, 0, 2, 2, 3, 0, 2, 1, 2, 1, 4, 3, 6, 5, 3, 3, 2, 2, 4, 0, 478, 0, 1, 0, 0, 1, 0]","[[0 1 0 0]
 [1 0 0 0]]",0.6504278276301578,-1,0
2820,"[0, 1, 0, 0, 1, 1, 0, 1, 0, 1, 0, 0, 1, 0, 2, 0, 0, 0, 0, 0, 0, 0, 0, 0, 2, 0, 0, 0, 0, 0, 0, 0, 1, 1, 0, 1, 1, 0, 2, 0, 0, 0, 1, 0, 0, 0, 0, 1, 0, 0, 2, 2, 2, 0, 0, 0, 0, 0, 0, 0, 0, 0, 2, 2, 3, 0, 2, 1, 2, 1, 4, 3, 6, 5, 3, 3, 2, 2, 4, 0, 478, 0, 1, 0, 0, 0, 1]",2,-0.19999703742793307,-1,1
2821,"[0, 1, 0, 0, 1, 1, 0, 1, 0, 1, 0, 0, 1, 0, 2, 0, 0, 0, 0, 0, 0, 0, 0, 0, 2, 0, 0, 0, 0, 0, 0, 0, 1, 1, 0, 1, 1, 0, 2, 0, 0, 0, 1, 0, 0, 0, 0, 1, 0, 0, 2, 2, 2, 0, 0, 0, 0, 0, 0, 0, 0, 0, 2, 2, 3, 0, 2, 1, 2, 1, 4, 3, 6, 5, 3, 3, 2, 2, 4, 0, 478, 0, 0, 0, 0, 0, 0]",-1,-0.00041979994837457353,-1,1
2822,"[0, 1, 0, 0, 1, 1, 0, 1, 0, 1, 0, 0, 1, 0, 2, 0, 0, 0, 0, 0, 0, 0, 0, 0, 2, 0, 0, 0, 0, 0, 0, 0, 1, 1, 0, 1, 1, 0, 2, 0, 0, 0, 1, 0, 0, 0, 0, 1, 0, 0, 2, 2, 2, 0, 0, 0, 0, 0, 0, 0, 0, 0, 2, 2, 3, 0, 2, 1, 2, 1, 4, 3, 6, 5, 3, 3, 2, 2, 4, 0, 478, 1, 0, 0, 0, 0, 0]",3,0.20000296257206696,-1,0
2823,"[0, 1, 0, 0, 1, 1, 0, 1, 0, 1, 0, 0, 1, 0, 2, 0, 0, 0, 0, 0, 0, 0, 0, 0, 2, 0, 0, 0, 0, 0, 0, 0, 1, 1, 0, 1, 1, 0, 2, 0, 0, 0, 1, 0, 0, 0, 0, 1, 0, 0, 2, 2, 2, 0, 0, 0, 0, 0, 0, 0, 0, 0, 2, 2, 3, 0, 2, 1, 2, 1, 4, 3, 6, 5, 3, 3, 2, 2, 4, 0, 478, 0, 0, 0, 0, 0, 0]",-1,-0.00041979994837457353,-1,0
2824,"[0, 1, 0, 0, 1, 1, 0, 1, 0, 1, 0, 0, 1, 0, 2, 0, 0, 0, 0, 0, 0, 0, 0, 0, 2, 0, 0, 0, 0, 0, 0, 0, 1, 1, 0, 1, 1, 0, 2, 0, 0, 0, 1, 0, 0, 0, 0, 1, 0, 0, 2, 2, 2, 0, 0, 0, 0, 0, 0, 0, 0, 0, 2, 2, 3, 0, 2, 1, 2, 1, 4, 3, 6, 5, 3, 3, 2, 2, 4, 0, 478, 0, 1, 0, 0, 0, 0]",2,0.4000029625720669,-1,0
2825,"[0, 1, 0, 0, 1, 1, 0, 1, 0, 1, 0, 0, 1, 0, 2, 0, 0, 0, 0, 0, 0, 0, 0, 0, 2, 0, 0, 0, 0, 0, 0, 0, 1, 1, 0, 1, 1, 0, 2, 0, 0, 0, 1, 0, 0, 0, 0, 1, 0, 0, 2, 2, 2, 0, 0, 0, 0, 0, 0, 0, 0, 0, 2, 2, 3, 0, 2, 1, 2, 1, 4, 3, 6, 5, 3, 3, 2, 2, 4, 0, 478, 0, 1, 0, 0, 1, 0]","[[0 1 0 0]
 [0 0 0 1]]",0.6504278276301578,-1,0
2826,"[0, 1, 0, 0, 1, 1, 0, 1, 0, 1, 0, 0, 1, 0, 2, 0, 0, 0, 0, 0, 0, 0, 0, 0, 2, 0, 0, 0, 0, 0, 0, 0, 1, 1, 0, 1, 1, 0, 2, 0, 0, 0, 1, 0, 0, 0, 0, 1, 0, 0, 2, 2, 2, 0, 0, 0, 0, 0, 0, 0, 0, 0, 2, 2, 3, 0, 2, 1, 2, 1, 4, 3, 6, 5, 3, 3, 2, 2, 4, 0, 478, 0, 0, 0, 0, 0, 0]",1,-35.246394855178046,-1,1
2827,"[0, 1, 0, 0, 1, 1, 0, 1, 0, 1, 0, 0, 1, 0, 2, 0, 0, 0, 0, 0, 0, 0, 0, 0, 2, 0, 0, 0, 0, 0, 0, 0, 1, 1, 0, 1, 1, 0, 2, 0, 0, 0, 1, 0, 0, 0, 0, 1, 0, 0, 2, 2, 2, 0, 0, 0, 0, 0, 0, 0, 0, 0, 2, 2, 3, 0, 2, 1, 2, 1, 4, 3, 6, 5, 3, 3, 2, 2, 4, 0, 478, 0, 1, 0, 0, 0, 0]",2,0.4000029625720669,-1,0
2828,"[0, 1, 0, 0, 1, 1, 0, 1, 0, 1, 0, 0, 1, 0, 2, 0, 0, 0, 0, 0, 0, 0, 0, 0, 2, 0, 0, 0, 0, 0, 0, 0, 1, 1, 0, 1, 1, 0, 2, 0, 0, 0, 1, 0, 0, 0, 0, 1, 0, 0, 2, 2, 2, 0, 0, 0, 0, 0, 0, 0, 0, 0, 2, 2, 3, 0, 2, 1, 2, 1, 4, 3, 6, 5, 3, 3, 2, 2, 4, 0, 478, 0, 1, 0, 0, 1, 0]","[[0 1 0 0]
 [0 0 0 1]]",0.6504278276301578,-1,0
2829,"[0, 0, 0, 1, 1, 2, 0, 0, 0, 1, 0, 0, 1, 0, 2, 0, 0, 0, 0, 0, 0, 0, 0, 0, 2, 0, 0, 0, 0, 0, 0, 0, 1, 1, 0, 1, 1, 0, 2, 0, 0, 0, 1, 0, 0, 0, 0, 1, 0, 0, 2, 2, 2, 0, 0, 0, 0, 0, 0, 0, 0, 0, 2, 2, 3, 0, 2, 1, 2, 1, 4, 3, 6, 5, 3, 3, 2, 2, 4, 0, 478, 0, 0, 0, 0, 0, 0]",0,-0.19999703742793307,-1,1
2830,"[0, 0, 0, 1, 1, 2, 0, 0, 0, 1, 0, 0, 1, 0, 2, 0, 0, 0, 0, 0, 0, 0, 0, 0, 2, 0, 0, 0, 0, 0, 0, 0, 1, 1, 0, 1, 1, 0, 2, 0, 0, 0, 1, 0, 0, 0, 0, 1, 0, 0, 2, 2, 2, 0, 0, 0, 0, 0, 0, 0, 0, 0, 2, 2, 3, 0, 2, 1, 2, 1, 4, 3, 6, 5, 3, 3, 2, 2, 4, 0, 479, 0, 0, 0, 0, 0, 0]",4,14.097584266223487,-1,0
2831,"[0, 0, 0, 1, 1, 2, 0, 0, 0, 1, 0, 0, 1, 0, 2, 0, 0, 0, 0, 0, 0, 0, 0, 0, 2, 0, 0, 0, 0, 0, 0, 0, 1, 1, 0, 1, 1, 0, 2, 0, 0, 0, 1, 0, 0, 0, 0, 1, 0, 0, 2, 2, 2, 0, 0, 0, 0, 0, 0, 0, 0, 0, 2, 2, 3, 0, 2, 1, 2, 1, 4, 3, 6, 5, 3, 3, 2, 2, 4, 0, 479, 0, 0, 0, 0, 0, 0]",-1,-0.000415622869096156,-1,1
2832,"[0, 0, 0, 1, 3, 2, 0, 0, 0, 1, 0, 0, 1, 0, 2, 0, 0, 0, 0, 0, 0, 0, 0, 0, 2, 0, 0, 0, 0, 0, 0, 0, 1, 1, 0, 1, 1, 0, 2, 0, 0, 0, 1, 0, 0, 0, 0, 1, 0, 0, 2, 2, 2, 0, 0, 0, 0, 0, 0, 0, 0, 0, 2, 2, 3, 0, 2, 1, 2, 1, 4, 3, 6, 5, 3, 3, 2, 2, 4, 0, 480, 0, 0, 0, 0, 0, 0]",4,14.09757580045714,-1,0
2833,"[0, 0, 0, 1, 3, 2, 0, 1, 0, 1, 0, 0, 1, 0, 2, 0, 0, 0, 0, 0, 0, 0, 0, 0, 2, 0, 0, 0, 0, 0, 0, 0, 1, 1, 0, 1, 1, 0, 2, 0, 0, 0, 1, 0, 0, 0, 0, 1, 0, 0, 2, 2, 2, 0, 0, 0, 0, 0, 0, 0, 0, 0, 2, 2, 3, 0, 2, 1, 2, 1, 4, 3, 6, 5, 3, 3, 2, 2, 4, 0, 481, 0, 0, 0, 0, 0, 0]",4,11.343080070889528,-1,1
2834,"[0, 0, 0, 1, 3, 2, 0, 1, 0, 1, 0, 0, 1, 0, 2, 0, 0, 0, 0, 0, 0, 0, 0, 0, 2, 0, 0, 0, 0, 0, 0, 0, 1, 1, 0, 1, 1, 0, 2, 0, 0, 0, 1, 0, 0, 0, 0, 1, 0, 0, 2, 2, 2, 0, 0, 0, 0, 0, 0, 0, 0, 0, 2, 2, 3, 0, 2, 1, 2, 1, 4, 3, 6, 5, 3, 3, 2, 2, 4, 0, 482, 0, 0, 0, 0, 0, 0]",4,14.097559130429813,-1,0
2835,"[0, 0, 0, 1, 3, 2, 0, 1, 0, 1, 0, 0, 1, 0, 2, 0, 0, 0, 0, 0, 0, 0, 0, 0, 2, 0, 0, 0, 0, 0, 0, 0, 1, 1, 0, 1, 1, 0, 2, 0, 0, 0, 1, 0, 0, 0, 0, 1, 0, 0, 2, 2, 2, 0, 0, 0, 0, 0, 0, 0, 0, 0, 2, 2, 3, 0, 2, 1, 2, 1, 4, 3, 6, 5, 3, 3, 2, 2, 4, 0, 482, 0, 0, 0, 0, 0, 0]",-1,-0.0004033393569549807,-1,1
2836,"[0, 0, 0, 1, 3, 2, 0, 1, 0, 1, 0, 0, 1, 0, 2, 0, 0, 0, 0, 0, 0, 0, 0, 0, 2, 0, 0, 0, 0, 0, 0, 0, 1, 1, 0, 1, 1, 0, 2, 0, 0, 0, 1, 0, 0, 0, 0, 1, 0, 0, 2, 2, 2, 0, 0, 0, 0, 0, 0, 0, 0, 0, 2, 2, 3, 0, 2, 1, 2, 1, 4, 3, 6, 5, 3, 3, 2, 2, 4, 0, 482, 0, 1, 0, 0, 0, 0]",2,0.40000252454291535,-1,1
2837,"[0, 0, 0, 1, 3, 2, 0, 1, 0, 1, 0, 0, 1, 0, 2, 0, 0, 0, 0, 0, 0, 0, 0, 0, 2, 0, 0, 0, 0, 0, 0, 0, 1, 1, 0, 1, 1, 0, 2, 0, 0, 0, 1, 0, 0, 0, 0, 1, 0, 0, 2, 2, 2, 0, 0, 0, 0, 0, 0, 0, 0, 0, 2, 2, 3, 0, 2, 1, 2, 1, 4, 3, 6, 5, 3, 3, 2, 2, 4, 0, 482, 0, 0, 0, 0, 0, 0]",-1,-0.0004033393569549807,-1,1
2838,"[0, 0, 0, 1, 3, 2, 0, 1, 0, 1, 0, 0, 1, 0, 2, 0, 0, 0, 0, 0, 0, 0, 0, 0, 2, 0, 0, 0, 0, 0, 0, 0, 1, 1, 0, 1, 1, 0, 2, 0, 0, 0, 1, 0, 0, 0, 0, 1, 0, 0, 2, 2, 2, 0, 0, 0, 0, 0, 0, 0, 0, 0, 2, 2, 3, 0, 2, 1, 2, 1, 4, 3, 6, 5, 3, 3, 2, 2, 4, 0, 483, 0, 0, 0, 0, 0, 0]",4,11.343063572883795,-1,1
2839,"[0, 0, 0, 1, 3, 2, 0, 1, 0, 1, 0, 0, 1, 0, 2, 0, 0, 0, 0, 0, 0, 0, 0, 0, 2, 0, 0, 0, 0, 0, 0, 0, 1, 1, 0, 1, 1, 0, 2, 0, 0, 0, 1, 0, 0, 0, 0, 1, 0, 0, 2, 2, 2, 0, 0, 0, 0, 0, 0, 0, 0, 0, 2, 2, 3, 0, 2, 1, 2, 1, 4, 3, 6, 5, 3, 3, 2, 2, 4, 0, 483, 0, 0, 0, 0, 0, 0]",0,0.2427212979789454,-1,0
2840,"[0, 0, 0, 1, 3, 2, 0, 1, 0, 1, 0, 0, 1, 0, 2, 0, 0, 0, 0, 0, 0, 0, 0, 0, 2, 0, 0, 0, 0, 0, 0, 0, 1, 1, 0, 1, 1, 0, 2, 0, 0, 0, 1, 0, 0, 0, 0, 1, 0, 0, 2, 2, 2, 0, 0, 0, 0, 0, 0, 0, 0, 0, 2, 2, 3, 0, 2, 1, 2, 1, 4, 3, 6, 5, 3, 3, 2, 2, 4, 0, 483, 0, 0, 0, 0, 0, 0]",-1,-0.00039932606329777515,-1,0
2841,"[0, 0, 0, 1, 3, 2, 0, 1, 0, 1, 0, 0, 1, 0, 2, 0, 0, 0, 0, 0, 0, 0, 0, 0, 2, 0, 0, 0, 0, 0, 0, 0, 1, 1, 0, 1, 1, 0, 2, 0, 0, 0, 1, 0, 0, 0, 0, 1, 0, 0, 2, 2, 2, 0, 0, 0, 0, 0, 0, 0, 0, 0, 2, 2, 3, 0, 2, 1, 2, 1, 4, 3, 6, 5, 3, 3, 2, 2, 4, 0, 483, 0, 1, 0, 0, 0, 0]",2,0.40000242555537224,-1,0
2842,"[0, 0, 0, 1, 3, 2, 0, 1, 0, 1, 0, 0, 1, 0, 2, 0, 0, 0, 0, 0, 0, 0, 0, 0, 2, 0, 0, 0, 0, 0, 0, 0, 1, 1, 0, 1, 1, 0, 2, 0, 0, 0, 1, 0, 0, 0, 0, 1, 0, 0, 2, 2, 2, 0, 0, 0, 0, 0, 0, 0, 0, 0, 2, 2, 3, 0, 2, 1, 2, 1, 4, 3, 6, 5, 3, 3, 2, 2, 4, 0, 483, 0, 1, 0, 0, 1, 0]","[[0 0 0 1]
 [0 1 0 0]]",0.6504272906134632,-1,0
2843,"[0, 1, 0, 0, 3, 1, 0, 2, 0, 1, 0, 0, 1, 0, 2, 0, 0, 0, 0, 0, 0, 0, 0, 0, 2, 0, 0, 0, 0, 0, 0, 0, 1, 1, 0, 1, 1, 0, 2, 0, 0, 0, 1, 0, 0, 0, 0, 1, 0, 0, 2, 2, 2, 0, 0, 0, 0, 0, 0, 0, 0, 0, 2, 2, 3, 0, 2, 1, 2, 1, 4, 3, 6, 5, 3, 3, 2, 2, 4, 0, 483, 0, 0, 0, 0, 0, 0]",0,-0.1999975744446277,-1,1
2844,"[1, 1, 0, 0, 3, 2, 0, 2, 0, 1, 0, 0, 1, 0, 2, 0, 0, 0, 0, 0, 0, 0, 0, 0, 2, 0, 0, 0, 0, 0, 0, 0, 1, 1, 0, 1, 1, 0, 2, 0, 0, 0, 1, 0, 0, 0, 0, 1, 0, 0, 2, 2, 2, 0, 0, 0, 0, 0, 0, 0, 0, 0, 2, 2, 3, 0, 2, 1, 2, 1, 4, 3, 6, 5, 3, 3, 2, 2, 4, 0, 484, 0, 0, 0, 0, 0, 0]",4,14.260264153869468,-1,0
2845,"[1, 1, 0, 0, 3, 2, 0, 2, 0, 1, 0, 0, 1, 0, 2, 0, 0, 0, 0, 0, 0, 0, 0, 0, 2, 0, 0, 0, 0, 0, 0, 0, 1, 1, 0, 1, 1, 0, 2, 0, 0, 0, 1, 0, 0, 0, 0, 1, 0, 0, 2, 2, 2, 0, 0, 0, 0, 0, 0, 0, 0, 0, 2, 2, 3, 0, 2, 1, 2, 1, 4, 3, 6, 5, 3, 3, 2, 2, 4, 0, 484, 0, 1, 0, 0, 0, 0]",2,0.400002330449094,-1,1
2846,"[1, 1, 0, 0, 3, 2, 0, 2, 0, 1, 0, 0, 1, 0, 2, 0, 0, 0, 0, 0, 0, 0, 0, 0, 2, 0, 0, 0, 0, 0, 0, 0, 1, 1, 0, 1, 1, 0, 2, 0, 0, 0, 1, 0, 0, 0, 0, 1, 0, 0, 2, 2, 2, 0, 0, 0, 0, 0, 0, 0, 0, 0, 2, 2, 3, 0, 2, 1, 2, 1, 4, 3, 6, 5, 3, 3, 2, 2, 4, 0, 484, 0, 1, 0, 0, 1, 0]","[[1 1 0 1]
 [1 1 0 0]]",-0.03406546072687358,-1,1
2847,"[1, 1, 0, 0, 3, 2, 0, 2, 0, 1, 0, 0, 1, 0, 2, 0, 0, 0, 0, 0, 0, 0, 0, 0, 2, 0, 0, 0, 0, 0, 0, 0, 1, 1, 0, 1, 1, 0, 2, 0, 0, 0, 1, 0, 0, 0, 0, 1, 0, 0, 2, 2, 2, 0, 0, 0, 0, 0, 0, 0, 0, 0, 2, 2, 3, 0, 2, 1, 2, 1, 4, 3, 6, 5, 3, 3, 2, 2, 4, 0, 484, 0, 0, 0, 0, 0, 0]",1,-0.19999766955090598,-1,0
2848,"[1, 1, 0, 0, 3, 2, 0, 2, 0, 1, 0, 0, 1, 0, 2, 0, 0, 0, 0, 0, 0, 0, 0, 0, 2, 0, 0, 0, 0, 0, 0, 0, 1, 1, 0, 1, 1, 0, 2, 0, 0, 0, 1, 0, 0, 0, 0, 1, 0, 0, 2, 2, 2, 0, 0, 0, 0, 0, 0, 0, 0, 0, 2, 2, 3, 0, 2, 1, 2, 1, 4, 3, 6, 5, 3, 3, 2, 2, 4, 0, 484, 0, 0, 0, 0, 0, 0]",0,0.3422199989181323,-1,1
2849,"[1, 1, 0, 0, 3, 2, 0, 2, 0, 1, 0, 0, 1, 0, 2, 0, 0, 0, 0, 0, 0, 0, 0, 0, 2, 0, 0, 0, 0, 0, 0, 0, 1, 1, 0, 1, 1, 0, 2, 0, 0, 0, 1, 0, 0, 0, 0, 1, 0, 0, 2, 2, 2, 0, 0, 0, 0, 0, 0, 0, 0, 0, 2, 2, 3, 0, 2, 1, 2, 1, 4, 3, 6, 5, 3, 3, 2, 2, 4, 0, 484, 0, 0, 0, 0, 0, 0]",-1,-0.0003953527025796721,-1,1
2850,"[1, 2, 0, 0, 3, 3, 0, 2, 0, 1, 0, 0, 1, 0, 2, 0, 0, 0, 0, 0, 0, 0, 0, 0, 2, 0, 0, 0, 0, 0, 0, 0, 1, 1, 0, 1, 1, 0, 2, 0, 0, 0, 1, 0, 0, 0, 0, 1, 0, 0, 2, 2, 2, 0, 0, 0, 0, 0, 0, 0, 0, 0, 2, 2, 3, 0, 2, 1, 2, 1, 4, 3, 6, 5, 3, 3, 2, 2, 4, 0, 485, 0, 0, 0, 0, 0, 0]",4,11.4123830527609,-1,1
2851,"[1, 2, 0, 0, 3, 3, 0, 2, 0, 1, 0, 0, 1, 0, 2, 0, 0, 0, 0, 0, 0, 0, 0, 0, 2, 0, 0, 0, 0, 0, 0, 0, 1, 1, 0, 1, 1, 0, 2, 0, 0, 0, 1, 0, 0, 0, 0, 1, 0, 0, 2, 2, 2, 0, 0, 0, 0, 0, 0, 0, 0, 0, 2, 2, 3, 0, 2, 1, 2, 1, 4, 3, 6, 5, 3, 3, 2, 2, 4, 0, 485, 0, 0, 0, 0, 0, 0]",0,0.2427211114954741,-1,0
2852,"[1, 2, 0, 0, 3, 3, 0, 2, 0, 1, 0, 0, 1, 0, 2, 0, 0, 0, 0, 0, 0, 0, 0, 0, 2, 0, 0, 0, 0, 0, 0, 0, 1, 1, 0, 1, 1, 0, 2, 0, 0, 0, 1, 0, 0, 0, 0, 1, 0, 0, 2, 2, 2, 0, 0, 0, 0, 0, 0, 0, 0, 0, 2, 2, 3, 0, 2, 1, 2, 1, 4, 3, 6, 5, 3, 3, 2, 2, 4, 0, 485, 0, 0, 0, 0, 0, 0]",-1,-0.00039141887746128835,-1,0
2853,"[1, 2, 0, 0, 3, 3, 0, 2, 0, 1, 0, 0, 1, 0, 2, 0, 0, 0, 0, 0, 0, 0, 0, 0, 2, 0, 0, 0, 0, 0, 0, 0, 1, 1, 0, 1, 1, 0, 2, 0, 0, 0, 1, 0, 0, 0, 0, 1, 0, 0, 2, 2, 2, 0, 0, 0, 0, 0, 0, 0, 0, 0, 2, 2, 3, 0, 2, 1, 2, 1, 4, 3, 6, 5, 3, 3, 2, 2, 4, 0, 485, 0, 0, 0, 0, 0, 0]",0,0.2427211114954741,-1,0
2854,"[1, 2, 0, 0, 3, 3, 0, 2, 0, 1, 0, 0, 1, 0, 2, 0, 0, 0, 0, 0, 0, 0, 0, 0, 2, 0, 0, 0, 0, 0, 0, 0, 1, 1, 0, 1, 1, 0, 2, 0, 0, 0, 1, 0, 0, 0, 0, 1, 0, 0, 2, 2, 2, 0, 0, 0, 0, 0, 0, 0, 0, 0, 2, 2, 3, 0, 2, 1, 2, 1, 4, 3, 6, 5, 3, 3, 2, 2, 4, 0, 485, 0, 0, 0, 0, 0, 0]",-1,-0.00039141887746128835,-1,0
2855,"[1, 2, 0, 0, 3, 3, 0, 2, 0, 1, 0, 0, 1, 0, 2, 0, 0, 0, 0, 0, 0, 0, 0, 0, 2, 0, 0, 0, 0, 0, 0, 0, 1, 1, 0, 1, 1, 0, 2, 0, 0, 0, 1, 0, 0, 0, 0, 1, 0, 0, 2, 2, 2, 0, 0, 0, 0, 0, 0, 0, 0, 0, 2, 2, 3, 0, 2, 1, 2, 1, 4, 3, 6, 5, 3, 3, 2, 2, 4, 0, 485, 0, 0, 0, 0, 0, 0]",0,0.2427211114954741,-1,0
2856,"[1, 2, 0, 0, 3, 3, 0, 2, 0, 1, 0, 0, 1, 0, 2, 0, 0, 0, 0, 0, 0, 0, 0, 0, 2, 0, 0, 0, 0, 0, 0, 0, 1, 1, 0, 1, 1, 0, 2, 0, 0, 0, 1, 0, 0, 0, 0, 1, 0, 0, 2, 2, 2, 0, 0, 0, 0, 0, 0, 0, 0, 0, 2, 2, 3, 0, 2, 1, 2, 1, 4, 3, 6, 5, 3, 3, 2, 2, 4, 0, 485, 0, 0, 0, 0, 0, 0]",-1,-0.00039141887746128835,-1,0
2857,"[1, 2, 0, 0, 3, 3, 0, 2, 0, 1, 0, 0, 1, 0, 2, 0, 0, 0, 0, 0, 0, 0, 0, 0, 2, 0, 0, 0, 0, 0, 0, 0, 1, 1, 0, 1, 1, 0, 2, 0, 0, 0, 1, 0, 0, 0, 0, 1, 0, 0, 2, 2, 2, 0, 0, 0, 0, 0, 0, 0, 0, 0, 2, 2, 3, 0, 2, 1, 2, 1, 4, 3, 6, 5, 3, 3, 2, 2, 4, 0, 485, 0, 0, 0, 0, 0, 0]",0,0.2427211114954741,-1,0
2858,"[1, 2, 0, 0, 3, 3, 0, 2, 0, 1, 0, 0, 1, 0, 2, 0, 0, 0, 0, 0, 0, 0, 0, 0, 2, 0, 0, 0, 0, 0, 0, 0, 1, 1, 0, 1, 1, 0, 2, 0, 0, 0, 1, 0, 0, 0, 0, 1, 0, 0, 2, 2, 2, 0, 0, 0, 0, 0, 0, 0, 0, 0, 2, 2, 3, 0, 2, 1, 2, 1, 4, 3, 6, 5, 3, 3, 2, 2, 4, 0, 485, 0, 0, 0, 0, 0, 0]",-1,-0.00039141887746128835,-1,0
2859,"[1, 2, 0, 0, 3, 3, 0, 2, 0, 1, 0, 0, 1, 0, 2, 0, 0, 0, 0, 0, 0, 0, 0, 0, 2, 0, 0, 0, 0, 0, 0, 0, 1, 1, 0, 1, 1, 0, 2, 0, 0, 0, 1, 0, 0, 0, 0, 1, 0, 0, 2, 2, 2, 0, 0, 0, 0, 0, 0, 0, 0, 0, 2, 2, 3, 0, 2, 1, 2, 1, 4, 3, 6, 5, 3, 3, 2, 2, 4, 0, 485, 0, 0, 0, 0, 0, 0]",0,0.2427211114954741,-1,0
2860,"[1, 2, 0, 0, 3, 3, 0, 2, 0, 1, 0, 0, 1, 0, 2, 0, 0, 0, 0, 0, 0, 0, 0, 0, 2, 0, 0, 0, 0, 0, 0, 0, 1, 1, 0, 1, 1, 0, 2, 0, 0, 0, 1, 0, 0, 0, 0, 1, 0, 0, 2, 2, 2, 0, 0, 0, 0, 0, 0, 0, 0, 0, 2, 2, 3, 0, 2, 1, 2, 1, 4, 3, 6, 5, 3, 3, 2, 2, 4, 0, 485, 0, 0, 0, 0, 0, 0]",-1,-0.00039141887746128835,-1,0
2861,"[1, 2, 0, 0, 3, 3, 0, 2, 0, 1, 0, 0, 1, 0, 2, 0, 0, 0, 0, 0, 0, 0, 0, 0, 2, 0, 0, 0, 0, 0, 0, 0, 1, 1, 0, 1, 1, 0, 2, 0, 0, 0, 1, 0, 0, 0, 0, 1, 0, 0, 2, 2, 2, 0, 0, 0, 0, 0, 0, 0, 0, 0, 2, 2, 3, 0, 2, 1, 2, 1, 4, 3, 6, 5, 3, 3, 2, 2, 4, 0, 485, 0, 0, 0, 0, 0, 0]",0,0.2427211114954741,-1,0
2862,"[1, 2, 0, 0, 3, 3, 0, 2, 0, 1, 0, 0, 1, 0, 2, 0, 0, 0, 0, 0, 0, 0, 0, 0, 2, 0, 0, 0, 0, 0, 0, 0, 1, 1, 0, 1, 1, 0, 2, 0, 0, 0, 1, 0, 0, 0, 0, 1, 0, 0, 2, 2, 2, 0, 0, 0, 0, 0, 0, 0, 0, 0, 2, 2, 3, 0, 2, 1, 2, 1, 4, 3, 6, 5, 3, 3, 2, 2, 4, 0, 485, 0, 0, 0, 0, 0, 0]",-1,-0.00039141887746128835,-1,0
2863,"[1, 2, 0, 0, 3, 3, 0, 2, 0, 1, 0, 0, 1, 0, 2, 0, 0, 0, 0, 0, 0, 0, 0, 0, 2, 0, 0, 0, 0, 0, 0, 0, 1, 1, 0, 1, 1, 0, 2, 0, 0, 0, 1, 0, 0, 0, 0, 1, 0, 0, 2, 2, 2, 0, 0, 0, 0, 0, 0, 0, 0, 0, 2, 2, 3, 0, 2, 1, 2, 1, 4, 3, 6, 5, 3, 3, 2, 2, 4, 0, 485, 0, 0, 0, 0, 0, 0]",0,0.2427211114954741,-1,0
2864,"[1, 2, 0, 0, 3, 3, 0, 2, 0, 1, 0, 0, 1, 0, 2, 0, 0, 0, 0, 0, 0, 0, 0, 0, 2, 0, 0, 0, 0, 0, 0, 0, 1, 1, 0, 1, 1, 0, 2, 0, 0, 0, 1, 0, 0, 0, 0, 1, 0, 0, 2, 2, 2, 0, 0, 0, 0, 0, 0, 0, 0, 0, 2, 2, 3, 0, 2, 1, 2, 1, 4, 3, 6, 5, 3, 3, 2, 2, 4, 0, 485, 0, 0, 0, 0, 0, 0]",-1,-0.00039141887746128835,-1,0
2865,"[1, 2, 0, 0, 3, 3, 0, 2, 0, 1, 0, 0, 1, 0, 2, 0, 0, 0, 0, 0, 0, 0, 0, 0, 2, 0, 0, 0, 0, 0, 0, 0, 1, 1, 0, 1, 1, 0, 2, 0, 0, 0, 1, 0, 0, 0, 0, 1, 0, 0, 2, 2, 2, 0, 0, 0, 0, 0, 0, 0, 0, 0, 2, 2, 3, 0, 2, 1, 2, 1, 4, 3, 6, 5, 3, 3, 2, 2, 4, 0, 485, 0, 0, 0, 0, 0, 0]",0,0.2427211114954741,-1,0
2866,"[1, 2, 0, 0, 3, 3, 0, 2, 0, 1, 0, 0, 1, 0, 2, 0, 0, 0, 0, 0, 0, 0, 0, 0, 2, 0, 0, 0, 0, 0, 0, 0, 1, 1, 0, 1, 1, 0, 2, 0, 0, 0, 1, 0, 0, 0, 0, 1, 0, 0, 2, 2, 2, 0, 0, 0, 0, 0, 0, 0, 0, 0, 2, 2, 3, 0, 2, 1, 2, 1, 4, 3, 6, 5, 3, 3, 2, 2, 4, 0, 485, 0, 0, 0, 0, 0, 0]",-1,-0.00039141887746128835,-1,0
2867,"[1, 2, 0, 0, 3, 3, 0, 2, 0, 1, 0, 0, 1, 0, 2, 0, 0, 0, 0, 0, 0, 0, 0, 0, 2, 0, 0, 0, 0, 0, 0, 0, 1, 1, 0, 1, 1, 0, 2, 0, 0, 0, 1, 0, 0, 0, 0, 1, 0, 0, 2, 2, 2, 0, 0, 0, 0, 0, 0, 0, 0, 0, 2, 2, 3, 0, 2, 1, 2, 1, 4, 3, 6, 5, 3, 3, 2, 2, 4, 0, 485, 0, 0, 0, 0, 0, 0]",1,0.6096263541715177,-1,0
2868,"[1, 2, 0, 0, 3, 3, 0, 2, 0, 1, 0, 0, 1, 0, 2, 0, 0, 0, 0, 0, 0, 0, 0, 0, 2, 0, 0, 0, 0, 0, 0, 0, 1, 1, 0, 1, 1, 0, 2, 0, 0, 0, 1, 0, 0, 0, 0, 1, 0, 0, 2, 2, 2, 0, 0, 0, 0, 0, 0, 0, 0, 0, 2, 2, 3, 0, 2, 1, 2, 1, 4, 3, 6, 5, 3, 3, 2, 2, 4, 0, 485, 0, 0, 0, 0, 0, 0]",-1,-0.00039141887746128835,-1,0
2869,"[1, 2, 0, 0, 3, 3, 0, 2, 0, 1, 0, 0, 1, 0, 2, 0, 0, 0, 0, 0, 0, 0, 0, 0, 2, 0, 0, 0, 0, 0, 0, 0, 1, 1, 0, 1, 1, 0, 2, 0, 0, 0, 1, 0, 0, 0, 0, 1, 0, 0, 2, 2, 2, 0, 0, 0, 0, 0, 0, 0, 0, 0, 2, 2, 3, 0, 2, 1, 2, 1, 4, 3, 6, 5, 3, 3, 2, 2, 4, 0, 485, 0, 1, 0, 0, 0, 0]",2,0.40000223907190097,-1,0
2870,"[1, 2, 0, 0, 3, 3, 0, 2, 0, 1, 0, 0, 1, 0, 2, 0, 0, 0, 0, 0, 0, 0, 0, 0, 2, 0, 0, 0, 0, 0, 0, 0, 1, 1, 0, 1, 1, 0, 2, 0, 0, 0, 1, 0, 0, 0, 0, 1, 0, 0, 2, 2, 2, 0, 0, 0, 0, 0, 0, 0, 0, 0, 2, 2, 3, 0, 2, 1, 2, 1, 4, 3, 6, 5, 3, 3, 2, 2, 4, 0, 485, 0, 1, 0, 0, 1, 0]","[[1 0 0 0]
 [0 0 0 1]]",0.6504271041299918,-1,0
2871,"[1, 2, 0, 0, 3, 3, 0, 2, 0, 1, 0, 0, 1, 0, 2, 0, 0, 0, 0, 0, 0, 0, 0, 0, 2, 0, 0, 0, 0, 0, 0, 0, 1, 1, 0, 1, 1, 0, 2, 0, 0, 0, 1, 0, 0, 0, 0, 1, 0, 0, 2, 2, 2, 0, 0, 0, 0, 0, 0, 0, 0, 0, 2, 2, 3, 0, 2, 1, 2, 1, 4, 3, 6, 5, 3, 3, 2, 2, 4, 0, 485, 0, 0, 0, 0, 0, 0]",1,-35.24639557867821,-1,1
2872,"[1, 2, 0, 0, 3, 3, 0, 2, 0, 1, 0, 0, 1, 0, 2, 0, 0, 0, 0, 0, 0, 0, 0, 0, 2, 0, 0, 0, 0, 0, 0, 0, 1, 1, 0, 1, 1, 0, 2, 0, 0, 0, 1, 0, 0, 0, 0, 1, 0, 0, 2, 2, 2, 0, 0, 0, 0, 0, 0, 0, 0, 0, 2, 2, 3, 0, 2, 1, 2, 1, 4, 3, 6, 5, 3, 3, 2, 2, 4, 0, 485, 0, 1, 0, 0, 0, 0]",2,0.40000223907190097,-1,0
2873,"[1, 2, 0, 0, 3, 3, 0, 2, 0, 1, 0, 0, 1, 0, 2, 0, 0, 0, 0, 0, 0, 0, 0, 0, 2, 0, 0, 0, 0, 0, 0, 0, 1, 1, 0, 1, 1, 0, 2, 0, 0, 0, 1, 0, 0, 0, 0, 1, 0, 0, 2, 2, 2, 0, 0, 0, 0, 0, 0, 0, 0, 0, 2, 2, 3, 0, 2, 1, 2, 1, 4, 3, 6, 5, 3, 3, 2, 2, 4, 0, 485, 0, 1, 0, 0, 1, 0]","[[1 0 0 0]
 [0 0 0 1]]",0.6504271041299918,-1,0
2874,"[1, 2, 0, 0, 3, 3, 0, 2, 0, 1, 0, 0, 1, 0, 2, 0, 0, 0, 0, 0, 0, 0, 0, 0, 2, 0, 0, 0, 0, 0, 0, 0, 1, 1, 0, 1, 1, 0, 2, 0, 0, 0, 1, 0, 0, 0, 0, 1, 0, 0, 2, 2, 2, 0, 0, 0, 0, 0, 0, 0, 0, 0, 2, 2, 3, 0, 2, 1, 2, 1, 4, 3, 6, 5, 3, 3, 2, 2, 4, 0, 485, 0, 1, 0, 0, 0, 1]",2,-0.199997760928099,-1,1
2875,"[1, 2, 0, 0, 3, 3, 0, 2, 0, 1, 0, 0, 1, 0, 2, 0, 0, 0, 0, 0, 0, 0, 0, 0, 2, 0, 0, 0, 0, 0, 0, 0, 1, 1, 0, 1, 1, 0, 2, 0, 0, 0, 1, 0, 0, 0, 0, 1, 0, 0, 2, 2, 2, 0, 0, 0, 0, 0, 0, 0, 0, 0, 2, 2, 3, 0, 2, 1, 2, 1, 4, 3, 6, 5, 3, 3, 2, 2, 4, 0, 485, 0, 0, 1, 0, 0, 0]","[[1 1 0 1]
 [1 1 0 0]]",-0.199997760928099,-1,1
2876,"[1, 2, 0, 1, 3, 3, 0, 1, 0, 1, 0, 0, 1, 0, 2, 0, 0, 0, 0, 0, 0, 0, 0, 0, 2, 0, 0, 0, 0, 0, 0, 0, 1, 1, 0, 1, 1, 0, 2, 0, 0, 0, 1, 0, 0, 0, 0, 1, 0, 0, 2, 2, 2, 0, 0, 0, 0, 0, 0, 0, 0, 0, 2, 2, 3, 0, 2, 1, 2, 1, 4, 3, 6, 5, 3, 3, 2, 2, 4, 0, 485, 0, 0, 0, 0, 0, 0]",0,-0.199997760928099,-1,0
2877,"[2, 2, 0, 1, 3, 4, 0, 1, 0, 1, 0, 0, 1, 0, 2, 0, 0, 0, 0, 0, 0, 0, 0, 0, 2, 0, 0, 0, 0, 0, 0, 0, 1, 1, 0, 1, 1, 0, 2, 0, 0, 0, 1, 0, 0, 0, 0, 1, 0, 0, 2, 2, 2, 0, 0, 0, 0, 0, 0, 0, 0, 0, 2, 2, 3, 0, 2, 1, 2, 1, 4, 3, 6, 5, 3, 3, 2, 2, 4, 0, 486, 0, 0, 0, 0, 0, 0]",4,14.273226492967218,-1,0
2878,"[2, 2, 0, 1, 3, 4, 0, 1, 0, 1, 0, 0, 1, 0, 2, 0, 0, 0, 0, 0, 0, 0, 0, 0, 2, 0, 0, 0, 0, 0, 0, 0, 1, 1, 0, 1, 1, 0, 2, 0, 0, 0, 1, 0, 0, 0, 0, 1, 0, 0, 2, 2, 2, 0, 0, 0, 0, 0, 0, 0, 0, 0, 2, 2, 3, 0, 2, 1, 2, 1, 4, 3, 6, 5, 3, 3, 2, 2, 4, 0, 486, 0, 0, 0, 0, 0, 0]",-1,-0.0003875241945568346,-1,1
2879,"[2, 2, 0, 1, 3, 4, 0, 1, 0, 1, 0, 0, 1, 0, 2, 0, 0, 0, 0, 0, 0, 0, 0, 0, 2, 0, 0, 0, 0, 0, 0, 0, 1, 1, 0, 1, 1, 0, 2, 0, 0, 0, 1, 0, 0, 0, 0, 1, 0, 0, 2, 2, 2, 0, 0, 0, 0, 0, 0, 0, 0, 0, 2, 2, 3, 0, 2, 1, 2, 1, 4, 3, 6, 5, 3, 3, 2, 2, 4, 0, 486, 1, 0, 0, 0, 0, 0]",3,0.20000215127758036,-1,0
2880,"[0, 2, 0, 2, 3, 4, 0, 1, 0, 1, 0, 0, 1, 0, 2, 0, 0, 0, 0, 0, 0, 0, 0, 0, 2, 0, 0, 0, 0, 0, 0, 0, 1, 1, 0, 1, 1, 0, 2, 0, 0, 0, 1, 0, 0, 0, 0, 1, 0, 0, 2, 2, 2, 0, 0, 0, 0, 0, 0, 0, 0, 0, 2, 2, 3, 0, 2, 1, 2, 1, 4, 3, 6, 5, 3, 3, 2, 2, 4, 0, 486, 0, 0, 0, 0, 0, 0]","[[2 0 0 0]
 [0 0 0 1]]",-0.1985401668113786,-1,0
2881,"[0, 2, 0, 2, 3, 4, 0, 2, 0, 1, 0, 0, 1, 0, 2, 0, 0, 0, 0, 0, 0, 0, 0, 0, 2, 0, 0, 0, 0, 0, 0, 0, 1, 1, 0, 1, 1, 0, 2, 0, 0, 0, 1, 0, 0, 0, 0, 1, 0, 0, 2, 2, 2, 0, 0, 0, 0, 0, 0, 0, 0, 0, 2, 2, 3, 0, 2, 1, 2, 1, 4, 3, 6, 5, 3, 3, 2, 2, 4, 0, 487, 0, 0, 0, 0, 0, 0]",4,14.016839784255945,-1,0
2882,"[0, 2, 0, 2, 3, 4, 0, 2, 0, 1, 0, 0, 1, 0, 2, 0, 0, 0, 0, 0, 0, 0, 0, 0, 2, 0, 0, 0, 0, 0, 0, 0, 1, 1, 0, 1, 1, 0, 2, 0, 0, 0, 1, 0, 0, 0, 0, 1, 0, 0, 2, 2, 2, 0, 0, 0, 0, 0, 0, 0, 0, 0, 2, 2, 3, 0, 2, 1, 2, 1, 4, 3, 6, 5, 3, 3, 2, 2, 4, 0, 487, 0, 0, 0, 0, 0, 0]",-1,-0.0003836682643947745,-1,1
2883,"[0, 3, 0, 2, 3, 5, 0, 2, 0, 1, 0, 0, 1, 0, 2, 0, 0, 0, 0, 0, 0, 0, 0, 0, 2, 0, 0, 0, 0, 0, 0, 0, 1, 1, 0, 1, 1, 0, 2, 0, 0, 0, 1, 0, 0, 0, 0, 1, 0, 0, 2, 2, 2, 0, 0, 0, 0, 0, 0, 0, 0, 0, 2, 2, 3, 0, 2, 1, 2, 1, 4, 3, 6, 5, 3, 3, 2, 2, 4, 0, 488, 0, 0, 0, 0, 0, 0]",4,11.257318537872539,-1,1
2884,"[0, 3, 0, 2, 3, 5, 0, 2, 0, 1, 0, 0, 1, 0, 2, 0, 0, 0, 0, 0, 0, 0, 0, 0, 2, 0, 0, 0, 0, 0, 0, 0, 1, 1, 0, 1, 1, 0, 2, 0, 0, 0, 1, 0, 0, 0, 0, 1, 0, 0, 2, 2, 2, 0, 0, 0, 0, 0, 0, 0, 0, 0, 2, 2, 3, 0, 2, 1, 2, 1, 4, 3, 6, 5, 3, 3, 2, 2, 4, 0, 488, 1, 0, 0, 0, 0, 0]",3,0.20000198588114237,-1,0
2885,"[0, 3, 0, 2, 3, 5, 0, 2, 0, 1, 0, 0, 1, 0, 2, 0, 0, 0, 0, 0, 0, 0, 0, 0, 2, 0, 0, 0, 0, 0, 0, 0, 1, 1, 0, 1, 1, 0, 2, 0, 0, 0, 1, 0, 0, 0, 0, 1, 0, 0, 2, 2, 2, 0, 0, 0, 0, 0, 0, 0, 0, 0, 2, 2, 3, 0, 2, 1, 2, 1, 4, 3, 6, 5, 3, 3, 2, 2, 4, 0, 488, 0, 0, 0, 0, 0, 0]",-1,-0.00037985070137887836,-1,0
2886,"[0, 3, 0, 2, 5, 5, 0, 2, 0, 1, 0, 0, 1, 0, 2, 0, 0, 0, 0, 0, 0, 0, 0, 0, 2, 0, 0, 0, 0, 0, 0, 0, 1, 1, 0, 1, 1, 0, 2, 0, 0, 0, 1, 0, 0, 0, 0, 1, 0, 0, 2, 2, 2, 0, 0, 0, 0, 0, 0, 0, 0, 0, 2, 2, 3, 0, 2, 1, 2, 1, 4, 3, 6, 5, 3, 3, 2, 2, 4, 0, 489, 0, 0, 0, 0, 0, 0]",4,13.931679566816793,-1,0
2887,"[0, 3, 0, 2, 5, 5, 0, 2, 0, 1, 0, 0, 1, 0, 2, 0, 0, 0, 0, 0, 0, 0, 0, 0, 2, 0, 0, 0, 0, 0, 0, 0, 1, 1, 0, 1, 1, 0, 2, 0, 0, 0, 1, 0, 0, 0, 0, 1, 0, 0, 2, 2, 2, 0, 0, 0, 0, 0, 0, 0, 0, 0, 2, 2, 3, 0, 2, 1, 2, 1, 4, 3, 6, 5, 3, 3, 2, 2, 4, 0, 489, 1, 0, 0, 0, 0, 0]",3,0.20000190801437184,-1,1
2888,"[0, 3, 0, 2, 5, 5, 0, 2, 0, 1, 0, 0, 1, 0, 2, 0, 0, 0, 0, 0, 0, 0, 0, 0, 2, 0, 0, 0, 0, 0, 0, 0, 1, 1, 0, 1, 1, 0, 2, 0, 0, 0, 1, 0, 0, 0, 0, 1, 0, 0, 2, 2, 2, 0, 0, 0, 0, 0, 0, 0, 0, 0, 2, 2, 3, 0, 2, 1, 2, 1, 4, 3, 6, 5, 3, 3, 2, 2, 4, 0, 489, 0, 0, 0, 0, 0, 0]",-1,-0.0003760711237496635,-1,1
2889,"[0, 3, 0, 2, 5, 5, 0, 2, 0, 1, 0, 0, 1, 0, 2, 0, 0, 0, 0, 0, 0, 0, 0, 0, 2, 0, 0, 0, 0, 0, 0, 0, 1, 1, 0, 1, 1, 0, 2, 0, 0, 0, 1, 0, 0, 0, 0, 1, 0, 0, 2, 2, 2, 0, 0, 0, 0, 0, 0, 0, 0, 0, 2, 2, 3, 0, 2, 1, 2, 1, 4, 3, 6, 5, 3, 3, 2, 2, 4, 0, 490, 0, 0, 0, 0, 0, 0]",4,11.222785607619391,-1,1
2890,"[0, 3, 0, 2, 5, 5, 0, 2, 0, 1, 0, 0, 1, 0, 2, 0, 0, 0, 0, 0, 0, 0, 0, 0, 2, 0, 0, 0, 0, 0, 0, 0, 1, 1, 0, 1, 1, 0, 2, 0, 0, 0, 1, 0, 0, 0, 0, 1, 0, 0, 2, 2, 2, 0, 0, 0, 0, 0, 0, 0, 0, 0, 2, 2, 3, 0, 2, 1, 2, 1, 4, 3, 6, 5, 3, 3, 2, 2, 4, 0, 490, 0, 1, 0, 0, 0, 0]",2,0.4000018332007439,-1,0
2891,"[0, 3, 0, 2, 5, 5, 0, 2, 0, 1, 0, 0, 1, 0, 2, 0, 0, 0, 0, 0, 0, 0, 0, 0, 2, 0, 0, 0, 0, 0, 0, 0, 1, 1, 0, 1, 1, 0, 2, 0, 0, 0, 1, 0, 0, 0, 0, 1, 0, 0, 2, 2, 2, 0, 0, 0, 0, 0, 0, 0, 0, 0, 2, 2, 3, 0, 2, 1, 2, 1, 4, 3, 6, 5, 3, 3, 2, 2, 4, 0, 490, 0, 1, 0, 0, 1, 0]","[[0 1 0 0]
 [1 0 0 0]]",0.6504266982588348,-1,0
2892,"[0, 3, 0, 2, 5, 5, 0, 2, 0, 1, 0, 0, 1, 0, 2, 0, 0, 0, 0, 0, 0, 0, 0, 0, 2, 0, 0, 0, 0, 0, 0, 0, 1, 1, 0, 1, 1, 0, 2, 0, 0, 0, 1, 0, 0, 0, 0, 1, 0, 0, 2, 2, 2, 0, 0, 0, 0, 0, 0, 0, 0, 0, 2, 2, 3, 0, 2, 1, 2, 1, 4, 3, 6, 5, 3, 3, 2, 2, 4, 0, 490, 0, 1, 0, 0, 0, 1]",2,-0.19999816679925606,-1,1
2893,"[0, 3, 0, 2, 5, 5, 0, 2, 0, 1, 0, 0, 1, 0, 2, 0, 0, 0, 0, 0, 0, 0, 0, 0, 2, 0, 0, 0, 0, 0, 0, 0, 1, 1, 0, 1, 1, 0, 2, 0, 0, 0, 1, 0, 0, 0, 0, 1, 0, 0, 2, 2, 2, 0, 0, 0, 0, 0, 0, 0, 0, 0, 2, 2, 3, 0, 2, 1, 2, 1, 4, 3, 6, 5, 3, 3, 2, 2, 4, 0, 490, 0, 0, 1, 0, 0, 0]","[[1 2 0 1]
 [0 1 0 2]]",-0.19999816679925606,-1,1
2894,"[0, 3, 0, 2, 5, 5, 0, 2, 0, 1, 0, 0, 1, 0, 2, 0, 0, 0, 0, 0, 0, 0, 0, 0, 2, 0, 0, 0, 0, 0, 0, 0, 1, 1, 0, 1, 1, 0, 2, 0, 0, 0, 1, 0, 0, 0, 0, 1, 0, 0, 2, 2, 2, 0, 0, 0, 0, 0, 0, 0, 0, 0, 2, 2, 3, 0, 2, 1, 2, 1, 4, 3, 6, 5, 3, 3, 2, 2, 4, 0, 490, 0, 0, 0, 0, 0, 0]",1,-9.826051439815673,-1,0
2895,"[0, 3, 0, 2, 5, 5, 0, 2, 0, 1, 0, 0, 1, 0, 2, 0, 0, 0, 0, 0, 0, 0, 0, 0, 2, 0, 0, 0, 0, 0, 0, 0, 1, 1, 0, 1, 1, 0, 2, 0, 0, 0, 1, 0, 0, 0, 0, 1, 0, 0, 2, 2, 2, 0, 0, 0, 0, 0, 0, 0, 0, 0, 2, 2, 3, 0, 2, 1, 2, 1, 4, 3, 6, 5, 3, 3, 2, 2, 4, 0, 490, 0, 1, 0, 0, 0, 0]",2,0.4000018332007439,-1,0
2896,"[0, 3, 0, 2, 5, 5, 0, 2, 0, 1, 0, 0, 1, 0, 2, 0, 0, 0, 0, 0, 0, 0, 0, 0, 2, 0, 0, 0, 0, 0, 0, 0, 1, 1, 0, 1, 1, 0, 2, 0, 0, 0, 1, 0, 0, 0, 0, 1, 0, 0, 2, 2, 2, 0, 0, 0, 0, 0, 0, 0, 0, 0, 2, 2, 3, 0, 2, 1, 2, 1, 4, 3, 6, 5, 3, 3, 2, 2, 4, 0, 490, 0, 1, 0, 0, 1, 0]","[[0 0 0 1]
 [1 0 0 0]]",0.6504266982588348,-1,0
2897,"[1, 3, 0, 1, 4, 5, 0, 3, 0, 1, 0, 0, 1, 0, 2, 0, 0, 0, 0, 0, 0, 0, 0, 0, 2, 0, 0, 0, 0, 0, 0, 0, 1, 1, 0, 1, 1, 0, 2, 0, 0, 0, 1, 0, 0, 0, 0, 1, 0, 0, 2, 2, 2, 0, 0, 0, 0, 0, 0, 0, 0, 0, 2, 2, 3, 0, 2, 1, 2, 1, 4, 3, 6, 5, 3, 3, 2, 2, 4, 0, 490, 0, 0, 0, 0, 0, 0]",0,-0.19999816679925606,-1,1
2898,"[1, 3, 0, 1, 4, 5, 0, 3, 0, 1, 0, 0, 1, 0, 2, 0, 0, 0, 0, 0, 0, 0, 0, 0, 2, 0, 0, 0, 0, 0, 0, 0, 1, 1, 0, 1, 1, 0, 2, 0, 0, 0, 1, 0, 0, 0, 0, 1, 0, 0, 2, 2, 2, 0, 0, 0, 0, 0, 0, 0, 0, 0, 2, 2, 3, 0, 2, 1, 2, 1, 4, 3, 6, 5, 3, 3, 2, 2, 4, 0, 490, 0, 0, 0, 0, 0, 0]",0,0.24272070562431705,-1,0
2899,"[1, 3, 0, 1, 4, 5, 0, 3, 0, 1, 0, 0, 1, 0, 2, 0, 0, 0, 0, 0, 0, 0, 0, 0, 2, 0, 0, 0, 0, 0, 0, 0, 1, 1, 0, 1, 1, 0, 2, 0, 0, 0, 1, 0, 0, 0, 0, 1, 0, 0, 2, 2, 2, 0, 0, 0, 0, 0, 0, 0, 0, 0, 2, 2, 3, 0, 2, 1, 2, 1, 4, 3, 6, 5, 3, 3, 2, 2, 4, 0, 490, 0, 0, 0, 0, 0, 0]",-1,-0.00037232915354621694,-1,0
2900,"[1, 3, 0, 1, 4, 5, 0, 3, 0, 1, 0, 0, 1, 0, 2, 0, 0, 0, 0, 0, 0, 0, 0, 0, 2, 0, 0, 0, 0, 0, 0, 0, 1, 1, 0, 1, 1, 0, 2, 0, 0, 0, 1, 0, 0, 0, 0, 1, 0, 0, 2, 2, 2, 0, 0, 0, 0, 0, 0, 0, 0, 0, 2, 2, 3, 0, 2, 1, 2, 1, 4, 3, 6, 5, 3, 3, 2, 2, 4, 0, 490, 0, 0, 0, 0, 0, 0]",0,0.24272070562431705,-1,0
2901,"[1, 3, 0, 1, 4, 5, 0, 3, 0, 1, 0, 0, 1, 0, 2, 0, 0, 0, 0, 0, 0, 0, 0, 0, 2, 0, 0, 0, 0, 0, 0, 0, 1, 1, 0, 1, 1, 0, 2, 0, 0, 0, 1, 0, 0, 0, 0, 1, 0, 0, 2, 2, 2, 0, 0, 0, 0, 0, 0, 0, 0, 0, 2, 2, 3, 0, 2, 1, 2, 1, 4, 3, 6, 5, 3, 3, 2, 2, 4, 0, 490, 0, 0, 0, 0, 0, 0]",-1,-0.00037232915354621694,-1,0
2902,"[1, 3, 0, 1, 4, 5, 0, 3, 0, 1, 0, 0, 1, 0, 2, 0, 0, 0, 0, 0, 0, 0, 0, 0, 2, 0, 0, 0, 0, 0, 0, 0, 1, 1, 0, 1, 1, 0, 2, 0, 0, 0, 1, 0, 0, 0, 0, 1, 0, 0, 2, 2, 2, 0, 0, 0, 0, 0, 0, 0, 0, 0, 2, 2, 3, 0, 2, 1, 2, 1, 4, 3, 6, 5, 3, 3, 2, 2, 4, 0, 490, 0, 0, 0, 0, 0, 0]",0,0.24272070562431705,-1,0
2903,"[1, 3, 0, 1, 4, 5, 0, 3, 0, 1, 0, 0, 1, 0, 2, 0, 0, 0, 0, 0, 0, 0, 0, 0, 2, 0, 0, 0, 0, 0, 0, 0, 1, 1, 0, 1, 1, 0, 2, 0, 0, 0, 1, 0, 0, 0, 0, 1, 0, 0, 2, 2, 2, 0, 0, 0, 0, 0, 0, 0, 0, 0, 2, 2, 3, 0, 2, 1, 2, 1, 4, 3, 6, 5, 3, 3, 2, 2, 4, 0, 490, 0, 0, 0, 0, 0, 0]",-1,-0.00037232915354621694,-1,0
2904,"[1, 3, 0, 1, 4, 5, 0, 3, 0, 1, 0, 0, 1, 0, 2, 0, 0, 0, 0, 0, 0, 0, 0, 0, 2, 0, 0, 0, 0, 0, 0, 0, 1, 1, 0, 1, 1, 0, 2, 0, 0, 0, 1, 0, 0, 0, 0, 1, 0, 0, 2, 2, 2, 0, 0, 0, 0, 0, 0, 0, 0, 0, 2, 2, 3, 0, 2, 1, 2, 1, 4, 3, 6, 5, 3, 3, 2, 2, 4, 0, 490, 0, 0, 0, 0, 0, 0]",0,0.24272070562431705,-1,0
2905,"[1, 3, 0, 1, 4, 5, 0, 3, 0, 1, 0, 0, 1, 0, 2, 0, 0, 0, 0, 0, 0, 0, 0, 0, 2, 0, 0, 0, 0, 0, 0, 0, 1, 1, 0, 1, 1, 0, 2, 0, 0, 0, 1, 0, 0, 0, 0, 1, 0, 0, 2, 2, 2, 0, 0, 0, 0, 0, 0, 0, 0, 0, 2, 2, 3, 0, 2, 1, 2, 1, 4, 3, 6, 5, 3, 3, 2, 2, 4, 0, 490, 0, 0, 0, 0, 0, 0]",-1,-0.00037232915354621694,-1,0
2906,"[1, 3, 0, 1, 4, 5, 0, 3, 0, 1, 0, 0, 1, 0, 2, 0, 0, 0, 0, 0, 0, 0, 0, 0, 2, 0, 0, 0, 0, 0, 0, 0, 1, 1, 0, 1, 1, 0, 2, 0, 0, 0, 1, 0, 0, 0, 0, 1, 0, 0, 2, 2, 2, 0, 0, 0, 0, 0, 0, 0, 0, 0, 2, 2, 3, 0, 2, 1, 2, 1, 4, 3, 6, 5, 3, 3, 2, 2, 4, 0, 490, 0, 0, 0, 0, 0, 0]",0,0.24272070562431705,-1,0
2907,"[1, 3, 0, 1, 4, 5, 0, 3, 0, 1, 0, 0, 1, 0, 2, 0, 0, 0, 0, 0, 0, 0, 0, 0, 2, 0, 0, 0, 0, 0, 0, 0, 1, 1, 0, 1, 1, 0, 2, 0, 0, 0, 1, 0, 0, 0, 0, 1, 0, 0, 2, 2, 2, 0, 0, 0, 0, 0, 0, 0, 0, 0, 2, 2, 3, 0, 2, 1, 2, 1, 4, 3, 6, 5, 3, 3, 2, 2, 4, 0, 490, 0, 0, 0, 0, 0, 0]",-1,-0.00037232915354621694,-1,0
2908,"[1, 3, 0, 1, 4, 5, 0, 3, 0, 1, 0, 0, 1, 0, 2, 0, 0, 0, 0, 0, 0, 0, 0, 0, 2, 0, 0, 0, 0, 0, 0, 0, 1, 1, 0, 1, 1, 0, 2, 0, 0, 0, 1, 0, 0, 0, 0, 1, 0, 0, 2, 2, 2, 0, 0, 0, 0, 0, 0, 0, 0, 0, 2, 2, 3, 0, 2, 1, 2, 1, 4, 3, 6, 5, 3, 3, 2, 2, 4, 0, 490, 0, 0, 0, 0, 0, 0]",0,0.24272070562431705,-1,0
2909,"[1, 3, 0, 1, 4, 5, 0, 3, 0, 1, 0, 0, 1, 0, 2, 0, 0, 0, 0, 0, 0, 0, 0, 0, 2, 0, 0, 0, 0, 0, 0, 0, 1, 1, 0, 1, 1, 0, 2, 0, 0, 0, 1, 0, 0, 0, 0, 1, 0, 0, 2, 2, 2, 0, 0, 0, 0, 0, 0, 0, 0, 0, 2, 2, 3, 0, 2, 1, 2, 1, 4, 3, 6, 5, 3, 3, 2, 2, 4, 0, 490, 0, 0, 0, 0, 0, 0]",-1,-0.00037232915354621694,-1,0
2910,"[1, 3, 0, 1, 4, 5, 0, 3, 0, 1, 0, 0, 1, 0, 2, 0, 0, 0, 0, 0, 0, 0, 0, 0, 2, 0, 0, 0, 0, 0, 0, 0, 1, 1, 0, 1, 1, 0, 2, 0, 0, 0, 1, 0, 0, 0, 0, 1, 0, 0, 2, 2, 2, 0, 0, 0, 0, 0, 0, 0, 0, 0, 2, 2, 3, 0, 2, 1, 2, 1, 4, 3, 6, 5, 3, 3, 2, 2, 4, 0, 490, 0, 0, 0, 0, 0, 0]",0,0.24272070562431705,-1,0
2911,"[1, 3, 0, 1, 4, 5, 0, 3, 0, 1, 0, 0, 1, 0, 2, 0, 0, 0, 0, 0, 0, 0, 0, 0, 2, 0, 0, 0, 0, 0, 0, 0, 1, 1, 0, 1, 1, 0, 2, 0, 0, 0, 1, 0, 0, 0, 0, 1, 0, 0, 2, 2, 2, 0, 0, 0, 0, 0, 0, 0, 0, 0, 2, 2, 3, 0, 2, 1, 2, 1, 4, 3, 6, 5, 3, 3, 2, 2, 4, 0, 490, 0, 0, 0, 0, 0, 0]",-1,-0.00037232915354621694,-1,0
2912,"[1, 3, 0, 1, 4, 5, 0, 3, 0, 1, 0, 0, 1, 0, 2, 0, 0, 0, 0, 0, 0, 0, 0, 0, 2, 0, 0, 0, 0, 0, 0, 0, 1, 1, 0, 1, 1, 0, 2, 0, 0, 0, 1, 0, 0, 0, 0, 1, 0, 0, 2, 2, 2, 0, 0, 0, 0, 0, 0, 0, 0, 0, 2, 2, 3, 0, 2, 1, 2, 1, 4, 3, 6, 5, 3, 3, 2, 2, 4, 0, 490, 0, 0, 0, 0, 0, 0]",1,0.6096259483003607,-1,0
2913,"[1, 3, 0, 1, 4, 5, 0, 3, 0, 1, 0, 0, 1, 0, 2, 0, 0, 0, 0, 0, 0, 0, 0, 0, 2, 0, 0, 0, 0, 0, 0, 0, 1, 1, 0, 1, 1, 0, 2, 0, 0, 0, 1, 0, 0, 0, 0, 1, 0, 0, 2, 2, 2, 0, 0, 0, 0, 0, 0, 0, 0, 0, 2, 2, 3, 0, 2, 1, 2, 1, 4, 3, 6, 5, 3, 3, 2, 2, 4, 0, 490, 0, 0, 0, 0, 0, 0]",-1,-0.00037232915354621694,-1,0
2914,"[1, 1, 0, 1, 2, 2, 0, 1, 0, 1, 0, 0, 1, 0, 2, 0, 0, 0, 0, 0, 0, 0, 0, 0, 2, 0, 0, 0, 0, 0, 0, 0, 1, 1, 0, 1, 1, 0, 2, 0, 0, 0, 1, 0, 0, 0, 0, 1, 0, 0, 2, 2, 2, 0, 0, 0, 0, 0, 0, 0, 0, 0, 2, 2, 3, 0, 2, 1, 2, 1, 4, 3, 6, 5, 3, 3, 2, 2, 4, 0, 491, 0, 0, 0, 0, 0, 0]",4,14.534139703637765,-1,0
2915,"[1, 1, 0, 1, 2, 2, 0, 1, 0, 1, 0, 0, 1, 0, 2, 0, 0, 0, 0, 0, 0, 0, 0, 0, 2, 0, 0, 0, 0, 0, 0, 0, 1, 1, 0, 1, 1, 0, 2, 0, 0, 0, 1, 0, 0, 0, 0, 1, 0, 0, 2, 2, 2, 0, 0, 0, 0, 0, 0, 0, 0, 0, 2, 2, 3, 0, 2, 1, 2, 1, 4, 3, 6, 5, 3, 3, 2, 2, 4, 0, 491, 0, 0, 0, 0, 0, 0]",-1,-0.0003686244165684006,-1,1
2916,"[1, 1, 0, 1, 2, 2, 0, 1, 0, 1, 0, 0, 1, 0, 2, 0, 0, 0, 0, 0, 0, 0, 0, 0, 2, 0, 0, 0, 0, 0, 0, 0, 1, 1, 0, 1, 1, 0, 2, 0, 0, 0, 1, 0, 0, 0, 0, 1, 0, 0, 2, 2, 2, 0, 0, 0, 0, 0, 0, 0, 0, 0, 2, 2, 3, 0, 2, 1, 2, 1, 4, 3, 6, 5, 3, 3, 2, 2, 4, 0, 491, 0, 0, 0, 0, 0, 0]",-1,-0.0003686244165684006,-1,1
2917,"[1, 1, 0, 1, 1, 1, 0, 1, 0, 1, 0, 0, 1, 0, 2, 0, 0, 0, 0, 0, 0, 0, 0, 0, 2, 0, 0, 0, 0, 0, 0, 0, 1, 1, 0, 1, 1, 0, 2, 0, 0, 0, 1, 0, 0, 0, 0, 1, 0, 0, 2, 2, 2, 0, 0, 0, 0, 0, 0, 0, 0, 0, 2, 2, 3, 0, 2, 1, 2, 1, 4, 3, 6, 5, 3, 3, 2, 2, 4, 5, 492, 0, 0, 0, 0, 0, 0]",4,11.734132225102027,-1,1
2918,"[1, 1, 0, 1, 1, 1, 0, 1, 0, 1, 0, 0, 1, 0, 2, 0, 0, 0, 0, 0, 0, 0, 0, 0, 2, 0, 0, 0, 0, 0, 0, 0, 1, 1, 0, 1, 1, 0, 2, 0, 0, 0, 1, 0, 0, 0, 0, 1, 0, 0, 2, 2, 2, 0, 0, 0, 0, 0, 0, 0, 0, 0, 2, 2, 3, 0, 2, 1, 2, 1, 4, 3, 6, 5, 3, 3, 2, 2, 4, 3, 493, 0, 0, 0, 0, 0, 0]",4,14.534124822999694,-1,0
2919,"[1, 1, 0, 1, 1, 1, 0, 1, 0, 1, 0, 0, 1, 0, 2, 0, 0, 0, 0, 0, 0, 0, 0, 0, 2, 0, 0, 0, 0, 0, 0, 0, 1, 1, 0, 1, 1, 0, 2, 0, 0, 0, 1, 0, 0, 0, 0, 1, 0, 0, 2, 2, 2, 0, 0, 0, 0, 0, 0, 0, 0, 0, 2, 2, 3, 0, 2, 1, 2, 1, 4, 3, 6, 5, 3, 3, 2, 2, 4, 3, 493, 0, 0, 0, 0, 0, 0]",0,0.34221929437392795,-1,1
2920,"[1, 1, 0, 1, 1, 1, 0, 1, 0, 1, 0, 0, 1, 0, 2, 0, 0, 0, 0, 0, 0, 0, 0, 0, 2, 0, 0, 0, 0, 0, 0, 0, 1, 1, 0, 1, 1, 0, 2, 0, 0, 0, 1, 0, 0, 0, 0, 1, 0, 0, 2, 2, 2, 0, 0, 0, 0, 0, 0, 0, 0, 0, 2, 2, 3, 0, 2, 1, 2, 1, 4, 3, 6, 5, 3, 3, 2, 2, 4, 3, 493, 0, 0, 0, 0, 0, 0]",-1,-0.00036132516406882316,-1,1
2921,"[1, 1, 0, 1, 1, 1, 0, 2, 0, 1, 0, 0, 1, 0, 2, 0, 0, 0, 0, 0, 0, 0, 0, 0, 2, 0, 0, 0, 0, 0, 0, 0, 1, 1, 0, 1, 1, 0, 2, 0, 0, 0, 1, 0, 0, 0, 0, 1, 0, 0, 2, 2, 2, 0, 0, 0, 0, 0, 0, 0, 0, 0, 2, 2, 3, 0, 2, 1, 2, 1, 4, 3, 6, 5, 3, 3, 2, 2, 4, 3, 494, 0, 0, 0, 0, 0, 0]",4,11.574492775854726,-1,1
2922,"[1, 1, 0, 1, 1, 1, 0, 2, 0, 1, 0, 0, 1, 0, 2, 0, 0, 0, 0, 0, 0, 0, 0, 0, 2, 0, 0, 0, 0, 0, 0, 0, 1, 1, 0, 1, 1, 0, 2, 0, 0, 0, 1, 0, 0, 0, 0, 1, 0, 0, 2, 2, 2, 0, 0, 0, 0, 0, 0, 0, 0, 0, 2, 2, 3, 0, 2, 1, 2, 1, 4, 3, 6, 5, 3, 3, 2, 2, 4, 3, 494, 0, 1, 0, 0, 0, 0]",2,0.40000156215274496,-1,0
2923,"[1, 1, 0, 1, 1, 1, 0, 2, 0, 1, 0, 0, 1, 0, 2, 0, 0, 0, 0, 0, 0, 0, 0, 0, 2, 0, 0, 0, 0, 0, 0, 0, 1, 1, 0, 1, 1, 0, 2, 0, 0, 0, 1, 0, 0, 0, 0, 1, 0, 0, 2, 2, 2, 0, 0, 0, 0, 0, 0, 0, 0, 0, 2, 2, 3, 0, 2, 1, 2, 1, 4, 3, 6, 5, 3, 3, 2, 2, 4, 3, 494, 0, 0, 0, 0, 0, 0]",-1,-0.000357729918615729,-1,0
2924,"[1, 1, 0, 1, 1, 1, 0, 2, 0, 1, 0, 0, 1, 0, 2, 0, 0, 0, 0, 0, 0, 0, 0, 0, 2, 0, 0, 0, 0, 0, 0, 0, 1, 1, 0, 1, 1, 0, 2, 0, 0, 0, 1, 0, 0, 0, 0, 1, 0, 0, 2, 2, 2, 0, 0, 0, 0, 0, 0, 0, 0, 0, 2, 2, 3, 0, 2, 1, 2, 1, 4, 3, 6, 5, 3, 3, 2, 2, 4, 3, 494, 0, 0, 0, 0, 0, 0]",1,0.6096256772523617,-1,0
2925,"[1, 1, 0, 1, 1, 1, 0, 2, 0, 1, 0, 0, 1, 0, 2, 0, 0, 0, 0, 0, 0, 0, 0, 0, 2, 0, 0, 0, 0, 0, 0, 0, 1, 1, 0, 1, 1, 0, 2, 0, 0, 0, 1, 0, 0, 0, 0, 1, 0, 0, 2, 2, 2, 0, 0, 0, 0, 0, 0, 0, 0, 0, 2, 2, 3, 0, 2, 1, 2, 1, 4, 3, 6, 5, 3, 3, 2, 2, 4, 3, 494, 0, 0, 0, 0, 0, 0]",-1,-0.000357729918615729,-1,0
2926,"[1, 1, 0, 1, 1, 1, 0, 2, 0, 1, 0, 0, 1, 0, 2, 0, 0, 0, 0, 0, 0, 0, 0, 0, 2, 0, 0, 0, 0, 0, 0, 0, 1, 1, 0, 1, 1, 0, 2, 0, 0, 0, 1, 0, 0, 0, 0, 1, 0, 0, 2, 2, 2, 0, 0, 0, 0, 0, 0, 0, 0, 0, 2, 2, 3, 0, 2, 1, 2, 1, 4, 3, 6, 5, 3, 3, 2, 2, 4, 3, 494, 0, 0, 0, 0, 0, 0]",1,0.6096256772523617,-1,0
2927,"[1, 1, 0, 1, 1, 1, 0, 2, 0, 1, 0, 0, 1, 0, 2, 0, 0, 0, 0, 0, 0, 0, 0, 0, 2, 0, 0, 0, 0, 0, 0, 0, 1, 1, 0, 1, 1, 0, 2, 0, 0, 0, 1, 0, 0, 0, 0, 1, 0, 0, 2, 2, 2, 0, 0, 0, 0, 0, 0, 0, 0, 0, 2, 2, 3, 0, 2, 1, 2, 1, 4, 3, 6, 5, 3, 3, 2, 2, 4, 3, 494, 0, 0, 0, 0, 0, 0]",-1,-0.000357729918615729,-1,0
2928,"[1, 1, 0, 1, 1, 1, 0, 2, 0, 1, 0, 0, 1, 0, 2, 0, 0, 0, 0, 0, 0, 0, 0, 0, 2, 0, 0, 0, 0, 0, 0, 0, 1, 1, 0, 1, 1, 0, 2, 0, 0, 0, 1, 0, 0, 0, 0, 1, 0, 0, 2, 2, 2, 0, 0, 0, 0, 0, 0, 0, 0, 0, 2, 2, 3, 0, 2, 1, 2, 1, 4, 3, 6, 5, 3, 3, 2, 2, 4, 3, 494, 1, 0, 0, 0, 0, 0]",3,0.20000156215274503,-1,0
2929,"[1, 1, 0, 1, 1, 1, 0, 2, 0, 1, 0, 0, 1, 0, 2, 0, 0, 0, 0, 0, 0, 0, 0, 0, 2, 0, 0, 0, 0, 0, 0, 0, 1, 1, 0, 1, 1, 0, 2, 0, 0, 0, 1, 0, 0, 0, 0, 1, 0, 0, 2, 2, 2, 0, 0, 0, 0, 0, 0, 0, 0, 0, 2, 2, 3, 0, 2, 1, 2, 1, 4, 3, 6, 5, 3, 3, 2, 2, 4, 3, 494, 0, 0, 0, 0, 0, 0]",-1,-0.000357729918615729,-1,0
2930,"[1, 1, 0, 1, 1, 1, 0, 3, 0, 1, 0, 0, 1, 0, 2, 0, 0, 0, 0, 0, 0, 0, 0, 0, 2, 0, 0, 0, 0, 0, 0, 0, 1, 1, 0, 1, 1, 0, 2, 0, 0, 0, 1, 0, 0, 0, 0, 1, 0, 0, 2, 2, 2, 0, 0, 0, 0, 0, 0, 0, 0, 0, 2, 2, 3, 0, 2, 1, 2, 1, 4, 3, 6, 5, 3, 3, 2, 2, 4, 3, 495, 0, 0, 0, 0, 0, 0]",4,14.534110244747676,-1,0
2931,"[1, 1, 0, 1, 1, 1, 0, 3, 0, 1, 0, 0, 1, 0, 2, 0, 0, 0, 0, 0, 0, 0, 0, 0, 2, 0, 0, 0, 0, 0, 0, 0, 1, 1, 0, 1, 1, 0, 2, 0, 0, 0, 1, 0, 0, 0, 0, 1, 0, 0, 2, 2, 2, 0, 0, 0, 0, 0, 0, 0, 0, 0, 2, 2, 3, 0, 2, 1, 2, 1, 4, 3, 6, 5, 3, 3, 2, 2, 4, 3, 495, 0, 0, 0, 0, 0, 0]",0,0.3422191693693577,-1,1
2932,"[1, 1, 0, 1, 1, 1, 0, 3, 0, 1, 0, 0, 1, 0, 2, 0, 0, 0, 0, 0, 0, 0, 0, 0, 2, 0, 0, 0, 0, 0, 0, 0, 1, 1, 0, 1, 1, 0, 2, 0, 0, 0, 1, 0, 0, 0, 0, 1, 0, 0, 2, 2, 2, 0, 0, 0, 0, 0, 0, 0, 0, 0, 2, 2, 3, 0, 2, 1, 2, 1, 4, 3, 6, 5, 3, 3, 2, 2, 4, 3, 495, 0, 0, 0, 0, 0, 0]",-1,-0.00035417044645260596,-1,1
2933,"[2, 1, 0, 1, 1, 1, 0, 3, 0, 1, 0, 0, 1, 0, 2, 0, 0, 0, 0, 0, 0, 0, 0, 0, 2, 0, 0, 0, 0, 0, 0, 0, 1, 1, 0, 1, 1, 0, 2, 0, 0, 0, 1, 0, 0, 0, 0, 1, 0, 0, 2, 2, 2, 0, 0, 0, 0, 0, 0, 0, 0, 0, 2, 2, 3, 0, 2, 1, 2, 1, 4, 3, 6, 5, 3, 3, 2, 2, 4, 3, 496, 0, 0, 0, 0, 0, 0]",4,11.313665249257935,-1,1
2934,"[2, 1, 0, 1, 1, 1, 0, 3, 0, 1, 0, 0, 1, 0, 2, 0, 0, 0, 0, 0, 0, 0, 0, 0, 2, 0, 0, 0, 0, 0, 0, 0, 1, 1, 0, 1, 1, 0, 2, 0, 0, 0, 1, 0, 0, 0, 0, 1, 0, 0, 2, 2, 2, 0, 0, 0, 0, 0, 0, 0, 0, 0, 2, 2, 3, 0, 2, 1, 2, 1, 4, 3, 6, 5, 3, 3, 2, 2, 4, 3, 496, 0, 0, 0, 0, 0, 0]",1,0.6096255571492172,-1,0
2935,"[2, 1, 0, 1, 1, 1, 0, 3, 0, 1, 0, 0, 1, 0, 2, 0, 0, 0, 0, 0, 0, 0, 0, 0, 2, 0, 0, 0, 0, 0, 0, 0, 1, 1, 0, 1, 1, 0, 2, 0, 0, 0, 1, 0, 0, 0, 0, 1, 0, 0, 2, 2, 2, 0, 0, 0, 0, 0, 0, 0, 0, 0, 2, 2, 3, 0, 2, 1, 2, 1, 4, 3, 6, 5, 3, 3, 2, 2, 4, 3, 496, 0, 0, 0, 0, 0, 0]",-1,-0.00035064639162927125,-1,0
2936,"[2, 1, 0, 1, 1, 1, 0, 3, 0, 1, 0, 0, 1, 0, 2, 0, 0, 0, 0, 0, 0, 0, 0, 0, 2, 0, 0, 0, 0, 0, 0, 0, 1, 1, 0, 1, 1, 0, 2, 0, 0, 0, 1, 0, 0, 0, 0, 1, 0, 0, 2, 2, 2, 0, 0, 0, 0, 0, 0, 0, 0, 0, 2, 2, 3, 0, 2, 1, 2, 1, 4, 3, 6, 5, 3, 3, 2, 2, 4, 3, 496, 0, 1, 0, 0, 0, 0]",2,0.4000014420496004,-1,0
2937,"[2, 1, 0, 1, 1, 1, 0, 3, 0, 1, 0, 0, 1, 0, 2, 0, 0, 0, 0, 0, 0, 0, 0, 0, 2, 0, 0, 0, 0, 0, 0, 0, 1, 1, 0, 1, 1, 0, 2, 0, 0, 0, 1, 0, 0, 0, 0, 1, 0, 0, 2, 2, 2, 0, 0, 0, 0, 0, 0, 0, 0, 0, 2, 2, 3, 0, 2, 1, 2, 1, 4, 3, 6, 5, 3, 3, 2, 2, 4, 3, 496, 0, 0, 0, 0, 0, 0]",-1,-0.00035064639162927125,-1,0
2938,"[2, 1, 0, 1, 1, 1, 0, 3, 0, 1, 0, 0, 1, 0, 2, 0, 0, 0, 0, 0, 0, 0, 0, 0, 2, 0, 0, 0, 0, 0, 0, 0, 1, 1, 0, 1, 1, 0, 2, 0, 0, 0, 1, 0, 0, 0, 0, 1, 0, 0, 2, 2, 2, 0, 0, 0, 0, 0, 0, 0, 0, 0, 2, 2, 3, 0, 2, 1, 2, 1, 4, 3, 6, 5, 3, 3, 2, 2, 4, 3, 496, 1, 0, 0, 0, 0, 0]",3,0.2000014420496005,-1,0
2939,"[0, 1, 0, 2, 1, 1, 0, 3, 0, 1, 0, 0, 1, 0, 2, 0, 0, 0, 0, 0, 0, 0, 0, 0, 2, 0, 0, 0, 0, 0, 0, 0, 1, 1, 0, 1, 1, 0, 2, 0, 0, 0, 1, 0, 0, 0, 0, 1, 0, 0, 2, 2, 2, 0, 0, 0, 0, 0, 0, 0, 0, 0, 2, 2, 3, 0, 2, 1, 2, 1, 4, 3, 6, 5, 3, 3, 2, 2, 4, 3, 496, 0, 0, 0, 0, 0, 0]","[[2 0 0 0]
 [0 0 0 1]]",-0.19854087603935847,-1,0
2940,"[0, 1, 0, 2, 1, 1, 0, 3, 0, 1, 0, 0, 1, 0, 2, 0, 0, 0, 0, 0, 0, 0, 0, 0, 2, 0, 0, 0, 0, 0, 0, 0, 1, 1, 0, 1, 1, 0, 2, 0, 0, 0, 1, 0, 0, 0, 0, 1, 0, 0, 2, 2, 2, 0, 0, 0, 0, 0, 0, 0, 0, 0, 2, 2, 3, 0, 2, 1, 2, 1, 4, 3, 6, 5, 3, 3, 2, 2, 4, 3, 496, 0, 0, 0, 0, 0, 0]",1,0.6096255571492172,-1,0
2941,"[0, 1, 0, 2, 1, 1, 0, 3, 0, 1, 0, 0, 1, 0, 2, 0, 0, 0, 0, 0, 0, 0, 0, 0, 2, 0, 0, 0, 0, 0, 0, 0, 1, 1, 0, 1, 1, 0, 2, 0, 0, 0, 1, 0, 0, 0, 0, 1, 0, 0, 2, 2, 2, 0, 0, 0, 0, 0, 0, 0, 0, 0, 2, 2, 3, 0, 2, 1, 2, 1, 4, 3, 6, 5, 3, 3, 2, 2, 4, 3, 496, 0, 0, 0, 0, 0, 0]",-1,-0.00035064639162927125,-1,0
2942,"[0, 1, 0, 2, 1, 1, 0, 3, 0, 1, 0, 0, 1, 0, 2, 0, 0, 0, 0, 0, 0, 0, 0, 0, 2, 0, 0, 0, 0, 0, 0, 0, 1, 1, 0, 1, 1, 0, 2, 0, 0, 0, 1, 0, 0, 0, 0, 1, 0, 0, 2, 2, 2, 0, 0, 0, 0, 0, 0, 0, 0, 0, 2, 2, 3, 0, 2, 1, 2, 1, 4, 3, 6, 5, 3, 3, 2, 2, 4, 3, 496, 0, 1, 0, 0, 0, 0]",2,0.4000014420496004,-1,0
2943,"[0, 1, 0, 2, 1, 1, 0, 3, 0, 1, 0, 0, 1, 0, 2, 0, 0, 0, 0, 0, 0, 0, 0, 0, 2, 0, 0, 0, 0, 0, 0, 0, 1, 1, 0, 1, 1, 0, 2, 0, 0, 0, 1, 0, 0, 0, 0, 1, 0, 0, 2, 2, 2, 0, 0, 0, 0, 0, 0, 0, 0, 0, 2, 2, 3, 0, 2, 1, 2, 1, 4, 3, 6, 5, 3, 3, 2, 2, 4, 3, 496, 0, 1, 0, 0, 1, 0]","[[0 0 0 1]
 [1 0 0 0]]",0.6504263071076913,-1,0
2944,"[0, 1, 0, 2, 1, 1, 0, 3, 0, 1, 0, 0, 1, 0, 2, 0, 0, 0, 0, 0, 0, 0, 0, 0, 2, 0, 0, 0, 0, 0, 0, 0, 1, 1, 0, 1, 1, 0, 2, 0, 0, 0, 1, 0, 0, 0, 0, 1, 0, 0, 2, 2, 2, 0, 0, 0, 0, 0, 0, 0, 0, 0, 2, 2, 3, 0, 2, 1, 2, 1, 4, 3, 6, 5, 3, 3, 2, 2, 4, 3, 496, 0, 1, 0, 0, 0, 1]",2,-0.19999855795039953,-1,1
2945,"[0, 1, 0, 2, 1, 1, 0, 3, 0, 1, 0, 0, 1, 0, 2, 0, 0, 0, 0, 0, 0, 0, 0, 0, 2, 0, 0, 0, 0, 0, 0, 0, 1, 1, 0, 1, 1, 0, 2, 0, 0, 0, 1, 0, 0, 0, 0, 1, 0, 0, 2, 2, 2, 0, 0, 0, 0, 0, 0, 0, 0, 0, 2, 2, 3, 0, 2, 1, 2, 1, 4, 3, 6, 5, 3, 3, 2, 2, 4, 3, 496, 0, 0, 1, 0, 0, 0]","[[0 0 0 1]
 [0 1 0 1]]",-0.19999855795039953,-1,1
2946,"[0, 1, 0, 2, 1, 1, 0, 3, 0, 1, 0, 0, 1, 0, 2, 0, 0, 0, 0, 0, 0, 0, 0, 0, 2, 0, 0, 0, 0, 0, 0, 0, 1, 1, 0, 1, 1, 0, 2, 0, 0, 0, 1, 0, 0, 0, 0, 1, 0, 0, 2, 2, 2, 0, 0, 0, 0, 0, 0, 0, 0, 0, 2, 2, 3, 0, 2, 1, 2, 1, 4, 3, 6, 5, 3, 3, 2, 2, 4, 3, 496, 0, 0, 0, 0, 0, 0]",1,-10.471302383658108,-1,0
2947,"[0, 1, 0, 2, 1, 1, 0, 3, 0, 1, 0, 0, 1, 0, 2, 0, 0, 0, 0, 0, 0, 0, 0, 0, 2, 0, 0, 0, 0, 0, 0, 0, 1, 1, 0, 1, 1, 0, 2, 0, 0, 0, 1, 0, 0, 0, 0, 1, 0, 0, 2, 2, 2, 0, 0, 0, 0, 0, 0, 0, 0, 0, 2, 2, 3, 0, 2, 1, 2, 1, 4, 3, 6, 5, 3, 3, 2, 2, 4, 3, 496, 0, 1, 0, 0, 0, 0]",2,0.4000014420496004,-1,0
2948,"[0, 1, 0, 2, 1, 1, 0, 3, 0, 1, 0, 0, 1, 0, 2, 0, 0, 0, 0, 0, 0, 0, 0, 0, 2, 0, 0, 0, 0, 0, 0, 0, 1, 1, 0, 1, 1, 0, 2, 0, 0, 0, 1, 0, 0, 0, 0, 1, 0, 0, 2, 2, 2, 0, 0, 0, 0, 0, 0, 0, 0, 0, 2, 2, 3, 0, 2, 1, 2, 1, 4, 3, 6, 5, 3, 3, 2, 2, 4, 3, 496, 0, 1, 0, 0, 1, 0]","[[0 1 0 0]
 [1 0 0 0]]",0.6504263071076913,-1,0
2949,"[0, 1, 0, 2, 1, 1, 0, 3, 0, 1, 0, 0, 1, 0, 2, 0, 0, 0, 0, 0, 0, 0, 0, 0, 2, 0, 0, 0, 0, 0, 0, 0, 1, 1, 0, 1, 1, 0, 2, 0, 0, 0, 1, 0, 0, 0, 0, 1, 0, 0, 2, 2, 2, 0, 0, 0, 0, 0, 0, 0, 0, 0, 2, 2, 3, 0, 2, 1, 2, 1, 4, 3, 6, 5, 3, 3, 2, 2, 4, 3, 496, 0, 0, 0, 0, 0, 0]",1,-41.6095385215868,-1,1
2950,"[0, 1, 0, 2, 1, 1, 0, 4, 0, 1, 0, 0, 1, 0, 2, 0, 0, 0, 0, 0, 0, 0, 0, 0, 2, 0, 0, 0, 0, 0, 0, 0, 1, 1, 0, 1, 1, 0, 2, 0, 0, 0, 1, 0, 0, 0, 0, 1, 0, 0, 2, 2, 2, 0, 0, 0, 0, 0, 0, 0, 0, 0, 2, 2, 3, 0, 2, 1, 2, 1, 4, 3, 6, 5, 3, 3, 2, 2, 4, 3, 497, 0, 0, 0, 0, 0, 0]",4,14.05637132010966,-1,0
2951,"[0, 1, 0, 2, 1, 1, 0, 5, 0, 1, 0, 0, 1, 0, 2, 0, 0, 0, 0, 0, 0, 0, 0, 0, 2, 0, 0, 0, 0, 0, 0, 0, 1, 1, 0, 1, 1, 0, 2, 0, 0, 0, 1, 0, 0, 0, 0, 1, 0, 0, 2, 2, 2, 0, 0, 0, 0, 0, 0, 0, 0, 0, 2, 2, 3, 0, 2, 1, 2, 1, 4, 3, 6, 5, 3, 3, 2, 2, 4, 3, 498, 0, 0, 0, 0, 0, 0]",4,11.037318907376703,-1,1
2952,"[0, 1, 0, 2, 1, 1, 0, 5, 0, 1, 0, 0, 1, 0, 2, 0, 0, 0, 0, 0, 0, 0, 0, 0, 2, 0, 0, 0, 0, 0, 0, 0, 1, 1, 0, 1, 1, 0, 2, 0, 0, 0, 1, 0, 0, 0, 0, 1, 0, 0, 2, 2, 2, 0, 0, 0, 0, 0, 0, 0, 0, 0, 2, 2, 3, 0, 2, 1, 2, 1, 4, 3, 6, 5, 3, 3, 2, 2, 4, 3, 498, 0, 1, 0, 0, 0, 0]",2,0.40000133118029635,-1,0
2953,"[0, 1, 0, 2, 1, 1, 0, 5, 0, 1, 0, 0, 1, 0, 2, 0, 0, 0, 0, 0, 0, 0, 0, 0, 2, 0, 0, 0, 0, 0, 0, 0, 1, 1, 0, 1, 1, 0, 2, 0, 0, 0, 1, 0, 0, 0, 0, 1, 0, 0, 2, 2, 2, 0, 0, 0, 0, 0, 0, 0, 0, 0, 2, 2, 3, 0, 2, 1, 2, 1, 4, 3, 6, 5, 3, 3, 2, 2, 4, 3, 498, 0, 1, 0, 0, 1, 0]","[[0 1 0 0]
 [1 0 0 0]]",0.6504261962383873,-1,0
2954,"[0, 1, 0, 2, 1, 1, 0, 5, 0, 1, 0, 0, 1, 0, 2, 0, 0, 0, 0, 0, 0, 0, 0, 0, 2, 0, 0, 0, 0, 0, 0, 0, 1, 1, 0, 1, 1, 0, 2, 0, 0, 0, 1, 0, 0, 0, 0, 1, 0, 0, 2, 2, 2, 0, 0, 0, 0, 0, 0, 0, 0, 0, 2, 2, 3, 0, 2, 1, 2, 1, 4, 3, 6, 5, 3, 3, 2, 2, 4, 3, 498, 0, 0, 0, 0, 0, 0]",-1,-0.00034370312787481246,-1,1
2955,"[0, 1, 0, 2, 1, 1, 0, 5, 0, 1, 0, 0, 1, 0, 2, 0, 0, 0, 0, 0, 0, 0, 0, 0, 2, 0, 0, 0, 0, 0, 0, 0, 1, 1, 0, 1, 1, 0, 2, 0, 0, 0, 1, 0, 0, 0, 0, 1, 0, 0, 2, 2, 2, 0, 0, 0, 0, 0, 0, 0, 0, 0, 2, 2, 3, 0, 2, 1, 2, 1, 4, 3, 6, 5, 3, 3, 2, 2, 4, 3, 498, 1, 0, 0, 0, 0, 0]",3,0.20000133118029642,-1,0
2956,"[0, 1, 0, 2, 1, 1, 0, 5, 0, 1, 0, 0, 1, 0, 2, 0, 0, 0, 0, 0, 0, 0, 0, 0, 2, 0, 0, 0, 0, 0, 0, 0, 1, 1, 0, 1, 1, 0, 2, 0, 0, 0, 1, 0, 0, 0, 0, 1, 0, 0, 2, 2, 2, 0, 0, 0, 0, 0, 0, 0, 0, 0, 2, 2, 3, 0, 2, 1, 2, 1, 4, 3, 6, 5, 3, 3, 2, 2, 4, 3, 498, 0, 0, 0, 0, 0, 0]",-1,-0.00034370312787481246,-1,0
2957,"[0, 1, 0, 2, 1, 1, 0, 5, 0, 1, 0, 0, 1, 0, 2, 0, 0, 0, 0, 0, 0, 0, 0, 0, 2, 0, 0, 0, 0, 0, 0, 0, 1, 1, 0, 1, 1, 0, 2, 0, 0, 0, 1, 0, 0, 0, 0, 1, 0, 0, 2, 2, 2, 0, 0, 0, 0, 0, 0, 0, 0, 0, 2, 2, 3, 0, 2, 1, 2, 1, 4, 3, 6, 5, 3, 3, 2, 2, 4, 3, 498, 0, 1, 0, 0, 0, 0]",2,0.40000133118029635,-1,0
2958,"[0, 1, 0, 2, 1, 1, 0, 5, 0, 1, 0, 0, 1, 0, 2, 0, 0, 0, 0, 0, 0, 0, 0, 0, 2, 0, 0, 0, 0, 0, 0, 0, 1, 1, 0, 1, 1, 0, 2, 0, 0, 0, 1, 0, 0, 0, 0, 1, 0, 0, 2, 2, 2, 0, 0, 0, 0, 0, 0, 0, 0, 0, 2, 2, 3, 0, 2, 1, 2, 1, 4, 3, 6, 5, 3, 3, 2, 2, 4, 3, 498, 0, 1, 0, 0, 1, 0]","[[0 0 0 1]
 [1 0 0 0]]",0.6504261962383873,-1,0
2959,"[1, 1, 0, 1, 0, 1, 0, 6, 0, 1, 0, 0, 1, 0, 2, 0, 0, 0, 0, 0, 0, 0, 0, 0, 2, 0, 0, 0, 0, 0, 0, 0, 1, 1, 0, 1, 1, 0, 2, 0, 0, 0, 1, 0, 0, 0, 0, 1, 0, 0, 2, 2, 2, 0, 0, 0, 0, 0, 0, 0, 0, 0, 2, 2, 3, 0, 2, 1, 2, 1, 4, 3, 6, 5, 3, 3, 2, 2, 4, 3, 498, 0, 0, 0, 0, 0, 0]",0,-0.1999986688197036,-1,1
2960,"[1, 1, 0, 1, 0, 1, 0, 6, 0, 1, 0, 0, 1, 0, 2, 0, 0, 0, 0, 0, 0, 0, 0, 0, 2, 0, 0, 0, 0, 0, 0, 0, 1, 1, 0, 1, 1, 0, 2, 0, 0, 0, 1, 0, 0, 0, 0, 1, 0, 0, 2, 2, 2, 0, 0, 0, 0, 0, 0, 0, 0, 0, 2, 2, 3, 0, 2, 1, 2, 1, 4, 3, 6, 5, 3, 3, 2, 2, 4, 3, 498, 0, 0, 0, 0, 0, 0]",0,0.2427202036038695,-1,0
2961,"[1, 1, 0, 1, 0, 1, 0, 6, 0, 1, 0, 0, 1, 0, 2, 0, 0, 0, 0, 0, 0, 0, 0, 0, 2, 0, 0, 0, 0, 0, 0, 0, 1, 1, 0, 1, 1, 0, 2, 0, 0, 0, 1, 0, 0, 0, 0, 1, 0, 0, 2, 2, 2, 0, 0, 0, 0, 0, 0, 0, 0, 0, 2, 2, 3, 0, 2, 1, 2, 1, 4, 3, 6, 5, 3, 3, 2, 2, 4, 3, 498, 0, 0, 0, 0, 0, 0]",-1,-0.00034370312787481246,-1,0
2962,"[1, 1, 0, 1, 0, 1, 0, 6, 0, 1, 0, 0, 1, 0, 2, 0, 0, 0, 0, 0, 0, 0, 0, 0, 2, 0, 0, 0, 0, 0, 0, 0, 1, 1, 0, 1, 1, 0, 2, 0, 0, 0, 1, 0, 0, 0, 0, 1, 0, 0, 2, 2, 2, 0, 0, 0, 0, 0, 0, 0, 0, 0, 2, 2, 3, 0, 2, 1, 2, 1, 4, 3, 6, 5, 3, 3, 2, 2, 4, 3, 498, 0, 0, 0, 0, 0, 0]",0,0.2427202036038695,-1,0
2963,"[1, 1, 0, 1, 0, 1, 0, 6, 0, 1, 0, 0, 1, 0, 2, 0, 0, 0, 0, 0, 0, 0, 0, 0, 2, 0, 0, 0, 0, 0, 0, 0, 1, 1, 0, 1, 1, 0, 2, 0, 0, 0, 1, 0, 0, 0, 0, 1, 0, 0, 2, 2, 2, 0, 0, 0, 0, 0, 0, 0, 0, 0, 2, 2, 3, 0, 2, 1, 2, 1, 4, 3, 6, 5, 3, 3, 2, 2, 4, 3, 498, 0, 0, 0, 0, 0, 0]",-1,-0.00034370312787481246,-1,0
2964,"[1, 1, 0, 1, 0, 1, 0, 6, 0, 1, 0, 0, 1, 0, 2, 0, 0, 0, 0, 0, 0, 0, 0, 0, 2, 0, 0, 0, 0, 0, 0, 0, 1, 1, 0, 1, 1, 0, 2, 0, 0, 0, 1, 0, 0, 0, 0, 1, 0, 0, 2, 2, 2, 0, 0, 0, 0, 0, 0, 0, 0, 0, 2, 2, 3, 0, 2, 1, 2, 1, 4, 3, 6, 5, 3, 3, 2, 2, 4, 3, 498, 0, 0, 0, 0, 0, 0]",0,0.2427202036038695,-1,0
2965,"[1, 1, 0, 1, 0, 1, 0, 6, 0, 1, 0, 0, 1, 0, 2, 0, 0, 0, 0, 0, 0, 0, 0, 0, 2, 0, 0, 0, 0, 0, 0, 0, 1, 1, 0, 1, 1, 0, 2, 0, 0, 0, 1, 0, 0, 0, 0, 1, 0, 0, 2, 2, 2, 0, 0, 0, 0, 0, 0, 0, 0, 0, 2, 2, 3, 0, 2, 1, 2, 1, 4, 3, 6, 5, 3, 3, 2, 2, 4, 3, 498, 0, 0, 0, 0, 0, 0]",-1,-0.00034370312787481246,-1,0
2966,"[1, 1, 0, 1, 0, 1, 0, 6, 0, 1, 0, 0, 1, 0, 2, 0, 0, 0, 0, 0, 0, 0, 0, 0, 2, 0, 0, 0, 0, 0, 0, 0, 1, 1, 0, 1, 1, 0, 2, 0, 0, 0, 1, 0, 0, 0, 0, 1, 0, 0, 2, 2, 2, 0, 0, 0, 0, 0, 0, 0, 0, 0, 2, 2, 3, 0, 2, 1, 2, 1, 4, 3, 6, 5, 3, 3, 2, 2, 4, 3, 498, 0, 0, 0, 0, 0, 0]",0,0.2427202036038695,-1,0
2967,"[1, 1, 0, 1, 0, 1, 0, 6, 0, 1, 0, 0, 1, 0, 2, 0, 0, 0, 0, 0, 0, 0, 0, 0, 2, 0, 0, 0, 0, 0, 0, 0, 1, 1, 0, 1, 1, 0, 2, 0, 0, 0, 1, 0, 0, 0, 0, 1, 0, 0, 2, 2, 2, 0, 0, 0, 0, 0, 0, 0, 0, 0, 2, 2, 3, 0, 2, 1, 2, 1, 4, 3, 6, 5, 3, 3, 2, 2, 4, 3, 498, 0, 0, 0, 0, 0, 0]",-1,-0.00034370312787481246,-1,0
2968,"[1, 1, 0, 1, 0, 1, 0, 6, 0, 1, 0, 0, 1, 0, 2, 0, 0, 0, 0, 0, 0, 0, 0, 0, 2, 0, 0, 0, 0, 0, 0, 0, 1, 1, 0, 1, 1, 0, 2, 0, 0, 0, 1, 0, 0, 0, 0, 1, 0, 0, 2, 2, 2, 0, 0, 0, 0, 0, 0, 0, 0, 0, 2, 2, 3, 0, 2, 1, 2, 1, 4, 3, 6, 5, 3, 3, 2, 2, 4, 3, 498, 0, 0, 0, 0, 0, 0]",0,0.2427202036038695,-1,0
2969,"[1, 1, 0, 1, 0, 1, 0, 6, 0, 1, 0, 0, 1, 0, 2, 0, 0, 0, 0, 0, 0, 0, 0, 0, 2, 0, 0, 0, 0, 0, 0, 0, 1, 1, 0, 1, 1, 0, 2, 0, 0, 0, 1, 0, 0, 0, 0, 1, 0, 0, 2, 2, 2, 0, 0, 0, 0, 0, 0, 0, 0, 0, 2, 2, 3, 0, 2, 1, 2, 1, 4, 3, 6, 5, 3, 3, 2, 2, 4, 3, 498, 0, 0, 0, 0, 0, 0]",-1,-0.00034370312787481246,-1,0
2970,"[1, 1, 0, 1, 0, 1, 0, 6, 0, 1, 0, 0, 1, 0, 2, 0, 0, 0, 0, 0, 0, 0, 0, 0, 2, 0, 0, 0, 0, 0, 0, 0, 1, 1, 0, 1, 1, 0, 2, 0, 0, 0, 1, 0, 0, 0, 0, 1, 0, 0, 2, 2, 2, 0, 0, 0, 0, 0, 0, 0, 0, 0, 2, 2, 3, 0, 2, 1, 2, 1, 4, 3, 6, 5, 3, 3, 2, 2, 4, 3, 498, 0, 0, 0, 0, 0, 0]",0,0.2427202036038695,-1,0
2971,"[1, 1, 0, 1, 0, 1, 0, 6, 0, 1, 0, 0, 1, 0, 2, 0, 0, 0, 0, 0, 0, 0, 0, 0, 2, 0, 0, 0, 0, 0, 0, 0, 1, 1, 0, 1, 1, 0, 2, 0, 0, 0, 1, 0, 0, 0, 0, 1, 0, 0, 2, 2, 2, 0, 0, 0, 0, 0, 0, 0, 0, 0, 2, 2, 3, 0, 2, 1, 2, 1, 4, 3, 6, 5, 3, 3, 2, 2, 4, 3, 498, 0, 0, 0, 0, 0, 0]",-1,-0.00034370312787481246,-1,0
2972,"[1, 1, 0, 1, 0, 1, 0, 6, 0, 1, 0, 0, 1, 0, 2, 0, 0, 0, 0, 0, 0, 0, 0, 0, 2, 0, 0, 0, 0, 0, 0, 0, 1, 1, 0, 1, 1, 0, 2, 0, 0, 0, 1, 0, 0, 0, 0, 1, 0, 0, 2, 2, 2, 0, 0, 0, 0, 0, 0, 0, 0, 0, 2, 2, 3, 0, 2, 1, 2, 1, 4, 3, 6, 5, 3, 3, 2, 2, 4, 3, 498, 0, 0, 0, 0, 0, 0]",0,0.2427202036038695,-1,0
2973,"[1, 1, 0, 1, 0, 1, 0, 6, 0, 1, 0, 0, 1, 0, 2, 0, 0, 0, 0, 0, 0, 0, 0, 0, 2, 0, 0, 0, 0, 0, 0, 0, 1, 1, 0, 1, 1, 0, 2, 0, 0, 0, 1, 0, 0, 0, 0, 1, 0, 0, 2, 2, 2, 0, 0, 0, 0, 0, 0, 0, 0, 0, 2, 2, 3, 0, 2, 1, 2, 1, 4, 3, 6, 5, 3, 3, 2, 2, 4, 3, 498, 0, 0, 0, 0, 0, 0]",-1,-0.00034370312787481246,-1,0
2974,"[1, 1, 0, 1, 0, 1, 0, 6, 0, 1, 0, 0, 1, 0, 2, 0, 0, 0, 0, 0, 0, 0, 0, 0, 2, 0, 0, 0, 0, 0, 0, 0, 1, 1, 0, 1, 1, 0, 2, 0, 0, 0, 1, 0, 0, 0, 0, 1, 0, 0, 2, 2, 2, 0, 0, 0, 0, 0, 0, 0, 0, 0, 2, 2, 3, 0, 2, 1, 2, 1, 4, 3, 6, 5, 3, 3, 2, 2, 4, 3, 498, 0, 0, 0, 0, 0, 0]",0,0.2427202036038695,-1,0
2975,"[1, 1, 0, 1, 0, 1, 0, 6, 0, 1, 0, 0, 1, 0, 2, 0, 0, 0, 0, 0, 0, 0, 0, 0, 2, 0, 0, 0, 0, 0, 0, 0, 1, 1, 0, 1, 1, 0, 2, 0, 0, 0, 1, 0, 0, 0, 0, 1, 0, 0, 2, 2, 2, 0, 0, 0, 0, 0, 0, 0, 0, 0, 2, 2, 3, 0, 2, 1, 2, 1, 4, 3, 6, 5, 3, 3, 2, 2, 4, 3, 498, 0, 0, 0, 0, 0, 0]",-1,-0.00034370312787481246,-1,0
2976,"[1, 1, 0, 1, 0, 1, 0, 6, 0, 1, 0, 0, 1, 0, 2, 0, 0, 0, 0, 0, 0, 0, 0, 0, 2, 0, 0, 0, 0, 0, 0, 0, 1, 1, 0, 1, 1, 0, 2, 0, 0, 0, 1, 0, 0, 0, 0, 1, 0, 0, 2, 2, 2, 0, 0, 0, 0, 0, 0, 0, 0, 0, 2, 2, 3, 0, 2, 1, 2, 1, 4, 3, 6, 5, 3, 3, 2, 2, 4, 3, 498, 1, 0, 0, 0, 0, 0]",3,0.20000133118029642,-1,0
2977,"[1, 1, 0, 1, 0, 1, 0, 6, 0, 1, 0, 0, 1, 0, 2, 0, 0, 0, 0, 0, 0, 0, 0, 0, 2, 0, 0, 0, 0, 0, 0, 0, 1, 1, 0, 1, 1, 0, 2, 0, 0, 0, 1, 0, 0, 0, 0, 1, 0, 0, 2, 2, 2, 0, 0, 0, 0, 0, 0, 0, 0, 0, 2, 2, 3, 0, 2, 1, 2, 1, 4, 3, 6, 5, 3, 3, 2, 2, 4, 3, 498, 0, 0, 0, 0, 0, 0]",-1,-0.00034370312787481246,-1,0
2978,"[1, 1, 0, 1, 0, 1, 0, 6, 0, 1, 0, 0, 1, 0, 2, 0, 0, 0, 0, 0, 0, 0, 0, 0, 2, 0, 0, 0, 0, 0, 0, 0, 1, 1, 0, 1, 1, 0, 2, 0, 0, 0, 1, 0, 0, 0, 0, 1, 0, 0, 2, 2, 2, 0, 0, 0, 0, 0, 0, 0, 0, 0, 2, 2, 3, 0, 2, 1, 2, 1, 4, 3, 6, 5, 3, 3, 2, 2, 4, 3, 498, 0, 1, 0, 0, 0, 0]",2,0.40000133118029635,-1,0
2979,"[1, 1, 0, 1, 0, 1, 0, 6, 0, 1, 0, 0, 1, 0, 2, 0, 0, 0, 0, 0, 0, 0, 0, 0, 2, 0, 0, 0, 0, 0, 0, 0, 1, 1, 0, 1, 1, 0, 2, 0, 0, 0, 1, 0, 0, 0, 0, 1, 0, 0, 2, 2, 2, 0, 0, 0, 0, 0, 0, 0, 0, 0, 2, 2, 3, 0, 2, 1, 2, 1, 4, 3, 6, 5, 3, 3, 2, 2, 4, 3, 498, 0, 0, 0, 0, 0, 0]",-1,-0.00034370312787481246,-1,0
2980,"[1, 1, 0, 1, 0, 1, 0, 6, 0, 1, 0, 0, 1, 0, 2, 0, 0, 0, 0, 0, 0, 0, 0, 0, 2, 0, 0, 0, 0, 0, 0, 0, 1, 1, 0, 1, 1, 0, 2, 0, 0, 0, 1, 0, 0, 0, 0, 1, 0, 0, 2, 2, 2, 0, 0, 0, 0, 0, 0, 0, 0, 0, 2, 2, 3, 0, 2, 1, 2, 1, 4, 3, 6, 5, 3, 3, 2, 2, 4, 3, 498, 1, 0, 0, 0, 0, 0]",3,0.20000133118029642,-1,0
2981,"[1, 1, 0, 1, 0, 1, 0, 6, 0, 1, 0, 0, 1, 0, 2, 0, 0, 0, 0, 0, 0, 0, 0, 0, 2, 0, 0, 0, 0, 0, 0, 0, 1, 1, 0, 1, 1, 0, 2, 0, 0, 0, 1, 0, 0, 0, 0, 1, 0, 0, 2, 2, 2, 0, 0, 0, 0, 0, 0, 0, 0, 0, 2, 2, 3, 0, 2, 1, 2, 1, 4, 3, 6, 5, 3, 3, 2, 2, 4, 3, 498, 0, 0, 0, 0, 0, 0]",-1,-0.00034370312787481246,-1,0
2982,"[1, 1, 0, 1, 0, 1, 0, 3, 0, 1, 0, 0, 1, 0, 2, 0, 0, 0, 0, 0, 0, 0, 0, 0, 2, 0, 0, 0, 0, 0, 0, 0, 1, 1, 0, 1, 1, 0, 2, 0, 0, 0, 1, 0, 0, 0, 0, 1, 0, 0, 2, 2, 2, 0, 0, 0, 0, 0, 0, 0, 0, 0, 2, 2, 3, 0, 2, 1, 2, 1, 4, 3, 6, 5, 3, 3, 2, 2, 4, 2, 499, 0, 0, 0, 0, 0, 0]",4,14.53408196925018,-1,0
2983,"[1, 1, 0, 1, 0, 1, 0, 3, 0, 1, 0, 0, 1, 0, 2, 0, 0, 0, 0, 0, 0, 0, 0, 0, 2, 0, 0, 0, 0, 0, 0, 0, 1, 1, 0, 1, 1, 0, 2, 0, 0, 0, 1, 0, 0, 0, 0, 1, 0, 0, 2, 2, 2, 0, 0, 0, 0, 0, 0, 0, 0, 0, 2, 2, 3, 0, 2, 1, 2, 1, 4, 3, 6, 5, 3, 3, 2, 2, 4, 2, 499, 0, 0, 0, 0, 0, 0]",-1,-0.00034028322461152717,-1,1
2984,"[1, 1, 0, 1, 0, 1, 0, 3, 0, 1, 0, 0, 1, 0, 2, 0, 0, 0, 0, 0, 0, 0, 0, 0, 2, 0, 0, 0, 0, 0, 0, 0, 1, 1, 0, 1, 1, 0, 2, 0, 0, 0, 1, 0, 0, 0, 0, 1, 0, 0, 2, 2, 2, 0, 0, 0, 0, 0, 0, 0, 0, 0, 2, 2, 3, 0, 2, 1, 2, 1, 4, 3, 6, 5, 3, 3, 2, 2, 4, 2, 499, 0, 0, 0, 0, 0, 0]",-1,-0.00034028322461152717,-1,1
2985,"[1, 1, 0, 1, 0, 2, 0, 3, 0, 1, 0, 0, 1, 0, 2, 0, 0, 0, 0, 0, 0, 0, 0, 0, 2, 0, 0, 0, 0, 0, 0, 0, 1, 1, 0, 1, 1, 0, 2, 0, 0, 0, 1, 0, 0, 0, 0, 1, 0, 0, 2, 2, 2, 0, 0, 0, 0, 0, 0, 0, 0, 0, 2, 2, 3, 0, 2, 1, 2, 1, 4, 3, 6, 5, 3, 3, 2, 2, 4, 2, 500, 0, 0, 0, 0, 0, 0]",4,11.131599752683806,-1,1
2986,"[1, 1, 0, 1, 0, 2, 0, 3, 0, 1, 0, 0, 1, 0, 2, 0, 0, 0, 0, 0, 0, 0, 0, 0, 2, 0, 0, 0, 0, 0, 0, 0, 1, 1, 0, 1, 1, 0, 2, 0, 0, 0, 1, 0, 0, 0, 0, 1, 0, 0, 2, 2, 2, 0, 0, 0, 0, 0, 0, 0, 0, 0, 2, 2, 3, 0, 2, 1, 2, 1, 4, 3, 6, 5, 3, 3, 2, 2, 4, 2, 500, 0, 0, 0, 0, 0, 0]",1,0.6096253439345372,-1,0
2987,"[1, 1, 0, 1, 0, 2, 0, 3, 0, 1, 0, 0, 1, 0, 2, 0, 0, 0, 0, 0, 0, 0, 0, 0, 2, 0, 0, 0, 0, 0, 0, 0, 1, 1, 0, 1, 1, 0, 2, 0, 0, 0, 1, 0, 0, 0, 0, 1, 0, 0, 2, 2, 2, 0, 0, 0, 0, 0, 0, 0, 0, 0, 2, 2, 3, 0, 2, 1, 2, 1, 4, 3, 6, 5, 3, 3, 2, 2, 4, 2, 500, 0, 0, 0, 0, 0, 0]",-1,-0.00033689734995427336,-1,0
2988,"[1, 1, 0, 1, 0, 2, 0, 3, 0, 1, 0, 0, 1, 0, 2, 0, 0, 0, 0, 0, 0, 0, 0, 0, 2, 0, 0, 0, 0, 0, 0, 0, 1, 1, 0, 1, 1, 0, 2, 0, 0, 0, 1, 0, 0, 0, 0, 1, 0, 0, 2, 2, 2, 0, 0, 0, 0, 0, 0, 0, 0, 0, 2, 2, 3, 0, 2, 1, 2, 1, 4, 3, 6, 5, 3, 3, 2, 2, 4, 2, 500, 0, 1, 0, 0, 0, 0]",2,0.4000012288349204,-1,0
2989,"[1, 1, 0, 1, 0, 2, 0, 3, 0, 1, 0, 0, 1, 0, 2, 0, 0, 0, 0, 0, 0, 0, 0, 0, 2, 0, 0, 0, 0, 0, 0, 0, 1, 1, 0, 1, 1, 0, 2, 0, 0, 0, 1, 0, 0, 0, 0, 1, 0, 0, 2, 2, 2, 0, 0, 0, 0, 0, 0, 0, 0, 0, 2, 2, 3, 0, 2, 1, 2, 1, 4, 3, 6, 5, 3, 3, 2, 2, 4, 2, 500, 0, 0, 0, 0, 0, 0]",-1,-0.00033689734995427336,-1,0
2990,"[1, 1, 0, 1, 0, 2, 0, 3, 0, 1, 0, 0, 1, 0, 2, 0, 0, 0, 0, 0, 0, 0, 0, 0, 2, 0, 0, 0, 0, 0, 0, 0, 1, 1, 0, 1, 1, 0, 2, 0, 0, 0, 1, 0, 0, 0, 0, 1, 0, 0, 2, 2, 2, 0, 0, 0, 0, 0, 0, 0, 0, 0, 2, 2, 3, 0, 2, 1, 2, 1, 4, 3, 6, 5, 3, 3, 2, 2, 4, 2, 500, 0, 0, 0, 0, 0, 0]",1,0.6096253439345372,-1,0
2991,"[1, 1, 0, 1, 0, 2, 0, 3, 0, 1, 0, 0, 1, 0, 2, 0, 0, 0, 0, 0, 0, 0, 0, 0, 2, 0, 0, 0, 0, 0, 0, 0, 1, 1, 0, 1, 1, 0, 2, 0, 0, 0, 1, 0, 0, 0, 0, 1, 0, 0, 2, 2, 2, 0, 0, 0, 0, 0, 0, 0, 0, 0, 2, 2, 3, 0, 2, 1, 2, 1, 4, 3, 6, 5, 3, 3, 2, 2, 4, 2, 500, 0, 0, 0, 0, 0, 0]",-1,-0.00033689734995427336,-1,0
2992,"[1, 1, 0, 1, 0, 2, 0, 3, 0, 1, 0, 0, 1, 0, 2, 0, 0, 0, 0, 0, 0, 0, 0, 0, 2, 0, 0, 0, 0, 0, 0, 0, 1, 1, 0, 1, 1, 0, 2, 0, 0, 0, 1, 0, 0, 0, 0, 1, 0, 0, 2, 2, 2, 0, 0, 0, 0, 0, 0, 0, 0, 0, 2, 2, 3, 0, 2, 1, 2, 1, 4, 3, 6, 5, 3, 3, 2, 2, 4, 2, 501, 0, 0, 0, 0, 0, 0]",4,14.534068259361932,-1,0
2993,"[1, 2, 0, 1, 0, 3, 0, 3, 0, 1, 0, 0, 1, 0, 2, 0, 0, 0, 0, 0, 0, 0, 0, 0, 2, 0, 0, 0, 0, 0, 0, 0, 1, 1, 0, 1, 1, 0, 2, 0, 0, 0, 1, 0, 0, 0, 0, 1, 0, 0, 2, 2, 2, 0, 0, 0, 0, 0, 0, 0, 0, 0, 2, 2, 3, 0, 2, 1, 2, 1, 4, 3, 6, 5, 3, 3, 2, 2, 4, 2, 502, 0, 0, 0, 0, 0, 0]",4,11.110742587320292,-1,1
2994,"[1, 2, 0, 1, 0, 3, 0, 3, 0, 1, 0, 0, 1, 0, 2, 0, 0, 0, 0, 0, 0, 0, 0, 0, 2, 0, 0, 0, 0, 0, 0, 0, 1, 1, 0, 1, 1, 0, 2, 0, 0, 0, 1, 0, 0, 0, 0, 1, 0, 0, 2, 2, 2, 0, 0, 0, 0, 0, 0, 0, 0, 0, 2, 2, 3, 0, 2, 1, 2, 1, 4, 3, 6, 5, 3, 3, 2, 2, 4, 2, 502, 1, 0, 0, 0, 0, 0]",3,0.20000113435813793,-1,0
2995,"[1, 2, 0, 1, 0, 3, 0, 3, 0, 1, 0, 0, 1, 0, 2, 0, 0, 0, 0, 0, 0, 0, 0, 0, 2, 0, 0, 0, 0, 0, 0, 0, 1, 1, 0, 1, 1, 0, 2, 0, 0, 0, 1, 0, 0, 0, 0, 1, 0, 0, 2, 2, 2, 0, 0, 0, 0, 0, 0, 0, 0, 0, 2, 2, 3, 0, 2, 1, 2, 1, 4, 3, 6, 5, 3, 3, 2, 2, 4, 2, 502, 0, 0, 0, 0, 0, 0]",-1,-0.0003302263354657403,-1,0
2996,"[1, 2, 0, 1, 0, 3, 0, 3, 0, 1, 0, 0, 1, 0, 2, 0, 0, 0, 0, 0, 0, 0, 0, 0, 2, 0, 0, 0, 0, 0, 0, 0, 1, 1, 0, 1, 1, 0, 2, 0, 0, 0, 1, 0, 0, 0, 0, 1, 0, 0, 2, 2, 2, 0, 0, 0, 0, 0, 0, 0, 0, 0, 2, 2, 3, 0, 2, 1, 2, 1, 4, 3, 6, 5, 3, 3, 2, 2, 4, 2, 502, 0, 1, 0, 0, 0, 0]",2,0.4000011343581379,-1,0
2997,"[1, 2, 0, 1, 0, 3, 0, 3, 0, 1, 0, 0, 1, 0, 2, 0, 0, 0, 0, 0, 0, 0, 0, 0, 2, 0, 0, 0, 0, 0, 0, 0, 1, 1, 0, 1, 1, 0, 2, 0, 0, 0, 1, 0, 0, 0, 0, 1, 0, 0, 2, 2, 2, 0, 0, 0, 0, 0, 0, 0, 0, 0, 2, 2, 3, 0, 2, 1, 2, 1, 4, 3, 6, 5, 3, 3, 2, 2, 4, 2, 502, 0, 0, 0, 0, 0, 0]",-1,-0.0003302263354657403,-1,0
2998,"[1, 2, 0, 1, 0, 3, 0, 3, 0, 1, 0, 0, 1, 0, 2, 0, 0, 0, 0, 0, 0, 0, 0, 0, 2, 0, 0, 0, 0, 0, 0, 0, 1, 1, 0, 1, 1, 0, 2, 0, 0, 0, 1, 0, 0, 0, 0, 1, 0, 0, 2, 2, 2, 0, 0, 0, 0, 0, 0, 0, 0, 0, 2, 2, 3, 0, 2, 1, 2, 1, 4, 3, 6, 5, 3, 3, 2, 2, 4, 2, 502, 1, 0, 0, 0, 0, 0]",3,0.20000113435813793,-1,0
2999,"[1, 2, 0, 1, 0, 3, 0, 3, 0, 1, 0, 0, 1, 0, 2, 0, 0, 0, 0, 0, 0, 0, 0, 0, 2, 0, 0, 0, 0, 0, 0, 0, 1, 1, 0, 1, 1, 0, 2, 0, 0, 0, 1, 0, 0, 0, 0, 1, 0, 0, 2, 2, 2, 0, 0, 0, 0, 0, 0, 0, 0, 0, 2, 2, 3, 0, 2, 1, 2, 1, 4, 3, 6, 5, 3, 3, 2, 2, 4, 2, 502, 0, 0, 0, 0, 0, 0]",-1,-0.0003302263354657403,-1,0
3000,"[1, 2, 0, 1, 0, 3, 0, 3, 0, 1, 0, 0, 1, 0, 2, 0, 0, 0, 0, 0, 0, 0, 0, 0, 2, 0, 0, 0, 0, 0, 0, 0, 1, 1, 0, 1, 1, 0, 2, 0, 0, 0, 1, 0, 0, 0, 0, 1, 0, 0, 2, 2, 2, 0, 0, 0, 0, 0, 0, 0, 0, 0, 2, 2, 3, 0, 2, 1, 2, 1, 4, 3, 6, 5, 3, 3, 2, 2, 4, 2, 502, 0, 1, 0, 0, 0, 0]",2,0.4000011343581379,-1,0
3001,"[1, 2, 0, 1, 0, 3, 0, 3, 0, 1, 0, 0, 1, 0, 2, 0, 0, 0, 0, 0, 0, 0, 0, 0, 2, 0, 0, 0, 0, 0, 0, 0, 1, 1, 0, 1, 1, 0, 2, 0, 0, 0, 1, 0, 0, 0, 0, 1, 0, 0, 2, 2, 2, 0, 0, 0, 0, 0, 0, 0, 0, 0, 2, 2, 3, 0, 2, 1, 2, 1, 4, 3, 6, 5, 3, 3, 2, 2, 4, 2, 502, 0, 0, 0, 0, 0, 0]",-1,-0.0003302263354657403,-1,0
3002,"[1, 2, 0, 1, 0, 3, 0, 3, 0, 1, 0, 0, 1, 0, 2, 0, 0, 0, 0, 0, 0, 0, 0, 0, 2, 0, 0, 0, 0, 0, 0, 0, 1, 1, 0, 1, 1, 0, 2, 0, 0, 0, 1, 0, 0, 0, 0, 1, 0, 0, 2, 2, 2, 0, 0, 0, 0, 0, 0, 0, 0, 0, 2, 2, 3, 0, 2, 1, 2, 1, 4, 3, 6, 5, 3, 3, 2, 2, 4, 2, 502, 0, 0, 0, 0, 0, 0]",1,0.6096252494577546,-1,0
3003,"[1, 2, 0, 1, 0, 3, 0, 3, 0, 1, 0, 0, 1, 0, 2, 0, 0, 0, 0, 0, 0, 0, 0, 0, 2, 0, 0, 0, 0, 0, 0, 0, 1, 1, 0, 1, 1, 0, 2, 0, 0, 0, 1, 0, 0, 0, 0, 1, 0, 0, 2, 2, 2, 0, 0, 0, 0, 0, 0, 0, 0, 0, 2, 2, 3, 0, 2, 1, 2, 1, 4, 3, 6, 5, 3, 3, 2, 2, 4, 2, 502, 0, 0, 0, 0, 0, 0]",-1,-0.0003302263354657403,-1,0
3004,"[1, 1, 0, 1, 0, 1, 0, 1, 0, 1, 0, 0, 1, 0, 2, 0, 0, 0, 0, 0, 0, 0, 0, 0, 2, 0, 0, 0, 0, 0, 0, 0, 1, 1, 0, 1, 1, 0, 2, 0, 0, 0, 1, 0, 0, 0, 0, 1, 0, 0, 2, 2, 2, 0, 0, 0, 0, 0, 0, 0, 0, 0, 2, 2, 3, 0, 2, 1, 2, 1, 4, 3, 6, 5, 3, 3, 2, 2, 4, 3, 503, 0, 0, 0, 0, 0, 0]",4,14.534054826560618,-1,0
3005,"[1, 1, 0, 1, 0, 1, 0, 1, 0, 1, 0, 0, 1, 0, 2, 0, 0, 0, 0, 0, 0, 0, 0, 0, 2, 0, 0, 0, 0, 0, 0, 0, 1, 1, 0, 1, 1, 0, 2, 0, 0, 0, 1, 0, 0, 0, 0, 1, 0, 0, 2, 2, 2, 0, 0, 0, 0, 0, 0, 0, 0, 0, 2, 2, 3, 0, 2, 1, 2, 1, 4, 3, 6, 5, 3, 3, 2, 2, 4, 3, 503, 1, 0, 0, 0, 0, 0]",3,0.20000108987956153,-1,1
3006,"[1, 1, 0, 1, 0, 1, 0, 1, 0, 1, 0, 0, 1, 0, 2, 0, 0, 0, 0, 0, 0, 0, 0, 0, 2, 0, 0, 0, 0, 0, 0, 0, 1, 1, 0, 1, 1, 0, 2, 0, 0, 0, 1, 0, 0, 0, 0, 1, 0, 0, 2, 2, 2, 0, 0, 0, 0, 0, 0, 0, 0, 0, 2, 2, 3, 0, 2, 1, 2, 1, 4, 3, 6, 5, 3, 3, 2, 2, 4, 3, 503, 0, 0, 0, 0, 0, 0]",-1,-0.0003269405285274532,-1,1
3007,"[1, 1, 0, 1, 0, 1, 0, 1, 0, 1, 0, 0, 1, 0, 2, 0, 0, 0, 0, 0, 0, 0, 0, 0, 2, 0, 0, 0, 0, 0, 0, 0, 1, 1, 0, 1, 1, 0, 2, 0, 0, 0, 1, 0, 0, 0, 0, 1, 0, 0, 2, 2, 2, 0, 0, 0, 0, 0, 0, 0, 0, 0, 2, 2, 3, 0, 2, 1, 2, 1, 4, 3, 6, 5, 3, 3, 2, 2, 4, 3, 503, 0, 0, 0, 0, 0, 0]",-1,-0.0003269405285274532,-1,1
3008,"[1, 1, 0, 1, 0, 1, 0, 1, 0, 1, 0, 0, 1, 0, 2, 0, 0, 0, 0, 0, 0, 0, 0, 0, 2, 0, 0, 0, 0, 0, 0, 0, 1, 1, 0, 1, 1, 0, 2, 0, 0, 0, 1, 0, 0, 0, 0, 1, 0, 0, 2, 2, 2, 0, 0, 0, 0, 0, 0, 0, 0, 0, 2, 2, 3, 0, 2, 1, 2, 1, 4, 3, 6, 5, 3, 3, 2, 2, 4, 3, 503, 0, 0, 0, 0, 0, 0]",-1,-0.0003269405285274532,-1,1
3009,"[1, 1, 0, 1, 2, 1, 0, 1, 0, 1, 0, 0, 1, 0, 2, 0, 0, 0, 0, 0, 0, 0, 0, 0, 2, 0, 0, 0, 0, 0, 0, 0, 1, 1, 0, 1, 1, 0, 2, 0, 0, 0, 1, 0, 0, 0, 0, 1, 0, 0, 2, 2, 2, 0, 0, 0, 0, 0, 0, 0, 0, 0, 2, 2, 3, 0, 2, 1, 2, 1, 4, 3, 6, 5, 3, 3, 2, 2, 4, 3, 504, 0, 0, 0, 0, 0, 0]",4,11.574423491575894,-1,1
3010,"[1, 1, 0, 1, 2, 1, 0, 1, 0, 1, 0, 0, 1, 0, 2, 0, 0, 0, 0, 0, 0, 0, 0, 0, 2, 0, 0, 0, 0, 0, 0, 0, 1, 1, 0, 1, 1, 0, 2, 0, 0, 0, 1, 0, 0, 0, 0, 1, 0, 0, 2, 2, 2, 0, 0, 0, 0, 0, 0, 0, 0, 0, 2, 2, 3, 0, 2, 1, 2, 1, 4, 3, 6, 5, 3, 3, 2, 2, 4, 3, 504, 0, 1, 0, 0, 0, 0]",2,0.4000010471449964,-1,0
3011,"[1, 1, 0, 1, 2, 1, 0, 1, 0, 1, 0, 0, 1, 0, 2, 0, 0, 0, 0, 0, 0, 0, 0, 0, 2, 0, 0, 0, 0, 0, 0, 0, 1, 1, 0, 1, 1, 0, 2, 0, 0, 0, 1, 0, 0, 0, 0, 1, 0, 0, 2, 2, 2, 0, 0, 0, 0, 0, 0, 0, 0, 0, 2, 2, 3, 0, 2, 1, 2, 1, 4, 3, 6, 5, 3, 3, 2, 2, 4, 3, 504, 0, 0, 0, 0, 0, 0]",-1,-0.00032368741591447026,-1,0
3012,"[1, 2, 0, 1, 2, 2, 0, 1, 0, 1, 0, 0, 1, 0, 2, 0, 0, 0, 0, 0, 0, 0, 0, 0, 2, 0, 0, 0, 0, 0, 0, 0, 1, 1, 0, 1, 1, 0, 2, 0, 0, 0, 1, 0, 0, 0, 0, 1, 0, 0, 2, 2, 2, 0, 0, 0, 0, 0, 0, 0, 0, 0, 2, 2, 3, 0, 2, 1, 2, 1, 4, 3, 6, 5, 3, 3, 2, 2, 4, 3, 505, 0, 0, 0, 0, 0, 0]",4,14.374416944291731,-1,0
3013,"[1, 2, 0, 1, 2, 2, 0, 1, 0, 1, 0, 0, 1, 0, 2, 0, 0, 0, 0, 0, 0, 0, 0, 0, 2, 0, 0, 0, 0, 0, 0, 0, 1, 1, 0, 1, 1, 0, 2, 0, 0, 0, 1, 0, 0, 0, 0, 1, 0, 0, 2, 2, 2, 0, 0, 0, 0, 0, 0, 0, 0, 0, 2, 2, 3, 0, 2, 1, 2, 1, 4, 3, 6, 5, 3, 3, 2, 2, 4, 3, 505, 0, 0, 0, 0, 0, 0]",0,0.34221867455509863,-1,1
3014,"[1, 2, 0, 1, 2, 2, 0, 1, 0, 1, 0, 0, 1, 0, 2, 0, 0, 0, 0, 0, 0, 0, 0, 0, 2, 0, 0, 0, 0, 0, 0, 0, 1, 1, 0, 1, 1, 0, 2, 0, 0, 0, 1, 0, 0, 0, 0, 1, 0, 0, 2, 2, 2, 0, 0, 0, 0, 0, 0, 0, 0, 0, 2, 2, 3, 0, 2, 1, 2, 1, 4, 3, 6, 5, 3, 3, 2, 2, 4, 3, 505, 0, 0, 0, 0, 0, 0]",-1,-0.0003204666723128192,-1,1
3015,"[1, 2, 0, 1, 2, 2, 0, 2, 0, 1, 0, 0, 1, 0, 2, 0, 0, 0, 0, 0, 0, 0, 0, 0, 2, 0, 0, 0, 0, 0, 0, 0, 1, 1, 0, 1, 1, 0, 2, 0, 0, 0, 1, 0, 0, 0, 0, 1, 0, 0, 2, 2, 2, 0, 0, 0, 0, 0, 0, 0, 0, 0, 2, 2, 3, 0, 2, 1, 2, 1, 4, 3, 6, 5, 3, 3, 2, 2, 4, 3, 506, 0, 0, 0, 0, 0, 0]",4,11.516837743092273,-1,1
3016,"[1, 2, 0, 1, 2, 2, 0, 2, 0, 1, 0, 0, 1, 0, 2, 0, 0, 0, 0, 0, 0, 0, 0, 0, 2, 0, 0, 0, 0, 0, 0, 0, 1, 1, 0, 1, 1, 0, 2, 0, 0, 0, 1, 0, 0, 0, 0, 1, 0, 0, 2, 2, 2, 0, 0, 0, 0, 0, 0, 0, 0, 0, 2, 2, 3, 0, 2, 1, 2, 1, 4, 3, 6, 5, 3, 3, 2, 2, 4, 3, 506, 0, 0, 0, 0, 0, 0]",1,0.6096250817366691,-1,0
3017,"[1, 2, 0, 1, 2, 2, 0, 2, 0, 1, 0, 0, 1, 0, 2, 0, 0, 0, 0, 0, 0, 0, 0, 0, 2, 0, 0, 0, 0, 0, 0, 0, 1, 1, 0, 1, 1, 0, 2, 0, 0, 0, 1, 0, 0, 0, 0, 1, 0, 0, 2, 2, 2, 0, 0, 0, 0, 0, 0, 0, 0, 0, 2, 2, 3, 0, 2, 1, 2, 1, 4, 3, 6, 5, 3, 3, 2, 2, 4, 3, 506, 0, 0, 0, 0, 0, 0]",-1,-0.0003172779756454555,-1,0
3018,"[1, 3, 0, 1, 2, 3, 0, 2, 0, 1, 0, 0, 1, 0, 2, 0, 0, 0, 0, 0, 0, 0, 0, 0, 2, 0, 0, 0, 0, 0, 0, 0, 1, 1, 0, 1, 1, 0, 2, 0, 0, 0, 1, 0, 0, 0, 0, 1, 0, 0, 2, 2, 2, 0, 0, 0, 0, 0, 0, 0, 0, 0, 2, 2, 3, 0, 2, 1, 2, 1, 4, 3, 6, 5, 3, 3, 2, 2, 4, 3, 507, 0, 0, 0, 0, 0, 0]",4,14.11359095100157,-1,0
3019,"[1, 3, 0, 1, 2, 3, 0, 2, 0, 1, 0, 0, 1, 0, 2, 0, 0, 0, 0, 0, 0, 0, 0, 0, 2, 0, 0, 0, 0, 0, 0, 0, 1, 1, 0, 1, 1, 0, 2, 0, 0, 0, 1, 0, 0, 0, 0, 1, 0, 0, 2, 2, 2, 0, 0, 0, 0, 0, 0, 0, 0, 0, 2, 2, 3, 0, 2, 1, 2, 1, 4, 3, 6, 5, 3, 3, 2, 2, 4, 3, 507, 0, 0, 0, 0, 0, 0]",-1,-0.0003141210070400559,-1,1
3020,"[1, 3, 0, 1, 2, 3, 0, 2, 0, 1, 0, 0, 1, 0, 2, 0, 0, 0, 0, 0, 0, 0, 0, 0, 2, 0, 0, 0, 0, 0, 0, 0, 1, 1, 0, 1, 1, 0, 2, 0, 0, 0, 1, 0, 0, 0, 0, 1, 0, 0, 2, 2, 2, 0, 0, 0, 0, 0, 0, 0, 0, 0, 2, 2, 3, 0, 2, 1, 2, 1, 4, 3, 6, 5, 3, 3, 2, 2, 4, 3, 507, 0, 0, 0, 0, 0, 0]",-1,-0.0003141210070400559,-1,1
3021,"[2, 3, 0, 1, 2, 3, 0, 2, 0, 1, 0, 0, 1, 0, 2, 0, 0, 0, 0, 0, 0, 0, 0, 0, 2, 0, 0, 0, 0, 0, 0, 0, 1, 1, 0, 1, 1, 0, 2, 0, 0, 0, 1, 0, 0, 0, 0, 1, 0, 0, 2, 2, 2, 0, 0, 0, 0, 0, 0, 0, 0, 0, 2, 2, 3, 0, 2, 1, 2, 1, 4, 3, 6, 5, 3, 3, 2, 2, 4, 3, 508, 0, 0, 0, 0, 0, 0]",4,11.4444824668207,-1,1
3022,"[2, 3, 0, 1, 2, 3, 0, 2, 0, 1, 0, 0, 1, 0, 2, 0, 0, 0, 0, 0, 0, 0, 0, 0, 2, 0, 0, 0, 0, 0, 0, 0, 1, 1, 0, 1, 1, 0, 2, 0, 0, 0, 1, 0, 0, 0, 0, 1, 0, 0, 2, 2, 2, 0, 0, 0, 0, 0, 0, 0, 0, 0, 2, 2, 3, 0, 2, 1, 2, 1, 4, 3, 6, 5, 3, 3, 2, 2, 4, 3, 508, 1, 0, 0, 0, 0, 0]",3,0.20000089231879561,-1,0
3023,"[0, 3, 0, 2, 2, 3, 0, 2, 0, 1, 0, 0, 1, 0, 2, 0, 0, 0, 0, 0, 0, 0, 0, 0, 2, 0, 0, 0, 0, 0, 0, 0, 1, 1, 0, 1, 1, 0, 2, 0, 0, 0, 1, 0, 0, 0, 0, 1, 0, 0, 2, 2, 2, 0, 0, 0, 0, 0, 0, 0, 0, 0, 2, 2, 3, 0, 2, 1, 2, 1, 4, 3, 6, 5, 3, 3, 2, 2, 4, 3, 508, 0, 0, 0, 0, 0, 0]","[[2 0 0 0]
 [0 0 0 1]]",-0.19854142577016334,-1,0
3024,"[0, 3, 0, 2, 2, 3, 0, 2, 0, 1, 0, 0, 1, 0, 2, 0, 0, 0, 0, 0, 0, 0, 0, 0, 2, 0, 0, 0, 0, 0, 0, 0, 1, 1, 0, 1, 1, 0, 2, 0, 0, 0, 1, 0, 0, 0, 0, 1, 0, 0, 2, 2, 2, 0, 0, 0, 0, 0, 0, 0, 0, 0, 2, 2, 3, 0, 2, 1, 2, 1, 4, 3, 6, 5, 3, 3, 2, 2, 4, 3, 508, 1, 0, 0, 0, 0, 0]",3,0.20000089231879561,-1,0
3025,"[0, 3, 0, 2, 2, 3, 0, 2, 0, 1, 0, 0, 1, 0, 2, 0, 0, 0, 0, 0, 0, 0, 0, 0, 2, 0, 0, 0, 0, 0, 0, 0, 1, 1, 0, 1, 1, 0, 2, 0, 0, 0, 1, 0, 0, 0, 0, 1, 0, 0, 2, 2, 2, 0, 0, 0, 0, 0, 0, 0, 0, 0, 2, 2, 3, 0, 2, 1, 2, 1, 4, 3, 6, 5, 3, 3, 2, 2, 4, 3, 508, 0, 0, 0, 0, 0, 0]",-1,-0.0003109954507971287,-1,0
3026,"[0, 1, 0, 1, 1, 1, 0, 1, 0, 1, 0, 0, 1, 0, 2, 0, 0, 0, 0, 0, 0, 0, 0, 0, 2, 0, 0, 0, 0, 0, 0, 0, 1, 1, 0, 1, 1, 0, 2, 0, 0, 0, 1, 0, 0, 0, 0, 1, 0, 0, 2, 2, 2, 0, 0, 0, 0, 0, 0, 0, 0, 0, 2, 2, 3, 0, 2, 1, 2, 1, 4, 3, 6, 5, 3, 3, 2, 2, 4, 2, 509, 0, 0, 0, 0, 0, 0]",4,14.260086019525996,-1,0
3027,"[0, 1, 0, 1, 1, 1, 0, 1, 0, 1, 0, 0, 1, 0, 2, 0, 0, 0, 0, 0, 0, 0, 0, 0, 2, 0, 0, 0, 0, 0, 0, 0, 1, 1, 0, 1, 1, 0, 2, 0, 0, 0, 1, 0, 0, 0, 0, 1, 0, 0, 2, 2, 2, 0, 0, 0, 0, 0, 0, 0, 0, 0, 2, 2, 3, 0, 2, 1, 2, 1, 4, 3, 6, 5, 3, 3, 2, 2, 4, 2, 509, 0, 0, 0, 0, 0, 0]",-1,-0.00030790099435844487,-1,1
3028,"[0, 1, 0, 1, 1, 1, 0, 1, 0, 1, 0, 0, 1, 0, 2, 0, 0, 0, 0, 0, 0, 0, 0, 0, 2, 0, 0, 0, 0, 0, 0, 0, 1, 1, 0, 1, 1, 0, 2, 0, 0, 0, 1, 0, 0, 0, 0, 1, 0, 0, 2, 2, 2, 0, 0, 0, 0, 0, 0, 0, 0, 0, 2, 2, 3, 0, 2, 1, 2, 1, 4, 3, 6, 5, 3, 3, 2, 2, 4, 2, 509, 0, 0, 0, 0, 0, 0]",-1,-0.00030790099435844487,-1,1
3029,"[0, 1, 0, 1, 1, 1, 0, 1, 0, 1, 0, 0, 1, 0, 2, 0, 0, 0, 0, 0, 0, 0, 0, 0, 2, 0, 0, 0, 0, 0, 0, 0, 1, 1, 0, 1, 1, 0, 2, 0, 0, 0, 1, 0, 0, 0, 0, 1, 0, 0, 2, 2, 2, 0, 0, 0, 0, 0, 0, 0, 0, 0, 2, 2, 3, 0, 2, 1, 2, 1, 4, 3, 6, 5, 3, 3, 2, 2, 4, 2, 510, 0, 0, 0, 0, 0, 0]",4,11.73400990971319,-1,1
3030,"[0, 1, 0, 1, 1, 1, 0, 1, 0, 1, 0, 0, 1, 0, 2, 0, 0, 0, 0, 0, 0, 0, 0, 0, 2, 0, 0, 0, 0, 0, 0, 0, 1, 1, 0, 1, 1, 0, 2, 0, 0, 0, 1, 0, 0, 0, 0, 1, 0, 0, 2, 2, 2, 0, 0, 0, 0, 0, 0, 0, 0, 0, 2, 2, 3, 0, 2, 1, 2, 1, 4, 3, 6, 5, 3, 3, 2, 2, 4, 2, 510, 1, 0, 0, 0, 0, 0]",3,0.200000823714349,-1,0
3031,"[0, 1, 0, 1, 1, 1, 0, 1, 0, 1, 0, 0, 1, 0, 2, 0, 0, 0, 0, 0, 0, 0, 0, 0, 2, 0, 0, 0, 0, 0, 0, 0, 1, 1, 0, 1, 1, 0, 2, 0, 0, 0, 1, 0, 0, 0, 0, 1, 0, 0, 2, 2, 2, 0, 0, 0, 0, 0, 0, 0, 0, 0, 2, 2, 3, 0, 2, 1, 2, 1, 4, 3, 6, 5, 3, 3, 2, 2, 4, 2, 510, 0, 0, 0, 0, 0, 0]",-1,-0.00030483732827578163,-1,0
3032,"[0, 1, 0, 1, 1, 1, 0, 1, 0, 1, 0, 0, 1, 0, 2, 0, 0, 0, 0, 0, 0, 0, 0, 0, 2, 0, 0, 0, 0, 0, 0, 0, 1, 1, 0, 1, 1, 0, 2, 0, 0, 0, 1, 0, 0, 0, 0, 1, 0, 0, 2, 2, 2, 0, 0, 0, 0, 0, 0, 0, 0, 0, 2, 2, 3, 0, 2, 1, 2, 1, 4, 3, 6, 5, 3, 3, 2, 2, 4, 2, 510, 1, 0, 0, 0, 0, 0]",3,0.200000823714349,-1,0
3033,"[0, 1, 0, 1, 1, 1, 0, 1, 0, 1, 0, 0, 1, 0, 2, 0, 0, 0, 0, 0, 0, 0, 0, 0, 2, 0, 0, 0, 0, 0, 0, 0, 1, 1, 0, 1, 1, 0, 2, 0, 0, 0, 1, 0, 0, 0, 0, 1, 0, 0, 2, 2, 2, 0, 0, 0, 0, 0, 0, 0, 0, 0, 2, 2, 3, 0, 2, 1, 2, 1, 4, 3, 6, 5, 3, 3, 2, 2, 4, 2, 510, 0, 0, 0, 0, 0, 0]",-1,-0.00030483732827578163,-1,0
3034,"[0, 1, 0, 1, 1, 1, 0, 1, 0, 1, 0, 0, 1, 0, 2, 0, 0, 0, 0, 0, 0, 0, 0, 0, 2, 0, 0, 0, 0, 0, 0, 0, 1, 1, 0, 1, 1, 0, 2, 0, 0, 0, 1, 0, 0, 0, 0, 1, 0, 0, 2, 2, 2, 0, 0, 0, 0, 0, 0, 0, 0, 0, 2, 2, 3, 0, 2, 1, 2, 1, 4, 3, 6, 5, 3, 3, 2, 2, 4, 2, 510, 1, 0, 0, 0, 0, 0]",3,0.200000823714349,-1,0
3035,"[0, 1, 0, 1, 1, 1, 0, 1, 0, 1, 0, 0, 1, 0, 2, 0, 0, 0, 0, 0, 0, 0, 0, 0, 2, 0, 0, 0, 0, 0, 0, 0, 1, 1, 0, 1, 1, 0, 2, 0, 0, 0, 1, 0, 0, 0, 0, 1, 0, 0, 2, 2, 2, 0, 0, 0, 0, 0, 0, 0, 0, 0, 2, 2, 3, 0, 2, 1, 2, 1, 4, 3, 6, 5, 3, 3, 2, 2, 4, 2, 510, 0, 0, 0, 0, 0, 0]",-1,-0.00030483732827578163,-1,0
3036,"[0, 1, 0, 1, 1, 1, 0, 1, 0, 1, 0, 0, 1, 0, 2, 0, 0, 0, 0, 0, 0, 0, 0, 0, 2, 0, 0, 0, 0, 0, 0, 0, 1, 1, 0, 1, 1, 0, 2, 0, 0, 0, 1, 0, 0, 0, 0, 1, 0, 0, 2, 2, 2, 0, 0, 0, 0, 0, 0, 0, 0, 0, 2, 2, 3, 0, 2, 1, 2, 1, 4, 3, 6, 5, 3, 3, 2, 2, 4, 2, 510, 0, 1, 0, 0, 0, 0]",2,0.400000823714349,-1,0
3037,"[0, 1, 0, 1, 1, 1, 0, 1, 0, 1, 0, 0, 1, 0, 2, 0, 0, 0, 0, 0, 0, 0, 0, 0, 2, 0, 0, 0, 0, 0, 0, 0, 1, 1, 0, 1, 1, 0, 2, 0, 0, 0, 1, 0, 0, 0, 0, 1, 0, 0, 2, 2, 2, 0, 0, 0, 0, 0, 0, 0, 0, 0, 2, 2, 3, 0, 2, 1, 2, 1, 4, 3, 6, 5, 3, 3, 2, 2, 4, 2, 510, 0, 1, 0, 0, 1, 0]","[[0 0 0 1]
 [1 0 0 0]]",0.6504256887724399,-1,0
3038,"[0, 1, 0, 1, 1, 1, 0, 1, 0, 1, 0, 0, 1, 0, 2, 0, 0, 0, 0, 0, 0, 0, 0, 0, 2, 0, 0, 0, 0, 0, 0, 0, 1, 1, 0, 1, 1, 0, 2, 0, 0, 0, 1, 0, 0, 0, 0, 1, 0, 0, 2, 2, 2, 0, 0, 0, 0, 0, 0, 0, 0, 0, 2, 2, 3, 0, 2, 1, 2, 1, 4, 3, 6, 5, 3, 3, 2, 2, 4, 2, 510, 0, 0, 0, 0, 0, 0]",1,-41.60953913992205,-1,1
3039,"[0, 2, 0, 1, 1, 2, 0, 1, 0, 1, 0, 0, 1, 0, 2, 0, 0, 0, 0, 0, 0, 0, 0, 0, 2, 0, 0, 0, 0, 0, 0, 0, 1, 1, 0, 1, 1, 0, 2, 0, 0, 0, 1, 0, 0, 0, 0, 1, 0, 0, 2, 2, 2, 0, 0, 0, 0, 0, 0, 0, 0, 0, 2, 2, 3, 0, 2, 1, 2, 1, 4, 3, 6, 5, 3, 3, 2, 2, 4, 2, 511, 0, 0, 0, 0, 0, 0]",4,14.056279107892712,-1,0
3040,"[0, 2, 0, 1, 3, 2, 0, 1, 0, 1, 0, 0, 1, 0, 2, 0, 0, 0, 0, 0, 0, 0, 0, 0, 2, 0, 0, 0, 0, 0, 0, 0, 1, 1, 0, 1, 1, 0, 2, 0, 0, 0, 1, 0, 0, 0, 0, 1, 0, 0, 2, 2, 2, 0, 0, 0, 0, 0, 0, 0, 0, 0, 2, 2, 3, 0, 2, 1, 2, 1, 4, 3, 6, 5, 3, 3, 2, 2, 4, 2, 512, 0, 0, 0, 0, 0, 0]",4,11.342858837291294,-1,1
3041,"[0, 2, 0, 1, 3, 2, 0, 1, 0, 1, 0, 0, 1, 0, 2, 0, 0, 0, 0, 0, 0, 0, 0, 0, 2, 0, 0, 0, 0, 0, 0, 0, 1, 1, 0, 1, 1, 0, 2, 0, 0, 0, 1, 0, 0, 0, 0, 1, 0, 0, 2, 2, 2, 0, 0, 0, 0, 0, 0, 0, 0, 0, 2, 2, 3, 0, 2, 1, 2, 1, 4, 3, 6, 5, 3, 3, 2, 2, 4, 2, 512, 0, 1, 0, 0, 0, 0]",2,0.400000760384421,-1,0
3042,"[0, 2, 0, 1, 3, 2, 0, 1, 0, 1, 0, 0, 1, 0, 2, 0, 0, 0, 0, 0, 0, 0, 0, 0, 2, 0, 0, 0, 0, 0, 0, 0, 1, 1, 0, 1, 1, 0, 2, 0, 0, 0, 1, 0, 0, 0, 0, 1, 0, 0, 2, 2, 2, 0, 0, 0, 0, 0, 0, 0, 0, 0, 2, 2, 3, 0, 2, 1, 2, 1, 4, 3, 6, 5, 3, 3, 2, 2, 4, 2, 512, 0, 1, 0, 0, 1, 0]","[[0 1 0 0]
 [1 0 0 0]]",0.6504256254425119,-1,0
3043,"[0, 2, 0, 1, 3, 2, 0, 1, 0, 1, 0, 0, 1, 0, 2, 0, 0, 0, 0, 0, 0, 0, 0, 0, 2, 0, 0, 0, 0, 0, 0, 0, 1, 1, 0, 1, 1, 0, 2, 0, 0, 0, 1, 0, 0, 0, 0, 1, 0, 0, 2, 2, 2, 0, 0, 0, 0, 0, 0, 0, 0, 0, 2, 2, 3, 0, 2, 1, 2, 1, 4, 3, 6, 5, 3, 3, 2, 2, 4, 2, 512, 0, 0, 0, 0, 0, 0]",1,-41.60953920325198,-1,1
3044,"[0, 2, 0, 1, 3, 2, 0, 1, 0, 1, 0, 0, 1, 0, 2, 0, 0, 0, 0, 0, 0, 0, 0, 0, 2, 0, 0, 0, 0, 0, 0, 0, 1, 1, 0, 1, 1, 0, 2, 0, 0, 0, 1, 0, 0, 0, 0, 1, 0, 0, 2, 2, 2, 0, 0, 0, 0, 0, 0, 0, 0, 0, 2, 2, 3, 0, 2, 1, 2, 1, 4, 3, 6, 5, 3, 3, 2, 2, 4, 2, 512, 1, 0, 0, 0, 0, 0]",3,0.20000076038442108,-1,0
3045,"[0, 2, 0, 1, 3, 2, 0, 1, 0, 1, 0, 0, 1, 0, 2, 0, 0, 0, 0, 0, 0, 0, 0, 0, 2, 0, 0, 0, 0, 0, 0, 0, 1, 1, 0, 1, 1, 0, 2, 0, 0, 0, 1, 0, 0, 0, 0, 1, 0, 0, 2, 2, 2, 0, 0, 0, 0, 0, 0, 0, 0, 0, 2, 2, 3, 0, 2, 1, 2, 1, 4, 3, 6, 5, 3, 3, 2, 2, 4, 2, 512, 0, 0, 0, 0, 0, 0]",-1,-0.00029880114475029716,-1,0
3046,"[0, 2, 0, 1, 3, 2, 0, 1, 0, 1, 0, 0, 1, 0, 2, 0, 0, 0, 0, 0, 0, 0, 0, 0, 2, 0, 0, 0, 0, 0, 0, 0, 1, 1, 0, 1, 1, 0, 2, 0, 0, 0, 1, 0, 0, 0, 0, 1, 0, 0, 2, 2, 2, 0, 0, 0, 0, 0, 0, 0, 0, 0, 2, 2, 3, 0, 2, 1, 2, 1, 4, 3, 6, 5, 3, 3, 2, 2, 4, 2, 512, 0, 1, 0, 0, 0, 0]",2,0.400000760384421,-1,0
3047,"[0, 2, 0, 1, 3, 2, 0, 1, 0, 1, 0, 0, 1, 0, 2, 0, 0, 0, 0, 0, 0, 0, 0, 0, 2, 0, 0, 0, 0, 0, 0, 0, 1, 1, 0, 1, 1, 0, 2, 0, 0, 0, 1, 0, 0, 0, 0, 1, 0, 0, 2, 2, 2, 0, 0, 0, 0, 0, 0, 0, 0, 0, 2, 2, 3, 0, 2, 1, 2, 1, 4, 3, 6, 5, 3, 3, 2, 2, 4, 2, 512, 0, 1, 0, 0, 1, 0]","[[0 1 0 0]
 [1 0 0 0]]",0.6504256254425119,-1,0
3048,"[1, 1, 0, 1, 2, 3, 0, 1, 0, 1, 0, 0, 1, 0, 2, 0, 0, 0, 0, 0, 0, 0, 0, 0, 2, 0, 0, 0, 0, 0, 0, 0, 1, 1, 0, 1, 1, 0, 2, 0, 0, 0, 1, 0, 0, 0, 0, 1, 0, 0, 2, 2, 2, 0, 0, 0, 0, 0, 0, 0, 0, 0, 2, 2, 3, 0, 2, 1, 2, 1, 4, 3, 6, 5, 3, 3, 2, 2, 4, 2, 512, 0, 0, 0, 0, 0, 0]",0,-0.19999923961557894,-1,1
3049,"[1, 1, 0, 1, 2, 3, 0, 1, 0, 1, 0, 0, 1, 0, 2, 0, 0, 0, 0, 0, 0, 0, 0, 0, 2, 0, 0, 0, 0, 0, 0, 0, 1, 1, 0, 1, 1, 0, 2, 0, 0, 0, 1, 0, 0, 0, 0, 1, 0, 0, 2, 2, 2, 0, 0, 0, 0, 0, 0, 0, 0, 0, 2, 2, 3, 0, 2, 1, 2, 1, 4, 3, 6, 5, 3, 3, 2, 2, 4, 2, 512, 0, 0, 0, 0, 0, 0]",0,0.24271963280799416,-1,0
3050,"[1, 1, 0, 1, 2, 3, 0, 1, 0, 1, 0, 0, 1, 0, 2, 0, 0, 0, 0, 0, 0, 0, 0, 0, 2, 0, 0, 0, 0, 0, 0, 0, 1, 1, 0, 1, 1, 0, 2, 0, 0, 0, 1, 0, 0, 0, 0, 1, 0, 0, 2, 2, 2, 0, 0, 0, 0, 0, 0, 0, 0, 0, 2, 2, 3, 0, 2, 1, 2, 1, 4, 3, 6, 5, 3, 3, 2, 2, 4, 2, 512, 0, 0, 0, 0, 0, 0]",-1,-0.00029880114475029716,-1,0
3051,"[1, 1, 0, 1, 2, 3, 0, 1, 0, 1, 0, 0, 1, 0, 2, 0, 0, 0, 0, 0, 0, 0, 0, 0, 2, 0, 0, 0, 0, 0, 0, 0, 1, 1, 0, 1, 1, 0, 2, 0, 0, 0, 1, 0, 0, 0, 0, 1, 0, 0, 2, 2, 2, 0, 0, 0, 0, 0, 0, 0, 0, 0, 2, 2, 3, 0, 2, 1, 2, 1, 4, 3, 6, 5, 3, 3, 2, 2, 4, 2, 512, 0, 0, 0, 0, 0, 0]",0,0.24271963280799416,-1,0
3052,"[1, 1, 0, 1, 2, 3, 0, 1, 0, 1, 0, 0, 1, 0, 2, 0, 0, 0, 0, 0, 0, 0, 0, 0, 2, 0, 0, 0, 0, 0, 0, 0, 1, 1, 0, 1, 1, 0, 2, 0, 0, 0, 1, 0, 0, 0, 0, 1, 0, 0, 2, 2, 2, 0, 0, 0, 0, 0, 0, 0, 0, 0, 2, 2, 3, 0, 2, 1, 2, 1, 4, 3, 6, 5, 3, 3, 2, 2, 4, 2, 512, 0, 0, 0, 0, 0, 0]",-1,-0.00029880114475029716,-1,0
3053,"[1, 1, 0, 1, 2, 3, 0, 1, 0, 1, 0, 0, 1, 0, 2, 0, 0, 0, 0, 0, 0, 0, 0, 0, 2, 0, 0, 0, 0, 0, 0, 0, 1, 1, 0, 1, 1, 0, 2, 0, 0, 0, 1, 0, 0, 0, 0, 1, 0, 0, 2, 2, 2, 0, 0, 0, 0, 0, 0, 0, 0, 0, 2, 2, 3, 0, 2, 1, 2, 1, 4, 3, 6, 5, 3, 3, 2, 2, 4, 2, 512, 0, 0, 0, 0, 0, 0]",0,0.24271963280799416,-1,0
3054,"[1, 1, 0, 1, 2, 3, 0, 1, 0, 1, 0, 0, 1, 0, 2, 0, 0, 0, 0, 0, 0, 0, 0, 0, 2, 0, 0, 0, 0, 0, 0, 0, 1, 1, 0, 1, 1, 0, 2, 0, 0, 0, 1, 0, 0, 0, 0, 1, 0, 0, 2, 2, 2, 0, 0, 0, 0, 0, 0, 0, 0, 0, 2, 2, 3, 0, 2, 1, 2, 1, 4, 3, 6, 5, 3, 3, 2, 2, 4, 2, 512, 0, 0, 0, 0, 0, 0]",-1,-0.00029880114475029716,-1,0
3055,"[1, 1, 0, 1, 2, 3, 0, 1, 0, 1, 0, 0, 1, 0, 2, 0, 0, 0, 0, 0, 0, 0, 0, 0, 2, 0, 0, 0, 0, 0, 0, 0, 1, 1, 0, 1, 1, 0, 2, 0, 0, 0, 1, 0, 0, 0, 0, 1, 0, 0, 2, 2, 2, 0, 0, 0, 0, 0, 0, 0, 0, 0, 2, 2, 3, 0, 2, 1, 2, 1, 4, 3, 6, 5, 3, 3, 2, 2, 4, 2, 512, 0, 0, 0, 0, 0, 0]",0,0.24271963280799416,-1,0
3056,"[1, 1, 0, 1, 2, 3, 0, 1, 0, 1, 0, 0, 1, 0, 2, 0, 0, 0, 0, 0, 0, 0, 0, 0, 2, 0, 0, 0, 0, 0, 0, 0, 1, 1, 0, 1, 1, 0, 2, 0, 0, 0, 1, 0, 0, 0, 0, 1, 0, 0, 2, 2, 2, 0, 0, 0, 0, 0, 0, 0, 0, 0, 2, 2, 3, 0, 2, 1, 2, 1, 4, 3, 6, 5, 3, 3, 2, 2, 4, 2, 512, 0, 0, 0, 0, 0, 0]",-1,-0.00029880114475029716,-1,0
3057,"[1, 1, 0, 1, 2, 3, 0, 1, 0, 1, 0, 0, 1, 0, 2, 0, 0, 0, 0, 0, 0, 0, 0, 0, 2, 0, 0, 0, 0, 0, 0, 0, 1, 1, 0, 1, 1, 0, 2, 0, 0, 0, 1, 0, 0, 0, 0, 1, 0, 0, 2, 2, 2, 0, 0, 0, 0, 0, 0, 0, 0, 0, 2, 2, 3, 0, 2, 1, 2, 1, 4, 3, 6, 5, 3, 3, 2, 2, 4, 2, 512, 0, 0, 0, 0, 0, 0]",0,0.24271963280799416,-1,0
3058,"[1, 1, 0, 1, 2, 3, 0, 1, 0, 1, 0, 0, 1, 0, 2, 0, 0, 0, 0, 0, 0, 0, 0, 0, 2, 0, 0, 0, 0, 0, 0, 0, 1, 1, 0, 1, 1, 0, 2, 0, 0, 0, 1, 0, 0, 0, 0, 1, 0, 0, 2, 2, 2, 0, 0, 0, 0, 0, 0, 0, 0, 0, 2, 2, 3, 0, 2, 1, 2, 1, 4, 3, 6, 5, 3, 3, 2, 2, 4, 2, 512, 0, 0, 0, 0, 0, 0]",-1,-0.00029880114475029716,-1,0
3059,"[1, 1, 0, 1, 2, 3, 0, 1, 0, 1, 0, 0, 1, 0, 2, 0, 0, 0, 0, 0, 0, 0, 0, 0, 2, 0, 0, 0, 0, 0, 0, 0, 1, 1, 0, 1, 1, 0, 2, 0, 0, 0, 1, 0, 0, 0, 0, 1, 0, 0, 2, 2, 2, 0, 0, 0, 0, 0, 0, 0, 0, 0, 2, 2, 3, 0, 2, 1, 2, 1, 4, 3, 6, 5, 3, 3, 2, 2, 4, 2, 512, 0, 0, 0, 0, 0, 0]",0,0.24271963280799416,-1,0
3060,"[1, 1, 0, 1, 2, 3, 0, 1, 0, 1, 0, 0, 1, 0, 2, 0, 0, 0, 0, 0, 0, 0, 0, 0, 2, 0, 0, 0, 0, 0, 0, 0, 1, 1, 0, 1, 1, 0, 2, 0, 0, 0, 1, 0, 0, 0, 0, 1, 0, 0, 2, 2, 2, 0, 0, 0, 0, 0, 0, 0, 0, 0, 2, 2, 3, 0, 2, 1, 2, 1, 4, 3, 6, 5, 3, 3, 2, 2, 4, 2, 512, 0, 0, 0, 0, 0, 0]",-1,-0.00029880114475029716,-1,0
3061,"[1, 1, 0, 1, 2, 3, 0, 1, 0, 1, 0, 0, 1, 0, 2, 0, 0, 0, 0, 0, 0, 0, 0, 0, 2, 0, 0, 0, 0, 0, 0, 0, 1, 1, 0, 1, 1, 0, 2, 0, 0, 0, 1, 0, 0, 0, 0, 1, 0, 0, 2, 2, 2, 0, 0, 0, 0, 0, 0, 0, 0, 0, 2, 2, 3, 0, 2, 1, 2, 1, 4, 3, 6, 5, 3, 3, 2, 2, 4, 2, 512, 0, 0, 0, 0, 0, 0]",0,0.24271963280799416,-1,0
3062,"[1, 1, 0, 1, 2, 3, 0, 1, 0, 1, 0, 0, 1, 0, 2, 0, 0, 0, 0, 0, 0, 0, 0, 0, 2, 0, 0, 0, 0, 0, 0, 0, 1, 1, 0, 1, 1, 0, 2, 0, 0, 0, 1, 0, 0, 0, 0, 1, 0, 0, 2, 2, 2, 0, 0, 0, 0, 0, 0, 0, 0, 0, 2, 2, 3, 0, 2, 1, 2, 1, 4, 3, 6, 5, 3, 3, 2, 2, 4, 2, 512, 0, 0, 0, 0, 0, 0]",-1,-0.00029880114475029716,-1,0
3063,"[1, 1, 0, 1, 2, 3, 0, 1, 0, 1, 0, 0, 1, 0, 2, 0, 0, 0, 0, 0, 0, 0, 0, 0, 2, 0, 0, 0, 0, 0, 0, 0, 1, 1, 0, 1, 1, 0, 2, 0, 0, 0, 1, 0, 0, 0, 0, 1, 0, 0, 2, 2, 2, 0, 0, 0, 0, 0, 0, 0, 0, 0, 2, 2, 3, 0, 2, 1, 2, 1, 4, 3, 6, 5, 3, 3, 2, 2, 4, 2, 512, 0, 0, 0, 0, 0, 0]",0,0.24271963280799416,-1,0
3064,"[1, 1, 0, 1, 2, 3, 0, 1, 0, 1, 0, 0, 1, 0, 2, 0, 0, 0, 0, 0, 0, 0, 0, 0, 2, 0, 0, 0, 0, 0, 0, 0, 1, 1, 0, 1, 1, 0, 2, 0, 0, 0, 1, 0, 0, 0, 0, 1, 0, 0, 2, 2, 2, 0, 0, 0, 0, 0, 0, 0, 0, 0, 2, 2, 3, 0, 2, 1, 2, 1, 4, 3, 6, 5, 3, 3, 2, 2, 4, 2, 512, 0, 0, 0, 0, 0, 0]",-1,-0.00029880114475029716,-1,0
3065,"[1, 1, 0, 1, 1, 1, 0, 1, 0, 1, 0, 0, 1, 0, 2, 0, 0, 0, 0, 0, 0, 0, 0, 0, 2, 0, 0, 0, 0, 0, 0, 0, 1, 1, 0, 1, 1, 0, 2, 0, 0, 0, 1, 0, 0, 0, 0, 1, 0, 0, 2, 2, 2, 0, 0, 0, 0, 0, 0, 0, 0, 0, 2, 2, 3, 0, 2, 1, 2, 1, 4, 3, 6, 5, 3, 3, 2, 2, 4, 2, 513, 0, 0, 0, 0, 0, 0]",4,14.533991616869056,-1,0
3066,"[1, 1, 0, 1, 1, 1, 0, 1, 0, 1, 0, 0, 1, 0, 2, 0, 0, 0, 0, 0, 0, 0, 0, 0, 2, 0, 0, 0, 0, 0, 0, 0, 1, 1, 0, 1, 1, 0, 2, 0, 0, 0, 1, 0, 0, 0, 0, 1, 0, 0, 2, 2, 2, 0, 0, 0, 0, 0, 0, 0, 0, 0, 2, 2, 3, 0, 2, 1, 2, 1, 4, 3, 6, 5, 3, 3, 2, 2, 4, 2, 513, 0, 0, 0, 0, 0, 0]",-1,-0.00029582802368409287,-1,1
3067,"[1, 1, 0, 1, 1, 1, 0, 1, 0, 1, 0, 0, 1, 0, 2, 0, 0, 0, 0, 0, 0, 0, 0, 0, 2, 0, 0, 0, 0, 0, 0, 0, 1, 1, 0, 1, 1, 0, 2, 0, 0, 0, 1, 0, 0, 0, 0, 1, 0, 0, 2, 2, 2, 0, 0, 0, 0, 0, 0, 0, 0, 0, 2, 2, 3, 0, 2, 1, 2, 1, 4, 3, 6, 5, 3, 3, 2, 2, 4, 3, 514, 0, 0, 0, 0, 0, 0]",4,11.733985641980986,-1,1
3068,"[1, 1, 0, 1, 1, 1, 0, 1, 0, 1, 0, 0, 1, 0, 2, 0, 0, 0, 0, 0, 0, 0, 0, 0, 2, 0, 0, 0, 0, 0, 0, 0, 1, 1, 0, 1, 1, 0, 2, 0, 0, 0, 1, 0, 0, 0, 0, 1, 0, 0, 2, 2, 2, 0, 0, 0, 0, 0, 0, 0, 0, 0, 2, 2, 3, 0, 2, 1, 2, 1, 4, 3, 6, 5, 3, 3, 2, 2, 4, 3, 514, 1, 0, 0, 0, 0, 0]",3,0.20000070192349378,-1,0
3069,"[1, 1, 0, 1, 1, 1, 0, 1, 0, 1, 0, 0, 1, 0, 2, 0, 0, 0, 0, 0, 0, 0, 0, 0, 2, 0, 0, 0, 0, 0, 0, 0, 1, 1, 0, 1, 1, 0, 2, 0, 0, 0, 1, 0, 0, 0, 0, 1, 0, 0, 2, 2, 2, 0, 0, 0, 0, 0, 0, 0, 0, 0, 2, 2, 3, 0, 2, 1, 2, 1, 4, 3, 6, 5, 3, 3, 2, 2, 4, 3, 514, 0, 0, 0, 0, 0, 0]",-1,-0.00029288448566678113,-1,0
3070,"[1, 1, 0, 1, 1, 1, 0, 1, 0, 1, 0, 0, 1, 0, 2, 0, 0, 0, 0, 0, 0, 0, 0, 0, 2, 0, 0, 0, 0, 0, 0, 0, 1, 1, 0, 1, 1, 0, 2, 0, 0, 0, 1, 0, 0, 0, 0, 1, 0, 0, 2, 2, 2, 0, 0, 0, 0, 0, 0, 0, 0, 0, 2, 2, 3, 0, 2, 1, 2, 1, 4, 3, 6, 5, 3, 3, 2, 2, 4, 3, 514, 0, 1, 0, 0, 0, 0]",2,0.40000070192349374,-1,0
3071,"[1, 1, 0, 1, 1, 1, 0, 1, 0, 1, 0, 0, 1, 0, 2, 0, 0, 0, 0, 0, 0, 0, 0, 0, 2, 0, 0, 0, 0, 0, 0, 0, 1, 1, 0, 1, 1, 0, 2, 0, 0, 0, 1, 0, 0, 0, 0, 1, 0, 0, 2, 2, 2, 0, 0, 0, 0, 0, 0, 0, 0, 0, 2, 2, 3, 0, 2, 1, 2, 1, 4, 3, 6, 5, 3, 3, 2, 2, 4, 3, 514, 0, 0, 0, 0, 0, 0]",-1,-0.00029288448566678113,-1,0
3072,"[1, 1, 0, 1, 1, 1, 0, 1, 0, 1, 0, 0, 1, 0, 2, 0, 0, 0, 0, 0, 0, 0, 0, 0, 2, 0, 0, 0, 0, 0, 0, 0, 1, 1, 0, 1, 1, 0, 2, 0, 0, 0, 1, 0, 0, 0, 0, 1, 0, 0, 2, 2, 2, 0, 0, 0, 0, 0, 0, 0, 0, 0, 2, 2, 3, 0, 2, 1, 2, 1, 4, 3, 6, 5, 3, 3, 2, 2, 4, 3, 514, 1, 0, 0, 0, 0, 0]",3,0.20000070192349378,-1,0
3073,"[1, 1, 0, 1, 1, 1, 0, 1, 0, 1, 0, 0, 1, 0, 2, 0, 0, 0, 0, 0, 0, 0, 0, 0, 2, 0, 0, 0, 0, 0, 0, 0, 1, 1, 0, 1, 1, 0, 2, 0, 0, 0, 1, 0, 0, 0, 0, 1, 0, 0, 2, 2, 2, 0, 0, 0, 0, 0, 0, 0, 0, 0, 2, 2, 3, 0, 2, 1, 2, 1, 4, 3, 6, 5, 3, 3, 2, 2, 4, 3, 514, 0, 0, 0, 0, 0, 0]",-1,-0.00029288448566678113,-1,0
3074,"[1, 1, 0, 1, 1, 1, 0, 1, 0, 1, 0, 0, 1, 0, 2, 0, 0, 0, 0, 0, 0, 0, 0, 0, 2, 0, 0, 0, 0, 0, 0, 0, 1, 1, 0, 1, 1, 0, 2, 0, 0, 0, 1, 0, 0, 0, 0, 1, 0, 0, 2, 2, 2, 0, 0, 0, 0, 0, 0, 0, 0, 0, 2, 2, 3, 0, 2, 1, 2, 1, 4, 3, 6, 5, 3, 3, 2, 2, 4, 3, 514, 0, 0, 0, 0, 0, 0]",1,0.6096248170231104,-1,0
3075,"[1, 1, 0, 1, 1, 1, 0, 1, 0, 1, 0, 0, 1, 0, 2, 0, 0, 0, 0, 0, 0, 0, 0, 0, 2, 0, 0, 0, 0, 0, 0, 0, 1, 1, 0, 1, 1, 0, 2, 0, 0, 0, 1, 0, 0, 0, 0, 1, 0, 0, 2, 2, 2, 0, 0, 0, 0, 0, 0, 0, 0, 0, 2, 2, 3, 0, 2, 1, 2, 1, 4, 3, 6, 5, 3, 3, 2, 2, 4, 3, 514, 0, 0, 0, 0, 0, 0]",-1,-0.00029288448566678113,-1,0
3076,"[1, 1, 0, 1, 1, 1, 0, 1, 0, 1, 0, 0, 1, 0, 2, 0, 0, 0, 0, 0, 0, 0, 0, 0, 2, 0, 0, 0, 0, 0, 0, 0, 1, 1, 0, 1, 1, 0, 2, 0, 0, 0, 1, 0, 0, 0, 0, 1, 0, 0, 2, 2, 2, 0, 0, 0, 0, 0, 0, 0, 0, 0, 2, 2, 3, 0, 2, 1, 2, 1, 4, 3, 6, 5, 3, 3, 2, 2, 4, 3, 514, 1, 0, 0, 0, 0, 0]",3,0.20000070192349378,-1,0
3077,"[1, 1, 0, 1, 1, 1, 0, 1, 0, 1, 0, 0, 1, 0, 2, 0, 0, 0, 0, 0, 0, 0, 0, 0, 2, 0, 0, 0, 0, 0, 0, 0, 1, 1, 0, 1, 1, 0, 2, 0, 0, 0, 1, 0, 0, 0, 0, 1, 0, 0, 2, 2, 2, 0, 0, 0, 0, 0, 0, 0, 0, 0, 2, 2, 3, 0, 2, 1, 2, 1, 4, 3, 6, 5, 3, 3, 2, 2, 4, 3, 514, 0, 0, 0, 0, 0, 0]",-1,-0.00029288448566678113,-1,0
3078,"[1, 1, 0, 1, 1, 1, 0, 1, 0, 1, 0, 0, 1, 0, 2, 0, 0, 0, 0, 0, 0, 0, 0, 0, 2, 0, 0, 0, 0, 0, 0, 0, 1, 1, 0, 1, 1, 0, 2, 0, 0, 0, 1, 0, 0, 0, 0, 1, 0, 0, 2, 2, 2, 0, 0, 0, 0, 0, 0, 0, 0, 0, 2, 2, 3, 0, 2, 1, 2, 1, 4, 3, 6, 5, 3, 3, 2, 2, 4, 3, 514, 0, 1, 0, 0, 0, 0]",2,0.40000070192349374,-1,0
3079,"[1, 1, 0, 1, 1, 1, 0, 1, 0, 1, 0, 0, 1, 0, 2, 0, 0, 0, 0, 0, 0, 0, 0, 0, 2, 0, 0, 0, 0, 0, 0, 0, 1, 1, 0, 1, 1, 0, 2, 0, 0, 0, 1, 0, 0, 0, 0, 1, 0, 0, 2, 2, 2, 0, 0, 0, 0, 0, 0, 0, 0, 0, 2, 2, 3, 0, 2, 1, 2, 1, 4, 3, 6, 5, 3, 3, 2, 2, 4, 3, 514, 0, 0, 0, 0, 0, 0]",-1,-0.00029288448566678113,-1,0
3080,"[1, 1, 0, 1, 1, 1, 0, 1, 0, 1, 0, 0, 1, 0, 2, 0, 0, 0, 0, 0, 0, 0, 0, 0, 2, 0, 0, 0, 0, 0, 0, 0, 1, 1, 0, 1, 1, 0, 2, 0, 0, 0, 1, 0, 0, 0, 0, 1, 0, 0, 2, 2, 2, 0, 0, 0, 0, 0, 0, 0, 0, 0, 2, 2, 3, 0, 2, 1, 2, 1, 4, 3, 6, 5, 3, 3, 2, 2, 4, 3, 514, 0, 0, 0, 0, 0, 0]",1,0.6096248170231104,-1,0
3081,"[1, 1, 0, 1, 1, 1, 0, 1, 0, 1, 0, 0, 1, 0, 2, 0, 0, 0, 0, 0, 0, 0, 0, 0, 2, 0, 0, 0, 0, 0, 0, 0, 1, 1, 0, 1, 1, 0, 2, 0, 0, 0, 1, 0, 0, 0, 0, 1, 0, 0, 2, 2, 2, 0, 0, 0, 0, 0, 0, 0, 0, 0, 2, 2, 3, 0, 2, 1, 2, 1, 4, 3, 6, 5, 3, 3, 2, 2, 4, 3, 514, 0, 0, 0, 0, 0, 0]",-1,-0.00029288448566678113,-1,0
3082,"[1, 1, 0, 1, 1, 1, 0, 1, 0, 1, 0, 0, 1, 0, 2, 0, 0, 0, 0, 0, 0, 0, 0, 0, 2, 0, 0, 0, 0, 0, 0, 0, 1, 1, 0, 1, 1, 0, 2, 0, 0, 0, 1, 0, 0, 0, 0, 1, 0, 0, 2, 2, 2, 0, 0, 0, 0, 0, 0, 0, 0, 0, 2, 2, 3, 0, 2, 1, 2, 1, 4, 3, 6, 5, 3, 3, 2, 2, 4, 3, 514, 0, 1, 0, 0, 0, 0]",2,0.40000070192349374,-1,0
3083,"[1, 1, 0, 1, 1, 1, 0, 1, 0, 1, 0, 0, 1, 0, 2, 0, 0, 0, 0, 0, 0, 0, 0, 0, 2, 0, 0, 0, 0, 0, 0, 0, 1, 1, 0, 1, 1, 0, 2, 0, 0, 0, 1, 0, 0, 0, 0, 1, 0, 0, 2, 2, 2, 0, 0, 0, 0, 0, 0, 0, 0, 0, 2, 2, 3, 0, 2, 1, 2, 1, 4, 3, 6, 5, 3, 3, 2, 2, 4, 3, 514, 0, 0, 0, 0, 0, 0]",-1,-0.00029288448566678113,-1,0
3084,"[1, 1, 0, 1, 1, 1, 0, 1, 0, 1, 0, 0, 1, 0, 2, 0, 0, 0, 0, 0, 0, 0, 0, 0, 2, 0, 0, 0, 0, 0, 0, 0, 1, 1, 0, 1, 1, 0, 2, 0, 0, 0, 1, 0, 0, 0, 0, 1, 0, 0, 2, 2, 2, 0, 0, 0, 0, 0, 0, 0, 0, 0, 2, 2, 3, 0, 2, 1, 2, 1, 4, 3, 6, 5, 3, 3, 2, 2, 4, 3, 514, 0, 0, 0, 0, 0, 0]",1,0.6096248170231104,-1,0
3085,"[1, 1, 0, 1, 1, 1, 0, 1, 0, 1, 0, 0, 1, 0, 2, 0, 0, 0, 0, 0, 0, 0, 0, 0, 2, 0, 0, 0, 0, 0, 0, 0, 1, 1, 0, 1, 1, 0, 2, 0, 0, 0, 1, 0, 0, 0, 0, 1, 0, 0, 2, 2, 2, 0, 0, 0, 0, 0, 0, 0, 0, 0, 2, 2, 3, 0, 2, 1, 2, 1, 4, 3, 6, 5, 3, 3, 2, 2, 4, 3, 514, 0, 0, 0, 0, 0, 0]",-1,-0.00029288448566678113,-1,0
3086,"[1, 1, 0, 1, 1, 1, 0, 1, 0, 1, 0, 0, 1, 0, 2, 0, 0, 0, 0, 0, 0, 0, 0, 0, 2, 0, 0, 0, 0, 0, 0, 0, 1, 1, 0, 1, 1, 0, 2, 0, 0, 0, 1, 0, 0, 0, 0, 1, 0, 0, 2, 2, 2, 0, 0, 0, 0, 0, 0, 0, 0, 0, 2, 2, 3, 0, 2, 1, 2, 1, 4, 3, 6, 5, 3, 3, 2, 2, 4, 3, 514, 0, 1, 0, 0, 0, 0]",2,0.40000070192349374,-1,0
3087,"[1, 1, 0, 1, 1, 1, 0, 1, 0, 1, 0, 0, 1, 0, 2, 0, 0, 0, 0, 0, 0, 0, 0, 0, 2, 0, 0, 0, 0, 0, 0, 0, 1, 1, 0, 1, 1, 0, 2, 0, 0, 0, 1, 0, 0, 0, 0, 1, 0, 0, 2, 2, 2, 0, 0, 0, 0, 0, 0, 0, 0, 0, 2, 2, 3, 0, 2, 1, 2, 1, 4, 3, 6, 5, 3, 3, 2, 2, 4, 3, 514, 0, 0, 0, 0, 0, 0]",-1,-0.00029288448566678113,-1,0
3088,"[1, 1, 0, 1, 1, 1, 0, 1, 0, 1, 0, 0, 1, 0, 2, 0, 0, 0, 0, 0, 0, 0, 0, 0, 2, 0, 0, 0, 0, 0, 0, 0, 1, 1, 0, 1, 1, 0, 2, 0, 0, 0, 1, 0, 0, 0, 0, 1, 0, 0, 2, 2, 2, 0, 0, 0, 0, 0, 0, 0, 0, 0, 2, 2, 3, 0, 2, 1, 2, 1, 4, 3, 6, 5, 3, 3, 2, 2, 4, 3, 514, 0, 1, 0, 0, 0, 0]",2,0.40000070192349374,-1,0
3089,"[1, 1, 0, 1, 1, 1, 0, 1, 0, 1, 0, 0, 1, 0, 2, 0, 0, 0, 0, 0, 0, 0, 0, 0, 2, 0, 0, 0, 0, 0, 0, 0, 1, 1, 0, 1, 1, 0, 2, 0, 0, 0, 1, 0, 0, 0, 0, 1, 0, 0, 2, 2, 2, 0, 0, 0, 0, 0, 0, 0, 0, 0, 2, 2, 3, 0, 2, 1, 2, 1, 4, 3, 6, 5, 3, 3, 2, 2, 4, 3, 514, 0, 0, 0, 0, 0, 0]",-1,-0.00029288448566678113,-1,0
3090,"[1, 1, 0, 1, 1, 1, 0, 1, 0, 1, 0, 0, 1, 0, 2, 0, 0, 0, 0, 0, 0, 0, 0, 0, 2, 0, 0, 0, 0, 0, 0, 0, 1, 1, 0, 1, 1, 0, 2, 0, 0, 0, 1, 0, 0, 0, 0, 1, 0, 0, 2, 2, 2, 0, 0, 0, 0, 0, 0, 0, 0, 0, 2, 2, 3, 0, 2, 1, 2, 1, 4, 3, 6, 5, 3, 3, 2, 2, 4, 3, 514, 0, 0, 0, 0, 0, 0]",1,0.6096248170231104,-1,0
3091,"[1, 1, 0, 1, 1, 1, 0, 1, 0, 1, 0, 0, 1, 0, 2, 0, 0, 0, 0, 0, 0, 0, 0, 0, 2, 0, 0, 0, 0, 0, 0, 0, 1, 1, 0, 1, 1, 0, 2, 0, 0, 0, 1, 0, 0, 0, 0, 1, 0, 0, 2, 2, 2, 0, 0, 0, 0, 0, 0, 0, 0, 0, 2, 2, 3, 0, 2, 1, 2, 1, 4, 3, 6, 5, 3, 3, 2, 2, 4, 3, 514, 0, 0, 0, 0, 0, 0]",-1,-0.00029288448566678113,-1,0
3092,"[1, 1, 0, 1, 1, 1, 0, 1, 0, 1, 0, 0, 1, 0, 2, 0, 0, 0, 0, 0, 0, 0, 0, 0, 2, 0, 0, 0, 0, 0, 0, 0, 1, 1, 0, 1, 1, 0, 2, 0, 0, 0, 1, 0, 0, 0, 0, 1, 0, 0, 2, 2, 2, 0, 0, 0, 0, 0, 0, 0, 0, 0, 2, 2, 3, 0, 2, 1, 2, 1, 4, 3, 6, 5, 3, 3, 2, 2, 4, 3, 514, 0, 1, 0, 0, 0, 0]",2,0.40000070192349374,-1,0
3093,"[1, 1, 0, 1, 1, 1, 0, 1, 0, 1, 0, 0, 1, 0, 2, 0, 0, 0, 0, 0, 0, 0, 0, 0, 2, 0, 0, 0, 0, 0, 0, 0, 1, 1, 0, 1, 1, 0, 2, 0, 0, 0, 1, 0, 0, 0, 0, 1, 0, 0, 2, 2, 2, 0, 0, 0, 0, 0, 0, 0, 0, 0, 2, 2, 3, 0, 2, 1, 2, 1, 4, 3, 6, 5, 3, 3, 2, 2, 4, 3, 514, 0, 0, 0, 0, 0, 0]",-1,-0.00029288448566678113,-1,0
3094,"[1, 1, 0, 1, 1, 1, 0, 1, 0, 1, 0, 0, 1, 0, 2, 0, 0, 0, 0, 0, 0, 0, 0, 0, 2, 0, 0, 0, 0, 0, 0, 0, 1, 1, 0, 1, 1, 0, 2, 0, 0, 0, 1, 0, 0, 0, 0, 1, 0, 0, 2, 2, 2, 0, 0, 0, 0, 0, 0, 0, 0, 0, 2, 2, 3, 0, 2, 1, 2, 1, 4, 3, 6, 5, 3, 3, 2, 2, 4, 3, 514, 0, 0, 0, 0, 0, 0]",1,0.6096248170231104,-1,0
3095,"[1, 1, 0, 1, 1, 1, 0, 1, 0, 1, 0, 0, 1, 0, 2, 0, 0, 0, 0, 0, 0, 0, 0, 0, 2, 0, 0, 0, 0, 0, 0, 0, 1, 1, 0, 1, 1, 0, 2, 0, 0, 0, 1, 0, 0, 0, 0, 1, 0, 0, 2, 2, 2, 0, 0, 0, 0, 0, 0, 0, 0, 0, 2, 2, 3, 0, 2, 1, 2, 1, 4, 3, 6, 5, 3, 3, 2, 2, 4, 3, 514, 0, 0, 0, 0, 0, 0]",-1,-0.00029288448566678113,-1,0
3096,"[1, 1, 0, 1, 1, 1, 0, 1, 0, 1, 0, 0, 1, 0, 2, 0, 0, 0, 0, 0, 0, 0, 0, 0, 2, 0, 0, 0, 0, 0, 0, 0, 1, 1, 0, 1, 1, 0, 2, 0, 0, 0, 1, 0, 0, 0, 0, 1, 0, 0, 2, 2, 2, 0, 0, 0, 0, 0, 0, 0, 0, 0, 2, 2, 3, 0, 2, 1, 2, 1, 4, 3, 6, 5, 3, 3, 2, 2, 4, 3, 514, 0, 1, 0, 0, 0, 0]",2,0.40000070192349374,-1,0
3097,"[1, 1, 0, 1, 1, 1, 0, 1, 0, 1, 0, 0, 1, 0, 2, 0, 0, 0, 0, 0, 0, 0, 0, 0, 2, 0, 0, 0, 0, 0, 0, 0, 1, 1, 0, 1, 1, 0, 2, 0, 0, 0, 1, 0, 0, 0, 0, 1, 0, 0, 2, 2, 2, 0, 0, 0, 0, 0, 0, 0, 0, 0, 2, 2, 3, 0, 2, 1, 2, 1, 4, 3, 6, 5, 3, 3, 2, 2, 4, 3, 514, 0, 0, 0, 0, 0, 0]",-1,-0.00029288448566678113,-1,0
3098,"[1, 1, 0, 1, 1, 1, 0, 1, 0, 1, 0, 0, 1, 0, 2, 0, 0, 0, 0, 0, 0, 0, 0, 0, 2, 0, 0, 0, 0, 0, 0, 0, 1, 1, 0, 1, 1, 0, 2, 0, 0, 0, 1, 0, 0, 0, 0, 1, 0, 0, 2, 2, 2, 0, 0, 0, 0, 0, 0, 0, 0, 0, 2, 2, 3, 0, 2, 1, 2, 1, 4, 3, 6, 5, 3, 3, 2, 2, 4, 3, 514, 1, 0, 0, 0, 0, 0]",3,0.20000070192349378,-1,0
3099,"[1, 1, 0, 1, 1, 1, 0, 1, 0, 1, 0, 0, 1, 0, 2, 0, 0, 0, 0, 0, 0, 0, 0, 0, 2, 0, 0, 0, 0, 0, 0, 0, 1, 1, 0, 1, 1, 0, 2, 0, 0, 0, 1, 0, 0, 0, 0, 1, 0, 0, 2, 2, 2, 0, 0, 0, 0, 0, 0, 0, 0, 0, 2, 2, 3, 0, 2, 1, 2, 1, 4, 3, 6, 5, 3, 3, 2, 2, 4, 3, 514, 0, 0, 0, 0, 0, 0]",-1,-0.00029288448566678113,-1,0
3100,"[1, 1, 0, 1, 1, 1, 0, 1, 0, 1, 0, 0, 1, 0, 2, 0, 0, 0, 0, 0, 0, 0, 0, 0, 2, 0, 0, 0, 0, 0, 0, 0, 1, 1, 0, 1, 1, 0, 2, 0, 0, 0, 1, 0, 0, 0, 0, 1, 0, 0, 2, 2, 2, 0, 0, 0, 0, 0, 0, 0, 0, 0, 2, 2, 3, 0, 2, 1, 2, 1, 4, 3, 6, 5, 3, 3, 2, 2, 4, 3, 514, 1, 0, 0, 0, 0, 0]",3,0.20000070192349378,-1,0
3101,"[1, 1, 0, 1, 1, 1, 0, 1, 0, 1, 0, 0, 1, 0, 2, 0, 0, 0, 0, 0, 0, 0, 0, 0, 2, 0, 0, 0, 0, 0, 0, 0, 1, 1, 0, 1, 1, 0, 2, 0, 0, 0, 1, 0, 0, 0, 0, 1, 0, 0, 2, 2, 2, 0, 0, 0, 0, 0, 0, 0, 0, 0, 2, 2, 3, 0, 2, 1, 2, 1, 4, 3, 6, 5, 3, 3, 2, 2, 4, 3, 514, 0, 0, 0, 0, 0, 0]",-1,-0.00029288448566678113,-1,0
3102,"[1, 1, 0, 1, 1, 1, 0, 1, 0, 1, 0, 0, 1, 0, 2, 0, 0, 0, 0, 0, 0, 0, 0, 0, 2, 0, 0, 0, 0, 0, 0, 0, 1, 1, 0, 1, 1, 0, 2, 0, 0, 0, 1, 0, 0, 0, 0, 1, 0, 0, 2, 2, 2, 0, 0, 0, 0, 0, 0, 0, 0, 0, 2, 2, 3, 0, 2, 1, 2, 1, 4, 3, 6, 5, 3, 3, 2, 2, 4, 3, 514, 0, 0, 0, 0, 0, 0]",1,0.6096248170231104,-1,0
3103,"[1, 1, 0, 1, 1, 1, 0, 1, 0, 1, 0, 0, 1, 0, 2, 0, 0, 0, 0, 0, 0, 0, 0, 0, 2, 0, 0, 0, 0, 0, 0, 0, 1, 1, 0, 1, 1, 0, 2, 0, 0, 0, 1, 0, 0, 0, 0, 1, 0, 0, 2, 2, 2, 0, 0, 0, 0, 0, 0, 0, 0, 0, 2, 2, 3, 0, 2, 1, 2, 1, 4, 3, 6, 5, 3, 3, 2, 2, 4, 3, 514, 0, 0, 0, 0, 0, 0]",-1,-0.00029288448566678113,-1,0
3104,"[1, 1, 0, 1, 1, 1, 0, 1, 0, 1, 0, 0, 1, 0, 2, 0, 0, 0, 0, 0, 0, 0, 0, 0, 2, 0, 0, 0, 0, 0, 0, 0, 1, 1, 0, 1, 1, 0, 2, 0, 0, 0, 1, 0, 0, 0, 0, 1, 0, 0, 2, 2, 2, 0, 0, 0, 0, 0, 0, 0, 0, 0, 2, 2, 3, 0, 2, 1, 2, 1, 4, 3, 6, 5, 3, 3, 2, 2, 4, 3, 514, 0, 0, 0, 0, 0, 0]",1,0.6096248170231104,-1,0
3105,"[1, 1, 0, 1, 1, 1, 0, 1, 0, 1, 0, 0, 1, 0, 2, 0, 0, 0, 0, 0, 0, 0, 0, 0, 2, 0, 0, 0, 0, 0, 0, 0, 1, 1, 0, 1, 1, 0, 2, 0, 0, 0, 1, 0, 0, 0, 0, 1, 0, 0, 2, 2, 2, 0, 0, 0, 0, 0, 0, 0, 0, 0, 2, 2, 3, 0, 2, 1, 2, 1, 4, 3, 6, 5, 3, 3, 2, 2, 4, 3, 514, 0, 0, 0, 0, 0, 0]",-1,-0.00029288448566678113,-1,0
3106,"[1, 1, 0, 1, 1, 1, 0, 1, 0, 1, 0, 0, 1, 0, 2, 0, 0, 0, 0, 0, 0, 0, 0, 0, 2, 0, 0, 0, 0, 0, 0, 0, 1, 1, 0, 1, 1, 0, 2, 0, 0, 0, 1, 0, 0, 0, 0, 1, 0, 0, 2, 2, 2, 0, 0, 0, 0, 0, 0, 0, 0, 0, 2, 2, 3, 0, 2, 1, 2, 1, 4, 3, 6, 5, 3, 3, 2, 2, 4, 3, 514, 0, 1, 0, 0, 0, 0]",2,0.40000070192349374,-1,0
3107,"[1, 1, 0, 1, 1, 1, 0, 1, 0, 1, 0, 0, 1, 0, 2, 0, 0, 0, 0, 0, 0, 0, 0, 0, 2, 0, 0, 0, 0, 0, 0, 0, 1, 1, 0, 1, 1, 0, 2, 0, 0, 0, 1, 0, 0, 0, 0, 1, 0, 0, 2, 2, 2, 0, 0, 0, 0, 0, 0, 0, 0, 0, 2, 2, 3, 0, 2, 1, 2, 1, 4, 3, 6, 5, 3, 3, 2, 2, 4, 3, 514, 0, 0, 0, 0, 0, 0]",-1,-0.00029288448566678113,-1,0
3108,"[1, 1, 0, 1, 1, 1, 0, 1, 0, 1, 0, 0, 1, 0, 2, 0, 0, 0, 0, 0, 0, 0, 0, 0, 2, 0, 0, 0, 0, 0, 0, 0, 1, 1, 0, 1, 1, 0, 2, 0, 0, 0, 1, 0, 0, 0, 0, 1, 0, 0, 2, 2, 2, 0, 0, 0, 0, 0, 0, 0, 0, 0, 2, 2, 3, 0, 2, 1, 2, 1, 4, 3, 6, 5, 3, 3, 2, 2, 4, 3, 514, 0, 1, 0, 0, 0, 0]",2,0.40000070192349374,-1,0
3109,"[1, 1, 0, 1, 1, 1, 0, 1, 0, 1, 0, 0, 1, 0, 2, 0, 0, 0, 0, 0, 0, 0, 0, 0, 2, 0, 0, 0, 0, 0, 0, 0, 1, 1, 0, 1, 1, 0, 2, 0, 0, 0, 1, 0, 0, 0, 0, 1, 0, 0, 2, 2, 2, 0, 0, 0, 0, 0, 0, 0, 0, 0, 2, 2, 3, 0, 2, 1, 2, 1, 4, 3, 6, 5, 3, 3, 2, 2, 4, 3, 514, 0, 0, 0, 0, 0, 0]",-1,-0.00029288448566678113,-1,0
3110,"[1, 1, 0, 1, 1, 1, 0, 2, 0, 1, 0, 0, 1, 0, 2, 0, 0, 0, 0, 0, 0, 0, 0, 0, 2, 0, 0, 0, 0, 0, 0, 0, 1, 1, 0, 1, 1, 0, 2, 0, 0, 0, 1, 0, 0, 0, 0, 1, 0, 0, 2, 2, 2, 0, 0, 0, 0, 0, 0, 0, 0, 0, 2, 2, 3, 0, 2, 1, 2, 1, 4, 3, 6, 5, 3, 3, 2, 2, 4, 3, 515, 0, 0, 0, 0, 0, 0]",4,14.533979727382231,-1,0
3111,"[1, 1, 0, 1, 1, 1, 0, 2, 0, 1, 0, 0, 1, 0, 2, 0, 0, 0, 0, 0, 0, 0, 0, 0, 2, 0, 0, 0, 0, 0, 0, 0, 1, 1, 0, 1, 1, 0, 2, 0, 0, 0, 1, 0, 0, 0, 0, 1, 0, 0, 2, 2, 2, 0, 0, 0, 0, 0, 0, 0, 0, 0, 2, 2, 3, 0, 2, 1, 2, 1, 4, 3, 6, 5, 3, 3, 2, 2, 4, 3, 515, 0, 0, 0, 0, 0, 0]",-1,-0.0002899702363421071,-1,1
3112,"[1, 1, 0, 1, 1, 1, 0, 2, 0, 1, 0, 0, 1, 0, 2, 0, 0, 0, 0, 0, 0, 0, 0, 0, 2, 0, 0, 0, 0, 0, 0, 0, 1, 1, 0, 1, 1, 0, 2, 0, 0, 0, 1, 0, 0, 0, 0, 1, 0, 0, 2, 2, 2, 0, 0, 0, 0, 0, 0, 0, 0, 0, 2, 2, 3, 0, 2, 1, 2, 1, 4, 3, 6, 5, 3, 3, 2, 2, 4, 3, 515, 0, 0, 0, 0, 0, 0]",-1,-0.0002899702363421071,-1,1
3113,"[1, 1, 0, 1, 3, 1, 0, 2, 0, 1, 0, 0, 1, 0, 2, 0, 0, 0, 0, 0, 0, 0, 0, 0, 2, 0, 0, 0, 0, 0, 0, 0, 1, 1, 0, 1, 1, 0, 2, 0, 0, 0, 1, 0, 0, 0, 0, 1, 0, 0, 2, 2, 2, 0, 0, 0, 0, 0, 0, 0, 0, 0, 2, 2, 3, 0, 2, 1, 2, 1, 4, 3, 6, 5, 3, 3, 2, 2, 4, 3, 516, 0, 0, 0, 0, 0, 0]",4,11.342835057044423,-1,1
3114,"[1, 1, 0, 1, 3, 1, 0, 2, 0, 1, 0, 0, 1, 0, 2, 0, 0, 0, 0, 0, 0, 0, 0, 0, 2, 0, 0, 0, 0, 0, 0, 0, 1, 1, 0, 1, 1, 0, 2, 0, 0, 0, 1, 0, 0, 0, 0, 1, 0, 0, 2, 2, 2, 0, 0, 0, 0, 0, 0, 0, 0, 0, 2, 2, 3, 0, 2, 1, 2, 1, 4, 3, 6, 5, 3, 3, 2, 2, 4, 3, 516, 1, 0, 0, 0, 0, 0]",3,0.20000064795722589,-1,0
3115,"[1, 1, 0, 1, 3, 1, 0, 2, 0, 1, 0, 0, 1, 0, 2, 0, 0, 0, 0, 0, 0, 0, 0, 0, 2, 0, 0, 0, 0, 0, 0, 0, 1, 1, 0, 1, 1, 0, 2, 0, 0, 0, 1, 0, 0, 0, 0, 1, 0, 0, 2, 2, 2, 0, 0, 0, 0, 0, 0, 0, 0, 0, 2, 2, 3, 0, 2, 1, 2, 1, 4, 3, 6, 5, 3, 3, 2, 2, 4, 3, 516, 0, 0, 0, 0, 0, 0]",-1,-0.00028708498428271014,-1,0
3116,"[1, 1, 0, 1, 3, 1, 0, 2, 0, 1, 0, 0, 1, 0, 2, 0, 0, 0, 0, 0, 0, 0, 0, 0, 2, 0, 0, 0, 0, 0, 0, 0, 1, 1, 0, 1, 1, 0, 2, 0, 0, 0, 1, 0, 0, 0, 0, 1, 0, 0, 2, 2, 2, 0, 0, 0, 0, 0, 0, 0, 0, 0, 2, 2, 3, 0, 2, 1, 2, 1, 4, 3, 6, 5, 3, 3, 2, 2, 4, 3, 516, 0, 0, 0, 0, 0, 0]",1,0.6096247630568425,-1,0
3117,"[1, 1, 0, 1, 3, 1, 0, 2, 0, 1, 0, 0, 1, 0, 2, 0, 0, 0, 0, 0, 0, 0, 0, 0, 2, 0, 0, 0, 0, 0, 0, 0, 1, 1, 0, 1, 1, 0, 2, 0, 0, 0, 1, 0, 0, 0, 0, 1, 0, 0, 2, 2, 2, 0, 0, 0, 0, 0, 0, 0, 0, 0, 2, 2, 3, 0, 2, 1, 2, 1, 4, 3, 6, 5, 3, 3, 2, 2, 4, 3, 516, 0, 0, 0, 0, 0, 0]",-1,-0.00028708498428271014,-1,0
3118,"[1, 1, 0, 1, 3, 1, 0, 2, 0, 1, 0, 0, 1, 0, 2, 0, 0, 0, 0, 0, 0, 0, 0, 0, 2, 0, 0, 0, 0, 0, 0, 0, 1, 1, 0, 1, 1, 0, 2, 0, 0, 0, 1, 0, 0, 0, 0, 1, 0, 0, 2, 2, 2, 0, 0, 0, 0, 0, 0, 0, 0, 0, 2, 2, 3, 0, 2, 1, 2, 1, 4, 3, 6, 5, 3, 3, 2, 2, 4, 3, 516, 1, 0, 0, 0, 0, 0]",3,0.20000064795722589,-1,0
3119,"[1, 1, 0, 1, 3, 1, 0, 2, 0, 1, 0, 0, 1, 0, 2, 0, 0, 0, 0, 0, 0, 0, 0, 0, 2, 0, 0, 0, 0, 0, 0, 0, 1, 1, 0, 1, 1, 0, 2, 0, 0, 0, 1, 0, 0, 0, 0, 1, 0, 0, 2, 2, 2, 0, 0, 0, 0, 0, 0, 0, 0, 0, 2, 2, 3, 0, 2, 1, 2, 1, 4, 3, 6, 5, 3, 3, 2, 2, 4, 3, 516, 0, 0, 0, 0, 0, 0]",-1,-0.00028708498428271014,-1,0
3120,"[1, 1, 0, 1, 3, 1, 0, 2, 0, 1, 0, 0, 1, 0, 2, 0, 0, 0, 0, 0, 0, 0, 0, 0, 2, 0, 0, 0, 0, 0, 0, 0, 1, 1, 0, 1, 1, 0, 2, 0, 0, 0, 1, 0, 0, 0, 0, 1, 0, 0, 2, 2, 2, 0, 0, 0, 0, 0, 0, 0, 0, 0, 2, 2, 3, 0, 2, 1, 2, 1, 4, 3, 6, 5, 3, 3, 2, 2, 4, 3, 516, 0, 1, 0, 0, 0, 0]",2,0.40000064795722584,-1,0
3121,"[1, 1, 0, 1, 3, 1, 0, 2, 0, 1, 0, 0, 1, 0, 2, 0, 0, 0, 0, 0, 0, 0, 0, 0, 2, 0, 0, 0, 0, 0, 0, 0, 1, 1, 0, 1, 1, 0, 2, 0, 0, 0, 1, 0, 0, 0, 0, 1, 0, 0, 2, 2, 2, 0, 0, 0, 0, 0, 0, 0, 0, 0, 2, 2, 3, 0, 2, 1, 2, 1, 4, 3, 6, 5, 3, 3, 2, 2, 4, 3, 516, 0, 0, 0, 0, 0, 0]",-1,-0.00028708498428271014,-1,0
3122,"[1, 1, 0, 1, 5, 1, 0, 2, 0, 1, 0, 0, 1, 0, 2, 0, 0, 0, 0, 0, 0, 0, 0, 0, 2, 0, 0, 0, 0, 0, 0, 0, 1, 1, 0, 1, 1, 0, 2, 0, 0, 0, 1, 0, 0, 0, 0, 1, 0, 0, 2, 2, 2, 0, 0, 0, 0, 0, 0, 0, 0, 0, 2, 2, 3, 0, 2, 1, 2, 1, 4, 3, 6, 5, 3, 3, 2, 2, 4, 3, 517, 0, 0, 0, 0, 0, 0]",4,14.533968076529229,-1,0
3123,"[2, 1, 0, 1, 5, 1, 0, 2, 0, 1, 0, 0, 1, 0, 2, 0, 0, 0, 0, 0, 0, 0, 0, 0, 2, 0, 0, 0, 0, 0, 0, 0, 1, 1, 0, 1, 1, 0, 2, 0, 0, 0, 1, 0, 0, 0, 0, 1, 0, 0, 2, 2, 2, 0, 0, 0, 0, 0, 0, 0, 0, 0, 2, 2, 3, 0, 2, 1, 2, 1, 4, 3, 6, 5, 3, 3, 2, 2, 4, 3, 518, 0, 0, 0, 0, 0, 0]",4,11.138620933828658,-1,1
3124,"[2, 1, 0, 1, 5, 1, 0, 2, 0, 1, 0, 0, 1, 0, 2, 0, 0, 0, 0, 0, 0, 0, 0, 0, 2, 0, 0, 0, 0, 0, 0, 0, 1, 1, 0, 1, 1, 0, 2, 0, 0, 0, 1, 0, 0, 0, 0, 1, 0, 0, 2, 2, 2, 0, 0, 0, 0, 0, 0, 0, 0, 0, 2, 2, 3, 0, 2, 1, 2, 1, 4, 3, 6, 5, 3, 3, 2, 2, 4, 3, 518, 1, 0, 0, 0, 0, 0]",3,0.20000059814005597,-1,0
3125,"[0, 1, 0, 2, 5, 1, 0, 2, 0, 1, 0, 0, 1, 0, 2, 0, 0, 0, 0, 0, 0, 0, 0, 0, 2, 0, 0, 0, 0, 0, 0, 0, 1, 1, 0, 1, 1, 0, 2, 0, 0, 0, 1, 0, 0, 0, 0, 1, 0, 0, 2, 2, 2, 0, 0, 0, 0, 0, 0, 0, 0, 0, 2, 2, 3, 0, 2, 1, 2, 1, 4, 3, 6, 5, 3, 3, 2, 2, 4, 3, 518, 0, 0, 0, 0, 0, 0]","[[2 0 0 0]
 [0 0 0 1]]",-0.198541719948903,-1,0
3126,"[0, 1, 0, 2, 5, 1, 0, 2, 0, 1, 0, 0, 1, 0, 2, 0, 0, 0, 0, 0, 0, 0, 0, 0, 2, 0, 0, 0, 0, 0, 0, 0, 1, 1, 0, 1, 1, 0, 2, 0, 0, 0, 1, 0, 0, 0, 0, 1, 0, 0, 2, 2, 2, 0, 0, 0, 0, 0, 0, 0, 0, 0, 2, 2, 3, 0, 2, 1, 2, 1, 4, 3, 6, 5, 3, 3, 2, 2, 4, 3, 518, 1, 0, 0, 0, 0, 0]",3,0.20000059814005597,-1,0
3127,"[0, 1, 0, 2, 5, 1, 0, 2, 0, 1, 0, 0, 1, 0, 2, 0, 0, 0, 0, 0, 0, 0, 0, 0, 2, 0, 0, 0, 0, 0, 0, 0, 1, 1, 0, 1, 1, 0, 2, 0, 0, 0, 1, 0, 0, 0, 0, 1, 0, 0, 2, 2, 2, 0, 0, 0, 0, 0, 0, 0, 0, 0, 2, 2, 3, 0, 2, 1, 2, 1, 4, 3, 6, 5, 3, 3, 2, 2, 4, 3, 518, 0, 0, 0, 0, 0, 0]",-1,-0.0002814003207202033,-1,0
3128,"[0, 1, 0, 2, 5, 1, 0, 2, 0, 1, 0, 0, 1, 0, 2, 0, 0, 0, 0, 0, 0, 0, 0, 0, 2, 0, 0, 0, 0, 0, 0, 0, 1, 1, 0, 1, 1, 0, 2, 0, 0, 0, 1, 0, 0, 0, 0, 1, 0, 0, 2, 2, 2, 0, 0, 0, 0, 0, 0, 0, 0, 0, 2, 2, 3, 0, 2, 1, 2, 1, 4, 3, 6, 5, 3, 3, 2, 2, 4, 3, 518, 1, 0, 0, 0, 0, 0]",3,0.20000059814005597,-1,0
3129,"[0, 1, 0, 2, 5, 1, 0, 2, 0, 1, 0, 0, 1, 0, 2, 0, 0, 0, 0, 0, 0, 0, 0, 0, 2, 0, 0, 0, 0, 0, 0, 0, 1, 1, 0, 1, 1, 0, 2, 0, 0, 0, 1, 0, 0, 0, 0, 1, 0, 0, 2, 2, 2, 0, 0, 0, 0, 0, 0, 0, 0, 0, 2, 2, 3, 0, 2, 1, 2, 1, 4, 3, 6, 5, 3, 3, 2, 2, 4, 3, 518, 0, 0, 0, 0, 0, 0]",-1,-0.0002814003207202033,-1,0
3130,"[0, 2, 0, 2, 5, 2, 0, 2, 0, 1, 0, 0, 1, 0, 2, 0, 0, 0, 0, 0, 0, 0, 0, 0, 2, 0, 0, 0, 0, 0, 0, 0, 1, 1, 0, 1, 1, 0, 2, 0, 0, 0, 1, 0, 0, 0, 0, 1, 0, 0, 2, 2, 2, 0, 0, 0, 0, 0, 0, 0, 0, 0, 2, 2, 3, 0, 2, 1, 2, 1, 4, 3, 6, 5, 3, 3, 2, 2, 4, 3, 519, 0, 0, 0, 0, 0, 0]",4,14.016626044269335,-1,0
3131,"[0, 1, 0, 1, 2, 1, 0, 1, 0, 1, 0, 0, 1, 0, 2, 0, 0, 0, 0, 0, 0, 0, 0, 0, 2, 0, 0, 0, 0, 0, 0, 0, 1, 1, 0, 1, 1, 0, 2, 0, 0, 0, 1, 0, 0, 0, 0, 1, 0, 0, 2, 2, 2, 0, 0, 0, 0, 0, 0, 0, 0, 0, 2, 2, 3, 0, 2, 1, 2, 1, 4, 3, 6, 5, 3, 3, 2, 2, 4, 2, 520, 0, 0, 0, 0, 0, 0]",4,11.574326316208325,-1,1
3132,"[0, 1, 0, 1, 2, 1, 0, 1, 0, 1, 0, 0, 1, 0, 2, 0, 0, 0, 0, 0, 0, 0, 0, 0, 2, 0, 0, 0, 0, 0, 0, 0, 1, 1, 0, 1, 1, 0, 2, 0, 0, 0, 1, 0, 0, 0, 0, 1, 0, 0, 2, 2, 2, 0, 0, 0, 0, 0, 0, 0, 0, 0, 2, 2, 3, 0, 2, 1, 2, 1, 4, 3, 6, 5, 3, 3, 2, 2, 4, 2, 520, 1, 0, 0, 0, 0, 0]",3,0.20000055215299006,-1,0
3133,"[0, 1, 0, 1, 2, 1, 0, 1, 0, 1, 0, 0, 1, 0, 2, 0, 0, 0, 0, 0, 0, 0, 0, 0, 2, 0, 0, 0, 0, 0, 0, 0, 1, 1, 0, 1, 1, 0, 2, 0, 0, 0, 1, 0, 0, 0, 0, 1, 0, 0, 2, 2, 2, 0, 0, 0, 0, 0, 0, 0, 0, 0, 2, 2, 3, 0, 2, 1, 2, 1, 4, 3, 6, 5, 3, 3, 2, 2, 4, 2, 520, 0, 0, 0, 0, 0, 0]",-1,-0.0002758282210380386,-1,0
3134,"[0, 1, 0, 1, 1, 1, 0, 1, 0, 1, 0, 0, 1, 0, 2, 0, 0, 0, 0, 0, 0, 0, 0, 0, 2, 0, 0, 0, 0, 0, 0, 0, 1, 1, 0, 1, 1, 0, 2, 0, 0, 0, 1, 0, 0, 0, 0, 1, 0, 0, 2, 2, 2, 0, 0, 0, 0, 0, 0, 0, 0, 0, 2, 2, 3, 0, 2, 1, 2, 1, 4, 3, 6, 5, 3, 3, 2, 2, 4, 2, 521, 0, 0, 0, 0, 0, 0]",4,14.260015358238672,-1,0
3135,"[0, 1, 0, 1, 1, 1, 0, 1, 0, 1, 0, 0, 1, 0, 2, 0, 0, 0, 0, 0, 0, 0, 0, 0, 2, 0, 0, 0, 0, 0, 0, 0, 1, 1, 0, 1, 1, 0, 2, 0, 0, 0, 1, 0, 0, 0, 0, 1, 0, 0, 2, 2, 2, 0, 0, 0, 0, 0, 0, 0, 0, 0, 2, 2, 3, 0, 2, 1, 2, 1, 4, 3, 6, 5, 3, 3, 2, 2, 4, 2, 521, 1, 0, 0, 0, 0, 0]",3,0.20000053050281907,-1,1
3136,"[0, 1, 0, 1, 1, 1, 0, 1, 0, 1, 0, 0, 1, 0, 2, 0, 0, 0, 0, 0, 0, 0, 0, 0, 2, 0, 0, 0, 0, 0, 0, 0, 1, 1, 0, 1, 1, 0, 2, 0, 0, 0, 1, 0, 0, 0, 0, 1, 0, 0, 2, 2, 2, 0, 0, 0, 0, 0, 0, 0, 0, 0, 2, 2, 3, 0, 2, 1, 2, 1, 4, 3, 6, 5, 3, 3, 2, 2, 4, 2, 521, 0, 0, 0, 0, 0, 0]",-1,-0.00027308368438203897,-1,1
3137,"[0, 1, 0, 1, 1, 1, 0, 1, 0, 1, 0, 0, 1, 0, 2, 0, 0, 0, 0, 0, 0, 0, 0, 0, 2, 0, 0, 0, 0, 0, 0, 0, 1, 1, 0, 1, 1, 0, 2, 0, 0, 0, 1, 0, 0, 0, 0, 1, 0, 0, 2, 2, 2, 0, 0, 0, 0, 0, 0, 0, 0, 0, 2, 2, 3, 0, 2, 1, 2, 1, 4, 3, 6, 5, 3, 3, 2, 2, 4, 2, 521, 0, 0, 0, 0, 0, 0]",-1,-0.00027308368438203897,-1,1
3138,"[0, 1, 0, 1, 1, 1, 0, 1, 0, 1, 0, 0, 1, 0, 2, 0, 0, 0, 0, 0, 0, 0, 0, 0, 2, 0, 0, 0, 0, 0, 0, 0, 1, 1, 0, 1, 1, 0, 2, 0, 0, 0, 1, 0, 0, 0, 0, 1, 0, 0, 2, 2, 2, 0, 0, 0, 0, 0, 0, 0, 0, 0, 2, 2, 3, 0, 2, 1, 2, 1, 4, 3, 6, 5, 3, 3, 2, 2, 4, 3, 522, 0, 0, 0, 0, 0, 0]",4,11.733939961080447,-1,1
3139,"[0, 1, 0, 1, 1, 1, 0, 1, 0, 1, 0, 0, 1, 0, 2, 0, 0, 0, 0, 0, 0, 0, 0, 0, 2, 0, 0, 0, 0, 0, 0, 0, 1, 1, 0, 1, 1, 0, 2, 0, 0, 0, 1, 0, 0, 0, 0, 1, 0, 0, 2, 2, 2, 0, 0, 0, 0, 0, 0, 0, 0, 0, 2, 2, 3, 0, 2, 1, 2, 1, 4, 3, 6, 5, 3, 3, 2, 2, 4, 3, 522, 0, 1, 0, 0, 0, 0]",2,0.400000509701559,-1,0
3140,"[0, 1, 0, 1, 1, 1, 0, 1, 0, 1, 0, 0, 1, 0, 2, 0, 0, 0, 0, 0, 0, 0, 0, 0, 2, 0, 0, 0, 0, 0, 0, 0, 1, 1, 0, 1, 1, 0, 2, 0, 0, 0, 1, 0, 0, 0, 0, 1, 0, 0, 2, 2, 2, 0, 0, 0, 0, 0, 0, 0, 0, 0, 2, 2, 3, 0, 2, 1, 2, 1, 4, 3, 6, 5, 3, 3, 2, 2, 4, 3, 522, 0, 1, 0, 0, 1, 0]","[[0 0 0 1]
 [1 0 0 0]]",0.6504253747596499,-1,0
3141,"[0, 1, 0, 1, 1, 1, 0, 1, 0, 1, 0, 0, 1, 0, 2, 0, 0, 0, 0, 0, 0, 0, 0, 0, 2, 0, 0, 0, 0, 0, 0, 0, 1, 1, 0, 1, 1, 0, 2, 0, 0, 0, 1, 0, 0, 0, 0, 1, 0, 0, 2, 2, 2, 0, 0, 0, 0, 0, 0, 0, 0, 0, 2, 2, 3, 0, 2, 1, 2, 1, 4, 3, 6, 5, 3, 3, 2, 2, 4, 3, 522, 0, 0, 0, 0, 0, 0]",1,-41.609539453934836,-1,1
3142,"[0, 1, 0, 1, 1, 1, 0, 1, 0, 1, 0, 0, 1, 0, 2, 0, 0, 0, 0, 0, 0, 0, 0, 0, 2, 0, 0, 0, 0, 0, 0, 0, 1, 1, 0, 1, 1, 0, 2, 0, 0, 0, 1, 0, 0, 0, 0, 1, 0, 0, 2, 2, 2, 0, 0, 0, 0, 0, 0, 0, 0, 0, 2, 2, 3, 0, 2, 1, 2, 1, 4, 3, 6, 5, 3, 3, 2, 2, 4, 3, 522, 0, 1, 0, 0, 0, 0]",2,0.400000509701559,-1,0
3143,"[0, 1, 0, 1, 1, 1, 0, 1, 0, 1, 0, 0, 1, 0, 2, 0, 0, 0, 0, 0, 0, 0, 0, 0, 2, 0, 0, 0, 0, 0, 0, 0, 1, 1, 0, 1, 1, 0, 2, 0, 0, 0, 1, 0, 0, 0, 0, 1, 0, 0, 2, 2, 2, 0, 0, 0, 0, 0, 0, 0, 0, 0, 2, 2, 3, 0, 2, 1, 2, 1, 4, 3, 6, 5, 3, 3, 2, 2, 4, 3, 522, 0, 1, 0, 0, 1, 0]","[[0 1 0 0]
 [1 0 0 0]]",0.6504253747596499,-1,0
3144,"[1, 0, 0, 1, 0, 2, 0, 1, 0, 1, 0, 0, 1, 0, 2, 0, 0, 0, 0, 0, 0, 0, 0, 0, 2, 0, 0, 0, 0, 0, 0, 0, 1, 1, 0, 1, 1, 0, 2, 0, 0, 0, 1, 0, 0, 0, 0, 1, 0, 0, 2, 2, 2, 0, 0, 0, 0, 0, 0, 0, 0, 0, 2, 2, 3, 0, 2, 1, 2, 1, 4, 3, 6, 5, 3, 3, 2, 2, 4, 3, 522, 0, 0, 0, 0, 0, 0]",0,-0.19999949029844102,-1,1
3145,"[1, 0, 0, 1, 0, 2, 0, 1, 0, 1, 0, 0, 1, 0, 2, 0, 0, 0, 0, 0, 0, 0, 0, 0, 2, 0, 0, 0, 0, 0, 0, 0, 1, 1, 0, 1, 1, 0, 2, 0, 0, 0, 1, 0, 0, 0, 0, 1, 0, 0, 2, 2, 2, 0, 0, 0, 0, 0, 0, 0, 0, 0, 2, 2, 3, 0, 2, 1, 2, 1, 4, 3, 6, 5, 3, 3, 2, 2, 4, 3, 522, 1, 0, 0, 0, 0, 0]",3,0.200000509701559,-1,0
3146,"[1, 0, 0, 1, 0, 2, 0, 1, 0, 1, 0, 0, 1, 0, 2, 0, 0, 0, 0, 0, 0, 0, 0, 0, 2, 0, 0, 0, 0, 0, 0, 0, 1, 1, 0, 1, 1, 0, 2, 0, 0, 0, 1, 0, 0, 0, 0, 1, 0, 0, 2, 2, 2, 0, 0, 0, 0, 0, 0, 0, 0, 0, 2, 2, 3, 0, 2, 1, 2, 1, 4, 3, 6, 5, 3, 3, 2, 2, 4, 3, 522, 0, 0, 0, 0, 0, 0]",-1,-0.000270366456322048,-1,0
3147,"[1, 0, 0, 1, 0, 2, 0, 1, 0, 1, 0, 0, 1, 0, 2, 0, 0, 0, 0, 0, 0, 0, 0, 0, 2, 0, 0, 0, 0, 0, 0, 0, 1, 1, 0, 1, 1, 0, 2, 0, 0, 0, 1, 0, 0, 0, 0, 1, 0, 0, 2, 2, 2, 0, 0, 0, 0, 0, 0, 0, 0, 0, 2, 2, 3, 0, 2, 1, 2, 1, 4, 3, 6, 5, 3, 3, 2, 2, 4, 3, 522, 0, 1, 0, 0, 0, 0]",2,0.400000509701559,-1,0
3148,"[1, 0, 0, 1, 0, 2, 0, 1, 0, 1, 0, 0, 1, 0, 2, 0, 0, 0, 0, 0, 0, 0, 0, 0, 2, 0, 0, 0, 0, 0, 0, 0, 1, 1, 0, 1, 1, 0, 2, 0, 0, 0, 1, 0, 0, 0, 0, 1, 0, 0, 2, 2, 2, 0, 0, 0, 0, 0, 0, 0, 0, 0, 2, 2, 3, 0, 2, 1, 2, 1, 4, 3, 6, 5, 3, 3, 2, 2, 4, 3, 522, 0, 1, 0, 0, 1, 0]","[[1 0 0 0]
 [0 1 0 0]]",0.6504253747596499,-1,0
3149,"[0, 1, 0, 1, 1, 1, 0, 1, 0, 1, 0, 0, 1, 0, 2, 0, 0, 0, 0, 0, 0, 0, 0, 0, 2, 0, 0, 0, 0, 0, 0, 0, 1, 1, 0, 1, 1, 0, 2, 0, 0, 0, 1, 0, 0, 0, 0, 1, 0, 0, 2, 2, 2, 0, 0, 0, 0, 0, 0, 0, 0, 0, 2, 2, 3, 0, 2, 1, 2, 1, 4, 3, 6, 5, 3, 3, 2, 2, 4, 3, 522, 0, 0, 0, 0, 0, 0]",0,-0.19999949029844102,-1,1
3150,"[1, 1, 0, 1, 1, 1, 0, 1, 0, 1, 0, 0, 1, 0, 2, 0, 0, 0, 0, 0, 0, 0, 0, 0, 2, 0, 0, 0, 0, 0, 0, 0, 1, 1, 0, 1, 1, 0, 2, 0, 0, 0, 1, 0, 0, 0, 0, 1, 0, 0, 2, 2, 2, 0, 0, 0, 0, 0, 0, 0, 0, 0, 2, 2, 3, 0, 2, 1, 2, 1, 4, 3, 6, 5, 3, 3, 2, 2, 4, 3, 523, 0, 0, 0, 0, 0, 0]",4,14.533934506638692,-1,0
3151,"[1, 1, 0, 1, 1, 1, 0, 1, 0, 1, 0, 0, 1, 0, 2, 0, 0, 0, 0, 0, 0, 0, 0, 0, 2, 0, 0, 0, 0, 0, 0, 0, 1, 1, 0, 1, 1, 0, 2, 0, 0, 0, 1, 0, 0, 0, 0, 1, 0, 0, 2, 2, 2, 0, 0, 0, 0, 0, 0, 0, 0, 0, 2, 2, 3, 0, 2, 1, 2, 1, 4, 3, 6, 5, 3, 3, 2, 2, 4, 3, 523, 0, 1, 0, 0, 0, 0]",2,0.40000048971592395,-1,1
3152,"[1, 1, 0, 1, 1, 1, 0, 1, 0, 1, 0, 0, 1, 0, 2, 0, 0, 0, 0, 0, 0, 0, 0, 0, 2, 0, 0, 0, 0, 0, 0, 0, 1, 1, 0, 1, 1, 0, 2, 0, 0, 0, 1, 0, 0, 0, 0, 1, 0, 0, 2, 2, 2, 0, 0, 0, 0, 0, 0, 0, 0, 0, 2, 2, 3, 0, 2, 1, 2, 1, 4, 3, 6, 5, 3, 3, 2, 2, 4, 3, 523, 0, 0, 0, 0, 0, 0]",-1,-0.00026767626513299515,-1,1
3153,"[2, 1, 0, 1, 1, 1, 0, 1, 0, 1, 0, 0, 1, 0, 2, 0, 0, 0, 0, 0, 0, 0, 0, 0, 2, 0, 0, 0, 0, 0, 0, 0, 1, 1, 0, 1, 1, 0, 2, 0, 0, 0, 1, 0, 0, 0, 0, 1, 0, 0, 2, 2, 2, 0, 0, 0, 0, 0, 0, 0, 0, 0, 2, 2, 3, 0, 2, 1, 2, 1, 4, 3, 6, 5, 3, 3, 2, 2, 4, 3, 524, 0, 0, 0, 0, 0, 0]",4,11.733929107054323,-1,1
3154,"[2, 1, 0, 1, 1, 1, 0, 1, 0, 1, 0, 0, 1, 0, 2, 0, 0, 0, 0, 0, 0, 0, 0, 0, 2, 0, 0, 0, 0, 0, 0, 0, 1, 1, 0, 1, 1, 0, 2, 0, 0, 0, 1, 0, 0, 0, 0, 1, 0, 0, 2, 2, 2, 0, 0, 0, 0, 0, 0, 0, 0, 0, 2, 2, 3, 0, 2, 1, 2, 1, 4, 3, 6, 5, 3, 3, 2, 2, 4, 3, 524, 0, 0, 0, 0, 0, 0]",0,0.24271934293750616,-1,0
3155,"[2, 1, 0, 1, 1, 1, 0, 1, 0, 1, 0, 0, 1, 0, 2, 0, 0, 0, 0, 0, 0, 0, 0, 0, 2, 0, 0, 0, 0, 0, 0, 0, 1, 1, 0, 1, 1, 0, 2, 0, 0, 0, 1, 0, 0, 0, 0, 1, 0, 0, 2, 2, 2, 0, 0, 0, 0, 0, 0, 0, 0, 0, 2, 2, 3, 0, 2, 1, 2, 1, 4, 3, 6, 5, 3, 3, 2, 2, 4, 3, 524, 0, 0, 0, 0, 0, 0]",-1,-0.0002650128417935201,-1,0
3156,"[2, 1, 0, 1, 1, 1, 0, 1, 0, 1, 0, 0, 1, 0, 2, 0, 0, 0, 0, 0, 0, 0, 0, 0, 2, 0, 0, 0, 0, 0, 0, 0, 1, 1, 0, 1, 1, 0, 2, 0, 0, 0, 1, 0, 0, 0, 0, 1, 0, 0, 2, 2, 2, 0, 0, 0, 0, 0, 0, 0, 0, 0, 2, 2, 3, 0, 2, 1, 2, 1, 4, 3, 6, 5, 3, 3, 2, 2, 4, 3, 524, 0, 0, 0, 0, 0, 0]",0,0.24271934293750616,-1,0
3157,"[2, 1, 0, 1, 1, 1, 0, 1, 0, 1, 0, 0, 1, 0, 2, 0, 0, 0, 0, 0, 0, 0, 0, 0, 2, 0, 0, 0, 0, 0, 0, 0, 1, 1, 0, 1, 1, 0, 2, 0, 0, 0, 1, 0, 0, 0, 0, 1, 0, 0, 2, 2, 2, 0, 0, 0, 0, 0, 0, 0, 0, 0, 2, 2, 3, 0, 2, 1, 2, 1, 4, 3, 6, 5, 3, 3, 2, 2, 4, 3, 524, 0, 0, 0, 0, 0, 0]",-1,-0.0002650128417935201,-1,0
3158,"[2, 1, 0, 1, 1, 1, 0, 1, 0, 1, 0, 0, 1, 0, 2, 0, 0, 0, 0, 0, 0, 0, 0, 0, 2, 0, 0, 0, 0, 0, 0, 0, 1, 1, 0, 1, 1, 0, 2, 0, 0, 0, 1, 0, 0, 0, 0, 1, 0, 0, 2, 2, 2, 0, 0, 0, 0, 0, 0, 0, 0, 0, 2, 2, 3, 0, 2, 1, 2, 1, 4, 3, 6, 5, 3, 3, 2, 2, 4, 3, 524, 0, 0, 0, 0, 0, 0]",0,0.24271934293750616,-1,0
3159,"[2, 1, 0, 1, 1, 1, 0, 1, 0, 1, 0, 0, 1, 0, 2, 0, 0, 0, 0, 0, 0, 0, 0, 0, 2, 0, 0, 0, 0, 0, 0, 0, 1, 1, 0, 1, 1, 0, 2, 0, 0, 0, 1, 0, 0, 0, 0, 1, 0, 0, 2, 2, 2, 0, 0, 0, 0, 0, 0, 0, 0, 0, 2, 2, 3, 0, 2, 1, 2, 1, 4, 3, 6, 5, 3, 3, 2, 2, 4, 3, 524, 0, 0, 0, 0, 0, 0]",-1,-0.0002650128417935201,-1,0
3160,"[2, 1, 0, 1, 1, 1, 0, 1, 0, 1, 0, 0, 1, 0, 2, 0, 0, 0, 0, 0, 0, 0, 0, 0, 2, 0, 0, 0, 0, 0, 0, 0, 1, 1, 0, 1, 1, 0, 2, 0, 0, 0, 1, 0, 0, 0, 0, 1, 0, 0, 2, 2, 2, 0, 0, 0, 0, 0, 0, 0, 0, 0, 2, 2, 3, 0, 2, 1, 2, 1, 4, 3, 6, 5, 3, 3, 2, 2, 4, 3, 524, 0, 0, 0, 0, 0, 0]",0,0.24271934293750616,-1,0
3161,"[2, 1, 0, 1, 1, 1, 0, 1, 0, 1, 0, 0, 1, 0, 2, 0, 0, 0, 0, 0, 0, 0, 0, 0, 2, 0, 0, 0, 0, 0, 0, 0, 1, 1, 0, 1, 1, 0, 2, 0, 0, 0, 1, 0, 0, 0, 0, 1, 0, 0, 2, 2, 2, 0, 0, 0, 0, 0, 0, 0, 0, 0, 2, 2, 3, 0, 2, 1, 2, 1, 4, 3, 6, 5, 3, 3, 2, 2, 4, 3, 524, 0, 0, 0, 0, 0, 0]",-1,-0.0002650128417935201,-1,0
3162,"[2, 1, 0, 1, 1, 1, 0, 1, 0, 1, 0, 0, 1, 0, 2, 0, 0, 0, 0, 0, 0, 0, 0, 0, 2, 0, 0, 0, 0, 0, 0, 0, 1, 1, 0, 1, 1, 0, 2, 0, 0, 0, 1, 0, 0, 0, 0, 1, 0, 0, 2, 2, 2, 0, 0, 0, 0, 0, 0, 0, 0, 0, 2, 2, 3, 0, 2, 1, 2, 1, 4, 3, 6, 5, 3, 3, 2, 2, 4, 3, 524, 0, 0, 0, 0, 0, 0]",0,0.24271934293750616,-1,0
3163,"[2, 1, 0, 1, 1, 1, 0, 1, 0, 1, 0, 0, 1, 0, 2, 0, 0, 0, 0, 0, 0, 0, 0, 0, 2, 0, 0, 0, 0, 0, 0, 0, 1, 1, 0, 1, 1, 0, 2, 0, 0, 0, 1, 0, 0, 0, 0, 1, 0, 0, 2, 2, 2, 0, 0, 0, 0, 0, 0, 0, 0, 0, 2, 2, 3, 0, 2, 1, 2, 1, 4, 3, 6, 5, 3, 3, 2, 2, 4, 3, 524, 0, 0, 0, 0, 0, 0]",-1,-0.0002650128417935201,-1,0
3164,"[2, 1, 0, 1, 1, 1, 0, 1, 0, 1, 0, 0, 1, 0, 2, 0, 0, 0, 0, 0, 0, 0, 0, 0, 2, 0, 0, 0, 0, 0, 0, 0, 1, 1, 0, 1, 1, 0, 2, 0, 0, 0, 1, 0, 0, 0, 0, 1, 0, 0, 2, 2, 2, 0, 0, 0, 0, 0, 0, 0, 0, 0, 2, 2, 3, 0, 2, 1, 2, 1, 4, 3, 6, 5, 3, 3, 2, 2, 4, 3, 524, 0, 0, 0, 0, 0, 0]",0,0.24271934293750616,-1,0
3165,"[2, 1, 0, 1, 1, 1, 0, 1, 0, 1, 0, 0, 1, 0, 2, 0, 0, 0, 0, 0, 0, 0, 0, 0, 2, 0, 0, 0, 0, 0, 0, 0, 1, 1, 0, 1, 1, 0, 2, 0, 0, 0, 1, 0, 0, 0, 0, 1, 0, 0, 2, 2, 2, 0, 0, 0, 0, 0, 0, 0, 0, 0, 2, 2, 3, 0, 2, 1, 2, 1, 4, 3, 6, 5, 3, 3, 2, 2, 4, 3, 524, 0, 0, 0, 0, 0, 0]",-1,-0.0002650128417935201,-1,0
3166,"[2, 1, 0, 1, 1, 1, 0, 1, 0, 1, 0, 0, 1, 0, 2, 0, 0, 0, 0, 0, 0, 0, 0, 0, 2, 0, 0, 0, 0, 0, 0, 0, 1, 1, 0, 1, 1, 0, 2, 0, 0, 0, 1, 0, 0, 0, 0, 1, 0, 0, 2, 2, 2, 0, 0, 0, 0, 0, 0, 0, 0, 0, 2, 2, 3, 0, 2, 1, 2, 1, 4, 3, 6, 5, 3, 3, 2, 2, 4, 3, 524, 0, 0, 0, 0, 0, 0]",0,0.24271934293750616,-1,0
3167,"[2, 1, 0, 1, 1, 1, 0, 1, 0, 1, 0, 0, 1, 0, 2, 0, 0, 0, 0, 0, 0, 0, 0, 0, 2, 0, 0, 0, 0, 0, 0, 0, 1, 1, 0, 1, 1, 0, 2, 0, 0, 0, 1, 0, 0, 0, 0, 1, 0, 0, 2, 2, 2, 0, 0, 0, 0, 0, 0, 0, 0, 0, 2, 2, 3, 0, 2, 1, 2, 1, 4, 3, 6, 5, 3, 3, 2, 2, 4, 3, 524, 0, 0, 0, 0, 0, 0]",-1,-0.0002650128417935201,-1,0
3168,"[2, 1, 0, 1, 1, 1, 0, 1, 0, 1, 0, 0, 1, 0, 2, 0, 0, 0, 0, 0, 0, 0, 0, 0, 2, 0, 0, 0, 0, 0, 0, 0, 1, 1, 0, 1, 1, 0, 2, 0, 0, 0, 1, 0, 0, 0, 0, 1, 0, 0, 2, 2, 2, 0, 0, 0, 0, 0, 0, 0, 0, 0, 2, 2, 3, 0, 2, 1, 2, 1, 4, 3, 6, 5, 3, 3, 2, 2, 4, 3, 524, 0, 0, 0, 0, 0, 0]",0,0.24271934293750616,-1,0
3169,"[2, 1, 0, 1, 1, 1, 0, 1, 0, 1, 0, 0, 1, 0, 2, 0, 0, 0, 0, 0, 0, 0, 0, 0, 2, 0, 0, 0, 0, 0, 0, 0, 1, 1, 0, 1, 1, 0, 2, 0, 0, 0, 1, 0, 0, 0, 0, 1, 0, 0, 2, 2, 2, 0, 0, 0, 0, 0, 0, 0, 0, 0, 2, 2, 3, 0, 2, 1, 2, 1, 4, 3, 6, 5, 3, 3, 2, 2, 4, 3, 524, 0, 0, 0, 0, 0, 0]",-1,-0.0002650128417935201,-1,0
3170,"[2, 1, 0, 1, 1, 1, 0, 1, 0, 1, 0, 0, 1, 0, 2, 0, 0, 0, 0, 0, 0, 0, 0, 0, 2, 0, 0, 0, 0, 0, 0, 0, 1, 1, 0, 1, 1, 0, 2, 0, 0, 0, 1, 0, 0, 0, 0, 1, 0, 0, 2, 2, 2, 0, 0, 0, 0, 0, 0, 0, 0, 0, 2, 2, 3, 0, 2, 1, 2, 1, 4, 3, 6, 5, 3, 3, 2, 2, 4, 3, 524, 0, 1, 0, 0, 0, 0]",2,0.40000047051393306,-1,0
3171,"[2, 1, 0, 1, 1, 1, 0, 1, 0, 1, 0, 0, 1, 0, 2, 0, 0, 0, 0, 0, 0, 0, 0, 0, 2, 0, 0, 0, 0, 0, 0, 0, 1, 1, 0, 1, 1, 0, 2, 0, 0, 0, 1, 0, 0, 0, 0, 1, 0, 0, 2, 2, 2, 0, 0, 0, 0, 0, 0, 0, 0, 0, 2, 2, 3, 0, 2, 1, 2, 1, 4, 3, 6, 5, 3, 3, 2, 2, 4, 3, 524, 0, 0, 0, 0, 0, 0]",-1,-0.0002650128417935201,-1,0
3172,"[2, 1, 0, 1, 1, 1, 0, 1, 0, 1, 0, 0, 1, 0, 2, 0, 0, 0, 0, 0, 0, 0, 0, 0, 2, 0, 0, 0, 0, 0, 0, 0, 1, 1, 0, 1, 1, 0, 2, 0, 0, 0, 1, 0, 0, 0, 0, 1, 0, 0, 2, 2, 2, 0, 0, 0, 0, 0, 0, 0, 0, 0, 2, 2, 3, 0, 2, 1, 2, 1, 4, 3, 6, 5, 3, 3, 2, 2, 4, 3, 524, 0, 1, 0, 0, 0, 0]",2,0.40000047051393306,-1,0
3173,"[2, 1, 0, 1, 1, 1, 0, 1, 0, 1, 0, 0, 1, 0, 2, 0, 0, 0, 0, 0, 0, 0, 0, 0, 2, 0, 0, 0, 0, 0, 0, 0, 1, 1, 0, 1, 1, 0, 2, 0, 0, 0, 1, 0, 0, 0, 0, 1, 0, 0, 2, 2, 2, 0, 0, 0, 0, 0, 0, 0, 0, 0, 2, 2, 3, 0, 2, 1, 2, 1, 4, 3, 6, 5, 3, 3, 2, 2, 4, 3, 524, 0, 0, 0, 0, 0, 0]",-1,-0.0002650128417935201,-1,0
3174,"[2, 1, 0, 1, 1, 1, 0, 1, 0, 1, 0, 0, 1, 0, 2, 0, 0, 0, 0, 0, 0, 0, 0, 0, 2, 0, 0, 0, 0, 0, 0, 0, 1, 1, 0, 1, 1, 0, 2, 0, 0, 0, 1, 0, 0, 0, 0, 1, 0, 0, 2, 2, 2, 0, 0, 0, 0, 0, 0, 0, 0, 0, 2, 2, 3, 0, 2, 1, 2, 1, 4, 3, 6, 5, 3, 3, 2, 2, 4, 3, 524, 0, 0, 0, 0, 0, 0]",1,0.6096245856135498,-1,0
3175,"[2, 1, 0, 1, 1, 1, 0, 1, 0, 1, 0, 0, 1, 0, 2, 0, 0, 0, 0, 0, 0, 0, 0, 0, 2, 0, 0, 0, 0, 0, 0, 0, 1, 1, 0, 1, 1, 0, 2, 0, 0, 0, 1, 0, 0, 0, 0, 1, 0, 0, 2, 2, 2, 0, 0, 0, 0, 0, 0, 0, 0, 0, 2, 2, 3, 0, 2, 1, 2, 1, 4, 3, 6, 5, 3, 3, 2, 2, 4, 3, 524, 0, 0, 0, 0, 0, 0]",-1,-0.0002650128417935201,-1,0
3176,"[2, 1, 0, 1, 1, 1, 0, 1, 0, 1, 0, 0, 1, 0, 2, 0, 0, 0, 0, 0, 0, 0, 0, 0, 2, 0, 0, 0, 0, 0, 0, 0, 1, 1, 0, 1, 1, 0, 2, 0, 0, 0, 1, 0, 0, 0, 0, 1, 0, 0, 2, 2, 2, 0, 0, 0, 0, 0, 0, 0, 0, 0, 2, 2, 3, 0, 2, 1, 2, 1, 4, 3, 6, 5, 3, 3, 2, 2, 4, 3, 524, 0, 1, 0, 0, 0, 0]",2,0.40000047051393306,-1,0
3177,"[2, 1, 0, 1, 1, 1, 0, 1, 0, 1, 0, 0, 1, 0, 2, 0, 0, 0, 0, 0, 0, 0, 0, 0, 2, 0, 0, 0, 0, 0, 0, 0, 1, 1, 0, 1, 1, 0, 2, 0, 0, 0, 1, 0, 0, 0, 0, 1, 0, 0, 2, 2, 2, 0, 0, 0, 0, 0, 0, 0, 0, 0, 2, 2, 3, 0, 2, 1, 2, 1, 4, 3, 6, 5, 3, 3, 2, 2, 4, 3, 524, 0, 0, 0, 0, 0, 0]",-1,-0.0002650128417935201,-1,0
3178,"[2, 1, 0, 1, 1, 1, 0, 1, 0, 1, 0, 0, 1, 0, 2, 0, 0, 0, 0, 0, 0, 0, 0, 0, 2, 0, 0, 0, 0, 0, 0, 0, 1, 1, 0, 1, 1, 0, 2, 0, 0, 0, 1, 0, 0, 0, 0, 1, 0, 0, 2, 2, 2, 0, 0, 0, 0, 0, 0, 0, 0, 0, 2, 2, 3, 0, 2, 1, 2, 1, 4, 3, 6, 5, 3, 3, 2, 2, 4, 3, 524, 0, 1, 0, 0, 0, 0]",2,0.40000047051393306,-1,0
3179,"[2, 1, 0, 1, 1, 1, 0, 1, 0, 1, 0, 0, 1, 0, 2, 0, 0, 0, 0, 0, 0, 0, 0, 0, 2, 0, 0, 0, 0, 0, 0, 0, 1, 1, 0, 1, 1, 0, 2, 0, 0, 0, 1, 0, 0, 0, 0, 1, 0, 0, 2, 2, 2, 0, 0, 0, 0, 0, 0, 0, 0, 0, 2, 2, 3, 0, 2, 1, 2, 1, 4, 3, 6, 5, 3, 3, 2, 2, 4, 3, 524, 0, 0, 0, 0, 0, 0]",-1,-0.0002650128417935201,-1,0
3180,"[2, 1, 0, 1, 1, 1, 0, 1, 0, 1, 0, 0, 1, 0, 2, 0, 0, 0, 0, 0, 0, 0, 0, 0, 2, 0, 0, 0, 0, 0, 0, 0, 1, 1, 0, 1, 1, 0, 2, 0, 0, 0, 1, 0, 0, 0, 0, 1, 0, 0, 2, 2, 2, 0, 0, 0, 0, 0, 0, 0, 0, 0, 2, 2, 3, 0, 2, 1, 2, 1, 4, 3, 6, 5, 3, 3, 2, 2, 4, 3, 524, 0, 1, 0, 0, 0, 0]",2,0.40000047051393306,-1,0
3181,"[2, 1, 0, 1, 1, 1, 0, 1, 0, 1, 0, 0, 1, 0, 2, 0, 0, 0, 0, 0, 0, 0, 0, 0, 2, 0, 0, 0, 0, 0, 0, 0, 1, 1, 0, 1, 1, 0, 2, 0, 0, 0, 1, 0, 0, 0, 0, 1, 0, 0, 2, 2, 2, 0, 0, 0, 0, 0, 0, 0, 0, 0, 2, 2, 3, 0, 2, 1, 2, 1, 4, 3, 6, 5, 3, 3, 2, 2, 4, 3, 524, 0, 0, 0, 0, 0, 0]",-1,-0.0002650128417935201,-1,0
3182,"[2, 1, 0, 1, 1, 1, 0, 1, 0, 1, 0, 0, 1, 0, 2, 0, 0, 0, 0, 0, 0, 0, 0, 0, 2, 0, 0, 0, 0, 0, 0, 0, 1, 1, 0, 1, 1, 0, 2, 0, 0, 0, 1, 0, 0, 0, 0, 1, 0, 0, 2, 2, 2, 0, 0, 0, 0, 0, 0, 0, 0, 0, 2, 2, 3, 0, 2, 1, 2, 1, 4, 3, 6, 5, 3, 3, 2, 2, 4, 3, 524, 0, 0, 0, 0, 0, 0]",1,0.6096245856135498,-1,0
3183,"[2, 1, 0, 1, 1, 1, 0, 1, 0, 1, 0, 0, 1, 0, 2, 0, 0, 0, 0, 0, 0, 0, 0, 0, 2, 0, 0, 0, 0, 0, 0, 0, 1, 1, 0, 1, 1, 0, 2, 0, 0, 0, 1, 0, 0, 0, 0, 1, 0, 0, 2, 2, 2, 0, 0, 0, 0, 0, 0, 0, 0, 0, 2, 2, 3, 0, 2, 1, 2, 1, 4, 3, 6, 5, 3, 3, 2, 2, 4, 3, 524, 0, 0, 0, 0, 0, 0]",-1,-0.0002650128417935201,-1,0
3184,"[2, 1, 0, 1, 1, 1, 0, 1, 0, 1, 0, 0, 1, 0, 2, 0, 0, 0, 0, 0, 0, 0, 0, 0, 2, 0, 0, 0, 0, 0, 0, 0, 1, 1, 0, 1, 1, 0, 2, 0, 0, 0, 1, 0, 0, 0, 0, 1, 0, 0, 2, 2, 2, 0, 0, 0, 0, 0, 0, 0, 0, 0, 2, 2, 3, 0, 2, 1, 2, 1, 4, 3, 6, 5, 3, 3, 2, 2, 4, 3, 524, 0, 0, 0, 0, 0, 0]",1,0.6096245856135498,-1,0
3185,"[2, 1, 0, 1, 1, 1, 0, 1, 0, 1, 0, 0, 1, 0, 2, 0, 0, 0, 0, 0, 0, 0, 0, 0, 2, 0, 0, 0, 0, 0, 0, 0, 1, 1, 0, 1, 1, 0, 2, 0, 0, 0, 1, 0, 0, 0, 0, 1, 0, 0, 2, 2, 2, 0, 0, 0, 0, 0, 0, 0, 0, 0, 2, 2, 3, 0, 2, 1, 2, 1, 4, 3, 6, 5, 3, 3, 2, 2, 4, 3, 524, 0, 0, 0, 0, 0, 0]",-1,-0.0002650128417935201,-1,0
3186,"[2, 1, 0, 1, 1, 1, 0, 1, 0, 1, 0, 0, 1, 0, 2, 0, 0, 0, 0, 0, 0, 0, 0, 0, 2, 0, 0, 0, 0, 0, 0, 0, 1, 1, 0, 1, 1, 0, 2, 0, 0, 0, 1, 0, 0, 0, 0, 1, 0, 0, 2, 2, 2, 0, 0, 0, 0, 0, 0, 0, 0, 0, 2, 2, 3, 0, 2, 1, 2, 1, 4, 3, 6, 5, 3, 3, 2, 2, 4, 3, 524, 0, 1, 0, 0, 0, 0]",2,0.40000047051393306,-1,0
3187,"[2, 1, 0, 1, 1, 1, 0, 1, 0, 1, 0, 0, 1, 0, 2, 0, 0, 0, 0, 0, 0, 0, 0, 0, 2, 0, 0, 0, 0, 0, 0, 0, 1, 1, 0, 1, 1, 0, 2, 0, 0, 0, 1, 0, 0, 0, 0, 1, 0, 0, 2, 2, 2, 0, 0, 0, 0, 0, 0, 0, 0, 0, 2, 2, 3, 0, 2, 1, 2, 1, 4, 3, 6, 5, 3, 3, 2, 2, 4, 3, 524, 0, 0, 0, 0, 0, 0]",-1,-0.0002650128417935201,-1,0
3188,"[2, 1, 0, 1, 1, 1, 0, 1, 0, 1, 0, 0, 1, 0, 2, 0, 0, 0, 0, 0, 0, 0, 0, 0, 2, 0, 0, 0, 0, 0, 0, 0, 1, 1, 0, 1, 1, 0, 2, 0, 0, 0, 1, 0, 0, 0, 0, 1, 0, 0, 2, 2, 2, 0, 0, 0, 0, 0, 0, 0, 0, 0, 2, 2, 3, 0, 2, 1, 2, 1, 4, 3, 6, 5, 3, 3, 2, 2, 4, 3, 524, 1, 0, 0, 0, 0, 0]",3,0.20000047051393308,-1,0
3189,"[0, 1, 0, 2, 1, 1, 0, 1, 0, 1, 0, 0, 1, 0, 2, 0, 0, 0, 0, 0, 0, 0, 0, 0, 2, 0, 0, 0, 0, 0, 0, 0, 1, 1, 0, 1, 1, 0, 2, 0, 0, 0, 1, 0, 0, 0, 0, 1, 0, 0, 2, 2, 2, 0, 0, 0, 0, 0, 0, 0, 0, 0, 2, 2, 3, 0, 2, 1, 2, 1, 4, 3, 6, 5, 3, 3, 2, 2, 4, 3, 524, 0, 0, 0, 0, 0, 0]","[[2 0 0 0]
 [0 0 0 1]]",-0.19854184757502588,-1,0
3190,"[0, 1, 0, 2, 1, 1, 0, 2, 0, 1, 0, 0, 1, 0, 2, 0, 0, 0, 0, 0, 0, 0, 0, 0, 2, 0, 0, 0, 0, 0, 0, 0, 1, 1, 0, 1, 1, 0, 2, 0, 0, 0, 1, 0, 0, 0, 0, 1, 0, 0, 2, 2, 2, 0, 0, 0, 0, 0, 0, 0, 0, 0, 2, 2, 3, 0, 2, 1, 2, 1, 4, 3, 6, 5, 3, 3, 2, 2, 4, 3, 525, 0, 0, 0, 0, 0, 0]",4,14.05619911956843,-1,0
3191,"[0, 1, 0, 2, 1, 1, 0, 2, 0, 1, 0, 0, 1, 0, 2, 0, 0, 0, 0, 0, 0, 0, 0, 0, 2, 0, 0, 0, 0, 0, 0, 0, 1, 1, 0, 1, 1, 0, 2, 0, 0, 0, 1, 0, 0, 0, 0, 1, 0, 0, 2, 2, 2, 0, 0, 0, 0, 0, 0, 0, 0, 0, 2, 2, 3, 0, 2, 1, 2, 1, 4, 3, 6, 5, 3, 3, 2, 2, 4, 3, 525, 0, 0, 0, 0, 0, 0]",0,0.3422181205338979,-1,1
3192,"[0, 1, 0, 2, 0, 0, 0, 2, 0, 1, 0, 0, 1, 0, 2, 0, 0, 0, 0, 0, 0, 0, 0, 0, 2, 0, 0, 0, 0, 0, 0, 0, 1, 1, 0, 1, 1, 0, 2, 2, 0, 0, 1, 0, 0, 0, 0, 1, 0, 0, 2, 2, 2, 0, 0, 0, 0, 0, 0, 0, 0, 0, 2, 2, 3, 0, 2, 1, 2, 1, 4, 3, 6, 5, 3, 3, 2, 2, 4, 3, 525, 0, 0, 0, 0, 0, 0]",7,0.5913919247388146,-1,1
3193,"[0, 1, 0, 2, 0, 0, 0, 2, 0, 1, 0, 0, 1, 0, 2, 0, 0, 0, 0, 0, 0, 0, 0, 0, 2, 0, 0, 0, 0, 0, 0, 0, 1, 1, 0, 1, 1, 0, 2, 2, 0, 0, 1, 0, 0, 0, 0, 1, 0, 0, 2, 2, 2, 0, 0, 0, 0, 0, 0, 0, 0, 0, 2, 2, 3, 0, 2, 1, 2, 1, 4, 3, 6, 5, 3, 3, 2, 2, 4, 3, 525, 0, 0, 0, 0, 0, 0]",-1,-0.00026237591995906923,-1,1
3194,"[0, 1, 0, 2, 2, 0, 0, 2, 0, 1, 0, 0, 1, 0, 2, 0, 0, 0, 0, 0, 0, 0, 0, 0, 2, 0, 0, 0, 0, 0, 0, 0, 1, 1, 0, 1, 1, 0, 2, 2, 0, 0, 1, 0, 0, 0, 0, 1, 0, 0, 2, 2, 2, 0, 0, 0, 0, 0, 0, 0, 0, 0, 2, 2, 3, 0, 2, 1, 2, 1, 4, 3, 6, 5, 3, 3, 2, 2, 4, 3, 526, 0, 0, 0, 0, 0, 0]",4,12.61658785512028,-1,1
3195,"[1, 1, 0, 2, 2, 0, 0, 2, 0, 1, 0, 0, 1, 0, 2, 0, 0, 0, 0, 0, 0, 0, 0, 0, 2, 0, 0, 0, 0, 0, 0, 0, 1, 1, 0, 1, 1, 0, 2, 2, 0, 0, 1, 0, 0, 0, 0, 1, 0, 0, 2, 2, 2, 0, 0, 0, 0, 0, 0, 0, 0, 0, 2, 2, 3, 0, 2, 1, 2, 1, 4, 3, 6, 5, 3, 3, 2, 2, 4, 3, 527, 0, 0, 0, 0, 0, 0]",4,14.374288511154246,-1,0
3196,"[1, 1, 0, 2, 2, 0, 0, 2, 0, 1, 0, 0, 1, 0, 2, 0, 0, 0, 0, 0, 0, 0, 0, 0, 2, 0, 0, 0, 0, 0, 0, 0, 1, 1, 0, 1, 1, 0, 2, 2, 0, 0, 1, 0, 0, 0, 0, 1, 0, 0, 2, 2, 2, 0, 0, 0, 0, 0, 0, 0, 0, 0, 2, 2, 3, 0, 2, 1, 2, 1, 4, 3, 6, 5, 3, 3, 2, 2, 4, 3, 527, 1, 0, 0, 0, 0, 0]",3,0.20000041730853405,-1,1
3197,"[1, 1, 0, 2, 2, 0, 0, 2, 0, 1, 0, 0, 1, 0, 2, 0, 0, 0, 0, 0, 0, 0, 0, 0, 2, 0, 0, 0, 0, 0, 0, 0, 1, 1, 0, 1, 1, 0, 2, 2, 0, 0, 1, 0, 0, 0, 0, 1, 0, 0, 2, 2, 2, 0, 0, 0, 0, 0, 0, 0, 0, 0, 2, 2, 3, 0, 2, 1, 2, 1, 4, 3, 6, 5, 3, 3, 2, 2, 4, 3, 527, 0, 0, 0, 0, 0, 0]",-1,-0.00025718052865151896,-1,1
3198,"[1, 2, 0, 2, 2, 1, 0, 2, 0, 1, 0, 0, 1, 0, 2, 0, 0, 0, 0, 0, 0, 0, 0, 0, 2, 0, 0, 0, 0, 0, 0, 0, 1, 1, 0, 1, 1, 0, 2, 2, 0, 0, 1, 0, 0, 0, 0, 1, 0, 0, 2, 2, 2, 0, 0, 0, 0, 0, 0, 0, 0, 0, 2, 2, 3, 0, 2, 1, 2, 1, 4, 3, 6, 5, 3, 3, 2, 2, 4, 3, 528, 0, 0, 0, 0, 0, 0]",4,12.872956265937683,-1,1
3199,"[1, 2, 0, 2, 2, 1, 0, 2, 0, 1, 0, 0, 1, 0, 2, 0, 0, 0, 0, 0, 0, 0, 0, 0, 2, 0, 0, 0, 0, 0, 0, 0, 1, 1, 0, 1, 1, 0, 2, 2, 0, 0, 1, 0, 0, 0, 0, 1, 0, 0, 2, 2, 2, 0, 0, 0, 0, 0, 0, 0, 0, 0, 2, 2, 3, 0, 2, 1, 2, 1, 4, 3, 6, 5, 3, 3, 2, 2, 4, 3, 528, 0, 0, 0, 0, 0, 0]",0,0.24271927336923826,-1,0
3200,"[1, 2, 0, 2, 2, 1, 0, 2, 0, 1, 0, 0, 1, 0, 2, 0, 0, 0, 0, 0, 0, 0, 0, 0, 2, 0, 0, 0, 0, 0, 0, 0, 1, 1, 0, 1, 1, 0, 2, 2, 0, 0, 1, 0, 0, 0, 0, 1, 0, 0, 2, 2, 2, 0, 0, 0, 0, 0, 0, 0, 0, 0, 2, 2, 3, 0, 2, 1, 2, 1, 4, 3, 6, 5, 3, 3, 2, 2, 4, 3, 528, 0, 0, 0, 0, 0, 0]",-1,-0.0002546215396349595,-1,0
3201,"[1, 2, 0, 2, 2, 1, 0, 2, 0, 1, 0, 0, 1, 0, 2, 0, 0, 0, 0, 0, 0, 0, 0, 0, 2, 0, 0, 0, 0, 0, 0, 0, 1, 1, 0, 1, 1, 0, 2, 2, 0, 0, 1, 0, 0, 0, 0, 1, 0, 0, 2, 2, 2, 0, 0, 0, 0, 0, 0, 0, 0, 0, 2, 2, 3, 0, 2, 1, 2, 1, 4, 3, 6, 5, 3, 3, 2, 2, 4, 3, 528, 0, 0, 0, 0, 0, 0]",0,0.24271927336923826,-1,0
3202,"[1, 2, 0, 2, 2, 1, 0, 2, 0, 1, 0, 0, 1, 0, 2, 0, 0, 0, 0, 0, 0, 0, 0, 0, 2, 0, 0, 0, 0, 0, 0, 0, 1, 1, 0, 1, 1, 0, 2, 2, 0, 0, 1, 0, 0, 0, 0, 1, 0, 0, 2, 2, 2, 0, 0, 0, 0, 0, 0, 0, 0, 0, 2, 2, 3, 0, 2, 1, 2, 1, 4, 3, 6, 5, 3, 3, 2, 2, 4, 3, 528, 0, 0, 0, 0, 0, 0]",-1,-0.0002546215396349595,-1,0
3203,"[1, 2, 0, 2, 2, 1, 0, 2, 0, 1, 0, 0, 1, 0, 2, 0, 0, 0, 0, 0, 0, 0, 0, 0, 2, 0, 0, 0, 0, 0, 0, 0, 1, 1, 0, 1, 1, 0, 2, 2, 0, 0, 1, 0, 0, 0, 0, 1, 0, 0, 2, 2, 2, 0, 0, 0, 0, 0, 0, 0, 0, 0, 2, 2, 3, 0, 2, 1, 2, 1, 4, 3, 6, 5, 3, 3, 2, 2, 4, 3, 528, 0, 0, 0, 0, 0, 0]",0,0.24271927336923826,-1,0
3204,"[1, 2, 0, 2, 2, 1, 0, 2, 0, 1, 0, 0, 1, 0, 2, 0, 0, 0, 0, 0, 0, 0, 0, 0, 2, 0, 0, 0, 0, 0, 0, 0, 1, 1, 0, 1, 1, 0, 2, 2, 0, 0, 1, 0, 0, 0, 0, 1, 0, 0, 2, 2, 2, 0, 0, 0, 0, 0, 0, 0, 0, 0, 2, 2, 3, 0, 2, 1, 2, 1, 4, 3, 6, 5, 3, 3, 2, 2, 4, 3, 528, 0, 0, 0, 0, 0, 0]",-1,-0.0002546215396349595,-1,0
3205,"[1, 2, 0, 2, 2, 1, 0, 2, 0, 1, 0, 0, 1, 0, 2, 0, 0, 0, 0, 0, 0, 0, 0, 0, 2, 0, 0, 0, 0, 0, 0, 0, 1, 1, 0, 1, 1, 0, 2, 2, 0, 0, 1, 0, 0, 0, 0, 1, 0, 0, 2, 2, 2, 0, 0, 0, 0, 0, 0, 0, 0, 0, 2, 2, 3, 0, 2, 1, 2, 1, 4, 3, 6, 5, 3, 3, 2, 2, 4, 3, 528, 0, 0, 0, 0, 0, 0]",0,0.24271927336923826,-1,0
3206,"[1, 2, 0, 2, 2, 1, 0, 2, 0, 1, 0, 0, 1, 0, 2, 0, 0, 0, 0, 0, 0, 0, 0, 0, 2, 0, 0, 0, 0, 0, 0, 0, 1, 1, 0, 1, 1, 0, 2, 2, 0, 0, 1, 0, 0, 0, 0, 1, 0, 0, 2, 2, 2, 0, 0, 0, 0, 0, 0, 0, 0, 0, 2, 2, 3, 0, 2, 1, 2, 1, 4, 3, 6, 5, 3, 3, 2, 2, 4, 3, 528, 0, 0, 0, 0, 0, 0]",-1,-0.0002546215396349595,-1,0
3207,"[1, 2, 0, 2, 2, 1, 0, 2, 0, 1, 0, 0, 1, 0, 2, 0, 0, 0, 0, 0, 0, 0, 0, 0, 2, 0, 0, 0, 0, 0, 0, 0, 1, 1, 0, 1, 1, 0, 2, 2, 0, 0, 1, 0, 0, 0, 0, 1, 0, 0, 2, 2, 2, 0, 0, 0, 0, 0, 0, 0, 0, 0, 2, 2, 3, 0, 2, 1, 2, 1, 4, 3, 6, 5, 3, 3, 2, 2, 4, 3, 528, 0, 0, 0, 0, 0, 0]",0,0.24271927336923826,-1,0
3208,"[1, 2, 0, 2, 2, 1, 0, 2, 0, 1, 0, 0, 1, 0, 2, 0, 0, 0, 0, 0, 0, 0, 0, 0, 2, 0, 0, 0, 0, 0, 0, 0, 1, 1, 0, 1, 1, 0, 2, 2, 0, 0, 1, 0, 0, 0, 0, 1, 0, 0, 2, 2, 2, 0, 0, 0, 0, 0, 0, 0, 0, 0, 2, 2, 3, 0, 2, 1, 2, 1, 4, 3, 6, 5, 3, 3, 2, 2, 4, 3, 528, 0, 0, 0, 0, 0, 0]",-1,-0.0002546215396349595,-1,0
3209,"[1, 2, 0, 2, 2, 1, 0, 2, 0, 1, 0, 0, 1, 0, 2, 0, 0, 0, 0, 0, 0, 0, 0, 0, 2, 0, 0, 0, 0, 0, 0, 0, 1, 1, 0, 1, 1, 0, 2, 2, 0, 0, 1, 0, 0, 0, 0, 1, 0, 0, 2, 2, 2, 0, 0, 0, 0, 0, 0, 0, 0, 0, 2, 2, 3, 0, 2, 1, 2, 1, 4, 3, 6, 5, 3, 3, 2, 2, 4, 3, 528, 0, 0, 0, 0, 0, 0]",0,0.24271927336923826,-1,0
3210,"[1, 2, 0, 2, 2, 1, 0, 2, 0, 1, 0, 0, 1, 0, 2, 0, 0, 0, 0, 0, 0, 0, 0, 0, 2, 0, 0, 0, 0, 0, 0, 0, 1, 1, 0, 1, 1, 0, 2, 2, 0, 0, 1, 0, 0, 0, 0, 1, 0, 0, 2, 2, 2, 0, 0, 0, 0, 0, 0, 0, 0, 0, 2, 2, 3, 0, 2, 1, 2, 1, 4, 3, 6, 5, 3, 3, 2, 2, 4, 3, 528, 0, 0, 0, 0, 0, 0]",-1,-0.0002546215396349595,-1,0
3211,"[1, 2, 0, 2, 2, 1, 0, 2, 0, 1, 0, 0, 1, 0, 2, 0, 0, 0, 0, 0, 0, 0, 0, 0, 2, 0, 0, 0, 0, 0, 0, 0, 1, 1, 0, 1, 1, 0, 2, 2, 0, 0, 1, 0, 0, 0, 0, 1, 0, 0, 2, 2, 2, 0, 0, 0, 0, 0, 0, 0, 0, 0, 2, 2, 3, 0, 2, 1, 2, 1, 4, 3, 6, 5, 3, 3, 2, 2, 4, 3, 528, 0, 0, 0, 0, 0, 0]",0,0.24271927336923826,-1,0
3212,"[1, 2, 0, 2, 2, 1, 0, 2, 0, 1, 0, 0, 1, 0, 2, 0, 0, 0, 0, 0, 0, 0, 0, 0, 2, 0, 0, 0, 0, 0, 0, 0, 1, 1, 0, 1, 1, 0, 2, 2, 0, 0, 1, 0, 0, 0, 0, 1, 0, 0, 2, 2, 2, 0, 0, 0, 0, 0, 0, 0, 0, 0, 2, 2, 3, 0, 2, 1, 2, 1, 4, 3, 6, 5, 3, 3, 2, 2, 4, 3, 528, 0, 0, 0, 0, 0, 0]",-1,-0.0002546215396349595,-1,0
3213,"[1, 2, 0, 2, 2, 1, 0, 2, 0, 1, 0, 0, 1, 0, 2, 0, 0, 0, 0, 0, 0, 0, 0, 0, 2, 0, 0, 0, 0, 0, 0, 0, 1, 1, 0, 1, 1, 0, 2, 2, 0, 0, 1, 0, 0, 0, 0, 1, 0, 0, 2, 2, 2, 0, 0, 0, 0, 0, 0, 0, 0, 0, 2, 2, 3, 0, 2, 1, 2, 1, 4, 3, 6, 5, 3, 3, 2, 2, 4, 3, 528, 0, 0, 0, 0, 0, 0]",0,0.24271927336923826,-1,0
3214,"[1, 2, 0, 2, 2, 1, 0, 2, 0, 1, 0, 0, 1, 0, 2, 0, 0, 0, 0, 0, 0, 0, 0, 0, 2, 0, 0, 0, 0, 0, 0, 0, 1, 1, 0, 1, 1, 0, 2, 2, 0, 0, 1, 0, 0, 0, 0, 1, 0, 0, 2, 2, 2, 0, 0, 0, 0, 0, 0, 0, 0, 0, 2, 2, 3, 0, 2, 1, 2, 1, 4, 3, 6, 5, 3, 3, 2, 2, 4, 3, 528, 0, 0, 0, 0, 0, 0]",-1,-0.0002546215396349595,-1,0
3215,"[1, 2, 0, 2, 2, 1, 0, 2, 0, 1, 0, 0, 1, 0, 2, 0, 0, 0, 0, 0, 0, 0, 0, 0, 2, 0, 0, 0, 0, 0, 0, 0, 1, 1, 0, 1, 1, 0, 2, 2, 0, 0, 1, 0, 0, 0, 0, 1, 0, 0, 2, 2, 2, 0, 0, 0, 0, 0, 0, 0, 0, 0, 2, 2, 3, 0, 2, 1, 2, 1, 4, 3, 6, 5, 3, 3, 2, 2, 4, 3, 528, 0, 0, 0, 0, 0, 0]",1,0.6096245160452819,-1,0
3216,"[1, 2, 0, 2, 2, 1, 0, 2, 0, 1, 0, 0, 1, 0, 2, 0, 0, 0, 0, 0, 0, 0, 0, 0, 2, 0, 0, 0, 0, 0, 0, 0, 1, 1, 0, 1, 1, 0, 2, 2, 0, 0, 1, 0, 0, 0, 0, 1, 0, 0, 2, 2, 2, 0, 0, 0, 0, 0, 0, 0, 0, 0, 2, 2, 3, 0, 2, 1, 2, 1, 4, 3, 6, 5, 3, 3, 2, 2, 4, 3, 528, 0, 0, 0, 0, 0, 0]",-1,-0.0002546215396349595,-1,0
3217,"[1, 2, 0, 2, 4, 1, 0, 2, 0, 1, 0, 0, 1, 0, 2, 0, 0, 0, 0, 0, 0, 0, 0, 0, 2, 0, 0, 0, 0, 0, 0, 0, 1, 1, 0, 1, 1, 0, 2, 2, 0, 0, 1, 0, 0, 0, 0, 1, 0, 0, 2, 2, 2, 0, 0, 0, 0, 0, 0, 0, 0, 0, 2, 2, 3, 0, 2, 1, 2, 1, 4, 3, 6, 5, 3, 3, 2, 2, 4, 3, 529, 0, 0, 0, 0, 0, 0]",4,14.272951132238378,-1,0
3218,"[1, 2, 0, 2, 4, 1, 0, 2, 0, 1, 0, 0, 1, 0, 2, 0, 0, 0, 0, 0, 0, 0, 0, 0, 2, 0, 0, 0, 0, 0, 0, 0, 1, 1, 0, 1, 1, 0, 2, 2, 0, 0, 1, 0, 0, 0, 0, 1, 0, 0, 2, 2, 2, 0, 0, 0, 0, 0, 0, 0, 0, 0, 2, 2, 3, 0, 2, 1, 2, 1, 4, 3, 6, 5, 3, 3, 2, 2, 4, 3, 529, 0, 0, 0, 0, 0, 0]",0,0.29497513205497433,-1,1
3219,"[1, 2, 0, 2, 4, 1, 0, 2, 0, 1, 0, 0, 1, 0, 2, 0, 0, 0, 0, 0, 0, 0, 0, 0, 2, 0, 0, 0, 0, 0, 0, 0, 1, 1, 0, 1, 1, 0, 2, 2, 0, 0, 1, 0, 0, 0, 0, 1, 0, 0, 2, 2, 2, 0, 0, 0, 0, 0, 0, 0, 0, 0, 2, 2, 3, 0, 2, 1, 2, 1, 4, 3, 6, 5, 3, 3, 2, 2, 4, 3, 529, 0, 0, 0, 0, 0, 0]",-1,-0.00025208801298454896,-1,1
3220,"[1, 3, 0, 2, 4, 2, 0, 2, 0, 1, 0, 0, 1, 0, 2, 0, 0, 0, 0, 0, 0, 0, 0, 0, 2, 0, 0, 0, 0, 0, 0, 0, 1, 1, 0, 1, 1, 0, 2, 2, 0, 0, 1, 0, 0, 0, 0, 1, 0, 0, 2, 2, 2, 0, 0, 0, 0, 0, 0, 0, 0, 0, 2, 2, 3, 0, 2, 1, 2, 1, 4, 3, 6, 5, 3, 3, 2, 2, 4, 3, 530, 0, 0, 0, 0, 0, 0]",4,12.757960742720362,-1,1
3221,"[1, 3, 0, 2, 4, 2, 0, 2, 0, 1, 0, 0, 1, 0, 2, 0, 0, 0, 0, 0, 0, 0, 0, 0, 2, 0, 0, 0, 0, 0, 0, 0, 1, 1, 0, 1, 1, 0, 2, 2, 0, 0, 1, 0, 0, 0, 0, 1, 0, 0, 2, 2, 2, 0, 0, 0, 0, 0, 0, 0, 0, 0, 2, 2, 3, 0, 2, 1, 2, 1, 4, 3, 6, 5, 3, 3, 2, 2, 4, 3, 530, 0, 0, 0, 0, 0, 0]",1,0.6096244852191713,-1,0
3222,"[1, 3, 0, 2, 4, 2, 0, 2, 0, 1, 0, 0, 1, 0, 2, 0, 0, 0, 0, 0, 0, 0, 0, 0, 2, 0, 0, 0, 0, 0, 0, 0, 1, 1, 0, 1, 1, 0, 2, 2, 0, 0, 1, 0, 0, 0, 0, 1, 0, 0, 2, 2, 2, 0, 0, 0, 0, 0, 0, 0, 0, 0, 2, 2, 3, 0, 2, 1, 2, 1, 4, 3, 6, 5, 3, 3, 2, 2, 4, 3, 530, 0, 0, 0, 0, 0, 0]",-1,-0.00024957969534551087,-1,0
3223,"[1, 3, 0, 2, 4, 2, 0, 2, 0, 1, 0, 0, 1, 0, 2, 0, 0, 0, 0, 0, 0, 0, 0, 0, 2, 0, 0, 0, 0, 0, 0, 0, 1, 1, 0, 1, 1, 0, 2, 2, 0, 0, 1, 0, 0, 0, 0, 1, 0, 0, 2, 2, 2, 0, 0, 0, 0, 0, 0, 0, 0, 0, 2, 2, 3, 0, 2, 1, 2, 1, 4, 3, 6, 5, 3, 3, 2, 2, 4, 3, 530, 0, 0, 0, 0, 0, 0]",1,0.6096244852191713,-1,0
3224,"[1, 3, 0, 2, 4, 2, 0, 2, 0, 1, 0, 0, 1, 0, 2, 0, 0, 0, 0, 0, 0, 0, 0, 0, 2, 0, 0, 0, 0, 0, 0, 0, 1, 1, 0, 1, 1, 0, 2, 2, 0, 0, 1, 0, 0, 0, 0, 1, 0, 0, 2, 2, 2, 0, 0, 0, 0, 0, 0, 0, 0, 0, 2, 2, 3, 0, 2, 1, 2, 1, 4, 3, 6, 5, 3, 3, 2, 2, 4, 3, 530, 0, 0, 0, 0, 0, 0]",-1,-0.00024957969534551087,-1,0
3225,"[1, 3, 0, 2, 4, 2, 0, 3, 0, 1, 0, 0, 1, 0, 2, 0, 0, 0, 0, 0, 0, 0, 0, 0, 2, 0, 0, 0, 0, 0, 0, 0, 1, 1, 0, 1, 1, 0, 2, 2, 0, 0, 1, 0, 0, 0, 0, 1, 0, 0, 2, 2, 2, 0, 0, 0, 0, 0, 0, 0, 0, 0, 2, 2, 3, 0, 2, 1, 2, 1, 4, 3, 6, 5, 3, 3, 2, 2, 4, 3, 531, 0, 0, 0, 0, 0, 0]",4,14.142753983612188,-1,0
3226,"[1, 3, 0, 2, 4, 2, 0, 3, 0, 1, 0, 0, 1, 0, 2, 0, 0, 0, 0, 0, 0, 0, 0, 0, 2, 0, 0, 0, 0, 0, 0, 0, 1, 1, 0, 1, 1, 0, 2, 2, 0, 0, 1, 0, 0, 0, 0, 1, 0, 0, 2, 2, 2, 0, 0, 0, 0, 0, 0, 0, 0, 0, 2, 2, 3, 0, 2, 1, 2, 1, 4, 3, 6, 5, 3, 3, 2, 2, 4, 3, 532, 0, 0, 0, 0, 0, 0]",4,12.731140647109648,-1,1
3227,"[1, 3, 0, 2, 4, 2, 0, 3, 0, 1, 0, 0, 1, 0, 2, 0, 0, 0, 0, 0, 0, 0, 0, 0, 2, 0, 0, 0, 0, 0, 0, 0, 1, 1, 0, 1, 1, 0, 2, 2, 0, 0, 1, 0, 0, 0, 0, 1, 0, 0, 2, 2, 2, 0, 0, 0, 0, 0, 0, 0, 0, 0, 2, 2, 3, 0, 2, 1, 2, 1, 4, 3, 6, 5, 3, 3, 2, 2, 4, 3, 532, 0, 0, 0, 0, 0, 0]",1,0.6096244567630763,-1,0
3228,"[1, 3, 0, 2, 4, 2, 0, 3, 0, 1, 0, 0, 1, 0, 2, 0, 0, 0, 0, 0, 0, 0, 0, 0, 2, 0, 0, 0, 0, 0, 0, 0, 1, 1, 0, 1, 1, 0, 2, 2, 0, 0, 1, 0, 0, 0, 0, 1, 0, 0, 2, 2, 2, 0, 0, 0, 0, 0, 0, 0, 0, 0, 2, 2, 3, 0, 2, 1, 2, 1, 4, 3, 6, 5, 3, 3, 2, 2, 4, 3, 532, 0, 0, 0, 0, 0, 0]",-1,-0.0002446376862619738,-1,0
3229,"[1, 3, 0, 2, 4, 2, 0, 3, 0, 1, 0, 0, 1, 0, 2, 0, 0, 0, 0, 0, 0, 0, 0, 0, 2, 0, 0, 0, 0, 0, 0, 0, 1, 1, 0, 1, 1, 0, 2, 2, 0, 0, 1, 0, 0, 0, 0, 1, 0, 0, 2, 2, 2, 0, 0, 0, 0, 0, 0, 0, 0, 0, 2, 2, 3, 0, 2, 1, 2, 1, 4, 3, 6, 5, 3, 3, 2, 2, 4, 3, 532, 0, 1, 0, 0, 0, 0]",2,0.40000034166345955,-1,0
3230,"[1, 3, 0, 2, 4, 2, 0, 3, 0, 1, 0, 0, 1, 0, 2, 0, 0, 0, 0, 0, 0, 0, 0, 0, 2, 0, 0, 0, 0, 0, 0, 0, 1, 1, 0, 1, 1, 0, 2, 2, 0, 0, 1, 0, 0, 0, 0, 1, 0, 0, 2, 2, 2, 0, 0, 0, 0, 0, 0, 0, 0, 0, 2, 2, 3, 0, 2, 1, 2, 1, 4, 3, 6, 5, 3, 3, 2, 2, 4, 3, 532, 0, 0, 0, 0, 0, 0]",-1,-0.0002446376862619738,-1,0
3231,"[1, 1, 0, 1, 2, 1, 0, 1, 0, 1, 0, 0, 1, 0, 2, 0, 0, 0, 0, 0, 0, 0, 0, 0, 2, 0, 0, 0, 0, 0, 0, 0, 1, 1, 0, 1, 1, 0, 2, 2, 0, 0, 1, 0, 0, 0, 0, 1, 0, 0, 2, 2, 2, 0, 0, 0, 0, 0, 0, 0, 0, 0, 2, 2, 3, 0, 2, 1, 2, 1, 4, 3, 6, 5, 3, 3, 2, 2, 4, 4, 533, 0, 0, 0, 0, 0, 0]",4,14.533882887649316,-1,0
3232,"[1, 1, 0, 1, 2, 1, 0, 1, 0, 1, 0, 0, 1, 0, 2, 0, 0, 0, 0, 0, 0, 0, 0, 0, 2, 0, 0, 0, 0, 0, 0, 0, 1, 1, 0, 1, 1, 0, 2, 2, 0, 0, 1, 0, 0, 0, 0, 1, 0, 0, 2, 2, 2, 0, 0, 0, 0, 0, 0, 0, 0, 0, 2, 2, 3, 0, 2, 1, 2, 1, 4, 3, 6, 5, 3, 3, 2, 2, 4, 4, 533, 0, 0, 0, 0, 0, 0]",-1,-0.00024220350061244838,-1,1
3233,"[1, 1, 0, 1, 2, 1, 0, 1, 0, 1, 0, 0, 1, 0, 2, 0, 0, 0, 0, 0, 0, 0, 0, 0, 2, 0, 0, 0, 0, 0, 0, 0, 1, 1, 0, 1, 1, 0, 2, 2, 0, 0, 1, 0, 0, 0, 0, 1, 0, 0, 2, 2, 2, 0, 0, 0, 0, 0, 0, 0, 0, 0, 2, 2, 3, 0, 2, 1, 2, 1, 4, 3, 6, 5, 3, 3, 2, 2, 4, 4, 533, 0, 0, 0, 0, 0, 0]",-1,-0.00024220350061244838,-1,1
3234,"[1, 1, 0, 1, 2, 1, 0, 1, 0, 1, 0, 0, 1, 0, 2, 0, 0, 0, 0, 0, 0, 0, 0, 0, 2, 0, 0, 0, 0, 0, 0, 0, 1, 1, 0, 1, 1, 0, 2, 2, 0, 0, 1, 0, 0, 0, 0, 1, 0, 0, 2, 2, 2, 0, 0, 0, 0, 0, 0, 0, 0, 0, 2, 2, 3, 0, 2, 1, 2, 1, 4, 3, 6, 5, 3, 3, 2, 2, 4, 4, 534, 0, 0, 0, 0, 0, 0]",4,12.974253285770235,-1,1
3235,"[1, 1, 0, 1, 2, 1, 0, 1, 0, 1, 0, 0, 1, 0, 2, 0, 0, 0, 0, 0, 0, 0, 0, 0, 2, 0, 0, 0, 0, 0, 0, 0, 1, 1, 0, 1, 1, 0, 2, 2, 0, 0, 1, 0, 0, 0, 0, 1, 0, 0, 2, 2, 2, 0, 0, 0, 0, 0, 0, 0, 0, 0, 2, 2, 3, 0, 2, 1, 2, 1, 4, 3, 6, 5, 3, 3, 2, 2, 4, 4, 534, 1, 0, 0, 0, 0, 0]",3,0.2000003153951659,-1,0
3236,"[1, 1, 0, 1, 2, 1, 0, 1, 0, 1, 0, 0, 1, 0, 2, 0, 0, 0, 0, 0, 0, 0, 0, 0, 2, 0, 0, 0, 0, 0, 0, 0, 1, 1, 0, 1, 1, 0, 2, 2, 0, 0, 1, 0, 0, 0, 0, 1, 0, 0, 2, 2, 2, 0, 0, 0, 0, 0, 0, 0, 0, 0, 2, 2, 3, 0, 2, 1, 2, 1, 4, 3, 6, 5, 3, 3, 2, 2, 4, 4, 534, 0, 0, 0, 0, 0, 0]",-1,-0.00023979353551482107,-1,0
3237,"[1, 1, 0, 1, 2, 1, 0, 1, 0, 1, 0, 0, 1, 0, 2, 0, 0, 0, 0, 0, 0, 0, 0, 0, 2, 0, 0, 0, 0, 0, 0, 0, 1, 1, 0, 1, 1, 0, 2, 2, 0, 0, 1, 0, 0, 0, 0, 1, 0, 0, 2, 2, 2, 0, 0, 0, 0, 0, 0, 0, 0, 0, 2, 2, 3, 0, 2, 1, 2, 1, 4, 3, 6, 5, 3, 3, 2, 2, 4, 4, 534, 0, 0, 0, 0, 0, 0]",1,0.6096244304947827,-1,0
3238,"[1, 1, 0, 1, 2, 1, 0, 1, 0, 1, 0, 0, 1, 0, 2, 0, 0, 0, 0, 0, 0, 0, 0, 0, 2, 0, 0, 0, 0, 0, 0, 0, 1, 1, 0, 1, 1, 0, 2, 2, 0, 0, 1, 0, 0, 0, 0, 1, 0, 0, 2, 2, 2, 0, 0, 0, 0, 0, 0, 0, 0, 0, 2, 2, 3, 0, 2, 1, 2, 1, 4, 3, 6, 5, 3, 3, 2, 2, 4, 4, 534, 0, 0, 0, 0, 0, 0]",-1,-0.00023979353551482107,-1,0
3239,"[1, 1, 0, 1, 2, 1, 0, 1, 0, 1, 0, 0, 1, 0, 2, 0, 0, 0, 0, 0, 0, 0, 0, 0, 2, 0, 0, 0, 0, 0, 0, 0, 1, 1, 0, 1, 1, 0, 2, 2, 0, 0, 1, 0, 0, 0, 0, 1, 0, 0, 2, 2, 2, 0, 0, 0, 0, 0, 0, 0, 0, 0, 2, 2, 3, 0, 2, 1, 2, 1, 4, 3, 6, 5, 3, 3, 2, 2, 4, 4, 534, 0, 0, 0, 0, 0, 0]",1,0.6096244304947827,-1,0
3240,"[1, 1, 0, 1, 2, 1, 0, 1, 0, 1, 0, 0, 1, 0, 2, 0, 0, 0, 0, 0, 0, 0, 0, 0, 2, 0, 0, 0, 0, 0, 0, 0, 1, 1, 0, 1, 1, 0, 2, 2, 0, 0, 1, 0, 0, 0, 0, 1, 0, 0, 2, 2, 2, 0, 0, 0, 0, 0, 0, 0, 0, 0, 2, 2, 3, 0, 2, 1, 2, 1, 4, 3, 6, 5, 3, 3, 2, 2, 4, 4, 534, 0, 0, 0, 0, 0, 0]",-1,-0.00023979353551482107,-1,0
3241,"[1, 1, 0, 1, 2, 1, 0, 1, 0, 1, 0, 0, 1, 0, 2, 0, 0, 0, 0, 0, 0, 0, 0, 0, 2, 0, 0, 0, 0, 0, 0, 0, 1, 1, 0, 1, 1, 0, 2, 2, 0, 0, 1, 0, 0, 0, 0, 1, 0, 0, 2, 2, 2, 0, 0, 0, 0, 0, 0, 0, 0, 0, 2, 2, 3, 0, 2, 1, 2, 1, 4, 3, 6, 5, 3, 3, 2, 2, 4, 4, 534, 0, 0, 0, 0, 0, 0]",1,0.6096244304947827,-1,0
3242,"[1, 1, 0, 1, 2, 1, 0, 1, 0, 1, 0, 0, 1, 0, 2, 0, 0, 0, 0, 0, 0, 0, 0, 0, 2, 0, 0, 0, 0, 0, 0, 0, 1, 1, 0, 1, 1, 0, 2, 2, 0, 0, 1, 0, 0, 0, 0, 1, 0, 0, 2, 2, 2, 0, 0, 0, 0, 0, 0, 0, 0, 0, 2, 2, 3, 0, 2, 1, 2, 1, 4, 3, 6, 5, 3, 3, 2, 2, 4, 4, 534, 0, 0, 0, 0, 0, 0]",-1,-0.00023979353551482107,-1,0
3243,"[1, 1, 0, 1, 2, 1, 0, 1, 0, 1, 0, 0, 1, 0, 2, 0, 0, 0, 0, 0, 0, 0, 0, 0, 2, 0, 0, 0, 0, 0, 0, 0, 1, 1, 0, 1, 1, 0, 2, 2, 0, 0, 1, 0, 0, 0, 0, 1, 0, 0, 2, 2, 2, 0, 0, 0, 0, 0, 0, 0, 0, 0, 2, 2, 3, 0, 2, 1, 2, 1, 4, 3, 6, 5, 3, 3, 2, 2, 4, 4, 534, 0, 1, 0, 0, 0, 0]",2,0.4000003153951659,-1,0
3244,"[1, 1, 0, 1, 2, 1, 0, 1, 0, 1, 0, 0, 1, 0, 2, 0, 0, 0, 0, 0, 0, 0, 0, 0, 2, 0, 0, 0, 0, 0, 0, 0, 1, 1, 0, 1, 1, 0, 2, 2, 0, 0, 1, 0, 0, 0, 0, 1, 0, 0, 2, 2, 2, 0, 0, 0, 0, 0, 0, 0, 0, 0, 2, 2, 3, 0, 2, 1, 2, 1, 4, 3, 6, 5, 3, 3, 2, 2, 4, 4, 534, 0, 0, 0, 0, 0, 0]",-1,-0.00023979353551482107,-1,0
3245,"[1, 1, 0, 1, 2, 1, 0, 1, 0, 1, 0, 0, 1, 0, 2, 0, 0, 0, 0, 0, 0, 0, 0, 0, 2, 0, 0, 0, 0, 0, 0, 0, 1, 1, 0, 1, 1, 0, 2, 2, 0, 0, 1, 0, 0, 0, 0, 1, 0, 0, 2, 2, 2, 0, 0, 0, 0, 0, 0, 0, 0, 0, 2, 2, 3, 0, 2, 1, 2, 1, 4, 3, 6, 5, 3, 3, 2, 2, 4, 4, 534, 0, 1, 0, 0, 0, 0]",2,0.4000003153951659,-1,0
3246,"[1, 1, 0, 1, 2, 1, 0, 1, 0, 1, 0, 0, 1, 0, 2, 0, 0, 0, 0, 0, 0, 0, 0, 0, 2, 0, 0, 0, 0, 0, 0, 0, 1, 1, 0, 1, 1, 0, 2, 2, 0, 0, 1, 0, 0, 0, 0, 1, 0, 0, 2, 2, 2, 0, 0, 0, 0, 0, 0, 0, 0, 0, 2, 2, 3, 0, 2, 1, 2, 1, 4, 3, 6, 5, 3, 3, 2, 2, 4, 4, 534, 0, 0, 0, 0, 0, 0]",-1,-0.00023979353551482107,-1,0
3247,"[1, 1, 0, 1, 2, 1, 0, 1, 0, 1, 0, 0, 1, 0, 2, 0, 0, 0, 0, 0, 0, 0, 0, 0, 2, 0, 0, 0, 0, 0, 0, 0, 1, 1, 0, 1, 1, 0, 2, 2, 0, 0, 1, 0, 0, 0, 0, 1, 0, 0, 2, 2, 2, 0, 0, 0, 0, 0, 0, 0, 0, 0, 2, 2, 3, 0, 2, 1, 2, 1, 4, 3, 6, 5, 3, 3, 2, 2, 4, 4, 534, 0, 0, 0, 0, 0, 0]",1,0.6096244304947827,-1,0
3248,"[1, 1, 0, 1, 2, 1, 0, 1, 0, 1, 0, 0, 1, 0, 2, 0, 0, 0, 0, 0, 0, 0, 0, 0, 2, 0, 0, 0, 0, 0, 0, 0, 1, 1, 0, 1, 1, 0, 2, 2, 0, 0, 1, 0, 0, 0, 0, 1, 0, 0, 2, 2, 2, 0, 0, 0, 0, 0, 0, 0, 0, 0, 2, 2, 3, 0, 2, 1, 2, 1, 4, 3, 6, 5, 3, 3, 2, 2, 4, 4, 534, 0, 0, 0, 0, 0, 0]",-1,-0.00023979353551482107,-1,0
3249,"[1, 1, 0, 1, 2, 1, 0, 1, 0, 1, 0, 0, 1, 0, 2, 0, 0, 0, 0, 0, 0, 0, 0, 0, 2, 0, 0, 0, 0, 0, 0, 0, 1, 1, 0, 1, 1, 0, 2, 2, 0, 0, 1, 0, 0, 0, 0, 1, 0, 0, 2, 2, 2, 0, 0, 0, 0, 0, 0, 0, 0, 0, 2, 2, 3, 0, 2, 1, 2, 1, 4, 3, 6, 5, 3, 3, 2, 2, 4, 4, 534, 1, 0, 0, 0, 0, 0]",3,0.2000003153951659,-1,0
3250,"[1, 1, 0, 1, 2, 1, 0, 1, 0, 1, 0, 0, 1, 0, 2, 0, 0, 0, 0, 0, 0, 0, 0, 0, 2, 0, 0, 0, 0, 0, 0, 0, 1, 1, 0, 1, 1, 0, 2, 2, 0, 0, 1, 0, 0, 0, 0, 1, 0, 0, 2, 2, 2, 0, 0, 0, 0, 0, 0, 0, 0, 0, 2, 2, 3, 0, 2, 1, 2, 1, 4, 3, 6, 5, 3, 3, 2, 2, 4, 4, 534, 0, 0, 0, 0, 0, 0]",-1,-0.00023979353551482107,-1,0
3251,"[1, 1, 0, 1, 2, 1, 0, 1, 0, 1, 0, 0, 1, 0, 2, 0, 0, 0, 0, 0, 0, 0, 0, 0, 2, 0, 0, 0, 0, 0, 0, 0, 1, 1, 0, 1, 1, 0, 2, 2, 0, 0, 1, 0, 0, 0, 0, 1, 0, 0, 2, 2, 2, 0, 0, 0, 0, 0, 0, 0, 0, 0, 2, 2, 3, 0, 2, 1, 2, 1, 4, 3, 6, 5, 3, 3, 2, 2, 4, 4, 534, 1, 0, 0, 0, 0, 0]",3,0.2000003153951659,-1,0
3252,"[1, 1, 0, 1, 2, 1, 0, 1, 0, 1, 0, 0, 1, 0, 2, 0, 0, 0, 0, 0, 0, 0, 0, 0, 2, 0, 0, 0, 0, 0, 0, 0, 1, 1, 0, 1, 1, 0, 2, 2, 0, 0, 1, 0, 0, 0, 0, 1, 0, 0, 2, 2, 2, 0, 0, 0, 0, 0, 0, 0, 0, 0, 2, 2, 3, 0, 2, 1, 2, 1, 4, 3, 6, 5, 3, 3, 2, 2, 4, 4, 534, 0, 0, 0, 0, 0, 0]",-1,-0.00023979353551482107,-1,0
3253,"[1, 1, 0, 1, 2, 1, 0, 1, 0, 1, 0, 0, 1, 0, 2, 0, 0, 0, 0, 0, 0, 0, 0, 0, 2, 0, 0, 0, 0, 0, 0, 0, 1, 1, 0, 1, 1, 0, 2, 2, 0, 0, 1, 0, 0, 0, 0, 1, 0, 0, 2, 2, 2, 0, 0, 0, 0, 0, 0, 0, 0, 0, 2, 2, 3, 0, 2, 1, 2, 1, 4, 3, 6, 5, 3, 3, 2, 2, 4, 4, 534, 0, 1, 0, 0, 0, 0]",2,0.4000003153951659,-1,0
3254,"[1, 1, 0, 1, 2, 1, 0, 1, 0, 1, 0, 0, 1, 0, 2, 0, 0, 0, 0, 0, 0, 0, 0, 0, 2, 0, 0, 0, 0, 0, 0, 0, 1, 1, 0, 1, 1, 0, 2, 2, 0, 0, 1, 0, 0, 0, 0, 1, 0, 0, 2, 2, 2, 0, 0, 0, 0, 0, 0, 0, 0, 0, 2, 2, 3, 0, 2, 1, 2, 1, 4, 3, 6, 5, 3, 3, 2, 2, 4, 4, 534, 0, 0, 0, 0, 0, 0]",-1,-0.00023979353551482107,-1,0
3255,"[1, 1, 0, 1, 2, 1, 0, 1, 0, 1, 0, 0, 1, 0, 2, 0, 0, 0, 0, 0, 0, 0, 0, 0, 2, 0, 0, 0, 0, 0, 0, 0, 1, 1, 0, 1, 1, 0, 2, 2, 0, 0, 1, 0, 0, 0, 0, 1, 0, 0, 2, 2, 2, 0, 0, 0, 0, 0, 0, 0, 0, 0, 2, 2, 3, 0, 2, 1, 2, 1, 4, 3, 6, 5, 3, 3, 2, 2, 4, 4, 534, 0, 1, 0, 0, 0, 0]",2,0.4000003153951659,-1,0
3256,"[1, 1, 0, 1, 2, 1, 0, 1, 0, 1, 0, 0, 1, 0, 2, 0, 0, 0, 0, 0, 0, 0, 0, 0, 2, 0, 0, 0, 0, 0, 0, 0, 1, 1, 0, 1, 1, 0, 2, 2, 0, 0, 1, 0, 0, 0, 0, 1, 0, 0, 2, 2, 2, 0, 0, 0, 0, 0, 0, 0, 0, 0, 2, 2, 3, 0, 2, 1, 2, 1, 4, 3, 6, 5, 3, 3, 2, 2, 4, 4, 534, 0, 0, 0, 0, 0, 0]",-1,-0.00023979353551482107,-1,0
3257,"[2, 1, 0, 1, 2, 2, 0, 1, 0, 1, 0, 0, 1, 0, 2, 0, 0, 0, 0, 0, 0, 0, 0, 0, 2, 0, 0, 0, 0, 0, 0, 0, 1, 1, 0, 1, 1, 0, 2, 2, 0, 0, 1, 0, 0, 0, 0, 1, 0, 0, 2, 2, 2, 0, 0, 0, 0, 0, 0, 0, 0, 0, 2, 2, 3, 0, 2, 1, 2, 1, 4, 3, 6, 5, 3, 3, 2, 2, 4, 4, 535, 0, 0, 0, 0, 0, 0]",4,14.374248453473237,-1,0
3258,"[1, 1, 0, 1, 1, 1, 0, 1, 0, 1, 0, 0, 1, 0, 2, 0, 0, 0, 0, 0, 0, 0, 0, 0, 2, 0, 0, 0, 0, 0, 0, 0, 1, 1, 0, 1, 1, 0, 2, 2, 0, 0, 1, 0, 0, 0, 0, 1, 0, 0, 2, 2, 2, 0, 0, 0, 0, 0, 0, 0, 0, 0, 2, 2, 3, 0, 2, 1, 2, 1, 4, 3, 6, 5, 3, 3, 2, 2, 4, 4, 536, 0, 0, 0, 0, 0, 0]",4,13.133868390256534,-1,1
3259,"[1, 1, 0, 1, 1, 1, 0, 1, 0, 1, 0, 0, 1, 0, 2, 0, 0, 0, 0, 0, 0, 0, 0, 0, 2, 0, 0, 0, 0, 0, 0, 0, 1, 1, 0, 1, 1, 0, 2, 2, 0, 0, 1, 0, 0, 0, 0, 1, 0, 0, 2, 2, 2, 0, 0, 0, 0, 0, 0, 0, 0, 0, 2, 2, 3, 0, 2, 1, 2, 1, 4, 3, 6, 5, 3, 3, 2, 2, 4, 1, 537, 0, 0, 0, 0, 0, 0]",4,14.533863654351352,-1,0
3260,"[1, 1, 0, 1, 1, 1, 0, 1, 0, 1, 0, 0, 1, 0, 2, 0, 0, 0, 0, 0, 0, 0, 0, 0, 2, 0, 0, 0, 0, 0, 0, 0, 1, 1, 0, 1, 1, 0, 2, 2, 0, 0, 1, 0, 0, 0, 0, 1, 0, 0, 2, 2, 2, 0, 0, 0, 0, 0, 0, 0, 0, 0, 2, 2, 3, 0, 2, 1, 2, 1, 4, 3, 6, 5, 3, 3, 2, 2, 4, 1, 537, 1, 0, 0, 0, 0, 0]",3,0.20000027973046816,-1,1
3261,"[1, 1, 0, 1, 1, 1, 0, 1, 0, 1, 0, 0, 1, 0, 2, 0, 0, 0, 0, 0, 0, 0, 0, 0, 2, 0, 0, 0, 0, 0, 0, 0, 1, 1, 0, 1, 1, 0, 2, 2, 0, 0, 1, 0, 0, 0, 0, 1, 0, 0, 2, 2, 2, 0, 0, 0, 0, 0, 0, 0, 0, 0, 2, 2, 3, 0, 2, 1, 2, 1, 4, 3, 6, 5, 3, 3, 2, 2, 4, 1, 537, 0, 0, 0, 0, 0, 0]",-1,-0.0002327065655141636,-1,1
3262,"[1, 1, 0, 1, 1, 1, 0, 1, 0, 1, 0, 0, 1, 0, 2, 0, 0, 0, 0, 0, 0, 0, 0, 0, 2, 0, 0, 0, 0, 0, 0, 0, 1, 1, 0, 1, 1, 0, 2, 2, 0, 0, 1, 0, 0, 0, 0, 1, 0, 0, 2, 2, 2, 0, 0, 0, 0, 0, 0, 0, 0, 0, 2, 2, 3, 0, 2, 1, 2, 1, 4, 3, 6, 5, 3, 3, 2, 2, 4, 1, 537, 0, 0, 0, 0, 0, 0]",0,0.29497502656105146,-1,1
3263,"[1, 1, 0, 1, 1, 1, 0, 1, 0, 1, 0, 0, 1, 0, 2, 0, 0, 0, 0, 0, 0, 0, 0, 0, 2, 0, 0, 0, 0, 0, 0, 0, 1, 1, 0, 1, 1, 0, 2, 2, 0, 0, 1, 0, 0, 0, 0, 1, 0, 0, 2, 2, 2, 0, 0, 0, 0, 0, 0, 0, 0, 0, 2, 2, 3, 0, 2, 1, 2, 1, 4, 3, 6, 5, 3, 3, 2, 2, 4, 1, 537, 0, 0, 0, 0, 0, 0]",-1,-0.0002327065655141636,-1,1
3264,"[1, 1, 0, 1, 3, 1, 0, 1, 0, 1, 0, 0, 1, 0, 2, 0, 0, 0, 0, 0, 0, 0, 0, 0, 2, 0, 0, 0, 0, 0, 0, 0, 1, 1, 0, 1, 1, 0, 2, 2, 0, 0, 1, 0, 0, 0, 0, 1, 0, 0, 2, 2, 2, 0, 0, 0, 0, 0, 0, 0, 0, 0, 2, 2, 3, 0, 2, 1, 2, 1, 4, 3, 6, 5, 3, 3, 2, 2, 4, 1, 538, 0, 0, 0, 0, 0, 0]",4,12.713421148208553,-1,1
3265,"[1, 1, 0, 1, 3, 1, 0, 1, 0, 1, 0, 0, 1, 0, 2, 0, 0, 0, 0, 0, 0, 0, 0, 0, 2, 0, 0, 0, 0, 0, 0, 0, 1, 1, 0, 1, 1, 0, 2, 2, 0, 0, 1, 0, 0, 0, 0, 1, 0, 0, 2, 2, 2, 0, 0, 0, 0, 0, 0, 0, 0, 0, 2, 2, 3, 0, 2, 1, 2, 1, 4, 3, 6, 5, 3, 3, 2, 2, 4, 1, 538, 0, 0, 0, 0, 0, 0]",1,0.609624383861711,-1,0
3266,"[1, 1, 0, 1, 3, 1, 0, 1, 0, 1, 0, 0, 1, 0, 2, 0, 0, 0, 0, 0, 0, 0, 0, 0, 2, 0, 0, 0, 0, 0, 0, 0, 1, 1, 0, 1, 1, 0, 2, 2, 0, 0, 1, 0, 0, 0, 0, 1, 0, 0, 2, 2, 2, 0, 0, 0, 0, 0, 0, 0, 0, 0, 2, 2, 3, 0, 2, 1, 2, 1, 4, 3, 6, 5, 3, 3, 2, 2, 4, 1, 538, 0, 0, 0, 0, 0, 0]",-1,-0.0002303910964996376,-1,0
3267,"[1, 1, 0, 1, 3, 1, 0, 1, 0, 1, 0, 0, 1, 0, 2, 0, 0, 0, 0, 0, 0, 0, 0, 0, 2, 0, 0, 0, 0, 0, 0, 0, 1, 1, 0, 1, 1, 0, 2, 2, 0, 0, 1, 0, 0, 0, 0, 1, 0, 0, 2, 2, 2, 0, 0, 0, 0, 0, 0, 0, 0, 0, 2, 2, 3, 0, 2, 1, 2, 1, 4, 3, 6, 5, 3, 3, 2, 2, 4, 1, 538, 0, 0, 0, 0, 0, 0]",1,0.609624383861711,-1,0
3268,"[1, 1, 0, 1, 3, 1, 0, 1, 0, 1, 0, 0, 1, 0, 2, 0, 0, 0, 0, 0, 0, 0, 0, 0, 2, 0, 0, 0, 0, 0, 0, 0, 1, 1, 0, 1, 1, 0, 2, 2, 0, 0, 1, 0, 0, 0, 0, 1, 0, 0, 2, 2, 2, 0, 0, 0, 0, 0, 0, 0, 0, 0, 2, 2, 3, 0, 2, 1, 2, 1, 4, 3, 6, 5, 3, 3, 2, 2, 4, 1, 538, 0, 0, 0, 0, 0, 0]",-1,-0.0002303910964996376,-1,0
3269,"[1, 1, 0, 1, 3, 1, 0, 1, 0, 1, 0, 0, 1, 0, 2, 0, 0, 0, 0, 0, 0, 0, 0, 0, 2, 0, 0, 0, 0, 0, 0, 0, 1, 1, 0, 1, 1, 0, 2, 2, 0, 0, 1, 0, 0, 0, 0, 1, 0, 0, 2, 2, 2, 0, 0, 0, 0, 0, 0, 0, 0, 0, 2, 2, 3, 0, 2, 1, 2, 1, 4, 3, 6, 5, 3, 3, 2, 2, 4, 1, 538, 0, 0, 0, 0, 0, 0]",1,0.609624383861711,-1,0
3270,"[1, 1, 0, 1, 3, 1, 0, 1, 0, 1, 0, 0, 1, 0, 2, 0, 0, 0, 0, 0, 0, 0, 0, 0, 2, 0, 0, 0, 0, 0, 0, 0, 1, 1, 0, 1, 1, 0, 2, 2, 0, 0, 1, 0, 0, 0, 0, 1, 0, 0, 2, 2, 2, 0, 0, 0, 0, 0, 0, 0, 0, 0, 2, 2, 3, 0, 2, 1, 2, 1, 4, 3, 6, 5, 3, 3, 2, 2, 4, 1, 538, 0, 0, 0, 0, 0, 0]",-1,-0.0002303910964996376,-1,0
3271,"[1, 1, 0, 1, 3, 1, 0, 1, 0, 1, 0, 0, 1, 0, 2, 0, 0, 0, 0, 0, 0, 0, 0, 0, 2, 0, 0, 0, 0, 0, 0, 0, 1, 1, 0, 1, 1, 0, 2, 2, 0, 0, 1, 0, 0, 0, 0, 1, 0, 0, 2, 2, 2, 0, 0, 0, 0, 0, 0, 0, 0, 0, 2, 2, 3, 0, 2, 1, 2, 1, 4, 3, 6, 5, 3, 3, 2, 2, 4, 1, 538, 1, 0, 0, 0, 0, 0]",3,0.20000026876209437,-1,0
3272,"[1, 1, 0, 1, 3, 1, 0, 1, 0, 1, 0, 0, 1, 0, 2, 0, 0, 0, 0, 0, 0, 0, 0, 0, 2, 0, 0, 0, 0, 0, 0, 0, 1, 1, 0, 1, 1, 0, 2, 2, 0, 0, 1, 0, 0, 0, 0, 1, 0, 0, 2, 2, 2, 0, 0, 0, 0, 0, 0, 0, 0, 0, 2, 2, 3, 0, 2, 1, 2, 1, 4, 3, 6, 5, 3, 3, 2, 2, 4, 1, 538, 0, 0, 0, 0, 0, 0]",-1,-0.0002303910964996376,-1,0
3273,"[1, 1, 0, 1, 3, 1, 0, 1, 0, 1, 0, 0, 1, 0, 2, 0, 0, 0, 0, 0, 0, 0, 0, 0, 2, 0, 0, 0, 0, 0, 0, 0, 1, 1, 0, 1, 1, 0, 2, 2, 0, 0, 1, 0, 0, 0, 0, 1, 0, 0, 2, 2, 2, 0, 0, 0, 0, 0, 0, 0, 0, 0, 2, 2, 3, 0, 2, 1, 2, 1, 4, 3, 6, 5, 3, 3, 2, 2, 4, 1, 538, 0, 1, 0, 0, 0, 0]",2,0.4000002687620943,-1,0
3274,"[1, 1, 0, 1, 3, 1, 0, 1, 0, 1, 0, 0, 1, 0, 2, 0, 0, 0, 0, 0, 0, 0, 0, 0, 2, 0, 0, 0, 0, 0, 0, 0, 1, 1, 0, 1, 1, 0, 2, 2, 0, 0, 1, 0, 0, 0, 0, 1, 0, 0, 2, 2, 2, 0, 0, 0, 0, 0, 0, 0, 0, 0, 2, 2, 3, 0, 2, 1, 2, 1, 4, 3, 6, 5, 3, 3, 2, 2, 4, 1, 538, 0, 0, 0, 0, 0, 0]",-1,-0.0002303910964996376,-1,0
3275,"[1, 1, 0, 1, 3, 1, 0, 2, 0, 1, 0, 0, 1, 0, 2, 0, 0, 0, 0, 0, 0, 0, 0, 0, 2, 0, 0, 0, 0, 0, 0, 0, 1, 1, 0, 1, 1, 0, 2, 2, 0, 0, 1, 0, 0, 0, 0, 1, 0, 0, 2, 2, 2, 0, 0, 0, 0, 0, 0, 0, 0, 0, 2, 2, 3, 0, 2, 1, 2, 1, 4, 3, 6, 5, 3, 3, 2, 2, 4, 1, 539, 0, 0, 0, 0, 0, 0]",4,14.533854324426919,-1,0
3276,"[1, 1, 0, 1, 3, 1, 0, 2, 0, 1, 0, 0, 1, 0, 2, 0, 0, 0, 0, 0, 0, 0, 0, 0, 2, 0, 0, 0, 0, 0, 0, 0, 1, 1, 0, 1, 1, 0, 2, 2, 0, 0, 1, 0, 0, 0, 0, 1, 0, 0, 2, 2, 2, 0, 0, 0, 0, 0, 0, 0, 0, 0, 2, 2, 3, 0, 2, 1, 2, 1, 4, 3, 6, 5, 3, 3, 2, 2, 4, 1, 539, 1, 0, 0, 0, 0, 0]",3,0.20000025822379552,-1,1
3277,"[1, 1, 0, 1, 3, 1, 0, 2, 0, 1, 0, 0, 1, 0, 2, 0, 0, 0, 0, 0, 0, 0, 0, 0, 2, 0, 0, 0, 0, 0, 0, 0, 1, 1, 0, 1, 1, 0, 2, 2, 0, 0, 1, 0, 0, 0, 0, 1, 0, 0, 2, 2, 2, 0, 0, 0, 0, 0, 0, 0, 0, 0, 2, 2, 3, 0, 2, 1, 2, 1, 4, 3, 6, 5, 3, 3, 2, 2, 4, 1, 539, 0, 0, 0, 0, 0, 0]",-1,-0.00022809866678675484,-1,1
3278,"[2, 1, 0, 1, 3, 2, 0, 2, 0, 1, 0, 0, 1, 0, 2, 0, 0, 0, 0, 0, 0, 0, 0, 0, 2, 0, 0, 0, 0, 0, 0, 0, 1, 1, 0, 1, 1, 0, 2, 2, 0, 0, 1, 0, 0, 0, 0, 1, 0, 0, 2, 2, 2, 0, 0, 0, 0, 0, 0, 0, 0, 0, 2, 2, 3, 0, 2, 1, 2, 1, 4, 3, 6, 5, 3, 3, 2, 2, 4, 1, 540, 0, 0, 0, 0, 0, 0]",4,12.844309777920106,-1,1
3279,"[2, 1, 0, 1, 3, 2, 0, 2, 0, 1, 0, 0, 1, 0, 2, 0, 0, 0, 0, 0, 0, 0, 0, 0, 2, 0, 0, 0, 0, 0, 0, 0, 1, 1, 0, 1, 1, 0, 2, 2, 0, 0, 1, 0, 0, 0, 0, 1, 0, 0, 2, 2, 2, 0, 0, 0, 0, 0, 0, 0, 0, 0, 2, 2, 3, 0, 2, 1, 2, 1, 4, 3, 6, 5, 3, 3, 2, 2, 4, 1, 540, 1, 0, 0, 0, 0, 0]",3,0.20000024809870826,-1,0
3280,"[0, 1, 0, 2, 3, 2, 0, 2, 0, 1, 0, 0, 1, 0, 2, 0, 0, 0, 0, 0, 0, 0, 0, 0, 2, 0, 0, 0, 0, 0, 0, 0, 1, 1, 0, 1, 1, 0, 2, 2, 0, 0, 1, 0, 0, 0, 0, 1, 0, 0, 2, 2, 2, 0, 0, 0, 0, 0, 0, 0, 0, 0, 2, 2, 3, 0, 2, 1, 2, 1, 4, 3, 6, 5, 3, 3, 2, 2, 4, 1, 540, 0, 0, 0, 0, 0, 0]","[[2 0 0 0]
 [0 0 0 1]]",-0.1985420699902507,-1,0
3281,"[0, 1, 0, 2, 3, 2, 0, 2, 0, 1, 0, 0, 1, 0, 2, 0, 0, 0, 0, 0, 0, 0, 0, 0, 2, 0, 0, 0, 0, 0, 0, 0, 1, 1, 0, 1, 1, 0, 2, 2, 0, 0, 1, 0, 0, 0, 0, 1, 0, 0, 2, 2, 2, 0, 0, 0, 0, 0, 0, 0, 0, 0, 2, 2, 3, 0, 2, 1, 2, 1, 4, 3, 6, 5, 3, 3, 2, 2, 4, 1, 540, 1, 0, 0, 0, 0, 0]",3,0.20000024809870826,-1,0
3282,"[0, 1, 0, 2, 3, 2, 0, 2, 0, 1, 0, 0, 1, 0, 2, 0, 0, 0, 0, 0, 0, 0, 0, 0, 2, 0, 0, 0, 0, 0, 0, 0, 1, 1, 0, 1, 1, 0, 2, 2, 0, 0, 1, 0, 0, 0, 0, 1, 0, 0, 2, 2, 2, 0, 0, 0, 0, 0, 0, 0, 0, 0, 2, 2, 3, 0, 2, 1, 2, 1, 4, 3, 6, 5, 3, 3, 2, 2, 4, 1, 540, 0, 0, 0, 0, 0, 0]",-1,-0.0002258290471306333,-1,0
3283,"[0, 1, 0, 2, 3, 2, 0, 2, 0, 1, 0, 0, 1, 0, 2, 0, 0, 0, 0, 0, 0, 0, 0, 0, 2, 0, 0, 0, 0, 0, 0, 0, 1, 1, 0, 1, 1, 0, 2, 2, 0, 0, 1, 0, 0, 0, 0, 1, 0, 0, 2, 2, 2, 0, 0, 0, 0, 0, 0, 0, 0, 0, 2, 2, 3, 0, 2, 1, 2, 1, 4, 3, 6, 5, 3, 3, 2, 2, 4, 1, 540, 1, 0, 0, 0, 0, 0]",3,0.20000024809870826,-1,0
3284,"[0, 1, 0, 2, 3, 2, 0, 2, 0, 1, 0, 0, 1, 0, 2, 0, 0, 0, 0, 0, 0, 0, 0, 0, 2, 0, 0, 0, 0, 0, 0, 0, 1, 1, 0, 1, 1, 0, 2, 2, 0, 0, 1, 0, 0, 0, 0, 1, 0, 0, 2, 2, 2, 0, 0, 0, 0, 0, 0, 0, 0, 0, 2, 2, 3, 0, 2, 1, 2, 1, 4, 3, 6, 5, 3, 3, 2, 2, 4, 1, 540, 0, 0, 0, 0, 0, 0]",-1,-0.0002258290471306333,-1,0
3285,"[0, 1, 0, 2, 3, 2, 0, 2, 0, 1, 0, 0, 1, 0, 2, 0, 0, 0, 0, 0, 0, 0, 0, 0, 2, 0, 0, 0, 0, 0, 0, 0, 1, 1, 0, 1, 1, 0, 2, 2, 0, 0, 1, 0, 0, 0, 0, 1, 0, 0, 2, 2, 2, 0, 0, 0, 0, 0, 0, 0, 0, 0, 2, 2, 3, 0, 2, 1, 2, 1, 4, 3, 6, 5, 3, 3, 2, 2, 4, 1, 540, 0, 1, 0, 0, 0, 0]",2,0.4000002480987082,-1,0
3286,"[0, 1, 0, 2, 3, 2, 0, 2, 0, 1, 0, 0, 1, 0, 2, 0, 0, 0, 0, 0, 0, 0, 0, 0, 2, 0, 0, 0, 0, 0, 0, 0, 1, 1, 0, 1, 1, 0, 2, 2, 0, 0, 1, 0, 0, 0, 0, 1, 0, 0, 2, 2, 2, 0, 0, 0, 0, 0, 0, 0, 0, 0, 2, 2, 3, 0, 2, 1, 2, 1, 4, 3, 6, 5, 3, 3, 2, 2, 4, 1, 540, 0, 1, 0, 0, 1, 0]","[[0 1 0 0]
 [1 0 0 0]]",0.6504251131567991,-1,0
3287,"[0, 1, 0, 2, 3, 2, 0, 2, 0, 1, 0, 0, 1, 0, 2, 0, 0, 0, 0, 0, 0, 0, 0, 0, 2, 0, 0, 0, 0, 0, 0, 0, 1, 1, 0, 1, 1, 0, 2, 2, 0, 0, 1, 0, 0, 0, 0, 1, 0, 0, 2, 2, 2, 0, 0, 0, 0, 0, 0, 0, 0, 0, 2, 2, 3, 0, 2, 1, 2, 1, 4, 3, 6, 5, 3, 3, 2, 2, 4, 1, 540, 0, 0, 0, 0, 0, 0]",1,-41.60953971553769,-1,1
3288,"[0, 1, 0, 2, 3, 2, 0, 2, 0, 1, 0, 0, 1, 0, 2, 0, 0, 0, 0, 0, 0, 0, 0, 0, 2, 0, 0, 0, 0, 0, 0, 0, 1, 1, 0, 1, 1, 0, 2, 2, 0, 0, 1, 0, 0, 0, 0, 1, 0, 0, 2, 2, 2, 0, 0, 0, 0, 0, 0, 0, 0, 0, 2, 2, 3, 0, 2, 1, 2, 1, 4, 3, 6, 5, 3, 3, 2, 2, 4, 1, 540, 1, 0, 0, 0, 0, 0]",3,0.20000024809870826,-1,0
3289,"[0, 1, 0, 2, 3, 2, 0, 2, 0, 1, 0, 0, 1, 0, 2, 0, 0, 0, 0, 0, 0, 0, 0, 0, 2, 0, 0, 0, 0, 0, 0, 0, 1, 1, 0, 1, 1, 0, 2, 2, 0, 0, 1, 0, 0, 0, 0, 1, 0, 0, 2, 2, 2, 0, 0, 0, 0, 0, 0, 0, 0, 0, 2, 2, 3, 0, 2, 1, 2, 1, 4, 3, 6, 5, 3, 3, 2, 2, 4, 1, 540, 0, 0, 0, 0, 0, 0]",-1,-0.0002258290471306333,-1,0
3290,"[0, 1, 0, 2, 3, 2, 0, 2, 0, 1, 0, 0, 1, 0, 2, 0, 0, 0, 0, 0, 0, 0, 0, 0, 2, 0, 0, 0, 0, 0, 0, 0, 1, 1, 0, 1, 1, 0, 2, 2, 0, 0, 1, 0, 0, 0, 0, 1, 0, 0, 2, 2, 2, 0, 0, 0, 0, 0, 0, 0, 0, 0, 2, 2, 3, 0, 2, 1, 2, 1, 4, 3, 6, 5, 3, 3, 2, 2, 4, 1, 540, 1, 0, 0, 0, 0, 0]",3,0.20000024809870826,-1,0
3291,"[0, 1, 0, 2, 3, 2, 0, 2, 0, 1, 0, 0, 1, 0, 2, 0, 0, 0, 0, 0, 0, 0, 0, 0, 2, 0, 0, 0, 0, 0, 0, 0, 1, 1, 0, 1, 1, 0, 2, 2, 0, 0, 1, 0, 0, 0, 0, 1, 0, 0, 2, 2, 2, 0, 0, 0, 0, 0, 0, 0, 0, 0, 2, 2, 3, 0, 2, 1, 2, 1, 4, 3, 6, 5, 3, 3, 2, 2, 4, 1, 540, 0, 0, 0, 0, 0, 0]",-1,-0.0002258290471306333,-1,0
3292,"[0, 1, 0, 2, 3, 2, 0, 2, 0, 1, 0, 0, 1, 0, 2, 0, 0, 0, 0, 0, 0, 0, 0, 0, 2, 0, 0, 0, 0, 0, 0, 0, 1, 1, 0, 1, 1, 0, 2, 2, 0, 0, 1, 0, 0, 0, 0, 1, 0, 0, 2, 2, 2, 0, 0, 0, 0, 0, 0, 0, 0, 0, 2, 2, 3, 0, 2, 1, 2, 1, 4, 3, 6, 5, 3, 3, 2, 2, 4, 1, 540, 0, 1, 0, 0, 0, 0]",2,0.4000002480987082,-1,0
3293,"[0, 1, 0, 2, 3, 2, 0, 2, 0, 1, 0, 0, 1, 0, 2, 0, 0, 0, 0, 0, 0, 0, 0, 0, 2, 0, 0, 0, 0, 0, 0, 0, 1, 1, 0, 1, 1, 0, 2, 2, 0, 0, 1, 0, 0, 0, 0, 1, 0, 0, 2, 2, 2, 0, 0, 0, 0, 0, 0, 0, 0, 0, 2, 2, 3, 0, 2, 1, 2, 1, 4, 3, 6, 5, 3, 3, 2, 2, 4, 1, 540, 0, 1, 0, 0, 1, 0]","[[0 0 0 1]
 [1 0 0 0]]",0.6504251131567991,-1,0
3294,"[0, 1, 0, 2, 3, 2, 0, 2, 0, 1, 0, 0, 1, 0, 2, 0, 0, 0, 0, 0, 0, 0, 0, 0, 2, 0, 0, 0, 0, 0, 0, 0, 1, 1, 0, 1, 1, 0, 2, 2, 0, 0, 1, 0, 0, 0, 0, 1, 0, 0, 2, 2, 2, 0, 0, 0, 0, 0, 0, 0, 0, 0, 2, 2, 3, 0, 2, 1, 2, 1, 4, 3, 6, 5, 3, 3, 2, 2, 4, 1, 540, 0, 0, 0, 0, 0, 0]",1,-41.60953971553769,-1,1
3295,"[0, 1, 0, 2, 3, 2, 0, 2, 0, 1, 0, 0, 1, 0, 2, 0, 0, 0, 0, 0, 0, 0, 0, 0, 2, 0, 0, 0, 0, 0, 0, 0, 1, 1, 0, 1, 1, 0, 2, 2, 0, 0, 1, 0, 0, 0, 0, 1, 0, 0, 2, 2, 2, 0, 0, 0, 0, 0, 0, 0, 0, 0, 2, 2, 3, 0, 2, 1, 2, 1, 4, 3, 6, 5, 3, 3, 2, 2, 4, 1, 540, 1, 0, 0, 0, 0, 0]",3,0.20000024809870826,-1,0
3296,"[0, 1, 0, 2, 3, 2, 0, 2, 0, 1, 0, 0, 1, 0, 2, 0, 0, 0, 0, 0, 0, 0, 0, 0, 2, 0, 0, 0, 0, 0, 0, 0, 1, 1, 0, 1, 1, 0, 2, 2, 0, 0, 1, 0, 0, 0, 0, 1, 0, 0, 2, 2, 2, 0, 0, 0, 0, 0, 0, 0, 0, 0, 2, 2, 3, 0, 2, 1, 2, 1, 4, 3, 6, 5, 3, 3, 2, 2, 4, 1, 540, 0, 0, 0, 0, 0, 0]",-1,-0.0002258290471306333,-1,0
3297,"[0, 1, 0, 2, 3, 2, 0, 2, 0, 1, 0, 0, 1, 0, 2, 0, 0, 0, 0, 0, 0, 0, 0, 0, 2, 0, 0, 0, 0, 0, 0, 0, 1, 1, 0, 1, 1, 0, 2, 2, 0, 0, 1, 0, 0, 0, 0, 1, 0, 0, 2, 2, 2, 0, 0, 0, 0, 0, 0, 0, 0, 0, 2, 2, 3, 0, 2, 1, 2, 1, 4, 3, 6, 5, 3, 3, 2, 2, 4, 1, 540, 1, 0, 0, 0, 0, 0]",3,0.20000024809870826,-1,0
3298,"[0, 1, 0, 2, 3, 2, 0, 2, 0, 1, 0, 0, 1, 0, 2, 0, 0, 0, 0, 0, 0, 0, 0, 0, 2, 0, 0, 0, 0, 0, 0, 0, 1, 1, 0, 1, 1, 0, 2, 2, 0, 0, 1, 0, 0, 0, 0, 1, 0, 0, 2, 2, 2, 0, 0, 0, 0, 0, 0, 0, 0, 0, 2, 2, 3, 0, 2, 1, 2, 1, 4, 3, 6, 5, 3, 3, 2, 2, 4, 1, 540, 0, 0, 0, 0, 0, 0]",-1,-0.0002258290471306333,-1,0
3299,"[0, 1, 0, 2, 3, 2, 0, 2, 0, 1, 0, 0, 1, 0, 2, 0, 0, 0, 0, 0, 0, 0, 0, 0, 2, 0, 0, 0, 0, 0, 0, 0, 1, 1, 0, 1, 1, 0, 2, 2, 0, 0, 1, 0, 0, 0, 0, 1, 0, 0, 2, 2, 2, 0, 0, 0, 0, 0, 0, 0, 0, 0, 2, 2, 3, 0, 2, 1, 2, 1, 4, 3, 6, 5, 3, 3, 2, 2, 4, 1, 540, 0, 1, 0, 0, 0, 0]",2,0.4000002480987082,-1,0
3300,"[0, 1, 0, 2, 3, 2, 0, 2, 0, 1, 0, 0, 1, 0, 2, 0, 0, 0, 0, 0, 0, 0, 0, 0, 2, 0, 0, 0, 0, 0, 0, 0, 1, 1, 0, 1, 1, 0, 2, 2, 0, 0, 1, 0, 0, 0, 0, 1, 0, 0, 2, 2, 2, 0, 0, 0, 0, 0, 0, 0, 0, 0, 2, 2, 3, 0, 2, 1, 2, 1, 4, 3, 6, 5, 3, 3, 2, 2, 4, 1, 540, 0, 1, 0, 0, 1, 0]","[[0 0 0 1]
 [1 0 0 0]]",0.6504251131567991,-1,0
3301,"[0, 1, 0, 2, 3, 2, 0, 2, 0, 1, 0, 0, 1, 0, 2, 0, 0, 0, 0, 0, 0, 0, 0, 0, 2, 0, 0, 0, 0, 0, 0, 0, 1, 1, 0, 1, 1, 0, 2, 2, 0, 0, 1, 0, 0, 0, 0, 1, 0, 0, 2, 2, 2, 0, 0, 0, 0, 0, 0, 0, 0, 0, 2, 2, 3, 0, 2, 1, 2, 1, 4, 3, 6, 5, 3, 3, 2, 2, 4, 1, 540, 0, 1, 0, 0, 0, 1]",2,-0.19999975190129177,-1,1
3302,"[0, 1, 0, 2, 3, 2, 0, 2, 0, 1, 0, 0, 1, 0, 2, 0, 0, 0, 0, 0, 0, 0, 0, 0, 2, 0, 0, 0, 0, 0, 0, 0, 1, 1, 0, 1, 1, 0, 2, 2, 0, 0, 1, 0, 0, 0, 0, 1, 0, 0, 2, 2, 2, 0, 0, 0, 0, 0, 0, 0, 0, 0, 2, 2, 3, 0, 2, 1, 2, 1, 4, 3, 6, 5, 3, 3, 2, 2, 4, 1, 540, 0, 0, 1, 0, 0, 0]","[[1 1 0 1]
 [0 1 0 1]]",-0.19999975190129177,-1,1
3303,"[0, 1, 0, 2, 3, 2, 0, 2, 0, 1, 0, 0, 1, 0, 2, 0, 0, 0, 0, 0, 0, 0, 0, 0, 2, 0, 0, 0, 0, 0, 0, 0, 1, 1, 0, 1, 1, 0, 2, 2, 0, 0, 1, 0, 0, 0, 0, 1, 0, 0, 2, 2, 2, 0, 0, 0, 0, 0, 0, 0, 0, 0, 2, 2, 3, 0, 2, 1, 2, 1, 4, 3, 6, 5, 3, 3, 2, 2, 4, 1, 540, 0, 0, 0, 0, 0, 0]",1,-11.123384970057772,-1,0
3304,"[0, 1, 0, 1, 1, 1, 0, 1, 0, 1, 0, 0, 1, 0, 2, 0, 0, 0, 0, 0, 0, 0, 0, 0, 2, 0, 0, 0, 0, 0, 0, 0, 1, 1, 0, 1, 1, 0, 2, 2, 0, 0, 1, 0, 0, 0, 0, 1, 0, 0, 2, 2, 2, 0, 0, 0, 0, 0, 0, 0, 0, 0, 2, 2, 3, 0, 2, 1, 2, 1, 4, 3, 6, 5, 3, 3, 2, 2, 4, 1, 541, 0, 0, 0, 0, 0, 0]",4,14.25991506775867,-1,0
3305,"[0, 1, 0, 1, 1, 1, 0, 1, 0, 1, 0, 0, 1, 0, 2, 0, 0, 0, 0, 0, 0, 0, 0, 0, 2, 0, 0, 0, 0, 0, 0, 0, 1, 1, 0, 1, 1, 0, 2, 2, 0, 0, 1, 0, 0, 0, 0, 1, 0, 0, 2, 2, 2, 0, 0, 0, 0, 0, 0, 0, 0, 0, 2, 2, 3, 0, 2, 1, 2, 1, 4, 3, 6, 5, 3, 3, 2, 2, 4, 1, 541, 0, 0, 0, 0, 0, 0]",-1,-0.0002235820105674166,-1,1
3306,"[0, 1, 0, 1, 1, 1, 0, 1, 0, 1, 0, 0, 1, 0, 2, 0, 0, 0, 0, 0, 0, 0, 0, 0, 2, 0, 0, 0, 0, 0, 0, 0, 1, 1, 0, 1, 1, 0, 2, 2, 0, 0, 1, 0, 0, 0, 0, 1, 0, 0, 2, 2, 2, 0, 0, 0, 0, 0, 0, 0, 0, 0, 2, 2, 3, 0, 2, 1, 2, 1, 4, 3, 6, 5, 3, 3, 2, 2, 4, 1, 541, 1, 0, 0, 0, 0, 0]",3,0.20000023837063033,-1,0
3307,"[0, 1, 0, 1, 1, 1, 0, 1, 0, 1, 0, 0, 1, 0, 2, 0, 0, 0, 0, 0, 0, 0, 0, 0, 2, 0, 0, 0, 0, 0, 0, 0, 1, 1, 0, 1, 1, 0, 2, 2, 0, 0, 1, 0, 0, 0, 0, 1, 0, 0, 2, 2, 2, 0, 0, 0, 0, 0, 0, 0, 0, 0, 2, 2, 3, 0, 2, 1, 2, 1, 4, 3, 6, 5, 3, 3, 2, 2, 4, 1, 541, 0, 0, 0, 0, 0, 0]",-1,-0.0002235820105674166,-1,0
3308,"[0, 1, 0, 1, 1, 1, 0, 1, 0, 1, 0, 0, 1, 0, 2, 0, 0, 0, 0, 0, 0, 0, 0, 0, 2, 0, 0, 0, 0, 0, 0, 0, 1, 1, 0, 1, 1, 0, 2, 2, 0, 0, 1, 0, 0, 0, 0, 1, 0, 0, 2, 2, 2, 0, 0, 0, 0, 0, 0, 0, 0, 0, 2, 2, 3, 0, 2, 1, 2, 1, 4, 3, 6, 5, 3, 3, 2, 2, 4, 1, 541, 1, 0, 0, 0, 0, 0]",3,0.20000023837063033,-1,0
3309,"[0, 1, 0, 1, 1, 1, 0, 1, 0, 1, 0, 0, 1, 0, 2, 0, 0, 0, 0, 0, 0, 0, 0, 0, 2, 0, 0, 0, 0, 0, 0, 0, 1, 1, 0, 1, 1, 0, 2, 2, 0, 0, 1, 0, 0, 0, 0, 1, 0, 0, 2, 2, 2, 0, 0, 0, 0, 0, 0, 0, 0, 0, 2, 2, 3, 0, 2, 1, 2, 1, 4, 3, 6, 5, 3, 3, 2, 2, 4, 1, 541, 0, 0, 0, 0, 0, 0]",-1,-0.0002235820105674166,-1,0
3310,"[0, 1, 0, 1, 1, 1, 0, 1, 0, 1, 0, 0, 1, 0, 2, 0, 0, 0, 0, 0, 0, 0, 0, 0, 2, 0, 0, 0, 0, 0, 0, 0, 1, 1, 0, 1, 1, 0, 2, 2, 0, 0, 1, 0, 0, 0, 0, 1, 0, 0, 2, 2, 2, 0, 0, 0, 0, 0, 0, 0, 0, 0, 2, 2, 3, 0, 2, 1, 2, 1, 4, 3, 6, 5, 3, 3, 2, 2, 4, 1, 541, 1, 0, 0, 0, 0, 0]",3,0.20000023837063033,-1,0
3311,"[0, 1, 0, 1, 1, 1, 0, 1, 0, 1, 0, 0, 1, 0, 2, 0, 0, 0, 0, 0, 0, 0, 0, 0, 2, 0, 0, 0, 0, 0, 0, 0, 1, 1, 0, 1, 1, 0, 2, 2, 0, 0, 1, 0, 0, 0, 0, 1, 0, 0, 2, 2, 2, 0, 0, 0, 0, 0, 0, 0, 0, 0, 2, 2, 3, 0, 2, 1, 2, 1, 4, 3, 6, 5, 3, 3, 2, 2, 4, 1, 541, 0, 0, 0, 0, 0, 0]",-1,-0.0002235820105674166,-1,0
3312,"[0, 1, 0, 1, 1, 1, 0, 1, 0, 1, 0, 0, 1, 0, 2, 0, 0, 0, 0, 0, 0, 0, 0, 0, 2, 0, 0, 0, 0, 0, 0, 0, 1, 1, 0, 1, 1, 0, 2, 2, 0, 0, 1, 0, 0, 0, 0, 1, 0, 0, 2, 2, 2, 0, 0, 0, 0, 0, 0, 0, 0, 0, 2, 2, 3, 0, 2, 1, 2, 1, 4, 3, 6, 5, 3, 3, 2, 2, 4, 1, 541, 0, 1, 0, 0, 0, 0]",2,0.40000023837063026,-1,0
3313,"[0, 1, 0, 1, 1, 1, 0, 1, 0, 1, 0, 0, 1, 0, 2, 0, 0, 0, 0, 0, 0, 0, 0, 0, 2, 0, 0, 0, 0, 0, 0, 0, 1, 1, 0, 1, 1, 0, 2, 2, 0, 0, 1, 0, 0, 0, 0, 1, 0, 0, 2, 2, 2, 0, 0, 0, 0, 0, 0, 0, 0, 0, 2, 2, 3, 0, 2, 1, 2, 1, 4, 3, 6, 5, 3, 3, 2, 2, 4, 1, 541, 0, 1, 0, 0, 1, 0]","[[0 0 0 1]
 [1 0 0 0]]",0.6504251034287212,-1,0
3314,"[0, 1, 0, 1, 1, 1, 0, 1, 0, 1, 0, 0, 1, 0, 2, 0, 0, 0, 0, 0, 0, 0, 0, 0, 2, 0, 0, 0, 0, 0, 0, 0, 1, 1, 0, 1, 1, 0, 2, 2, 0, 0, 1, 0, 0, 0, 0, 1, 0, 0, 2, 2, 2, 0, 0, 0, 0, 0, 0, 0, 0, 0, 2, 2, 3, 0, 2, 1, 2, 1, 4, 3, 6, 5, 3, 3, 2, 2, 4, 1, 541, 0, 0, 0, 0, 0, 0]",1,-44.92135931162517,-1,1
3315,"[0, 1, 0, 1, 1, 1, 0, 1, 0, 1, 0, 0, 1, 0, 2, 0, 0, 0, 0, 0, 0, 0, 0, 0, 2, 0, 0, 0, 0, 0, 0, 0, 1, 1, 0, 1, 1, 0, 2, 2, 0, 0, 1, 0, 0, 0, 0, 1, 0, 0, 2, 2, 2, 0, 0, 0, 0, 0, 0, 0, 0, 0, 2, 2, 3, 0, 2, 1, 2, 1, 4, 3, 6, 5, 3, 3, 2, 2, 4, 1, 541, 0, 1, 0, 0, 0, 0]",2,0.40000023837063026,-1,0
3316,"[0, 1, 0, 1, 1, 1, 0, 1, 0, 1, 0, 0, 1, 0, 2, 0, 0, 0, 0, 0, 0, 0, 0, 0, 2, 0, 0, 0, 0, 0, 0, 0, 1, 1, 0, 1, 1, 0, 2, 2, 0, 0, 1, 0, 0, 0, 0, 1, 0, 0, 2, 2, 2, 0, 0, 0, 0, 0, 0, 0, 0, 0, 2, 2, 3, 0, 2, 1, 2, 1, 4, 3, 6, 5, 3, 3, 2, 2, 4, 1, 541, 0, 1, 0, 0, 1, 0]","[[0 0 0 1]
 [1 0 0 0]]",0.6504251034287212,-1,0
3317,"[0, 1, 0, 1, 1, 1, 0, 1, 0, 1, 0, 0, 1, 0, 2, 0, 0, 0, 0, 0, 0, 0, 0, 0, 2, 0, 0, 0, 0, 0, 0, 0, 1, 1, 0, 1, 1, 0, 2, 2, 0, 0, 1, 0, 0, 0, 0, 1, 0, 0, 2, 2, 2, 0, 0, 0, 0, 0, 0, 0, 0, 0, 2, 2, 3, 0, 2, 1, 2, 1, 4, 3, 6, 5, 3, 3, 2, 2, 4, 1, 541, 0, 1, 0, 0, 0, 1]",2,-0.1999997616293697,-1,1
3318,"[0, 1, 0, 1, 1, 1, 0, 1, 0, 1, 0, 0, 1, 0, 2, 0, 0, 0, 0, 0, 0, 0, 0, 0, 2, 0, 0, 0, 0, 0, 0, 0, 1, 1, 0, 1, 1, 0, 2, 2, 0, 0, 1, 0, 0, 0, 0, 1, 0, 0, 2, 2, 2, 0, 0, 0, 0, 0, 0, 0, 0, 0, 2, 2, 3, 0, 2, 1, 2, 1, 4, 3, 6, 5, 3, 3, 2, 2, 4, 1, 541, 0, 0, 0, 0, 0, 0]",-1,-0.0002235820105674166,-1,1
3319,"[0, 1, 0, 1, 1, 1, 0, 1, 0, 1, 0, 0, 1, 0, 2, 0, 0, 0, 0, 0, 0, 0, 0, 0, 2, 0, 0, 0, 0, 0, 0, 0, 1, 1, 0, 1, 1, 0, 2, 2, 0, 0, 1, 0, 0, 0, 0, 1, 0, 0, 2, 2, 2, 0, 0, 0, 0, 0, 0, 0, 0, 0, 2, 2, 3, 0, 2, 1, 2, 1, 4, 3, 6, 5, 3, 3, 2, 2, 4, 1, 541, 0, 0, 0, 0, 0, 0]",0,0.2427191107942034,-1,0
3320,"[0, 1, 0, 1, 1, 1, 0, 1, 0, 1, 0, 0, 1, 0, 2, 0, 0, 0, 0, 0, 0, 0, 0, 0, 2, 0, 0, 0, 0, 0, 0, 0, 1, 1, 0, 1, 1, 0, 2, 2, 0, 0, 1, 0, 0, 0, 0, 1, 0, 0, 2, 2, 2, 0, 0, 0, 0, 0, 0, 0, 0, 0, 2, 2, 3, 0, 2, 1, 2, 1, 4, 3, 6, 5, 3, 3, 2, 2, 4, 1, 541, 0, 0, 0, 0, 0, 0]",-1,-0.0002235820105674166,-1,0
3321,"[0, 1, 0, 1, 1, 1, 0, 1, 0, 1, 0, 0, 1, 0, 2, 0, 0, 0, 0, 0, 0, 0, 0, 0, 2, 0, 0, 0, 0, 0, 0, 0, 1, 1, 0, 1, 1, 0, 2, 2, 0, 0, 1, 0, 0, 0, 0, 1, 0, 0, 2, 2, 2, 0, 0, 0, 0, 0, 0, 0, 0, 0, 2, 2, 3, 0, 2, 1, 2, 1, 4, 3, 6, 5, 3, 3, 2, 2, 4, 1, 541, 0, 1, 0, 0, 0, 0]",2,0.40000023837063026,-1,0
3322,"[0, 1, 0, 1, 1, 1, 0, 1, 0, 1, 0, 0, 1, 0, 2, 0, 0, 0, 0, 0, 0, 0, 0, 0, 2, 0, 0, 0, 0, 0, 0, 0, 1, 1, 0, 1, 1, 0, 2, 2, 0, 0, 1, 0, 0, 0, 0, 1, 0, 0, 2, 2, 2, 0, 0, 0, 0, 0, 0, 0, 0, 0, 2, 2, 3, 0, 2, 1, 2, 1, 4, 3, 6, 5, 3, 3, 2, 2, 4, 1, 541, 0, 1, 0, 0, 1, 0]","[[0 0 0 1]
 [1 0 0 0]]",0.6504251034287212,-1,0
3323,"[1, 1, 0, 0, 0, 1, 0, 2, 0, 1, 0, 0, 1, 0, 2, 0, 0, 0, 0, 0, 0, 0, 0, 0, 2, 0, 0, 0, 0, 0, 0, 0, 1, 1, 0, 1, 1, 0, 2, 2, 0, 0, 1, 0, 0, 0, 0, 1, 0, 0, 2, 2, 2, 0, 0, 0, 0, 0, 0, 0, 0, 0, 2, 2, 3, 0, 2, 1, 2, 1, 4, 3, 6, 5, 3, 3, 2, 2, 4, 1, 541, 0, 0, 0, 0, 0, 0]",0,-0.1999997616293697,-1,1
3324,"[1, 1, 0, 0, 0, 1, 0, 2, 0, 1, 0, 0, 1, 0, 2, 0, 0, 0, 0, 0, 0, 0, 0, 0, 2, 0, 0, 0, 0, 0, 0, 0, 1, 1, 0, 1, 1, 0, 2, 2, 0, 0, 1, 0, 0, 0, 0, 1, 0, 0, 2, 2, 2, 0, 0, 0, 0, 0, 0, 0, 0, 0, 2, 2, 3, 0, 2, 1, 2, 1, 4, 3, 6, 5, 3, 3, 2, 2, 4, 1, 541, 0, 0, 0, 0, 0, 0]",0,0.2427191107942034,-1,0
3325,"[1, 1, 0, 0, 0, 1, 0, 2, 0, 1, 0, 0, 1, 0, 2, 0, 0, 0, 0, 0, 0, 0, 0, 0, 2, 0, 0, 0, 0, 0, 0, 0, 1, 1, 0, 1, 1, 0, 2, 2, 0, 0, 1, 0, 0, 0, 0, 1, 0, 0, 2, 2, 2, 0, 0, 0, 0, 0, 0, 0, 0, 0, 2, 2, 3, 0, 2, 1, 2, 1, 4, 3, 6, 5, 3, 3, 2, 2, 4, 1, 541, 0, 0, 0, 0, 0, 0]",-1,-0.0002235820105674166,-1,0
3326,"[1, 1, 0, 0, 0, 1, 0, 2, 0, 1, 0, 0, 1, 0, 2, 0, 0, 0, 0, 0, 0, 0, 0, 0, 2, 0, 0, 0, 0, 0, 0, 0, 1, 1, 0, 1, 1, 0, 2, 2, 0, 0, 1, 0, 0, 0, 0, 1, 0, 0, 2, 2, 2, 0, 0, 0, 0, 0, 0, 0, 0, 0, 2, 2, 3, 0, 2, 1, 2, 1, 4, 3, 6, 5, 3, 3, 2, 2, 4, 1, 541, 0, 0, 0, 0, 0, 0]",0,0.2427191107942034,-1,0
3327,"[1, 1, 0, 0, 0, 1, 0, 2, 0, 1, 0, 0, 1, 0, 2, 0, 0, 0, 0, 0, 0, 0, 0, 0, 2, 0, 0, 0, 0, 0, 0, 0, 1, 1, 0, 1, 1, 0, 2, 2, 0, 0, 1, 0, 0, 0, 0, 1, 0, 0, 2, 2, 2, 0, 0, 0, 0, 0, 0, 0, 0, 0, 2, 2, 3, 0, 2, 1, 2, 1, 4, 3, 6, 5, 3, 3, 2, 2, 4, 1, 541, 0, 0, 0, 0, 0, 0]",-1,-0.0002235820105674166,-1,0
3328,"[1, 1, 0, 0, 0, 1, 0, 2, 0, 1, 0, 0, 1, 0, 2, 0, 0, 0, 0, 0, 0, 0, 0, 0, 2, 0, 0, 0, 0, 0, 0, 0, 1, 1, 0, 1, 1, 0, 2, 2, 0, 0, 1, 0, 0, 0, 0, 1, 0, 0, 2, 2, 2, 0, 0, 0, 0, 0, 0, 0, 0, 0, 2, 2, 3, 0, 2, 1, 2, 1, 4, 3, 6, 5, 3, 3, 2, 2, 4, 1, 541, 0, 0, 0, 0, 0, 0]",0,0.2427191107942034,-1,0
3329,"[1, 1, 0, 0, 0, 1, 0, 2, 0, 1, 0, 0, 1, 0, 2, 0, 0, 0, 0, 0, 0, 0, 0, 0, 2, 0, 0, 0, 0, 0, 0, 0, 1, 1, 0, 1, 1, 0, 2, 2, 0, 0, 1, 0, 0, 0, 0, 1, 0, 0, 2, 2, 2, 0, 0, 0, 0, 0, 0, 0, 0, 0, 2, 2, 3, 0, 2, 1, 2, 1, 4, 3, 6, 5, 3, 3, 2, 2, 4, 1, 541, 0, 0, 0, 0, 0, 0]",-1,-0.0002235820105674166,-1,0
3330,"[1, 1, 0, 0, 0, 1, 0, 2, 0, 1, 0, 0, 1, 0, 2, 0, 0, 0, 0, 0, 0, 0, 0, 0, 2, 0, 0, 0, 0, 0, 0, 0, 1, 1, 0, 1, 1, 0, 2, 2, 0, 0, 1, 0, 0, 0, 0, 1, 0, 0, 2, 2, 2, 0, 0, 0, 0, 0, 0, 0, 0, 0, 2, 2, 3, 0, 2, 1, 2, 1, 4, 3, 6, 5, 3, 3, 2, 2, 4, 1, 541, 0, 0, 0, 0, 0, 0]",0,0.2427191107942034,-1,0
3331,"[1, 1, 0, 0, 0, 1, 0, 2, 0, 1, 0, 0, 1, 0, 2, 0, 0, 0, 0, 0, 0, 0, 0, 0, 2, 0, 0, 0, 0, 0, 0, 0, 1, 1, 0, 1, 1, 0, 2, 2, 0, 0, 1, 0, 0, 0, 0, 1, 0, 0, 2, 2, 2, 0, 0, 0, 0, 0, 0, 0, 0, 0, 2, 2, 3, 0, 2, 1, 2, 1, 4, 3, 6, 5, 3, 3, 2, 2, 4, 1, 541, 0, 0, 0, 0, 0, 0]",-1,-0.0002235820105674166,-1,0
3332,"[1, 1, 0, 0, 0, 1, 0, 2, 0, 1, 0, 0, 1, 0, 2, 0, 0, 0, 0, 0, 0, 0, 0, 0, 2, 0, 0, 0, 0, 0, 0, 0, 1, 1, 0, 1, 1, 0, 2, 2, 0, 0, 1, 0, 0, 0, 0, 1, 0, 0, 2, 2, 2, 0, 0, 0, 0, 0, 0, 0, 0, 0, 2, 2, 3, 0, 2, 1, 2, 1, 4, 3, 6, 5, 3, 3, 2, 2, 4, 1, 541, 0, 0, 0, 0, 0, 0]",0,0.2427191107942034,-1,0
3333,"[1, 1, 0, 0, 0, 1, 0, 2, 0, 1, 0, 0, 1, 0, 2, 0, 0, 0, 0, 0, 0, 0, 0, 0, 2, 0, 0, 0, 0, 0, 0, 0, 1, 1, 0, 1, 1, 0, 2, 2, 0, 0, 1, 0, 0, 0, 0, 1, 0, 0, 2, 2, 2, 0, 0, 0, 0, 0, 0, 0, 0, 0, 2, 2, 3, 0, 2, 1, 2, 1, 4, 3, 6, 5, 3, 3, 2, 2, 4, 1, 541, 0, 0, 0, 0, 0, 0]",-1,-0.0002235820105674166,-1,0
3334,"[1, 1, 0, 0, 0, 1, 0, 3, 0, 1, 0, 0, 1, 0, 2, 0, 0, 0, 0, 0, 0, 0, 0, 0, 2, 0, 0, 0, 0, 0, 0, 0, 1, 1, 0, 1, 1, 0, 2, 2, 0, 0, 1, 0, 0, 0, 0, 1, 0, 0, 2, 2, 2, 0, 0, 0, 0, 0, 0, 0, 0, 0, 2, 2, 3, 0, 2, 1, 2, 1, 4, 3, 6, 5, 3, 3, 2, 2, 4, 1, 542, 0, 0, 0, 0, 0, 0]",4,14.259910564338908,-1,0
3335,"[1, 1, 0, 0, 0, 1, 0, 3, 0, 1, 0, 0, 1, 0, 2, 0, 0, 0, 0, 0, 0, 0, 0, 0, 2, 0, 0, 0, 0, 0, 0, 0, 1, 1, 0, 1, 1, 0, 2, 2, 0, 0, 1, 0, 0, 0, 0, 1, 0, 0, 2, 2, 2, 0, 0, 0, 0, 0, 0, 0, 0, 0, 2, 2, 3, 0, 2, 1, 2, 1, 4, 3, 6, 5, 3, 3, 2, 2, 4, 1, 542, 0, 0, 0, 0, 0, 0]",-1,-0.00022135733239157557,-1,1
3336,"[1, 1, 0, 0, 0, 1, 0, 1, 0, 1, 0, 0, 1, 0, 2, 0, 0, 0, 0, 0, 0, 0, 0, 0, 2, 0, 0, 0, 0, 0, 0, 0, 1, 1, 0, 1, 1, 0, 2, 2, 0, 0, 1, 0, 0, 0, 0, 1, 0, 0, 2, 2, 2, 0, 0, 0, 0, 0, 0, 0, 0, 0, 2, 2, 3, 0, 2, 1, 2, 1, 4, 3, 6, 5, 3, 3, 2, 2, 4, 5, 543, 0, 0, 0, 0, 0, 0]",4,12.859906106002406,-1,1
3337,"[1, 1, 0, 0, 0, 1, 0, 1, 0, 1, 0, 0, 1, 0, 2, 0, 0, 0, 0, 0, 0, 0, 0, 0, 2, 0, 0, 0, 0, 0, 0, 0, 1, 1, 0, 1, 1, 0, 2, 2, 0, 0, 1, 0, 0, 0, 0, 1, 0, 0, 2, 2, 2, 0, 0, 0, 0, 0, 0, 0, 0, 0, 2, 2, 3, 0, 2, 1, 2, 1, 4, 3, 6, 5, 3, 3, 2, 2, 4, 5, 543, 0, 0, 0, 0, 0, 0]",1,0.6096243351434623,-1,0
3338,"[1, 1, 0, 0, 0, 1, 0, 1, 0, 1, 0, 0, 1, 0, 2, 0, 0, 0, 0, 0, 0, 0, 0, 0, 2, 0, 0, 0, 0, 0, 0, 0, 1, 1, 0, 1, 1, 0, 2, 2, 0, 0, 1, 0, 0, 0, 0, 1, 0, 0, 2, 2, 2, 0, 0, 0, 0, 0, 0, 0, 0, 0, 2, 2, 3, 0, 2, 1, 2, 1, 4, 3, 6, 5, 3, 3, 2, 2, 4, 5, 543, 0, 0, 0, 0, 0, 0]",-1,-0.00021915479013343882,-1,0
3339,"[1, 2, 0, 0, 0, 2, 0, 1, 0, 1, 0, 0, 1, 0, 2, 0, 0, 0, 0, 0, 0, 0, 0, 0, 2, 0, 0, 0, 0, 0, 0, 0, 1, 1, 0, 1, 1, 0, 2, 2, 0, 0, 1, 0, 0, 0, 0, 1, 0, 0, 2, 2, 2, 0, 0, 0, 0, 0, 0, 0, 0, 0, 2, 2, 3, 0, 2, 1, 2, 1, 4, 3, 6, 5, 3, 3, 2, 2, 4, 5, 544, 0, 0, 0, 0, 0, 0]",4,14.056107162816062,-1,0
3340,"[1, 2, 0, 0, 0, 2, 0, 1, 0, 1, 0, 0, 1, 0, 2, 0, 0, 0, 0, 0, 0, 0, 0, 0, 2, 0, 0, 0, 0, 0, 0, 0, 1, 1, 0, 1, 1, 0, 2, 2, 0, 0, 1, 0, 0, 0, 0, 1, 0, 0, 2, 2, 2, 0, 0, 0, 0, 0, 0, 0, 0, 0, 2, 2, 3, 0, 2, 1, 2, 1, 4, 3, 6, 5, 3, 3, 2, 2, 4, 5, 544, 0, 1, 0, 0, 0, 0]",2,0.400000211415812,-1,1
3341,"[1, 2, 0, 0, 0, 2, 0, 1, 0, 1, 0, 0, 1, 0, 2, 0, 0, 0, 0, 0, 0, 0, 0, 0, 2, 0, 0, 0, 0, 0, 0, 0, 1, 1, 0, 1, 1, 0, 2, 2, 0, 0, 1, 0, 0, 0, 0, 1, 0, 0, 2, 2, 2, 0, 0, 0, 0, 0, 0, 0, 0, 0, 2, 2, 3, 0, 2, 1, 2, 1, 4, 3, 6, 5, 3, 3, 2, 2, 4, 5, 544, 0, 1, 0, 0, 1, 0]","[[0 1 0 0]
 [1 2 0 0]]",2.1224910961395307,-1,1
3342,"[0, 1, 0, 0, 1, 3, 0, 1, 0, 1, 0, 0, 1, 0, 2, 0, 0, 0, 0, 0, 0, 0, 0, 0, 2, 0, 0, 0, 0, 0, 0, 0, 1, 1, 0, 1, 1, 0, 2, 2, 0, 0, 1, 0, 0, 0, 0, 1, 0, 0, 2, 2, 2, 0, 0, 0, 0, 0, 0, 0, 0, 0, 2, 2, 3, 0, 2, 1, 2, 1, 4, 3, 6, 5, 3, 3, 2, 2, 4, 5, 544, 0, 0, 0, 0, 0, 0]",0,-0.19999978858418796,-1,0
3343,"[0, 1, 0, 0, 1, 3, 0, 1, 0, 1, 0, 0, 1, 0, 2, 0, 0, 0, 0, 0, 0, 0, 0, 0, 2, 0, 0, 0, 0, 0, 0, 0, 1, 1, 0, 1, 1, 0, 2, 2, 0, 0, 1, 0, 0, 0, 0, 1, 0, 0, 2, 2, 2, 0, 0, 0, 0, 0, 0, 0, 0, 0, 2, 2, 3, 0, 2, 1, 2, 1, 4, 3, 6, 5, 3, 3, 2, 2, 4, 5, 544, 0, 0, 0, 0, 0, 0]",-1,-0.00021697416353694474,-1,1
3344,"[0, 1, 0, 0, 1, 3, 0, 2, 0, 1, 0, 0, 1, 0, 2, 0, 0, 0, 0, 0, 0, 0, 0, 0, 2, 0, 0, 0, 0, 0, 0, 0, 1, 1, 0, 1, 1, 0, 2, 2, 0, 0, 1, 0, 0, 0, 0, 1, 0, 0, 2, 2, 2, 0, 0, 0, 0, 0, 0, 0, 0, 0, 2, 2, 3, 0, 2, 1, 2, 1, 4, 3, 6, 5, 3, 3, 2, 2, 4, 5, 545, 0, 0, 0, 0, 0, 0]",4,12.742688620067675,-1,1
3345,"[0, 1, 0, 0, 1, 3, 0, 3, 0, 1, 0, 0, 1, 0, 2, 0, 0, 0, 0, 0, 0, 0, 0, 0, 2, 0, 0, 0, 0, 0, 0, 0, 1, 1, 0, 1, 1, 0, 2, 2, 0, 0, 1, 0, 0, 0, 0, 1, 0, 0, 2, 2, 2, 0, 0, 0, 0, 0, 0, 0, 0, 0, 2, 2, 3, 0, 2, 1, 2, 1, 4, 3, 6, 5, 3, 3, 2, 2, 4, 5, 546, 0, 0, 0, 0, 0, 0]",4,14.097171645547613,-1,0
3346,"[0, 1, 0, 0, 1, 3, 0, 3, 0, 1, 0, 0, 1, 0, 2, 0, 0, 0, 0, 0, 0, 0, 0, 0, 2, 0, 0, 0, 0, 0, 0, 0, 1, 1, 0, 1, 1, 0, 2, 2, 0, 0, 1, 0, 0, 0, 0, 1, 0, 0, 2, 2, 2, 0, 0, 0, 0, 0, 0, 0, 0, 0, 2, 2, 3, 0, 2, 1, 2, 1, 4, 3, 6, 5, 3, 3, 2, 2, 4, 5, 546, 0, 0, 0, 0, 0, 0]",-1,-0.0002126777872407563,-1,1
3347,"[0, 2, 0, 0, 1, 4, 0, 3, 0, 1, 0, 0, 1, 0, 2, 0, 0, 0, 0, 0, 0, 0, 0, 0, 2, 0, 0, 0, 0, 0, 0, 0, 1, 1, 0, 1, 1, 0, 2, 2, 0, 0, 1, 0, 0, 0, 0, 1, 0, 0, 2, 2, 2, 0, 0, 0, 0, 0, 0, 0, 0, 0, 2, 2, 3, 0, 2, 1, 2, 1, 4, 3, 6, 5, 3, 3, 2, 2, 4, 5, 547, 0, 0, 0, 0, 0, 0]",4,12.621245954262411,-1,1
3348,"[0, 2, 0, 0, 1, 4, 0, 3, 0, 1, 0, 0, 1, 0, 2, 0, 0, 0, 0, 0, 0, 0, 0, 0, 2, 0, 0, 0, 0, 0, 0, 0, 1, 1, 0, 1, 1, 0, 2, 2, 0, 0, 1, 0, 0, 0, 0, 1, 0, 0, 2, 2, 2, 0, 0, 0, 0, 0, 0, 0, 0, 0, 2, 2, 3, 0, 2, 1, 2, 1, 4, 3, 6, 5, 3, 3, 2, 2, 4, 5, 547, 0, 1, 0, 0, 0, 0]",2,0.40000018750902677,-1,0
3349,"[0, 2, 0, 0, 1, 4, 0, 3, 0, 1, 0, 0, 1, 0, 2, 0, 0, 0, 0, 0, 0, 0, 0, 0, 2, 0, 0, 0, 0, 0, 0, 0, 1, 1, 0, 1, 1, 0, 2, 2, 0, 0, 1, 0, 0, 0, 0, 1, 0, 0, 2, 2, 2, 0, 0, 0, 0, 0, 0, 0, 0, 0, 2, 2, 3, 0, 2, 1, 2, 1, 4, 3, 6, 5, 3, 3, 2, 2, 4, 5, 547, 0, 1, 0, 0, 1, 0]","[[0 1 0 0]
 [1 0 0 0]]",0.6504250525671177,-1,0
3350,"[0, 2, 0, 0, 1, 4, 0, 3, 0, 1, 0, 0, 1, 0, 2, 0, 0, 0, 0, 0, 0, 0, 0, 0, 2, 0, 0, 0, 0, 0, 0, 0, 1, 1, 0, 1, 1, 0, 2, 2, 0, 0, 1, 0, 0, 0, 0, 1, 0, 0, 2, 2, 2, 0, 0, 0, 0, 0, 0, 0, 0, 0, 2, 2, 3, 0, 2, 1, 2, 1, 4, 3, 6, 5, 3, 3, 2, 2, 4, 5, 547, 0, 0, 0, 0, 0, 0]",1,-44.92135936248677,-1,1
3351,"[1, 2, 0, 0, 1, 5, 0, 3, 0, 1, 0, 0, 1, 0, 2, 0, 0, 0, 0, 0, 0, 0, 0, 0, 2, 0, 0, 0, 0, 0, 0, 0, 1, 1, 0, 1, 1, 0, 2, 2, 0, 0, 1, 0, 0, 0, 0, 1, 0, 0, 2, 2, 2, 0, 0, 0, 0, 0, 0, 0, 0, 0, 2, 2, 3, 0, 2, 1, 2, 1, 4, 3, 6, 5, 3, 3, 2, 2, 4, 5, 548, 0, 0, 0, 0, 0, 0]",4,14.056089945192483,-1,0
3352,"[1, 2, 0, 0, 1, 5, 0, 3, 0, 1, 0, 0, 1, 0, 2, 0, 0, 0, 0, 0, 0, 0, 0, 0, 2, 0, 0, 0, 0, 0, 0, 0, 1, 1, 0, 1, 1, 0, 2, 2, 0, 0, 1, 0, 0, 0, 0, 1, 0, 0, 2, 2, 2, 0, 0, 0, 0, 0, 0, 0, 0, 0, 2, 2, 3, 0, 2, 1, 2, 1, 4, 3, 6, 5, 3, 3, 2, 2, 4, 5, 548, 1, 0, 0, 0, 0, 0]",3,0.2000001801566993,-1,1
3353,"[1, 2, 0, 0, 1, 5, 0, 3, 0, 1, 0, 0, 1, 0, 2, 0, 0, 0, 0, 0, 0, 0, 0, 0, 2, 0, 0, 0, 0, 0, 0, 0, 1, 1, 0, 1, 1, 0, 2, 2, 0, 0, 1, 0, 0, 0, 0, 1, 0, 0, 2, 2, 2, 0, 0, 0, 0, 0, 0, 0, 0, 0, 2, 2, 3, 0, 2, 1, 2, 1, 4, 3, 6, 5, 3, 3, 2, 2, 4, 5, 548, 0, 0, 0, 0, 0, 0]",-1,-0.0002084664848952056,-1,1
3354,"[1, 2, 0, 0, 1, 5, 0, 3, 0, 1, 0, 0, 1, 0, 2, 0, 0, 0, 0, 0, 0, 0, 0, 0, 2, 0, 0, 0, 0, 0, 0, 0, 1, 1, 0, 1, 1, 0, 2, 2, 0, 0, 1, 0, 0, 0, 0, 1, 0, 0, 2, 2, 2, 0, 0, 0, 0, 0, 0, 0, 0, 0, 2, 2, 3, 0, 2, 1, 2, 1, 4, 3, 6, 5, 3, 3, 2, 2, 4, 5, 548, 0, 0, 0, 0, 0, 0]",0,0.24271905258027238,-1,0
3355,"[1, 2, 0, 0, 1, 5, 0, 3, 0, 1, 0, 0, 1, 0, 2, 0, 0, 0, 0, 0, 0, 0, 0, 0, 2, 0, 0, 0, 0, 0, 0, 0, 1, 1, 0, 1, 1, 0, 2, 2, 0, 0, 1, 0, 0, 0, 0, 1, 0, 0, 2, 2, 2, 0, 0, 0, 0, 0, 0, 0, 0, 0, 2, 2, 3, 0, 2, 1, 2, 1, 4, 3, 6, 5, 3, 3, 2, 2, 4, 5, 548, 0, 0, 0, 0, 0, 0]",-1,-0.0002084664848952056,-1,0
3356,"[1, 2, 0, 0, 1, 5, 0, 3, 0, 1, 0, 0, 1, 0, 2, 0, 0, 0, 0, 0, 0, 0, 0, 0, 2, 0, 0, 0, 0, 0, 0, 0, 1, 1, 0, 1, 1, 0, 2, 2, 0, 0, 1, 0, 0, 0, 0, 1, 0, 0, 2, 2, 2, 0, 0, 0, 0, 0, 0, 0, 0, 0, 2, 2, 3, 0, 2, 1, 2, 1, 4, 3, 6, 5, 3, 3, 2, 2, 4, 5, 548, 0, 0, 0, 0, 0, 0]",0,0.24271905258027238,-1,0
3357,"[1, 2, 0, 0, 1, 5, 0, 3, 0, 1, 0, 0, 1, 0, 2, 0, 0, 0, 0, 0, 0, 0, 0, 0, 2, 0, 0, 0, 0, 0, 0, 0, 1, 1, 0, 1, 1, 0, 2, 2, 0, 0, 1, 0, 0, 0, 0, 1, 0, 0, 2, 2, 2, 0, 0, 0, 0, 0, 0, 0, 0, 0, 2, 2, 3, 0, 2, 1, 2, 1, 4, 3, 6, 5, 3, 3, 2, 2, 4, 5, 548, 0, 0, 0, 0, 0, 0]",-1,-0.0002084664848952056,-1,0
3358,"[1, 2, 0, 0, 1, 5, 0, 3, 0, 1, 0, 0, 1, 0, 2, 0, 0, 0, 0, 0, 0, 0, 0, 0, 2, 0, 0, 0, 0, 0, 0, 0, 1, 1, 0, 1, 1, 0, 2, 2, 0, 0, 1, 0, 0, 0, 0, 1, 0, 0, 2, 2, 2, 0, 0, 0, 0, 0, 0, 0, 0, 0, 2, 2, 3, 0, 2, 1, 2, 1, 4, 3, 6, 5, 3, 3, 2, 2, 4, 5, 548, 0, 0, 0, 0, 0, 0]",0,0.24271905258027238,-1,0
3359,"[1, 2, 0, 0, 1, 5, 0, 3, 0, 1, 0, 0, 1, 0, 2, 0, 0, 0, 0, 0, 0, 0, 0, 0, 2, 0, 0, 0, 0, 0, 0, 0, 1, 1, 0, 1, 1, 0, 2, 2, 0, 0, 1, 0, 0, 0, 0, 1, 0, 0, 2, 2, 2, 0, 0, 0, 0, 0, 0, 0, 0, 0, 2, 2, 3, 0, 2, 1, 2, 1, 4, 3, 6, 5, 3, 3, 2, 2, 4, 5, 548, 0, 0, 0, 0, 0, 0]",-1,-0.0002084664848952056,-1,0
3360,"[1, 2, 0, 0, 1, 5, 0, 3, 0, 1, 0, 0, 1, 0, 2, 0, 0, 0, 0, 0, 0, 0, 0, 0, 2, 0, 0, 0, 0, 0, 0, 0, 1, 1, 0, 1, 1, 0, 2, 2, 0, 0, 1, 0, 0, 0, 0, 1, 0, 0, 2, 2, 2, 0, 0, 0, 0, 0, 0, 0, 0, 0, 2, 2, 3, 0, 2, 1, 2, 1, 4, 3, 6, 5, 3, 3, 2, 2, 4, 5, 548, 0, 0, 0, 0, 0, 0]",0,0.24271905258027238,-1,0
3361,"[1, 2, 0, 0, 1, 5, 0, 3, 0, 1, 0, 0, 1, 0, 2, 0, 0, 0, 0, 0, 0, 0, 0, 0, 2, 0, 0, 0, 0, 0, 0, 0, 1, 1, 0, 1, 1, 0, 2, 2, 0, 0, 1, 0, 0, 0, 0, 1, 0, 0, 2, 2, 2, 0, 0, 0, 0, 0, 0, 0, 0, 0, 2, 2, 3, 0, 2, 1, 2, 1, 4, 3, 6, 5, 3, 3, 2, 2, 4, 5, 548, 0, 0, 0, 0, 0, 0]",-1,-0.0002084664848952056,-1,0
3362,"[1, 2, 0, 0, 1, 5, 0, 3, 0, 1, 0, 0, 1, 0, 2, 0, 0, 0, 0, 0, 0, 0, 0, 0, 2, 0, 0, 0, 0, 0, 0, 0, 1, 1, 0, 1, 1, 0, 2, 2, 0, 0, 1, 0, 0, 0, 0, 1, 0, 0, 2, 2, 2, 0, 0, 0, 0, 0, 0, 0, 0, 0, 2, 2, 3, 0, 2, 1, 2, 1, 4, 3, 6, 5, 3, 3, 2, 2, 4, 5, 548, 0, 0, 0, 0, 0, 0]",0,0.24271905258027238,-1,0
3363,"[1, 2, 0, 0, 1, 5, 0, 3, 0, 1, 0, 0, 1, 0, 2, 0, 0, 0, 0, 0, 0, 0, 0, 0, 2, 0, 0, 0, 0, 0, 0, 0, 1, 1, 0, 1, 1, 0, 2, 2, 0, 0, 1, 0, 0, 0, 0, 1, 0, 0, 2, 2, 2, 0, 0, 0, 0, 0, 0, 0, 0, 0, 2, 2, 3, 0, 2, 1, 2, 1, 4, 3, 6, 5, 3, 3, 2, 2, 4, 5, 548, 0, 0, 0, 0, 0, 0]",-1,-0.0002084664848952056,-1,0
3364,"[1, 2, 0, 0, 1, 5, 0, 3, 0, 1, 0, 0, 1, 0, 2, 0, 0, 0, 0, 0, 0, 0, 0, 0, 2, 0, 0, 0, 0, 0, 0, 0, 1, 1, 0, 1, 1, 0, 2, 2, 0, 0, 1, 0, 0, 0, 0, 1, 0, 0, 2, 2, 2, 0, 0, 0, 0, 0, 0, 0, 0, 0, 2, 2, 3, 0, 2, 1, 2, 1, 4, 3, 6, 5, 3, 3, 2, 2, 4, 5, 548, 0, 0, 0, 0, 0, 0]",0,0.24271905258027238,-1,0
3365,"[1, 2, 0, 0, 1, 5, 0, 3, 0, 1, 0, 0, 1, 0, 2, 0, 0, 0, 0, 0, 0, 0, 0, 0, 2, 0, 0, 0, 0, 0, 0, 0, 1, 1, 0, 1, 1, 0, 2, 2, 0, 0, 1, 0, 0, 0, 0, 1, 0, 0, 2, 2, 2, 0, 0, 0, 0, 0, 0, 0, 0, 0, 2, 2, 3, 0, 2, 1, 2, 1, 4, 3, 6, 5, 3, 3, 2, 2, 4, 5, 548, 0, 0, 0, 0, 0, 0]",-1,-0.0002084664848952056,-1,0
3366,"[1, 2, 0, 0, 1, 5, 0, 3, 0, 1, 0, 0, 1, 0, 2, 0, 0, 0, 0, 0, 0, 0, 0, 0, 2, 0, 0, 0, 0, 0, 0, 0, 1, 1, 0, 1, 1, 0, 2, 2, 0, 0, 1, 0, 0, 0, 0, 1, 0, 0, 2, 2, 2, 0, 0, 0, 0, 0, 0, 0, 0, 0, 2, 2, 3, 0, 2, 1, 2, 1, 4, 3, 6, 5, 3, 3, 2, 2, 4, 5, 548, 0, 0, 0, 0, 0, 0]",0,0.24271905258027238,-1,0
3367,"[1, 2, 0, 0, 1, 5, 0, 3, 0, 1, 0, 0, 1, 0, 2, 0, 0, 0, 0, 0, 0, 0, 0, 0, 2, 0, 0, 0, 0, 0, 0, 0, 1, 1, 0, 1, 1, 0, 2, 2, 0, 0, 1, 0, 0, 0, 0, 1, 0, 0, 2, 2, 2, 0, 0, 0, 0, 0, 0, 0, 0, 0, 2, 2, 3, 0, 2, 1, 2, 1, 4, 3, 6, 5, 3, 3, 2, 2, 4, 5, 548, 0, 0, 0, 0, 0, 0]",-1,-0.0002084664848952056,-1,0
3368,"[1, 2, 0, 0, 1, 5, 0, 3, 0, 1, 0, 0, 1, 0, 2, 0, 0, 0, 0, 0, 0, 0, 0, 0, 2, 0, 0, 0, 0, 0, 0, 0, 1, 1, 0, 1, 1, 0, 2, 2, 0, 0, 1, 0, 0, 0, 0, 1, 0, 0, 2, 2, 2, 0, 0, 0, 0, 0, 0, 0, 0, 0, 2, 2, 3, 0, 2, 1, 2, 1, 4, 3, 6, 5, 3, 3, 2, 2, 4, 5, 548, 0, 0, 0, 0, 0, 0]",0,0.24271905258027238,-1,0
3369,"[1, 2, 0, 0, 1, 5, 0, 3, 0, 1, 0, 0, 1, 0, 2, 0, 0, 0, 0, 0, 0, 0, 0, 0, 2, 0, 0, 0, 0, 0, 0, 0, 1, 1, 0, 1, 1, 0, 2, 2, 0, 0, 1, 0, 0, 0, 0, 1, 0, 0, 2, 2, 2, 0, 0, 0, 0, 0, 0, 0, 0, 0, 2, 2, 3, 0, 2, 1, 2, 1, 4, 3, 6, 5, 3, 3, 2, 2, 4, 5, 548, 0, 0, 0, 0, 0, 0]",-1,-0.0002084664848952056,-1,0
3370,"[1, 2, 0, 0, 1, 5, 0, 3, 0, 1, 0, 0, 1, 0, 2, 0, 0, 0, 0, 0, 0, 0, 0, 0, 2, 0, 0, 0, 0, 0, 0, 0, 1, 1, 0, 1, 1, 0, 2, 2, 0, 0, 1, 0, 0, 0, 0, 1, 0, 0, 2, 2, 2, 0, 0, 0, 0, 0, 0, 0, 0, 0, 2, 2, 3, 0, 2, 1, 2, 1, 4, 3, 6, 5, 3, 3, 2, 2, 4, 5, 548, 1, 0, 0, 0, 0, 0]",3,0.2000001801566993,-1,0
3371,"[1, 2, 0, 0, 1, 5, 0, 3, 0, 1, 0, 0, 1, 0, 2, 0, 0, 0, 0, 0, 0, 0, 0, 0, 2, 0, 0, 0, 0, 0, 0, 0, 1, 1, 0, 1, 1, 0, 2, 2, 0, 0, 1, 0, 0, 0, 0, 1, 0, 0, 2, 2, 2, 0, 0, 0, 0, 0, 0, 0, 0, 0, 2, 2, 3, 0, 2, 1, 2, 1, 4, 3, 6, 5, 3, 3, 2, 2, 4, 5, 548, 0, 0, 0, 0, 0, 0]",-1,-0.0002084664848952056,-1,0
3372,"[1, 2, 0, 0, 3, 5, 0, 3, 0, 1, 0, 0, 1, 0, 2, 0, 0, 0, 0, 0, 0, 0, 0, 0, 2, 0, 0, 0, 0, 0, 0, 0, 1, 1, 0, 1, 1, 0, 2, 2, 0, 0, 1, 0, 0, 0, 0, 1, 0, 0, 2, 2, 2, 0, 0, 0, 0, 0, 0, 0, 0, 0, 2, 2, 3, 0, 2, 1, 2, 1, 4, 3, 6, 5, 3, 3, 2, 2, 4, 5, 549, 0, 0, 0, 0, 0, 0]",4,14.056085747882435,-1,0
3373,"[1, 2, 0, 0, 3, 5, 0, 3, 0, 1, 0, 0, 1, 0, 2, 0, 0, 0, 0, 0, 0, 0, 0, 0, 2, 0, 0, 0, 0, 0, 0, 0, 1, 1, 0, 1, 1, 0, 2, 2, 0, 0, 1, 0, 0, 0, 0, 1, 0, 0, 2, 2, 2, 0, 0, 0, 0, 0, 0, 0, 0, 0, 2, 2, 3, 0, 2, 1, 2, 1, 4, 3, 6, 5, 3, 3, 2, 2, 4, 5, 550, 0, 0, 0, 0, 0, 0]",4,12.713190823279064,-1,1
3374,"[1, 2, 0, 0, 3, 5, 0, 3, 0, 1, 0, 0, 1, 0, 2, 0, 0, 0, 0, 0, 0, 0, 0, 0, 2, 0, 0, 0, 0, 0, 0, 0, 1, 1, 0, 1, 1, 0, 2, 2, 0, 0, 1, 0, 0, 0, 0, 1, 0, 0, 2, 2, 2, 0, 0, 0, 0, 0, 0, 0, 0, 0, 2, 2, 3, 0, 2, 1, 2, 1, 4, 3, 6, 5, 3, 3, 2, 2, 4, 5, 550, 0, 0, 0, 0, 0, 0]",1,0.6096242814052223,-1,0
3375,"[1, 2, 0, 0, 3, 5, 0, 3, 0, 1, 0, 0, 1, 0, 2, 0, 0, 0, 0, 0, 0, 0, 0, 0, 2, 0, 0, 0, 0, 0, 0, 0, 1, 1, 0, 1, 1, 0, 2, 2, 0, 0, 1, 0, 0, 0, 0, 1, 0, 0, 2, 2, 2, 0, 0, 0, 0, 0, 0, 0, 0, 0, 2, 2, 3, 0, 2, 1, 2, 1, 4, 3, 6, 5, 3, 3, 2, 2, 4, 5, 550, 0, 0, 0, 0, 0, 0]",-1,-0.00020433857192320333,-1,0
3376,"[1, 2, 0, 0, 3, 5, 0, 3, 0, 1, 0, 0, 1, 0, 2, 0, 0, 0, 0, 0, 0, 0, 0, 0, 2, 0, 0, 0, 0, 0, 0, 0, 1, 1, 0, 1, 1, 0, 2, 2, 0, 0, 1, 0, 0, 0, 0, 1, 0, 0, 2, 2, 2, 0, 0, 0, 0, 0, 0, 0, 0, 0, 2, 2, 3, 0, 2, 1, 2, 1, 4, 3, 6, 5, 3, 3, 2, 2, 4, 5, 550, 0, 0, 0, 0, 0, 0]",1,0.6096242814052223,-1,0
3377,"[1, 2, 0, 0, 3, 5, 0, 3, 0, 1, 0, 0, 1, 0, 2, 0, 0, 0, 0, 0, 0, 0, 0, 0, 2, 0, 0, 0, 0, 0, 0, 0, 1, 1, 0, 1, 1, 0, 2, 2, 0, 0, 1, 0, 0, 0, 0, 1, 0, 0, 2, 2, 2, 0, 0, 0, 0, 0, 0, 0, 0, 0, 2, 2, 3, 0, 2, 1, 2, 1, 4, 3, 6, 5, 3, 3, 2, 2, 4, 5, 550, 0, 0, 0, 0, 0, 0]",-1,-0.00020433857192320333,-1,0
3378,"[1, 1, 0, 0, 1, 2, 0, 1, 0, 1, 0, 0, 1, 0, 2, 0, 0, 0, 0, 0, 0, 0, 0, 0, 2, 0, 0, 0, 0, 0, 0, 0, 1, 1, 0, 1, 1, 0, 2, 2, 0, 0, 1, 0, 0, 0, 0, 1, 0, 0, 2, 2, 2, 0, 0, 0, 0, 0, 0, 0, 0, 0, 2, 2, 3, 0, 2, 1, 2, 1, 4, 3, 6, 5, 3, 3, 2, 2, 4, 5, 551, 0, 0, 0, 0, 0, 0]",4,14.259872008222299,-1,0
3379,"[1, 1, 0, 0, 1, 1, 0, 1, 0, 1, 0, 0, 1, 0, 2, 0, 0, 0, 0, 0, 0, 0, 0, 0, 2, 0, 0, 0, 0, 0, 0, 0, 1, 1, 0, 1, 1, 0, 2, 2, 0, 0, 1, 0, 0, 0, 0, 1, 0, 0, 2, 2, 2, 0, 0, 0, 0, 0, 0, 0, 0, 0, 2, 2, 3, 0, 2, 1, 2, 1, 4, 3, 6, 5, 3, 3, 2, 2, 4, 3, 552, 0, 0, 0, 0, 0, 0]",4,13.133798048267879,-1,1
3380,"[1, 1, 0, 0, 1, 1, 0, 1, 0, 1, 0, 0, 1, 0, 2, 0, 0, 0, 0, 0, 0, 0, 0, 0, 2, 0, 0, 0, 0, 0, 0, 0, 1, 1, 0, 1, 1, 0, 2, 2, 0, 0, 1, 0, 0, 0, 0, 1, 0, 0, 2, 2, 2, 0, 0, 0, 0, 0, 0, 0, 0, 0, 2, 2, 3, 0, 2, 1, 2, 1, 4, 3, 6, 5, 3, 3, 2, 2, 4, 3, 552, 0, 1, 0, 0, 0, 0]",2,0.40000015351943274,-1,0
3381,"[1, 1, 0, 0, 1, 1, 0, 1, 0, 1, 0, 0, 1, 0, 2, 0, 0, 0, 0, 0, 0, 0, 0, 0, 2, 0, 0, 0, 0, 0, 0, 0, 1, 1, 0, 1, 1, 0, 2, 2, 0, 0, 1, 0, 0, 0, 0, 1, 0, 0, 2, 2, 2, 0, 0, 0, 0, 0, 0, 0, 0, 0, 2, 2, 3, 0, 2, 1, 2, 1, 4, 3, 6, 5, 3, 3, 2, 2, 4, 3, 552, 0, 1, 0, 0, 1, 0]","[[0 1 0 0]
 [0 0 0 1]]",0.6504250185775237,-1,0
3382,"[1, 0, 0, 1, 1, 2, 0, 0, 0, 1, 0, 0, 1, 0, 2, 0, 0, 0, 0, 0, 0, 0, 0, 0, 2, 0, 0, 0, 0, 0, 0, 0, 1, 1, 0, 1, 1, 0, 2, 2, 0, 0, 1, 0, 0, 0, 0, 1, 0, 0, 2, 2, 2, 0, 0, 0, 0, 0, 0, 0, 0, 0, 2, 2, 3, 0, 2, 1, 2, 1, 4, 3, 6, 5, 3, 3, 2, 2, 4, 3, 552, 0, 0, 0, 0, 0, 0]",0,-0.19999984648056723,-1,1
3383,"[1, 0, 0, 1, 1, 2, 0, 0, 0, 1, 0, 0, 1, 0, 2, 0, 0, 0, 0, 0, 0, 0, 0, 0, 2, 0, 0, 0, 0, 0, 0, 0, 1, 1, 0, 1, 1, 0, 2, 2, 0, 0, 1, 0, 0, 0, 0, 1, 0, 0, 2, 2, 2, 0, 0, 0, 0, 0, 0, 0, 0, 0, 2, 2, 3, 0, 2, 1, 2, 1, 4, 3, 6, 5, 3, 3, 2, 2, 4, 3, 552, 0, 1, 0, 0, 0, 0]",2,0.40000015351943274,-1,0
3384,"[1, 0, 0, 1, 1, 2, 0, 0, 0, 1, 0, 0, 1, 0, 2, 0, 0, 0, 0, 0, 0, 0, 0, 0, 2, 0, 0, 0, 0, 0, 0, 0, 1, 1, 0, 1, 1, 0, 2, 2, 0, 0, 1, 0, 0, 0, 0, 1, 0, 0, 2, 2, 2, 0, 0, 0, 0, 0, 0, 0, 0, 0, 2, 2, 3, 0, 2, 1, 2, 1, 4, 3, 6, 5, 3, 3, 2, 2, 4, 3, 552, 0, 1, 0, 0, 1, 0]","[[1 0 0 0]
 [0 1 0 0]]",0.6504250185775237,-1,0
3385,"[1, 0, 0, 1, 1, 2, 0, 0, 0, 1, 0, 0, 1, 0, 2, 0, 0, 0, 0, 0, 0, 0, 0, 0, 2, 0, 0, 0, 0, 0, 0, 0, 1, 1, 0, 1, 1, 0, 2, 2, 0, 0, 1, 0, 0, 0, 0, 1, 0, 0, 2, 2, 2, 0, 0, 0, 0, 0, 0, 0, 0, 0, 2, 2, 3, 0, 2, 1, 2, 1, 4, 3, 6, 5, 3, 3, 2, 2, 4, 3, 552, 0, 0, 0, 0, 0, 0]",1,-44.92135939647636,-1,1
3386,"[1, 0, 0, 1, 1, 1, 0, 0, 0, 1, 0, 0, 1, 0, 2, 0, 0, 0, 0, 0, 0, 0, 0, 0, 2, 0, 0, 0, 0, 0, 0, 0, 1, 1, 0, 1, 1, 0, 2, 2, 0, 0, 1, 0, 0, 0, 0, 1, 0, 0, 2, 2, 2, 0, 0, 0, 0, 0, 0, 0, 0, 0, 2, 2, 3, 0, 2, 1, 2, 1, 4, 3, 6, 5, 3, 3, 2, 2, 4, 3, 553, 0, 0, 0, 0, 0, 0]",4,14.25986390358784,-1,0
3387,"[1, 0, 0, 1, 1, 1, 0, 0, 0, 1, 0, 0, 1, 0, 2, 0, 0, 0, 0, 0, 0, 0, 0, 0, 2, 0, 0, 0, 0, 0, 0, 0, 1, 1, 0, 1, 1, 0, 2, 2, 0, 0, 1, 0, 0, 0, 0, 1, 0, 0, 2, 2, 2, 0, 0, 0, 0, 0, 0, 0, 0, 0, 2, 2, 3, 0, 2, 1, 2, 1, 4, 3, 6, 5, 3, 3, 2, 2, 4, 3, 553, 0, 0, 0, 0, 0, 0]",-1,-0.00019829945445455326,-1,1
3388,"[1, 0, 0, 1, 3, 1, 0, 0, 0, 1, 0, 0, 1, 0, 2, 0, 0, 0, 0, 0, 0, 0, 0, 0, 2, 0, 0, 0, 0, 0, 0, 0, 1, 1, 0, 1, 1, 0, 2, 2, 0, 0, 1, 0, 0, 0, 0, 1, 0, 0, 2, 2, 2, 0, 0, 0, 0, 0, 0, 0, 0, 0, 2, 2, 3, 0, 2, 1, 2, 1, 4, 3, 6, 5, 3, 3, 2, 2, 4, 3, 554, 0, 0, 0, 0, 0, 0]",4,14.259859911918992,-1,0
3389,"[1, 0, 0, 1, 3, 1, 0, 0, 0, 1, 0, 0, 1, 0, 2, 0, 0, 0, 0, 0, 0, 0, 0, 0, 2, 0, 0, 0, 0, 0, 0, 0, 1, 1, 0, 1, 1, 0, 2, 2, 0, 0, 1, 0, 0, 0, 0, 1, 0, 0, 2, 2, 2, 0, 0, 0, 0, 0, 0, 0, 0, 0, 2, 2, 3, 0, 2, 1, 2, 1, 4, 3, 6, 5, 3, 3, 2, 2, 4, 3, 554, 0, 0, 0, 0, 0, 0]",-1,-0.00019632634191528122,-1,1
3390,"[1, 0, 0, 1, 1, 1, 0, 0, 0, 1, 0, 0, 1, 0, 2, 0, 0, 0, 0, 0, 0, 0, 0, 0, 2, 0, 0, 0, 0, 0, 0, 0, 1, 1, 0, 1, 1, 0, 2, 2, 0, 0, 1, 0, 0, 0, 0, 1, 0, 0, 2, 2, 2, 0, 0, 0, 0, 0, 0, 0, 0, 0, 2, 2, 3, 0, 2, 1, 2, 1, 4, 3, 6, 5, 3, 3, 2, 2, 4, 4, 555, 0, 0, 0, 0, 0, 0]",4,12.859855960137141,-1,1
3391,"[1, 1, 0, 1, 1, 2, 0, 0, 0, 1, 0, 0, 1, 0, 2, 0, 0, 0, 0, 0, 0, 0, 0, 0, 2, 0, 0, 0, 0, 0, 0, 0, 1, 1, 0, 1, 1, 0, 2, 2, 0, 0, 1, 0, 0, 0, 0, 1, 0, 0, 2, 2, 2, 0, 0, 0, 0, 0, 0, 0, 0, 0, 2, 2, 3, 0, 2, 1, 2, 1, 4, 3, 6, 5, 3, 3, 2, 2, 4, 4, 556, 0, 0, 0, 0, 0, 0]",4,14.533782160555118,-1,0
3392,"[1, 1, 0, 1, 1, 2, 0, 0, 0, 1, 0, 0, 1, 0, 2, 0, 0, 0, 0, 0, 0, 0, 0, 0, 2, 0, 0, 0, 0, 0, 0, 0, 1, 1, 0, 1, 1, 0, 2, 2, 0, 0, 1, 0, 0, 0, 0, 1, 0, 0, 2, 2, 2, 0, 0, 0, 0, 0, 0, 0, 0, 0, 2, 2, 3, 0, 2, 1, 2, 1, 4, 3, 6, 5, 3, 3, 2, 2, 4, 4, 557, 0, 0, 0, 0, 0, 0]",4,12.656053645150843,-1,1
3393,"[1, 1, 0, 1, 1, 2, 0, 0, 0, 1, 0, 0, 1, 0, 2, 0, 0, 0, 0, 0, 0, 0, 0, 0, 2, 0, 0, 0, 0, 0, 0, 0, 1, 1, 0, 1, 1, 0, 2, 2, 0, 0, 1, 0, 0, 0, 0, 1, 0, 0, 2, 2, 2, 0, 0, 0, 0, 0, 0, 0, 0, 0, 2, 2, 3, 0, 2, 1, 2, 1, 4, 3, 6, 5, 3, 3, 2, 2, 4, 4, 557, 0, 0, 0, 0, 0, 0]",0,0.2427189981146714,-1,0
3394,"[1, 1, 0, 1, 1, 2, 0, 0, 0, 1, 0, 0, 1, 0, 2, 0, 0, 0, 0, 0, 0, 0, 0, 0, 2, 0, 0, 0, 0, 0, 0, 0, 1, 1, 0, 1, 1, 0, 2, 2, 0, 0, 1, 0, 0, 0, 0, 1, 0, 0, 2, 2, 2, 0, 0, 0, 0, 0, 0, 0, 0, 0, 2, 2, 3, 0, 2, 1, 2, 1, 4, 3, 6, 5, 3, 3, 2, 2, 4, 4, 557, 0, 0, 0, 0, 0, 0]",-1,-0.00019052402162960186,-1,0
3395,"[1, 1, 0, 1, 1, 2, 0, 0, 0, 1, 0, 0, 1, 0, 2, 0, 0, 0, 0, 0, 0, 0, 0, 0, 2, 0, 0, 0, 0, 0, 0, 0, 1, 1, 0, 1, 1, 0, 2, 2, 0, 0, 1, 0, 0, 0, 0, 1, 0, 0, 2, 2, 2, 0, 0, 0, 0, 0, 0, 0, 0, 0, 2, 2, 3, 0, 2, 1, 2, 1, 4, 3, 6, 5, 3, 3, 2, 2, 4, 4, 557, 0, 0, 0, 0, 0, 0]",0,0.2427189981146714,-1,0
3396,"[1, 1, 0, 1, 1, 2, 0, 0, 0, 1, 0, 0, 1, 0, 2, 0, 0, 0, 0, 0, 0, 0, 0, 0, 2, 0, 0, 0, 0, 0, 0, 0, 1, 1, 0, 1, 1, 0, 2, 2, 0, 0, 1, 0, 0, 0, 0, 1, 0, 0, 2, 2, 2, 0, 0, 0, 0, 0, 0, 0, 0, 0, 2, 2, 3, 0, 2, 1, 2, 1, 4, 3, 6, 5, 3, 3, 2, 2, 4, 4, 557, 0, 0, 0, 0, 0, 0]",-1,-0.00019052402162960186,-1,0
3397,"[1, 1, 0, 1, 1, 2, 0, 0, 0, 1, 0, 0, 1, 0, 2, 0, 0, 0, 0, 0, 0, 0, 0, 0, 2, 0, 0, 0, 0, 0, 0, 0, 1, 1, 0, 1, 1, 0, 2, 2, 0, 0, 1, 0, 0, 0, 0, 1, 0, 0, 2, 2, 2, 0, 0, 0, 0, 0, 0, 0, 0, 0, 2, 2, 3, 0, 2, 1, 2, 1, 4, 3, 6, 5, 3, 3, 2, 2, 4, 4, 557, 0, 0, 0, 0, 0, 0]",0,0.2427189981146714,-1,0
3398,"[1, 1, 0, 1, 1, 2, 0, 0, 0, 1, 0, 0, 1, 0, 2, 0, 0, 0, 0, 0, 0, 0, 0, 0, 2, 0, 0, 0, 0, 0, 0, 0, 1, 1, 0, 1, 1, 0, 2, 2, 0, 0, 1, 0, 0, 0, 0, 1, 0, 0, 2, 2, 2, 0, 0, 0, 0, 0, 0, 0, 0, 0, 2, 2, 3, 0, 2, 1, 2, 1, 4, 3, 6, 5, 3, 3, 2, 2, 4, 4, 557, 0, 0, 0, 0, 0, 0]",-1,-0.00019052402162960186,-1,0
3399,"[1, 1, 0, 1, 1, 2, 0, 0, 0, 1, 0, 0, 1, 0, 2, 0, 0, 0, 0, 0, 0, 0, 0, 0, 2, 0, 0, 0, 0, 0, 0, 0, 1, 1, 0, 1, 1, 0, 2, 2, 0, 0, 1, 0, 0, 0, 0, 1, 0, 0, 2, 2, 2, 0, 0, 0, 0, 0, 0, 0, 0, 0, 2, 2, 3, 0, 2, 1, 2, 1, 4, 3, 6, 5, 3, 3, 2, 2, 4, 4, 557, 0, 0, 0, 0, 0, 0]",0,0.2427189981146714,-1,0
3400,"[1, 1, 0, 1, 1, 2, 0, 0, 0, 1, 0, 0, 1, 0, 2, 0, 0, 0, 0, 0, 0, 0, 0, 0, 2, 0, 0, 0, 0, 0, 0, 0, 1, 1, 0, 1, 1, 0, 2, 2, 0, 0, 1, 0, 0, 0, 0, 1, 0, 0, 2, 2, 2, 0, 0, 0, 0, 0, 0, 0, 0, 0, 2, 2, 3, 0, 2, 1, 2, 1, 4, 3, 6, 5, 3, 3, 2, 2, 4, 4, 557, 0, 0, 0, 0, 0, 0]",-1,-0.00019052402162960186,-1,0
3401,"[1, 1, 0, 1, 1, 2, 0, 0, 0, 1, 0, 0, 1, 0, 2, 0, 0, 0, 0, 0, 0, 0, 0, 0, 2, 0, 0, 0, 0, 0, 0, 0, 1, 1, 0, 1, 1, 0, 2, 2, 0, 0, 1, 0, 0, 0, 0, 1, 0, 0, 2, 2, 2, 0, 0, 0, 0, 0, 0, 0, 0, 0, 2, 2, 3, 0, 2, 1, 2, 1, 4, 3, 6, 5, 3, 3, 2, 2, 4, 4, 557, 0, 0, 0, 0, 0, 0]",0,0.2427189981146714,-1,0
3402,"[1, 1, 0, 1, 1, 2, 0, 0, 0, 1, 0, 0, 1, 0, 2, 0, 0, 0, 0, 0, 0, 0, 0, 0, 2, 0, 0, 0, 0, 0, 0, 0, 1, 1, 0, 1, 1, 0, 2, 2, 0, 0, 1, 0, 0, 0, 0, 1, 0, 0, 2, 2, 2, 0, 0, 0, 0, 0, 0, 0, 0, 0, 2, 2, 3, 0, 2, 1, 2, 1, 4, 3, 6, 5, 3, 3, 2, 2, 4, 4, 557, 0, 0, 0, 0, 0, 0]",-1,-0.00019052402162960186,-1,0
3403,"[1, 1, 0, 1, 1, 2, 0, 0, 0, 1, 0, 0, 1, 0, 2, 0, 0, 0, 0, 0, 0, 0, 0, 0, 2, 0, 0, 0, 0, 0, 0, 0, 1, 1, 0, 1, 1, 0, 2, 2, 0, 0, 1, 0, 0, 0, 0, 1, 0, 0, 2, 2, 2, 0, 0, 0, 0, 0, 0, 0, 0, 0, 2, 2, 3, 0, 2, 1, 2, 1, 4, 3, 6, 5, 3, 3, 2, 2, 4, 4, 557, 0, 0, 0, 0, 0, 0]",0,0.2427189981146714,-1,0
3404,"[1, 1, 0, 1, 1, 2, 0, 0, 0, 1, 0, 0, 1, 0, 2, 0, 0, 0, 0, 0, 0, 0, 0, 0, 2, 0, 0, 0, 0, 0, 0, 0, 1, 1, 0, 1, 1, 0, 2, 2, 0, 0, 1, 0, 0, 0, 0, 1, 0, 0, 2, 2, 2, 0, 0, 0, 0, 0, 0, 0, 0, 0, 2, 2, 3, 0, 2, 1, 2, 1, 4, 3, 6, 5, 3, 3, 2, 2, 4, 4, 557, 0, 0, 0, 0, 0, 0]",-1,-0.00019052402162960186,-1,0
3405,"[1, 1, 0, 1, 1, 2, 0, 0, 0, 1, 0, 0, 1, 0, 2, 0, 0, 0, 0, 0, 0, 0, 0, 0, 2, 0, 0, 0, 0, 0, 0, 0, 1, 1, 0, 1, 1, 0, 2, 2, 0, 0, 1, 0, 0, 0, 0, 1, 0, 0, 2, 2, 2, 0, 0, 0, 0, 0, 0, 0, 0, 0, 2, 2, 3, 0, 2, 1, 2, 1, 4, 3, 6, 5, 3, 3, 2, 2, 4, 4, 557, 0, 0, 0, 0, 0, 0]",0,0.2427189981146714,-1,0
3406,"[1, 1, 0, 1, 1, 2, 0, 0, 0, 1, 0, 0, 1, 0, 2, 0, 0, 0, 0, 0, 0, 0, 0, 0, 2, 0, 0, 0, 0, 0, 0, 0, 1, 1, 0, 1, 1, 0, 2, 2, 0, 0, 1, 0, 0, 0, 0, 1, 0, 0, 2, 2, 2, 0, 0, 0, 0, 0, 0, 0, 0, 0, 2, 2, 3, 0, 2, 1, 2, 1, 4, 3, 6, 5, 3, 3, 2, 2, 4, 4, 557, 0, 0, 0, 0, 0, 0]",-1,-0.00019052402162960186,-1,0
3407,"[1, 1, 0, 1, 1, 2, 0, 0, 0, 1, 0, 0, 1, 0, 2, 0, 0, 0, 0, 0, 0, 0, 0, 0, 2, 0, 0, 0, 0, 0, 0, 0, 1, 1, 0, 1, 1, 0, 2, 2, 0, 0, 1, 0, 0, 0, 0, 1, 0, 0, 2, 2, 2, 0, 0, 0, 0, 0, 0, 0, 0, 0, 2, 2, 3, 0, 2, 1, 2, 1, 4, 3, 6, 5, 3, 3, 2, 2, 4, 4, 557, 1, 0, 0, 0, 0, 0]",3,0.20000012569109832,-1,0
3408,"[1, 1, 0, 1, 1, 2, 0, 0, 0, 1, 0, 0, 1, 0, 2, 0, 0, 0, 0, 0, 0, 0, 0, 0, 2, 0, 0, 0, 0, 0, 0, 0, 1, 1, 0, 1, 1, 0, 2, 2, 0, 0, 1, 0, 0, 0, 0, 1, 0, 0, 2, 2, 2, 0, 0, 0, 0, 0, 0, 0, 0, 0, 2, 2, 3, 0, 2, 1, 2, 1, 4, 3, 6, 5, 3, 3, 2, 2, 4, 4, 557, 0, 0, 0, 0, 0, 0]",-1,-0.00019052402162960186,-1,0
3409,"[1, 1, 0, 1, 1, 2, 0, 0, 0, 1, 0, 0, 1, 0, 2, 0, 0, 0, 0, 0, 0, 0, 0, 0, 2, 0, 0, 0, 0, 0, 0, 0, 1, 1, 0, 1, 1, 0, 2, 2, 0, 0, 1, 0, 0, 0, 0, 1, 0, 0, 2, 2, 2, 0, 0, 0, 0, 0, 0, 0, 0, 0, 2, 2, 3, 0, 2, 1, 2, 1, 4, 3, 6, 5, 3, 3, 2, 2, 4, 4, 557, 1, 0, 0, 0, 0, 0]",3,0.20000012569109832,-1,0
3410,"[1, 1, 0, 1, 1, 2, 0, 0, 0, 1, 0, 0, 1, 0, 2, 0, 0, 0, 0, 0, 0, 0, 0, 0, 2, 0, 0, 0, 0, 0, 0, 0, 1, 1, 0, 1, 1, 0, 2, 2, 0, 0, 1, 0, 0, 0, 0, 1, 0, 0, 2, 2, 2, 0, 0, 0, 0, 0, 0, 0, 0, 0, 2, 2, 3, 0, 2, 1, 2, 1, 4, 3, 6, 5, 3, 3, 2, 2, 4, 4, 557, 0, 0, 0, 0, 0, 0]",-1,-0.00019052402162960186,-1,0
3411,"[1, 1, 0, 1, 1, 2, 0, 0, 0, 1, 0, 0, 1, 0, 2, 0, 0, 0, 0, 0, 0, 0, 0, 0, 2, 0, 0, 0, 0, 0, 0, 0, 1, 1, 0, 1, 1, 0, 2, 2, 0, 0, 1, 0, 0, 0, 0, 1, 0, 0, 2, 2, 2, 0, 0, 0, 0, 0, 0, 0, 0, 0, 2, 2, 3, 0, 2, 1, 2, 1, 4, 3, 6, 5, 3, 3, 2, 2, 4, 4, 557, 0, 1, 0, 0, 0, 0]",2,0.4000001256910983,-1,0
3412,"[1, 1, 0, 1, 1, 2, 0, 0, 0, 1, 0, 0, 1, 0, 2, 0, 0, 0, 0, 0, 0, 0, 0, 0, 2, 0, 0, 0, 0, 0, 0, 0, 1, 1, 0, 1, 1, 0, 2, 2, 0, 0, 1, 0, 0, 0, 0, 1, 0, 0, 2, 2, 2, 0, 0, 0, 0, 0, 0, 0, 0, 0, 2, 2, 3, 0, 2, 1, 2, 1, 4, 3, 6, 5, 3, 3, 2, 2, 4, 4, 557, 0, 0, 0, 0, 0, 0]",-1,-0.00019052402162960186,-1,0
3413,"[1, 1, 0, 1, 1, 2, 0, 0, 0, 1, 0, 0, 1, 0, 2, 0, 0, 0, 0, 0, 0, 0, 0, 0, 2, 0, 0, 0, 0, 0, 0, 0, 1, 1, 0, 1, 1, 0, 2, 2, 0, 0, 1, 0, 0, 0, 0, 1, 0, 0, 2, 2, 2, 0, 0, 0, 0, 0, 0, 0, 0, 0, 2, 2, 3, 0, 2, 1, 2, 1, 4, 3, 6, 5, 3, 3, 2, 2, 4, 4, 557, 0, 1, 0, 0, 0, 0]",2,0.4000001256910983,-1,0
3414,"[1, 1, 0, 1, 1, 2, 0, 0, 0, 1, 0, 0, 1, 0, 2, 0, 0, 0, 0, 0, 0, 0, 0, 0, 2, 0, 0, 0, 0, 0, 0, 0, 1, 1, 0, 1, 1, 0, 2, 2, 0, 0, 1, 0, 0, 0, 0, 1, 0, 0, 2, 2, 2, 0, 0, 0, 0, 0, 0, 0, 0, 0, 2, 2, 3, 0, 2, 1, 2, 1, 4, 3, 6, 5, 3, 3, 2, 2, 4, 4, 557, 0, 0, 0, 0, 0, 0]",-1,-0.00019052402162960186,-1,0
3415,"[1, 1, 0, 1, 1, 2, 0, 0, 0, 1, 0, 0, 1, 0, 2, 0, 0, 0, 0, 0, 0, 0, 0, 0, 2, 0, 0, 0, 0, 0, 0, 0, 1, 1, 0, 1, 1, 0, 2, 2, 0, 0, 1, 0, 0, 0, 0, 1, 0, 0, 2, 2, 2, 0, 0, 0, 0, 0, 0, 0, 0, 0, 2, 2, 3, 0, 2, 1, 2, 1, 4, 3, 6, 5, 3, 3, 2, 2, 4, 4, 557, 0, 1, 0, 0, 0, 0]",2,0.4000001256910983,-1,0
3416,"[1, 1, 0, 1, 1, 2, 0, 0, 0, 1, 0, 0, 1, 0, 2, 0, 0, 0, 0, 0, 0, 0, 0, 0, 2, 0, 0, 0, 0, 0, 0, 0, 1, 1, 0, 1, 1, 0, 2, 2, 0, 0, 1, 0, 0, 0, 0, 1, 0, 0, 2, 2, 2, 0, 0, 0, 0, 0, 0, 0, 0, 0, 2, 2, 3, 0, 2, 1, 2, 1, 4, 3, 6, 5, 3, 3, 2, 2, 4, 4, 557, 0, 0, 0, 0, 0, 0]",-1,-0.00019052402162960186,-1,0
3417,"[1, 1, 0, 1, 1, 2, 0, 0, 0, 1, 0, 0, 1, 0, 2, 0, 0, 0, 0, 0, 0, 0, 0, 0, 2, 0, 0, 0, 0, 0, 0, 0, 1, 1, 0, 1, 1, 0, 2, 2, 0, 0, 1, 0, 0, 0, 0, 1, 0, 0, 2, 2, 2, 0, 0, 0, 0, 0, 0, 0, 0, 0, 2, 2, 3, 0, 2, 1, 2, 1, 4, 3, 6, 5, 3, 3, 2, 2, 4, 4, 557, 1, 0, 0, 0, 0, 0]",3,0.20000012569109832,-1,0
3418,"[1, 1, 0, 1, 1, 2, 0, 0, 0, 1, 0, 0, 1, 0, 2, 0, 0, 0, 0, 0, 0, 0, 0, 0, 2, 0, 0, 0, 0, 0, 0, 0, 1, 1, 0, 1, 1, 0, 2, 2, 0, 0, 1, 0, 0, 0, 0, 1, 0, 0, 2, 2, 2, 0, 0, 0, 0, 0, 0, 0, 0, 0, 2, 2, 3, 0, 2, 1, 2, 1, 4, 3, 6, 5, 3, 3, 2, 2, 4, 4, 557, 0, 0, 0, 0, 0, 0]",-1,-0.00019052402162960186,-1,0
3419,"[1, 1, 0, 1, 1, 2, 0, 0, 0, 1, 0, 0, 1, 0, 2, 0, 0, 0, 0, 0, 0, 0, 0, 0, 2, 0, 0, 0, 0, 0, 0, 0, 1, 1, 0, 1, 1, 0, 2, 2, 0, 0, 1, 0, 0, 0, 0, 1, 0, 0, 2, 2, 2, 0, 0, 0, 0, 0, 0, 0, 0, 0, 2, 2, 3, 0, 2, 1, 2, 1, 4, 3, 6, 5, 3, 3, 2, 2, 4, 4, 557, 0, 0, 0, 0, 0, 0]",1,0.6096242407907151,-1,0
3420,"[1, 1, 0, 1, 1, 2, 0, 0, 0, 1, 0, 0, 1, 0, 2, 0, 0, 0, 0, 0, 0, 0, 0, 0, 2, 0, 0, 0, 0, 0, 0, 0, 1, 1, 0, 1, 1, 0, 2, 2, 0, 0, 1, 0, 0, 0, 0, 1, 0, 0, 2, 2, 2, 0, 0, 0, 0, 0, 0, 0, 0, 0, 2, 2, 3, 0, 2, 1, 2, 1, 4, 3, 6, 5, 3, 3, 2, 2, 4, 4, 557, 0, 0, 0, 0, 0, 0]",-1,-0.00019052402162960186,-1,0
3421,"[1, 1, 0, 1, 1, 2, 0, 0, 0, 1, 0, 0, 1, 0, 2, 0, 0, 0, 0, 0, 0, 0, 0, 0, 2, 0, 0, 0, 0, 0, 0, 0, 1, 1, 0, 1, 1, 0, 2, 2, 0, 0, 1, 0, 0, 0, 0, 1, 0, 0, 2, 2, 2, 0, 0, 0, 0, 0, 0, 0, 0, 0, 2, 2, 3, 0, 2, 1, 2, 1, 4, 3, 6, 5, 3, 3, 2, 2, 4, 4, 557, 1, 0, 0, 0, 0, 0]",3,0.20000012569109832,-1,0
3422,"[1, 1, 0, 1, 1, 2, 0, 0, 0, 1, 0, 0, 1, 0, 2, 0, 0, 0, 0, 0, 0, 0, 0, 0, 2, 0, 0, 0, 0, 0, 0, 0, 1, 1, 0, 1, 1, 0, 2, 2, 0, 0, 1, 0, 0, 0, 0, 1, 0, 0, 2, 2, 2, 0, 0, 0, 0, 0, 0, 0, 0, 0, 2, 2, 3, 0, 2, 1, 2, 1, 4, 3, 6, 5, 3, 3, 2, 2, 4, 4, 557, 0, 0, 0, 0, 0, 0]",-1,-0.00019052402162960186,-1,0
3423,"[1, 1, 0, 1, 1, 2, 0, 0, 0, 1, 0, 0, 1, 0, 2, 0, 0, 0, 0, 0, 0, 0, 0, 0, 2, 0, 0, 0, 0, 0, 0, 0, 1, 1, 0, 1, 1, 0, 2, 2, 0, 0, 1, 0, 0, 0, 0, 1, 0, 0, 2, 2, 2, 0, 0, 0, 0, 0, 0, 0, 0, 0, 2, 2, 3, 0, 2, 1, 2, 1, 4, 3, 6, 5, 3, 3, 2, 2, 4, 4, 557, 0, 0, 0, 0, 0, 0]",1,0.6096242407907151,-1,0
3424,"[1, 1, 0, 1, 1, 2, 0, 0, 0, 1, 0, 0, 1, 0, 2, 0, 0, 0, 0, 0, 0, 0, 0, 0, 2, 0, 0, 0, 0, 0, 0, 0, 1, 1, 0, 1, 1, 0, 2, 2, 0, 0, 1, 0, 0, 0, 0, 1, 0, 0, 2, 2, 2, 0, 0, 0, 0, 0, 0, 0, 0, 0, 2, 2, 3, 0, 2, 1, 2, 1, 4, 3, 6, 5, 3, 3, 2, 2, 4, 4, 557, 0, 0, 0, 0, 0, 0]",-1,-0.00019052402162960186,-1,0
3425,"[1, 1, 0, 1, 1, 2, 0, 0, 0, 1, 0, 0, 1, 0, 2, 0, 0, 0, 0, 0, 0, 0, 0, 0, 2, 0, 0, 0, 0, 0, 0, 0, 1, 1, 0, 1, 1, 0, 2, 2, 0, 0, 1, 0, 0, 0, 0, 1, 0, 0, 2, 2, 2, 0, 0, 0, 0, 0, 0, 0, 0, 0, 2, 2, 3, 0, 2, 1, 2, 1, 4, 3, 6, 5, 3, 3, 2, 2, 4, 4, 557, 0, 0, 0, 0, 0, 0]",1,0.6096242407907151,-1,0
3426,"[1, 1, 0, 1, 1, 2, 0, 0, 0, 1, 0, 0, 1, 0, 2, 0, 0, 0, 0, 0, 0, 0, 0, 0, 2, 0, 0, 0, 0, 0, 0, 0, 1, 1, 0, 1, 1, 0, 2, 2, 0, 0, 1, 0, 0, 0, 0, 1, 0, 0, 2, 2, 2, 0, 0, 0, 0, 0, 0, 0, 0, 0, 2, 2, 3, 0, 2, 1, 2, 1, 4, 3, 6, 5, 3, 3, 2, 2, 4, 4, 557, 0, 0, 0, 0, 0, 0]",-1,-0.00019052402162960186,-1,0
3427,"[1, 1, 0, 1, 1, 2, 0, 0, 0, 1, 0, 0, 1, 0, 2, 0, 0, 0, 0, 0, 0, 0, 0, 0, 2, 0, 0, 0, 0, 0, 0, 0, 1, 1, 0, 1, 1, 0, 2, 2, 0, 0, 1, 0, 0, 0, 0, 1, 0, 0, 2, 2, 2, 0, 0, 0, 0, 0, 0, 0, 0, 0, 2, 2, 3, 0, 2, 1, 2, 1, 4, 3, 6, 5, 3, 3, 2, 2, 4, 4, 557, 1, 0, 0, 0, 0, 0]",3,0.20000012569109832,-1,0
3428,"[1, 1, 0, 1, 1, 2, 0, 0, 0, 1, 0, 0, 1, 0, 2, 0, 0, 0, 0, 0, 0, 0, 0, 0, 2, 0, 0, 0, 0, 0, 0, 0, 1, 1, 0, 1, 1, 0, 2, 2, 0, 0, 1, 0, 0, 0, 0, 1, 0, 0, 2, 2, 2, 0, 0, 0, 0, 0, 0, 0, 0, 0, 2, 2, 3, 0, 2, 1, 2, 1, 4, 3, 6, 5, 3, 3, 2, 2, 4, 4, 557, 0, 0, 0, 0, 0, 0]",-1,-0.00019052402162960186,-1,0
3429,"[1, 2, 0, 1, 1, 3, 0, 0, 0, 1, 0, 0, 1, 0, 2, 0, 0, 0, 0, 0, 0, 0, 0, 0, 2, 0, 0, 0, 0, 0, 0, 0, 1, 1, 0, 1, 1, 0, 2, 2, 0, 0, 1, 0, 0, 0, 0, 1, 0, 0, 2, 2, 2, 0, 0, 0, 0, 0, 0, 0, 0, 0, 2, 2, 3, 0, 2, 1, 2, 1, 4, 3, 6, 5, 3, 3, 2, 2, 4, 4, 558, 0, 0, 0, 0, 0, 0]",4,14.374149732179784,-1,0
3430,"[1, 1, 0, 1, 1, 1, 0, 0, 0, 1, 0, 0, 1, 0, 2, 0, 0, 0, 0, 0, 0, 0, 0, 0, 2, 0, 0, 0, 0, 0, 0, 0, 1, 1, 0, 1, 1, 0, 2, 2, 0, 0, 1, 0, 0, 0, 0, 1, 0, 0, 2, 2, 2, 0, 0, 0, 0, 0, 0, 0, 0, 0, 2, 2, 3, 0, 2, 1, 2, 1, 4, 3, 6, 5, 3, 3, 2, 2, 4, 0, 559, 0, 0, 0, 0, 0, 0]",4,12.859840543873169,-1,1
3431,"[1, 1, 0, 1, 1, 1, 0, 0, 0, 1, 0, 0, 1, 0, 2, 0, 0, 0, 0, 0, 0, 0, 0, 0, 2, 0, 0, 0, 0, 0, 0, 0, 1, 1, 0, 1, 1, 0, 2, 2, 0, 0, 1, 0, 0, 0, 0, 1, 0, 0, 2, 2, 2, 0, 0, 0, 0, 0, 0, 0, 0, 0, 2, 2, 3, 0, 2, 1, 2, 1, 4, 3, 6, 5, 3, 3, 2, 2, 4, 0, 559, 0, 0, 0, 0, 0, 0]",1,0.6096242311271298,-1,0
3432,"[1, 1, 0, 1, 1, 1, 0, 0, 0, 1, 0, 0, 1, 0, 2, 0, 0, 0, 0, 0, 0, 0, 0, 0, 2, 0, 0, 0, 0, 0, 0, 0, 1, 1, 0, 1, 1, 0, 2, 2, 0, 0, 1, 0, 0, 0, 0, 1, 0, 0, 2, 2, 2, 0, 0, 0, 0, 0, 0, 0, 0, 0, 2, 2, 3, 0, 2, 1, 2, 1, 4, 3, 6, 5, 3, 3, 2, 2, 4, 0, 559, 0, 0, 0, 0, 0, 0]",-1,-0.00018675139323440337,-1,0
3433,"[1, 1, 0, 1, 3, 1, 0, 0, 0, 1, 0, 0, 1, 0, 2, 0, 0, 0, 0, 0, 0, 0, 0, 0, 2, 0, 0, 0, 0, 0, 0, 0, 1, 1, 0, 1, 1, 0, 2, 2, 0, 0, 1, 0, 0, 0, 0, 1, 0, 0, 2, 2, 2, 0, 0, 0, 0, 0, 0, 0, 0, 0, 2, 2, 3, 0, 2, 1, 2, 1, 4, 3, 6, 5, 3, 3, 2, 2, 4, 0, 560, 0, 0, 0, 0, 0, 0]",4,14.533766898274605,-1,0
3434,"[1, 1, 0, 1, 3, 1, 0, 0, 0, 1, 0, 0, 1, 0, 2, 0, 0, 0, 0, 0, 0, 0, 0, 0, 2, 0, 0, 0, 0, 0, 0, 0, 1, 1, 0, 1, 1, 0, 2, 2, 0, 0, 1, 0, 0, 0, 0, 1, 0, 0, 2, 2, 2, 0, 0, 0, 0, 0, 0, 0, 0, 0, 2, 2, 3, 0, 2, 1, 2, 1, 4, 3, 6, 5, 3, 3, 2, 2, 4, 0, 560, 0, 0, 0, 0, 0, 0]",0,0.294974858308595,-1,1
3435,"[1, 1, 0, 1, 3, 1, 0, 0, 0, 1, 0, 0, 1, 0, 2, 0, 0, 0, 0, 0, 0, 0, 0, 0, 2, 0, 0, 0, 0, 0, 0, 0, 1, 1, 0, 1, 1, 0, 2, 2, 0, 0, 1, 0, 0, 0, 0, 1, 0, 0, 2, 2, 2, 0, 0, 0, 0, 0, 0, 0, 0, 0, 2, 2, 3, 0, 2, 1, 2, 1, 4, 3, 6, 5, 3, 3, 2, 2, 4, 0, 560, 0, 0, 0, 0, 0, 0]",-1,-0.00018489318582414646,-1,1
3436,"[1, 1, 0, 1, 3, 1, 0, 0, 0, 1, 0, 0, 1, 0, 2, 0, 0, 0, 0, 0, 0, 0, 0, 0, 2, 0, 0, 0, 0, 0, 0, 0, 1, 1, 0, 1, 1, 0, 2, 2, 0, 0, 1, 0, 0, 0, 0, 1, 0, 0, 2, 2, 2, 0, 0, 0, 0, 0, 0, 0, 0, 0, 2, 2, 3, 0, 2, 1, 2, 1, 4, 3, 6, 5, 3, 3, 2, 2, 4, 0, 561, 0, 0, 0, 0, 0, 0]",4,12.493844450751585,-1,1
3437,"[1, 1, 0, 1, 3, 1, 0, 0, 0, 1, 0, 0, 1, 0, 2, 0, 0, 0, 0, 0, 0, 0, 0, 0, 2, 0, 0, 0, 0, 0, 0, 0, 1, 1, 0, 1, 1, 0, 2, 2, 0, 0, 1, 0, 0, 0, 0, 1, 0, 0, 2, 2, 2, 0, 0, 0, 0, 0, 0, 0, 0, 0, 2, 2, 3, 0, 2, 1, 2, 1, 4, 3, 6, 5, 3, 3, 2, 2, 4, 0, 561, 0, 0, 0, 0, 0, 0]",1,0.6096242222065155,-1,0
3438,"[1, 1, 0, 1, 3, 1, 0, 0, 0, 1, 0, 0, 1, 0, 2, 0, 0, 0, 0, 0, 0, 0, 0, 0, 2, 0, 0, 0, 0, 0, 0, 0, 1, 1, 0, 1, 1, 0, 2, 2, 0, 0, 1, 0, 0, 0, 0, 1, 0, 0, 2, 2, 2, 0, 0, 0, 0, 0, 0, 0, 0, 0, 2, 2, 3, 0, 2, 1, 2, 1, 4, 3, 6, 5, 3, 3, 2, 2, 4, 0, 561, 0, 0, 0, 0, 0, 0]",-1,-0.00018305346788655027,-1,0
3439,"[1, 1, 0, 1, 3, 1, 0, 0, 0, 1, 0, 0, 1, 0, 2, 0, 0, 0, 0, 0, 0, 0, 0, 0, 2, 0, 0, 0, 0, 0, 0, 0, 1, 1, 0, 1, 1, 0, 2, 2, 0, 0, 1, 0, 0, 0, 0, 1, 0, 0, 2, 2, 2, 0, 0, 0, 0, 0, 0, 0, 0, 0, 2, 2, 3, 0, 2, 1, 2, 1, 4, 3, 6, 5, 3, 3, 2, 2, 4, 0, 561, 0, 0, 0, 0, 0, 0]",1,0.6096242222065155,-1,0
3440,"[1, 1, 0, 1, 3, 1, 0, 0, 0, 1, 0, 0, 1, 0, 2, 0, 0, 0, 0, 0, 0, 0, 0, 0, 2, 0, 0, 0, 0, 0, 0, 0, 1, 1, 0, 1, 1, 0, 2, 2, 0, 0, 1, 0, 0, 0, 0, 1, 0, 0, 2, 2, 2, 0, 0, 0, 0, 0, 0, 0, 0, 0, 2, 2, 3, 0, 2, 1, 2, 1, 4, 3, 6, 5, 3, 3, 2, 2, 4, 0, 561, 0, 0, 0, 0, 0, 0]",-1,-0.00018305346788655027,-1,0
3441,"[1, 1, 0, 1, 1, 1, 0, 0, 0, 1, 0, 0, 1, 0, 2, 0, 0, 0, 0, 0, 0, 0, 0, 0, 2, 0, 0, 0, 0, 0, 0, 0, 1, 1, 0, 1, 1, 0, 2, 2, 0, 0, 1, 0, 0, 0, 0, 1, 0, 0, 2, 2, 2, 0, 0, 0, 0, 0, 0, 0, 0, 0, 2, 2, 3, 0, 2, 1, 2, 1, 4, 3, 6, 5, 3, 3, 2, 2, 4, 3, 562, 0, 0, 0, 0, 0, 0]",4,14.533759493853077,-1,0
3442,"[1, 1, 0, 1, 1, 1, 0, 0, 0, 1, 0, 0, 1, 0, 2, 0, 0, 0, 0, 0, 0, 0, 0, 0, 2, 0, 0, 0, 0, 0, 0, 0, 1, 1, 0, 1, 1, 0, 2, 2, 0, 0, 1, 0, 0, 0, 0, 1, 0, 0, 2, 2, 2, 0, 0, 0, 0, 0, 0, 0, 0, 0, 2, 2, 3, 0, 2, 1, 2, 1, 4, 3, 6, 5, 3, 3, 2, 2, 4, 3, 562, 0, 1, 0, 0, 0, 0]",2,0.40000010290717924,-1,1
3443,"[1, 1, 0, 1, 1, 1, 0, 0, 0, 1, 0, 0, 1, 0, 2, 0, 0, 0, 0, 0, 0, 0, 0, 0, 2, 0, 0, 0, 0, 0, 0, 0, 1, 1, 0, 1, 1, 0, 2, 2, 0, 0, 1, 0, 0, 0, 0, 1, 0, 0, 2, 2, 2, 0, 0, 0, 0, 0, 0, 0, 0, 0, 2, 2, 3, 0, 2, 1, 2, 1, 4, 3, 6, 5, 3, 3, 2, 2, 4, 3, 562, 0, 0, 0, 0, 0, 0]",-1,-0.0001812320554482878,-1,1
3444,"[1, 1, 0, 1, 1, 1, 0, 0, 0, 1, 0, 0, 1, 0, 2, 0, 0, 0, 0, 0, 0, 0, 0, 0, 2, 0, 0, 0, 0, 0, 0, 0, 1, 1, 0, 1, 1, 0, 2, 2, 0, 0, 1, 0, 0, 0, 0, 1, 0, 0, 2, 2, 2, 0, 0, 0, 0, 0, 0, 0, 0, 0, 2, 2, 3, 0, 2, 1, 2, 1, 4, 3, 6, 5, 3, 3, 2, 2, 4, 3, 562, 0, 0, 0, 0, 0, 0]",-1,-0.0001812320554482878,-1,1
3445,"[1, 1, 0, 1, 1, 1, 0, 0, 0, 1, 0, 0, 1, 0, 2, 0, 0, 0, 0, 0, 0, 0, 0, 0, 2, 0, 0, 0, 0, 0, 0, 0, 1, 1, 0, 1, 1, 0, 2, 2, 0, 0, 1, 0, 0, 0, 0, 1, 0, 0, 2, 2, 2, 0, 0, 0, 0, 0, 0, 0, 0, 0, 2, 2, 3, 0, 2, 1, 2, 1, 4, 3, 6, 5, 3, 3, 2, 2, 4, 3, 562, 0, 0, 0, 0, 0, 0]",-1,-0.0001812320554482878,-1,1
3446,"[1, 1, 0, 1, 3, 1, 0, 0, 0, 1, 0, 0, 1, 0, 2, 0, 0, 0, 0, 0, 0, 0, 0, 0, 2, 0, 0, 0, 0, 0, 0, 0, 1, 1, 0, 1, 1, 0, 2, 2, 0, 0, 1, 0, 0, 0, 0, 1, 0, 0, 2, 2, 2, 0, 0, 0, 0, 0, 0, 0, 0, 0, 2, 2, 3, 0, 2, 1, 2, 1, 4, 3, 6, 5, 3, 3, 2, 2, 4, 3, 563, 0, 0, 0, 0, 0, 0]",4,12.493837120256067,-1,1
3447,"[1, 1, 0, 1, 1, 1, 0, 0, 0, 1, 0, 0, 1, 0, 2, 0, 0, 0, 0, 0, 0, 0, 0, 0, 2, 0, 0, 0, 0, 0, 0, 0, 1, 1, 0, 1, 1, 0, 2, 2, 0, 0, 1, 0, 0, 0, 0, 1, 0, 0, 2, 2, 2, 0, 0, 0, 0, 0, 0, 0, 0, 0, 2, 2, 3, 0, 2, 1, 2, 1, 4, 3, 6, 5, 3, 3, 2, 2, 4, 1, 564, 0, 0, 0, 0, 0, 0]",4,14.533752236538161,-1,0
3448,"[1, 1, 0, 1, 1, 1, 0, 0, 0, 1, 0, 0, 1, 0, 2, 0, 0, 0, 0, 0, 0, 0, 0, 0, 2, 0, 0, 0, 0, 0, 0, 0, 1, 1, 0, 1, 1, 0, 2, 2, 0, 0, 1, 0, 0, 0, 0, 1, 0, 0, 2, 2, 2, 0, 0, 0, 0, 0, 0, 0, 0, 0, 2, 2, 3, 0, 2, 1, 2, 1, 4, 3, 6, 5, 3, 3, 2, 2, 4, 1, 564, 1, 0, 0, 0, 0, 0]",3,0.20000009499530313,-1,1
3449,"[1, 1, 0, 1, 1, 1, 0, 0, 0, 1, 0, 0, 1, 0, 2, 0, 0, 0, 0, 0, 0, 0, 0, 0, 2, 0, 0, 0, 0, 0, 0, 0, 1, 1, 0, 1, 1, 0, 2, 2, 0, 0, 1, 0, 0, 0, 0, 1, 0, 0, 2, 2, 2, 0, 0, 0, 0, 0, 0, 0, 0, 0, 2, 2, 3, 0, 2, 1, 2, 1, 4, 3, 6, 5, 3, 3, 2, 2, 4, 1, 564, 0, 0, 0, 0, 0, 0]",-1,-0.0001776434203110681,-1,1
3450,"[1, 1, 0, 1, 1, 1, 0, 0, 0, 1, 0, 0, 1, 0, 2, 0, 0, 0, 0, 0, 0, 0, 0, 0, 2, 0, 0, 0, 0, 0, 0, 0, 1, 1, 0, 1, 1, 0, 2, 2, 0, 0, 1, 0, 0, 0, 0, 1, 0, 0, 2, 2, 2, 0, 0, 0, 0, 0, 0, 0, 0, 0, 2, 2, 3, 0, 2, 1, 2, 1, 4, 3, 6, 5, 3, 3, 2, 2, 4, 1, 564, 1, 0, 0, 0, 0, 0]",3,0.20000009499530313,-1,1
3451,"[1, 1, 0, 1, 1, 1, 0, 0, 0, 1, 0, 0, 1, 0, 2, 0, 0, 0, 0, 0, 0, 0, 0, 0, 2, 0, 0, 0, 0, 0, 0, 0, 1, 1, 0, 1, 1, 0, 2, 2, 0, 0, 1, 0, 0, 0, 0, 1, 0, 0, 2, 2, 2, 0, 0, 0, 0, 0, 0, 0, 0, 0, 2, 2, 3, 0, 2, 1, 2, 1, 4, 3, 6, 5, 3, 3, 2, 2, 4, 1, 564, 0, 0, 0, 0, 0, 0]",-1,-0.0001776434203110681,-1,1
3452,"[1, 1, 0, 1, 1, 1, 0, 0, 0, 1, 0, 0, 1, 0, 2, 0, 0, 0, 0, 0, 0, 0, 0, 0, 2, 0, 0, 0, 0, 0, 0, 0, 1, 1, 0, 1, 1, 0, 2, 2, 0, 0, 1, 0, 0, 0, 0, 1, 0, 0, 2, 2, 2, 0, 0, 0, 0, 0, 0, 0, 0, 0, 2, 2, 3, 0, 2, 1, 2, 1, 4, 3, 6, 5, 3, 3, 2, 2, 4, 1, 564, 0, 0, 0, 0, 0, 0]",-1,-0.0001776434203110681,-1,1
3453,"[1, 1, 0, 1, 1, 1, 0, 1, 0, 1, 0, 0, 1, 0, 2, 0, 0, 0, 0, 0, 0, 0, 0, 0, 2, 0, 0, 0, 0, 0, 0, 0, 1, 1, 0, 1, 1, 0, 2, 2, 0, 0, 1, 0, 0, 0, 0, 1, 0, 0, 2, 2, 2, 0, 0, 0, 0, 0, 0, 0, 0, 0, 2, 2, 3, 0, 2, 1, 2, 1, 4, 3, 6, 5, 3, 3, 2, 2, 4, 1, 565, 0, 0, 0, 0, 0, 0]",4,13.133748662121231,-1,1
3454,"[1, 1, 0, 1, 1, 1, 0, 1, 0, 1, 0, 0, 1, 0, 2, 0, 0, 0, 0, 0, 0, 0, 0, 0, 2, 0, 0, 0, 0, 0, 0, 0, 1, 1, 0, 1, 1, 0, 2, 2, 0, 0, 1, 0, 0, 0, 0, 1, 0, 0, 2, 2, 2, 0, 0, 0, 0, 0, 0, 0, 0, 0, 2, 2, 3, 0, 2, 1, 2, 1, 4, 3, 6, 5, 3, 3, 2, 2, 4, 1, 565, 0, 0, 0, 0, 0, 0]",1,0.6096242063701024,-1,0
3455,"[1, 1, 0, 1, 1, 1, 0, 1, 0, 1, 0, 0, 1, 0, 2, 0, 0, 0, 0, 0, 0, 0, 0, 0, 2, 0, 0, 0, 0, 0, 0, 0, 1, 1, 0, 1, 1, 0, 2, 2, 0, 0, 1, 0, 0, 0, 0, 1, 0, 0, 2, 2, 2, 0, 0, 0, 0, 0, 0, 0, 0, 0, 2, 2, 3, 0, 2, 1, 2, 1, 4, 3, 6, 5, 3, 3, 2, 2, 4, 1, 565, 0, 0, 0, 0, 0, 0]",-1,-0.00017587583874560642,-1,0
3456,"[1, 1, 0, 1, 1, 1, 0, 1, 0, 1, 0, 0, 1, 0, 2, 0, 0, 0, 0, 0, 0, 0, 0, 0, 2, 0, 0, 0, 0, 0, 0, 0, 1, 1, 0, 1, 1, 0, 2, 2, 0, 0, 1, 0, 0, 0, 0, 1, 0, 0, 2, 2, 2, 0, 0, 0, 0, 0, 0, 0, 0, 0, 2, 2, 3, 0, 2, 1, 2, 1, 4, 3, 6, 5, 3, 3, 2, 2, 4, 1, 565, 0, 0, 0, 0, 0, 0]",1,0.6096242063701024,-1,0
3457,"[1, 1, 0, 1, 1, 1, 0, 1, 0, 1, 0, 0, 1, 0, 2, 0, 0, 0, 0, 0, 0, 0, 0, 0, 2, 0, 0, 0, 0, 0, 0, 0, 1, 1, 0, 1, 1, 0, 2, 2, 0, 0, 1, 0, 0, 0, 0, 1, 0, 0, 2, 2, 2, 0, 0, 0, 0, 0, 0, 0, 0, 0, 2, 2, 3, 0, 2, 1, 2, 1, 4, 3, 6, 5, 3, 3, 2, 2, 4, 1, 565, 0, 0, 0, 0, 0, 0]",-1,-0.00017587583874560642,-1,0
3458,"[1, 1, 0, 1, 1, 1, 0, 1, 0, 1, 0, 0, 1, 0, 2, 0, 0, 0, 0, 0, 0, 0, 0, 0, 2, 0, 0, 0, 0, 0, 0, 0, 1, 1, 0, 1, 1, 0, 2, 2, 0, 0, 1, 0, 0, 0, 0, 1, 0, 0, 2, 2, 2, 0, 0, 0, 0, 0, 0, 0, 0, 0, 2, 2, 3, 0, 2, 1, 2, 1, 4, 3, 6, 5, 3, 3, 2, 2, 4, 1, 565, 0, 0, 0, 0, 0, 0]",1,0.6096242063701024,-1,0
3459,"[1, 1, 0, 1, 1, 1, 0, 1, 0, 1, 0, 0, 1, 0, 2, 0, 0, 0, 0, 0, 0, 0, 0, 0, 2, 0, 0, 0, 0, 0, 0, 0, 1, 1, 0, 1, 1, 0, 2, 2, 0, 0, 1, 0, 0, 0, 0, 1, 0, 0, 2, 2, 2, 0, 0, 0, 0, 0, 0, 0, 0, 0, 2, 2, 3, 0, 2, 1, 2, 1, 4, 3, 6, 5, 3, 3, 2, 2, 4, 1, 565, 0, 0, 0, 0, 0, 0]",-1,-0.00017587583874560642,-1,0
3460,"[1, 1, 0, 1, 1, 1, 0, 1, 0, 1, 0, 0, 1, 0, 2, 0, 0, 0, 0, 0, 0, 0, 0, 0, 2, 0, 0, 0, 0, 0, 0, 0, 1, 1, 0, 1, 1, 0, 2, 2, 0, 0, 1, 0, 0, 0, 0, 1, 0, 0, 2, 2, 2, 0, 0, 0, 0, 0, 0, 0, 0, 0, 2, 2, 3, 0, 2, 1, 2, 1, 4, 3, 6, 5, 3, 3, 2, 2, 4, 1, 565, 0, 1, 0, 0, 0, 0]",2,0.40000009127048564,-1,0
3461,"[1, 1, 0, 1, 1, 1, 0, 1, 0, 1, 0, 0, 1, 0, 2, 0, 0, 0, 0, 0, 0, 0, 0, 0, 2, 0, 0, 0, 0, 0, 0, 0, 1, 1, 0, 1, 1, 0, 2, 2, 0, 0, 1, 0, 0, 0, 0, 1, 0, 0, 2, 2, 2, 0, 0, 0, 0, 0, 0, 0, 0, 0, 2, 2, 3, 0, 2, 1, 2, 1, 4, 3, 6, 5, 3, 3, 2, 2, 4, 1, 565, 0, 0, 0, 0, 0, 0]",-1,-0.00017587583874560642,-1,0
3462,"[1, 1, 0, 1, 1, 1, 0, 2, 0, 1, 0, 0, 1, 0, 2, 0, 0, 0, 0, 0, 0, 0, 0, 0, 2, 0, 0, 0, 0, 0, 0, 0, 1, 1, 0, 1, 1, 0, 2, 2, 0, 0, 1, 0, 0, 0, 0, 1, 0, 0, 2, 2, 2, 0, 0, 0, 0, 0, 0, 0, 0, 0, 2, 2, 3, 0, 2, 1, 2, 1, 4, 3, 6, 5, 3, 3, 2, 2, 4, 1, 566, 0, 0, 0, 0, 0, 0]",4,14.533745123379337,-1,0
3463,"[1, 1, 0, 1, 1, 1, 0, 2, 0, 1, 0, 0, 1, 0, 2, 0, 0, 0, 0, 0, 0, 0, 0, 0, 2, 0, 0, 0, 0, 0, 0, 0, 1, 1, 0, 1, 1, 0, 2, 2, 0, 0, 1, 0, 0, 0, 0, 1, 0, 0, 2, 2, 2, 0, 0, 0, 0, 0, 0, 0, 0, 0, 2, 2, 3, 0, 2, 1, 2, 1, 4, 3, 6, 5, 3, 3, 2, 2, 4, 1, 566, 0, 1, 0, 0, 0, 0]",2,0.4000000876917203,-1,1
3464,"[1, 1, 0, 1, 1, 1, 0, 2, 0, 1, 0, 0, 1, 0, 2, 0, 0, 0, 0, 0, 0, 0, 0, 0, 2, 0, 0, 0, 0, 0, 0, 0, 1, 1, 0, 1, 1, 0, 2, 2, 0, 0, 1, 0, 0, 0, 0, 1, 0, 0, 2, 2, 2, 0, 0, 0, 0, 0, 0, 0, 0, 0, 2, 2, 3, 0, 2, 1, 2, 1, 4, 3, 6, 5, 3, 3, 2, 2, 4, 1, 566, 0, 1, 0, 0, 1, 0]","[[0 0 0 1]
 [1 1 0 1]]",2.122490972415439,-1,1
3465,"[0, 0, 0, 1, 2, 2, 0, 2, 0, 1, 0, 0, 1, 0, 2, 0, 0, 0, 0, 0, 0, 0, 0, 0, 2, 0, 0, 0, 0, 0, 0, 0, 1, 1, 0, 1, 1, 0, 2, 2, 0, 0, 1, 0, 0, 0, 0, 1, 0, 0, 2, 2, 2, 0, 0, 0, 0, 0, 0, 0, 0, 0, 2, 2, 3, 0, 2, 1, 2, 1, 4, 3, 6, 5, 3, 3, 2, 2, 4, 1, 566, 0, 0, 0, 0, 0, 0]",0,-0.19999991230827968,-1,0
3466,"[0, 0, 0, 1, 1, 1, 0, 1, 0, 1, 0, 0, 1, 0, 2, 0, 0, 0, 0, 0, 0, 0, 0, 0, 2, 0, 0, 0, 0, 0, 0, 0, 1, 1, 0, 1, 1, 0, 2, 2, 0, 0, 1, 0, 0, 0, 0, 1, 0, 0, 2, 2, 2, 0, 0, 0, 0, 0, 0, 0, 0, 0, 2, 2, 3, 0, 2, 1, 2, 1, 4, 3, 6, 5, 3, 3, 2, 2, 4, 6, 567, 0, 0, 0, 0, 0, 0]",4,13.133741619953227,-1,1
3467,"[0, 0, 0, 1, 1, 1, 0, 1, 0, 1, 0, 0, 1, 0, 2, 0, 0, 0, 0, 0, 0, 0, 0, 0, 2, 0, 0, 0, 0, 0, 0, 0, 1, 1, 0, 1, 1, 0, 2, 2, 0, 0, 1, 0, 0, 0, 0, 1, 0, 0, 2, 2, 2, 0, 0, 0, 0, 0, 0, 0, 0, 0, 2, 2, 3, 0, 2, 1, 2, 1, 4, 3, 6, 5, 3, 3, 2, 2, 4, 6, 567, 0, 1, 0, 0, 0, 0]",2,0.4000000842532802,-1,0
3468,"[0, 0, 0, 1, 1, 1, 0, 1, 0, 1, 0, 0, 1, 0, 2, 0, 0, 0, 0, 0, 0, 0, 0, 0, 2, 0, 0, 0, 0, 0, 0, 0, 1, 1, 0, 1, 1, 0, 2, 2, 0, 0, 1, 0, 0, 0, 0, 1, 0, 0, 2, 2, 2, 0, 0, 0, 0, 0, 0, 0, 0, 0, 2, 2, 3, 0, 2, 1, 2, 1, 4, 3, 6, 5, 3, 3, 2, 2, 4, 6, 567, 0, 1, 0, 0, 1, 0]","[[0 0 0 1]
 [0 1 0 0]]",0.6504249493113712,-1,0
3469,"[0, 0, 0, 1, 1, 1, 0, 1, 0, 1, 0, 0, 1, 0, 2, 0, 0, 0, 0, 0, 0, 0, 0, 0, 2, 0, 0, 0, 0, 0, 0, 0, 1, 1, 0, 1, 1, 0, 2, 2, 0, 0, 1, 0, 0, 0, 0, 1, 0, 0, 2, 2, 2, 0, 0, 0, 0, 0, 0, 0, 0, 0, 2, 2, 3, 0, 2, 1, 2, 1, 4, 3, 6, 5, 3, 3, 2, 2, 4, 6, 567, 0, 0, 0, 0, 0, 0]",1,-44.92135946574252,-1,1
3470,"[0, 0, 0, 1, 3, 1, 0, 1, 0, 1, 0, 0, 1, 0, 2, 0, 0, 0, 0, 0, 0, 0, 0, 0, 2, 0, 0, 0, 0, 0, 0, 0, 1, 1, 0, 1, 1, 0, 2, 2, 0, 0, 1, 0, 0, 0, 0, 1, 0, 0, 2, 2, 2, 0, 0, 0, 0, 0, 0, 0, 0, 0, 2, 2, 3, 0, 2, 1, 2, 1, 4, 3, 6, 5, 3, 3, 2, 2, 4, 6, 568, 0, 0, 0, 0, 0, 0]",4,14.097086687394405,-1,0
3471,"[0, 0, 0, 1, 3, 1, 0, 1, 0, 1, 0, 0, 1, 0, 2, 0, 0, 0, 0, 0, 0, 0, 0, 0, 2, 0, 0, 0, 0, 0, 0, 0, 1, 1, 0, 1, 1, 0, 2, 2, 0, 0, 1, 0, 0, 0, 0, 1, 0, 0, 2, 2, 2, 0, 0, 0, 0, 0, 0, 0, 0, 0, 2, 2, 3, 0, 2, 1, 2, 1, 4, 3, 6, 5, 3, 3, 2, 2, 4, 6, 568, 0, 0, 0, 0, 0, 0]",-1,-0.00017067792216977153,-1,1
3472,"[0, 0, 0, 1, 3, 1, 0, 1, 0, 1, 0, 0, 1, 0, 2, 0, 0, 0, 0, 0, 0, 0, 0, 0, 2, 0, 0, 0, 0, 0, 0, 0, 1, 1, 0, 1, 1, 0, 2, 2, 0, 0, 1, 0, 0, 0, 0, 1, 0, 0, 2, 2, 2, 0, 0, 0, 0, 0, 0, 0, 0, 0, 2, 2, 3, 0, 2, 1, 2, 1, 4, 3, 6, 5, 3, 3, 2, 2, 4, 6, 568, 1, 0, 0, 0, 0, 0]",3,0.2000000809496632,-1,0
3473,"[0, 0, 0, 1, 3, 1, 0, 1, 0, 1, 0, 0, 1, 0, 2, 0, 0, 0, 0, 0, 0, 0, 0, 0, 2, 0, 0, 0, 0, 0, 0, 0, 1, 1, 0, 1, 1, 0, 2, 2, 0, 0, 1, 0, 0, 0, 0, 1, 0, 0, 2, 2, 2, 0, 0, 0, 0, 0, 0, 0, 0, 0, 2, 2, 3, 0, 2, 1, 2, 1, 4, 3, 6, 5, 3, 3, 2, 2, 4, 6, 568, 0, 0, 0, 0, 0, 0]",-1,-0.00017067792216977153,-1,0
3474,"[0, 0, 0, 1, 3, 1, 0, 1, 0, 1, 0, 0, 1, 0, 2, 0, 0, 0, 0, 0, 0, 0, 0, 0, 2, 0, 0, 0, 0, 0, 0, 0, 1, 1, 0, 1, 1, 0, 2, 2, 0, 0, 1, 0, 0, 0, 0, 1, 0, 0, 2, 2, 2, 0, 0, 0, 0, 0, 0, 0, 0, 0, 2, 2, 3, 0, 2, 1, 2, 1, 4, 3, 6, 5, 3, 3, 2, 2, 4, 6, 569, 0, 0, 0, 0, 0, 0]",4,14.097083253537052,-1,0
3475,"[0, 1, 0, 1, 3, 2, 0, 1, 0, 1, 0, 0, 1, 0, 2, 0, 0, 0, 0, 0, 0, 0, 0, 0, 2, 0, 0, 0, 0, 0, 0, 0, 1, 1, 0, 1, 1, 0, 2, 2, 0, 0, 1, 0, 0, 0, 0, 1, 0, 0, 2, 2, 2, 0, 0, 0, 0, 0, 0, 0, 0, 0, 2, 2, 3, 0, 2, 1, 2, 1, 4, 3, 6, 5, 3, 3, 2, 2, 4, 6, 570, 0, 0, 0, 0, 0, 0]",4,12.74259250263741,-1,1
3476,"[0, 1, 0, 1, 3, 2, 0, 1, 0, 1, 0, 0, 1, 0, 2, 0, 0, 0, 0, 0, 0, 0, 0, 0, 2, 0, 0, 0, 0, 0, 0, 0, 1, 1, 0, 1, 1, 0, 2, 2, 0, 0, 1, 0, 0, 0, 0, 1, 0, 0, 2, 2, 2, 0, 0, 0, 0, 0, 0, 0, 0, 0, 2, 2, 3, 0, 2, 1, 2, 1, 4, 3, 6, 5, 3, 3, 2, 2, 4, 6, 570, 0, 1, 0, 0, 0, 0]",2,0.4000000747259596,-1,0
3477,"[0, 1, 0, 1, 3, 2, 0, 1, 0, 1, 0, 0, 1, 0, 2, 0, 0, 0, 0, 0, 0, 0, 0, 0, 2, 0, 0, 0, 0, 0, 0, 0, 1, 1, 0, 1, 1, 0, 2, 2, 0, 0, 1, 0, 0, 0, 0, 1, 0, 0, 2, 2, 2, 0, 0, 0, 0, 0, 0, 0, 0, 0, 2, 2, 3, 0, 2, 1, 2, 1, 4, 3, 6, 5, 3, 3, 2, 2, 4, 6, 570, 0, 1, 0, 0, 1, 0]","[[0 1 0 0]
 [1 0 0 0]]",0.6504249397840505,-1,0
3478,"[1, 0, 0, 1, 2, 3, 0, 1, 0, 1, 0, 0, 1, 0, 2, 0, 0, 0, 0, 0, 0, 0, 0, 0, 2, 0, 0, 0, 0, 0, 0, 0, 1, 1, 0, 1, 1, 0, 2, 2, 0, 0, 1, 0, 0, 0, 0, 1, 0, 0, 2, 2, 2, 0, 0, 0, 0, 0, 0, 0, 0, 0, 2, 2, 3, 0, 2, 1, 2, 1, 4, 3, 6, 5, 3, 3, 2, 2, 4, 6, 570, 0, 0, 0, 0, 0, 0]",0,-0.19999992527404037,-1,1
3479,"[1, 0, 0, 1, 2, 3, 0, 1, 0, 1, 0, 0, 1, 0, 2, 0, 0, 0, 0, 0, 0, 0, 0, 0, 2, 0, 0, 0, 0, 0, 0, 0, 1, 1, 0, 1, 1, 0, 2, 2, 0, 0, 1, 0, 0, 0, 0, 1, 0, 0, 2, 2, 2, 0, 0, 0, 0, 0, 0, 0, 0, 0, 2, 2, 3, 0, 2, 1, 2, 1, 4, 3, 6, 5, 3, 3, 2, 2, 4, 6, 570, 0, 1, 0, 0, 0, 0]",2,0.4000000747259596,-1,0
3480,"[1, 0, 0, 1, 2, 3, 0, 1, 0, 1, 0, 0, 1, 0, 2, 0, 0, 0, 0, 0, 0, 0, 0, 0, 2, 0, 0, 0, 0, 0, 0, 0, 1, 1, 0, 1, 1, 0, 2, 2, 0, 0, 1, 0, 0, 0, 0, 1, 0, 0, 2, 2, 2, 0, 0, 0, 0, 0, 0, 0, 0, 0, 2, 2, 3, 0, 2, 1, 2, 1, 4, 3, 6, 5, 3, 3, 2, 2, 4, 6, 570, 0, 1, 0, 0, 1, 0]","[[0 0 0 1]
 [0 1 0 0]]",0.6504249397840505,-1,0
3481,"[1, 1, 0, 0, 2, 2, 0, 2, 0, 1, 0, 0, 1, 0, 2, 0, 0, 0, 0, 0, 0, 0, 0, 0, 2, 0, 0, 0, 0, 0, 0, 0, 1, 1, 0, 1, 1, 0, 2, 2, 0, 0, 1, 0, 0, 0, 0, 1, 0, 0, 2, 2, 2, 0, 0, 0, 0, 0, 0, 0, 0, 0, 2, 2, 3, 0, 2, 1, 2, 1, 4, 3, 6, 5, 3, 3, 2, 2, 4, 6, 570, 0, 0, 0, 0, 0, 0]",0,-0.19999992527404037,-1,1
3482,"[1, 1, 0, 0, 2, 2, 0, 2, 0, 1, 0, 0, 1, 0, 2, 0, 0, 0, 0, 0, 0, 0, 0, 0, 2, 0, 0, 0, 0, 0, 0, 0, 1, 1, 0, 1, 1, 0, 2, 2, 0, 0, 1, 0, 0, 0, 0, 1, 0, 0, 2, 2, 2, 0, 0, 0, 0, 0, 0, 0, 0, 0, 2, 2, 3, 0, 2, 1, 2, 1, 4, 3, 6, 5, 3, 3, 2, 2, 4, 6, 570, 0, 0, 0, 0, 0, 0]",0,0.24271894714953274,-1,0
3483,"[1, 1, 0, 0, 2, 2, 0, 2, 0, 1, 0, 0, 1, 0, 2, 0, 0, 0, 0, 0, 0, 0, 0, 0, 2, 0, 0, 0, 0, 0, 0, 0, 1, 1, 0, 1, 1, 0, 2, 2, 0, 0, 1, 0, 0, 0, 0, 1, 0, 0, 2, 2, 2, 0, 0, 0, 0, 0, 0, 0, 0, 0, 2, 2, 3, 0, 2, 1, 2, 1, 4, 3, 6, 5, 3, 3, 2, 2, 4, 6, 570, 0, 0, 0, 0, 0, 0]",-1,-0.0001672982728735636,-1,0
3484,"[1, 1, 0, 0, 2, 2, 0, 2, 0, 1, 0, 0, 1, 0, 2, 0, 0, 0, 0, 0, 0, 0, 0, 0, 2, 0, 0, 0, 0, 0, 0, 0, 1, 1, 0, 1, 1, 0, 2, 2, 0, 0, 1, 0, 0, 0, 0, 1, 0, 0, 2, 2, 2, 0, 0, 0, 0, 0, 0, 0, 0, 0, 2, 2, 3, 0, 2, 1, 2, 1, 4, 3, 6, 5, 3, 3, 2, 2, 4, 6, 570, 0, 0, 0, 0, 0, 0]",0,0.24271894714953274,-1,0
3485,"[1, 1, 0, 0, 2, 2, 0, 2, 0, 1, 0, 0, 1, 0, 2, 0, 0, 0, 0, 0, 0, 0, 0, 0, 2, 0, 0, 0, 0, 0, 0, 0, 1, 1, 0, 1, 1, 0, 2, 2, 0, 0, 1, 0, 0, 0, 0, 1, 0, 0, 2, 2, 2, 0, 0, 0, 0, 0, 0, 0, 0, 0, 2, 2, 3, 0, 2, 1, 2, 1, 4, 3, 6, 5, 3, 3, 2, 2, 4, 6, 570, 0, 0, 0, 0, 0, 0]",-1,-0.0001672982728735636,-1,0
3486,"[1, 1, 0, 0, 2, 2, 0, 2, 0, 1, 0, 0, 1, 0, 2, 0, 0, 0, 0, 0, 0, 0, 0, 0, 2, 0, 0, 0, 0, 0, 0, 0, 1, 1, 0, 1, 1, 0, 2, 2, 0, 0, 1, 0, 0, 0, 0, 1, 0, 0, 2, 2, 2, 0, 0, 0, 0, 0, 0, 0, 0, 0, 2, 2, 3, 0, 2, 1, 2, 1, 4, 3, 6, 5, 3, 3, 2, 2, 4, 6, 570, 0, 0, 0, 0, 0, 0]",0,0.24271894714953274,-1,0
3487,"[1, 1, 0, 0, 2, 2, 0, 2, 0, 1, 0, 0, 1, 0, 2, 0, 0, 0, 0, 0, 0, 0, 0, 0, 2, 0, 0, 0, 0, 0, 0, 0, 1, 1, 0, 1, 1, 0, 2, 2, 0, 0, 1, 0, 0, 0, 0, 1, 0, 0, 2, 2, 2, 0, 0, 0, 0, 0, 0, 0, 0, 0, 2, 2, 3, 0, 2, 1, 2, 1, 4, 3, 6, 5, 3, 3, 2, 2, 4, 6, 570, 0, 0, 0, 0, 0, 0]",-1,-0.0001672982728735636,-1,0
3488,"[1, 1, 0, 0, 2, 2, 0, 2, 0, 1, 0, 0, 1, 0, 2, 0, 0, 0, 0, 0, 0, 0, 0, 0, 2, 0, 0, 0, 0, 0, 0, 0, 1, 1, 0, 1, 1, 0, 2, 2, 0, 0, 1, 0, 0, 0, 0, 1, 0, 0, 2, 2, 2, 0, 0, 0, 0, 0, 0, 0, 0, 0, 2, 2, 3, 0, 2, 1, 2, 1, 4, 3, 6, 5, 3, 3, 2, 2, 4, 6, 570, 0, 0, 0, 0, 0, 0]",0,0.24271894714953274,-1,0
3489,"[1, 1, 0, 0, 2, 2, 0, 2, 0, 1, 0, 0, 1, 0, 2, 0, 0, 0, 0, 0, 0, 0, 0, 0, 2, 0, 0, 0, 0, 0, 0, 0, 1, 1, 0, 1, 1, 0, 2, 2, 0, 0, 1, 0, 0, 0, 0, 1, 0, 0, 2, 2, 2, 0, 0, 0, 0, 0, 0, 0, 0, 0, 2, 2, 3, 0, 2, 1, 2, 1, 4, 3, 6, 5, 3, 3, 2, 2, 4, 6, 570, 0, 0, 0, 0, 0, 0]",-1,-0.0001672982728735636,-1,0
3490,"[1, 1, 0, 0, 2, 2, 0, 2, 0, 1, 0, 0, 1, 0, 2, 0, 0, 0, 0, 0, 0, 0, 0, 0, 2, 0, 0, 0, 0, 0, 0, 0, 1, 1, 0, 1, 1, 0, 2, 2, 0, 0, 1, 0, 0, 0, 0, 1, 0, 0, 2, 2, 2, 0, 0, 0, 0, 0, 0, 0, 0, 0, 2, 2, 3, 0, 2, 1, 2, 1, 4, 3, 6, 5, 3, 3, 2, 2, 4, 6, 570, 0, 0, 0, 0, 0, 0]",0,0.24271894714953274,-1,0
3491,"[1, 1, 0, 0, 2, 2, 0, 2, 0, 1, 0, 0, 1, 0, 2, 0, 0, 0, 0, 0, 0, 0, 0, 0, 2, 0, 0, 0, 0, 0, 0, 0, 1, 1, 0, 1, 1, 0, 2, 2, 0, 0, 1, 0, 0, 0, 0, 1, 0, 0, 2, 2, 2, 0, 0, 0, 0, 0, 0, 0, 0, 0, 2, 2, 3, 0, 2, 1, 2, 1, 4, 3, 6, 5, 3, 3, 2, 2, 4, 6, 570, 0, 0, 0, 0, 0, 0]",-1,-0.0001672982728735636,-1,0
3492,"[1, 1, 0, 0, 2, 2, 0, 2, 0, 1, 0, 0, 1, 0, 2, 0, 0, 0, 0, 0, 0, 0, 0, 0, 2, 0, 0, 0, 0, 0, 0, 0, 1, 1, 0, 1, 1, 0, 2, 2, 0, 0, 1, 0, 0, 0, 0, 1, 0, 0, 2, 2, 2, 0, 0, 0, 0, 0, 0, 0, 0, 0, 2, 2, 3, 0, 2, 1, 2, 1, 4, 3, 6, 5, 3, 3, 2, 2, 4, 6, 570, 0, 0, 0, 0, 0, 0]",0,0.24271894714953274,-1,0
3493,"[1, 1, 0, 0, 2, 2, 0, 2, 0, 1, 0, 0, 1, 0, 2, 0, 0, 0, 0, 0, 0, 0, 0, 0, 2, 0, 0, 0, 0, 0, 0, 0, 1, 1, 0, 1, 1, 0, 2, 2, 0, 0, 1, 0, 0, 0, 0, 1, 0, 0, 2, 2, 2, 0, 0, 0, 0, 0, 0, 0, 0, 0, 2, 2, 3, 0, 2, 1, 2, 1, 4, 3, 6, 5, 3, 3, 2, 2, 4, 6, 570, 0, 0, 0, 0, 0, 0]",-1,-0.0001672982728735636,-1,0
3494,"[1, 1, 0, 0, 2, 2, 0, 2, 0, 1, 0, 0, 1, 0, 2, 0, 0, 0, 0, 0, 0, 0, 0, 0, 2, 0, 0, 0, 0, 0, 0, 0, 1, 1, 0, 1, 1, 0, 2, 2, 0, 0, 1, 0, 0, 0, 0, 1, 0, 0, 2, 2, 2, 0, 0, 0, 0, 0, 0, 0, 0, 0, 2, 2, 3, 0, 2, 1, 2, 1, 4, 3, 6, 5, 3, 3, 2, 2, 4, 6, 570, 0, 0, 0, 0, 0, 0]",0,0.24271894714953274,-1,0
3495,"[1, 1, 0, 0, 2, 2, 0, 2, 0, 1, 0, 0, 1, 0, 2, 0, 0, 0, 0, 0, 0, 0, 0, 0, 2, 0, 0, 0, 0, 0, 0, 0, 1, 1, 0, 1, 1, 0, 2, 2, 0, 0, 1, 0, 0, 0, 0, 1, 0, 0, 2, 2, 2, 0, 0, 0, 0, 0, 0, 0, 0, 0, 2, 2, 3, 0, 2, 1, 2, 1, 4, 3, 6, 5, 3, 3, 2, 2, 4, 6, 570, 0, 0, 0, 0, 0, 0]",-1,-0.0001672982728735636,-1,0
3496,"[1, 1, 0, 0, 2, 2, 0, 2, 0, 1, 0, 0, 1, 0, 2, 0, 0, 0, 0, 0, 0, 0, 0, 0, 2, 0, 0, 0, 0, 0, 0, 0, 1, 1, 0, 1, 1, 0, 2, 2, 0, 0, 1, 0, 0, 0, 0, 1, 0, 0, 2, 2, 2, 0, 0, 0, 0, 0, 0, 0, 0, 0, 2, 2, 3, 0, 2, 1, 2, 1, 4, 3, 6, 5, 3, 3, 2, 2, 4, 6, 570, 0, 0, 0, 0, 0, 0]",1,0.6096241898255763,-1,0
3497,"[1, 1, 0, 0, 2, 2, 0, 2, 0, 1, 0, 0, 1, 0, 2, 0, 0, 0, 0, 0, 0, 0, 0, 0, 2, 0, 0, 0, 0, 0, 0, 0, 1, 1, 0, 1, 1, 0, 2, 2, 0, 0, 1, 0, 0, 0, 0, 1, 0, 0, 2, 2, 2, 0, 0, 0, 0, 0, 0, 0, 0, 0, 2, 2, 3, 0, 2, 1, 2, 1, 4, 3, 6, 5, 3, 3, 2, 2, 4, 6, 570, 0, 0, 0, 0, 0, 0]",-1,-0.0001672982728735636,-1,0
3498,"[1, 1, 0, 0, 2, 2, 0, 2, 0, 1, 0, 0, 1, 0, 2, 0, 0, 0, 0, 0, 0, 0, 0, 0, 2, 0, 0, 0, 0, 0, 0, 0, 1, 1, 0, 1, 1, 0, 2, 2, 0, 0, 1, 0, 0, 0, 0, 1, 0, 0, 2, 2, 2, 0, 0, 0, 0, 0, 0, 0, 0, 0, 2, 2, 3, 0, 2, 1, 2, 1, 4, 3, 6, 5, 3, 3, 2, 2, 4, 6, 570, 0, 0, 0, 0, 0, 0]",1,0.6096241898255763,-1,0
3499,"[1, 1, 0, 0, 2, 2, 0, 2, 0, 1, 0, 0, 1, 0, 2, 0, 0, 0, 0, 0, 0, 0, 0, 0, 2, 0, 0, 0, 0, 0, 0, 0, 1, 1, 0, 1, 1, 0, 2, 2, 0, 0, 1, 0, 0, 0, 0, 1, 0, 0, 2, 2, 2, 0, 0, 0, 0, 0, 0, 0, 0, 0, 2, 2, 3, 0, 2, 1, 2, 1, 4, 3, 6, 5, 3, 3, 2, 2, 4, 6, 570, 0, 0, 0, 0, 0, 0]",-1,-0.0001672982728735636,-1,0
3500,"[1, 1, 0, 0, 2, 2, 0, 2, 0, 1, 0, 0, 1, 0, 2, 0, 0, 0, 0, 0, 0, 0, 0, 0, 2, 0, 0, 0, 0, 0, 0, 0, 1, 1, 0, 1, 1, 0, 2, 2, 0, 0, 1, 0, 0, 0, 0, 1, 0, 0, 2, 2, 2, 0, 0, 0, 0, 0, 0, 0, 0, 0, 2, 2, 3, 0, 2, 1, 2, 1, 4, 3, 6, 5, 3, 3, 2, 2, 4, 6, 570, 0, 0, 0, 0, 0, 0]",1,0.6096241898255763,-1,0
3501,"[1, 1, 0, 0, 2, 2, 0, 2, 0, 1, 0, 0, 1, 0, 2, 0, 0, 0, 0, 0, 0, 0, 0, 0, 2, 0, 0, 0, 0, 0, 0, 0, 1, 1, 0, 1, 1, 0, 2, 2, 0, 0, 1, 0, 0, 0, 0, 1, 0, 0, 2, 2, 2, 0, 0, 0, 0, 0, 0, 0, 0, 0, 2, 2, 3, 0, 2, 1, 2, 1, 4, 3, 6, 5, 3, 3, 2, 2, 4, 6, 570, 0, 0, 0, 0, 0, 0]",-1,-0.0001672982728735636,-1,0
3502,"[1, 2, 0, 0, 2, 3, 0, 2, 0, 1, 0, 0, 1, 0, 2, 0, 0, 0, 0, 0, 0, 0, 0, 0, 2, 0, 0, 0, 0, 0, 0, 0, 1, 1, 0, 1, 1, 0, 2, 2, 0, 0, 1, 0, 0, 0, 0, 1, 0, 0, 2, 2, 2, 0, 0, 0, 0, 0, 0, 0, 0, 0, 2, 2, 3, 0, 2, 1, 2, 1, 4, 3, 6, 5, 3, 3, 2, 2, 4, 6, 571, 0, 0, 0, 0, 0, 0]",4,14.056003310161644,-1,0
3503,"[1, 2, 0, 0, 2, 3, 0, 2, 0, 1, 0, 0, 1, 0, 2, 0, 0, 0, 0, 0, 0, 0, 0, 0, 2, 0, 0, 0, 0, 0, 0, 0, 1, 1, 0, 1, 1, 0, 2, 2, 0, 0, 1, 0, 0, 0, 0, 1, 0, 0, 2, 2, 2, 0, 0, 0, 0, 0, 0, 0, 0, 0, 2, 2, 3, 0, 2, 1, 2, 1, 4, 3, 6, 5, 3, 3, 2, 2, 4, 6, 571, 0, 1, 0, 0, 0, 0]",2,0.4000000717959139,-1,1
3504,"[1, 2, 0, 0, 2, 3, 0, 2, 0, 1, 0, 0, 1, 0, 2, 0, 0, 0, 0, 0, 0, 0, 0, 0, 2, 0, 0, 0, 0, 0, 0, 0, 1, 1, 0, 1, 1, 0, 2, 2, 0, 0, 1, 0, 0, 0, 0, 1, 0, 0, 2, 2, 2, 0, 0, 0, 0, 0, 0, 0, 0, 0, 2, 2, 3, 0, 2, 1, 2, 1, 4, 3, 6, 5, 3, 3, 2, 2, 4, 6, 571, 0, 1, 0, 0, 1, 0]","[[1 1 0 1]
 [1 2 0 0]]",0.6504249368540048,-1,1
3505,"[1, 2, 0, 0, 2, 3, 0, 2, 0, 1, 0, 0, 1, 0, 2, 0, 0, 0, 0, 0, 0, 0, 0, 0, 2, 0, 0, 0, 0, 0, 0, 0, 1, 1, 0, 1, 1, 0, 2, 2, 0, 0, 1, 0, 0, 0, 0, 1, 0, 0, 2, 2, 2, 0, 0, 0, 0, 0, 0, 0, 0, 0, 2, 2, 3, 0, 2, 1, 2, 1, 4, 3, 6, 5, 3, 3, 2, 2, 4, 6, 571, 0, 0, 0, 0, 0, 0]",1,-0.19999992820408605,-1,0
3506,"[1, 2, 0, 0, 2, 3, 0, 2, 0, 1, 0, 0, 1, 0, 2, 0, 0, 0, 0, 0, 0, 0, 0, 0, 2, 0, 0, 0, 0, 0, 0, 0, 1, 1, 0, 1, 1, 0, 2, 2, 0, 0, 1, 0, 0, 0, 0, 1, 0, 0, 2, 2, 2, 0, 0, 0, 0, 0, 0, 0, 0, 0, 2, 2, 3, 0, 2, 1, 2, 1, 4, 3, 6, 5, 3, 3, 2, 2, 4, 6, 571, 0, 0, 0, 0, 0, 0]",-1,-0.00016563362724499465,-1,1
3507,"[2, 2, 0, 0, 2, 4, 0, 2, 0, 1, 0, 0, 1, 0, 2, 0, 0, 0, 0, 0, 0, 0, 0, 0, 2, 0, 0, 0, 0, 0, 0, 0, 1, 1, 0, 1, 1, 0, 2, 2, 0, 0, 1, 0, 0, 0, 0, 1, 0, 0, 2, 2, 2, 0, 0, 0, 0, 0, 0, 0, 0, 0, 2, 2, 3, 0, 2, 1, 2, 1, 4, 3, 6, 5, 3, 3, 2, 2, 4, 6, 572, 0, 0, 0, 0, 0, 0]",4,12.757787532810084,-1,1
3508,"[2, 2, 0, 0, 2, 4, 0, 2, 0, 1, 0, 0, 1, 0, 2, 0, 0, 0, 0, 0, 0, 0, 0, 0, 2, 0, 0, 0, 0, 0, 0, 0, 1, 1, 0, 1, 1, 0, 2, 2, 0, 0, 1, 0, 0, 0, 0, 1, 0, 0, 2, 2, 2, 0, 0, 0, 0, 0, 0, 0, 0, 0, 2, 2, 3, 0, 2, 1, 2, 1, 4, 3, 6, 5, 3, 3, 2, 2, 4, 6, 572, 1, 0, 0, 0, 0, 0]",3,0.20000006898075687,-1,0
3509,"[0, 2, 0, 1, 2, 4, 0, 2, 0, 1, 0, 0, 1, 0, 2, 0, 0, 0, 0, 0, 0, 0, 0, 0, 2, 0, 0, 0, 0, 0, 0, 0, 1, 1, 0, 1, 1, 0, 2, 2, 0, 0, 1, 0, 0, 0, 0, 1, 0, 0, 2, 2, 2, 0, 0, 0, 0, 0, 0, 0, 0, 0, 2, 2, 3, 0, 2, 1, 2, 1, 4, 3, 6, 5, 3, 3, 2, 2, 4, 6, 572, 0, 0, 0, 0, 0, 0]","[[2 0 0 0]
 [0 0 0 1]]",-0.1985422491082021,-1,0
3510,"[0, 2, 0, 1, 2, 4, 0, 2, 0, 1, 0, 0, 1, 0, 2, 0, 0, 0, 0, 0, 0, 0, 0, 0, 2, 0, 0, 0, 0, 0, 0, 0, 1, 1, 0, 1, 1, 0, 2, 2, 0, 0, 1, 0, 0, 0, 0, 1, 0, 0, 2, 2, 2, 0, 0, 0, 0, 0, 0, 0, 0, 0, 2, 2, 3, 0, 2, 1, 2, 1, 4, 3, 6, 5, 3, 3, 2, 2, 4, 6, 572, 1, 0, 0, 0, 0, 0]",3,0.20000006898075687,-1,0
3511,"[0, 2, 0, 1, 2, 4, 0, 2, 0, 1, 0, 0, 1, 0, 2, 0, 0, 0, 0, 0, 0, 0, 0, 0, 2, 0, 0, 0, 0, 0, 0, 0, 1, 1, 0, 1, 1, 0, 2, 2, 0, 0, 1, 0, 0, 0, 0, 1, 0, 0, 2, 2, 2, 0, 0, 0, 0, 0, 0, 0, 0, 0, 2, 2, 3, 0, 2, 1, 2, 1, 4, 3, 6, 5, 3, 3, 2, 2, 4, 6, 572, 0, 0, 0, 0, 0, 0]",-1,-0.00016398554511717867,-1,0
3512,"[0, 2, 0, 1, 2, 4, 0, 2, 0, 1, 0, 0, 1, 0, 2, 0, 0, 0, 0, 0, 0, 0, 0, 0, 2, 0, 0, 0, 0, 0, 0, 0, 1, 1, 0, 1, 1, 0, 2, 2, 0, 0, 1, 0, 0, 0, 0, 1, 0, 0, 2, 2, 2, 0, 0, 0, 0, 0, 0, 0, 0, 0, 2, 2, 3, 0, 2, 1, 2, 1, 4, 3, 6, 5, 3, 3, 2, 2, 4, 6, 572, 0, 1, 0, 0, 0, 0]",2,0.4000000689807568,-1,0
3513,"[0, 2, 0, 1, 2, 4, 0, 2, 0, 1, 0, 0, 1, 0, 2, 0, 0, 0, 0, 0, 0, 0, 0, 0, 2, 0, 0, 0, 0, 0, 0, 0, 1, 1, 0, 1, 1, 0, 2, 2, 0, 0, 1, 0, 0, 0, 0, 1, 0, 0, 2, 2, 2, 0, 0, 0, 0, 0, 0, 0, 0, 0, 2, 2, 3, 0, 2, 1, 2, 1, 4, 3, 6, 5, 3, 3, 2, 2, 4, 6, 572, 0, 1, 0, 0, 1, 0]","[[0 1 0 0]
 [1 0 0 0]]",0.6504249340388477,-1,0
3514,"[0, 2, 0, 1, 2, 4, 0, 2, 0, 1, 0, 0, 1, 0, 2, 0, 0, 0, 0, 0, 0, 0, 0, 0, 2, 0, 0, 0, 0, 0, 0, 0, 1, 1, 0, 1, 1, 0, 2, 2, 0, 0, 1, 0, 0, 0, 0, 1, 0, 0, 2, 2, 2, 0, 0, 0, 0, 0, 0, 0, 0, 0, 2, 2, 3, 0, 2, 1, 2, 1, 4, 3, 6, 5, 3, 3, 2, 2, 4, 6, 572, 0, 0, 0, 0, 0, 0]",1,-44.92135948101504,-1,1
3515,"[0, 3, 0, 1, 2, 5, 0, 2, 0, 1, 0, 0, 1, 0, 2, 0, 0, 0, 0, 0, 0, 0, 0, 0, 2, 0, 0, 0, 0, 0, 0, 0, 1, 1, 0, 1, 1, 0, 2, 2, 0, 0, 1, 0, 0, 0, 0, 1, 0, 0, 2, 2, 2, 0, 0, 0, 0, 0, 0, 0, 0, 0, 2, 2, 3, 0, 2, 1, 2, 1, 4, 3, 6, 5, 3, 3, 2, 2, 4, 6, 573, 0, 0, 0, 0, 0, 0]",4,13.893802594639256,-1,0
3516,"[0, 4, 0, 1, 2, 6, 0, 2, 0, 1, 0, 0, 1, 0, 2, 0, 0, 0, 0, 0, 0, 0, 0, 0, 2, 0, 0, 0, 0, 0, 0, 0, 1, 1, 0, 1, 1, 0, 2, 2, 0, 0, 1, 0, 0, 0, 0, 1, 0, 0, 2, 2, 2, 0, 0, 0, 0, 0, 0, 0, 0, 0, 2, 2, 3, 0, 2, 1, 2, 1, 4, 3, 6, 5, 3, 3, 2, 2, 4, 6, 574, 0, 0, 0, 0, 0, 0]",4,12.546022943399954,-1,1
3517,"[0, 4, 0, 1, 2, 6, 0, 2, 0, 1, 0, 0, 1, 0, 2, 0, 0, 0, 0, 0, 0, 0, 0, 0, 2, 0, 0, 0, 0, 0, 0, 0, 1, 1, 0, 1, 1, 0, 2, 2, 0, 0, 1, 0, 0, 0, 0, 1, 0, 0, 2, 2, 2, 0, 0, 0, 0, 0, 0, 0, 0, 0, 2, 2, 3, 0, 2, 1, 2, 1, 4, 3, 6, 5, 3, 3, 2, 2, 4, 6, 574, 0, 1, 0, 0, 0, 0]",2,0.4000000636772659,-1,0
3518,"[0, 4, 0, 1, 2, 6, 0, 2, 0, 1, 0, 0, 1, 0, 2, 0, 0, 0, 0, 0, 0, 0, 0, 0, 2, 0, 0, 0, 0, 0, 0, 0, 1, 1, 0, 1, 1, 0, 2, 2, 0, 0, 1, 0, 0, 0, 0, 1, 0, 0, 2, 2, 2, 0, 0, 0, 0, 0, 0, 0, 0, 0, 2, 2, 3, 0, 2, 1, 2, 1, 4, 3, 6, 5, 3, 3, 2, 2, 4, 6, 574, 0, 1, 0, 0, 1, 0]","[[0 0 0 1]
 [1 0 0 0]]",0.6504249287353568,-1,0
3519,"[1, 4, 0, 0, 1, 6, 0, 3, 0, 1, 0, 0, 1, 0, 2, 0, 0, 0, 0, 0, 0, 0, 0, 0, 2, 0, 0, 0, 0, 0, 0, 0, 1, 1, 0, 1, 1, 0, 2, 2, 0, 0, 1, 0, 0, 0, 0, 1, 0, 0, 2, 2, 2, 0, 0, 0, 0, 0, 0, 0, 0, 0, 2, 2, 3, 0, 2, 1, 2, 1, 4, 3, 6, 5, 3, 3, 2, 2, 4, 6, 574, 0, 0, 0, 0, 0, 0]",0,-0.19999993632273408,-1,1
3520,"[1, 4, 0, 0, 1, 6, 0, 3, 0, 1, 0, 0, 1, 0, 2, 0, 0, 0, 0, 0, 0, 0, 0, 0, 2, 0, 0, 0, 0, 0, 0, 0, 1, 1, 0, 1, 1, 0, 2, 2, 0, 0, 1, 0, 0, 0, 0, 1, 0, 0, 2, 2, 2, 0, 0, 0, 0, 0, 0, 0, 0, 0, 2, 2, 3, 0, 2, 1, 2, 1, 4, 3, 6, 5, 3, 3, 2, 2, 4, 6, 574, 0, 0, 0, 0, 0, 0]",0,0.24271893610083903,-1,0
3521,"[1, 4, 0, 0, 1, 6, 0, 3, 0, 1, 0, 0, 1, 0, 2, 0, 0, 0, 0, 0, 0, 0, 0, 0, 2, 0, 0, 0, 0, 0, 0, 0, 1, 1, 0, 1, 1, 0, 2, 2, 0, 0, 1, 0, 0, 0, 0, 1, 0, 0, 2, 2, 2, 0, 0, 0, 0, 0, 0, 0, 0, 0, 2, 2, 3, 0, 2, 1, 2, 1, 4, 3, 6, 5, 3, 3, 2, 2, 4, 6, 574, 0, 0, 0, 0, 0, 0]",-1,-0.0001607384137653435,-1,0
3522,"[1, 4, 0, 0, 1, 6, 0, 3, 0, 1, 0, 0, 1, 0, 2, 0, 0, 0, 0, 0, 0, 0, 0, 0, 2, 0, 0, 0, 0, 0, 0, 0, 1, 1, 0, 1, 1, 0, 2, 2, 0, 0, 1, 0, 0, 0, 0, 1, 0, 0, 2, 2, 2, 0, 0, 0, 0, 0, 0, 0, 0, 0, 2, 2, 3, 0, 2, 1, 2, 1, 4, 3, 6, 5, 3, 3, 2, 2, 4, 6, 574, 0, 0, 0, 0, 0, 0]",0,0.24271893610083903,-1,0
3523,"[1, 4, 0, 0, 1, 6, 0, 3, 0, 1, 0, 0, 1, 0, 2, 0, 0, 0, 0, 0, 0, 0, 0, 0, 2, 0, 0, 0, 0, 0, 0, 0, 1, 1, 0, 1, 1, 0, 2, 2, 0, 0, 1, 0, 0, 0, 0, 1, 0, 0, 2, 2, 2, 0, 0, 0, 0, 0, 0, 0, 0, 0, 2, 2, 3, 0, 2, 1, 2, 1, 4, 3, 6, 5, 3, 3, 2, 2, 4, 6, 574, 0, 0, 0, 0, 0, 0]",-1,-0.0001607384137653435,-1,0
3524,"[1, 4, 0, 0, 1, 6, 0, 3, 0, 1, 0, 0, 1, 0, 2, 0, 0, 0, 0, 0, 0, 0, 0, 0, 2, 0, 0, 0, 0, 0, 0, 0, 1, 1, 0, 1, 1, 0, 2, 2, 0, 0, 1, 0, 0, 0, 0, 1, 0, 0, 2, 2, 2, 0, 0, 0, 0, 0, 0, 0, 0, 0, 2, 2, 3, 0, 2, 1, 2, 1, 4, 3, 6, 5, 3, 3, 2, 2, 4, 6, 574, 0, 0, 0, 0, 0, 0]",0,0.24271893610083903,-1,0
3525,"[1, 4, 0, 0, 1, 6, 0, 3, 0, 1, 0, 0, 1, 0, 2, 0, 0, 0, 0, 0, 0, 0, 0, 0, 2, 0, 0, 0, 0, 0, 0, 0, 1, 1, 0, 1, 1, 0, 2, 2, 0, 0, 1, 0, 0, 0, 0, 1, 0, 0, 2, 2, 2, 0, 0, 0, 0, 0, 0, 0, 0, 0, 2, 2, 3, 0, 2, 1, 2, 1, 4, 3, 6, 5, 3, 3, 2, 2, 4, 6, 574, 0, 0, 0, 0, 0, 0]",-1,-0.0001607384137653435,-1,0
3526,"[1, 4, 0, 0, 1, 6, 0, 3, 0, 1, 0, 0, 1, 0, 2, 0, 0, 0, 0, 0, 0, 0, 0, 0, 2, 0, 0, 0, 0, 0, 0, 0, 1, 1, 0, 1, 1, 0, 2, 2, 0, 0, 1, 0, 0, 0, 0, 1, 0, 0, 2, 2, 2, 0, 0, 0, 0, 0, 0, 0, 0, 0, 2, 2, 3, 0, 2, 1, 2, 1, 4, 3, 6, 5, 3, 3, 2, 2, 4, 6, 574, 0, 0, 0, 0, 0, 0]",0,0.24271893610083903,-1,0
3527,"[1, 4, 0, 0, 1, 6, 0, 3, 0, 1, 0, 0, 1, 0, 2, 0, 0, 0, 0, 0, 0, 0, 0, 0, 2, 0, 0, 0, 0, 0, 0, 0, 1, 1, 0, 1, 1, 0, 2, 2, 0, 0, 1, 0, 0, 0, 0, 1, 0, 0, 2, 2, 2, 0, 0, 0, 0, 0, 0, 0, 0, 0, 2, 2, 3, 0, 2, 1, 2, 1, 4, 3, 6, 5, 3, 3, 2, 2, 4, 6, 574, 0, 0, 0, 0, 0, 0]",-1,-0.0001607384137653435,-1,0
3528,"[1, 4, 0, 0, 1, 6, 0, 3, 0, 1, 0, 0, 1, 0, 2, 0, 0, 0, 0, 0, 0, 0, 0, 0, 2, 0, 0, 0, 0, 0, 0, 0, 1, 1, 0, 1, 1, 0, 2, 2, 0, 0, 1, 0, 0, 0, 0, 1, 0, 0, 2, 2, 2, 0, 0, 0, 0, 0, 0, 0, 0, 0, 2, 2, 3, 0, 2, 1, 2, 1, 4, 3, 6, 5, 3, 3, 2, 2, 4, 6, 574, 0, 0, 0, 0, 0, 0]",0,0.24271893610083903,-1,0
3529,"[1, 4, 0, 0, 1, 6, 0, 3, 0, 1, 0, 0, 1, 0, 2, 0, 0, 0, 0, 0, 0, 0, 0, 0, 2, 0, 0, 0, 0, 0, 0, 0, 1, 1, 0, 1, 1, 0, 2, 2, 0, 0, 1, 0, 0, 0, 0, 1, 0, 0, 2, 2, 2, 0, 0, 0, 0, 0, 0, 0, 0, 0, 2, 2, 3, 0, 2, 1, 2, 1, 4, 3, 6, 5, 3, 3, 2, 2, 4, 6, 574, 0, 0, 0, 0, 0, 0]",-1,-0.0001607384137653435,-1,0
3530,"[1, 4, 0, 0, 1, 6, 0, 3, 0, 1, 0, 0, 1, 0, 2, 0, 0, 0, 0, 0, 0, 0, 0, 0, 2, 0, 0, 0, 0, 0, 0, 0, 1, 1, 0, 1, 1, 0, 2, 2, 0, 0, 1, 0, 0, 0, 0, 1, 0, 0, 2, 2, 2, 0, 0, 0, 0, 0, 0, 0, 0, 0, 2, 2, 3, 0, 2, 1, 2, 1, 4, 3, 6, 5, 3, 3, 2, 2, 4, 6, 574, 0, 0, 0, 0, 0, 0]",0,0.24271893610083903,-1,0
3531,"[1, 4, 0, 0, 1, 6, 0, 3, 0, 1, 0, 0, 1, 0, 2, 0, 0, 0, 0, 0, 0, 0, 0, 0, 2, 0, 0, 0, 0, 0, 0, 0, 1, 1, 0, 1, 1, 0, 2, 2, 0, 0, 1, 0, 0, 0, 0, 1, 0, 0, 2, 2, 2, 0, 0, 0, 0, 0, 0, 0, 0, 0, 2, 2, 3, 0, 2, 1, 2, 1, 4, 3, 6, 5, 3, 3, 2, 2, 4, 6, 574, 0, 0, 0, 0, 0, 0]",-1,-0.0001607384137653435,-1,0
3532,"[1, 4, 0, 0, 1, 6, 0, 3, 0, 1, 0, 0, 1, 0, 2, 0, 0, 0, 0, 0, 0, 0, 0, 0, 2, 0, 0, 0, 0, 0, 0, 0, 1, 1, 0, 1, 1, 0, 2, 2, 0, 0, 1, 0, 0, 0, 0, 1, 0, 0, 2, 2, 2, 0, 0, 0, 0, 0, 0, 0, 0, 0, 2, 2, 3, 0, 2, 1, 2, 1, 4, 3, 6, 5, 3, 3, 2, 2, 4, 6, 574, 0, 0, 0, 0, 0, 0]",0,0.24271893610083903,-1,0
3533,"[1, 4, 0, 0, 1, 6, 0, 3, 0, 1, 0, 0, 1, 0, 2, 0, 0, 0, 0, 0, 0, 0, 0, 0, 2, 0, 0, 0, 0, 0, 0, 0, 1, 1, 0, 1, 1, 0, 2, 2, 0, 0, 1, 0, 0, 0, 0, 1, 0, 0, 2, 2, 2, 0, 0, 0, 0, 0, 0, 0, 0, 0, 2, 2, 3, 0, 2, 1, 2, 1, 4, 3, 6, 5, 3, 3, 2, 2, 4, 6, 574, 0, 0, 0, 0, 0, 0]",-1,-0.0001607384137653435,-1,0
3534,"[1, 4, 0, 0, 1, 6, 0, 3, 0, 1, 0, 0, 1, 0, 2, 0, 0, 0, 0, 0, 0, 0, 0, 0, 2, 0, 0, 0, 0, 0, 0, 0, 1, 1, 0, 1, 1, 0, 2, 2, 0, 0, 1, 0, 0, 0, 0, 1, 0, 0, 2, 2, 2, 0, 0, 0, 0, 0, 0, 0, 0, 0, 2, 2, 3, 0, 2, 1, 2, 1, 4, 3, 6, 5, 3, 3, 2, 2, 4, 6, 574, 0, 0, 0, 0, 0, 0]",0,0.24271893610083903,-1,0
3535,"[1, 4, 0, 0, 1, 6, 0, 3, 0, 1, 0, 0, 1, 0, 2, 0, 0, 0, 0, 0, 0, 0, 0, 0, 2, 0, 0, 0, 0, 0, 0, 0, 1, 1, 0, 1, 1, 0, 2, 2, 0, 0, 1, 0, 0, 0, 0, 1, 0, 0, 2, 2, 2, 0, 0, 0, 0, 0, 0, 0, 0, 0, 2, 2, 3, 0, 2, 1, 2, 1, 4, 3, 6, 5, 3, 3, 2, 2, 4, 6, 574, 0, 0, 0, 0, 0, 0]",-1,-0.0001607384137653435,-1,0
3536,"[1, 2, 0, 0, 1, 3, 0, 1, 0, 1, 0, 0, 1, 0, 2, 0, 0, 0, 0, 0, 0, 0, 0, 0, 2, 0, 0, 0, 0, 0, 0, 0, 1, 1, 0, 1, 1, 0, 2, 2, 0, 0, 1, 0, 0, 0, 0, 1, 0, 0, 2, 2, 2, 0, 0, 0, 0, 0, 0, 0, 0, 0, 2, 2, 3, 0, 2, 1, 2, 1, 4, 3, 6, 5, 3, 3, 2, 2, 4, 3, 575, 0, 0, 0, 0, 0, 0]",4,14.055990179827958,-1,0
3537,"[1, 2, 0, 0, 1, 3, 0, 1, 0, 1, 0, 0, 1, 0, 2, 0, 0, 0, 0, 0, 0, 0, 0, 0, 2, 0, 0, 0, 0, 0, 0, 0, 1, 1, 0, 1, 1, 0, 2, 2, 0, 0, 1, 0, 0, 0, 0, 1, 0, 0, 2, 2, 2, 0, 0, 0, 0, 0, 0, 0, 0, 0, 2, 2, 3, 0, 2, 1, 2, 1, 4, 3, 6, 5, 3, 3, 2, 2, 4, 3, 575, 0, 0, 0, 0, 0, 0]",-1,-0.00015913903982548336,-1,1
3538,"[1, 2, 0, 0, 1, 3, 0, 1, 0, 1, 0, 0, 1, 0, 2, 0, 0, 0, 0, 0, 0, 0, 0, 0, 2, 0, 0, 0, 0, 0, 0, 0, 1, 1, 0, 1, 1, 0, 2, 2, 0, 0, 1, 0, 0, 0, 0, 1, 0, 0, 2, 2, 2, 0, 0, 0, 0, 0, 0, 0, 0, 0, 2, 2, 3, 0, 2, 1, 2, 1, 4, 3, 6, 5, 3, 3, 2, 2, 4, 3, 575, 0, 0, 0, 0, 0, 0]",-1,-0.00015913903982548336,-1,1
3539,"[1, 1, 0, 0, 1, 1, 0, 1, 0, 1, 0, 0, 1, 0, 2, 0, 0, 0, 0, 0, 0, 0, 0, 0, 2, 0, 0, 0, 0, 0, 0, 0, 1, 1, 0, 1, 1, 0, 2, 2, 0, 0, 1, 0, 0, 0, 0, 1, 0, 0, 2, 2, 2, 0, 0, 0, 0, 0, 0, 0, 0, 0, 2, 2, 3, 0, 2, 1, 2, 1, 4, 3, 6, 5, 3, 3, 2, 2, 4, 1, 576, 0, 0, 0, 0, 0, 0]",4,13.133711620871303,-1,1
3540,"[1, 1, 0, 0, 1, 1, 0, 2, 0, 1, 0, 0, 1, 0, 2, 0, 0, 0, 0, 0, 0, 0, 0, 0, 2, 0, 0, 0, 0, 0, 0, 0, 1, 1, 0, 1, 1, 0, 2, 2, 0, 0, 1, 0, 0, 0, 0, 1, 0, 0, 2, 2, 2, 0, 0, 0, 0, 0, 0, 0, 0, 0, 2, 2, 3, 0, 2, 1, 2, 1, 4, 3, 6, 5, 3, 3, 2, 2, 4, 1, 577, 0, 0, 0, 0, 0, 0]",4,14.259778338930293,-1,0
3541,"[1, 1, 0, 0, 1, 1, 0, 2, 0, 1, 0, 0, 1, 0, 2, 0, 0, 0, 0, 0, 0, 0, 0, 0, 2, 0, 0, 0, 0, 0, 0, 0, 1, 1, 0, 1, 1, 0, 2, 2, 0, 0, 1, 0, 0, 0, 0, 1, 0, 0, 2, 2, 2, 0, 0, 0, 0, 0, 0, 0, 0, 0, 2, 2, 3, 0, 2, 1, 2, 1, 4, 3, 6, 5, 3, 3, 2, 2, 4, 1, 578, 0, 0, 0, 0, 0, 0]",4,12.974080593387447,-1,1
3542,"[1, 1, 0, 0, 1, 1, 0, 2, 0, 1, 0, 0, 1, 0, 2, 0, 0, 0, 0, 0, 0, 0, 0, 0, 2, 0, 0, 0, 0, 0, 0, 0, 1, 1, 0, 1, 1, 0, 2, 2, 0, 0, 1, 0, 0, 0, 0, 1, 0, 0, 2, 2, 2, 0, 0, 0, 0, 0, 0, 0, 0, 0, 2, 2, 3, 0, 2, 1, 2, 1, 4, 3, 6, 5, 3, 3, 2, 2, 4, 1, 578, 1, 0, 0, 0, 0, 0]",3,0.20000005426218923,-1,0
3543,"[1, 1, 0, 0, 1, 1, 0, 2, 0, 1, 0, 0, 1, 0, 2, 0, 0, 0, 0, 0, 0, 0, 0, 0, 2, 0, 0, 0, 0, 0, 0, 0, 1, 1, 0, 1, 1, 0, 2, 2, 0, 0, 1, 0, 0, 0, 0, 1, 0, 0, 2, 2, 2, 0, 0, 0, 0, 0, 0, 0, 0, 0, 2, 2, 3, 0, 2, 1, 2, 1, 4, 3, 6, 5, 3, 3, 2, 2, 4, 1, 578, 0, 0, 0, 0, 0, 0]",-1,-0.00015443577041183846,-1,0
3544,"[1, 1, 0, 0, 1, 1, 0, 2, 0, 1, 0, 0, 1, 0, 2, 0, 0, 0, 0, 0, 0, 0, 0, 0, 2, 0, 0, 0, 0, 0, 0, 0, 1, 1, 0, 1, 1, 0, 2, 2, 0, 0, 1, 0, 0, 0, 0, 1, 0, 0, 2, 2, 2, 0, 0, 0, 0, 0, 0, 0, 0, 0, 2, 2, 3, 0, 2, 1, 2, 1, 4, 3, 6, 5, 3, 3, 2, 2, 4, 1, 578, 1, 0, 0, 0, 0, 0]",3,0.20000005426218923,-1,0
3545,"[1, 1, 0, 0, 1, 1, 0, 2, 0, 1, 0, 0, 1, 0, 2, 0, 0, 0, 0, 0, 0, 0, 0, 0, 2, 0, 0, 0, 0, 0, 0, 0, 1, 1, 0, 1, 1, 0, 2, 2, 0, 0, 1, 0, 0, 0, 0, 1, 0, 0, 2, 2, 2, 0, 0, 0, 0, 0, 0, 0, 0, 0, 2, 2, 3, 0, 2, 1, 2, 1, 4, 3, 6, 5, 3, 3, 2, 2, 4, 1, 578, 0, 0, 0, 0, 0, 0]",-1,-0.00015443577041183846,-1,0
3546,"[1, 1, 0, 0, 1, 1, 0, 2, 0, 1, 0, 0, 1, 0, 2, 0, 0, 0, 0, 0, 0, 0, 0, 0, 2, 0, 0, 0, 0, 0, 0, 0, 1, 1, 0, 1, 1, 0, 2, 2, 0, 0, 1, 0, 0, 0, 0, 1, 0, 0, 2, 2, 2, 0, 0, 0, 0, 0, 0, 0, 0, 0, 2, 2, 3, 0, 2, 1, 2, 1, 4, 3, 6, 5, 3, 3, 2, 2, 4, 1, 578, 0, 1, 0, 0, 0, 0]",2,0.4000000542621892,-1,0
3547,"[1, 1, 0, 0, 1, 1, 0, 2, 0, 1, 0, 0, 1, 0, 2, 0, 0, 0, 0, 0, 0, 0, 0, 0, 2, 0, 0, 0, 0, 0, 0, 0, 1, 1, 0, 1, 1, 0, 2, 2, 0, 0, 1, 0, 0, 0, 0, 1, 0, 0, 2, 2, 2, 0, 0, 0, 0, 0, 0, 0, 0, 0, 2, 2, 3, 0, 2, 1, 2, 1, 4, 3, 6, 5, 3, 3, 2, 2, 4, 1, 578, 0, 1, 0, 0, 1, 0]","[[1 0 0 0]
 [0 0 0 1]]",0.6504249193202801,-1,0
3548,"[1, 1, 0, 0, 1, 1, 0, 2, 0, 1, 0, 0, 1, 0, 2, 0, 0, 0, 0, 0, 0, 0, 0, 0, 2, 0, 0, 0, 0, 0, 0, 0, 1, 1, 0, 1, 1, 0, 2, 2, 0, 0, 1, 0, 0, 0, 0, 1, 0, 0, 2, 2, 2, 0, 0, 0, 0, 0, 0, 0, 0, 0, 2, 2, 3, 0, 2, 1, 2, 1, 4, 3, 6, 5, 3, 3, 2, 2, 4, 1, 578, 0, 1, 0, 0, 0, 1]",2,-0.1999999457378108,-1,1
3549,"[1, 1, 0, 0, 1, 1, 0, 2, 0, 1, 0, 0, 1, 0, 2, 0, 0, 0, 0, 0, 0, 0, 0, 0, 2, 0, 0, 0, 0, 0, 0, 0, 1, 1, 0, 1, 1, 0, 2, 2, 0, 0, 1, 0, 0, 0, 0, 1, 0, 0, 2, 2, 2, 0, 0, 0, 0, 0, 0, 0, 0, 0, 2, 2, 3, 0, 2, 1, 2, 1, 4, 3, 6, 5, 3, 3, 2, 2, 4, 1, 578, 0, 0, 1, 0, 0, 0]","[[0 0 0 1]
 [1 1 0 0]]",-0.1999999457378108,-1,1
3550,"[1, 1, 0, 0, 1, 1, 0, 2, 0, 1, 0, 0, 1, 0, 2, 0, 0, 0, 0, 0, 0, 0, 0, 0, 2, 0, 0, 0, 0, 0, 0, 0, 1, 1, 0, 1, 1, 0, 2, 2, 0, 0, 1, 0, 0, 0, 0, 1, 0, 0, 2, 2, 2, 0, 0, 0, 0, 0, 0, 0, 0, 0, 2, 2, 3, 0, 2, 1, 2, 1, 4, 3, 6, 5, 3, 3, 2, 2, 4, 1, 578, 0, 0, 0, 0, 0, 0]",1,-11.782022555428838,-1,0
3551,"[1, 1, 0, 0, 1, 1, 0, 2, 0, 1, 0, 0, 1, 0, 2, 0, 0, 0, 0, 0, 0, 0, 0, 0, 2, 0, 0, 0, 0, 0, 0, 0, 1, 1, 0, 1, 1, 0, 2, 2, 0, 0, 1, 0, 0, 0, 0, 1, 0, 0, 2, 2, 2, 0, 0, 0, 0, 0, 0, 0, 0, 0, 2, 2, 3, 0, 2, 1, 2, 1, 4, 3, 6, 5, 3, 3, 2, 2, 4, 1, 578, 1, 0, 0, 0, 0, 0]",3,0.20000005426218923,-1,0
3552,"[1, 1, 0, 0, 1, 1, 0, 2, 0, 1, 0, 0, 1, 0, 2, 0, 0, 0, 0, 0, 0, 0, 0, 0, 2, 0, 0, 0, 0, 0, 0, 0, 1, 1, 0, 1, 1, 0, 2, 2, 0, 0, 1, 0, 0, 0, 0, 1, 0, 0, 2, 2, 2, 0, 0, 0, 0, 0, 0, 0, 0, 0, 2, 2, 3, 0, 2, 1, 2, 1, 4, 3, 6, 5, 3, 3, 2, 2, 4, 1, 578, 0, 0, 0, 0, 0, 0]",-1,-0.00015443577041183846,-1,0
3553,"[1, 1, 0, 0, 1, 1, 0, 1, 0, 1, 0, 0, 1, 0, 2, 0, 0, 0, 0, 0, 0, 0, 0, 0, 2, 0, 0, 0, 0, 0, 0, 0, 1, 1, 0, 1, 1, 0, 2, 2, 0, 0, 1, 0, 0, 0, 0, 1, 0, 0, 2, 2, 2, 0, 0, 0, 0, 0, 0, 0, 0, 0, 2, 2, 3, 0, 2, 1, 2, 1, 4, 3, 6, 5, 3, 3, 2, 2, 4, 2, 579, 0, 0, 0, 0, 0, 0]",4,14.25977209496914,-1,0
3554,"[1, 1, 0, 0, 1, 1, 0, 1, 0, 1, 0, 0, 1, 0, 2, 0, 0, 0, 0, 0, 0, 0, 0, 0, 2, 0, 0, 0, 0, 0, 0, 0, 1, 1, 0, 1, 1, 0, 2, 2, 0, 0, 1, 0, 0, 0, 0, 1, 0, 0, 2, 2, 2, 0, 0, 0, 0, 0, 0, 0, 0, 0, 2, 2, 3, 0, 2, 1, 2, 1, 4, 3, 6, 5, 3, 3, 2, 2, 4, 2, 579, 0, 0, 0, 0, 0, 0]",-1,-0.00015289910882116536,-1,1
3555,"[1, 1, 0, 0, 1, 1, 0, 1, 0, 1, 0, 0, 1, 0, 2, 0, 0, 0, 0, 0, 0, 0, 0, 0, 2, 0, 0, 0, 0, 0, 0, 0, 1, 1, 0, 1, 1, 0, 2, 2, 0, 0, 1, 0, 0, 0, 0, 1, 0, 0, 2, 2, 2, 0, 0, 0, 0, 0, 0, 0, 0, 0, 2, 2, 3, 0, 2, 1, 2, 1, 4, 3, 6, 5, 3, 3, 2, 2, 4, 2, 579, 0, 0, 0, 0, 0, 0]",-1,-0.00015289910882116536,-1,1
3556,"[1, 1, 0, 0, 1, 1, 0, 1, 0, 1, 0, 0, 1, 0, 2, 0, 0, 0, 0, 0, 0, 0, 0, 0, 2, 0, 0, 0, 0, 0, 0, 0, 1, 1, 0, 1, 1, 0, 2, 2, 0, 0, 1, 0, 0, 0, 0, 1, 0, 0, 2, 2, 2, 0, 0, 0, 0, 0, 0, 0, 0, 0, 2, 2, 3, 0, 2, 1, 2, 1, 4, 3, 6, 5, 3, 3, 2, 2, 4, 4, 580, 0, 0, 0, 0, 0, 0]",4,13.133699132318082,-1,1
3557,"[1, 1, 0, 0, 1, 1, 0, 1, 0, 1, 0, 0, 1, 0, 2, 0, 0, 0, 0, 0, 0, 0, 0, 0, 2, 0, 0, 0, 0, 0, 0, 0, 1, 1, 0, 1, 1, 0, 2, 2, 0, 0, 1, 0, 0, 0, 0, 1, 0, 0, 2, 2, 2, 0, 0, 0, 0, 0, 0, 0, 0, 0, 2, 2, 3, 0, 2, 1, 2, 1, 4, 3, 6, 5, 3, 3, 2, 2, 4, 4, 580, 0, 1, 0, 0, 0, 0]",2,0.40000005009031486,-1,0
3558,"[1, 1, 0, 0, 1, 1, 0, 1, 0, 1, 0, 0, 1, 0, 2, 0, 0, 0, 0, 0, 0, 0, 0, 0, 2, 0, 0, 0, 0, 0, 0, 0, 1, 1, 0, 1, 1, 0, 2, 2, 0, 0, 1, 0, 0, 0, 0, 1, 0, 0, 2, 2, 2, 0, 0, 0, 0, 0, 0, 0, 0, 0, 2, 2, 3, 0, 2, 1, 2, 1, 4, 3, 6, 5, 3, 3, 2, 2, 4, 4, 580, 0, 1, 0, 0, 1, 0]","[[1 0 0 0]
 [0 0 0 1]]",0.6504249151484058,-1,0
3559,"[1, 1, 0, 0, 1, 1, 0, 1, 0, 1, 0, 0, 1, 0, 2, 0, 0, 0, 0, 0, 0, 0, 0, 0, 2, 0, 0, 0, 0, 0, 0, 0, 1, 1, 0, 1, 1, 0, 2, 2, 0, 0, 1, 0, 0, 0, 0, 1, 0, 0, 2, 2, 2, 0, 0, 0, 0, 0, 0, 0, 0, 0, 2, 2, 3, 0, 2, 1, 2, 1, 4, 3, 6, 5, 3, 3, 2, 2, 4, 4, 580, 0, 1, 0, 0, 0, 1]",2,-0.19999994990968512,-1,1
3560,"[1, 1, 0, 0, 1, 1, 0, 1, 0, 1, 0, 0, 1, 0, 2, 0, 0, 0, 0, 0, 0, 0, 0, 0, 2, 0, 0, 0, 0, 0, 0, 0, 1, 1, 0, 1, 1, 0, 2, 2, 0, 0, 1, 0, 0, 0, 0, 1, 0, 0, 2, 2, 2, 0, 0, 0, 0, 0, 0, 0, 0, 0, 2, 2, 3, 0, 2, 1, 2, 1, 4, 3, 6, 5, 3, 3, 2, 2, 4, 4, 580, 0, 0, 0, 0, 0, 0]",-1,-0.0001513777372687908,-1,1
3561,"[1, 1, 0, 0, 1, 1, 0, 1, 0, 1, 0, 0, 1, 0, 2, 0, 0, 0, 0, 0, 0, 0, 0, 0, 2, 0, 0, 0, 0, 0, 0, 0, 1, 1, 0, 1, 1, 0, 2, 2, 0, 0, 1, 0, 0, 0, 0, 1, 0, 0, 2, 2, 2, 0, 0, 0, 0, 0, 0, 0, 0, 0, 2, 2, 3, 0, 2, 1, 2, 1, 4, 3, 6, 5, 3, 3, 2, 2, 4, 4, 580, 1, 0, 0, 0, 0, 0]",3,0.2000000500903149,-1,0
3562,"[1, 1, 0, 0, 1, 1, 0, 1, 0, 1, 0, 0, 1, 0, 2, 0, 0, 0, 0, 0, 0, 0, 0, 0, 2, 0, 0, 0, 0, 0, 0, 0, 1, 1, 0, 1, 1, 0, 2, 2, 0, 0, 1, 0, 0, 0, 0, 1, 0, 0, 2, 2, 2, 0, 0, 0, 0, 0, 0, 0, 0, 0, 2, 2, 3, 0, 2, 1, 2, 1, 4, 3, 6, 5, 3, 3, 2, 2, 4, 4, 580, 0, 0, 0, 0, 0, 0]",-1,-0.0001513777372687908,-1,0
3563,"[1, 1, 0, 0, 1, 1, 0, 1, 0, 1, 0, 0, 1, 0, 2, 0, 0, 0, 0, 0, 0, 0, 0, 0, 2, 0, 0, 0, 0, 0, 0, 0, 1, 1, 0, 1, 1, 0, 2, 2, 0, 0, 1, 0, 0, 0, 0, 1, 0, 0, 2, 2, 2, 0, 0, 0, 0, 0, 0, 0, 0, 0, 2, 2, 3, 0, 2, 1, 2, 1, 4, 3, 6, 5, 3, 3, 2, 2, 4, 4, 580, 0, 1, 0, 0, 0, 0]",2,0.40000005009031486,-1,0
3564,"[1, 1, 0, 0, 1, 1, 0, 1, 0, 1, 0, 0, 1, 0, 2, 0, 0, 0, 0, 0, 0, 0, 0, 0, 2, 0, 0, 0, 0, 0, 0, 0, 1, 1, 0, 1, 1, 0, 2, 2, 0, 0, 1, 0, 0, 0, 0, 1, 0, 0, 2, 2, 2, 0, 0, 0, 0, 0, 0, 0, 0, 0, 2, 2, 3, 0, 2, 1, 2, 1, 4, 3, 6, 5, 3, 3, 2, 2, 4, 4, 580, 0, 1, 0, 0, 1, 0]","[[1 0 0 0]
 [0 0 0 1]]",0.6504249151484058,-1,0
3565,"[1, 1, 0, 0, 1, 1, 0, 1, 0, 1, 0, 0, 1, 0, 2, 0, 0, 0, 0, 0, 0, 0, 0, 0, 2, 0, 0, 0, 0, 0, 0, 0, 1, 1, 0, 1, 1, 0, 2, 2, 0, 0, 1, 0, 0, 0, 0, 1, 0, 0, 2, 2, 2, 0, 0, 0, 0, 0, 0, 0, 0, 0, 2, 2, 3, 0, 2, 1, 2, 1, 4, 3, 6, 5, 3, 3, 2, 2, 4, 4, 580, 0, 1, 0, 0, 0, 1]",2,-0.19999994990968512,-1,1
3566,"[1, 1, 0, 0, 1, 1, 0, 1, 0, 1, 0, 0, 1, 0, 2, 0, 0, 0, 0, 0, 0, 0, 0, 0, 2, 0, 0, 0, 0, 0, 0, 0, 1, 1, 0, 1, 1, 0, 2, 2, 0, 0, 1, 0, 0, 0, 0, 1, 0, 0, 2, 2, 2, 0, 0, 0, 0, 0, 0, 0, 0, 0, 2, 2, 3, 0, 2, 1, 2, 1, 4, 3, 6, 5, 3, 3, 2, 2, 4, 4, 580, 0, 0, 0, 0, 0, 0]",-1,-0.0001513777372687908,-1,1
3567,"[1, 1, 0, 0, 1, 1, 0, 1, 0, 1, 0, 0, 1, 0, 2, 0, 0, 0, 0, 0, 0, 0, 0, 0, 2, 0, 0, 0, 0, 0, 0, 0, 1, 1, 0, 1, 1, 0, 2, 2, 0, 0, 1, 0, 0, 0, 0, 1, 0, 0, 2, 2, 2, 0, 0, 0, 0, 0, 0, 0, 0, 0, 2, 2, 3, 0, 2, 1, 2, 1, 4, 3, 6, 5, 3, 3, 2, 2, 4, 4, 580, 1, 0, 0, 0, 0, 0]",3,0.2000000500903149,-1,0
3568,"[1, 1, 0, 0, 1, 1, 0, 1, 0, 1, 0, 0, 1, 0, 2, 0, 0, 0, 0, 0, 0, 0, 0, 0, 2, 0, 0, 0, 0, 0, 0, 0, 1, 1, 0, 1, 1, 0, 2, 2, 0, 0, 1, 0, 0, 0, 0, 1, 0, 0, 2, 2, 2, 0, 0, 0, 0, 0, 0, 0, 0, 0, 2, 2, 3, 0, 2, 1, 2, 1, 4, 3, 6, 5, 3, 3, 2, 2, 4, 4, 580, 0, 0, 0, 0, 0, 0]",-1,-0.0001513777372687908,-1,0
3569,"[1, 1, 0, 0, 1, 1, 0, 1, 0, 1, 0, 0, 1, 0, 2, 0, 0, 0, 0, 0, 0, 0, 0, 0, 2, 0, 0, 0, 0, 0, 0, 0, 1, 1, 0, 1, 1, 0, 2, 2, 0, 0, 1, 0, 0, 0, 0, 1, 0, 0, 2, 2, 2, 0, 0, 0, 0, 0, 0, 0, 0, 0, 2, 2, 3, 0, 2, 1, 2, 1, 4, 3, 6, 5, 3, 3, 2, 2, 4, 6, 581, 0, 0, 0, 0, 0, 0]",4,14.259765974894561,-1,0
3570,"[1, 1, 0, 0, 1, 1, 0, 1, 0, 1, 0, 0, 1, 0, 2, 0, 0, 0, 0, 0, 0, 0, 0, 0, 2, 0, 0, 0, 0, 0, 0, 0, 1, 1, 0, 1, 1, 0, 2, 2, 0, 0, 1, 0, 0, 0, 0, 1, 0, 0, 2, 2, 2, 0, 0, 0, 0, 0, 0, 0, 0, 0, 2, 2, 3, 0, 2, 1, 2, 1, 4, 3, 6, 5, 3, 3, 2, 2, 4, 6, 581, 0, 0, 0, 0, 0, 0]",-1,-0.00014987150361629145,-1,1
3571,"[1, 2, 0, 0, 1, 2, 0, 1, 0, 1, 0, 0, 1, 0, 2, 0, 0, 0, 0, 0, 0, 0, 0, 0, 2, 0, 0, 0, 0, 0, 0, 0, 1, 1, 0, 1, 1, 0, 2, 2, 0, 0, 1, 0, 0, 0, 0, 1, 0, 0, 2, 2, 2, 0, 0, 0, 0, 0, 0, 0, 0, 0, 2, 2, 3, 0, 2, 1, 2, 1, 4, 3, 6, 5, 3, 3, 2, 2, 4, 6, 582, 0, 0, 0, 0, 0, 0]",4,12.974068352620264,-1,1
3572,"[2, 2, 0, 0, 1, 3, 0, 1, 0, 1, 0, 0, 1, 0, 2, 0, 0, 0, 0, 0, 0, 0, 0, 0, 2, 0, 0, 0, 0, 0, 0, 0, 1, 1, 0, 1, 1, 0, 2, 2, 0, 0, 1, 0, 0, 0, 0, 1, 0, 0, 2, 2, 2, 0, 0, 0, 0, 0, 0, 0, 0, 0, 2, 2, 3, 0, 2, 1, 2, 1, 4, 3, 6, 5, 3, 3, 2, 2, 4, 6, 583, 0, 0, 0, 0, 0, 0]",4,14.016359473881783,-1,0
3573,"[3, 2, 0, 0, 1, 4, 0, 1, 0, 1, 0, 0, 1, 0, 2, 0, 0, 0, 0, 0, 0, 0, 0, 0, 2, 0, 0, 0, 0, 0, 0, 0, 1, 1, 0, 1, 1, 0, 2, 2, 0, 0, 1, 0, 0, 0, 0, 1, 0, 0, 2, 2, 2, 0, 0, 0, 0, 0, 0, 0, 0, 0, 2, 2, 3, 0, 2, 1, 2, 1, 4, 3, 6, 5, 3, 3, 2, 2, 4, 6, 584, 0, 0, 0, 0, 0, 0]",4,12.546062076971465,-1,1
3574,"[3, 2, 0, 0, 1, 4, 0, 1, 0, 1, 0, 0, 1, 0, 2, 0, 0, 0, 0, 0, 0, 0, 0, 0, 2, 0, 0, 0, 0, 0, 0, 0, 1, 1, 0, 1, 1, 0, 2, 2, 0, 0, 1, 0, 0, 0, 0, 1, 0, 0, 2, 2, 2, 0, 0, 0, 0, 0, 0, 0, 0, 0, 2, 2, 3, 0, 2, 1, 2, 1, 4, 3, 6, 5, 3, 3, 2, 2, 4, 6, 584, 1, 0, 0, 0, 0, 0]",3,0.2000000426841523,-1,0
3575,"[1, 2, 0, 1, 1, 4, 0, 1, 0, 1, 0, 0, 1, 0, 2, 0, 0, 0, 0, 0, 0, 0, 0, 0, 2, 0, 0, 0, 0, 0, 0, 0, 1, 1, 0, 1, 1, 0, 2, 2, 0, 0, 1, 0, 0, 0, 0, 1, 0, 0, 2, 2, 2, 0, 0, 0, 0, 0, 0, 0, 0, 0, 2, 2, 3, 0, 2, 1, 2, 1, 4, 3, 6, 5, 3, 3, 2, 2, 4, 6, 584, 0, 0, 0, 0, 0, 0]","[[2 0 0 0]
 [0 0 0 1]]",-0.19854227540480665,-1,0
3576,"[1, 2, 0, 1, 1, 4, 0, 1, 0, 1, 0, 0, 1, 0, 2, 0, 0, 0, 0, 0, 0, 0, 0, 0, 2, 0, 0, 0, 0, 0, 0, 0, 1, 1, 0, 1, 1, 0, 2, 2, 0, 0, 1, 0, 0, 0, 0, 1, 0, 0, 2, 2, 2, 0, 0, 0, 0, 0, 0, 0, 0, 0, 2, 2, 3, 0, 2, 1, 2, 1, 4, 3, 6, 5, 3, 3, 2, 2, 4, 6, 584, 1, 0, 0, 0, 0, 0]",3,0.2000000426841523,-1,0
3577,"[1, 2, 0, 1, 1, 4, 0, 1, 0, 1, 0, 0, 1, 0, 2, 0, 0, 0, 0, 0, 0, 0, 0, 0, 2, 0, 0, 0, 0, 0, 0, 0, 1, 1, 0, 1, 1, 0, 2, 2, 0, 0, 1, 0, 0, 0, 0, 1, 0, 0, 2, 2, 2, 0, 0, 0, 0, 0, 0, 0, 0, 0, 2, 2, 3, 0, 2, 1, 2, 1, 4, 3, 6, 5, 3, 3, 2, 2, 4, 6, 584, 0, 0, 0, 0, 0, 0]",-1,-0.00014544213129062921,-1,0
3578,"[1, 2, 0, 1, 1, 4, 0, 1, 0, 1, 0, 0, 1, 0, 2, 0, 0, 0, 0, 0, 0, 0, 0, 0, 2, 0, 0, 0, 0, 0, 0, 0, 1, 1, 0, 1, 1, 0, 2, 2, 0, 0, 1, 0, 0, 0, 0, 1, 0, 0, 2, 2, 2, 0, 0, 0, 0, 0, 0, 0, 0, 0, 2, 2, 3, 0, 2, 1, 2, 1, 4, 3, 6, 5, 3, 3, 2, 2, 4, 6, 584, 0, 1, 0, 0, 0, 0]",2,0.40000004268415223,-1,0
3579,"[1, 2, 0, 1, 1, 4, 0, 1, 0, 1, 0, 0, 1, 0, 2, 0, 0, 0, 0, 0, 0, 0, 0, 0, 2, 0, 0, 0, 0, 0, 0, 0, 1, 1, 0, 1, 1, 0, 2, 2, 0, 0, 1, 0, 0, 0, 0, 1, 0, 0, 2, 2, 2, 0, 0, 0, 0, 0, 0, 0, 0, 0, 2, 2, 3, 0, 2, 1, 2, 1, 4, 3, 6, 5, 3, 3, 2, 2, 4, 6, 584, 0, 0, 0, 0, 0, 0]",-1,-0.00014544213129062921,-1,0
3580,"[1, 2, 0, 1, 1, 4, 0, 1, 0, 1, 0, 0, 1, 0, 2, 0, 0, 0, 0, 0, 0, 0, 0, 0, 2, 0, 0, 0, 0, 0, 0, 0, 1, 1, 0, 1, 1, 0, 2, 2, 0, 0, 1, 0, 0, 0, 0, 1, 0, 0, 2, 2, 2, 0, 0, 0, 0, 0, 0, 0, 0, 0, 2, 2, 3, 0, 2, 1, 2, 1, 4, 3, 6, 5, 3, 3, 2, 2, 4, 6, 584, 1, 0, 0, 0, 0, 0]",3,0.2000000426841523,-1,0
3581,"[1, 2, 0, 1, 1, 4, 0, 1, 0, 1, 0, 0, 1, 0, 2, 0, 0, 0, 0, 0, 0, 0, 0, 0, 2, 0, 0, 0, 0, 0, 0, 0, 1, 1, 0, 1, 1, 0, 2, 2, 0, 0, 1, 0, 0, 0, 0, 1, 0, 0, 2, 2, 2, 0, 0, 0, 0, 0, 0, 0, 0, 0, 2, 2, 3, 0, 2, 1, 2, 1, 4, 3, 6, 5, 3, 3, 2, 2, 4, 6, 584, 0, 0, 0, 0, 0, 0]",-1,-0.00014544213129062921,-1,0
3582,"[1, 2, 0, 1, 1, 4, 0, 1, 0, 1, 0, 0, 1, 0, 2, 0, 0, 0, 0, 0, 0, 0, 0, 0, 2, 0, 0, 0, 0, 0, 0, 0, 1, 1, 0, 1, 1, 0, 2, 2, 0, 0, 1, 0, 0, 0, 0, 1, 0, 0, 2, 2, 2, 0, 0, 0, 0, 0, 0, 0, 0, 0, 2, 2, 3, 0, 2, 1, 2, 1, 4, 3, 6, 5, 3, 3, 2, 2, 4, 6, 585, 0, 0, 0, 0, 0, 0]",4,14.374059488646907,-1,0
3583,"[1, 2, 0, 1, 1, 4, 0, 1, 0, 1, 0, 0, 1, 0, 2, 0, 0, 0, 0, 0, 0, 0, 0, 0, 2, 0, 0, 0, 0, 0, 0, 0, 1, 1, 0, 1, 1, 0, 2, 2, 0, 0, 1, 0, 0, 0, 0, 1, 0, 0, 2, 2, 2, 0, 0, 0, 0, 0, 0, 0, 0, 0, 2, 2, 3, 0, 2, 1, 2, 1, 4, 3, 6, 5, 3, 3, 2, 2, 4, 6, 585, 0, 0, 0, 0, 0, 0]",-1,-0.00014399495790441203,-1,1
3584,"[1, 2, 0, 1, 1, 4, 0, 1, 0, 1, 0, 0, 1, 0, 2, 0, 0, 0, 0, 0, 0, 0, 0, 0, 2, 0, 0, 0, 0, 0, 0, 0, 1, 1, 0, 1, 1, 0, 2, 2, 0, 0, 1, 0, 0, 0, 0, 1, 0, 0, 2, 2, 2, 0, 0, 0, 0, 0, 0, 0, 0, 0, 2, 2, 3, 0, 2, 1, 2, 1, 4, 3, 6, 5, 3, 3, 2, 2, 4, 6, 585, 0, 0, 0, 0, 0, 0]",-1,-0.00014399495790441203,-1,1
3585,"[1, 3, 0, 1, 1, 5, 0, 1, 0, 1, 0, 0, 1, 0, 2, 0, 0, 0, 0, 0, 0, 0, 0, 0, 2, 0, 0, 0, 0, 0, 0, 0, 1, 1, 0, 1, 1, 0, 2, 2, 0, 0, 1, 0, 0, 0, 0, 1, 0, 0, 2, 2, 2, 0, 0, 0, 0, 0, 0, 0, 0, 0, 2, 2, 3, 0, 2, 1, 2, 1, 4, 3, 6, 5, 3, 3, 2, 2, 4, 6, 586, 0, 0, 0, 0, 0, 0]",4,12.436911290711178,-1,1
3586,"[1, 3, 0, 1, 1, 5, 0, 1, 0, 1, 0, 0, 1, 0, 2, 0, 0, 0, 0, 0, 0, 0, 0, 0, 2, 0, 0, 0, 0, 0, 0, 0, 1, 1, 0, 1, 1, 0, 2, 2, 0, 0, 1, 0, 0, 0, 0, 1, 0, 0, 2, 2, 2, 0, 0, 0, 0, 0, 0, 0, 0, 0, 2, 2, 3, 0, 2, 1, 2, 1, 4, 3, 6, 5, 3, 3, 2, 2, 4, 6, 586, 0, 1, 0, 0, 0, 0]",2,0.40000003940243933,-1,0
3587,"[1, 3, 0, 1, 1, 5, 0, 1, 0, 1, 0, 0, 1, 0, 2, 0, 0, 0, 0, 0, 0, 0, 0, 0, 2, 0, 0, 0, 0, 0, 0, 0, 1, 1, 0, 1, 1, 0, 2, 2, 0, 0, 1, 0, 0, 0, 0, 1, 0, 0, 2, 2, 2, 0, 0, 0, 0, 0, 0, 0, 0, 0, 2, 2, 3, 0, 2, 1, 2, 1, 4, 3, 6, 5, 3, 3, 2, 2, 4, 6, 586, 0, 0, 0, 0, 0, 0]",-1,-0.00014256218413398163,-1,0
3588,"[1, 3, 0, 1, 1, 5, 0, 1, 0, 1, 0, 0, 1, 0, 2, 0, 0, 0, 0, 0, 0, 0, 0, 0, 2, 0, 0, 0, 0, 0, 0, 0, 1, 1, 0, 1, 1, 0, 2, 2, 0, 0, 1, 0, 0, 0, 0, 1, 0, 0, 2, 2, 2, 0, 0, 0, 0, 0, 0, 0, 0, 0, 2, 2, 3, 0, 2, 1, 2, 1, 4, 3, 6, 5, 3, 3, 2, 2, 4, 6, 587, 0, 0, 0, 0, 0, 0]",4,14.113240628541147,-1,0
3589,"[1, 3, 0, 1, 1, 5, 0, 1, 0, 1, 0, 0, 1, 0, 2, 0, 0, 0, 0, 0, 0, 0, 0, 0, 2, 0, 0, 0, 0, 0, 0, 0, 1, 1, 0, 1, 1, 0, 2, 2, 0, 0, 1, 0, 0, 0, 0, 1, 0, 0, 2, 2, 2, 0, 0, 0, 0, 0, 0, 0, 0, 0, 2, 2, 3, 0, 2, 1, 2, 1, 4, 3, 6, 5, 3, 3, 2, 2, 4, 6, 587, 0, 1, 0, 0, 0, 0]",2,0.40000003785744787,-1,1
3590,"[1, 3, 0, 1, 1, 5, 0, 1, 0, 1, 0, 0, 1, 0, 2, 0, 0, 0, 0, 0, 0, 0, 0, 0, 2, 0, 0, 0, 0, 0, 0, 0, 1, 1, 0, 1, 1, 0, 2, 2, 0, 0, 1, 0, 0, 0, 0, 1, 0, 0, 2, 2, 2, 0, 0, 0, 0, 0, 0, 0, 0, 0, 2, 2, 3, 0, 2, 1, 2, 1, 4, 3, 6, 5, 3, 3, 2, 2, 4, 6, 587, 0, 1, 0, 0, 1, 0]","[[0 2 0 0]
 [1 3 0 1]]",2.189208982271189,-1,1
3591,"[0, 2, 0, 0, 2, 6, 0, 2, 0, 1, 0, 0, 1, 0, 2, 0, 0, 0, 0, 0, 0, 0, 0, 0, 2, 0, 0, 0, 0, 0, 0, 0, 1, 1, 0, 1, 1, 0, 2, 2, 0, 0, 1, 0, 0, 0, 0, 1, 0, 0, 2, 2, 2, 0, 0, 0, 0, 0, 0, 0, 0, 0, 2, 2, 3, 0, 2, 1, 2, 1, 4, 3, 6, 5, 3, 3, 2, 2, 4, 6, 587, 0, 0, 0, 0, 0, 0]",0,-0.19999996214255208,-1,0
3592,"[0, 2, 0, 0, 2, 6, 0, 2, 0, 1, 0, 0, 1, 0, 2, 0, 0, 0, 0, 0, 0, 0, 0, 0, 2, 0, 0, 0, 0, 0, 0, 0, 1, 1, 0, 1, 1, 0, 2, 2, 0, 0, 1, 0, 0, 0, 0, 1, 0, 0, 2, 2, 2, 0, 0, 0, 0, 0, 0, 0, 0, 0, 2, 2, 3, 0, 2, 1, 2, 1, 4, 3, 6, 5, 3, 3, 2, 2, 4, 6, 588, 0, 0, 0, 0, 0, 0]",4,12.545980495705766,-1,1
3593,"[0, 1, 0, 0, 1, 3, 0, 1, 0, 1, 0, 0, 1, 0, 2, 0, 0, 0, 0, 0, 0, 0, 0, 0, 2, 0, 0, 0, 0, 0, 0, 0, 1, 1, 0, 1, 1, 0, 2, 2, 0, 0, 1, 0, 0, 0, 0, 1, 0, 0, 2, 2, 2, 0, 0, 0, 0, 0, 0, 0, 0, 0, 2, 2, 3, 0, 2, 1, 2, 1, 4, 3, 6, 5, 3, 3, 2, 2, 4, 4, 589, 0, 0, 0, 0, 0, 0]",4,14.097021333391464,-1,0
3594,"[0, 1, 0, 0, 1, 3, 0, 1, 0, 1, 0, 0, 1, 0, 2, 0, 0, 0, 0, 0, 0, 0, 0, 0, 2, 0, 0, 0, 0, 0, 0, 0, 1, 1, 0, 1, 1, 0, 2, 2, 0, 0, 1, 0, 0, 0, 0, 1, 0, 0, 2, 2, 2, 0, 0, 0, 0, 0, 0, 0, 0, 0, 2, 2, 3, 0, 2, 1, 2, 1, 4, 3, 6, 5, 3, 3, 2, 2, 4, 4, 589, 1, 0, 0, 0, 0, 0]",3,0.2000000349468295,-1,1
3595,"[0, 1, 0, 0, 1, 3, 0, 1, 0, 1, 0, 0, 1, 0, 2, 0, 0, 0, 0, 0, 0, 0, 0, 0, 2, 0, 0, 0, 0, 0, 0, 0, 1, 1, 0, 1, 1, 0, 2, 2, 0, 0, 1, 0, 0, 0, 0, 1, 0, 0, 2, 2, 2, 0, 0, 0, 0, 0, 0, 0, 0, 0, 2, 2, 3, 0, 2, 1, 2, 1, 4, 3, 6, 5, 3, 3, 2, 2, 4, 4, 589, 0, 0, 0, 0, 0, 0]",-1,-0.00013834883484574256,-1,1
3596,"[0, 1, 0, 0, 1, 3, 0, 1, 0, 1, 0, 0, 1, 0, 2, 0, 0, 0, 0, 0, 0, 0, 0, 0, 2, 0, 0, 0, 0, 0, 0, 0, 1, 1, 0, 1, 1, 0, 2, 2, 0, 0, 1, 0, 0, 0, 0, 1, 0, 0, 2, 2, 2, 0, 0, 0, 0, 0, 0, 0, 0, 0, 2, 2, 3, 0, 2, 1, 2, 1, 4, 3, 6, 5, 3, 3, 2, 2, 4, 4, 590, 0, 0, 0, 0, 0, 0]",4,12.713232197561668,-1,1
3597,"[0, 1, 0, 0, 1, 3, 0, 2, 0, 1, 0, 0, 1, 0, 2, 0, 0, 0, 0, 0, 0, 0, 0, 0, 2, 0, 0, 0, 0, 0, 0, 0, 1, 1, 0, 1, 1, 0, 2, 2, 0, 0, 1, 0, 0, 0, 0, 1, 0, 0, 2, 2, 2, 0, 0, 0, 0, 0, 0, 0, 0, 0, 2, 2, 3, 0, 2, 1, 2, 1, 4, 3, 6, 5, 3, 3, 2, 2, 4, 4, 591, 0, 0, 0, 0, 0, 0]",4,14.097015796658997,-1,0
3598,"[0, 1, 0, 0, 1, 3, 0, 2, 0, 1, 0, 0, 1, 0, 2, 0, 0, 0, 0, 0, 0, 0, 0, 0, 2, 0, 0, 0, 0, 0, 0, 0, 1, 1, 0, 1, 1, 0, 2, 2, 0, 0, 1, 0, 0, 0, 0, 1, 0, 0, 2, 2, 2, 0, 0, 0, 0, 0, 0, 0, 0, 0, 2, 2, 3, 0, 2, 1, 2, 1, 4, 3, 6, 5, 3, 3, 2, 2, 4, 4, 591, 1, 0, 0, 0, 0, 0]",3,0.20000003225999002,-1,1
3599,"[0, 1, 0, 0, 1, 3, 0, 2, 0, 1, 0, 0, 1, 0, 2, 0, 0, 0, 0, 0, 0, 0, 0, 0, 2, 0, 0, 0, 0, 0, 0, 0, 1, 1, 0, 1, 1, 0, 2, 2, 0, 0, 1, 0, 0, 0, 0, 1, 0, 0, 2, 2, 2, 0, 0, 0, 0, 0, 0, 0, 0, 0, 2, 2, 3, 0, 2, 1, 2, 1, 4, 3, 6, 5, 3, 3, 2, 2, 4, 4, 591, 0, 0, 0, 0, 0, 0]",-1,-0.00013560934436933217,-1,1
3600,"[1, 1, 0, 0, 1, 4, 0, 2, 0, 1, 0, 0, 1, 0, 2, 0, 0, 0, 0, 0, 0, 0, 0, 0, 2, 0, 0, 0, 0, 0, 0, 0, 1, 1, 0, 1, 1, 0, 2, 2, 0, 0, 1, 0, 0, 0, 0, 1, 0, 0, 2, 2, 2, 0, 0, 0, 0, 0, 0, 0, 0, 0, 2, 2, 3, 0, 2, 1, 2, 1, 4, 3, 6, 5, 3, 3, 2, 2, 4, 4, 592, 0, 0, 0, 0, 0, 0]",4,12.628857331697441,-1,1
3601,"[1, 1, 0, 0, 1, 4, 0, 2, 0, 1, 0, 0, 1, 0, 2, 0, 0, 0, 0, 0, 0, 0, 0, 0, 2, 0, 0, 0, 0, 0, 0, 0, 1, 1, 0, 1, 1, 0, 2, 2, 0, 0, 1, 0, 0, 0, 0, 1, 0, 0, 2, 2, 2, 0, 0, 0, 0, 0, 0, 0, 0, 0, 2, 2, 3, 0, 2, 1, 2, 1, 4, 3, 6, 5, 3, 3, 2, 2, 4, 4, 592, 0, 0, 0, 0, 0, 0]",0,0.24271890341863098,-1,0
3602,"[1, 1, 0, 0, 1, 4, 0, 2, 0, 1, 0, 0, 1, 0, 2, 0, 0, 0, 0, 0, 0, 0, 0, 0, 2, 0, 0, 0, 0, 0, 0, 0, 1, 1, 0, 1, 1, 0, 2, 2, 0, 0, 1, 0, 0, 0, 0, 1, 0, 0, 2, 2, 2, 0, 0, 0, 0, 0, 0, 0, 0, 0, 2, 2, 3, 0, 2, 1, 2, 1, 4, 3, 6, 5, 3, 3, 2, 2, 4, 4, 592, 0, 0, 0, 0, 0, 0]",-1,-0.00013426000884769103,-1,0
3603,"[1, 1, 0, 0, 1, 4, 0, 2, 0, 1, 0, 0, 1, 0, 2, 0, 0, 0, 0, 0, 0, 0, 0, 0, 2, 0, 0, 0, 0, 0, 0, 0, 1, 1, 0, 1, 1, 0, 2, 2, 0, 0, 1, 0, 0, 0, 0, 1, 0, 0, 2, 2, 2, 0, 0, 0, 0, 0, 0, 0, 0, 0, 2, 2, 3, 0, 2, 1, 2, 1, 4, 3, 6, 5, 3, 3, 2, 2, 4, 4, 592, 0, 0, 0, 0, 0, 0]",0,0.24271890341863098,-1,0
3604,"[1, 1, 0, 0, 1, 4, 0, 2, 0, 1, 0, 0, 1, 0, 2, 0, 0, 0, 0, 0, 0, 0, 0, 0, 2, 0, 0, 0, 0, 0, 0, 0, 1, 1, 0, 1, 1, 0, 2, 2, 0, 0, 1, 0, 0, 0, 0, 1, 0, 0, 2, 2, 2, 0, 0, 0, 0, 0, 0, 0, 0, 0, 2, 2, 3, 0, 2, 1, 2, 1, 4, 3, 6, 5, 3, 3, 2, 2, 4, 4, 592, 0, 0, 0, 0, 0, 0]",-1,-0.00013426000884769103,-1,0
3605,"[1, 1, 0, 0, 1, 4, 0, 2, 0, 1, 0, 0, 1, 0, 2, 0, 0, 0, 0, 0, 0, 0, 0, 0, 2, 0, 0, 0, 0, 0, 0, 0, 1, 1, 0, 1, 1, 0, 2, 2, 0, 0, 1, 0, 0, 0, 0, 1, 0, 0, 2, 2, 2, 0, 0, 0, 0, 0, 0, 0, 0, 0, 2, 2, 3, 0, 2, 1, 2, 1, 4, 3, 6, 5, 3, 3, 2, 2, 4, 4, 592, 0, 0, 0, 0, 0, 0]",0,0.24271890341863098,-1,0
3606,"[1, 1, 0, 0, 1, 4, 0, 2, 0, 1, 0, 0, 1, 0, 2, 0, 0, 0, 0, 0, 0, 0, 0, 0, 2, 0, 0, 0, 0, 0, 0, 0, 1, 1, 0, 1, 1, 0, 2, 2, 0, 0, 1, 0, 0, 0, 0, 1, 0, 0, 2, 2, 2, 0, 0, 0, 0, 0, 0, 0, 0, 0, 2, 2, 3, 0, 2, 1, 2, 1, 4, 3, 6, 5, 3, 3, 2, 2, 4, 4, 592, 0, 0, 0, 0, 0, 0]",-1,-0.00013426000884769103,-1,0
3607,"[1, 1, 0, 0, 1, 4, 0, 2, 0, 1, 0, 0, 1, 0, 2, 0, 0, 0, 0, 0, 0, 0, 0, 0, 2, 0, 0, 0, 0, 0, 0, 0, 1, 1, 0, 1, 1, 0, 2, 2, 0, 0, 1, 0, 0, 0, 0, 1, 0, 0, 2, 2, 2, 0, 0, 0, 0, 0, 0, 0, 0, 0, 2, 2, 3, 0, 2, 1, 2, 1, 4, 3, 6, 5, 3, 3, 2, 2, 4, 4, 592, 0, 0, 0, 0, 0, 0]",0,0.24271890341863098,-1,0
3608,"[1, 1, 0, 0, 1, 4, 0, 2, 0, 1, 0, 0, 1, 0, 2, 0, 0, 0, 0, 0, 0, 0, 0, 0, 2, 0, 0, 0, 0, 0, 0, 0, 1, 1, 0, 1, 1, 0, 2, 2, 0, 0, 1, 0, 0, 0, 0, 1, 0, 0, 2, 2, 2, 0, 0, 0, 0, 0, 0, 0, 0, 0, 2, 2, 3, 0, 2, 1, 2, 1, 4, 3, 6, 5, 3, 3, 2, 2, 4, 4, 592, 0, 0, 0, 0, 0, 0]",-1,-0.00013426000884769103,-1,0
3609,"[1, 1, 0, 0, 1, 4, 0, 2, 0, 1, 0, 0, 1, 0, 2, 0, 0, 0, 0, 0, 0, 0, 0, 0, 2, 0, 0, 0, 0, 0, 0, 0, 1, 1, 0, 1, 1, 0, 2, 2, 0, 0, 1, 0, 0, 0, 0, 1, 0, 0, 2, 2, 2, 0, 0, 0, 0, 0, 0, 0, 0, 0, 2, 2, 3, 0, 2, 1, 2, 1, 4, 3, 6, 5, 3, 3, 2, 2, 4, 4, 592, 0, 0, 0, 0, 0, 0]",0,0.24271890341863098,-1,0
3610,"[1, 1, 0, 0, 1, 4, 0, 2, 0, 1, 0, 0, 1, 0, 2, 0, 0, 0, 0, 0, 0, 0, 0, 0, 2, 0, 0, 0, 0, 0, 0, 0, 1, 1, 0, 1, 1, 0, 2, 2, 0, 0, 1, 0, 0, 0, 0, 1, 0, 0, 2, 2, 2, 0, 0, 0, 0, 0, 0, 0, 0, 0, 2, 2, 3, 0, 2, 1, 2, 1, 4, 3, 6, 5, 3, 3, 2, 2, 4, 4, 592, 0, 0, 0, 0, 0, 0]",-1,-0.00013426000884769103,-1,0
3611,"[1, 1, 0, 0, 1, 4, 0, 2, 0, 1, 0, 0, 1, 0, 2, 0, 0, 0, 0, 0, 0, 0, 0, 0, 2, 0, 0, 0, 0, 0, 0, 0, 1, 1, 0, 1, 1, 0, 2, 2, 0, 0, 1, 0, 0, 0, 0, 1, 0, 0, 2, 2, 2, 0, 0, 0, 0, 0, 0, 0, 0, 0, 2, 2, 3, 0, 2, 1, 2, 1, 4, 3, 6, 5, 3, 3, 2, 2, 4, 4, 592, 0, 0, 0, 0, 0, 0]",0,0.24271890341863098,-1,0
3612,"[1, 1, 0, 0, 1, 4, 0, 2, 0, 1, 0, 0, 1, 0, 2, 0, 0, 0, 0, 0, 0, 0, 0, 0, 2, 0, 0, 0, 0, 0, 0, 0, 1, 1, 0, 1, 1, 0, 2, 2, 0, 0, 1, 0, 0, 0, 0, 1, 0, 0, 2, 2, 2, 0, 0, 0, 0, 0, 0, 0, 0, 0, 2, 2, 3, 0, 2, 1, 2, 1, 4, 3, 6, 5, 3, 3, 2, 2, 4, 4, 592, 0, 0, 0, 0, 0, 0]",-1,-0.00013426000884769103,-1,0
3613,"[1, 1, 0, 0, 1, 4, 0, 2, 0, 1, 0, 0, 1, 0, 2, 0, 0, 0, 0, 0, 0, 0, 0, 0, 2, 0, 0, 0, 0, 0, 0, 0, 1, 1, 0, 1, 1, 0, 2, 2, 0, 0, 1, 0, 0, 0, 0, 1, 0, 0, 2, 2, 2, 0, 0, 0, 0, 0, 0, 0, 0, 0, 2, 2, 3, 0, 2, 1, 2, 1, 4, 3, 6, 5, 3, 3, 2, 2, 4, 4, 592, 0, 0, 0, 0, 0, 0]",0,0.24271890341863098,-1,0
3614,"[1, 1, 0, 0, 1, 4, 0, 2, 0, 1, 0, 0, 1, 0, 2, 0, 0, 0, 0, 0, 0, 0, 0, 0, 2, 0, 0, 0, 0, 0, 0, 0, 1, 1, 0, 1, 1, 0, 2, 2, 0, 0, 1, 0, 0, 0, 0, 1, 0, 0, 2, 2, 2, 0, 0, 0, 0, 0, 0, 0, 0, 0, 2, 2, 3, 0, 2, 1, 2, 1, 4, 3, 6, 5, 3, 3, 2, 2, 4, 4, 592, 0, 0, 0, 0, 0, 0]",-1,-0.00013426000884769103,-1,0
3615,"[1, 1, 0, 0, 1, 4, 0, 2, 0, 1, 0, 0, 1, 0, 2, 0, 0, 0, 0, 0, 0, 0, 0, 0, 2, 0, 0, 0, 0, 0, 0, 0, 1, 1, 0, 1, 1, 0, 2, 2, 0, 0, 1, 0, 0, 0, 0, 1, 0, 0, 2, 2, 2, 0, 0, 0, 0, 0, 0, 0, 0, 0, 2, 2, 3, 0, 2, 1, 2, 1, 4, 3, 6, 5, 3, 3, 2, 2, 4, 4, 592, 0, 0, 0, 0, 0, 0]",0,0.24271890341863098,-1,0
3616,"[1, 1, 0, 0, 1, 4, 0, 2, 0, 1, 0, 0, 1, 0, 2, 0, 0, 0, 0, 0, 0, 0, 0, 0, 2, 0, 0, 0, 0, 0, 0, 0, 1, 1, 0, 1, 1, 0, 2, 2, 0, 0, 1, 0, 0, 0, 0, 1, 0, 0, 2, 2, 2, 0, 0, 0, 0, 0, 0, 0, 0, 0, 2, 2, 3, 0, 2, 1, 2, 1, 4, 3, 6, 5, 3, 3, 2, 2, 4, 4, 592, 0, 0, 0, 0, 0, 0]",-1,-0.00013426000884769103,-1,0
3617,"[1, 1, 0, 0, 1, 4, 0, 2, 0, 1, 0, 0, 1, 0, 2, 0, 0, 0, 0, 0, 0, 0, 0, 0, 2, 0, 0, 0, 0, 0, 0, 0, 1, 1, 0, 1, 1, 0, 2, 2, 0, 0, 1, 0, 0, 0, 0, 1, 0, 0, 2, 2, 2, 0, 0, 0, 0, 0, 0, 0, 0, 0, 2, 2, 3, 0, 2, 1, 2, 1, 4, 3, 6, 5, 3, 3, 2, 2, 4, 4, 592, 1, 0, 0, 0, 0, 0]",3,0.2000000309950579,-1,0
3618,"[1, 1, 0, 0, 1, 4, 0, 2, 0, 1, 0, 0, 1, 0, 2, 0, 0, 0, 0, 0, 0, 0, 0, 0, 2, 0, 0, 0, 0, 0, 0, 0, 1, 1, 0, 1, 1, 0, 2, 2, 0, 0, 1, 0, 0, 0, 0, 1, 0, 0, 2, 2, 2, 0, 0, 0, 0, 0, 0, 0, 0, 0, 2, 2, 3, 0, 2, 1, 2, 1, 4, 3, 6, 5, 3, 3, 2, 2, 4, 4, 592, 0, 0, 0, 0, 0, 0]",-1,-0.00013426000884769103,-1,0
3619,"[1, 1, 0, 0, 1, 4, 0, 2, 0, 1, 0, 0, 1, 0, 2, 0, 0, 0, 0, 0, 0, 0, 0, 0, 2, 0, 0, 0, 0, 0, 0, 0, 1, 1, 0, 1, 1, 0, 2, 2, 0, 0, 1, 0, 0, 0, 0, 1, 0, 0, 2, 2, 2, 0, 0, 0, 0, 0, 0, 0, 0, 0, 2, 2, 3, 0, 2, 1, 2, 1, 4, 3, 6, 5, 3, 3, 2, 2, 4, 4, 592, 0, 1, 0, 0, 0, 0]",2,0.4000000309950579,-1,0
3620,"[1, 1, 0, 0, 1, 4, 0, 2, 0, 1, 0, 0, 1, 0, 2, 0, 0, 0, 0, 0, 0, 0, 0, 0, 2, 0, 0, 0, 0, 0, 0, 0, 1, 1, 0, 1, 1, 0, 2, 2, 0, 0, 1, 0, 0, 0, 0, 1, 0, 0, 2, 2, 2, 0, 0, 0, 0, 0, 0, 0, 0, 0, 2, 2, 3, 0, 2, 1, 2, 1, 4, 3, 6, 5, 3, 3, 2, 2, 4, 4, 592, 0, 1, 0, 0, 1, 0]","[[0 1 0 0]
 [0 0 0 1]]",0.6504248960531488,-1,0
3621,"[1, 1, 0, 0, 1, 4, 0, 2, 0, 1, 0, 0, 1, 0, 2, 0, 0, 0, 0, 0, 0, 0, 0, 0, 2, 0, 0, 0, 0, 0, 0, 0, 1, 1, 0, 1, 1, 0, 2, 2, 0, 0, 1, 0, 0, 0, 0, 1, 0, 0, 2, 2, 2, 0, 0, 0, 0, 0, 0, 0, 0, 0, 2, 2, 3, 0, 2, 1, 2, 1, 4, 3, 6, 5, 3, 3, 2, 2, 4, 4, 592, 0, 0, 0, 0, 0, 0]",1,-48.31704476604126,-1,1
3622,"[1, 1, 0, 0, 1, 4, 0, 2, 0, 1, 0, 0, 1, 0, 2, 0, 0, 0, 0, 0, 0, 0, 0, 0, 2, 0, 0, 0, 0, 0, 0, 0, 1, 1, 0, 1, 1, 0, 2, 2, 0, 0, 1, 0, 0, 0, 0, 1, 0, 0, 2, 2, 2, 0, 0, 0, 0, 0, 0, 0, 0, 0, 2, 2, 3, 0, 2, 1, 2, 1, 4, 3, 6, 5, 3, 3, 2, 2, 4, 4, 593, 0, 0, 0, 0, 0, 0]",4,14.259731721091196,-1,0
3623,"[2, 1, 0, 0, 1, 5, 0, 2, 0, 1, 0, 0, 1, 0, 2, 0, 0, 0, 0, 0, 0, 0, 0, 0, 2, 0, 0, 0, 0, 0, 0, 0, 1, 1, 0, 1, 1, 0, 2, 2, 0, 0, 1, 0, 0, 0, 0, 1, 0, 0, 2, 2, 2, 0, 0, 0, 0, 0, 0, 0, 0, 0, 2, 2, 3, 0, 2, 1, 2, 1, 4, 3, 6, 5, 3, 3, 2, 2, 4, 4, 594, 0, 0, 0, 0, 0, 0]",4,12.538317755617603,-1,1
3624,"[2, 1, 0, 0, 1, 5, 0, 2, 0, 1, 0, 0, 1, 0, 2, 0, 0, 0, 0, 0, 0, 0, 0, 0, 2, 0, 0, 0, 0, 0, 0, 0, 1, 1, 0, 1, 1, 0, 2, 2, 0, 0, 1, 0, 0, 0, 0, 1, 0, 0, 2, 2, 2, 0, 0, 0, 0, 0, 0, 0, 0, 0, 2, 2, 3, 0, 2, 1, 2, 1, 4, 3, 6, 5, 3, 3, 2, 2, 4, 4, 594, 0, 0, 0, 0, 0, 0]",1,0.6096241437116616,-1,0
3625,"[2, 1, 0, 0, 1, 5, 0, 2, 0, 1, 0, 0, 1, 0, 2, 0, 0, 0, 0, 0, 0, 0, 0, 0, 2, 0, 0, 0, 0, 0, 0, 0, 1, 1, 0, 1, 1, 0, 2, 2, 0, 0, 1, 0, 0, 0, 0, 1, 0, 0, 2, 2, 2, 0, 0, 0, 0, 0, 0, 0, 0, 0, 2, 2, 3, 0, 2, 1, 2, 1, 4, 3, 6, 5, 3, 3, 2, 2, 4, 4, 594, 0, 0, 0, 0, 0, 0]",-1,-0.00013160148255065993,-1,0
3626,"[2, 1, 0, 0, 1, 5, 0, 2, 0, 1, 0, 0, 1, 0, 2, 0, 0, 0, 0, 0, 0, 0, 0, 0, 2, 0, 0, 0, 0, 0, 0, 0, 1, 1, 0, 1, 1, 0, 2, 2, 0, 0, 1, 0, 0, 0, 0, 1, 0, 0, 2, 2, 2, 0, 0, 0, 0, 0, 0, 0, 0, 0, 2, 2, 3, 0, 2, 1, 2, 1, 4, 3, 6, 5, 3, 3, 2, 2, 4, 4, 595, 0, 0, 0, 0, 0, 0]",4,14.055931872275236,-1,0
3627,"[2, 1, 0, 0, 1, 5, 0, 2, 0, 1, 0, 0, 1, 0, 2, 0, 0, 0, 0, 0, 0, 0, 0, 0, 2, 0, 0, 0, 0, 0, 0, 0, 1, 1, 0, 1, 1, 0, 2, 2, 0, 0, 1, 0, 0, 0, 0, 1, 0, 0, 2, 2, 2, 0, 0, 0, 0, 0, 0, 0, 0, 0, 2, 2, 3, 0, 2, 1, 2, 1, 4, 3, 6, 5, 3, 3, 2, 2, 4, 4, 595, 0, 0, 0, 0, 0, 0]",0,0.29497477432073405,-1,1
3628,"[2, 1, 0, 0, 1, 5, 0, 2, 0, 1, 0, 0, 1, 0, 2, 0, 0, 0, 0, 0, 0, 0, 0, 0, 2, 0, 0, 0, 0, 0, 0, 0, 1, 1, 0, 1, 1, 0, 2, 2, 0, 0, 1, 0, 0, 0, 0, 1, 0, 0, 2, 2, 2, 0, 0, 0, 0, 0, 0, 0, 0, 0, 2, 2, 3, 0, 2, 1, 2, 1, 4, 3, 6, 5, 3, 3, 2, 2, 4, 4, 595, 0, 0, 0, 0, 0, 0]",-1,-0.0001302920259204249,-1,1
3629,"[3, 1, 0, 0, 1, 6, 0, 2, 0, 1, 0, 0, 1, 0, 2, 0, 0, 0, 0, 0, 0, 0, 0, 0, 2, 0, 0, 0, 0, 0, 0, 0, 1, 1, 0, 1, 1, 0, 2, 2, 0, 0, 1, 0, 0, 0, 0, 1, 0, 0, 2, 2, 2, 0, 0, 0, 0, 0, 0, 0, 0, 0, 2, 2, 3, 0, 2, 1, 2, 1, 4, 3, 6, 5, 3, 3, 2, 2, 4, 4, 596, 0, 0, 0, 0, 0, 0]",4,12.458573228191721,-1,1
3630,"[3, 1, 0, 0, 1, 6, 0, 2, 0, 1, 0, 0, 1, 0, 2, 0, 0, 0, 0, 0, 0, 0, 0, 0, 2, 0, 0, 0, 0, 0, 0, 0, 1, 1, 0, 1, 1, 0, 2, 2, 0, 0, 1, 0, 0, 0, 0, 1, 0, 0, 2, 2, 2, 0, 0, 0, 0, 0, 0, 0, 0, 0, 2, 2, 3, 0, 2, 1, 2, 1, 4, 3, 6, 5, 3, 3, 2, 2, 4, 4, 596, 0, 1, 0, 0, 0, 0]",2,0.40000002641224663,-1,0
3631,"[3, 1, 0, 0, 1, 6, 0, 2, 0, 1, 0, 0, 1, 0, 2, 0, 0, 0, 0, 0, 0, 0, 0, 0, 2, 0, 0, 0, 0, 0, 0, 0, 1, 1, 0, 1, 1, 0, 2, 2, 0, 0, 1, 0, 0, 0, 0, 1, 0, 0, 2, 2, 2, 0, 0, 0, 0, 0, 0, 0, 0, 0, 2, 2, 3, 0, 2, 1, 2, 1, 4, 3, 6, 5, 3, 3, 2, 2, 4, 4, 596, 0, 1, 0, 0, 1, 0]","[[0 1 0 0]
 [0 0 0 1]]",0.6504248914703376,-1,0
3632,"[3, 1, 0, 0, 1, 6, 0, 2, 0, 1, 0, 0, 1, 0, 2, 0, 0, 0, 0, 0, 0, 0, 0, 0, 2, 0, 0, 0, 0, 0, 0, 0, 1, 1, 0, 1, 1, 0, 2, 2, 0, 0, 1, 0, 0, 0, 0, 1, 0, 0, 2, 2, 2, 0, 0, 0, 0, 0, 0, 0, 0, 0, 2, 2, 3, 0, 2, 1, 2, 1, 4, 3, 6, 5, 3, 3, 2, 2, 4, 4, 596, 0, 1, 0, 0, 0, 1]",2,-0.19999997358775334,-1,1
3633,"[3, 1, 0, 0, 1, 6, 0, 2, 0, 1, 0, 0, 1, 0, 2, 0, 0, 0, 0, 0, 0, 0, 0, 0, 2, 0, 0, 0, 0, 0, 0, 0, 1, 1, 0, 1, 1, 0, 2, 2, 0, 0, 1, 0, 0, 0, 0, 1, 0, 0, 2, 2, 2, 0, 0, 0, 0, 0, 0, 0, 0, 0, 2, 2, 3, 0, 2, 1, 2, 1, 4, 3, 6, 5, 3, 3, 2, 2, 4, 4, 596, 0, 0, 1, 0, 0, 0]","[[0 2 0 1]
 [3 1 0 0]]",-0.19999997358775334,-1,1
3634,"[3, 1, 0, 0, 1, 6, 0, 2, 0, 1, 0, 0, 1, 0, 2, 0, 0, 0, 0, 0, 0, 0, 0, 0, 2, 0, 0, 0, 0, 0, 0, 0, 1, 1, 0, 1, 1, 0, 2, 2, 0, 0, 1, 0, 0, 0, 0, 1, 0, 0, 2, 2, 2, 0, 0, 0, 0, 0, 0, 0, 0, 0, 2, 2, 3, 0, 2, 1, 2, 1, 4, 3, 6, 5, 3, 3, 2, 2, 4, 4, 596, 0, 0, 0, 0, 0, 0]",1,-12.446964832891108,-1,0
3635,"[3, 1, 0, 0, 1, 6, 0, 2, 0, 1, 0, 0, 1, 0, 2, 0, 0, 0, 0, 0, 0, 0, 0, 0, 2, 0, 0, 0, 0, 0, 0, 0, 1, 1, 0, 1, 1, 0, 2, 2, 0, 0, 1, 0, 0, 0, 0, 1, 0, 0, 2, 2, 2, 0, 0, 0, 0, 0, 0, 0, 0, 0, 2, 2, 3, 0, 2, 1, 2, 1, 4, 3, 6, 5, 3, 3, 2, 2, 4, 4, 597, 0, 0, 0, 0, 0, 0]",4,13.89373257384685,-1,0
3636,"[3, 1, 0, 0, 1, 6, 0, 2, 0, 1, 0, 0, 1, 0, 2, 0, 0, 0, 0, 0, 0, 0, 0, 0, 2, 0, 0, 0, 0, 0, 0, 0, 1, 1, 0, 1, 1, 0, 2, 2, 0, 0, 1, 0, 0, 0, 0, 1, 0, 0, 2, 2, 2, 0, 0, 0, 0, 0, 0, 0, 0, 0, 2, 2, 3, 0, 2, 1, 2, 1, 4, 3, 6, 5, 3, 3, 2, 2, 4, 4, 597, 1, 0, 0, 0, 0, 0]",3,0.20000002537660783,-1,1
3637,"[3, 1, 0, 0, 1, 6, 0, 2, 0, 1, 0, 0, 1, 0, 2, 0, 0, 0, 0, 0, 0, 0, 0, 0, 2, 0, 0, 0, 0, 0, 0, 0, 1, 1, 0, 1, 1, 0, 2, 2, 0, 0, 1, 0, 0, 0, 0, 1, 0, 0, 2, 2, 2, 0, 0, 0, 0, 0, 0, 0, 0, 0, 2, 2, 3, 0, 2, 1, 2, 1, 4, 3, 6, 5, 3, 3, 2, 2, 4, 4, 597, 0, 0, 0, 0, 0, 0]",-1,-0.00012771207094964992,-1,1
3638,"[3, 1, 0, 0, 1, 6, 0, 2, 0, 1, 0, 0, 1, 0, 2, 0, 0, 0, 0, 0, 0, 0, 0, 0, 2, 0, 0, 0, 0, 0, 0, 0, 1, 1, 0, 1, 1, 0, 2, 2, 0, 0, 1, 0, 0, 0, 0, 1, 0, 0, 2, 2, 2, 0, 0, 0, 0, 0, 0, 0, 0, 0, 2, 2, 3, 0, 2, 1, 2, 1, 4, 3, 6, 5, 3, 3, 2, 2, 4, 4, 597, 0, 1, 0, 0, 0, 0]",2,0.4000000253766078,-1,0
3639,"[3, 1, 0, 0, 1, 6, 0, 2, 0, 1, 0, 0, 1, 0, 2, 0, 0, 0, 0, 0, 0, 0, 0, 0, 2, 0, 0, 0, 0, 0, 0, 0, 1, 1, 0, 1, 1, 0, 2, 2, 0, 0, 1, 0, 0, 0, 0, 1, 0, 0, 2, 2, 2, 0, 0, 0, 0, 0, 0, 0, 0, 0, 2, 2, 3, 0, 2, 1, 2, 1, 4, 3, 6, 5, 3, 3, 2, 2, 4, 4, 597, 0, 1, 0, 0, 1, 0]","[[1 0 0 0]
 [0 0 0 1]]",0.6504248904346988,-1,0
3640,"[3, 1, 0, 0, 1, 6, 0, 2, 0, 1, 0, 0, 1, 0, 2, 0, 0, 0, 0, 0, 0, 0, 0, 0, 2, 0, 0, 0, 0, 0, 0, 0, 1, 1, 0, 1, 1, 0, 2, 2, 0, 0, 1, 0, 0, 0, 0, 1, 0, 0, 2, 2, 2, 0, 0, 0, 0, 0, 0, 0, 0, 0, 2, 2, 3, 0, 2, 1, 2, 1, 4, 3, 6, 5, 3, 3, 2, 2, 4, 4, 597, 0, 1, 0, 0, 0, 1]",2,-0.1999999746233922,-1,1
3641,"[3, 1, 0, 0, 1, 6, 0, 2, 0, 1, 0, 0, 1, 0, 2, 0, 0, 0, 0, 0, 0, 0, 0, 0, 2, 0, 0, 0, 0, 0, 0, 0, 1, 1, 0, 1, 1, 0, 2, 2, 0, 0, 1, 0, 0, 0, 0, 1, 0, 0, 2, 2, 2, 0, 0, 0, 0, 0, 0, 0, 0, 0, 2, 2, 3, 0, 2, 1, 2, 1, 4, 3, 6, 5, 3, 3, 2, 2, 4, 4, 597, 0, 0, 1, 0, 0, 0]","[[0 1 0 1]
 [3 1 0 0]]",-0.1999999746233922,-1,1
3642,"[0, 1, 0, 1, 4, 6, 0, 1, 0, 1, 0, 0, 1, 0, 2, 0, 0, 0, 0, 0, 0, 0, 0, 0, 2, 0, 0, 0, 0, 0, 0, 0, 1, 1, 0, 1, 1, 0, 2, 2, 0, 0, 1, 0, 0, 0, 0, 1, 0, 0, 2, 2, 2, 0, 0, 0, 0, 0, 0, 0, 0, 0, 2, 2, 3, 0, 2, 1, 2, 1, 4, 3, 6, 5, 3, 3, 2, 2, 4, 4, 597, 0, 0, 0, 0, 0, 0]",0,-0.1999999746233922,-1,0
3643,"[0, 1, 0, 1, 4, 6, 0, 1, 0, 1, 0, 0, 1, 0, 2, 0, 0, 0, 0, 0, 0, 0, 0, 0, 2, 0, 0, 0, 0, 0, 0, 0, 1, 1, 0, 1, 1, 0, 2, 2, 0, 0, 1, 0, 0, 0, 0, 1, 0, 0, 2, 2, 2, 0, 0, 0, 0, 0, 0, 0, 0, 0, 2, 2, 3, 0, 2, 1, 2, 1, 4, 3, 6, 5, 3, 3, 2, 2, 4, 4, 597, 0, 1, 0, 0, 0, 0]",2,0.4000000253766078,-1,0
3644,"[0, 1, 0, 1, 4, 6, 0, 1, 0, 1, 0, 0, 1, 0, 2, 0, 0, 0, 0, 0, 0, 0, 0, 0, 2, 0, 0, 0, 0, 0, 0, 0, 1, 1, 0, 1, 1, 0, 2, 2, 0, 0, 1, 0, 0, 0, 0, 1, 0, 0, 2, 2, 2, 0, 0, 0, 0, 0, 0, 0, 0, 0, 2, 2, 3, 0, 2, 1, 2, 1, 4, 3, 6, 5, 3, 3, 2, 2, 4, 4, 597, 0, 1, 0, 0, 1, 0]","[[0 1 0 0]
 [1 0 0 0]]",0.6504248904346988,-1,0
3645,"[1, 0, 0, 1, 3, 7, 0, 1, 0, 1, 0, 0, 1, 0, 2, 0, 0, 0, 0, 0, 0, 0, 0, 0, 2, 0, 0, 0, 0, 0, 0, 0, 1, 1, 0, 1, 1, 0, 2, 2, 0, 0, 1, 0, 0, 0, 0, 1, 0, 0, 2, 2, 2, 0, 0, 0, 0, 0, 0, 0, 0, 0, 2, 2, 3, 0, 2, 1, 2, 1, 4, 3, 6, 5, 3, 3, 2, 2, 4, 4, 597, 0, 0, 0, 0, 0, 0]",0,-0.1999999746233922,-1,1
3646,"[1, 0, 0, 1, 3, 7, 0, 1, 0, 1, 0, 0, 1, 0, 2, 0, 0, 0, 0, 0, 0, 0, 0, 0, 2, 0, 0, 0, 0, 0, 0, 0, 1, 1, 0, 1, 1, 0, 2, 2, 0, 0, 1, 0, 0, 0, 0, 1, 0, 0, 2, 2, 2, 0, 0, 0, 0, 0, 0, 0, 0, 0, 2, 2, 3, 0, 2, 1, 2, 1, 4, 3, 6, 5, 3, 3, 2, 2, 4, 4, 597, 0, 1, 0, 0, 0, 0]",2,0.4000000253766078,-1,0
3647,"[1, 0, 0, 1, 3, 7, 0, 1, 0, 1, 0, 0, 1, 0, 2, 0, 0, 0, 0, 0, 0, 0, 0, 0, 2, 0, 0, 0, 0, 0, 0, 0, 1, 1, 0, 1, 1, 0, 2, 2, 0, 0, 1, 0, 0, 0, 0, 1, 0, 0, 2, 2, 2, 0, 0, 0, 0, 0, 0, 0, 0, 0, 2, 2, 3, 0, 2, 1, 2, 1, 4, 3, 6, 5, 3, 3, 2, 2, 4, 4, 597, 0, 1, 0, 0, 1, 0]","[[0 0 0 1]
 [0 1 0 0]]",0.6504248904346988,-1,0
3648,"[1, 0, 0, 1, 3, 7, 0, 1, 0, 1, 0, 0, 1, 0, 2, 0, 0, 0, 0, 0, 0, 0, 0, 0, 2, 0, 0, 0, 0, 0, 0, 0, 1, 1, 0, 1, 1, 0, 2, 2, 0, 0, 1, 0, 0, 0, 0, 1, 0, 0, 2, 2, 2, 0, 0, 0, 0, 0, 0, 0, 0, 0, 2, 2, 3, 0, 2, 1, 2, 1, 4, 3, 6, 5, 3, 3, 2, 2, 4, 4, 597, 0, 0, 0, 0, 0, 0]",1,-51.79457333268112,-1,1
3649,"[1, 0, 0, 1, 3, 7, 0, 1, 0, 1, 0, 0, 1, 0, 2, 0, 0, 0, 0, 0, 0, 0, 0, 0, 2, 0, 0, 0, 0, 0, 0, 0, 1, 1, 0, 1, 1, 0, 2, 2, 0, 0, 1, 0, 0, 0, 0, 1, 0, 0, 2, 2, 2, 0, 0, 0, 0, 0, 0, 0, 0, 0, 2, 2, 3, 0, 2, 1, 2, 1, 4, 3, 6, 5, 3, 3, 2, 2, 4, 4, 597, 0, 1, 0, 0, 0, 0]",2,0.4000000253766078,-1,0
3650,"[1, 0, 0, 1, 3, 7, 0, 1, 0, 1, 0, 0, 1, 0, 2, 0, 0, 0, 0, 0, 0, 0, 0, 0, 2, 0, 0, 0, 0, 0, 0, 0, 1, 1, 0, 1, 1, 0, 2, 2, 0, 0, 1, 0, 0, 0, 0, 1, 0, 0, 2, 2, 2, 0, 0, 0, 0, 0, 0, 0, 0, 0, 2, 2, 3, 0, 2, 1, 2, 1, 4, 3, 6, 5, 3, 3, 2, 2, 4, 4, 597, 0, 1, 0, 0, 1, 0]","[[0 0 0 1]
 [0 1 0 0]]",0.6504248904346988,-1,0
3651,"[1, 0, 0, 1, 3, 7, 0, 1, 0, 1, 0, 0, 1, 0, 2, 0, 0, 0, 0, 0, 0, 0, 0, 0, 2, 0, 0, 0, 0, 0, 0, 0, 1, 1, 0, 1, 1, 0, 2, 2, 0, 0, 1, 0, 0, 0, 0, 1, 0, 0, 2, 2, 2, 0, 0, 0, 0, 0, 0, 0, 0, 0, 2, 2, 3, 0, 2, 1, 2, 1, 4, 3, 6, 5, 3, 3, 2, 2, 4, 4, 597, 0, 0, 0, 0, 0, 0]",-1,-0.00012771207094964992,-1,1
3652,"[1, 0, 0, 1, 3, 7, 0, 1, 0, 1, 0, 0, 1, 0, 2, 0, 0, 0, 0, 0, 0, 0, 0, 0, 2, 0, 0, 0, 0, 0, 0, 0, 1, 1, 0, 1, 1, 0, 2, 2, 0, 0, 1, 0, 0, 0, 0, 1, 0, 0, 2, 2, 2, 0, 0, 0, 0, 0, 0, 0, 0, 0, 2, 2, 3, 0, 2, 1, 2, 1, 4, 3, 6, 5, 3, 3, 2, 2, 4, 4, 597, 1, 0, 0, 0, 0, 0]",3,0.20000002537660783,-1,0
3653,"[1, 0, 0, 1, 3, 7, 0, 1, 0, 1, 0, 0, 1, 0, 2, 0, 0, 0, 0, 0, 0, 0, 0, 0, 2, 0, 0, 0, 0, 0, 0, 0, 1, 1, 0, 1, 1, 0, 2, 2, 0, 0, 1, 0, 0, 0, 0, 1, 0, 0, 2, 2, 2, 0, 0, 0, 0, 0, 0, 0, 0, 0, 2, 2, 3, 0, 2, 1, 2, 1, 4, 3, 6, 5, 3, 3, 2, 2, 4, 4, 597, 0, 0, 0, 0, 0, 0]",-1,-0.00012771207094964992,-1,0
3654,"[1, 0, 0, 1, 3, 7, 0, 1, 0, 1, 0, 0, 1, 0, 2, 0, 0, 0, 0, 0, 0, 0, 0, 0, 2, 0, 0, 0, 0, 0, 0, 0, 1, 1, 0, 1, 1, 0, 2, 2, 0, 0, 1, 0, 0, 0, 0, 1, 0, 0, 2, 2, 2, 0, 0, 0, 0, 0, 0, 0, 0, 0, 2, 2, 3, 0, 2, 1, 2, 1, 4, 3, 6, 5, 3, 3, 2, 2, 4, 4, 597, 1, 0, 0, 0, 0, 0]",3,0.20000002537660783,-1,0
3655,"[1, 0, 0, 1, 3, 7, 0, 1, 0, 1, 0, 0, 1, 0, 2, 0, 0, 0, 0, 0, 0, 0, 0, 0, 2, 0, 0, 0, 0, 0, 0, 0, 1, 1, 0, 1, 1, 0, 2, 2, 0, 0, 1, 0, 0, 0, 0, 1, 0, 0, 2, 2, 2, 0, 0, 0, 0, 0, 0, 0, 0, 0, 2, 2, 3, 0, 2, 1, 2, 1, 4, 3, 6, 5, 3, 3, 2, 2, 4, 4, 597, 0, 0, 0, 0, 0, 0]",-1,-0.00012771207094964992,-1,0
3656,"[1, 0, 0, 1, 3, 7, 0, 1, 0, 1, 0, 0, 1, 0, 2, 0, 0, 0, 0, 0, 0, 0, 0, 0, 2, 0, 0, 0, 0, 0, 0, 0, 1, 1, 0, 1, 1, 0, 2, 2, 0, 0, 1, 0, 0, 0, 0, 1, 0, 0, 2, 2, 2, 0, 0, 0, 0, 0, 0, 0, 0, 0, 2, 2, 3, 0, 2, 1, 2, 1, 4, 3, 6, 5, 3, 3, 2, 2, 4, 4, 597, 1, 0, 0, 0, 0, 0]",3,0.20000002537660783,-1,0
3657,"[1, 0, 0, 1, 3, 7, 0, 1, 0, 1, 0, 0, 1, 0, 2, 0, 0, 0, 0, 0, 0, 0, 0, 0, 2, 0, 0, 0, 0, 0, 0, 0, 1, 1, 0, 1, 1, 0, 2, 2, 0, 0, 1, 0, 0, 0, 0, 1, 0, 0, 2, 2, 2, 0, 0, 0, 0, 0, 0, 0, 0, 0, 2, 2, 3, 0, 2, 1, 2, 1, 4, 3, 6, 5, 3, 3, 2, 2, 4, 4, 597, 0, 0, 0, 0, 0, 0]",-1,-0.00012771207094964992,-1,0
3658,"[1, 0, 0, 1, 3, 7, 0, 1, 0, 1, 0, 0, 1, 0, 2, 0, 0, 0, 0, 0, 0, 0, 0, 0, 2, 0, 0, 0, 0, 0, 0, 0, 1, 1, 0, 1, 1, 0, 2, 2, 0, 0, 1, 0, 0, 0, 0, 1, 0, 0, 2, 2, 2, 0, 0, 0, 0, 0, 0, 0, 0, 0, 2, 2, 3, 0, 2, 1, 2, 1, 4, 3, 6, 5, 3, 3, 2, 2, 4, 4, 597, 1, 0, 0, 0, 0, 0]",3,0.20000002537660783,-1,0
3659,"[1, 0, 0, 1, 3, 7, 0, 1, 0, 1, 0, 0, 1, 0, 2, 0, 0, 0, 0, 0, 0, 0, 0, 0, 2, 0, 0, 0, 0, 0, 0, 0, 1, 1, 0, 1, 1, 0, 2, 2, 0, 0, 1, 0, 0, 0, 0, 1, 0, 0, 2, 2, 2, 0, 0, 0, 0, 0, 0, 0, 0, 0, 2, 2, 3, 0, 2, 1, 2, 1, 4, 3, 6, 5, 3, 3, 2, 2, 4, 4, 597, 0, 0, 0, 0, 0, 0]",-1,-0.00012771207094964992,-1,0
3660,"[1, 0, 0, 1, 3, 7, 0, 1, 0, 1, 0, 0, 1, 0, 2, 0, 0, 0, 0, 0, 0, 0, 0, 0, 2, 0, 0, 0, 0, 0, 0, 0, 1, 1, 0, 1, 1, 0, 2, 2, 0, 0, 1, 0, 0, 0, 0, 1, 0, 0, 2, 2, 2, 0, 0, 0, 0, 0, 0, 0, 0, 0, 2, 2, 3, 0, 2, 1, 2, 1, 4, 3, 6, 5, 3, 3, 2, 2, 4, 4, 597, 0, 1, 0, 0, 0, 0]",2,0.4000000253766078,-1,0
3661,"[1, 0, 0, 1, 3, 7, 0, 1, 0, 1, 0, 0, 1, 0, 2, 0, 0, 0, 0, 0, 0, 0, 0, 0, 2, 0, 0, 0, 0, 0, 0, 0, 1, 1, 0, 1, 1, 0, 2, 2, 0, 0, 1, 0, 0, 0, 0, 1, 0, 0, 2, 2, 2, 0, 0, 0, 0, 0, 0, 0, 0, 0, 2, 2, 3, 0, 2, 1, 2, 1, 4, 3, 6, 5, 3, 3, 2, 2, 4, 4, 597, 0, 1, 0, 0, 1, 0]","[[1 0 0 0]
 [0 1 0 0]]",0.6504248904346988,-1,0
3662,"[1, 0, 0, 1, 3, 7, 0, 1, 0, 1, 0, 0, 1, 0, 2, 0, 0, 0, 0, 0, 0, 0, 0, 0, 2, 0, 0, 0, 0, 0, 0, 0, 1, 1, 0, 1, 1, 0, 2, 2, 0, 0, 1, 0, 0, 0, 0, 1, 0, 0, 2, 2, 2, 0, 0, 0, 0, 0, 0, 0, 0, 0, 2, 2, 3, 0, 2, 1, 2, 1, 4, 3, 6, 5, 3, 3, 2, 2, 4, 4, 597, 0, 1, 0, 0, 0, 1]",2,-0.1999999746233922,-1,1
3663,"[1, 0, 0, 1, 3, 7, 0, 1, 0, 1, 0, 0, 1, 0, 2, 0, 0, 0, 0, 0, 0, 0, 0, 0, 2, 0, 0, 0, 0, 0, 0, 0, 1, 1, 0, 1, 1, 0, 2, 2, 0, 0, 1, 0, 0, 0, 0, 1, 0, 0, 2, 2, 2, 0, 0, 0, 0, 0, 0, 0, 0, 0, 2, 2, 3, 0, 2, 1, 2, 1, 4, 3, 6, 5, 3, 3, 2, 2, 4, 4, 597, 0, 0, 1, 0, 0, 0]","[[1 3 0 0]
 [1 0 0 1]]",-0.1999999746233922,-1,1
3664,"[1, 3, 0, 0, 3, 4, 0, 2, 0, 1, 0, 0, 1, 0, 2, 0, 0, 0, 0, 0, 0, 0, 0, 0, 2, 0, 0, 0, 0, 0, 0, 0, 1, 1, 0, 1, 1, 0, 2, 2, 0, 0, 1, 0, 0, 0, 0, 1, 0, 0, 2, 2, 2, 0, 0, 0, 0, 0, 0, 0, 0, 0, 2, 2, 3, 0, 2, 1, 2, 1, 4, 3, 6, 5, 3, 3, 2, 2, 4, 4, 597, 0, 0, 0, 0, 0, 0]",0,-0.1999999746233922,-1,0
3665,"[1, 3, 0, 0, 3, 4, 0, 2, 0, 1, 0, 0, 1, 0, 2, 0, 0, 0, 0, 0, 0, 0, 0, 0, 2, 0, 0, 0, 0, 0, 0, 0, 1, 1, 0, 1, 1, 0, 2, 2, 0, 0, 1, 0, 0, 0, 0, 1, 0, 0, 2, 2, 2, 0, 0, 0, 0, 0, 0, 0, 0, 0, 2, 2, 3, 0, 2, 1, 2, 1, 4, 3, 6, 5, 3, 3, 2, 2, 4, 4, 597, 0, 0, 0, 0, 0, 0]",0,0.2427188978001809,-1,0
3666,"[1, 3, 0, 0, 3, 4, 0, 2, 0, 1, 0, 0, 1, 0, 2, 0, 0, 0, 0, 0, 0, 0, 0, 0, 2, 0, 0, 0, 0, 0, 0, 0, 1, 1, 0, 1, 1, 0, 2, 2, 0, 0, 1, 0, 0, 0, 0, 1, 0, 0, 2, 2, 2, 0, 0, 0, 0, 0, 0, 0, 0, 0, 2, 2, 3, 0, 2, 1, 2, 1, 4, 3, 6, 5, 3, 3, 2, 2, 4, 4, 597, 0, 0, 0, 0, 0, 0]",-1,-0.00012771207094964992,-1,0
3667,"[1, 3, 0, 0, 3, 4, 0, 2, 0, 1, 0, 0, 1, 0, 2, 0, 0, 0, 0, 0, 0, 0, 0, 0, 2, 0, 0, 0, 0, 0, 0, 0, 1, 1, 0, 1, 1, 0, 2, 2, 0, 0, 1, 0, 0, 0, 0, 1, 0, 0, 2, 2, 2, 0, 0, 0, 0, 0, 0, 0, 0, 0, 2, 2, 3, 0, 2, 1, 2, 1, 4, 3, 6, 5, 3, 3, 2, 2, 4, 4, 597, 0, 0, 0, 0, 0, 0]",0,0.2427188978001809,-1,0
3668,"[1, 3, 0, 0, 3, 4, 0, 2, 0, 1, 0, 0, 1, 0, 2, 0, 0, 0, 0, 0, 0, 0, 0, 0, 2, 0, 0, 0, 0, 0, 0, 0, 1, 1, 0, 1, 1, 0, 2, 2, 0, 0, 1, 0, 0, 0, 0, 1, 0, 0, 2, 2, 2, 0, 0, 0, 0, 0, 0, 0, 0, 0, 2, 2, 3, 0, 2, 1, 2, 1, 4, 3, 6, 5, 3, 3, 2, 2, 4, 4, 597, 0, 0, 0, 0, 0, 0]",-1,-0.00012771207094964992,-1,0
3669,"[1, 3, 0, 0, 3, 4, 0, 2, 0, 1, 0, 0, 1, 0, 2, 0, 0, 0, 0, 0, 0, 0, 0, 0, 2, 0, 0, 0, 0, 0, 0, 0, 1, 1, 0, 1, 1, 0, 2, 2, 0, 0, 1, 0, 0, 0, 0, 1, 0, 0, 2, 2, 2, 0, 0, 0, 0, 0, 0, 0, 0, 0, 2, 2, 3, 0, 2, 1, 2, 1, 4, 3, 6, 5, 3, 3, 2, 2, 4, 4, 597, 0, 0, 0, 0, 0, 0]",0,0.2427188978001809,-1,0
3670,"[1, 3, 0, 0, 3, 4, 0, 2, 0, 1, 0, 0, 1, 0, 2, 0, 0, 0, 0, 0, 0, 0, 0, 0, 2, 0, 0, 0, 0, 0, 0, 0, 1, 1, 0, 1, 1, 0, 2, 2, 0, 0, 1, 0, 0, 0, 0, 1, 0, 0, 2, 2, 2, 0, 0, 0, 0, 0, 0, 0, 0, 0, 2, 2, 3, 0, 2, 1, 2, 1, 4, 3, 6, 5, 3, 3, 2, 2, 4, 4, 597, 0, 0, 0, 0, 0, 0]",-1,-0.00012771207094964992,-1,0
3671,"[1, 3, 0, 0, 3, 4, 0, 2, 0, 1, 0, 0, 1, 0, 2, 0, 0, 0, 0, 0, 0, 0, 0, 0, 2, 0, 0, 0, 0, 0, 0, 0, 1, 1, 0, 1, 1, 0, 2, 2, 0, 0, 1, 0, 0, 0, 0, 1, 0, 0, 2, 2, 2, 0, 0, 0, 0, 0, 0, 0, 0, 0, 2, 2, 3, 0, 2, 1, 2, 1, 4, 3, 6, 5, 3, 3, 2, 2, 4, 4, 597, 0, 0, 0, 0, 0, 0]",0,0.2427188978001809,-1,0
3672,"[1, 3, 0, 0, 3, 4, 0, 2, 0, 1, 0, 0, 1, 0, 2, 0, 0, 0, 0, 0, 0, 0, 0, 0, 2, 0, 0, 0, 0, 0, 0, 0, 1, 1, 0, 1, 1, 0, 2, 2, 0, 0, 1, 0, 0, 0, 0, 1, 0, 0, 2, 2, 2, 0, 0, 0, 0, 0, 0, 0, 0, 0, 2, 2, 3, 0, 2, 1, 2, 1, 4, 3, 6, 5, 3, 3, 2, 2, 4, 4, 597, 0, 0, 0, 0, 0, 0]",-1,-0.00012771207094964992,-1,0
3673,"[1, 3, 0, 0, 3, 4, 0, 2, 0, 1, 0, 0, 1, 0, 2, 0, 0, 0, 0, 0, 0, 0, 0, 0, 2, 0, 0, 0, 0, 0, 0, 0, 1, 1, 0, 1, 1, 0, 2, 2, 0, 0, 1, 0, 0, 0, 0, 1, 0, 0, 2, 2, 2, 0, 0, 0, 0, 0, 0, 0, 0, 0, 2, 2, 3, 0, 2, 1, 2, 1, 4, 3, 6, 5, 3, 3, 2, 2, 4, 4, 597, 0, 0, 0, 0, 0, 0]",0,0.2427188978001809,-1,0
3674,"[1, 3, 0, 0, 3, 4, 0, 2, 0, 1, 0, 0, 1, 0, 2, 0, 0, 0, 0, 0, 0, 0, 0, 0, 2, 0, 0, 0, 0, 0, 0, 0, 1, 1, 0, 1, 1, 0, 2, 2, 0, 0, 1, 0, 0, 0, 0, 1, 0, 0, 2, 2, 2, 0, 0, 0, 0, 0, 0, 0, 0, 0, 2, 2, 3, 0, 2, 1, 2, 1, 4, 3, 6, 5, 3, 3, 2, 2, 4, 4, 597, 0, 0, 0, 0, 0, 0]",-1,-0.00012771207094964992,-1,0
3675,"[1, 3, 0, 0, 3, 4, 0, 2, 0, 1, 0, 0, 1, 0, 2, 0, 0, 0, 0, 0, 0, 0, 0, 0, 2, 0, 0, 0, 0, 0, 0, 0, 1, 1, 0, 1, 1, 0, 2, 2, 0, 0, 1, 0, 0, 0, 0, 1, 0, 0, 2, 2, 2, 0, 0, 0, 0, 0, 0, 0, 0, 0, 2, 2, 3, 0, 2, 1, 2, 1, 4, 3, 6, 5, 3, 3, 2, 2, 4, 4, 597, 0, 0, 0, 0, 0, 0]",0,0.2427188978001809,-1,0
3676,"[1, 3, 0, 0, 3, 4, 0, 2, 0, 1, 0, 0, 1, 0, 2, 0, 0, 0, 0, 0, 0, 0, 0, 0, 2, 0, 0, 0, 0, 0, 0, 0, 1, 1, 0, 1, 1, 0, 2, 2, 0, 0, 1, 0, 0, 0, 0, 1, 0, 0, 2, 2, 2, 0, 0, 0, 0, 0, 0, 0, 0, 0, 2, 2, 3, 0, 2, 1, 2, 1, 4, 3, 6, 5, 3, 3, 2, 2, 4, 4, 597, 0, 0, 0, 0, 0, 0]",-1,-0.00012771207094964992,-1,0
3677,"[1, 3, 0, 0, 3, 4, 0, 2, 0, 1, 0, 0, 1, 0, 2, 0, 0, 0, 0, 0, 0, 0, 0, 0, 2, 0, 0, 0, 0, 0, 0, 0, 1, 1, 0, 1, 1, 0, 2, 2, 0, 0, 1, 0, 0, 0, 0, 1, 0, 0, 2, 2, 2, 0, 0, 0, 0, 0, 0, 0, 0, 0, 2, 2, 3, 0, 2, 1, 2, 1, 4, 3, 6, 5, 3, 3, 2, 2, 4, 4, 597, 0, 0, 0, 0, 0, 0]",0,0.2427188978001809,-1,0
3678,"[1, 3, 0, 0, 3, 4, 0, 2, 0, 1, 0, 0, 1, 0, 2, 0, 0, 0, 0, 0, 0, 0, 0, 0, 2, 0, 0, 0, 0, 0, 0, 0, 1, 1, 0, 1, 1, 0, 2, 2, 0, 0, 1, 0, 0, 0, 0, 1, 0, 0, 2, 2, 2, 0, 0, 0, 0, 0, 0, 0, 0, 0, 2, 2, 3, 0, 2, 1, 2, 1, 4, 3, 6, 5, 3, 3, 2, 2, 4, 4, 597, 0, 0, 0, 0, 0, 0]",-1,-0.00012771207094964992,-1,0
3679,"[1, 3, 0, 0, 3, 4, 0, 2, 0, 1, 0, 0, 1, 0, 2, 0, 0, 0, 0, 0, 0, 0, 0, 0, 2, 0, 0, 0, 0, 0, 0, 0, 1, 1, 0, 1, 1, 0, 2, 2, 0, 0, 1, 0, 0, 0, 0, 1, 0, 0, 2, 2, 2, 0, 0, 0, 0, 0, 0, 0, 0, 0, 2, 2, 3, 0, 2, 1, 2, 1, 4, 3, 6, 5, 3, 3, 2, 2, 4, 4, 597, 0, 0, 0, 0, 0, 0]",0,0.2427188978001809,-1,0
3680,"[1, 3, 0, 0, 3, 4, 0, 2, 0, 1, 0, 0, 1, 0, 2, 0, 0, 0, 0, 0, 0, 0, 0, 0, 2, 0, 0, 0, 0, 0, 0, 0, 1, 1, 0, 1, 1, 0, 2, 2, 0, 0, 1, 0, 0, 0, 0, 1, 0, 0, 2, 2, 2, 0, 0, 0, 0, 0, 0, 0, 0, 0, 2, 2, 3, 0, 2, 1, 2, 1, 4, 3, 6, 5, 3, 3, 2, 2, 4, 4, 597, 0, 0, 0, 0, 0, 0]",-1,-0.00012771207094964992,-1,0
3681,"[1, 3, 0, 0, 3, 4, 0, 2, 0, 1, 0, 0, 1, 0, 2, 0, 0, 0, 0, 0, 0, 0, 0, 0, 2, 0, 0, 0, 0, 0, 0, 0, 1, 1, 0, 1, 1, 0, 2, 2, 0, 0, 1, 0, 0, 0, 0, 1, 0, 0, 2, 2, 2, 0, 0, 0, 0, 0, 0, 0, 0, 0, 2, 2, 3, 0, 2, 1, 2, 1, 4, 3, 6, 5, 3, 3, 2, 2, 4, 4, 597, 1, 0, 0, 0, 0, 0]",3,0.20000002537660783,-1,0
3682,"[1, 3, 0, 0, 3, 4, 0, 2, 0, 1, 0, 0, 1, 0, 2, 0, 0, 0, 0, 0, 0, 0, 0, 0, 2, 0, 0, 0, 0, 0, 0, 0, 1, 1, 0, 1, 1, 0, 2, 2, 0, 0, 1, 0, 0, 0, 0, 1, 0, 0, 2, 2, 2, 0, 0, 0, 0, 0, 0, 0, 0, 0, 2, 2, 3, 0, 2, 1, 2, 1, 4, 3, 6, 5, 3, 3, 2, 2, 4, 4, 597, 0, 0, 0, 0, 0, 0]",-1,-0.00012771207094964992,-1,0
3683,"[1, 3, 0, 0, 3, 4, 0, 2, 0, 1, 0, 0, 1, 0, 2, 0, 0, 0, 0, 0, 0, 0, 0, 0, 2, 0, 0, 0, 0, 0, 0, 0, 1, 1, 0, 1, 1, 0, 2, 2, 0, 0, 1, 0, 0, 0, 0, 1, 0, 0, 2, 2, 2, 0, 0, 0, 0, 0, 0, 0, 0, 0, 2, 2, 3, 0, 2, 1, 2, 1, 4, 3, 6, 5, 3, 3, 2, 2, 4, 4, 598, 0, 0, 0, 0, 0, 0]",4,13.893730005796515,-1,0
3684,"[1, 3, 0, 0, 3, 4, 0, 2, 0, 1, 0, 0, 1, 0, 2, 0, 0, 0, 0, 0, 0, 0, 0, 0, 2, 0, 0, 0, 0, 0, 0, 0, 1, 1, 0, 1, 1, 0, 2, 2, 0, 0, 1, 0, 0, 0, 0, 1, 0, 0, 2, 2, 2, 0, 0, 0, 0, 0, 0, 0, 0, 0, 2, 2, 3, 0, 2, 1, 2, 1, 4, 3, 6, 5, 3, 3, 2, 2, 4, 4, 598, 0, 1, 0, 0, 0, 0]",2,0.4000000243815769,-1,1
3685,"[1, 3, 0, 0, 3, 4, 0, 2, 0, 1, 0, 0, 1, 0, 2, 0, 0, 0, 0, 0, 0, 0, 0, 0, 2, 0, 0, 0, 0, 0, 0, 0, 1, 1, 0, 1, 1, 0, 2, 2, 0, 0, 1, 0, 0, 0, 0, 1, 0, 0, 2, 2, 2, 0, 0, 0, 0, 0, 0, 0, 0, 0, 2, 2, 3, 0, 2, 1, 2, 1, 4, 3, 6, 5, 3, 3, 2, 2, 4, 4, 598, 0, 1, 0, 0, 1, 0]","[[1 1 0 1]
 [1 1 0 0]]",-0.03406776679439072,-1,1
3686,"[1, 3, 0, 0, 3, 4, 0, 2, 0, 1, 0, 0, 1, 0, 2, 0, 0, 0, 0, 0, 0, 0, 0, 0, 2, 0, 0, 0, 0, 0, 0, 0, 1, 1, 0, 1, 1, 0, 2, 2, 0, 0, 1, 0, 0, 0, 0, 1, 0, 0, 2, 2, 2, 0, 0, 0, 0, 0, 0, 0, 0, 0, 2, 2, 3, 0, 2, 1, 2, 1, 4, 3, 6, 5, 3, 3, 2, 2, 4, 4, 598, 0, 0, 0, 0, 0, 0]",1,-0.19999997561842311,-1,0
3687,"[1, 3, 0, 0, 3, 4, 0, 2, 0, 1, 0, 0, 1, 0, 2, 0, 0, 0, 0, 0, 0, 0, 0, 0, 2, 0, 0, 0, 0, 0, 0, 0, 1, 1, 0, 1, 1, 0, 2, 2, 0, 0, 1, 0, 0, 0, 0, 1, 0, 0, 2, 2, 2, 0, 0, 0, 0, 0, 0, 0, 0, 0, 2, 2, 3, 0, 2, 1, 2, 1, 4, 3, 6, 5, 3, 3, 2, 2, 4, 4, 598, 0, 0, 0, 0, 0, 0]",-1,-0.00012644131461146278,-1,1
3688,"[1, 3, 0, 0, 3, 4, 0, 2, 0, 1, 0, 0, 1, 0, 2, 0, 0, 0, 0, 0, 0, 0, 0, 0, 2, 0, 0, 0, 0, 0, 0, 0, 1, 1, 0, 1, 1, 0, 2, 2, 0, 0, 1, 0, 0, 0, 0, 1, 0, 0, 2, 2, 2, 0, 0, 0, 0, 0, 0, 0, 0, 0, 2, 2, 3, 0, 2, 1, 2, 1, 4, 3, 6, 5, 3, 3, 2, 2, 4, 4, 599, 0, 0, 0, 0, 0, 0]",4,12.730899018829204,-1,1
3689,"[1, 4, 0, 0, 3, 5, 0, 2, 0, 1, 0, 0, 1, 0, 2, 0, 0, 0, 0, 0, 0, 0, 0, 0, 2, 0, 0, 0, 0, 0, 0, 0, 1, 1, 0, 1, 1, 0, 2, 2, 0, 0, 1, 0, 0, 0, 0, 1, 0, 0, 2, 2, 2, 0, 0, 0, 0, 0, 0, 0, 0, 0, 2, 2, 3, 0, 2, 1, 2, 1, 4, 3, 6, 5, 3, 3, 2, 2, 4, 4, 600, 0, 0, 0, 0, 0, 0]",4,13.760288635123919,-1,0
3690,"[1, 4, 0, 0, 3, 5, 0, 2, 0, 1, 0, 0, 1, 0, 2, 0, 0, 0, 0, 0, 0, 0, 0, 0, 2, 0, 0, 0, 0, 0, 0, 0, 1, 1, 0, 1, 1, 0, 2, 2, 0, 0, 1, 0, 0, 0, 0, 1, 0, 0, 2, 2, 2, 0, 0, 0, 0, 0, 0, 0, 0, 0, 2, 2, 3, 0, 2, 1, 2, 1, 4, 3, 6, 5, 3, 3, 2, 2, 4, 4, 600, 0, 1, 0, 0, 0, 0]",2,0.40000002250703237,-1,1
3691,"[1, 4, 0, 0, 3, 5, 0, 2, 0, 1, 0, 0, 1, 0, 2, 0, 0, 0, 0, 0, 0, 0, 0, 0, 2, 0, 0, 0, 0, 0, 0, 0, 1, 1, 0, 1, 1, 0, 2, 2, 0, 0, 1, 0, 0, 0, 0, 1, 0, 0, 2, 2, 2, 0, 0, 0, 0, 0, 0, 0, 0, 0, 2, 2, 3, 0, 2, 1, 2, 1, 4, 3, 6, 5, 3, 3, 2, 2, 4, 4, 600, 0, 1, 0, 0, 1, 0]","[[1 1 0 1]
 [1 4 0 0]]",2.122490907230751,-1,1
3692,"[1, 1, 0, 1, 3, 8, 0, 1, 0, 1, 0, 0, 1, 0, 2, 0, 0, 0, 0, 0, 0, 0, 0, 0, 2, 0, 0, 0, 0, 0, 0, 0, 1, 1, 0, 1, 1, 0, 2, 2, 0, 0, 1, 0, 0, 0, 0, 1, 0, 0, 2, 2, 2, 0, 0, 0, 0, 0, 0, 0, 0, 0, 2, 2, 3, 0, 2, 1, 2, 1, 4, 3, 6, 5, 3, 3, 2, 2, 4, 4, 600, 0, 0, 0, 0, 0, 0]",0,-0.1999999774929676,-1,0
3693,"[1, 1, 0, 1, 3, 8, 0, 1, 0, 1, 0, 0, 1, 0, 2, 0, 0, 0, 0, 0, 0, 0, 0, 0, 2, 0, 0, 0, 0, 0, 0, 0, 1, 1, 0, 1, 1, 0, 2, 2, 0, 0, 1, 0, 0, 0, 0, 1, 0, 0, 2, 2, 2, 0, 0, 0, 0, 0, 0, 0, 0, 0, 2, 2, 3, 0, 2, 1, 2, 1, 4, 3, 6, 5, 3, 3, 2, 2, 4, 4, 600, 0, 1, 0, 0, 0, 0]",2,0.40000002250703237,-1,1
3694,"[1, 1, 0, 1, 3, 8, 0, 1, 0, 1, 0, 0, 1, 0, 2, 0, 0, 0, 0, 0, 0, 0, 0, 0, 2, 0, 0, 0, 0, 0, 0, 0, 1, 1, 0, 1, 1, 0, 2, 2, 0, 0, 1, 0, 0, 0, 0, 1, 0, 0, 2, 2, 2, 0, 0, 0, 0, 0, 0, 0, 0, 0, 2, 2, 3, 0, 2, 1, 2, 1, 4, 3, 6, 5, 3, 3, 2, 2, 4, 4, 600, 0, 1, 0, 0, 1, 0]","[[1 4 0 0]
 [1 1 0 1]]",-0.17611565301239726,-1,1
3695,"[1, 1, 0, 1, 3, 8, 0, 1, 0, 1, 0, 0, 1, 0, 2, 0, 0, 0, 0, 0, 0, 0, 0, 0, 2, 0, 0, 0, 0, 0, 0, 0, 1, 1, 0, 1, 1, 0, 2, 2, 0, 0, 1, 0, 0, 0, 0, 1, 0, 0, 2, 2, 2, 0, 0, 0, 0, 0, 0, 0, 0, 0, 2, 2, 3, 0, 2, 1, 2, 1, 4, 3, 6, 5, 3, 3, 2, 2, 4, 4, 600, 0, 0, 0, 0, 0, 0]",1,-0.1999999774929676,-1,0
3696,"[1, 1, 0, 1, 3, 8, 0, 1, 0, 1, 0, 0, 1, 0, 2, 0, 0, 0, 0, 0, 0, 0, 0, 0, 2, 0, 0, 0, 0, 0, 0, 0, 1, 1, 0, 1, 1, 0, 2, 2, 0, 0, 1, 0, 0, 0, 0, 1, 0, 0, 2, 2, 2, 0, 0, 0, 0, 0, 0, 0, 0, 0, 2, 2, 3, 0, 2, 1, 2, 1, 4, 3, 6, 5, 3, 3, 2, 2, 4, 4, 600, 0, 0, 0, 0, 0, 0]",-1,-0.00012393760883331792,-1,1
3697,"[1, 1, 0, 1, 3, 8, 0, 1, 0, 1, 0, 0, 1, 0, 2, 0, 0, 0, 0, 0, 0, 0, 0, 0, 2, 0, 0, 0, 0, 0, 0, 0, 1, 1, 0, 1, 1, 0, 2, 2, 0, 0, 1, 0, 0, 0, 0, 1, 0, 0, 2, 2, 2, 0, 0, 0, 0, 0, 0, 0, 0, 0, 2, 2, 3, 0, 2, 1, 2, 1, 4, 3, 6, 5, 3, 3, 2, 2, 4, 4, 601, 0, 0, 0, 0, 0, 0]",4,12.418344214117468,-1,1
3698,"[2, 1, 0, 1, 3, 9, 0, 1, 0, 1, 0, 0, 1, 0, 2, 0, 0, 0, 0, 0, 0, 0, 0, 0, 2, 0, 0, 0, 0, 0, 0, 0, 1, 1, 0, 1, 1, 0, 2, 2, 0, 0, 1, 0, 0, 0, 0, 1, 0, 0, 2, 2, 2, 0, 0, 0, 0, 0, 0, 0, 0, 0, 2, 2, 3, 0, 2, 1, 2, 1, 4, 3, 6, 5, 3, 3, 2, 2, 4, 4, 602, 0, 0, 0, 0, 0, 0]",4,14.374013992968495,-1,0
3699,"[2, 1, 0, 1, 3, 9, 0, 1, 0, 1, 0, 0, 1, 0, 2, 0, 0, 0, 0, 0, 0, 0, 0, 0, 2, 0, 0, 0, 0, 0, 0, 0, 1, 1, 0, 1, 1, 0, 2, 2, 0, 0, 1, 0, 0, 0, 0, 1, 0, 0, 2, 2, 2, 0, 0, 0, 0, 0, 0, 0, 0, 0, 2, 2, 3, 0, 2, 1, 2, 1, 4, 3, 6, 5, 3, 3, 2, 2, 4, 4, 602, 0, 1, 0, 0, 0, 0]",2,0.4000000207766097,-1,1
3700,"[2, 1, 0, 1, 3, 9, 0, 1, 0, 1, 0, 0, 1, 0, 2, 0, 0, 0, 0, 0, 0, 0, 0, 0, 2, 0, 0, 0, 0, 0, 0, 0, 1, 1, 0, 1, 1, 0, 2, 2, 0, 0, 1, 0, 0, 0, 0, 1, 0, 0, 2, 2, 2, 0, 0, 0, 0, 0, 0, 0, 0, 0, 2, 2, 3, 0, 2, 1, 2, 1, 4, 3, 6, 5, 3, 3, 2, 2, 4, 4, 602, 0, 1, 0, 0, 1, 0]","[[1 2 0 0]
 [2 1 0 1]]",1.7252413533172055,-1,1
3701,"[1, 2, 0, 0, 4, 8, 0, 2, 0, 1, 0, 0, 1, 0, 2, 0, 0, 0, 0, 0, 0, 0, 0, 0, 2, 0, 0, 0, 0, 0, 0, 0, 1, 1, 0, 1, 1, 0, 2, 2, 0, 0, 1, 0, 0, 0, 0, 1, 0, 0, 2, 2, 2, 0, 0, 0, 0, 0, 0, 0, 0, 0, 2, 2, 3, 0, 2, 1, 2, 1, 4, 3, 6, 5, 3, 3, 2, 2, 4, 4, 602, 0, 0, 0, 0, 0, 0]",0,-0.19999997922339033,-1,0
3702,"[1, 2, 0, 0, 4, 8, 0, 2, 0, 1, 0, 0, 1, 0, 2, 0, 0, 0, 0, 0, 0, 0, 0, 0, 2, 0, 0, 0, 0, 0, 0, 0, 1, 1, 0, 1, 1, 0, 2, 2, 0, 0, 1, 0, 0, 0, 0, 1, 0, 0, 2, 2, 2, 0, 0, 0, 0, 0, 0, 0, 0, 0, 2, 2, 3, 0, 2, 1, 2, 1, 4, 3, 6, 5, 3, 3, 2, 2, 4, 4, 602, 1, 0, 0, 0, 0, 0]",3,0.2000000207766097,-1,1
3703,"[1, 2, 0, 0, 4, 8, 0, 2, 0, 1, 0, 0, 1, 0, 2, 0, 0, 0, 0, 0, 0, 0, 0, 0, 2, 0, 0, 0, 0, 0, 0, 0, 1, 1, 0, 1, 1, 0, 2, 2, 0, 0, 1, 0, 0, 0, 0, 1, 0, 0, 2, 2, 2, 0, 0, 0, 0, 0, 0, 0, 0, 0, 2, 2, 3, 0, 2, 1, 2, 1, 4, 3, 6, 5, 3, 3, 2, 2, 4, 4, 602, 0, 0, 0, 0, 0, 0]",-1,-0.00012148347975122977,-1,1
3704,"[2, 2, 0, 0, 4, 9, 0, 2, 0, 1, 0, 0, 1, 0, 2, 0, 0, 0, 0, 0, 0, 0, 0, 0, 2, 0, 0, 0, 0, 0, 0, 0, 1, 1, 0, 1, 1, 0, 2, 2, 0, 0, 1, 0, 0, 0, 0, 1, 0, 0, 2, 2, 2, 0, 0, 0, 0, 0, 0, 0, 0, 0, 2, 2, 3, 0, 2, 1, 2, 1, 4, 3, 6, 5, 3, 3, 2, 2, 4, 4, 603, 0, 0, 0, 0, 0, 0]",4,12.488801683768854,-1,1
3705,"[2, 2, 0, 0, 4, 9, 0, 2, 0, 1, 0, 0, 1, 0, 2, 0, 0, 0, 0, 0, 0, 0, 0, 0, 2, 0, 0, 0, 0, 0, 0, 0, 1, 1, 0, 1, 1, 0, 2, 2, 0, 0, 1, 0, 0, 0, 0, 1, 0, 0, 2, 2, 2, 0, 0, 0, 0, 0, 0, 0, 0, 0, 2, 2, 3, 0, 2, 1, 2, 1, 4, 3, 6, 5, 3, 3, 2, 2, 4, 4, 603, 0, 1, 0, 0, 0, 0]",2,0.40000001996194723,-1,0
3706,"[2, 2, 0, 0, 4, 9, 0, 2, 0, 1, 0, 0, 1, 0, 2, 0, 0, 0, 0, 0, 0, 0, 0, 0, 2, 0, 0, 0, 0, 0, 0, 0, 1, 1, 0, 1, 1, 0, 2, 2, 0, 0, 1, 0, 0, 0, 0, 1, 0, 0, 2, 2, 2, 0, 0, 0, 0, 0, 0, 0, 0, 0, 2, 2, 3, 0, 2, 1, 2, 1, 4, 3, 6, 5, 3, 3, 2, 2, 4, 4, 603, 0, 1, 0, 0, 1, 0]","[[1 0 0 0]
 [0 0 0 1]]",0.6504248850200381,-1,0
3707,"[2, 2, 0, 0, 4, 9, 0, 2, 0, 1, 0, 0, 1, 0, 2, 0, 0, 0, 0, 0, 0, 0, 0, 0, 2, 0, 0, 0, 0, 0, 0, 0, 1, 1, 0, 1, 1, 0, 2, 2, 0, 0, 1, 0, 0, 0, 0, 1, 0, 0, 2, 2, 2, 0, 0, 0, 0, 0, 0, 0, 0, 0, 2, 2, 3, 0, 2, 1, 2, 1, 4, 3, 6, 5, 3, 3, 2, 2, 4, 4, 603, 0, 1, 0, 0, 0, 1]",2,-0.19999998003805275,-1,1
3708,"[2, 2, 0, 0, 4, 9, 0, 2, 0, 1, 0, 0, 1, 0, 2, 0, 0, 0, 0, 0, 0, 0, 0, 0, 2, 0, 0, 0, 0, 0, 0, 0, 1, 1, 0, 1, 1, 0, 2, 2, 0, 0, 1, 0, 0, 0, 0, 1, 0, 0, 2, 2, 2, 0, 0, 0, 0, 0, 0, 0, 0, 0, 2, 2, 3, 0, 2, 1, 2, 1, 4, 3, 6, 5, 3, 3, 2, 2, 4, 4, 603, 0, 0, 1, 0, 0, 0]","[[1 4 0 1]
 [1 1 0 0]]",-0.19999998003805275,-1,1
3709,"[2, 2, 0, 0, 4, 9, 0, 2, 0, 1, 0, 0, 1, 0, 2, 0, 0, 0, 0, 0, 0, 0, 0, 0, 2, 0, 0, 0, 0, 0, 0, 0, 1, 1, 0, 1, 1, 0, 2, 2, 0, 0, 1, 0, 0, 0, 0, 1, 0, 0, 2, 2, 2, 0, 0, 0, 0, 0, 0, 0, 0, 0, 2, 2, 3, 0, 2, 1, 2, 1, 4, 3, 6, 5, 3, 3, 2, 2, 4, 4, 603, 0, 0, 0, 0, 0, 0]",1,-13.117981470866567,-1,0
3710,"[2, 2, 0, 0, 4, 9, 0, 2, 0, 1, 0, 0, 1, 0, 2, 0, 0, 0, 0, 0, 0, 0, 0, 0, 2, 0, 0, 0, 0, 0, 0, 0, 1, 1, 0, 1, 1, 0, 2, 2, 0, 0, 1, 0, 0, 0, 0, 1, 0, 0, 2, 2, 2, 0, 0, 0, 0, 0, 0, 0, 0, 0, 2, 2, 3, 0, 2, 1, 2, 1, 4, 3, 6, 5, 3, 3, 2, 2, 4, 4, 603, 0, 0, 0, 0, 0, 0]",1,0.609624135061564,-1,0
3711,"[2, 2, 0, 0, 4, 9, 0, 2, 0, 1, 0, 0, 1, 0, 2, 0, 0, 0, 0, 0, 0, 0, 0, 0, 2, 0, 0, 0, 0, 0, 0, 0, 1, 1, 0, 1, 1, 0, 2, 2, 0, 0, 1, 0, 0, 0, 0, 1, 0, 0, 2, 2, 2, 0, 0, 0, 0, 0, 0, 0, 0, 0, 2, 2, 3, 0, 2, 1, 2, 1, 4, 3, 6, 5, 3, 3, 2, 2, 4, 4, 603, 0, 0, 0, 0, 0, 0]",-1,-0.00012027469893097548,-1,0
3712,"[2, 2, 0, 0, 4, 9, 0, 2, 0, 1, 0, 0, 1, 0, 2, 0, 0, 0, 0, 0, 0, 0, 0, 0, 2, 0, 0, 0, 0, 0, 0, 0, 1, 1, 0, 1, 1, 0, 2, 2, 0, 0, 1, 0, 0, 0, 0, 1, 0, 0, 2, 2, 2, 0, 0, 0, 0, 0, 0, 0, 0, 0, 2, 2, 3, 0, 2, 1, 2, 1, 4, 3, 6, 5, 3, 3, 2, 2, 4, 4, 603, 1, 0, 0, 0, 0, 0]",3,0.20000001996194727,-1,0
3713,"[0, 2, 0, 1, 4, 9, 0, 2, 0, 1, 0, 0, 1, 0, 2, 0, 0, 0, 0, 0, 0, 0, 0, 0, 2, 0, 0, 0, 0, 0, 0, 0, 1, 1, 0, 1, 1, 0, 2, 2, 0, 0, 1, 0, 0, 0, 0, 1, 0, 0, 2, 2, 2, 0, 0, 0, 0, 0, 0, 0, 0, 0, 2, 2, 3, 0, 2, 1, 2, 1, 4, 3, 6, 5, 3, 3, 2, 2, 4, 4, 603, 0, 0, 0, 0, 0, 0]","[[2 0 0 0]
 [0 0 0 1]]",-0.19854229812701168,-1,0
3714,"[0, 2, 0, 1, 4, 9, 0, 2, 0, 1, 0, 0, 1, 0, 2, 0, 0, 0, 0, 0, 0, 0, 0, 0, 2, 0, 0, 0, 0, 0, 0, 0, 1, 1, 0, 1, 1, 0, 2, 2, 0, 0, 1, 0, 0, 0, 0, 1, 0, 0, 2, 2, 2, 0, 0, 0, 0, 0, 0, 0, 0, 0, 2, 2, 3, 0, 2, 1, 2, 1, 4, 3, 6, 5, 3, 3, 2, 2, 4, 4, 603, 0, 0, 0, 0, 0, 0]",1,0.609624135061564,-1,0
3715,"[0, 2, 0, 1, 4, 9, 0, 2, 0, 1, 0, 0, 1, 0, 2, 0, 0, 0, 0, 0, 0, 0, 0, 0, 2, 0, 0, 0, 0, 0, 0, 0, 1, 1, 0, 1, 1, 0, 2, 2, 0, 0, 1, 0, 0, 0, 0, 1, 0, 0, 2, 2, 2, 0, 0, 0, 0, 0, 0, 0, 0, 0, 2, 2, 3, 0, 2, 1, 2, 1, 4, 3, 6, 5, 3, 3, 2, 2, 4, 4, 603, 0, 0, 0, 0, 0, 0]",-1,-0.00012027469893097548,-1,0
3716,"[0, 2, 0, 1, 4, 9, 0, 2, 0, 1, 0, 0, 1, 0, 2, 0, 0, 0, 0, 0, 0, 0, 0, 0, 2, 0, 0, 0, 0, 0, 0, 0, 1, 1, 0, 1, 1, 0, 2, 2, 0, 0, 1, 0, 0, 0, 0, 1, 0, 0, 2, 2, 2, 0, 0, 0, 0, 0, 0, 0, 0, 0, 2, 2, 3, 0, 2, 1, 2, 1, 4, 3, 6, 5, 3, 3, 2, 2, 4, 4, 603, 1, 0, 0, 0, 0, 0]",3,0.20000001996194727,-1,0
3717,"[0, 2, 0, 1, 4, 9, 0, 2, 0, 1, 0, 0, 1, 0, 2, 0, 0, 0, 0, 0, 0, 0, 0, 0, 2, 0, 0, 0, 0, 0, 0, 0, 1, 1, 0, 1, 1, 0, 2, 2, 0, 0, 1, 0, 0, 0, 0, 1, 0, 0, 2, 2, 2, 0, 0, 0, 0, 0, 0, 0, 0, 0, 2, 2, 3, 0, 2, 1, 2, 1, 4, 3, 6, 5, 3, 3, 2, 2, 4, 4, 603, 0, 0, 0, 0, 0, 0]",-1,-0.00012027469893097548,-1,0
3718,"[0, 2, 0, 1, 4, 9, 0, 2, 0, 1, 0, 0, 1, 0, 2, 0, 0, 0, 0, 0, 0, 0, 0, 0, 2, 0, 0, 0, 0, 0, 0, 0, 1, 1, 0, 1, 1, 0, 2, 2, 0, 0, 1, 0, 0, 0, 0, 1, 0, 0, 2, 2, 2, 0, 0, 0, 0, 0, 0, 0, 0, 0, 2, 2, 3, 0, 2, 1, 2, 1, 4, 3, 6, 5, 3, 3, 2, 2, 4, 4, 603, 1, 0, 0, 0, 0, 0]",3,0.20000001996194727,-1,0
3719,"[0, 2, 0, 1, 4, 9, 0, 2, 0, 1, 0, 0, 1, 0, 2, 0, 0, 0, 0, 0, 0, 0, 0, 0, 2, 0, 0, 0, 0, 0, 0, 0, 1, 1, 0, 1, 1, 0, 2, 2, 0, 0, 1, 0, 0, 0, 0, 1, 0, 0, 2, 2, 2, 0, 0, 0, 0, 0, 0, 0, 0, 0, 2, 2, 3, 0, 2, 1, 2, 1, 4, 3, 6, 5, 3, 3, 2, 2, 4, 4, 603, 0, 0, 0, 0, 0, 0]",-1,-0.00012027469893097548,-1,0
3720,"[0, 2, 0, 1, 4, 9, 0, 2, 0, 1, 0, 0, 1, 0, 2, 0, 0, 0, 0, 0, 0, 0, 0, 0, 2, 0, 0, 0, 0, 0, 0, 0, 1, 1, 0, 1, 1, 0, 2, 2, 0, 0, 1, 0, 0, 0, 0, 1, 0, 0, 2, 2, 2, 0, 0, 0, 0, 0, 0, 0, 0, 0, 2, 2, 3, 0, 2, 1, 2, 1, 4, 3, 6, 5, 3, 3, 2, 2, 4, 4, 603, 0, 0, 0, 0, 0, 0]",0,0.24271889238552036,-1,0
3721,"[0, 2, 0, 1, 4, 9, 0, 2, 0, 1, 0, 0, 1, 0, 2, 0, 0, 0, 0, 0, 0, 0, 0, 0, 2, 0, 0, 0, 0, 0, 0, 0, 1, 1, 0, 1, 1, 0, 2, 2, 0, 0, 1, 0, 0, 0, 0, 1, 0, 0, 2, 2, 2, 0, 0, 0, 0, 0, 0, 0, 0, 0, 2, 2, 3, 0, 2, 1, 2, 1, 4, 3, 6, 5, 3, 3, 2, 2, 4, 4, 603, 0, 0, 0, 0, 0, 0]",-1,-0.00012027469893097548,-1,0
3722,"[0, 2, 0, 1, 4, 9, 0, 2, 0, 1, 0, 0, 1, 0, 2, 0, 0, 0, 0, 0, 0, 0, 0, 0, 2, 0, 0, 0, 0, 0, 0, 0, 1, 1, 0, 1, 1, 0, 2, 2, 0, 0, 1, 0, 0, 0, 0, 1, 0, 0, 2, 2, 2, 0, 0, 0, 0, 0, 0, 0, 0, 0, 2, 2, 3, 0, 2, 1, 2, 1, 4, 3, 6, 5, 3, 3, 2, 2, 4, 4, 603, 1, 0, 0, 0, 0, 0]",3,0.20000001996194727,-1,0
3723,"[0, 2, 0, 1, 4, 9, 0, 2, 0, 1, 0, 0, 1, 0, 2, 0, 0, 0, 0, 0, 0, 0, 0, 0, 2, 0, 0, 0, 0, 0, 0, 0, 1, 1, 0, 1, 1, 0, 2, 2, 0, 0, 1, 0, 0, 0, 0, 1, 0, 0, 2, 2, 2, 0, 0, 0, 0, 0, 0, 0, 0, 0, 2, 2, 3, 0, 2, 1, 2, 1, 4, 3, 6, 5, 3, 3, 2, 2, 4, 4, 603, 0, 0, 0, 0, 0, 0]",-1,-0.00012027469893097548,-1,0
3724,"[0, 2, 0, 1, 4, 9, 0, 2, 0, 1, 0, 0, 1, 0, 2, 0, 0, 0, 0, 0, 0, 0, 0, 0, 2, 0, 0, 0, 0, 0, 0, 0, 1, 1, 0, 1, 1, 0, 2, 2, 0, 0, 1, 0, 0, 0, 0, 1, 0, 0, 2, 2, 2, 0, 0, 0, 0, 0, 0, 0, 0, 0, 2, 2, 3, 0, 2, 1, 2, 1, 4, 3, 6, 5, 3, 3, 2, 2, 4, 4, 604, 0, 0, 0, 0, 0, 0]",4,14.055909210397074,-1,0
3725,"[0, 2, 0, 1, 4, 9, 0, 2, 0, 1, 0, 0, 1, 0, 2, 0, 0, 0, 0, 0, 0, 0, 0, 0, 2, 0, 0, 0, 0, 0, 0, 0, 1, 1, 0, 1, 1, 0, 2, 2, 0, 0, 1, 0, 0, 0, 0, 1, 0, 0, 2, 2, 2, 0, 0, 0, 0, 0, 0, 0, 0, 0, 2, 2, 3, 0, 2, 1, 2, 1, 4, 3, 6, 5, 3, 3, 2, 2, 4, 4, 604, 0, 1, 0, 0, 0, 0]",2,0.4000000191792281,-1,1
3726,"[0, 2, 0, 1, 4, 9, 0, 2, 0, 1, 0, 0, 1, 0, 2, 0, 0, 0, 0, 0, 0, 0, 0, 0, 2, 0, 0, 0, 0, 0, 0, 0, 1, 1, 0, 1, 1, 0, 2, 2, 0, 0, 1, 0, 0, 0, 0, 1, 0, 0, 2, 2, 2, 0, 0, 0, 0, 0, 0, 0, 0, 0, 2, 2, 3, 0, 2, 1, 2, 1, 4, 3, 6, 5, 3, 3, 2, 2, 4, 4, 604, 0, 1, 0, 0, 1, 0]","[[1 4 0 1]
 [0 1 0 1]]",-0.19955820824885956,-1,1
3727,"[0, 2, 0, 1, 4, 9, 0, 2, 0, 1, 0, 0, 1, 0, 2, 0, 0, 0, 0, 0, 0, 0, 0, 0, 2, 0, 0, 0, 0, 0, 0, 0, 1, 1, 0, 1, 1, 0, 2, 2, 0, 0, 1, 0, 0, 0, 0, 1, 0, 0, 2, 2, 2, 0, 0, 0, 0, 0, 0, 0, 0, 0, 2, 2, 3, 0, 2, 1, 2, 1, 4, 3, 6, 5, 3, 3, 2, 2, 4, 4, 604, 0, 0, 0, 0, 0, 0]",1,-0.19999998082077183,-1,0
3728,"[0, 2, 0, 1, 4, 9, 0, 2, 0, 1, 0, 0, 1, 0, 2, 0, 0, 0, 0, 0, 0, 0, 0, 0, 2, 0, 0, 0, 0, 0, 0, 0, 1, 1, 0, 1, 1, 0, 2, 2, 0, 0, 1, 0, 0, 0, 0, 1, 0, 0, 2, 2, 2, 0, 0, 0, 0, 0, 0, 0, 0, 0, 2, 2, 3, 0, 2, 1, 2, 1, 4, 3, 6, 5, 3, 3, 2, 2, 4, 4, 604, 0, 0, 0, 0, 0, 0]",-1,-0.00011907794568084354,-1,1
3729,"[0, 2, 0, 1, 4, 9, 0, 2, 0, 1, 0, 0, 1, 0, 2, 0, 0, 0, 0, 0, 0, 0, 0, 0, 2, 0, 0, 0, 0, 0, 0, 0, 1, 1, 0, 1, 1, 0, 2, 2, 0, 0, 1, 0, 0, 0, 0, 1, 0, 0, 2, 2, 2, 0, 0, 0, 0, 0, 0, 0, 0, 0, 2, 2, 3, 0, 2, 1, 2, 1, 4, 3, 6, 5, 3, 3, 2, 2, 4, 4, 605, 0, 0, 0, 0, 0, 0]",4,12.488796871165965,-1,1
3730,"[0, 2, 0, 1, 4, 9, 0, 2, 0, 1, 0, 0, 1, 0, 2, 0, 0, 0, 0, 0, 0, 0, 0, 0, 2, 0, 0, 0, 0, 0, 0, 0, 1, 1, 0, 1, 1, 0, 2, 2, 0, 0, 1, 0, 0, 0, 0, 1, 0, 0, 2, 2, 2, 0, 0, 0, 0, 0, 0, 0, 0, 0, 2, 2, 3, 0, 2, 1, 2, 1, 4, 3, 6, 5, 3, 3, 2, 2, 4, 4, 606, 0, 0, 0, 0, 0, 0]",4,14.055904445725293,-1,0
3731,"[0, 2, 0, 1, 4, 9, 0, 2, 0, 1, 0, 0, 1, 0, 2, 0, 0, 0, 0, 0, 0, 0, 0, 0, 2, 0, 0, 0, 0, 0, 0, 0, 1, 1, 0, 1, 1, 0, 2, 2, 0, 0, 1, 0, 0, 0, 0, 1, 0, 0, 2, 2, 2, 0, 0, 0, 0, 0, 0, 0, 0, 0, 2, 2, 3, 0, 2, 1, 2, 1, 4, 3, 6, 5, 3, 3, 2, 2, 4, 4, 606, 1, 0, 0, 0, 0, 0]",3,0.2000000177046592,-1,1
3732,"[0, 2, 0, 1, 4, 9, 0, 2, 0, 1, 0, 0, 1, 0, 2, 0, 0, 0, 0, 0, 0, 0, 0, 0, 2, 0, 0, 0, 0, 0, 0, 0, 1, 1, 0, 1, 1, 0, 2, 2, 0, 0, 1, 0, 0, 0, 0, 1, 0, 0, 2, 2, 2, 0, 0, 0, 0, 0, 0, 0, 0, 0, 2, 2, 3, 0, 2, 1, 2, 1, 4, 3, 6, 5, 3, 3, 2, 2, 4, 4, 606, 0, 0, 0, 0, 0, 0]",-1,-0.00011672004437645666,-1,1
3733,"[0, 2, 0, 1, 4, 9, 0, 3, 0, 1, 0, 0, 1, 0, 2, 0, 0, 0, 0, 0, 0, 0, 0, 0, 2, 0, 0, 0, 0, 0, 0, 0, 1, 1, 0, 1, 1, 0, 2, 2, 0, 0, 1, 0, 0, 0, 0, 1, 0, 0, 2, 2, 2, 0, 0, 0, 0, 0, 0, 0, 0, 0, 2, 2, 3, 0, 2, 1, 2, 1, 4, 3, 6, 5, 3, 3, 2, 2, 4, 4, 607, 0, 0, 0, 0, 0, 0]",4,12.540685429302297,-1,1
3734,"[0, 3, 0, 1, 4, 10, 0, 3, 0, 1, 0, 0, 1, 0, 2, 0, 0, 0, 0, 0, 0, 0, 0, 0, 2, 0, 0, 0, 0, 0, 0, 0, 1, 1, 0, 1, 1, 0, 2, 2, 0, 0, 1, 0, 0, 0, 0, 1, 0, 0, 2, 2, 2, 0, 0, 0, 0, 0, 0, 0, 0, 0, 2, 2, 3, 0, 2, 1, 2, 1, 4, 3, 6, 5, 3, 3, 2, 2, 4, 4, 608, 0, 0, 0, 0, 0, 0]",4,13.89370569093756,-1,0
3735,"[0, 3, 0, 1, 4, 10, 0, 3, 0, 1, 0, 0, 1, 0, 2, 0, 0, 0, 0, 0, 0, 0, 0, 0, 2, 0, 0, 0, 0, 0, 0, 0, 1, 1, 0, 1, 1, 0, 2, 2, 0, 0, 1, 0, 0, 0, 0, 1, 0, 0, 2, 2, 2, 0, 0, 0, 0, 0, 0, 0, 0, 0, 2, 2, 3, 0, 2, 1, 2, 1, 4, 3, 6, 5, 3, 3, 2, 2, 4, 4, 609, 0, 0, 0, 0, 0, 0]",4,12.5073793003659,-1,1
3736,"[0, 3, 0, 1, 4, 10, 0, 3, 0, 1, 0, 0, 1, 0, 2, 0, 0, 0, 0, 0, 0, 0, 0, 0, 2, 0, 0, 0, 0, 0, 0, 0, 1, 1, 0, 1, 1, 0, 2, 2, 0, 0, 1, 0, 0, 0, 0, 1, 0, 0, 2, 2, 2, 0, 0, 0, 0, 0, 0, 0, 0, 0, 2, 2, 3, 0, 2, 1, 2, 1, 4, 3, 6, 5, 3, 3, 2, 2, 4, 4, 609, 1, 0, 0, 0, 0, 0]",3,0.20000001570262424,-1,0
3737,"[0, 3, 0, 1, 4, 10, 0, 3, 0, 1, 0, 0, 1, 0, 2, 0, 0, 0, 0, 0, 0, 0, 0, 0, 2, 0, 0, 0, 0, 0, 0, 0, 1, 1, 0, 1, 1, 0, 2, 2, 0, 0, 1, 0, 0, 0, 0, 1, 0, 0, 2, 2, 2, 0, 0, 0, 0, 0, 0, 0, 0, 0, 2, 2, 3, 0, 2, 1, 2, 1, 4, 3, 6, 5, 3, 3, 2, 2, 4, 4, 609, 0, 0, 0, 0, 0, 0]",-1,-0.0001132704457407161,-1,0
3738,"[0, 3, 0, 1, 4, 10, 0, 3, 0, 1, 0, 0, 1, 0, 2, 0, 0, 0, 0, 0, 0, 0, 0, 0, 2, 0, 0, 0, 0, 0, 0, 0, 1, 1, 0, 1, 1, 0, 2, 2, 0, 0, 1, 0, 0, 0, 0, 1, 0, 0, 2, 2, 2, 0, 0, 0, 0, 0, 0, 0, 0, 0, 2, 2, 3, 0, 2, 1, 2, 1, 4, 3, 6, 5, 3, 3, 2, 2, 4, 4, 609, 0, 1, 0, 0, 0, 0]",2,0.4000000157026242,-1,0
3739,"[0, 3, 0, 1, 4, 10, 0, 3, 0, 1, 0, 0, 1, 0, 2, 0, 0, 0, 0, 0, 0, 0, 0, 0, 2, 0, 0, 0, 0, 0, 0, 0, 1, 1, 0, 1, 1, 0, 2, 2, 0, 0, 1, 0, 0, 0, 0, 1, 0, 0, 2, 2, 2, 0, 0, 0, 0, 0, 0, 0, 0, 0, 2, 2, 3, 0, 2, 1, 2, 1, 4, 3, 6, 5, 3, 3, 2, 2, 4, 4, 609, 0, 1, 0, 0, 1, 0]","[[0 1 0 0]
 [1 0 0 0]]",0.6504248807607151,-1,0
3740,"[0, 3, 0, 1, 4, 10, 0, 3, 0, 1, 0, 0, 1, 0, 2, 0, 0, 0, 0, 0, 0, 0, 0, 0, 2, 0, 0, 0, 0, 0, 0, 0, 1, 1, 0, 1, 1, 0, 2, 2, 0, 0, 1, 0, 0, 0, 0, 1, 0, 0, 2, 2, 2, 0, 0, 0, 0, 0, 0, 0, 0, 0, 2, 2, 3, 0, 2, 1, 2, 1, 4, 3, 6, 5, 3, 3, 2, 2, 4, 4, 609, 0, 1, 0, 0, 0, 1]",2,-0.19999998429737578,-1,1
3741,"[0, 3, 0, 1, 4, 10, 0, 3, 0, 1, 0, 0, 1, 0, 2, 0, 0, 0, 0, 0, 0, 0, 0, 0, 2, 0, 0, 0, 0, 0, 0, 0, 1, 1, 0, 1, 1, 0, 2, 2, 0, 0, 1, 0, 0, 0, 0, 1, 0, 0, 2, 2, 2, 0, 0, 0, 0, 0, 0, 0, 0, 0, 2, 2, 3, 0, 2, 1, 2, 1, 4, 3, 6, 5, 3, 3, 2, 2, 4, 4, 609, 0, 0, 1, 0, 0, 0]","[[2 5 0 1]
 [0 1 0 1]]",-0.19999998429737578,-1,1
3742,"[2, 7, 0, 1, 2, 6, 0, 3, 0, 1, 0, 0, 1, 0, 2, 0, 0, 0, 0, 0, 0, 0, 0, 0, 2, 0, 0, 0, 0, 0, 0, 0, 1, 1, 0, 1, 1, 0, 2, 2, 0, 0, 1, 0, 0, 0, 0, 1, 0, 0, 2, 2, 2, 0, 0, 0, 0, 0, 0, 0, 0, 0, 2, 2, 3, 0, 2, 1, 2, 1, 4, 3, 6, 5, 3, 3, 2, 2, 4, 4, 609, 0, 0, 0, 0, 0, 0]",0,-0.19999998429737578,-1,0
3743,"[2, 7, 0, 1, 2, 6, 0, 3, 0, 1, 0, 0, 1, 0, 2, 0, 0, 0, 0, 0, 0, 0, 0, 0, 2, 0, 0, 0, 0, 0, 0, 0, 1, 1, 0, 1, 1, 0, 2, 2, 0, 0, 1, 0, 0, 0, 0, 1, 0, 0, 2, 2, 2, 0, 0, 0, 0, 0, 0, 0, 0, 0, 2, 2, 3, 0, 2, 1, 2, 1, 4, 3, 6, 5, 3, 3, 2, 2, 4, 4, 609, 0, 0, 0, 0, 0, 0]",0,0.24271888812619732,-1,0
3744,"[2, 7, 0, 1, 2, 6, 0, 3, 0, 1, 0, 0, 1, 0, 2, 0, 0, 0, 0, 0, 0, 0, 0, 0, 2, 0, 0, 0, 0, 0, 0, 0, 1, 1, 0, 1, 1, 0, 2, 2, 0, 0, 1, 0, 0, 0, 0, 1, 0, 0, 2, 2, 2, 0, 0, 0, 0, 0, 0, 0, 0, 0, 2, 2, 3, 0, 2, 1, 2, 1, 4, 3, 6, 5, 3, 3, 2, 2, 4, 4, 609, 0, 0, 0, 0, 0, 0]",-1,-0.0001132704457407161,-1,0
3745,"[2, 7, 0, 1, 2, 6, 0, 3, 0, 1, 0, 0, 1, 0, 2, 0, 0, 0, 0, 0, 0, 0, 0, 0, 2, 0, 0, 0, 0, 0, 0, 0, 1, 1, 0, 1, 1, 0, 2, 2, 0, 0, 1, 0, 0, 0, 0, 1, 0, 0, 2, 2, 2, 0, 0, 0, 0, 0, 0, 0, 0, 0, 2, 2, 3, 0, 2, 1, 2, 1, 4, 3, 6, 5, 3, 3, 2, 2, 4, 4, 609, 0, 0, 0, 0, 0, 0]",0,0.24271888812619732,-1,0
3746,"[2, 7, 0, 1, 2, 6, 0, 3, 0, 1, 0, 0, 1, 0, 2, 0, 0, 0, 0, 0, 0, 0, 0, 0, 2, 0, 0, 0, 0, 0, 0, 0, 1, 1, 0, 1, 1, 0, 2, 2, 0, 0, 1, 0, 0, 0, 0, 1, 0, 0, 2, 2, 2, 0, 0, 0, 0, 0, 0, 0, 0, 0, 2, 2, 3, 0, 2, 1, 2, 1, 4, 3, 6, 5, 3, 3, 2, 2, 4, 4, 609, 0, 0, 0, 0, 0, 0]",-1,-0.0001132704457407161,-1,0
3747,"[2, 7, 0, 1, 2, 6, 0, 3, 0, 1, 0, 0, 1, 0, 2, 0, 0, 0, 0, 0, 0, 0, 0, 0, 2, 0, 0, 0, 0, 0, 0, 0, 1, 1, 0, 1, 1, 0, 2, 2, 0, 0, 1, 0, 0, 0, 0, 1, 0, 0, 2, 2, 2, 0, 0, 0, 0, 0, 0, 0, 0, 0, 2, 2, 3, 0, 2, 1, 2, 1, 4, 3, 6, 5, 3, 3, 2, 2, 4, 4, 609, 0, 0, 0, 0, 0, 0]",0,0.24271888812619732,-1,0
3748,"[2, 7, 0, 1, 2, 6, 0, 3, 0, 1, 0, 0, 1, 0, 2, 0, 0, 0, 0, 0, 0, 0, 0, 0, 2, 0, 0, 0, 0, 0, 0, 0, 1, 1, 0, 1, 1, 0, 2, 2, 0, 0, 1, 0, 0, 0, 0, 1, 0, 0, 2, 2, 2, 0, 0, 0, 0, 0, 0, 0, 0, 0, 2, 2, 3, 0, 2, 1, 2, 1, 4, 3, 6, 5, 3, 3, 2, 2, 4, 4, 609, 0, 0, 0, 0, 0, 0]",-1,-0.0001132704457407161,-1,0
3749,"[2, 7, 0, 1, 2, 6, 0, 3, 0, 1, 0, 0, 1, 0, 2, 0, 0, 0, 0, 0, 0, 0, 0, 0, 2, 0, 0, 0, 0, 0, 0, 0, 1, 1, 0, 1, 1, 0, 2, 2, 0, 0, 1, 0, 0, 0, 0, 1, 0, 0, 2, 2, 2, 0, 0, 0, 0, 0, 0, 0, 0, 0, 2, 2, 3, 0, 2, 1, 2, 1, 4, 3, 6, 5, 3, 3, 2, 2, 4, 4, 609, 0, 0, 0, 0, 0, 0]",0,0.24271888812619732,-1,0
3750,"[2, 7, 0, 1, 2, 6, 0, 3, 0, 1, 0, 0, 1, 0, 2, 0, 0, 0, 0, 0, 0, 0, 0, 0, 2, 0, 0, 0, 0, 0, 0, 0, 1, 1, 0, 1, 1, 0, 2, 2, 0, 0, 1, 0, 0, 0, 0, 1, 0, 0, 2, 2, 2, 0, 0, 0, 0, 0, 0, 0, 0, 0, 2, 2, 3, 0, 2, 1, 2, 1, 4, 3, 6, 5, 3, 3, 2, 2, 4, 4, 609, 0, 0, 0, 0, 0, 0]",-1,-0.0001132704457407161,-1,0
3751,"[2, 7, 0, 1, 2, 6, 0, 3, 0, 1, 0, 0, 1, 0, 2, 0, 0, 0, 0, 0, 0, 0, 0, 0, 2, 0, 0, 0, 0, 0, 0, 0, 1, 1, 0, 1, 1, 0, 2, 2, 0, 0, 1, 0, 0, 0, 0, 1, 0, 0, 2, 2, 2, 0, 0, 0, 0, 0, 0, 0, 0, 0, 2, 2, 3, 0, 2, 1, 2, 1, 4, 3, 6, 5, 3, 3, 2, 2, 4, 4, 609, 0, 0, 0, 0, 0, 0]",0,0.24271888812619732,-1,0
3752,"[2, 7, 0, 1, 2, 6, 0, 3, 0, 1, 0, 0, 1, 0, 2, 0, 0, 0, 0, 0, 0, 0, 0, 0, 2, 0, 0, 0, 0, 0, 0, 0, 1, 1, 0, 1, 1, 0, 2, 2, 0, 0, 1, 0, 0, 0, 0, 1, 0, 0, 2, 2, 2, 0, 0, 0, 0, 0, 0, 0, 0, 0, 2, 2, 3, 0, 2, 1, 2, 1, 4, 3, 6, 5, 3, 3, 2, 2, 4, 4, 609, 0, 0, 0, 0, 0, 0]",-1,-0.0001132704457407161,-1,0
3753,"[2, 7, 0, 1, 2, 6, 0, 3, 0, 1, 0, 0, 1, 0, 2, 0, 0, 0, 0, 0, 0, 0, 0, 0, 2, 0, 0, 0, 0, 0, 0, 0, 1, 1, 0, 1, 1, 0, 2, 2, 0, 0, 1, 0, 0, 0, 0, 1, 0, 0, 2, 2, 2, 0, 0, 0, 0, 0, 0, 0, 0, 0, 2, 2, 3, 0, 2, 1, 2, 1, 4, 3, 6, 5, 3, 3, 2, 2, 4, 4, 609, 0, 0, 0, 0, 0, 0]",0,0.24271888812619732,-1,0
3754,"[2, 7, 0, 1, 2, 6, 0, 3, 0, 1, 0, 0, 1, 0, 2, 0, 0, 0, 0, 0, 0, 0, 0, 0, 2, 0, 0, 0, 0, 0, 0, 0, 1, 1, 0, 1, 1, 0, 2, 2, 0, 0, 1, 0, 0, 0, 0, 1, 0, 0, 2, 2, 2, 0, 0, 0, 0, 0, 0, 0, 0, 0, 2, 2, 3, 0, 2, 1, 2, 1, 4, 3, 6, 5, 3, 3, 2, 2, 4, 4, 609, 0, 0, 0, 0, 0, 0]",-1,-0.0001132704457407161,-1,0
3755,"[2, 7, 0, 1, 2, 6, 0, 3, 0, 1, 0, 0, 1, 0, 2, 0, 0, 0, 0, 0, 0, 0, 0, 0, 2, 0, 0, 0, 0, 0, 0, 0, 1, 1, 0, 1, 1, 0, 2, 2, 0, 0, 1, 0, 0, 0, 0, 1, 0, 0, 2, 2, 2, 0, 0, 0, 0, 0, 0, 0, 0, 0, 2, 2, 3, 0, 2, 1, 2, 1, 4, 3, 6, 5, 3, 3, 2, 2, 4, 4, 609, 0, 0, 0, 0, 0, 0]",0,0.24271888812619732,-1,0
3756,"[2, 7, 0, 1, 2, 6, 0, 3, 0, 1, 0, 0, 1, 0, 2, 0, 0, 0, 0, 0, 0, 0, 0, 0, 2, 0, 0, 0, 0, 0, 0, 0, 1, 1, 0, 1, 1, 0, 2, 2, 0, 0, 1, 0, 0, 0, 0, 1, 0, 0, 2, 2, 2, 0, 0, 0, 0, 0, 0, 0, 0, 0, 2, 2, 3, 0, 2, 1, 2, 1, 4, 3, 6, 5, 3, 3, 2, 2, 4, 4, 609, 0, 0, 0, 0, 0, 0]",-1,-0.0001132704457407161,-1,0
3757,"[2, 7, 0, 1, 2, 6, 0, 3, 0, 1, 0, 0, 1, 0, 2, 0, 0, 0, 0, 0, 0, 0, 0, 0, 2, 0, 0, 0, 0, 0, 0, 0, 1, 1, 0, 1, 1, 0, 2, 2, 0, 0, 1, 0, 0, 0, 0, 1, 0, 0, 2, 2, 2, 0, 0, 0, 0, 0, 0, 0, 0, 0, 2, 2, 3, 0, 2, 1, 2, 1, 4, 3, 6, 5, 3, 3, 2, 2, 4, 4, 609, 0, 0, 0, 0, 0, 0]",0,0.24271888812619732,-1,0
3758,"[2, 7, 0, 1, 2, 6, 0, 3, 0, 1, 0, 0, 1, 0, 2, 0, 0, 0, 0, 0, 0, 0, 0, 0, 2, 0, 0, 0, 0, 0, 0, 0, 1, 1, 0, 1, 1, 0, 2, 2, 0, 0, 1, 0, 0, 0, 0, 1, 0, 0, 2, 2, 2, 0, 0, 0, 0, 0, 0, 0, 0, 0, 2, 2, 3, 0, 2, 1, 2, 1, 4, 3, 6, 5, 3, 3, 2, 2, 4, 4, 609, 0, 0, 0, 0, 0, 0]",-1,-0.0001132704457407161,-1,0
3759,"[2, 7, 0, 1, 2, 6, 0, 3, 0, 1, 0, 0, 1, 0, 2, 0, 0, 0, 0, 0, 0, 0, 0, 0, 2, 0, 0, 0, 0, 0, 0, 0, 1, 1, 0, 1, 1, 0, 2, 2, 0, 0, 1, 0, 0, 0, 0, 1, 0, 0, 2, 2, 2, 0, 0, 0, 0, 0, 0, 0, 0, 0, 2, 2, 3, 0, 2, 1, 2, 1, 4, 3, 6, 5, 3, 3, 2, 2, 4, 4, 610, 0, 0, 0, 0, 0, 0]",4,13.800720363882249,-1,0
3760,"[2, 7, 0, 1, 2, 6, 0, 3, 0, 1, 0, 0, 1, 0, 2, 0, 0, 0, 0, 0, 0, 0, 0, 0, 2, 0, 0, 0, 0, 0, 0, 0, 1, 1, 0, 1, 1, 0, 2, 2, 0, 0, 1, 0, 0, 0, 0, 1, 0, 0, 2, 2, 2, 0, 0, 0, 0, 0, 0, 0, 0, 0, 2, 2, 3, 0, 2, 1, 2, 1, 4, 3, 6, 5, 3, 3, 2, 2, 4, 4, 611, 0, 0, 0, 0, 0, 0]",4,12.593069507270398,-1,1
3761,"[2, 7, 0, 1, 2, 6, 0, 3, 0, 1, 0, 0, 1, 0, 2, 0, 0, 0, 0, 0, 0, 0, 0, 0, 2, 0, 0, 0, 0, 0, 0, 0, 1, 1, 0, 1, 1, 0, 2, 2, 0, 0, 1, 0, 0, 0, 0, 1, 0, 0, 2, 2, 2, 0, 0, 0, 0, 0, 0, 0, 0, 0, 2, 2, 3, 0, 2, 1, 2, 1, 4, 3, 6, 5, 3, 3, 2, 2, 4, 4, 611, 0, 0, 0, 0, 0, 0]",1,0.6096241295949659,-1,0
3762,"[2, 7, 0, 1, 2, 6, 0, 3, 0, 1, 0, 0, 1, 0, 2, 0, 0, 0, 0, 0, 0, 0, 0, 0, 2, 0, 0, 0, 0, 0, 0, 0, 1, 1, 0, 1, 1, 0, 2, 2, 0, 0, 1, 0, 0, 0, 0, 1, 0, 0, 2, 2, 2, 0, 0, 0, 0, 0, 0, 0, 0, 0, 2, 2, 3, 0, 2, 1, 2, 1, 4, 3, 6, 5, 3, 3, 2, 2, 4, 4, 611, 0, 0, 0, 0, 0, 0]",-1,-0.0001110275406399147,-1,0
3763,"[2, 7, 0, 1, 2, 6, 0, 3, 0, 1, 0, 0, 1, 0, 2, 0, 0, 0, 0, 0, 0, 0, 0, 0, 2, 0, 0, 0, 0, 0, 0, 0, 1, 1, 0, 1, 1, 0, 2, 2, 0, 0, 1, 0, 0, 0, 0, 1, 0, 0, 2, 2, 2, 0, 0, 0, 0, 0, 0, 0, 0, 0, 2, 2, 3, 0, 2, 1, 2, 1, 4, 3, 6, 5, 3, 3, 2, 2, 4, 4, 611, 0, 1, 0, 0, 0, 0]",2,0.40000001449534917,-1,0
3764,"[2, 7, 0, 1, 2, 6, 0, 3, 0, 1, 0, 0, 1, 0, 2, 0, 0, 0, 0, 0, 0, 0, 0, 0, 2, 0, 0, 0, 0, 0, 0, 0, 1, 1, 0, 1, 1, 0, 2, 2, 0, 0, 1, 0, 0, 0, 0, 1, 0, 0, 2, 2, 2, 0, 0, 0, 0, 0, 0, 0, 0, 0, 2, 2, 3, 0, 2, 1, 2, 1, 4, 3, 6, 5, 3, 3, 2, 2, 4, 4, 611, 0, 0, 0, 0, 0, 0]",-1,-0.0001110275406399147,-1,0
3765,"[2, 7, 0, 1, 2, 6, 0, 3, 0, 1, 0, 0, 1, 0, 2, 0, 0, 0, 0, 0, 0, 0, 0, 0, 2, 0, 0, 0, 0, 0, 0, 0, 1, 1, 0, 1, 1, 0, 2, 2, 0, 0, 1, 0, 0, 0, 0, 1, 0, 0, 2, 2, 2, 0, 0, 0, 0, 0, 0, 0, 0, 0, 2, 2, 3, 0, 2, 1, 2, 1, 4, 3, 6, 5, 3, 3, 2, 2, 4, 4, 611, 1, 0, 0, 0, 0, 0]",3,0.2000000144953492,-1,0
3766,"[0, 7, 0, 2, 2, 6, 0, 3, 0, 1, 0, 0, 1, 0, 2, 0, 0, 0, 0, 0, 0, 0, 0, 0, 2, 0, 0, 0, 0, 0, 0, 0, 1, 1, 0, 1, 1, 0, 2, 2, 0, 0, 1, 0, 0, 0, 0, 1, 0, 0, 2, 2, 2, 0, 0, 0, 0, 0, 0, 0, 0, 0, 2, 2, 3, 0, 2, 1, 2, 1, 4, 3, 6, 5, 3, 3, 2, 2, 4, 4, 611, 0, 0, 0, 0, 0, 0]","[[2 0 0 0]
 [0 0 0 1]]",-0.19854230359360975,-1,0
3767,"[0, 7, 0, 2, 2, 6, 0, 3, 0, 1, 0, 0, 1, 0, 2, 0, 0, 0, 0, 0, 0, 0, 0, 0, 2, 0, 0, 0, 0, 0, 0, 0, 1, 1, 0, 1, 1, 0, 2, 2, 0, 0, 1, 0, 0, 0, 0, 1, 0, 0, 2, 2, 2, 0, 0, 0, 0, 0, 0, 0, 0, 0, 2, 2, 3, 0, 2, 1, 2, 1, 4, 3, 6, 5, 3, 3, 2, 2, 4, 4, 611, 1, 0, 0, 0, 0, 0]",3,0.2000000144953492,-1,0
3768,"[0, 7, 0, 2, 2, 6, 0, 3, 0, 1, 0, 0, 1, 0, 2, 0, 0, 0, 0, 0, 0, 0, 0, 0, 2, 0, 0, 0, 0, 0, 0, 0, 1, 1, 0, 1, 1, 0, 2, 2, 0, 0, 1, 0, 0, 0, 0, 1, 0, 0, 2, 2, 2, 0, 0, 0, 0, 0, 0, 0, 0, 0, 2, 2, 3, 0, 2, 1, 2, 1, 4, 3, 6, 5, 3, 3, 2, 2, 4, 4, 611, 0, 0, 0, 0, 0, 0]",-1,-0.0001110275406399147,-1,0
3769,"[0, 7, 0, 2, 2, 6, 0, 3, 0, 1, 0, 0, 1, 0, 2, 0, 0, 0, 0, 0, 0, 0, 0, 0, 2, 0, 0, 0, 0, 0, 0, 0, 1, 1, 0, 1, 1, 0, 2, 2, 0, 0, 1, 0, 0, 0, 0, 1, 0, 0, 2, 2, 2, 0, 0, 0, 0, 0, 0, 0, 0, 0, 2, 2, 3, 0, 2, 1, 2, 1, 4, 3, 6, 5, 3, 3, 2, 2, 4, 4, 611, 0, 0, 0, 0, 0, 0]",1,0.6096241295949659,-1,0
3770,"[0, 7, 0, 2, 2, 6, 0, 3, 0, 1, 0, 0, 1, 0, 2, 0, 0, 0, 0, 0, 0, 0, 0, 0, 2, 0, 0, 0, 0, 0, 0, 0, 1, 1, 0, 1, 1, 0, 2, 2, 0, 0, 1, 0, 0, 0, 0, 1, 0, 0, 2, 2, 2, 0, 0, 0, 0, 0, 0, 0, 0, 0, 2, 2, 3, 0, 2, 1, 2, 1, 4, 3, 6, 5, 3, 3, 2, 2, 4, 4, 611, 0, 0, 0, 0, 0, 0]",-1,-0.0001110275406399147,-1,0
3771,"[0, 7, 0, 2, 2, 6, 0, 3, 0, 1, 0, 0, 1, 0, 2, 0, 0, 0, 0, 0, 0, 0, 0, 0, 2, 0, 0, 0, 0, 0, 0, 0, 1, 1, 0, 1, 1, 0, 2, 2, 0, 0, 1, 0, 0, 0, 0, 1, 0, 0, 2, 2, 2, 0, 0, 0, 0, 0, 0, 0, 0, 0, 2, 2, 3, 0, 2, 1, 2, 1, 4, 3, 6, 5, 3, 3, 2, 2, 4, 4, 611, 1, 0, 0, 0, 0, 0]",3,0.2000000144953492,-1,0
3772,"[0, 7, 0, 2, 2, 6, 0, 3, 0, 1, 0, 0, 1, 0, 2, 0, 0, 0, 0, 0, 0, 0, 0, 0, 2, 0, 0, 0, 0, 0, 0, 0, 1, 1, 0, 1, 1, 0, 2, 2, 0, 0, 1, 0, 0, 0, 0, 1, 0, 0, 2, 2, 2, 0, 0, 0, 0, 0, 0, 0, 0, 0, 2, 2, 3, 0, 2, 1, 2, 1, 4, 3, 6, 5, 3, 3, 2, 2, 4, 4, 611, 0, 0, 0, 0, 0, 0]",-1,-0.0001110275406399147,-1,0
3773,"[0, 7, 0, 2, 2, 6, 0, 3, 0, 1, 0, 0, 1, 0, 2, 0, 0, 0, 0, 0, 0, 0, 0, 0, 2, 0, 0, 0, 0, 0, 0, 0, 1, 1, 0, 1, 1, 0, 2, 2, 0, 0, 1, 0, 0, 0, 0, 1, 0, 0, 2, 2, 2, 0, 0, 0, 0, 0, 0, 0, 0, 0, 2, 2, 3, 0, 2, 1, 2, 1, 4, 3, 6, 5, 3, 3, 2, 2, 4, 4, 611, 0, 1, 0, 0, 0, 0]",2,0.40000001449534917,-1,0
3774,"[0, 7, 0, 2, 2, 6, 0, 3, 0, 1, 0, 0, 1, 0, 2, 0, 0, 0, 0, 0, 0, 0, 0, 0, 2, 0, 0, 0, 0, 0, 0, 0, 1, 1, 0, 1, 1, 0, 2, 2, 0, 0, 1, 0, 0, 0, 0, 1, 0, 0, 2, 2, 2, 0, 0, 0, 0, 0, 0, 0, 0, 0, 2, 2, 3, 0, 2, 1, 2, 1, 4, 3, 6, 5, 3, 3, 2, 2, 4, 4, 611, 0, 1, 0, 0, 1, 0]","[[0 1 0 0]
 [1 0 0 0]]",0.6504248795534401,-1,0
3775,"[0, 7, 0, 2, 2, 6, 0, 3, 0, 1, 0, 0, 1, 0, 2, 0, 0, 0, 0, 0, 0, 0, 0, 0, 2, 0, 0, 0, 0, 0, 0, 0, 1, 1, 0, 1, 1, 0, 2, 2, 0, 0, 1, 0, 0, 0, 0, 1, 0, 0, 2, 2, 2, 0, 0, 0, 0, 0, 0, 0, 0, 0, 2, 2, 3, 0, 2, 1, 2, 1, 4, 3, 6, 5, 3, 3, 2, 2, 4, 4, 611, 0, 0, 0, 0, 0, 0]",-1,-0.0001110275406399147,-1,1
3776,"[0, 7, 0, 2, 2, 6, 0, 3, 0, 1, 0, 0, 1, 0, 2, 0, 0, 0, 0, 0, 0, 0, 0, 0, 2, 0, 0, 0, 0, 0, 0, 0, 1, 1, 0, 1, 1, 0, 2, 2, 0, 0, 1, 0, 0, 0, 0, 1, 0, 0, 2, 2, 2, 0, 0, 0, 0, 0, 0, 0, 0, 0, 2, 2, 3, 0, 2, 1, 2, 1, 4, 3, 6, 5, 3, 3, 2, 2, 4, 4, 611, 0, 1, 0, 0, 0, 0]",2,0.40000001449534917,-1,0
3777,"[0, 7, 0, 2, 2, 6, 0, 3, 0, 1, 0, 0, 1, 0, 2, 0, 0, 0, 0, 0, 0, 0, 0, 0, 2, 0, 0, 0, 0, 0, 0, 0, 1, 1, 0, 1, 1, 0, 2, 2, 0, 0, 1, 0, 0, 0, 0, 1, 0, 0, 2, 2, 2, 0, 0, 0, 0, 0, 0, 0, 0, 0, 2, 2, 3, 0, 2, 1, 2, 1, 4, 3, 6, 5, 3, 3, 2, 2, 4, 4, 611, 0, 1, 0, 0, 1, 0]","[[0 0 0 1]
 [1 0 0 0]]",0.6504248795534401,-1,0
3778,"[0, 7, 0, 2, 2, 6, 0, 3, 0, 1, 0, 0, 1, 0, 2, 0, 0, 0, 0, 0, 0, 0, 0, 0, 2, 0, 0, 0, 0, 0, 0, 0, 1, 1, 0, 1, 1, 0, 2, 2, 0, 0, 1, 0, 0, 0, 0, 1, 0, 0, 2, 2, 2, 0, 0, 0, 0, 0, 0, 0, 0, 0, 2, 2, 3, 0, 2, 1, 2, 1, 4, 3, 6, 5, 3, 3, 2, 2, 4, 4, 611, 0, 1, 0, 0, 0, 1]",2,-0.1999999855046508,-1,1
3779,"[0, 7, 0, 2, 2, 6, 0, 3, 0, 1, 0, 0, 1, 0, 2, 0, 0, 0, 0, 0, 0, 0, 0, 0, 2, 0, 0, 0, 0, 0, 0, 0, 1, 1, 0, 1, 1, 0, 2, 2, 0, 0, 1, 0, 0, 0, 0, 1, 0, 0, 2, 2, 2, 0, 0, 0, 0, 0, 0, 0, 0, 0, 2, 2, 3, 0, 2, 1, 2, 1, 4, 3, 6, 5, 3, 3, 2, 2, 4, 4, 611, 0, 0, 1, 0, 0, 0]","[[1 3 0 1]
 [0 1 0 1]]",-0.1999999855046508,-1,1
3780,"[0, 7, 0, 2, 2, 6, 0, 3, 0, 1, 0, 0, 1, 0, 2, 0, 0, 0, 0, 0, 0, 0, 0, 0, 2, 0, 0, 0, 0, 0, 0, 0, 1, 1, 0, 1, 1, 0, 2, 2, 0, 0, 1, 0, 0, 0, 0, 1, 0, 0, 2, 2, 2, 0, 0, 0, 0, 0, 0, 0, 0, 0, 2, 2, 3, 0, 2, 1, 2, 1, 4, 3, 6, 5, 3, 3, 2, 2, 4, 4, 611, 0, 0, 0, 0, 0, 0]",1,-13.794860148151235,-1,0
3781,"[0, 7, 0, 2, 2, 6, 0, 3, 0, 1, 0, 0, 1, 0, 2, 0, 0, 0, 0, 0, 0, 0, 0, 0, 2, 0, 0, 0, 0, 0, 0, 0, 1, 1, 0, 1, 1, 0, 2, 2, 0, 0, 1, 0, 0, 0, 0, 1, 0, 0, 2, 2, 2, 0, 0, 0, 0, 0, 0, 0, 0, 0, 2, 2, 3, 0, 2, 1, 2, 1, 4, 3, 6, 5, 3, 3, 2, 2, 4, 4, 612, 0, 0, 0, 0, 0, 0]",4,13.68755337954045,-1,0
3782,"[0, 7, 0, 2, 2, 6, 0, 3, 0, 1, 0, 0, 1, 0, 2, 0, 0, 0, 0, 0, 0, 0, 0, 0, 2, 0, 0, 0, 0, 0, 0, 0, 1, 1, 0, 1, 1, 0, 2, 2, 0, 0, 1, 0, 0, 0, 0, 1, 0, 0, 2, 2, 2, 0, 0, 0, 0, 0, 0, 0, 0, 0, 2, 2, 3, 0, 2, 1, 2, 1, 4, 3, 6, 5, 3, 3, 2, 2, 4, 4, 612, 0, 1, 0, 0, 0, 0]",2,0.4000000139269784,-1,1
3783,"[0, 7, 0, 2, 2, 6, 0, 3, 0, 1, 0, 0, 1, 0, 2, 0, 0, 0, 0, 0, 0, 0, 0, 0, 2, 0, 0, 0, 0, 0, 0, 0, 1, 1, 0, 1, 1, 0, 2, 2, 0, 0, 1, 0, 0, 0, 0, 1, 0, 0, 2, 2, 2, 0, 0, 0, 0, 0, 0, 0, 0, 0, 2, 2, 3, 0, 2, 1, 2, 1, 4, 3, 6, 5, 3, 3, 2, 2, 4, 4, 612, 0, 1, 0, 0, 1, 0]","[[1 1 0 1]
 [0 3 0 1]]",1.7252413464675744,-1,1
3784,"[1, 5, 0, 2, 1, 8, 0, 3, 0, 1, 0, 0, 1, 0, 2, 0, 0, 0, 0, 0, 0, 0, 0, 0, 2, 0, 0, 0, 0, 0, 0, 0, 1, 1, 0, 1, 1, 0, 2, 2, 0, 0, 1, 0, 0, 0, 0, 1, 0, 0, 2, 2, 2, 0, 0, 0, 0, 0, 0, 0, 0, 0, 2, 2, 3, 0, 2, 1, 2, 1, 4, 3, 6, 5, 3, 3, 2, 2, 4, 4, 612, 0, 0, 0, 0, 0, 0]",0,-0.19999998607302155,-1,0
3785,"[1, 5, 0, 2, 1, 8, 0, 3, 0, 1, 0, 0, 1, 0, 2, 0, 0, 0, 0, 0, 0, 0, 0, 0, 2, 0, 0, 0, 0, 0, 0, 0, 1, 1, 0, 1, 1, 0, 2, 2, 0, 0, 1, 0, 0, 0, 0, 1, 0, 0, 2, 2, 2, 0, 0, 0, 0, 0, 0, 0, 0, 0, 2, 2, 3, 0, 2, 1, 2, 1, 4, 3, 6, 5, 3, 3, 2, 2, 4, 4, 612, 0, 0, 0, 0, 0, 0]",-1,-0.00010992279815212657,-1,1
3786,"[1, 5, 0, 2, 1, 8, 0, 4, 0, 1, 0, 0, 1, 0, 2, 0, 0, 0, 0, 0, 0, 0, 0, 0, 2, 0, 0, 0, 0, 0, 0, 0, 1, 1, 0, 1, 1, 0, 2, 2, 0, 0, 1, 0, 0, 0, 0, 1, 0, 0, 2, 2, 2, 0, 0, 0, 0, 0, 0, 0, 0, 0, 2, 2, 3, 0, 2, 1, 2, 1, 4, 3, 6, 5, 3, 3, 2, 2, 4, 4, 613, 0, 0, 0, 0, 0, 0]",4,12.452583539944932,-1,1
3787,"[1, 5, 0, 2, 1, 8, 0, 4, 0, 1, 0, 0, 1, 0, 2, 0, 0, 0, 0, 0, 0, 0, 0, 0, 2, 0, 0, 0, 0, 0, 0, 0, 1, 1, 0, 1, 1, 0, 2, 2, 0, 0, 1, 0, 0, 0, 0, 1, 0, 0, 2, 2, 2, 0, 0, 0, 0, 0, 0, 0, 0, 0, 2, 2, 3, 0, 2, 1, 2, 1, 4, 3, 6, 5, 3, 3, 2, 2, 4, 4, 613, 0, 0, 0, 0, 0, 0]",0,0.24271888580446696,-1,0
3788,"[1, 5, 0, 2, 1, 8, 0, 4, 0, 1, 0, 0, 1, 0, 2, 0, 0, 0, 0, 0, 0, 0, 0, 0, 2, 0, 0, 0, 0, 0, 0, 0, 1, 1, 0, 1, 1, 0, 2, 2, 0, 0, 1, 0, 0, 0, 0, 1, 0, 0, 2, 2, 2, 0, 0, 0, 0, 0, 0, 0, 0, 0, 2, 2, 3, 0, 2, 1, 2, 1, 4, 3, 6, 5, 3, 3, 2, 2, 4, 4, 613, 0, 0, 0, 0, 0, 0]",-1,-0.00010882904803575628,-1,0
3789,"[1, 5, 0, 2, 1, 8, 0, 4, 0, 1, 0, 0, 1, 0, 2, 0, 0, 0, 0, 0, 0, 0, 0, 0, 2, 0, 0, 0, 0, 0, 0, 0, 1, 1, 0, 1, 1, 0, 2, 2, 0, 0, 1, 0, 0, 0, 0, 1, 0, 0, 2, 2, 2, 0, 0, 0, 0, 0, 0, 0, 0, 0, 2, 2, 3, 0, 2, 1, 2, 1, 4, 3, 6, 5, 3, 3, 2, 2, 4, 4, 613, 0, 0, 0, 0, 0, 0]",0,0.24271888580446696,-1,0
3790,"[1, 5, 0, 2, 1, 8, 0, 4, 0, 1, 0, 0, 1, 0, 2, 0, 0, 0, 0, 0, 0, 0, 0, 0, 2, 0, 0, 0, 0, 0, 0, 0, 1, 1, 0, 1, 1, 0, 2, 2, 0, 0, 1, 0, 0, 0, 0, 1, 0, 0, 2, 2, 2, 0, 0, 0, 0, 0, 0, 0, 0, 0, 2, 2, 3, 0, 2, 1, 2, 1, 4, 3, 6, 5, 3, 3, 2, 2, 4, 4, 613, 0, 0, 0, 0, 0, 0]",-1,-0.00010882904803575628,-1,0
3791,"[1, 5, 0, 2, 1, 8, 0, 4, 0, 1, 0, 0, 1, 0, 2, 0, 0, 0, 0, 0, 0, 0, 0, 0, 2, 0, 0, 0, 0, 0, 0, 0, 1, 1, 0, 1, 1, 0, 2, 2, 0, 0, 1, 0, 0, 0, 0, 1, 0, 0, 2, 2, 2, 0, 0, 0, 0, 0, 0, 0, 0, 0, 2, 2, 3, 0, 2, 1, 2, 1, 4, 3, 6, 5, 3, 3, 2, 2, 4, 4, 613, 0, 0, 0, 0, 0, 0]",0,0.24271888580446696,-1,0
3792,"[1, 5, 0, 2, 1, 8, 0, 4, 0, 1, 0, 0, 1, 0, 2, 0, 0, 0, 0, 0, 0, 0, 0, 0, 2, 0, 0, 0, 0, 0, 0, 0, 1, 1, 0, 1, 1, 0, 2, 2, 0, 0, 1, 0, 0, 0, 0, 1, 0, 0, 2, 2, 2, 0, 0, 0, 0, 0, 0, 0, 0, 0, 2, 2, 3, 0, 2, 1, 2, 1, 4, 3, 6, 5, 3, 3, 2, 2, 4, 4, 613, 0, 0, 0, 0, 0, 0]",-1,-0.00010882904803575628,-1,0
3793,"[1, 5, 0, 2, 1, 8, 0, 4, 0, 1, 0, 0, 1, 0, 2, 0, 0, 0, 0, 0, 0, 0, 0, 0, 2, 0, 0, 0, 0, 0, 0, 0, 1, 1, 0, 1, 1, 0, 2, 2, 0, 0, 1, 0, 0, 0, 0, 1, 0, 0, 2, 2, 2, 0, 0, 0, 0, 0, 0, 0, 0, 0, 2, 2, 3, 0, 2, 1, 2, 1, 4, 3, 6, 5, 3, 3, 2, 2, 4, 4, 613, 0, 0, 0, 0, 0, 0]",0,0.24271888580446696,-1,0
3794,"[1, 5, 0, 2, 1, 8, 0, 4, 0, 1, 0, 0, 1, 0, 2, 0, 0, 0, 0, 0, 0, 0, 0, 0, 2, 0, 0, 0, 0, 0, 0, 0, 1, 1, 0, 1, 1, 0, 2, 2, 0, 0, 1, 0, 0, 0, 0, 1, 0, 0, 2, 2, 2, 0, 0, 0, 0, 0, 0, 0, 0, 0, 2, 2, 3, 0, 2, 1, 2, 1, 4, 3, 6, 5, 3, 3, 2, 2, 4, 4, 613, 0, 0, 0, 0, 0, 0]",-1,-0.00010882904803575628,-1,0
3795,"[1, 5, 0, 2, 1, 8, 0, 4, 0, 1, 0, 0, 1, 0, 2, 0, 0, 0, 0, 0, 0, 0, 0, 0, 2, 0, 0, 0, 0, 0, 0, 0, 1, 1, 0, 1, 1, 0, 2, 2, 0, 0, 1, 0, 0, 0, 0, 1, 0, 0, 2, 2, 2, 0, 0, 0, 0, 0, 0, 0, 0, 0, 2, 2, 3, 0, 2, 1, 2, 1, 4, 3, 6, 5, 3, 3, 2, 2, 4, 4, 613, 0, 0, 0, 0, 0, 0]",0,0.24271888580446696,-1,0
3796,"[1, 5, 0, 2, 1, 8, 0, 4, 0, 1, 0, 0, 1, 0, 2, 0, 0, 0, 0, 0, 0, 0, 0, 0, 2, 0, 0, 0, 0, 0, 0, 0, 1, 1, 0, 1, 1, 0, 2, 2, 0, 0, 1, 0, 0, 0, 0, 1, 0, 0, 2, 2, 2, 0, 0, 0, 0, 0, 0, 0, 0, 0, 2, 2, 3, 0, 2, 1, 2, 1, 4, 3, 6, 5, 3, 3, 2, 2, 4, 4, 613, 0, 0, 0, 0, 0, 0]",-1,-0.00010882904803575628,-1,0
3797,"[1, 5, 0, 2, 1, 8, 0, 4, 0, 1, 0, 0, 1, 0, 2, 0, 0, 0, 0, 0, 0, 0, 0, 0, 2, 0, 0, 0, 0, 0, 0, 0, 1, 1, 0, 1, 1, 0, 2, 2, 0, 0, 1, 0, 0, 0, 0, 1, 0, 0, 2, 2, 2, 0, 0, 0, 0, 0, 0, 0, 0, 0, 2, 2, 3, 0, 2, 1, 2, 1, 4, 3, 6, 5, 3, 3, 2, 2, 4, 4, 613, 0, 0, 0, 0, 0, 0]",0,0.24271888580446696,-1,0
3798,"[1, 5, 0, 2, 1, 8, 0, 4, 0, 1, 0, 0, 1, 0, 2, 0, 0, 0, 0, 0, 0, 0, 0, 0, 2, 0, 0, 0, 0, 0, 0, 0, 1, 1, 0, 1, 1, 0, 2, 2, 0, 0, 1, 0, 0, 0, 0, 1, 0, 0, 2, 2, 2, 0, 0, 0, 0, 0, 0, 0, 0, 0, 2, 2, 3, 0, 2, 1, 2, 1, 4, 3, 6, 5, 3, 3, 2, 2, 4, 4, 613, 0, 0, 0, 0, 0, 0]",-1,-0.00010882904803575628,-1,0
3799,"[1, 5, 0, 2, 1, 8, 0, 4, 0, 1, 0, 0, 1, 0, 2, 0, 0, 0, 0, 0, 0, 0, 0, 0, 2, 0, 0, 0, 0, 0, 0, 0, 1, 1, 0, 1, 1, 0, 2, 2, 0, 0, 1, 0, 0, 0, 0, 1, 0, 0, 2, 2, 2, 0, 0, 0, 0, 0, 0, 0, 0, 0, 2, 2, 3, 0, 2, 1, 2, 1, 4, 3, 6, 5, 3, 3, 2, 2, 4, 4, 613, 0, 0, 0, 0, 0, 0]",0,0.24271888580446696,-1,0
3800,"[1, 5, 0, 2, 1, 8, 0, 4, 0, 1, 0, 0, 1, 0, 2, 0, 0, 0, 0, 0, 0, 0, 0, 0, 2, 0, 0, 0, 0, 0, 0, 0, 1, 1, 0, 1, 1, 0, 2, 2, 0, 0, 1, 0, 0, 0, 0, 1, 0, 0, 2, 2, 2, 0, 0, 0, 0, 0, 0, 0, 0, 0, 2, 2, 3, 0, 2, 1, 2, 1, 4, 3, 6, 5, 3, 3, 2, 2, 4, 4, 613, 0, 0, 0, 0, 0, 0]",-1,-0.00010882904803575628,-1,0
3801,"[1, 5, 0, 2, 1, 8, 0, 4, 0, 1, 0, 0, 1, 0, 2, 0, 0, 0, 0, 0, 0, 0, 0, 0, 2, 0, 0, 0, 0, 0, 0, 0, 1, 1, 0, 1, 1, 0, 2, 2, 0, 0, 1, 0, 0, 0, 0, 1, 0, 0, 2, 2, 2, 0, 0, 0, 0, 0, 0, 0, 0, 0, 2, 2, 3, 0, 2, 1, 2, 1, 4, 3, 6, 5, 3, 3, 2, 2, 4, 4, 613, 0, 0, 0, 0, 0, 0]",0,0.24271888580446696,-1,0
3802,"[1, 5, 0, 2, 1, 8, 0, 4, 0, 1, 0, 0, 1, 0, 2, 0, 0, 0, 0, 0, 0, 0, 0, 0, 2, 0, 0, 0, 0, 0, 0, 0, 1, 1, 0, 1, 1, 0, 2, 2, 0, 0, 1, 0, 0, 0, 0, 1, 0, 0, 2, 2, 2, 0, 0, 0, 0, 0, 0, 0, 0, 0, 2, 2, 3, 0, 2, 1, 2, 1, 4, 3, 6, 5, 3, 3, 2, 2, 4, 4, 613, 0, 0, 0, 0, 0, 0]",-1,-0.00010882904803575628,-1,0
3803,"[1, 5, 0, 2, 1, 8, 0, 4, 0, 1, 0, 0, 1, 0, 2, 0, 0, 0, 0, 0, 0, 0, 0, 0, 2, 0, 0, 0, 0, 0, 0, 0, 1, 1, 0, 1, 1, 0, 2, 2, 0, 0, 1, 0, 0, 0, 0, 1, 0, 0, 2, 2, 2, 0, 0, 0, 0, 0, 0, 0, 0, 0, 2, 2, 3, 0, 2, 1, 2, 1, 4, 3, 6, 5, 3, 3, 2, 2, 4, 4, 613, 0, 0, 0, 0, 0, 0]",1,0.6096241284805106,-1,0
3804,"[1, 5, 0, 2, 1, 8, 0, 4, 0, 1, 0, 0, 1, 0, 2, 0, 0, 0, 0, 0, 0, 0, 0, 0, 2, 0, 0, 0, 0, 0, 0, 0, 1, 1, 0, 1, 1, 0, 2, 2, 0, 0, 1, 0, 0, 0, 0, 1, 0, 0, 2, 2, 2, 0, 0, 0, 0, 0, 0, 0, 0, 0, 2, 2, 3, 0, 2, 1, 2, 1, 4, 3, 6, 5, 3, 3, 2, 2, 4, 4, 613, 0, 0, 0, 0, 0, 0]",-1,-0.00010882904803575628,-1,0
3805,"[1, 5, 0, 2, 1, 8, 0, 4, 0, 1, 0, 0, 1, 0, 2, 0, 0, 0, 0, 0, 0, 0, 0, 0, 2, 0, 0, 0, 0, 0, 0, 0, 1, 1, 0, 1, 1, 0, 2, 2, 0, 0, 1, 0, 0, 0, 0, 1, 0, 0, 2, 2, 2, 0, 0, 0, 0, 0, 0, 0, 0, 0, 2, 2, 3, 0, 2, 1, 2, 1, 4, 3, 6, 5, 3, 3, 2, 2, 4, 4, 613, 0, 1, 0, 0, 0, 0]",2,0.40000001338089386,-1,0
3806,"[1, 5, 0, 2, 1, 8, 0, 4, 0, 1, 0, 0, 1, 0, 2, 0, 0, 0, 0, 0, 0, 0, 0, 0, 2, 0, 0, 0, 0, 0, 0, 0, 1, 1, 0, 1, 1, 0, 2, 2, 0, 0, 1, 0, 0, 0, 0, 1, 0, 0, 2, 2, 2, 0, 0, 0, 0, 0, 0, 0, 0, 0, 2, 2, 3, 0, 2, 1, 2, 1, 4, 3, 6, 5, 3, 3, 2, 2, 4, 4, 613, 0, 0, 0, 0, 0, 0]",-1,-0.00010882904803575628,-1,0
3807,"[1, 5, 0, 2, 1, 8, 0, 4, 0, 1, 0, 0, 1, 0, 2, 0, 0, 0, 0, 0, 0, 0, 0, 0, 2, 0, 0, 0, 0, 0, 0, 0, 1, 1, 0, 1, 1, 0, 2, 2, 0, 0, 1, 0, 0, 0, 0, 1, 0, 0, 2, 2, 2, 0, 0, 0, 0, 0, 0, 0, 0, 0, 2, 2, 3, 0, 2, 1, 2, 1, 4, 3, 6, 5, 3, 3, 2, 2, 4, 4, 613, 0, 0, 0, 0, 0, 0]",1,0.6096241284805106,-1,0
3808,"[1, 5, 0, 2, 1, 8, 0, 4, 0, 1, 0, 0, 1, 0, 2, 0, 0, 0, 0, 0, 0, 0, 0, 0, 2, 0, 0, 0, 0, 0, 0, 0, 1, 1, 0, 1, 1, 0, 2, 2, 0, 0, 1, 0, 0, 0, 0, 1, 0, 0, 2, 2, 2, 0, 0, 0, 0, 0, 0, 0, 0, 0, 2, 2, 3, 0, 2, 1, 2, 1, 4, 3, 6, 5, 3, 3, 2, 2, 4, 4, 613, 0, 0, 0, 0, 0, 0]",-1,-0.00010882904803575628,-1,0
3809,"[1, 5, 0, 2, 1, 8, 0, 4, 0, 1, 0, 0, 1, 0, 2, 0, 0, 0, 0, 0, 0, 0, 0, 0, 2, 0, 0, 0, 0, 0, 0, 0, 1, 1, 0, 1, 1, 0, 2, 2, 0, 0, 1, 0, 0, 0, 0, 1, 0, 0, 2, 2, 2, 0, 0, 0, 0, 0, 0, 0, 0, 0, 2, 2, 3, 0, 2, 1, 2, 1, 4, 3, 6, 5, 3, 3, 2, 2, 4, 4, 613, 1, 0, 0, 0, 0, 0]",3,0.20000001338089388,-1,0
3810,"[1, 5, 0, 2, 1, 8, 0, 4, 0, 1, 0, 0, 1, 0, 2, 0, 0, 0, 0, 0, 0, 0, 0, 0, 2, 0, 0, 0, 0, 0, 0, 0, 1, 1, 0, 1, 1, 0, 2, 2, 0, 0, 1, 0, 0, 0, 0, 1, 0, 0, 2, 2, 2, 0, 0, 0, 0, 0, 0, 0, 0, 0, 2, 2, 3, 0, 2, 1, 2, 1, 4, 3, 6, 5, 3, 3, 2, 2, 4, 4, 613, 0, 0, 0, 0, 0, 0]",-1,-0.00010882904803575628,-1,0
3811,"[1, 5, 0, 2, 1, 8, 0, 4, 0, 1, 0, 0, 1, 0, 2, 0, 0, 0, 0, 0, 0, 0, 0, 0, 2, 0, 0, 0, 0, 0, 0, 0, 1, 1, 0, 1, 1, 0, 2, 2, 0, 0, 1, 0, 0, 0, 0, 1, 0, 0, 2, 2, 2, 0, 0, 0, 0, 0, 0, 0, 0, 0, 2, 2, 3, 0, 2, 1, 2, 1, 4, 3, 6, 5, 3, 3, 2, 2, 4, 4, 613, 0, 1, 0, 0, 0, 0]",2,0.40000001338089386,-1,0
3812,"[1, 5, 0, 2, 1, 8, 0, 4, 0, 1, 0, 0, 1, 0, 2, 0, 0, 0, 0, 0, 0, 0, 0, 0, 2, 0, 0, 0, 0, 0, 0, 0, 1, 1, 0, 1, 1, 0, 2, 2, 0, 0, 1, 0, 0, 0, 0, 1, 0, 0, 2, 2, 2, 0, 0, 0, 0, 0, 0, 0, 0, 0, 2, 2, 3, 0, 2, 1, 2, 1, 4, 3, 6, 5, 3, 3, 2, 2, 4, 4, 613, 0, 0, 0, 0, 0, 0]",-1,-0.00010882904803575628,-1,0
3813,"[1, 5, 0, 2, 1, 8, 0, 4, 0, 1, 0, 0, 1, 0, 2, 0, 0, 0, 0, 0, 0, 0, 0, 0, 2, 0, 0, 0, 0, 0, 0, 0, 1, 1, 0, 1, 1, 0, 2, 2, 0, 0, 1, 0, 0, 0, 0, 1, 0, 0, 2, 2, 2, 0, 0, 0, 0, 0, 0, 0, 0, 0, 2, 2, 3, 0, 2, 1, 2, 1, 4, 3, 6, 5, 3, 3, 2, 2, 4, 4, 613, 0, 1, 0, 0, 0, 0]",2,0.40000001338089386,-1,0
3814,"[1, 5, 0, 2, 1, 8, 0, 4, 0, 1, 0, 0, 1, 0, 2, 0, 0, 0, 0, 0, 0, 0, 0, 0, 2, 0, 0, 0, 0, 0, 0, 0, 1, 1, 0, 1, 1, 0, 2, 2, 0, 0, 1, 0, 0, 0, 0, 1, 0, 0, 2, 2, 2, 0, 0, 0, 0, 0, 0, 0, 0, 0, 2, 2, 3, 0, 2, 1, 2, 1, 4, 3, 6, 5, 3, 3, 2, 2, 4, 4, 613, 0, 0, 0, 0, 0, 0]",-1,-0.00010882904803575628,-1,0
3815,"[1, 5, 0, 2, 1, 8, 0, 4, 0, 1, 0, 0, 1, 0, 2, 0, 0, 0, 0, 0, 0, 0, 0, 0, 2, 0, 0, 0, 0, 0, 0, 0, 1, 1, 0, 1, 1, 0, 2, 2, 0, 0, 1, 0, 0, 0, 0, 1, 0, 0, 2, 2, 2, 0, 0, 0, 0, 0, 0, 0, 0, 0, 2, 2, 3, 0, 2, 1, 2, 1, 4, 3, 6, 5, 3, 3, 2, 2, 4, 4, 613, 0, 0, 0, 0, 0, 0]",1,0.6096241284805106,-1,0
3816,"[1, 5, 0, 2, 1, 8, 0, 4, 0, 1, 0, 0, 1, 0, 2, 0, 0, 0, 0, 0, 0, 0, 0, 0, 2, 0, 0, 0, 0, 0, 0, 0, 1, 1, 0, 1, 1, 0, 2, 2, 0, 0, 1, 0, 0, 0, 0, 1, 0, 0, 2, 2, 2, 0, 0, 0, 0, 0, 0, 0, 0, 0, 2, 2, 3, 0, 2, 1, 2, 1, 4, 3, 6, 5, 3, 3, 2, 2, 4, 4, 613, 0, 0, 0, 0, 0, 0]",-1,-0.00010882904803575628,-1,0
3817,"[1, 5, 0, 2, 1, 8, 0, 4, 0, 1, 0, 0, 1, 0, 2, 0, 0, 0, 0, 0, 0, 0, 0, 0, 2, 0, 0, 0, 0, 0, 0, 0, 1, 1, 0, 1, 1, 0, 2, 2, 0, 0, 1, 0, 0, 0, 0, 1, 0, 0, 2, 2, 2, 0, 0, 0, 0, 0, 0, 0, 0, 0, 2, 2, 3, 0, 2, 1, 2, 1, 4, 3, 6, 5, 3, 3, 2, 2, 4, 4, 613, 0, 0, 0, 0, 0, 0]",1,0.6096241284805106,-1,0
3818,"[1, 5, 0, 2, 1, 8, 0, 4, 0, 1, 0, 0, 1, 0, 2, 0, 0, 0, 0, 0, 0, 0, 0, 0, 2, 0, 0, 0, 0, 0, 0, 0, 1, 1, 0, 1, 1, 0, 2, 2, 0, 0, 1, 0, 0, 0, 0, 1, 0, 0, 2, 2, 2, 0, 0, 0, 0, 0, 0, 0, 0, 0, 2, 2, 3, 0, 2, 1, 2, 1, 4, 3, 6, 5, 3, 3, 2, 2, 4, 4, 613, 0, 0, 0, 0, 0, 0]",-1,-0.00010882904803575628,-1,0
3819,"[1, 5, 0, 2, 1, 8, 0, 4, 0, 1, 0, 0, 1, 0, 2, 0, 0, 0, 0, 0, 0, 0, 0, 0, 2, 0, 0, 0, 0, 0, 0, 0, 1, 1, 0, 1, 1, 0, 2, 2, 0, 0, 1, 0, 0, 0, 0, 1, 0, 0, 2, 2, 2, 0, 0, 0, 0, 0, 0, 0, 0, 0, 2, 2, 3, 0, 2, 1, 2, 1, 4, 3, 6, 5, 3, 3, 2, 2, 4, 4, 613, 0, 0, 0, 0, 0, 0]",1,0.6096241284805106,-1,0
3820,"[1, 5, 0, 2, 1, 8, 0, 4, 0, 1, 0, 0, 1, 0, 2, 0, 0, 0, 0, 0, 0, 0, 0, 0, 2, 0, 0, 0, 0, 0, 0, 0, 1, 1, 0, 1, 1, 0, 2, 2, 0, 0, 1, 0, 0, 0, 0, 1, 0, 0, 2, 2, 2, 0, 0, 0, 0, 0, 0, 0, 0, 0, 2, 2, 3, 0, 2, 1, 2, 1, 4, 3, 6, 5, 3, 3, 2, 2, 4, 4, 613, 0, 0, 0, 0, 0, 0]",-1,-0.00010882904803575628,-1,0
3821,"[1, 5, 0, 2, 1, 8, 0, 4, 0, 1, 0, 0, 1, 0, 2, 0, 0, 0, 0, 0, 0, 0, 0, 0, 2, 0, 0, 0, 0, 0, 0, 0, 1, 1, 0, 1, 1, 0, 2, 2, 0, 0, 1, 0, 0, 0, 0, 1, 0, 0, 2, 2, 2, 0, 0, 0, 0, 0, 0, 0, 0, 0, 2, 2, 3, 0, 2, 1, 2, 1, 4, 3, 6, 5, 3, 3, 2, 2, 4, 4, 613, 1, 0, 0, 0, 0, 0]",3,0.20000001338089388,-1,0
3822,"[1, 5, 0, 2, 1, 8, 0, 4, 0, 1, 0, 0, 1, 0, 2, 0, 0, 0, 0, 0, 0, 0, 0, 0, 2, 0, 0, 0, 0, 0, 0, 0, 1, 1, 0, 1, 1, 0, 2, 2, 0, 0, 1, 0, 0, 0, 0, 1, 0, 0, 2, 2, 2, 0, 0, 0, 0, 0, 0, 0, 0, 0, 2, 2, 3, 0, 2, 1, 2, 1, 4, 3, 6, 5, 3, 3, 2, 2, 4, 4, 613, 0, 0, 0, 0, 0, 0]",-1,-0.00010882904803575628,-1,0
3823,"[1, 5, 0, 2, 1, 8, 0, 5, 0, 1, 0, 0, 1, 0, 2, 0, 0, 0, 0, 0, 0, 0, 0, 0, 2, 0, 0, 0, 0, 0, 0, 0, 1, 1, 0, 1, 1, 0, 2, 2, 0, 0, 1, 0, 0, 0, 0, 1, 0, 0, 2, 2, 2, 0, 0, 0, 0, 0, 0, 0, 0, 0, 2, 2, 3, 0, 2, 1, 2, 1, 4, 3, 6, 5, 3, 3, 2, 2, 4, 4, 614, 0, 0, 0, 0, 0, 0]",4,13.938269549758974,-1,0
3824,"[1, 5, 0, 2, 1, 8, 0, 5, 0, 1, 0, 0, 1, 0, 2, 0, 0, 0, 0, 0, 0, 0, 0, 0, 2, 0, 0, 0, 0, 0, 0, 0, 1, 1, 0, 1, 1, 0, 2, 2, 0, 0, 1, 0, 0, 0, 0, 1, 0, 0, 2, 2, 2, 0, 0, 0, 0, 0, 0, 0, 0, 0, 2, 2, 3, 0, 2, 1, 2, 1, 4, 3, 6, 5, 3, 3, 2, 2, 4, 4, 614, 1, 0, 0, 0, 0, 0]",3,0.20000001285622154,-1,1
3825,"[1, 5, 0, 2, 1, 8, 0, 5, 0, 1, 0, 0, 1, 0, 2, 0, 0, 0, 0, 0, 0, 0, 0, 0, 2, 0, 0, 0, 0, 0, 0, 0, 1, 1, 0, 1, 1, 0, 2, 2, 0, 0, 1, 0, 0, 0, 0, 1, 0, 0, 2, 2, 2, 0, 0, 0, 0, 0, 0, 0, 0, 0, 2, 2, 3, 0, 2, 1, 2, 1, 4, 3, 6, 5, 3, 3, 2, 2, 4, 4, 614, 0, 0, 0, 0, 0, 0]",-1,-0.00010774618091488066,-1,1
3826,"[1, 5, 0, 2, 1, 8, 0, 6, 0, 1, 0, 0, 1, 0, 2, 0, 0, 0, 0, 0, 0, 0, 0, 0, 2, 0, 0, 0, 0, 0, 0, 0, 1, 1, 0, 1, 1, 0, 2, 2, 0, 0, 1, 0, 0, 0, 0, 1, 0, 0, 2, 2, 2, 0, 0, 0, 0, 0, 0, 0, 0, 0, 2, 2, 3, 0, 2, 1, 2, 1, 4, 3, 6, 5, 3, 3, 2, 2, 4, 4, 615, 0, 0, 0, 0, 0, 0]",4,12.483365581175509,-1,1
3827,"[1, 5, 0, 2, 1, 8, 0, 6, 0, 1, 0, 0, 1, 0, 2, 0, 0, 0, 0, 0, 0, 0, 0, 0, 2, 0, 0, 0, 0, 0, 0, 0, 1, 1, 0, 1, 1, 0, 2, 2, 0, 0, 1, 0, 0, 0, 0, 1, 0, 0, 2, 2, 2, 0, 0, 0, 0, 0, 0, 0, 0, 0, 2, 2, 3, 0, 2, 1, 2, 1, 4, 3, 6, 5, 3, 3, 2, 2, 4, 4, 615, 0, 0, 0, 0, 0, 0]",1,0.6096241274517387,-1,0
3828,"[1, 5, 0, 2, 1, 8, 0, 6, 0, 1, 0, 0, 1, 0, 2, 0, 0, 0, 0, 0, 0, 0, 0, 0, 2, 0, 0, 0, 0, 0, 0, 0, 1, 1, 0, 1, 1, 0, 2, 2, 0, 0, 1, 0, 0, 0, 0, 1, 0, 0, 2, 2, 2, 0, 0, 0, 0, 0, 0, 0, 0, 0, 2, 2, 3, 0, 2, 1, 2, 1, 4, 3, 6, 5, 3, 3, 2, 2, 4, 4, 615, 0, 0, 0, 0, 0, 0]",-1,-0.00010667408850188541,-1,0
3829,"[1, 5, 0, 2, 1, 8, 0, 6, 0, 1, 0, 0, 1, 0, 2, 0, 0, 0, 0, 0, 0, 0, 0, 0, 2, 0, 0, 0, 0, 0, 0, 0, 1, 1, 0, 1, 1, 0, 2, 2, 0, 0, 1, 0, 0, 0, 0, 1, 0, 0, 2, 2, 2, 0, 0, 0, 0, 0, 0, 0, 0, 0, 2, 2, 3, 0, 2, 1, 2, 1, 4, 3, 6, 5, 3, 3, 2, 2, 4, 4, 615, 0, 1, 0, 0, 0, 0]",2,0.4000000123521219,-1,0
3830,"[1, 5, 0, 2, 1, 8, 0, 6, 0, 1, 0, 0, 1, 0, 2, 0, 0, 0, 0, 0, 0, 0, 0, 0, 2, 0, 0, 0, 0, 0, 0, 0, 1, 1, 0, 1, 1, 0, 2, 2, 0, 0, 1, 0, 0, 0, 0, 1, 0, 0, 2, 2, 2, 0, 0, 0, 0, 0, 0, 0, 0, 0, 2, 2, 3, 0, 2, 1, 2, 1, 4, 3, 6, 5, 3, 3, 2, 2, 4, 4, 615, 0, 0, 0, 0, 0, 0]",-1,-0.00010667408850188541,-1,0
3831,"[1, 5, 0, 2, 1, 8, 0, 6, 0, 1, 0, 0, 1, 0, 2, 0, 0, 0, 0, 0, 0, 0, 0, 0, 2, 0, 0, 0, 0, 0, 0, 0, 1, 1, 0, 1, 1, 0, 2, 2, 0, 0, 1, 0, 0, 0, 0, 1, 0, 0, 2, 2, 2, 0, 0, 0, 0, 0, 0, 0, 0, 0, 2, 2, 3, 0, 2, 1, 2, 1, 4, 3, 6, 5, 3, 3, 2, 2, 4, 4, 615, 0, 1, 0, 0, 0, 0]",2,0.4000000123521219,-1,0
3832,"[1, 5, 0, 2, 1, 8, 0, 6, 0, 1, 0, 0, 1, 0, 2, 0, 0, 0, 0, 0, 0, 0, 0, 0, 2, 0, 0, 0, 0, 0, 0, 0, 1, 1, 0, 1, 1, 0, 2, 2, 0, 0, 1, 0, 0, 0, 0, 1, 0, 0, 2, 2, 2, 0, 0, 0, 0, 0, 0, 0, 0, 0, 2, 2, 3, 0, 2, 1, 2, 1, 4, 3, 6, 5, 3, 3, 2, 2, 4, 4, 615, 0, 0, 0, 0, 0, 0]",-1,-0.00010667408850188541,-1,0
3833,"[1, 5, 0, 2, 1, 8, 0, 6, 0, 1, 0, 0, 1, 0, 2, 0, 0, 0, 0, 0, 0, 0, 0, 0, 2, 0, 0, 0, 0, 0, 0, 0, 1, 1, 0, 1, 1, 0, 2, 2, 0, 0, 1, 0, 0, 0, 0, 1, 0, 0, 2, 2, 2, 0, 0, 0, 0, 0, 0, 0, 0, 0, 2, 2, 3, 0, 2, 1, 2, 1, 4, 3, 6, 5, 3, 3, 2, 2, 4, 4, 615, 0, 0, 0, 0, 0, 0]",1,0.6096241274517387,-1,0
3834,"[1, 5, 0, 2, 1, 8, 0, 6, 0, 1, 0, 0, 1, 0, 2, 0, 0, 0, 0, 0, 0, 0, 0, 0, 2, 0, 0, 0, 0, 0, 0, 0, 1, 1, 0, 1, 1, 0, 2, 2, 0, 0, 1, 0, 0, 0, 0, 1, 0, 0, 2, 2, 2, 0, 0, 0, 0, 0, 0, 0, 0, 0, 2, 2, 3, 0, 2, 1, 2, 1, 4, 3, 6, 5, 3, 3, 2, 2, 4, 4, 615, 0, 0, 0, 0, 0, 0]",-1,-0.00010667408850188541,-1,0
3835,"[1, 5, 0, 2, 1, 8, 0, 7, 0, 1, 0, 0, 1, 0, 2, 0, 0, 0, 0, 0, 0, 0, 0, 0, 2, 0, 0, 0, 0, 0, 0, 0, 1, 1, 0, 1, 1, 0, 2, 2, 0, 0, 1, 0, 0, 0, 0, 1, 0, 0, 2, 2, 2, 0, 0, 0, 0, 0, 0, 0, 0, 0, 2, 2, 3, 0, 2, 1, 2, 1, 4, 3, 6, 5, 3, 3, 2, 2, 4, 4, 616, 0, 0, 0, 0, 0, 0]",4,13.938265238851473,-1,0
3836,"[1, 5, 0, 2, 1, 8, 0, 7, 0, 1, 0, 0, 1, 0, 2, 0, 0, 0, 0, 0, 0, 0, 0, 0, 2, 0, 0, 0, 0, 0, 0, 0, 1, 1, 0, 1, 1, 0, 2, 2, 0, 0, 1, 0, 0, 0, 0, 1, 0, 0, 2, 2, 2, 0, 0, 0, 0, 0, 0, 0, 0, 0, 2, 2, 3, 0, 2, 1, 2, 1, 4, 3, 6, 5, 3, 3, 2, 2, 4, 4, 616, 0, 0, 0, 0, 0, 0]",-1,-0.00010561266358663572,-1,1
3837,"[1, 5, 0, 2, 1, 8, 0, 7, 0, 1, 0, 0, 1, 0, 2, 0, 0, 0, 0, 0, 0, 0, 0, 0, 2, 0, 0, 0, 0, 0, 0, 0, 1, 1, 0, 1, 1, 0, 2, 2, 0, 0, 1, 0, 0, 0, 0, 1, 0, 0, 2, 2, 2, 0, 0, 0, 0, 0, 0, 0, 0, 0, 2, 2, 3, 0, 2, 1, 2, 1, 4, 3, 6, 5, 3, 3, 2, 2, 4, 4, 616, 0, 0, 0, 0, 0, 0]",-1,-0.00010561266358663572,-1,1
3838,"[1, 5, 0, 2, 1, 8, 0, 7, 0, 1, 0, 0, 1, 0, 2, 0, 0, 0, 0, 0, 0, 0, 0, 0, 2, 0, 0, 0, 0, 0, 0, 0, 1, 1, 0, 1, 1, 0, 2, 2, 0, 0, 1, 0, 0, 0, 0, 1, 0, 0, 2, 2, 2, 0, 0, 0, 0, 0, 0, 0, 0, 0, 2, 2, 3, 0, 2, 1, 2, 1, 4, 3, 6, 5, 3, 3, 2, 2, 4, 4, 617, 0, 0, 0, 0, 0, 0]",4,12.485774321956551,-1,1
3839,"[1, 5, 0, 2, 1, 8, 0, 7, 0, 1, 0, 0, 1, 0, 2, 0, 0, 0, 0, 0, 0, 0, 0, 0, 2, 0, 0, 0, 0, 0, 0, 0, 1, 1, 0, 1, 1, 0, 2, 2, 0, 0, 1, 0, 0, 0, 0, 1, 0, 0, 2, 2, 2, 0, 0, 0, 0, 0, 0, 0, 0, 0, 2, 2, 3, 0, 2, 1, 2, 1, 4, 3, 6, 5, 3, 3, 2, 2, 4, 4, 617, 0, 0, 0, 0, 0, 0]",1,0.6096241265020624,-1,0
3840,"[1, 5, 0, 2, 1, 8, 0, 7, 0, 1, 0, 0, 1, 0, 2, 0, 0, 0, 0, 0, 0, 0, 0, 0, 2, 0, 0, 0, 0, 0, 0, 0, 1, 1, 0, 1, 1, 0, 2, 2, 0, 0, 1, 0, 0, 0, 0, 1, 0, 0, 2, 2, 2, 0, 0, 0, 0, 0, 0, 0, 0, 0, 2, 2, 3, 0, 2, 1, 2, 1, 4, 3, 6, 5, 3, 3, 2, 2, 4, 4, 617, 0, 0, 0, 0, 0, 0]",-1,-0.00010456180002575553,-1,0
3841,"[1, 5, 0, 2, 1, 8, 0, 7, 0, 1, 0, 0, 1, 0, 2, 0, 0, 0, 0, 0, 0, 0, 0, 0, 2, 0, 0, 0, 0, 0, 0, 0, 1, 1, 0, 1, 1, 0, 2, 2, 0, 0, 1, 0, 0, 0, 0, 1, 0, 0, 2, 2, 2, 0, 0, 0, 0, 0, 0, 0, 0, 0, 2, 2, 3, 0, 2, 1, 2, 1, 4, 3, 6, 5, 3, 3, 2, 2, 4, 4, 617, 0, 0, 0, 0, 0, 0]",1,0.6096241265020624,-1,0
3842,"[1, 5, 0, 2, 1, 8, 0, 7, 0, 1, 0, 0, 1, 0, 2, 0, 0, 0, 0, 0, 0, 0, 0, 0, 2, 0, 0, 0, 0, 0, 0, 0, 1, 1, 0, 1, 1, 0, 2, 2, 0, 0, 1, 0, 0, 0, 0, 1, 0, 0, 2, 2, 2, 0, 0, 0, 0, 0, 0, 0, 0, 0, 2, 2, 3, 0, 2, 1, 2, 1, 4, 3, 6, 5, 3, 3, 2, 2, 4, 4, 617, 0, 0, 0, 0, 0, 0]",-1,-0.00010456180002575553,-1,0
3843,"[1, 6, 0, 2, 1, 9, 0, 7, 0, 1, 0, 0, 1, 0, 2, 0, 0, 0, 0, 0, 0, 0, 0, 0, 2, 0, 0, 0, 0, 0, 0, 0, 1, 1, 0, 1, 1, 0, 2, 2, 0, 0, 1, 0, 0, 0, 0, 1, 0, 0, 2, 2, 2, 0, 0, 0, 0, 0, 0, 0, 0, 0, 2, 2, 3, 0, 2, 1, 2, 1, 4, 3, 6, 5, 3, 3, 2, 2, 4, 4, 618, 0, 0, 0, 0, 0, 0]",4,13.858521752283034,-1,0
3844,"[1, 6, 0, 2, 1, 9, 0, 7, 0, 1, 0, 0, 1, 0, 2, 0, 0, 0, 0, 0, 0, 0, 0, 0, 2, 0, 0, 0, 0, 0, 0, 0, 1, 1, 0, 1, 1, 0, 2, 2, 0, 0, 1, 0, 0, 0, 0, 1, 0, 0, 2, 2, 2, 0, 0, 0, 0, 0, 0, 0, 0, 0, 2, 2, 3, 0, 2, 1, 2, 1, 4, 3, 6, 5, 3, 3, 2, 2, 4, 4, 618, 0, 0, 0, 0, 0, 0]",0,0.29497475778593274,-1,1
3845,"[1, 6, 0, 2, 1, 9, 0, 7, 0, 1, 0, 0, 1, 0, 2, 0, 0, 0, 0, 0, 0, 0, 0, 0, 2, 0, 0, 0, 0, 0, 0, 0, 1, 1, 0, 1, 1, 0, 2, 2, 0, 0, 1, 0, 0, 0, 0, 1, 0, 0, 2, 2, 2, 0, 0, 0, 0, 0, 0, 0, 0, 0, 2, 2, 3, 0, 2, 1, 2, 1, 4, 3, 6, 5, 3, 3, 2, 2, 4, 4, 618, 0, 0, 0, 0, 0, 0]",-1,-0.00010352139273201303,-1,1
3846,"[1, 6, 0, 2, 1, 9, 0, 7, 0, 1, 0, 0, 1, 0, 2, 0, 0, 0, 0, 0, 0, 0, 0, 0, 2, 0, 0, 0, 0, 0, 0, 0, 1, 1, 0, 1, 1, 0, 2, 2, 0, 0, 1, 0, 0, 0, 0, 1, 0, 0, 2, 2, 2, 0, 0, 0, 0, 0, 0, 0, 0, 0, 2, 2, 3, 0, 2, 1, 2, 1, 4, 3, 6, 5, 3, 3, 2, 2, 4, 4, 619, 0, 0, 0, 0, 0, 0]",4,12.473579375164446,-1,1
3847,"[1, 6, 0, 2, 1, 9, 0, 7, 0, 1, 0, 0, 1, 0, 2, 0, 0, 0, 0, 0, 0, 0, 0, 0, 2, 0, 0, 0, 0, 0, 0, 0, 1, 1, 0, 1, 1, 0, 2, 2, 0, 0, 1, 0, 0, 0, 0, 1, 0, 0, 2, 2, 2, 0, 0, 0, 0, 0, 0, 0, 0, 0, 2, 2, 3, 0, 2, 1, 2, 1, 4, 3, 6, 5, 3, 3, 2, 2, 4, 4, 619, 1, 0, 0, 0, 0, 0]",3,0.20000001052578406,-1,0
3848,"[1, 6, 0, 2, 1, 9, 0, 7, 0, 1, 0, 0, 1, 0, 2, 0, 0, 0, 0, 0, 0, 0, 0, 0, 2, 0, 0, 0, 0, 0, 0, 0, 1, 1, 0, 1, 1, 0, 2, 2, 0, 0, 1, 0, 0, 0, 0, 1, 0, 0, 2, 2, 2, 0, 0, 0, 0, 0, 0, 0, 0, 0, 2, 2, 3, 0, 2, 1, 2, 1, 4, 3, 6, 5, 3, 3, 2, 2, 4, 4, 619, 0, 0, 0, 0, 0, 0]",-1,-0.00010249133766381175,-1,0
3849,"[1, 7, 0, 2, 1, 10, 0, 7, 0, 1, 0, 0, 1, 0, 2, 0, 0, 0, 0, 0, 0, 0, 0, 0, 2, 0, 0, 0, 0, 0, 0, 0, 1, 1, 0, 1, 1, 0, 2, 2, 0, 0, 1, 0, 0, 0, 0, 1, 0, 0, 2, 2, 2, 0, 0, 0, 0, 0, 0, 0, 0, 0, 2, 2, 3, 0, 2, 1, 2, 1, 4, 3, 6, 5, 3, 3, 2, 2, 4, 4, 620, 0, 0, 0, 0, 0, 0]",4,13.800698800692242,-1,0
3850,"[1, 7, 0, 2, 1, 10, 0, 7, 0, 1, 0, 0, 1, 0, 2, 0, 0, 0, 0, 0, 0, 0, 0, 0, 2, 0, 0, 0, 0, 0, 0, 0, 1, 1, 0, 1, 1, 0, 2, 2, 0, 0, 1, 0, 0, 0, 0, 1, 0, 0, 2, 2, 2, 0, 0, 0, 0, 0, 0, 0, 0, 0, 2, 2, 3, 0, 2, 1, 2, 1, 4, 3, 6, 5, 3, 3, 2, 2, 4, 4, 620, 0, 0, 0, 0, 0, 0]",0,0.2949747569436455,-1,1
3851,"[1, 7, 0, 2, 1, 10, 0, 7, 0, 1, 0, 0, 1, 0, 2, 0, 0, 0, 0, 0, 0, 0, 0, 0, 2, 0, 0, 0, 0, 0, 0, 0, 1, 1, 0, 1, 1, 0, 2, 2, 0, 0, 1, 0, 0, 0, 0, 1, 0, 0, 2, 2, 2, 0, 0, 0, 0, 0, 0, 0, 0, 0, 2, 2, 3, 0, 2, 1, 2, 1, 4, 3, 6, 5, 3, 3, 2, 2, 4, 4, 620, 0, 0, 0, 0, 0, 0]",-1,-0.00010147153181478671,-1,1
3852,"[1, 7, 0, 2, 1, 10, 0, 8, 0, 1, 0, 0, 1, 0, 2, 0, 0, 0, 0, 0, 0, 0, 0, 0, 2, 0, 0, 0, 0, 0, 0, 0, 1, 1, 0, 1, 1, 0, 2, 2, 0, 0, 1, 0, 0, 0, 0, 1, 0, 0, 2, 2, 2, 0, 0, 0, 0, 0, 0, 0, 0, 0, 2, 2, 3, 0, 2, 1, 2, 1, 4, 3, 6, 5, 3, 3, 2, 2, 4, 4, 621, 0, 0, 0, 0, 0, 0]",4,12.466301711069853,-1,1
3853,"[1, 3, 0, 1, 1, 5, 0, 4, 0, 1, 0, 0, 1, 0, 2, 0, 0, 0, 0, 0, 0, 0, 0, 0, 2, 0, 0, 0, 0, 0, 0, 0, 1, 1, 0, 1, 1, 0, 2, 2, 0, 0, 1, 0, 0, 0, 0, 1, 0, 0, 2, 2, 2, 0, 0, 0, 0, 0, 0, 0, 0, 0, 2, 2, 3, 0, 2, 1, 2, 1, 4, 3, 6, 5, 3, 3, 2, 2, 4, 1, 622, 0, 0, 0, 0, 0, 0]",4,14.113156399397372,-1,0
3854,"[1, 3, 0, 1, 1, 5, 0, 4, 0, 1, 0, 0, 1, 0, 2, 0, 0, 0, 0, 0, 0, 0, 0, 0, 2, 0, 0, 0, 0, 0, 0, 0, 1, 1, 0, 1, 1, 0, 2, 2, 0, 0, 1, 0, 0, 0, 0, 1, 0, 0, 2, 2, 2, 0, 0, 0, 0, 0, 0, 0, 0, 0, 2, 2, 3, 0, 2, 1, 2, 1, 4, 3, 6, 5, 3, 3, 2, 2, 4, 1, 622, 0, 0, 0, 0, 0, 0]",0,0.29497475616611635,-1,1
3855,"[1, 3, 0, 1, 1, 5, 0, 4, 0, 1, 0, 0, 1, 0, 2, 0, 0, 0, 0, 0, 0, 0, 0, 0, 2, 0, 0, 0, 0, 0, 0, 0, 1, 1, 0, 1, 1, 0, 2, 2, 0, 0, 1, 0, 0, 0, 0, 1, 0, 0, 2, 2, 2, 0, 0, 0, 0, 0, 0, 0, 0, 0, 2, 2, 3, 0, 2, 1, 2, 1, 4, 3, 6, 5, 3, 3, 2, 2, 4, 1, 622, 0, 0, 0, 0, 0, 0]",-1,-9.946226086325818e-05,-1,1
3856,"[1, 3, 0, 1, 1, 5, 0, 4, 0, 1, 0, 0, 1, 0, 2, 0, 0, 0, 0, 0, 0, 0, 0, 0, 2, 0, 0, 0, 0, 0, 0, 0, 1, 1, 0, 1, 1, 0, 2, 2, 0, 0, 1, 0, 0, 0, 0, 1, 0, 0, 2, 2, 2, 0, 0, 0, 0, 0, 0, 0, 0, 0, 2, 2, 3, 0, 2, 1, 2, 1, 4, 3, 6, 5, 3, 3, 2, 2, 4, 1, 623, 0, 0, 0, 0, 0, 0]",4,12.557065739871863,-1,1
3857,"[1, 3, 0, 1, 1, 5, 0, 4, 0, 1, 0, 0, 1, 0, 2, 0, 0, 0, 0, 0, 0, 0, 0, 0, 2, 0, 0, 0, 0, 0, 0, 0, 1, 1, 0, 1, 1, 0, 2, 2, 0, 0, 1, 0, 0, 0, 0, 1, 0, 0, 2, 2, 2, 0, 0, 0, 0, 0, 0, 0, 0, 0, 2, 2, 3, 0, 2, 1, 2, 1, 4, 3, 6, 5, 3, 3, 2, 2, 4, 1, 623, 1, 0, 0, 0, 0, 0]",3,0.2000000089694816,-1,0
3858,"[1, 3, 0, 1, 1, 5, 0, 4, 0, 1, 0, 0, 1, 0, 2, 0, 0, 0, 0, 0, 0, 0, 0, 0, 2, 0, 0, 0, 0, 0, 0, 0, 1, 1, 0, 1, 1, 0, 2, 2, 0, 0, 1, 0, 0, 0, 0, 1, 0, 0, 2, 2, 2, 0, 0, 0, 0, 0, 0, 0, 0, 0, 2, 2, 3, 0, 2, 1, 2, 1, 4, 3, 6, 5, 3, 3, 2, 2, 4, 1, 623, 0, 0, 0, 0, 0, 0]",-1,-9.847259483198507e-05,-1,0
3859,"[1, 3, 0, 1, 1, 5, 0, 4, 0, 1, 0, 0, 1, 0, 2, 0, 0, 0, 0, 0, 0, 0, 0, 0, 2, 0, 0, 0, 0, 0, 0, 0, 1, 1, 0, 1, 1, 0, 2, 2, 0, 0, 1, 0, 0, 0, 0, 1, 0, 0, 2, 2, 2, 0, 0, 0, 0, 0, 0, 0, 0, 0, 2, 2, 3, 0, 2, 1, 2, 1, 4, 3, 6, 5, 3, 3, 2, 2, 4, 1, 623, 0, 1, 0, 0, 0, 0]",2,0.40000000896948157,-1,0
3860,"[1, 3, 0, 1, 1, 5, 0, 4, 0, 1, 0, 0, 1, 0, 2, 0, 0, 0, 0, 0, 0, 0, 0, 0, 2, 0, 0, 0, 0, 0, 0, 0, 1, 1, 0, 1, 1, 0, 2, 2, 0, 0, 1, 0, 0, 0, 0, 1, 0, 0, 2, 2, 2, 0, 0, 0, 0, 0, 0, 0, 0, 0, 2, 2, 3, 0, 2, 1, 2, 1, 4, 3, 6, 5, 3, 3, 2, 2, 4, 1, 623, 0, 0, 0, 0, 0, 0]",-1,-9.847259483198507e-05,-1,0
3861,"[1, 3, 0, 1, 1, 5, 0, 4, 0, 1, 0, 0, 1, 0, 2, 0, 0, 0, 0, 0, 0, 0, 0, 0, 2, 0, 0, 0, 0, 0, 0, 0, 1, 1, 0, 1, 1, 0, 2, 2, 0, 0, 1, 0, 0, 0, 0, 1, 0, 0, 2, 2, 2, 0, 0, 0, 0, 0, 0, 0, 0, 0, 2, 2, 3, 0, 2, 1, 2, 1, 4, 3, 6, 5, 3, 3, 2, 2, 4, 1, 623, 1, 0, 0, 0, 0, 0]",3,0.2000000089694816,-1,0
3862,"[1, 3, 0, 1, 1, 5, 0, 4, 0, 1, 0, 0, 1, 0, 2, 0, 0, 0, 0, 0, 0, 0, 0, 0, 2, 0, 0, 0, 0, 0, 0, 0, 1, 1, 0, 1, 1, 0, 2, 2, 0, 0, 1, 0, 0, 0, 0, 1, 0, 0, 2, 2, 2, 0, 0, 0, 0, 0, 0, 0, 0, 0, 2, 2, 3, 0, 2, 1, 2, 1, 4, 3, 6, 5, 3, 3, 2, 2, 4, 1, 623, 0, 0, 0, 0, 0, 0]",-1,-9.847259483198507e-05,-1,0
3863,"[1, 3, 0, 1, 1, 5, 0, 4, 0, 1, 0, 0, 1, 0, 2, 0, 0, 0, 0, 0, 0, 0, 0, 0, 2, 0, 0, 0, 0, 0, 0, 0, 1, 1, 0, 1, 1, 0, 2, 2, 0, 0, 1, 0, 0, 0, 0, 1, 0, 0, 2, 2, 2, 0, 0, 0, 0, 0, 0, 0, 0, 0, 2, 2, 3, 0, 2, 1, 2, 1, 4, 3, 6, 5, 3, 3, 2, 2, 4, 1, 623, 0, 1, 0, 0, 0, 0]",2,0.40000000896948157,-1,0
3864,"[1, 3, 0, 1, 1, 5, 0, 4, 0, 1, 0, 0, 1, 0, 2, 0, 0, 0, 0, 0, 0, 0, 0, 0, 2, 0, 0, 0, 0, 0, 0, 0, 1, 1, 0, 1, 1, 0, 2, 2, 0, 0, 1, 0, 0, 0, 0, 1, 0, 0, 2, 2, 2, 0, 0, 0, 0, 0, 0, 0, 0, 0, 2, 2, 3, 0, 2, 1, 2, 1, 4, 3, 6, 5, 3, 3, 2, 2, 4, 1, 623, 0, 0, 0, 0, 0, 0]",-1,-9.847259483198507e-05,-1,0
3865,"[1, 3, 0, 1, 1, 5, 0, 4, 0, 1, 0, 0, 1, 0, 2, 0, 0, 0, 0, 0, 0, 0, 0, 0, 2, 0, 0, 0, 0, 0, 0, 0, 1, 1, 0, 1, 1, 0, 2, 2, 0, 0, 1, 0, 0, 0, 0, 1, 0, 0, 2, 2, 2, 0, 0, 0, 0, 0, 0, 0, 0, 0, 2, 2, 3, 0, 2, 1, 2, 1, 4, 3, 6, 5, 3, 3, 2, 2, 4, 1, 623, 0, 1, 0, 0, 0, 0]",2,0.40000000896948157,-1,0
3866,"[1, 3, 0, 1, 1, 5, 0, 4, 0, 1, 0, 0, 1, 0, 2, 0, 0, 0, 0, 0, 0, 0, 0, 0, 2, 0, 0, 0, 0, 0, 0, 0, 1, 1, 0, 1, 1, 0, 2, 2, 0, 0, 1, 0, 0, 0, 0, 1, 0, 0, 2, 2, 2, 0, 0, 0, 0, 0, 0, 0, 0, 0, 2, 2, 3, 0, 2, 1, 2, 1, 4, 3, 6, 5, 3, 3, 2, 2, 4, 1, 623, 0, 0, 0, 0, 0, 0]",-1,-9.847259483198507e-05,-1,0
3867,"[1, 3, 0, 1, 1, 5, 0, 4, 0, 1, 0, 0, 1, 0, 2, 0, 0, 0, 0, 0, 0, 0, 0, 0, 2, 0, 0, 0, 0, 0, 0, 0, 1, 1, 0, 1, 1, 0, 2, 2, 0, 0, 1, 0, 0, 0, 0, 1, 0, 0, 2, 2, 2, 0, 0, 0, 0, 0, 0, 0, 0, 0, 2, 2, 3, 0, 2, 1, 2, 1, 4, 3, 6, 5, 3, 3, 2, 2, 4, 1, 623, 0, 0, 0, 0, 0, 0]",1,0.6096241240690983,-1,0
3868,"[1, 3, 0, 1, 1, 5, 0, 4, 0, 1, 0, 0, 1, 0, 2, 0, 0, 0, 0, 0, 0, 0, 0, 0, 2, 0, 0, 0, 0, 0, 0, 0, 1, 1, 0, 1, 1, 0, 2, 2, 0, 0, 1, 0, 0, 0, 0, 1, 0, 0, 2, 2, 2, 0, 0, 0, 0, 0, 0, 0, 0, 0, 2, 2, 3, 0, 2, 1, 2, 1, 4, 3, 6, 5, 3, 3, 2, 2, 4, 1, 623, 0, 0, 0, 0, 0, 0]",-1,-9.847259483198507e-05,-1,0
3869,"[1, 3, 0, 1, 1, 5, 0, 4, 0, 1, 0, 0, 1, 0, 2, 0, 0, 0, 0, 0, 0, 0, 0, 0, 2, 0, 0, 0, 0, 0, 0, 0, 1, 1, 0, 1, 1, 0, 2, 2, 0, 0, 1, 0, 0, 0, 0, 1, 0, 0, 2, 2, 2, 0, 0, 0, 0, 0, 0, 0, 0, 0, 2, 2, 3, 0, 2, 1, 2, 1, 4, 3, 6, 5, 3, 3, 2, 2, 4, 1, 623, 0, 1, 0, 0, 0, 0]",2,0.40000000896948157,-1,0
3870,"[1, 3, 0, 1, 1, 5, 0, 4, 0, 1, 0, 0, 1, 0, 2, 0, 0, 0, 0, 0, 0, 0, 0, 0, 2, 0, 0, 0, 0, 0, 0, 0, 1, 1, 0, 1, 1, 0, 2, 2, 0, 0, 1, 0, 0, 0, 0, 1, 0, 0, 2, 2, 2, 0, 0, 0, 0, 0, 0, 0, 0, 0, 2, 2, 3, 0, 2, 1, 2, 1, 4, 3, 6, 5, 3, 3, 2, 2, 4, 1, 623, 0, 0, 0, 0, 0, 0]",-1,-9.847259483198507e-05,-1,0
3871,"[1, 3, 0, 1, 3, 5, 0, 4, 0, 1, 0, 0, 1, 0, 2, 0, 0, 0, 0, 0, 0, 0, 0, 0, 2, 0, 0, 0, 0, 0, 0, 0, 1, 1, 0, 1, 1, 0, 2, 2, 0, 0, 1, 0, 0, 0, 0, 1, 0, 0, 2, 2, 2, 0, 0, 0, 0, 0, 0, 0, 0, 0, 2, 2, 3, 0, 2, 1, 2, 1, 4, 3, 6, 5, 3, 3, 2, 2, 4, 1, 624, 0, 0, 0, 0, 0, 0]",4,14.113152420122878,-1,0
3872,"[1, 3, 0, 1, 3, 5, 0, 4, 0, 1, 0, 0, 1, 0, 2, 0, 0, 0, 0, 0, 0, 0, 0, 0, 2, 0, 0, 0, 0, 0, 0, 0, 1, 1, 0, 1, 1, 0, 2, 2, 0, 0, 1, 0, 0, 0, 0, 1, 0, 0, 2, 2, 2, 0, 0, 0, 0, 0, 0, 0, 0, 0, 2, 2, 3, 0, 2, 1, 2, 1, 4, 3, 6, 5, 3, 3, 2, 2, 4, 1, 624, 0, 0, 0, 0, 0, 0]",-1,-9.749277614225604e-05,-1,1
3873,"[1, 3, 0, 1, 3, 5, 0, 4, 0, 1, 0, 0, 1, 0, 2, 0, 0, 0, 0, 0, 0, 0, 0, 0, 2, 0, 0, 0, 0, 0, 0, 0, 1, 1, 0, 1, 1, 0, 2, 2, 0, 0, 1, 0, 0, 0, 0, 1, 0, 0, 2, 2, 2, 0, 0, 0, 0, 0, 0, 0, 0, 0, 2, 2, 3, 0, 2, 1, 2, 1, 4, 3, 6, 5, 3, 3, 2, 2, 4, 1, 624, 0, 0, 0, 0, 0, 0]",-1,-9.749277614225604e-05,-1,1
3874,"[1, 3, 0, 1, 3, 5, 0, 4, 0, 1, 0, 0, 1, 0, 2, 0, 0, 0, 0, 0, 0, 0, 0, 0, 2, 0, 0, 0, 0, 0, 0, 0, 1, 1, 0, 1, 1, 0, 2, 2, 0, 0, 1, 0, 0, 0, 0, 1, 0, 0, 2, 2, 2, 0, 0, 0, 0, 0, 0, 0, 0, 0, 2, 2, 3, 0, 2, 1, 2, 1, 4, 3, 6, 5, 3, 3, 2, 2, 4, 1, 625, 0, 0, 0, 0, 0, 0]",4,12.710673480324274,-1,1
3875,"[1, 3, 0, 1, 3, 5, 0, 4, 0, 1, 0, 0, 1, 0, 2, 0, 0, 0, 0, 0, 0, 0, 0, 0, 2, 0, 0, 0, 0, 0, 0, 0, 1, 1, 0, 1, 1, 0, 2, 2, 0, 0, 1, 0, 0, 0, 0, 1, 0, 0, 2, 2, 2, 0, 0, 0, 0, 0, 0, 0, 0, 0, 2, 2, 3, 0, 2, 1, 2, 1, 4, 3, 6, 5, 3, 3, 2, 2, 4, 1, 625, 0, 1, 0, 0, 0, 0]",2,0.4000000082798751,-1,0
3876,"[1, 3, 0, 1, 3, 5, 0, 4, 0, 1, 0, 0, 1, 0, 2, 0, 0, 0, 0, 0, 0, 0, 0, 0, 2, 0, 0, 0, 0, 0, 0, 0, 1, 1, 0, 1, 1, 0, 2, 2, 0, 0, 1, 0, 0, 0, 0, 1, 0, 0, 2, 2, 2, 0, 0, 0, 0, 0, 0, 0, 0, 0, 2, 2, 3, 0, 2, 1, 2, 1, 4, 3, 6, 5, 3, 3, 2, 2, 4, 1, 625, 0, 0, 0, 0, 0, 0]",-1,-9.652270681138547e-05,-1,0
3877,"[1, 3, 0, 1, 3, 5, 0, 4, 0, 1, 0, 0, 1, 0, 2, 0, 0, 0, 0, 0, 0, 0, 0, 0, 2, 0, 0, 0, 0, 0, 0, 0, 1, 1, 0, 1, 1, 0, 2, 2, 0, 0, 1, 0, 0, 0, 0, 1, 0, 0, 2, 2, 2, 0, 0, 0, 0, 0, 0, 0, 0, 0, 2, 2, 3, 0, 2, 1, 2, 1, 4, 3, 6, 5, 3, 3, 2, 2, 4, 1, 625, 0, 1, 0, 0, 0, 0]",2,0.4000000082798751,-1,0
3878,"[1, 3, 0, 1, 3, 5, 0, 4, 0, 1, 0, 0, 1, 0, 2, 0, 0, 0, 0, 0, 0, 0, 0, 0, 2, 0, 0, 0, 0, 0, 0, 0, 1, 1, 0, 1, 1, 0, 2, 2, 0, 0, 1, 0, 0, 0, 0, 1, 0, 0, 2, 2, 2, 0, 0, 0, 0, 0, 0, 0, 0, 0, 2, 2, 3, 0, 2, 1, 2, 1, 4, 3, 6, 5, 3, 3, 2, 2, 4, 1, 625, 0, 0, 0, 0, 0, 0]",-1,-9.652270681138547e-05,-1,0
3879,"[2, 3, 0, 1, 3, 6, 0, 4, 0, 1, 0, 0, 1, 0, 2, 0, 0, 0, 0, 0, 0, 0, 0, 0, 2, 0, 0, 0, 0, 0, 0, 0, 1, 1, 0, 1, 1, 0, 2, 2, 0, 0, 1, 0, 0, 0, 0, 1, 0, 0, 2, 2, 2, 0, 0, 0, 0, 0, 0, 0, 0, 0, 2, 2, 3, 0, 2, 1, 2, 1, 4, 3, 6, 5, 3, 3, 2, 2, 4, 1, 626, 0, 0, 0, 0, 0, 0]",4,14.142447521983351,-1,0
3880,"[2, 3, 0, 1, 3, 6, 0, 4, 0, 1, 0, 0, 1, 0, 2, 0, 0, 0, 0, 0, 0, 0, 0, 0, 2, 0, 0, 0, 0, 0, 0, 0, 1, 1, 0, 1, 1, 0, 2, 2, 0, 0, 1, 0, 0, 0, 0, 1, 0, 0, 2, 2, 2, 0, 0, 0, 0, 0, 0, 0, 0, 0, 2, 2, 3, 0, 2, 1, 2, 1, 4, 3, 6, 5, 3, 3, 2, 2, 4, 1, 626, 1, 0, 0, 0, 0, 0]",3,0.20000000795521658,-1,1
3881,"[2, 3, 0, 1, 3, 6, 0, 4, 0, 1, 0, 0, 1, 0, 2, 0, 0, 0, 0, 0, 0, 0, 0, 0, 2, 0, 0, 0, 0, 0, 0, 0, 1, 1, 0, 1, 1, 0, 2, 2, 0, 0, 1, 0, 0, 0, 0, 1, 0, 0, 2, 2, 2, 0, 0, 0, 0, 0, 0, 0, 0, 0, 2, 2, 3, 0, 2, 1, 2, 1, 4, 3, 6, 5, 3, 3, 2, 2, 4, 1, 626, 0, 0, 0, 0, 0, 0]",-1,-9.556228983163188e-05,-1,1
3882,"[1, 1, 0, 1, 1, 3, 0, 2, 0, 1, 0, 0, 1, 0, 2, 0, 0, 0, 0, 0, 0, 0, 0, 0, 2, 0, 0, 0, 0, 0, 0, 0, 1, 1, 0, 1, 1, 0, 2, 2, 0, 0, 1, 0, 0, 0, 0, 1, 0, 0, 2, 2, 2, 0, 0, 0, 0, 0, 0, 0, 0, 0, 2, 2, 3, 0, 2, 1, 2, 1, 4, 3, 6, 5, 3, 3, 2, 2, 4, 2, 627, 0, 0, 0, 0, 0, 0]",4,12.742445600837463,-1,1
3883,"[1, 1, 0, 1, 1, 3, 0, 2, 0, 1, 0, 0, 1, 0, 2, 0, 0, 0, 0, 0, 0, 0, 0, 0, 2, 0, 0, 0, 0, 0, 0, 0, 1, 1, 0, 1, 1, 0, 2, 2, 0, 0, 1, 0, 0, 0, 0, 1, 0, 0, 2, 2, 2, 0, 0, 0, 0, 0, 0, 0, 0, 0, 2, 2, 3, 0, 2, 1, 2, 1, 4, 3, 6, 5, 3, 3, 2, 2, 4, 2, 628, 0, 0, 0, 0, 0, 0]",4,14.533582514212037,-1,0
3884,"[1, 1, 0, 1, 1, 3, 0, 2, 0, 1, 0, 0, 1, 0, 2, 0, 0, 0, 0, 0, 0, 0, 0, 0, 2, 0, 0, 0, 0, 0, 0, 0, 1, 1, 0, 1, 1, 0, 2, 2, 0, 0, 1, 0, 0, 0, 0, 1, 0, 0, 2, 2, 2, 0, 0, 0, 0, 0, 0, 0, 0, 0, 2, 2, 3, 0, 2, 1, 2, 1, 4, 3, 6, 5, 3, 3, 2, 2, 4, 2, 628, 0, 0, 0, 0, 0, 0]",0,0.29497475417417374,-1,1
3885,"[1, 1, 0, 1, 1, 3, 0, 2, 0, 1, 0, 0, 1, 0, 2, 0, 0, 0, 0, 0, 0, 0, 0, 0, 2, 0, 0, 0, 0, 0, 0, 0, 1, 1, 0, 1, 1, 0, 2, 2, 0, 0, 1, 0, 0, 0, 0, 1, 0, 0, 2, 2, 2, 0, 0, 0, 0, 0, 0, 0, 0, 0, 2, 2, 3, 0, 2, 1, 2, 1, 4, 3, 6, 5, 3, 3, 2, 2, 4, 2, 628, 0, 0, 0, 0, 0, 0]",-1,-9.367002971112117e-05,-1,1
3886,"[1, 2, 0, 1, 1, 4, 0, 2, 0, 1, 0, 0, 1, 0, 2, 0, 0, 0, 0, 0, 0, 0, 0, 0, 2, 0, 0, 0, 0, 0, 0, 0, 1, 1, 0, 1, 1, 0, 2, 2, 0, 0, 1, 0, 0, 0, 0, 1, 0, 0, 2, 2, 2, 0, 0, 0, 0, 0, 0, 0, 0, 0, 2, 2, 3, 0, 2, 1, 2, 1, 4, 3, 6, 5, 3, 3, 2, 2, 4, 2, 629, 0, 0, 0, 0, 0, 0]",4,12.628773429128712,-1,1
3887,"[1, 2, 0, 1, 1, 4, 0, 2, 0, 1, 0, 0, 1, 0, 2, 0, 0, 0, 0, 0, 0, 0, 0, 0, 2, 0, 0, 0, 0, 0, 0, 0, 1, 1, 0, 1, 1, 0, 2, 2, 0, 0, 1, 0, 0, 0, 0, 1, 0, 0, 2, 2, 2, 0, 0, 0, 0, 0, 0, 0, 0, 0, 2, 2, 3, 0, 2, 1, 2, 1, 4, 3, 6, 5, 3, 3, 2, 2, 4, 2, 629, 0, 0, 0, 0, 0, 0]",1,0.609624122155261,-1,0
3888,"[1, 2, 0, 1, 1, 4, 0, 2, 0, 1, 0, 0, 1, 0, 2, 0, 0, 0, 0, 0, 0, 0, 0, 0, 2, 0, 0, 0, 0, 0, 0, 0, 1, 1, 0, 1, 1, 0, 2, 2, 0, 0, 1, 0, 0, 0, 0, 1, 0, 0, 2, 2, 2, 0, 0, 0, 0, 0, 0, 0, 0, 0, 2, 2, 3, 0, 2, 1, 2, 1, 4, 3, 6, 5, 3, 3, 2, 2, 4, 2, 629, 0, 0, 0, 0, 0, 0]",-1,-9.273799734277517e-05,-1,0
3889,"[1, 2, 0, 1, 1, 4, 0, 2, 0, 1, 0, 0, 1, 0, 2, 0, 0, 0, 0, 0, 0, 0, 0, 0, 2, 0, 0, 0, 0, 0, 0, 0, 1, 1, 0, 1, 1, 0, 2, 2, 0, 0, 1, 0, 0, 0, 0, 1, 0, 0, 2, 2, 2, 0, 0, 0, 0, 0, 0, 0, 0, 0, 2, 2, 3, 0, 2, 1, 2, 1, 4, 3, 6, 5, 3, 3, 2, 2, 4, 2, 629, 1, 0, 0, 0, 0, 0]",3,0.2000000070556442,-1,0
3890,"[1, 2, 0, 1, 1, 4, 0, 2, 0, 1, 0, 0, 1, 0, 2, 0, 0, 0, 0, 0, 0, 0, 0, 0, 2, 0, 0, 0, 0, 0, 0, 0, 1, 1, 0, 1, 1, 0, 2, 2, 0, 0, 1, 0, 0, 0, 0, 1, 0, 0, 2, 2, 2, 0, 0, 0, 0, 0, 0, 0, 0, 0, 2, 2, 3, 0, 2, 1, 2, 1, 4, 3, 6, 5, 3, 3, 2, 2, 4, 2, 629, 0, 0, 0, 0, 0, 0]",-1,-9.273799734277517e-05,-1,0
3891,"[1, 3, 0, 1, 1, 5, 0, 2, 0, 1, 0, 0, 1, 0, 2, 0, 0, 0, 0, 0, 0, 0, 0, 0, 2, 0, 0, 0, 0, 0, 0, 0, 1, 1, 0, 1, 1, 0, 2, 2, 0, 0, 1, 0, 0, 0, 0, 1, 0, 0, 2, 2, 2, 0, 0, 0, 0, 0, 0, 0, 0, 0, 2, 2, 3, 0, 2, 1, 2, 1, 4, 3, 6, 5, 3, 3, 2, 2, 4, 2, 630, 0, 0, 0, 0, 0, 0]",4,14.113140949089106,-1,0
3892,"[1, 1, 0, 1, 1, 2, 0, 1, 0, 1, 0, 0, 1, 0, 2, 0, 0, 0, 0, 0, 0, 0, 0, 0, 2, 0, 0, 0, 0, 0, 0, 0, 1, 1, 0, 1, 1, 0, 2, 2, 0, 0, 1, 0, 0, 0, 0, 1, 0, 0, 2, 2, 2, 0, 0, 0, 0, 0, 0, 0, 0, 0, 2, 2, 3, 0, 2, 1, 2, 1, 4, 3, 6, 5, 3, 3, 2, 2, 4, 5, 631, 0, 0, 0, 0, 0, 0]",4,12.973952200364726,-1,1
3893,"[1, 1, 0, 1, 1, 2, 0, 1, 0, 1, 0, 0, 1, 0, 2, 0, 0, 0, 0, 0, 0, 0, 0, 0, 2, 0, 0, 0, 0, 0, 0, 0, 1, 1, 0, 1, 1, 0, 2, 2, 0, 0, 1, 0, 0, 0, 0, 1, 0, 0, 2, 2, 2, 0, 0, 0, 0, 0, 0, 0, 0, 0, 2, 2, 3, 0, 2, 1, 2, 1, 4, 3, 6, 5, 3, 3, 2, 2, 4, 5, 631, 0, 1, 0, 0, 0, 0]",2,0.40000000651318046,-1,0
3894,"[1, 1, 0, 1, 1, 2, 0, 1, 0, 1, 0, 0, 1, 0, 2, 0, 0, 0, 0, 0, 0, 0, 0, 0, 2, 0, 0, 0, 0, 0, 0, 0, 1, 1, 0, 1, 1, 0, 2, 2, 0, 0, 1, 0, 0, 0, 0, 1, 0, 0, 2, 2, 2, 0, 0, 0, 0, 0, 0, 0, 0, 0, 2, 2, 3, 0, 2, 1, 2, 1, 4, 3, 6, 5, 3, 3, 2, 2, 4, 5, 631, 0, 0, 0, 0, 0, 0]",-1,-9.090166196051357e-05,-1,0
3895,"[1, 1, 0, 1, 1, 2, 0, 1, 0, 1, 0, 0, 1, 0, 2, 0, 0, 0, 0, 0, 0, 0, 0, 0, 2, 0, 0, 0, 0, 0, 0, 0, 1, 1, 0, 1, 1, 0, 2, 2, 0, 0, 1, 0, 0, 0, 0, 1, 0, 0, 2, 2, 2, 0, 0, 0, 0, 0, 0, 0, 0, 0, 2, 2, 3, 0, 2, 1, 2, 1, 4, 3, 6, 5, 3, 3, 2, 2, 4, 5, 631, 1, 0, 0, 0, 0, 0]",3,0.2000000065131805,-1,0
3896,"[1, 1, 0, 1, 1, 2, 0, 1, 0, 1, 0, 0, 1, 0, 2, 0, 0, 0, 0, 0, 0, 0, 0, 0, 2, 0, 0, 0, 0, 0, 0, 0, 1, 1, 0, 1, 1, 0, 2, 2, 0, 0, 1, 0, 0, 0, 0, 1, 0, 0, 2, 2, 2, 0, 0, 0, 0, 0, 0, 0, 0, 0, 2, 2, 3, 0, 2, 1, 2, 1, 4, 3, 6, 5, 3, 3, 2, 2, 4, 5, 631, 0, 0, 0, 0, 0, 0]",-1,-9.090166196051357e-05,-1,0
3897,"[1, 1, 0, 1, 1, 2, 0, 1, 0, 1, 0, 0, 1, 0, 2, 0, 0, 0, 0, 0, 0, 0, 0, 0, 2, 0, 0, 0, 0, 0, 0, 0, 1, 1, 0, 1, 1, 0, 2, 2, 0, 0, 1, 0, 0, 0, 0, 1, 0, 0, 2, 2, 2, 0, 0, 0, 0, 0, 0, 0, 0, 0, 2, 2, 3, 0, 2, 1, 2, 1, 4, 3, 6, 5, 3, 3, 2, 2, 4, 5, 631, 1, 0, 0, 0, 0, 0]",3,0.2000000065131805,-1,0
3898,"[1, 1, 0, 1, 1, 2, 0, 1, 0, 1, 0, 0, 1, 0, 2, 0, 0, 0, 0, 0, 0, 0, 0, 0, 2, 0, 0, 0, 0, 0, 0, 0, 1, 1, 0, 1, 1, 0, 2, 2, 0, 0, 1, 0, 0, 0, 0, 1, 0, 0, 2, 2, 2, 0, 0, 0, 0, 0, 0, 0, 0, 0, 2, 2, 3, 0, 2, 1, 2, 1, 4, 3, 6, 5, 3, 3, 2, 2, 4, 5, 631, 0, 0, 0, 0, 0, 0]",-1,-9.090166196051357e-05,-1,0
3899,"[1, 1, 0, 1, 1, 2, 0, 1, 0, 1, 0, 0, 1, 0, 2, 0, 0, 0, 0, 0, 0, 0, 0, 0, 2, 0, 0, 0, 0, 0, 0, 0, 1, 1, 0, 1, 1, 0, 2, 2, 0, 0, 1, 0, 0, 0, 0, 1, 0, 0, 2, 2, 2, 0, 0, 0, 0, 0, 0, 0, 0, 0, 2, 2, 3, 0, 2, 1, 2, 1, 4, 3, 6, 5, 3, 3, 2, 2, 4, 5, 631, 0, 0, 0, 0, 0, 0]",1,0.6096241216127972,-1,0
3900,"[1, 1, 0, 1, 1, 2, 0, 1, 0, 1, 0, 0, 1, 0, 2, 0, 0, 0, 0, 0, 0, 0, 0, 0, 2, 0, 0, 0, 0, 0, 0, 0, 1, 1, 0, 1, 1, 0, 2, 2, 0, 0, 1, 0, 0, 0, 0, 1, 0, 0, 2, 2, 2, 0, 0, 0, 0, 0, 0, 0, 0, 0, 2, 2, 3, 0, 2, 1, 2, 1, 4, 3, 6, 5, 3, 3, 2, 2, 4, 5, 631, 0, 0, 0, 0, 0, 0]",-1,-9.090166196051357e-05,-1,0
3901,"[1, 1, 0, 1, 1, 2, 0, 1, 0, 1, 0, 0, 1, 0, 2, 0, 0, 0, 0, 0, 0, 0, 0, 0, 2, 0, 0, 0, 0, 0, 0, 0, 1, 1, 0, 1, 1, 0, 2, 2, 0, 0, 1, 0, 0, 0, 0, 1, 0, 0, 2, 2, 2, 0, 0, 0, 0, 0, 0, 0, 0, 0, 2, 2, 3, 0, 2, 1, 2, 1, 4, 3, 6, 5, 3, 3, 2, 2, 4, 5, 631, 0, 0, 0, 0, 0, 0]",1,0.6096241216127972,-1,0
3902,"[1, 1, 0, 1, 1, 2, 0, 1, 0, 1, 0, 0, 1, 0, 2, 0, 0, 0, 0, 0, 0, 0, 0, 0, 2, 0, 0, 0, 0, 0, 0, 0, 1, 1, 0, 1, 1, 0, 2, 2, 0, 0, 1, 0, 0, 0, 0, 1, 0, 0, 2, 2, 2, 0, 0, 0, 0, 0, 0, 0, 0, 0, 2, 2, 3, 0, 2, 1, 2, 1, 4, 3, 6, 5, 3, 3, 2, 2, 4, 5, 631, 0, 0, 0, 0, 0, 0]",-1,-9.090166196051357e-05,-1,0
3903,"[2, 1, 0, 1, 1, 3, 0, 1, 0, 1, 0, 0, 1, 0, 2, 0, 0, 0, 0, 0, 0, 0, 0, 0, 2, 0, 0, 0, 0, 0, 0, 0, 1, 1, 0, 1, 1, 0, 2, 2, 0, 0, 1, 0, 0, 0, 0, 1, 0, 0, 2, 2, 2, 0, 0, 0, 0, 0, 0, 0, 0, 0, 2, 2, 3, 0, 2, 1, 2, 1, 4, 3, 6, 5, 3, 3, 2, 2, 4, 5, 632, 0, 0, 0, 0, 0, 0]",4,14.373950372955559,-1,0
3904,"[2, 1, 0, 1, 1, 3, 0, 1, 0, 1, 0, 0, 1, 0, 2, 0, 0, 0, 0, 0, 0, 0, 0, 0, 2, 0, 0, 0, 0, 0, 0, 0, 1, 1, 0, 1, 1, 0, 2, 2, 0, 0, 1, 0, 0, 0, 0, 1, 0, 0, 2, 2, 2, 0, 0, 0, 0, 0, 0, 0, 0, 0, 2, 2, 3, 0, 2, 1, 2, 1, 4, 3, 6, 5, 3, 3, 2, 2, 4, 5, 632, 0, 0, 0, 0, 0, 0]",-1,-8.999717531152956e-05,-1,1
3905,"[2, 1, 0, 1, 1, 3, 0, 1, 0, 1, 0, 0, 1, 0, 2, 0, 0, 0, 0, 0, 0, 0, 0, 0, 2, 0, 0, 0, 0, 0, 0, 0, 1, 1, 0, 1, 1, 0, 2, 2, 0, 0, 1, 0, 0, 0, 0, 1, 0, 0, 2, 2, 2, 0, 0, 0, 0, 0, 0, 0, 0, 0, 2, 2, 3, 0, 2, 1, 2, 1, 4, 3, 6, 5, 3, 3, 2, 2, 4, 5, 632, 0, 0, 0, 0, 0, 0]",-1,-8.999717531152956e-05,-1,1
3906,"[2, 1, 0, 1, 1, 3, 0, 1, 0, 1, 0, 0, 1, 0, 2, 0, 0, 0, 0, 0, 0, 0, 0, 0, 2, 0, 0, 0, 0, 0, 0, 0, 1, 1, 0, 1, 1, 0, 2, 2, 0, 0, 1, 0, 0, 0, 0, 1, 0, 0, 2, 2, 2, 0, 0, 0, 0, 0, 0, 0, 0, 0, 2, 2, 3, 0, 2, 1, 2, 1, 4, 3, 6, 5, 3, 3, 2, 2, 4, 5, 633, 0, 0, 0, 0, 0, 0]",4,12.713135466678477,-1,1
3907,"[2, 1, 0, 1, 1, 3, 0, 1, 0, 1, 0, 0, 1, 0, 2, 0, 0, 0, 0, 0, 0, 0, 0, 0, 2, 0, 0, 0, 0, 0, 0, 0, 1, 1, 0, 1, 1, 0, 2, 2, 0, 0, 1, 0, 0, 0, 0, 1, 0, 0, 2, 2, 2, 0, 0, 0, 0, 0, 0, 0, 0, 0, 2, 2, 3, 0, 2, 1, 2, 1, 4, 3, 6, 5, 3, 3, 2, 2, 4, 5, 633, 1, 0, 0, 0, 0, 0]",3,0.2000000060124234,-1,0
3908,"[0, 1, 0, 2, 1, 3, 0, 1, 0, 1, 0, 0, 1, 0, 2, 0, 0, 0, 0, 0, 0, 0, 0, 0, 2, 0, 0, 0, 0, 0, 0, 0, 1, 1, 0, 1, 1, 0, 2, 2, 0, 0, 1, 0, 0, 0, 0, 1, 0, 0, 2, 2, 2, 0, 0, 0, 0, 0, 0, 0, 0, 0, 2, 2, 3, 0, 2, 1, 2, 1, 4, 3, 6, 5, 3, 3, 2, 2, 4, 5, 633, 0, 0, 0, 0, 0, 0]","[[2 0 0 0]
 [0 0 0 1]]",-0.19854231207653555,-1,0
3909,"[0, 2, 0, 2, 1, 4, 0, 1, 0, 1, 0, 0, 1, 0, 2, 0, 0, 0, 0, 0, 0, 0, 0, 0, 2, 0, 0, 0, 0, 0, 0, 0, 1, 1, 0, 1, 1, 0, 2, 2, 0, 0, 1, 0, 0, 0, 0, 1, 0, 0, 2, 2, 2, 0, 0, 0, 0, 0, 0, 0, 0, 0, 2, 2, 3, 0, 2, 1, 2, 1, 4, 3, 6, 5, 3, 3, 2, 2, 4, 5, 634, 0, 0, 0, 0, 0, 0]",4,14.016240878094761,-1,0
3910,"[0, 2, 0, 2, 1, 4, 0, 1, 0, 1, 0, 0, 1, 0, 2, 0, 0, 0, 0, 0, 0, 0, 0, 0, 2, 0, 0, 0, 0, 0, 0, 0, 1, 1, 0, 1, 1, 0, 2, 2, 0, 0, 1, 0, 0, 0, 0, 1, 0, 0, 2, 2, 2, 0, 0, 0, 0, 0, 0, 0, 0, 0, 2, 2, 3, 0, 2, 1, 2, 1, 4, 3, 6, 5, 3, 3, 2, 2, 4, 5, 634, 1, 0, 0, 0, 0, 0]",3,0.20000000577667293,-1,1
3911,"[0, 2, 0, 2, 1, 4, 0, 1, 0, 1, 0, 0, 1, 0, 2, 0, 0, 0, 0, 0, 0, 0, 0, 0, 2, 0, 0, 0, 0, 0, 0, 0, 1, 1, 0, 1, 1, 0, 2, 2, 0, 0, 1, 0, 0, 0, 0, 1, 0, 0, 2, 2, 2, 0, 0, 0, 0, 0, 0, 0, 0, 0, 2, 2, 3, 0, 2, 1, 2, 1, 4, 3, 6, 5, 3, 3, 2, 2, 4, 5, 634, 0, 0, 0, 0, 0, 0]",-1,-8.821511184171678e-05,-1,1
3912,"[0, 3, 0, 2, 1, 5, 0, 1, 0, 1, 0, 0, 1, 0, 2, 0, 0, 0, 0, 0, 0, 0, 0, 0, 2, 0, 0, 0, 0, 0, 0, 0, 1, 1, 0, 1, 1, 0, 2, 2, 0, 0, 1, 0, 0, 0, 0, 1, 0, 0, 2, 2, 2, 0, 0, 0, 0, 0, 0, 0, 0, 0, 2, 2, 3, 0, 2, 1, 2, 1, 4, 3, 6, 5, 3, 3, 2, 2, 4, 5, 635, 0, 0, 0, 0, 0, 0]",4,12.436799697166782,-1,1
3913,"[0, 3, 0, 2, 1, 5, 0, 1, 0, 1, 0, 0, 1, 0, 2, 0, 0, 0, 0, 0, 0, 0, 0, 0, 2, 0, 0, 0, 0, 0, 0, 0, 1, 1, 0, 1, 1, 0, 2, 2, 0, 0, 1, 0, 0, 0, 0, 1, 0, 0, 2, 2, 2, 0, 0, 0, 0, 0, 0, 0, 0, 0, 2, 2, 3, 0, 2, 1, 2, 1, 4, 3, 6, 5, 3, 3, 2, 2, 4, 5, 635, 0, 1, 0, 0, 0, 0]",2,0.40000000555016635,-1,0
3914,"[0, 3, 0, 2, 1, 5, 0, 1, 0, 1, 0, 0, 1, 0, 2, 0, 0, 0, 0, 0, 0, 0, 0, 0, 2, 0, 0, 0, 0, 0, 0, 0, 1, 1, 0, 1, 1, 0, 2, 2, 0, 0, 1, 0, 0, 0, 0, 1, 0, 0, 2, 2, 2, 0, 0, 0, 0, 0, 0, 0, 0, 0, 2, 2, 3, 0, 2, 1, 2, 1, 4, 3, 6, 5, 3, 3, 2, 2, 4, 5, 635, 0, 1, 0, 0, 1, 0]","[[0 0 0 1]
 [1 0 0 0]]",0.6504248706082573,-1,0
3915,"[0, 3, 0, 2, 1, 5, 0, 1, 0, 1, 0, 0, 1, 0, 2, 0, 0, 0, 0, 0, 0, 0, 0, 0, 2, 0, 0, 0, 0, 0, 0, 0, 1, 1, 0, 1, 1, 0, 2, 2, 0, 0, 1, 0, 0, 0, 0, 1, 0, 0, 2, 2, 2, 0, 0, 0, 0, 0, 0, 0, 0, 0, 2, 2, 3, 0, 2, 1, 2, 1, 4, 3, 6, 5, 3, 3, 2, 2, 4, 5, 635, 0, 1, 0, 0, 0, 1]",2,-0.19999999444983366,-1,1
3916,"[0, 3, 0, 2, 1, 5, 0, 1, 0, 1, 0, 0, 1, 0, 2, 0, 0, 0, 0, 0, 0, 0, 0, 0, 2, 0, 0, 0, 0, 0, 0, 0, 1, 1, 0, 1, 1, 0, 2, 2, 0, 0, 1, 0, 0, 0, 0, 1, 0, 0, 2, 2, 2, 0, 0, 0, 0, 0, 0, 0, 0, 0, 2, 2, 3, 0, 2, 1, 2, 1, 4, 3, 6, 5, 3, 3, 2, 2, 4, 5, 635, 0, 0, 1, 0, 0, 0]","[[0 2 0 0]
 [0 1 0 1]]",-0.19999999444983366,-1,1
3917,"[0, 4, 0, 1, 1, 4, 0, 2, 0, 1, 0, 0, 1, 0, 2, 0, 0, 0, 0, 0, 0, 0, 0, 0, 2, 0, 0, 0, 0, 0, 0, 0, 1, 1, 0, 1, 1, 0, 2, 2, 0, 0, 1, 0, 0, 0, 0, 1, 0, 0, 2, 2, 2, 0, 0, 0, 0, 0, 0, 0, 0, 0, 2, 2, 3, 0, 2, 1, 2, 1, 4, 3, 6, 5, 3, 3, 2, 2, 4, 5, 635, 0, 0, 0, 0, 0, 0]",0,-0.19999999444983366,-1,0
3918,"[0, 4, 0, 1, 1, 4, 0, 2, 0, 1, 0, 0, 1, 0, 2, 0, 0, 0, 0, 0, 0, 0, 0, 0, 2, 0, 0, 0, 0, 0, 0, 0, 1, 1, 0, 1, 1, 0, 2, 2, 0, 0, 1, 0, 0, 0, 0, 1, 0, 0, 2, 2, 2, 0, 0, 0, 0, 0, 0, 0, 0, 0, 2, 2, 3, 0, 2, 1, 2, 1, 4, 3, 6, 5, 3, 3, 2, 2, 4, 5, 636, 0, 0, 0, 0, 0, 0]",4,13.760212926258035,-1,0
3919,"[1, 4, 0, 1, 1, 5, 0, 2, 0, 1, 0, 0, 1, 0, 2, 0, 0, 0, 0, 0, 0, 0, 0, 0, 2, 0, 0, 0, 0, 0, 0, 0, 1, 1, 0, 1, 1, 0, 2, 2, 0, 0, 1, 0, 0, 0, 0, 1, 0, 0, 2, 2, 2, 0, 0, 0, 0, 0, 0, 0, 0, 0, 2, 2, 3, 0, 2, 1, 2, 1, 4, 3, 6, 5, 3, 3, 2, 2, 4, 5, 637, 0, 0, 0, 0, 0, 0]",4,12.538224820601316,-1,1
3920,"[1, 4, 0, 1, 1, 5, 0, 2, 0, 1, 0, 0, 1, 0, 2, 0, 0, 0, 0, 0, 0, 0, 0, 0, 2, 0, 0, 0, 0, 0, 0, 0, 1, 1, 0, 1, 1, 0, 2, 2, 0, 0, 1, 0, 0, 0, 0, 1, 0, 0, 2, 2, 2, 0, 0, 0, 0, 0, 0, 0, 0, 0, 2, 2, 3, 0, 2, 1, 2, 1, 4, 3, 6, 5, 3, 3, 2, 2, 4, 5, 637, 0, 0, 0, 0, 0, 0]",0,0.24271887754702237,-1,0
3921,"[1, 4, 0, 1, 1, 5, 0, 2, 0, 1, 0, 0, 1, 0, 2, 0, 0, 0, 0, 0, 0, 0, 0, 0, 2, 0, 0, 0, 0, 0, 0, 0, 1, 1, 0, 1, 1, 0, 2, 2, 0, 0, 1, 0, 0, 0, 0, 1, 0, 0, 2, 2, 2, 0, 0, 0, 0, 0, 0, 0, 0, 0, 2, 2, 3, 0, 2, 1, 2, 1, 4, 3, 6, 5, 3, 3, 2, 2, 4, 5, 637, 0, 0, 0, 0, 0, 0]",-1,-8.560796127827615e-05,-1,0
3922,"[1, 4, 0, 1, 1, 5, 0, 2, 0, 1, 0, 0, 1, 0, 2, 0, 0, 0, 0, 0, 0, 0, 0, 0, 2, 0, 0, 0, 0, 0, 0, 0, 1, 1, 0, 1, 1, 0, 2, 2, 0, 0, 1, 0, 0, 0, 0, 1, 0, 0, 2, 2, 2, 0, 0, 0, 0, 0, 0, 0, 0, 0, 2, 2, 3, 0, 2, 1, 2, 1, 4, 3, 6, 5, 3, 3, 2, 2, 4, 5, 637, 0, 0, 0, 0, 0, 0]",0,0.24271887754702237,-1,0
3923,"[1, 4, 0, 1, 1, 5, 0, 2, 0, 1, 0, 0, 1, 0, 2, 0, 0, 0, 0, 0, 0, 0, 0, 0, 2, 0, 0, 0, 0, 0, 0, 0, 1, 1, 0, 1, 1, 0, 2, 2, 0, 0, 1, 0, 0, 0, 0, 1, 0, 0, 2, 2, 2, 0, 0, 0, 0, 0, 0, 0, 0, 0, 2, 2, 3, 0, 2, 1, 2, 1, 4, 3, 6, 5, 3, 3, 2, 2, 4, 5, 637, 0, 0, 0, 0, 0, 0]",-1,-8.560796127827615e-05,-1,0
3924,"[1, 4, 0, 1, 1, 5, 0, 2, 0, 1, 0, 0, 1, 0, 2, 0, 0, 0, 0, 0, 0, 0, 0, 0, 2, 0, 0, 0, 0, 0, 0, 0, 1, 1, 0, 1, 1, 0, 2, 2, 0, 0, 1, 0, 0, 0, 0, 1, 0, 0, 2, 2, 2, 0, 0, 0, 0, 0, 0, 0, 0, 0, 2, 2, 3, 0, 2, 1, 2, 1, 4, 3, 6, 5, 3, 3, 2, 2, 4, 5, 637, 0, 0, 0, 0, 0, 0]",0,0.24271887754702237,-1,0
3925,"[1, 4, 0, 1, 1, 5, 0, 2, 0, 1, 0, 0, 1, 0, 2, 0, 0, 0, 0, 0, 0, 0, 0, 0, 2, 0, 0, 0, 0, 0, 0, 0, 1, 1, 0, 1, 1, 0, 2, 2, 0, 0, 1, 0, 0, 0, 0, 1, 0, 0, 2, 2, 2, 0, 0, 0, 0, 0, 0, 0, 0, 0, 2, 2, 3, 0, 2, 1, 2, 1, 4, 3, 6, 5, 3, 3, 2, 2, 4, 5, 637, 0, 0, 0, 0, 0, 0]",-1,-8.560796127827615e-05,-1,0
3926,"[1, 4, 0, 1, 1, 5, 0, 2, 0, 1, 0, 0, 1, 0, 2, 0, 0, 0, 0, 0, 0, 0, 0, 0, 2, 0, 0, 0, 0, 0, 0, 0, 1, 1, 0, 1, 1, 0, 2, 2, 0, 0, 1, 0, 0, 0, 0, 1, 0, 0, 2, 2, 2, 0, 0, 0, 0, 0, 0, 0, 0, 0, 2, 2, 3, 0, 2, 1, 2, 1, 4, 3, 6, 5, 3, 3, 2, 2, 4, 5, 637, 0, 0, 0, 0, 0, 0]",0,0.24271887754702237,-1,0
3927,"[1, 4, 0, 1, 1, 5, 0, 2, 0, 1, 0, 0, 1, 0, 2, 0, 0, 0, 0, 0, 0, 0, 0, 0, 2, 0, 0, 0, 0, 0, 0, 0, 1, 1, 0, 1, 1, 0, 2, 2, 0, 0, 1, 0, 0, 0, 0, 1, 0, 0, 2, 2, 2, 0, 0, 0, 0, 0, 0, 0, 0, 0, 2, 2, 3, 0, 2, 1, 2, 1, 4, 3, 6, 5, 3, 3, 2, 2, 4, 5, 637, 0, 0, 0, 0, 0, 0]",-1,-8.560796127827615e-05,-1,0
3928,"[1, 4, 0, 1, 1, 5, 0, 2, 0, 1, 0, 0, 1, 0, 2, 0, 0, 0, 0, 0, 0, 0, 0, 0, 2, 0, 0, 0, 0, 0, 0, 0, 1, 1, 0, 1, 1, 0, 2, 2, 0, 0, 1, 0, 0, 0, 0, 1, 0, 0, 2, 2, 2, 0, 0, 0, 0, 0, 0, 0, 0, 0, 2, 2, 3, 0, 2, 1, 2, 1, 4, 3, 6, 5, 3, 3, 2, 2, 4, 5, 637, 0, 0, 0, 0, 0, 0]",0,0.24271887754702237,-1,0
3929,"[1, 4, 0, 1, 1, 5, 0, 2, 0, 1, 0, 0, 1, 0, 2, 0, 0, 0, 0, 0, 0, 0, 0, 0, 2, 0, 0, 0, 0, 0, 0, 0, 1, 1, 0, 1, 1, 0, 2, 2, 0, 0, 1, 0, 0, 0, 0, 1, 0, 0, 2, 2, 2, 0, 0, 0, 0, 0, 0, 0, 0, 0, 2, 2, 3, 0, 2, 1, 2, 1, 4, 3, 6, 5, 3, 3, 2, 2, 4, 5, 637, 0, 0, 0, 0, 0, 0]",-1,-8.560796127827615e-05,-1,0
3930,"[1, 4, 0, 1, 1, 5, 0, 2, 0, 1, 0, 0, 1, 0, 2, 0, 0, 0, 0, 0, 0, 0, 0, 0, 2, 0, 0, 0, 0, 0, 0, 0, 1, 1, 0, 1, 1, 0, 2, 2, 0, 0, 1, 0, 0, 0, 0, 1, 0, 0, 2, 2, 2, 0, 0, 0, 0, 0, 0, 0, 0, 0, 2, 2, 3, 0, 2, 1, 2, 1, 4, 3, 6, 5, 3, 3, 2, 2, 4, 5, 637, 0, 0, 0, 0, 0, 0]",0,0.24271887754702237,-1,0
3931,"[1, 4, 0, 1, 1, 5, 0, 2, 0, 1, 0, 0, 1, 0, 2, 0, 0, 0, 0, 0, 0, 0, 0, 0, 2, 0, 0, 0, 0, 0, 0, 0, 1, 1, 0, 1, 1, 0, 2, 2, 0, 0, 1, 0, 0, 0, 0, 1, 0, 0, 2, 2, 2, 0, 0, 0, 0, 0, 0, 0, 0, 0, 2, 2, 3, 0, 2, 1, 2, 1, 4, 3, 6, 5, 3, 3, 2, 2, 4, 5, 637, 0, 0, 0, 0, 0, 0]",-1,-8.560796127827615e-05,-1,0
3932,"[1, 4, 0, 1, 1, 5, 0, 2, 0, 1, 0, 0, 1, 0, 2, 0, 0, 0, 0, 0, 0, 0, 0, 0, 2, 0, 0, 0, 0, 0, 0, 0, 1, 1, 0, 1, 1, 0, 2, 2, 0, 0, 1, 0, 0, 0, 0, 1, 0, 0, 2, 2, 2, 0, 0, 0, 0, 0, 0, 0, 0, 0, 2, 2, 3, 0, 2, 1, 2, 1, 4, 3, 6, 5, 3, 3, 2, 2, 4, 5, 637, 0, 0, 0, 0, 0, 0]",0,0.24271887754702237,-1,0
3933,"[1, 4, 0, 1, 1, 5, 0, 2, 0, 1, 0, 0, 1, 0, 2, 0, 0, 0, 0, 0, 0, 0, 0, 0, 2, 0, 0, 0, 0, 0, 0, 0, 1, 1, 0, 1, 1, 0, 2, 2, 0, 0, 1, 0, 0, 0, 0, 1, 0, 0, 2, 2, 2, 0, 0, 0, 0, 0, 0, 0, 0, 0, 2, 2, 3, 0, 2, 1, 2, 1, 4, 3, 6, 5, 3, 3, 2, 2, 4, 5, 637, 0, 0, 0, 0, 0, 0]",-1,-8.560796127827615e-05,-1,0
3934,"[1, 4, 0, 1, 1, 5, 0, 2, 0, 1, 0, 0, 1, 0, 2, 0, 0, 0, 0, 0, 0, 0, 0, 0, 2, 0, 0, 0, 0, 0, 0, 0, 1, 1, 0, 1, 1, 0, 2, 2, 0, 0, 1, 0, 0, 0, 0, 1, 0, 0, 2, 2, 2, 0, 0, 0, 0, 0, 0, 0, 0, 0, 2, 2, 3, 0, 2, 1, 2, 1, 4, 3, 6, 5, 3, 3, 2, 2, 4, 5, 637, 0, 0, 0, 0, 0, 0]",0,0.24271887754702237,-1,0
3935,"[1, 4, 0, 1, 1, 5, 0, 2, 0, 1, 0, 0, 1, 0, 2, 0, 0, 0, 0, 0, 0, 0, 0, 0, 2, 0, 0, 0, 0, 0, 0, 0, 1, 1, 0, 1, 1, 0, 2, 2, 0, 0, 1, 0, 0, 0, 0, 1, 0, 0, 2, 2, 2, 0, 0, 0, 0, 0, 0, 0, 0, 0, 2, 2, 3, 0, 2, 1, 2, 1, 4, 3, 6, 5, 3, 3, 2, 2, 4, 5, 637, 0, 0, 0, 0, 0, 0]",-1,-8.560796127827615e-05,-1,0
3936,"[1, 4, 0, 1, 1, 5, 0, 2, 0, 1, 0, 0, 1, 0, 2, 0, 0, 0, 0, 0, 0, 0, 0, 0, 2, 0, 0, 0, 0, 0, 0, 0, 1, 1, 0, 1, 1, 0, 2, 2, 0, 0, 1, 0, 0, 0, 0, 1, 0, 0, 2, 2, 2, 0, 0, 0, 0, 0, 0, 0, 0, 0, 2, 2, 3, 0, 2, 1, 2, 1, 4, 3, 6, 5, 3, 3, 2, 2, 4, 5, 637, 1, 0, 0, 0, 0, 0]",3,0.2000000051234493,-1,0
3937,"[1, 4, 0, 1, 1, 5, 0, 2, 0, 1, 0, 0, 1, 0, 2, 0, 0, 0, 0, 0, 0, 0, 0, 0, 2, 0, 0, 0, 0, 0, 0, 0, 1, 1, 0, 1, 1, 0, 2, 2, 0, 0, 1, 0, 0, 0, 0, 1, 0, 0, 2, 2, 2, 0, 0, 0, 0, 0, 0, 0, 0, 0, 2, 2, 3, 0, 2, 1, 2, 1, 4, 3, 6, 5, 3, 3, 2, 2, 4, 5, 637, 0, 0, 0, 0, 0, 0]",-1,-8.560796127827615e-05,-1,0
3938,"[1, 4, 0, 1, 1, 5, 0, 2, 0, 1, 0, 0, 1, 0, 2, 0, 0, 0, 0, 0, 0, 0, 0, 0, 2, 0, 0, 0, 0, 0, 0, 0, 1, 1, 0, 1, 1, 0, 2, 2, 0, 0, 1, 0, 0, 0, 0, 1, 0, 0, 2, 2, 2, 0, 0, 0, 0, 0, 0, 0, 0, 0, 2, 2, 3, 0, 2, 1, 2, 1, 4, 3, 6, 5, 3, 3, 2, 2, 4, 5, 637, 1, 0, 0, 0, 0, 0]",3,0.2000000051234493,-1,0
3939,"[1, 4, 0, 1, 1, 5, 0, 2, 0, 1, 0, 0, 1, 0, 2, 0, 0, 0, 0, 0, 0, 0, 0, 0, 2, 0, 0, 0, 0, 0, 0, 0, 1, 1, 0, 1, 1, 0, 2, 2, 0, 0, 1, 0, 0, 0, 0, 1, 0, 0, 2, 2, 2, 0, 0, 0, 0, 0, 0, 0, 0, 0, 2, 2, 3, 0, 2, 1, 2, 1, 4, 3, 6, 5, 3, 3, 2, 2, 4, 5, 637, 0, 0, 0, 0, 0, 0]",-1,-8.560796127827615e-05,-1,0
3940,"[1, 4, 0, 1, 1, 5, 0, 2, 0, 1, 0, 0, 1, 0, 2, 0, 0, 0, 0, 0, 0, 0, 0, 0, 2, 0, 0, 0, 0, 0, 0, 0, 1, 1, 0, 1, 1, 0, 2, 2, 0, 0, 1, 0, 0, 0, 0, 1, 0, 0, 2, 2, 2, 0, 0, 0, 0, 0, 0, 0, 0, 0, 2, 2, 3, 0, 2, 1, 2, 1, 4, 3, 6, 5, 3, 3, 2, 2, 4, 5, 637, 0, 0, 0, 0, 0, 0]",1,0.609624120223066,-1,0
3941,"[1, 4, 0, 1, 1, 5, 0, 2, 0, 1, 0, 0, 1, 0, 2, 0, 0, 0, 0, 0, 0, 0, 0, 0, 2, 0, 0, 0, 0, 0, 0, 0, 1, 1, 0, 1, 1, 0, 2, 2, 0, 0, 1, 0, 0, 0, 0, 1, 0, 0, 2, 2, 2, 0, 0, 0, 0, 0, 0, 0, 0, 0, 2, 2, 3, 0, 2, 1, 2, 1, 4, 3, 6, 5, 3, 3, 2, 2, 4, 5, 637, 0, 0, 0, 0, 0, 0]",-1,-8.560796127827615e-05,-1,0
3942,"[1, 4, 0, 1, 1, 5, 0, 2, 0, 1, 0, 0, 1, 0, 2, 0, 0, 0, 0, 0, 0, 0, 0, 0, 2, 0, 0, 0, 0, 0, 0, 0, 1, 1, 0, 1, 1, 0, 2, 2, 0, 0, 1, 0, 0, 0, 0, 1, 0, 0, 2, 2, 2, 0, 0, 0, 0, 0, 0, 0, 0, 0, 2, 2, 3, 0, 2, 1, 2, 1, 4, 3, 6, 5, 3, 3, 2, 2, 4, 5, 637, 1, 0, 0, 0, 0, 0]",3,0.2000000051234493,-1,0
3943,"[1, 4, 0, 1, 1, 5, 0, 2, 0, 1, 0, 0, 1, 0, 2, 0, 0, 0, 0, 0, 0, 0, 0, 0, 2, 0, 0, 0, 0, 0, 0, 0, 1, 1, 0, 1, 1, 0, 2, 2, 0, 0, 1, 0, 0, 0, 0, 1, 0, 0, 2, 2, 2, 0, 0, 0, 0, 0, 0, 0, 0, 0, 2, 2, 3, 0, 2, 1, 2, 1, 4, 3, 6, 5, 3, 3, 2, 2, 4, 5, 637, 0, 0, 0, 0, 0, 0]",-1,-8.560796127827615e-05,-1,0
3944,"[1, 2, 0, 1, 1, 2, 0, 1, 0, 1, 0, 0, 1, 0, 2, 0, 0, 0, 0, 0, 0, 0, 0, 0, 2, 0, 0, 0, 0, 0, 0, 0, 1, 1, 0, 1, 1, 0, 2, 2, 0, 0, 1, 0, 0, 0, 0, 1, 0, 0, 2, 2, 2, 0, 0, 0, 0, 0, 0, 0, 0, 0, 2, 2, 3, 0, 2, 1, 2, 1, 4, 3, 6, 5, 3, 3, 2, 2, 4, 2, 638, 0, 0, 0, 0, 0, 0]",4,14.373939784218955,-1,0
3945,"[1, 2, 0, 1, 1, 2, 0, 1, 0, 1, 0, 0, 1, 0, 2, 0, 0, 0, 0, 0, 0, 0, 0, 0, 2, 0, 0, 0, 0, 0, 0, 0, 1, 1, 0, 1, 1, 0, 2, 2, 0, 0, 1, 0, 0, 0, 0, 1, 0, 0, 2, 2, 2, 0, 0, 0, 0, 0, 0, 0, 0, 0, 2, 2, 3, 0, 2, 1, 2, 1, 4, 3, 6, 5, 3, 3, 2, 2, 4, 2, 638, 1, 0, 0, 0, 0, 0]",3,0.20000000492255599,-1,1
3946,"[1, 2, 0, 1, 1, 2, 0, 1, 0, 1, 0, 0, 1, 0, 2, 0, 0, 0, 0, 0, 0, 0, 0, 0, 2, 0, 0, 0, 0, 0, 0, 0, 1, 1, 0, 1, 1, 0, 2, 2, 0, 0, 1, 0, 0, 0, 0, 1, 0, 0, 2, 2, 2, 0, 0, 0, 0, 0, 0, 0, 0, 0, 2, 2, 3, 0, 2, 1, 2, 1, 4, 3, 6, 5, 3, 3, 2, 2, 4, 2, 638, 0, 0, 0, 0, 0, 0]",-1,-8.475614783116253e-05,-1,1
3947,"[1, 2, 0, 1, 1, 2, 0, 1, 0, 1, 0, 0, 1, 0, 2, 0, 0, 0, 0, 0, 0, 0, 0, 0, 2, 0, 0, 0, 0, 0, 0, 0, 1, 1, 0, 1, 1, 0, 2, 2, 0, 0, 1, 0, 0, 0, 0, 1, 0, 0, 2, 2, 2, 0, 0, 0, 0, 0, 0, 0, 0, 0, 2, 2, 3, 0, 2, 1, 2, 1, 4, 3, 6, 5, 3, 3, 2, 2, 4, 2, 639, 0, 0, 0, 0, 0, 0]",4,12.973938080399044,-1,1
3948,"[1, 2, 0, 1, 1, 2, 0, 1, 0, 1, 0, 0, 1, 0, 2, 0, 0, 0, 0, 0, 0, 0, 0, 0, 2, 0, 0, 0, 0, 0, 0, 0, 1, 1, 0, 1, 1, 0, 2, 2, 0, 0, 1, 0, 0, 0, 0, 1, 0, 0, 2, 2, 2, 0, 0, 0, 0, 0, 0, 0, 0, 0, 2, 2, 3, 0, 2, 1, 2, 1, 4, 3, 6, 5, 3, 3, 2, 2, 4, 2, 639, 0, 0, 0, 0, 0, 0]",1,0.6096241198291565,-1,0
3949,"[1, 2, 0, 1, 1, 2, 0, 1, 0, 1, 0, 0, 1, 0, 2, 0, 0, 0, 0, 0, 0, 0, 0, 0, 2, 0, 0, 0, 0, 0, 0, 0, 1, 1, 0, 1, 1, 0, 2, 2, 0, 0, 1, 0, 0, 0, 0, 1, 0, 0, 2, 2, 2, 0, 0, 0, 0, 0, 0, 0, 0, 0, 2, 2, 3, 0, 2, 1, 2, 1, 4, 3, 6, 5, 3, 3, 2, 2, 4, 2, 639, 0, 0, 0, 0, 0, 0]",-1,-8.391281006946232e-05,-1,0
3950,"[1, 2, 0, 1, 1, 2, 0, 1, 0, 1, 0, 0, 1, 0, 2, 0, 0, 0, 0, 0, 0, 0, 0, 0, 2, 0, 0, 0, 0, 0, 0, 0, 1, 1, 0, 1, 1, 0, 2, 2, 0, 0, 1, 0, 0, 0, 0, 1, 0, 0, 2, 2, 2, 0, 0, 0, 0, 0, 0, 0, 0, 0, 2, 2, 3, 0, 2, 1, 2, 1, 4, 3, 6, 5, 3, 3, 2, 2, 4, 2, 639, 0, 1, 0, 0, 0, 0]",2,0.4000000047295398,-1,0
3951,"[1, 2, 0, 1, 1, 2, 0, 1, 0, 1, 0, 0, 1, 0, 2, 0, 0, 0, 0, 0, 0, 0, 0, 0, 2, 0, 0, 0, 0, 0, 0, 0, 1, 1, 0, 1, 1, 0, 2, 2, 0, 0, 1, 0, 0, 0, 0, 1, 0, 0, 2, 2, 2, 0, 0, 0, 0, 0, 0, 0, 0, 0, 2, 2, 3, 0, 2, 1, 2, 1, 4, 3, 6, 5, 3, 3, 2, 2, 4, 2, 639, 0, 0, 0, 0, 0, 0]",-1,-8.391281006946232e-05,-1,0
3952,"[1, 2, 0, 1, 1, 2, 0, 1, 0, 1, 0, 0, 1, 0, 2, 0, 0, 0, 0, 0, 0, 0, 0, 0, 2, 0, 0, 0, 0, 0, 0, 0, 1, 1, 0, 1, 1, 0, 2, 2, 0, 0, 1, 0, 0, 0, 0, 1, 0, 0, 2, 2, 2, 0, 0, 0, 0, 0, 0, 0, 0, 0, 2, 2, 3, 0, 2, 1, 2, 1, 4, 3, 6, 5, 3, 3, 2, 2, 4, 2, 639, 0, 0, 0, 0, 0, 0]",1,0.6096241198291565,-1,0
3953,"[1, 2, 0, 1, 1, 2, 0, 1, 0, 1, 0, 0, 1, 0, 2, 0, 0, 0, 0, 0, 0, 0, 0, 0, 2, 0, 0, 0, 0, 0, 0, 0, 1, 1, 0, 1, 1, 0, 2, 2, 0, 0, 1, 0, 0, 0, 0, 1, 0, 0, 2, 2, 2, 0, 0, 0, 0, 0, 0, 0, 0, 0, 2, 2, 3, 0, 2, 1, 2, 1, 4, 3, 6, 5, 3, 3, 2, 2, 4, 2, 639, 0, 0, 0, 0, 0, 0]",-1,-8.391281006946232e-05,-1,0
3954,"[1, 2, 0, 1, 1, 2, 0, 1, 0, 1, 0, 0, 1, 0, 2, 0, 0, 0, 0, 0, 0, 0, 0, 0, 2, 0, 0, 0, 0, 0, 0, 0, 1, 1, 0, 1, 1, 0, 2, 2, 0, 0, 1, 0, 0, 0, 0, 1, 0, 0, 2, 2, 2, 0, 0, 0, 0, 0, 0, 0, 0, 0, 2, 2, 3, 0, 2, 1, 2, 1, 4, 3, 6, 5, 3, 3, 2, 2, 4, 2, 639, 1, 0, 0, 0, 0, 0]",3,0.20000000472953983,-1,0
3955,"[1, 2, 0, 1, 1, 2, 0, 1, 0, 1, 0, 0, 1, 0, 2, 0, 0, 0, 0, 0, 0, 0, 0, 0, 2, 0, 0, 0, 0, 0, 0, 0, 1, 1, 0, 1, 1, 0, 2, 2, 0, 0, 1, 0, 0, 0, 0, 1, 0, 0, 2, 2, 2, 0, 0, 0, 0, 0, 0, 0, 0, 0, 2, 2, 3, 0, 2, 1, 2, 1, 4, 3, 6, 5, 3, 3, 2, 2, 4, 2, 639, 0, 0, 0, 0, 0, 0]",-1,-8.391281006946232e-05,-1,0
3956,"[1, 2, 0, 1, 1, 2, 0, 2, 0, 1, 0, 0, 1, 0, 2, 0, 0, 0, 0, 0, 0, 0, 0, 0, 2, 0, 0, 0, 0, 0, 0, 0, 1, 1, 0, 1, 1, 0, 2, 2, 0, 0, 1, 0, 0, 0, 0, 1, 0, 0, 2, 2, 2, 0, 0, 0, 0, 0, 0, 0, 0, 0, 2, 2, 3, 0, 2, 1, 2, 1, 4, 3, 6, 5, 3, 3, 2, 2, 4, 2, 640, 0, 0, 0, 0, 0, 0]",4,14.373936393538074,-1,0
3957,"[1, 2, 0, 1, 1, 2, 0, 2, 0, 1, 0, 0, 1, 0, 2, 0, 0, 0, 0, 0, 0, 0, 0, 0, 2, 0, 0, 0, 0, 0, 0, 0, 1, 1, 0, 1, 1, 0, 2, 2, 0, 0, 1, 0, 0, 0, 0, 1, 0, 0, 2, 2, 2, 0, 0, 0, 0, 0, 0, 0, 0, 0, 2, 2, 3, 0, 2, 1, 2, 1, 4, 3, 6, 5, 3, 3, 2, 2, 4, 2, 640, 0, 0, 0, 0, 0, 0]",0,0.29497475137467516,-1,1
3958,"[1, 2, 0, 1, 1, 2, 0, 2, 0, 1, 0, 0, 1, 0, 2, 0, 0, 0, 0, 0, 0, 0, 0, 0, 2, 0, 0, 0, 0, 0, 0, 0, 1, 1, 0, 1, 1, 0, 2, 2, 0, 0, 1, 0, 0, 0, 0, 1, 0, 0, 2, 2, 2, 0, 0, 0, 0, 0, 0, 0, 0, 0, 2, 2, 3, 0, 2, 1, 2, 1, 4, 3, 6, 5, 3, 3, 2, 2, 4, 2, 640, 0, 0, 0, 0, 0, 0]",-1,-8.30778636586967e-05,-1,1
3959,"[1, 2, 0, 1, 3, 2, 0, 2, 0, 1, 0, 0, 1, 0, 2, 0, 0, 0, 0, 0, 0, 0, 0, 0, 2, 0, 0, 0, 0, 0, 0, 0, 1, 1, 0, 1, 1, 0, 2, 2, 0, 0, 1, 0, 0, 0, 0, 1, 0, 0, 2, 2, 2, 0, 0, 0, 0, 0, 0, 0, 0, 0, 2, 2, 3, 0, 2, 1, 2, 1, 4, 3, 6, 5, 3, 3, 2, 2, 4, 2, 641, 0, 0, 0, 0, 0, 0]",4,12.844019492581058,-1,1
3960,"[1, 2, 0, 1, 3, 2, 0, 2, 0, 1, 0, 0, 1, 0, 2, 0, 0, 0, 0, 0, 0, 0, 0, 0, 2, 0, 0, 0, 0, 0, 0, 0, 1, 1, 0, 1, 1, 0, 2, 2, 0, 0, 1, 0, 0, 0, 0, 1, 0, 0, 2, 2, 2, 0, 0, 0, 0, 0, 0, 0, 0, 0, 2, 2, 3, 0, 2, 1, 2, 1, 4, 3, 6, 5, 3, 3, 2, 2, 4, 2, 641, 0, 0, 0, 0, 0, 0]",1,0.6096241194655322,-1,0
3961,"[1, 2, 0, 1, 3, 2, 0, 2, 0, 1, 0, 0, 1, 0, 2, 0, 0, 0, 0, 0, 0, 0, 0, 0, 2, 0, 0, 0, 0, 0, 0, 0, 1, 1, 0, 1, 1, 0, 2, 2, 0, 0, 1, 0, 0, 0, 0, 1, 0, 0, 2, 2, 2, 0, 0, 0, 0, 0, 0, 0, 0, 0, 2, 2, 3, 0, 2, 1, 2, 1, 4, 3, 6, 5, 3, 3, 2, 2, 4, 2, 641, 0, 0, 0, 0, 0, 0]",-1,-8.225122510352874e-05,-1,0
3962,"[1, 2, 0, 1, 3, 2, 0, 2, 0, 1, 0, 0, 1, 0, 2, 0, 0, 0, 0, 0, 0, 0, 0, 0, 2, 0, 0, 0, 0, 0, 0, 0, 1, 1, 0, 1, 1, 0, 2, 2, 0, 0, 1, 0, 0, 0, 0, 1, 0, 0, 2, 2, 2, 0, 0, 0, 0, 0, 0, 0, 0, 0, 2, 2, 3, 0, 2, 1, 2, 1, 4, 3, 6, 5, 3, 3, 2, 2, 4, 2, 641, 0, 0, 0, 0, 0, 0]",1,0.6096241194655322,-1,0
3963,"[1, 2, 0, 1, 3, 2, 0, 2, 0, 1, 0, 0, 1, 0, 2, 0, 0, 0, 0, 0, 0, 0, 0, 0, 2, 0, 0, 0, 0, 0, 0, 0, 1, 1, 0, 1, 1, 0, 2, 2, 0, 0, 1, 0, 0, 0, 0, 1, 0, 0, 2, 2, 2, 0, 0, 0, 0, 0, 0, 0, 0, 0, 2, 2, 3, 0, 2, 1, 2, 1, 4, 3, 6, 5, 3, 3, 2, 2, 4, 2, 641, 0, 0, 0, 0, 0, 0]",-1,-8.225122510352874e-05,-1,0
3964,"[1, 2, 0, 1, 3, 2, 0, 2, 0, 1, 0, 0, 1, 0, 2, 0, 0, 0, 0, 0, 0, 0, 0, 0, 2, 0, 0, 0, 0, 0, 0, 0, 1, 1, 0, 1, 1, 0, 2, 2, 0, 0, 1, 0, 0, 0, 0, 1, 0, 0, 2, 2, 2, 0, 0, 0, 0, 0, 0, 0, 0, 0, 2, 2, 3, 0, 2, 1, 2, 1, 4, 3, 6, 5, 3, 3, 2, 2, 4, 2, 641, 0, 0, 0, 0, 0, 0]",1,0.6096241194655322,-1,0
3965,"[1, 2, 0, 1, 3, 2, 0, 2, 0, 1, 0, 0, 1, 0, 2, 0, 0, 0, 0, 0, 0, 0, 0, 0, 2, 0, 0, 0, 0, 0, 0, 0, 1, 1, 0, 1, 1, 0, 2, 2, 0, 0, 1, 0, 0, 0, 0, 1, 0, 0, 2, 2, 2, 0, 0, 0, 0, 0, 0, 0, 0, 0, 2, 2, 3, 0, 2, 1, 2, 1, 4, 3, 6, 5, 3, 3, 2, 2, 4, 2, 641, 0, 0, 0, 0, 0, 0]",-1,-8.225122510352874e-05,-1,0
3966,"[1, 2, 0, 1, 3, 2, 0, 2, 0, 1, 0, 0, 1, 0, 2, 0, 0, 0, 0, 0, 0, 0, 0, 0, 2, 0, 0, 0, 0, 0, 0, 0, 1, 1, 0, 1, 1, 0, 2, 2, 0, 0, 1, 0, 0, 0, 0, 1, 0, 0, 2, 2, 2, 0, 0, 0, 0, 0, 0, 0, 0, 0, 2, 2, 3, 0, 2, 1, 2, 1, 4, 3, 6, 5, 3, 3, 2, 2, 4, 2, 641, 1, 0, 0, 0, 0, 0]",3,0.2000000043659155,-1,0
3967,"[1, 2, 0, 1, 3, 2, 0, 2, 0, 1, 0, 0, 1, 0, 2, 0, 0, 0, 0, 0, 0, 0, 0, 0, 2, 0, 0, 0, 0, 0, 0, 0, 1, 1, 0, 1, 1, 0, 2, 2, 0, 0, 1, 0, 0, 0, 0, 1, 0, 0, 2, 2, 2, 0, 0, 0, 0, 0, 0, 0, 0, 0, 2, 2, 3, 0, 2, 1, 2, 1, 4, 3, 6, 5, 3, 3, 2, 2, 4, 2, 641, 0, 0, 0, 0, 0, 0]",-1,-8.225122510352874e-05,-1,0
3968,"[1, 2, 0, 1, 3, 2, 0, 2, 0, 1, 0, 0, 1, 0, 2, 0, 0, 0, 0, 0, 0, 0, 0, 0, 2, 0, 0, 0, 0, 0, 0, 0, 1, 1, 0, 1, 1, 0, 2, 2, 0, 0, 1, 0, 0, 0, 0, 1, 0, 0, 2, 2, 2, 0, 0, 0, 0, 0, 0, 0, 0, 0, 2, 2, 3, 0, 2, 1, 2, 1, 4, 3, 6, 5, 3, 3, 2, 2, 4, 2, 641, 1, 0, 0, 0, 0, 0]",3,0.2000000043659155,-1,0
3969,"[1, 2, 0, 1, 3, 2, 0, 2, 0, 1, 0, 0, 1, 0, 2, 0, 0, 0, 0, 0, 0, 0, 0, 0, 2, 0, 0, 0, 0, 0, 0, 0, 1, 1, 0, 1, 1, 0, 2, 2, 0, 0, 1, 0, 0, 0, 0, 1, 0, 0, 2, 2, 2, 0, 0, 0, 0, 0, 0, 0, 0, 0, 2, 2, 3, 0, 2, 1, 2, 1, 4, 3, 6, 5, 3, 3, 2, 2, 4, 2, 641, 0, 0, 0, 0, 0, 0]",-1,-8.225122510352874e-05,-1,0
3970,"[1, 2, 0, 1, 3, 2, 0, 2, 0, 1, 0, 0, 1, 0, 2, 0, 0, 0, 0, 0, 0, 0, 0, 0, 2, 0, 0, 0, 0, 0, 0, 0, 1, 1, 0, 1, 1, 0, 2, 2, 0, 0, 1, 0, 0, 0, 0, 1, 0, 0, 2, 2, 2, 0, 0, 0, 0, 0, 0, 0, 0, 0, 2, 2, 3, 0, 2, 1, 2, 1, 4, 3, 6, 5, 3, 3, 2, 2, 4, 2, 641, 0, 1, 0, 0, 0, 0]",2,0.40000000436591543,-1,0
3971,"[1, 2, 0, 1, 3, 2, 0, 2, 0, 1, 0, 0, 1, 0, 2, 0, 0, 0, 0, 0, 0, 0, 0, 0, 2, 0, 0, 0, 0, 0, 0, 0, 1, 1, 0, 1, 1, 0, 2, 2, 0, 0, 1, 0, 0, 0, 0, 1, 0, 0, 2, 2, 2, 0, 0, 0, 0, 0, 0, 0, 0, 0, 2, 2, 3, 0, 2, 1, 2, 1, 4, 3, 6, 5, 3, 3, 2, 2, 4, 2, 641, 0, 0, 0, 0, 0, 0]",-1,-8.225122510352874e-05,-1,0
3972,"[1, 2, 0, 1, 3, 2, 0, 3, 0, 1, 0, 0, 1, 0, 2, 0, 0, 0, 0, 0, 0, 0, 0, 0, 2, 0, 0, 0, 0, 0, 0, 0, 1, 1, 0, 1, 1, 0, 2, 2, 0, 0, 1, 0, 0, 0, 0, 1, 0, 0, 2, 2, 2, 0, 0, 0, 0, 0, 0, 0, 0, 0, 2, 2, 3, 0, 2, 1, 2, 1, 4, 3, 6, 5, 3, 3, 2, 2, 4, 2, 642, 0, 0, 0, 0, 0, 0]",4,14.373933070018776,-1,0
3973,"[1, 2, 0, 1, 3, 2, 0, 3, 0, 1, 0, 0, 1, 0, 2, 0, 0, 0, 0, 0, 0, 0, 0, 0, 2, 0, 0, 0, 0, 0, 0, 0, 1, 1, 0, 1, 1, 0, 2, 2, 0, 0, 1, 0, 0, 0, 0, 1, 0, 0, 2, 2, 2, 0, 0, 0, 0, 0, 0, 0, 0, 0, 2, 2, 3, 0, 2, 1, 2, 1, 4, 3, 6, 5, 3, 3, 2, 2, 4, 2, 642, 0, 0, 0, 0, 0, 0]",-1,-8.143281173941404e-05,-1,1
3974,"[1, 2, 0, 1, 3, 2, 0, 3, 0, 1, 0, 0, 1, 0, 2, 0, 0, 0, 0, 0, 0, 0, 0, 0, 2, 0, 0, 0, 0, 0, 0, 0, 1, 1, 0, 1, 1, 0, 2, 2, 0, 0, 1, 0, 0, 0, 0, 1, 0, 0, 2, 2, 2, 0, 0, 0, 0, 0, 0, 0, 0, 0, 2, 2, 3, 0, 2, 1, 2, 1, 4, 3, 6, 5, 3, 3, 2, 2, 4, 2, 642, 0, 0, 0, 0, 0, 0]",1,0.6096241192943422,-1,1
3975,"[1, 2, 0, 1, 3, 2, 0, 3, 0, 1, 0, 0, 1, 0, 2, 0, 0, 0, 0, 0, 0, 0, 0, 0, 2, 0, 0, 0, 0, 0, 0, 0, 1, 1, 0, 1, 1, 0, 2, 2, 0, 0, 1, 0, 0, 0, 0, 1, 0, 0, 2, 2, 2, 0, 0, 0, 0, 0, 0, 0, 0, 0, 2, 2, 3, 0, 2, 1, 2, 1, 4, 3, 6, 5, 3, 3, 2, 2, 4, 2, 642, 0, 0, 0, 0, 0, 0]",-1,-8.143281173941404e-05,-1,1
3976,"[1, 2, 0, 1, 3, 2, 0, 4, 0, 1, 0, 0, 1, 0, 2, 0, 0, 0, 0, 0, 0, 0, 0, 0, 2, 0, 0, 0, 0, 0, 0, 0, 1, 1, 0, 1, 1, 0, 2, 2, 0, 0, 1, 0, 0, 0, 0, 1, 0, 0, 2, 2, 2, 0, 0, 0, 0, 0, 0, 0, 0, 0, 2, 2, 3, 0, 2, 1, 2, 1, 4, 3, 6, 5, 3, 3, 2, 2, 4, 2, 643, 0, 0, 0, 0, 0, 0]",4,12.730808982428147,-1,1
3977,"[1, 2, 0, 1, 3, 2, 0, 4, 0, 1, 0, 0, 1, 0, 2, 0, 0, 0, 0, 0, 0, 0, 0, 0, 2, 0, 0, 0, 0, 0, 0, 0, 1, 1, 0, 1, 1, 0, 2, 2, 0, 0, 1, 0, 0, 0, 0, 1, 0, 0, 2, 2, 2, 0, 0, 0, 0, 0, 0, 0, 0, 0, 2, 2, 3, 0, 2, 1, 2, 1, 4, 3, 6, 5, 3, 3, 2, 2, 4, 2, 643, 1, 0, 0, 0, 0, 0]",3,0.20000000403024798,-1,0
3978,"[1, 2, 0, 1, 3, 2, 0, 4, 0, 1, 0, 0, 1, 0, 2, 0, 0, 0, 0, 0, 0, 0, 0, 0, 2, 0, 0, 0, 0, 0, 0, 0, 1, 1, 0, 1, 1, 0, 2, 2, 0, 0, 1, 0, 0, 0, 0, 1, 0, 0, 2, 2, 2, 0, 0, 0, 0, 0, 0, 0, 0, 0, 2, 2, 3, 0, 2, 1, 2, 1, 4, 3, 6, 5, 3, 3, 2, 2, 4, 2, 643, 0, 0, 0, 0, 0, 0]",-1,-8.062254172433419e-05,-1,0
3979,"[1, 2, 0, 1, 3, 2, 0, 4, 0, 1, 0, 0, 1, 0, 2, 0, 0, 0, 0, 0, 0, 0, 0, 0, 2, 0, 0, 0, 0, 0, 0, 0, 1, 1, 0, 1, 1, 0, 2, 2, 0, 0, 1, 0, 0, 0, 0, 1, 0, 0, 2, 2, 2, 0, 0, 0, 0, 0, 0, 0, 0, 0, 2, 2, 3, 0, 2, 1, 2, 1, 4, 3, 6, 5, 3, 3, 2, 2, 4, 2, 643, 0, 1, 0, 0, 0, 0]",2,0.40000000403024794,-1,0
3980,"[1, 2, 0, 1, 3, 2, 0, 4, 0, 1, 0, 0, 1, 0, 2, 0, 0, 0, 0, 0, 0, 0, 0, 0, 2, 0, 0, 0, 0, 0, 0, 0, 1, 1, 0, 1, 1, 0, 2, 2, 0, 0, 1, 0, 0, 0, 0, 1, 0, 0, 2, 2, 2, 0, 0, 0, 0, 0, 0, 0, 0, 0, 2, 2, 3, 0, 2, 1, 2, 1, 4, 3, 6, 5, 3, 3, 2, 2, 4, 2, 643, 0, 0, 0, 0, 0, 0]",-1,-8.062254172433419e-05,-1,0
3981,"[1, 2, 0, 1, 3, 2, 0, 4, 0, 1, 0, 0, 1, 0, 2, 0, 0, 0, 0, 0, 0, 0, 0, 0, 2, 0, 0, 0, 0, 0, 0, 0, 1, 1, 0, 1, 1, 0, 2, 2, 0, 0, 1, 0, 0, 0, 0, 1, 0, 0, 2, 2, 2, 0, 0, 0, 0, 0, 0, 0, 0, 0, 2, 2, 3, 0, 2, 1, 2, 1, 4, 3, 6, 5, 3, 3, 2, 2, 4, 2, 643, 1, 0, 0, 0, 0, 0]",3,0.20000000403024798,-1,0
3982,"[1, 2, 0, 1, 3, 2, 0, 4, 0, 1, 0, 0, 1, 0, 2, 0, 0, 0, 0, 0, 0, 0, 0, 0, 2, 0, 0, 0, 0, 0, 0, 0, 1, 1, 0, 1, 1, 0, 2, 2, 0, 0, 1, 0, 0, 0, 0, 1, 0, 0, 2, 2, 2, 0, 0, 0, 0, 0, 0, 0, 0, 0, 2, 2, 3, 0, 2, 1, 2, 1, 4, 3, 6, 5, 3, 3, 2, 2, 4, 2, 643, 0, 0, 0, 0, 0, 0]",-1,-8.062254172433419e-05,-1,0
3983,"[1, 2, 0, 1, 3, 2, 0, 4, 0, 1, 0, 0, 1, 0, 2, 0, 0, 0, 0, 0, 0, 0, 0, 0, 2, 0, 0, 0, 0, 0, 0, 0, 1, 1, 0, 1, 1, 0, 2, 2, 0, 0, 1, 0, 0, 0, 0, 1, 0, 0, 2, 2, 2, 0, 0, 0, 0, 0, 0, 0, 0, 0, 2, 2, 3, 0, 2, 1, 2, 1, 4, 3, 6, 5, 3, 3, 2, 2, 4, 2, 644, 0, 0, 0, 0, 0, 0]",4,14.37392981232951,-1,0
3984,"[1, 3, 0, 1, 3, 3, 0, 4, 0, 1, 0, 0, 1, 0, 2, 0, 0, 0, 0, 0, 0, 0, 0, 0, 2, 0, 0, 0, 0, 0, 0, 0, 1, 1, 0, 1, 1, 0, 2, 2, 0, 0, 1, 0, 0, 0, 0, 1, 0, 0, 2, 2, 2, 0, 0, 0, 0, 0, 0, 0, 0, 0, 2, 2, 3, 0, 2, 1, 2, 1, 4, 3, 6, 5, 3, 3, 2, 2, 4, 2, 645, 0, 0, 0, 0, 0, 0]",4,12.762274024823894,-1,1
3985,"[1, 3, 0, 1, 3, 3, 0, 4, 0, 1, 0, 0, 1, 0, 2, 0, 0, 0, 0, 0, 0, 0, 0, 0, 2, 0, 0, 0, 0, 0, 0, 0, 1, 1, 0, 1, 1, 0, 2, 2, 0, 0, 1, 0, 0, 0, 0, 1, 0, 0, 2, 2, 2, 0, 0, 0, 0, 0, 0, 0, 0, 0, 2, 2, 3, 0, 2, 1, 2, 1, 4, 3, 6, 5, 3, 3, 2, 2, 4, 2, 645, 1, 0, 0, 0, 0, 0]",3,0.20000000372038781,-1,0
3986,"[1, 3, 0, 1, 3, 3, 0, 4, 0, 1, 0, 0, 1, 0, 2, 0, 0, 0, 0, 0, 0, 0, 0, 0, 2, 0, 0, 0, 0, 0, 0, 0, 1, 1, 0, 1, 1, 0, 2, 2, 0, 0, 1, 0, 0, 0, 0, 1, 0, 0, 2, 2, 2, 0, 0, 0, 0, 0, 0, 0, 0, 0, 2, 2, 3, 0, 2, 1, 2, 1, 4, 3, 6, 5, 3, 3, 2, 2, 4, 2, 645, 0, 0, 0, 0, 0, 0]",-1,-7.902610843681085e-05,-1,0
3987,"[1, 3, 0, 1, 3, 3, 0, 4, 0, 1, 0, 0, 1, 0, 2, 0, 0, 0, 0, 0, 0, 0, 0, 0, 2, 0, 0, 0, 0, 0, 0, 0, 1, 1, 0, 1, 1, 0, 2, 2, 0, 0, 1, 0, 0, 0, 0, 1, 0, 0, 2, 2, 2, 0, 0, 0, 0, 0, 0, 0, 0, 0, 2, 2, 3, 0, 2, 1, 2, 1, 4, 3, 6, 5, 3, 3, 2, 2, 4, 2, 645, 0, 1, 0, 0, 0, 0]",2,0.4000000037203878,-1,0
3988,"[1, 3, 0, 1, 3, 3, 0, 4, 0, 1, 0, 0, 1, 0, 2, 0, 0, 0, 0, 0, 0, 0, 0, 0, 2, 0, 0, 0, 0, 0, 0, 0, 1, 1, 0, 1, 1, 0, 2, 2, 0, 0, 1, 0, 0, 0, 0, 1, 0, 0, 2, 2, 2, 0, 0, 0, 0, 0, 0, 0, 0, 0, 2, 2, 3, 0, 2, 1, 2, 1, 4, 3, 6, 5, 3, 3, 2, 2, 4, 2, 645, 0, 0, 0, 0, 0, 0]",-1,-7.902610843681085e-05,-1,0
3989,"[1, 3, 0, 1, 3, 3, 0, 4, 0, 1, 0, 0, 1, 0, 2, 0, 0, 0, 0, 0, 0, 0, 0, 0, 2, 0, 0, 0, 0, 0, 0, 0, 1, 1, 0, 1, 1, 0, 2, 2, 0, 0, 1, 0, 0, 0, 0, 1, 0, 0, 2, 2, 2, 0, 0, 0, 0, 0, 0, 0, 0, 0, 2, 2, 3, 0, 2, 1, 2, 1, 4, 3, 6, 5, 3, 3, 2, 2, 4, 2, 646, 0, 0, 0, 0, 0, 0]",4,14.113113522106813,-1,0
3990,"[1, 3, 0, 1, 3, 3, 0, 4, 0, 1, 0, 0, 1, 0, 2, 0, 0, 0, 0, 0, 0, 0, 0, 0, 2, 0, 0, 0, 0, 0, 0, 0, 1, 1, 0, 1, 1, 0, 2, 2, 0, 0, 1, 0, 0, 0, 0, 1, 0, 0, 2, 2, 2, 0, 0, 0, 0, 0, 0, 0, 0, 0, 2, 2, 3, 0, 2, 1, 2, 1, 4, 3, 6, 5, 3, 3, 2, 2, 4, 2, 646, 0, 0, 0, 0, 0, 0]",0,0.2949747504050926,-1,1
3991,"[1, 3, 0, 1, 3, 3, 0, 4, 0, 1, 0, 0, 1, 0, 2, 0, 0, 0, 0, 0, 0, 0, 0, 0, 2, 0, 0, 0, 0, 0, 0, 0, 1, 1, 0, 1, 1, 0, 2, 2, 0, 0, 1, 0, 0, 0, 0, 1, 0, 0, 2, 2, 2, 0, 0, 0, 0, 0, 0, 0, 0, 0, 2, 2, 3, 0, 2, 1, 2, 1, 4, 3, 6, 5, 3, 3, 2, 2, 4, 2, 646, 0, 0, 0, 0, 0, 0]",-1,-7.823978551970833e-05,-1,1
3992,"[1, 4, 0, 1, 3, 4, 0, 4, 0, 1, 0, 0, 1, 0, 2, 0, 0, 0, 0, 0, 0, 0, 0, 0, 2, 0, 0, 0, 0, 0, 0, 0, 1, 1, 0, 1, 1, 0, 2, 2, 0, 0, 1, 0, 0, 0, 0, 1, 0, 0, 2, 2, 2, 0, 0, 0, 0, 0, 0, 0, 0, 0, 2, 2, 3, 0, 2, 1, 2, 1, 4, 3, 6, 5, 3, 3, 2, 2, 4, 2, 647, 0, 0, 0, 0, 0, 0]",4,12.74367066631094,-1,1
3993,"[1, 4, 0, 1, 3, 4, 0, 4, 0, 1, 0, 0, 1, 0, 2, 0, 0, 0, 0, 0, 0, 0, 0, 0, 2, 0, 0, 0, 0, 0, 0, 0, 1, 1, 0, 1, 1, 0, 2, 2, 0, 0, 1, 0, 0, 0, 0, 1, 0, 0, 2, 2, 2, 0, 0, 0, 0, 0, 0, 0, 0, 0, 2, 2, 3, 0, 2, 1, 2, 1, 4, 3, 6, 5, 3, 3, 2, 2, 4, 2, 647, 1, 0, 0, 0, 0, 0]",3,0.2000000034343508,-1,0
3994,"[1, 4, 0, 1, 3, 4, 0, 4, 0, 1, 0, 0, 1, 0, 2, 0, 0, 0, 0, 0, 0, 0, 0, 0, 2, 0, 0, 0, 0, 0, 0, 0, 1, 1, 0, 1, 1, 0, 2, 2, 0, 0, 1, 0, 0, 0, 0, 1, 0, 0, 2, 2, 2, 0, 0, 0, 0, 0, 0, 0, 0, 0, 2, 2, 3, 0, 2, 1, 2, 1, 4, 3, 6, 5, 3, 3, 2, 2, 4, 2, 647, 0, 0, 0, 0, 0, 0]",-1,-7.746128664635782e-05,-1,0
3995,"[1, 4, 0, 1, 3, 4, 0, 4, 0, 1, 0, 0, 1, 0, 2, 0, 0, 0, 0, 0, 0, 0, 0, 0, 2, 0, 0, 0, 0, 0, 0, 0, 1, 1, 0, 1, 1, 0, 2, 2, 0, 0, 1, 0, 0, 0, 0, 1, 0, 0, 2, 2, 2, 0, 0, 0, 0, 0, 0, 0, 0, 0, 2, 2, 3, 0, 2, 1, 2, 1, 4, 3, 6, 5, 3, 3, 2, 2, 4, 2, 647, 1, 0, 0, 0, 0, 0]",3,0.2000000034343508,-1,0
3996,"[1, 4, 0, 1, 3, 4, 0, 4, 0, 1, 0, 0, 1, 0, 2, 0, 0, 0, 0, 0, 0, 0, 0, 0, 2, 0, 0, 0, 0, 0, 0, 0, 1, 1, 0, 1, 1, 0, 2, 2, 0, 0, 1, 0, 0, 0, 0, 1, 0, 0, 2, 2, 2, 0, 0, 0, 0, 0, 0, 0, 0, 0, 2, 2, 3, 0, 2, 1, 2, 1, 4, 3, 6, 5, 3, 3, 2, 2, 4, 2, 647, 0, 0, 0, 0, 0, 0]",-1,-7.746128664635782e-05,-1,0
3997,"[1, 4, 0, 1, 3, 4, 0, 4, 0, 1, 0, 0, 1, 0, 2, 0, 0, 0, 0, 0, 0, 0, 0, 0, 2, 0, 0, 0, 0, 0, 0, 0, 1, 1, 0, 1, 1, 0, 2, 2, 0, 0, 1, 0, 0, 0, 0, 1, 0, 0, 2, 2, 2, 0, 0, 0, 0, 0, 0, 0, 0, 0, 2, 2, 3, 0, 2, 1, 2, 1, 4, 3, 6, 5, 3, 3, 2, 2, 4, 2, 647, 0, 0, 0, 0, 0, 0]",1,0.6096241185339675,-1,0
3998,"[1, 4, 0, 1, 3, 4, 0, 4, 0, 1, 0, 0, 1, 0, 2, 0, 0, 0, 0, 0, 0, 0, 0, 0, 2, 0, 0, 0, 0, 0, 0, 0, 1, 1, 0, 1, 1, 0, 2, 2, 0, 0, 1, 0, 0, 0, 0, 1, 0, 0, 2, 2, 2, 0, 0, 0, 0, 0, 0, 0, 0, 0, 2, 2, 3, 0, 2, 1, 2, 1, 4, 3, 6, 5, 3, 3, 2, 2, 4, 2, 647, 0, 0, 0, 0, 0, 0]",-1,-7.746128664635782e-05,-1,0
3999,"[1, 4, 0, 1, 3, 4, 0, 4, 0, 1, 0, 0, 1, 0, 2, 0, 0, 0, 0, 0, 0, 0, 0, 0, 2, 0, 0, 0, 0, 0, 0, 0, 1, 1, 0, 1, 1, 0, 2, 2, 0, 0, 1, 0, 0, 0, 0, 1, 0, 0, 2, 2, 2, 0, 0, 0, 0, 0, 0, 0, 0, 0, 2, 2, 3, 0, 2, 1, 2, 1, 4, 3, 6, 5, 3, 3, 2, 2, 4, 2, 647, 0, 0, 0, 0, 0, 0]",1,0.6096241185339675,-1,0
4000,"[1, 4, 0, 1, 3, 4, 0, 4, 0, 1, 0, 0, 1, 0, 2, 0, 0, 0, 0, 0, 0, 0, 0, 0, 2, 0, 0, 0, 0, 0, 0, 0, 1, 1, 0, 1, 1, 0, 2, 2, 0, 0, 1, 0, 0, 0, 0, 1, 0, 0, 2, 2, 2, 0, 0, 0, 0, 0, 0, 0, 0, 0, 2, 2, 3, 0, 2, 1, 2, 1, 4, 3, 6, 5, 3, 3, 2, 2, 4, 2, 647, 0, 0, 0, 0, 0, 0]",-1,-7.746128664635782e-05,-1,0
4001,"[1, 4, 0, 1, 3, 5, 0, 4, 0, 1, 0, 0, 1, 0, 2, 0, 0, 0, 0, 0, 0, 0, 0, 0, 2, 0, 0, 0, 0, 0, 0, 0, 1, 1, 0, 1, 1, 0, 2, 2, 0, 0, 1, 0, 0, 0, 0, 1, 0, 0, 2, 2, 2, 0, 0, 0, 0, 0, 0, 0, 0, 0, 2, 2, 3, 0, 2, 1, 2, 1, 4, 3, 6, 5, 3, 3, 2, 2, 4, 2, 648, 0, 0, 0, 0, 0, 0]",4,13.94592315246227,-1,0
4002,"[1, 4, 0, 1, 3, 5, 0, 4, 0, 1, 0, 0, 1, 0, 2, 0, 0, 0, 0, 0, 0, 0, 0, 0, 2, 0, 0, 0, 0, 0, 0, 0, 1, 1, 0, 1, 1, 0, 2, 2, 0, 0, 1, 0, 0, 0, 0, 1, 0, 0, 2, 2, 2, 0, 0, 0, 0, 0, 0, 0, 0, 0, 2, 2, 3, 0, 2, 1, 2, 1, 4, 3, 6, 5, 3, 3, 2, 2, 4, 2, 648, 1, 0, 0, 0, 0, 0]",3,0.20000000329968798,-1,1
4003,"[1, 4, 0, 1, 3, 5, 0, 4, 0, 1, 0, 0, 1, 0, 2, 0, 0, 0, 0, 0, 0, 0, 0, 0, 2, 0, 0, 0, 0, 0, 0, 0, 1, 1, 0, 1, 1, 0, 2, 2, 0, 0, 1, 0, 0, 0, 0, 1, 0, 0, 2, 2, 2, 0, 0, 0, 0, 0, 0, 0, 0, 0, 2, 2, 3, 0, 2, 1, 2, 1, 4, 3, 6, 5, 3, 3, 2, 2, 4, 2, 648, 0, 0, 0, 0, 0, 0]",-1,-7.669053396622315e-05,-1,1
4004,"[1, 4, 0, 1, 3, 6, 0, 4, 0, 1, 0, 0, 1, 0, 2, 0, 0, 0, 0, 0, 0, 0, 0, 0, 2, 0, 0, 0, 0, 0, 0, 0, 1, 1, 0, 1, 1, 0, 2, 2, 0, 0, 1, 0, 0, 0, 0, 1, 0, 0, 2, 2, 2, 0, 0, 0, 0, 0, 0, 0, 0, 0, 2, 2, 3, 0, 2, 1, 2, 1, 4, 3, 6, 5, 3, 3, 2, 2, 4, 2, 649, 0, 0, 0, 0, 0, 0]",4,12.661028865479707,-1,1
4005,"[1, 4, 0, 1, 3, 6, 0, 4, 0, 1, 0, 0, 1, 0, 2, 0, 0, 0, 0, 0, 0, 0, 0, 0, 2, 0, 0, 0, 0, 0, 0, 0, 1, 1, 0, 1, 1, 0, 2, 2, 0, 0, 1, 0, 0, 0, 0, 1, 0, 0, 2, 2, 2, 0, 0, 0, 0, 0, 0, 0, 0, 0, 2, 2, 3, 0, 2, 1, 2, 1, 4, 3, 6, 5, 3, 3, 2, 2, 4, 2, 649, 1, 0, 0, 0, 0, 0]",3,0.20000000317030536,-1,0
4006,"[1, 4, 0, 1, 3, 6, 0, 4, 0, 1, 0, 0, 1, 0, 2, 0, 0, 0, 0, 0, 0, 0, 0, 0, 2, 0, 0, 0, 0, 0, 0, 0, 1, 1, 0, 1, 1, 0, 2, 2, 0, 0, 1, 0, 0, 0, 0, 1, 0, 0, 2, 2, 2, 0, 0, 0, 0, 0, 0, 0, 0, 0, 2, 2, 3, 0, 2, 1, 2, 1, 4, 3, 6, 5, 3, 3, 2, 2, 4, 2, 649, 0, 0, 0, 0, 0, 0]",-1,-7.592745040339418e-05,-1,0
4007,"[1, 4, 0, 1, 3, 6, 0, 4, 0, 1, 0, 0, 1, 0, 2, 0, 0, 0, 0, 0, 0, 0, 0, 0, 2, 0, 0, 0, 0, 0, 0, 0, 1, 1, 0, 1, 1, 0, 2, 2, 0, 0, 1, 0, 0, 0, 0, 1, 0, 0, 2, 2, 2, 0, 0, 0, 0, 0, 0, 0, 0, 0, 2, 2, 3, 0, 2, 1, 2, 1, 4, 3, 6, 5, 3, 3, 2, 2, 4, 2, 649, 0, 0, 0, 0, 0, 0]",1,0.609624118269922,-1,0
4008,"[1, 4, 0, 1, 3, 6, 0, 4, 0, 1, 0, 0, 1, 0, 2, 0, 0, 0, 0, 0, 0, 0, 0, 0, 2, 0, 0, 0, 0, 0, 0, 0, 1, 1, 0, 1, 1, 0, 2, 2, 0, 0, 1, 0, 0, 0, 0, 1, 0, 0, 2, 2, 2, 0, 0, 0, 0, 0, 0, 0, 0, 0, 2, 2, 3, 0, 2, 1, 2, 1, 4, 3, 6, 5, 3, 3, 2, 2, 4, 2, 649, 0, 0, 0, 0, 0, 0]",-1,-7.592745040339418e-05,-1,0
4009,"[1, 4, 0, 1, 3, 6, 0, 4, 0, 1, 0, 0, 1, 0, 2, 0, 0, 0, 0, 0, 0, 0, 0, 0, 2, 0, 0, 0, 0, 0, 0, 0, 1, 1, 0, 1, 1, 0, 2, 2, 0, 0, 1, 0, 0, 0, 0, 1, 0, 0, 2, 2, 2, 0, 0, 0, 0, 0, 0, 0, 0, 0, 2, 2, 3, 0, 2, 1, 2, 1, 4, 3, 6, 5, 3, 3, 2, 2, 4, 2, 649, 1, 0, 0, 0, 0, 0]",3,0.20000000317030536,-1,0
4010,"[1, 4, 0, 1, 3, 6, 0, 4, 0, 1, 0, 0, 1, 0, 2, 0, 0, 0, 0, 0, 0, 0, 0, 0, 2, 0, 0, 0, 0, 0, 0, 0, 1, 1, 0, 1, 1, 0, 2, 2, 0, 0, 1, 0, 0, 0, 0, 1, 0, 0, 2, 2, 2, 0, 0, 0, 0, 0, 0, 0, 0, 0, 2, 2, 3, 0, 2, 1, 2, 1, 4, 3, 6, 5, 3, 3, 2, 2, 4, 2, 649, 0, 0, 0, 0, 0, 0]",-1,-7.592745040339418e-05,-1,0
4011,"[1, 4, 0, 1, 3, 6, 0, 4, 0, 1, 0, 0, 1, 0, 2, 0, 0, 0, 0, 0, 0, 0, 0, 0, 2, 0, 0, 0, 0, 0, 0, 0, 1, 1, 0, 1, 1, 0, 2, 2, 0, 0, 1, 0, 0, 0, 0, 1, 0, 0, 2, 2, 2, 0, 0, 0, 0, 0, 0, 0, 0, 0, 2, 2, 3, 0, 2, 1, 2, 1, 4, 3, 6, 5, 3, 3, 2, 2, 4, 2, 649, 1, 0, 0, 0, 0, 0]",3,0.20000000317030536,-1,0
4012,"[1, 4, 0, 1, 3, 6, 0, 4, 0, 1, 0, 0, 1, 0, 2, 0, 0, 0, 0, 0, 0, 0, 0, 0, 2, 0, 0, 0, 0, 0, 0, 0, 1, 1, 0, 1, 1, 0, 2, 2, 0, 0, 1, 0, 0, 0, 0, 1, 0, 0, 2, 2, 2, 0, 0, 0, 0, 0, 0, 0, 0, 0, 2, 2, 3, 0, 2, 1, 2, 1, 4, 3, 6, 5, 3, 3, 2, 2, 4, 2, 649, 0, 0, 0, 0, 0, 0]",-1,-7.592745040339418e-05,-1,0
4013,"[1, 4, 0, 1, 3, 6, 0, 4, 0, 1, 0, 0, 1, 0, 2, 0, 0, 0, 0, 0, 0, 0, 0, 0, 2, 0, 0, 0, 0, 0, 0, 0, 1, 1, 0, 1, 1, 0, 2, 2, 0, 0, 1, 0, 0, 0, 0, 1, 0, 0, 2, 2, 2, 0, 0, 0, 0, 0, 0, 0, 0, 0, 2, 2, 3, 0, 2, 1, 2, 1, 4, 3, 6, 5, 3, 3, 2, 2, 4, 2, 649, 0, 0, 0, 0, 0, 0]",1,0.609624118269922,-1,0
4014,"[1, 4, 0, 1, 3, 6, 0, 4, 0, 1, 0, 0, 1, 0, 2, 0, 0, 0, 0, 0, 0, 0, 0, 0, 2, 0, 0, 0, 0, 0, 0, 0, 1, 1, 0, 1, 1, 0, 2, 2, 0, 0, 1, 0, 0, 0, 0, 1, 0, 0, 2, 2, 2, 0, 0, 0, 0, 0, 0, 0, 0, 0, 2, 2, 3, 0, 2, 1, 2, 1, 4, 3, 6, 5, 3, 3, 2, 2, 4, 2, 649, 0, 0, 0, 0, 0, 0]",-1,-7.592745040339418e-05,-1,0
4015,"[1, 4, 0, 1, 3, 6, 0, 4, 0, 1, 0, 0, 1, 0, 2, 0, 0, 0, 0, 0, 0, 0, 0, 0, 2, 0, 0, 0, 0, 0, 0, 0, 1, 1, 0, 1, 1, 0, 2, 2, 0, 0, 1, 0, 0, 0, 0, 1, 0, 0, 2, 2, 2, 0, 0, 0, 0, 0, 0, 0, 0, 0, 2, 2, 3, 0, 2, 1, 2, 1, 4, 3, 6, 5, 3, 3, 2, 2, 4, 2, 649, 1, 0, 0, 0, 0, 0]",3,0.20000000317030536,-1,0
4016,"[1, 4, 0, 1, 3, 6, 0, 4, 0, 1, 0, 0, 1, 0, 2, 0, 0, 0, 0, 0, 0, 0, 0, 0, 2, 0, 0, 0, 0, 0, 0, 0, 1, 1, 0, 1, 1, 0, 2, 2, 0, 0, 1, 0, 0, 0, 0, 1, 0, 0, 2, 2, 2, 0, 0, 0, 0, 0, 0, 0, 0, 0, 2, 2, 3, 0, 2, 1, 2, 1, 4, 3, 6, 5, 3, 3, 2, 2, 4, 2, 649, 0, 0, 0, 0, 0, 0]",-1,-7.592745040339418e-05,-1,0
4017,"[1, 4, 0, 1, 3, 6, 0, 4, 0, 1, 0, 0, 1, 0, 2, 0, 0, 0, 0, 0, 0, 0, 0, 0, 2, 0, 0, 0, 0, 0, 0, 0, 1, 1, 0, 1, 1, 0, 2, 2, 0, 0, 1, 0, 0, 0, 0, 1, 0, 0, 2, 2, 2, 0, 0, 0, 0, 0, 0, 0, 0, 0, 2, 2, 3, 0, 2, 1, 2, 1, 4, 3, 6, 5, 3, 3, 2, 2, 4, 2, 649, 0, 0, 0, 0, 0, 0]",1,0.609624118269922,-1,0
4018,"[1, 4, 0, 1, 3, 6, 0, 4, 0, 1, 0, 0, 1, 0, 2, 0, 0, 0, 0, 0, 0, 0, 0, 0, 2, 0, 0, 0, 0, 0, 0, 0, 1, 1, 0, 1, 1, 0, 2, 2, 0, 0, 1, 0, 0, 0, 0, 1, 0, 0, 2, 2, 2, 0, 0, 0, 0, 0, 0, 0, 0, 0, 2, 2, 3, 0, 2, 1, 2, 1, 4, 3, 6, 5, 3, 3, 2, 2, 4, 2, 649, 0, 0, 0, 0, 0, 0]",-1,-7.592745040339418e-05,-1,0
4019,"[1, 4, 0, 1, 3, 6, 0, 4, 0, 1, 0, 0, 1, 0, 2, 0, 0, 0, 0, 0, 0, 0, 0, 0, 2, 0, 0, 0, 0, 0, 0, 0, 1, 1, 0, 1, 1, 0, 2, 2, 0, 0, 1, 0, 0, 0, 0, 1, 0, 0, 2, 2, 2, 0, 0, 0, 0, 0, 0, 0, 0, 0, 2, 2, 3, 0, 2, 1, 2, 1, 4, 3, 6, 5, 3, 3, 2, 2, 4, 2, 649, 0, 1, 0, 0, 0, 0]",2,0.4000000031703053,-1,0
4020,"[1, 4, 0, 1, 3, 6, 0, 4, 0, 1, 0, 0, 1, 0, 2, 0, 0, 0, 0, 0, 0, 0, 0, 0, 2, 0, 0, 0, 0, 0, 0, 0, 1, 1, 0, 1, 1, 0, 2, 2, 0, 0, 1, 0, 0, 0, 0, 1, 0, 0, 2, 2, 2, 0, 0, 0, 0, 0, 0, 0, 0, 0, 2, 2, 3, 0, 2, 1, 2, 1, 4, 3, 6, 5, 3, 3, 2, 2, 4, 2, 649, 0, 0, 0, 0, 0, 0]",-1,-7.592745040339418e-05,-1,0
4021,"[1, 5, 0, 1, 3, 7, 0, 4, 0, 1, 0, 0, 1, 0, 2, 0, 0, 0, 0, 0, 0, 0, 0, 0, 2, 0, 0, 0, 0, 0, 0, 0, 1, 1, 0, 1, 1, 0, 2, 2, 0, 0, 1, 0, 0, 0, 0, 1, 0, 0, 2, 2, 2, 0, 0, 0, 0, 0, 0, 0, 0, 0, 2, 2, 3, 0, 2, 1, 2, 1, 4, 3, 6, 5, 3, 3, 2, 2, 4, 2, 650, 0, 0, 0, 0, 0, 0]",4,13.836775119339736,-1,0
4022,"[1, 5, 0, 1, 3, 7, 0, 4, 0, 1, 0, 0, 1, 0, 2, 0, 0, 0, 0, 0, 0, 0, 0, 0, 2, 0, 0, 0, 0, 0, 0, 0, 1, 1, 0, 1, 1, 0, 2, 2, 0, 0, 1, 0, 0, 0, 0, 1, 0, 0, 2, 2, 2, 0, 0, 0, 0, 0, 0, 0, 0, 0, 2, 2, 3, 0, 2, 1, 2, 1, 4, 3, 6, 5, 3, 3, 2, 2, 4, 2, 650, 1, 0, 0, 0, 0, 0]",3,0.2000000030459959,-1,1
4023,"[1, 5, 0, 1, 3, 7, 0, 4, 0, 1, 0, 0, 1, 0, 2, 0, 0, 0, 0, 0, 0, 0, 0, 0, 2, 0, 0, 0, 0, 0, 0, 0, 1, 1, 0, 1, 1, 0, 2, 2, 0, 0, 1, 0, 0, 0, 0, 1, 0, 0, 2, 2, 2, 0, 0, 0, 0, 0, 0, 0, 0, 0, 2, 2, 3, 0, 2, 1, 2, 1, 4, 3, 6, 5, 3, 3, 2, 2, 4, 2, 650, 0, 0, 0, 0, 0, 0]",-1,-7.517195964887862e-05,-1,1
4024,"[1, 5, 0, 1, 3, 8, 0, 4, 0, 1, 0, 0, 1, 0, 2, 0, 0, 0, 0, 0, 0, 0, 0, 0, 2, 0, 0, 0, 0, 0, 0, 0, 1, 1, 0, 1, 1, 0, 2, 2, 0, 0, 1, 0, 0, 0, 0, 1, 0, 0, 2, 2, 2, 0, 0, 0, 0, 0, 0, 0, 0, 0, 2, 2, 3, 0, 2, 1, 2, 1, 4, 3, 6, 5, 3, 3, 2, 2, 4, 2, 651, 0, 0, 0, 0, 0, 0]",4,12.576079851728643,-1,1
4025,"[1, 5, 0, 1, 3, 9, 0, 4, 0, 1, 0, 0, 1, 0, 2, 0, 0, 0, 0, 0, 0, 0, 0, 0, 2, 0, 0, 0, 0, 0, 0, 0, 1, 1, 0, 1, 1, 0, 2, 2, 0, 0, 1, 0, 0, 0, 0, 1, 0, 0, 2, 2, 2, 0, 0, 0, 0, 0, 0, 0, 0, 0, 2, 2, 3, 0, 2, 1, 2, 1, 4, 3, 6, 5, 3, 3, 2, 2, 4, 2, 652, 0, 0, 0, 0, 0, 0]",4,13.836772112177046,-1,0
4026,"[1, 5, 0, 1, 3, 9, 0, 4, 0, 1, 0, 0, 1, 0, 2, 0, 0, 0, 0, 0, 0, 0, 0, 0, 2, 0, 0, 0, 0, 0, 0, 0, 1, 1, 0, 1, 1, 0, 2, 2, 0, 0, 1, 0, 0, 0, 0, 1, 0, 0, 2, 2, 2, 0, 0, 0, 0, 0, 0, 0, 0, 0, 2, 2, 3, 0, 2, 1, 2, 1, 4, 3, 6, 5, 3, 3, 2, 2, 4, 2, 652, 0, 1, 0, 0, 0, 0]",2,0.4000000028118086,-1,1
4027,"[1, 5, 0, 1, 3, 9, 0, 4, 0, 1, 0, 0, 1, 0, 2, 0, 0, 0, 0, 0, 0, 0, 0, 0, 2, 0, 0, 0, 0, 0, 0, 0, 1, 1, 0, 1, 1, 0, 2, 2, 0, 0, 1, 0, 0, 0, 0, 1, 0, 0, 2, 2, 2, 0, 0, 0, 0, 0, 0, 0, 0, 0, 2, 2, 3, 0, 2, 1, 2, 1, 4, 3, 6, 5, 3, 3, 2, 2, 4, 2, 652, 0, 1, 0, 0, 1, 0]","[[1 1 0 1]
 [1 1 0 1]]",0.6504248678698995,-1,1
4028,"[1, 5, 0, 1, 3, 9, 0, 4, 0, 1, 0, 0, 1, 0, 2, 0, 0, 0, 0, 0, 0, 0, 0, 0, 2, 0, 0, 0, 0, 0, 0, 0, 1, 1, 0, 1, 1, 0, 2, 2, 0, 0, 1, 0, 0, 0, 0, 1, 0, 0, 2, 2, 2, 0, 0, 0, 0, 0, 0, 0, 0, 0, 2, 2, 3, 0, 2, 1, 2, 1, 4, 3, 6, 5, 3, 3, 2, 2, 4, 2, 652, 0, 0, 0, 0, 0, 0]",0,-0.1999999971881914,-1,0
4029,"[1, 5, 0, 1, 3, 9, 0, 4, 0, 1, 0, 0, 1, 0, 2, 0, 0, 0, 0, 0, 0, 0, 0, 0, 2, 0, 0, 0, 0, 0, 0, 0, 1, 1, 0, 1, 1, 0, 2, 2, 0, 0, 1, 0, 0, 0, 0, 1, 0, 0, 2, 2, 2, 0, 0, 0, 0, 0, 0, 0, 0, 0, 2, 2, 3, 0, 2, 1, 2, 1, 4, 3, 6, 5, 3, 3, 2, 2, 4, 2, 652, 0, 1, 0, 0, 0, 0]",2,0.4000000028118086,-1,1
4030,"[1, 5, 0, 1, 3, 9, 0, 4, 0, 1, 0, 0, 1, 0, 2, 0, 0, 0, 0, 0, 0, 0, 0, 0, 2, 0, 0, 0, 0, 0, 0, 0, 1, 1, 0, 1, 1, 0, 2, 2, 0, 0, 1, 0, 0, 0, 0, 1, 0, 0, 2, 2, 2, 0, 0, 0, 0, 0, 0, 0, 0, 0, 2, 2, 3, 0, 2, 1, 2, 1, 4, 3, 6, 5, 3, 3, 2, 2, 4, 2, 652, 0, 1, 0, 0, 1, 0]","[[1 2 0 2]
 [1 1 0 1]]",-0.17611567270762105,-1,1
4031,"[1, 5, 0, 1, 3, 9, 0, 4, 0, 1, 0, 0, 1, 0, 2, 0, 0, 0, 0, 0, 0, 0, 0, 0, 2, 0, 0, 0, 0, 0, 0, 0, 1, 1, 0, 1, 1, 0, 2, 2, 0, 0, 1, 0, 0, 0, 0, 1, 0, 0, 2, 2, 2, 0, 0, 0, 0, 0, 0, 0, 0, 0, 2, 2, 3, 0, 2, 1, 2, 1, 4, 3, 6, 5, 3, 3, 2, 2, 4, 2, 652, 0, 0, 0, 0, 0, 0]",1,-0.1999999971881914,-1,0
4032,"[1, 5, 0, 1, 3, 9, 0, 4, 0, 1, 0, 0, 1, 0, 2, 0, 0, 0, 0, 0, 0, 0, 0, 0, 2, 0, 0, 0, 0, 0, 0, 0, 1, 1, 0, 1, 1, 0, 2, 2, 0, 0, 1, 0, 0, 0, 0, 1, 0, 0, 2, 2, 2, 0, 0, 0, 0, 0, 0, 0, 0, 0, 2, 2, 3, 0, 2, 1, 2, 1, 4, 3, 6, 5, 3, 3, 2, 2, 4, 2, 652, 0, 0, 0, 0, 0, 0]",-1,-7.368345511769974e-05,-1,1
4033,"[1, 5, 0, 1, 3, 10, 0, 4, 0, 1, 0, 0, 1, 0, 2, 0, 0, 0, 0, 0, 0, 0, 0, 0, 2, 0, 0, 0, 0, 0, 0, 0, 1, 1, 0, 1, 1, 0, 2, 2, 0, 0, 1, 0, 0, 0, 0, 1, 0, 0, 2, 2, 2, 0, 0, 0, 0, 0, 0, 0, 0, 0, 2, 2, 3, 0, 2, 1, 2, 1, 4, 3, 6, 5, 3, 3, 2, 2, 4, 2, 653, 0, 0, 0, 0, 0, 0]",4,12.507297836609775,-1,1
4034,"[1, 5, 0, 1, 3, 10, 0, 4, 0, 1, 0, 0, 1, 0, 2, 0, 0, 0, 0, 0, 0, 0, 0, 0, 2, 0, 0, 0, 0, 0, 0, 0, 1, 1, 0, 1, 1, 0, 2, 2, 0, 0, 1, 0, 0, 0, 0, 1, 0, 0, 2, 2, 2, 0, 0, 0, 0, 0, 0, 0, 0, 0, 2, 2, 3, 0, 2, 1, 2, 1, 4, 3, 6, 5, 3, 3, 2, 2, 4, 2, 653, 0, 0, 0, 0, 0, 0]",1,0.6096241178011728,-1,0
4035,"[1, 5, 0, 1, 3, 10, 0, 4, 0, 1, 0, 0, 1, 0, 2, 0, 0, 0, 0, 0, 0, 0, 0, 0, 2, 0, 0, 0, 0, 0, 0, 0, 1, 1, 0, 1, 1, 0, 2, 2, 0, 0, 1, 0, 0, 0, 0, 1, 0, 0, 2, 2, 2, 0, 0, 0, 0, 0, 0, 0, 0, 0, 2, 2, 3, 0, 2, 1, 2, 1, 4, 3, 6, 5, 3, 3, 2, 2, 4, 2, 653, 0, 0, 0, 0, 0, 0]",-1,-7.295029248934292e-05,-1,0
4036,"[1, 5, 0, 1, 3, 10, 0, 4, 0, 1, 0, 0, 1, 0, 2, 0, 0, 0, 0, 0, 0, 0, 0, 0, 2, 0, 0, 0, 0, 0, 0, 0, 1, 1, 0, 1, 1, 0, 2, 2, 0, 0, 1, 0, 0, 0, 0, 1, 0, 0, 2, 2, 2, 0, 0, 0, 0, 0, 0, 0, 0, 0, 2, 2, 3, 0, 2, 1, 2, 1, 4, 3, 6, 5, 3, 3, 2, 2, 4, 2, 653, 1, 0, 0, 0, 0, 0]",3,0.20000000270155602,-1,0
4037,"[1, 5, 0, 1, 3, 10, 0, 4, 0, 1, 0, 0, 1, 0, 2, 0, 0, 0, 0, 0, 0, 0, 0, 0, 2, 0, 0, 0, 0, 0, 0, 0, 1, 1, 0, 1, 1, 0, 2, 2, 0, 0, 1, 0, 0, 0, 0, 1, 0, 0, 2, 2, 2, 0, 0, 0, 0, 0, 0, 0, 0, 0, 2, 2, 3, 0, 2, 1, 2, 1, 4, 3, 6, 5, 3, 3, 2, 2, 4, 2, 653, 0, 0, 0, 0, 0, 0]",-1,-7.295029248934292e-05,-1,0
4038,"[1, 5, 0, 1, 3, 10, 0, 4, 0, 1, 0, 0, 1, 0, 2, 0, 0, 0, 0, 0, 0, 0, 0, 0, 2, 0, 0, 0, 0, 0, 0, 0, 1, 1, 0, 1, 1, 0, 2, 2, 0, 0, 1, 0, 0, 0, 0, 1, 0, 0, 2, 2, 2, 0, 0, 0, 0, 0, 0, 0, 0, 0, 2, 2, 3, 0, 2, 1, 2, 1, 4, 3, 6, 5, 3, 3, 2, 2, 4, 2, 653, 1, 0, 0, 0, 0, 0]",3,0.20000000270155602,-1,0
4039,"[1, 5, 0, 1, 3, 10, 0, 4, 0, 1, 0, 0, 1, 0, 2, 0, 0, 0, 0, 0, 0, 0, 0, 0, 2, 0, 0, 0, 0, 0, 0, 0, 1, 1, 0, 1, 1, 0, 2, 2, 0, 0, 1, 0, 0, 0, 0, 1, 0, 0, 2, 2, 2, 0, 0, 0, 0, 0, 0, 0, 0, 0, 2, 2, 3, 0, 2, 1, 2, 1, 4, 3, 6, 5, 3, 3, 2, 2, 4, 2, 653, 0, 0, 0, 0, 0, 0]",-1,-7.295029248934292e-05,-1,0
4040,"[1, 5, 0, 1, 3, 10, 0, 4, 0, 1, 0, 0, 1, 0, 2, 0, 0, 0, 0, 0, 0, 0, 0, 0, 2, 0, 0, 0, 0, 0, 0, 0, 1, 1, 0, 1, 1, 0, 2, 2, 0, 0, 1, 0, 0, 0, 0, 1, 0, 0, 2, 2, 2, 0, 0, 0, 0, 0, 0, 0, 0, 0, 2, 2, 3, 0, 2, 1, 2, 1, 4, 3, 6, 5, 3, 3, 2, 2, 4, 2, 653, 0, 0, 0, 0, 0, 0]",1,0.6096241178011728,-1,0
4041,"[1, 5, 0, 1, 3, 10, 0, 4, 0, 1, 0, 0, 1, 0, 2, 0, 0, 0, 0, 0, 0, 0, 0, 0, 2, 0, 0, 0, 0, 0, 0, 0, 1, 1, 0, 1, 1, 0, 2, 2, 0, 0, 1, 0, 0, 0, 0, 1, 0, 0, 2, 2, 2, 0, 0, 0, 0, 0, 0, 0, 0, 0, 2, 2, 3, 0, 2, 1, 2, 1, 4, 3, 6, 5, 3, 3, 2, 2, 4, 2, 653, 0, 0, 0, 0, 0, 0]",-1,-7.295029248934292e-05,-1,0
4042,"[1, 5, 0, 1, 3, 10, 0, 4, 0, 1, 0, 0, 1, 0, 2, 0, 0, 0, 0, 0, 0, 0, 0, 0, 2, 0, 0, 0, 0, 0, 0, 0, 1, 1, 0, 1, 1, 0, 2, 2, 0, 0, 1, 0, 0, 0, 0, 1, 0, 0, 2, 2, 2, 0, 0, 0, 0, 0, 0, 0, 0, 0, 2, 2, 3, 0, 2, 1, 2, 1, 4, 3, 6, 5, 3, 3, 2, 2, 4, 2, 653, 0, 1, 0, 0, 0, 0]",2,0.400000002701556,-1,0
4043,"[1, 5, 0, 1, 3, 10, 0, 4, 0, 1, 0, 0, 1, 0, 2, 0, 0, 0, 0, 0, 0, 0, 0, 0, 2, 0, 0, 0, 0, 0, 0, 0, 1, 1, 0, 1, 1, 0, 2, 2, 0, 0, 1, 0, 0, 0, 0, 1, 0, 0, 2, 2, 2, 0, 0, 0, 0, 0, 0, 0, 0, 0, 2, 2, 3, 0, 2, 1, 2, 1, 4, 3, 6, 5, 3, 3, 2, 2, 4, 2, 653, 0, 0, 0, 0, 0, 0]",-1,-7.295029248934292e-05,-1,0
4044,"[1, 5, 0, 1, 3, 10, 0, 4, 0, 1, 0, 0, 1, 0, 2, 0, 0, 0, 0, 0, 0, 0, 0, 0, 2, 0, 0, 0, 0, 0, 0, 0, 1, 1, 0, 1, 1, 0, 2, 2, 0, 0, 1, 0, 0, 0, 0, 1, 0, 0, 2, 2, 2, 0, 0, 0, 0, 0, 0, 0, 0, 0, 2, 2, 3, 0, 2, 1, 2, 1, 4, 3, 6, 5, 3, 3, 2, 2, 4, 2, 653, 0, 0, 0, 0, 0, 0]",1,0.6096241178011728,-1,0
4045,"[1, 5, 0, 1, 3, 10, 0, 4, 0, 1, 0, 0, 1, 0, 2, 0, 0, 0, 0, 0, 0, 0, 0, 0, 2, 0, 0, 0, 0, 0, 0, 0, 1, 1, 0, 1, 1, 0, 2, 2, 0, 0, 1, 0, 0, 0, 0, 1, 0, 0, 2, 2, 2, 0, 0, 0, 0, 0, 0, 0, 0, 0, 2, 2, 3, 0, 2, 1, 2, 1, 4, 3, 6, 5, 3, 3, 2, 2, 4, 2, 653, 0, 0, 0, 0, 0, 0]",-1,-7.295029248934292e-05,-1,0
4046,"[1, 5, 0, 1, 3, 10, 0, 4, 0, 1, 0, 0, 1, 0, 2, 0, 0, 0, 0, 0, 0, 0, 0, 0, 2, 0, 0, 0, 0, 0, 0, 0, 1, 1, 0, 1, 1, 0, 2, 2, 0, 0, 1, 0, 0, 0, 0, 1, 0, 0, 2, 2, 2, 0, 0, 0, 0, 0, 0, 0, 0, 0, 2, 2, 3, 0, 2, 1, 2, 1, 4, 3, 6, 5, 3, 3, 2, 2, 4, 2, 653, 0, 0, 0, 0, 0, 0]",1,0.6096241178011728,-1,0
4047,"[1, 5, 0, 1, 3, 10, 0, 4, 0, 1, 0, 0, 1, 0, 2, 0, 0, 0, 0, 0, 0, 0, 0, 0, 2, 0, 0, 0, 0, 0, 0, 0, 1, 1, 0, 1, 1, 0, 2, 2, 0, 0, 1, 0, 0, 0, 0, 1, 0, 0, 2, 2, 2, 0, 0, 0, 0, 0, 0, 0, 0, 0, 2, 2, 3, 0, 2, 1, 2, 1, 4, 3, 6, 5, 3, 3, 2, 2, 4, 2, 653, 0, 0, 0, 0, 0, 0]",-1,-7.295029248934292e-05,-1,0
4048,"[1, 5, 0, 1, 3, 10, 0, 4, 0, 1, 0, 0, 1, 0, 2, 0, 0, 0, 0, 0, 0, 0, 0, 0, 2, 0, 0, 0, 0, 0, 0, 0, 1, 1, 0, 1, 1, 0, 2, 2, 0, 0, 1, 0, 0, 0, 0, 1, 0, 0, 2, 2, 2, 0, 0, 0, 0, 0, 0, 0, 0, 0, 2, 2, 3, 0, 2, 1, 2, 1, 4, 3, 6, 5, 3, 3, 2, 2, 4, 2, 653, 1, 0, 0, 0, 0, 0]",3,0.20000000270155602,-1,0
4049,"[1, 5, 0, 1, 3, 10, 0, 4, 0, 1, 0, 0, 1, 0, 2, 0, 0, 0, 0, 0, 0, 0, 0, 0, 2, 0, 0, 0, 0, 0, 0, 0, 1, 1, 0, 1, 1, 0, 2, 2, 0, 0, 1, 0, 0, 0, 0, 1, 0, 0, 2, 2, 2, 0, 0, 0, 0, 0, 0, 0, 0, 0, 2, 2, 3, 0, 2, 1, 2, 1, 4, 3, 6, 5, 3, 3, 2, 2, 4, 2, 653, 0, 0, 0, 0, 0, 0]",-1,-7.295029248934292e-05,-1,0
4050,"[1, 5, 0, 1, 3, 10, 0, 4, 0, 1, 0, 0, 1, 0, 2, 0, 0, 0, 0, 0, 0, 0, 0, 0, 2, 0, 0, 0, 0, 0, 0, 0, 1, 1, 0, 1, 1, 0, 2, 2, 0, 0, 1, 0, 0, 0, 0, 1, 0, 0, 2, 2, 2, 0, 0, 0, 0, 0, 0, 0, 0, 0, 2, 2, 3, 0, 2, 1, 2, 1, 4, 3, 6, 5, 3, 3, 2, 2, 4, 2, 653, 1, 0, 0, 0, 0, 0]",3,0.20000000270155602,-1,0
4051,"[1, 5, 0, 1, 3, 10, 0, 4, 0, 1, 0, 0, 1, 0, 2, 0, 0, 0, 0, 0, 0, 0, 0, 0, 2, 0, 0, 0, 0, 0, 0, 0, 1, 1, 0, 1, 1, 0, 2, 2, 0, 0, 1, 0, 0, 0, 0, 1, 0, 0, 2, 2, 2, 0, 0, 0, 0, 0, 0, 0, 0, 0, 2, 2, 3, 0, 2, 1, 2, 1, 4, 3, 6, 5, 3, 3, 2, 2, 4, 2, 653, 0, 0, 0, 0, 0, 0]",-1,-7.295029248934292e-05,-1,0
4052,"[1, 5, 0, 1, 3, 10, 0, 4, 0, 1, 0, 0, 1, 0, 2, 0, 0, 0, 0, 0, 0, 0, 0, 0, 2, 0, 0, 0, 0, 0, 0, 0, 1, 1, 0, 1, 1, 0, 2, 2, 0, 0, 1, 0, 0, 0, 0, 1, 0, 0, 2, 2, 2, 0, 0, 0, 0, 0, 0, 0, 0, 0, 2, 2, 3, 0, 2, 1, 2, 1, 4, 3, 6, 5, 3, 3, 2, 2, 4, 2, 653, 1, 0, 0, 0, 0, 0]",3,0.20000000270155602,-1,0
4053,"[1, 5, 0, 1, 3, 10, 0, 4, 0, 1, 0, 0, 1, 0, 2, 0, 0, 0, 0, 0, 0, 0, 0, 0, 2, 0, 0, 0, 0, 0, 0, 0, 1, 1, 0, 1, 1, 0, 2, 2, 0, 0, 1, 0, 0, 0, 0, 1, 0, 0, 2, 2, 2, 0, 0, 0, 0, 0, 0, 0, 0, 0, 2, 2, 3, 0, 2, 1, 2, 1, 4, 3, 6, 5, 3, 3, 2, 2, 4, 2, 653, 0, 0, 0, 0, 0, 0]",-1,-7.295029248934292e-05,-1,0
4054,"[1, 5, 0, 1, 3, 10, 0, 4, 0, 1, 0, 0, 1, 0, 2, 0, 0, 0, 0, 0, 0, 0, 0, 0, 2, 0, 0, 0, 0, 0, 0, 0, 1, 1, 0, 1, 1, 0, 2, 2, 0, 0, 1, 0, 0, 0, 0, 1, 0, 0, 2, 2, 2, 0, 0, 0, 0, 0, 0, 0, 0, 0, 2, 2, 3, 0, 2, 1, 2, 1, 4, 3, 6, 5, 3, 3, 2, 2, 4, 2, 653, 1, 0, 0, 0, 0, 0]",3,0.20000000270155602,-1,0
4055,"[1, 5, 0, 1, 3, 10, 0, 4, 0, 1, 0, 0, 1, 0, 2, 0, 0, 0, 0, 0, 0, 0, 0, 0, 2, 0, 0, 0, 0, 0, 0, 0, 1, 1, 0, 1, 1, 0, 2, 2, 0, 0, 1, 0, 0, 0, 0, 1, 0, 0, 2, 2, 2, 0, 0, 0, 0, 0, 0, 0, 0, 0, 2, 2, 3, 0, 2, 1, 2, 1, 4, 3, 6, 5, 3, 3, 2, 2, 4, 2, 653, 0, 0, 0, 0, 0, 0]",-1,-7.295029248934292e-05,-1,0
4056,"[1, 5, 0, 1, 3, 10, 0, 4, 0, 1, 0, 0, 1, 0, 2, 0, 0, 0, 0, 0, 0, 0, 0, 0, 2, 0, 0, 0, 0, 0, 0, 0, 1, 1, 0, 1, 1, 0, 2, 2, 0, 0, 1, 0, 0, 0, 0, 1, 0, 0, 2, 2, 2, 0, 0, 0, 0, 0, 0, 0, 0, 0, 2, 2, 3, 0, 2, 1, 2, 1, 4, 3, 6, 5, 3, 3, 2, 2, 4, 2, 653, 0, 0, 0, 0, 0, 0]",1,0.6096241178011728,-1,0
4057,"[1, 5, 0, 1, 3, 10, 0, 4, 0, 1, 0, 0, 1, 0, 2, 0, 0, 0, 0, 0, 0, 0, 0, 0, 2, 0, 0, 0, 0, 0, 0, 0, 1, 1, 0, 1, 1, 0, 2, 2, 0, 0, 1, 0, 0, 0, 0, 1, 0, 0, 2, 2, 2, 0, 0, 0, 0, 0, 0, 0, 0, 0, 2, 2, 3, 0, 2, 1, 2, 1, 4, 3, 6, 5, 3, 3, 2, 2, 4, 2, 653, 0, 0, 0, 0, 0, 0]",-1,-7.295029248934292e-05,-1,0
4058,"[1, 5, 0, 1, 5, 10, 0, 4, 0, 1, 0, 0, 1, 0, 2, 0, 0, 0, 0, 0, 0, 0, 0, 0, 2, 0, 0, 0, 0, 0, 0, 0, 1, 1, 0, 1, 1, 0, 2, 2, 0, 0, 1, 0, 0, 0, 0, 1, 0, 0, 2, 2, 2, 0, 0, 0, 0, 0, 0, 0, 0, 0, 2, 2, 3, 0, 2, 1, 2, 1, 4, 3, 6, 5, 3, 3, 2, 2, 4, 2, 654, 0, 0, 0, 0, 0, 0]",4,13.836769164573537,-1,0
4059,"[1, 5, 0, 1, 5, 10, 0, 4, 0, 1, 0, 0, 1, 0, 2, 0, 0, 0, 0, 0, 0, 0, 0, 0, 2, 0, 0, 0, 0, 0, 0, 0, 1, 1, 0, 1, 1, 0, 2, 2, 0, 0, 1, 0, 0, 0, 0, 1, 0, 0, 2, 2, 2, 0, 0, 0, 0, 0, 0, 0, 0, 0, 2, 2, 3, 0, 2, 1, 2, 1, 4, 3, 6, 5, 3, 3, 2, 2, 4, 2, 654, 0, 0, 0, 0, 0, 0]",0,0.29497474942620977,-1,1
4060,"[1, 5, 0, 1, 5, 10, 0, 4, 0, 1, 0, 0, 1, 0, 2, 0, 0, 0, 0, 0, 0, 0, 0, 0, 2, 0, 0, 0, 0, 0, 0, 0, 1, 1, 0, 1, 1, 0, 2, 2, 0, 0, 1, 0, 0, 0, 0, 1, 0, 0, 2, 2, 2, 0, 0, 0, 0, 0, 0, 0, 0, 0, 2, 2, 3, 0, 2, 1, 2, 1, 4, 3, 6, 5, 3, 3, 2, 2, 4, 2, 654, 0, 0, 0, 0, 0, 0]",-1,-7.222442495102717e-05,-1,1
4061,"[1, 5, 0, 1, 5, 10, 0, 4, 0, 1, 0, 0, 1, 0, 2, 0, 0, 0, 0, 0, 0, 0, 0, 0, 2, 0, 0, 0, 0, 0, 0, 0, 1, 1, 0, 1, 1, 0, 2, 2, 0, 0, 1, 0, 0, 0, 0, 1, 0, 0, 2, 2, 2, 0, 0, 0, 0, 0, 0, 0, 0, 0, 2, 2, 3, 0, 2, 1, 2, 1, 4, 3, 6, 5, 3, 3, 2, 2, 4, 2, 655, 0, 0, 0, 0, 0, 0]",4,12.569312503201001,-1,1
4062,"[1, 5, 0, 1, 5, 10, 0, 4, 0, 1, 0, 0, 1, 0, 2, 0, 0, 0, 0, 0, 0, 0, 0, 0, 2, 0, 0, 0, 0, 0, 0, 0, 1, 1, 0, 1, 1, 0, 2, 2, 0, 0, 1, 0, 0, 0, 0, 1, 0, 0, 2, 2, 2, 0, 0, 0, 0, 0, 0, 0, 0, 0, 2, 2, 3, 0, 2, 1, 2, 1, 4, 3, 6, 5, 3, 3, 2, 2, 4, 2, 655, 0, 1, 0, 0, 0, 0]",2,0.4000000024938505,-1,0
4063,"[1, 5, 0, 1, 5, 10, 0, 4, 0, 1, 0, 0, 1, 0, 2, 0, 0, 0, 0, 0, 0, 0, 0, 0, 2, 0, 0, 0, 0, 0, 0, 0, 1, 1, 0, 1, 1, 0, 2, 2, 0, 0, 1, 0, 0, 0, 0, 1, 0, 0, 2, 2, 2, 0, 0, 0, 0, 0, 0, 0, 0, 0, 2, 2, 3, 0, 2, 1, 2, 1, 4, 3, 6, 5, 3, 3, 2, 2, 4, 2, 655, 0, 0, 0, 0, 0, 0]",-1,-7.150577991539373e-05,-1,0
4064,"[1, 5, 0, 1, 5, 10, 0, 4, 0, 1, 0, 0, 1, 0, 2, 0, 0, 0, 0, 0, 0, 0, 0, 0, 2, 0, 0, 0, 0, 0, 0, 0, 1, 1, 0, 1, 1, 0, 2, 2, 0, 0, 1, 0, 0, 0, 0, 1, 0, 0, 2, 2, 2, 0, 0, 0, 0, 0, 0, 0, 0, 0, 2, 2, 3, 0, 2, 1, 2, 1, 4, 3, 6, 5, 3, 3, 2, 2, 4, 2, 655, 0, 1, 0, 0, 0, 0]",2,0.4000000024938505,-1,0
4065,"[1, 5, 0, 1, 5, 10, 0, 4, 0, 1, 0, 0, 1, 0, 2, 0, 0, 0, 0, 0, 0, 0, 0, 0, 2, 0, 0, 0, 0, 0, 0, 0, 1, 1, 0, 1, 1, 0, 2, 2, 0, 0, 1, 0, 0, 0, 0, 1, 0, 0, 2, 2, 2, 0, 0, 0, 0, 0, 0, 0, 0, 0, 2, 2, 3, 0, 2, 1, 2, 1, 4, 3, 6, 5, 3, 3, 2, 2, 4, 2, 655, 0, 0, 0, 0, 0, 0]",-1,-7.150577991539373e-05,-1,0
4066,"[1, 5, 0, 1, 5, 10, 0, 4, 0, 1, 0, 0, 1, 0, 2, 0, 0, 0, 0, 0, 0, 0, 0, 0, 2, 0, 0, 0, 0, 0, 0, 0, 1, 1, 0, 1, 1, 0, 2, 2, 0, 0, 1, 0, 0, 0, 0, 1, 0, 0, 2, 2, 2, 0, 0, 0, 0, 0, 0, 0, 0, 0, 2, 2, 3, 0, 2, 1, 2, 1, 4, 3, 6, 5, 3, 3, 2, 2, 4, 2, 656, 0, 0, 0, 0, 0, 0]",4,13.836766275348825,-1,0
4067,"[1, 5, 0, 1, 5, 10, 0, 4, 0, 1, 0, 0, 1, 0, 2, 0, 0, 0, 0, 0, 0, 0, 0, 0, 2, 0, 0, 0, 0, 0, 0, 0, 1, 1, 0, 1, 1, 0, 2, 2, 0, 0, 1, 0, 0, 0, 0, 1, 0, 0, 2, 2, 2, 0, 0, 0, 0, 0, 0, 0, 0, 0, 2, 2, 3, 0, 2, 1, 2, 1, 4, 3, 6, 5, 3, 3, 2, 2, 4, 2, 656, 0, 0, 0, 0, 0, 0]",-1,-7.079428551734012e-05,-1,1
4068,"[1, 5, 0, 1, 5, 10, 0, 4, 0, 1, 0, 0, 1, 0, 2, 0, 0, 0, 0, 0, 0, 0, 0, 0, 2, 0, 0, 0, 0, 0, 0, 0, 1, 1, 0, 1, 1, 0, 2, 2, 0, 0, 1, 0, 0, 0, 0, 1, 0, 0, 2, 2, 2, 0, 0, 0, 0, 0, 0, 0, 0, 0, 2, 2, 3, 0, 2, 1, 2, 1, 4, 3, 6, 5, 3, 3, 2, 2, 4, 2, 656, 0, 0, 0, 0, 0, 0]",1,0.609624117495682,-1,1
4069,"[1, 5, 0, 1, 5, 10, 0, 4, 0, 1, 0, 0, 1, 0, 2, 0, 0, 0, 0, 0, 0, 0, 0, 0, 2, 0, 0, 0, 0, 0, 0, 0, 1, 1, 0, 1, 1, 0, 2, 2, 0, 0, 1, 0, 0, 0, 0, 1, 0, 0, 2, 2, 2, 0, 0, 0, 0, 0, 0, 0, 0, 0, 2, 2, 3, 0, 2, 1, 2, 1, 4, 3, 6, 5, 3, 3, 2, 2, 4, 2, 656, 0, 0, 0, 0, 0, 0]",-1,-7.079428551734012e-05,-1,1
4070,"[1, 6, 0, 1, 5, 11, 0, 4, 0, 1, 0, 0, 1, 0, 2, 0, 0, 0, 0, 0, 0, 0, 0, 0, 2, 0, 0, 0, 0, 0, 0, 0, 1, 1, 0, 1, 1, 0, 2, 2, 0, 0, 1, 0, 0, 0, 0, 1, 0, 0, 2, 2, 2, 0, 0, 0, 0, 0, 0, 0, 0, 0, 2, 2, 3, 0, 2, 1, 2, 1, 4, 3, 6, 5, 3, 3, 2, 2, 4, 2, 657, 0, 0, 0, 0, 0, 0]",4,12.543548454746965,-1,1
4071,"[1, 6, 0, 1, 5, 11, 0, 4, 0, 1, 0, 0, 1, 0, 2, 0, 0, 0, 0, 0, 0, 0, 0, 0, 2, 0, 0, 0, 0, 0, 0, 0, 1, 1, 0, 1, 1, 0, 2, 2, 0, 0, 1, 0, 0, 0, 0, 1, 0, 0, 2, 2, 2, 0, 0, 0, 0, 0, 0, 0, 0, 0, 2, 2, 3, 0, 2, 1, 2, 1, 4, 3, 6, 5, 3, 3, 2, 2, 4, 2, 657, 0, 1, 0, 0, 0, 0]",2,0.4000000023021142,-1,0
4072,"[1, 6, 0, 1, 5, 11, 0, 4, 0, 1, 0, 0, 1, 0, 2, 0, 0, 0, 0, 0, 0, 0, 0, 0, 2, 0, 0, 0, 0, 0, 0, 0, 1, 1, 0, 1, 1, 0, 2, 2, 0, 0, 1, 0, 0, 0, 0, 1, 0, 0, 2, 2, 2, 0, 0, 0, 0, 0, 0, 0, 0, 0, 2, 2, 3, 0, 2, 1, 2, 1, 4, 3, 6, 5, 3, 3, 2, 2, 4, 2, 657, 0, 0, 0, 0, 0, 0]",-1,-7.008987060683372e-05,-1,0
4073,"[1, 6, 0, 1, 5, 11, 0, 4, 0, 1, 0, 0, 1, 0, 2, 0, 0, 0, 0, 0, 0, 0, 0, 0, 2, 0, 0, 0, 0, 0, 0, 0, 1, 1, 0, 1, 1, 0, 2, 2, 0, 0, 1, 0, 0, 0, 0, 1, 0, 0, 2, 2, 2, 0, 0, 0, 0, 0, 0, 0, 0, 0, 2, 2, 3, 0, 2, 1, 2, 1, 4, 3, 6, 5, 3, 3, 2, 2, 4, 2, 657, 0, 0, 0, 0, 0, 0]",1,0.609624117401731,-1,0
4074,"[1, 6, 0, 1, 5, 11, 0, 4, 0, 1, 0, 0, 1, 0, 2, 0, 0, 0, 0, 0, 0, 0, 0, 0, 2, 0, 0, 0, 0, 0, 0, 0, 1, 1, 0, 1, 1, 0, 2, 2, 0, 0, 1, 0, 0, 0, 0, 1, 0, 0, 2, 2, 2, 0, 0, 0, 0, 0, 0, 0, 0, 0, 2, 2, 3, 0, 2, 1, 2, 1, 4, 3, 6, 5, 3, 3, 2, 2, 4, 2, 657, 0, 0, 0, 0, 0, 0]",-1,-7.008987060683372e-05,-1,0
4075,"[1, 6, 0, 1, 5, 11, 0, 4, 0, 1, 0, 0, 1, 0, 2, 0, 0, 0, 0, 0, 0, 0, 0, 0, 2, 0, 0, 0, 0, 0, 0, 0, 1, 1, 0, 1, 1, 0, 2, 2, 0, 0, 1, 0, 0, 0, 0, 1, 0, 0, 2, 2, 2, 0, 0, 0, 0, 0, 0, 0, 0, 0, 2, 2, 3, 0, 2, 1, 2, 1, 4, 3, 6, 5, 3, 3, 2, 2, 4, 2, 657, 0, 0, 0, 0, 0, 0]",1,0.609624117401731,-1,0
4076,"[1, 6, 0, 1, 5, 11, 0, 4, 0, 1, 0, 0, 1, 0, 2, 0, 0, 0, 0, 0, 0, 0, 0, 0, 2, 0, 0, 0, 0, 0, 0, 0, 1, 1, 0, 1, 1, 0, 2, 2, 0, 0, 1, 0, 0, 0, 0, 1, 0, 0, 2, 2, 2, 0, 0, 0, 0, 0, 0, 0, 0, 0, 2, 2, 3, 0, 2, 1, 2, 1, 4, 3, 6, 5, 3, 3, 2, 2, 4, 2, 657, 0, 0, 0, 0, 0, 0]",-1,-7.008987060683372e-05,-1,0
4077,"[1, 6, 0, 1, 5, 11, 0, 4, 0, 1, 0, 0, 1, 0, 2, 0, 0, 0, 0, 0, 0, 0, 0, 0, 2, 0, 0, 0, 0, 0, 0, 0, 1, 1, 0, 1, 1, 0, 2, 2, 0, 0, 1, 0, 0, 0, 0, 1, 0, 0, 2, 2, 2, 0, 0, 0, 0, 0, 0, 0, 0, 0, 2, 2, 3, 0, 2, 1, 2, 1, 4, 3, 6, 5, 3, 3, 2, 2, 4, 2, 657, 0, 0, 0, 0, 0, 0]",1,0.609624117401731,-1,0
4078,"[1, 6, 0, 1, 5, 11, 0, 4, 0, 1, 0, 0, 1, 0, 2, 0, 0, 0, 0, 0, 0, 0, 0, 0, 2, 0, 0, 0, 0, 0, 0, 0, 1, 1, 0, 1, 1, 0, 2, 2, 0, 0, 1, 0, 0, 0, 0, 1, 0, 0, 2, 2, 2, 0, 0, 0, 0, 0, 0, 0, 0, 0, 2, 2, 3, 0, 2, 1, 2, 1, 4, 3, 6, 5, 3, 3, 2, 2, 4, 2, 657, 0, 0, 0, 0, 0, 0]",-1,-7.008987060683372e-05,-1,0
4079,"[1, 6, 0, 1, 5, 11, 0, 4, 0, 1, 0, 0, 1, 0, 2, 0, 0, 0, 0, 0, 0, 0, 0, 0, 2, 0, 0, 0, 0, 0, 0, 0, 1, 1, 0, 1, 1, 0, 2, 2, 0, 0, 1, 0, 0, 0, 0, 1, 0, 0, 2, 2, 2, 0, 0, 0, 0, 0, 0, 0, 0, 0, 2, 2, 3, 0, 2, 1, 2, 1, 4, 3, 6, 5, 3, 3, 2, 2, 4, 2, 657, 1, 0, 0, 0, 0, 0]",3,0.2000000023021142,-1,0
4080,"[1, 6, 0, 1, 5, 11, 0, 4, 0, 1, 0, 0, 1, 0, 2, 0, 0, 0, 0, 0, 0, 0, 0, 0, 2, 0, 0, 0, 0, 0, 0, 0, 1, 1, 0, 1, 1, 0, 2, 2, 0, 0, 1, 0, 0, 0, 0, 1, 0, 0, 2, 2, 2, 0, 0, 0, 0, 0, 0, 0, 0, 0, 2, 2, 3, 0, 2, 1, 2, 1, 4, 3, 6, 5, 3, 3, 2, 2, 4, 2, 657, 0, 0, 0, 0, 0, 0]",-1,-7.008987060683372e-05,-1,0
4081,"[1, 6, 0, 1, 5, 11, 0, 4, 0, 1, 0, 0, 1, 0, 2, 0, 0, 0, 0, 0, 0, 0, 0, 0, 2, 0, 0, 0, 0, 0, 0, 0, 1, 1, 0, 1, 1, 0, 2, 2, 0, 0, 1, 0, 0, 0, 0, 1, 0, 0, 2, 2, 2, 0, 0, 0, 0, 0, 0, 0, 0, 0, 2, 2, 3, 0, 2, 1, 2, 1, 4, 3, 6, 5, 3, 3, 2, 2, 4, 2, 657, 0, 0, 0, 0, 0, 0]",1,0.609624117401731,-1,0
4082,"[1, 6, 0, 1, 5, 11, 0, 4, 0, 1, 0, 0, 1, 0, 2, 0, 0, 0, 0, 0, 0, 0, 0, 0, 2, 0, 0, 0, 0, 0, 0, 0, 1, 1, 0, 1, 1, 0, 2, 2, 0, 0, 1, 0, 0, 0, 0, 1, 0, 0, 2, 2, 2, 0, 0, 0, 0, 0, 0, 0, 0, 0, 2, 2, 3, 0, 2, 1, 2, 1, 4, 3, 6, 5, 3, 3, 2, 2, 4, 2, 657, 0, 0, 0, 0, 0, 0]",-1,-7.008987060683372e-05,-1,0
4083,"[1, 6, 0, 1, 5, 11, 0, 4, 0, 1, 0, 0, 1, 0, 2, 0, 0, 0, 0, 0, 0, 0, 0, 0, 2, 0, 0, 0, 0, 0, 0, 0, 1, 1, 0, 1, 1, 0, 2, 2, 0, 0, 1, 0, 0, 0, 0, 1, 0, 0, 2, 2, 2, 0, 0, 0, 0, 0, 0, 0, 0, 0, 2, 2, 3, 0, 2, 1, 2, 1, 4, 3, 6, 5, 3, 3, 2, 2, 4, 2, 657, 0, 0, 0, 0, 0, 0]",1,0.609624117401731,-1,0
4084,"[1, 6, 0, 1, 5, 11, 0, 4, 0, 1, 0, 0, 1, 0, 2, 0, 0, 0, 0, 0, 0, 0, 0, 0, 2, 0, 0, 0, 0, 0, 0, 0, 1, 1, 0, 1, 1, 0, 2, 2, 0, 0, 1, 0, 0, 0, 0, 1, 0, 0, 2, 2, 2, 0, 0, 0, 0, 0, 0, 0, 0, 0, 2, 2, 3, 0, 2, 1, 2, 1, 4, 3, 6, 5, 3, 3, 2, 2, 4, 2, 657, 0, 0, 0, 0, 0, 0]",-1,-7.008987060683372e-05,-1,0
4085,"[1, 6, 0, 1, 5, 11, 0, 4, 0, 1, 0, 0, 1, 0, 2, 0, 0, 0, 0, 0, 0, 0, 0, 0, 2, 0, 0, 0, 0, 0, 0, 0, 1, 1, 0, 1, 1, 0, 2, 2, 0, 0, 1, 0, 0, 0, 0, 1, 0, 0, 2, 2, 2, 0, 0, 0, 0, 0, 0, 0, 0, 0, 2, 2, 3, 0, 2, 1, 2, 1, 4, 3, 6, 5, 3, 3, 2, 2, 4, 2, 657, 0, 0, 0, 0, 0, 0]",1,0.609624117401731,-1,0
4086,"[1, 6, 0, 1, 5, 11, 0, 4, 0, 1, 0, 0, 1, 0, 2, 0, 0, 0, 0, 0, 0, 0, 0, 0, 2, 0, 0, 0, 0, 0, 0, 0, 1, 1, 0, 1, 1, 0, 2, 2, 0, 0, 1, 0, 0, 0, 0, 1, 0, 0, 2, 2, 2, 0, 0, 0, 0, 0, 0, 0, 0, 0, 2, 2, 3, 0, 2, 1, 2, 1, 4, 3, 6, 5, 3, 3, 2, 2, 4, 2, 657, 0, 0, 0, 0, 0, 0]",-1,-7.008987060683372e-05,-1,0
4087,"[1, 6, 0, 1, 5, 11, 0, 4, 0, 1, 0, 0, 1, 0, 2, 0, 0, 0, 0, 0, 0, 0, 0, 0, 2, 0, 0, 0, 0, 0, 0, 0, 1, 1, 0, 1, 1, 0, 2, 2, 0, 0, 1, 0, 0, 0, 0, 1, 0, 0, 2, 2, 2, 0, 0, 0, 0, 0, 0, 0, 0, 0, 2, 2, 3, 0, 2, 1, 2, 1, 4, 3, 6, 5, 3, 3, 2, 2, 4, 2, 657, 0, 0, 0, 0, 0, 0]",1,0.609624117401731,-1,0
4088,"[1, 6, 0, 1, 5, 11, 0, 4, 0, 1, 0, 0, 1, 0, 2, 0, 0, 0, 0, 0, 0, 0, 0, 0, 2, 0, 0, 0, 0, 0, 0, 0, 1, 1, 0, 1, 1, 0, 2, 2, 0, 0, 1, 0, 0, 0, 0, 1, 0, 0, 2, 2, 2, 0, 0, 0, 0, 0, 0, 0, 0, 0, 2, 2, 3, 0, 2, 1, 2, 1, 4, 3, 6, 5, 3, 3, 2, 2, 4, 2, 657, 0, 0, 0, 0, 0, 0]",-1,-7.008987060683372e-05,-1,0
4089,"[1, 6, 0, 1, 5, 11, 0, 4, 0, 1, 0, 0, 1, 0, 2, 0, 0, 0, 0, 0, 0, 0, 0, 0, 2, 0, 0, 0, 0, 0, 0, 0, 1, 1, 0, 1, 1, 0, 2, 2, 0, 0, 1, 0, 0, 0, 0, 1, 0, 0, 2, 2, 2, 0, 0, 0, 0, 0, 0, 0, 0, 0, 2, 2, 3, 0, 2, 1, 2, 1, 4, 3, 6, 5, 3, 3, 2, 2, 4, 2, 657, 0, 1, 0, 0, 0, 0]",2,0.4000000023021142,-1,0
4090,"[1, 6, 0, 1, 5, 11, 0, 4, 0, 1, 0, 0, 1, 0, 2, 0, 0, 0, 0, 0, 0, 0, 0, 0, 2, 0, 0, 0, 0, 0, 0, 0, 1, 1, 0, 1, 1, 0, 2, 2, 0, 0, 1, 0, 0, 0, 0, 1, 0, 0, 2, 2, 2, 0, 0, 0, 0, 0, 0, 0, 0, 0, 2, 2, 3, 0, 2, 1, 2, 1, 4, 3, 6, 5, 3, 3, 2, 2, 4, 2, 657, 0, 0, 0, 0, 0, 0]",-1,-7.008987060683372e-05,-1,0
4091,"[1, 6, 0, 1, 7, 11, 0, 4, 0, 1, 0, 0, 1, 0, 2, 0, 0, 0, 0, 0, 0, 0, 0, 0, 2, 0, 0, 0, 0, 0, 0, 0, 1, 1, 0, 1, 1, 0, 2, 2, 0, 0, 1, 0, 0, 0, 0, 1, 0, 0, 2, 2, 2, 0, 0, 0, 0, 0, 0, 0, 0, 0, 2, 2, 3, 0, 2, 1, 2, 1, 4, 3, 6, 5, 3, 3, 2, 2, 4, 2, 658, 0, 0, 0, 0, 0, 0]",4,13.762690550875265,-1,0
4092,"[1, 6, 0, 1, 7, 11, 0, 4, 0, 1, 0, 0, 1, 0, 2, 0, 0, 0, 0, 0, 0, 0, 0, 0, 2, 0, 0, 0, 0, 0, 0, 0, 1, 1, 0, 1, 1, 0, 2, 2, 0, 0, 1, 0, 0, 0, 0, 1, 0, 0, 2, 2, 2, 0, 0, 0, 0, 0, 0, 0, 0, 0, 2, 2, 3, 0, 2, 1, 2, 1, 4, 3, 6, 5, 3, 3, 2, 2, 4, 2, 658, 0, 0, 0, 0, 0, 0]",-1,-6.939246474179645e-05,-1,1
4093,"[1, 6, 0, 1, 7, 11, 0, 4, 0, 1, 0, 0, 1, 0, 2, 0, 0, 0, 0, 0, 0, 0, 0, 0, 2, 0, 0, 0, 0, 0, 0, 0, 1, 1, 0, 1, 1, 0, 2, 2, 0, 0, 1, 0, 0, 0, 0, 1, 0, 0, 2, 2, 2, 0, 0, 0, 0, 0, 0, 0, 0, 0, 2, 2, 3, 0, 2, 1, 2, 1, 4, 3, 6, 5, 3, 3, 2, 2, 4, 2, 658, 0, 0, 0, 0, 0, 0]",0,0.29497474904243026,-1,1
4094,"[1, 6, 0, 1, 7, 11, 0, 4, 0, 1, 0, 0, 1, 0, 2, 0, 0, 0, 0, 0, 0, 0, 0, 0, 2, 0, 0, 0, 0, 0, 0, 0, 1, 1, 0, 1, 1, 0, 2, 2, 0, 0, 1, 0, 0, 0, 0, 1, 0, 0, 2, 2, 2, 0, 0, 0, 0, 0, 0, 0, 0, 0, 2, 2, 3, 0, 2, 1, 2, 1, 4, 3, 6, 5, 3, 3, 2, 2, 4, 2, 658, 0, 0, 0, 0, 0, 0]",-1,-6.939246474179645e-05,-1,1
4095,"[1, 7, 0, 1, 7, 12, 0, 4, 0, 1, 0, 0, 1, 0, 2, 0, 0, 0, 0, 0, 0, 0, 0, 0, 2, 0, 0, 0, 0, 0, 0, 0, 1, 1, 0, 1, 1, 0, 2, 2, 0, 0, 1, 0, 0, 0, 0, 1, 0, 0, 2, 2, 2, 0, 0, 0, 0, 0, 0, 0, 0, 0, 2, 2, 3, 0, 2, 1, 2, 1, 4, 3, 6, 5, 3, 3, 2, 2, 4, 2, 659, 0, 0, 0, 0, 0, 0]",4,12.552854725515544,-1,1
4096,"[1, 7, 0, 1, 7, 12, 0, 4, 0, 1, 0, 0, 1, 0, 2, 0, 0, 0, 0, 0, 0, 0, 0, 0, 2, 0, 0, 0, 0, 0, 0, 0, 1, 1, 0, 1, 1, 0, 2, 2, 0, 0, 1, 0, 0, 0, 0, 1, 0, 0, 2, 2, 2, 0, 0, 0, 0, 0, 0, 0, 0, 0, 2, 2, 3, 0, 2, 1, 2, 1, 4, 3, 6, 5, 3, 3, 2, 2, 4, 2, 659, 1, 0, 0, 0, 0, 0]",3,0.20000000212511926,-1,0
4097,"[1, 7, 0, 1, 7, 12, 0, 4, 0, 1, 0, 0, 1, 0, 2, 0, 0, 0, 0, 0, 0, 0, 0, 0, 2, 0, 0, 0, 0, 0, 0, 0, 1, 1, 0, 1, 1, 0, 2, 2, 0, 0, 1, 0, 0, 0, 0, 1, 0, 0, 2, 2, 2, 0, 0, 0, 0, 0, 0, 0, 0, 0, 2, 2, 3, 0, 2, 1, 2, 1, 4, 3, 6, 5, 3, 3, 2, 2, 4, 2, 659, 0, 0, 0, 0, 0, 0]",-1,-6.870199818106059e-05,-1,0
4098,"[1, 7, 0, 1, 7, 12, 0, 4, 0, 1, 0, 0, 1, 0, 2, 0, 0, 0, 0, 0, 0, 0, 0, 0, 2, 0, 0, 0, 0, 0, 0, 0, 1, 1, 0, 1, 1, 0, 2, 2, 0, 0, 1, 0, 0, 0, 0, 1, 0, 0, 2, 2, 2, 0, 0, 0, 0, 0, 0, 0, 0, 0, 2, 2, 3, 0, 2, 1, 2, 1, 4, 3, 6, 5, 3, 3, 2, 2, 4, 2, 659, 1, 0, 0, 0, 0, 0]",3,0.20000000212511926,-1,0
4099,"[1, 7, 0, 1, 7, 12, 0, 4, 0, 1, 0, 0, 1, 0, 2, 0, 0, 0, 0, 0, 0, 0, 0, 0, 2, 0, 0, 0, 0, 0, 0, 0, 1, 1, 0, 1, 1, 0, 2, 2, 0, 0, 1, 0, 0, 0, 0, 1, 0, 0, 2, 2, 2, 0, 0, 0, 0, 0, 0, 0, 0, 0, 2, 2, 3, 0, 2, 1, 2, 1, 4, 3, 6, 5, 3, 3, 2, 2, 4, 2, 659, 0, 0, 0, 0, 0, 0]",-1,-6.870199818106059e-05,-1,0
4100,"[1, 7, 0, 1, 7, 12, 0, 4, 0, 1, 0, 0, 1, 0, 2, 0, 0, 0, 0, 0, 0, 0, 0, 0, 2, 0, 0, 0, 0, 0, 0, 0, 1, 1, 0, 1, 1, 0, 2, 2, 0, 0, 1, 0, 0, 0, 0, 1, 0, 0, 2, 2, 2, 0, 0, 0, 0, 0, 0, 0, 0, 0, 2, 2, 3, 0, 2, 1, 2, 1, 4, 3, 6, 5, 3, 3, 2, 2, 4, 2, 659, 1, 0, 0, 0, 0, 0]",3,0.20000000212511926,-1,0
4101,"[1, 7, 0, 1, 7, 12, 0, 4, 0, 1, 0, 0, 1, 0, 2, 0, 0, 0, 0, 0, 0, 0, 0, 0, 2, 0, 0, 0, 0, 0, 0, 0, 1, 1, 0, 1, 1, 0, 2, 2, 0, 0, 1, 0, 0, 0, 0, 1, 0, 0, 2, 2, 2, 0, 0, 0, 0, 0, 0, 0, 0, 0, 2, 2, 3, 0, 2, 1, 2, 1, 4, 3, 6, 5, 3, 3, 2, 2, 4, 2, 659, 0, 0, 0, 0, 0, 0]",-1,-6.870199818106059e-05,-1,0
4102,"[1, 7, 0, 1, 7, 12, 0, 4, 0, 1, 0, 0, 1, 0, 2, 0, 0, 0, 0, 0, 0, 0, 0, 0, 2, 0, 0, 0, 0, 0, 0, 0, 1, 1, 0, 1, 1, 0, 2, 2, 0, 0, 1, 0, 0, 0, 0, 1, 0, 0, 2, 2, 2, 0, 0, 0, 0, 0, 0, 0, 0, 0, 2, 2, 3, 0, 2, 1, 2, 1, 4, 3, 6, 5, 3, 3, 2, 2, 4, 2, 660, 0, 0, 0, 0, 0, 0]",4,13.710127438007591,-1,0
4103,"[1, 7, 0, 1, 7, 12, 0, 4, 0, 1, 0, 0, 1, 0, 2, 0, 0, 0, 0, 0, 0, 0, 0, 0, 2, 0, 0, 0, 0, 0, 0, 0, 1, 1, 0, 1, 1, 0, 2, 2, 0, 0, 1, 0, 0, 0, 0, 1, 0, 0, 2, 2, 2, 0, 0, 0, 0, 0, 0, 0, 0, 0, 2, 2, 3, 0, 2, 1, 2, 1, 4, 3, 6, 5, 3, 3, 2, 2, 4, 2, 660, 0, 1, 0, 0, 0, 0]",2,0.4000000020417921,-1,1
4104,"[1, 7, 0, 1, 7, 12, 0, 4, 0, 1, 0, 0, 1, 0, 2, 0, 0, 0, 0, 0, 0, 0, 0, 0, 2, 0, 0, 0, 0, 0, 0, 0, 1, 1, 0, 1, 1, 0, 2, 2, 0, 0, 1, 0, 0, 0, 0, 1, 0, 0, 2, 2, 2, 0, 0, 0, 0, 0, 0, 0, 0, 0, 2, 2, 3, 0, 2, 1, 2, 1, 4, 3, 6, 5, 3, 3, 2, 2, 4, 2, 660, 0, 1, 0, 0, 1, 0]","[[3 1 0 2]
 [1 5 0 1]]",1.725241334582388,-1,1
4105,"[3, 3, 0, 2, 5, 16, 0, 3, 0, 1, 0, 0, 1, 0, 2, 0, 0, 0, 0, 0, 0, 0, 0, 0, 2, 0, 0, 0, 0, 0, 0, 0, 1, 1, 0, 1, 1, 0, 2, 2, 0, 0, 1, 0, 0, 0, 0, 1, 0, 0, 2, 2, 2, 0, 0, 0, 0, 0, 0, 0, 0, 0, 2, 2, 3, 0, 2, 1, 2, 1, 4, 3, 6, 5, 3, 3, 2, 2, 4, 2, 660, 0, 0, 0, 0, 0, 0]",0,-0.1999999979582079,-1,0
4106,"[3, 3, 0, 2, 5, 16, 0, 3, 0, 1, 0, 0, 1, 0, 2, 0, 0, 0, 0, 0, 0, 0, 0, 0, 2, 0, 0, 0, 0, 0, 0, 0, 1, 1, 0, 1, 1, 0, 2, 2, 0, 0, 1, 0, 0, 0, 0, 1, 0, 0, 2, 2, 2, 0, 0, 0, 0, 0, 0, 0, 0, 0, 2, 2, 3, 0, 2, 1, 2, 1, 4, 3, 6, 5, 3, 3, 2, 2, 4, 2, 660, 0, 0, 0, 0, 0, 0]",0,0.2949747488723754,-1,1
4107,"[3, 3, 0, 2, 5, 16, 0, 3, 0, 1, 0, 0, 1, 0, 2, 0, 0, 0, 0, 0, 0, 0, 0, 0, 2, 0, 0, 0, 0, 0, 0, 0, 1, 1, 0, 1, 1, 0, 2, 2, 0, 0, 1, 0, 0, 0, 0, 1, 0, 0, 2, 2, 2, 0, 0, 0, 0, 0, 0, 0, 0, 0, 2, 2, 3, 0, 2, 1, 2, 1, 4, 3, 6, 5, 3, 3, 2, 2, 4, 2, 660, 0, 0, 0, 0, 0, 0]",-1,-6.801840187739464e-05,-1,1
4108,"[3, 3, 0, 2, 7, 16, 0, 3, 0, 1, 0, 0, 1, 0, 2, 0, 0, 0, 0, 0, 0, 0, 0, 0, 2, 0, 0, 0, 0, 0, 0, 0, 1, 1, 0, 1, 1, 0, 2, 2, 0, 0, 1, 0, 0, 0, 0, 1, 0, 0, 2, 2, 2, 0, 0, 0, 0, 0, 0, 0, 0, 0, 2, 2, 3, 0, 2, 1, 2, 1, 4, 3, 6, 5, 3, 3, 2, 2, 4, 2, 661, 0, 0, 0, 0, 0, 0]",4,12.453059200740887,-1,1
4109,"[3, 3, 0, 2, 7, 16, 0, 3, 0, 1, 0, 0, 1, 0, 2, 0, 0, 0, 0, 0, 0, 0, 0, 0, 2, 0, 0, 0, 0, 0, 0, 0, 1, 1, 0, 1, 1, 0, 2, 2, 0, 0, 1, 0, 0, 0, 0, 1, 0, 0, 2, 2, 2, 0, 0, 0, 0, 0, 0, 0, 0, 0, 2, 2, 3, 0, 2, 1, 2, 1, 4, 3, 6, 5, 3, 3, 2, 2, 4, 2, 661, 0, 0, 0, 0, 0, 0]",1,0.609624117061349,-1,0
4110,"[3, 3, 0, 2, 7, 16, 0, 3, 0, 1, 0, 0, 1, 0, 2, 0, 0, 0, 0, 0, 0, 0, 0, 0, 2, 0, 0, 0, 0, 0, 0, 0, 1, 1, 0, 1, 1, 0, 2, 2, 0, 0, 1, 0, 0, 0, 0, 1, 0, 0, 2, 2, 2, 0, 0, 0, 0, 0, 0, 0, 0, 0, 2, 2, 3, 0, 2, 1, 2, 1, 4, 3, 6, 5, 3, 3, 2, 2, 4, 2, 661, 0, 0, 0, 0, 0, 0]",-1,-6.734160747059868e-05,-1,0
4111,"[3, 3, 0, 2, 7, 16, 0, 3, 0, 1, 0, 0, 1, 0, 2, 0, 0, 0, 0, 0, 0, 0, 0, 0, 2, 0, 0, 0, 0, 0, 0, 0, 1, 1, 0, 1, 1, 0, 2, 2, 0, 0, 1, 0, 0, 0, 0, 1, 0, 0, 2, 2, 2, 0, 0, 0, 0, 0, 0, 0, 0, 0, 2, 2, 3, 0, 2, 1, 2, 1, 4, 3, 6, 5, 3, 3, 2, 2, 4, 2, 661, 0, 0, 0, 0, 0, 0]",1,0.609624117061349,-1,0
4112,"[3, 3, 0, 2, 7, 16, 0, 3, 0, 1, 0, 0, 1, 0, 2, 0, 0, 0, 0, 0, 0, 0, 0, 0, 2, 0, 0, 0, 0, 0, 0, 0, 1, 1, 0, 1, 1, 0, 2, 2, 0, 0, 1, 0, 0, 0, 0, 1, 0, 0, 2, 2, 2, 0, 0, 0, 0, 0, 0, 0, 0, 0, 2, 2, 3, 0, 2, 1, 2, 1, 4, 3, 6, 5, 3, 3, 2, 2, 4, 2, 661, 0, 0, 0, 0, 0, 0]",-1,-6.734160747059868e-05,-1,0
4113,"[3, 3, 0, 2, 7, 16, 0, 3, 0, 1, 0, 0, 1, 0, 2, 0, 0, 0, 0, 0, 0, 0, 0, 0, 2, 0, 0, 0, 0, 0, 0, 0, 1, 1, 0, 1, 1, 0, 2, 2, 0, 0, 1, 0, 0, 0, 0, 1, 0, 0, 2, 2, 2, 0, 0, 0, 0, 0, 0, 0, 0, 0, 2, 2, 3, 0, 2, 1, 2, 1, 4, 3, 6, 5, 3, 3, 2, 2, 4, 2, 662, 0, 0, 0, 0, 0, 0]",4,14.211724793383594,-1,0
4114,"[3, 3, 0, 2, 7, 16, 0, 3, 0, 1, 0, 0, 1, 0, 2, 0, 0, 0, 0, 0, 0, 0, 0, 0, 2, 0, 0, 0, 0, 0, 0, 0, 1, 1, 0, 1, 1, 0, 2, 2, 0, 0, 1, 0, 0, 0, 0, 1, 0, 0, 2, 2, 2, 0, 0, 0, 0, 0, 0, 0, 0, 0, 2, 2, 3, 0, 2, 1, 2, 1, 4, 3, 6, 5, 3, 3, 2, 2, 4, 2, 662, 0, 1, 0, 0, 0, 0]",2,0.40000000188481166,-1,1
4115,"[3, 3, 0, 2, 7, 16, 0, 3, 0, 1, 0, 0, 1, 0, 2, 0, 0, 0, 0, 0, 0, 0, 0, 0, 2, 0, 0, 0, 0, 0, 0, 0, 1, 1, 0, 1, 1, 0, 2, 2, 0, 0, 1, 0, 0, 0, 0, 1, 0, 0, 2, 2, 2, 0, 0, 0, 0, 0, 0, 0, 0, 0, 2, 2, 3, 0, 2, 1, 2, 1, 4, 3, 6, 5, 3, 3, 2, 2, 4, 2, 662, 0, 1, 0, 0, 1, 0]","[[3 3 0 1]
 [2 2 0 2]]",-0.03406778929115595,-1,1
4116,"[3, 3, 0, 2, 7, 16, 0, 3, 0, 1, 0, 0, 1, 0, 2, 0, 0, 0, 0, 0, 0, 0, 0, 0, 2, 0, 0, 0, 0, 0, 0, 0, 1, 1, 0, 1, 1, 0, 2, 2, 0, 0, 1, 0, 0, 0, 0, 1, 0, 0, 2, 2, 2, 0, 0, 0, 0, 0, 0, 0, 0, 0, 2, 2, 3, 0, 2, 1, 2, 1, 4, 3, 6, 5, 3, 3, 2, 2, 4, 2, 662, 0, 0, 0, 0, 0, 0]",1,-0.19999999811518834,-1,0
4117,"[3, 3, 0, 2, 7, 16, 0, 3, 0, 1, 0, 0, 1, 0, 2, 0, 0, 0, 0, 0, 0, 0, 0, 0, 2, 0, 0, 0, 0, 0, 0, 0, 1, 1, 0, 1, 1, 0, 2, 2, 0, 0, 1, 0, 0, 0, 0, 1, 0, 0, 2, 2, 2, 0, 0, 0, 0, 0, 0, 0, 0, 0, 2, 2, 3, 0, 2, 1, 2, 1, 4, 3, 6, 5, 3, 3, 2, 2, 4, 2, 662, 1, 0, 0, 0, 0, 0]",3,0.20000000188481168,-1,1
4118,"[3, 3, 0, 2, 7, 16, 0, 3, 0, 1, 0, 0, 1, 0, 2, 0, 0, 0, 0, 0, 0, 0, 0, 0, 2, 0, 0, 0, 0, 0, 0, 0, 1, 1, 0, 1, 1, 0, 2, 2, 0, 0, 1, 0, 0, 0, 0, 1, 0, 0, 2, 2, 2, 0, 0, 0, 0, 0, 0, 0, 0, 0, 2, 2, 3, 0, 2, 1, 2, 1, 4, 3, 6, 5, 3, 3, 2, 2, 4, 2, 662, 0, 0, 0, 0, 0, 0]",-1,-6.667154728066797e-05,-1,1
4119,"[1, 1, 0, 1, 3, 8, 0, 1, 0, 1, 0, 0, 1, 0, 2, 0, 0, 0, 0, 0, 0, 0, 0, 0, 2, 0, 0, 0, 0, 0, 0, 0, 1, 1, 0, 1, 1, 0, 2, 2, 0, 0, 1, 0, 0, 0, 0, 1, 0, 0, 2, 2, 2, 0, 0, 0, 0, 0, 0, 0, 0, 0, 2, 2, 3, 0, 2, 1, 2, 1, 4, 3, 6, 5, 3, 3, 2, 2, 4, 6, 663, 0, 0, 0, 0, 0, 0]",4,12.41822966218075,-1,1
4120,"[1, 1, 0, 1, 3, 8, 0, 1, 0, 1, 0, 0, 1, 0, 2, 0, 0, 0, 0, 0, 0, 0, 0, 0, 2, 0, 0, 0, 0, 0, 0, 0, 1, 1, 0, 1, 1, 0, 2, 2, 0, 0, 1, 0, 0, 0, 0, 1, 0, 0, 2, 2, 2, 0, 0, 0, 0, 0, 0, 0, 0, 0, 2, 2, 3, 0, 2, 1, 2, 1, 4, 3, 6, 5, 3, 3, 2, 2, 4, 6, 663, 0, 1, 0, 0, 0, 0]",2,0.4000000018109071,-1,0
4121,"[1, 1, 0, 1, 3, 8, 0, 1, 0, 1, 0, 0, 1, 0, 2, 0, 0, 0, 0, 0, 0, 0, 0, 0, 2, 0, 0, 0, 0, 0, 0, 0, 1, 1, 0, 1, 1, 0, 2, 2, 0, 0, 1, 0, 0, 0, 0, 1, 0, 0, 2, 2, 2, 0, 0, 0, 0, 0, 0, 0, 0, 0, 2, 2, 3, 0, 2, 1, 2, 1, 4, 3, 6, 5, 3, 3, 2, 2, 4, 6, 663, 0, 0, 0, 0, 0, 0]",-1,-6.600815430102513e-05,-1,0
4122,"[1, 1, 0, 1, 3, 8, 0, 1, 0, 1, 0, 0, 1, 0, 2, 0, 0, 0, 0, 0, 0, 0, 0, 0, 2, 0, 0, 0, 0, 0, 0, 0, 1, 1, 0, 1, 1, 0, 2, 2, 0, 0, 1, 0, 0, 0, 0, 1, 0, 0, 2, 2, 2, 0, 0, 0, 0, 0, 0, 0, 0, 0, 2, 2, 3, 0, 2, 1, 2, 1, 4, 3, 6, 5, 3, 3, 2, 2, 4, 6, 663, 1, 0, 0, 0, 0, 0]",3,0.20000000181090719,-1,0
4123,"[1, 1, 0, 1, 3, 8, 0, 1, 0, 1, 0, 0, 1, 0, 2, 0, 0, 0, 0, 0, 0, 0, 0, 0, 2, 0, 0, 0, 0, 0, 0, 0, 1, 1, 0, 1, 1, 0, 2, 2, 0, 0, 1, 0, 0, 0, 0, 1, 0, 0, 2, 2, 2, 0, 0, 0, 0, 0, 0, 0, 0, 0, 2, 2, 3, 0, 2, 1, 2, 1, 4, 3, 6, 5, 3, 3, 2, 2, 4, 6, 663, 0, 0, 0, 0, 0, 0]",-1,-6.600815430102513e-05,-1,0
4124,"[1, 1, 0, 1, 3, 8, 0, 1, 0, 1, 0, 0, 1, 0, 2, 0, 0, 0, 0, 0, 0, 0, 0, 0, 2, 0, 0, 0, 0, 0, 0, 0, 1, 1, 0, 1, 1, 0, 2, 2, 0, 0, 1, 0, 0, 0, 0, 1, 0, 0, 2, 2, 2, 0, 0, 0, 0, 0, 0, 0, 0, 0, 2, 2, 3, 0, 2, 1, 2, 1, 4, 3, 6, 5, 3, 3, 2, 2, 4, 6, 663, 0, 0, 0, 0, 0, 0]",1,0.6096241169105239,-1,0
4125,"[1, 1, 0, 1, 3, 8, 0, 1, 0, 1, 0, 0, 1, 0, 2, 0, 0, 0, 0, 0, 0, 0, 0, 0, 2, 0, 0, 0, 0, 0, 0, 0, 1, 1, 0, 1, 1, 0, 2, 2, 0, 0, 1, 0, 0, 0, 0, 1, 0, 0, 2, 2, 2, 0, 0, 0, 0, 0, 0, 0, 0, 0, 2, 2, 3, 0, 2, 1, 2, 1, 4, 3, 6, 5, 3, 3, 2, 2, 4, 6, 663, 0, 0, 0, 0, 0, 0]",-1,-6.600815430102513e-05,-1,0
4126,"[1, 1, 0, 1, 3, 8, 0, 1, 0, 1, 0, 0, 1, 0, 2, 0, 0, 0, 0, 0, 0, 0, 0, 0, 2, 0, 0, 0, 0, 0, 0, 0, 1, 1, 0, 1, 1, 0, 2, 2, 0, 0, 1, 0, 0, 0, 0, 1, 0, 0, 2, 2, 2, 0, 0, 0, 0, 0, 0, 0, 0, 0, 2, 2, 3, 0, 2, 1, 2, 1, 4, 3, 6, 5, 3, 3, 2, 2, 4, 6, 663, 1, 0, 0, 0, 0, 0]",3,0.20000000181090719,-1,0
4127,"[1, 1, 0, 1, 3, 8, 0, 1, 0, 1, 0, 0, 1, 0, 2, 0, 0, 0, 0, 0, 0, 0, 0, 0, 2, 0, 0, 0, 0, 0, 0, 0, 1, 1, 0, 1, 1, 0, 2, 2, 0, 0, 1, 0, 0, 0, 0, 1, 0, 0, 2, 2, 2, 0, 0, 0, 0, 0, 0, 0, 0, 0, 2, 2, 3, 0, 2, 1, 2, 1, 4, 3, 6, 5, 3, 3, 2, 2, 4, 6, 663, 0, 0, 0, 0, 0, 0]",-1,-6.600815430102513e-05,-1,0
4128,"[1, 1, 0, 1, 3, 8, 0, 1, 0, 1, 0, 0, 1, 0, 2, 0, 0, 0, 0, 0, 0, 0, 0, 0, 2, 0, 0, 0, 0, 0, 0, 0, 1, 1, 0, 1, 1, 0, 2, 2, 0, 0, 1, 0, 0, 0, 0, 1, 0, 0, 2, 2, 2, 0, 0, 0, 0, 0, 0, 0, 0, 0, 2, 2, 3, 0, 2, 1, 2, 1, 4, 3, 6, 5, 3, 3, 2, 2, 4, 6, 663, 0, 1, 0, 0, 0, 0]",2,0.4000000018109071,-1,0
4129,"[1, 1, 0, 1, 3, 8, 0, 1, 0, 1, 0, 0, 1, 0, 2, 0, 0, 0, 0, 0, 0, 0, 0, 0, 2, 0, 0, 0, 0, 0, 0, 0, 1, 1, 0, 1, 1, 0, 2, 2, 0, 0, 1, 0, 0, 0, 0, 1, 0, 0, 2, 2, 2, 0, 0, 0, 0, 0, 0, 0, 0, 0, 2, 2, 3, 0, 2, 1, 2, 1, 4, 3, 6, 5, 3, 3, 2, 2, 4, 6, 663, 0, 0, 0, 0, 0, 0]",-1,-6.600815430102513e-05,-1,0
4130,"[1, 1, 0, 1, 3, 8, 0, 1, 0, 1, 0, 0, 1, 0, 2, 0, 0, 0, 0, 0, 0, 0, 0, 0, 2, 0, 0, 0, 0, 0, 0, 0, 1, 1, 0, 1, 1, 0, 2, 2, 0, 0, 1, 0, 0, 0, 0, 1, 0, 0, 2, 2, 2, 0, 0, 0, 0, 0, 0, 0, 0, 0, 2, 2, 3, 0, 2, 1, 2, 1, 4, 3, 6, 5, 3, 3, 2, 2, 4, 6, 664, 0, 0, 0, 0, 0, 0]",4,14.533525302058626,-1,0
4131,"[1, 1, 0, 1, 3, 8, 0, 1, 0, 1, 0, 0, 1, 0, 2, 0, 0, 0, 0, 0, 0, 0, 0, 0, 2, 0, 0, 0, 0, 0, 0, 0, 1, 1, 0, 1, 1, 0, 2, 2, 0, 0, 1, 0, 0, 0, 0, 1, 0, 0, 2, 2, 2, 0, 0, 0, 0, 0, 0, 0, 0, 0, 2, 2, 3, 0, 2, 1, 2, 1, 4, 3, 6, 5, 3, 3, 2, 2, 4, 6, 664, 0, 0, 0, 0, 0, 0]",0,0.2949747485704838,-1,1
4132,"[1, 1, 0, 1, 3, 8, 0, 1, 0, 1, 0, 0, 1, 0, 2, 0, 0, 0, 0, 0, 0, 0, 0, 0, 2, 0, 0, 0, 0, 0, 0, 0, 1, 1, 0, 1, 1, 0, 2, 2, 0, 0, 1, 0, 0, 0, 0, 1, 0, 0, 2, 2, 2, 0, 0, 0, 0, 0, 0, 0, 0, 0, 2, 2, 3, 0, 2, 1, 2, 1, 4, 3, 6, 5, 3, 3, 2, 2, 4, 6, 664, 0, 0, 0, 0, 0, 0]",-1,-6.535136219181932e-05,-1,1
4133,"[1, 1, 0, 1, 5, 8, 0, 1, 0, 1, 0, 0, 1, 0, 2, 0, 0, 0, 0, 0, 0, 0, 0, 0, 2, 0, 0, 0, 0, 0, 0, 0, 1, 1, 0, 1, 1, 0, 2, 2, 0, 0, 1, 0, 0, 0, 0, 1, 0, 0, 2, 2, 2, 0, 0, 0, 0, 0, 0, 0, 0, 0, 2, 2, 3, 0, 2, 1, 2, 1, 4, 3, 6, 5, 3, 3, 2, 2, 4, 6, 665, 0, 0, 0, 0, 0, 0]",4,12.473120815582542,-1,1
4134,"[1, 1, 0, 1, 5, 8, 0, 1, 0, 1, 0, 0, 1, 0, 2, 0, 0, 0, 0, 0, 0, 0, 0, 0, 2, 0, 0, 0, 0, 0, 0, 0, 1, 1, 0, 1, 1, 0, 2, 2, 0, 0, 1, 0, 0, 0, 0, 1, 0, 0, 2, 2, 2, 0, 0, 0, 0, 0, 0, 0, 0, 0, 2, 2, 3, 0, 2, 1, 2, 1, 4, 3, 6, 5, 3, 3, 2, 2, 4, 6, 665, 0, 0, 0, 0, 0, 0]",1,0.6096241167712948,-1,0
4135,"[1, 1, 0, 1, 5, 8, 0, 1, 0, 1, 0, 0, 1, 0, 2, 0, 0, 0, 0, 0, 0, 0, 0, 0, 2, 0, 0, 0, 0, 0, 0, 0, 1, 1, 0, 1, 1, 0, 2, 2, 0, 0, 1, 0, 0, 0, 0, 1, 0, 0, 2, 2, 2, 0, 0, 0, 0, 0, 0, 0, 0, 0, 2, 2, 3, 0, 2, 1, 2, 1, 4, 3, 6, 5, 3, 3, 2, 2, 4, 6, 665, 0, 0, 0, 0, 0, 0]",-1,-6.47011052732924e-05,-1,0
4136,"[1, 1, 0, 1, 5, 8, 0, 1, 0, 1, 0, 0, 1, 0, 2, 0, 0, 0, 0, 0, 0, 0, 0, 0, 2, 0, 0, 0, 0, 0, 0, 0, 1, 1, 0, 1, 1, 0, 2, 2, 0, 0, 1, 0, 0, 0, 0, 1, 0, 0, 2, 2, 2, 0, 0, 0, 0, 0, 0, 0, 0, 0, 2, 2, 3, 0, 2, 1, 2, 1, 4, 3, 6, 5, 3, 3, 2, 2, 4, 6, 665, 0, 1, 0, 0, 0, 0]",2,0.400000001671678,-1,0
4137,"[1, 1, 0, 1, 5, 8, 0, 1, 0, 1, 0, 0, 1, 0, 2, 0, 0, 0, 0, 0, 0, 0, 0, 0, 2, 0, 0, 0, 0, 0, 0, 0, 1, 1, 0, 1, 1, 0, 2, 2, 0, 0, 1, 0, 0, 0, 0, 1, 0, 0, 2, 2, 2, 0, 0, 0, 0, 0, 0, 0, 0, 0, 2, 2, 3, 0, 2, 1, 2, 1, 4, 3, 6, 5, 3, 3, 2, 2, 4, 6, 665, 0, 0, 0, 0, 0, 0]",-1,-6.47011052732924e-05,-1,0
4138,"[1, 1, 0, 1, 5, 8, 0, 1, 0, 1, 0, 0, 1, 0, 2, 0, 0, 0, 0, 0, 0, 0, 0, 0, 2, 0, 0, 0, 0, 0, 0, 0, 1, 1, 0, 1, 1, 0, 2, 2, 0, 0, 1, 0, 0, 0, 0, 1, 0, 0, 2, 2, 2, 0, 0, 0, 0, 0, 0, 0, 0, 0, 2, 2, 3, 0, 2, 1, 2, 1, 4, 3, 6, 5, 3, 3, 2, 2, 4, 6, 665, 1, 0, 0, 0, 0, 0]",3,0.20000000167167803,-1,0
4139,"[1, 1, 0, 1, 5, 8, 0, 1, 0, 1, 0, 0, 1, 0, 2, 0, 0, 0, 0, 0, 0, 0, 0, 0, 2, 0, 0, 0, 0, 0, 0, 0, 1, 1, 0, 1, 1, 0, 2, 2, 0, 0, 1, 0, 0, 0, 0, 1, 0, 0, 2, 2, 2, 0, 0, 0, 0, 0, 0, 0, 0, 0, 2, 2, 3, 0, 2, 1, 2, 1, 4, 3, 6, 5, 3, 3, 2, 2, 4, 6, 665, 0, 0, 0, 0, 0, 0]",-1,-6.47011052732924e-05,-1,0
4140,"[1, 1, 0, 1, 5, 8, 0, 1, 0, 1, 0, 0, 1, 0, 2, 0, 0, 0, 0, 0, 0, 0, 0, 0, 2, 0, 0, 0, 0, 0, 0, 0, 1, 1, 0, 1, 1, 0, 2, 2, 0, 0, 1, 0, 0, 0, 0, 1, 0, 0, 2, 2, 2, 0, 0, 0, 0, 0, 0, 0, 0, 0, 2, 2, 3, 0, 2, 1, 2, 1, 4, 3, 6, 5, 3, 3, 2, 2, 4, 6, 665, 1, 0, 0, 0, 0, 0]",3,0.20000000167167803,-1,0
4141,"[1, 1, 0, 1, 5, 8, 0, 1, 0, 1, 0, 0, 1, 0, 2, 0, 0, 0, 0, 0, 0, 0, 0, 0, 2, 0, 0, 0, 0, 0, 0, 0, 1, 1, 0, 1, 1, 0, 2, 2, 0, 0, 1, 0, 0, 0, 0, 1, 0, 0, 2, 2, 2, 0, 0, 0, 0, 0, 0, 0, 0, 0, 2, 2, 3, 0, 2, 1, 2, 1, 4, 3, 6, 5, 3, 3, 2, 2, 4, 6, 665, 0, 0, 0, 0, 0, 0]",-1,-6.47011052732924e-05,-1,0
4142,"[1, 1, 0, 1, 5, 8, 0, 1, 0, 1, 0, 0, 1, 0, 2, 0, 0, 0, 0, 0, 0, 0, 0, 0, 2, 0, 0, 0, 0, 0, 0, 0, 1, 1, 0, 1, 1, 0, 2, 2, 0, 0, 1, 0, 0, 0, 0, 1, 0, 0, 2, 2, 2, 0, 0, 0, 0, 0, 0, 0, 0, 0, 2, 2, 3, 0, 2, 1, 2, 1, 4, 3, 6, 5, 3, 3, 2, 2, 4, 6, 665, 1, 0, 0, 0, 0, 0]",3,0.20000000167167803,-1,0
4143,"[1, 1, 0, 1, 5, 8, 0, 1, 0, 1, 0, 0, 1, 0, 2, 0, 0, 0, 0, 0, 0, 0, 0, 0, 2, 0, 0, 0, 0, 0, 0, 0, 1, 1, 0, 1, 1, 0, 2, 2, 0, 0, 1, 0, 0, 0, 0, 1, 0, 0, 2, 2, 2, 0, 0, 0, 0, 0, 0, 0, 0, 0, 2, 2, 3, 0, 2, 1, 2, 1, 4, 3, 6, 5, 3, 3, 2, 2, 4, 6, 665, 0, 0, 0, 0, 0, 0]",-1,-6.47011052732924e-05,-1,0
4144,"[1, 1, 0, 1, 5, 8, 0, 1, 0, 1, 0, 0, 1, 0, 2, 0, 0, 0, 0, 0, 0, 0, 0, 0, 2, 0, 0, 0, 0, 0, 0, 0, 1, 1, 0, 1, 1, 0, 2, 2, 0, 0, 1, 0, 0, 0, 0, 1, 0, 0, 2, 2, 2, 0, 0, 0, 0, 0, 0, 0, 0, 0, 2, 2, 3, 0, 2, 1, 2, 1, 4, 3, 6, 5, 3, 3, 2, 2, 4, 6, 665, 0, 0, 0, 0, 0, 0]",1,0.6096241167712948,-1,0
4145,"[1, 1, 0, 1, 5, 8, 0, 1, 0, 1, 0, 0, 1, 0, 2, 0, 0, 0, 0, 0, 0, 0, 0, 0, 2, 0, 0, 0, 0, 0, 0, 0, 1, 1, 0, 1, 1, 0, 2, 2, 0, 0, 1, 0, 0, 0, 0, 1, 0, 0, 2, 2, 2, 0, 0, 0, 0, 0, 0, 0, 0, 0, 2, 2, 3, 0, 2, 1, 2, 1, 4, 3, 6, 5, 3, 3, 2, 2, 4, 6, 665, 0, 0, 0, 0, 0, 0]",-1,-6.47011052732924e-05,-1,0
4146,"[1, 1, 0, 1, 5, 8, 0, 1, 0, 1, 0, 0, 1, 0, 2, 0, 0, 0, 0, 0, 0, 0, 0, 0, 2, 0, 0, 0, 0, 0, 0, 0, 1, 1, 0, 1, 1, 0, 2, 2, 0, 0, 1, 0, 0, 0, 0, 1, 0, 0, 2, 2, 2, 0, 0, 0, 0, 0, 0, 0, 0, 0, 2, 2, 3, 0, 2, 1, 2, 1, 4, 3, 6, 5, 3, 3, 2, 2, 4, 6, 665, 1, 0, 0, 0, 0, 0]",3,0.20000000167167803,-1,0
4147,"[1, 1, 0, 1, 5, 8, 0, 1, 0, 1, 0, 0, 1, 0, 2, 0, 0, 0, 0, 0, 0, 0, 0, 0, 2, 0, 0, 0, 0, 0, 0, 0, 1, 1, 0, 1, 1, 0, 2, 2, 0, 0, 1, 0, 0, 0, 0, 1, 0, 0, 2, 2, 2, 0, 0, 0, 0, 0, 0, 0, 0, 0, 2, 2, 3, 0, 2, 1, 2, 1, 4, 3, 6, 5, 3, 3, 2, 2, 4, 6, 665, 0, 0, 0, 0, 0, 0]",-1,-6.47011052732924e-05,-1,0
4148,"[1, 1, 0, 1, 5, 8, 0, 1, 0, 1, 0, 0, 1, 0, 2, 0, 0, 0, 0, 0, 0, 0, 0, 0, 2, 0, 0, 0, 0, 0, 0, 0, 1, 1, 0, 1, 1, 0, 2, 2, 0, 0, 1, 0, 0, 0, 0, 1, 0, 0, 2, 2, 2, 0, 0, 0, 0, 0, 0, 0, 0, 0, 2, 2, 3, 0, 2, 1, 2, 1, 4, 3, 6, 5, 3, 3, 2, 2, 4, 6, 665, 0, 1, 0, 0, 0, 0]",2,0.400000001671678,-1,0
4149,"[1, 1, 0, 1, 5, 8, 0, 1, 0, 1, 0, 0, 1, 0, 2, 0, 0, 0, 0, 0, 0, 0, 0, 0, 2, 0, 0, 0, 0, 0, 0, 0, 1, 1, 0, 1, 1, 0, 2, 2, 0, 0, 1, 0, 0, 0, 0, 1, 0, 0, 2, 2, 2, 0, 0, 0, 0, 0, 0, 0, 0, 0, 2, 2, 3, 0, 2, 1, 2, 1, 4, 3, 6, 5, 3, 3, 2, 2, 4, 6, 665, 0, 0, 0, 0, 0, 0]",-1,-6.47011052732924e-05,-1,0
4150,"[2, 1, 0, 1, 5, 9, 0, 1, 0, 1, 0, 0, 1, 0, 2, 0, 0, 0, 0, 0, 0, 0, 0, 0, 2, 0, 0, 0, 0, 0, 0, 0, 1, 1, 0, 1, 1, 0, 2, 2, 0, 0, 1, 0, 0, 0, 0, 1, 0, 0, 2, 2, 2, 0, 0, 0, 0, 0, 0, 0, 0, 0, 2, 2, 3, 0, 2, 1, 2, 1, 4, 3, 6, 5, 3, 3, 2, 2, 4, 6, 666, 0, 0, 0, 0, 0, 0]",4,14.373897967190521,-1,0
4151,"[2, 1, 0, 1, 5, 9, 0, 1, 0, 1, 0, 0, 1, 0, 2, 0, 0, 0, 0, 0, 0, 0, 0, 0, 2, 0, 0, 0, 0, 0, 0, 0, 1, 1, 0, 1, 1, 0, 2, 2, 0, 0, 1, 0, 0, 0, 0, 1, 0, 0, 2, 2, 2, 0, 0, 0, 0, 0, 0, 0, 0, 0, 2, 2, 3, 0, 2, 1, 2, 1, 4, 3, 6, 5, 3, 3, 2, 2, 4, 6, 666, 1, 0, 0, 0, 0, 0]",3,0.2000000016061306,-1,1
4152,"[2, 1, 0, 1, 5, 9, 0, 1, 0, 1, 0, 0, 1, 0, 2, 0, 0, 0, 0, 0, 0, 0, 0, 0, 2, 0, 0, 0, 0, 0, 0, 0, 1, 1, 0, 1, 1, 0, 2, 2, 0, 0, 1, 0, 0, 0, 0, 1, 0, 0, 2, 2, 2, 0, 0, 0, 0, 0, 0, 0, 0, 0, 2, 2, 3, 0, 2, 1, 2, 1, 4, 3, 6, 5, 3, 3, 2, 2, 4, 6, 666, 0, 0, 0, 0, 0, 0]",-1,-6.405731851921057e-05,-1,1
4153,"[1, 1, 0, 1, 2, 4, 0, 1, 0, 1, 0, 0, 1, 0, 2, 0, 0, 0, 0, 0, 0, 0, 0, 0, 2, 0, 0, 0, 0, 0, 0, 0, 1, 1, 0, 1, 1, 0, 2, 2, 0, 0, 1, 0, 0, 0, 0, 1, 0, 0, 2, 2, 2, 0, 0, 0, 0, 0, 0, 0, 0, 0, 2, 2, 3, 0, 2, 1, 2, 1, 4, 3, 6, 5, 3, 3, 2, 2, 4, 6, 667, 0, 0, 0, 0, 0, 0]",4,12.628714198193837,-1,1
4154,"[1, 1, 0, 1, 4, 4, 0, 1, 0, 1, 0, 0, 1, 0, 2, 0, 0, 0, 0, 0, 0, 0, 0, 0, 2, 0, 0, 0, 0, 0, 0, 0, 1, 1, 0, 1, 1, 0, 2, 2, 0, 0, 1, 0, 0, 0, 0, 1, 0, 0, 2, 2, 2, 0, 0, 0, 0, 0, 0, 0, 0, 0, 2, 2, 3, 0, 2, 1, 2, 1, 4, 3, 6, 5, 3, 3, 2, 2, 4, 6, 668, 0, 0, 0, 0, 0, 0]",4,14.533520125367872,-1,0
4155,"[1, 1, 0, 1, 6, 4, 0, 1, 0, 1, 0, 0, 1, 0, 2, 0, 0, 0, 0, 0, 0, 0, 0, 0, 2, 0, 0, 0, 0, 0, 0, 0, 1, 1, 0, 1, 1, 0, 2, 2, 0, 0, 1, 0, 0, 0, 0, 1, 0, 0, 2, 2, 2, 0, 0, 0, 0, 0, 0, 0, 0, 0, 2, 2, 3, 0, 2, 1, 2, 1, 4, 3, 6, 5, 3, 3, 2, 2, 4, 6, 669, 0, 0, 0, 0, 0, 0]",4,12.519911293275943,-1,1
4156,"[1, 1, 0, 1, 6, 4, 0, 1, 0, 1, 0, 0, 1, 0, 2, 0, 0, 0, 0, 0, 0, 0, 0, 0, 2, 0, 0, 0, 0, 0, 0, 0, 1, 1, 0, 1, 1, 0, 2, 2, 0, 0, 1, 0, 0, 0, 0, 1, 0, 0, 2, 2, 2, 0, 0, 0, 0, 0, 0, 0, 0, 0, 2, 2, 3, 0, 2, 1, 2, 1, 4, 3, 6, 5, 3, 3, 2, 2, 4, 6, 670, 0, 0, 0, 0, 0, 0]",4,14.533517613656075,-1,0
4157,"[1, 1, 0, 1, 8, 4, 0, 1, 0, 1, 0, 0, 1, 0, 2, 0, 0, 0, 0, 0, 0, 0, 0, 0, 2, 0, 0, 0, 0, 0, 0, 0, 1, 1, 0, 1, 1, 0, 2, 2, 0, 0, 1, 0, 0, 0, 0, 1, 0, 0, 2, 2, 2, 0, 0, 0, 0, 0, 0, 0, 0, 0, 2, 2, 3, 0, 2, 1, 2, 1, 4, 3, 6, 5, 3, 3, 2, 2, 4, 6, 671, 0, 0, 0, 0, 0, 0]",4,12.452486773472991,-1,1
4158,"[1, 1, 0, 1, 8, 4, 0, 1, 0, 1, 0, 0, 1, 0, 2, 0, 0, 0, 0, 0, 0, 0, 0, 0, 2, 0, 0, 0, 0, 0, 0, 0, 1, 1, 0, 1, 1, 0, 2, 2, 0, 0, 1, 0, 0, 0, 0, 1, 0, 0, 2, 2, 2, 0, 0, 0, 0, 0, 0, 0, 0, 0, 2, 2, 3, 0, 2, 1, 2, 1, 4, 3, 6, 5, 3, 3, 2, 2, 4, 6, 671, 1, 0, 0, 0, 0, 0]",3,0.20000000131498852,-1,0
4159,"[1, 1, 0, 1, 8, 4, 0, 1, 0, 1, 0, 0, 1, 0, 2, 0, 0, 0, 0, 0, 0, 0, 0, 0, 2, 0, 0, 0, 0, 0, 0, 0, 1, 1, 0, 1, 1, 0, 2, 2, 0, 0, 1, 0, 0, 0, 0, 1, 0, 0, 2, 2, 2, 0, 0, 0, 0, 0, 0, 0, 0, 0, 2, 2, 3, 0, 2, 1, 2, 1, 4, 3, 6, 5, 3, 3, 2, 2, 4, 6, 671, 0, 0, 0, 0, 0, 0]",-1,-6.0933206230087614e-05,-1,0
4160,"[1, 1, 0, 1, 8, 4, 0, 1, 0, 1, 0, 0, 1, 0, 2, 0, 0, 0, 0, 0, 0, 0, 0, 0, 2, 0, 0, 0, 0, 0, 0, 0, 1, 1, 0, 1, 1, 0, 2, 2, 0, 0, 1, 0, 0, 0, 0, 1, 0, 0, 2, 2, 2, 0, 0, 0, 0, 0, 0, 0, 0, 0, 2, 2, 3, 0, 2, 1, 2, 1, 4, 3, 6, 5, 3, 3, 2, 2, 4, 6, 671, 0, 1, 0, 0, 0, 0]",2,0.4000000013149885,-1,0
4161,"[1, 1, 0, 1, 8, 4, 0, 1, 0, 1, 0, 0, 1, 0, 2, 0, 0, 0, 0, 0, 0, 0, 0, 0, 2, 0, 0, 0, 0, 0, 0, 0, 1, 1, 0, 1, 1, 0, 2, 2, 0, 0, 1, 0, 0, 0, 0, 1, 0, 0, 2, 2, 2, 0, 0, 0, 0, 0, 0, 0, 0, 0, 2, 2, 3, 0, 2, 1, 2, 1, 4, 3, 6, 5, 3, 3, 2, 2, 4, 6, 671, 0, 0, 0, 0, 0, 0]",-1,-6.0933206230087614e-05,-1,0
4162,"[1, 1, 0, 1, 8, 4, 0, 1, 0, 1, 0, 0, 1, 0, 2, 0, 0, 0, 0, 0, 0, 0, 0, 0, 2, 0, 0, 0, 0, 0, 0, 0, 1, 1, 0, 1, 1, 0, 2, 2, 0, 0, 1, 0, 0, 0, 0, 1, 0, 0, 2, 2, 2, 0, 0, 0, 0, 0, 0, 0, 0, 0, 2, 2, 3, 0, 2, 1, 2, 1, 4, 3, 6, 5, 3, 3, 2, 2, 4, 6, 671, 0, 0, 0, 0, 0, 0]",1,0.6096241164146052,-1,0
4163,"[1, 1, 0, 1, 8, 4, 0, 1, 0, 1, 0, 0, 1, 0, 2, 0, 0, 0, 0, 0, 0, 0, 0, 0, 2, 0, 0, 0, 0, 0, 0, 0, 1, 1, 0, 1, 1, 0, 2, 2, 0, 0, 1, 0, 0, 0, 0, 1, 0, 0, 2, 2, 2, 0, 0, 0, 0, 0, 0, 0, 0, 0, 2, 2, 3, 0, 2, 1, 2, 1, 4, 3, 6, 5, 3, 3, 2, 2, 4, 6, 671, 0, 0, 0, 0, 0, 0]",-1,-6.0933206230087614e-05,-1,0
4164,"[1, 1, 0, 1, 8, 4, 0, 1, 0, 1, 0, 0, 1, 0, 2, 0, 0, 0, 0, 0, 0, 0, 0, 0, 2, 0, 0, 0, 0, 0, 0, 0, 1, 1, 0, 1, 1, 0, 2, 2, 0, 0, 1, 0, 0, 0, 0, 1, 0, 0, 2, 2, 2, 0, 0, 0, 0, 0, 0, 0, 0, 0, 2, 2, 3, 0, 2, 1, 2, 1, 4, 3, 6, 5, 3, 3, 2, 2, 4, 6, 671, 0, 1, 0, 0, 0, 0]",2,0.4000000013149885,-1,0
4165,"[1, 1, 0, 1, 8, 4, 0, 1, 0, 1, 0, 0, 1, 0, 2, 0, 0, 0, 0, 0, 0, 0, 0, 0, 2, 0, 0, 0, 0, 0, 0, 0, 1, 1, 0, 1, 1, 0, 2, 2, 0, 0, 1, 0, 0, 0, 0, 1, 0, 0, 2, 2, 2, 0, 0, 0, 0, 0, 0, 0, 0, 0, 2, 2, 3, 0, 2, 1, 2, 1, 4, 3, 6, 5, 3, 3, 2, 2, 4, 6, 671, 0, 0, 0, 0, 0, 0]",-1,-6.0933206230087614e-05,-1,0
4166,"[1, 1, 0, 1, 8, 4, 0, 1, 0, 1, 0, 0, 1, 0, 2, 0, 0, 0, 0, 0, 0, 0, 0, 0, 2, 0, 0, 0, 0, 0, 0, 0, 1, 1, 0, 1, 1, 0, 2, 2, 0, 0, 1, 0, 0, 0, 0, 1, 0, 0, 2, 2, 2, 0, 0, 0, 0, 0, 0, 0, 0, 0, 2, 2, 3, 0, 2, 1, 2, 1, 4, 3, 6, 5, 3, 3, 2, 2, 4, 6, 671, 0, 0, 0, 0, 0, 0]",1,0.6096241164146052,-1,0
4167,"[1, 1, 0, 1, 8, 4, 0, 1, 0, 1, 0, 0, 1, 0, 2, 0, 0, 0, 0, 0, 0, 0, 0, 0, 2, 0, 0, 0, 0, 0, 0, 0, 1, 1, 0, 1, 1, 0, 2, 2, 0, 0, 1, 0, 0, 0, 0, 1, 0, 0, 2, 2, 2, 0, 0, 0, 0, 0, 0, 0, 0, 0, 2, 2, 3, 0, 2, 1, 2, 1, 4, 3, 6, 5, 3, 3, 2, 2, 4, 6, 671, 0, 0, 0, 0, 0, 0]",-1,-6.0933206230087614e-05,-1,0
4168,"[1, 1, 0, 1, 8, 4, 0, 1, 0, 1, 0, 0, 1, 0, 2, 0, 0, 0, 0, 0, 0, 0, 0, 0, 2, 0, 0, 0, 0, 0, 0, 0, 1, 1, 0, 1, 1, 0, 2, 2, 0, 0, 1, 0, 0, 0, 0, 1, 0, 0, 2, 2, 2, 0, 0, 0, 0, 0, 0, 0, 0, 0, 2, 2, 3, 0, 2, 1, 2, 1, 4, 3, 6, 5, 3, 3, 2, 2, 4, 6, 671, 0, 0, 0, 0, 0, 0]",1,0.6096241164146052,-1,0
4169,"[1, 1, 0, 1, 8, 4, 0, 1, 0, 1, 0, 0, 1, 0, 2, 0, 0, 0, 0, 0, 0, 0, 0, 0, 2, 0, 0, 0, 0, 0, 0, 0, 1, 1, 0, 1, 1, 0, 2, 2, 0, 0, 1, 0, 0, 0, 0, 1, 0, 0, 2, 2, 2, 0, 0, 0, 0, 0, 0, 0, 0, 0, 2, 2, 3, 0, 2, 1, 2, 1, 4, 3, 6, 5, 3, 3, 2, 2, 4, 6, 671, 0, 0, 0, 0, 0, 0]",-1,-6.0933206230087614e-05,-1,0
4170,"[1, 1, 0, 1, 8, 4, 0, 1, 0, 1, 0, 0, 1, 0, 2, 0, 0, 0, 0, 0, 0, 0, 0, 0, 2, 0, 0, 0, 0, 0, 0, 0, 1, 1, 0, 1, 1, 0, 2, 2, 0, 0, 1, 0, 0, 0, 0, 1, 0, 0, 2, 2, 2, 0, 0, 0, 0, 0, 0, 0, 0, 0, 2, 2, 3, 0, 2, 1, 2, 1, 4, 3, 6, 5, 3, 3, 2, 2, 4, 6, 671, 0, 1, 0, 0, 0, 0]",2,0.4000000013149885,-1,0
4171,"[1, 1, 0, 1, 8, 4, 0, 1, 0, 1, 0, 0, 1, 0, 2, 0, 0, 0, 0, 0, 0, 0, 0, 0, 2, 0, 0, 0, 0, 0, 0, 0, 1, 1, 0, 1, 1, 0, 2, 2, 0, 0, 1, 0, 0, 0, 0, 1, 0, 0, 2, 2, 2, 0, 0, 0, 0, 0, 0, 0, 0, 0, 2, 2, 3, 0, 2, 1, 2, 1, 4, 3, 6, 5, 3, 3, 2, 2, 4, 6, 671, 0, 0, 0, 0, 0, 0]",-1,-6.0933206230087614e-05,-1,0
4172,"[1, 1, 0, 1, 8, 4, 0, 1, 0, 1, 0, 0, 1, 0, 2, 0, 0, 0, 0, 0, 0, 0, 0, 0, 2, 0, 0, 0, 0, 0, 0, 0, 1, 1, 0, 1, 1, 0, 2, 2, 0, 0, 1, 0, 0, 0, 0, 1, 0, 0, 2, 2, 2, 0, 0, 0, 0, 0, 0, 0, 0, 0, 2, 2, 3, 0, 2, 1, 2, 1, 4, 3, 6, 5, 3, 3, 2, 2, 4, 6, 671, 1, 0, 0, 0, 0, 0]",3,0.20000000131498852,-1,0
4173,"[1, 1, 0, 1, 8, 4, 0, 1, 0, 1, 0, 0, 1, 0, 2, 0, 0, 0, 0, 0, 0, 0, 0, 0, 2, 0, 0, 0, 0, 0, 0, 0, 1, 1, 0, 1, 1, 0, 2, 2, 0, 0, 1, 0, 0, 0, 0, 1, 0, 0, 2, 2, 2, 0, 0, 0, 0, 0, 0, 0, 0, 0, 2, 2, 3, 0, 2, 1, 2, 1, 4, 3, 6, 5, 3, 3, 2, 2, 4, 6, 671, 0, 0, 0, 0, 0, 0]",-1,-6.0933206230087614e-05,-1,0
4174,"[1, 1, 0, 1, 10, 4, 0, 1, 0, 1, 0, 0, 1, 0, 2, 0, 0, 0, 0, 0, 0, 0, 0, 0, 2, 0, 0, 0, 0, 0, 0, 0, 1, 1, 0, 1, 1, 0, 2, 2, 0, 0, 1, 0, 0, 0, 0, 1, 0, 0, 2, 2, 2, 0, 0, 0, 0, 0, 0, 0, 0, 0, 2, 2, 3, 0, 2, 1, 2, 1, 4, 3, 6, 5, 3, 3, 2, 2, 4, 6, 672, 0, 0, 0, 0, 0, 0]",4,14.533515151686013,-1,0
4175,"[1, 1, 0, 1, 10, 4, 0, 1, 0, 1, 0, 0, 1, 0, 2, 0, 0, 0, 0, 0, 0, 0, 0, 0, 2, 0, 0, 0, 0, 0, 0, 0, 1, 1, 0, 1, 1, 0, 2, 2, 0, 0, 1, 0, 0, 0, 0, 1, 0, 0, 2, 2, 2, 0, 0, 0, 0, 0, 0, 0, 0, 0, 2, 2, 3, 0, 2, 1, 2, 1, 4, 3, 6, 5, 3, 3, 2, 2, 4, 6, 672, 0, 0, 0, 0, 0, 0]",0,0.29497474809401036,-1,1
4176,"[1, 1, 0, 1, 10, 4, 0, 1, 0, 1, 0, 0, 1, 0, 2, 0, 0, 0, 0, 0, 0, 0, 0, 0, 2, 0, 0, 0, 0, 0, 0, 0, 1, 1, 0, 1, 1, 0, 2, 2, 0, 0, 1, 0, 0, 0, 0, 1, 0, 0, 2, 2, 2, 0, 0, 0, 0, 0, 0, 0, 0, 0, 2, 2, 3, 0, 2, 1, 2, 1, 4, 3, 6, 5, 3, 3, 2, 2, 4, 6, 672, 0, 0, 0, 0, 0, 0]",-1,-6.032691069790202e-05,-1,1
4177,"[1, 1, 0, 1, 12, 4, 0, 1, 0, 1, 0, 0, 1, 0, 2, 0, 0, 0, 0, 0, 0, 0, 0, 0, 2, 0, 0, 0, 0, 0, 0, 0, 1, 1, 0, 1, 1, 0, 2, 2, 0, 0, 1, 0, 0, 0, 0, 1, 0, 0, 2, 2, 2, 0, 0, 0, 0, 0, 0, 0, 0, 0, 2, 2, 3, 0, 2, 1, 2, 1, 4, 3, 6, 5, 3, 3, 2, 2, 4, 6, 673, 0, 0, 0, 0, 0, 0]",4,12.352039245012707,-1,1
4178,"[1, 1, 0, 1, 12, 4, 0, 1, 0, 1, 0, 0, 1, 0, 2, 0, 0, 0, 0, 0, 0, 0, 0, 0, 2, 0, 0, 0, 0, 0, 0, 0, 1, 1, 0, 1, 1, 0, 2, 2, 0, 0, 1, 0, 0, 0, 0, 1, 0, 0, 2, 2, 2, 0, 0, 0, 0, 0, 0, 0, 0, 0, 2, 2, 3, 0, 2, 1, 2, 1, 4, 3, 6, 5, 3, 3, 2, 2, 4, 6, 673, 1, 0, 0, 0, 0, 0]",3,0.2000000012138874,-1,0
4179,"[1, 1, 0, 1, 12, 4, 0, 1, 0, 1, 0, 0, 1, 0, 2, 0, 0, 0, 0, 0, 0, 0, 0, 0, 2, 0, 0, 0, 0, 0, 0, 0, 1, 1, 0, 1, 1, 0, 2, 2, 0, 0, 1, 0, 0, 0, 0, 1, 0, 0, 2, 2, 2, 0, 0, 0, 0, 0, 0, 0, 0, 0, 2, 2, 3, 0, 2, 1, 2, 1, 4, 3, 6, 5, 3, 3, 2, 2, 4, 6, 673, 0, 0, 0, 0, 0, 0]",-1,-5.9726647907058764e-05,-1,0
4180,"[1, 1, 0, 1, 12, 4, 0, 1, 0, 1, 0, 0, 1, 0, 2, 0, 0, 0, 0, 0, 0, 0, 0, 0, 2, 0, 0, 0, 0, 0, 0, 0, 1, 1, 0, 1, 1, 0, 2, 2, 0, 0, 1, 0, 0, 0, 0, 1, 0, 0, 2, 2, 2, 0, 0, 0, 0, 0, 0, 0, 0, 0, 2, 2, 3, 0, 2, 1, 2, 1, 4, 3, 6, 5, 3, 3, 2, 2, 4, 6, 673, 0, 1, 0, 0, 0, 0]",2,0.40000000121388735,-1,0
4181,"[1, 1, 0, 1, 12, 4, 0, 1, 0, 1, 0, 0, 1, 0, 2, 0, 0, 0, 0, 0, 0, 0, 0, 0, 2, 0, 0, 0, 0, 0, 0, 0, 1, 1, 0, 1, 1, 0, 2, 2, 0, 0, 1, 0, 0, 0, 0, 1, 0, 0, 2, 2, 2, 0, 0, 0, 0, 0, 0, 0, 0, 0, 2, 2, 3, 0, 2, 1, 2, 1, 4, 3, 6, 5, 3, 3, 2, 2, 4, 6, 673, 0, 0, 0, 0, 0, 0]",-1,-5.9726647907058764e-05,-1,0
4182,"[1, 1, 0, 1, 12, 4, 0, 1, 0, 1, 0, 0, 1, 0, 2, 0, 0, 0, 0, 0, 0, 0, 0, 0, 2, 0, 0, 0, 0, 0, 0, 0, 1, 1, 0, 1, 1, 0, 2, 2, 0, 0, 1, 0, 0, 0, 0, 1, 0, 0, 2, 2, 2, 0, 0, 0, 0, 0, 0, 0, 0, 0, 2, 2, 3, 0, 2, 1, 2, 1, 4, 3, 6, 5, 3, 3, 2, 2, 4, 6, 673, 1, 0, 0, 0, 0, 0]",3,0.2000000012138874,-1,0
4183,"[1, 1, 0, 1, 12, 4, 0, 1, 0, 1, 0, 0, 1, 0, 2, 0, 0, 0, 0, 0, 0, 0, 0, 0, 2, 0, 0, 0, 0, 0, 0, 0, 1, 1, 0, 1, 1, 0, 2, 2, 0, 0, 1, 0, 0, 0, 0, 1, 0, 0, 2, 2, 2, 0, 0, 0, 0, 0, 0, 0, 0, 0, 2, 2, 3, 0, 2, 1, 2, 1, 4, 3, 6, 5, 3, 3, 2, 2, 4, 6, 673, 0, 0, 0, 0, 0, 0]",-1,-5.9726647907058764e-05,-1,0
4184,"[1, 1, 0, 1, 12, 4, 0, 1, 0, 1, 0, 0, 1, 0, 2, 0, 0, 0, 0, 0, 0, 0, 0, 0, 2, 0, 0, 0, 0, 0, 0, 0, 1, 1, 0, 1, 1, 0, 2, 2, 0, 0, 1, 0, 0, 0, 0, 1, 0, 0, 2, 2, 2, 0, 0, 0, 0, 0, 0, 0, 0, 0, 2, 2, 3, 0, 2, 1, 2, 1, 4, 3, 6, 5, 3, 3, 2, 2, 4, 6, 673, 1, 0, 0, 0, 0, 0]",3,0.2000000012138874,-1,0
4185,"[1, 1, 0, 1, 12, 4, 0, 1, 0, 1, 0, 0, 1, 0, 2, 0, 0, 0, 0, 0, 0, 0, 0, 0, 2, 0, 0, 0, 0, 0, 0, 0, 1, 1, 0, 1, 1, 0, 2, 2, 0, 0, 1, 0, 0, 0, 0, 1, 0, 0, 2, 2, 2, 0, 0, 0, 0, 0, 0, 0, 0, 0, 2, 2, 3, 0, 2, 1, 2, 1, 4, 3, 6, 5, 3, 3, 2, 2, 4, 6, 673, 0, 0, 0, 0, 0, 0]",-1,-5.9726647907058764e-05,-1,0
4186,"[1, 1, 0, 1, 12, 4, 0, 1, 0, 1, 0, 0, 1, 0, 2, 0, 0, 0, 0, 0, 0, 0, 0, 0, 2, 0, 0, 0, 0, 0, 0, 0, 1, 1, 0, 1, 1, 0, 2, 2, 0, 0, 1, 0, 0, 0, 0, 1, 0, 0, 2, 2, 2, 0, 0, 0, 0, 0, 0, 0, 0, 0, 2, 2, 3, 0, 2, 1, 2, 1, 4, 3, 6, 5, 3, 3, 2, 2, 4, 6, 674, 0, 0, 0, 0, 0, 0]",4,14.533512738472231,-1,0
4187,"[1, 1, 0, 1, 12, 4, 0, 1, 0, 1, 0, 0, 1, 0, 2, 0, 0, 0, 0, 0, 0, 0, 0, 0, 2, 0, 0, 0, 0, 0, 0, 0, 1, 1, 0, 1, 1, 0, 2, 2, 0, 0, 1, 0, 0, 0, 0, 1, 0, 0, 2, 2, 2, 0, 0, 0, 0, 0, 0, 0, 0, 0, 2, 2, 3, 0, 2, 1, 2, 1, 4, 3, 6, 5, 3, 3, 2, 2, 4, 6, 674, 1, 0, 0, 0, 0, 0]",3,0.2000000011662902,-1,1
4188,"[1, 1, 0, 1, 12, 4, 0, 1, 0, 1, 0, 0, 1, 0, 2, 0, 0, 0, 0, 0, 0, 0, 0, 0, 2, 0, 0, 0, 0, 0, 0, 0, 1, 1, 0, 1, 1, 0, 2, 2, 0, 0, 1, 0, 0, 0, 0, 1, 0, 0, 2, 2, 2, 0, 0, 0, 0, 0, 0, 0, 0, 0, 2, 2, 3, 0, 2, 1, 2, 1, 4, 3, 6, 5, 3, 3, 2, 2, 4, 6, 674, 0, 0, 0, 0, 0, 0]",-1,-5.913235783077864e-05,-1,1
4189,"[1, 2, 0, 1, 12, 5, 0, 1, 0, 1, 0, 0, 1, 0, 2, 0, 0, 0, 0, 0, 0, 0, 0, 0, 2, 0, 0, 0, 0, 0, 0, 0, 1, 1, 0, 1, 1, 0, 2, 2, 0, 0, 1, 0, 0, 0, 0, 1, 0, 0, 2, 2, 2, 0, 0, 0, 0, 0, 0, 0, 0, 0, 2, 2, 3, 0, 2, 1, 2, 1, 4, 3, 6, 5, 3, 3, 2, 2, 4, 6, 675, 0, 0, 0, 0, 0, 0]",4,12.38618787260759,-1,1
4190,"[1, 2, 0, 1, 12, 5, 0, 1, 0, 1, 0, 0, 1, 0, 2, 0, 0, 0, 0, 0, 0, 0, 0, 0, 2, 0, 0, 0, 0, 0, 0, 0, 1, 1, 0, 1, 1, 0, 2, 2, 0, 0, 1, 0, 0, 0, 0, 1, 0, 0, 2, 2, 2, 0, 0, 0, 0, 0, 0, 0, 0, 0, 2, 2, 3, 0, 2, 1, 2, 1, 4, 3, 6, 5, 3, 3, 2, 2, 4, 6, 675, 1, 0, 0, 0, 0, 0]",3,0.2000000011205593,-1,0
4191,"[1, 2, 0, 1, 12, 5, 0, 1, 0, 1, 0, 0, 1, 0, 2, 0, 0, 0, 0, 0, 0, 0, 0, 0, 2, 0, 0, 0, 0, 0, 0, 0, 1, 1, 0, 1, 1, 0, 2, 2, 0, 0, 1, 0, 0, 0, 0, 1, 0, 0, 2, 2, 2, 0, 0, 0, 0, 0, 0, 0, 0, 0, 2, 2, 3, 0, 2, 1, 2, 1, 4, 3, 6, 5, 3, 3, 2, 2, 4, 6, 675, 0, 0, 0, 0, 0, 0]",-1,-5.8543981039558724e-05,-1,0
4192,"[1, 2, 0, 1, 12, 5, 0, 1, 0, 1, 0, 0, 1, 0, 2, 0, 0, 0, 0, 0, 0, 0, 0, 0, 2, 0, 0, 0, 0, 0, 0, 0, 1, 1, 0, 1, 1, 0, 2, 2, 0, 0, 1, 0, 0, 0, 0, 1, 0, 0, 2, 2, 2, 0, 0, 0, 0, 0, 0, 0, 0, 0, 2, 2, 3, 0, 2, 1, 2, 1, 4, 3, 6, 5, 3, 3, 2, 2, 4, 6, 675, 0, 0, 0, 0, 0, 0]",1,0.609624116220176,-1,0
4193,"[1, 2, 0, 1, 12, 5, 0, 1, 0, 1, 0, 0, 1, 0, 2, 0, 0, 0, 0, 0, 0, 0, 0, 0, 2, 0, 0, 0, 0, 0, 0, 0, 1, 1, 0, 1, 1, 0, 2, 2, 0, 0, 1, 0, 0, 0, 0, 1, 0, 0, 2, 2, 2, 0, 0, 0, 0, 0, 0, 0, 0, 0, 2, 2, 3, 0, 2, 1, 2, 1, 4, 3, 6, 5, 3, 3, 2, 2, 4, 6, 675, 0, 0, 0, 0, 0, 0]",-1,-5.8543981039558724e-05,-1,0
4194,"[1, 2, 0, 1, 12, 5, 0, 1, 0, 1, 0, 0, 1, 0, 2, 0, 0, 0, 0, 0, 0, 0, 0, 0, 2, 0, 0, 0, 0, 0, 0, 0, 1, 1, 0, 1, 1, 0, 2, 2, 0, 0, 1, 0, 0, 0, 0, 1, 0, 0, 2, 2, 2, 0, 0, 0, 0, 0, 0, 0, 0, 0, 2, 2, 3, 0, 2, 1, 2, 1, 4, 3, 6, 5, 3, 3, 2, 2, 4, 6, 675, 0, 1, 0, 0, 0, 0]",2,0.4000000011205592,-1,0
4195,"[1, 2, 0, 1, 12, 5, 0, 1, 0, 1, 0, 0, 1, 0, 2, 0, 0, 0, 0, 0, 0, 0, 0, 0, 2, 0, 0, 0, 0, 0, 0, 0, 1, 1, 0, 1, 1, 0, 2, 2, 0, 0, 1, 0, 0, 0, 0, 1, 0, 0, 2, 2, 2, 0, 0, 0, 0, 0, 0, 0, 0, 0, 2, 2, 3, 0, 2, 1, 2, 1, 4, 3, 6, 5, 3, 3, 2, 2, 4, 6, 675, 0, 0, 0, 0, 0, 0]",-1,-5.8543981039558724e-05,-1,0
4196,"[1, 2, 0, 1, 12, 5, 0, 1, 0, 1, 0, 0, 1, 0, 2, 0, 0, 0, 0, 0, 0, 0, 0, 0, 2, 0, 0, 0, 0, 0, 0, 0, 1, 1, 0, 1, 1, 0, 2, 2, 0, 0, 1, 0, 0, 0, 0, 1, 0, 0, 2, 2, 2, 0, 0, 0, 0, 0, 0, 0, 0, 0, 2, 2, 3, 0, 2, 1, 2, 1, 4, 3, 6, 5, 3, 3, 2, 2, 4, 6, 675, 0, 0, 0, 0, 0, 0]",1,0.609624116220176,-1,0
4197,"[1, 2, 0, 1, 12, 5, 0, 1, 0, 1, 0, 0, 1, 0, 2, 0, 0, 0, 0, 0, 0, 0, 0, 0, 2, 0, 0, 0, 0, 0, 0, 0, 1, 1, 0, 1, 1, 0, 2, 2, 0, 0, 1, 0, 0, 0, 0, 1, 0, 0, 2, 2, 2, 0, 0, 0, 0, 0, 0, 0, 0, 0, 2, 2, 3, 0, 2, 1, 2, 1, 4, 3, 6, 5, 3, 3, 2, 2, 4, 6, 675, 0, 0, 0, 0, 0, 0]",-1,-5.8543981039558724e-05,-1,0
4198,"[1, 2, 0, 1, 12, 5, 0, 1, 0, 1, 0, 0, 1, 0, 2, 0, 0, 0, 0, 0, 0, 0, 0, 0, 2, 0, 0, 0, 0, 0, 0, 0, 1, 1, 0, 1, 1, 0, 2, 2, 0, 0, 1, 0, 0, 0, 0, 1, 0, 0, 2, 2, 2, 0, 0, 0, 0, 0, 0, 0, 0, 0, 2, 2, 3, 0, 2, 1, 2, 1, 4, 3, 6, 5, 3, 3, 2, 2, 4, 6, 675, 0, 1, 0, 0, 0, 0]",2,0.4000000011205592,-1,0
4199,"[1, 2, 0, 1, 12, 5, 0, 1, 0, 1, 0, 0, 1, 0, 2, 0, 0, 0, 0, 0, 0, 0, 0, 0, 2, 0, 0, 0, 0, 0, 0, 0, 1, 1, 0, 1, 1, 0, 2, 2, 0, 0, 1, 0, 0, 0, 0, 1, 0, 0, 2, 2, 2, 0, 0, 0, 0, 0, 0, 0, 0, 0, 2, 2, 3, 0, 2, 1, 2, 1, 4, 3, 6, 5, 3, 3, 2, 2, 4, 6, 675, 0, 0, 0, 0, 0, 0]",-1,-5.8543981039558724e-05,-1,0
4200,"[1, 1, 0, 1, 6, 2, 0, 1, 0, 1, 0, 0, 1, 0, 2, 0, 0, 0, 0, 0, 0, 0, 0, 0, 2, 0, 0, 0, 0, 0, 0, 0, 1, 1, 0, 1, 1, 0, 2, 2, 0, 0, 1, 0, 0, 0, 0, 1, 0, 0, 2, 2, 2, 0, 0, 0, 0, 0, 0, 0, 0, 0, 2, 2, 3, 0, 2, 1, 2, 1, 4, 3, 6, 5, 3, 3, 2, 2, 4, 2, 676, 0, 0, 0, 0, 0, 0]",4,14.533510373048827,-1,0
4201,"[1, 1, 0, 1, 6, 2, 0, 1, 0, 1, 0, 0, 1, 0, 2, 0, 0, 0, 0, 0, 0, 0, 0, 0, 2, 0, 0, 0, 0, 0, 0, 0, 1, 1, 0, 1, 1, 0, 2, 2, 0, 0, 1, 0, 0, 0, 0, 1, 0, 0, 2, 2, 2, 0, 0, 0, 0, 0, 0, 0, 0, 0, 2, 2, 3, 0, 2, 1, 2, 1, 4, 3, 6, 5, 3, 3, 2, 2, 4, 2, 676, 0, 1, 0, 0, 0, 0]",2,0.4000000010766215,-1,1
4202,"[1, 1, 0, 1, 6, 2, 0, 1, 0, 1, 0, 0, 1, 0, 2, 0, 0, 0, 0, 0, 0, 0, 0, 0, 2, 0, 0, 0, 0, 0, 0, 0, 1, 1, 0, 1, 1, 0, 2, 2, 0, 0, 1, 0, 0, 0, 0, 1, 0, 0, 2, 2, 2, 0, 0, 0, 0, 0, 0, 0, 0, 0, 2, 2, 3, 0, 2, 1, 2, 1, 4, 3, 6, 5, 3, 3, 2, 2, 4, 2, 676, 0, 1, 0, 0, 1, 0]","[[2 1 0 0]
 [1 1 0 1]]",0.6504248661347124,-1,1
4203,"[1, 1, 0, 1, 6, 2, 0, 1, 0, 1, 0, 0, 1, 0, 2, 0, 0, 0, 0, 0, 0, 0, 0, 0, 2, 0, 0, 0, 0, 0, 0, 0, 1, 1, 0, 1, 1, 0, 2, 2, 0, 0, 1, 0, 0, 0, 0, 1, 0, 0, 2, 2, 2, 0, 0, 0, 0, 0, 0, 0, 0, 0, 2, 2, 3, 0, 2, 1, 2, 1, 4, 3, 6, 5, 3, 3, 2, 2, 4, 2, 676, 0, 0, 0, 0, 0, 0]",1,-0.19999999892337847,-1,0
4204,"[1, 1, 0, 1, 6, 3, 0, 1, 0, 1, 0, 0, 1, 0, 2, 0, 0, 0, 0, 0, 0, 0, 0, 0, 2, 0, 0, 0, 0, 0, 0, 0, 1, 1, 0, 1, 1, 0, 2, 2, 0, 0, 1, 0, 0, 0, 0, 1, 0, 0, 2, 2, 2, 0, 0, 0, 0, 0, 0, 0, 0, 0, 2, 2, 3, 0, 2, 1, 2, 1, 4, 3, 6, 5, 3, 3, 2, 2, 4, 2, 677, 0, 0, 0, 0, 0, 0]",4,12.503966953101123,-1,1
4205,"[1, 1, 0, 1, 6, 3, 0, 1, 0, 1, 0, 0, 1, 0, 2, 0, 0, 0, 0, 0, 0, 0, 0, 0, 2, 0, 0, 0, 0, 0, 0, 0, 1, 1, 0, 1, 1, 0, 2, 2, 0, 0, 1, 0, 0, 0, 0, 1, 0, 0, 2, 2, 2, 0, 0, 0, 0, 0, 0, 0, 0, 0, 2, 2, 3, 0, 2, 1, 2, 1, 4, 3, 6, 5, 3, 3, 2, 2, 4, 2, 677, 0, 0, 0, 0, 0, 0]",1,0.6096241161340233,-1,0
4206,"[1, 1, 0, 1, 6, 3, 0, 1, 0, 1, 0, 0, 1, 0, 2, 0, 0, 0, 0, 0, 0, 0, 0, 0, 2, 0, 0, 0, 0, 0, 0, 0, 1, 1, 0, 1, 1, 0, 2, 2, 0, 0, 1, 0, 0, 0, 0, 1, 0, 0, 2, 2, 2, 0, 0, 0, 0, 0, 0, 0, 0, 0, 2, 2, 3, 0, 2, 1, 2, 1, 4, 3, 6, 5, 3, 3, 2, 2, 4, 2, 677, 0, 0, 0, 0, 0, 0]",-1,-5.7384732545071265e-05,-1,0
4207,"[1, 1, 0, 1, 6, 3, 0, 1, 0, 1, 0, 0, 1, 0, 2, 0, 0, 0, 0, 0, 0, 0, 0, 0, 2, 0, 0, 0, 0, 0, 0, 0, 1, 1, 0, 1, 1, 0, 2, 2, 0, 0, 1, 0, 0, 0, 0, 1, 0, 0, 2, 2, 2, 0, 0, 0, 0, 0, 0, 0, 0, 0, 2, 2, 3, 0, 2, 1, 2, 1, 4, 3, 6, 5, 3, 3, 2, 2, 4, 2, 677, 1, 0, 0, 0, 0, 0]",3,0.2000000010344066,-1,1
4208,"[1, 1, 0, 1, 6, 3, 0, 1, 0, 1, 0, 0, 1, 0, 2, 0, 0, 0, 0, 0, 0, 0, 0, 0, 2, 0, 0, 0, 0, 0, 0, 0, 1, 1, 0, 1, 1, 0, 2, 2, 0, 0, 1, 0, 0, 0, 0, 1, 0, 0, 2, 2, 2, 0, 0, 0, 0, 0, 0, 0, 0, 0, 2, 2, 3, 0, 2, 1, 2, 1, 4, 3, 6, 5, 3, 3, 2, 2, 4, 2, 677, 0, 0, 0, 0, 0, 0]",-1,-5.7384732545071265e-05,-1,1
4209,"[1, 2, 0, 1, 6, 4, 0, 1, 0, 1, 0, 0, 1, 0, 2, 0, 0, 0, 0, 0, 0, 0, 0, 0, 2, 0, 0, 0, 0, 0, 0, 0, 1, 1, 0, 1, 1, 0, 2, 2, 0, 0, 1, 0, 0, 0, 0, 1, 0, 0, 2, 2, 2, 0, 0, 0, 0, 0, 0, 0, 0, 0, 2, 2, 3, 0, 2, 1, 2, 1, 4, 3, 6, 5, 3, 3, 2, 2, 4, 2, 678, 0, 0, 0, 0, 0, 0]",4,12.519900484513116,-1,1
4210,"[1, 2, 0, 1, 6, 4, 0, 1, 0, 1, 0, 0, 1, 0, 2, 0, 0, 0, 0, 0, 0, 0, 0, 0, 2, 0, 0, 0, 0, 0, 0, 0, 1, 1, 0, 1, 1, 0, 2, 2, 0, 0, 1, 0, 0, 0, 0, 1, 0, 0, 2, 2, 2, 0, 0, 0, 0, 0, 0, 0, 0, 0, 2, 2, 3, 0, 2, 1, 2, 1, 4, 3, 6, 5, 3, 3, 2, 2, 4, 2, 678, 0, 1, 0, 0, 0, 0]",2,0.4000000009938469,-1,0
4211,"[1, 2, 0, 1, 6, 4, 0, 1, 0, 1, 0, 0, 1, 0, 2, 0, 0, 0, 0, 0, 0, 0, 0, 0, 2, 0, 0, 0, 0, 0, 0, 0, 1, 1, 0, 1, 1, 0, 2, 2, 0, 0, 1, 0, 0, 0, 0, 1, 0, 0, 2, 2, 2, 0, 0, 0, 0, 0, 0, 0, 0, 0, 2, 2, 3, 0, 2, 1, 2, 1, 4, 3, 6, 5, 3, 3, 2, 2, 4, 2, 678, 0, 0, 0, 0, 0, 0]",-1,-5.6813744915988295e-05,-1,0
4212,"[1, 2, 0, 1, 6, 4, 0, 1, 0, 1, 0, 0, 1, 0, 2, 0, 0, 0, 0, 0, 0, 0, 0, 0, 2, 0, 0, 0, 0, 0, 0, 0, 1, 1, 0, 1, 1, 0, 2, 2, 0, 0, 1, 0, 0, 0, 0, 1, 0, 0, 2, 2, 2, 0, 0, 0, 0, 0, 0, 0, 0, 0, 2, 2, 3, 0, 2, 1, 2, 1, 4, 3, 6, 5, 3, 3, 2, 2, 4, 2, 678, 0, 1, 0, 0, 0, 0]",2,0.4000000009938469,-1,0
4213,"[1, 2, 0, 1, 6, 4, 0, 1, 0, 1, 0, 0, 1, 0, 2, 0, 0, 0, 0, 0, 0, 0, 0, 0, 2, 0, 0, 0, 0, 0, 0, 0, 1, 1, 0, 1, 1, 0, 2, 2, 0, 0, 1, 0, 0, 0, 0, 1, 0, 0, 2, 2, 2, 0, 0, 0, 0, 0, 0, 0, 0, 0, 2, 2, 3, 0, 2, 1, 2, 1, 4, 3, 6, 5, 3, 3, 2, 2, 4, 2, 678, 0, 0, 0, 0, 0, 0]",-1,-5.6813744915988295e-05,-1,0
4214,"[1, 3, 0, 1, 6, 5, 0, 1, 0, 1, 0, 0, 1, 0, 2, 0, 0, 0, 0, 0, 0, 0, 0, 0, 2, 0, 0, 0, 0, 0, 0, 0, 1, 1, 0, 1, 1, 0, 2, 2, 0, 0, 1, 0, 0, 0, 0, 1, 0, 0, 2, 2, 2, 0, 0, 0, 0, 0, 0, 0, 0, 0, 2, 2, 3, 0, 2, 1, 2, 1, 4, 3, 6, 5, 3, 3, 2, 2, 4, 2, 679, 0, 0, 0, 0, 0, 0]",4,14.11306909476014,-1,0
4215,"[1, 3, 0, 1, 6, 5, 0, 1, 0, 1, 0, 0, 1, 0, 2, 0, 0, 0, 0, 0, 0, 0, 0, 0, 2, 0, 0, 0, 0, 0, 0, 0, 1, 1, 0, 1, 1, 0, 2, 2, 0, 0, 1, 0, 0, 0, 0, 1, 0, 0, 2, 2, 2, 0, 0, 0, 0, 0, 0, 0, 0, 0, 2, 2, 3, 0, 2, 1, 2, 1, 4, 3, 6, 5, 3, 3, 2, 2, 4, 2, 679, 0, 0, 0, 0, 0, 0]",0,0.29497474778546096,-1,1
4216,"[1, 3, 0, 1, 6, 5, 0, 1, 0, 1, 0, 0, 1, 0, 2, 0, 0, 0, 0, 0, 0, 0, 0, 0, 2, 0, 0, 0, 0, 0, 0, 0, 1, 1, 0, 1, 1, 0, 2, 2, 0, 0, 1, 0, 0, 0, 0, 1, 0, 0, 2, 2, 2, 0, 0, 0, 0, 0, 0, 0, 0, 0, 2, 2, 3, 0, 2, 1, 2, 1, 4, 3, 6, 5, 3, 3, 2, 2, 4, 2, 679, 0, 0, 0, 0, 0, 0]",-1,-5.624843870874187e-05,-1,1
4217,"[1, 4, 0, 1, 6, 6, 0, 1, 0, 1, 0, 0, 1, 0, 2, 0, 0, 0, 0, 0, 0, 0, 0, 0, 2, 0, 0, 0, 0, 0, 0, 0, 1, 1, 0, 1, 1, 0, 2, 2, 0, 0, 1, 0, 0, 0, 0, 1, 0, 0, 2, 2, 2, 0, 0, 0, 0, 0, 0, 0, 0, 0, 2, 2, 3, 0, 2, 1, 2, 1, 4, 3, 6, 5, 3, 3, 2, 2, 4, 2, 680, 0, 0, 0, 0, 0, 0]",4,12.513343182863155,-1,1
4218,"[1, 4, 0, 1, 6, 6, 0, 1, 0, 1, 0, 0, 1, 0, 2, 0, 0, 0, 0, 0, 0, 0, 0, 0, 2, 0, 0, 0, 0, 0, 0, 0, 1, 1, 0, 1, 1, 0, 2, 2, 0, 0, 1, 0, 0, 0, 0, 1, 0, 0, 2, 2, 2, 0, 0, 0, 0, 0, 0, 0, 0, 0, 2, 2, 3, 0, 2, 1, 2, 1, 4, 3, 6, 5, 3, 3, 2, 2, 4, 2, 680, 1, 0, 0, 0, 0, 0]",3,0.20000000091743636,-1,0
4219,"[1, 4, 0, 1, 6, 6, 0, 1, 0, 1, 0, 0, 1, 0, 2, 0, 0, 0, 0, 0, 0, 0, 0, 0, 2, 0, 0, 0, 0, 0, 0, 0, 1, 1, 0, 1, 1, 0, 2, 2, 0, 0, 1, 0, 0, 0, 0, 1, 0, 0, 2, 2, 2, 0, 0, 0, 0, 0, 0, 0, 0, 0, 2, 2, 3, 0, 2, 1, 2, 1, 4, 3, 6, 5, 3, 3, 2, 2, 4, 2, 680, 0, 0, 0, 0, 0, 0]",-1,-5.5688757392240165e-05,-1,0
4220,"[1, 4, 0, 1, 6, 6, 0, 1, 0, 1, 0, 0, 1, 0, 2, 0, 0, 0, 0, 0, 0, 0, 0, 0, 2, 0, 0, 0, 0, 0, 0, 0, 1, 1, 0, 1, 1, 0, 2, 2, 0, 0, 1, 0, 0, 0, 0, 1, 0, 0, 2, 2, 2, 0, 0, 0, 0, 0, 0, 0, 0, 0, 2, 2, 3, 0, 2, 1, 2, 1, 4, 3, 6, 5, 3, 3, 2, 2, 4, 2, 680, 0, 1, 0, 0, 0, 0]",2,0.4000000009174363,-1,0
4221,"[1, 4, 0, 1, 6, 6, 0, 1, 0, 1, 0, 0, 1, 0, 2, 0, 0, 0, 0, 0, 0, 0, 0, 0, 2, 0, 0, 0, 0, 0, 0, 0, 1, 1, 0, 1, 1, 0, 2, 2, 0, 0, 1, 0, 0, 0, 0, 1, 0, 0, 2, 2, 2, 0, 0, 0, 0, 0, 0, 0, 0, 0, 2, 2, 3, 0, 2, 1, 2, 1, 4, 3, 6, 5, 3, 3, 2, 2, 4, 2, 680, 0, 0, 0, 0, 0, 0]",-1,-5.5688757392240165e-05,-1,0
4222,"[1, 4, 0, 1, 6, 6, 0, 1, 0, 1, 0, 0, 1, 0, 2, 0, 0, 0, 0, 0, 0, 0, 0, 0, 2, 0, 0, 0, 0, 0, 0, 0, 1, 1, 0, 1, 1, 0, 2, 2, 0, 0, 1, 0, 0, 0, 0, 1, 0, 0, 2, 2, 2, 0, 0, 0, 0, 0, 0, 0, 0, 0, 2, 2, 3, 0, 2, 1, 2, 1, 4, 3, 6, 5, 3, 3, 2, 2, 4, 2, 680, 0, 0, 0, 0, 0, 0]",1,0.609624116017053,-1,0
4223,"[1, 4, 0, 1, 6, 6, 0, 1, 0, 1, 0, 0, 1, 0, 2, 0, 0, 0, 0, 0, 0, 0, 0, 0, 2, 0, 0, 0, 0, 0, 0, 0, 1, 1, 0, 1, 1, 0, 2, 2, 0, 0, 1, 0, 0, 0, 0, 1, 0, 0, 2, 2, 2, 0, 0, 0, 0, 0, 0, 0, 0, 0, 2, 2, 3, 0, 2, 1, 2, 1, 4, 3, 6, 5, 3, 3, 2, 2, 4, 2, 680, 0, 0, 0, 0, 0, 0]",-1,-5.5688757392240165e-05,-1,0
4224,"[1, 4, 0, 1, 6, 6, 0, 1, 0, 1, 0, 0, 1, 0, 2, 0, 0, 0, 0, 0, 0, 0, 0, 0, 2, 0, 0, 0, 0, 0, 0, 0, 1, 1, 0, 1, 1, 0, 2, 2, 0, 0, 1, 0, 0, 0, 0, 1, 0, 0, 2, 2, 2, 0, 0, 0, 0, 0, 0, 0, 0, 0, 2, 2, 3, 0, 2, 1, 2, 1, 4, 3, 6, 5, 3, 3, 2, 2, 4, 2, 680, 0, 1, 0, 0, 0, 0]",2,0.4000000009174363,-1,0
4225,"[1, 4, 0, 1, 6, 6, 0, 1, 0, 1, 0, 0, 1, 0, 2, 0, 0, 0, 0, 0, 0, 0, 0, 0, 2, 0, 0, 0, 0, 0, 0, 0, 1, 1, 0, 1, 1, 0, 2, 2, 0, 0, 1, 0, 0, 0, 0, 1, 0, 0, 2, 2, 2, 0, 0, 0, 0, 0, 0, 0, 0, 0, 2, 2, 3, 0, 2, 1, 2, 1, 4, 3, 6, 5, 3, 3, 2, 2, 4, 2, 680, 0, 0, 0, 0, 0, 0]",-1,-5.5688757392240165e-05,-1,0
4226,"[1, 4, 0, 1, 6, 6, 0, 1, 0, 1, 0, 0, 1, 0, 2, 0, 0, 0, 0, 0, 0, 0, 0, 0, 2, 0, 0, 0, 0, 0, 0, 0, 1, 1, 0, 1, 1, 0, 2, 2, 0, 0, 1, 0, 0, 0, 0, 1, 0, 0, 2, 2, 2, 0, 0, 0, 0, 0, 0, 0, 0, 0, 2, 2, 3, 0, 2, 1, 2, 1, 4, 3, 6, 5, 3, 3, 2, 2, 4, 2, 680, 1, 0, 0, 0, 0, 0]",3,0.20000000091743636,-1,0
4227,"[1, 4, 0, 1, 6, 6, 0, 1, 0, 1, 0, 0, 1, 0, 2, 0, 0, 0, 0, 0, 0, 0, 0, 0, 2, 0, 0, 0, 0, 0, 0, 0, 1, 1, 0, 1, 1, 0, 2, 2, 0, 0, 1, 0, 0, 0, 0, 1, 0, 0, 2, 2, 2, 0, 0, 0, 0, 0, 0, 0, 0, 0, 2, 2, 3, 0, 2, 1, 2, 1, 4, 3, 6, 5, 3, 3, 2, 2, 4, 2, 680, 0, 0, 0, 0, 0, 0]",-1,-5.5688757392240165e-05,-1,0
4228,"[1, 4, 0, 1, 6, 6, 0, 1, 0, 1, 0, 0, 1, 0, 2, 0, 0, 0, 0, 0, 0, 0, 0, 0, 2, 0, 0, 0, 0, 0, 0, 0, 1, 1, 0, 1, 1, 0, 2, 2, 0, 0, 1, 0, 0, 0, 0, 1, 0, 0, 2, 2, 2, 0, 0, 0, 0, 0, 0, 0, 0, 0, 2, 2, 3, 0, 2, 1, 2, 1, 4, 3, 6, 5, 3, 3, 2, 2, 4, 2, 681, 0, 0, 0, 0, 0, 0]",4,13.945879604985537,-1,0
4229,"[1, 4, 0, 1, 6, 6, 0, 1, 0, 1, 0, 0, 1, 0, 2, 0, 0, 0, 0, 0, 0, 0, 0, 0, 2, 0, 0, 0, 0, 0, 0, 0, 1, 1, 0, 1, 1, 0, 2, 2, 0, 0, 1, 0, 0, 0, 0, 1, 0, 0, 2, 2, 2, 0, 0, 0, 0, 0, 0, 0, 0, 0, 2, 2, 3, 0, 2, 1, 2, 1, 4, 3, 6, 5, 3, 3, 2, 2, 4, 2, 681, 0, 1, 0, 0, 0, 0]",2,0.40000000088146315,-1,1
4230,"[1, 4, 0, 1, 6, 6, 0, 1, 0, 1, 0, 0, 1, 0, 2, 0, 0, 0, 0, 0, 0, 0, 0, 0, 2, 0, 0, 0, 0, 0, 0, 0, 1, 1, 0, 1, 1, 0, 2, 2, 0, 0, 1, 0, 0, 0, 0, 1, 0, 0, 2, 2, 2, 0, 0, 0, 0, 0, 0, 0, 0, 0, 2, 2, 3, 0, 2, 1, 2, 1, 4, 3, 6, 5, 3, 3, 2, 2, 4, 2, 681, 0, 1, 0, 0, 1, 0]","[[2 1 0 0]
 [1 4 0 1]]",2.189208945295204,-1,1
4231,"[2, 1, 0, 0, 5, 9, 0, 2, 0, 1, 0, 0, 1, 0, 2, 0, 0, 0, 0, 0, 0, 0, 0, 0, 2, 0, 0, 0, 0, 0, 0, 0, 1, 1, 0, 1, 1, 0, 2, 2, 0, 0, 1, 0, 0, 0, 0, 1, 0, 0, 2, 2, 2, 0, 0, 0, 0, 0, 0, 0, 0, 0, 2, 2, 3, 0, 2, 1, 2, 1, 4, 3, 6, 5, 3, 3, 2, 2, 4, 2, 681, 0, 0, 0, 0, 0, 0]",0,-0.19999999911853686,-1,0
4232,"[1, 1, 0, 0, 2, 4, 0, 1, 0, 1, 0, 0, 1, 0, 2, 0, 0, 0, 0, 0, 0, 0, 0, 0, 2, 0, 0, 0, 0, 0, 0, 0, 1, 1, 0, 1, 1, 0, 2, 2, 0, 0, 1, 0, 0, 0, 0, 1, 0, 0, 2, 2, 2, 0, 0, 0, 0, 0, 0, 0, 0, 0, 2, 2, 3, 0, 2, 1, 2, 1, 4, 3, 6, 5, 3, 3, 2, 2, 4, 0, 682, 0, 0, 0, 0, 0, 0]",4,12.628696352150541,-1,1
4233,"[1, 1, 0, 0, 2, 4, 0, 1, 0, 1, 0, 0, 1, 0, 2, 0, 0, 0, 0, 0, 0, 0, 0, 0, 2, 0, 0, 0, 0, 0, 0, 0, 1, 1, 0, 1, 1, 0, 2, 2, 0, 0, 1, 0, 0, 0, 0, 1, 0, 0, 2, 2, 2, 0, 0, 0, 0, 0, 0, 0, 0, 0, 2, 2, 3, 0, 2, 1, 2, 1, 4, 3, 6, 5, 3, 3, 2, 2, 4, 0, 682, 1, 0, 0, 0, 0, 0]",3,0.2000000008469005,-1,0
4234,"[1, 1, 0, 0, 2, 4, 0, 1, 0, 1, 0, 0, 1, 0, 2, 0, 0, 0, 0, 0, 0, 0, 0, 0, 2, 0, 0, 0, 0, 0, 0, 0, 1, 1, 0, 1, 1, 0, 2, 2, 0, 0, 1, 0, 0, 0, 0, 1, 0, 0, 2, 2, 2, 0, 0, 0, 0, 0, 0, 0, 0, 0, 2, 2, 3, 0, 2, 1, 2, 1, 4, 3, 6, 5, 3, 3, 2, 2, 4, 0, 682, 0, 0, 0, 0, 0, 0]",-1,-5.458604611397554e-05,-1,0
4235,"[1, 1, 0, 0, 2, 4, 0, 1, 0, 1, 0, 0, 1, 0, 2, 0, 0, 0, 0, 0, 0, 0, 0, 0, 2, 0, 0, 0, 0, 0, 0, 0, 1, 1, 0, 1, 1, 0, 2, 2, 0, 0, 1, 0, 0, 0, 0, 1, 0, 0, 2, 2, 2, 0, 0, 0, 0, 0, 0, 0, 0, 0, 2, 2, 3, 0, 2, 1, 2, 1, 4, 3, 6, 5, 3, 3, 2, 2, 4, 0, 682, 0, 0, 0, 0, 0, 0]",0,0.2949747476774838,-1,1
4236,"[1, 1, 0, 0, 2, 4, 0, 1, 0, 1, 0, 0, 1, 0, 2, 0, 0, 0, 0, 0, 0, 0, 0, 0, 2, 0, 0, 0, 0, 0, 0, 0, 1, 1, 0, 1, 1, 0, 2, 2, 0, 0, 1, 0, 0, 0, 0, 1, 0, 0, 2, 2, 2, 0, 0, 0, 0, 0, 0, 0, 0, 0, 2, 2, 3, 0, 2, 1, 2, 1, 4, 3, 6, 5, 3, 3, 2, 2, 4, 0, 682, 0, 0, 0, 0, 0, 0]",-1,-5.458604611397554e-05,-1,1
4237,"[1, 1, 0, 0, 1, 2, 0, 1, 0, 1, 0, 0, 1, 0, 2, 0, 0, 0, 0, 0, 0, 0, 0, 0, 2, 0, 0, 0, 0, 0, 0, 0, 1, 1, 0, 1, 1, 0, 2, 2, 0, 0, 1, 0, 0, 0, 0, 1, 0, 0, 2, 2, 2, 0, 0, 0, 0, 0, 0, 0, 0, 0, 2, 2, 3, 0, 2, 1, 2, 1, 4, 3, 6, 5, 3, 3, 2, 2, 4, 4, 683, 0, 0, 0, 0, 0, 0]",4,12.973877736279764,-1,1
4238,"[1, 1, 0, 0, 1, 2, 0, 1, 0, 1, 0, 0, 1, 0, 2, 0, 0, 0, 0, 0, 0, 0, 0, 0, 2, 0, 0, 0, 0, 0, 0, 0, 1, 1, 0, 1, 1, 0, 2, 2, 0, 0, 1, 0, 0, 0, 0, 1, 0, 0, 2, 2, 2, 0, 0, 0, 0, 0, 0, 0, 0, 0, 2, 2, 3, 0, 2, 1, 2, 1, 4, 3, 6, 5, 3, 3, 2, 2, 4, 4, 683, 1, 0, 0, 0, 0, 0]",3,0.20000000081369307,-1,0
4239,"[1, 1, 0, 0, 1, 2, 0, 1, 0, 1, 0, 0, 1, 0, 2, 0, 0, 0, 0, 0, 0, 0, 0, 0, 2, 0, 0, 0, 0, 0, 0, 0, 1, 1, 0, 1, 1, 0, 2, 2, 0, 0, 1, 0, 0, 0, 0, 1, 0, 0, 2, 2, 2, 0, 0, 0, 0, 0, 0, 0, 0, 0, 2, 2, 3, 0, 2, 1, 2, 1, 4, 3, 6, 5, 3, 3, 2, 2, 4, 4, 683, 0, 0, 0, 0, 0, 0]",-1,-5.4042905880165926e-05,-1,0
4240,"[1, 1, 0, 0, 1, 2, 0, 1, 0, 1, 0, 0, 1, 0, 2, 0, 0, 0, 0, 0, 0, 0, 0, 0, 2, 0, 0, 0, 0, 0, 0, 0, 1, 1, 0, 1, 1, 0, 2, 2, 0, 0, 1, 0, 0, 0, 0, 1, 0, 0, 2, 2, 2, 0, 0, 0, 0, 0, 0, 0, 0, 0, 2, 2, 3, 0, 2, 1, 2, 1, 4, 3, 6, 5, 3, 3, 2, 2, 4, 4, 683, 1, 0, 0, 0, 0, 0]",3,0.20000000081369307,-1,0
4241,"[1, 1, 0, 0, 1, 2, 0, 1, 0, 1, 0, 0, 1, 0, 2, 0, 0, 0, 0, 0, 0, 0, 0, 0, 2, 0, 0, 0, 0, 0, 0, 0, 1, 1, 0, 1, 1, 0, 2, 2, 0, 0, 1, 0, 0, 0, 0, 1, 0, 0, 2, 2, 2, 0, 0, 0, 0, 0, 0, 0, 0, 0, 2, 2, 3, 0, 2, 1, 2, 1, 4, 3, 6, 5, 3, 3, 2, 2, 4, 4, 683, 0, 0, 0, 0, 0, 0]",-1,-5.4042905880165926e-05,-1,0
4242,"[1, 1, 0, 0, 1, 2, 0, 1, 0, 1, 0, 0, 1, 0, 2, 0, 0, 0, 0, 0, 0, 0, 0, 0, 2, 0, 0, 0, 0, 0, 0, 0, 1, 1, 0, 1, 1, 0, 2, 2, 0, 0, 1, 0, 0, 0, 0, 1, 0, 0, 2, 2, 2, 0, 0, 0, 0, 0, 0, 0, 0, 0, 2, 2, 3, 0, 2, 1, 2, 1, 4, 3, 6, 5, 3, 3, 2, 2, 4, 4, 683, 1, 0, 0, 0, 0, 0]",3,0.20000000081369307,-1,0
4243,"[1, 1, 0, 0, 1, 2, 0, 1, 0, 1, 0, 0, 1, 0, 2, 0, 0, 0, 0, 0, 0, 0, 0, 0, 2, 0, 0, 0, 0, 0, 0, 0, 1, 1, 0, 1, 1, 0, 2, 2, 0, 0, 1, 0, 0, 0, 0, 1, 0, 0, 2, 2, 2, 0, 0, 0, 0, 0, 0, 0, 0, 0, 2, 2, 3, 0, 2, 1, 2, 1, 4, 3, 6, 5, 3, 3, 2, 2, 4, 4, 683, 0, 0, 0, 0, 0, 0]",-1,-5.4042905880165926e-05,-1,0
4244,"[1, 2, 0, 0, 1, 3, 0, 1, 0, 1, 0, 0, 1, 0, 2, 0, 0, 0, 0, 0, 0, 0, 0, 0, 2, 0, 0, 0, 0, 0, 0, 0, 1, 1, 0, 1, 1, 0, 2, 2, 0, 0, 1, 0, 0, 0, 0, 1, 0, 0, 2, 2, 2, 0, 0, 0, 0, 0, 0, 0, 0, 0, 2, 2, 3, 0, 2, 1, 2, 1, 4, 3, 6, 5, 3, 3, 2, 2, 4, 4, 684, 0, 0, 0, 0, 0, 0]",4,14.055776728413532,-1,0
4245,"[1, 2, 0, 0, 1, 3, 0, 1, 0, 1, 0, 0, 1, 0, 2, 0, 0, 0, 0, 0, 0, 0, 0, 0, 2, 0, 0, 0, 0, 0, 0, 0, 1, 1, 0, 1, 1, 0, 2, 2, 0, 0, 1, 0, 0, 0, 0, 1, 0, 0, 2, 2, 2, 0, 0, 0, 0, 0, 0, 0, 0, 0, 2, 2, 3, 0, 2, 1, 2, 1, 4, 3, 6, 5, 3, 3, 2, 2, 4, 4, 684, 0, 0, 0, 0, 0, 0]",0,0.29497474761237097,-1,1
4246,"[1, 2, 0, 0, 1, 3, 0, 1, 0, 1, 0, 0, 1, 0, 2, 0, 0, 0, 0, 0, 0, 0, 0, 0, 2, 0, 0, 0, 0, 0, 0, 0, 1, 1, 0, 1, 1, 0, 2, 2, 0, 0, 1, 0, 0, 0, 0, 1, 0, 0, 2, 2, 2, 0, 0, 0, 0, 0, 0, 0, 0, 0, 2, 2, 3, 0, 2, 1, 2, 1, 4, 3, 6, 5, 3, 3, 2, 2, 4, 4, 684, 0, 0, 0, 0, 0, 0]",-1,-5.350516998198022e-05,-1,1
4247,"[2, 2, 0, 0, 1, 4, 0, 1, 0, 1, 0, 0, 1, 0, 2, 0, 0, 0, 0, 0, 0, 0, 0, 0, 2, 0, 0, 0, 0, 0, 0, 0, 1, 1, 0, 1, 1, 0, 2, 2, 0, 0, 1, 0, 0, 0, 0, 1, 0, 0, 2, 2, 2, 0, 0, 0, 0, 0, 0, 0, 0, 0, 2, 2, 3, 0, 2, 1, 2, 1, 4, 3, 6, 5, 3, 3, 2, 2, 4, 4, 685, 0, 0, 0, 0, 0, 0]",4,12.545875237680386,-1,1
4248,"[3, 2, 0, 0, 1, 5, 0, 1, 0, 1, 0, 0, 1, 0, 2, 0, 0, 0, 0, 0, 0, 0, 0, 0, 2, 0, 0, 0, 0, 0, 0, 0, 1, 1, 0, 1, 1, 0, 2, 2, 0, 0, 1, 0, 0, 0, 0, 1, 0, 0, 2, 2, 2, 0, 0, 0, 0, 0, 0, 0, 0, 0, 2, 2, 3, 0, 2, 1, 2, 1, 4, 3, 6, 5, 3, 3, 2, 2, 4, 4, 686, 0, 0, 0, 0, 0, 0]",4,13.931023903690635,-1,0
4249,"[3, 2, 0, 0, 1, 5, 0, 1, 0, 1, 0, 0, 1, 0, 2, 0, 0, 0, 0, 0, 0, 0, 0, 0, 2, 0, 0, 0, 0, 0, 0, 0, 1, 1, 0, 1, 1, 0, 2, 2, 0, 0, 1, 0, 0, 0, 0, 1, 0, 0, 2, 2, 2, 0, 0, 0, 0, 0, 0, 0, 0, 0, 2, 2, 3, 0, 2, 1, 2, 1, 4, 3, 6, 5, 3, 3, 2, 2, 4, 4, 686, 0, 0, 0, 0, 0, 0]",0,0.29497474755226427,-1,1
4250,"[3, 2, 0, 0, 1, 5, 0, 1, 0, 1, 0, 0, 1, 0, 2, 0, 0, 0, 0, 0, 0, 0, 0, 0, 2, 0, 0, 0, 0, 0, 0, 0, 1, 1, 0, 1, 1, 0, 2, 2, 0, 0, 1, 0, 0, 0, 0, 1, 0, 0, 2, 2, 2, 0, 0, 0, 0, 0, 0, 0, 0, 0, 2, 2, 3, 0, 2, 1, 2, 1, 4, 3, 6, 5, 3, 3, 2, 2, 4, 4, 686, 0, 0, 0, 0, 0, 0]",-1,-5.244569663138941e-05,-1,1
4251,"[3, 2, 0, 0, 1, 5, 0, 1, 0, 1, 0, 0, 1, 0, 2, 0, 0, 0, 0, 0, 0, 0, 0, 0, 2, 0, 0, 0, 0, 0, 0, 0, 1, 1, 0, 1, 1, 0, 2, 2, 0, 0, 1, 0, 0, 0, 0, 1, 0, 0, 2, 2, 2, 0, 0, 0, 0, 0, 0, 0, 0, 0, 2, 2, 3, 0, 2, 1, 2, 1, 4, 3, 6, 5, 3, 3, 2, 2, 4, 4, 687, 0, 0, 0, 0, 0, 0]",4,12.436728153479578,-1,1
4252,"[3, 2, 0, 0, 1, 5, 0, 1, 0, 1, 0, 0, 1, 0, 2, 0, 0, 0, 0, 0, 0, 0, 0, 0, 2, 0, 0, 0, 0, 0, 0, 0, 1, 1, 0, 1, 1, 0, 2, 2, 0, 0, 1, 0, 0, 0, 0, 1, 0, 0, 2, 2, 2, 0, 0, 0, 0, 0, 0, 0, 0, 0, 2, 2, 3, 0, 2, 1, 2, 1, 4, 3, 6, 5, 3, 3, 2, 2, 4, 4, 687, 1, 0, 0, 0, 0, 0]",3,0.2000000006933835,-1,0
4253,"[1, 2, 0, 1, 1, 5, 0, 1, 0, 1, 0, 0, 1, 0, 2, 0, 0, 0, 0, 0, 0, 0, 0, 0, 2, 0, 0, 0, 0, 0, 0, 0, 1, 1, 0, 1, 1, 0, 2, 2, 0, 0, 1, 0, 0, 0, 0, 1, 0, 0, 2, 2, 2, 0, 0, 0, 0, 0, 0, 0, 0, 0, 2, 2, 3, 0, 2, 1, 2, 1, 4, 3, 6, 5, 3, 3, 2, 2, 4, 4, 687, 0, 0, 0, 0, 0, 0]","[[2 0 0 0]
 [0 0 0 1]]",-0.19854231739557546,-1,0
4254,"[1, 2, 0, 1, 1, 5, 0, 2, 0, 1, 0, 0, 1, 0, 2, 0, 0, 0, 0, 0, 0, 0, 0, 0, 2, 0, 0, 0, 0, 0, 0, 0, 1, 1, 0, 1, 1, 0, 2, 2, 0, 0, 1, 0, 0, 0, 0, 1, 0, 0, 2, 2, 2, 0, 0, 0, 0, 0, 0, 0, 0, 0, 2, 2, 3, 0, 2, 1, 2, 1, 4, 3, 6, 5, 3, 3, 2, 2, 4, 4, 688, 0, 0, 0, 0, 0, 0]",4,14.373872411746499,-1,0
4255,"[1, 2, 0, 1, 1, 5, 0, 2, 0, 1, 0, 0, 1, 0, 2, 0, 0, 0, 0, 0, 0, 0, 0, 0, 2, 0, 0, 0, 0, 0, 0, 0, 1, 1, 0, 1, 1, 0, 2, 2, 0, 0, 1, 0, 0, 0, 0, 1, 0, 0, 2, 2, 2, 0, 0, 0, 0, 0, 0, 0, 0, 0, 2, 2, 3, 0, 2, 1, 2, 1, 4, 3, 6, 5, 3, 3, 2, 2, 4, 4, 688, 0, 0, 0, 0, 0, 0]",-1,-5.140720225873649e-05,-1,1
4256,"[1, 2, 0, 1, 1, 5, 0, 2, 0, 1, 0, 0, 1, 0, 2, 0, 0, 0, 0, 0, 0, 0, 0, 0, 2, 0, 0, 0, 0, 0, 0, 0, 1, 1, 0, 1, 1, 0, 2, 2, 0, 0, 1, 0, 0, 0, 0, 1, 0, 0, 2, 2, 2, 0, 0, 0, 0, 0, 0, 0, 0, 0, 2, 2, 3, 0, 2, 1, 2, 1, 4, 3, 6, 5, 3, 3, 2, 2, 4, 4, 688, 0, 0, 0, 0, 0, 0]",-1,-5.140720225873649e-05,-1,1
4257,"[1, 2, 0, 1, 1, 5, 0, 2, 0, 1, 0, 0, 1, 0, 2, 0, 0, 0, 0, 0, 0, 0, 0, 0, 2, 0, 0, 0, 0, 0, 0, 0, 1, 1, 0, 1, 1, 0, 2, 2, 0, 0, 1, 0, 0, 0, 0, 1, 0, 0, 2, 2, 2, 0, 0, 0, 0, 0, 0, 0, 0, 0, 2, 2, 3, 0, 2, 1, 2, 1, 4, 3, 6, 5, 3, 3, 2, 2, 4, 4, 689, 0, 0, 0, 0, 0, 0]",4,12.538154693851272,-1,1
4258,"[1, 2, 0, 1, 1, 5, 0, 2, 0, 1, 0, 0, 1, 0, 2, 0, 0, 0, 0, 0, 0, 0, 0, 0, 2, 0, 0, 0, 0, 0, 0, 0, 1, 1, 0, 1, 1, 0, 2, 2, 0, 0, 1, 0, 0, 0, 0, 1, 0, 0, 2, 2, 2, 0, 0, 0, 0, 0, 0, 0, 0, 0, 2, 2, 3, 0, 2, 1, 2, 1, 4, 3, 6, 5, 3, 3, 2, 2, 4, 4, 689, 0, 0, 0, 0, 0, 0]",1,0.6096241157396903,-1,0
4259,"[1, 2, 0, 1, 1, 5, 0, 2, 0, 1, 0, 0, 1, 0, 2, 0, 0, 0, 0, 0, 0, 0, 0, 0, 2, 0, 0, 0, 0, 0, 0, 0, 1, 1, 0, 1, 1, 0, 2, 2, 0, 0, 1, 0, 0, 0, 0, 1, 0, 0, 2, 2, 2, 0, 0, 0, 0, 0, 0, 0, 0, 0, 2, 2, 3, 0, 2, 1, 2, 1, 4, 3, 6, 5, 3, 3, 2, 2, 4, 4, 689, 0, 0, 0, 0, 0, 0]",-1,-5.0895692049771886e-05,-1,0
4260,"[1, 2, 0, 1, 1, 5, 0, 2, 0, 1, 0, 0, 1, 0, 2, 0, 0, 0, 0, 0, 0, 0, 0, 0, 2, 0, 0, 0, 0, 0, 0, 0, 1, 1, 0, 1, 1, 0, 2, 2, 0, 0, 1, 0, 0, 0, 0, 1, 0, 0, 2, 2, 2, 0, 0, 0, 0, 0, 0, 0, 0, 0, 2, 2, 3, 0, 2, 1, 2, 1, 4, 3, 6, 5, 3, 3, 2, 2, 4, 4, 689, 0, 1, 0, 0, 0, 0]",2,0.40000000064007357,-1,0
4261,"[1, 2, 0, 1, 1, 5, 0, 2, 0, 1, 0, 0, 1, 0, 2, 0, 0, 0, 0, 0, 0, 0, 0, 0, 2, 0, 0, 0, 0, 0, 0, 0, 1, 1, 0, 1, 1, 0, 2, 2, 0, 0, 1, 0, 0, 0, 0, 1, 0, 0, 2, 2, 2, 0, 0, 0, 0, 0, 0, 0, 0, 0, 2, 2, 3, 0, 2, 1, 2, 1, 4, 3, 6, 5, 3, 3, 2, 2, 4, 4, 689, 0, 0, 0, 0, 0, 0]",-1,-5.0895692049771886e-05,-1,0
4262,"[1, 2, 0, 1, 1, 5, 0, 2, 0, 1, 0, 0, 1, 0, 2, 0, 0, 0, 0, 0, 0, 0, 0, 0, 2, 0, 0, 0, 0, 0, 0, 0, 1, 1, 0, 1, 1, 0, 2, 2, 0, 0, 1, 0, 0, 0, 0, 1, 0, 0, 2, 2, 2, 0, 0, 0, 0, 0, 0, 0, 0, 0, 2, 2, 3, 0, 2, 1, 2, 1, 4, 3, 6, 5, 3, 3, 2, 2, 4, 4, 689, 0, 0, 0, 0, 0, 0]",1,0.6096241157396903,-1,0
4263,"[1, 2, 0, 1, 1, 5, 0, 2, 0, 1, 0, 0, 1, 0, 2, 0, 0, 0, 0, 0, 0, 0, 0, 0, 2, 0, 0, 0, 0, 0, 0, 0, 1, 1, 0, 1, 1, 0, 2, 2, 0, 0, 1, 0, 0, 0, 0, 1, 0, 0, 2, 2, 2, 0, 0, 0, 0, 0, 0, 0, 0, 0, 2, 2, 3, 0, 2, 1, 2, 1, 4, 3, 6, 5, 3, 3, 2, 2, 4, 4, 689, 0, 0, 0, 0, 0, 0]",-1,-5.0895692049771886e-05,-1,0
4264,"[1, 2, 0, 1, 1, 5, 0, 2, 0, 1, 0, 0, 1, 0, 2, 0, 0, 0, 0, 0, 0, 0, 0, 0, 2, 0, 0, 0, 0, 0, 0, 0, 1, 1, 0, 1, 1, 0, 2, 2, 0, 0, 1, 0, 0, 0, 0, 1, 0, 0, 2, 2, 2, 0, 0, 0, 0, 0, 0, 0, 0, 0, 2, 2, 3, 0, 2, 1, 2, 1, 4, 3, 6, 5, 3, 3, 2, 2, 4, 4, 689, 0, 0, 0, 0, 0, 0]",1,0.6096241157396903,-1,0
4265,"[1, 2, 0, 1, 1, 5, 0, 2, 0, 1, 0, 0, 1, 0, 2, 0, 0, 0, 0, 0, 0, 0, 0, 0, 2, 0, 0, 0, 0, 0, 0, 0, 1, 1, 0, 1, 1, 0, 2, 2, 0, 0, 1, 0, 0, 0, 0, 1, 0, 0, 2, 2, 2, 0, 0, 0, 0, 0, 0, 0, 0, 0, 2, 2, 3, 0, 2, 1, 2, 1, 4, 3, 6, 5, 3, 3, 2, 2, 4, 4, 689, 0, 0, 0, 0, 0, 0]",-1,-5.0895692049771886e-05,-1,0
4266,"[1, 2, 0, 1, 1, 5, 0, 2, 0, 1, 0, 0, 1, 0, 2, 0, 0, 0, 0, 0, 0, 0, 0, 0, 2, 0, 0, 0, 0, 0, 0, 0, 1, 1, 0, 1, 1, 0, 2, 2, 0, 0, 1, 0, 0, 0, 0, 1, 0, 0, 2, 2, 2, 0, 0, 0, 0, 0, 0, 0, 0, 0, 2, 2, 3, 0, 2, 1, 2, 1, 4, 3, 6, 5, 3, 3, 2, 2, 4, 4, 689, 1, 0, 0, 0, 0, 0]",3,0.20000000064007364,-1,0
4267,"[1, 2, 0, 1, 1, 5, 0, 2, 0, 1, 0, 0, 1, 0, 2, 0, 0, 0, 0, 0, 0, 0, 0, 0, 2, 0, 0, 0, 0, 0, 0, 0, 1, 1, 0, 1, 1, 0, 2, 2, 0, 0, 1, 0, 0, 0, 0, 1, 0, 0, 2, 2, 2, 0, 0, 0, 0, 0, 0, 0, 0, 0, 2, 2, 3, 0, 2, 1, 2, 1, 4, 3, 6, 5, 3, 3, 2, 2, 4, 4, 689, 0, 0, 0, 0, 0, 0]",-1,-5.0895692049771886e-05,-1,0
4268,"[1, 2, 0, 1, 1, 5, 0, 2, 0, 1, 0, 0, 1, 0, 2, 0, 0, 0, 0, 0, 0, 0, 0, 0, 2, 0, 0, 0, 0, 0, 0, 0, 1, 1, 0, 1, 1, 0, 2, 2, 0, 0, 1, 0, 0, 0, 0, 1, 0, 0, 2, 2, 2, 0, 0, 0, 0, 0, 0, 0, 0, 0, 2, 2, 3, 0, 2, 1, 2, 1, 4, 3, 6, 5, 3, 3, 2, 2, 4, 4, 689, 0, 1, 0, 0, 0, 0]",2,0.40000000064007357,-1,0
4269,"[1, 2, 0, 1, 1, 5, 0, 2, 0, 1, 0, 0, 1, 0, 2, 0, 0, 0, 0, 0, 0, 0, 0, 0, 2, 0, 0, 0, 0, 0, 0, 0, 1, 1, 0, 1, 1, 0, 2, 2, 0, 0, 1, 0, 0, 0, 0, 1, 0, 0, 2, 2, 2, 0, 0, 0, 0, 0, 0, 0, 0, 0, 2, 2, 3, 0, 2, 1, 2, 1, 4, 3, 6, 5, 3, 3, 2, 2, 4, 4, 689, 0, 0, 0, 0, 0, 0]",-1,-5.0895692049771886e-05,-1,0
4270,"[1, 2, 0, 1, 1, 5, 0, 2, 0, 1, 0, 0, 1, 0, 2, 0, 0, 0, 0, 0, 0, 0, 0, 0, 2, 0, 0, 0, 0, 0, 0, 0, 1, 1, 0, 1, 1, 0, 2, 2, 0, 0, 1, 0, 0, 0, 0, 1, 0, 0, 2, 2, 2, 0, 0, 0, 0, 0, 0, 0, 0, 0, 2, 2, 3, 0, 2, 1, 2, 1, 4, 3, 6, 5, 3, 3, 2, 2, 4, 4, 689, 1, 0, 0, 0, 0, 0]",3,0.20000000064007364,-1,0
4271,"[1, 2, 0, 1, 1, 5, 0, 2, 0, 1, 0, 0, 1, 0, 2, 0, 0, 0, 0, 0, 0, 0, 0, 0, 2, 0, 0, 0, 0, 0, 0, 0, 1, 1, 0, 1, 1, 0, 2, 2, 0, 0, 1, 0, 0, 0, 0, 1, 0, 0, 2, 2, 2, 0, 0, 0, 0, 0, 0, 0, 0, 0, 2, 2, 3, 0, 2, 1, 2, 1, 4, 3, 6, 5, 3, 3, 2, 2, 4, 4, 689, 0, 0, 0, 0, 0, 0]",-1,-5.0895692049771886e-05,-1,0
4272,"[1, 2, 0, 1, 1, 5, 0, 2, 0, 1, 0, 0, 1, 0, 2, 0, 0, 0, 0, 0, 0, 0, 0, 0, 2, 0, 0, 0, 0, 0, 0, 0, 1, 1, 0, 1, 1, 0, 2, 2, 0, 0, 1, 0, 0, 0, 0, 1, 0, 0, 2, 2, 2, 0, 0, 0, 0, 0, 0, 0, 0, 0, 2, 2, 3, 0, 2, 1, 2, 1, 4, 3, 6, 5, 3, 3, 2, 2, 4, 4, 689, 0, 0, 0, 0, 0, 0]",1,0.6096241157396903,-1,0
4273,"[1, 2, 0, 1, 1, 5, 0, 2, 0, 1, 0, 0, 1, 0, 2, 0, 0, 0, 0, 0, 0, 0, 0, 0, 2, 0, 0, 0, 0, 0, 0, 0, 1, 1, 0, 1, 1, 0, 2, 2, 0, 0, 1, 0, 0, 0, 0, 1, 0, 0, 2, 2, 2, 0, 0, 0, 0, 0, 0, 0, 0, 0, 2, 2, 3, 0, 2, 1, 2, 1, 4, 3, 6, 5, 3, 3, 2, 2, 4, 4, 689, 0, 0, 0, 0, 0, 0]",-1,-5.0895692049771886e-05,-1,0
4274,"[1, 2, 0, 1, 1, 5, 0, 2, 0, 1, 0, 0, 1, 0, 2, 0, 0, 0, 0, 0, 0, 0, 0, 0, 2, 0, 0, 0, 0, 0, 0, 0, 1, 1, 0, 1, 1, 0, 2, 2, 0, 0, 1, 0, 0, 0, 0, 1, 0, 0, 2, 2, 2, 0, 0, 0, 0, 0, 0, 0, 0, 0, 2, 2, 3, 0, 2, 1, 2, 1, 4, 3, 6, 5, 3, 3, 2, 2, 4, 4, 689, 1, 0, 0, 0, 0, 0]",3,0.20000000064007364,-1,0
4275,"[1, 2, 0, 1, 1, 5, 0, 2, 0, 1, 0, 0, 1, 0, 2, 0, 0, 0, 0, 0, 0, 0, 0, 0, 2, 0, 0, 0, 0, 0, 0, 0, 1, 1, 0, 1, 1, 0, 2, 2, 0, 0, 1, 0, 0, 0, 0, 1, 0, 0, 2, 2, 2, 0, 0, 0, 0, 0, 0, 0, 0, 0, 2, 2, 3, 0, 2, 1, 2, 1, 4, 3, 6, 5, 3, 3, 2, 2, 4, 4, 689, 0, 0, 0, 0, 0, 0]",-1,-5.0895692049771886e-05,-1,0
4276,"[1, 2, 0, 1, 1, 5, 0, 2, 0, 1, 0, 0, 1, 0, 2, 0, 0, 0, 0, 0, 0, 0, 0, 0, 2, 0, 0, 0, 0, 0, 0, 0, 1, 1, 0, 1, 1, 0, 2, 2, 0, 0, 1, 0, 0, 0, 0, 1, 0, 0, 2, 2, 2, 0, 0, 0, 0, 0, 0, 0, 0, 0, 2, 2, 3, 0, 2, 1, 2, 1, 4, 3, 6, 5, 3, 3, 2, 2, 4, 4, 689, 0, 1, 0, 0, 0, 0]",2,0.40000000064007357,-1,0
4277,"[1, 2, 0, 1, 1, 5, 0, 2, 0, 1, 0, 0, 1, 0, 2, 0, 0, 0, 0, 0, 0, 0, 0, 0, 2, 0, 0, 0, 0, 0, 0, 0, 1, 1, 0, 1, 1, 0, 2, 2, 0, 0, 1, 0, 0, 0, 0, 1, 0, 0, 2, 2, 2, 0, 0, 0, 0, 0, 0, 0, 0, 0, 2, 2, 3, 0, 2, 1, 2, 1, 4, 3, 6, 5, 3, 3, 2, 2, 4, 4, 689, 0, 0, 0, 0, 0, 0]",-1,-5.0895692049771886e-05,-1,0
4278,"[1, 2, 0, 1, 1, 5, 0, 2, 0, 1, 0, 0, 1, 0, 2, 0, 0, 0, 0, 0, 0, 0, 0, 0, 2, 0, 0, 0, 0, 0, 0, 0, 1, 1, 0, 1, 1, 0, 2, 2, 0, 0, 1, 0, 0, 0, 0, 1, 0, 0, 2, 2, 2, 0, 0, 0, 0, 0, 0, 0, 0, 0, 2, 2, 3, 0, 2, 1, 2, 1, 4, 3, 6, 5, 3, 3, 2, 2, 4, 4, 690, 0, 0, 0, 0, 0, 0]",4,14.373870355372919,-1,0
4279,"[1, 2, 0, 1, 1, 5, 0, 2, 0, 1, 0, 0, 1, 0, 2, 0, 0, 0, 0, 0, 0, 0, 0, 0, 2, 0, 0, 0, 0, 0, 0, 0, 1, 1, 0, 1, 1, 0, 2, 2, 0, 0, 1, 0, 0, 0, 0, 1, 0, 0, 2, 2, 2, 0, 0, 0, 0, 0, 0, 0, 0, 0, 2, 2, 3, 0, 2, 1, 2, 1, 4, 3, 6, 5, 3, 3, 2, 2, 4, 4, 691, 0, 0, 0, 0, 0, 0]",4,12.538152657940449,-1,1
4280,"[1, 2, 0, 1, 1, 5, 0, 3, 0, 1, 0, 0, 1, 0, 2, 0, 0, 0, 0, 0, 0, 0, 0, 0, 2, 0, 0, 0, 0, 0, 0, 0, 1, 1, 0, 1, 1, 0, 2, 2, 0, 0, 1, 0, 0, 0, 0, 1, 0, 0, 2, 2, 2, 0, 0, 0, 0, 0, 0, 0, 0, 0, 2, 2, 3, 0, 2, 1, 2, 1, 4, 3, 6, 5, 3, 3, 2, 2, 4, 4, 692, 0, 0, 0, 0, 0, 0]",4,14.373868339721186,-1,0
4281,"[1, 2, 0, 1, 1, 5, 0, 3, 0, 1, 0, 0, 1, 0, 2, 0, 0, 0, 0, 0, 0, 0, 0, 0, 2, 0, 0, 0, 0, 0, 0, 0, 1, 1, 0, 1, 1, 0, 2, 2, 0, 0, 1, 0, 0, 0, 0, 1, 0, 0, 2, 2, 2, 0, 0, 0, 0, 0, 0, 0, 0, 0, 2, 2, 3, 0, 2, 1, 2, 1, 4, 3, 6, 5, 3, 3, 2, 2, 4, 4, 692, 0, 0, 0, 0, 0, 0]",-1,-4.939149702656148e-05,-1,1
4282,"[1, 2, 0, 1, 1, 5, 0, 3, 0, 1, 0, 0, 1, 0, 2, 0, 0, 0, 0, 0, 0, 0, 0, 0, 2, 0, 0, 0, 0, 0, 0, 0, 1, 1, 0, 1, 1, 0, 2, 2, 0, 0, 1, 0, 0, 0, 0, 1, 0, 0, 2, 2, 2, 0, 0, 0, 0, 0, 0, 0, 0, 0, 2, 2, 3, 0, 2, 1, 2, 1, 4, 3, 6, 5, 3, 3, 2, 2, 4, 4, 692, 0, 0, 0, 0, 0, 0]",-1,-4.939149702656148e-05,-1,1
4283,"[1, 1, 0, 1, 1, 2, 0, 1, 0, 1, 0, 0, 1, 0, 2, 0, 0, 0, 0, 0, 0, 0, 0, 0, 2, 0, 0, 0, 0, 0, 0, 0, 1, 1, 0, 1, 1, 0, 2, 2, 0, 0, 1, 0, 0, 0, 0, 1, 0, 0, 2, 2, 2, 0, 0, 0, 0, 0, 0, 0, 0, 0, 2, 2, 3, 0, 2, 1, 2, 1, 4, 3, 6, 5, 3, 3, 2, 2, 4, 5, 693, 0, 0, 0, 0, 0, 0]",4,12.97386734691333,-1,1
4284,"[1, 1, 0, 1, 1, 2, 0, 1, 0, 1, 0, 0, 1, 0, 2, 0, 0, 0, 0, 0, 0, 0, 0, 0, 2, 0, 0, 0, 0, 0, 0, 0, 1, 1, 0, 1, 1, 0, 2, 2, 0, 0, 1, 0, 0, 0, 0, 1, 0, 0, 2, 2, 2, 0, 0, 0, 0, 0, 0, 0, 0, 0, 2, 2, 3, 0, 2, 1, 2, 1, 4, 3, 6, 5, 3, 3, 2, 2, 4, 5, 693, 0, 0, 0, 0, 0, 0]",1,0.6096241156450515,-1,0
4285,"[1, 1, 0, 1, 1, 2, 0, 1, 0, 1, 0, 0, 1, 0, 2, 0, 0, 0, 0, 0, 0, 0, 0, 0, 2, 0, 0, 0, 0, 0, 0, 0, 1, 1, 0, 1, 1, 0, 2, 2, 0, 0, 1, 0, 0, 0, 0, 1, 0, 0, 2, 2, 2, 0, 0, 0, 0, 0, 0, 0, 0, 0, 2, 2, 3, 0, 2, 1, 2, 1, 4, 3, 6, 5, 3, 3, 2, 2, 4, 5, 693, 0, 0, 0, 0, 0, 0]",-1,-4.890004341976973e-05,-1,0
4286,"[1, 1, 0, 1, 1, 2, 0, 1, 0, 1, 0, 0, 1, 0, 2, 0, 0, 0, 0, 0, 0, 0, 0, 0, 2, 0, 0, 0, 0, 0, 0, 0, 1, 1, 0, 1, 1, 0, 2, 2, 0, 0, 1, 0, 0, 0, 0, 1, 0, 0, 2, 2, 2, 0, 0, 0, 0, 0, 0, 0, 0, 0, 2, 2, 3, 0, 2, 1, 2, 1, 4, 3, 6, 5, 3, 3, 2, 2, 4, 5, 693, 1, 0, 0, 0, 0, 0]",3,0.20000000054543476,-1,0
4287,"[1, 1, 0, 1, 1, 2, 0, 1, 0, 1, 0, 0, 1, 0, 2, 0, 0, 0, 0, 0, 0, 0, 0, 0, 2, 0, 0, 0, 0, 0, 0, 0, 1, 1, 0, 1, 1, 0, 2, 2, 0, 0, 1, 0, 0, 0, 0, 1, 0, 0, 2, 2, 2, 0, 0, 0, 0, 0, 0, 0, 0, 0, 2, 2, 3, 0, 2, 1, 2, 1, 4, 3, 6, 5, 3, 3, 2, 2, 4, 5, 693, 0, 0, 0, 0, 0, 0]",-1,-4.890004341976973e-05,-1,0
4288,"[1, 1, 0, 1, 1, 2, 0, 1, 0, 1, 0, 0, 1, 0, 2, 0, 0, 0, 0, 0, 0, 0, 0, 0, 2, 0, 0, 0, 0, 0, 0, 0, 1, 1, 0, 1, 1, 0, 2, 2, 0, 0, 1, 0, 0, 0, 0, 1, 0, 0, 2, 2, 2, 0, 0, 0, 0, 0, 0, 0, 0, 0, 2, 2, 3, 0, 2, 1, 2, 1, 4, 3, 6, 5, 3, 3, 2, 2, 4, 5, 694, 0, 0, 0, 0, 0, 0]",4,14.533491084621012,-1,0
4289,"[1, 1, 0, 1, 1, 1, 0, 1, 0, 1, 0, 0, 1, 0, 2, 0, 0, 0, 0, 0, 0, 0, 0, 0, 2, 0, 0, 0, 0, 0, 0, 0, 1, 1, 0, 1, 1, 0, 2, 2, 0, 0, 1, 0, 0, 0, 0, 1, 0, 0, 2, 2, 2, 0, 0, 0, 0, 0, 0, 0, 0, 0, 2, 2, 3, 0, 2, 1, 2, 1, 4, 3, 6, 5, 3, 3, 2, 2, 4, 0, 695, 0, 0, 0, 0, 0, 0]",4,13.133490111473341,-1,1
4290,"[1, 1, 0, 1, 1, 1, 0, 1, 0, 1, 0, 0, 1, 0, 2, 0, 0, 0, 0, 0, 0, 0, 0, 0, 2, 0, 0, 0, 0, 0, 0, 0, 1, 1, 0, 1, 1, 0, 2, 2, 0, 0, 1, 0, 0, 0, 0, 1, 0, 0, 2, 2, 2, 0, 0, 0, 0, 0, 0, 0, 0, 0, 2, 2, 3, 0, 2, 1, 2, 1, 4, 3, 6, 5, 3, 3, 2, 2, 4, 0, 695, 0, 1, 0, 0, 0, 0]",2,0.4000000005034997,-1,0
4291,"[1, 1, 0, 1, 1, 1, 0, 1, 0, 1, 0, 0, 1, 0, 2, 0, 0, 0, 0, 0, 0, 0, 0, 0, 2, 0, 0, 0, 0, 0, 0, 0, 1, 1, 0, 1, 1, 0, 2, 2, 0, 0, 1, 0, 0, 0, 0, 1, 0, 0, 2, 2, 2, 0, 0, 0, 0, 0, 0, 0, 0, 0, 2, 2, 3, 0, 2, 1, 2, 1, 4, 3, 6, 5, 3, 3, 2, 2, 4, 0, 695, 0, 0, 0, 0, 0, 0]",-1,-4.7931757684701e-05,-1,0
4292,"[1, 1, 0, 1, 1, 1, 0, 1, 0, 1, 0, 0, 1, 0, 2, 0, 0, 0, 0, 0, 0, 0, 0, 0, 2, 0, 0, 0, 0, 0, 0, 0, 1, 1, 0, 1, 1, 0, 2, 2, 0, 0, 1, 0, 0, 0, 0, 1, 0, 0, 2, 2, 2, 0, 0, 0, 0, 0, 0, 0, 0, 0, 2, 2, 3, 0, 2, 1, 2, 1, 4, 3, 6, 5, 3, 3, 2, 2, 4, 0, 696, 0, 0, 0, 0, 0, 0]",4,14.533489148009252,-1,0
4293,"[1, 1, 0, 1, 1, 1, 0, 1, 0, 1, 0, 0, 1, 0, 2, 0, 0, 0, 0, 0, 0, 0, 0, 0, 2, 0, 0, 0, 0, 0, 0, 0, 1, 1, 0, 1, 1, 0, 2, 2, 0, 0, 1, 0, 0, 0, 0, 1, 0, 0, 2, 2, 2, 0, 0, 0, 0, 0, 0, 0, 0, 0, 2, 2, 3, 0, 2, 1, 2, 1, 4, 3, 6, 5, 3, 3, 2, 2, 4, 0, 696, 0, 0, 0, 0, 0, 0]",-1,-4.745482872704364e-05,-1,1
4294,"[1, 1, 0, 1, 1, 1, 0, 1, 0, 1, 0, 0, 1, 0, 2, 0, 0, 0, 0, 0, 0, 0, 0, 0, 2, 0, 0, 0, 0, 0, 0, 0, 1, 1, 0, 1, 1, 0, 2, 2, 0, 0, 1, 0, 0, 0, 0, 1, 0, 0, 2, 2, 2, 0, 0, 0, 0, 0, 0, 0, 0, 0, 2, 2, 3, 0, 2, 1, 2, 1, 4, 3, 6, 5, 3, 3, 2, 2, 4, 0, 696, 0, 0, 0, 0, 0, 0]",-1,-4.745482872704364e-05,-1,1
4295,"[1, 1, 0, 1, 1, 1, 0, 2, 0, 1, 0, 0, 1, 0, 2, 0, 0, 0, 0, 0, 0, 0, 0, 0, 2, 0, 0, 0, 0, 0, 0, 0, 1, 1, 0, 1, 1, 0, 2, 2, 0, 0, 1, 0, 0, 0, 0, 1, 0, 0, 2, 2, 2, 0, 0, 0, 0, 0, 0, 0, 0, 0, 2, 2, 3, 0, 2, 1, 2, 1, 4, 3, 6, 5, 3, 3, 2, 2, 4, 0, 697, 0, 0, 0, 0, 0, 0]",4,12.973863473496085,-1,1
4296,"[1, 1, 0, 1, 1, 1, 0, 2, 0, 1, 0, 0, 1, 0, 2, 0, 0, 0, 0, 0, 0, 0, 0, 0, 2, 0, 0, 0, 0, 0, 0, 0, 1, 1, 0, 1, 1, 0, 2, 2, 0, 0, 1, 0, 0, 0, 0, 1, 0, 0, 2, 2, 2, 0, 0, 0, 0, 0, 0, 0, 0, 0, 2, 2, 3, 0, 2, 1, 2, 1, 4, 3, 6, 5, 3, 3, 2, 2, 4, 0, 697, 0, 1, 0, 0, 0, 0]",2,0.4000000004647888,-1,0
4297,"[1, 1, 0, 1, 1, 1, 0, 2, 0, 1, 0, 0, 1, 0, 2, 0, 0, 0, 0, 0, 0, 0, 0, 0, 2, 0, 0, 0, 0, 0, 0, 0, 1, 1, 0, 1, 1, 0, 2, 2, 0, 0, 1, 0, 0, 0, 0, 1, 0, 0, 2, 2, 2, 0, 0, 0, 0, 0, 0, 0, 0, 0, 2, 2, 3, 0, 2, 1, 2, 1, 4, 3, 6, 5, 3, 3, 2, 2, 4, 0, 697, 0, 0, 0, 0, 0, 0]",-1,-4.698264529180481e-05,-1,0
4298,"[1, 1, 0, 1, 1, 1, 0, 1, 0, 1, 0, 0, 1, 0, 2, 0, 0, 0, 0, 0, 0, 0, 0, 0, 2, 0, 0, 0, 0, 0, 0, 0, 1, 1, 0, 1, 1, 0, 2, 2, 0, 0, 1, 0, 0, 0, 0, 1, 0, 0, 2, 2, 2, 0, 0, 0, 0, 0, 0, 0, 0, 0, 2, 2, 3, 0, 2, 1, 2, 1, 4, 3, 6, 5, 3, 3, 2, 2, 4, 6, 698, 0, 0, 0, 0, 0, 0]",4,14.533487249747273,-1,0
4299,"[1, 1, 0, 1, 1, 1, 0, 1, 0, 1, 0, 0, 1, 0, 2, 0, 0, 0, 0, 0, 0, 0, 0, 0, 2, 0, 0, 0, 0, 0, 0, 0, 1, 1, 0, 1, 1, 0, 2, 2, 0, 0, 1, 0, 0, 0, 0, 1, 0, 0, 2, 2, 2, 0, 0, 0, 0, 0, 0, 0, 0, 0, 2, 2, 3, 0, 2, 1, 2, 1, 4, 3, 6, 5, 3, 3, 2, 2, 4, 6, 698, 0, 0, 0, 0, 0, 0]",-1,-4.6515160160247455e-05,-1,1
4300,"[1, 1, 0, 1, 1, 1, 0, 1, 0, 1, 0, 0, 1, 0, 2, 0, 0, 0, 0, 0, 0, 0, 0, 0, 2, 0, 0, 0, 0, 0, 0, 0, 1, 1, 0, 1, 1, 0, 2, 2, 0, 0, 1, 0, 0, 0, 0, 1, 0, 0, 2, 2, 2, 0, 0, 0, 0, 0, 0, 0, 0, 0, 2, 2, 3, 0, 2, 1, 2, 1, 4, 3, 6, 5, 3, 3, 2, 2, 4, 6, 698, 1, 0, 0, 0, 0, 0]",3,0.2000000004465642,-1,1
4301,"[1, 1, 0, 1, 1, 1, 0, 1, 0, 1, 0, 0, 1, 0, 2, 0, 0, 0, 0, 0, 0, 0, 0, 0, 2, 0, 0, 0, 0, 0, 0, 0, 1, 1, 0, 1, 1, 0, 2, 2, 0, 0, 1, 0, 0, 0, 0, 1, 0, 0, 2, 2, 2, 0, 0, 0, 0, 0, 0, 0, 0, 0, 2, 2, 3, 0, 2, 1, 2, 1, 4, 3, 6, 5, 3, 3, 2, 2, 4, 6, 698, 0, 0, 0, 0, 0, 0]",-1,-4.6515160160247455e-05,-1,1
4302,"[1, 1, 0, 1, 3, 1, 0, 1, 0, 1, 0, 0, 1, 0, 2, 0, 0, 0, 0, 0, 0, 0, 0, 0, 2, 0, 0, 0, 0, 0, 0, 0, 1, 1, 0, 1, 1, 0, 2, 2, 0, 0, 1, 0, 0, 0, 0, 1, 0, 0, 2, 2, 2, 0, 0, 0, 0, 0, 0, 0, 0, 0, 2, 2, 3, 0, 2, 1, 2, 1, 4, 3, 6, 5, 3, 3, 2, 2, 4, 6, 699, 0, 0, 0, 0, 0, 0]",4,12.713048497064806,-1,1
4303,"[1, 2, 0, 1, 3, 2, 0, 1, 0, 1, 0, 0, 1, 0, 2, 0, 0, 0, 0, 0, 0, 0, 0, 0, 2, 0, 0, 0, 0, 0, 0, 0, 1, 1, 0, 1, 1, 0, 2, 2, 0, 0, 1, 0, 0, 0, 0, 1, 0, 0, 2, 2, 2, 0, 0, 0, 0, 0, 0, 0, 0, 0, 2, 2, 3, 0, 2, 1, 2, 1, 4, 3, 6, 5, 3, 3, 2, 2, 4, 6, 700, 0, 0, 0, 0, 0, 0]",4,14.37386066843924,-1,0
4304,"[1, 2, 0, 1, 3, 2, 0, 1, 0, 1, 0, 0, 1, 0, 2, 0, 0, 0, 0, 0, 0, 0, 0, 0, 2, 0, 0, 0, 0, 0, 0, 0, 1, 1, 0, 1, 1, 0, 2, 2, 0, 0, 1, 0, 0, 0, 0, 1, 0, 0, 2, 2, 2, 0, 0, 0, 0, 0, 0, 0, 0, 0, 2, 2, 3, 0, 2, 1, 2, 1, 4, 3, 6, 5, 3, 3, 2, 2, 4, 6, 700, 1, 0, 0, 0, 0, 0]",3,0.20000000041223076,-1,1
4305,"[1, 2, 0, 1, 3, 2, 0, 1, 0, 1, 0, 0, 1, 0, 2, 0, 0, 0, 0, 0, 0, 0, 0, 0, 2, 0, 0, 0, 0, 0, 0, 0, 1, 1, 0, 1, 1, 0, 2, 2, 0, 0, 1, 0, 0, 0, 0, 1, 0, 0, 2, 2, 2, 0, 0, 0, 0, 0, 0, 0, 0, 0, 2, 2, 3, 0, 2, 1, 2, 1, 4, 3, 6, 5, 3, 3, 2, 2, 4, 6, 700, 0, 0, 0, 0, 0, 0]",-1,-4.559409827772581e-05,-1,1
4306,"[1, 2, 0, 1, 3, 2, 0, 1, 0, 1, 0, 0, 1, 0, 2, 0, 0, 0, 0, 0, 0, 0, 0, 0, 2, 0, 0, 0, 0, 0, 0, 0, 1, 1, 0, 1, 1, 0, 2, 2, 0, 0, 1, 0, 0, 0, 0, 1, 0, 0, 2, 2, 2, 0, 0, 0, 0, 0, 0, 0, 0, 0, 2, 2, 3, 0, 2, 1, 2, 1, 4, 3, 6, 5, 3, 3, 2, 2, 4, 6, 701, 0, 0, 0, 0, 0, 0]",4,12.742345657207133,-1,1
4307,"[1, 2, 0, 1, 5, 2, 0, 1, 0, 1, 0, 0, 1, 0, 2, 0, 0, 0, 0, 0, 0, 0, 0, 0, 2, 0, 0, 0, 0, 0, 0, 0, 1, 1, 0, 1, 1, 0, 2, 2, 0, 0, 1, 0, 0, 0, 0, 1, 0, 0, 2, 2, 2, 0, 0, 0, 0, 0, 0, 0, 0, 0, 2, 2, 3, 0, 2, 1, 2, 1, 4, 3, 6, 5, 3, 3, 2, 2, 4, 6, 702, 0, 0, 0, 0, 0, 0]",4,14.37385884461322,-1,0
4308,"[1, 2, 0, 1, 5, 2, 0, 1, 0, 1, 0, 0, 1, 0, 2, 0, 0, 0, 0, 0, 0, 0, 0, 0, 2, 0, 0, 0, 0, 0, 0, 0, 1, 1, 0, 1, 1, 0, 2, 2, 0, 0, 1, 0, 0, 0, 0, 1, 0, 0, 2, 2, 2, 0, 0, 0, 0, 0, 0, 0, 0, 0, 2, 2, 3, 0, 2, 1, 2, 1, 4, 3, 6, 5, 3, 3, 2, 2, 4, 6, 702, 0, 0, 0, 0, 0, 0]",0,0.2949747472111202,-1,1
4309,"[1, 2, 0, 1, 5, 2, 0, 1, 0, 1, 0, 0, 1, 0, 2, 0, 0, 0, 0, 0, 0, 0, 0, 0, 2, 0, 0, 0, 0, 0, 0, 0, 1, 1, 0, 1, 1, 0, 2, 2, 0, 0, 1, 0, 0, 0, 0, 1, 0, 0, 2, 2, 2, 0, 0, 0, 0, 0, 0, 0, 0, 0, 2, 2, 3, 0, 2, 1, 2, 1, 4, 3, 6, 5, 3, 3, 2, 2, 4, 6, 702, 0, 0, 0, 0, 0, 0]",-1,-4.469127464244463e-05,-1,1
4310,"[1, 1, 0, 1, 2, 1, 0, 1, 0, 1, 0, 0, 1, 0, 2, 0, 0, 0, 0, 0, 0, 0, 0, 0, 2, 0, 0, 0, 0, 0, 0, 0, 1, 1, 0, 1, 1, 0, 2, 2, 0, 0, 1, 0, 0, 0, 0, 1, 0, 0, 2, 2, 2, 0, 0, 0, 0, 0, 0, 0, 0, 0, 2, 2, 3, 0, 2, 1, 2, 1, 4, 3, 6, 5, 3, 3, 2, 2, 4, 5, 703, 0, 0, 0, 0, 0, 0]",4,12.973857946288744,-1,1
4311,"[1, 1, 0, 1, 2, 1, 0, 2, 0, 1, 0, 0, 1, 0, 2, 0, 0, 0, 0, 0, 0, 0, 0, 0, 2, 0, 0, 0, 0, 0, 0, 0, 1, 1, 0, 1, 1, 0, 2, 2, 0, 0, 1, 0, 0, 0, 0, 1, 0, 0, 2, 2, 2, 0, 0, 0, 0, 0, 0, 0, 0, 0, 2, 2, 3, 0, 2, 1, 2, 1, 4, 3, 6, 5, 3, 3, 2, 2, 4, 5, 704, 0, 0, 0, 0, 0, 0]",4,14.533481777539466,-1,0
4312,"[1, 1, 0, 1, 2, 1, 0, 2, 0, 1, 0, 0, 1, 0, 2, 0, 0, 0, 0, 0, 0, 0, 0, 0, 2, 0, 0, 0, 0, 0, 0, 0, 1, 1, 0, 1, 1, 0, 2, 2, 0, 0, 1, 0, 0, 0, 0, 1, 0, 0, 2, 2, 2, 0, 0, 0, 0, 0, 0, 0, 0, 0, 2, 2, 3, 0, 2, 1, 2, 1, 4, 3, 6, 5, 3, 3, 2, 2, 4, 5, 704, 0, 1, 0, 0, 0, 0]",2,0.4000000003512798,-1,1
4313,"[1, 1, 0, 1, 2, 1, 0, 2, 0, 1, 0, 0, 1, 0, 2, 0, 0, 0, 0, 0, 0, 0, 0, 0, 2, 0, 0, 0, 0, 0, 0, 0, 1, 1, 0, 1, 1, 0, 2, 2, 0, 0, 1, 0, 0, 0, 0, 1, 0, 0, 2, 2, 2, 0, 0, 0, 0, 0, 0, 0, 0, 0, 2, 2, 3, 0, 2, 1, 2, 1, 4, 3, 6, 5, 3, 3, 2, 2, 4, 5, 704, 0, 1, 0, 0, 1, 0]","[[1 0 0 1]
 [1 1 0 1]]",1.7252413328918759,-1,1
4314,"[1, 0, 0, 1, 2, 2, 0, 2, 0, 1, 0, 0, 1, 0, 2, 0, 0, 0, 0, 0, 0, 0, 0, 0, 2, 0, 0, 0, 0, 0, 0, 0, 1, 1, 0, 1, 1, 0, 2, 2, 0, 0, 1, 0, 0, 0, 0, 1, 0, 0, 2, 2, 2, 0, 0, 0, 0, 0, 0, 0, 0, 0, 2, 2, 3, 0, 2, 1, 2, 1, 4, 3, 6, 5, 3, 3, 2, 2, 4, 5, 704, 0, 0, 0, 0, 0, 0]",0,-0.19999999964872017,-1,0
4315,"[1, 0, 0, 1, 2, 2, 0, 2, 0, 1, 0, 0, 1, 0, 2, 0, 0, 0, 0, 0, 0, 0, 0, 0, 2, 0, 0, 0, 0, 0, 0, 0, 1, 1, 0, 1, 1, 0, 2, 2, 0, 0, 1, 0, 0, 0, 0, 1, 0, 0, 2, 2, 2, 0, 0, 0, 0, 0, 0, 0, 0, 0, 2, 2, 3, 0, 2, 1, 2, 1, 4, 3, 6, 5, 3, 3, 2, 2, 4, 5, 704, 1, 0, 0, 0, 0, 0]",3,0.20000000035127985,-1,1
4316,"[1, 0, 0, 1, 2, 2, 0, 2, 0, 1, 0, 0, 1, 0, 2, 0, 0, 0, 0, 0, 0, 0, 0, 0, 2, 0, 0, 0, 0, 0, 0, 0, 1, 1, 0, 1, 1, 0, 2, 2, 0, 0, 1, 0, 0, 0, 0, 1, 0, 0, 2, 2, 2, 0, 0, 0, 0, 0, 0, 0, 0, 0, 2, 2, 3, 0, 2, 1, 2, 1, 4, 3, 6, 5, 3, 3, 2, 2, 4, 5, 704, 0, 0, 0, 0, 0, 0]",-1,-4.3806328112912085e-05,-1,1
4317,"[1, 0, 0, 1, 2, 2, 0, 3, 0, 1, 0, 0, 1, 0, 2, 0, 0, 0, 0, 0, 0, 0, 0, 0, 2, 0, 0, 0, 0, 0, 0, 0, 1, 1, 0, 1, 1, 0, 2, 2, 0, 0, 1, 0, 0, 0, 0, 1, 0, 0, 2, 2, 2, 0, 0, 0, 0, 0, 0, 0, 0, 0, 2, 2, 3, 0, 2, 1, 2, 1, 4, 3, 6, 5, 3, 3, 2, 2, 4, 5, 705, 0, 0, 0, 0, 0, 0]",4,12.843940945481556,-1,1
4318,"[1, 1, 0, 1, 2, 3, 0, 3, 0, 1, 0, 0, 1, 0, 2, 0, 0, 0, 0, 0, 0, 0, 0, 0, 2, 0, 0, 0, 0, 0, 0, 0, 1, 1, 0, 1, 1, 0, 2, 2, 0, 0, 1, 0, 0, 0, 0, 1, 0, 0, 2, 2, 2, 0, 0, 0, 0, 0, 0, 0, 0, 0, 2, 2, 3, 0, 2, 1, 2, 1, 4, 3, 6, 5, 3, 3, 2, 2, 4, 5, 706, 0, 0, 0, 0, 0, 0]",4,14.533480025230128,-1,0
4319,"[1, 1, 0, 1, 2, 3, 0, 3, 0, 1, 0, 0, 1, 0, 2, 0, 0, 0, 0, 0, 0, 0, 0, 0, 2, 0, 0, 0, 0, 0, 0, 0, 1, 1, 0, 1, 1, 0, 2, 2, 0, 0, 1, 0, 0, 0, 0, 1, 0, 0, 2, 2, 2, 0, 0, 0, 0, 0, 0, 0, 0, 0, 2, 2, 3, 0, 2, 1, 2, 1, 4, 3, 6, 5, 3, 3, 2, 2, 4, 5, 706, 0, 0, 0, 0, 0, 0]",0,0.29497474715485544,-1,1
4320,"[1, 1, 0, 1, 2, 3, 0, 3, 0, 1, 0, 0, 1, 0, 2, 0, 0, 0, 0, 0, 0, 0, 0, 0, 2, 0, 0, 0, 0, 0, 0, 0, 1, 1, 0, 1, 1, 0, 2, 2, 0, 0, 1, 0, 0, 0, 0, 1, 0, 0, 2, 2, 2, 0, 0, 0, 0, 0, 0, 0, 0, 0, 2, 2, 3, 0, 2, 1, 2, 1, 4, 3, 6, 5, 3, 3, 2, 2, 4, 5, 706, 0, 0, 0, 0, 0, 0]",-1,-4.293890469871683e-05,-1,1
4321,"[1, 2, 0, 1, 2, 4, 0, 3, 0, 1, 0, 0, 1, 0, 2, 0, 0, 0, 0, 0, 0, 0, 0, 0, 2, 0, 0, 0, 0, 0, 0, 0, 1, 1, 0, 1, 1, 0, 2, 2, 0, 0, 1, 0, 0, 0, 0, 1, 0, 0, 2, 2, 2, 0, 0, 0, 0, 0, 0, 0, 0, 0, 2, 2, 3, 0, 2, 1, 2, 1, 4, 3, 6, 5, 3, 3, 2, 2, 4, 5, 707, 0, 0, 0, 0, 0, 0]",4,12.730731990895375,-1,1
4322,"[1, 2, 0, 1, 2, 4, 0, 3, 0, 1, 0, 0, 1, 0, 2, 0, 0, 0, 0, 0, 0, 0, 0, 0, 2, 0, 0, 0, 0, 0, 0, 0, 1, 1, 0, 1, 1, 0, 2, 2, 0, 0, 1, 0, 0, 0, 0, 1, 0, 0, 2, 2, 2, 0, 0, 0, 0, 0, 0, 0, 0, 0, 2, 2, 3, 0, 2, 1, 2, 1, 4, 3, 6, 5, 3, 3, 2, 2, 4, 5, 708, 0, 0, 0, 0, 0, 0]",4,14.3738535869841,-1,0
4323,"[1, 2, 0, 1, 2, 4, 0, 3, 0, 1, 0, 0, 1, 0, 2, 0, 0, 0, 0, 0, 0, 0, 0, 0, 2, 0, 0, 0, 0, 0, 0, 0, 1, 1, 0, 1, 1, 0, 2, 2, 0, 0, 1, 0, 0, 0, 0, 1, 0, 0, 2, 2, 2, 0, 0, 0, 0, 0, 0, 0, 0, 0, 2, 2, 3, 0, 2, 1, 2, 1, 4, 3, 6, 5, 3, 3, 2, 2, 4, 5, 708, 0, 0, 0, 0, 0, 0]",0,0.2949747471299242,-1,1
4324,"[1, 2, 0, 1, 2, 4, 0, 3, 0, 1, 0, 0, 1, 0, 2, 0, 0, 0, 0, 0, 0, 0, 0, 0, 2, 0, 0, 0, 0, 0, 0, 0, 1, 1, 0, 1, 1, 0, 2, 2, 0, 0, 1, 0, 0, 0, 0, 1, 0, 0, 2, 2, 2, 0, 0, 0, 0, 0, 0, 0, 0, 0, 2, 2, 3, 0, 2, 1, 2, 1, 4, 3, 6, 5, 3, 3, 2, 2, 4, 5, 708, 0, 0, 0, 0, 0, 0]",-1,-4.208865741892745e-05,-1,1
4325,"[1, 2, 0, 1, 2, 4, 0, 3, 0, 1, 0, 0, 1, 0, 2, 0, 0, 0, 0, 0, 0, 0, 0, 0, 2, 0, 0, 0, 0, 0, 0, 0, 1, 1, 0, 1, 1, 0, 2, 2, 0, 0, 1, 0, 0, 0, 0, 1, 0, 0, 2, 2, 2, 0, 0, 0, 0, 0, 0, 0, 0, 0, 2, 2, 3, 0, 2, 1, 2, 1, 4, 3, 6, 5, 3, 3, 2, 2, 4, 5, 709, 0, 0, 0, 0, 0, 0]",4,12.730730290376862,-1,1
4326,"[1, 2, 0, 1, 2, 4, 0, 3, 0, 1, 0, 0, 1, 0, 2, 0, 0, 0, 0, 0, 0, 0, 0, 0, 2, 0, 0, 0, 0, 0, 0, 0, 1, 1, 0, 1, 1, 0, 2, 2, 0, 0, 1, 0, 0, 0, 0, 1, 0, 0, 2, 2, 2, 0, 0, 0, 0, 0, 0, 0, 0, 0, 2, 2, 3, 0, 2, 1, 2, 1, 4, 3, 6, 5, 3, 3, 2, 2, 4, 5, 709, 0, 0, 0, 0, 0, 0]",1,0.6096241153872204,-1,0
4327,"[1, 2, 0, 1, 2, 4, 0, 3, 0, 1, 0, 0, 1, 0, 2, 0, 0, 0, 0, 0, 0, 0, 0, 0, 2, 0, 0, 0, 0, 0, 0, 0, 1, 1, 0, 1, 1, 0, 2, 2, 0, 0, 1, 0, 0, 0, 0, 1, 0, 0, 2, 2, 2, 0, 0, 0, 0, 0, 0, 0, 0, 0, 2, 2, 3, 0, 2, 1, 2, 1, 4, 3, 6, 5, 3, 3, 2, 2, 4, 5, 709, 0, 0, 0, 0, 0, 0]",-1,-4.166986828033482e-05,-1,0
4328,"[1, 2, 0, 1, 2, 4, 0, 3, 0, 1, 0, 0, 1, 0, 2, 0, 0, 0, 0, 0, 0, 0, 0, 0, 2, 0, 0, 0, 0, 0, 0, 0, 1, 1, 0, 1, 1, 0, 2, 2, 0, 0, 1, 0, 0, 0, 0, 1, 0, 0, 2, 2, 2, 0, 0, 0, 0, 0, 0, 0, 0, 0, 2, 2, 3, 0, 2, 1, 2, 1, 4, 3, 6, 5, 3, 3, 2, 2, 4, 5, 709, 1, 0, 0, 0, 0, 0]",3,0.20000000028760365,-1,0
4329,"[1, 2, 0, 1, 2, 4, 0, 3, 0, 1, 0, 0, 1, 0, 2, 0, 0, 0, 0, 0, 0, 0, 0, 0, 2, 0, 0, 0, 0, 0, 0, 0, 1, 1, 0, 1, 1, 0, 2, 2, 0, 0, 1, 0, 0, 0, 0, 1, 0, 0, 2, 2, 2, 0, 0, 0, 0, 0, 0, 0, 0, 0, 2, 2, 3, 0, 2, 1, 2, 1, 4, 3, 6, 5, 3, 3, 2, 2, 4, 5, 709, 0, 0, 0, 0, 0, 0]",-1,-4.166986828033482e-05,-1,0
4330,"[1, 2, 0, 1, 2, 4, 0, 3, 0, 1, 0, 0, 1, 0, 2, 0, 0, 0, 0, 0, 0, 0, 0, 0, 2, 0, 0, 0, 0, 0, 0, 0, 1, 1, 0, 1, 1, 0, 2, 2, 0, 0, 1, 0, 0, 0, 0, 1, 0, 0, 2, 2, 2, 0, 0, 0, 0, 0, 0, 0, 0, 0, 2, 2, 3, 0, 2, 1, 2, 1, 4, 3, 6, 5, 3, 3, 2, 2, 4, 5, 709, 1, 0, 0, 0, 0, 0]",3,0.20000000028760365,-1,0
4331,"[1, 2, 0, 1, 2, 4, 0, 3, 0, 1, 0, 0, 1, 0, 2, 0, 0, 0, 0, 0, 0, 0, 0, 0, 2, 0, 0, 0, 0, 0, 0, 0, 1, 1, 0, 1, 1, 0, 2, 2, 0, 0, 1, 0, 0, 0, 0, 1, 0, 0, 2, 2, 2, 0, 0, 0, 0, 0, 0, 0, 0, 0, 2, 2, 3, 0, 2, 1, 2, 1, 4, 3, 6, 5, 3, 3, 2, 2, 4, 5, 709, 0, 0, 0, 0, 0, 0]",-1,-4.166986828033482e-05,-1,0
4332,"[1, 2, 0, 1, 2, 4, 0, 3, 0, 1, 0, 0, 1, 0, 2, 0, 0, 0, 0, 0, 0, 0, 0, 0, 2, 0, 0, 0, 0, 0, 0, 0, 1, 1, 0, 1, 1, 0, 2, 2, 0, 0, 1, 0, 0, 0, 0, 1, 0, 0, 2, 2, 2, 0, 0, 0, 0, 0, 0, 0, 0, 0, 2, 2, 3, 0, 2, 1, 2, 1, 4, 3, 6, 5, 3, 3, 2, 2, 4, 5, 709, 1, 0, 0, 0, 0, 0]",3,0.20000000028760365,-1,0
4333,"[1, 2, 0, 1, 2, 4, 0, 3, 0, 1, 0, 0, 1, 0, 2, 0, 0, 0, 0, 0, 0, 0, 0, 0, 2, 0, 0, 0, 0, 0, 0, 0, 1, 1, 0, 1, 1, 0, 2, 2, 0, 0, 1, 0, 0, 0, 0, 1, 0, 0, 2, 2, 2, 0, 0, 0, 0, 0, 0, 0, 0, 0, 2, 2, 3, 0, 2, 1, 2, 1, 4, 3, 6, 5, 3, 3, 2, 2, 4, 5, 709, 0, 0, 0, 0, 0, 0]",-1,-4.166986828033482e-05,-1,0
4334,"[1, 2, 0, 1, 2, 4, 0, 3, 0, 1, 0, 0, 1, 0, 2, 0, 0, 0, 0, 0, 0, 0, 0, 0, 2, 0, 0, 0, 0, 0, 0, 0, 1, 1, 0, 1, 1, 0, 2, 2, 0, 0, 1, 0, 0, 0, 0, 1, 0, 0, 2, 2, 2, 0, 0, 0, 0, 0, 0, 0, 0, 0, 2, 2, 3, 0, 2, 1, 2, 1, 4, 3, 6, 5, 3, 3, 2, 2, 4, 5, 709, 0, 0, 0, 0, 0, 0]",1,0.6096241153872204,-1,0
4335,"[1, 2, 0, 1, 2, 4, 0, 3, 0, 1, 0, 0, 1, 0, 2, 0, 0, 0, 0, 0, 0, 0, 0, 0, 2, 0, 0, 0, 0, 0, 0, 0, 1, 1, 0, 1, 1, 0, 2, 2, 0, 0, 1, 0, 0, 0, 0, 1, 0, 0, 2, 2, 2, 0, 0, 0, 0, 0, 0, 0, 0, 0, 2, 2, 3, 0, 2, 1, 2, 1, 4, 3, 6, 5, 3, 3, 2, 2, 4, 5, 709, 0, 0, 0, 0, 0, 0]",-1,-4.166986828033482e-05,-1,0
4336,"[1, 2, 0, 1, 4, 4, 0, 3, 0, 1, 0, 0, 1, 0, 2, 0, 0, 0, 0, 0, 0, 0, 0, 0, 2, 0, 0, 0, 0, 0, 0, 0, 1, 1, 0, 1, 1, 0, 2, 2, 0, 0, 1, 0, 0, 0, 0, 1, 0, 0, 2, 2, 2, 0, 0, 0, 0, 0, 0, 0, 0, 0, 2, 2, 3, 0, 2, 1, 2, 1, 4, 3, 6, 5, 3, 3, 2, 2, 4, 5, 710, 0, 0, 0, 0, 0, 0]",4,14.373851903386731,-1,0
4337,"[1, 1, 0, 1, 2, 2, 0, 1, 0, 1, 0, 0, 1, 0, 2, 0, 0, 0, 0, 0, 0, 0, 0, 0, 2, 0, 0, 0, 0, 0, 0, 0, 1, 1, 0, 1, 1, 0, 2, 2, 0, 0, 1, 0, 0, 0, 0, 1, 0, 0, 2, 2, 2, 0, 0, 0, 0, 0, 0, 0, 0, 0, 2, 2, 3, 0, 2, 1, 2, 1, 4, 3, 6, 5, 3, 3, 2, 2, 4, 2, 711, 0, 0, 0, 0, 0, 0]",4,12.872524014692534,-1,1
4338,"[1, 1, 0, 1, 2, 2, 0, 1, 0, 1, 0, 0, 1, 0, 2, 0, 0, 0, 0, 0, 0, 0, 0, 0, 2, 0, 0, 0, 0, 0, 0, 0, 1, 1, 0, 1, 1, 0, 2, 2, 0, 0, 1, 0, 0, 0, 0, 1, 0, 0, 2, 2, 2, 0, 0, 0, 0, 0, 0, 0, 0, 0, 2, 2, 3, 0, 2, 1, 2, 1, 4, 3, 6, 5, 3, 3, 2, 2, 4, 2, 711, 0, 0, 0, 0, 0, 0]",1,0.6096241153651083,-1,0
4339,"[1, 1, 0, 1, 2, 2, 0, 1, 0, 1, 0, 0, 1, 0, 2, 0, 0, 0, 0, 0, 0, 0, 0, 0, 2, 0, 0, 0, 0, 0, 0, 0, 1, 1, 0, 1, 1, 0, 2, 2, 0, 0, 1, 0, 0, 0, 0, 1, 0, 0, 2, 2, 2, 0, 0, 0, 0, 0, 0, 0, 0, 0, 2, 2, 3, 0, 2, 1, 2, 1, 4, 3, 6, 5, 3, 3, 2, 2, 4, 2, 711, 0, 0, 0, 0, 0, 0]",-1,-4.084474960525142e-05,-1,0
4340,"[1, 1, 0, 1, 2, 2, 0, 1, 0, 1, 0, 0, 1, 0, 2, 0, 0, 0, 0, 0, 0, 0, 0, 0, 2, 0, 0, 0, 0, 0, 0, 0, 1, 1, 0, 1, 1, 0, 2, 2, 0, 0, 1, 0, 0, 0, 0, 1, 0, 0, 2, 2, 2, 0, 0, 0, 0, 0, 0, 0, 0, 0, 2, 2, 3, 0, 2, 1, 2, 1, 4, 3, 6, 5, 3, 3, 2, 2, 4, 2, 711, 1, 0, 0, 0, 0, 0]",3,0.20000000026549158,-1,0
4341,"[1, 1, 0, 1, 2, 2, 0, 1, 0, 1, 0, 0, 1, 0, 2, 0, 0, 0, 0, 0, 0, 0, 0, 0, 2, 0, 0, 0, 0, 0, 0, 0, 1, 1, 0, 1, 1, 0, 2, 2, 0, 0, 1, 0, 0, 0, 0, 1, 0, 0, 2, 2, 2, 0, 0, 0, 0, 0, 0, 0, 0, 0, 2, 2, 3, 0, 2, 1, 2, 1, 4, 3, 6, 5, 3, 3, 2, 2, 4, 2, 711, 0, 0, 0, 0, 0, 0]",-1,-4.084474960525142e-05,-1,0
4342,"[1, 1, 0, 1, 2, 2, 0, 1, 0, 1, 0, 0, 1, 0, 2, 0, 0, 0, 0, 0, 0, 0, 0, 0, 2, 0, 0, 0, 0, 0, 0, 0, 1, 1, 0, 1, 1, 0, 2, 2, 0, 0, 1, 0, 0, 0, 0, 1, 0, 0, 2, 2, 2, 0, 0, 0, 0, 0, 0, 0, 0, 0, 2, 2, 3, 0, 2, 1, 2, 1, 4, 3, 6, 5, 3, 3, 2, 2, 4, 2, 711, 1, 0, 0, 0, 0, 0]",3,0.20000000026549158,-1,0
4343,"[1, 1, 0, 1, 2, 2, 0, 1, 0, 1, 0, 0, 1, 0, 2, 0, 0, 0, 0, 0, 0, 0, 0, 0, 2, 0, 0, 0, 0, 0, 0, 0, 1, 1, 0, 1, 1, 0, 2, 2, 0, 0, 1, 0, 0, 0, 0, 1, 0, 0, 2, 2, 2, 0, 0, 0, 0, 0, 0, 0, 0, 0, 2, 2, 3, 0, 2, 1, 2, 1, 4, 3, 6, 5, 3, 3, 2, 2, 4, 2, 711, 0, 0, 0, 0, 0, 0]",-1,-4.084474960525142e-05,-1,0
4344,"[1, 1, 0, 1, 2, 2, 0, 1, 0, 1, 0, 0, 1, 0, 2, 0, 0, 0, 0, 0, 0, 0, 0, 0, 2, 0, 0, 0, 0, 0, 0, 0, 1, 1, 0, 1, 1, 0, 2, 2, 0, 0, 1, 0, 0, 0, 0, 1, 0, 0, 2, 2, 2, 0, 0, 0, 0, 0, 0, 0, 0, 0, 2, 2, 3, 0, 2, 1, 2, 1, 4, 3, 6, 5, 3, 3, 2, 2, 4, 2, 711, 1, 0, 0, 0, 0, 0]",3,0.20000000026549158,-1,0
4345,"[1, 1, 0, 1, 2, 2, 0, 1, 0, 1, 0, 0, 1, 0, 2, 0, 0, 0, 0, 0, 0, 0, 0, 0, 2, 0, 0, 0, 0, 0, 0, 0, 1, 1, 0, 1, 1, 0, 2, 2, 0, 0, 1, 0, 0, 0, 0, 1, 0, 0, 2, 2, 2, 0, 0, 0, 0, 0, 0, 0, 0, 0, 2, 2, 3, 0, 2, 1, 2, 1, 4, 3, 6, 5, 3, 3, 2, 2, 4, 2, 711, 0, 0, 0, 0, 0, 0]",-1,-4.084474960525142e-05,-1,0
4346,"[1, 1, 0, 1, 2, 2, 0, 1, 0, 1, 0, 0, 1, 0, 2, 0, 0, 0, 0, 0, 0, 0, 0, 0, 2, 0, 0, 0, 0, 0, 0, 0, 1, 1, 0, 1, 1, 0, 2, 2, 0, 0, 1, 0, 0, 0, 0, 1, 0, 0, 2, 2, 2, 0, 0, 0, 0, 0, 0, 0, 0, 0, 2, 2, 3, 0, 2, 1, 2, 1, 4, 3, 6, 5, 3, 3, 2, 2, 4, 2, 711, 0, 0, 0, 0, 0, 0]",1,0.6096241153651083,-1,0
4347,"[1, 1, 0, 1, 2, 2, 0, 1, 0, 1, 0, 0, 1, 0, 2, 0, 0, 0, 0, 0, 0, 0, 0, 0, 2, 0, 0, 0, 0, 0, 0, 0, 1, 1, 0, 1, 1, 0, 2, 2, 0, 0, 1, 0, 0, 0, 0, 1, 0, 0, 2, 2, 2, 0, 0, 0, 0, 0, 0, 0, 0, 0, 2, 2, 3, 0, 2, 1, 2, 1, 4, 3, 6, 5, 3, 3, 2, 2, 4, 2, 711, 0, 0, 0, 0, 0, 0]",-1,-4.084474960525142e-05,-1,0
4348,"[1, 1, 0, 1, 2, 2, 0, 1, 0, 1, 0, 0, 1, 0, 2, 0, 0, 0, 0, 0, 0, 0, 0, 0, 2, 0, 0, 0, 0, 0, 0, 0, 1, 1, 0, 1, 1, 0, 2, 2, 0, 0, 1, 0, 0, 0, 0, 1, 0, 0, 2, 2, 2, 0, 0, 0, 0, 0, 0, 0, 0, 0, 2, 2, 3, 0, 2, 1, 2, 1, 4, 3, 6, 5, 3, 3, 2, 2, 4, 2, 711, 1, 0, 0, 0, 0, 0]",3,0.20000000026549158,-1,0
4349,"[1, 1, 0, 1, 2, 2, 0, 1, 0, 1, 0, 0, 1, 0, 2, 0, 0, 0, 0, 0, 0, 0, 0, 0, 2, 0, 0, 0, 0, 0, 0, 0, 1, 1, 0, 1, 1, 0, 2, 2, 0, 0, 1, 0, 0, 0, 0, 1, 0, 0, 2, 2, 2, 0, 0, 0, 0, 0, 0, 0, 0, 0, 2, 2, 3, 0, 2, 1, 2, 1, 4, 3, 6, 5, 3, 3, 2, 2, 4, 2, 711, 0, 0, 0, 0, 0, 0]",-1,-4.084474960525142e-05,-1,0
4350,"[1, 1, 0, 1, 2, 2, 0, 1, 0, 1, 0, 0, 1, 0, 2, 0, 0, 0, 0, 0, 0, 0, 0, 0, 2, 0, 0, 0, 0, 0, 0, 0, 1, 1, 0, 1, 1, 0, 2, 2, 0, 0, 1, 0, 0, 0, 0, 1, 0, 0, 2, 2, 2, 0, 0, 0, 0, 0, 0, 0, 0, 0, 2, 2, 3, 0, 2, 1, 2, 1, 4, 3, 6, 5, 3, 3, 2, 2, 4, 2, 711, 0, 0, 0, 0, 0, 0]",1,0.6096241153651083,-1,0
4351,"[1, 1, 0, 1, 2, 2, 0, 1, 0, 1, 0, 0, 1, 0, 2, 0, 0, 0, 0, 0, 0, 0, 0, 0, 2, 0, 0, 0, 0, 0, 0, 0, 1, 1, 0, 1, 1, 0, 2, 2, 0, 0, 1, 0, 0, 0, 0, 1, 0, 0, 2, 2, 2, 0, 0, 0, 0, 0, 0, 0, 0, 0, 2, 2, 3, 0, 2, 1, 2, 1, 4, 3, 6, 5, 3, 3, 2, 2, 4, 2, 711, 0, 0, 0, 0, 0, 0]",-1,-4.084474960525142e-05,-1,0
4352,"[1, 1, 0, 1, 2, 2, 0, 1, 0, 1, 0, 0, 1, 0, 2, 0, 0, 0, 0, 0, 0, 0, 0, 0, 2, 0, 0, 0, 0, 0, 0, 0, 1, 1, 0, 1, 1, 0, 2, 2, 0, 0, 1, 0, 0, 0, 0, 1, 0, 0, 2, 2, 2, 0, 0, 0, 0, 0, 0, 0, 0, 0, 2, 2, 3, 0, 2, 1, 2, 1, 4, 3, 6, 5, 3, 3, 2, 2, 4, 2, 711, 1, 0, 0, 0, 0, 0]",3,0.20000000026549158,-1,0
4353,"[1, 1, 0, 1, 2, 2, 0, 1, 0, 1, 0, 0, 1, 0, 2, 0, 0, 0, 0, 0, 0, 0, 0, 0, 2, 0, 0, 0, 0, 0, 0, 0, 1, 1, 0, 1, 1, 0, 2, 2, 0, 0, 1, 0, 0, 0, 0, 1, 0, 0, 2, 2, 2, 0, 0, 0, 0, 0, 0, 0, 0, 0, 2, 2, 3, 0, 2, 1, 2, 1, 4, 3, 6, 5, 3, 3, 2, 2, 4, 2, 711, 0, 0, 0, 0, 0, 0]",-1,-4.084474960525142e-05,-1,0
4354,"[1, 1, 0, 1, 2, 2, 0, 1, 0, 1, 0, 0, 1, 0, 2, 0, 0, 0, 0, 0, 0, 0, 0, 0, 2, 0, 0, 0, 0, 0, 0, 0, 1, 1, 0, 1, 1, 0, 2, 2, 0, 0, 1, 0, 0, 0, 0, 1, 0, 0, 2, 2, 2, 0, 0, 0, 0, 0, 0, 0, 0, 0, 2, 2, 3, 0, 2, 1, 2, 1, 4, 3, 6, 5, 3, 3, 2, 2, 4, 2, 711, 1, 0, 0, 0, 0, 0]",3,0.20000000026549158,-1,0
4355,"[1, 1, 0, 1, 2, 2, 0, 1, 0, 1, 0, 0, 1, 0, 2, 0, 0, 0, 0, 0, 0, 0, 0, 0, 2, 0, 0, 0, 0, 0, 0, 0, 1, 1, 0, 1, 1, 0, 2, 2, 0, 0, 1, 0, 0, 0, 0, 1, 0, 0, 2, 2, 2, 0, 0, 0, 0, 0, 0, 0, 0, 0, 2, 2, 3, 0, 2, 1, 2, 1, 4, 3, 6, 5, 3, 3, 2, 2, 4, 2, 711, 0, 0, 0, 0, 0, 0]",-1,-4.084474960525142e-05,-1,0
4356,"[1, 1, 0, 1, 2, 2, 0, 1, 0, 1, 0, 0, 1, 0, 2, 0, 0, 0, 0, 0, 0, 0, 0, 0, 2, 0, 0, 0, 0, 0, 0, 0, 1, 1, 0, 1, 1, 0, 2, 2, 0, 0, 1, 0, 0, 0, 0, 1, 0, 0, 2, 2, 2, 0, 0, 0, 0, 0, 0, 0, 0, 0, 2, 2, 3, 0, 2, 1, 2, 1, 4, 3, 6, 5, 3, 3, 2, 2, 4, 2, 711, 0, 0, 0, 0, 0, 0]",1,0.6096241153651083,-1,0
4357,"[1, 1, 0, 1, 2, 2, 0, 1, 0, 1, 0, 0, 1, 0, 2, 0, 0, 0, 0, 0, 0, 0, 0, 0, 2, 0, 0, 0, 0, 0, 0, 0, 1, 1, 0, 1, 1, 0, 2, 2, 0, 0, 1, 0, 0, 0, 0, 1, 0, 0, 2, 2, 2, 0, 0, 0, 0, 0, 0, 0, 0, 0, 2, 2, 3, 0, 2, 1, 2, 1, 4, 3, 6, 5, 3, 3, 2, 2, 4, 2, 711, 0, 0, 0, 0, 0, 0]",-1,-4.084474960525142e-05,-1,0
4358,"[1, 2, 0, 1, 2, 3, 0, 1, 0, 1, 0, 0, 1, 0, 2, 0, 0, 0, 0, 0, 0, 0, 0, 0, 2, 0, 0, 0, 0, 0, 0, 0, 1, 1, 0, 1, 1, 0, 2, 2, 0, 0, 1, 0, 0, 0, 0, 1, 0, 0, 2, 2, 2, 0, 0, 0, 0, 0, 0, 0, 0, 0, 2, 2, 3, 0, 2, 1, 2, 1, 4, 3, 6, 5, 3, 3, 2, 2, 4, 2, 712, 0, 0, 0, 0, 0, 0]",4,14.373850253128136,-1,0
4359,"[1, 2, 0, 1, 2, 3, 0, 1, 0, 1, 0, 0, 1, 0, 2, 0, 0, 0, 0, 0, 0, 0, 0, 0, 2, 0, 0, 0, 0, 0, 0, 0, 1, 1, 0, 1, 1, 0, 2, 2, 0, 0, 1, 0, 0, 0, 0, 1, 0, 0, 2, 2, 2, 0, 0, 0, 0, 0, 0, 0, 0, 0, 2, 2, 3, 0, 2, 1, 2, 1, 4, 3, 6, 5, 3, 3, 2, 2, 4, 2, 712, 0, 1, 0, 0, 0, 0]",2,0.4000000002550815,-1,1
4360,"[1, 2, 0, 1, 2, 3, 0, 1, 0, 1, 0, 0, 1, 0, 2, 0, 0, 0, 0, 0, 0, 0, 0, 0, 2, 0, 0, 0, 0, 0, 0, 0, 1, 1, 0, 1, 1, 0, 2, 2, 0, 0, 1, 0, 0, 0, 0, 1, 0, 0, 2, 2, 2, 0, 0, 0, 0, 0, 0, 0, 0, 0, 2, 2, 3, 0, 2, 1, 2, 1, 4, 3, 6, 5, 3, 3, 2, 2, 4, 2, 712, 0, 1, 0, 0, 1, 0]","[[1 1 0 0]
 [1 1 0 1]]",1.7252413327956775,-1,1
4361,"[1, 2, 0, 0, 2, 3, 0, 2, 0, 1, 0, 0, 1, 0, 2, 0, 0, 0, 0, 0, 0, 0, 0, 0, 2, 0, 0, 0, 0, 0, 0, 0, 1, 1, 0, 1, 1, 0, 2, 2, 0, 0, 1, 0, 0, 0, 0, 1, 0, 0, 2, 2, 2, 0, 0, 0, 0, 0, 0, 0, 0, 0, 2, 2, 3, 0, 2, 1, 2, 1, 4, 3, 6, 5, 3, 3, 2, 2, 4, 2, 712, 0, 0, 0, 0, 0, 0]",0,-0.1999999997449185,-1,0
4362,"[1, 2, 0, 0, 2, 3, 0, 2, 0, 1, 0, 0, 1, 0, 2, 0, 0, 0, 0, 0, 0, 0, 0, 0, 2, 0, 0, 0, 0, 0, 0, 0, 1, 1, 0, 1, 1, 0, 2, 2, 0, 0, 1, 0, 0, 0, 0, 1, 0, 0, 2, 2, 2, 0, 0, 0, 0, 0, 0, 0, 0, 0, 2, 2, 3, 0, 2, 1, 2, 1, 4, 3, 6, 5, 3, 3, 2, 2, 4, 2, 712, 0, 0, 0, 0, 0, 0]",-1,-4.043833755620557e-05,-1,1
4363,"[1, 2, 0, 0, 2, 3, 0, 2, 0, 1, 0, 0, 1, 0, 2, 0, 0, 0, 0, 0, 0, 0, 0, 0, 2, 0, 0, 0, 0, 0, 0, 0, 1, 1, 0, 1, 1, 0, 2, 2, 0, 0, 1, 0, 0, 0, 0, 1, 0, 0, 2, 2, 2, 0, 0, 0, 0, 0, 0, 0, 0, 0, 2, 2, 3, 0, 2, 1, 2, 1, 4, 3, 6, 5, 3, 3, 2, 2, 4, 2, 712, 0, 0, 0, 0, 0, 0]",-1,-4.043833755620557e-05,-1,1
4364,"[1, 1, 0, 0, 1, 1, 0, 1, 0, 1, 0, 0, 1, 0, 2, 0, 0, 0, 0, 0, 0, 0, 0, 0, 2, 0, 0, 0, 0, 0, 0, 0, 1, 1, 0, 1, 1, 0, 2, 2, 0, 0, 1, 0, 0, 0, 0, 1, 0, 0, 2, 2, 2, 0, 0, 0, 0, 0, 0, 0, 0, 0, 2, 2, 3, 0, 2, 1, 2, 1, 4, 3, 6, 5, 3, 3, 2, 2, 4, 6, 713, 0, 0, 0, 0, 0, 0]",4,13.133474160930316,-1,1
4365,"[1, 1, 0, 0, 1, 1, 0, 1, 0, 1, 0, 0, 1, 0, 2, 0, 0, 0, 0, 0, 0, 0, 0, 0, 2, 0, 0, 0, 0, 0, 0, 0, 1, 1, 0, 1, 1, 0, 2, 2, 0, 0, 1, 0, 0, 0, 0, 1, 0, 0, 2, 2, 2, 0, 0, 0, 0, 0, 0, 0, 0, 0, 2, 2, 3, 0, 2, 1, 2, 1, 4, 3, 6, 5, 3, 3, 2, 2, 4, 6, 713, 0, 1, 0, 0, 0, 0]",2,0.40000000024507965,-1,0
4366,"[1, 1, 0, 0, 1, 1, 0, 1, 0, 1, 0, 0, 1, 0, 2, 0, 0, 0, 0, 0, 0, 0, 0, 0, 2, 0, 0, 0, 0, 0, 0, 0, 1, 1, 0, 1, 1, 0, 2, 2, 0, 0, 1, 0, 0, 0, 0, 1, 0, 0, 2, 2, 2, 0, 0, 0, 0, 0, 0, 0, 0, 0, 2, 2, 3, 0, 2, 1, 2, 1, 4, 3, 6, 5, 3, 3, 2, 2, 4, 6, 713, 0, 1, 0, 0, 1, 0]","[[1 0 0 0]
 [0 0 0 1]]",0.6504248653031706,-1,0
4367,"[0, 1, 0, 1, 2, 1, 0, 0, 0, 1, 0, 0, 1, 0, 2, 0, 0, 0, 0, 0, 0, 0, 0, 0, 2, 0, 0, 0, 0, 0, 0, 0, 1, 1, 0, 1, 1, 0, 2, 2, 0, 0, 1, 0, 0, 0, 0, 1, 0, 0, 2, 2, 2, 0, 0, 0, 0, 0, 0, 0, 0, 0, 2, 2, 3, 0, 2, 1, 2, 1, 4, 3, 6, 5, 3, 3, 2, 2, 4, 6, 713, 0, 0, 0, 0, 0, 0]",0,-0.19999999975492036,-1,1
4368,"[0, 1, 0, 1, 2, 1, 0, 0, 0, 1, 0, 0, 1, 0, 2, 0, 0, 0, 0, 0, 0, 0, 0, 0, 2, 0, 0, 0, 0, 0, 0, 0, 1, 1, 0, 1, 1, 0, 2, 2, 0, 0, 1, 0, 0, 0, 0, 1, 0, 0, 2, 2, 2, 0, 0, 0, 0, 0, 0, 0, 0, 0, 2, 2, 3, 0, 2, 1, 2, 1, 4, 3, 6, 5, 3, 3, 2, 2, 4, 6, 713, 0, 1, 0, 0, 0, 0]",2,0.40000000024507965,-1,0
4369,"[0, 1, 0, 1, 2, 1, 0, 0, 0, 1, 0, 0, 1, 0, 2, 0, 0, 0, 0, 0, 0, 0, 0, 0, 2, 0, 0, 0, 0, 0, 0, 0, 1, 1, 0, 1, 1, 0, 2, 2, 0, 0, 1, 0, 0, 0, 0, 1, 0, 0, 2, 2, 2, 0, 0, 0, 0, 0, 0, 0, 0, 0, 2, 2, 3, 0, 2, 1, 2, 1, 4, 3, 6, 5, 3, 3, 2, 2, 4, 6, 713, 0, 1, 0, 0, 1, 0]","[[0 1 0 0]
 [1 0 0 0]]",0.6504248653031706,-1,0
4370,"[1, 0, 0, 1, 1, 2, 0, 0, 0, 1, 0, 0, 1, 0, 2, 0, 0, 0, 0, 0, 0, 0, 0, 0, 2, 0, 0, 0, 0, 0, 0, 0, 1, 1, 0, 1, 1, 0, 2, 2, 0, 0, 1, 0, 0, 0, 0, 1, 0, 0, 2, 2, 2, 0, 0, 0, 0, 0, 0, 0, 0, 0, 2, 2, 3, 0, 2, 1, 2, 1, 4, 3, 6, 5, 3, 3, 2, 2, 4, 6, 713, 0, 0, 0, 0, 0, 0]",0,-0.19999999975492036,-1,1
4371,"[1, 0, 0, 1, 1, 2, 0, 0, 0, 1, 0, 0, 1, 0, 2, 0, 0, 0, 0, 0, 0, 0, 0, 0, 2, 0, 0, 0, 0, 0, 0, 0, 1, 1, 0, 1, 1, 0, 2, 2, 0, 0, 1, 0, 0, 0, 0, 1, 0, 0, 2, 2, 2, 0, 0, 0, 0, 0, 0, 0, 0, 0, 2, 2, 3, 0, 2, 1, 2, 1, 4, 3, 6, 5, 3, 3, 2, 2, 4, 6, 713, 1, 0, 0, 0, 0, 0]",3,0.20000000024507966,-1,0
4372,"[1, 0, 0, 1, 1, 2, 0, 0, 0, 1, 0, 0, 1, 0, 2, 0, 0, 0, 0, 0, 0, 0, 0, 0, 2, 0, 0, 0, 0, 0, 0, 0, 1, 1, 0, 1, 1, 0, 2, 2, 0, 0, 1, 0, 0, 0, 0, 1, 0, 0, 2, 2, 2, 0, 0, 0, 0, 0, 0, 0, 0, 0, 2, 2, 3, 0, 2, 1, 2, 1, 4, 3, 6, 5, 3, 3, 2, 2, 4, 6, 713, 0, 0, 0, 0, 0, 0]",-1,-4.003596937461407e-05,-1,0
4373,"[1, 0, 0, 1, 1, 2, 0, 0, 0, 1, 0, 0, 1, 0, 2, 0, 0, 0, 0, 0, 0, 0, 0, 0, 2, 0, 0, 0, 0, 0, 0, 0, 1, 1, 0, 1, 1, 0, 2, 2, 0, 0, 1, 0, 0, 0, 0, 1, 0, 0, 2, 2, 2, 0, 0, 0, 0, 0, 0, 0, 0, 0, 2, 2, 3, 0, 2, 1, 2, 1, 4, 3, 6, 5, 3, 3, 2, 2, 4, 6, 713, 1, 0, 0, 0, 0, 0]",3,0.20000000024507966,-1,0
4374,"[1, 0, 0, 1, 1, 2, 0, 0, 0, 1, 0, 0, 1, 0, 2, 0, 0, 0, 0, 0, 0, 0, 0, 0, 2, 0, 0, 0, 0, 0, 0, 0, 1, 1, 0, 1, 1, 0, 2, 2, 0, 0, 1, 0, 0, 0, 0, 1, 0, 0, 2, 2, 2, 0, 0, 0, 0, 0, 0, 0, 0, 0, 2, 2, 3, 0, 2, 1, 2, 1, 4, 3, 6, 5, 3, 3, 2, 2, 4, 6, 713, 0, 0, 0, 0, 0, 0]",-1,-4.003596937461407e-05,-1,0
4375,"[1, 0, 0, 1, 1, 2, 0, 0, 0, 1, 0, 0, 1, 0, 2, 0, 0, 0, 0, 0, 0, 0, 0, 0, 2, 0, 0, 0, 0, 0, 0, 0, 1, 1, 0, 1, 1, 0, 2, 2, 0, 0, 1, 0, 0, 0, 0, 1, 0, 0, 2, 2, 2, 0, 0, 0, 0, 0, 0, 0, 0, 0, 2, 2, 3, 0, 2, 1, 2, 1, 4, 3, 6, 5, 3, 3, 2, 2, 4, 6, 713, 1, 0, 0, 0, 0, 0]",3,0.20000000024507966,-1,0
4376,"[1, 0, 0, 1, 1, 2, 0, 0, 0, 1, 0, 0, 1, 0, 2, 0, 0, 0, 0, 0, 0, 0, 0, 0, 2, 0, 0, 0, 0, 0, 0, 0, 1, 1, 0, 1, 1, 0, 2, 2, 0, 0, 1, 0, 0, 0, 0, 1, 0, 0, 2, 2, 2, 0, 0, 0, 0, 0, 0, 0, 0, 0, 2, 2, 3, 0, 2, 1, 2, 1, 4, 3, 6, 5, 3, 3, 2, 2, 4, 6, 713, 0, 0, 0, 0, 0, 0]",-1,-4.003596937461407e-05,-1,0
4377,"[1, 0, 0, 1, 1, 2, 0, 0, 0, 1, 0, 0, 1, 0, 2, 0, 0, 0, 0, 0, 0, 0, 0, 0, 2, 0, 0, 0, 0, 0, 0, 0, 1, 1, 0, 1, 1, 0, 2, 2, 0, 0, 1, 0, 0, 0, 0, 1, 0, 0, 2, 2, 2, 0, 0, 0, 0, 0, 0, 0, 0, 0, 2, 2, 3, 0, 2, 1, 2, 1, 4, 3, 6, 5, 3, 3, 2, 2, 4, 6, 713, 1, 0, 0, 0, 0, 0]",3,0.20000000024507966,-1,0
4378,"[1, 0, 0, 1, 1, 2, 0, 0, 0, 1, 0, 0, 1, 0, 2, 0, 0, 0, 0, 0, 0, 0, 0, 0, 2, 0, 0, 0, 0, 0, 0, 0, 1, 1, 0, 1, 1, 0, 2, 2, 0, 0, 1, 0, 0, 0, 0, 1, 0, 0, 2, 2, 2, 0, 0, 0, 0, 0, 0, 0, 0, 0, 2, 2, 3, 0, 2, 1, 2, 1, 4, 3, 6, 5, 3, 3, 2, 2, 4, 6, 713, 0, 0, 0, 0, 0, 0]",-1,-4.003596937461407e-05,-1,0
4379,"[1, 0, 0, 1, 1, 2, 0, 0, 0, 1, 0, 0, 1, 0, 2, 0, 0, 0, 0, 0, 0, 0, 0, 0, 2, 0, 0, 0, 0, 0, 0, 0, 1, 1, 0, 1, 1, 0, 2, 2, 0, 0, 1, 0, 0, 0, 0, 1, 0, 0, 2, 2, 2, 0, 0, 0, 0, 0, 0, 0, 0, 0, 2, 2, 3, 0, 2, 1, 2, 1, 4, 3, 6, 5, 3, 3, 2, 2, 4, 6, 713, 0, 0, 0, 0, 0, 0]",0,0.24271887266865275,-1,0
4380,"[1, 0, 0, 1, 1, 2, 0, 0, 0, 1, 0, 0, 1, 0, 2, 0, 0, 0, 0, 0, 0, 0, 0, 0, 2, 0, 0, 0, 0, 0, 0, 0, 1, 1, 0, 1, 1, 0, 2, 2, 0, 0, 1, 0, 0, 0, 0, 1, 0, 0, 2, 2, 2, 0, 0, 0, 0, 0, 0, 0, 0, 0, 2, 2, 3, 0, 2, 1, 2, 1, 4, 3, 6, 5, 3, 3, 2, 2, 4, 6, 713, 0, 0, 0, 0, 0, 0]",-1,-4.003596937461407e-05,-1,0
4381,"[1, 0, 0, 1, 1, 2, 0, 0, 0, 1, 0, 0, 1, 0, 2, 0, 0, 0, 0, 0, 0, 0, 0, 0, 2, 0, 0, 0, 0, 0, 0, 0, 1, 1, 0, 1, 1, 0, 2, 2, 0, 0, 1, 0, 0, 0, 0, 1, 0, 0, 2, 2, 2, 0, 0, 0, 0, 0, 0, 0, 0, 0, 2, 2, 3, 0, 2, 1, 2, 1, 4, 3, 6, 5, 3, 3, 2, 2, 4, 6, 713, 0, 1, 0, 0, 0, 0]",2,0.40000000024507965,-1,0
4382,"[1, 0, 0, 1, 1, 2, 0, 0, 0, 1, 0, 0, 1, 0, 2, 0, 0, 0, 0, 0, 0, 0, 0, 0, 2, 0, 0, 0, 0, 0, 0, 0, 1, 1, 0, 1, 1, 0, 2, 2, 0, 0, 1, 0, 0, 0, 0, 1, 0, 0, 2, 2, 2, 0, 0, 0, 0, 0, 0, 0, 0, 0, 2, 2, 3, 0, 2, 1, 2, 1, 4, 3, 6, 5, 3, 3, 2, 2, 4, 6, 713, 0, 1, 0, 0, 1, 0]","[[1 0 0 0]
 [0 1 0 0]]",0.6504248653031706,-1,0
4383,"[0, 1, 0, 1, 2, 1, 0, 0, 0, 1, 0, 0, 1, 0, 2, 0, 0, 0, 0, 0, 0, 0, 0, 0, 2, 0, 0, 0, 0, 0, 0, 0, 1, 1, 0, 1, 1, 0, 2, 2, 0, 0, 1, 0, 0, 0, 0, 1, 0, 0, 2, 2, 2, 0, 0, 0, 0, 0, 0, 0, 0, 0, 2, 2, 3, 0, 2, 1, 2, 1, 4, 3, 6, 5, 3, 3, 2, 2, 4, 6, 713, 0, 0, 0, 0, 0, 0]",0,-0.19999999975492036,-1,1
4384,"[0, 1, 0, 1, 2, 1, 0, 0, 0, 1, 0, 0, 1, 0, 2, 0, 0, 0, 0, 0, 0, 0, 0, 0, 2, 0, 0, 0, 0, 0, 0, 0, 1, 1, 0, 1, 1, 0, 2, 2, 0, 0, 1, 0, 0, 0, 0, 1, 0, 0, 2, 2, 2, 0, 0, 0, 0, 0, 0, 0, 0, 0, 2, 2, 3, 0, 2, 1, 2, 1, 4, 3, 6, 5, 3, 3, 2, 2, 4, 6, 713, 1, 0, 0, 0, 0, 0]",3,0.20000000024507966,-1,0
4385,"[0, 1, 0, 1, 2, 1, 0, 0, 0, 1, 0, 0, 1, 0, 2, 0, 0, 0, 0, 0, 0, 0, 0, 0, 2, 0, 0, 0, 0, 0, 0, 0, 1, 1, 0, 1, 1, 0, 2, 2, 0, 0, 1, 0, 0, 0, 0, 1, 0, 0, 2, 2, 2, 0, 0, 0, 0, 0, 0, 0, 0, 0, 2, 2, 3, 0, 2, 1, 2, 1, 4, 3, 6, 5, 3, 3, 2, 2, 4, 6, 713, 0, 0, 0, 0, 0, 0]",-1,-4.003596937461407e-05,-1,0
4386,"[0, 1, 0, 1, 2, 1, 0, 0, 0, 1, 0, 0, 1, 0, 2, 0, 0, 0, 0, 0, 0, 0, 0, 0, 2, 0, 0, 0, 0, 0, 0, 0, 1, 1, 0, 1, 1, 0, 2, 2, 0, 0, 1, 0, 0, 0, 0, 1, 0, 0, 2, 2, 2, 0, 0, 0, 0, 0, 0, 0, 0, 0, 2, 2, 3, 0, 2, 1, 2, 1, 4, 3, 6, 5, 3, 3, 2, 2, 4, 6, 714, 0, 0, 0, 0, 0, 0]",4,14.259543243467995,-1,0
4387,"[0, 1, 0, 1, 2, 1, 0, 0, 0, 1, 0, 0, 1, 0, 2, 0, 0, 0, 0, 0, 0, 0, 0, 0, 2, 0, 0, 0, 0, 0, 0, 0, 1, 1, 0, 1, 1, 0, 2, 2, 0, 0, 1, 0, 0, 0, 0, 1, 0, 0, 2, 2, 2, 0, 0, 0, 0, 0, 0, 0, 0, 0, 2, 2, 3, 0, 2, 1, 2, 1, 4, 3, 6, 5, 3, 3, 2, 2, 4, 6, 714, 0, 1, 0, 0, 0, 0]",2,0.4000000002354699,-1,1
4388,"[0, 1, 0, 1, 2, 1, 0, 0, 0, 1, 0, 0, 1, 0, 2, 0, 0, 0, 0, 0, 0, 0, 0, 0, 2, 0, 0, 0, 0, 0, 0, 0, 1, 1, 0, 1, 1, 0, 2, 2, 0, 0, 1, 0, 0, 0, 0, 1, 0, 0, 2, 2, 2, 0, 0, 0, 0, 0, 0, 0, 0, 0, 2, 2, 3, 0, 2, 1, 2, 1, 4, 3, 6, 5, 3, 3, 2, 2, 4, 6, 714, 0, 0, 0, 0, 0, 0]",-1,-3.9637604823323423e-05,-1,1
4389,"[1, 1, 0, 1, 2, 2, 0, 0, 0, 1, 0, 0, 1, 0, 2, 0, 0, 0, 0, 0, 0, 0, 0, 0, 2, 0, 0, 0, 0, 0, 0, 0, 1, 1, 0, 1, 1, 0, 2, 2, 0, 0, 1, 0, 0, 0, 0, 1, 0, 0, 2, 2, 2, 0, 0, 0, 0, 0, 0, 0, 0, 0, 2, 2, 3, 0, 2, 1, 2, 1, 4, 3, 6, 5, 3, 3, 2, 2, 4, 6, 715, 0, 0, 0, 0, 0, 0]",4,12.616141944377063,-1,1
4390,"[1, 1, 0, 1, 2, 2, 0, 0, 0, 1, 0, 0, 1, 0, 2, 0, 0, 0, 0, 0, 0, 0, 0, 0, 2, 0, 0, 0, 0, 0, 0, 0, 1, 1, 0, 1, 1, 0, 2, 2, 0, 0, 1, 0, 0, 0, 0, 1, 0, 0, 2, 2, 2, 0, 0, 0, 0, 0, 0, 0, 0, 0, 2, 2, 3, 0, 2, 1, 2, 1, 4, 3, 6, 5, 3, 3, 2, 2, 4, 6, 715, 0, 0, 0, 0, 0, 0]",0,0.24271887264981012,-1,0
4391,"[1, 1, 0, 1, 2, 2, 0, 0, 0, 1, 0, 0, 1, 0, 2, 0, 0, 0, 0, 0, 0, 0, 0, 0, 2, 0, 0, 0, 0, 0, 0, 0, 1, 1, 0, 1, 1, 0, 2, 2, 0, 0, 1, 0, 0, 0, 0, 1, 0, 0, 2, 2, 2, 0, 0, 0, 0, 0, 0, 0, 0, 0, 2, 2, 3, 0, 2, 1, 2, 1, 4, 3, 6, 5, 3, 3, 2, 2, 4, 6, 715, 0, 0, 0, 0, 0, 0]",-1,-3.924320406554658e-05,-1,0
4392,"[1, 1, 0, 1, 2, 2, 0, 0, 0, 1, 0, 0, 1, 0, 2, 0, 0, 0, 0, 0, 0, 0, 0, 0, 2, 0, 0, 0, 0, 0, 0, 0, 1, 1, 0, 1, 1, 0, 2, 2, 0, 0, 1, 0, 0, 0, 0, 1, 0, 0, 2, 2, 2, 0, 0, 0, 0, 0, 0, 0, 0, 0, 2, 2, 3, 0, 2, 1, 2, 1, 4, 3, 6, 5, 3, 3, 2, 2, 4, 6, 715, 0, 0, 0, 0, 0, 0]",0,0.24271887264981012,-1,0
4393,"[1, 1, 0, 1, 2, 2, 0, 0, 0, 1, 0, 0, 1, 0, 2, 0, 0, 0, 0, 0, 0, 0, 0, 0, 2, 0, 0, 0, 0, 0, 0, 0, 1, 1, 0, 1, 1, 0, 2, 2, 0, 0, 1, 0, 0, 0, 0, 1, 0, 0, 2, 2, 2, 0, 0, 0, 0, 0, 0, 0, 0, 0, 2, 2, 3, 0, 2, 1, 2, 1, 4, 3, 6, 5, 3, 3, 2, 2, 4, 6, 715, 0, 0, 0, 0, 0, 0]",-1,-3.924320406554658e-05,-1,0
4394,"[1, 1, 0, 1, 2, 2, 0, 0, 0, 1, 0, 0, 1, 0, 2, 0, 0, 0, 0, 0, 0, 0, 0, 0, 2, 0, 0, 0, 0, 0, 0, 0, 1, 1, 0, 1, 1, 0, 2, 2, 0, 0, 1, 0, 0, 0, 0, 1, 0, 0, 2, 2, 2, 0, 0, 0, 0, 0, 0, 0, 0, 0, 2, 2, 3, 0, 2, 1, 2, 1, 4, 3, 6, 5, 3, 3, 2, 2, 4, 6, 715, 0, 0, 0, 0, 0, 0]",0,0.24271887264981012,-1,0
4395,"[1, 1, 0, 1, 2, 2, 0, 0, 0, 1, 0, 0, 1, 0, 2, 0, 0, 0, 0, 0, 0, 0, 0, 0, 2, 0, 0, 0, 0, 0, 0, 0, 1, 1, 0, 1, 1, 0, 2, 2, 0, 0, 1, 0, 0, 0, 0, 1, 0, 0, 2, 2, 2, 0, 0, 0, 0, 0, 0, 0, 0, 0, 2, 2, 3, 0, 2, 1, 2, 1, 4, 3, 6, 5, 3, 3, 2, 2, 4, 6, 715, 0, 0, 0, 0, 0, 0]",-1,-3.924320406554658e-05,-1,0
4396,"[1, 1, 0, 1, 2, 2, 0, 0, 0, 1, 0, 0, 1, 0, 2, 0, 0, 0, 0, 0, 0, 0, 0, 0, 2, 0, 0, 0, 0, 0, 0, 0, 1, 1, 0, 1, 1, 0, 2, 2, 0, 0, 1, 0, 0, 0, 0, 1, 0, 0, 2, 2, 2, 0, 0, 0, 0, 0, 0, 0, 0, 0, 2, 2, 3, 0, 2, 1, 2, 1, 4, 3, 6, 5, 3, 3, 2, 2, 4, 6, 715, 0, 0, 0, 0, 0, 0]",0,0.24271887264981012,-1,0
4397,"[1, 1, 0, 1, 2, 2, 0, 0, 0, 1, 0, 0, 1, 0, 2, 0, 0, 0, 0, 0, 0, 0, 0, 0, 2, 0, 0, 0, 0, 0, 0, 0, 1, 1, 0, 1, 1, 0, 2, 2, 0, 0, 1, 0, 0, 0, 0, 1, 0, 0, 2, 2, 2, 0, 0, 0, 0, 0, 0, 0, 0, 0, 2, 2, 3, 0, 2, 1, 2, 1, 4, 3, 6, 5, 3, 3, 2, 2, 4, 6, 715, 0, 0, 0, 0, 0, 0]",-1,-3.924320406554658e-05,-1,0
4398,"[1, 1, 0, 1, 2, 2, 0, 0, 0, 1, 0, 0, 1, 0, 2, 0, 0, 0, 0, 0, 0, 0, 0, 0, 2, 0, 0, 0, 0, 0, 0, 0, 1, 1, 0, 1, 1, 0, 2, 2, 0, 0, 1, 0, 0, 0, 0, 1, 0, 0, 2, 2, 2, 0, 0, 0, 0, 0, 0, 0, 0, 0, 2, 2, 3, 0, 2, 1, 2, 1, 4, 3, 6, 5, 3, 3, 2, 2, 4, 6, 715, 0, 0, 0, 0, 0, 0]",0,0.24271887264981012,-1,0
4399,"[1, 1, 0, 1, 2, 2, 0, 0, 0, 1, 0, 0, 1, 0, 2, 0, 0, 0, 0, 0, 0, 0, 0, 0, 2, 0, 0, 0, 0, 0, 0, 0, 1, 1, 0, 1, 1, 0, 2, 2, 0, 0, 1, 0, 0, 0, 0, 1, 0, 0, 2, 2, 2, 0, 0, 0, 0, 0, 0, 0, 0, 0, 2, 2, 3, 0, 2, 1, 2, 1, 4, 3, 6, 5, 3, 3, 2, 2, 4, 6, 715, 0, 0, 0, 0, 0, 0]",-1,-3.924320406554658e-05,-1,0
4400,"[1, 1, 0, 1, 2, 2, 0, 0, 0, 1, 0, 0, 1, 0, 2, 0, 0, 0, 0, 0, 0, 0, 0, 0, 2, 0, 0, 0, 0, 0, 0, 0, 1, 1, 0, 1, 1, 0, 2, 2, 0, 0, 1, 0, 0, 0, 0, 1, 0, 0, 2, 2, 2, 0, 0, 0, 0, 0, 0, 0, 0, 0, 2, 2, 3, 0, 2, 1, 2, 1, 4, 3, 6, 5, 3, 3, 2, 2, 4, 6, 715, 0, 0, 0, 0, 0, 0]",0,0.24271887264981012,-1,0
4401,"[1, 1, 0, 1, 2, 2, 0, 0, 0, 1, 0, 0, 1, 0, 2, 0, 0, 0, 0, 0, 0, 0, 0, 0, 2, 0, 0, 0, 0, 0, 0, 0, 1, 1, 0, 1, 1, 0, 2, 2, 0, 0, 1, 0, 0, 0, 0, 1, 0, 0, 2, 2, 2, 0, 0, 0, 0, 0, 0, 0, 0, 0, 2, 2, 3, 0, 2, 1, 2, 1, 4, 3, 6, 5, 3, 3, 2, 2, 4, 6, 715, 0, 0, 0, 0, 0, 0]",-1,-3.924320406554658e-05,-1,0
4402,"[1, 1, 0, 1, 2, 2, 0, 0, 0, 1, 0, 0, 1, 0, 2, 0, 0, 0, 0, 0, 0, 0, 0, 0, 2, 0, 0, 0, 0, 0, 0, 0, 1, 1, 0, 1, 1, 0, 2, 2, 0, 0, 1, 0, 0, 0, 0, 1, 0, 0, 2, 2, 2, 0, 0, 0, 0, 0, 0, 0, 0, 0, 2, 2, 3, 0, 2, 1, 2, 1, 4, 3, 6, 5, 3, 3, 2, 2, 4, 6, 715, 0, 0, 0, 0, 0, 0]",0,0.24271887264981012,-1,0
4403,"[1, 1, 0, 1, 2, 2, 0, 0, 0, 1, 0, 0, 1, 0, 2, 0, 0, 0, 0, 0, 0, 0, 0, 0, 2, 0, 0, 0, 0, 0, 0, 0, 1, 1, 0, 1, 1, 0, 2, 2, 0, 0, 1, 0, 0, 0, 0, 1, 0, 0, 2, 2, 2, 0, 0, 0, 0, 0, 0, 0, 0, 0, 2, 2, 3, 0, 2, 1, 2, 1, 4, 3, 6, 5, 3, 3, 2, 2, 4, 6, 715, 0, 0, 0, 0, 0, 0]",-1,-3.924320406554658e-05,-1,0
4404,"[1, 1, 0, 1, 2, 2, 0, 0, 0, 1, 0, 0, 1, 0, 2, 0, 0, 0, 0, 0, 0, 0, 0, 0, 2, 0, 0, 0, 0, 0, 0, 0, 1, 1, 0, 1, 1, 0, 2, 2, 0, 0, 1, 0, 0, 0, 0, 1, 0, 0, 2, 2, 2, 0, 0, 0, 0, 0, 0, 0, 0, 0, 2, 2, 3, 0, 2, 1, 2, 1, 4, 3, 6, 5, 3, 3, 2, 2, 4, 6, 715, 0, 0, 0, 0, 0, 0]",0,0.24271887264981012,-1,0
4405,"[1, 1, 0, 1, 2, 2, 0, 0, 0, 1, 0, 0, 1, 0, 2, 0, 0, 0, 0, 0, 0, 0, 0, 0, 2, 0, 0, 0, 0, 0, 0, 0, 1, 1, 0, 1, 1, 0, 2, 2, 0, 0, 1, 0, 0, 0, 0, 1, 0, 0, 2, 2, 2, 0, 0, 0, 0, 0, 0, 0, 0, 0, 2, 2, 3, 0, 2, 1, 2, 1, 4, 3, 6, 5, 3, 3, 2, 2, 4, 6, 715, 0, 0, 0, 0, 0, 0]",-1,-3.924320406554658e-05,-1,0
4406,"[1, 1, 0, 1, 2, 2, 0, 0, 0, 1, 0, 0, 1, 0, 2, 0, 0, 0, 0, 0, 0, 0, 0, 0, 2, 0, 0, 0, 0, 0, 0, 0, 1, 1, 0, 1, 1, 0, 2, 2, 0, 0, 1, 0, 0, 0, 0, 1, 0, 0, 2, 2, 2, 0, 0, 0, 0, 0, 0, 0, 0, 0, 2, 2, 3, 0, 2, 1, 2, 1, 4, 3, 6, 5, 3, 3, 2, 2, 4, 6, 715, 0, 0, 0, 0, 0, 0]",1,0.6096241153258537,-1,0
4407,"[1, 1, 0, 1, 2, 2, 0, 0, 0, 1, 0, 0, 1, 0, 2, 0, 0, 0, 0, 0, 0, 0, 0, 0, 2, 0, 0, 0, 0, 0, 0, 0, 1, 1, 0, 1, 1, 0, 2, 2, 0, 0, 1, 0, 0, 0, 0, 1, 0, 0, 2, 2, 2, 0, 0, 0, 0, 0, 0, 0, 0, 0, 2, 2, 3, 0, 2, 1, 2, 1, 4, 3, 6, 5, 3, 3, 2, 2, 4, 6, 715, 0, 0, 0, 0, 0, 0]",-1,-3.924320406554658e-05,-1,0
4408,"[1, 1, 0, 1, 2, 2, 0, 0, 0, 1, 0, 0, 1, 0, 2, 0, 0, 0, 0, 0, 0, 0, 0, 0, 2, 0, 0, 0, 0, 0, 0, 0, 1, 1, 0, 1, 1, 0, 2, 2, 0, 0, 1, 0, 0, 0, 0, 1, 0, 0, 2, 2, 2, 0, 0, 0, 0, 0, 0, 0, 0, 0, 2, 2, 3, 0, 2, 1, 2, 1, 4, 3, 6, 5, 3, 3, 2, 2, 4, 6, 715, 0, 0, 0, 0, 0, 0]",1,0.6096241153258537,-1,0
4409,"[1, 1, 0, 1, 2, 2, 0, 0, 0, 1, 0, 0, 1, 0, 2, 0, 0, 0, 0, 0, 0, 0, 0, 0, 2, 0, 0, 0, 0, 0, 0, 0, 1, 1, 0, 1, 1, 0, 2, 2, 0, 0, 1, 0, 0, 0, 0, 1, 0, 0, 2, 2, 2, 0, 0, 0, 0, 0, 0, 0, 0, 0, 2, 2, 3, 0, 2, 1, 2, 1, 4, 3, 6, 5, 3, 3, 2, 2, 4, 6, 715, 0, 0, 0, 0, 0, 0]",-1,-3.924320406554658e-05,-1,0
4410,"[1, 1, 0, 1, 2, 2, 0, 0, 0, 1, 0, 0, 1, 0, 2, 0, 0, 0, 0, 0, 0, 0, 0, 0, 2, 0, 0, 0, 0, 0, 0, 0, 1, 1, 0, 1, 1, 0, 2, 2, 0, 0, 1, 0, 0, 0, 0, 1, 0, 0, 2, 2, 2, 0, 0, 0, 0, 0, 0, 0, 0, 0, 2, 2, 3, 0, 2, 1, 2, 1, 4, 3, 6, 5, 3, 3, 2, 2, 4, 6, 715, 0, 0, 0, 0, 0, 0]",1,0.6096241153258537,-1,0
4411,"[1, 1, 0, 1, 2, 2, 0, 0, 0, 1, 0, 0, 1, 0, 2, 0, 0, 0, 0, 0, 0, 0, 0, 0, 2, 0, 0, 0, 0, 0, 0, 0, 1, 1, 0, 1, 1, 0, 2, 2, 0, 0, 1, 0, 0, 0, 0, 1, 0, 0, 2, 2, 2, 0, 0, 0, 0, 0, 0, 0, 0, 0, 2, 2, 3, 0, 2, 1, 2, 1, 4, 3, 6, 5, 3, 3, 2, 2, 4, 6, 715, 0, 0, 0, 0, 0, 0]",-1,-3.924320406554658e-05,-1,0
4412,"[1, 1, 0, 1, 2, 2, 0, 0, 0, 1, 0, 0, 1, 0, 2, 0, 0, 0, 0, 0, 0, 0, 0, 0, 2, 0, 0, 0, 0, 0, 0, 0, 1, 1, 0, 1, 1, 0, 2, 2, 0, 0, 1, 0, 0, 0, 0, 1, 0, 0, 2, 2, 2, 0, 0, 0, 0, 0, 0, 0, 0, 0, 2, 2, 3, 0, 2, 1, 2, 1, 4, 3, 6, 5, 3, 3, 2, 2, 4, 6, 715, 1, 0, 0, 0, 0, 0]",3,0.20000000022623704,-1,0
4413,"[1, 1, 0, 1, 2, 2, 0, 0, 0, 1, 0, 0, 1, 0, 2, 0, 0, 0, 0, 0, 0, 0, 0, 0, 2, 0, 0, 0, 0, 0, 0, 0, 1, 1, 0, 1, 1, 0, 2, 2, 0, 0, 1, 0, 0, 0, 0, 1, 0, 0, 2, 2, 2, 0, 0, 0, 0, 0, 0, 0, 0, 0, 2, 2, 3, 0, 2, 1, 2, 1, 4, 3, 6, 5, 3, 3, 2, 2, 4, 6, 715, 0, 0, 0, 0, 0, 0]",-1,-3.924320406554658e-05,-1,0
4414,"[1, 1, 0, 1, 2, 2, 0, 0, 0, 1, 0, 0, 1, 0, 2, 0, 0, 0, 0, 0, 0, 0, 0, 0, 2, 0, 0, 0, 0, 0, 0, 0, 1, 1, 0, 1, 1, 0, 2, 2, 0, 0, 1, 0, 0, 0, 0, 1, 0, 0, 2, 2, 2, 0, 0, 0, 0, 0, 0, 0, 0, 0, 2, 2, 3, 0, 2, 1, 2, 1, 4, 3, 6, 5, 3, 3, 2, 2, 4, 6, 715, 1, 0, 0, 0, 0, 0]",3,0.20000000022623704,-1,0
4415,"[1, 1, 0, 1, 2, 2, 0, 0, 0, 1, 0, 0, 1, 0, 2, 0, 0, 0, 0, 0, 0, 0, 0, 0, 2, 0, 0, 0, 0, 0, 0, 0, 1, 1, 0, 1, 1, 0, 2, 2, 0, 0, 1, 0, 0, 0, 0, 1, 0, 0, 2, 2, 2, 0, 0, 0, 0, 0, 0, 0, 0, 0, 2, 2, 3, 0, 2, 1, 2, 1, 4, 3, 6, 5, 3, 3, 2, 2, 4, 6, 715, 0, 0, 0, 0, 0, 0]",-1,-3.924320406554658e-05,-1,0
4416,"[1, 1, 0, 1, 2, 2, 0, 0, 0, 1, 0, 0, 1, 0, 2, 0, 0, 0, 0, 0, 0, 0, 0, 0, 2, 0, 0, 0, 0, 0, 0, 0, 1, 1, 0, 1, 1, 0, 2, 2, 0, 0, 1, 0, 0, 0, 0, 1, 0, 0, 2, 2, 2, 0, 0, 0, 0, 0, 0, 0, 0, 0, 2, 2, 3, 0, 2, 1, 2, 1, 4, 3, 6, 5, 3, 3, 2, 2, 4, 6, 715, 0, 1, 0, 0, 0, 0]",2,0.400000000226237,-1,0
4417,"[1, 1, 0, 1, 2, 2, 0, 0, 0, 1, 0, 0, 1, 0, 2, 0, 0, 0, 0, 0, 0, 0, 0, 0, 2, 0, 0, 0, 0, 0, 0, 0, 1, 1, 0, 1, 1, 0, 2, 2, 0, 0, 1, 0, 0, 0, 0, 1, 0, 0, 2, 2, 2, 0, 0, 0, 0, 0, 0, 0, 0, 0, 2, 2, 3, 0, 2, 1, 2, 1, 4, 3, 6, 5, 3, 3, 2, 2, 4, 6, 715, 0, 0, 0, 0, 0, 0]",-1,-3.924320406554658e-05,-1,0
4418,"[1, 1, 0, 1, 2, 2, 0, 0, 0, 1, 0, 0, 1, 0, 2, 0, 0, 0, 0, 0, 0, 0, 0, 0, 2, 0, 0, 0, 0, 0, 0, 0, 1, 1, 0, 1, 1, 0, 2, 2, 0, 0, 1, 0, 0, 0, 0, 1, 0, 0, 2, 2, 2, 0, 0, 0, 0, 0, 0, 0, 0, 0, 2, 2, 3, 0, 2, 1, 2, 1, 4, 3, 6, 5, 3, 3, 2, 2, 4, 6, 715, 0, 0, 0, 0, 0, 0]",1,0.6096241153258537,-1,0
4419,"[1, 1, 0, 1, 2, 2, 0, 0, 0, 1, 0, 0, 1, 0, 2, 0, 0, 0, 0, 0, 0, 0, 0, 0, 2, 0, 0, 0, 0, 0, 0, 0, 1, 1, 0, 1, 1, 0, 2, 2, 0, 0, 1, 0, 0, 0, 0, 1, 0, 0, 2, 2, 2, 0, 0, 0, 0, 0, 0, 0, 0, 0, 2, 2, 3, 0, 2, 1, 2, 1, 4, 3, 6, 5, 3, 3, 2, 2, 4, 6, 715, 0, 0, 0, 0, 0, 0]",-1,-3.924320406554658e-05,-1,0
4420,"[1, 1, 0, 1, 2, 2, 0, 0, 0, 1, 0, 0, 1, 0, 2, 0, 0, 0, 0, 0, 0, 0, 0, 0, 2, 0, 0, 0, 0, 0, 0, 0, 1, 1, 0, 1, 1, 0, 2, 2, 0, 0, 1, 0, 0, 0, 0, 1, 0, 0, 2, 2, 2, 0, 0, 0, 0, 0, 0, 0, 0, 0, 2, 2, 3, 0, 2, 1, 2, 1, 4, 3, 6, 5, 3, 3, 2, 2, 4, 6, 715, 0, 0, 0, 0, 0, 0]",1,0.6096241153258537,-1,0
4421,"[1, 1, 0, 1, 2, 2, 0, 0, 0, 1, 0, 0, 1, 0, 2, 0, 0, 0, 0, 0, 0, 0, 0, 0, 2, 0, 0, 0, 0, 0, 0, 0, 1, 1, 0, 1, 1, 0, 2, 2, 0, 0, 1, 0, 0, 0, 0, 1, 0, 0, 2, 2, 2, 0, 0, 0, 0, 0, 0, 0, 0, 0, 2, 2, 3, 0, 2, 1, 2, 1, 4, 3, 6, 5, 3, 3, 2, 2, 4, 6, 715, 0, 0, 0, 0, 0, 0]",-1,-3.924320406554658e-05,-1,0
4422,"[1, 1, 0, 1, 2, 2, 0, 0, 0, 1, 0, 0, 1, 0, 2, 0, 0, 0, 0, 0, 0, 0, 0, 0, 2, 0, 0, 0, 0, 0, 0, 0, 1, 1, 0, 1, 1, 0, 2, 2, 0, 0, 1, 0, 0, 0, 0, 1, 0, 0, 2, 2, 2, 0, 0, 0, 0, 0, 0, 0, 0, 0, 2, 2, 3, 0, 2, 1, 2, 1, 4, 3, 6, 5, 3, 3, 2, 2, 4, 6, 716, 0, 0, 0, 0, 0, 0]",4,14.533471770635623,-1,0
4423,"[1, 1, 0, 1, 2, 2, 0, 0, 0, 1, 0, 0, 1, 0, 2, 0, 0, 0, 0, 0, 0, 0, 0, 0, 2, 0, 0, 0, 0, 0, 0, 0, 1, 1, 0, 1, 1, 0, 2, 2, 0, 0, 1, 0, 0, 0, 0, 1, 0, 0, 2, 2, 2, 0, 0, 0, 0, 0, 0, 0, 0, 0, 2, 2, 3, 0, 2, 1, 2, 1, 4, 3, 6, 5, 3, 3, 2, 2, 4, 6, 716, 1, 0, 0, 0, 0, 0]",3,0.20000000021736614,-1,1
4424,"[1, 1, 0, 1, 2, 2, 0, 0, 0, 1, 0, 0, 1, 0, 2, 0, 0, 0, 0, 0, 0, 0, 0, 0, 2, 0, 0, 0, 0, 0, 0, 0, 1, 1, 0, 1, 1, 0, 2, 2, 0, 0, 1, 0, 0, 0, 0, 1, 0, 0, 2, 2, 2, 0, 0, 0, 0, 0, 0, 0, 0, 0, 2, 2, 3, 0, 2, 1, 2, 1, 4, 3, 6, 5, 3, 3, 2, 2, 4, 6, 716, 0, 0, 0, 0, 0, 0]",-1,-3.885272766087908e-05,-1,1
4425,"[1, 1, 0, 1, 2, 2, 0, 0, 0, 1, 0, 0, 1, 0, 2, 0, 0, 0, 0, 0, 0, 0, 0, 0, 2, 0, 0, 0, 0, 0, 0, 0, 1, 1, 0, 1, 1, 0, 2, 2, 0, 0, 1, 0, 0, 0, 0, 1, 0, 0, 2, 2, 2, 0, 0, 0, 0, 0, 0, 0, 0, 0, 2, 2, 3, 0, 2, 1, 2, 1, 4, 3, 6, 5, 3, 3, 2, 2, 4, 6, 717, 0, 0, 0, 0, 0, 0]",4,12.616140374605344,-1,1
4426,"[1, 1, 0, 1, 2, 2, 0, 0, 0, 1, 0, 0, 1, 0, 2, 0, 0, 0, 0, 0, 0, 0, 0, 0, 2, 0, 0, 0, 0, 0, 0, 0, 1, 1, 0, 1, 1, 0, 2, 2, 0, 0, 1, 0, 0, 0, 0, 1, 0, 0, 2, 2, 2, 0, 0, 0, 0, 0, 0, 0, 0, 0, 2, 2, 3, 0, 2, 1, 2, 1, 4, 3, 6, 5, 3, 3, 2, 2, 4, 6, 717, 0, 0, 0, 0, 0, 0]",1,0.6096241153084598,-1,0
4427,"[1, 1, 0, 1, 2, 2, 0, 0, 0, 1, 0, 0, 1, 0, 2, 0, 0, 0, 0, 0, 0, 0, 0, 0, 2, 0, 0, 0, 0, 0, 0, 0, 1, 1, 0, 1, 1, 0, 2, 2, 0, 0, 1, 0, 0, 0, 0, 1, 0, 0, 2, 2, 2, 0, 0, 0, 0, 0, 0, 0, 0, 0, 2, 2, 3, 0, 2, 1, 2, 1, 4, 3, 6, 5, 3, 3, 2, 2, 4, 6, 717, 0, 0, 0, 0, 0, 0]",-1,-3.8466136561355046e-05,-1,0
4428,"[1, 1, 0, 1, 2, 2, 0, 0, 0, 1, 0, 0, 1, 0, 2, 0, 0, 0, 0, 0, 0, 0, 0, 0, 2, 0, 0, 0, 0, 0, 0, 0, 1, 1, 0, 1, 1, 0, 2, 2, 0, 0, 1, 0, 0, 0, 0, 1, 0, 0, 2, 2, 2, 0, 0, 0, 0, 0, 0, 0, 0, 0, 2, 2, 3, 0, 2, 1, 2, 1, 4, 3, 6, 5, 3, 3, 2, 2, 4, 6, 717, 0, 0, 0, 0, 0, 0]",1,0.6096241153084598,-1,0
4429,"[1, 1, 0, 1, 2, 2, 0, 0, 0, 1, 0, 0, 1, 0, 2, 0, 0, 0, 0, 0, 0, 0, 0, 0, 2, 0, 0, 0, 0, 0, 0, 0, 1, 1, 0, 1, 1, 0, 2, 2, 0, 0, 1, 0, 0, 0, 0, 1, 0, 0, 2, 2, 2, 0, 0, 0, 0, 0, 0, 0, 0, 0, 2, 2, 3, 0, 2, 1, 2, 1, 4, 3, 6, 5, 3, 3, 2, 2, 4, 6, 717, 0, 0, 0, 0, 0, 0]",-1,-3.8466136561355046e-05,-1,0
4430,"[1, 1, 0, 1, 2, 2, 0, 0, 0, 1, 0, 0, 1, 0, 2, 0, 0, 0, 0, 0, 0, 0, 0, 0, 2, 0, 0, 0, 0, 0, 0, 0, 1, 1, 0, 1, 1, 0, 2, 2, 0, 0, 1, 0, 0, 0, 0, 1, 0, 0, 2, 2, 2, 0, 0, 0, 0, 0, 0, 0, 0, 0, 2, 2, 3, 0, 2, 1, 2, 1, 4, 3, 6, 5, 3, 3, 2, 2, 4, 6, 717, 0, 0, 0, 0, 0, 0]",1,0.6096241153084598,-1,0
4431,"[1, 1, 0, 1, 2, 2, 0, 0, 0, 1, 0, 0, 1, 0, 2, 0, 0, 0, 0, 0, 0, 0, 0, 0, 2, 0, 0, 0, 0, 0, 0, 0, 1, 1, 0, 1, 1, 0, 2, 2, 0, 0, 1, 0, 0, 0, 0, 1, 0, 0, 2, 2, 2, 0, 0, 0, 0, 0, 0, 0, 0, 0, 2, 2, 3, 0, 2, 1, 2, 1, 4, 3, 6, 5, 3, 3, 2, 2, 4, 6, 717, 0, 0, 0, 0, 0, 0]",-1,-3.8466136561355046e-05,-1,0
4432,"[1, 1, 0, 1, 2, 2, 0, 0, 0, 1, 0, 0, 1, 0, 2, 0, 0, 0, 0, 0, 0, 0, 0, 0, 2, 0, 0, 0, 0, 0, 0, 0, 1, 1, 0, 1, 1, 0, 2, 2, 0, 0, 1, 0, 0, 0, 0, 1, 0, 0, 2, 2, 2, 0, 0, 0, 0, 0, 0, 0, 0, 0, 2, 2, 3, 0, 2, 1, 2, 1, 4, 3, 6, 5, 3, 3, 2, 2, 4, 6, 717, 1, 0, 0, 0, 0, 0]",3,0.2000000002088431,-1,0
4433,"[1, 1, 0, 1, 2, 2, 0, 0, 0, 1, 0, 0, 1, 0, 2, 0, 0, 0, 0, 0, 0, 0, 0, 0, 2, 0, 0, 0, 0, 0, 0, 0, 1, 1, 0, 1, 1, 0, 2, 2, 0, 0, 1, 0, 0, 0, 0, 1, 0, 0, 2, 2, 2, 0, 0, 0, 0, 0, 0, 0, 0, 0, 2, 2, 3, 0, 2, 1, 2, 1, 4, 3, 6, 5, 3, 3, 2, 2, 4, 6, 717, 0, 0, 0, 0, 0, 0]",-1,-3.8466136561355046e-05,-1,0
4434,"[1, 1, 0, 1, 2, 2, 0, 0, 0, 1, 0, 0, 1, 0, 2, 0, 0, 0, 0, 0, 0, 0, 0, 0, 2, 0, 0, 0, 0, 0, 0, 0, 1, 1, 0, 1, 1, 0, 2, 2, 0, 0, 1, 0, 0, 0, 0, 1, 0, 0, 2, 2, 2, 0, 0, 0, 0, 0, 0, 0, 0, 0, 2, 2, 3, 0, 2, 1, 2, 1, 4, 3, 6, 5, 3, 3, 2, 2, 4, 6, 717, 0, 0, 0, 0, 0, 0]",1,0.6096241153084598,-1,0
4435,"[1, 1, 0, 1, 2, 2, 0, 0, 0, 1, 0, 0, 1, 0, 2, 0, 0, 0, 0, 0, 0, 0, 0, 0, 2, 0, 0, 0, 0, 0, 0, 0, 1, 1, 0, 1, 1, 0, 2, 2, 0, 0, 1, 0, 0, 0, 0, 1, 0, 0, 2, 2, 2, 0, 0, 0, 0, 0, 0, 0, 0, 0, 2, 2, 3, 0, 2, 1, 2, 1, 4, 3, 6, 5, 3, 3, 2, 2, 4, 6, 717, 0, 0, 0, 0, 0, 0]",-1,-3.8466136561355046e-05,-1,0
4436,"[1, 1, 0, 1, 2, 2, 0, 0, 0, 1, 0, 0, 1, 0, 2, 0, 0, 0, 0, 0, 0, 0, 0, 0, 2, 0, 0, 0, 0, 0, 0, 0, 1, 1, 0, 1, 1, 0, 2, 2, 0, 0, 1, 0, 0, 0, 0, 1, 0, 0, 2, 2, 2, 0, 0, 0, 0, 0, 0, 0, 0, 0, 2, 2, 3, 0, 2, 1, 2, 1, 4, 3, 6, 5, 3, 3, 2, 2, 4, 6, 717, 0, 1, 0, 0, 0, 0]",2,0.4000000002088431,-1,0
4437,"[1, 1, 0, 1, 2, 2, 0, 0, 0, 1, 0, 0, 1, 0, 2, 0, 0, 0, 0, 0, 0, 0, 0, 0, 2, 0, 0, 0, 0, 0, 0, 0, 1, 1, 0, 1, 1, 0, 2, 2, 0, 0, 1, 0, 0, 0, 0, 1, 0, 0, 2, 2, 2, 0, 0, 0, 0, 0, 0, 0, 0, 0, 2, 2, 3, 0, 2, 1, 2, 1, 4, 3, 6, 5, 3, 3, 2, 2, 4, 6, 717, 0, 0, 0, 0, 0, 0]",-1,-3.8466136561355046e-05,-1,0
4438,"[1, 1, 0, 1, 2, 2, 0, 0, 0, 1, 0, 0, 1, 0, 2, 0, 0, 0, 0, 0, 0, 0, 0, 0, 2, 0, 0, 0, 0, 0, 0, 0, 1, 1, 0, 1, 1, 0, 2, 2, 0, 0, 1, 0, 0, 0, 0, 1, 0, 0, 2, 2, 2, 0, 0, 0, 0, 0, 0, 0, 0, 0, 2, 2, 3, 0, 2, 1, 2, 1, 4, 3, 6, 5, 3, 3, 2, 2, 4, 6, 717, 0, 1, 0, 0, 0, 0]",2,0.4000000002088431,-1,0
4439,"[1, 1, 0, 1, 2, 2, 0, 0, 0, 1, 0, 0, 1, 0, 2, 0, 0, 0, 0, 0, 0, 0, 0, 0, 2, 0, 0, 0, 0, 0, 0, 0, 1, 1, 0, 1, 1, 0, 2, 2, 0, 0, 1, 0, 0, 0, 0, 1, 0, 0, 2, 2, 2, 0, 0, 0, 0, 0, 0, 0, 0, 0, 2, 2, 3, 0, 2, 1, 2, 1, 4, 3, 6, 5, 3, 3, 2, 2, 4, 6, 717, 0, 0, 0, 0, 0, 0]",-1,-3.8466136561355046e-05,-1,0
4440,"[1, 1, 0, 1, 2, 2, 0, 0, 0, 1, 0, 0, 1, 0, 2, 0, 0, 0, 0, 0, 0, 0, 0, 0, 2, 0, 0, 0, 0, 0, 0, 0, 1, 1, 0, 1, 1, 0, 2, 2, 0, 0, 1, 0, 0, 0, 0, 1, 0, 0, 2, 2, 2, 0, 0, 0, 0, 0, 0, 0, 0, 0, 2, 2, 3, 0, 2, 1, 2, 1, 4, 3, 6, 5, 3, 3, 2, 2, 4, 6, 717, 0, 0, 0, 0, 0, 0]",1,0.6096241153084598,-1,0
4441,"[1, 1, 0, 1, 2, 2, 0, 0, 0, 1, 0, 0, 1, 0, 2, 0, 0, 0, 0, 0, 0, 0, 0, 0, 2, 0, 0, 0, 0, 0, 0, 0, 1, 1, 0, 1, 1, 0, 2, 2, 0, 0, 1, 0, 0, 0, 0, 1, 0, 0, 2, 2, 2, 0, 0, 0, 0, 0, 0, 0, 0, 0, 2, 2, 3, 0, 2, 1, 2, 1, 4, 3, 6, 5, 3, 3, 2, 2, 4, 6, 717, 0, 0, 0, 0, 0, 0]",-1,-3.8466136561355046e-05,-1,0
4442,"[1, 1, 0, 1, 2, 2, 0, 0, 0, 1, 0, 0, 1, 0, 2, 0, 0, 0, 0, 0, 0, 0, 0, 0, 2, 0, 0, 0, 0, 0, 0, 0, 1, 1, 0, 1, 1, 0, 2, 2, 0, 0, 1, 0, 0, 0, 0, 1, 0, 0, 2, 2, 2, 0, 0, 0, 0, 0, 0, 0, 0, 0, 2, 2, 3, 0, 2, 1, 2, 1, 4, 3, 6, 5, 3, 3, 2, 2, 4, 6, 717, 0, 1, 0, 0, 0, 0]",2,0.4000000002088431,-1,0
4443,"[1, 1, 0, 1, 2, 2, 0, 0, 0, 1, 0, 0, 1, 0, 2, 0, 0, 0, 0, 0, 0, 0, 0, 0, 2, 0, 0, 0, 0, 0, 0, 0, 1, 1, 0, 1, 1, 0, 2, 2, 0, 0, 1, 0, 0, 0, 0, 1, 0, 0, 2, 2, 2, 0, 0, 0, 0, 0, 0, 0, 0, 0, 2, 2, 3, 0, 2, 1, 2, 1, 4, 3, 6, 5, 3, 3, 2, 2, 4, 6, 717, 0, 0, 0, 0, 0, 0]",-1,-3.8466136561355046e-05,-1,0
4444,"[1, 1, 0, 1, 4, 2, 0, 0, 0, 1, 0, 0, 1, 0, 2, 0, 0, 0, 0, 0, 0, 0, 0, 0, 2, 0, 0, 0, 0, 0, 0, 0, 1, 1, 0, 1, 1, 0, 2, 2, 0, 0, 1, 0, 0, 0, 0, 1, 0, 0, 2, 2, 2, 0, 0, 0, 0, 0, 0, 0, 0, 0, 2, 2, 3, 0, 2, 1, 2, 1, 4, 3, 6, 5, 3, 3, 2, 2, 4, 6, 718, 0, 0, 0, 0, 0, 0]",4,14.533470216483902,-1,0
4445,"[1, 1, 0, 1, 4, 2, 0, 0, 0, 1, 0, 0, 1, 0, 2, 0, 0, 0, 0, 0, 0, 0, 0, 0, 2, 0, 0, 0, 0, 0, 0, 0, 1, 1, 0, 1, 1, 0, 2, 2, 0, 0, 1, 0, 0, 0, 0, 1, 0, 0, 2, 2, 2, 0, 0, 0, 0, 0, 0, 0, 0, 0, 2, 2, 3, 0, 2, 1, 2, 1, 4, 3, 6, 5, 3, 3, 2, 2, 4, 6, 718, 1, 0, 0, 0, 0, 0]",3,0.20000000020065425,-1,1
4446,"[1, 1, 0, 1, 4, 2, 0, 0, 0, 1, 0, 0, 1, 0, 2, 0, 0, 0, 0, 0, 0, 0, 0, 0, 2, 0, 0, 0, 0, 0, 0, 0, 1, 1, 0, 1, 1, 0, 2, 2, 0, 0, 1, 0, 0, 0, 0, 1, 0, 0, 2, 2, 2, 0, 0, 0, 0, 0, 0, 0, 0, 0, 2, 2, 3, 0, 2, 1, 2, 1, 4, 3, 6, 5, 3, 3, 2, 2, 4, 6, 718, 0, 0, 0, 0, 0, 0]",-1,-3.8083392107542366e-05,-1,1
4447,"[1, 1, 0, 1, 4, 2, 0, 0, 0, 1, 0, 0, 1, 0, 2, 0, 0, 0, 0, 0, 0, 0, 0, 0, 2, 0, 0, 0, 0, 0, 0, 0, 1, 1, 0, 1, 1, 0, 2, 2, 0, 0, 1, 0, 0, 0, 0, 1, 0, 0, 2, 2, 2, 0, 0, 0, 0, 0, 0, 0, 0, 0, 2, 2, 3, 0, 2, 1, 2, 1, 4, 3, 6, 5, 3, 3, 2, 2, 4, 6, 719, 0, 0, 0, 0, 0, 0]",4,12.450783381416894,-1,1
4448,"[1, 1, 0, 1, 4, 2, 0, 0, 0, 1, 0, 0, 1, 0, 2, 0, 0, 0, 0, 0, 0, 0, 0, 0, 2, 0, 0, 0, 0, 0, 0, 0, 1, 1, 0, 1, 1, 0, 2, 2, 0, 0, 1, 0, 0, 0, 0, 1, 0, 0, 2, 2, 2, 0, 0, 0, 0, 0, 0, 0, 0, 0, 2, 2, 3, 0, 2, 1, 2, 1, 4, 3, 6, 5, 3, 3, 2, 2, 4, 6, 719, 0, 0, 0, 0, 0, 0]",1,0.6096241152924031,-1,0
4449,"[1, 1, 0, 1, 4, 2, 0, 0, 0, 1, 0, 0, 1, 0, 2, 0, 0, 0, 0, 0, 0, 0, 0, 0, 2, 0, 0, 0, 0, 0, 0, 0, 1, 1, 0, 1, 1, 0, 2, 2, 0, 0, 1, 0, 0, 0, 0, 1, 0, 0, 2, 2, 2, 0, 0, 0, 0, 0, 0, 0, 0, 0, 2, 2, 3, 0, 2, 1, 2, 1, 4, 3, 6, 5, 3, 3, 2, 2, 4, 6, 719, 0, 0, 0, 0, 0, 0]",-1,-3.770445602467667e-05,-1,0
4450,"[1, 1, 0, 1, 4, 2, 0, 0, 0, 1, 0, 0, 1, 0, 2, 0, 0, 0, 0, 0, 0, 0, 0, 0, 2, 0, 0, 0, 0, 0, 0, 0, 1, 1, 0, 1, 1, 0, 2, 2, 0, 0, 1, 0, 0, 0, 0, 1, 0, 0, 2, 2, 2, 0, 0, 0, 0, 0, 0, 0, 0, 0, 2, 2, 3, 0, 2, 1, 2, 1, 4, 3, 6, 5, 3, 3, 2, 2, 4, 6, 719, 1, 0, 0, 0, 0, 0]",3,0.20000000019278646,-1,0
4451,"[1, 1, 0, 1, 4, 2, 0, 0, 0, 1, 0, 0, 1, 0, 2, 0, 0, 0, 0, 0, 0, 0, 0, 0, 2, 0, 0, 0, 0, 0, 0, 0, 1, 1, 0, 1, 1, 0, 2, 2, 0, 0, 1, 0, 0, 0, 0, 1, 0, 0, 2, 2, 2, 0, 0, 0, 0, 0, 0, 0, 0, 0, 2, 2, 3, 0, 2, 1, 2, 1, 4, 3, 6, 5, 3, 3, 2, 2, 4, 6, 719, 0, 0, 0, 0, 0, 0]",-1,-3.770445602467667e-05,-1,0
4452,"[1, 1, 0, 1, 4, 2, 0, 0, 0, 1, 0, 0, 1, 0, 2, 0, 0, 0, 0, 0, 0, 0, 0, 0, 2, 0, 0, 0, 0, 0, 0, 0, 1, 1, 0, 1, 1, 0, 2, 2, 0, 0, 1, 0, 0, 0, 0, 1, 0, 0, 2, 2, 2, 0, 0, 0, 0, 0, 0, 0, 0, 0, 2, 2, 3, 0, 2, 1, 2, 1, 4, 3, 6, 5, 3, 3, 2, 2, 4, 6, 719, 0, 1, 0, 0, 0, 0]",2,0.4000000001927864,-1,0
4453,"[1, 1, 0, 1, 4, 2, 0, 0, 0, 1, 0, 0, 1, 0, 2, 0, 0, 0, 0, 0, 0, 0, 0, 0, 2, 0, 0, 0, 0, 0, 0, 0, 1, 1, 0, 1, 1, 0, 2, 2, 0, 0, 1, 0, 0, 0, 0, 1, 0, 0, 2, 2, 2, 0, 0, 0, 0, 0, 0, 0, 0, 0, 2, 2, 3, 0, 2, 1, 2, 1, 4, 3, 6, 5, 3, 3, 2, 2, 4, 6, 719, 0, 0, 0, 0, 0, 0]",-1,-3.770445602467667e-05,-1,0
4454,"[1, 2, 0, 1, 4, 3, 0, 0, 0, 1, 0, 0, 1, 0, 2, 0, 0, 0, 0, 0, 0, 0, 0, 0, 2, 0, 0, 0, 0, 0, 0, 0, 1, 1, 0, 1, 1, 0, 2, 2, 0, 0, 1, 0, 0, 0, 0, 1, 0, 0, 2, 2, 2, 0, 0, 0, 0, 0, 0, 0, 0, 0, 2, 2, 3, 0, 2, 1, 2, 1, 4, 3, 6, 5, 3, 3, 2, 2, 4, 6, 720, 0, 0, 0, 0, 0, 0]",4,14.37384397247112,-1,0
4455,"[1, 2, 0, 1, 4, 3, 0, 0, 0, 1, 0, 0, 1, 0, 2, 0, 0, 0, 0, 0, 0, 0, 0, 0, 2, 0, 0, 0, 0, 0, 0, 0, 1, 1, 0, 1, 1, 0, 2, 2, 0, 0, 1, 0, 0, 0, 0, 1, 0, 0, 2, 2, 2, 0, 0, 0, 0, 0, 0, 0, 0, 0, 2, 2, 3, 0, 2, 1, 2, 1, 4, 3, 6, 5, 3, 3, 2, 2, 4, 6, 720, 0, 1, 0, 0, 0, 0]",2,0.4000000001852272,-1,1
4456,"[1, 2, 0, 1, 4, 3, 0, 0, 0, 1, 0, 0, 1, 0, 2, 0, 0, 0, 0, 0, 0, 0, 0, 0, 2, 0, 0, 0, 0, 0, 0, 0, 1, 1, 0, 1, 1, 0, 2, 2, 0, 0, 1, 0, 0, 0, 0, 1, 0, 0, 2, 2, 2, 0, 0, 0, 0, 0, 0, 0, 0, 0, 2, 2, 3, 0, 2, 1, 2, 1, 4, 3, 6, 5, 3, 3, 2, 2, 4, 6, 720, 0, 1, 0, 0, 1, 0]","[[2 1 0 0]
 [1 1 0 1]]",0.6504248652433181,-1,1
4457,"[1, 2, 0, 1, 4, 3, 0, 0, 0, 1, 0, 0, 1, 0, 2, 0, 0, 0, 0, 0, 0, 0, 0, 0, 2, 0, 0, 0, 0, 0, 0, 0, 1, 1, 0, 1, 1, 0, 2, 2, 0, 0, 1, 0, 0, 0, 0, 1, 0, 0, 2, 2, 2, 0, 0, 0, 0, 0, 0, 0, 0, 0, 2, 2, 3, 0, 2, 1, 2, 1, 4, 3, 6, 5, 3, 3, 2, 2, 4, 6, 720, 0, 0, 0, 0, 0, 0]",1,-0.1999999998147728,-1,0
4458,"[1, 2, 0, 1, 4, 3, 0, 0, 0, 1, 0, 0, 1, 0, 2, 0, 0, 0, 0, 0, 0, 0, 0, 0, 2, 0, 0, 0, 0, 0, 0, 0, 1, 1, 0, 1, 1, 0, 2, 2, 0, 0, 1, 0, 0, 0, 0, 1, 0, 0, 2, 2, 2, 0, 0, 0, 0, 0, 0, 0, 0, 0, 2, 2, 3, 0, 2, 1, 2, 1, 4, 3, 6, 5, 3, 3, 2, 2, 4, 6, 720, 0, 1, 0, 0, 0, 0]",2,0.4000000001852272,-1,1
4459,"[1, 2, 0, 1, 4, 3, 0, 0, 0, 1, 0, 0, 1, 0, 2, 0, 0, 0, 0, 0, 0, 0, 0, 0, 2, 0, 0, 0, 0, 0, 0, 0, 1, 1, 0, 1, 1, 0, 2, 2, 0, 0, 1, 0, 0, 0, 0, 1, 0, 0, 2, 2, 2, 0, 0, 0, 0, 0, 0, 0, 0, 0, 2, 2, 3, 0, 2, 1, 2, 1, 4, 3, 6, 5, 3, 3, 2, 2, 4, 6, 720, 0, 1, 0, 0, 1, 0]","[[2 1 0 0]
 [1 2 0 1]]",1.7252413327258231,-1,1
4460,"[2, 1, 0, 0, 3, 4, 0, 1, 0, 1, 0, 0, 1, 0, 2, 0, 0, 0, 0, 0, 0, 0, 0, 0, 2, 0, 0, 0, 0, 0, 0, 0, 1, 1, 0, 1, 1, 0, 2, 2, 0, 0, 1, 0, 0, 0, 0, 1, 0, 0, 2, 2, 2, 0, 0, 0, 0, 0, 0, 0, 0, 0, 2, 2, 3, 0, 2, 1, 2, 1, 4, 3, 6, 5, 3, 3, 2, 2, 4, 6, 720, 0, 0, 0, 0, 0, 0]",0,-0.1999999998147728,-1,0
4461,"[2, 1, 0, 0, 3, 4, 0, 1, 0, 1, 0, 0, 1, 0, 2, 0, 0, 0, 0, 0, 0, 0, 0, 0, 2, 0, 0, 0, 0, 0, 0, 0, 1, 1, 0, 1, 1, 0, 2, 2, 0, 0, 1, 0, 0, 0, 0, 1, 0, 0, 2, 2, 2, 0, 0, 0, 0, 0, 0, 0, 0, 0, 2, 2, 3, 0, 2, 1, 2, 1, 4, 3, 6, 5, 3, 3, 2, 2, 4, 6, 720, 0, 0, 0, 0, 0, 0]",-1,-3.732929041883396e-05,-1,1
4462,"[3, 1, 0, 0, 3, 5, 0, 1, 0, 1, 0, 0, 1, 0, 2, 0, 0, 0, 0, 0, 0, 0, 0, 0, 2, 0, 0, 0, 0, 0, 0, 0, 1, 1, 0, 1, 1, 0, 2, 2, 0, 0, 1, 0, 0, 0, 0, 1, 0, 0, 2, 2, 2, 0, 0, 0, 0, 0, 0, 0, 0, 0, 2, 2, 3, 0, 2, 1, 2, 1, 4, 3, 6, 5, 3, 3, 2, 2, 4, 6, 721, 0, 0, 0, 0, 0, 0]",4,12.558436810058852,-1,1
4463,"[3, 1, 0, 0, 3, 5, 0, 1, 0, 1, 0, 0, 1, 0, 2, 0, 0, 0, 0, 0, 0, 0, 0, 0, 2, 0, 0, 0, 0, 0, 0, 0, 1, 1, 0, 1, 1, 0, 2, 2, 0, 0, 1, 0, 0, 0, 0, 1, 0, 0, 2, 2, 2, 0, 0, 0, 0, 0, 0, 0, 0, 0, 2, 2, 3, 0, 2, 1, 2, 1, 4, 3, 6, 5, 3, 3, 2, 2, 4, 6, 721, 0, 1, 0, 0, 0, 0]",2,0.40000000017796433,-1,0
4464,"[3, 1, 0, 0, 3, 5, 0, 1, 0, 1, 0, 0, 1, 0, 2, 0, 0, 0, 0, 0, 0, 0, 0, 0, 2, 0, 0, 0, 0, 0, 0, 0, 1, 1, 0, 1, 1, 0, 2, 2, 0, 0, 1, 0, 0, 0, 0, 1, 0, 0, 2, 2, 2, 0, 0, 0, 0, 0, 0, 0, 0, 0, 2, 2, 3, 0, 2, 1, 2, 1, 4, 3, 6, 5, 3, 3, 2, 2, 4, 6, 721, 0, 1, 0, 0, 1, 0]","[[1 0 0 0]
 [0 0 0 1]]",0.6504248652360552,-1,0
4465,"[3, 1, 0, 0, 3, 5, 0, 1, 0, 1, 0, 0, 1, 0, 2, 0, 0, 0, 0, 0, 0, 0, 0, 0, 2, 0, 0, 0, 0, 0, 0, 0, 1, 1, 0, 1, 1, 0, 2, 2, 0, 0, 1, 0, 0, 0, 0, 1, 0, 0, 2, 2, 2, 0, 0, 0, 0, 0, 0, 0, 0, 0, 2, 2, 3, 0, 2, 1, 2, 1, 4, 3, 6, 5, 3, 3, 2, 2, 4, 6, 721, 0, 0, 0, 0, 0, 0]",1,-58.98775382661831,-1,1
4466,"[3, 1, 0, 0, 3, 5, 0, 1, 0, 1, 0, 0, 1, 0, 2, 0, 0, 0, 0, 0, 0, 0, 0, 0, 2, 0, 0, 0, 0, 0, 0, 0, 1, 1, 0, 1, 1, 0, 2, 2, 0, 0, 1, 0, 0, 0, 0, 1, 0, 0, 2, 2, 2, 0, 0, 0, 0, 0, 0, 0, 0, 0, 2, 2, 3, 0, 2, 1, 2, 1, 4, 3, 6, 5, 3, 3, 2, 2, 4, 6, 721, 1, 0, 0, 0, 0, 0]",3,0.20000000017796438,-1,0
4467,"[1, 1, 0, 1, 3, 5, 0, 1, 0, 1, 0, 0, 1, 0, 2, 0, 0, 0, 0, 0, 0, 0, 0, 0, 2, 0, 0, 0, 0, 0, 0, 0, 1, 1, 0, 1, 1, 0, 2, 2, 0, 0, 1, 0, 0, 0, 0, 1, 0, 0, 2, 2, 2, 0, 0, 0, 0, 0, 0, 0, 0, 0, 2, 2, 3, 0, 2, 1, 2, 1, 4, 3, 6, 5, 3, 3, 2, 2, 4, 6, 721, 0, 0, 0, 0, 0, 0]","[[2 0 0 0]
 [0 0 0 1]]",-0.19854231791099458,-1,0
4468,"[1, 1, 0, 1, 3, 5, 0, 1, 0, 1, 0, 0, 1, 0, 2, 0, 0, 0, 0, 0, 0, 0, 0, 0, 2, 0, 0, 0, 0, 0, 0, 0, 1, 1, 0, 1, 1, 0, 2, 2, 0, 0, 1, 0, 0, 0, 0, 1, 0, 0, 2, 2, 2, 0, 0, 0, 0, 0, 0, 0, 0, 0, 2, 2, 3, 0, 2, 1, 2, 1, 4, 3, 6, 5, 3, 3, 2, 2, 4, 6, 721, 0, 0, 0, 0, 0, 0]",1,0.6096241152775811,-1,0
4469,"[1, 1, 0, 1, 3, 5, 0, 1, 0, 1, 0, 0, 1, 0, 2, 0, 0, 0, 0, 0, 0, 0, 0, 0, 2, 0, 0, 0, 0, 0, 0, 0, 1, 1, 0, 1, 1, 0, 2, 2, 0, 0, 1, 0, 0, 0, 0, 1, 0, 0, 2, 2, 2, 0, 0, 0, 0, 0, 0, 0, 0, 0, 2, 2, 3, 0, 2, 1, 2, 1, 4, 3, 6, 5, 3, 3, 2, 2, 4, 6, 721, 0, 0, 0, 0, 0, 0]",-1,-3.695785777314099e-05,-1,0
4470,"[1, 1, 0, 1, 3, 5, 0, 1, 0, 1, 0, 0, 1, 0, 2, 0, 0, 0, 0, 0, 0, 0, 0, 0, 2, 0, 0, 0, 0, 0, 0, 0, 1, 1, 0, 1, 1, 0, 2, 2, 0, 0, 1, 0, 0, 0, 0, 1, 0, 0, 2, 2, 2, 0, 0, 0, 0, 0, 0, 0, 0, 0, 2, 2, 3, 0, 2, 1, 2, 1, 4, 3, 6, 5, 3, 3, 2, 2, 4, 6, 721, 1, 0, 0, 0, 0, 0]",3,0.20000000017796438,-1,0
4471,"[1, 1, 0, 1, 3, 5, 0, 1, 0, 1, 0, 0, 1, 0, 2, 0, 0, 0, 0, 0, 0, 0, 0, 0, 2, 0, 0, 0, 0, 0, 0, 0, 1, 1, 0, 1, 1, 0, 2, 2, 0, 0, 1, 0, 0, 0, 0, 1, 0, 0, 2, 2, 2, 0, 0, 0, 0, 0, 0, 0, 0, 0, 2, 2, 3, 0, 2, 1, 2, 1, 4, 3, 6, 5, 3, 3, 2, 2, 4, 6, 721, 0, 0, 0, 0, 0, 0]",-1,-3.695785777314099e-05,-1,0
4472,"[1, 1, 0, 1, 3, 5, 0, 1, 0, 1, 0, 0, 1, 0, 2, 0, 0, 0, 0, 0, 0, 0, 0, 0, 2, 0, 0, 0, 0, 0, 0, 0, 1, 1, 0, 1, 1, 0, 2, 2, 0, 0, 1, 0, 0, 0, 0, 1, 0, 0, 2, 2, 2, 0, 0, 0, 0, 0, 0, 0, 0, 0, 2, 2, 3, 0, 2, 1, 2, 1, 4, 3, 6, 5, 3, 3, 2, 2, 4, 6, 721, 0, 1, 0, 0, 0, 0]",2,0.40000000017796433,-1,0
4473,"[1, 1, 0, 1, 3, 5, 0, 1, 0, 1, 0, 0, 1, 0, 2, 0, 0, 0, 0, 0, 0, 0, 0, 0, 2, 0, 0, 0, 0, 0, 0, 0, 1, 1, 0, 1, 1, 0, 2, 2, 0, 0, 1, 0, 0, 0, 0, 1, 0, 0, 2, 2, 2, 0, 0, 0, 0, 0, 0, 0, 0, 0, 2, 2, 3, 0, 2, 1, 2, 1, 4, 3, 6, 5, 3, 3, 2, 2, 4, 6, 721, 0, 0, 0, 0, 0, 0]",-1,-3.695785777314099e-05,-1,0
4474,"[1, 2, 0, 1, 3, 6, 0, 1, 0, 1, 0, 0, 1, 0, 2, 0, 0, 0, 0, 0, 0, 0, 0, 0, 2, 0, 0, 0, 0, 0, 0, 0, 1, 1, 0, 1, 1, 0, 2, 2, 0, 0, 1, 0, 0, 0, 0, 1, 0, 0, 2, 2, 2, 0, 0, 0, 0, 0, 0, 0, 0, 0, 2, 2, 3, 0, 2, 1, 2, 1, 4, 3, 6, 5, 3, 3, 2, 2, 4, 6, 722, 0, 0, 0, 0, 0, 0]",4,14.373842479260375,-1,0
4475,"[1, 2, 0, 1, 3, 6, 0, 1, 0, 1, 0, 0, 1, 0, 2, 0, 0, 0, 0, 0, 0, 0, 0, 0, 2, 0, 0, 0, 0, 0, 0, 0, 1, 1, 0, 1, 1, 0, 2, 2, 0, 0, 1, 0, 0, 0, 0, 1, 0, 0, 2, 2, 2, 0, 0, 0, 0, 0, 0, 0, 0, 0, 2, 2, 3, 0, 2, 1, 2, 1, 4, 3, 6, 5, 3, 3, 2, 2, 4, 6, 722, 0, 0, 0, 0, 0, 0]",-1,-3.659012094402364e-05,-1,1
4476,"[1, 2, 0, 1, 3, 6, 0, 1, 0, 1, 0, 0, 1, 0, 2, 0, 0, 0, 0, 0, 0, 0, 0, 0, 2, 0, 0, 0, 0, 0, 0, 0, 1, 1, 0, 1, 1, 0, 2, 2, 0, 0, 1, 0, 0, 0, 0, 1, 0, 0, 2, 2, 2, 0, 0, 0, 0, 0, 0, 0, 0, 0, 2, 2, 3, 0, 2, 1, 2, 1, 4, 3, 6, 5, 3, 3, 2, 2, 4, 6, 722, 0, 0, 0, 0, 0, 0]",1,0.609624115270603,-1,1
4477,"[1, 2, 0, 1, 3, 6, 0, 1, 0, 1, 0, 0, 1, 0, 2, 0, 0, 0, 0, 0, 0, 0, 0, 0, 2, 0, 0, 0, 0, 0, 0, 0, 1, 1, 0, 1, 1, 0, 2, 2, 0, 0, 1, 0, 0, 0, 0, 1, 0, 0, 2, 2, 2, 0, 0, 0, 0, 0, 0, 0, 0, 0, 2, 2, 3, 0, 2, 1, 2, 1, 4, 3, 6, 5, 3, 3, 2, 2, 4, 6, 722, 0, 0, 0, 0, 0, 0]",-1,-3.659012094402364e-05,-1,1
4478,"[1, 2, 0, 1, 3, 6, 0, 1, 0, 1, 0, 0, 1, 0, 2, 0, 0, 0, 0, 0, 0, 0, 0, 0, 2, 0, 0, 0, 0, 0, 0, 0, 1, 1, 0, 1, 1, 0, 2, 2, 0, 0, 1, 0, 0, 0, 0, 1, 0, 0, 2, 2, 2, 0, 0, 0, 0, 0, 0, 0, 0, 0, 2, 2, 3, 0, 2, 1, 2, 1, 4, 3, 6, 5, 3, 3, 2, 2, 4, 6, 723, 0, 0, 0, 0, 0, 0]",4,12.503924209555496,-1,1
4479,"[1, 2, 0, 1, 3, 6, 0, 1, 0, 1, 0, 0, 1, 0, 2, 0, 0, 0, 0, 0, 0, 0, 0, 0, 2, 0, 0, 0, 0, 0, 0, 0, 1, 1, 0, 1, 1, 0, 2, 2, 0, 0, 1, 0, 0, 0, 0, 1, 0, 0, 2, 2, 2, 0, 0, 0, 0, 0, 0, 0, 0, 0, 2, 2, 3, 0, 2, 1, 2, 1, 4, 3, 6, 5, 3, 3, 2, 2, 4, 6, 723, 0, 1, 0, 0, 0, 0]",2,0.4000000001642817,-1,0
4480,"[1, 2, 0, 1, 3, 6, 0, 1, 0, 1, 0, 0, 1, 0, 2, 0, 0, 0, 0, 0, 0, 0, 0, 0, 2, 0, 0, 0, 0, 0, 0, 0, 1, 1, 0, 1, 1, 0, 2, 2, 0, 0, 1, 0, 0, 0, 0, 1, 0, 0, 2, 2, 2, 0, 0, 0, 0, 0, 0, 0, 0, 0, 2, 2, 3, 0, 2, 1, 2, 1, 4, 3, 6, 5, 3, 3, 2, 2, 4, 6, 723, 0, 0, 0, 0, 0, 0]",-1,-3.6226043157492535e-05,-1,0
4481,"[1, 2, 0, 1, 3, 6, 0, 1, 0, 1, 0, 0, 1, 0, 2, 0, 0, 0, 0, 0, 0, 0, 0, 0, 2, 0, 0, 0, 0, 0, 0, 0, 1, 1, 0, 1, 1, 0, 2, 2, 0, 0, 1, 0, 0, 0, 0, 1, 0, 0, 2, 2, 2, 0, 0, 0, 0, 0, 0, 0, 0, 0, 2, 2, 3, 0, 2, 1, 2, 1, 4, 3, 6, 5, 3, 3, 2, 2, 4, 6, 723, 0, 1, 0, 0, 0, 0]",2,0.4000000001642817,-1,0
4482,"[1, 2, 0, 1, 3, 6, 0, 1, 0, 1, 0, 0, 1, 0, 2, 0, 0, 0, 0, 0, 0, 0, 0, 0, 2, 0, 0, 0, 0, 0, 0, 0, 1, 1, 0, 1, 1, 0, 2, 2, 0, 0, 1, 0, 0, 0, 0, 1, 0, 0, 2, 2, 2, 0, 0, 0, 0, 0, 0, 0, 0, 0, 2, 2, 3, 0, 2, 1, 2, 1, 4, 3, 6, 5, 3, 3, 2, 2, 4, 6, 723, 0, 0, 0, 0, 0, 0]",-1,-3.6226043157492535e-05,-1,0
4483,"[1, 2, 0, 1, 3, 6, 0, 1, 0, 1, 0, 0, 1, 0, 2, 0, 0, 0, 0, 0, 0, 0, 0, 0, 2, 0, 0, 0, 0, 0, 0, 0, 1, 1, 0, 1, 1, 0, 2, 2, 0, 0, 1, 0, 0, 0, 0, 1, 0, 0, 2, 2, 2, 0, 0, 0, 0, 0, 0, 0, 0, 0, 2, 2, 3, 0, 2, 1, 2, 1, 4, 3, 6, 5, 3, 3, 2, 2, 4, 6, 723, 0, 1, 0, 0, 0, 0]",2,0.4000000001642817,-1,0
4484,"[1, 2, 0, 1, 3, 6, 0, 1, 0, 1, 0, 0, 1, 0, 2, 0, 0, 0, 0, 0, 0, 0, 0, 0, 2, 0, 0, 0, 0, 0, 0, 0, 1, 1, 0, 1, 1, 0, 2, 2, 0, 0, 1, 0, 0, 0, 0, 1, 0, 0, 2, 2, 2, 0, 0, 0, 0, 0, 0, 0, 0, 0, 2, 2, 3, 0, 2, 1, 2, 1, 4, 3, 6, 5, 3, 3, 2, 2, 4, 6, 723, 0, 0, 0, 0, 0, 0]",-1,-3.6226043157492535e-05,-1,0
4485,"[1, 2, 0, 1, 3, 6, 0, 1, 0, 1, 0, 0, 1, 0, 2, 0, 0, 0, 0, 0, 0, 0, 0, 0, 2, 0, 0, 0, 0, 0, 0, 0, 1, 1, 0, 1, 1, 0, 2, 2, 0, 0, 1, 0, 0, 0, 0, 1, 0, 0, 2, 2, 2, 0, 0, 0, 0, 0, 0, 0, 0, 0, 2, 2, 3, 0, 2, 1, 2, 1, 4, 3, 6, 5, 3, 3, 2, 2, 4, 6, 723, 1, 0, 0, 0, 0, 0]",3,0.2000000001642818,-1,0
4486,"[1, 2, 0, 1, 3, 6, 0, 1, 0, 1, 0, 0, 1, 0, 2, 0, 0, 0, 0, 0, 0, 0, 0, 0, 2, 0, 0, 0, 0, 0, 0, 0, 1, 1, 0, 1, 1, 0, 2, 2, 0, 0, 1, 0, 0, 0, 0, 1, 0, 0, 2, 2, 2, 0, 0, 0, 0, 0, 0, 0, 0, 0, 2, 2, 3, 0, 2, 1, 2, 1, 4, 3, 6, 5, 3, 3, 2, 2, 4, 6, 723, 0, 0, 0, 0, 0, 0]",-1,-3.6226043157492535e-05,-1,0
4487,"[1, 2, 0, 1, 3, 6, 0, 1, 0, 1, 0, 0, 1, 0, 2, 0, 0, 0, 0, 0, 0, 0, 0, 0, 2, 0, 0, 0, 0, 0, 0, 0, 1, 1, 0, 1, 1, 0, 2, 2, 0, 0, 1, 0, 0, 0, 0, 1, 0, 0, 2, 2, 2, 0, 0, 0, 0, 0, 0, 0, 0, 0, 2, 2, 3, 0, 2, 1, 2, 1, 4, 3, 6, 5, 3, 3, 2, 2, 4, 6, 723, 0, 0, 0, 0, 0, 0]",1,0.6096241152638985,-1,0
4488,"[1, 2, 0, 1, 3, 6, 0, 1, 0, 1, 0, 0, 1, 0, 2, 0, 0, 0, 0, 0, 0, 0, 0, 0, 2, 0, 0, 0, 0, 0, 0, 0, 1, 1, 0, 1, 1, 0, 2, 2, 0, 0, 1, 0, 0, 0, 0, 1, 0, 0, 2, 2, 2, 0, 0, 0, 0, 0, 0, 0, 0, 0, 2, 2, 3, 0, 2, 1, 2, 1, 4, 3, 6, 5, 3, 3, 2, 2, 4, 6, 723, 0, 0, 0, 0, 0, 0]",-1,-3.6226043157492535e-05,-1,0
4489,"[1, 2, 0, 1, 3, 6, 0, 1, 0, 1, 0, 0, 1, 0, 2, 0, 0, 0, 0, 0, 0, 0, 0, 0, 2, 0, 0, 0, 0, 0, 0, 0, 1, 1, 0, 1, 1, 0, 2, 2, 0, 0, 1, 0, 0, 0, 0, 1, 0, 0, 2, 2, 2, 0, 0, 0, 0, 0, 0, 0, 0, 0, 2, 2, 3, 0, 2, 1, 2, 1, 4, 3, 6, 5, 3, 3, 2, 2, 4, 6, 723, 0, 0, 0, 0, 0, 0]",1,0.6096241152638985,-1,0
4490,"[1, 2, 0, 1, 3, 6, 0, 1, 0, 1, 0, 0, 1, 0, 2, 0, 0, 0, 0, 0, 0, 0, 0, 0, 2, 0, 0, 0, 0, 0, 0, 0, 1, 1, 0, 1, 1, 0, 2, 2, 0, 0, 1, 0, 0, 0, 0, 1, 0, 0, 2, 2, 2, 0, 0, 0, 0, 0, 0, 0, 0, 0, 2, 2, 3, 0, 2, 1, 2, 1, 4, 3, 6, 5, 3, 3, 2, 2, 4, 6, 723, 0, 0, 0, 0, 0, 0]",-1,-3.6226043157492535e-05,-1,0
4491,"[1, 2, 0, 1, 3, 6, 0, 1, 0, 1, 0, 0, 1, 0, 2, 0, 0, 0, 0, 0, 0, 0, 0, 0, 2, 0, 0, 0, 0, 0, 0, 0, 1, 1, 0, 1, 1, 0, 2, 2, 0, 0, 1, 0, 0, 0, 0, 1, 0, 0, 2, 2, 2, 0, 0, 0, 0, 0, 0, 0, 0, 0, 2, 2, 3, 0, 2, 1, 2, 1, 4, 3, 6, 5, 3, 3, 2, 2, 4, 6, 723, 0, 1, 0, 0, 0, 0]",2,0.4000000001642817,-1,0
4492,"[1, 2, 0, 1, 3, 6, 0, 1, 0, 1, 0, 0, 1, 0, 2, 0, 0, 0, 0, 0, 0, 0, 0, 0, 2, 0, 0, 0, 0, 0, 0, 0, 1, 1, 0, 1, 1, 0, 2, 2, 0, 0, 1, 0, 0, 0, 0, 1, 0, 0, 2, 2, 2, 0, 0, 0, 0, 0, 0, 0, 0, 0, 2, 2, 3, 0, 2, 1, 2, 1, 4, 3, 6, 5, 3, 3, 2, 2, 4, 6, 723, 0, 0, 0, 0, 0, 0]",-1,-3.6226043157492535e-05,-1,0
4493,"[1, 2, 0, 1, 3, 6, 0, 1, 0, 1, 0, 0, 1, 0, 2, 0, 0, 0, 0, 0, 0, 0, 0, 0, 2, 0, 0, 0, 0, 0, 0, 0, 1, 1, 0, 1, 1, 0, 2, 2, 0, 0, 1, 0, 0, 0, 0, 1, 0, 0, 2, 2, 2, 0, 0, 0, 0, 0, 0, 0, 0, 0, 2, 2, 3, 0, 2, 1, 2, 1, 4, 3, 6, 5, 3, 3, 2, 2, 4, 6, 723, 0, 0, 0, 0, 0, 0]",1,0.6096241152638985,-1,0
4494,"[1, 2, 0, 1, 3, 6, 0, 1, 0, 1, 0, 0, 1, 0, 2, 0, 0, 0, 0, 0, 0, 0, 0, 0, 2, 0, 0, 0, 0, 0, 0, 0, 1, 1, 0, 1, 1, 0, 2, 2, 0, 0, 1, 0, 0, 0, 0, 1, 0, 0, 2, 2, 2, 0, 0, 0, 0, 0, 0, 0, 0, 0, 2, 2, 3, 0, 2, 1, 2, 1, 4, 3, 6, 5, 3, 3, 2, 2, 4, 6, 723, 0, 0, 0, 0, 0, 0]",-1,-3.6226043157492535e-05,-1,0
4495,"[1, 2, 0, 1, 3, 6, 0, 1, 0, 1, 0, 0, 1, 0, 2, 0, 0, 0, 0, 0, 0, 0, 0, 0, 2, 0, 0, 0, 0, 0, 0, 0, 1, 1, 0, 1, 1, 0, 2, 2, 0, 0, 1, 0, 0, 0, 0, 1, 0, 0, 2, 2, 2, 0, 0, 0, 0, 0, 0, 0, 0, 0, 2, 2, 3, 0, 2, 1, 2, 1, 4, 3, 6, 5, 3, 3, 2, 2, 4, 6, 724, 0, 0, 0, 0, 0, 0]",4,14.373841015617998,-1,0
4496,"[1, 2, 0, 1, 5, 6, 0, 1, 0, 1, 0, 0, 1, 0, 2, 0, 0, 0, 0, 0, 0, 0, 0, 0, 2, 0, 0, 0, 0, 0, 0, 0, 1, 1, 0, 1, 1, 0, 2, 2, 0, 0, 1, 0, 0, 0, 0, 1, 0, 0, 2, 2, 2, 0, 0, 0, 0, 0, 0, 0, 0, 0, 2, 2, 3, 0, 2, 1, 2, 1, 4, 3, 6, 5, 3, 3, 2, 2, 4, 6, 725, 0, 0, 0, 0, 0, 0]",4,12.52127074112322,-1,1
4497,"[1, 2, 0, 1, 5, 6, 0, 1, 0, 1, 0, 0, 1, 0, 2, 0, 0, 0, 0, 0, 0, 0, 0, 0, 2, 0, 0, 0, 0, 0, 0, 0, 1, 1, 0, 1, 1, 0, 2, 2, 0, 0, 1, 0, 0, 0, 0, 1, 0, 0, 2, 2, 2, 0, 0, 0, 0, 0, 0, 0, 0, 0, 2, 2, 3, 0, 2, 1, 2, 1, 4, 3, 6, 5, 3, 3, 2, 2, 4, 6, 725, 0, 0, 0, 0, 0, 0]",1,0.6096241152512679,-1,0
4498,"[1, 2, 0, 1, 5, 6, 0, 1, 0, 1, 0, 0, 1, 0, 2, 0, 0, 0, 0, 0, 0, 0, 0, 0, 2, 0, 0, 0, 0, 0, 0, 0, 1, 1, 0, 1, 1, 0, 2, 2, 0, 0, 1, 0, 0, 0, 0, 1, 0, 0, 2, 2, 2, 0, 0, 0, 0, 0, 0, 0, 0, 0, 2, 2, 3, 0, 2, 1, 2, 1, 4, 3, 6, 5, 3, 3, 2, 2, 4, 6, 725, 0, 0, 0, 0, 0, 0]",-1,-3.5508719442127454e-05,-1,0
4499,"[1, 2, 0, 1, 5, 6, 0, 1, 0, 1, 0, 0, 1, 0, 2, 0, 0, 0, 0, 0, 0, 0, 0, 0, 2, 0, 0, 0, 0, 0, 0, 0, 1, 1, 0, 1, 1, 0, 2, 2, 0, 0, 1, 0, 0, 0, 0, 1, 0, 0, 2, 2, 2, 0, 0, 0, 0, 0, 0, 0, 0, 0, 2, 2, 3, 0, 2, 1, 2, 1, 4, 3, 6, 5, 3, 3, 2, 2, 4, 6, 725, 0, 0, 0, 0, 0, 0]",1,0.6096241152512679,-1,0
4500,"[1, 2, 0, 1, 5, 6, 0, 1, 0, 1, 0, 0, 1, 0, 2, 0, 0, 0, 0, 0, 0, 0, 0, 0, 2, 0, 0, 0, 0, 0, 0, 0, 1, 1, 0, 1, 1, 0, 2, 2, 0, 0, 1, 0, 0, 0, 0, 1, 0, 0, 2, 2, 2, 0, 0, 0, 0, 0, 0, 0, 0, 0, 2, 2, 3, 0, 2, 1, 2, 1, 4, 3, 6, 5, 3, 3, 2, 2, 4, 6, 725, 0, 0, 0, 0, 0, 0]",-1,-3.5508719442127454e-05,-1,0
4501,"[1, 2, 0, 1, 5, 6, 0, 1, 0, 1, 0, 0, 1, 0, 2, 0, 0, 0, 0, 0, 0, 0, 0, 0, 2, 0, 0, 0, 0, 0, 0, 0, 1, 1, 0, 1, 1, 0, 2, 2, 0, 0, 1, 0, 0, 0, 0, 1, 0, 0, 2, 2, 2, 0, 0, 0, 0, 0, 0, 0, 0, 0, 2, 2, 3, 0, 2, 1, 2, 1, 4, 3, 6, 5, 3, 3, 2, 2, 4, 6, 725, 0, 0, 0, 0, 0, 0]",1,0.6096241152512679,-1,0
4502,"[1, 2, 0, 1, 5, 6, 0, 1, 0, 1, 0, 0, 1, 0, 2, 0, 0, 0, 0, 0, 0, 0, 0, 0, 2, 0, 0, 0, 0, 0, 0, 0, 1, 1, 0, 1, 1, 0, 2, 2, 0, 0, 1, 0, 0, 0, 0, 1, 0, 0, 2, 2, 2, 0, 0, 0, 0, 0, 0, 0, 0, 0, 2, 2, 3, 0, 2, 1, 2, 1, 4, 3, 6, 5, 3, 3, 2, 2, 4, 6, 725, 0, 0, 0, 0, 0, 0]",-1,-3.5508719442127454e-05,-1,0
4503,"[1, 2, 0, 1, 5, 6, 0, 1, 0, 1, 0, 0, 1, 0, 2, 0, 0, 0, 0, 0, 0, 0, 0, 0, 2, 0, 0, 0, 0, 0, 0, 0, 1, 1, 0, 1, 1, 0, 2, 2, 0, 0, 1, 0, 0, 0, 0, 1, 0, 0, 2, 2, 2, 0, 0, 0, 0, 0, 0, 0, 0, 0, 2, 2, 3, 0, 2, 1, 2, 1, 4, 3, 6, 5, 3, 3, 2, 2, 4, 6, 725, 0, 1, 0, 0, 0, 0]",2,0.40000000015165116,-1,0
4504,"[1, 2, 0, 1, 5, 6, 0, 1, 0, 1, 0, 0, 1, 0, 2, 0, 0, 0, 0, 0, 0, 0, 0, 0, 2, 0, 0, 0, 0, 0, 0, 0, 1, 1, 0, 1, 1, 0, 2, 2, 0, 0, 1, 0, 0, 0, 0, 1, 0, 0, 2, 2, 2, 0, 0, 0, 0, 0, 0, 0, 0, 0, 2, 2, 3, 0, 2, 1, 2, 1, 4, 3, 6, 5, 3, 3, 2, 2, 4, 6, 725, 0, 0, 0, 0, 0, 0]",-1,-3.5508719442127454e-05,-1,0
4505,"[1, 2, 0, 1, 5, 6, 0, 1, 0, 1, 0, 0, 1, 0, 2, 0, 0, 0, 0, 0, 0, 0, 0, 0, 2, 0, 0, 0, 0, 0, 0, 0, 1, 1, 0, 1, 1, 0, 2, 2, 0, 0, 1, 0, 0, 0, 0, 1, 0, 0, 2, 2, 2, 0, 0, 0, 0, 0, 0, 0, 0, 0, 2, 2, 3, 0, 2, 1, 2, 1, 4, 3, 6, 5, 3, 3, 2, 2, 4, 6, 725, 0, 0, 0, 0, 0, 0]",1,0.6096241152512679,-1,0
4506,"[1, 2, 0, 1, 5, 6, 0, 1, 0, 1, 0, 0, 1, 0, 2, 0, 0, 0, 0, 0, 0, 0, 0, 0, 2, 0, 0, 0, 0, 0, 0, 0, 1, 1, 0, 1, 1, 0, 2, 2, 0, 0, 1, 0, 0, 0, 0, 1, 0, 0, 2, 2, 2, 0, 0, 0, 0, 0, 0, 0, 0, 0, 2, 2, 3, 0, 2, 1, 2, 1, 4, 3, 6, 5, 3, 3, 2, 2, 4, 6, 725, 0, 0, 0, 0, 0, 0]",-1,-3.5508719442127454e-05,-1,0
4507,"[1, 2, 0, 1, 5, 6, 0, 1, 0, 1, 0, 0, 1, 0, 2, 0, 0, 0, 0, 0, 0, 0, 0, 0, 2, 0, 0, 0, 0, 0, 0, 0, 1, 1, 0, 1, 1, 0, 2, 2, 0, 0, 1, 0, 0, 0, 0, 1, 0, 0, 2, 2, 2, 0, 0, 0, 0, 0, 0, 0, 0, 0, 2, 2, 3, 0, 2, 1, 2, 1, 4, 3, 6, 5, 3, 3, 2, 2, 4, 6, 725, 1, 0, 0, 0, 0, 0]",3,0.20000000015165123,-1,0
4508,"[1, 2, 0, 1, 5, 6, 0, 1, 0, 1, 0, 0, 1, 0, 2, 0, 0, 0, 0, 0, 0, 0, 0, 0, 2, 0, 0, 0, 0, 0, 0, 0, 1, 1, 0, 1, 1, 0, 2, 2, 0, 0, 1, 0, 0, 0, 0, 1, 0, 0, 2, 2, 2, 0, 0, 0, 0, 0, 0, 0, 0, 0, 2, 2, 3, 0, 2, 1, 2, 1, 4, 3, 6, 5, 3, 3, 2, 2, 4, 6, 725, 0, 0, 0, 0, 0, 0]",-1,-3.5508719442127454e-05,-1,0
4509,"[1, 2, 0, 1, 5, 6, 0, 1, 0, 1, 0, 0, 1, 0, 2, 0, 0, 0, 0, 0, 0, 0, 0, 0, 2, 0, 0, 0, 0, 0, 0, 0, 1, 1, 0, 1, 1, 0, 2, 2, 0, 0, 1, 0, 0, 0, 0, 1, 0, 0, 2, 2, 2, 0, 0, 0, 0, 0, 0, 0, 0, 0, 2, 2, 3, 0, 2, 1, 2, 1, 4, 3, 6, 5, 3, 3, 2, 2, 4, 6, 725, 1, 0, 0, 0, 0, 0]",3,0.20000000015165123,-1,0
4510,"[1, 2, 0, 1, 5, 6, 0, 1, 0, 1, 0, 0, 1, 0, 2, 0, 0, 0, 0, 0, 0, 0, 0, 0, 2, 0, 0, 0, 0, 0, 0, 0, 1, 1, 0, 1, 1, 0, 2, 2, 0, 0, 1, 0, 0, 0, 0, 1, 0, 0, 2, 2, 2, 0, 0, 0, 0, 0, 0, 0, 0, 0, 2, 2, 3, 0, 2, 1, 2, 1, 4, 3, 6, 5, 3, 3, 2, 2, 4, 6, 725, 0, 0, 0, 0, 0, 0]",-1,-3.5508719442127454e-05,-1,0
4511,"[1, 2, 0, 1, 7, 6, 0, 1, 0, 1, 0, 0, 1, 0, 2, 0, 0, 0, 0, 0, 0, 0, 0, 0, 2, 0, 0, 0, 0, 0, 0, 0, 1, 1, 0, 1, 1, 0, 2, 2, 0, 0, 1, 0, 0, 0, 0, 1, 0, 0, 2, 2, 2, 0, 0, 0, 0, 0, 0, 0, 0, 0, 2, 2, 3, 0, 2, 1, 2, 1, 4, 3, 6, 5, 3, 3, 2, 2, 4, 6, 726, 0, 0, 0, 0, 0, 0]",4,14.373839580958432,-1,0
4512,"[1, 2, 0, 1, 7, 6, 0, 1, 0, 1, 0, 0, 1, 0, 2, 0, 0, 0, 0, 0, 0, 0, 0, 0, 2, 0, 0, 0, 0, 0, 0, 0, 1, 1, 0, 1, 1, 0, 2, 2, 0, 0, 1, 0, 0, 0, 0, 1, 0, 0, 2, 2, 2, 0, 0, 0, 0, 0, 0, 0, 0, 0, 2, 2, 3, 0, 2, 1, 2, 1, 4, 3, 6, 5, 3, 3, 2, 2, 4, 6, 726, 0, 1, 0, 0, 0, 0]",2,0.4000000001457048,-1,1
4513,"[1, 2, 0, 1, 7, 6, 0, 1, 0, 1, 0, 0, 1, 0, 2, 0, 0, 0, 0, 0, 0, 0, 0, 0, 2, 0, 0, 0, 0, 0, 0, 0, 1, 1, 0, 1, 1, 0, 2, 2, 0, 0, 1, 0, 0, 0, 0, 1, 0, 0, 2, 2, 2, 0, 0, 0, 0, 0, 0, 0, 0, 0, 2, 2, 3, 0, 2, 1, 2, 1, 4, 3, 6, 5, 3, 3, 2, 2, 4, 6, 726, 0, 1, 0, 0, 1, 0]","[[1 3 0 0]
 [1 2 0 1]]",0.6504248652037957,-1,1
4514,"[1, 3, 0, 0, 7, 5, 0, 2, 0, 1, 0, 0, 1, 0, 2, 0, 0, 0, 0, 0, 0, 0, 0, 0, 2, 0, 0, 0, 0, 0, 0, 0, 1, 1, 0, 1, 1, 0, 2, 2, 0, 0, 1, 0, 0, 0, 0, 1, 0, 0, 2, 2, 2, 0, 0, 0, 0, 0, 0, 0, 0, 0, 2, 2, 3, 0, 2, 1, 2, 1, 4, 3, 6, 5, 3, 3, 2, 2, 4, 6, 726, 0, 0, 0, 0, 0, 0]",0,-0.19999999985429515,-1,0
4515,"[1, 3, 0, 0, 7, 5, 0, 2, 0, 1, 0, 0, 1, 0, 2, 0, 0, 0, 0, 0, 0, 0, 0, 0, 2, 0, 0, 0, 0, 0, 0, 0, 1, 1, 0, 1, 1, 0, 2, 2, 0, 0, 1, 0, 0, 0, 0, 1, 0, 0, 2, 2, 2, 0, 0, 0, 0, 0, 0, 0, 0, 0, 2, 2, 3, 0, 2, 1, 2, 1, 4, 3, 6, 5, 3, 3, 2, 2, 4, 6, 726, 1, 0, 0, 0, 0, 0]",3,0.20000000014570488,-1,1
4516,"[1, 3, 0, 0, 7, 5, 0, 2, 0, 1, 0, 0, 1, 0, 2, 0, 0, 0, 0, 0, 0, 0, 0, 0, 2, 0, 0, 0, 0, 0, 0, 0, 1, 1, 0, 1, 1, 0, 2, 2, 0, 0, 1, 0, 0, 0, 0, 1, 0, 0, 2, 2, 2, 0, 0, 0, 0, 0, 0, 0, 0, 0, 2, 2, 3, 0, 2, 1, 2, 1, 4, 3, 6, 5, 3, 3, 2, 2, 4, 6, 726, 0, 0, 0, 0, 0, 0]",-1,-3.5155401780324144e-05,-1,1
4517,"[1, 3, 0, 0, 7, 5, 0, 2, 0, 1, 0, 0, 1, 0, 2, 0, 0, 0, 0, 0, 0, 0, 0, 0, 2, 0, 0, 0, 0, 0, 0, 0, 1, 1, 0, 1, 1, 0, 2, 2, 0, 0, 1, 0, 0, 0, 0, 1, 0, 0, 2, 2, 2, 0, 0, 0, 0, 0, 0, 0, 0, 0, 2, 2, 3, 0, 2, 1, 2, 1, 4, 3, 6, 5, 3, 3, 2, 2, 4, 6, 727, 0, 0, 0, 0, 0, 0]",4,12.565959088126665,-1,1
4518,"[1, 3, 0, 0, 7, 5, 0, 2, 0, 1, 0, 0, 1, 0, 2, 0, 0, 0, 0, 0, 0, 0, 0, 0, 2, 0, 0, 0, 0, 0, 0, 0, 1, 1, 0, 1, 1, 0, 2, 2, 0, 0, 1, 0, 0, 0, 0, 1, 0, 0, 2, 2, 2, 0, 0, 0, 0, 0, 0, 0, 0, 0, 2, 2, 3, 0, 2, 1, 2, 1, 4, 3, 6, 5, 3, 3, 2, 2, 4, 6, 727, 0, 0, 0, 0, 0, 0]",1,0.6096241152396085,-1,0
4519,"[1, 3, 0, 0, 7, 5, 0, 2, 0, 1, 0, 0, 1, 0, 2, 0, 0, 0, 0, 0, 0, 0, 0, 0, 2, 0, 0, 0, 0, 0, 0, 0, 1, 1, 0, 1, 1, 0, 2, 2, 0, 0, 1, 0, 0, 0, 0, 1, 0, 0, 2, 2, 2, 0, 0, 0, 0, 0, 0, 0, 0, 0, 2, 2, 3, 0, 2, 1, 2, 1, 4, 3, 6, 5, 3, 3, 2, 2, 4, 6, 727, 0, 0, 0, 0, 0, 0]",-1,-3.4805599687995107e-05,-1,0
4520,"[1, 3, 0, 0, 7, 5, 0, 2, 0, 1, 0, 0, 1, 0, 2, 0, 0, 0, 0, 0, 0, 0, 0, 0, 2, 0, 0, 0, 0, 0, 0, 0, 1, 1, 0, 1, 1, 0, 2, 2, 0, 0, 1, 0, 0, 0, 0, 1, 0, 0, 2, 2, 2, 0, 0, 0, 0, 0, 0, 0, 0, 0, 2, 2, 3, 0, 2, 1, 2, 1, 4, 3, 6, 5, 3, 3, 2, 2, 4, 6, 727, 0, 0, 0, 0, 0, 0]",1,0.6096241152396085,-1,0
4521,"[1, 3, 0, 0, 7, 5, 0, 2, 0, 1, 0, 0, 1, 0, 2, 0, 0, 0, 0, 0, 0, 0, 0, 0, 2, 0, 0, 0, 0, 0, 0, 0, 1, 1, 0, 1, 1, 0, 2, 2, 0, 0, 1, 0, 0, 0, 0, 1, 0, 0, 2, 2, 2, 0, 0, 0, 0, 0, 0, 0, 0, 0, 2, 2, 3, 0, 2, 1, 2, 1, 4, 3, 6, 5, 3, 3, 2, 2, 4, 6, 727, 0, 0, 0, 0, 0, 0]",-1,-3.4805599687995107e-05,-1,0
4522,"[2, 3, 0, 0, 7, 6, 0, 2, 0, 1, 0, 0, 1, 0, 2, 0, 0, 0, 0, 0, 0, 0, 0, 0, 2, 0, 0, 0, 0, 0, 0, 0, 1, 1, 0, 1, 1, 0, 2, 2, 0, 0, 1, 0, 0, 0, 0, 1, 0, 0, 2, 2, 2, 0, 0, 0, 0, 0, 0, 0, 0, 0, 2, 2, 3, 0, 2, 1, 2, 1, 4, 3, 6, 5, 3, 3, 2, 2, 4, 6, 728, 0, 0, 0, 0, 0, 0]",4,13.930987568733542,-1,0
4523,"[2, 3, 0, 0, 7, 6, 0, 2, 0, 1, 0, 0, 1, 0, 2, 0, 0, 0, 0, 0, 0, 0, 0, 0, 2, 0, 0, 0, 0, 0, 0, 0, 1, 1, 0, 1, 1, 0, 2, 2, 0, 0, 1, 0, 0, 0, 0, 1, 0, 0, 2, 2, 2, 0, 0, 0, 0, 0, 0, 0, 0, 0, 2, 2, 3, 0, 2, 1, 2, 1, 4, 3, 6, 5, 3, 3, 2, 2, 4, 6, 728, 0, 0, 0, 0, 0, 0]",-1,-3.4459278184639654e-05,-1,1
4524,"[2, 3, 0, 0, 7, 6, 0, 2, 0, 1, 0, 0, 1, 0, 2, 0, 0, 0, 0, 0, 0, 0, 0, 0, 2, 0, 0, 0, 0, 0, 0, 0, 1, 1, 0, 1, 1, 0, 2, 2, 0, 0, 1, 0, 0, 0, 0, 1, 0, 0, 2, 2, 2, 0, 0, 0, 0, 0, 0, 0, 0, 0, 2, 2, 3, 0, 2, 1, 2, 1, 4, 3, 6, 5, 3, 3, 2, 2, 4, 6, 728, 0, 0, 0, 0, 0, 0]",-1,-3.4459278184639654e-05,-1,1
4525,"[2, 3, 0, 0, 7, 6, 0, 2, 0, 1, 0, 0, 1, 0, 2, 0, 0, 0, 0, 0, 0, 0, 0, 0, 2, 0, 0, 0, 0, 0, 0, 0, 1, 1, 0, 1, 1, 0, 2, 2, 0, 0, 1, 0, 0, 0, 0, 1, 0, 0, 2, 2, 2, 0, 0, 0, 0, 0, 0, 0, 0, 0, 2, 2, 3, 0, 2, 1, 2, 1, 4, 3, 6, 5, 3, 3, 2, 2, 4, 6, 729, 0, 0, 0, 0, 0, 0]",4,12.563961317533003,-1,1
4526,"[2, 3, 0, 0, 7, 6, 0, 2, 0, 1, 0, 0, 1, 0, 2, 0, 0, 0, 0, 0, 0, 0, 0, 0, 2, 0, 0, 0, 0, 0, 0, 0, 1, 1, 0, 1, 1, 0, 2, 2, 0, 0, 1, 0, 0, 0, 0, 1, 0, 0, 2, 2, 2, 0, 0, 0, 0, 0, 0, 0, 0, 0, 2, 2, 3, 0, 2, 1, 2, 1, 4, 3, 6, 5, 3, 3, 2, 2, 4, 6, 729, 0, 0, 0, 0, 0, 0]",1,0.6096241152288453,-1,0
4527,"[2, 3, 0, 0, 7, 6, 0, 2, 0, 1, 0, 0, 1, 0, 2, 0, 0, 0, 0, 0, 0, 0, 0, 0, 2, 0, 0, 0, 0, 0, 0, 0, 1, 1, 0, 1, 1, 0, 2, 2, 0, 0, 1, 0, 0, 0, 0, 1, 0, 0, 2, 2, 2, 0, 0, 0, 0, 0, 0, 0, 0, 0, 2, 2, 3, 0, 2, 1, 2, 1, 4, 3, 6, 5, 3, 3, 2, 2, 4, 6, 729, 0, 0, 0, 0, 0, 0]",-1,-3.411640263781883e-05,-1,0
4528,"[2, 3, 0, 0, 7, 6, 0, 2, 0, 1, 0, 0, 1, 0, 2, 0, 0, 0, 0, 0, 0, 0, 0, 0, 2, 0, 0, 0, 0, 0, 0, 0, 1, 1, 0, 1, 1, 0, 2, 2, 0, 0, 1, 0, 0, 0, 0, 1, 0, 0, 2, 2, 2, 0, 0, 0, 0, 0, 0, 0, 0, 0, 2, 2, 3, 0, 2, 1, 2, 1, 4, 3, 6, 5, 3, 3, 2, 2, 4, 6, 730, 0, 0, 0, 0, 0, 0]",4,13.9309861903291,-1,0
4529,"[2, 3, 0, 0, 7, 6, 0, 2, 0, 1, 0, 0, 1, 0, 2, 0, 0, 0, 0, 0, 0, 0, 0, 0, 2, 0, 0, 0, 0, 0, 0, 0, 1, 1, 0, 1, 1, 0, 2, 2, 0, 0, 1, 0, 0, 0, 0, 1, 0, 0, 2, 2, 2, 0, 0, 0, 0, 0, 0, 0, 0, 0, 2, 2, 3, 0, 2, 1, 2, 1, 4, 3, 6, 5, 3, 3, 2, 2, 4, 6, 730, 0, 0, 0, 0, 0, 0]",0,0.2949747469547448,-1,1
4530,"[2, 3, 0, 0, 7, 6, 0, 2, 0, 1, 0, 0, 1, 0, 2, 0, 0, 0, 0, 0, 0, 0, 0, 0, 2, 0, 0, 0, 0, 0, 0, 0, 1, 1, 0, 1, 1, 0, 2, 2, 0, 0, 1, 0, 0, 0, 0, 1, 0, 0, 2, 2, 2, 0, 0, 0, 0, 0, 0, 0, 0, 0, 2, 2, 3, 0, 2, 1, 2, 1, 4, 3, 6, 5, 3, 3, 2, 2, 4, 6, 730, 0, 0, 0, 0, 0, 0]",-1,-3.377693875969222e-05,-1,1
4531,"[2, 4, 0, 0, 7, 7, 0, 2, 0, 1, 0, 0, 1, 0, 2, 0, 0, 0, 0, 0, 0, 0, 0, 0, 2, 0, 0, 0, 0, 0, 0, 0, 1, 1, 0, 1, 1, 0, 2, 2, 0, 0, 1, 0, 0, 0, 0, 1, 0, 0, 2, 2, 2, 0, 0, 0, 0, 0, 0, 0, 0, 0, 2, 2, 3, 0, 2, 1, 2, 1, 4, 3, 6, 5, 3, 3, 2, 2, 4, 6, 731, 0, 0, 0, 0, 0, 0]",4,12.555596668491958,-1,1
4532,"[2, 4, 0, 0, 9, 7, 0, 2, 0, 1, 0, 0, 1, 0, 2, 0, 0, 0, 0, 0, 0, 0, 0, 0, 2, 0, 0, 0, 0, 0, 0, 0, 1, 1, 0, 1, 1, 0, 2, 2, 0, 0, 1, 0, 0, 0, 0, 1, 0, 0, 2, 2, 2, 0, 0, 0, 0, 0, 0, 0, 0, 0, 2, 2, 3, 0, 2, 1, 2, 1, 4, 3, 6, 5, 3, 3, 2, 2, 4, 6, 732, 0, 0, 0, 0, 0, 0]",4,13.850774096259714,-1,0
4533,"[2, 4, 0, 0, 9, 7, 0, 2, 0, 1, 0, 0, 1, 0, 2, 0, 0, 0, 0, 0, 0, 0, 0, 0, 2, 0, 0, 0, 0, 0, 0, 0, 1, 1, 0, 1, 1, 0, 2, 2, 0, 0, 1, 0, 0, 0, 0, 1, 0, 0, 2, 2, 2, 0, 0, 0, 0, 0, 0, 0, 0, 0, 2, 2, 3, 0, 2, 1, 2, 1, 4, 3, 6, 5, 3, 3, 2, 2, 4, 6, 732, 0, 1, 0, 0, 0, 0]",2,0.40000000011461545,-1,1
4534,"[2, 4, 0, 0, 9, 7, 0, 2, 0, 1, 0, 0, 1, 0, 2, 0, 0, 0, 0, 0, 0, 0, 0, 0, 2, 0, 0, 0, 0, 0, 0, 0, 1, 1, 0, 1, 1, 0, 2, 2, 0, 0, 1, 0, 0, 0, 0, 1, 0, 0, 2, 2, 2, 0, 0, 0, 0, 0, 0, 0, 0, 0, 2, 2, 3, 0, 2, 1, 2, 1, 4, 3, 6, 5, 3, 3, 2, 2, 4, 6, 732, 0, 1, 0, 0, 1, 0]","[[4 1 0 1]
 [2 1 0 0]]",-0.196739552004355,-1,1
4535,"[2, 4, 0, 0, 9, 7, 0, 2, 0, 1, 0, 0, 1, 0, 2, 0, 0, 0, 0, 0, 0, 0, 0, 0, 2, 0, 0, 0, 0, 0, 0, 0, 1, 1, 0, 1, 1, 0, 2, 2, 0, 0, 1, 0, 0, 0, 0, 1, 0, 0, 2, 2, 2, 0, 0, 0, 0, 0, 0, 0, 0, 0, 2, 2, 3, 0, 2, 1, 2, 1, 4, 3, 6, 5, 3, 3, 2, 2, 4, 6, 732, 0, 0, 0, 0, 0, 0]",1,-0.1999999998853845,-1,0
4536,"[2, 4, 0, 0, 9, 7, 0, 2, 0, 1, 0, 0, 1, 0, 2, 0, 0, 0, 0, 0, 0, 0, 0, 0, 2, 0, 0, 0, 0, 0, 0, 0, 1, 1, 0, 1, 1, 0, 2, 2, 0, 0, 1, 0, 0, 0, 0, 1, 0, 0, 2, 2, 2, 0, 0, 0, 0, 0, 0, 0, 0, 0, 2, 2, 3, 0, 2, 1, 2, 1, 4, 3, 6, 5, 3, 3, 2, 2, 4, 6, 732, 0, 1, 0, 0, 0, 0]",2,0.40000000011461545,-1,1
4537,"[2, 4, 0, 0, 9, 7, 0, 2, 0, 1, 0, 0, 1, 0, 2, 0, 0, 0, 0, 0, 0, 0, 0, 0, 2, 0, 0, 0, 0, 0, 0, 0, 1, 1, 0, 1, 1, 0, 2, 2, 0, 0, 1, 0, 0, 0, 0, 1, 0, 0, 2, 2, 2, 0, 0, 0, 0, 0, 0, 0, 0, 0, 2, 2, 3, 0, 2, 1, 2, 1, 4, 3, 6, 5, 3, 3, 2, 2, 4, 6, 732, 0, 1, 0, 0, 1, 0]","[[2 1 0 1]
 [1 1 0 0]]",-0.17611567540481415,-1,1
4538,"[2, 4, 0, 0, 9, 7, 0, 2, 0, 1, 0, 0, 1, 0, 2, 0, 0, 0, 0, 0, 0, 0, 0, 0, 2, 0, 0, 0, 0, 0, 0, 0, 1, 1, 0, 1, 1, 0, 2, 2, 0, 0, 1, 0, 0, 0, 0, 1, 0, 0, 2, 2, 2, 0, 0, 0, 0, 0, 0, 0, 0, 0, 2, 2, 3, 0, 2, 1, 2, 1, 4, 3, 6, 5, 3, 3, 2, 2, 4, 6, 732, 0, 0, 0, 0, 0, 0]",1,-0.1999999998853845,-1,0
4539,"[2, 4, 0, 0, 9, 7, 0, 2, 0, 1, 0, 0, 1, 0, 2, 0, 0, 0, 0, 0, 0, 0, 0, 0, 2, 0, 0, 0, 0, 0, 0, 0, 1, 1, 0, 1, 1, 0, 2, 2, 0, 0, 1, 0, 0, 0, 0, 1, 0, 0, 2, 2, 2, 0, 0, 0, 0, 0, 0, 0, 0, 0, 2, 2, 3, 0, 2, 1, 2, 1, 4, 3, 6, 5, 3, 3, 2, 2, 4, 6, 732, 0, 0, 0, 0, 0, 0]",-1,-3.310811056061382e-05,-1,1
4540,"[3, 4, 0, 0, 9, 8, 0, 2, 0, 1, 0, 0, 1, 0, 2, 0, 0, 0, 0, 0, 0, 0, 0, 0, 2, 0, 0, 0, 0, 0, 0, 0, 1, 1, 0, 1, 1, 0, 2, 2, 0, 0, 1, 0, 0, 0, 0, 1, 0, 0, 2, 2, 2, 0, 0, 0, 0, 0, 0, 0, 0, 0, 2, 2, 3, 0, 2, 1, 2, 1, 4, 3, 6, 5, 3, 3, 2, 2, 4, 6, 733, 0, 0, 0, 0, 0, 0]",4,12.52793448456466,-1,1
4541,"[3, 4, 0, 0, 9, 8, 0, 2, 0, 1, 0, 0, 1, 0, 2, 0, 0, 0, 0, 0, 0, 0, 0, 0, 2, 0, 0, 0, 0, 0, 0, 0, 1, 1, 0, 1, 1, 0, 2, 2, 0, 0, 1, 0, 0, 0, 0, 1, 0, 0, 2, 2, 2, 0, 0, 0, 0, 0, 0, 0, 0, 0, 2, 2, 3, 0, 2, 1, 2, 1, 4, 3, 6, 5, 3, 3, 2, 2, 4, 6, 733, 0, 1, 0, 0, 0, 0]",2,0.4000000001101214,-1,0
4542,"[3, 4, 0, 0, 9, 8, 0, 2, 0, 1, 0, 0, 1, 0, 2, 0, 0, 0, 0, 0, 0, 0, 0, 0, 2, 0, 0, 0, 0, 0, 0, 0, 1, 1, 0, 1, 1, 0, 2, 2, 0, 0, 1, 0, 0, 0, 0, 1, 0, 0, 2, 2, 2, 0, 0, 0, 0, 0, 0, 0, 0, 0, 2, 2, 3, 0, 2, 1, 2, 1, 4, 3, 6, 5, 3, 3, 2, 2, 4, 6, 733, 0, 1, 0, 0, 1, 0]","[[1 0 0 0]
 [0 0 0 1]]",0.6504248651682123,-1,0
4543,"[2, 4, 0, 1, 10, 8, 0, 1, 0, 1, 0, 0, 1, 0, 2, 0, 0, 0, 0, 0, 0, 0, 0, 0, 2, 0, 0, 0, 0, 0, 0, 0, 1, 1, 0, 1, 1, 0, 2, 2, 0, 0, 1, 0, 0, 0, 0, 1, 0, 0, 2, 2, 2, 0, 0, 0, 0, 0, 0, 0, 0, 0, 2, 2, 3, 0, 2, 1, 2, 1, 4, 3, 6, 5, 3, 3, 2, 2, 4, 6, 733, 0, 0, 0, 0, 0, 0]",0,-0.19999999988987863,-1,1
4544,"[2, 4, 0, 1, 10, 8, 0, 1, 0, 1, 0, 0, 1, 0, 2, 0, 0, 0, 0, 0, 0, 0, 0, 0, 2, 0, 0, 0, 0, 0, 0, 0, 1, 1, 0, 1, 1, 0, 2, 2, 0, 0, 1, 0, 0, 0, 0, 1, 0, 0, 2, 2, 2, 0, 0, 0, 0, 0, 0, 0, 0, 0, 2, 2, 3, 0, 2, 1, 2, 1, 4, 3, 6, 5, 3, 3, 2, 2, 4, 6, 733, 1, 0, 0, 0, 0, 0]",3,0.2000000001101214,-1,0
4545,"[0, 4, 0, 2, 10, 8, 0, 1, 0, 1, 0, 0, 1, 0, 2, 0, 0, 0, 0, 0, 0, 0, 0, 0, 2, 0, 0, 0, 0, 0, 0, 0, 1, 1, 0, 1, 1, 0, 2, 2, 0, 0, 1, 0, 0, 0, 0, 1, 0, 0, 2, 2, 2, 0, 0, 0, 0, 0, 0, 0, 0, 0, 2, 2, 3, 0, 2, 1, 2, 1, 4, 3, 6, 5, 3, 3, 2, 2, 4, 6, 733, 0, 0, 0, 0, 0, 0]","[[2 0 0 0]
 [0 0 0 1]]",-0.19854231797883756,-1,0
4546,"[0, 4, 0, 2, 10, 8, 0, 1, 0, 1, 0, 0, 1, 0, 2, 0, 0, 0, 0, 0, 0, 0, 0, 0, 2, 0, 0, 0, 0, 0, 0, 0, 1, 1, 0, 1, 1, 0, 2, 2, 0, 0, 1, 0, 0, 0, 0, 1, 0, 0, 2, 2, 2, 0, 0, 0, 0, 0, 0, 0, 0, 0, 2, 2, 3, 0, 2, 1, 2, 1, 4, 3, 6, 5, 3, 3, 2, 2, 4, 6, 733, 1, 0, 0, 0, 0, 0]",3,0.2000000001101214,-1,0
4547,"[0, 4, 0, 2, 10, 8, 0, 1, 0, 1, 0, 0, 1, 0, 2, 0, 0, 0, 0, 0, 0, 0, 0, 0, 2, 0, 0, 0, 0, 0, 0, 0, 1, 1, 0, 1, 1, 0, 2, 2, 0, 0, 1, 0, 0, 0, 0, 1, 0, 0, 2, 2, 2, 0, 0, 0, 0, 0, 0, 0, 0, 0, 2, 2, 3, 0, 2, 1, 2, 1, 4, 3, 6, 5, 3, 3, 2, 2, 4, 6, 733, 0, 0, 0, 0, 0, 0]",-1,-3.277867935628479e-05,-1,0
4548,"[0, 4, 0, 2, 10, 8, 0, 1, 0, 1, 0, 0, 1, 0, 2, 0, 0, 0, 0, 0, 0, 0, 0, 0, 2, 0, 0, 0, 0, 0, 0, 0, 1, 1, 0, 1, 1, 0, 2, 2, 0, 0, 1, 0, 0, 0, 0, 1, 0, 0, 2, 2, 2, 0, 0, 0, 0, 0, 0, 0, 0, 0, 2, 2, 3, 0, 2, 1, 2, 1, 4, 3, 6, 5, 3, 3, 2, 2, 4, 6, 733, 1, 0, 0, 0, 0, 0]",3,0.2000000001101214,-1,0
4549,"[0, 4, 0, 2, 10, 8, 0, 1, 0, 1, 0, 0, 1, 0, 2, 0, 0, 0, 0, 0, 0, 0, 0, 0, 2, 0, 0, 0, 0, 0, 0, 0, 1, 1, 0, 1, 1, 0, 2, 2, 0, 0, 1, 0, 0, 0, 0, 1, 0, 0, 2, 2, 2, 0, 0, 0, 0, 0, 0, 0, 0, 0, 2, 2, 3, 0, 2, 1, 2, 1, 4, 3, 6, 5, 3, 3, 2, 2, 4, 6, 733, 0, 0, 0, 0, 0, 0]",-1,-3.277867935628479e-05,-1,0
4550,"[0, 2, 0, 1, 5, 4, 0, 1, 0, 1, 0, 0, 1, 0, 2, 0, 0, 0, 0, 0, 0, 0, 0, 0, 2, 0, 0, 0, 0, 0, 0, 0, 1, 1, 0, 1, 1, 0, 2, 2, 0, 0, 1, 0, 0, 0, 0, 1, 0, 0, 2, 2, 2, 0, 0, 0, 0, 0, 0, 0, 0, 0, 2, 2, 3, 0, 2, 1, 2, 1, 4, 3, 6, 5, 3, 3, 2, 2, 4, 2, 734, 0, 0, 0, 0, 0, 0]",4,14.055734199284501,-1,0
4551,"[0, 2, 0, 1, 5, 4, 0, 2, 0, 1, 0, 0, 1, 0, 2, 0, 0, 0, 0, 0, 0, 0, 0, 0, 2, 0, 0, 0, 0, 0, 0, 0, 1, 1, 0, 1, 1, 0, 2, 2, 0, 0, 1, 0, 0, 0, 0, 1, 0, 0, 2, 2, 2, 0, 0, 0, 0, 0, 0, 0, 0, 0, 2, 2, 3, 0, 2, 1, 2, 1, 4, 3, 6, 5, 3, 3, 2, 2, 4, 2, 735, 0, 0, 0, 0, 0, 0]",4,12.644442126418733,-1,1
4552,"[0, 2, 0, 1, 7, 4, 0, 2, 0, 1, 0, 0, 1, 0, 2, 0, 0, 0, 0, 0, 0, 0, 0, 0, 2, 0, 0, 0, 0, 0, 0, 0, 1, 1, 0, 1, 1, 0, 2, 2, 0, 0, 1, 0, 0, 0, 0, 1, 0, 0, 2, 2, 2, 0, 0, 0, 0, 0, 0, 0, 0, 0, 2, 2, 3, 0, 2, 1, 2, 1, 4, 3, 6, 5, 3, 3, 2, 2, 4, 2, 736, 0, 0, 0, 0, 0, 0]",4,14.055732901153688,-1,0
4553,"[0, 2, 0, 1, 7, 4, 0, 2, 0, 1, 0, 0, 1, 0, 2, 0, 0, 0, 0, 0, 0, 0, 0, 0, 2, 0, 0, 0, 0, 0, 0, 0, 1, 1, 0, 1, 1, 0, 2, 2, 0, 0, 1, 0, 0, 0, 0, 1, 0, 0, 2, 2, 2, 0, 0, 0, 0, 0, 0, 0, 0, 0, 2, 2, 3, 0, 2, 1, 2, 1, 4, 3, 6, 5, 3, 3, 2, 2, 4, 2, 736, 1, 0, 0, 0, 0, 0]",3,0.2000000000976689,-1,1
4554,"[0, 2, 0, 1, 7, 4, 0, 2, 0, 1, 0, 0, 1, 0, 2, 0, 0, 0, 0, 0, 0, 0, 0, 0, 2, 0, 0, 0, 0, 0, 0, 0, 1, 1, 0, 1, 1, 0, 2, 2, 0, 0, 1, 0, 0, 0, 0, 1, 0, 0, 2, 2, 2, 0, 0, 0, 0, 0, 0, 0, 0, 0, 2, 2, 3, 0, 2, 1, 2, 1, 4, 3, 6, 5, 3, 3, 2, 2, 4, 2, 736, 0, 0, 0, 0, 0, 0]",-1,-3.180992297692526e-05,-1,1
4555,"[0, 3, 0, 1, 7, 5, 0, 2, 0, 1, 0, 0, 1, 0, 2, 0, 0, 0, 0, 0, 0, 0, 0, 0, 2, 0, 0, 0, 0, 0, 0, 0, 1, 1, 0, 1, 1, 0, 2, 2, 0, 0, 1, 0, 0, 0, 0, 1, 0, 0, 2, 2, 2, 0, 0, 0, 0, 0, 0, 0, 0, 0, 2, 2, 3, 0, 2, 1, 2, 1, 4, 3, 6, 5, 3, 3, 2, 2, 4, 2, 737, 0, 0, 0, 0, 0, 0]",4,12.565952397122905,-1,1
4556,"[0, 3, 0, 1, 9, 5, 0, 2, 0, 1, 0, 0, 1, 0, 2, 0, 0, 0, 0, 0, 0, 0, 0, 0, 2, 0, 0, 0, 0, 0, 0, 0, 1, 1, 0, 1, 1, 0, 2, 2, 0, 0, 1, 0, 0, 0, 0, 1, 0, 0, 2, 2, 2, 0, 0, 0, 0, 0, 0, 0, 0, 0, 2, 2, 3, 0, 2, 1, 2, 1, 4, 3, 6, 5, 3, 3, 2, 2, 4, 2, 738, 0, 0, 0, 0, 0, 0]",4,13.893537544181108,-1,0
4557,"[0, 3, 0, 1, 9, 5, 0, 2, 0, 1, 0, 0, 1, 0, 2, 0, 0, 0, 0, 0, 0, 0, 0, 0, 2, 0, 0, 0, 0, 0, 0, 0, 1, 1, 0, 1, 1, 0, 2, 2, 0, 0, 1, 0, 0, 0, 0, 1, 0, 0, 2, 2, 2, 0, 0, 0, 0, 0, 0, 0, 0, 0, 2, 2, 3, 0, 2, 1, 2, 1, 4, 3, 6, 5, 3, 3, 2, 2, 4, 2, 738, 0, 0, 0, 0, 0, 0]",-1,-3.118004429997222e-05,-1,1
4558,"[0, 4, 0, 1, 9, 6, 0, 2, 0, 1, 0, 0, 1, 0, 2, 0, 0, 0, 0, 0, 0, 0, 0, 0, 2, 0, 0, 0, 0, 0, 0, 0, 1, 1, 0, 1, 1, 0, 2, 2, 0, 0, 1, 0, 0, 0, 0, 1, 0, 0, 2, 2, 2, 0, 0, 0, 0, 0, 0, 0, 0, 0, 2, 2, 3, 0, 2, 1, 2, 1, 4, 3, 6, 5, 3, 3, 2, 2, 4, 2, 739, 0, 0, 0, 0, 0, 0]",4,12.52295009296118,-1,1
4559,"[0, 4, 0, 1, 9, 6, 0, 2, 0, 1, 0, 0, 1, 0, 2, 0, 0, 0, 0, 0, 0, 0, 0, 0, 2, 0, 0, 0, 0, 0, 0, 0, 1, 1, 0, 1, 1, 0, 2, 2, 0, 0, 1, 0, 0, 0, 0, 1, 0, 0, 2, 2, 2, 0, 0, 0, 0, 0, 0, 0, 0, 0, 2, 2, 3, 0, 2, 1, 2, 1, 4, 3, 6, 5, 3, 3, 2, 2, 4, 2, 739, 0, 0, 0, 0, 0, 0]",0,0.24271887251019764,-1,0
4560,"[0, 4, 0, 1, 9, 6, 0, 2, 0, 1, 0, 0, 1, 0, 2, 0, 0, 0, 0, 0, 0, 0, 0, 0, 2, 0, 0, 0, 0, 0, 0, 0, 1, 1, 0, 1, 1, 0, 2, 2, 0, 0, 1, 0, 0, 0, 0, 1, 0, 0, 2, 2, 2, 0, 0, 0, 0, 0, 0, 0, 0, 0, 2, 2, 3, 0, 2, 1, 2, 1, 4, 3, 6, 5, 3, 3, 2, 2, 4, 2, 739, 0, 0, 0, 0, 0, 0]",-1,-3.0869797675479176e-05,-1,0
4561,"[0, 4, 0, 1, 9, 6, 0, 2, 0, 1, 0, 0, 1, 0, 2, 0, 0, 0, 0, 0, 0, 0, 0, 0, 2, 0, 0, 0, 0, 0, 0, 0, 1, 1, 0, 1, 1, 0, 2, 2, 0, 0, 1, 0, 0, 0, 0, 1, 0, 0, 2, 2, 2, 0, 0, 0, 0, 0, 0, 0, 0, 0, 2, 2, 3, 0, 2, 1, 2, 1, 4, 3, 6, 5, 3, 3, 2, 2, 4, 2, 739, 1, 0, 0, 0, 0, 0]",3,0.20000000008662455,-1,0
4562,"[0, 4, 0, 1, 9, 6, 0, 2, 0, 1, 0, 0, 1, 0, 2, 0, 0, 0, 0, 0, 0, 0, 0, 0, 2, 0, 0, 0, 0, 0, 0, 0, 1, 1, 0, 1, 1, 0, 2, 2, 0, 0, 1, 0, 0, 0, 0, 1, 0, 0, 2, 2, 2, 0, 0, 0, 0, 0, 0, 0, 0, 0, 2, 2, 3, 0, 2, 1, 2, 1, 4, 3, 6, 5, 3, 3, 2, 2, 4, 2, 739, 0, 0, 0, 0, 0, 0]",-1,-3.0869797675479176e-05,-1,0
4563,"[0, 4, 0, 1, 9, 6, 0, 2, 0, 1, 0, 0, 1, 0, 2, 0, 0, 0, 0, 0, 0, 0, 0, 0, 2, 0, 0, 0, 0, 0, 0, 0, 1, 1, 0, 1, 1, 0, 2, 2, 0, 0, 1, 0, 0, 0, 0, 1, 0, 0, 2, 2, 2, 0, 0, 0, 0, 0, 0, 0, 0, 0, 2, 2, 3, 0, 2, 1, 2, 1, 4, 3, 6, 5, 3, 3, 2, 2, 4, 2, 739, 1, 0, 0, 0, 0, 0]",3,0.20000000008662455,-1,0
4564,"[0, 4, 0, 1, 9, 6, 0, 2, 0, 1, 0, 0, 1, 0, 2, 0, 0, 0, 0, 0, 0, 0, 0, 0, 2, 0, 0, 0, 0, 0, 0, 0, 1, 1, 0, 1, 1, 0, 2, 2, 0, 0, 1, 0, 0, 0, 0, 1, 0, 0, 2, 2, 2, 0, 0, 0, 0, 0, 0, 0, 0, 0, 2, 2, 3, 0, 2, 1, 2, 1, 4, 3, 6, 5, 3, 3, 2, 2, 4, 2, 739, 0, 0, 0, 0, 0, 0]",-1,-3.0869797675479176e-05,-1,0
4565,"[0, 4, 0, 1, 9, 6, 0, 2, 0, 1, 0, 0, 1, 0, 2, 0, 0, 0, 0, 0, 0, 0, 0, 0, 2, 0, 0, 0, 0, 0, 0, 0, 1, 1, 0, 1, 1, 0, 2, 2, 0, 0, 1, 0, 0, 0, 0, 1, 0, 0, 2, 2, 2, 0, 0, 0, 0, 0, 0, 0, 0, 0, 2, 2, 3, 0, 2, 1, 2, 1, 4, 3, 6, 5, 3, 3, 2, 2, 4, 2, 739, 0, 1, 0, 0, 0, 0]",2,0.4000000000866245,-1,0
4566,"[0, 4, 0, 1, 9, 6, 0, 2, 0, 1, 0, 0, 1, 0, 2, 0, 0, 0, 0, 0, 0, 0, 0, 0, 2, 0, 0, 0, 0, 0, 0, 0, 1, 1, 0, 1, 1, 0, 2, 2, 0, 0, 1, 0, 0, 0, 0, 1, 0, 0, 2, 2, 2, 0, 0, 0, 0, 0, 0, 0, 0, 0, 2, 2, 3, 0, 2, 1, 2, 1, 4, 3, 6, 5, 3, 3, 2, 2, 4, 2, 739, 0, 1, 0, 0, 1, 0]","[[0 0 0 1]
 [1 0 0 0]]",0.6504248651447154,-1,0
4567,"[0, 4, 0, 1, 9, 6, 0, 2, 0, 1, 0, 0, 1, 0, 2, 0, 0, 0, 0, 0, 0, 0, 0, 0, 2, 0, 0, 0, 0, 0, 0, 0, 1, 1, 0, 1, 1, 0, 2, 2, 0, 0, 1, 0, 0, 0, 0, 1, 0, 0, 2, 2, 2, 0, 0, 0, 0, 0, 0, 0, 0, 0, 2, 2, 3, 0, 2, 1, 2, 1, 4, 3, 6, 5, 3, 3, 2, 2, 4, 2, 739, 0, 0, 0, 0, 0, 0]",1,-58.98775382670965,-1,1
4568,"[0, 4, 0, 1, 9, 6, 0, 2, 0, 1, 0, 0, 1, 0, 2, 0, 0, 0, 0, 0, 0, 0, 0, 0, 2, 0, 0, 0, 0, 0, 0, 0, 1, 1, 0, 1, 1, 0, 2, 2, 0, 0, 1, 0, 0, 0, 0, 1, 0, 0, 2, 2, 2, 0, 0, 0, 0, 0, 0, 0, 0, 0, 2, 2, 3, 0, 2, 1, 2, 1, 4, 3, 6, 5, 3, 3, 2, 2, 4, 2, 740, 0, 0, 0, 0, 0, 0]",4,13.760099985890447,-1,0
4569,"[0, 4, 0, 1, 9, 6, 0, 3, 0, 1, 0, 0, 1, 0, 2, 0, 0, 0, 0, 0, 0, 0, 0, 0, 2, 0, 0, 0, 0, 0, 0, 0, 1, 1, 0, 1, 1, 0, 2, 2, 0, 0, 1, 0, 0, 0, 0, 1, 0, 0, 2, 2, 2, 0, 0, 0, 0, 0, 0, 0, 0, 0, 2, 2, 3, 0, 2, 1, 2, 1, 4, 3, 6, 5, 3, 3, 2, 2, 4, 2, 741, 0, 0, 0, 0, 0, 0]",4,12.569153362180119,-1,1
4570,"[0, 4, 0, 1, 9, 6, 0, 3, 0, 1, 0, 0, 1, 0, 2, 0, 0, 0, 0, 0, 0, 0, 0, 0, 2, 0, 0, 0, 0, 0, 0, 0, 1, 1, 0, 1, 1, 0, 2, 2, 0, 0, 1, 0, 0, 0, 0, 1, 0, 0, 2, 2, 2, 0, 0, 0, 0, 0, 0, 0, 0, 0, 2, 2, 3, 0, 2, 1, 2, 1, 4, 3, 6, 5, 3, 3, 2, 2, 4, 2, 742, 0, 0, 0, 0, 0, 0]",4,13.760098763358151,-1,0
4571,"[0, 4, 0, 1, 9, 6, 0, 3, 0, 1, 0, 0, 1, 0, 2, 0, 0, 0, 0, 0, 0, 0, 0, 0, 2, 0, 0, 0, 0, 0, 0, 0, 1, 1, 0, 1, 1, 0, 2, 2, 0, 0, 1, 0, 0, 0, 0, 1, 0, 0, 2, 2, 2, 0, 0, 0, 0, 0, 0, 0, 0, 0, 2, 2, 3, 0, 2, 1, 2, 1, 4, 3, 6, 5, 3, 3, 2, 2, 4, 2, 742, 0, 0, 0, 0, 0, 0]",-1,-2.9957457275714904e-05,-1,1
4572,"[0, 4, 0, 1, 9, 7, 0, 3, 0, 1, 0, 0, 1, 0, 2, 0, 0, 0, 0, 0, 0, 0, 0, 0, 2, 0, 0, 0, 0, 0, 0, 0, 1, 1, 0, 1, 1, 0, 2, 2, 0, 0, 1, 0, 0, 0, 0, 1, 0, 0, 2, 2, 2, 0, 0, 0, 0, 0, 0, 0, 0, 0, 2, 2, 3, 0, 2, 1, 2, 1, 4, 3, 6, 5, 3, 3, 2, 2, 4, 2, 743, 0, 0, 0, 0, 0, 0]",4,13.760098161200236,-1,0
4573,"[0, 4, 0, 1, 9, 7, 0, 3, 0, 1, 0, 0, 1, 0, 2, 0, 0, 0, 0, 0, 0, 0, 0, 0, 2, 0, 0, 0, 0, 0, 0, 0, 1, 1, 0, 1, 1, 0, 2, 2, 0, 0, 1, 0, 0, 0, 0, 1, 0, 0, 2, 2, 2, 0, 0, 0, 0, 0, 0, 0, 0, 0, 2, 2, 3, 0, 2, 1, 2, 1, 4, 3, 6, 5, 3, 3, 2, 2, 4, 2, 744, 0, 0, 0, 0, 0, 0]",4,12.572588857664835,-1,1
4574,"[0, 4, 0, 1, 9, 7, 0, 3, 0, 1, 0, 0, 1, 0, 2, 0, 0, 0, 0, 0, 0, 0, 0, 0, 2, 0, 0, 0, 0, 0, 0, 0, 1, 1, 0, 1, 1, 0, 2, 2, 0, 0, 1, 0, 0, 0, 0, 1, 0, 0, 2, 2, 2, 0, 0, 0, 0, 0, 0, 0, 0, 0, 2, 2, 3, 0, 2, 1, 2, 1, 4, 3, 6, 5, 3, 3, 2, 2, 4, 2, 744, 0, 1, 0, 0, 0, 0]",2,0.4000000000709221,-1,0
4575,"[0, 4, 0, 1, 9, 7, 0, 3, 0, 1, 0, 0, 1, 0, 2, 0, 0, 0, 0, 0, 0, 0, 0, 0, 2, 0, 0, 0, 0, 0, 0, 0, 1, 1, 0, 1, 1, 0, 2, 2, 0, 0, 1, 0, 0, 0, 0, 1, 0, 0, 2, 2, 2, 0, 0, 0, 0, 0, 0, 0, 0, 0, 2, 2, 3, 0, 2, 1, 2, 1, 4, 3, 6, 5, 3, 3, 2, 2, 4, 2, 744, 0, 1, 0, 0, 1, 0]","[[0 0 0 1]
 [1 0 0 0]]",0.650424865129013,-1,0
4576,"[0, 4, 0, 1, 9, 7, 0, 3, 0, 1, 0, 0, 1, 0, 2, 0, 0, 0, 0, 0, 0, 0, 0, 0, 2, 0, 0, 0, 0, 0, 0, 0, 1, 1, 0, 1, 1, 0, 2, 2, 0, 0, 1, 0, 0, 0, 0, 1, 0, 0, 2, 2, 2, 0, 0, 0, 0, 0, 0, 0, 0, 0, 2, 2, 3, 0, 2, 1, 2, 1, 4, 3, 6, 5, 3, 3, 2, 2, 4, 2, 744, 0, 0, 0, 0, 0, 0]",1,-58.98775382672535,-1,1
4577,"[0, 4, 0, 1, 9, 7, 0, 4, 0, 1, 0, 0, 1, 0, 2, 0, 0, 0, 0, 0, 0, 0, 0, 0, 2, 0, 0, 0, 0, 0, 0, 0, 1, 1, 0, 1, 1, 0, 2, 2, 0, 0, 1, 0, 0, 0, 0, 1, 0, 0, 2, 2, 2, 0, 0, 0, 0, 0, 0, 0, 0, 0, 2, 2, 3, 0, 2, 1, 2, 1, 4, 3, 6, 5, 3, 3, 2, 2, 4, 2, 745, 0, 0, 0, 0, 0, 0]",4,13.760096974799763,-1,0
4578,"[0, 4, 0, 1, 9, 7, 0, 4, 0, 1, 0, 0, 1, 0, 2, 0, 0, 0, 0, 0, 0, 0, 0, 0, 2, 0, 0, 0, 0, 0, 0, 0, 1, 1, 0, 1, 1, 0, 2, 2, 0, 0, 1, 0, 0, 0, 0, 1, 0, 0, 2, 2, 2, 0, 0, 0, 0, 0, 0, 0, 0, 0, 2, 2, 3, 0, 2, 1, 2, 1, 4, 3, 6, 5, 3, 3, 2, 2, 4, 2, 745, 1, 0, 0, 0, 0, 0]",3,0.20000000006814128,-1,1
4579,"[0, 4, 0, 1, 9, 7, 0, 4, 0, 1, 0, 0, 1, 0, 2, 0, 0, 0, 0, 0, 0, 0, 0, 0, 2, 0, 0, 0, 0, 0, 0, 0, 1, 1, 0, 1, 1, 0, 2, 2, 0, 0, 1, 0, 0, 0, 0, 1, 0, 0, 2, 2, 2, 0, 0, 0, 0, 0, 0, 0, 0, 0, 2, 2, 3, 0, 2, 1, 2, 1, 4, 3, 6, 5, 3, 3, 2, 2, 4, 2, 745, 0, 0, 0, 0, 0, 0]",-1,-2.907208060968778e-05,-1,1
4580,"[0, 4, 0, 1, 9, 7, 0, 4, 0, 1, 0, 0, 1, 0, 2, 0, 0, 0, 0, 0, 0, 0, 0, 0, 2, 0, 0, 0, 0, 0, 0, 0, 1, 1, 0, 1, 1, 0, 2, 2, 0, 0, 1, 0, 0, 0, 0, 1, 0, 0, 2, 2, 2, 0, 0, 0, 0, 0, 0, 0, 0, 0, 2, 2, 3, 0, 2, 1, 2, 1, 4, 3, 6, 5, 3, 3, 2, 2, 4, 2, 745, 1, 0, 0, 0, 0, 0]",3,0.20000000006814128,-1,0
4581,"[0, 4, 0, 1, 9, 7, 0, 4, 0, 1, 0, 0, 1, 0, 2, 0, 0, 0, 0, 0, 0, 0, 0, 0, 2, 0, 0, 0, 0, 0, 0, 0, 1, 1, 0, 1, 1, 0, 2, 2, 0, 0, 1, 0, 0, 0, 0, 1, 0, 0, 2, 2, 2, 0, 0, 0, 0, 0, 0, 0, 0, 0, 2, 2, 3, 0, 2, 1, 2, 1, 4, 3, 6, 5, 3, 3, 2, 2, 4, 2, 745, 0, 0, 0, 0, 0, 0]",-1,-2.907208060968778e-05,-1,0
4582,"[0, 4, 0, 1, 9, 7, 0, 5, 0, 1, 0, 0, 1, 0, 2, 0, 0, 0, 0, 0, 0, 0, 0, 0, 2, 0, 0, 0, 0, 0, 0, 0, 1, 1, 0, 1, 1, 0, 2, 2, 0, 0, 1, 0, 0, 0, 0, 1, 0, 0, 2, 2, 2, 0, 0, 0, 0, 0, 0, 0, 0, 0, 2, 2, 3, 0, 2, 1, 2, 1, 4, 3, 6, 5, 3, 3, 2, 2, 4, 2, 746, 0, 0, 0, 0, 0, 0]",4,13.760096390438557,-1,0
4583,"[0, 5, 0, 1, 9, 8, 0, 5, 0, 1, 0, 0, 1, 0, 2, 0, 0, 0, 0, 0, 0, 0, 0, 0, 2, 0, 0, 0, 0, 0, 0, 0, 1, 1, 0, 1, 1, 0, 2, 2, 0, 0, 1, 0, 0, 0, 0, 1, 0, 0, 2, 2, 2, 0, 0, 0, 0, 0, 0, 0, 0, 0, 2, 2, 3, 0, 2, 1, 2, 1, 4, 3, 6, 5, 3, 3, 2, 2, 4, 2, 747, 0, 0, 0, 0, 0, 0]",4,12.631641363319266,-1,1
4584,"[0, 5, 0, 1, 9, 8, 0, 5, 0, 1, 0, 0, 1, 0, 2, 0, 0, 0, 0, 0, 0, 0, 0, 0, 2, 0, 0, 0, 0, 0, 0, 0, 1, 1, 0, 1, 1, 0, 2, 2, 0, 0, 1, 0, 0, 0, 0, 1, 0, 0, 2, 2, 2, 0, 0, 0, 0, 0, 0, 0, 0, 0, 2, 2, 3, 0, 2, 1, 2, 1, 4, 3, 6, 5, 3, 3, 2, 2, 4, 2, 747, 1, 0, 0, 0, 0, 0]",3,0.20000000006290236,-1,0
4585,"[0, 5, 0, 1, 9, 8, 0, 5, 0, 1, 0, 0, 1, 0, 2, 0, 0, 0, 0, 0, 0, 0, 0, 0, 2, 0, 0, 0, 0, 0, 0, 0, 1, 1, 0, 1, 1, 0, 2, 2, 0, 0, 1, 0, 0, 0, 0, 1, 0, 0, 2, 2, 2, 0, 0, 0, 0, 0, 0, 0, 0, 0, 2, 2, 3, 0, 2, 1, 2, 1, 4, 3, 6, 5, 3, 3, 2, 2, 4, 2, 747, 0, 0, 0, 0, 0, 0]",-1,-2.849641484388302e-05,-1,0
4586,"[0, 5, 0, 1, 9, 8, 0, 5, 0, 1, 0, 0, 1, 0, 2, 0, 0, 0, 0, 0, 0, 0, 0, 0, 2, 0, 0, 0, 0, 0, 0, 0, 1, 1, 0, 1, 1, 0, 2, 2, 0, 0, 1, 0, 0, 0, 0, 1, 0, 0, 2, 2, 2, 0, 0, 0, 0, 0, 0, 0, 0, 0, 2, 2, 3, 0, 2, 1, 2, 1, 4, 3, 6, 5, 3, 3, 2, 2, 4, 2, 747, 0, 1, 0, 0, 0, 0]",2,0.4000000000629023,-1,0
4587,"[0, 5, 0, 1, 9, 8, 0, 5, 0, 1, 0, 0, 1, 0, 2, 0, 0, 0, 0, 0, 0, 0, 0, 0, 2, 0, 0, 0, 0, 0, 0, 0, 1, 1, 0, 1, 1, 0, 2, 2, 0, 0, 1, 0, 0, 0, 0, 1, 0, 0, 2, 2, 2, 0, 0, 0, 0, 0, 0, 0, 0, 0, 2, 2, 3, 0, 2, 1, 2, 1, 4, 3, 6, 5, 3, 3, 2, 2, 4, 2, 747, 0, 1, 0, 0, 1, 0]","[[0 1 0 0]
 [1 0 0 0]]",0.6504248651209932,-1,0
4588,"[0, 5, 0, 1, 9, 8, 0, 5, 0, 1, 0, 0, 1, 0, 2, 0, 0, 0, 0, 0, 0, 0, 0, 0, 2, 0, 0, 0, 0, 0, 0, 0, 1, 1, 0, 1, 1, 0, 2, 2, 0, 0, 1, 0, 0, 0, 0, 1, 0, 0, 2, 2, 2, 0, 0, 0, 0, 0, 0, 0, 0, 0, 2, 2, 3, 0, 2, 1, 2, 1, 4, 3, 6, 5, 3, 3, 2, 2, 4, 2, 747, 0, 0, 0, 0, 0, 0]",1,-58.987753826733375,-1,1
4589,"[0, 5, 0, 1, 9, 8, 0, 5, 0, 1, 0, 0, 1, 0, 2, 0, 0, 0, 0, 0, 0, 0, 0, 0, 2, 0, 0, 0, 0, 0, 0, 0, 1, 1, 0, 1, 1, 0, 2, 2, 0, 0, 1, 0, 0, 0, 0, 1, 0, 0, 2, 2, 2, 0, 0, 0, 0, 0, 0, 0, 0, 0, 2, 2, 3, 0, 2, 1, 2, 1, 4, 3, 6, 5, 3, 3, 2, 2, 4, 2, 747, 1, 0, 0, 0, 0, 0]",3,0.20000000006290236,-1,0
4590,"[0, 5, 0, 1, 9, 8, 0, 5, 0, 1, 0, 0, 1, 0, 2, 0, 0, 0, 0, 0, 0, 0, 0, 0, 2, 0, 0, 0, 0, 0, 0, 0, 1, 1, 0, 1, 1, 0, 2, 2, 0, 0, 1, 0, 0, 0, 0, 1, 0, 0, 2, 2, 2, 0, 0, 0, 0, 0, 0, 0, 0, 0, 2, 2, 3, 0, 2, 1, 2, 1, 4, 3, 6, 5, 3, 3, 2, 2, 4, 2, 747, 0, 0, 0, 0, 0, 0]",-1,-2.849641484388302e-05,-1,0
4591,"[0, 5, 0, 1, 9, 8, 0, 5, 0, 1, 0, 0, 1, 0, 2, 0, 0, 0, 0, 0, 0, 0, 0, 0, 2, 0, 0, 0, 0, 0, 0, 0, 1, 1, 0, 1, 1, 0, 2, 2, 0, 0, 1, 0, 0, 0, 0, 1, 0, 0, 2, 2, 2, 0, 0, 0, 0, 0, 0, 0, 0, 0, 2, 2, 3, 0, 2, 1, 2, 1, 4, 3, 6, 5, 3, 3, 2, 2, 4, 2, 747, 1, 0, 0, 0, 0, 0]",3,0.20000000006290236,-1,0
4592,"[0, 5, 0, 1, 9, 8, 0, 5, 0, 1, 0, 0, 1, 0, 2, 0, 0, 0, 0, 0, 0, 0, 0, 0, 2, 0, 0, 0, 0, 0, 0, 0, 1, 1, 0, 1, 1, 0, 2, 2, 0, 0, 1, 0, 0, 0, 0, 1, 0, 0, 2, 2, 2, 0, 0, 0, 0, 0, 0, 0, 0, 0, 2, 2, 3, 0, 2, 1, 2, 1, 4, 3, 6, 5, 3, 3, 2, 2, 4, 2, 747, 0, 0, 0, 0, 0, 0]",-1,-2.849641484388302e-05,-1,0
4593,"[0, 5, 0, 1, 9, 8, 0, 5, 0, 1, 0, 0, 1, 0, 2, 0, 0, 0, 0, 0, 0, 0, 0, 0, 2, 0, 0, 0, 0, 0, 0, 0, 1, 1, 0, 1, 1, 0, 2, 2, 0, 0, 1, 0, 0, 0, 0, 1, 0, 0, 2, 2, 2, 0, 0, 0, 0, 0, 0, 0, 0, 0, 2, 2, 3, 0, 2, 1, 2, 1, 4, 3, 6, 5, 3, 3, 2, 2, 4, 2, 747, 0, 1, 0, 0, 0, 0]",2,0.4000000000629023,-1,0
4594,"[0, 5, 0, 1, 9, 8, 0, 5, 0, 1, 0, 0, 1, 0, 2, 0, 0, 0, 0, 0, 0, 0, 0, 0, 2, 0, 0, 0, 0, 0, 0, 0, 1, 1, 0, 1, 1, 0, 2, 2, 0, 0, 1, 0, 0, 0, 0, 1, 0, 0, 2, 2, 2, 0, 0, 0, 0, 0, 0, 0, 0, 0, 2, 2, 3, 0, 2, 1, 2, 1, 4, 3, 6, 5, 3, 3, 2, 2, 4, 2, 747, 0, 1, 0, 0, 1, 0]","[[0 0 0 1]
 [1 0 0 0]]",0.6504248651209932,-1,0
4595,"[0, 5, 0, 1, 9, 8, 0, 5, 0, 1, 0, 0, 1, 0, 2, 0, 0, 0, 0, 0, 0, 0, 0, 0, 2, 0, 0, 0, 0, 0, 0, 0, 1, 1, 0, 1, 1, 0, 2, 2, 0, 0, 1, 0, 0, 0, 0, 1, 0, 0, 2, 2, 2, 0, 0, 0, 0, 0, 0, 0, 0, 0, 2, 2, 3, 0, 2, 1, 2, 1, 4, 3, 6, 5, 3, 3, 2, 2, 4, 2, 747, 0, 0, 0, 0, 0, 0]",1,-58.987753826733375,-1,1
4596,"[0, 2, 0, 1, 4, 4, 0, 2, 0, 1, 0, 0, 1, 0, 2, 0, 0, 0, 0, 0, 0, 0, 0, 0, 2, 0, 0, 0, 0, 0, 0, 0, 1, 1, 0, 1, 1, 0, 2, 2, 0, 0, 1, 0, 0, 0, 0, 1, 0, 0, 2, 2, 2, 0, 0, 0, 0, 0, 0, 0, 0, 0, 2, 2, 3, 0, 2, 1, 2, 1, 4, 3, 6, 5, 3, 3, 2, 2, 4, 4, 748, 0, 0, 0, 0, 0, 0]",4,14.055725634710107,-1,0
4597,"[0, 2, 0, 1, 4, 4, 0, 2, 0, 1, 0, 0, 1, 0, 2, 0, 0, 0, 0, 0, 0, 0, 0, 0, 2, 0, 0, 0, 0, 0, 0, 0, 1, 1, 0, 1, 1, 0, 2, 2, 0, 0, 1, 0, 0, 0, 0, 1, 0, 0, 2, 2, 2, 0, 0, 0, 0, 0, 0, 0, 0, 0, 2, 2, 3, 0, 2, 1, 2, 1, 4, 3, 6, 5, 3, 3, 2, 2, 4, 4, 748, 1, 0, 0, 0, 0, 0]",3,0.2000000000604359,-1,1
4598,"[0, 2, 0, 1, 4, 4, 0, 2, 0, 1, 0, 0, 1, 0, 2, 0, 0, 0, 0, 0, 0, 0, 0, 0, 2, 0, 0, 0, 0, 0, 0, 0, 1, 1, 0, 1, 1, 0, 2, 2, 0, 0, 1, 0, 0, 0, 0, 1, 0, 0, 2, 2, 2, 0, 0, 0, 0, 0, 0, 0, 0, 0, 2, 2, 3, 0, 2, 1, 2, 1, 4, 3, 6, 5, 3, 3, 2, 2, 4, 4, 748, 0, 0, 0, 0, 0, 0]",-1,-2.8212870778633692e-05,-1,1
4599,"[0, 2, 0, 1, 4, 4, 0, 2, 0, 1, 0, 0, 1, 0, 2, 0, 0, 0, 0, 0, 0, 0, 0, 0, 2, 0, 0, 0, 0, 0, 0, 0, 1, 1, 0, 1, 1, 0, 2, 2, 0, 0, 1, 0, 0, 0, 0, 1, 0, 0, 2, 2, 2, 0, 0, 0, 0, 0, 0, 0, 0, 0, 2, 2, 3, 0, 2, 1, 2, 1, 4, 3, 6, 5, 3, 3, 2, 2, 4, 4, 748, 1, 0, 0, 0, 0, 0]",3,0.2000000000604359,-1,0
4600,"[0, 2, 0, 1, 4, 4, 0, 2, 0, 1, 0, 0, 1, 0, 2, 0, 0, 0, 0, 0, 0, 0, 0, 0, 2, 0, 0, 0, 0, 0, 0, 0, 1, 1, 0, 1, 1, 0, 2, 2, 0, 0, 1, 0, 0, 0, 0, 1, 0, 0, 2, 2, 2, 0, 0, 0, 0, 0, 0, 0, 0, 0, 2, 2, 3, 0, 2, 1, 2, 1, 4, 3, 6, 5, 3, 3, 2, 2, 4, 4, 748, 0, 0, 0, 0, 0, 0]",-1,-2.8212870778633692e-05,-1,0
4601,"[0, 2, 0, 1, 4, 4, 0, 2, 0, 1, 0, 0, 1, 0, 2, 0, 0, 0, 0, 0, 0, 0, 0, 0, 2, 0, 0, 0, 0, 0, 0, 0, 1, 1, 0, 1, 1, 0, 2, 2, 0, 0, 1, 0, 0, 0, 0, 1, 0, 0, 2, 2, 2, 0, 0, 0, 0, 0, 0, 0, 0, 0, 2, 2, 3, 0, 2, 1, 2, 1, 4, 3, 6, 5, 3, 3, 2, 2, 4, 4, 748, 1, 0, 0, 0, 0, 0]",3,0.2000000000604359,-1,0
4602,"[0, 2, 0, 1, 4, 4, 0, 2, 0, 1, 0, 0, 1, 0, 2, 0, 0, 0, 0, 0, 0, 0, 0, 0, 2, 0, 0, 0, 0, 0, 0, 0, 1, 1, 0, 1, 1, 0, 2, 2, 0, 0, 1, 0, 0, 0, 0, 1, 0, 0, 2, 2, 2, 0, 0, 0, 0, 0, 0, 0, 0, 0, 2, 2, 3, 0, 2, 1, 2, 1, 4, 3, 6, 5, 3, 3, 2, 2, 4, 4, 748, 0, 0, 0, 0, 0, 0]",-1,-2.8212870778633692e-05,-1,0
4603,"[0, 2, 0, 1, 4, 4, 0, 2, 0, 1, 0, 0, 1, 0, 2, 0, 0, 0, 0, 0, 0, 0, 0, 0, 2, 0, 0, 0, 0, 0, 0, 0, 1, 1, 0, 1, 1, 0, 2, 2, 0, 0, 1, 0, 0, 0, 0, 1, 0, 0, 2, 2, 2, 0, 0, 0, 0, 0, 0, 0, 0, 0, 2, 2, 3, 0, 2, 1, 2, 1, 4, 3, 6, 5, 3, 3, 2, 2, 4, 4, 748, 0, 1, 0, 0, 0, 0]",2,0.40000000006043585,-1,0
4604,"[0, 2, 0, 1, 4, 4, 0, 2, 0, 1, 0, 0, 1, 0, 2, 0, 0, 0, 0, 0, 0, 0, 0, 0, 2, 0, 0, 0, 0, 0, 0, 0, 1, 1, 0, 1, 1, 0, 2, 2, 0, 0, 1, 0, 0, 0, 0, 1, 0, 0, 2, 2, 2, 0, 0, 0, 0, 0, 0, 0, 0, 0, 2, 2, 3, 0, 2, 1, 2, 1, 4, 3, 6, 5, 3, 3, 2, 2, 4, 4, 748, 0, 1, 0, 0, 1, 0]","[[0 0 0 1]
 [1 0 0 0]]",0.6504248651185267,-1,0
4605,"[0, 2, 0, 1, 4, 4, 0, 2, 0, 1, 0, 0, 1, 0, 2, 0, 0, 0, 0, 0, 0, 0, 0, 0, 2, 0, 0, 0, 0, 0, 0, 0, 1, 1, 0, 1, 1, 0, 2, 2, 0, 0, 1, 0, 0, 0, 0, 1, 0, 0, 2, 2, 2, 0, 0, 0, 0, 0, 0, 0, 0, 0, 2, 2, 3, 0, 2, 1, 2, 1, 4, 3, 6, 5, 3, 3, 2, 2, 4, 4, 748, 0, 0, 0, 0, 0, 0]",1,-58.98775382673584,-1,1
4606,"[0, 2, 0, 1, 4, 4, 0, 2, 0, 1, 0, 0, 1, 0, 2, 0, 0, 0, 0, 0, 0, 0, 0, 0, 2, 0, 0, 0, 0, 0, 0, 0, 1, 1, 0, 1, 1, 0, 2, 2, 0, 0, 1, 0, 0, 0, 0, 1, 0, 0, 2, 2, 2, 0, 0, 0, 0, 0, 0, 0, 0, 0, 2, 2, 3, 0, 2, 1, 2, 1, 4, 3, 6, 5, 3, 3, 2, 2, 4, 4, 748, 0, 1, 0, 0, 0, 0]",2,0.40000000006043585,-1,0
4607,"[0, 2, 0, 1, 4, 4, 0, 2, 0, 1, 0, 0, 1, 0, 2, 0, 0, 0, 0, 0, 0, 0, 0, 0, 2, 0, 0, 0, 0, 0, 0, 0, 1, 1, 0, 1, 1, 0, 2, 2, 0, 0, 1, 0, 0, 0, 0, 1, 0, 0, 2, 2, 2, 0, 0, 0, 0, 0, 0, 0, 0, 0, 2, 2, 3, 0, 2, 1, 2, 1, 4, 3, 6, 5, 3, 3, 2, 2, 4, 4, 748, 0, 1, 0, 0, 1, 0]","[[0 0 0 1]
 [1 0 0 0]]",0.6504248651185267,-1,0
4608,"[0, 2, 0, 1, 4, 4, 0, 2, 0, 1, 0, 0, 1, 0, 2, 0, 0, 0, 0, 0, 0, 0, 0, 0, 2, 0, 0, 0, 0, 0, 0, 0, 1, 1, 0, 1, 1, 0, 2, 2, 0, 0, 1, 0, 0, 0, 0, 1, 0, 0, 2, 2, 2, 0, 0, 0, 0, 0, 0, 0, 0, 0, 2, 2, 3, 0, 2, 1, 2, 1, 4, 3, 6, 5, 3, 3, 2, 2, 4, 4, 748, 0, 1, 0, 0, 0, 1]",2,-0.19999999993956413,-1,1
4609,"[0, 2, 0, 1, 4, 4, 0, 2, 0, 1, 0, 0, 1, 0, 2, 0, 0, 0, 0, 0, 0, 0, 0, 0, 2, 0, 0, 0, 0, 0, 0, 0, 1, 1, 0, 1, 1, 0, 2, 2, 0, 0, 1, 0, 0, 0, 0, 1, 0, 0, 2, 2, 2, 0, 0, 0, 0, 0, 0, 0, 0, 0, 2, 2, 3, 0, 2, 1, 2, 1, 4, 3, 6, 5, 3, 3, 2, 2, 4, 4, 748, 0, 0, 1, 0, 0, 0]","[[1 1 0 1]
 [0 1 0 1]]",-0.19999999993956413,-1,1
4610,"[1, 2, 0, 1, 3, 4, 0, 2, 0, 1, 0, 0, 1, 0, 2, 0, 0, 0, 0, 0, 0, 0, 0, 0, 2, 0, 0, 0, 0, 0, 0, 0, 1, 1, 0, 1, 1, 0, 2, 2, 0, 0, 1, 0, 0, 0, 0, 1, 0, 0, 2, 2, 2, 0, 0, 0, 0, 0, 0, 0, 0, 0, 2, 2, 3, 0, 2, 1, 2, 1, 4, 3, 6, 5, 3, 3, 2, 2, 4, 4, 748, 0, 0, 0, 0, 0, 0]",0,-0.19999999993956413,-1,0
4611,"[1, 2, 0, 1, 3, 4, 0, 2, 0, 1, 0, 0, 1, 0, 2, 0, 0, 0, 0, 0, 0, 0, 0, 0, 2, 0, 0, 0, 0, 0, 0, 0, 1, 1, 0, 1, 1, 0, 2, 2, 0, 0, 1, 0, 0, 0, 0, 1, 0, 0, 2, 2, 2, 0, 0, 0, 0, 0, 0, 0, 0, 0, 2, 2, 3, 0, 2, 1, 2, 1, 4, 3, 6, 5, 3, 3, 2, 2, 4, 4, 748, 0, 0, 0, 0, 0, 0]",0,0.24271887248400897,-1,0
4612,"[1, 2, 0, 1, 3, 4, 0, 2, 0, 1, 0, 0, 1, 0, 2, 0, 0, 0, 0, 0, 0, 0, 0, 0, 2, 0, 0, 0, 0, 0, 0, 0, 1, 1, 0, 1, 1, 0, 2, 2, 0, 0, 1, 0, 0, 0, 0, 1, 0, 0, 2, 2, 2, 0, 0, 0, 0, 0, 0, 0, 0, 0, 2, 2, 3, 0, 2, 1, 2, 1, 4, 3, 6, 5, 3, 3, 2, 2, 4, 4, 748, 0, 0, 0, 0, 0, 0]",-1,-2.8212870778633692e-05,-1,0
4613,"[1, 2, 0, 1, 3, 4, 0, 2, 0, 1, 0, 0, 1, 0, 2, 0, 0, 0, 0, 0, 0, 0, 0, 0, 2, 0, 0, 0, 0, 0, 0, 0, 1, 1, 0, 1, 1, 0, 2, 2, 0, 0, 1, 0, 0, 0, 0, 1, 0, 0, 2, 2, 2, 0, 0, 0, 0, 0, 0, 0, 0, 0, 2, 2, 3, 0, 2, 1, 2, 1, 4, 3, 6, 5, 3, 3, 2, 2, 4, 4, 748, 0, 0, 0, 0, 0, 0]",0,0.24271887248400897,-1,0
4614,"[1, 2, 0, 1, 3, 4, 0, 2, 0, 1, 0, 0, 1, 0, 2, 0, 0, 0, 0, 0, 0, 0, 0, 0, 2, 0, 0, 0, 0, 0, 0, 0, 1, 1, 0, 1, 1, 0, 2, 2, 0, 0, 1, 0, 0, 0, 0, 1, 0, 0, 2, 2, 2, 0, 0, 0, 0, 0, 0, 0, 0, 0, 2, 2, 3, 0, 2, 1, 2, 1, 4, 3, 6, 5, 3, 3, 2, 2, 4, 4, 748, 0, 0, 0, 0, 0, 0]",-1,-2.8212870778633692e-05,-1,0
4615,"[1, 2, 0, 1, 3, 4, 0, 2, 0, 1, 0, 0, 1, 0, 2, 0, 0, 0, 0, 0, 0, 0, 0, 0, 2, 0, 0, 0, 0, 0, 0, 0, 1, 1, 0, 1, 1, 0, 2, 2, 0, 0, 1, 0, 0, 0, 0, 1, 0, 0, 2, 2, 2, 0, 0, 0, 0, 0, 0, 0, 0, 0, 2, 2, 3, 0, 2, 1, 2, 1, 4, 3, 6, 5, 3, 3, 2, 2, 4, 4, 748, 0, 0, 0, 0, 0, 0]",0,0.24271887248400897,-1,0
4616,"[1, 2, 0, 1, 3, 4, 0, 2, 0, 1, 0, 0, 1, 0, 2, 0, 0, 0, 0, 0, 0, 0, 0, 0, 2, 0, 0, 0, 0, 0, 0, 0, 1, 1, 0, 1, 1, 0, 2, 2, 0, 0, 1, 0, 0, 0, 0, 1, 0, 0, 2, 2, 2, 0, 0, 0, 0, 0, 0, 0, 0, 0, 2, 2, 3, 0, 2, 1, 2, 1, 4, 3, 6, 5, 3, 3, 2, 2, 4, 4, 748, 0, 0, 0, 0, 0, 0]",-1,-2.8212870778633692e-05,-1,0
4617,"[1, 2, 0, 1, 3, 4, 0, 2, 0, 1, 0, 0, 1, 0, 2, 0, 0, 0, 0, 0, 0, 0, 0, 0, 2, 0, 0, 0, 0, 0, 0, 0, 1, 1, 0, 1, 1, 0, 2, 2, 0, 0, 1, 0, 0, 0, 0, 1, 0, 0, 2, 2, 2, 0, 0, 0, 0, 0, 0, 0, 0, 0, 2, 2, 3, 0, 2, 1, 2, 1, 4, 3, 6, 5, 3, 3, 2, 2, 4, 4, 748, 0, 0, 0, 0, 0, 0]",0,0.24271887248400897,-1,0
4618,"[1, 2, 0, 1, 3, 4, 0, 2, 0, 1, 0, 0, 1, 0, 2, 0, 0, 0, 0, 0, 0, 0, 0, 0, 2, 0, 0, 0, 0, 0, 0, 0, 1, 1, 0, 1, 1, 0, 2, 2, 0, 0, 1, 0, 0, 0, 0, 1, 0, 0, 2, 2, 2, 0, 0, 0, 0, 0, 0, 0, 0, 0, 2, 2, 3, 0, 2, 1, 2, 1, 4, 3, 6, 5, 3, 3, 2, 2, 4, 4, 748, 0, 0, 0, 0, 0, 0]",-1,-2.8212870778633692e-05,-1,0
4619,"[1, 2, 0, 1, 3, 4, 0, 2, 0, 1, 0, 0, 1, 0, 2, 0, 0, 0, 0, 0, 0, 0, 0, 0, 2, 0, 0, 0, 0, 0, 0, 0, 1, 1, 0, 1, 1, 0, 2, 2, 0, 0, 1, 0, 0, 0, 0, 1, 0, 0, 2, 2, 2, 0, 0, 0, 0, 0, 0, 0, 0, 0, 2, 2, 3, 0, 2, 1, 2, 1, 4, 3, 6, 5, 3, 3, 2, 2, 4, 4, 748, 0, 0, 0, 0, 0, 0]",0,0.24271887248400897,-1,0
4620,"[1, 2, 0, 1, 3, 4, 0, 2, 0, 1, 0, 0, 1, 0, 2, 0, 0, 0, 0, 0, 0, 0, 0, 0, 2, 0, 0, 0, 0, 0, 0, 0, 1, 1, 0, 1, 1, 0, 2, 2, 0, 0, 1, 0, 0, 0, 0, 1, 0, 0, 2, 2, 2, 0, 0, 0, 0, 0, 0, 0, 0, 0, 2, 2, 3, 0, 2, 1, 2, 1, 4, 3, 6, 5, 3, 3, 2, 2, 4, 4, 748, 0, 0, 0, 0, 0, 0]",-1,-2.8212870778633692e-05,-1,0
4621,"[1, 2, 0, 1, 3, 4, 0, 2, 0, 1, 0, 0, 1, 0, 2, 0, 0, 0, 0, 0, 0, 0, 0, 0, 2, 0, 0, 0, 0, 0, 0, 0, 1, 1, 0, 1, 1, 0, 2, 2, 0, 0, 1, 0, 0, 0, 0, 1, 0, 0, 2, 2, 2, 0, 0, 0, 0, 0, 0, 0, 0, 0, 2, 2, 3, 0, 2, 1, 2, 1, 4, 3, 6, 5, 3, 3, 2, 2, 4, 4, 748, 0, 0, 0, 0, 0, 0]",0,0.24271887248400897,-1,0
4622,"[1, 2, 0, 1, 3, 4, 0, 2, 0, 1, 0, 0, 1, 0, 2, 0, 0, 0, 0, 0, 0, 0, 0, 0, 2, 0, 0, 0, 0, 0, 0, 0, 1, 1, 0, 1, 1, 0, 2, 2, 0, 0, 1, 0, 0, 0, 0, 1, 0, 0, 2, 2, 2, 0, 0, 0, 0, 0, 0, 0, 0, 0, 2, 2, 3, 0, 2, 1, 2, 1, 4, 3, 6, 5, 3, 3, 2, 2, 4, 4, 748, 0, 0, 0, 0, 0, 0]",-1,-2.8212870778633692e-05,-1,0
4623,"[1, 2, 0, 1, 3, 4, 0, 2, 0, 1, 0, 0, 1, 0, 2, 0, 0, 0, 0, 0, 0, 0, 0, 0, 2, 0, 0, 0, 0, 0, 0, 0, 1, 1, 0, 1, 1, 0, 2, 2, 0, 0, 1, 0, 0, 0, 0, 1, 0, 0, 2, 2, 2, 0, 0, 0, 0, 0, 0, 0, 0, 0, 2, 2, 3, 0, 2, 1, 2, 1, 4, 3, 6, 5, 3, 3, 2, 2, 4, 4, 748, 0, 0, 0, 0, 0, 0]",0,0.24271887248400897,-1,0
4624,"[1, 2, 0, 1, 3, 4, 0, 2, 0, 1, 0, 0, 1, 0, 2, 0, 0, 0, 0, 0, 0, 0, 0, 0, 2, 0, 0, 0, 0, 0, 0, 0, 1, 1, 0, 1, 1, 0, 2, 2, 0, 0, 1, 0, 0, 0, 0, 1, 0, 0, 2, 2, 2, 0, 0, 0, 0, 0, 0, 0, 0, 0, 2, 2, 3, 0, 2, 1, 2, 1, 4, 3, 6, 5, 3, 3, 2, 2, 4, 4, 748, 0, 0, 0, 0, 0, 0]",-1,-2.8212870778633692e-05,-1,0
4625,"[1, 2, 0, 1, 3, 4, 0, 2, 0, 1, 0, 0, 1, 0, 2, 0, 0, 0, 0, 0, 0, 0, 0, 0, 2, 0, 0, 0, 0, 0, 0, 0, 1, 1, 0, 1, 1, 0, 2, 2, 0, 0, 1, 0, 0, 0, 0, 1, 0, 0, 2, 2, 2, 0, 0, 0, 0, 0, 0, 0, 0, 0, 2, 2, 3, 0, 2, 1, 2, 1, 4, 3, 6, 5, 3, 3, 2, 2, 4, 4, 748, 0, 0, 0, 0, 0, 0]",1,0.6096241151600525,-1,0
4626,"[1, 2, 0, 1, 3, 4, 0, 2, 0, 1, 0, 0, 1, 0, 2, 0, 0, 0, 0, 0, 0, 0, 0, 0, 2, 0, 0, 0, 0, 0, 0, 0, 1, 1, 0, 1, 1, 0, 2, 2, 0, 0, 1, 0, 0, 0, 0, 1, 0, 0, 2, 2, 2, 0, 0, 0, 0, 0, 0, 0, 0, 0, 2, 2, 3, 0, 2, 1, 2, 1, 4, 3, 6, 5, 3, 3, 2, 2, 4, 4, 748, 0, 0, 0, 0, 0, 0]",-1,-2.8212870778633692e-05,-1,0
4627,"[1, 1, 0, 1, 1, 2, 0, 1, 0, 1, 0, 0, 1, 0, 2, 0, 0, 0, 0, 0, 0, 0, 0, 0, 2, 0, 0, 0, 0, 0, 0, 0, 1, 1, 0, 1, 1, 0, 2, 2, 0, 0, 1, 0, 0, 0, 0, 1, 0, 0, 2, 2, 2, 0, 0, 0, 0, 0, 0, 0, 0, 0, 2, 2, 3, 0, 2, 1, 2, 1, 4, 3, 6, 5, 3, 3, 2, 2, 4, 5, 749, 0, 0, 0, 0, 0, 0]",4,14.533449709809748,-1,0
4628,"[1, 1, 0, 1, 1, 2, 0, 1, 0, 1, 0, 0, 1, 0, 2, 0, 0, 0, 0, 0, 0, 0, 0, 0, 2, 0, 0, 0, 0, 0, 0, 0, 1, 1, 0, 1, 1, 0, 2, 2, 0, 0, 1, 0, 0, 0, 0, 1, 0, 0, 2, 2, 2, 0, 0, 0, 0, 0, 0, 0, 0, 0, 2, 2, 3, 0, 2, 1, 2, 1, 4, 3, 6, 5, 3, 3, 2, 2, 4, 5, 749, 1, 0, 0, 0, 0, 0]",3,0.20000000005806617,-1,1
4629,"[1, 1, 0, 1, 1, 2, 0, 1, 0, 1, 0, 0, 1, 0, 2, 0, 0, 0, 0, 0, 0, 0, 0, 0, 2, 0, 0, 0, 0, 0, 0, 0, 1, 1, 0, 1, 1, 0, 2, 2, 0, 0, 1, 0, 0, 0, 0, 1, 0, 0, 2, 2, 2, 0, 0, 0, 0, 0, 0, 0, 0, 0, 2, 2, 3, 0, 2, 1, 2, 1, 4, 3, 6, 5, 3, 3, 2, 2, 4, 5, 749, 0, 0, 0, 0, 0, 0]",-1,-2.7932148023973056e-05,-1,1
4630,"[1, 1, 0, 1, 1, 1, 0, 1, 0, 1, 0, 0, 1, 0, 2, 0, 0, 0, 0, 0, 0, 0, 0, 0, 2, 0, 0, 0, 0, 0, 0, 0, 1, 1, 0, 1, 1, 0, 2, 2, 0, 0, 1, 0, 0, 0, 0, 1, 0, 0, 2, 2, 2, 0, 0, 0, 0, 0, 0, 0, 0, 0, 2, 2, 3, 0, 2, 1, 2, 1, 4, 3, 6, 5, 3, 3, 2, 2, 4, 0, 750, 0, 0, 0, 0, 0, 0]",4,13.133449148361962,-1,1
4631,"[1, 1, 0, 1, 1, 1, 0, 1, 0, 1, 0, 0, 1, 0, 2, 0, 0, 0, 0, 0, 0, 0, 0, 0, 2, 0, 0, 0, 0, 0, 0, 0, 1, 1, 0, 1, 1, 0, 2, 2, 0, 0, 1, 0, 0, 0, 0, 1, 0, 0, 2, 2, 2, 0, 0, 0, 0, 0, 0, 0, 0, 0, 2, 2, 3, 0, 2, 1, 2, 1, 4, 3, 6, 5, 3, 3, 2, 2, 4, 0, 750, 1, 0, 0, 0, 0, 0]",3,0.20000000005578938,-1,0
4632,"[1, 1, 0, 1, 1, 1, 0, 1, 0, 1, 0, 0, 1, 0, 2, 0, 0, 0, 0, 0, 0, 0, 0, 0, 2, 0, 0, 0, 0, 0, 0, 0, 1, 1, 0, 1, 1, 0, 2, 2, 0, 0, 1, 0, 0, 0, 0, 1, 0, 0, 2, 2, 2, 0, 0, 0, 0, 0, 0, 0, 0, 0, 2, 2, 3, 0, 2, 1, 2, 1, 4, 3, 6, 5, 3, 3, 2, 2, 4, 0, 750, 0, 0, 0, 0, 0, 0]",-1,-2.765421850739168e-05,-1,0
4633,"[1, 1, 0, 1, 1, 1, 0, 1, 0, 1, 0, 0, 1, 0, 2, 0, 0, 0, 0, 0, 0, 0, 0, 0, 2, 0, 0, 0, 0, 0, 0, 0, 1, 1, 0, 1, 1, 0, 2, 2, 0, 0, 1, 0, 0, 0, 0, 1, 0, 0, 2, 2, 2, 0, 0, 0, 0, 0, 0, 0, 0, 0, 2, 2, 3, 0, 2, 1, 2, 1, 4, 3, 6, 5, 3, 3, 2, 2, 4, 0, 750, 0, 1, 0, 0, 0, 0]",2,0.40000000005578934,-1,0
4634,"[1, 1, 0, 1, 1, 1, 0, 1, 0, 1, 0, 0, 1, 0, 2, 0, 0, 0, 0, 0, 0, 0, 0, 0, 2, 0, 0, 0, 0, 0, 0, 0, 1, 1, 0, 1, 1, 0, 2, 2, 0, 0, 1, 0, 0, 0, 0, 1, 0, 0, 2, 2, 2, 0, 0, 0, 0, 0, 0, 0, 0, 0, 2, 2, 3, 0, 2, 1, 2, 1, 4, 3, 6, 5, 3, 3, 2, 2, 4, 0, 750, 0, 0, 0, 0, 0, 0]",-1,-2.765421850739168e-05,-1,0
4635,"[1, 1, 0, 1, 3, 1, 0, 1, 0, 1, 0, 0, 1, 0, 2, 0, 0, 0, 0, 0, 0, 0, 0, 0, 2, 0, 0, 0, 0, 0, 0, 0, 1, 1, 0, 1, 1, 0, 2, 2, 0, 0, 1, 0, 0, 0, 0, 1, 0, 0, 2, 2, 2, 0, 0, 0, 0, 0, 0, 0, 0, 0, 2, 2, 3, 0, 2, 1, 2, 1, 4, 3, 6, 5, 3, 3, 2, 2, 4, 0, 751, 0, 0, 0, 0, 0, 0]",4,14.533448592500742,-1,0
4636,"[1, 1, 0, 1, 1, 1, 0, 1, 0, 1, 0, 0, 1, 0, 2, 0, 0, 0, 0, 0, 0, 0, 0, 0, 2, 0, 0, 0, 0, 0, 0, 0, 1, 1, 0, 1, 1, 0, 2, 2, 0, 0, 1, 0, 0, 0, 0, 1, 0, 0, 2, 2, 2, 0, 0, 0, 0, 0, 0, 0, 0, 0, 2, 2, 3, 0, 2, 1, 2, 1, 4, 3, 6, 5, 3, 3, 2, 2, 4, 3, 752, 0, 0, 0, 0, 0, 0]",4,13.133448042170498,-1,1
4637,"[1, 1, 0, 1, 1, 1, 0, 1, 0, 1, 0, 0, 1, 0, 2, 0, 0, 0, 0, 0, 0, 0, 0, 0, 2, 0, 0, 0, 0, 0, 0, 0, 1, 1, 0, 1, 1, 0, 2, 2, 0, 0, 1, 0, 0, 0, 0, 1, 0, 0, 2, 2, 2, 0, 0, 0, 0, 0, 0, 0, 0, 0, 2, 2, 3, 0, 2, 1, 2, 1, 4, 3, 6, 5, 3, 3, 2, 2, 4, 3, 752, 1, 0, 0, 0, 0, 0]",3,0.2000000000515001,-1,0
4638,"[1, 1, 0, 1, 1, 1, 0, 1, 0, 1, 0, 0, 1, 0, 2, 0, 0, 0, 0, 0, 0, 0, 0, 0, 2, 0, 0, 0, 0, 0, 0, 0, 1, 1, 0, 1, 1, 0, 2, 2, 0, 0, 1, 0, 0, 0, 0, 1, 0, 0, 2, 2, 2, 0, 0, 0, 0, 0, 0, 0, 0, 0, 2, 2, 3, 0, 2, 1, 2, 1, 4, 3, 6, 5, 3, 3, 2, 2, 4, 3, 752, 0, 0, 0, 0, 0, 0]",-1,-2.7106628292280433e-05,-1,0
4639,"[1, 1, 0, 1, 1, 1, 0, 1, 0, 1, 0, 0, 1, 0, 2, 0, 0, 0, 0, 0, 0, 0, 0, 0, 2, 0, 0, 0, 0, 0, 0, 0, 1, 1, 0, 1, 1, 0, 2, 2, 0, 0, 1, 0, 0, 0, 0, 1, 0, 0, 2, 2, 2, 0, 0, 0, 0, 0, 0, 0, 0, 0, 2, 2, 3, 0, 2, 1, 2, 1, 4, 3, 6, 5, 3, 3, 2, 2, 4, 3, 752, 1, 0, 0, 0, 0, 0]",3,0.2000000000515001,-1,0
4640,"[1, 1, 0, 1, 1, 1, 0, 1, 0, 1, 0, 0, 1, 0, 2, 0, 0, 0, 0, 0, 0, 0, 0, 0, 2, 0, 0, 0, 0, 0, 0, 0, 1, 1, 0, 1, 1, 0, 2, 2, 0, 0, 1, 0, 0, 0, 0, 1, 0, 0, 2, 2, 2, 0, 0, 0, 0, 0, 0, 0, 0, 0, 2, 2, 3, 0, 2, 1, 2, 1, 4, 3, 6, 5, 3, 3, 2, 2, 4, 3, 752, 0, 0, 0, 0, 0, 0]",-1,-2.7106628292280433e-05,-1,0
4641,"[1, 1, 0, 1, 1, 1, 0, 1, 0, 1, 0, 0, 1, 0, 2, 0, 0, 0, 0, 0, 0, 0, 0, 0, 2, 0, 0, 0, 0, 0, 0, 0, 1, 1, 0, 1, 1, 0, 2, 2, 0, 0, 1, 0, 0, 0, 0, 1, 0, 0, 2, 2, 2, 0, 0, 0, 0, 0, 0, 0, 0, 0, 2, 2, 3, 0, 2, 1, 2, 1, 4, 3, 6, 5, 3, 3, 2, 2, 4, 3, 752, 1, 0, 0, 0, 0, 0]",3,0.2000000000515001,-1,0
4642,"[1, 1, 0, 1, 1, 1, 0, 1, 0, 1, 0, 0, 1, 0, 2, 0, 0, 0, 0, 0, 0, 0, 0, 0, 2, 0, 0, 0, 0, 0, 0, 0, 1, 1, 0, 1, 1, 0, 2, 2, 0, 0, 1, 0, 0, 0, 0, 1, 0, 0, 2, 2, 2, 0, 0, 0, 0, 0, 0, 0, 0, 0, 2, 2, 3, 0, 2, 1, 2, 1, 4, 3, 6, 5, 3, 3, 2, 2, 4, 3, 752, 0, 0, 0, 0, 0, 0]",-1,-2.7106628292280433e-05,-1,0
4643,"[1, 1, 0, 1, 1, 1, 0, 1, 0, 1, 0, 0, 1, 0, 2, 0, 0, 0, 0, 0, 0, 0, 0, 0, 2, 0, 0, 0, 0, 0, 0, 0, 1, 1, 0, 1, 1, 0, 2, 2, 0, 0, 1, 0, 0, 0, 0, 1, 0, 0, 2, 2, 2, 0, 0, 0, 0, 0, 0, 0, 0, 0, 2, 2, 3, 0, 2, 1, 2, 1, 4, 3, 6, 5, 3, 3, 2, 2, 4, 5, 753, 0, 0, 0, 0, 0, 0]",4,14.53344749731619,-1,0
4644,"[1, 1, 0, 1, 1, 1, 0, 1, 0, 1, 0, 0, 1, 0, 2, 0, 0, 0, 0, 0, 0, 0, 0, 0, 2, 0, 0, 0, 0, 0, 0, 0, 1, 1, 0, 1, 1, 0, 2, 2, 0, 0, 1, 0, 0, 0, 0, 1, 0, 0, 2, 2, 2, 0, 0, 0, 0, 0, 0, 0, 0, 0, 2, 2, 3, 0, 2, 1, 2, 1, 4, 3, 6, 5, 3, 3, 2, 2, 4, 5, 753, 1, 0, 0, 0, 0, 0]",3,0.20000000004948074,-1,1
4645,"[1, 1, 0, 1, 1, 1, 0, 1, 0, 1, 0, 0, 1, 0, 2, 0, 0, 0, 0, 0, 0, 0, 0, 0, 2, 0, 0, 0, 0, 0, 0, 0, 1, 1, 0, 1, 1, 0, 2, 2, 0, 0, 1, 0, 0, 0, 0, 1, 0, 0, 2, 2, 2, 0, 0, 0, 0, 0, 0, 0, 0, 0, 2, 2, 3, 0, 2, 1, 2, 1, 4, 3, 6, 5, 3, 3, 2, 2, 4, 5, 753, 0, 0, 0, 0, 0, 0]",-1,-2.683691283427274e-05,-1,1
4646,"[1, 1, 0, 1, 1, 1, 0, 1, 0, 1, 0, 0, 1, 0, 2, 0, 0, 0, 0, 0, 0, 0, 0, 0, 2, 0, 0, 0, 0, 0, 0, 0, 1, 1, 0, 1, 1, 0, 2, 2, 0, 0, 1, 0, 0, 0, 0, 1, 0, 0, 2, 2, 2, 0, 0, 0, 0, 0, 0, 0, 0, 0, 2, 2, 3, 0, 2, 1, 2, 1, 4, 3, 6, 5, 3, 3, 2, 2, 4, 5, 753, 0, 0, 0, 0, 0, 0]",0,0.294974746880064,-1,1
4647,"[1, 1, 0, 1, 1, 1, 0, 1, 0, 1, 0, 0, 1, 0, 2, 0, 0, 0, 0, 0, 0, 0, 0, 0, 2, 0, 0, 0, 0, 0, 0, 0, 1, 1, 0, 1, 1, 0, 2, 2, 0, 0, 1, 0, 0, 0, 0, 1, 0, 0, 2, 2, 2, 0, 0, 0, 0, 0, 0, 0, 0, 0, 2, 2, 3, 0, 2, 1, 2, 1, 4, 3, 6, 5, 3, 3, 2, 2, 4, 5, 753, 0, 0, 0, 0, 0, 0]",-1,-2.683691283427274e-05,-1,1
4648,"[2, 1, 0, 1, 1, 2, 0, 1, 0, 1, 0, 0, 1, 0, 2, 0, 0, 0, 0, 0, 0, 0, 0, 0, 2, 0, 0, 0, 0, 0, 0, 0, 1, 1, 0, 1, 1, 0, 2, 2, 0, 0, 1, 0, 0, 0, 0, 1, 0, 0, 2, 2, 2, 0, 0, 0, 0, 0, 0, 0, 0, 0, 2, 2, 3, 0, 2, 1, 2, 1, 4, 3, 6, 5, 3, 3, 2, 2, 4, 5, 754, 0, 0, 0, 0, 0, 0]",4,12.973822237247052,-1,1
4649,"[2, 1, 0, 1, 1, 2, 0, 1, 0, 1, 0, 0, 1, 0, 2, 0, 0, 0, 0, 0, 0, 0, 0, 0, 2, 0, 0, 0, 0, 0, 0, 0, 1, 1, 0, 1, 1, 0, 2, 2, 0, 0, 1, 0, 0, 0, 0, 1, 0, 0, 2, 2, 2, 0, 0, 0, 0, 0, 0, 0, 0, 0, 2, 2, 3, 0, 2, 1, 2, 1, 4, 3, 6, 5, 3, 3, 2, 2, 4, 5, 754, 0, 1, 0, 0, 0, 0]",2,0.40000000004754055,-1,0
4650,"[2, 1, 0, 1, 1, 2, 0, 1, 0, 1, 0, 0, 1, 0, 2, 0, 0, 0, 0, 0, 0, 0, 0, 0, 2, 0, 0, 0, 0, 0, 0, 0, 1, 1, 0, 1, 1, 0, 2, 2, 0, 0, 1, 0, 0, 0, 0, 1, 0, 0, 2, 2, 2, 0, 0, 0, 0, 0, 0, 0, 0, 0, 2, 2, 3, 0, 2, 1, 2, 1, 4, 3, 6, 5, 3, 3, 2, 2, 4, 5, 754, 0, 0, 0, 0, 0, 0]",-1,-2.6569881089912648e-05,-1,0
4651,"[2, 1, 0, 1, 1, 2, 0, 1, 0, 1, 0, 0, 1, 0, 2, 0, 0, 0, 0, 0, 0, 0, 0, 0, 2, 0, 0, 0, 0, 0, 0, 0, 1, 1, 0, 1, 1, 0, 2, 2, 0, 0, 1, 0, 0, 0, 0, 1, 0, 0, 2, 2, 2, 0, 0, 0, 0, 0, 0, 0, 0, 0, 2, 2, 3, 0, 2, 1, 2, 1, 4, 3, 6, 5, 3, 3, 2, 2, 4, 5, 754, 1, 0, 0, 0, 0, 0]",3,0.20000000004754057,-1,0
4652,"[0, 1, 0, 2, 1, 2, 0, 1, 0, 1, 0, 0, 1, 0, 2, 0, 0, 0, 0, 0, 0, 0, 0, 0, 2, 0, 0, 0, 0, 0, 0, 0, 1, 1, 0, 1, 1, 0, 2, 2, 0, 0, 1, 0, 0, 0, 0, 1, 0, 0, 2, 2, 2, 0, 0, 0, 0, 0, 0, 0, 0, 0, 2, 2, 3, 0, 2, 1, 2, 1, 4, 3, 6, 5, 3, 3, 2, 2, 4, 5, 754, 0, 0, 0, 0, 0, 0]","[[2 0 0 0]
 [0 0 0 1]]",-0.1985423180414184,-1,0
4653,"[1, 1, 0, 2, 1, 3, 0, 1, 0, 1, 0, 0, 1, 0, 2, 0, 0, 0, 0, 0, 0, 0, 0, 0, 2, 0, 0, 0, 0, 0, 0, 0, 1, 1, 0, 1, 1, 0, 2, 2, 0, 0, 1, 0, 0, 0, 0, 1, 0, 0, 2, 2, 2, 0, 0, 0, 0, 0, 0, 0, 0, 0, 2, 2, 3, 0, 2, 1, 2, 1, 4, 3, 6, 5, 3, 3, 2, 2, 4, 5, 755, 0, 0, 0, 0, 0, 0]",4,14.373821703181699,-1,0
4654,"[1, 1, 0, 2, 1, 3, 0, 1, 0, 1, 0, 0, 1, 0, 2, 0, 0, 0, 0, 0, 0, 0, 0, 0, 2, 0, 0, 0, 0, 0, 0, 0, 1, 1, 0, 1, 1, 0, 2, 2, 0, 0, 1, 0, 0, 0, 0, 1, 0, 0, 2, 2, 2, 0, 0, 0, 0, 0, 0, 0, 0, 0, 2, 2, 3, 0, 2, 1, 2, 1, 4, 3, 6, 5, 3, 3, 2, 2, 4, 5, 755, 0, 0, 0, 0, 0, 0]",0,0.2949747468762598,-1,1
4655,"[1, 1, 0, 2, 1, 3, 0, 1, 0, 1, 0, 0, 1, 0, 2, 0, 0, 0, 0, 0, 0, 0, 0, 0, 2, 0, 0, 0, 0, 0, 0, 0, 1, 1, 0, 1, 1, 0, 2, 2, 0, 0, 1, 0, 0, 0, 0, 1, 0, 0, 2, 2, 2, 0, 0, 0, 0, 0, 0, 0, 0, 0, 2, 2, 3, 0, 2, 1, 2, 1, 4, 3, 6, 5, 3, 3, 2, 2, 4, 5, 755, 0, 0, 0, 0, 0, 0]",-1,-2.630550635580319e-05,-1,1
4656,"[1, 2, 0, 2, 1, 4, 0, 1, 0, 1, 0, 0, 1, 0, 2, 0, 0, 0, 0, 0, 0, 0, 0, 0, 2, 0, 0, 0, 0, 0, 0, 0, 1, 1, 0, 1, 1, 0, 2, 2, 0, 0, 1, 0, 0, 0, 0, 1, 0, 0, 2, 2, 2, 0, 0, 0, 0, 0, 0, 0, 0, 0, 2, 2, 3, 0, 2, 1, 2, 1, 4, 3, 6, 5, 3, 3, 2, 2, 4, 5, 756, 0, 0, 0, 0, 0, 0]",4,12.545820837645886,-1,1
4657,"[1, 2, 0, 2, 1, 4, 0, 1, 0, 1, 0, 0, 1, 0, 2, 0, 0, 0, 0, 0, 0, 0, 0, 0, 2, 0, 0, 0, 0, 0, 0, 0, 1, 1, 0, 1, 1, 0, 2, 2, 0, 0, 1, 0, 0, 0, 0, 1, 0, 0, 2, 2, 2, 0, 0, 0, 0, 0, 0, 0, 0, 0, 2, 2, 3, 0, 2, 1, 2, 1, 4, 3, 6, 5, 3, 3, 2, 2, 4, 5, 756, 1, 0, 0, 0, 0, 0]",3,0.2000000000438855,-1,0
4658,"[1, 2, 0, 2, 1, 4, 0, 1, 0, 1, 0, 0, 1, 0, 2, 0, 0, 0, 0, 0, 0, 0, 0, 0, 2, 0, 0, 0, 0, 0, 0, 0, 1, 1, 0, 1, 1, 0, 2, 2, 0, 0, 1, 0, 0, 0, 0, 1, 0, 0, 2, 2, 2, 0, 0, 0, 0, 0, 0, 0, 0, 0, 2, 2, 3, 0, 2, 1, 2, 1, 4, 3, 6, 5, 3, 3, 2, 2, 4, 5, 756, 0, 0, 0, 0, 0, 0]",-1,-2.604376219425061e-05,-1,0
4659,"[1, 2, 0, 2, 1, 4, 0, 1, 0, 1, 0, 0, 1, 0, 2, 0, 0, 0, 0, 0, 0, 0, 0, 0, 2, 0, 0, 0, 0, 0, 0, 0, 1, 1, 0, 1, 1, 0, 2, 2, 0, 0, 1, 0, 0, 0, 0, 1, 0, 0, 2, 2, 2, 0, 0, 0, 0, 0, 0, 0, 0, 0, 2, 2, 3, 0, 2, 1, 2, 1, 4, 3, 6, 5, 3, 3, 2, 2, 4, 5, 756, 0, 0, 0, 0, 0, 0]",1,0.6096241151435022,-1,0
4660,"[1, 2, 0, 2, 1, 4, 0, 1, 0, 1, 0, 0, 1, 0, 2, 0, 0, 0, 0, 0, 0, 0, 0, 0, 2, 0, 0, 0, 0, 0, 0, 0, 1, 1, 0, 1, 1, 0, 2, 2, 0, 0, 1, 0, 0, 0, 0, 1, 0, 0, 2, 2, 2, 0, 0, 0, 0, 0, 0, 0, 0, 0, 2, 2, 3, 0, 2, 1, 2, 1, 4, 3, 6, 5, 3, 3, 2, 2, 4, 5, 756, 0, 0, 0, 0, 0, 0]",-1,-2.604376219425061e-05,-1,0
4661,"[1, 2, 0, 2, 1, 4, 0, 1, 0, 1, 0, 0, 1, 0, 2, 0, 0, 0, 0, 0, 0, 0, 0, 0, 2, 0, 0, 0, 0, 0, 0, 0, 1, 1, 0, 1, 1, 0, 2, 2, 0, 0, 1, 0, 0, 0, 0, 1, 0, 0, 2, 2, 2, 0, 0, 0, 0, 0, 0, 0, 0, 0, 2, 2, 3, 0, 2, 1, 2, 1, 4, 3, 6, 5, 3, 3, 2, 2, 4, 5, 756, 0, 0, 0, 0, 0, 0]",1,0.6096241151435022,-1,0
4662,"[1, 2, 0, 2, 1, 4, 0, 1, 0, 1, 0, 0, 1, 0, 2, 0, 0, 0, 0, 0, 0, 0, 0, 0, 2, 0, 0, 0, 0, 0, 0, 0, 1, 1, 0, 1, 1, 0, 2, 2, 0, 0, 1, 0, 0, 0, 0, 1, 0, 0, 2, 2, 2, 0, 0, 0, 0, 0, 0, 0, 0, 0, 2, 2, 3, 0, 2, 1, 2, 1, 4, 3, 6, 5, 3, 3, 2, 2, 4, 5, 756, 0, 0, 0, 0, 0, 0]",-1,-2.604376219425061e-05,-1,0
4663,"[1, 2, 0, 2, 1, 4, 0, 1, 0, 1, 0, 0, 1, 0, 2, 0, 0, 0, 0, 0, 0, 0, 0, 0, 2, 0, 0, 0, 0, 0, 0, 0, 1, 1, 0, 1, 1, 0, 2, 2, 0, 0, 1, 0, 0, 0, 0, 1, 0, 0, 2, 2, 2, 0, 0, 0, 0, 0, 0, 0, 0, 0, 2, 2, 3, 0, 2, 1, 2, 1, 4, 3, 6, 5, 3, 3, 2, 2, 4, 5, 756, 1, 0, 0, 0, 0, 0]",3,0.2000000000438855,-1,0
4664,"[1, 2, 0, 2, 1, 4, 0, 1, 0, 1, 0, 0, 1, 0, 2, 0, 0, 0, 0, 0, 0, 0, 0, 0, 2, 0, 0, 0, 0, 0, 0, 0, 1, 1, 0, 1, 1, 0, 2, 2, 0, 0, 1, 0, 0, 0, 0, 1, 0, 0, 2, 2, 2, 0, 0, 0, 0, 0, 0, 0, 0, 0, 2, 2, 3, 0, 2, 1, 2, 1, 4, 3, 6, 5, 3, 3, 2, 2, 4, 5, 756, 0, 0, 0, 0, 0, 0]",-1,-2.604376219425061e-05,-1,0
4665,"[1, 2, 0, 2, 1, 4, 0, 1, 0, 1, 0, 0, 1, 0, 2, 0, 0, 0, 0, 0, 0, 0, 0, 0, 2, 0, 0, 0, 0, 0, 0, 0, 1, 1, 0, 1, 1, 0, 2, 2, 0, 0, 1, 0, 0, 0, 0, 1, 0, 0, 2, 2, 2, 0, 0, 0, 0, 0, 0, 0, 0, 0, 2, 2, 3, 0, 2, 1, 2, 1, 4, 3, 6, 5, 3, 3, 2, 2, 4, 5, 756, 1, 0, 0, 0, 0, 0]",3,0.2000000000438855,-1,0
4666,"[1, 2, 0, 2, 1, 4, 0, 1, 0, 1, 0, 0, 1, 0, 2, 0, 0, 0, 0, 0, 0, 0, 0, 0, 2, 0, 0, 0, 0, 0, 0, 0, 1, 1, 0, 1, 1, 0, 2, 2, 0, 0, 1, 0, 0, 0, 0, 1, 0, 0, 2, 2, 2, 0, 0, 0, 0, 0, 0, 0, 0, 0, 2, 2, 3, 0, 2, 1, 2, 1, 4, 3, 6, 5, 3, 3, 2, 2, 4, 5, 756, 0, 0, 0, 0, 0, 0]",-1,-2.604376219425061e-05,-1,0
4667,"[1, 2, 0, 2, 1, 4, 0, 1, 0, 1, 0, 0, 1, 0, 2, 0, 0, 0, 0, 0, 0, 0, 0, 0, 2, 0, 0, 0, 0, 0, 0, 0, 1, 1, 0, 1, 1, 0, 2, 2, 0, 0, 1, 0, 0, 0, 0, 1, 0, 0, 2, 2, 2, 0, 0, 0, 0, 0, 0, 0, 0, 0, 2, 2, 3, 0, 2, 1, 2, 1, 4, 3, 6, 5, 3, 3, 2, 2, 4, 5, 757, 0, 0, 0, 0, 0, 0]",4,14.272493591501268,-1,0
4668,"[1, 2, 0, 2, 1, 4, 0, 1, 0, 1, 0, 0, 1, 0, 2, 0, 0, 0, 0, 0, 0, 0, 0, 0, 2, 0, 0, 0, 0, 0, 0, 0, 1, 1, 0, 1, 1, 0, 2, 2, 0, 0, 1, 0, 0, 0, 0, 1, 0, 0, 2, 2, 2, 0, 0, 0, 0, 0, 0, 0, 0, 0, 2, 2, 3, 0, 2, 1, 2, 1, 4, 3, 6, 5, 3, 3, 2, 2, 4, 5, 757, 0, 1, 0, 0, 0, 0]",2,0.4000000000421646,-1,1
4669,"[1, 2, 0, 2, 1, 4, 0, 1, 0, 1, 0, 0, 1, 0, 2, 0, 0, 0, 0, 0, 0, 0, 0, 0, 2, 0, 0, 0, 0, 0, 0, 0, 1, 1, 0, 1, 1, 0, 2, 2, 0, 0, 1, 0, 0, 0, 0, 1, 0, 0, 2, 2, 2, 0, 0, 0, 0, 0, 0, 0, 0, 0, 2, 2, 3, 0, 2, 1, 2, 1, 4, 3, 6, 5, 3, 3, 2, 2, 4, 5, 757, 0, 1, 0, 0, 1, 0]","[[0 1 0 0]
 [1 1 0 1]]",2.122490884765883,-1,1
4670,"[0, 2, 0, 1, 2, 4, 0, 2, 0, 1, 0, 0, 1, 0, 2, 0, 0, 0, 0, 0, 0, 0, 0, 0, 2, 0, 0, 0, 0, 0, 0, 0, 1, 1, 0, 1, 1, 0, 2, 2, 0, 0, 1, 0, 0, 0, 0, 1, 0, 0, 2, 2, 2, 0, 0, 0, 0, 0, 0, 0, 0, 0, 2, 2, 3, 0, 2, 1, 2, 1, 4, 3, 6, 5, 3, 3, 2, 2, 4, 5, 757, 0, 0, 0, 0, 0, 0]",0,-0.19999999995783535,-1,0
4671,"[0, 2, 0, 1, 2, 4, 0, 2, 0, 1, 0, 0, 1, 0, 2, 0, 0, 0, 0, 0, 0, 0, 0, 0, 2, 0, 0, 0, 0, 0, 0, 0, 1, 1, 0, 1, 1, 0, 2, 2, 0, 0, 1, 0, 0, 0, 0, 1, 0, 0, 2, 2, 2, 0, 0, 0, 0, 0, 0, 0, 0, 0, 2, 2, 3, 0, 2, 1, 2, 1, 4, 3, 6, 5, 3, 3, 2, 2, 4, 5, 757, 0, 0, 0, 0, 0, 0]",0,0.29497474687274794,-1,1
4672,"[0, 2, 0, 1, 2, 4, 0, 2, 0, 1, 0, 0, 1, 0, 2, 0, 0, 0, 0, 0, 0, 0, 0, 0, 2, 0, 0, 0, 0, 0, 0, 0, 1, 1, 0, 1, 1, 0, 2, 2, 0, 0, 1, 0, 0, 0, 0, 1, 0, 0, 2, 2, 2, 0, 0, 0, 0, 0, 0, 0, 0, 0, 2, 2, 3, 0, 2, 1, 2, 1, 4, 3, 6, 5, 3, 3, 2, 2, 4, 5, 757, 0, 0, 0, 0, 0, 0]",-1,-2.5784622430620692e-05,-1,1
4673,"[0, 1, 0, 1, 1, 2, 0, 1, 0, 1, 0, 0, 1, 0, 2, 0, 0, 0, 0, 0, 0, 0, 0, 0, 2, 0, 0, 0, 0, 0, 0, 0, 1, 1, 0, 1, 1, 0, 2, 2, 0, 0, 1, 0, 0, 0, 0, 1, 0, 0, 2, 2, 2, 0, 0, 0, 0, 0, 0, 0, 0, 0, 2, 2, 3, 0, 2, 1, 2, 1, 4, 3, 6, 5, 3, 3, 2, 2, 4, 4, 758, 0, 0, 0, 0, 0, 0]",4,12.973820132659215,-1,1
4674,"[0, 1, 0, 1, 1, 2, 0, 1, 0, 1, 0, 0, 1, 0, 2, 0, 0, 0, 0, 0, 0, 0, 0, 0, 2, 0, 0, 0, 0, 0, 0, 0, 1, 1, 0, 1, 1, 0, 2, 2, 0, 0, 1, 0, 0, 0, 0, 1, 0, 0, 2, 2, 2, 0, 0, 0, 0, 0, 0, 0, 0, 0, 2, 2, 3, 0, 2, 1, 2, 1, 4, 3, 6, 5, 3, 3, 2, 2, 4, 4, 759, 0, 0, 0, 0, 0, 0]",4,14.259514227455,-1,0
4675,"[0, 1, 0, 1, 1, 2, 0, 1, 0, 1, 0, 0, 1, 0, 2, 0, 0, 0, 0, 0, 0, 0, 0, 0, 2, 0, 0, 0, 0, 0, 0, 0, 1, 1, 0, 1, 1, 0, 2, 2, 0, 0, 1, 0, 0, 0, 0, 1, 0, 0, 2, 2, 2, 0, 0, 0, 0, 0, 0, 0, 0, 0, 2, 2, 3, 0, 2, 1, 2, 1, 4, 3, 6, 5, 3, 3, 2, 2, 4, 4, 759, 0, 0, 0, 0, 0, 0]",0,0.2949747468695062,-1,1
4676,"[0, 1, 0, 1, 1, 2, 0, 1, 0, 1, 0, 0, 1, 0, 2, 0, 0, 0, 0, 0, 0, 0, 0, 0, 2, 0, 0, 0, 0, 0, 0, 0, 1, 1, 0, 1, 1, 0, 2, 2, 0, 0, 1, 0, 0, 0, 0, 1, 0, 0, 2, 2, 2, 0, 0, 0, 0, 0, 0, 0, 0, 0, 2, 2, 3, 0, 2, 1, 2, 1, 4, 3, 6, 5, 3, 3, 2, 2, 4, 4, 759, 0, 0, 0, 0, 0, 0]",-1,-2.5274052698210015e-05,-1,1
4677,"[0, 1, 0, 1, 1, 2, 0, 2, 0, 1, 0, 0, 1, 0, 2, 0, 0, 0, 0, 0, 0, 0, 0, 0, 2, 0, 0, 0, 0, 0, 0, 0, 1, 1, 0, 1, 1, 0, 2, 2, 0, 0, 1, 0, 0, 0, 0, 1, 0, 0, 2, 2, 2, 0, 0, 0, 0, 0, 0, 0, 0, 0, 2, 2, 3, 0, 2, 1, 2, 1, 4, 3, 6, 5, 3, 3, 2, 2, 4, 4, 760, 0, 0, 0, 0, 0, 0]",4,12.872492052077508,-1,1
4678,"[0, 1, 0, 1, 1, 2, 0, 2, 0, 1, 0, 0, 1, 0, 2, 0, 0, 0, 0, 0, 0, 0, 0, 0, 2, 0, 0, 0, 0, 0, 0, 0, 1, 1, 0, 1, 1, 0, 2, 2, 0, 0, 1, 0, 0, 0, 0, 1, 0, 0, 2, 2, 2, 0, 0, 0, 0, 0, 0, 0, 0, 0, 2, 2, 3, 0, 2, 1, 2, 1, 4, 3, 6, 5, 3, 3, 2, 2, 4, 4, 760, 0, 1, 0, 0, 0, 0]",2,0.40000000003739666,-1,0
4679,"[0, 1, 0, 1, 1, 2, 0, 2, 0, 1, 0, 0, 1, 0, 2, 0, 0, 0, 0, 0, 0, 0, 0, 0, 2, 0, 0, 0, 0, 0, 0, 0, 1, 1, 0, 1, 1, 0, 2, 2, 0, 0, 1, 0, 0, 0, 0, 1, 0, 0, 2, 2, 2, 0, 0, 0, 0, 0, 0, 0, 0, 0, 2, 2, 3, 0, 2, 1, 2, 1, 4, 3, 6, 5, 3, 3, 2, 2, 4, 4, 760, 0, 1, 0, 0, 1, 0]","[[0 0 0 1]
 [1 0 0 0]]",0.6504248650954876,-1,0
4680,"[1, 1, 0, 0, 0, 2, 0, 3, 0, 1, 0, 0, 1, 0, 2, 0, 0, 0, 0, 0, 0, 0, 0, 0, 2, 0, 0, 0, 0, 0, 0, 0, 1, 1, 0, 1, 1, 0, 2, 2, 0, 0, 1, 0, 0, 0, 0, 1, 0, 0, 2, 2, 2, 0, 0, 0, 0, 0, 0, 0, 0, 0, 2, 2, 3, 0, 2, 1, 2, 1, 4, 3, 6, 5, 3, 3, 2, 2, 4, 4, 760, 0, 0, 0, 0, 0, 0]",0,-0.19999999996260331,-1,1
4681,"[1, 1, 0, 0, 0, 2, 0, 3, 0, 1, 0, 0, 1, 0, 2, 0, 0, 0, 0, 0, 0, 0, 0, 0, 2, 0, 0, 0, 0, 0, 0, 0, 1, 1, 0, 1, 1, 0, 2, 2, 0, 0, 1, 0, 0, 0, 0, 1, 0, 0, 2, 2, 2, 0, 0, 0, 0, 0, 0, 0, 0, 0, 2, 2, 3, 0, 2, 1, 2, 1, 4, 3, 6, 5, 3, 3, 2, 2, 4, 4, 760, 0, 0, 0, 0, 0, 0]",0,0.2427188724609698,-1,0
4682,"[1, 1, 0, 0, 0, 2, 0, 3, 0, 1, 0, 0, 1, 0, 2, 0, 0, 0, 0, 0, 0, 0, 0, 0, 2, 0, 0, 0, 0, 0, 0, 0, 1, 1, 0, 1, 1, 0, 2, 2, 0, 0, 1, 0, 0, 0, 0, 1, 0, 0, 2, 2, 2, 0, 0, 0, 0, 0, 0, 0, 0, 0, 2, 2, 3, 0, 2, 1, 2, 1, 4, 3, 6, 5, 3, 3, 2, 2, 4, 4, 760, 0, 0, 0, 0, 0, 0]",-1,-2.502257167203052e-05,-1,0
4683,"[1, 1, 0, 0, 0, 2, 0, 3, 0, 1, 0, 0, 1, 0, 2, 0, 0, 0, 0, 0, 0, 0, 0, 0, 2, 0, 0, 0, 0, 0, 0, 0, 1, 1, 0, 1, 1, 0, 2, 2, 0, 0, 1, 0, 0, 0, 0, 1, 0, 0, 2, 2, 2, 0, 0, 0, 0, 0, 0, 0, 0, 0, 2, 2, 3, 0, 2, 1, 2, 1, 4, 3, 6, 5, 3, 3, 2, 2, 4, 4, 760, 0, 0, 0, 0, 0, 0]",0,0.2427188724609698,-1,0
4684,"[1, 1, 0, 0, 0, 2, 0, 3, 0, 1, 0, 0, 1, 0, 2, 0, 0, 0, 0, 0, 0, 0, 0, 0, 2, 0, 0, 0, 0, 0, 0, 0, 1, 1, 0, 1, 1, 0, 2, 2, 0, 0, 1, 0, 0, 0, 0, 1, 0, 0, 2, 2, 2, 0, 0, 0, 0, 0, 0, 0, 0, 0, 2, 2, 3, 0, 2, 1, 2, 1, 4, 3, 6, 5, 3, 3, 2, 2, 4, 4, 760, 0, 0, 0, 0, 0, 0]",-1,-2.502257167203052e-05,-1,0
4685,"[1, 1, 0, 0, 0, 2, 0, 3, 0, 1, 0, 0, 1, 0, 2, 0, 0, 0, 0, 0, 0, 0, 0, 0, 2, 0, 0, 0, 0, 0, 0, 0, 1, 1, 0, 1, 1, 0, 2, 2, 0, 0, 1, 0, 0, 0, 0, 1, 0, 0, 2, 2, 2, 0, 0, 0, 0, 0, 0, 0, 0, 0, 2, 2, 3, 0, 2, 1, 2, 1, 4, 3, 6, 5, 3, 3, 2, 2, 4, 4, 760, 0, 0, 0, 0, 0, 0]",0,0.2427188724609698,-1,0
4686,"[1, 1, 0, 0, 0, 2, 0, 3, 0, 1, 0, 0, 1, 0, 2, 0, 0, 0, 0, 0, 0, 0, 0, 0, 2, 0, 0, 0, 0, 0, 0, 0, 1, 1, 0, 1, 1, 0, 2, 2, 0, 0, 1, 0, 0, 0, 0, 1, 0, 0, 2, 2, 2, 0, 0, 0, 0, 0, 0, 0, 0, 0, 2, 2, 3, 0, 2, 1, 2, 1, 4, 3, 6, 5, 3, 3, 2, 2, 4, 4, 760, 0, 0, 0, 0, 0, 0]",-1,-2.502257167203052e-05,-1,0
4687,"[1, 1, 0, 0, 0, 2, 0, 3, 0, 1, 0, 0, 1, 0, 2, 0, 0, 0, 0, 0, 0, 0, 0, 0, 2, 0, 0, 0, 0, 0, 0, 0, 1, 1, 0, 1, 1, 0, 2, 2, 0, 0, 1, 0, 0, 0, 0, 1, 0, 0, 2, 2, 2, 0, 0, 0, 0, 0, 0, 0, 0, 0, 2, 2, 3, 0, 2, 1, 2, 1, 4, 3, 6, 5, 3, 3, 2, 2, 4, 4, 760, 0, 0, 0, 0, 0, 0]",0,0.2427188724609698,-1,0
4688,"[1, 1, 0, 0, 0, 2, 0, 3, 0, 1, 0, 0, 1, 0, 2, 0, 0, 0, 0, 0, 0, 0, 0, 0, 2, 0, 0, 0, 0, 0, 0, 0, 1, 1, 0, 1, 1, 0, 2, 2, 0, 0, 1, 0, 0, 0, 0, 1, 0, 0, 2, 2, 2, 0, 0, 0, 0, 0, 0, 0, 0, 0, 2, 2, 3, 0, 2, 1, 2, 1, 4, 3, 6, 5, 3, 3, 2, 2, 4, 4, 760, 0, 0, 0, 0, 0, 0]",-1,-2.502257167203052e-05,-1,0
4689,"[1, 1, 0, 0, 0, 2, 0, 3, 0, 1, 0, 0, 1, 0, 2, 0, 0, 0, 0, 0, 0, 0, 0, 0, 2, 0, 0, 0, 0, 0, 0, 0, 1, 1, 0, 1, 1, 0, 2, 2, 0, 0, 1, 0, 0, 0, 0, 1, 0, 0, 2, 2, 2, 0, 0, 0, 0, 0, 0, 0, 0, 0, 2, 2, 3, 0, 2, 1, 2, 1, 4, 3, 6, 5, 3, 3, 2, 2, 4, 4, 760, 0, 0, 0, 0, 0, 0]",0,0.2427188724609698,-1,0
4690,"[1, 1, 0, 0, 0, 2, 0, 3, 0, 1, 0, 0, 1, 0, 2, 0, 0, 0, 0, 0, 0, 0, 0, 0, 2, 0, 0, 0, 0, 0, 0, 0, 1, 1, 0, 1, 1, 0, 2, 2, 0, 0, 1, 0, 0, 0, 0, 1, 0, 0, 2, 2, 2, 0, 0, 0, 0, 0, 0, 0, 0, 0, 2, 2, 3, 0, 2, 1, 2, 1, 4, 3, 6, 5, 3, 3, 2, 2, 4, 4, 760, 0, 0, 0, 0, 0, 0]",-1,-2.502257167203052e-05,-1,0
4691,"[1, 1, 0, 0, 0, 2, 0, 3, 0, 1, 0, 0, 1, 0, 2, 0, 0, 0, 0, 0, 0, 0, 0, 0, 2, 0, 0, 0, 0, 0, 0, 0, 1, 1, 0, 1, 1, 0, 2, 2, 0, 0, 1, 0, 0, 0, 0, 1, 0, 0, 2, 2, 2, 0, 0, 0, 0, 0, 0, 0, 0, 0, 2, 2, 3, 0, 2, 1, 2, 1, 4, 3, 6, 5, 3, 3, 2, 2, 4, 4, 760, 0, 0, 0, 0, 0, 0]",0,0.2427188724609698,-1,0
4692,"[1, 1, 0, 0, 0, 2, 0, 3, 0, 1, 0, 0, 1, 0, 2, 0, 0, 0, 0, 0, 0, 0, 0, 0, 2, 0, 0, 0, 0, 0, 0, 0, 1, 1, 0, 1, 1, 0, 2, 2, 0, 0, 1, 0, 0, 0, 0, 1, 0, 0, 2, 2, 2, 0, 0, 0, 0, 0, 0, 0, 0, 0, 2, 2, 3, 0, 2, 1, 2, 1, 4, 3, 6, 5, 3, 3, 2, 2, 4, 4, 760, 0, 0, 0, 0, 0, 0]",-1,-2.502257167203052e-05,-1,0
4693,"[1, 1, 0, 0, 0, 2, 0, 3, 0, 1, 0, 0, 1, 0, 2, 0, 0, 0, 0, 0, 0, 0, 0, 0, 2, 0, 0, 0, 0, 0, 0, 0, 1, 1, 0, 1, 1, 0, 2, 2, 0, 0, 1, 0, 0, 0, 0, 1, 0, 0, 2, 2, 2, 0, 0, 0, 0, 0, 0, 0, 0, 0, 2, 2, 3, 0, 2, 1, 2, 1, 4, 3, 6, 5, 3, 3, 2, 2, 4, 4, 760, 0, 0, 0, 0, 0, 0]",0,0.2427188724609698,-1,0
4694,"[1, 1, 0, 0, 0, 2, 0, 3, 0, 1, 0, 0, 1, 0, 2, 0, 0, 0, 0, 0, 0, 0, 0, 0, 2, 0, 0, 0, 0, 0, 0, 0, 1, 1, 0, 1, 1, 0, 2, 2, 0, 0, 1, 0, 0, 0, 0, 1, 0, 0, 2, 2, 2, 0, 0, 0, 0, 0, 0, 0, 0, 0, 2, 2, 3, 0, 2, 1, 2, 1, 4, 3, 6, 5, 3, 3, 2, 2, 4, 4, 760, 0, 0, 0, 0, 0, 0]",-1,-2.502257167203052e-05,-1,0
4695,"[1, 1, 0, 0, 0, 2, 0, 3, 0, 1, 0, 0, 1, 0, 2, 0, 0, 0, 0, 0, 0, 0, 0, 0, 2, 0, 0, 0, 0, 0, 0, 0, 1, 1, 0, 1, 1, 0, 2, 2, 0, 0, 1, 0, 0, 0, 0, 1, 0, 0, 2, 2, 2, 0, 0, 0, 0, 0, 0, 0, 0, 0, 2, 2, 3, 0, 2, 1, 2, 1, 4, 3, 6, 5, 3, 3, 2, 2, 4, 4, 760, 0, 0, 0, 0, 0, 0]",0,0.2427188724609698,-1,0
4696,"[1, 1, 0, 0, 0, 2, 0, 3, 0, 1, 0, 0, 1, 0, 2, 0, 0, 0, 0, 0, 0, 0, 0, 0, 2, 0, 0, 0, 0, 0, 0, 0, 1, 1, 0, 1, 1, 0, 2, 2, 0, 0, 1, 0, 0, 0, 0, 1, 0, 0, 2, 2, 2, 0, 0, 0, 0, 0, 0, 0, 0, 0, 2, 2, 3, 0, 2, 1, 2, 1, 4, 3, 6, 5, 3, 3, 2, 2, 4, 4, 760, 0, 0, 0, 0, 0, 0]",-1,-2.502257167203052e-05,-1,0
4697,"[1, 1, 0, 0, 0, 2, 0, 3, 0, 1, 0, 0, 1, 0, 2, 0, 0, 0, 0, 0, 0, 0, 0, 0, 2, 0, 0, 0, 0, 0, 0, 0, 1, 1, 0, 1, 1, 0, 2, 2, 0, 0, 1, 0, 0, 0, 0, 1, 0, 0, 2, 2, 2, 0, 0, 0, 0, 0, 0, 0, 0, 0, 2, 2, 3, 0, 2, 1, 2, 1, 4, 3, 6, 5, 3, 3, 2, 2, 4, 4, 760, 1, 0, 0, 0, 0, 0]",3,0.2000000000373967,-1,0
4698,"[1, 1, 0, 0, 0, 2, 0, 3, 0, 1, 0, 0, 1, 0, 2, 0, 0, 0, 0, 0, 0, 0, 0, 0, 2, 0, 0, 0, 0, 0, 0, 0, 1, 1, 0, 1, 1, 0, 2, 2, 0, 0, 1, 0, 0, 0, 0, 1, 0, 0, 2, 2, 2, 0, 0, 0, 0, 0, 0, 0, 0, 0, 2, 2, 3, 0, 2, 1, 2, 1, 4, 3, 6, 5, 3, 3, 2, 2, 4, 4, 760, 0, 0, 0, 0, 0, 0]",-1,-2.502257167203052e-05,-1,0
4699,"[1, 1, 0, 0, 0, 2, 0, 3, 0, 1, 0, 0, 1, 0, 2, 0, 0, 0, 0, 0, 0, 0, 0, 0, 2, 0, 0, 0, 0, 0, 0, 0, 1, 1, 0, 1, 1, 0, 2, 2, 0, 0, 1, 0, 0, 0, 0, 1, 0, 0, 2, 2, 2, 0, 0, 0, 0, 0, 0, 0, 0, 0, 2, 2, 3, 0, 2, 1, 2, 1, 4, 3, 6, 5, 3, 3, 2, 2, 4, 4, 760, 0, 1, 0, 0, 0, 0]",2,0.40000000003739666,-1,0
4700,"[1, 1, 0, 0, 0, 2, 0, 3, 0, 1, 0, 0, 1, 0, 2, 0, 0, 0, 0, 0, 0, 0, 0, 0, 2, 0, 0, 0, 0, 0, 0, 0, 1, 1, 0, 1, 1, 0, 2, 2, 0, 0, 1, 0, 0, 0, 0, 1, 0, 0, 2, 2, 2, 0, 0, 0, 0, 0, 0, 0, 0, 0, 2, 2, 3, 0, 2, 1, 2, 1, 4, 3, 6, 5, 3, 3, 2, 2, 4, 4, 760, 0, 1, 0, 0, 1, 0]","[[1 0 0 0]
 [0 0 0 1]]",0.6504248650954876,-1,0
4701,"[0, 1, 0, 1, 1, 2, 0, 2, 0, 1, 0, 0, 1, 0, 2, 0, 0, 0, 0, 0, 0, 0, 0, 0, 2, 0, 0, 0, 0, 0, 0, 0, 1, 1, 0, 1, 1, 0, 2, 2, 0, 0, 1, 0, 0, 0, 0, 1, 0, 0, 2, 2, 2, 0, 0, 0, 0, 0, 0, 0, 0, 0, 2, 2, 3, 0, 2, 1, 2, 1, 4, 3, 6, 5, 3, 3, 2, 2, 4, 4, 760, 0, 0, 0, 0, 0, 0]",0,-0.19999999996260331,-1,1
4702,"[0, 1, 0, 1, 1, 2, 0, 2, 0, 1, 0, 0, 1, 0, 2, 0, 0, 0, 0, 0, 0, 0, 0, 0, 2, 0, 0, 0, 0, 0, 0, 0, 1, 1, 0, 1, 1, 0, 2, 2, 0, 0, 1, 0, 0, 0, 0, 1, 0, 0, 2, 2, 2, 0, 0, 0, 0, 0, 0, 0, 0, 0, 2, 2, 3, 0, 2, 1, 2, 1, 4, 3, 6, 5, 3, 3, 2, 2, 4, 4, 760, 0, 0, 0, 0, 0, 0]",1,0.6096241151370134,-1,0
4703,"[0, 1, 0, 1, 1, 2, 0, 2, 0, 1, 0, 0, 1, 0, 2, 0, 0, 0, 0, 0, 0, 0, 0, 0, 2, 0, 0, 0, 0, 0, 0, 0, 1, 1, 0, 1, 1, 0, 2, 2, 0, 0, 1, 0, 0, 0, 0, 1, 0, 0, 2, 2, 2, 0, 0, 0, 0, 0, 0, 0, 0, 0, 2, 2, 3, 0, 2, 1, 2, 1, 4, 3, 6, 5, 3, 3, 2, 2, 4, 4, 760, 0, 0, 0, 0, 0, 0]",-1,-2.502257167203052e-05,-1,0
4704,"[0, 1, 0, 1, 1, 2, 0, 2, 0, 1, 0, 0, 1, 0, 2, 0, 0, 0, 0, 0, 0, 0, 0, 0, 2, 0, 0, 0, 0, 0, 0, 0, 1, 1, 0, 1, 1, 0, 2, 2, 0, 0, 1, 0, 0, 0, 0, 1, 0, 0, 2, 2, 2, 0, 0, 0, 0, 0, 0, 0, 0, 0, 2, 2, 3, 0, 2, 1, 2, 1, 4, 3, 6, 5, 3, 3, 2, 2, 4, 4, 760, 0, 1, 0, 0, 0, 0]",2,0.40000000003739666,-1,0
4705,"[0, 1, 0, 1, 1, 2, 0, 2, 0, 1, 0, 0, 1, 0, 2, 0, 0, 0, 0, 0, 0, 0, 0, 0, 2, 0, 0, 0, 0, 0, 0, 0, 1, 1, 0, 1, 1, 0, 2, 2, 0, 0, 1, 0, 0, 0, 0, 1, 0, 0, 2, 2, 2, 0, 0, 0, 0, 0, 0, 0, 0, 0, 2, 2, 3, 0, 2, 1, 2, 1, 4, 3, 6, 5, 3, 3, 2, 2, 4, 4, 760, 0, 1, 0, 0, 1, 0]","[[0 1 0 0]
 [1 0 0 0]]",0.6504248650954876,-1,0
4706,"[0, 1, 0, 1, 1, 2, 0, 2, 0, 1, 0, 0, 1, 0, 2, 0, 0, 0, 0, 0, 0, 0, 0, 0, 2, 0, 0, 0, 0, 0, 0, 0, 1, 1, 0, 1, 1, 0, 2, 2, 0, 0, 1, 0, 0, 0, 0, 1, 0, 0, 2, 2, 2, 0, 0, 0, 0, 0, 0, 0, 0, 0, 2, 2, 3, 0, 2, 1, 2, 1, 4, 3, 6, 5, 3, 3, 2, 2, 4, 4, 760, 0, 1, 0, 0, 0, 1]",2,-0.19999999996260331,-1,1
4707,"[0, 1, 0, 1, 1, 2, 0, 2, 0, 1, 0, 0, 1, 0, 2, 0, 0, 0, 0, 0, 0, 0, 0, 0, 2, 0, 0, 0, 0, 0, 0, 0, 1, 1, 0, 1, 1, 0, 2, 2, 0, 0, 1, 0, 0, 0, 0, 1, 0, 0, 2, 2, 2, 0, 0, 0, 0, 0, 0, 0, 0, 0, 2, 2, 3, 0, 2, 1, 2, 1, 4, 3, 6, 5, 3, 3, 2, 2, 4, 4, 760, 0, 0, 1, 0, 0, 0]","[[0 1 0 1]
 [0 1 0 1]]",-0.19999999996260331,-1,1
4708,"[0, 1, 0, 1, 1, 2, 0, 2, 0, 1, 0, 0, 1, 0, 2, 0, 0, 0, 0, 0, 0, 0, 0, 0, 2, 0, 0, 0, 0, 0, 0, 0, 1, 1, 0, 1, 1, 0, 2, 2, 0, 0, 1, 0, 0, 0, 0, 1, 0, 0, 2, 2, 2, 0, 0, 0, 0, 0, 0, 0, 0, 0, 2, 2, 3, 0, 2, 1, 2, 1, 4, 3, 6, 5, 3, 3, 2, 2, 4, 4, 760, 0, 0, 0, 0, 0, 0]",0,-0.19999999996260331,-1,0
4709,"[0, 1, 0, 1, 1, 2, 0, 2, 0, 1, 0, 0, 1, 0, 2, 0, 0, 0, 0, 0, 0, 0, 0, 0, 2, 0, 0, 0, 0, 0, 0, 0, 1, 1, 0, 1, 1, 0, 2, 2, 0, 0, 1, 0, 0, 0, 0, 1, 0, 0, 2, 2, 2, 0, 0, 0, 0, 0, 0, 0, 0, 0, 2, 2, 3, 0, 2, 1, 2, 1, 4, 3, 6, 5, 3, 3, 2, 2, 4, 4, 760, 0, 0, 0, 0, 0, 0]",0,0.2427188724609698,-1,0
4710,"[0, 1, 0, 1, 1, 2, 0, 2, 0, 1, 0, 0, 1, 0, 2, 0, 0, 0, 0, 0, 0, 0, 0, 0, 2, 0, 0, 0, 0, 0, 0, 0, 1, 1, 0, 1, 1, 0, 2, 2, 0, 0, 1, 0, 0, 0, 0, 1, 0, 0, 2, 2, 2, 0, 0, 0, 0, 0, 0, 0, 0, 0, 2, 2, 3, 0, 2, 1, 2, 1, 4, 3, 6, 5, 3, 3, 2, 2, 4, 4, 760, 0, 0, 0, 0, 0, 0]",-1,-2.502257167203052e-05,-1,0
4711,"[0, 1, 0, 1, 1, 1, 0, 1, 0, 1, 0, 0, 1, 0, 2, 0, 0, 0, 0, 0, 0, 0, 0, 0, 2, 0, 0, 0, 0, 0, 0, 0, 1, 1, 0, 1, 1, 0, 2, 2, 0, 0, 1, 0, 0, 0, 0, 1, 0, 0, 2, 2, 2, 0, 0, 0, 0, 0, 0, 0, 0, 0, 2, 2, 3, 0, 2, 1, 2, 1, 4, 3, 6, 5, 3, 3, 2, 2, 4, 0, 761, 0, 0, 0, 0, 0, 0]",4,14.259513216473053,-1,0
4712,"[0, 1, 0, 1, 1, 1, 0, 1, 0, 1, 0, 0, 1, 0, 2, 0, 0, 0, 0, 0, 0, 0, 0, 0, 2, 0, 0, 0, 0, 0, 0, 0, 1, 1, 0, 1, 1, 0, 2, 2, 0, 0, 1, 0, 0, 0, 0, 1, 0, 0, 2, 2, 2, 0, 0, 0, 0, 0, 0, 0, 0, 0, 2, 2, 3, 0, 2, 1, 2, 1, 4, 3, 6, 5, 3, 3, 2, 2, 4, 0, 761, 0, 0, 0, 0, 0, 0]",-1,-2.4773592923870468e-05,-1,1
4713,"[0, 1, 0, 1, 3, 1, 0, 1, 0, 1, 0, 0, 1, 0, 2, 0, 0, 0, 0, 0, 0, 0, 0, 0, 2, 0, 0, 0, 0, 0, 0, 0, 1, 1, 0, 1, 1, 0, 2, 2, 0, 0, 1, 0, 0, 0, 0, 1, 0, 0, 2, 2, 2, 0, 0, 0, 0, 0, 0, 0, 0, 0, 2, 2, 3, 0, 2, 1, 2, 1, 4, 3, 6, 5, 3, 3, 2, 2, 4, 0, 762, 0, 0, 0, 0, 0, 0]",4,12.713005013535799,-1,1
4714,"[0, 1, 0, 1, 3, 1, 0, 1, 0, 1, 0, 0, 1, 0, 2, 0, 0, 0, 0, 0, 0, 0, 0, 0, 2, 0, 0, 0, 0, 0, 0, 0, 1, 1, 0, 1, 1, 0, 2, 2, 0, 0, 1, 0, 0, 0, 0, 1, 0, 0, 2, 2, 2, 0, 0, 0, 0, 0, 0, 0, 0, 0, 2, 2, 3, 0, 2, 1, 2, 1, 4, 3, 6, 5, 3, 3, 2, 2, 4, 0, 762, 0, 1, 0, 0, 0, 0]",2,0.4000000000345215,-1,0
4715,"[0, 1, 0, 1, 3, 1, 0, 1, 0, 1, 0, 0, 1, 0, 2, 0, 0, 0, 0, 0, 0, 0, 0, 0, 2, 0, 0, 0, 0, 0, 0, 0, 1, 1, 0, 1, 1, 0, 2, 2, 0, 0, 1, 0, 0, 0, 0, 1, 0, 0, 2, 2, 2, 0, 0, 0, 0, 0, 0, 0, 0, 0, 2, 2, 3, 0, 2, 1, 2, 1, 4, 3, 6, 5, 3, 3, 2, 2, 4, 0, 762, 0, 1, 0, 0, 1, 0]","[[0 1 0 0]
 [1 0 0 0]]",0.6504248650926124,-1,0
4716,"[0, 1, 0, 1, 3, 1, 0, 1, 0, 1, 0, 0, 1, 0, 2, 0, 0, 0, 0, 0, 0, 0, 0, 0, 2, 0, 0, 0, 0, 0, 0, 0, 1, 1, 0, 1, 1, 0, 2, 2, 0, 0, 1, 0, 0, 0, 0, 1, 0, 0, 2, 2, 2, 0, 0, 0, 0, 0, 0, 0, 0, 0, 2, 2, 3, 0, 2, 1, 2, 1, 4, 3, 6, 5, 3, 3, 2, 2, 4, 0, 762, 0, 1, 0, 0, 0, 1]",2,-0.19999999996547846,-1,1
4717,"[0, 1, 0, 1, 3, 1, 0, 1, 0, 1, 0, 0, 1, 0, 2, 0, 0, 0, 0, 0, 0, 0, 0, 0, 2, 0, 0, 0, 0, 0, 0, 0, 1, 1, 0, 1, 1, 0, 2, 2, 0, 0, 1, 0, 0, 0, 0, 1, 0, 0, 2, 2, 2, 0, 0, 0, 0, 0, 0, 0, 0, 0, 2, 2, 3, 0, 2, 1, 2, 1, 4, 3, 6, 5, 3, 3, 2, 2, 4, 0, 762, 0, 0, 1, 0, 0, 0]","[[1 0 0 0]
 [0 1 0 1]]",-0.19999999996547846,-1,1
4718,"[0, 1, 0, 1, 3, 1, 0, 1, 0, 1, 0, 0, 1, 0, 2, 0, 0, 0, 0, 0, 0, 0, 0, 0, 2, 0, 0, 0, 0, 0, 0, 0, 1, 1, 0, 1, 1, 0, 2, 2, 0, 0, 1, 0, 0, 0, 0, 1, 0, 0, 2, 2, 2, 0, 0, 0, 0, 0, 0, 0, 0, 0, 2, 2, 3, 0, 2, 1, 2, 1, 4, 3, 6, 5, 3, 3, 2, 2, 4, 0, 762, 0, 0, 0, 0, 0, 0]",1,-14.477404540334565,-1,0
4719,"[0, 1, 0, 1, 3, 1, 0, 1, 0, 1, 0, 0, 1, 0, 2, 0, 0, 0, 0, 0, 0, 0, 0, 0, 2, 0, 0, 0, 0, 0, 0, 0, 1, 1, 0, 1, 1, 0, 2, 2, 0, 0, 1, 0, 0, 0, 0, 1, 0, 0, 2, 2, 2, 0, 0, 0, 0, 0, 0, 0, 0, 0, 2, 2, 3, 0, 2, 1, 2, 1, 4, 3, 6, 5, 3, 3, 2, 2, 4, 0, 762, 1, 0, 0, 0, 0, 0]",3,0.20000000003452156,-1,0
4720,"[0, 1, 0, 1, 3, 1, 0, 1, 0, 1, 0, 0, 1, 0, 2, 0, 0, 0, 0, 0, 0, 0, 0, 0, 2, 0, 0, 0, 0, 0, 0, 0, 1, 1, 0, 1, 1, 0, 2, 2, 0, 0, 1, 0, 0, 0, 0, 1, 0, 0, 2, 2, 2, 0, 0, 0, 0, 0, 0, 0, 0, 0, 2, 2, 3, 0, 2, 1, 2, 1, 4, 3, 6, 5, 3, 3, 2, 2, 4, 0, 762, 0, 0, 0, 0, 0, 0]",-1,-2.4527091555647528e-05,-1,0
4721,"[0, 1, 0, 1, 3, 1, 0, 1, 0, 1, 0, 0, 1, 0, 2, 0, 0, 0, 0, 0, 0, 0, 0, 0, 2, 0, 0, 0, 0, 0, 0, 0, 1, 1, 0, 1, 1, 0, 2, 2, 0, 0, 1, 0, 0, 0, 0, 1, 0, 0, 2, 2, 2, 0, 0, 0, 0, 0, 0, 0, 0, 0, 2, 2, 3, 0, 2, 1, 2, 1, 4, 3, 6, 5, 3, 3, 2, 2, 4, 0, 762, 1, 0, 0, 0, 0, 0]",3,0.20000000003452156,-1,0
4722,"[0, 1, 0, 1, 3, 1, 0, 1, 0, 1, 0, 0, 1, 0, 2, 0, 0, 0, 0, 0, 0, 0, 0, 0, 2, 0, 0, 0, 0, 0, 0, 0, 1, 1, 0, 1, 1, 0, 2, 2, 0, 0, 1, 0, 0, 0, 0, 1, 0, 0, 2, 2, 2, 0, 0, 0, 0, 0, 0, 0, 0, 0, 2, 2, 3, 0, 2, 1, 2, 1, 4, 3, 6, 5, 3, 3, 2, 2, 4, 0, 762, 0, 0, 0, 0, 0, 0]",-1,-2.4527091555647528e-05,-1,0
4723,"[0, 1, 0, 1, 3, 1, 0, 1, 0, 1, 0, 0, 1, 0, 2, 0, 0, 0, 0, 0, 0, 0, 0, 0, 2, 0, 0, 0, 0, 0, 0, 0, 1, 1, 0, 1, 1, 0, 2, 2, 0, 0, 1, 0, 0, 0, 0, 1, 0, 0, 2, 2, 2, 0, 0, 0, 0, 0, 0, 0, 0, 0, 2, 2, 3, 0, 2, 1, 2, 1, 4, 3, 6, 5, 3, 3, 2, 2, 4, 0, 762, 0, 1, 0, 0, 0, 0]",2,0.4000000000345215,-1,0
4724,"[0, 1, 0, 1, 3, 1, 0, 1, 0, 1, 0, 0, 1, 0, 2, 0, 0, 0, 0, 0, 0, 0, 0, 0, 2, 0, 0, 0, 0, 0, 0, 0, 1, 1, 0, 1, 1, 0, 2, 2, 0, 0, 1, 0, 0, 0, 0, 1, 0, 0, 2, 2, 2, 0, 0, 0, 0, 0, 0, 0, 0, 0, 2, 2, 3, 0, 2, 1, 2, 1, 4, 3, 6, 5, 3, 3, 2, 2, 4, 0, 762, 0, 1, 0, 0, 1, 0]","[[0 1 0 0]
 [1 0 0 0]]",0.6504248650926124,-1,0
4725,"[0, 1, 0, 1, 3, 1, 0, 1, 0, 1, 0, 0, 1, 0, 2, 0, 0, 0, 0, 0, 0, 0, 0, 0, 2, 0, 0, 0, 0, 0, 0, 0, 1, 1, 0, 1, 1, 0, 2, 2, 0, 0, 1, 0, 0, 0, 0, 1, 0, 0, 2, 2, 2, 0, 0, 0, 0, 0, 0, 0, 0, 0, 2, 2, 3, 0, 2, 1, 2, 1, 4, 3, 6, 5, 3, 3, 2, 2, 4, 0, 762, 0, 0, 0, 0, 0, 0]",1,-62.69999999996548,-1,1
4726,"[0, 1, 0, 1, 3, 1, 0, 1, 0, 1, 0, 0, 1, 0, 2, 0, 0, 0, 0, 0, 0, 0, 0, 0, 2, 0, 0, 0, 0, 0, 0, 0, 1, 1, 0, 1, 1, 0, 2, 2, 0, 0, 1, 0, 0, 0, 0, 1, 0, 0, 2, 2, 2, 0, 0, 0, 0, 0, 0, 0, 0, 0, 2, 2, 3, 0, 2, 1, 2, 1, 4, 3, 6, 5, 3, 3, 2, 2, 4, 0, 762, 1, 0, 0, 0, 0, 0]",3,0.20000000003452156,-1,0
4727,"[0, 1, 0, 1, 3, 1, 0, 1, 0, 1, 0, 0, 1, 0, 2, 0, 0, 0, 0, 0, 0, 0, 0, 0, 2, 0, 0, 0, 0, 0, 0, 0, 1, 1, 0, 1, 1, 0, 2, 2, 0, 0, 1, 0, 0, 0, 0, 1, 0, 0, 2, 2, 2, 0, 0, 0, 0, 0, 0, 0, 0, 0, 2, 2, 3, 0, 2, 1, 2, 1, 4, 3, 6, 5, 3, 3, 2, 2, 4, 0, 762, 0, 0, 0, 0, 0, 0]",-1,-2.4527091555647528e-05,-1,0
4728,"[0, 1, 0, 1, 3, 1, 0, 1, 0, 1, 0, 0, 1, 0, 2, 0, 0, 0, 0, 0, 0, 0, 0, 0, 2, 0, 0, 0, 0, 0, 0, 0, 1, 1, 0, 1, 1, 0, 2, 2, 0, 0, 1, 0, 0, 0, 0, 1, 0, 0, 2, 2, 2, 0, 0, 0, 0, 0, 0, 0, 0, 0, 2, 2, 3, 0, 2, 1, 2, 1, 4, 3, 6, 5, 3, 3, 2, 2, 4, 0, 762, 0, 1, 0, 0, 0, 0]",2,0.4000000000345215,-1,0
4729,"[0, 1, 0, 1, 3, 1, 0, 1, 0, 1, 0, 0, 1, 0, 2, 0, 0, 0, 0, 0, 0, 0, 0, 0, 2, 0, 0, 0, 0, 0, 0, 0, 1, 1, 0, 1, 1, 0, 2, 2, 0, 0, 1, 0, 0, 0, 0, 1, 0, 0, 2, 2, 2, 0, 0, 0, 0, 0, 0, 0, 0, 0, 2, 2, 3, 0, 2, 1, 2, 1, 4, 3, 6, 5, 3, 3, 2, 2, 4, 0, 762, 0, 1, 0, 0, 1, 0]","[[0 0 0 1]
 [1 0 0 0]]",0.6504248650926124,-1,0
4730,"[0, 1, 0, 1, 3, 1, 0, 1, 0, 1, 0, 0, 1, 0, 2, 0, 0, 0, 0, 0, 0, 0, 0, 0, 2, 0, 0, 0, 0, 0, 0, 0, 1, 1, 0, 1, 1, 0, 2, 2, 0, 0, 1, 0, 0, 0, 0, 1, 0, 0, 2, 2, 2, 0, 0, 0, 0, 0, 0, 0, 0, 0, 2, 2, 3, 0, 2, 1, 2, 1, 4, 3, 6, 5, 3, 3, 2, 2, 4, 0, 762, 0, 0, 0, 0, 0, 0]",1,-62.69999999996548,-1,1
4731,"[0, 1, 0, 1, 5, 1, 0, 1, 0, 1, 0, 0, 1, 0, 2, 0, 0, 0, 0, 0, 0, 0, 0, 0, 2, 0, 0, 0, 0, 0, 0, 0, 1, 1, 0, 1, 1, 0, 2, 2, 0, 0, 1, 0, 0, 0, 0, 1, 0, 0, 2, 2, 2, 0, 0, 0, 0, 0, 0, 0, 0, 0, 2, 2, 3, 0, 2, 1, 2, 1, 4, 3, 6, 5, 3, 3, 2, 2, 4, 0, 763, 0, 0, 0, 0, 0, 0]",4,14.259512225510056,-1,0
4732,"[0, 1, 0, 1, 5, 1, 0, 1, 0, 1, 0, 0, 1, 0, 2, 0, 0, 0, 0, 0, 0, 0, 0, 0, 2, 0, 0, 0, 0, 0, 0, 0, 1, 1, 0, 1, 1, 0, 2, 2, 0, 0, 1, 0, 0, 0, 0, 1, 0, 0, 2, 2, 2, 0, 0, 0, 0, 0, 0, 0, 0, 0, 2, 2, 3, 0, 2, 1, 2, 1, 4, 3, 6, 5, 3, 3, 2, 2, 4, 0, 763, 0, 0, 0, 0, 0, 0]",-1,-2.4283042917019464e-05,-1,1
4733,"[0, 1, 0, 1, 5, 1, 0, 1, 0, 1, 0, 0, 1, 0, 2, 0, 0, 0, 0, 0, 0, 0, 0, 0, 2, 0, 0, 0, 0, 0, 0, 0, 1, 1, 0, 1, 1, 0, 2, 2, 0, 0, 1, 0, 0, 0, 0, 1, 0, 0, 2, 2, 2, 0, 0, 0, 0, 0, 0, 0, 0, 0, 2, 2, 3, 0, 2, 1, 2, 1, 4, 3, 6, 5, 3, 3, 2, 2, 4, 0, 763, 0, 1, 0, 0, 0, 0]",2,0.4000000000331679,-1,0
4734,"[0, 1, 0, 1, 5, 1, 0, 1, 0, 1, 0, 0, 1, 0, 2, 0, 0, 0, 0, 0, 0, 0, 0, 0, 2, 0, 0, 0, 0, 0, 0, 0, 1, 1, 0, 1, 1, 0, 2, 2, 0, 0, 1, 0, 0, 0, 0, 1, 0, 0, 2, 2, 2, 0, 0, 0, 0, 0, 0, 0, 0, 0, 2, 2, 3, 0, 2, 1, 2, 1, 4, 3, 6, 5, 3, 3, 2, 2, 4, 0, 763, 0, 1, 0, 0, 1, 0]","[[0 0 0 1]
 [1 0 0 0]]",0.6504248650912587,-1,0
4735,"[0, 1, 0, 1, 5, 1, 0, 1, 0, 1, 0, 0, 1, 0, 2, 0, 0, 0, 0, 0, 0, 0, 0, 0, 2, 0, 0, 0, 0, 0, 0, 0, 1, 1, 0, 1, 1, 0, 2, 2, 0, 0, 1, 0, 0, 0, 0, 1, 0, 0, 2, 2, 2, 0, 0, 0, 0, 0, 0, 0, 0, 0, 2, 2, 3, 0, 2, 1, 2, 1, 4, 3, 6, 5, 3, 3, 2, 2, 4, 0, 763, 0, 1, 0, 0, 0, 1]",2,-0.1999999999668321,-1,1
4736,"[0, 1, 0, 1, 5, 1, 0, 1, 0, 1, 0, 0, 1, 0, 2, 0, 0, 0, 0, 0, 0, 0, 0, 0, 2, 0, 0, 0, 0, 0, 0, 0, 1, 1, 0, 1, 1, 0, 2, 2, 0, 0, 1, 0, 0, 0, 0, 1, 0, 0, 2, 2, 2, 0, 0, 0, 0, 0, 0, 0, 0, 0, 2, 2, 3, 0, 2, 1, 2, 1, 4, 3, 6, 5, 3, 3, 2, 2, 4, 0, 763, 0, 0, 1, 0, 0, 0]","[[2 0 0 0]
 [0 1 0 1]]",-0.1999999999668321,-1,1
4737,"[0, 1, 0, 1, 5, 1, 0, 1, 0, 1, 0, 0, 1, 0, 2, 0, 0, 0, 0, 0, 0, 0, 0, 0, 2, 0, 0, 0, 0, 0, 0, 0, 1, 1, 0, 1, 1, 0, 2, 2, 0, 0, 1, 0, 0, 0, 0, 1, 0, 0, 2, 2, 2, 0, 0, 0, 0, 0, 0, 0, 0, 0, 2, 2, 3, 0, 2, 1, 2, 1, 4, 3, 6, 5, 3, 3, 2, 2, 4, 0, 763, 0, 0, 0, 0, 0, 0]",1,-15.16543249464422,-1,0
4738,"[0, 1, 0, 1, 5, 1, 0, 1, 0, 1, 0, 0, 1, 0, 2, 0, 0, 0, 0, 0, 0, 0, 0, 0, 2, 0, 0, 0, 0, 0, 0, 0, 1, 1, 0, 1, 1, 0, 2, 2, 0, 0, 1, 0, 0, 0, 0, 1, 0, 0, 2, 2, 2, 0, 0, 0, 0, 0, 0, 0, 0, 0, 2, 2, 3, 0, 2, 1, 2, 1, 4, 3, 6, 5, 3, 3, 2, 2, 4, 0, 763, 1, 0, 0, 0, 0, 0]",3,0.20000000003316792,-1,0
4739,"[0, 1, 0, 1, 5, 1, 0, 1, 0, 1, 0, 0, 1, 0, 2, 0, 0, 0, 0, 0, 0, 0, 0, 0, 2, 0, 0, 0, 0, 0, 0, 0, 1, 1, 0, 1, 1, 0, 2, 2, 0, 0, 1, 0, 0, 0, 0, 1, 0, 0, 2, 2, 2, 0, 0, 0, 0, 0, 0, 0, 0, 0, 2, 2, 3, 0, 2, 1, 2, 1, 4, 3, 6, 5, 3, 3, 2, 2, 4, 0, 763, 0, 0, 0, 0, 0, 0]",-1,-2.4283042917019464e-05,-1,0
4740,"[0, 1, 0, 1, 7, 1, 0, 1, 0, 1, 0, 0, 1, 0, 2, 0, 0, 0, 0, 0, 0, 0, 0, 0, 2, 0, 0, 0, 0, 0, 0, 0, 1, 1, 0, 1, 1, 0, 2, 2, 0, 0, 1, 0, 0, 0, 0, 1, 0, 0, 2, 2, 2, 0, 0, 0, 0, 0, 0, 0, 0, 0, 2, 2, 3, 0, 2, 1, 2, 1, 4, 3, 6, 5, 3, 3, 2, 2, 4, 0, 764, 0, 0, 0, 0, 0, 0]",4,14.259511737411477,-1,0
4741,"[0, 1, 0, 1, 7, 1, 0, 1, 0, 1, 0, 0, 1, 0, 2, 0, 0, 0, 0, 0, 0, 0, 0, 0, 2, 0, 0, 0, 0, 0, 0, 0, 1, 1, 0, 1, 1, 0, 2, 2, 0, 0, 1, 0, 0, 0, 0, 1, 0, 0, 2, 2, 2, 0, 0, 0, 0, 0, 0, 0, 0, 0, 2, 2, 3, 0, 2, 1, 2, 1, 4, 3, 6, 5, 3, 3, 2, 2, 4, 0, 764, 0, 1, 0, 0, 0, 0]",2,0.40000000003186736,-1,1
4742,"[0, 1, 0, 1, 7, 1, 0, 1, 0, 1, 0, 0, 1, 0, 2, 0, 0, 0, 0, 0, 0, 0, 0, 0, 2, 0, 0, 0, 0, 0, 0, 0, 1, 1, 0, 1, 1, 0, 2, 2, 0, 0, 1, 0, 0, 0, 0, 1, 0, 0, 2, 2, 2, 0, 0, 0, 0, 0, 0, 0, 0, 0, 2, 2, 3, 0, 2, 1, 2, 1, 4, 3, 6, 5, 3, 3, 2, 2, 4, 0, 764, 0, 1, 0, 0, 1, 0]","[[2 0 0 0]
 [0 1 0 1]]",0.6504248650899582,-1,1
4743,"[0, 1, 0, 1, 7, 1, 0, 1, 0, 1, 0, 0, 1, 0, 2, 0, 0, 0, 0, 0, 0, 0, 0, 0, 2, 0, 0, 0, 0, 0, 0, 0, 1, 1, 0, 1, 1, 0, 2, 2, 0, 0, 1, 0, 0, 0, 0, 1, 0, 0, 2, 2, 2, 0, 0, 0, 0, 0, 0, 0, 0, 0, 2, 2, 3, 0, 2, 1, 2, 1, 4, 3, 6, 5, 3, 3, 2, 2, 4, 0, 764, 0, 0, 0, 0, 0, 0]",1,-0.1999999999681326,-1,0
4744,"[0, 1, 0, 1, 7, 1, 0, 1, 0, 1, 0, 0, 1, 0, 2, 0, 0, 0, 0, 0, 0, 0, 0, 0, 2, 0, 0, 0, 0, 0, 0, 0, 1, 1, 0, 1, 1, 0, 2, 2, 0, 0, 1, 0, 0, 0, 0, 1, 0, 0, 2, 2, 2, 0, 0, 0, 0, 0, 0, 0, 0, 0, 2, 2, 3, 0, 2, 1, 2, 1, 4, 3, 6, 5, 3, 3, 2, 2, 4, 0, 764, 0, 0, 0, 0, 0, 0]",-1,-2.4041422602919018e-05,-1,1
4745,"[0, 1, 0, 1, 7, 1, 0, 2, 0, 1, 0, 0, 1, 0, 2, 0, 0, 0, 0, 0, 0, 0, 0, 0, 2, 0, 0, 0, 0, 0, 0, 0, 1, 1, 0, 1, 1, 0, 2, 2, 0, 0, 1, 0, 0, 0, 0, 1, 0, 0, 2, 2, 2, 0, 0, 0, 0, 0, 0, 0, 0, 0, 2, 2, 3, 0, 2, 1, 2, 1, 4, 3, 6, 5, 3, 3, 2, 2, 4, 0, 765, 0, 0, 0, 0, 0, 0]",4,12.400541890779676,-1,1
4746,"[0, 1, 0, 1, 9, 1, 0, 2, 0, 1, 0, 0, 1, 0, 2, 0, 0, 0, 0, 0, 0, 0, 0, 0, 2, 0, 0, 0, 0, 0, 0, 0, 1, 1, 0, 1, 1, 0, 2, 2, 0, 0, 1, 0, 0, 0, 0, 1, 0, 0, 2, 2, 2, 0, 0, 0, 0, 0, 0, 0, 0, 0, 2, 2, 3, 0, 2, 1, 2, 1, 4, 3, 6, 5, 3, 3, 2, 2, 4, 0, 766, 0, 0, 0, 0, 0, 0]",4,14.259510775736096,-1,0
4747,"[0, 1, 0, 1, 9, 1, 0, 2, 0, 1, 0, 0, 1, 0, 2, 0, 0, 0, 0, 0, 0, 0, 0, 0, 2, 0, 0, 0, 0, 0, 0, 0, 1, 1, 0, 1, 1, 0, 2, 2, 0, 0, 1, 0, 0, 0, 0, 1, 0, 0, 2, 2, 2, 0, 0, 0, 0, 0, 0, 0, 0, 0, 2, 2, 3, 0, 2, 1, 2, 1, 4, 3, 6, 5, 3, 3, 2, 2, 4, 0, 766, 0, 0, 0, 0, 0, 0]",0,0.2949747468600006,-1,1
4748,"[0, 1, 0, 1, 9, 1, 0, 2, 0, 1, 0, 0, 1, 0, 2, 0, 0, 0, 0, 0, 0, 0, 0, 0, 2, 0, 0, 0, 0, 0, 0, 0, 1, 1, 0, 1, 1, 0, 2, 2, 0, 0, 1, 0, 0, 0, 0, 1, 0, 0, 2, 2, 2, 0, 0, 0, 0, 0, 0, 0, 0, 0, 2, 2, 3, 0, 2, 1, 2, 1, 4, 3, 6, 5, 3, 3, 2, 2, 4, 0, 766, 0, 0, 0, 0, 0, 0]",-1,-2.356537053978827e-05,-1,1
4749,"[0, 1, 0, 1, 11, 1, 0, 2, 0, 1, 0, 0, 1, 0, 2, 0, 0, 0, 0, 0, 0, 0, 0, 0, 2, 0, 0, 0, 0, 0, 0, 0, 1, 1, 0, 1, 1, 0, 2, 2, 0, 0, 1, 0, 0, 0, 0, 1, 0, 0, 2, 2, 2, 0, 0, 0, 0, 0, 0, 0, 0, 0, 2, 2, 3, 0, 2, 1, 2, 1, 4, 3, 6, 5, 3, 3, 2, 2, 4, 0, 767, 0, 0, 0, 0, 0, 0]",4,12.270783100228,-1,1
4750,"[0, 1, 0, 1, 13, 1, 0, 2, 0, 1, 0, 0, 1, 0, 2, 0, 0, 0, 0, 0, 0, 0, 0, 0, 2, 0, 0, 0, 0, 0, 0, 0, 1, 1, 0, 1, 1, 0, 2, 2, 0, 0, 1, 0, 0, 0, 0, 1, 0, 0, 2, 2, 2, 0, 0, 0, 0, 0, 0, 0, 0, 0, 2, 2, 3, 0, 2, 1, 2, 1, 4, 3, 6, 5, 3, 3, 2, 2, 4, 0, 768, 0, 0, 0, 0, 0, 0]",4,14.259509833103303,-1,0
4751,"[0, 1, 0, 1, 15, 1, 0, 2, 0, 1, 0, 0, 1, 0, 2, 0, 0, 0, 0, 0, 0, 0, 0, 0, 2, 0, 0, 0, 0, 0, 0, 0, 1, 1, 0, 1, 1, 0, 2, 2, 0, 0, 1, 0, 0, 0, 0, 1, 0, 0, 2, 2, 2, 0, 0, 0, 0, 0, 0, 0, 0, 0, 2, 2, 3, 0, 2, 1, 2, 1, 4, 3, 6, 5, 3, 3, 2, 2, 4, 0, 769, 0, 0, 0, 0, 0, 0]",4,12.204146377305722,-1,1
4752,"[0, 1, 0, 1, 15, 1, 0, 2, 0, 1, 0, 0, 1, 0, 2, 0, 0, 0, 0, 0, 0, 0, 0, 0, 2, 0, 0, 0, 0, 0, 0, 0, 1, 1, 0, 1, 1, 0, 2, 2, 0, 0, 1, 0, 0, 0, 0, 1, 0, 0, 2, 2, 2, 0, 0, 0, 0, 0, 0, 0, 0, 0, 2, 2, 3, 0, 2, 1, 2, 1, 4, 3, 6, 5, 3, 3, 2, 2, 4, 0, 769, 0, 1, 0, 0, 0, 0]",2,0.4000000000260908,-1,0
4753,"[0, 1, 0, 1, 15, 1, 0, 2, 0, 1, 0, 0, 1, 0, 2, 0, 0, 0, 0, 0, 0, 0, 0, 0, 2, 0, 0, 0, 0, 0, 0, 0, 1, 1, 0, 1, 1, 0, 2, 2, 0, 0, 1, 0, 0, 0, 0, 1, 0, 0, 2, 2, 2, 0, 0, 0, 0, 0, 0, 0, 0, 0, 2, 2, 3, 0, 2, 1, 2, 1, 4, 3, 6, 5, 3, 3, 2, 2, 4, 0, 769, 0, 1, 0, 0, 1, 0]","[[0 1 0 0]
 [1 0 0 0]]",0.6504248650841817,-1,0
4754,"[1, 0, 0, 1, 14, 2, 0, 2, 0, 1, 0, 0, 1, 0, 2, 0, 0, 0, 0, 0, 0, 0, 0, 0, 2, 0, 0, 0, 0, 0, 0, 0, 1, 1, 0, 1, 1, 0, 2, 2, 0, 0, 1, 0, 0, 0, 0, 1, 0, 0, 2, 2, 2, 0, 0, 0, 0, 0, 0, 0, 0, 0, 2, 2, 3, 0, 2, 1, 2, 1, 4, 3, 6, 5, 3, 3, 2, 2, 4, 0, 769, 0, 0, 0, 0, 0, 0]",0,-0.1999999999739092,-1,1
4755,"[1, 0, 0, 1, 14, 2, 0, 2, 0, 1, 0, 0, 1, 0, 2, 0, 0, 0, 0, 0, 0, 0, 0, 0, 2, 0, 0, 0, 0, 0, 0, 0, 1, 1, 0, 1, 1, 0, 2, 2, 0, 0, 1, 0, 0, 0, 0, 1, 0, 0, 2, 2, 2, 0, 0, 0, 0, 0, 0, 0, 0, 0, 2, 2, 3, 0, 2, 1, 2, 1, 4, 3, 6, 5, 3, 3, 2, 2, 4, 0, 769, 1, 0, 0, 0, 0, 0]",3,0.20000000002609084,-1,0
4756,"[1, 0, 0, 1, 14, 2, 0, 2, 0, 1, 0, 0, 1, 0, 2, 0, 0, 0, 0, 0, 0, 0, 0, 0, 2, 0, 0, 0, 0, 0, 0, 0, 1, 1, 0, 1, 1, 0, 2, 2, 0, 0, 1, 0, 0, 0, 0, 1, 0, 0, 2, 2, 2, 0, 0, 0, 0, 0, 0, 0, 0, 0, 2, 2, 3, 0, 2, 1, 2, 1, 4, 3, 6, 5, 3, 3, 2, 2, 4, 0, 769, 0, 0, 0, 0, 0, 0]",-1,-2.2868908586753115e-05,-1,0
4757,"[1, 0, 0, 1, 14, 2, 0, 2, 0, 1, 0, 0, 1, 0, 2, 0, 0, 0, 0, 0, 0, 0, 0, 0, 2, 0, 0, 0, 0, 0, 0, 0, 1, 1, 0, 1, 1, 0, 2, 2, 0, 0, 1, 0, 0, 0, 0, 1, 0, 0, 2, 2, 2, 0, 0, 0, 0, 0, 0, 0, 0, 0, 2, 2, 3, 0, 2, 1, 2, 1, 4, 3, 6, 5, 3, 3, 2, 2, 4, 0, 769, 0, 0, 0, 0, 0, 0]",0,0.24271887244966392,-1,0
4758,"[1, 0, 0, 1, 14, 2, 0, 2, 0, 1, 0, 0, 1, 0, 2, 0, 0, 0, 0, 0, 0, 0, 0, 0, 2, 0, 0, 0, 0, 0, 0, 0, 1, 1, 0, 1, 1, 0, 2, 2, 0, 0, 1, 0, 0, 0, 0, 1, 0, 0, 2, 2, 2, 0, 0, 0, 0, 0, 0, 0, 0, 0, 2, 2, 3, 0, 2, 1, 2, 1, 4, 3, 6, 5, 3, 3, 2, 2, 4, 0, 769, 0, 0, 0, 0, 0, 0]",-1,-2.2868908586753115e-05,-1,0
4759,"[1, 0, 0, 1, 14, 2, 0, 2, 0, 1, 0, 0, 1, 0, 2, 0, 0, 0, 0, 0, 0, 0, 0, 0, 2, 0, 0, 0, 0, 0, 0, 0, 1, 1, 0, 1, 1, 0, 2, 2, 0, 0, 1, 0, 0, 0, 0, 1, 0, 0, 2, 2, 2, 0, 0, 0, 0, 0, 0, 0, 0, 0, 2, 2, 3, 0, 2, 1, 2, 1, 4, 3, 6, 5, 3, 3, 2, 2, 4, 0, 769, 1, 0, 0, 0, 0, 0]",3,0.20000000002609084,-1,0
4760,"[1, 0, 0, 1, 14, 2, 0, 2, 0, 1, 0, 0, 1, 0, 2, 0, 0, 0, 0, 0, 0, 0, 0, 0, 2, 0, 0, 0, 0, 0, 0, 0, 1, 1, 0, 1, 1, 0, 2, 2, 0, 0, 1, 0, 0, 0, 0, 1, 0, 0, 2, 2, 2, 0, 0, 0, 0, 0, 0, 0, 0, 0, 2, 2, 3, 0, 2, 1, 2, 1, 4, 3, 6, 5, 3, 3, 2, 2, 4, 0, 769, 0, 0, 0, 0, 0, 0]",-1,-2.2868908586753115e-05,-1,0
4761,"[1, 0, 0, 1, 14, 2, 0, 2, 0, 1, 0, 0, 1, 0, 2, 0, 0, 0, 0, 0, 0, 0, 0, 0, 2, 0, 0, 0, 0, 0, 0, 0, 1, 1, 0, 1, 1, 0, 2, 2, 0, 0, 1, 0, 0, 0, 0, 1, 0, 0, 2, 2, 2, 0, 0, 0, 0, 0, 0, 0, 0, 0, 2, 2, 3, 0, 2, 1, 2, 1, 4, 3, 6, 5, 3, 3, 2, 2, 4, 0, 769, 0, 1, 0, 0, 0, 0]",2,0.4000000000260908,-1,0
4762,"[1, 0, 0, 1, 14, 2, 0, 2, 0, 1, 0, 0, 1, 0, 2, 0, 0, 0, 0, 0, 0, 0, 0, 0, 2, 0, 0, 0, 0, 0, 0, 0, 1, 1, 0, 1, 1, 0, 2, 2, 0, 0, 1, 0, 0, 0, 0, 1, 0, 0, 2, 2, 2, 0, 0, 0, 0, 0, 0, 0, 0, 0, 2, 2, 3, 0, 2, 1, 2, 1, 4, 3, 6, 5, 3, 3, 2, 2, 4, 0, 769, 0, 1, 0, 0, 1, 0]","[[0 0 0 1]
 [0 1 0 0]]",0.6504248650841817,-1,0
4763,"[1, 0, 0, 1, 14, 2, 0, 2, 0, 1, 0, 0, 1, 0, 2, 0, 0, 0, 0, 0, 0, 0, 0, 0, 2, 0, 0, 0, 0, 0, 0, 0, 1, 1, 0, 1, 1, 0, 2, 2, 0, 0, 1, 0, 0, 0, 0, 1, 0, 0, 2, 2, 2, 0, 0, 0, 0, 0, 0, 0, 0, 0, 2, 2, 3, 0, 2, 1, 2, 1, 4, 3, 6, 5, 3, 3, 2, 2, 4, 0, 769, 0, 1, 0, 0, 0, 1]",2,-0.1999999999739092,-1,1
4764,"[1, 0, 0, 1, 14, 2, 0, 2, 0, 1, 0, 0, 1, 0, 2, 0, 0, 0, 0, 0, 0, 0, 0, 0, 2, 0, 0, 0, 0, 0, 0, 0, 1, 1, 0, 1, 1, 0, 2, 2, 0, 0, 1, 0, 0, 0, 0, 1, 0, 0, 2, 2, 2, 0, 0, 0, 0, 0, 0, 0, 0, 0, 2, 2, 3, 0, 2, 1, 2, 1, 4, 3, 6, 5, 3, 3, 2, 2, 4, 0, 769, 0, 0, 1, 0, 0, 0]","[[4 1 0 1]
 [1 0 0 1]]",-0.1999999999739092,-1,1
4765,"[4, 1, 0, 1, 11, 1, 0, 2, 0, 1, 0, 0, 1, 0, 2, 0, 0, 0, 0, 0, 0, 0, 0, 0, 2, 0, 0, 0, 0, 0, 0, 0, 1, 1, 0, 1, 1, 0, 2, 2, 0, 0, 1, 0, 0, 0, 0, 1, 0, 0, 2, 2, 2, 0, 0, 0, 0, 0, 0, 0, 0, 0, 2, 2, 3, 0, 2, 1, 2, 1, 4, 3, 6, 5, 3, 3, 2, 2, 4, 0, 769, 0, 0, 0, 0, 0, 0]",0,-0.1999999999739092,-1,0
4766,"[4, 1, 0, 1, 11, 1, 0, 2, 0, 1, 0, 0, 1, 0, 2, 0, 0, 0, 0, 0, 0, 0, 0, 0, 2, 0, 0, 0, 0, 0, 0, 0, 1, 1, 0, 1, 1, 0, 2, 2, 0, 0, 1, 0, 0, 0, 0, 1, 0, 0, 2, 2, 2, 0, 0, 0, 0, 0, 0, 0, 0, 0, 2, 2, 3, 0, 2, 1, 2, 1, 4, 3, 6, 5, 3, 3, 2, 2, 4, 0, 769, 0, 0, 0, 0, 0, 0]",0,0.24271887244966392,-1,0
4767,"[4, 1, 0, 1, 11, 1, 0, 2, 0, 1, 0, 0, 1, 0, 2, 0, 0, 0, 0, 0, 0, 0, 0, 0, 2, 0, 0, 0, 0, 0, 0, 0, 1, 1, 0, 1, 1, 0, 2, 2, 0, 0, 1, 0, 0, 0, 0, 1, 0, 0, 2, 2, 2, 0, 0, 0, 0, 0, 0, 0, 0, 0, 2, 2, 3, 0, 2, 1, 2, 1, 4, 3, 6, 5, 3, 3, 2, 2, 4, 0, 769, 0, 0, 0, 0, 0, 0]",-1,-2.2868908586753115e-05,-1,0
4768,"[4, 1, 0, 1, 11, 1, 0, 2, 0, 1, 0, 0, 1, 0, 2, 0, 0, 0, 0, 0, 0, 0, 0, 0, 2, 0, 0, 0, 0, 0, 0, 0, 1, 1, 0, 1, 1, 0, 2, 2, 0, 0, 1, 0, 0, 0, 0, 1, 0, 0, 2, 2, 2, 0, 0, 0, 0, 0, 0, 0, 0, 0, 2, 2, 3, 0, 2, 1, 2, 1, 4, 3, 6, 5, 3, 3, 2, 2, 4, 0, 769, 0, 0, 0, 0, 0, 0]",0,0.24271887244966392,-1,0
4769,"[4, 1, 0, 1, 11, 1, 0, 2, 0, 1, 0, 0, 1, 0, 2, 0, 0, 0, 0, 0, 0, 0, 0, 0, 2, 0, 0, 0, 0, 0, 0, 0, 1, 1, 0, 1, 1, 0, 2, 2, 0, 0, 1, 0, 0, 0, 0, 1, 0, 0, 2, 2, 2, 0, 0, 0, 0, 0, 0, 0, 0, 0, 2, 2, 3, 0, 2, 1, 2, 1, 4, 3, 6, 5, 3, 3, 2, 2, 4, 0, 769, 0, 0, 0, 0, 0, 0]",-1,-2.2868908586753115e-05,-1,0
4770,"[4, 1, 0, 1, 11, 1, 0, 2, 0, 1, 0, 0, 1, 0, 2, 0, 0, 0, 0, 0, 0, 0, 0, 0, 2, 0, 0, 0, 0, 0, 0, 0, 1, 1, 0, 1, 1, 0, 2, 2, 0, 0, 1, 0, 0, 0, 0, 1, 0, 0, 2, 2, 2, 0, 0, 0, 0, 0, 0, 0, 0, 0, 2, 2, 3, 0, 2, 1, 2, 1, 4, 3, 6, 5, 3, 3, 2, 2, 4, 0, 769, 0, 0, 0, 0, 0, 0]",0,0.24271887244966392,-1,0
4771,"[4, 1, 0, 1, 11, 1, 0, 2, 0, 1, 0, 0, 1, 0, 2, 0, 0, 0, 0, 0, 0, 0, 0, 0, 2, 0, 0, 0, 0, 0, 0, 0, 1, 1, 0, 1, 1, 0, 2, 2, 0, 0, 1, 0, 0, 0, 0, 1, 0, 0, 2, 2, 2, 0, 0, 0, 0, 0, 0, 0, 0, 0, 2, 2, 3, 0, 2, 1, 2, 1, 4, 3, 6, 5, 3, 3, 2, 2, 4, 0, 769, 0, 0, 0, 0, 0, 0]",-1,-2.2868908586753115e-05,-1,0
4772,"[4, 1, 0, 1, 11, 1, 0, 2, 0, 1, 0, 0, 1, 0, 2, 0, 0, 0, 0, 0, 0, 0, 0, 0, 2, 0, 0, 0, 0, 0, 0, 0, 1, 1, 0, 1, 1, 0, 2, 2, 0, 0, 1, 0, 0, 0, 0, 1, 0, 0, 2, 2, 2, 0, 0, 0, 0, 0, 0, 0, 0, 0, 2, 2, 3, 0, 2, 1, 2, 1, 4, 3, 6, 5, 3, 3, 2, 2, 4, 0, 769, 0, 0, 0, 0, 0, 0]",0,0.24271887244966392,-1,0
4773,"[4, 1, 0, 1, 11, 1, 0, 2, 0, 1, 0, 0, 1, 0, 2, 0, 0, 0, 0, 0, 0, 0, 0, 0, 2, 0, 0, 0, 0, 0, 0, 0, 1, 1, 0, 1, 1, 0, 2, 2, 0, 0, 1, 0, 0, 0, 0, 1, 0, 0, 2, 2, 2, 0, 0, 0, 0, 0, 0, 0, 0, 0, 2, 2, 3, 0, 2, 1, 2, 1, 4, 3, 6, 5, 3, 3, 2, 2, 4, 0, 769, 0, 0, 0, 0, 0, 0]",-1,-2.2868908586753115e-05,-1,0
4774,"[4, 1, 0, 1, 11, 1, 0, 2, 0, 1, 0, 0, 1, 0, 2, 0, 0, 0, 0, 0, 0, 0, 0, 0, 2, 0, 0, 0, 0, 0, 0, 0, 1, 1, 0, 1, 1, 0, 2, 2, 0, 0, 1, 0, 0, 0, 0, 1, 0, 0, 2, 2, 2, 0, 0, 0, 0, 0, 0, 0, 0, 0, 2, 2, 3, 0, 2, 1, 2, 1, 4, 3, 6, 5, 3, 3, 2, 2, 4, 0, 769, 0, 0, 0, 0, 0, 0]",0,0.24271887244966392,-1,0
4775,"[4, 1, 0, 1, 11, 1, 0, 2, 0, 1, 0, 0, 1, 0, 2, 0, 0, 0, 0, 0, 0, 0, 0, 0, 2, 0, 0, 0, 0, 0, 0, 0, 1, 1, 0, 1, 1, 0, 2, 2, 0, 0, 1, 0, 0, 0, 0, 1, 0, 0, 2, 2, 2, 0, 0, 0, 0, 0, 0, 0, 0, 0, 2, 2, 3, 0, 2, 1, 2, 1, 4, 3, 6, 5, 3, 3, 2, 2, 4, 0, 769, 0, 0, 0, 0, 0, 0]",-1,-2.2868908586753115e-05,-1,0
4776,"[4, 1, 0, 1, 11, 1, 0, 2, 0, 1, 0, 0, 1, 0, 2, 0, 0, 0, 0, 0, 0, 0, 0, 0, 2, 0, 0, 0, 0, 0, 0, 0, 1, 1, 0, 1, 1, 0, 2, 2, 0, 0, 1, 0, 0, 0, 0, 1, 0, 0, 2, 2, 2, 0, 0, 0, 0, 0, 0, 0, 0, 0, 2, 2, 3, 0, 2, 1, 2, 1, 4, 3, 6, 5, 3, 3, 2, 2, 4, 0, 769, 0, 0, 0, 0, 0, 0]",0,0.24271887244966392,-1,0
4777,"[4, 1, 0, 1, 11, 1, 0, 2, 0, 1, 0, 0, 1, 0, 2, 0, 0, 0, 0, 0, 0, 0, 0, 0, 2, 0, 0, 0, 0, 0, 0, 0, 1, 1, 0, 1, 1, 0, 2, 2, 0, 0, 1, 0, 0, 0, 0, 1, 0, 0, 2, 2, 2, 0, 0, 0, 0, 0, 0, 0, 0, 0, 2, 2, 3, 0, 2, 1, 2, 1, 4, 3, 6, 5, 3, 3, 2, 2, 4, 0, 769, 0, 0, 0, 0, 0, 0]",-1,-2.2868908586753115e-05,-1,0
4778,"[4, 1, 0, 1, 11, 1, 0, 2, 0, 1, 0, 0, 1, 0, 2, 0, 0, 0, 0, 0, 0, 0, 0, 0, 2, 0, 0, 0, 0, 0, 0, 0, 1, 1, 0, 1, 1, 0, 2, 2, 0, 0, 1, 0, 0, 0, 0, 1, 0, 0, 2, 2, 2, 0, 0, 0, 0, 0, 0, 0, 0, 0, 2, 2, 3, 0, 2, 1, 2, 1, 4, 3, 6, 5, 3, 3, 2, 2, 4, 0, 769, 0, 0, 0, 0, 0, 0]",0,0.24271887244966392,-1,0
4779,"[4, 1, 0, 1, 11, 1, 0, 2, 0, 1, 0, 0, 1, 0, 2, 0, 0, 0, 0, 0, 0, 0, 0, 0, 2, 0, 0, 0, 0, 0, 0, 0, 1, 1, 0, 1, 1, 0, 2, 2, 0, 0, 1, 0, 0, 0, 0, 1, 0, 0, 2, 2, 2, 0, 0, 0, 0, 0, 0, 0, 0, 0, 2, 2, 3, 0, 2, 1, 2, 1, 4, 3, 6, 5, 3, 3, 2, 2, 4, 0, 769, 0, 0, 0, 0, 0, 0]",-1,-2.2868908586753115e-05,-1,0
4780,"[4, 1, 0, 1, 11, 1, 0, 2, 0, 1, 0, 0, 1, 0, 2, 0, 0, 0, 0, 0, 0, 0, 0, 0, 2, 0, 0, 0, 0, 0, 0, 0, 1, 1, 0, 1, 1, 0, 2, 2, 0, 0, 1, 0, 0, 0, 0, 1, 0, 0, 2, 2, 2, 0, 0, 0, 0, 0, 0, 0, 0, 0, 2, 2, 3, 0, 2, 1, 2, 1, 4, 3, 6, 5, 3, 3, 2, 2, 4, 0, 769, 0, 0, 0, 0, 0, 0]",0,0.24271887244966392,-1,0
4781,"[4, 1, 0, 1, 11, 1, 0, 2, 0, 1, 0, 0, 1, 0, 2, 0, 0, 0, 0, 0, 0, 0, 0, 0, 2, 0, 0, 0, 0, 0, 0, 0, 1, 1, 0, 1, 1, 0, 2, 2, 0, 0, 1, 0, 0, 0, 0, 1, 0, 0, 2, 2, 2, 0, 0, 0, 0, 0, 0, 0, 0, 0, 2, 2, 3, 0, 2, 1, 2, 1, 4, 3, 6, 5, 3, 3, 2, 2, 4, 0, 769, 0, 0, 0, 0, 0, 0]",-1,-2.2868908586753115e-05,-1,0
4782,"[4, 2, 0, 1, 11, 2, 0, 2, 0, 1, 0, 0, 1, 0, 2, 0, 0, 0, 0, 0, 0, 0, 0, 0, 2, 0, 0, 0, 0, 0, 0, 0, 1, 1, 0, 1, 1, 0, 2, 2, 0, 0, 1, 0, 0, 0, 0, 1, 0, 0, 2, 2, 2, 0, 0, 0, 0, 0, 0, 0, 0, 0, 2, 2, 3, 0, 2, 1, 2, 1, 4, 3, 6, 5, 3, 3, 2, 2, 4, 0, 770, 0, 0, 0, 0, 0, 0]",4,14.028631819855885,-1,0
4783,"[4, 2, 0, 1, 11, 2, 0, 2, 0, 1, 0, 0, 1, 0, 2, 0, 0, 0, 0, 0, 0, 0, 0, 0, 2, 0, 0, 0, 0, 0, 0, 0, 1, 1, 0, 1, 1, 0, 2, 2, 0, 0, 1, 0, 0, 0, 0, 1, 0, 0, 2, 2, 2, 0, 0, 0, 0, 0, 0, 0, 0, 0, 2, 2, 3, 0, 2, 1, 2, 1, 4, 3, 6, 5, 3, 3, 2, 2, 4, 0, 770, 0, 0, 0, 0, 0, 0]",-1,-2.264135914433985e-05,-1,1
4784,"[4, 3, 0, 1, 11, 3, 0, 2, 0, 1, 0, 0, 1, 0, 2, 0, 0, 0, 0, 0, 0, 0, 0, 0, 2, 0, 0, 0, 0, 0, 0, 0, 1, 1, 0, 1, 1, 0, 2, 2, 0, 0, 1, 0, 0, 0, 0, 1, 0, 0, 2, 2, 2, 0, 0, 0, 0, 0, 0, 0, 0, 0, 2, 2, 3, 0, 2, 1, 2, 1, 4, 3, 6, 5, 3, 3, 2, 2, 4, 0, 771, 0, 0, 0, 0, 0, 0]",4,12.390813310397942,-1,1
4785,"[4, 3, 0, 1, 11, 3, 0, 2, 0, 1, 0, 0, 1, 0, 2, 0, 0, 0, 0, 0, 0, 0, 0, 0, 2, 0, 0, 0, 0, 0, 0, 0, 1, 1, 0, 1, 1, 0, 2, 2, 0, 0, 1, 0, 0, 0, 0, 1, 0, 0, 2, 2, 2, 0, 0, 0, 0, 0, 0, 0, 0, 0, 2, 2, 3, 0, 2, 1, 2, 1, 4, 3, 6, 5, 3, 3, 2, 2, 4, 0, 771, 1, 0, 0, 0, 0, 0]",3,0.20000000002408488,-1,0
4786,"[2, 3, 0, 2, 11, 3, 0, 2, 0, 1, 0, 0, 1, 0, 2, 0, 0, 0, 0, 0, 0, 0, 0, 0, 2, 0, 0, 0, 0, 0, 0, 0, 1, 1, 0, 1, 1, 0, 2, 2, 0, 0, 1, 0, 0, 0, 0, 1, 0, 0, 2, 2, 2, 0, 0, 0, 0, 0, 0, 0, 0, 0, 2, 2, 3, 0, 2, 1, 2, 1, 4, 3, 6, 5, 3, 3, 2, 2, 4, 0, 771, 0, 0, 0, 0, 0, 0]","[[2 0 0 0]
 [0 0 0 1]]",-0.19854231806487407,-1,0
4787,"[2, 3, 0, 2, 11, 3, 0, 2, 0, 1, 0, 0, 1, 0, 2, 0, 0, 0, 0, 0, 0, 0, 0, 0, 2, 0, 0, 0, 0, 0, 0, 0, 1, 1, 0, 1, 1, 0, 2, 2, 0, 0, 1, 0, 0, 0, 0, 1, 0, 0, 2, 2, 2, 0, 0, 0, 0, 0, 0, 0, 0, 0, 2, 2, 3, 0, 2, 1, 2, 1, 4, 3, 6, 5, 3, 3, 2, 2, 4, 0, 771, 1, 0, 0, 0, 0, 0]",3,0.20000000002408488,-1,0
4788,"[0, 3, 0, 3, 11, 3, 0, 2, 0, 1, 0, 0, 1, 0, 2, 0, 0, 0, 0, 0, 0, 0, 0, 0, 2, 0, 0, 0, 0, 0, 0, 0, 1, 1, 0, 1, 1, 0, 2, 2, 0, 0, 1, 0, 0, 0, 0, 1, 0, 0, 2, 2, 2, 0, 0, 0, 0, 0, 0, 0, 0, 0, 2, 2, 3, 0, 2, 1, 2, 1, 4, 3, 6, 5, 3, 3, 2, 2, 4, 0, 771, 0, 0, 0, 0, 0, 0]","[[2 0 0 0]
 [0 0 0 1]]",-0.19854231806487407,-1,0
4789,"[1, 3, 0, 3, 11, 4, 0, 2, 0, 1, 0, 0, 1, 0, 2, 0, 0, 0, 0, 0, 0, 0, 0, 0, 2, 0, 0, 0, 0, 0, 0, 0, 1, 1, 0, 1, 1, 0, 2, 2, 0, 0, 1, 0, 0, 0, 0, 1, 0, 0, 2, 2, 2, 0, 0, 0, 0, 0, 0, 0, 0, 0, 2, 2, 3, 0, 2, 1, 2, 1, 4, 3, 6, 5, 3, 3, 2, 2, 4, 0, 772, 0, 0, 0, 0, 0, 0]",4,14.087003402865012,-1,0
4790,"[1, 3, 0, 3, 11, 4, 0, 2, 0, 1, 0, 0, 1, 0, 2, 0, 0, 0, 0, 0, 0, 0, 0, 0, 2, 0, 0, 0, 0, 0, 0, 0, 1, 1, 0, 1, 1, 0, 2, 2, 0, 0, 1, 0, 0, 0, 0, 1, 0, 0, 2, 2, 2, 0, 0, 0, 0, 0, 0, 0, 0, 0, 2, 2, 3, 0, 2, 1, 2, 1, 4, 3, 6, 5, 3, 3, 2, 2, 4, 0, 772, 1, 0, 0, 0, 0, 0]",3,0.20000000002314047,-1,1
4791,"[1, 3, 0, 3, 11, 4, 0, 2, 0, 1, 0, 0, 1, 0, 2, 0, 0, 0, 0, 0, 0, 0, 0, 0, 2, 0, 0, 0, 0, 0, 0, 0, 1, 1, 0, 1, 1, 0, 2, 2, 0, 0, 1, 0, 0, 0, 0, 1, 0, 0, 2, 2, 2, 0, 0, 0, 0, 0, 0, 0, 0, 0, 2, 2, 3, 0, 2, 1, 2, 1, 4, 3, 6, 5, 3, 3, 2, 2, 4, 0, 772, 0, 0, 0, 0, 0, 0]",-1,-2.2193030195143704e-05,-1,1
4792,"[1, 1, 0, 1, 5, 2, 0, 1, 0, 1, 0, 0, 1, 0, 2, 0, 0, 0, 0, 0, 0, 0, 0, 0, 2, 0, 0, 0, 0, 0, 0, 0, 1, 1, 0, 1, 1, 0, 2, 2, 0, 0, 1, 0, 0, 0, 0, 1, 0, 0, 2, 2, 2, 0, 0, 0, 0, 0, 0, 0, 0, 0, 2, 2, 3, 0, 2, 1, 2, 1, 4, 3, 6, 5, 3, 3, 2, 2, 4, 4, 773, 0, 0, 0, 0, 0, 0]",4,12.538096264889305,-1,1
4793,"[1, 1, 0, 1, 5, 2, 0, 1, 0, 1, 0, 0, 1, 0, 2, 0, 0, 0, 0, 0, 0, 0, 0, 0, 2, 0, 0, 0, 0, 0, 0, 0, 1, 1, 0, 1, 1, 0, 2, 2, 0, 0, 1, 0, 0, 0, 0, 1, 0, 0, 2, 2, 2, 0, 0, 0, 0, 0, 0, 0, 0, 0, 2, 2, 3, 0, 2, 1, 2, 1, 4, 3, 6, 5, 3, 3, 2, 2, 4, 4, 773, 1, 0, 0, 0, 0, 0]",3,0.20000000002223312,-1,0
4794,"[1, 1, 0, 1, 5, 2, 0, 1, 0, 1, 0, 0, 1, 0, 2, 0, 0, 0, 0, 0, 0, 0, 0, 0, 2, 0, 0, 0, 0, 0, 0, 0, 1, 1, 0, 1, 1, 0, 2, 2, 0, 0, 1, 0, 0, 0, 0, 1, 0, 0, 2, 2, 2, 0, 0, 0, 0, 0, 0, 0, 0, 0, 2, 2, 3, 0, 2, 1, 2, 1, 4, 3, 6, 5, 3, 3, 2, 2, 4, 4, 773, 0, 0, 0, 0, 0, 0]",-1,-2.1972205855092276e-05,-1,0
4795,"[1, 1, 0, 1, 5, 2, 0, 1, 0, 1, 0, 0, 1, 0, 2, 0, 0, 0, 0, 0, 0, 0, 0, 0, 2, 0, 0, 0, 0, 0, 0, 0, 1, 1, 0, 1, 1, 0, 2, 2, 0, 0, 1, 0, 0, 0, 0, 1, 0, 0, 2, 2, 2, 0, 0, 0, 0, 0, 0, 0, 0, 0, 2, 2, 3, 0, 2, 1, 2, 1, 4, 3, 6, 5, 3, 3, 2, 2, 4, 4, 773, 0, 0, 0, 0, 0, 0]",1,0.6096241151218498,-1,0
4796,"[1, 1, 0, 1, 5, 2, 0, 1, 0, 1, 0, 0, 1, 0, 2, 0, 0, 0, 0, 0, 0, 0, 0, 0, 2, 0, 0, 0, 0, 0, 0, 0, 1, 1, 0, 1, 1, 0, 2, 2, 0, 0, 1, 0, 0, 0, 0, 1, 0, 0, 2, 2, 2, 0, 0, 0, 0, 0, 0, 0, 0, 0, 2, 2, 3, 0, 2, 1, 2, 1, 4, 3, 6, 5, 3, 3, 2, 2, 4, 4, 773, 0, 0, 0, 0, 0, 0]",-1,-2.1972205855092276e-05,-1,0
4797,"[1, 1, 0, 1, 5, 2, 0, 1, 0, 1, 0, 0, 1, 0, 2, 0, 0, 0, 0, 0, 0, 0, 0, 0, 2, 0, 0, 0, 0, 0, 0, 0, 1, 1, 0, 1, 1, 0, 2, 2, 0, 0, 1, 0, 0, 0, 0, 1, 0, 0, 2, 2, 2, 0, 0, 0, 0, 0, 0, 0, 0, 0, 2, 2, 3, 0, 2, 1, 2, 1, 4, 3, 6, 5, 3, 3, 2, 2, 4, 4, 774, 0, 0, 0, 0, 0, 0]",4,14.533437228443196,-1,0
4798,"[1, 2, 0, 1, 5, 3, 0, 1, 0, 1, 0, 0, 1, 0, 2, 0, 0, 0, 0, 0, 0, 0, 0, 0, 2, 0, 0, 0, 0, 0, 0, 0, 1, 1, 0, 1, 1, 0, 2, 2, 0, 0, 1, 0, 0, 0, 0, 1, 0, 0, 2, 2, 2, 0, 0, 0, 0, 0, 0, 0, 0, 0, 2, 2, 3, 0, 2, 1, 2, 1, 4, 3, 6, 5, 3, 3, 2, 2, 4, 4, 775, 0, 0, 0, 0, 0, 0]",4,12.558405658478081,-1,1
4799,"[1, 2, 0, 1, 5, 3, 0, 1, 0, 1, 0, 0, 1, 0, 2, 0, 0, 0, 0, 0, 0, 0, 0, 0, 2, 0, 0, 0, 0, 0, 0, 0, 1, 1, 0, 1, 1, 0, 2, 2, 0, 0, 1, 0, 0, 0, 0, 1, 0, 0, 2, 2, 2, 0, 0, 0, 0, 0, 0, 0, 0, 0, 2, 2, 3, 0, 2, 1, 2, 1, 4, 3, 6, 5, 3, 3, 2, 2, 4, 4, 775, 1, 0, 0, 0, 0, 0]",3,0.20000000002052376,-1,0
4800,"[1, 2, 0, 1, 5, 3, 0, 1, 0, 1, 0, 0, 1, 0, 2, 0, 0, 0, 0, 0, 0, 0, 0, 0, 2, 0, 0, 0, 0, 0, 0, 0, 1, 1, 0, 1, 1, 0, 2, 2, 0, 0, 1, 0, 0, 0, 0, 1, 0, 0, 2, 2, 2, 0, 0, 0, 0, 0, 0, 0, 0, 0, 2, 2, 3, 0, 2, 1, 2, 1, 4, 3, 6, 5, 3, 3, 2, 2, 4, 4, 775, 0, 0, 0, 0, 0, 0]",-1,-2.1537127028784376e-05,-1,0
4801,"[1, 2, 0, 1, 5, 3, 0, 1, 0, 1, 0, 0, 1, 0, 2, 0, 0, 0, 0, 0, 0, 0, 0, 0, 2, 0, 0, 0, 0, 0, 0, 0, 1, 1, 0, 1, 1, 0, 2, 2, 0, 0, 1, 0, 0, 0, 0, 1, 0, 0, 2, 2, 2, 0, 0, 0, 0, 0, 0, 0, 0, 0, 2, 2, 3, 0, 2, 1, 2, 1, 4, 3, 6, 5, 3, 3, 2, 2, 4, 4, 776, 0, 0, 0, 0, 0, 0]",4,14.373811637647618,-1,0
4802,"[1, 2, 0, 1, 5, 3, 0, 1, 0, 1, 0, 0, 1, 0, 2, 0, 0, 0, 0, 0, 0, 0, 0, 0, 2, 0, 0, 0, 0, 0, 0, 0, 1, 1, 0, 1, 1, 0, 2, 2, 0, 0, 1, 0, 0, 0, 0, 1, 0, 0, 2, 2, 2, 0, 0, 0, 0, 0, 0, 0, 0, 0, 2, 2, 3, 0, 2, 1, 2, 1, 4, 3, 6, 5, 3, 3, 2, 2, 4, 4, 776, 1, 0, 0, 0, 0, 0]",3,0.20000000001971904,-1,1
4803,"[1, 2, 0, 1, 5, 3, 0, 1, 0, 1, 0, 0, 1, 0, 2, 0, 0, 0, 0, 0, 0, 0, 0, 0, 2, 0, 0, 0, 0, 0, 0, 0, 1, 1, 0, 1, 1, 0, 2, 2, 0, 0, 1, 0, 0, 0, 0, 1, 0, 0, 2, 2, 2, 0, 0, 0, 0, 0, 0, 0, 0, 0, 2, 2, 3, 0, 2, 1, 2, 1, 4, 3, 6, 5, 3, 3, 2, 2, 4, 4, 776, 0, 0, 0, 0, 0, 0]",-1,-2.1322829034282694e-05,-1,1
4804,"[2, 2, 0, 1, 5, 4, 0, 1, 0, 1, 0, 0, 1, 0, 2, 0, 0, 0, 0, 0, 0, 0, 0, 0, 2, 0, 0, 0, 0, 0, 0, 0, 1, 1, 0, 1, 1, 0, 2, 2, 0, 0, 1, 0, 0, 0, 0, 1, 0, 0, 2, 2, 2, 0, 0, 0, 0, 0, 0, 0, 0, 0, 2, 2, 3, 0, 2, 1, 2, 1, 4, 3, 6, 5, 3, 3, 2, 2, 4, 4, 777, 0, 0, 0, 0, 0, 0]",4,12.556909452057669,-1,1
4805,"[2, 2, 0, 1, 5, 4, 0, 1, 0, 1, 0, 0, 1, 0, 2, 0, 0, 0, 0, 0, 0, 0, 0, 0, 2, 0, 0, 0, 0, 0, 0, 0, 1, 1, 0, 1, 1, 0, 2, 2, 0, 0, 1, 0, 0, 0, 0, 1, 0, 0, 2, 2, 2, 0, 0, 0, 0, 0, 0, 0, 0, 0, 2, 2, 3, 0, 2, 1, 2, 1, 4, 3, 6, 5, 3, 3, 2, 2, 4, 4, 777, 0, 0, 0, 0, 0, 0]",1,0.6096241151185625,-1,0
4806,"[2, 2, 0, 1, 5, 4, 0, 1, 0, 1, 0, 0, 1, 0, 2, 0, 0, 0, 0, 0, 0, 0, 0, 0, 2, 0, 0, 0, 0, 0, 0, 0, 1, 1, 0, 1, 1, 0, 2, 2, 0, 0, 1, 0, 0, 0, 0, 1, 0, 0, 2, 2, 2, 0, 0, 0, 0, 0, 0, 0, 0, 0, 2, 2, 3, 0, 2, 1, 2, 1, 4, 3, 6, 5, 3, 3, 2, 2, 4, 4, 777, 0, 0, 0, 0, 0, 0]",-1,-2.11106633404535e-05,-1,0
4807,"[2, 2, 0, 1, 5, 4, 0, 1, 0, 1, 0, 0, 1, 0, 2, 0, 0, 0, 0, 0, 0, 0, 0, 0, 2, 0, 0, 0, 0, 0, 0, 0, 1, 1, 0, 1, 1, 0, 2, 2, 0, 0, 1, 0, 0, 0, 0, 1, 0, 0, 2, 2, 2, 0, 0, 0, 0, 0, 0, 0, 0, 0, 2, 2, 3, 0, 2, 1, 2, 1, 4, 3, 6, 5, 3, 3, 2, 2, 4, 4, 777, 1, 0, 0, 0, 0, 0]",3,0.20000000001894583,-1,0
4808,"[0, 2, 0, 2, 5, 4, 0, 1, 0, 1, 0, 0, 1, 0, 2, 0, 0, 0, 0, 0, 0, 0, 0, 0, 2, 0, 0, 0, 0, 0, 0, 0, 1, 1, 0, 1, 1, 0, 2, 2, 0, 0, 1, 0, 0, 0, 0, 1, 0, 0, 2, 2, 2, 0, 0, 0, 0, 0, 0, 0, 0, 0, 2, 2, 3, 0, 2, 1, 2, 1, 4, 3, 6, 5, 3, 3, 2, 2, 4, 4, 777, 0, 0, 0, 0, 0, 0]","[[2 0 0 0]
 [0 0 0 1]]",-0.19854231807001313,-1,0
4809,"[0, 2, 0, 2, 5, 4, 0, 1, 0, 1, 0, 0, 1, 0, 2, 0, 0, 0, 0, 0, 0, 0, 0, 0, 2, 0, 0, 0, 0, 0, 0, 0, 1, 1, 0, 1, 1, 0, 2, 2, 0, 0, 1, 0, 0, 0, 0, 1, 0, 0, 2, 2, 2, 0, 0, 0, 0, 0, 0, 0, 0, 0, 2, 2, 3, 0, 2, 1, 2, 1, 4, 3, 6, 5, 3, 3, 2, 2, 4, 4, 777, 0, 0, 0, 0, 0, 0]",1,0.6096241151185625,-1,0
4810,"[0, 2, 0, 2, 5, 4, 0, 1, 0, 1, 0, 0, 1, 0, 2, 0, 0, 0, 0, 0, 0, 0, 0, 0, 2, 0, 0, 0, 0, 0, 0, 0, 1, 1, 0, 1, 1, 0, 2, 2, 0, 0, 1, 0, 0, 0, 0, 1, 0, 0, 2, 2, 2, 0, 0, 0, 0, 0, 0, 0, 0, 0, 2, 2, 3, 0, 2, 1, 2, 1, 4, 3, 6, 5, 3, 3, 2, 2, 4, 4, 777, 0, 0, 0, 0, 0, 0]",-1,-2.11106633404535e-05,-1,0
4811,"[0, 2, 0, 2, 5, 4, 0, 1, 0, 1, 0, 0, 1, 0, 2, 0, 0, 0, 0, 0, 0, 0, 0, 0, 2, 0, 0, 0, 0, 0, 0, 0, 1, 1, 0, 1, 1, 0, 2, 2, 0, 0, 1, 0, 0, 0, 0, 1, 0, 0, 2, 2, 2, 0, 0, 0, 0, 0, 0, 0, 0, 0, 2, 2, 3, 0, 2, 1, 2, 1, 4, 3, 6, 5, 3, 3, 2, 2, 4, 4, 777, 0, 0, 0, 0, 0, 0]",1,0.6096241151185625,-1,0
4812,"[0, 2, 0, 2, 5, 4, 0, 1, 0, 1, 0, 0, 1, 0, 2, 0, 0, 0, 0, 0, 0, 0, 0, 0, 2, 0, 0, 0, 0, 0, 0, 0, 1, 1, 0, 1, 1, 0, 2, 2, 0, 0, 1, 0, 0, 0, 0, 1, 0, 0, 2, 2, 2, 0, 0, 0, 0, 0, 0, 0, 0, 0, 2, 2, 3, 0, 2, 1, 2, 1, 4, 3, 6, 5, 3, 3, 2, 2, 4, 4, 777, 0, 0, 0, 0, 0, 0]",-1,-2.11106633404535e-05,-1,0
4813,"[0, 2, 0, 2, 5, 4, 0, 1, 0, 1, 0, 0, 1, 0, 2, 0, 0, 0, 0, 0, 0, 0, 0, 0, 2, 0, 0, 0, 0, 0, 0, 0, 1, 1, 0, 1, 1, 0, 2, 2, 0, 0, 1, 0, 0, 0, 0, 1, 0, 0, 2, 2, 2, 0, 0, 0, 0, 0, 0, 0, 0, 0, 2, 2, 3, 0, 2, 1, 2, 1, 4, 3, 6, 5, 3, 3, 2, 2, 4, 4, 777, 1, 0, 0, 0, 0, 0]",3,0.20000000001894583,-1,0
4814,"[0, 2, 0, 2, 5, 4, 0, 1, 0, 1, 0, 0, 1, 0, 2, 0, 0, 0, 0, 0, 0, 0, 0, 0, 2, 0, 0, 0, 0, 0, 0, 0, 1, 1, 0, 1, 1, 0, 2, 2, 0, 0, 1, 0, 0, 0, 0, 1, 0, 0, 2, 2, 2, 0, 0, 0, 0, 0, 0, 0, 0, 0, 2, 2, 3, 0, 2, 1, 2, 1, 4, 3, 6, 5, 3, 3, 2, 2, 4, 4, 777, 0, 0, 0, 0, 0, 0]",-1,-2.11106633404535e-05,-1,0
4815,"[0, 2, 0, 2, 5, 4, 0, 1, 0, 1, 0, 0, 1, 0, 2, 0, 0, 0, 0, 0, 0, 0, 0, 0, 2, 0, 0, 0, 0, 0, 0, 0, 1, 1, 0, 1, 1, 0, 2, 2, 0, 0, 1, 0, 0, 0, 0, 1, 0, 0, 2, 2, 2, 0, 0, 0, 0, 0, 0, 0, 0, 0, 2, 2, 3, 0, 2, 1, 2, 1, 4, 3, 6, 5, 3, 3, 2, 2, 4, 4, 777, 1, 0, 0, 0, 0, 0]",3,0.20000000001894583,-1,0
4816,"[0, 2, 0, 2, 5, 4, 0, 1, 0, 1, 0, 0, 1, 0, 2, 0, 0, 0, 0, 0, 0, 0, 0, 0, 2, 0, 0, 0, 0, 0, 0, 0, 1, 1, 0, 1, 1, 0, 2, 2, 0, 0, 1, 0, 0, 0, 0, 1, 0, 0, 2, 2, 2, 0, 0, 0, 0, 0, 0, 0, 0, 0, 2, 2, 3, 0, 2, 1, 2, 1, 4, 3, 6, 5, 3, 3, 2, 2, 4, 4, 777, 0, 0, 0, 0, 0, 0]",-1,-2.11106633404535e-05,-1,0
4817,"[0, 2, 0, 2, 5, 4, 0, 1, 0, 1, 0, 0, 1, 0, 2, 0, 0, 0, 0, 0, 0, 0, 0, 0, 2, 0, 0, 0, 0, 0, 0, 0, 1, 1, 0, 1, 1, 0, 2, 2, 0, 0, 1, 0, 0, 0, 0, 1, 0, 0, 2, 2, 2, 0, 0, 0, 0, 0, 0, 0, 0, 0, 2, 2, 3, 0, 2, 1, 2, 1, 4, 3, 6, 5, 3, 3, 2, 2, 4, 4, 777, 0, 1, 0, 0, 0, 0]",2,0.40000000001894576,-1,0
4818,"[0, 2, 0, 2, 5, 4, 0, 1, 0, 1, 0, 0, 1, 0, 2, 0, 0, 0, 0, 0, 0, 0, 0, 0, 2, 0, 0, 0, 0, 0, 0, 0, 1, 1, 0, 1, 1, 0, 2, 2, 0, 0, 1, 0, 0, 0, 0, 1, 0, 0, 2, 2, 2, 0, 0, 0, 0, 0, 0, 0, 0, 0, 2, 2, 3, 0, 2, 1, 2, 1, 4, 3, 6, 5, 3, 3, 2, 2, 4, 4, 777, 0, 1, 0, 0, 1, 0]","[[0 0 0 1]
 [1 0 0 0]]",0.6504248650770367,-1,0
4819,"[0, 2, 0, 2, 5, 4, 0, 1, 0, 1, 0, 0, 1, 0, 2, 0, 0, 0, 0, 0, 0, 0, 0, 0, 2, 0, 0, 0, 0, 0, 0, 0, 1, 1, 0, 1, 1, 0, 2, 2, 0, 0, 1, 0, 0, 0, 0, 1, 0, 0, 2, 2, 2, 0, 0, 0, 0, 0, 0, 0, 0, 0, 2, 2, 3, 0, 2, 1, 2, 1, 4, 3, 6, 5, 3, 3, 2, 2, 4, 4, 777, 0, 1, 0, 0, 0, 1]",2,-0.1999999999810542,-1,1
4820,"[0, 2, 0, 2, 5, 4, 0, 1, 0, 1, 0, 0, 1, 0, 2, 0, 0, 0, 0, 0, 0, 0, 0, 0, 2, 0, 0, 0, 0, 0, 0, 0, 1, 1, 0, 1, 1, 0, 2, 2, 0, 0, 1, 0, 0, 0, 0, 1, 0, 0, 2, 2, 2, 0, 0, 0, 0, 0, 0, 0, 0, 0, 2, 2, 3, 0, 2, 1, 2, 1, 4, 3, 6, 5, 3, 3, 2, 2, 4, 4, 777, 0, 0, 1, 0, 0, 0]","[[1 2 0 0]
 [0 1 0 2]]",-0.1999999999810542,-1,1
4821,"[1, 3, 0, 0, 4, 3, 0, 3, 0, 1, 0, 0, 1, 0, 2, 0, 0, 0, 0, 0, 0, 0, 0, 0, 2, 0, 0, 0, 0, 0, 0, 0, 1, 1, 0, 1, 1, 0, 2, 2, 0, 0, 1, 0, 0, 0, 0, 1, 0, 0, 2, 2, 2, 0, 0, 0, 0, 0, 0, 0, 0, 0, 2, 2, 3, 0, 2, 1, 2, 1, 4, 3, 6, 5, 3, 3, 2, 2, 4, 4, 777, 0, 0, 0, 0, 0, 0]",0,-0.1999999999810542,-1,0
4822,"[1, 3, 0, 0, 4, 3, 0, 3, 0, 1, 0, 0, 1, 0, 2, 0, 0, 0, 0, 0, 0, 0, 0, 0, 2, 0, 0, 0, 0, 0, 0, 0, 1, 1, 0, 1, 1, 0, 2, 2, 0, 0, 1, 0, 0, 0, 0, 1, 0, 0, 2, 2, 2, 0, 0, 0, 0, 0, 0, 0, 0, 0, 2, 2, 3, 0, 2, 1, 2, 1, 4, 3, 6, 5, 3, 3, 2, 2, 4, 4, 777, 0, 0, 0, 0, 0, 0]",0,0.2427188724425189,-1,0
4823,"[1, 3, 0, 0, 4, 3, 0, 3, 0, 1, 0, 0, 1, 0, 2, 0, 0, 0, 0, 0, 0, 0, 0, 0, 2, 0, 0, 0, 0, 0, 0, 0, 1, 1, 0, 1, 1, 0, 2, 2, 0, 0, 1, 0, 0, 0, 0, 1, 0, 0, 2, 2, 2, 0, 0, 0, 0, 0, 0, 0, 0, 0, 2, 2, 3, 0, 2, 1, 2, 1, 4, 3, 6, 5, 3, 3, 2, 2, 4, 4, 777, 0, 0, 0, 0, 0, 0]",-1,-2.11106633404535e-05,-1,0
4824,"[1, 3, 0, 0, 4, 3, 0, 3, 0, 1, 0, 0, 1, 0, 2, 0, 0, 0, 0, 0, 0, 0, 0, 0, 2, 0, 0, 0, 0, 0, 0, 0, 1, 1, 0, 1, 1, 0, 2, 2, 0, 0, 1, 0, 0, 0, 0, 1, 0, 0, 2, 2, 2, 0, 0, 0, 0, 0, 0, 0, 0, 0, 2, 2, 3, 0, 2, 1, 2, 1, 4, 3, 6, 5, 3, 3, 2, 2, 4, 4, 777, 0, 0, 0, 0, 0, 0]",0,0.2427188724425189,-1,0
4825,"[1, 3, 0, 0, 4, 3, 0, 3, 0, 1, 0, 0, 1, 0, 2, 0, 0, 0, 0, 0, 0, 0, 0, 0, 2, 0, 0, 0, 0, 0, 0, 0, 1, 1, 0, 1, 1, 0, 2, 2, 0, 0, 1, 0, 0, 0, 0, 1, 0, 0, 2, 2, 2, 0, 0, 0, 0, 0, 0, 0, 0, 0, 2, 2, 3, 0, 2, 1, 2, 1, 4, 3, 6, 5, 3, 3, 2, 2, 4, 4, 777, 0, 0, 0, 0, 0, 0]",-1,-2.11106633404535e-05,-1,0
4826,"[1, 3, 0, 0, 4, 3, 0, 3, 0, 1, 0, 0, 1, 0, 2, 0, 0, 0, 0, 0, 0, 0, 0, 0, 2, 0, 0, 0, 0, 0, 0, 0, 1, 1, 0, 1, 1, 0, 2, 2, 0, 0, 1, 0, 0, 0, 0, 1, 0, 0, 2, 2, 2, 0, 0, 0, 0, 0, 0, 0, 0, 0, 2, 2, 3, 0, 2, 1, 2, 1, 4, 3, 6, 5, 3, 3, 2, 2, 4, 4, 777, 0, 0, 0, 0, 0, 0]",0,0.2427188724425189,-1,0
4827,"[1, 3, 0, 0, 4, 3, 0, 3, 0, 1, 0, 0, 1, 0, 2, 0, 0, 0, 0, 0, 0, 0, 0, 0, 2, 0, 0, 0, 0, 0, 0, 0, 1, 1, 0, 1, 1, 0, 2, 2, 0, 0, 1, 0, 0, 0, 0, 1, 0, 0, 2, 2, 2, 0, 0, 0, 0, 0, 0, 0, 0, 0, 2, 2, 3, 0, 2, 1, 2, 1, 4, 3, 6, 5, 3, 3, 2, 2, 4, 4, 777, 0, 0, 0, 0, 0, 0]",-1,-2.11106633404535e-05,-1,0
4828,"[1, 3, 0, 0, 4, 3, 0, 3, 0, 1, 0, 0, 1, 0, 2, 0, 0, 0, 0, 0, 0, 0, 0, 0, 2, 0, 0, 0, 0, 0, 0, 0, 1, 1, 0, 1, 1, 0, 2, 2, 0, 0, 1, 0, 0, 0, 0, 1, 0, 0, 2, 2, 2, 0, 0, 0, 0, 0, 0, 0, 0, 0, 2, 2, 3, 0, 2, 1, 2, 1, 4, 3, 6, 5, 3, 3, 2, 2, 4, 4, 777, 0, 0, 0, 0, 0, 0]",0,0.2427188724425189,-1,0
4829,"[1, 3, 0, 0, 4, 3, 0, 3, 0, 1, 0, 0, 1, 0, 2, 0, 0, 0, 0, 0, 0, 0, 0, 0, 2, 0, 0, 0, 0, 0, 0, 0, 1, 1, 0, 1, 1, 0, 2, 2, 0, 0, 1, 0, 0, 0, 0, 1, 0, 0, 2, 2, 2, 0, 0, 0, 0, 0, 0, 0, 0, 0, 2, 2, 3, 0, 2, 1, 2, 1, 4, 3, 6, 5, 3, 3, 2, 2, 4, 4, 777, 0, 0, 0, 0, 0, 0]",-1,-2.11106633404535e-05,-1,0
4830,"[1, 3, 0, 0, 4, 3, 0, 3, 0, 1, 0, 0, 1, 0, 2, 0, 0, 0, 0, 0, 0, 0, 0, 0, 2, 0, 0, 0, 0, 0, 0, 0, 1, 1, 0, 1, 1, 0, 2, 2, 0, 0, 1, 0, 0, 0, 0, 1, 0, 0, 2, 2, 2, 0, 0, 0, 0, 0, 0, 0, 0, 0, 2, 2, 3, 0, 2, 1, 2, 1, 4, 3, 6, 5, 3, 3, 2, 2, 4, 4, 777, 0, 0, 0, 0, 0, 0]",0,0.2427188724425189,-1,0
4831,"[1, 3, 0, 0, 4, 3, 0, 3, 0, 1, 0, 0, 1, 0, 2, 0, 0, 0, 0, 0, 0, 0, 0, 0, 2, 0, 0, 0, 0, 0, 0, 0, 1, 1, 0, 1, 1, 0, 2, 2, 0, 0, 1, 0, 0, 0, 0, 1, 0, 0, 2, 2, 2, 0, 0, 0, 0, 0, 0, 0, 0, 0, 2, 2, 3, 0, 2, 1, 2, 1, 4, 3, 6, 5, 3, 3, 2, 2, 4, 4, 777, 0, 0, 0, 0, 0, 0]",-1,-2.11106633404535e-05,-1,0
4832,"[1, 3, 0, 0, 4, 3, 0, 3, 0, 1, 0, 0, 1, 0, 2, 0, 0, 0, 0, 0, 0, 0, 0, 0, 2, 0, 0, 0, 0, 0, 0, 0, 1, 1, 0, 1, 1, 0, 2, 2, 0, 0, 1, 0, 0, 0, 0, 1, 0, 0, 2, 2, 2, 0, 0, 0, 0, 0, 0, 0, 0, 0, 2, 2, 3, 0, 2, 1, 2, 1, 4, 3, 6, 5, 3, 3, 2, 2, 4, 4, 777, 0, 0, 0, 0, 0, 0]",0,0.2427188724425189,-1,0
4833,"[1, 3, 0, 0, 4, 3, 0, 3, 0, 1, 0, 0, 1, 0, 2, 0, 0, 0, 0, 0, 0, 0, 0, 0, 2, 0, 0, 0, 0, 0, 0, 0, 1, 1, 0, 1, 1, 0, 2, 2, 0, 0, 1, 0, 0, 0, 0, 1, 0, 0, 2, 2, 2, 0, 0, 0, 0, 0, 0, 0, 0, 0, 2, 2, 3, 0, 2, 1, 2, 1, 4, 3, 6, 5, 3, 3, 2, 2, 4, 4, 777, 0, 0, 0, 0, 0, 0]",-1,-2.11106633404535e-05,-1,0
4834,"[1, 3, 0, 0, 4, 3, 0, 3, 0, 1, 0, 0, 1, 0, 2, 0, 0, 0, 0, 0, 0, 0, 0, 0, 2, 0, 0, 0, 0, 0, 0, 0, 1, 1, 0, 1, 1, 0, 2, 2, 0, 0, 1, 0, 0, 0, 0, 1, 0, 0, 2, 2, 2, 0, 0, 0, 0, 0, 0, 0, 0, 0, 2, 2, 3, 0, 2, 1, 2, 1, 4, 3, 6, 5, 3, 3, 2, 2, 4, 4, 777, 0, 0, 0, 0, 0, 0]",0,0.2427188724425189,-1,0
4835,"[1, 3, 0, 0, 4, 3, 0, 3, 0, 1, 0, 0, 1, 0, 2, 0, 0, 0, 0, 0, 0, 0, 0, 0, 2, 0, 0, 0, 0, 0, 0, 0, 1, 1, 0, 1, 1, 0, 2, 2, 0, 0, 1, 0, 0, 0, 0, 1, 0, 0, 2, 2, 2, 0, 0, 0, 0, 0, 0, 0, 0, 0, 2, 2, 3, 0, 2, 1, 2, 1, 4, 3, 6, 5, 3, 3, 2, 2, 4, 4, 777, 0, 0, 0, 0, 0, 0]",-1,-2.11106633404535e-05,-1,0
4836,"[1, 3, 0, 0, 4, 3, 0, 3, 0, 1, 0, 0, 1, 0, 2, 0, 0, 0, 0, 0, 0, 0, 0, 0, 2, 0, 0, 0, 0, 0, 0, 0, 1, 1, 0, 1, 1, 0, 2, 2, 0, 0, 1, 0, 0, 0, 0, 1, 0, 0, 2, 2, 2, 0, 0, 0, 0, 0, 0, 0, 0, 0, 2, 2, 3, 0, 2, 1, 2, 1, 4, 3, 6, 5, 3, 3, 2, 2, 4, 4, 777, 0, 0, 0, 0, 0, 0]",0,0.2427188724425189,-1,0
4837,"[1, 3, 0, 0, 4, 3, 0, 3, 0, 1, 0, 0, 1, 0, 2, 0, 0, 0, 0, 0, 0, 0, 0, 0, 2, 0, 0, 0, 0, 0, 0, 0, 1, 1, 0, 1, 1, 0, 2, 2, 0, 0, 1, 0, 0, 0, 0, 1, 0, 0, 2, 2, 2, 0, 0, 0, 0, 0, 0, 0, 0, 0, 2, 2, 3, 0, 2, 1, 2, 1, 4, 3, 6, 5, 3, 3, 2, 2, 4, 4, 777, 0, 0, 0, 0, 0, 0]",-1,-2.11106633404535e-05,-1,0
4838,"[1, 3, 0, 0, 4, 3, 0, 3, 0, 1, 0, 0, 1, 0, 2, 0, 0, 0, 0, 0, 0, 0, 0, 0, 2, 0, 0, 0, 0, 0, 0, 0, 1, 1, 0, 1, 1, 0, 2, 2, 0, 0, 1, 0, 0, 0, 0, 1, 0, 0, 2, 2, 2, 0, 0, 0, 0, 0, 0, 0, 0, 0, 2, 2, 3, 0, 2, 1, 2, 1, 4, 3, 6, 5, 3, 3, 2, 2, 4, 4, 777, 1, 0, 0, 0, 0, 0]",3,0.20000000001894583,-1,0
4839,"[1, 3, 0, 0, 4, 3, 0, 3, 0, 1, 0, 0, 1, 0, 2, 0, 0, 0, 0, 0, 0, 0, 0, 0, 2, 0, 0, 0, 0, 0, 0, 0, 1, 1, 0, 1, 1, 0, 2, 2, 0, 0, 1, 0, 0, 0, 0, 1, 0, 0, 2, 2, 2, 0, 0, 0, 0, 0, 0, 0, 0, 0, 2, 2, 3, 0, 2, 1, 2, 1, 4, 3, 6, 5, 3, 3, 2, 2, 4, 4, 777, 0, 0, 0, 0, 0, 0]",-1,-2.11106633404535e-05,-1,0
4840,"[1, 3, 0, 0, 4, 3, 0, 3, 0, 1, 0, 0, 1, 0, 2, 0, 0, 0, 0, 0, 0, 0, 0, 0, 2, 0, 0, 0, 0, 0, 0, 0, 1, 1, 0, 1, 1, 0, 2, 2, 0, 0, 1, 0, 0, 0, 0, 1, 0, 0, 2, 2, 2, 0, 0, 0, 0, 0, 0, 0, 0, 0, 2, 2, 3, 0, 2, 1, 2, 1, 4, 3, 6, 5, 3, 3, 2, 2, 4, 4, 777, 1, 0, 0, 0, 0, 0]",3,0.20000000001894583,-1,0
4841,"[1, 3, 0, 0, 4, 3, 0, 3, 0, 1, 0, 0, 1, 0, 2, 0, 0, 0, 0, 0, 0, 0, 0, 0, 2, 0, 0, 0, 0, 0, 0, 0, 1, 1, 0, 1, 1, 0, 2, 2, 0, 0, 1, 0, 0, 0, 0, 1, 0, 0, 2, 2, 2, 0, 0, 0, 0, 0, 0, 0, 0, 0, 2, 2, 3, 0, 2, 1, 2, 1, 4, 3, 6, 5, 3, 3, 2, 2, 4, 4, 777, 0, 0, 0, 0, 0, 0]",-1,-2.11106633404535e-05,-1,0
4842,"[1, 3, 0, 0, 4, 3, 0, 3, 0, 1, 0, 0, 1, 0, 2, 0, 0, 0, 0, 0, 0, 0, 0, 0, 2, 0, 0, 0, 0, 0, 0, 0, 1, 1, 0, 1, 1, 0, 2, 2, 0, 0, 1, 0, 0, 0, 0, 1, 0, 0, 2, 2, 2, 0, 0, 0, 0, 0, 0, 0, 0, 0, 2, 2, 3, 0, 2, 1, 2, 1, 4, 3, 6, 5, 3, 3, 2, 2, 4, 4, 777, 1, 0, 0, 0, 0, 0]",3,0.20000000001894583,-1,0
4843,"[1, 3, 0, 0, 4, 3, 0, 3, 0, 1, 0, 0, 1, 0, 2, 0, 0, 0, 0, 0, 0, 0, 0, 0, 2, 0, 0, 0, 0, 0, 0, 0, 1, 1, 0, 1, 1, 0, 2, 2, 0, 0, 1, 0, 0, 0, 0, 1, 0, 0, 2, 2, 2, 0, 0, 0, 0, 0, 0, 0, 0, 0, 2, 2, 3, 0, 2, 1, 2, 1, 4, 3, 6, 5, 3, 3, 2, 2, 4, 4, 777, 0, 0, 0, 0, 0, 0]",-1,-2.11106633404535e-05,-1,0
4844,"[1, 3, 0, 0, 4, 3, 0, 3, 0, 1, 0, 0, 1, 0, 2, 0, 0, 0, 0, 0, 0, 0, 0, 0, 2, 0, 0, 0, 0, 0, 0, 0, 1, 1, 0, 1, 1, 0, 2, 2, 0, 0, 1, 0, 0, 0, 0, 1, 0, 0, 2, 2, 2, 0, 0, 0, 0, 0, 0, 0, 0, 0, 2, 2, 3, 0, 2, 1, 2, 1, 4, 3, 6, 5, 3, 3, 2, 2, 4, 4, 778, 0, 0, 0, 0, 0, 0]",4,13.893516778617922,-1,0
4845,"[1, 3, 0, 0, 4, 3, 0, 3, 0, 1, 0, 0, 1, 0, 2, 0, 0, 0, 0, 0, 0, 0, 0, 0, 2, 0, 0, 0, 0, 0, 0, 0, 1, 1, 0, 1, 1, 0, 2, 2, 0, 0, 1, 0, 0, 0, 0, 1, 0, 0, 2, 2, 2, 0, 0, 0, 0, 0, 0, 0, 0, 0, 2, 2, 3, 0, 2, 1, 2, 1, 4, 3, 6, 5, 3, 3, 2, 2, 4, 4, 778, 0, 0, 0, 0, 0, 0]",-1,-2.0900608730550646e-05,-1,1
4846,"[1, 3, 0, 0, 4, 3, 0, 3, 0, 1, 0, 0, 1, 0, 2, 0, 0, 0, 0, 0, 0, 0, 0, 0, 2, 0, 0, 0, 0, 0, 0, 0, 1, 1, 0, 1, 1, 0, 2, 2, 0, 0, 1, 0, 0, 0, 0, 1, 0, 0, 2, 2, 2, 0, 0, 0, 0, 0, 0, 0, 0, 0, 2, 2, 3, 0, 2, 1, 2, 1, 4, 3, 6, 5, 3, 3, 2, 2, 4, 4, 778, 0, 0, 0, 0, 0, 0]",0,0.2949747468487862,-1,1
4847,"[1, 3, 0, 0, 4, 3, 0, 3, 0, 1, 0, 0, 1, 0, 2, 0, 0, 0, 0, 0, 0, 0, 0, 0, 2, 0, 0, 0, 0, 0, 0, 0, 1, 1, 0, 1, 1, 0, 2, 2, 0, 0, 1, 0, 0, 0, 0, 1, 0, 0, 2, 2, 2, 0, 0, 0, 0, 0, 0, 0, 0, 0, 2, 2, 3, 0, 2, 1, 2, 1, 4, 3, 6, 5, 3, 3, 2, 2, 4, 4, 778, 0, 0, 0, 0, 0, 0]",-1,-2.0900608730550646e-05,-1,1
4848,"[1, 3, 0, 0, 4, 3, 0, 4, 0, 1, 0, 0, 1, 0, 2, 0, 0, 0, 0, 0, 0, 0, 0, 0, 2, 0, 0, 0, 0, 0, 0, 0, 1, 1, 0, 1, 1, 0, 2, 2, 0, 0, 1, 0, 0, 0, 0, 1, 0, 0, 2, 2, 2, 0, 0, 0, 0, 0, 0, 0, 0, 0, 2, 2, 3, 0, 2, 1, 2, 1, 4, 3, 6, 5, 3, 3, 2, 2, 4, 4, 779, 0, 0, 0, 0, 0, 0]",4,12.743555984540501,-1,1
4849,"[1, 3, 0, 0, 4, 3, 0, 4, 0, 1, 0, 0, 1, 0, 2, 0, 0, 0, 0, 0, 0, 0, 0, 0, 2, 0, 0, 0, 0, 0, 0, 0, 1, 1, 0, 1, 1, 0, 2, 2, 0, 0, 1, 0, 0, 0, 0, 1, 0, 0, 2, 2, 2, 0, 0, 0, 0, 0, 0, 0, 0, 0, 2, 2, 3, 0, 2, 1, 2, 1, 4, 3, 6, 5, 3, 3, 2, 2, 4, 4, 779, 0, 1, 0, 0, 0, 0]",2,0.40000000001748914,-1,0
4850,"[1, 3, 0, 0, 4, 3, 0, 4, 0, 1, 0, 0, 1, 0, 2, 0, 0, 0, 0, 0, 0, 0, 0, 0, 2, 0, 0, 0, 0, 0, 0, 0, 1, 1, 0, 1, 1, 0, 2, 2, 0, 0, 1, 0, 0, 0, 0, 1, 0, 0, 2, 2, 2, 0, 0, 0, 0, 0, 0, 0, 0, 0, 2, 2, 3, 0, 2, 1, 2, 1, 4, 3, 6, 5, 3, 3, 2, 2, 4, 4, 779, 0, 1, 0, 0, 1, 0]","[[1 0 0 0]
 [0 0 0 1]]",0.6504248650755801,-1,0
4851,"[1, 3, 0, 0, 4, 3, 0, 4, 0, 1, 0, 0, 1, 0, 2, 0, 0, 0, 0, 0, 0, 0, 0, 0, 2, 0, 0, 0, 0, 0, 0, 0, 1, 1, 0, 1, 1, 0, 2, 2, 0, 0, 1, 0, 0, 0, 0, 1, 0, 0, 2, 2, 2, 0, 0, 0, 0, 0, 0, 0, 0, 0, 2, 2, 3, 0, 2, 1, 2, 1, 4, 3, 6, 5, 3, 3, 2, 2, 4, 4, 779, 0, 0, 0, 0, 0, 0]",1,-66.48725367668871,-1,1
4852,"[1, 3, 0, 0, 4, 3, 0, 5, 0, 1, 0, 0, 1, 0, 2, 0, 0, 0, 0, 0, 0, 0, 0, 0, 2, 0, 0, 0, 0, 0, 0, 0, 1, 1, 0, 1, 1, 0, 2, 2, 0, 0, 1, 0, 0, 0, 0, 1, 0, 0, 2, 2, 2, 0, 0, 0, 0, 0, 0, 0, 0, 0, 2, 2, 3, 0, 2, 1, 2, 1, 4, 3, 6, 5, 3, 3, 2, 2, 4, 4, 780, 0, 0, 0, 0, 0, 0]",4,13.89351594257824,-1,0
4853,"[1, 3, 0, 0, 4, 3, 0, 5, 0, 1, 0, 0, 1, 0, 2, 0, 0, 0, 0, 0, 0, 0, 0, 0, 2, 0, 0, 0, 0, 0, 0, 0, 1, 1, 0, 1, 1, 0, 2, 2, 0, 0, 1, 0, 0, 0, 0, 1, 0, 0, 2, 2, 2, 0, 0, 0, 0, 0, 0, 0, 0, 0, 2, 2, 3, 0, 2, 1, 2, 1, 4, 3, 6, 5, 3, 3, 2, 2, 4, 4, 781, 0, 0, 0, 0, 0, 0]",4,12.710519460006157,-1,1
4854,"[1, 3, 0, 0, 4, 3, 0, 5, 0, 1, 0, 0, 1, 0, 2, 0, 0, 0, 0, 0, 0, 0, 0, 0, 2, 0, 0, 0, 0, 0, 0, 0, 1, 1, 0, 1, 1, 0, 2, 2, 0, 0, 1, 0, 0, 0, 0, 1, 0, 0, 2, 2, 2, 0, 0, 0, 0, 0, 0, 0, 0, 0, 2, 2, 3, 0, 2, 1, 2, 1, 4, 3, 6, 5, 3, 3, 2, 2, 4, 4, 782, 0, 0, 0, 0, 0, 0]",4,13.893515123093334,-1,0
4855,"[1, 3, 0, 0, 4, 3, 0, 5, 0, 1, 0, 0, 1, 0, 2, 0, 0, 0, 0, 0, 0, 0, 0, 0, 2, 0, 0, 0, 0, 0, 0, 0, 1, 1, 0, 1, 1, 0, 2, 2, 0, 0, 1, 0, 0, 0, 0, 1, 0, 0, 2, 2, 2, 0, 0, 0, 0, 0, 0, 0, 0, 0, 2, 2, 3, 0, 2, 1, 2, 1, 4, 3, 6, 5, 3, 3, 2, 2, 4, 4, 782, 0, 0, 0, 0, 0, 0]",0,0.2949747468460948,-1,1
4856,"[1, 3, 0, 0, 4, 3, 0, 5, 0, 1, 0, 0, 1, 0, 2, 0, 0, 0, 0, 0, 0, 0, 0, 0, 2, 0, 0, 0, 0, 0, 0, 0, 1, 1, 0, 1, 1, 0, 2, 2, 0, 0, 1, 0, 0, 0, 0, 1, 0, 0, 2, 2, 2, 0, 0, 0, 0, 0, 0, 0, 0, 0, 2, 2, 3, 0, 2, 1, 2, 1, 4, 3, 6, 5, 3, 3, 2, 2, 4, 4, 782, 0, 0, 0, 0, 0, 0]",-1,-2.0081084140167906e-05,-1,1
4857,"[1, 3, 0, 0, 4, 3, 0, 5, 0, 1, 0, 0, 1, 0, 2, 0, 0, 0, 0, 0, 0, 0, 0, 0, 2, 0, 0, 0, 0, 0, 0, 0, 1, 1, 0, 1, 1, 0, 2, 2, 0, 0, 1, 0, 0, 0, 0, 1, 0, 0, 2, 2, 2, 0, 0, 0, 0, 0, 0, 0, 0, 0, 2, 2, 3, 0, 2, 1, 2, 1, 4, 3, 6, 5, 3, 3, 2, 2, 4, 4, 782, 0, 0, 0, 0, 0, 0]",1,0.6096241151151283,-1,0
4858,"[1, 3, 0, 0, 4, 3, 0, 5, 0, 1, 0, 0, 1, 0, 2, 0, 0, 0, 0, 0, 0, 0, 0, 0, 2, 0, 0, 0, 0, 0, 0, 0, 1, 1, 0, 1, 1, 0, 2, 2, 0, 0, 1, 0, 0, 0, 0, 1, 0, 0, 2, 2, 2, 0, 0, 0, 0, 0, 0, 0, 0, 0, 2, 2, 3, 0, 2, 1, 2, 1, 4, 3, 6, 5, 3, 3, 2, 2, 4, 4, 782, 0, 0, 0, 0, 0, 0]",-1,-2.0081084140167906e-05,-1,0
4859,"[1, 3, 0, 0, 4, 3, 0, 5, 0, 1, 0, 0, 1, 0, 2, 0, 0, 0, 0, 0, 0, 0, 0, 0, 2, 0, 0, 0, 0, 0, 0, 0, 1, 1, 0, 1, 1, 0, 2, 2, 0, 0, 1, 0, 0, 0, 0, 1, 0, 0, 2, 2, 2, 0, 0, 0, 0, 0, 0, 0, 0, 0, 2, 2, 3, 0, 2, 1, 2, 1, 4, 3, 6, 5, 3, 3, 2, 2, 4, 4, 782, 0, 1, 0, 0, 0, 0]",2,0.4000000000155115,-1,0
4860,"[1, 3, 0, 0, 4, 3, 0, 5, 0, 1, 0, 0, 1, 0, 2, 0, 0, 0, 0, 0, 0, 0, 0, 0, 2, 0, 0, 0, 0, 0, 0, 0, 1, 1, 0, 1, 1, 0, 2, 2, 0, 0, 1, 0, 0, 0, 0, 1, 0, 0, 2, 2, 2, 0, 0, 0, 0, 0, 0, 0, 0, 0, 2, 2, 3, 0, 2, 1, 2, 1, 4, 3, 6, 5, 3, 3, 2, 2, 4, 4, 782, 0, 1, 0, 0, 1, 0]","[[1 0 0 0]
 [0 0 0 1]]",0.6504248650736024,-1,0
4861,"[1, 3, 0, 0, 4, 3, 0, 5, 0, 1, 0, 0, 1, 0, 2, 0, 0, 0, 0, 0, 0, 0, 0, 0, 2, 0, 0, 0, 0, 0, 0, 0, 1, 1, 0, 1, 1, 0, 2, 2, 0, 0, 1, 0, 0, 0, 0, 1, 0, 0, 2, 2, 2, 0, 0, 0, 0, 0, 0, 0, 0, 0, 2, 2, 3, 0, 2, 1, 2, 1, 4, 3, 6, 5, 3, 3, 2, 2, 4, 4, 782, 0, 1, 0, 0, 0, 1]",2,-0.1999999999844885,-1,1
4862,"[1, 3, 0, 0, 4, 3, 0, 5, 0, 1, 0, 0, 1, 0, 2, 0, 0, 0, 0, 0, 0, 0, 0, 0, 2, 0, 0, 0, 0, 0, 0, 0, 1, 1, 0, 1, 1, 0, 2, 2, 0, 0, 1, 0, 0, 0, 0, 1, 0, 0, 2, 2, 2, 0, 0, 0, 0, 0, 0, 0, 0, 0, 2, 2, 3, 0, 2, 1, 2, 1, 4, 3, 6, 5, 3, 3, 2, 2, 4, 4, 782, 0, 0, 1, 0, 0, 0]","[[2 1 0 1]
 [1 1 0 0]]",-0.1999999999844885,-1,1
4863,"[1, 3, 0, 0, 4, 3, 0, 5, 0, 1, 0, 0, 1, 0, 2, 0, 0, 0, 0, 0, 0, 0, 0, 0, 2, 0, 0, 0, 0, 0, 0, 0, 1, 1, 0, 1, 1, 0, 2, 2, 0, 0, 1, 0, 0, 0, 0, 1, 0, 0, 2, 2, 2, 0, 0, 0, 0, 0, 0, 0, 0, 0, 2, 2, 3, 0, 2, 1, 2, 1, 4, 3, 6, 5, 3, 3, 2, 2, 4, 4, 782, 0, 0, 0, 0, 0, 0]",1,-15.858774563931762,-1,0
4864,"[2, 3, 0, 0, 4, 4, 0, 5, 0, 1, 0, 0, 1, 0, 2, 0, 0, 0, 0, 0, 0, 0, 0, 0, 2, 0, 0, 0, 0, 0, 0, 0, 1, 1, 0, 1, 1, 0, 2, 2, 0, 0, 1, 0, 0, 0, 0, 1, 0, 0, 2, 2, 2, 0, 0, 0, 0, 0, 0, 0, 0, 0, 2, 2, 3, 0, 2, 1, 2, 1, 4, 3, 6, 5, 3, 3, 2, 2, 4, 4, 783, 0, 0, 0, 0, 0, 0]",4,13.930958119582847,-1,0
4865,"[2, 3, 0, 0, 4, 4, 0, 5, 0, 1, 0, 0, 1, 0, 2, 0, 0, 0, 0, 0, 0, 0, 0, 0, 2, 0, 0, 0, 0, 0, 0, 0, 1, 1, 0, 1, 1, 0, 2, 2, 0, 0, 1, 0, 0, 0, 0, 1, 0, 0, 2, 2, 2, 0, 0, 0, 0, 0, 0, 0, 0, 0, 2, 2, 3, 0, 2, 1, 2, 1, 4, 3, 6, 5, 3, 3, 2, 2, 4, 4, 783, 0, 1, 0, 0, 0, 0]",2,0.4000000000149033,-1,1
4866,"[2, 3, 0, 0, 4, 4, 0, 5, 0, 1, 0, 0, 1, 0, 2, 0, 0, 0, 0, 0, 0, 0, 0, 0, 2, 0, 0, 0, 0, 0, 0, 0, 1, 1, 0, 1, 1, 0, 2, 2, 0, 0, 1, 0, 0, 0, 0, 1, 0, 0, 2, 2, 2, 0, 0, 0, 0, 0, 0, 0, 0, 0, 2, 2, 3, 0, 2, 1, 2, 1, 4, 3, 6, 5, 3, 3, 2, 2, 4, 4, 783, 0, 1, 0, 0, 1, 0]","[[2 2 0 1]
 [1 1 0 0]]",-0.19673955210406718,-1,1
4867,"[2, 3, 0, 0, 4, 4, 0, 5, 0, 1, 0, 0, 1, 0, 2, 0, 0, 0, 0, 0, 0, 0, 0, 0, 2, 0, 0, 0, 0, 0, 0, 0, 1, 1, 0, 1, 1, 0, 2, 2, 0, 0, 1, 0, 0, 0, 0, 1, 0, 0, 2, 2, 2, 0, 0, 0, 0, 0, 0, 0, 0, 0, 2, 2, 3, 0, 2, 1, 2, 1, 4, 3, 6, 5, 3, 3, 2, 2, 4, 4, 783, 0, 0, 0, 0, 0, 0]",1,-0.19999999998509668,-1,0
4868,"[2, 3, 0, 0, 4, 4, 0, 5, 0, 1, 0, 0, 1, 0, 2, 0, 0, 0, 0, 0, 0, 0, 0, 0, 2, 0, 0, 0, 0, 0, 0, 0, 1, 1, 0, 1, 1, 0, 2, 2, 0, 0, 1, 0, 0, 0, 0, 1, 0, 0, 2, 2, 2, 0, 0, 0, 0, 0, 0, 0, 0, 0, 2, 2, 3, 0, 2, 1, 2, 1, 4, 3, 6, 5, 3, 3, 2, 2, 4, 4, 783, 0, 0, 0, 0, 0, 0]",-1,-1.9881274014476292e-05,-1,1
4869,"[2, 3, 0, 0, 4, 4, 0, 5, 0, 1, 0, 0, 1, 0, 2, 0, 0, 0, 0, 0, 0, 0, 0, 0, 2, 0, 0, 0, 0, 0, 0, 0, 1, 1, 0, 1, 1, 0, 2, 2, 0, 0, 1, 0, 0, 0, 0, 1, 0, 0, 2, 2, 2, 0, 0, 0, 0, 0, 0, 0, 0, 0, 2, 2, 3, 0, 2, 1, 2, 1, 4, 3, 6, 5, 3, 3, 2, 2, 4, 4, 784, 0, 0, 0, 0, 0, 0]",4,12.715526725975518,-1,1
4870,"[2, 3, 0, 0, 4, 4, 0, 5, 0, 1, 0, 0, 1, 0, 2, 0, 0, 0, 0, 0, 0, 0, 0, 0, 2, 0, 0, 0, 0, 0, 0, 0, 1, 1, 0, 1, 1, 0, 2, 2, 0, 0, 1, 0, 0, 0, 0, 1, 0, 0, 2, 2, 2, 0, 0, 0, 0, 0, 0, 0, 0, 0, 2, 2, 3, 0, 2, 1, 2, 1, 4, 3, 6, 5, 3, 3, 2, 2, 4, 4, 784, 0, 0, 0, 0, 0, 0]",1,0.6096241151139357,-1,0
4871,"[2, 3, 0, 0, 4, 4, 0, 5, 0, 1, 0, 0, 1, 0, 2, 0, 0, 0, 0, 0, 0, 0, 0, 0, 2, 0, 0, 0, 0, 0, 0, 0, 1, 1, 0, 1, 1, 0, 2, 2, 0, 0, 1, 0, 0, 0, 0, 1, 0, 0, 2, 2, 2, 0, 0, 0, 0, 0, 0, 0, 0, 0, 2, 2, 3, 0, 2, 1, 2, 1, 4, 3, 6, 5, 3, 3, 2, 2, 4, 4, 784, 0, 0, 0, 0, 0, 0]",-1,-1.9683452032753915e-05,-1,0
4872,"[2, 3, 0, 0, 4, 4, 0, 5, 0, 1, 0, 0, 1, 0, 2, 0, 0, 0, 0, 0, 0, 0, 0, 0, 2, 0, 0, 0, 0, 0, 0, 0, 1, 1, 0, 1, 1, 0, 2, 2, 0, 0, 1, 0, 0, 0, 0, 1, 0, 0, 2, 2, 2, 0, 0, 0, 0, 0, 0, 0, 0, 0, 2, 2, 3, 0, 2, 1, 2, 1, 4, 3, 6, 5, 3, 3, 2, 2, 4, 4, 784, 1, 0, 0, 0, 0, 0]",3,0.20000000001431895,-1,0
4873,"[0, 3, 0, 1, 4, 4, 0, 5, 0, 1, 0, 0, 1, 0, 2, 0, 0, 0, 0, 0, 0, 0, 0, 0, 2, 0, 0, 0, 0, 0, 0, 0, 1, 1, 0, 1, 1, 0, 2, 2, 0, 0, 1, 0, 0, 0, 0, 1, 0, 0, 2, 2, 2, 0, 0, 0, 0, 0, 0, 0, 0, 0, 2, 2, 3, 0, 2, 1, 2, 1, 4, 3, 6, 5, 3, 3, 2, 2, 4, 4, 784, 0, 0, 0, 0, 0, 0]","[[2 0 0 0]
 [0 0 0 1]]",-0.19854231807464,-1,0
4874,"[0, 3, 0, 1, 4, 4, 0, 5, 0, 1, 0, 0, 1, 0, 2, 0, 0, 0, 0, 0, 0, 0, 0, 0, 2, 0, 0, 0, 0, 0, 0, 0, 1, 1, 0, 1, 1, 0, 2, 2, 0, 0, 1, 0, 0, 0, 0, 1, 0, 0, 2, 2, 2, 0, 0, 0, 0, 0, 0, 0, 0, 0, 2, 2, 3, 0, 2, 1, 2, 1, 4, 3, 6, 5, 3, 3, 2, 2, 4, 4, 784, 0, 1, 0, 0, 0, 0]",2,0.4000000000143189,-1,0
4875,"[0, 3, 0, 1, 4, 4, 0, 5, 0, 1, 0, 0, 1, 0, 2, 0, 0, 0, 0, 0, 0, 0, 0, 0, 2, 0, 0, 0, 0, 0, 0, 0, 1, 1, 0, 1, 1, 0, 2, 2, 0, 0, 1, 0, 0, 0, 0, 1, 0, 0, 2, 2, 2, 0, 0, 0, 0, 0, 0, 0, 0, 0, 2, 2, 3, 0, 2, 1, 2, 1, 4, 3, 6, 5, 3, 3, 2, 2, 4, 4, 784, 0, 1, 0, 0, 1, 0]","[[0 1 0 0]
 [1 0 0 0]]",0.6504248650724098,-1,0
4876,"[0, 3, 0, 1, 4, 4, 0, 5, 0, 1, 0, 0, 1, 0, 2, 0, 0, 0, 0, 0, 0, 0, 0, 0, 2, 0, 0, 0, 0, 0, 0, 0, 1, 1, 0, 1, 1, 0, 2, 2, 0, 0, 1, 0, 0, 0, 0, 1, 0, 0, 2, 2, 2, 0, 0, 0, 0, 0, 0, 0, 0, 0, 2, 2, 3, 0, 2, 1, 2, 1, 4, 3, 6, 5, 3, 3, 2, 2, 4, 4, 784, 0, 1, 0, 0, 0, 1]",2,-0.19999999998568108,-1,1
4877,"[0, 3, 0, 1, 4, 4, 0, 5, 0, 1, 0, 0, 1, 0, 2, 0, 0, 0, 0, 0, 0, 0, 0, 0, 2, 0, 0, 0, 0, 0, 0, 0, 1, 1, 0, 1, 1, 0, 2, 2, 0, 0, 1, 0, 0, 0, 0, 1, 0, 0, 2, 2, 2, 0, 0, 0, 0, 0, 0, 0, 0, 0, 2, 2, 3, 0, 2, 1, 2, 1, 4, 3, 6, 5, 3, 3, 2, 2, 4, 4, 784, 0, 0, 1, 0, 0, 0]","[[1 1 0 2]
 [0 3 0 1]]",-0.19999999998568108,-1,1
4878,"[0, 3, 0, 1, 4, 4, 0, 5, 0, 1, 0, 0, 1, 0, 2, 0, 0, 0, 0, 0, 0, 0, 0, 0, 2, 0, 0, 0, 0, 0, 0, 0, 1, 1, 0, 1, 1, 0, 2, 2, 0, 0, 1, 0, 0, 0, 0, 1, 0, 0, 2, 2, 2, 0, 0, 0, 0, 0, 0, 0, 0, 0, 2, 2, 3, 0, 2, 1, 2, 1, 4, 3, 6, 5, 3, 3, 2, 2, 4, 4, 784, 0, 0, 0, 0, 0, 0]",1,-16.557272634320505,-1,0
4879,"[0, 3, 0, 1, 4, 4, 0, 5, 0, 1, 0, 0, 1, 0, 2, 0, 0, 0, 0, 0, 0, 0, 0, 0, 2, 0, 0, 0, 0, 0, 0, 0, 1, 1, 0, 1, 1, 0, 2, 2, 0, 0, 1, 0, 0, 0, 0, 1, 0, 0, 2, 2, 2, 0, 0, 0, 0, 0, 0, 0, 0, 0, 2, 2, 3, 0, 2, 1, 2, 1, 4, 3, 6, 5, 3, 3, 2, 2, 4, 4, 784, 1, 0, 0, 0, 0, 0]",3,0.20000000001431895,-1,0
4880,"[0, 3, 0, 1, 4, 4, 0, 5, 0, 1, 0, 0, 1, 0, 2, 0, 0, 0, 0, 0, 0, 0, 0, 0, 2, 0, 0, 0, 0, 0, 0, 0, 1, 1, 0, 1, 1, 0, 2, 2, 0, 0, 1, 0, 0, 0, 0, 1, 0, 0, 2, 2, 2, 0, 0, 0, 0, 0, 0, 0, 0, 0, 2, 2, 3, 0, 2, 1, 2, 1, 4, 3, 6, 5, 3, 3, 2, 2, 4, 4, 784, 0, 0, 0, 0, 0, 0]",-1,-1.9683452032753915e-05,-1,0
4881,"[0, 3, 0, 1, 4, 4, 0, 5, 0, 1, 0, 0, 1, 0, 2, 0, 0, 0, 0, 0, 0, 0, 0, 0, 2, 0, 0, 0, 0, 0, 0, 0, 1, 1, 0, 1, 1, 0, 2, 2, 0, 0, 1, 0, 0, 0, 0, 1, 0, 0, 2, 2, 2, 0, 0, 0, 0, 0, 0, 0, 0, 0, 2, 2, 3, 0, 2, 1, 2, 1, 4, 3, 6, 5, 3, 3, 2, 2, 4, 4, 784, 0, 1, 0, 0, 0, 0]",2,0.4000000000143189,-1,0
4882,"[0, 3, 0, 1, 4, 4, 0, 5, 0, 1, 0, 0, 1, 0, 2, 0, 0, 0, 0, 0, 0, 0, 0, 0, 2, 0, 0, 0, 0, 0, 0, 0, 1, 1, 0, 1, 1, 0, 2, 2, 0, 0, 1, 0, 0, 0, 0, 1, 0, 0, 2, 2, 2, 0, 0, 0, 0, 0, 0, 0, 0, 0, 2, 2, 3, 0, 2, 1, 2, 1, 4, 3, 6, 5, 3, 3, 2, 2, 4, 4, 784, 0, 1, 0, 0, 1, 0]","[[0 0 0 1]
 [1 0 0 0]]",0.6504248650724098,-1,0
4883,"[1, 3, 0, 0, 3, 4, 0, 6, 0, 1, 0, 0, 1, 0, 2, 0, 0, 0, 0, 0, 0, 0, 0, 0, 2, 0, 0, 0, 0, 0, 0, 0, 1, 1, 0, 1, 1, 0, 2, 2, 0, 0, 1, 0, 0, 0, 0, 1, 0, 0, 2, 2, 2, 0, 0, 0, 0, 0, 0, 0, 0, 0, 2, 2, 3, 0, 2, 1, 2, 1, 4, 3, 6, 5, 3, 3, 2, 2, 4, 4, 784, 0, 0, 0, 0, 0, 0]",0,-0.19999999998568108,-1,1
4884,"[1, 3, 0, 0, 3, 4, 0, 6, 0, 1, 0, 0, 1, 0, 2, 0, 0, 0, 0, 0, 0, 0, 0, 0, 2, 0, 0, 0, 0, 0, 0, 0, 1, 1, 0, 1, 1, 0, 2, 2, 0, 0, 1, 0, 0, 0, 0, 1, 0, 0, 2, 2, 2, 0, 0, 0, 0, 0, 0, 0, 0, 0, 2, 2, 3, 0, 2, 1, 2, 1, 4, 3, 6, 5, 3, 3, 2, 2, 4, 4, 784, 0, 0, 0, 0, 0, 0]",0,0.24271887243789203,-1,0
4885,"[1, 3, 0, 0, 3, 4, 0, 6, 0, 1, 0, 0, 1, 0, 2, 0, 0, 0, 0, 0, 0, 0, 0, 0, 2, 0, 0, 0, 0, 0, 0, 0, 1, 1, 0, 1, 1, 0, 2, 2, 0, 0, 1, 0, 0, 0, 0, 1, 0, 0, 2, 2, 2, 0, 0, 0, 0, 0, 0, 0, 0, 0, 2, 2, 3, 0, 2, 1, 2, 1, 4, 3, 6, 5, 3, 3, 2, 2, 4, 4, 784, 0, 0, 0, 0, 0, 0]",-1,-1.9683452032753915e-05,-1,0
4886,"[1, 3, 0, 0, 3, 4, 0, 6, 0, 1, 0, 0, 1, 0, 2, 0, 0, 0, 0, 0, 0, 0, 0, 0, 2, 0, 0, 0, 0, 0, 0, 0, 1, 1, 0, 1, 1, 0, 2, 2, 0, 0, 1, 0, 0, 0, 0, 1, 0, 0, 2, 2, 2, 0, 0, 0, 0, 0, 0, 0, 0, 0, 2, 2, 3, 0, 2, 1, 2, 1, 4, 3, 6, 5, 3, 3, 2, 2, 4, 4, 784, 0, 0, 0, 0, 0, 0]",0,0.24271887243789203,-1,0
4887,"[1, 3, 0, 0, 3, 4, 0, 6, 0, 1, 0, 0, 1, 0, 2, 0, 0, 0, 0, 0, 0, 0, 0, 0, 2, 0, 0, 0, 0, 0, 0, 0, 1, 1, 0, 1, 1, 0, 2, 2, 0, 0, 1, 0, 0, 0, 0, 1, 0, 0, 2, 2, 2, 0, 0, 0, 0, 0, 0, 0, 0, 0, 2, 2, 3, 0, 2, 1, 2, 1, 4, 3, 6, 5, 3, 3, 2, 2, 4, 4, 784, 0, 0, 0, 0, 0, 0]",-1,-1.9683452032753915e-05,-1,0
4888,"[1, 3, 0, 0, 3, 4, 0, 6, 0, 1, 0, 0, 1, 0, 2, 0, 0, 0, 0, 0, 0, 0, 0, 0, 2, 0, 0, 0, 0, 0, 0, 0, 1, 1, 0, 1, 1, 0, 2, 2, 0, 0, 1, 0, 0, 0, 0, 1, 0, 0, 2, 2, 2, 0, 0, 0, 0, 0, 0, 0, 0, 0, 2, 2, 3, 0, 2, 1, 2, 1, 4, 3, 6, 5, 3, 3, 2, 2, 4, 4, 784, 0, 0, 0, 0, 0, 0]",0,0.24271887243789203,-1,0
4889,"[1, 3, 0, 0, 3, 4, 0, 6, 0, 1, 0, 0, 1, 0, 2, 0, 0, 0, 0, 0, 0, 0, 0, 0, 2, 0, 0, 0, 0, 0, 0, 0, 1, 1, 0, 1, 1, 0, 2, 2, 0, 0, 1, 0, 0, 0, 0, 1, 0, 0, 2, 2, 2, 0, 0, 0, 0, 0, 0, 0, 0, 0, 2, 2, 3, 0, 2, 1, 2, 1, 4, 3, 6, 5, 3, 3, 2, 2, 4, 4, 784, 0, 0, 0, 0, 0, 0]",-1,-1.9683452032753915e-05,-1,0
4890,"[1, 3, 0, 0, 3, 4, 0, 6, 0, 1, 0, 0, 1, 0, 2, 0, 0, 0, 0, 0, 0, 0, 0, 0, 2, 0, 0, 0, 0, 0, 0, 0, 1, 1, 0, 1, 1, 0, 2, 2, 0, 0, 1, 0, 0, 0, 0, 1, 0, 0, 2, 2, 2, 0, 0, 0, 0, 0, 0, 0, 0, 0, 2, 2, 3, 0, 2, 1, 2, 1, 4, 3, 6, 5, 3, 3, 2, 2, 4, 4, 784, 0, 0, 0, 0, 0, 0]",0,0.24271887243789203,-1,0
4891,"[1, 3, 0, 0, 3, 4, 0, 6, 0, 1, 0, 0, 1, 0, 2, 0, 0, 0, 0, 0, 0, 0, 0, 0, 2, 0, 0, 0, 0, 0, 0, 0, 1, 1, 0, 1, 1, 0, 2, 2, 0, 0, 1, 0, 0, 0, 0, 1, 0, 0, 2, 2, 2, 0, 0, 0, 0, 0, 0, 0, 0, 0, 2, 2, 3, 0, 2, 1, 2, 1, 4, 3, 6, 5, 3, 3, 2, 2, 4, 4, 784, 0, 0, 0, 0, 0, 0]",-1,-1.9683452032753915e-05,-1,0
4892,"[1, 3, 0, 0, 3, 4, 0, 6, 0, 1, 0, 0, 1, 0, 2, 0, 0, 0, 0, 0, 0, 0, 0, 0, 2, 0, 0, 0, 0, 0, 0, 0, 1, 1, 0, 1, 1, 0, 2, 2, 0, 0, 1, 0, 0, 0, 0, 1, 0, 0, 2, 2, 2, 0, 0, 0, 0, 0, 0, 0, 0, 0, 2, 2, 3, 0, 2, 1, 2, 1, 4, 3, 6, 5, 3, 3, 2, 2, 4, 4, 784, 0, 0, 0, 0, 0, 0]",0,0.24271887243789203,-1,0
4893,"[1, 3, 0, 0, 3, 4, 0, 6, 0, 1, 0, 0, 1, 0, 2, 0, 0, 0, 0, 0, 0, 0, 0, 0, 2, 0, 0, 0, 0, 0, 0, 0, 1, 1, 0, 1, 1, 0, 2, 2, 0, 0, 1, 0, 0, 0, 0, 1, 0, 0, 2, 2, 2, 0, 0, 0, 0, 0, 0, 0, 0, 0, 2, 2, 3, 0, 2, 1, 2, 1, 4, 3, 6, 5, 3, 3, 2, 2, 4, 4, 784, 0, 0, 0, 0, 0, 0]",-1,-1.9683452032753915e-05,-1,0
4894,"[1, 3, 0, 0, 3, 4, 0, 6, 0, 1, 0, 0, 1, 0, 2, 0, 0, 0, 0, 0, 0, 0, 0, 0, 2, 0, 0, 0, 0, 0, 0, 0, 1, 1, 0, 1, 1, 0, 2, 2, 0, 0, 1, 0, 0, 0, 0, 1, 0, 0, 2, 2, 2, 0, 0, 0, 0, 0, 0, 0, 0, 0, 2, 2, 3, 0, 2, 1, 2, 1, 4, 3, 6, 5, 3, 3, 2, 2, 4, 4, 784, 0, 0, 0, 0, 0, 0]",0,0.24271887243789203,-1,0
4895,"[1, 3, 0, 0, 3, 4, 0, 6, 0, 1, 0, 0, 1, 0, 2, 0, 0, 0, 0, 0, 0, 0, 0, 0, 2, 0, 0, 0, 0, 0, 0, 0, 1, 1, 0, 1, 1, 0, 2, 2, 0, 0, 1, 0, 0, 0, 0, 1, 0, 0, 2, 2, 2, 0, 0, 0, 0, 0, 0, 0, 0, 0, 2, 2, 3, 0, 2, 1, 2, 1, 4, 3, 6, 5, 3, 3, 2, 2, 4, 4, 784, 0, 0, 0, 0, 0, 0]",-1,-1.9683452032753915e-05,-1,0
4896,"[1, 3, 0, 0, 3, 4, 0, 6, 0, 1, 0, 0, 1, 0, 2, 0, 0, 0, 0, 0, 0, 0, 0, 0, 2, 0, 0, 0, 0, 0, 0, 0, 1, 1, 0, 1, 1, 0, 2, 2, 0, 0, 1, 0, 0, 0, 0, 1, 0, 0, 2, 2, 2, 0, 0, 0, 0, 0, 0, 0, 0, 0, 2, 2, 3, 0, 2, 1, 2, 1, 4, 3, 6, 5, 3, 3, 2, 2, 4, 4, 784, 0, 0, 0, 0, 0, 0]",0,0.24271887243789203,-1,0
4897,"[1, 3, 0, 0, 3, 4, 0, 6, 0, 1, 0, 0, 1, 0, 2, 0, 0, 0, 0, 0, 0, 0, 0, 0, 2, 0, 0, 0, 0, 0, 0, 0, 1, 1, 0, 1, 1, 0, 2, 2, 0, 0, 1, 0, 0, 0, 0, 1, 0, 0, 2, 2, 2, 0, 0, 0, 0, 0, 0, 0, 0, 0, 2, 2, 3, 0, 2, 1, 2, 1, 4, 3, 6, 5, 3, 3, 2, 2, 4, 4, 784, 0, 0, 0, 0, 0, 0]",-1,-1.9683452032753915e-05,-1,0
4898,"[1, 3, 0, 0, 3, 4, 0, 6, 0, 1, 0, 0, 1, 0, 2, 0, 0, 0, 0, 0, 0, 0, 0, 0, 2, 0, 0, 0, 0, 0, 0, 0, 1, 1, 0, 1, 1, 0, 2, 2, 0, 0, 1, 0, 0, 0, 0, 1, 0, 0, 2, 2, 2, 0, 0, 0, 0, 0, 0, 0, 0, 0, 2, 2, 3, 0, 2, 1, 2, 1, 4, 3, 6, 5, 3, 3, 2, 2, 4, 4, 784, 0, 0, 0, 0, 0, 0]",0,0.24271887243789203,-1,0
4899,"[1, 3, 0, 0, 3, 4, 0, 6, 0, 1, 0, 0, 1, 0, 2, 0, 0, 0, 0, 0, 0, 0, 0, 0, 2, 0, 0, 0, 0, 0, 0, 0, 1, 1, 0, 1, 1, 0, 2, 2, 0, 0, 1, 0, 0, 0, 0, 1, 0, 0, 2, 2, 2, 0, 0, 0, 0, 0, 0, 0, 0, 0, 2, 2, 3, 0, 2, 1, 2, 1, 4, 3, 6, 5, 3, 3, 2, 2, 4, 4, 784, 0, 0, 0, 0, 0, 0]",-1,-1.9683452032753915e-05,-1,0
4900,"[1, 3, 0, 0, 3, 4, 0, 6, 0, 1, 0, 0, 1, 0, 2, 0, 0, 0, 0, 0, 0, 0, 0, 0, 2, 0, 0, 0, 0, 0, 0, 0, 1, 1, 0, 1, 1, 0, 2, 2, 0, 0, 1, 0, 0, 0, 0, 1, 0, 0, 2, 2, 2, 0, 0, 0, 0, 0, 0, 0, 0, 0, 2, 2, 3, 0, 2, 1, 2, 1, 4, 3, 6, 5, 3, 3, 2, 2, 4, 4, 784, 1, 0, 0, 0, 0, 0]",3,0.20000000001431895,-1,0
4901,"[1, 3, 0, 0, 3, 4, 0, 6, 0, 1, 0, 0, 1, 0, 2, 0, 0, 0, 0, 0, 0, 0, 0, 0, 2, 0, 0, 0, 0, 0, 0, 0, 1, 1, 0, 1, 1, 0, 2, 2, 0, 0, 1, 0, 0, 0, 0, 1, 0, 0, 2, 2, 2, 0, 0, 0, 0, 0, 0, 0, 0, 0, 2, 2, 3, 0, 2, 1, 2, 1, 4, 3, 6, 5, 3, 3, 2, 2, 4, 4, 784, 0, 0, 0, 0, 0, 0]",-1,-1.9683452032753915e-05,-1,0
4902,"[1, 3, 0, 0, 3, 4, 0, 6, 0, 1, 0, 0, 1, 0, 2, 0, 0, 0, 0, 0, 0, 0, 0, 0, 2, 0, 0, 0, 0, 0, 0, 0, 1, 1, 0, 1, 1, 0, 2, 2, 0, 0, 1, 0, 0, 0, 0, 1, 0, 0, 2, 2, 2, 0, 0, 0, 0, 0, 0, 0, 0, 0, 2, 2, 3, 0, 2, 1, 2, 1, 4, 3, 6, 5, 3, 3, 2, 2, 4, 4, 784, 1, 0, 0, 0, 0, 0]",3,0.20000000001431895,-1,0
4903,"[1, 3, 0, 0, 3, 4, 0, 6, 0, 1, 0, 0, 1, 0, 2, 0, 0, 0, 0, 0, 0, 0, 0, 0, 2, 0, 0, 0, 0, 0, 0, 0, 1, 1, 0, 1, 1, 0, 2, 2, 0, 0, 1, 0, 0, 0, 0, 1, 0, 0, 2, 2, 2, 0, 0, 0, 0, 0, 0, 0, 0, 0, 2, 2, 3, 0, 2, 1, 2, 1, 4, 3, 6, 5, 3, 3, 2, 2, 4, 4, 784, 0, 0, 0, 0, 0, 0]",-1,-1.9683452032753915e-05,-1,0
4904,"[1, 3, 0, 0, 3, 4, 0, 6, 0, 1, 0, 0, 1, 0, 2, 0, 0, 0, 0, 0, 0, 0, 0, 0, 2, 0, 0, 0, 0, 0, 0, 0, 1, 1, 0, 1, 1, 0, 2, 2, 0, 0, 1, 0, 0, 0, 0, 1, 0, 0, 2, 2, 2, 0, 0, 0, 0, 0, 0, 0, 0, 0, 2, 2, 3, 0, 2, 1, 2, 1, 4, 3, 6, 5, 3, 3, 2, 2, 4, 4, 784, 1, 0, 0, 0, 0, 0]",3,0.20000000001431895,-1,0
4905,"[1, 3, 0, 0, 3, 4, 0, 6, 0, 1, 0, 0, 1, 0, 2, 0, 0, 0, 0, 0, 0, 0, 0, 0, 2, 0, 0, 0, 0, 0, 0, 0, 1, 1, 0, 1, 1, 0, 2, 2, 0, 0, 1, 0, 0, 0, 0, 1, 0, 0, 2, 2, 2, 0, 0, 0, 0, 0, 0, 0, 0, 0, 2, 2, 3, 0, 2, 1, 2, 1, 4, 3, 6, 5, 3, 3, 2, 2, 4, 4, 784, 0, 0, 0, 0, 0, 0]",-1,-1.9683452032753915e-05,-1,0
4906,"[1, 1, 0, 0, 1, 2, 0, 3, 0, 1, 0, 0, 1, 0, 2, 0, 0, 0, 0, 0, 0, 0, 0, 0, 2, 0, 0, 0, 0, 0, 0, 0, 1, 1, 0, 1, 1, 0, 2, 2, 0, 0, 1, 0, 0, 0, 0, 1, 0, 0, 2, 2, 2, 0, 0, 0, 0, 0, 0, 0, 0, 0, 2, 2, 3, 0, 2, 1, 2, 1, 4, 3, 6, 5, 3, 3, 2, 2, 4, 4, 785, 0, 0, 0, 0, 0, 0]",4,14.2595025382116,-1,0
4907,"[1, 1, 0, 0, 1, 2, 0, 3, 0, 1, 0, 0, 1, 0, 2, 0, 0, 0, 0, 0, 0, 0, 0, 0, 2, 0, 0, 0, 0, 0, 0, 0, 1, 1, 0, 1, 1, 0, 2, 2, 0, 0, 1, 0, 0, 0, 0, 1, 0, 0, 2, 2, 2, 0, 0, 0, 0, 0, 0, 0, 0, 0, 2, 2, 3, 0, 2, 1, 2, 1, 4, 3, 6, 5, 3, 3, 2, 2, 4, 4, 785, 0, 0, 0, 0, 0, 0]",-1,-1.9487598412637725e-05,-1,1
4908,"[1, 1, 0, 0, 1, 2, 0, 3, 0, 1, 0, 0, 1, 0, 2, 0, 0, 0, 0, 0, 0, 0, 0, 0, 2, 0, 0, 0, 0, 0, 0, 0, 1, 1, 0, 1, 1, 0, 2, 2, 0, 0, 1, 0, 0, 0, 0, 1, 0, 0, 2, 2, 2, 0, 0, 0, 0, 0, 0, 0, 0, 0, 2, 2, 3, 0, 2, 1, 2, 1, 4, 3, 6, 5, 3, 3, 2, 2, 4, 4, 785, 0, 0, 0, 0, 0, 0]",-1,-1.9487598412637725e-05,-1,1
4909,"[1, 2, 0, 0, 1, 3, 0, 3, 0, 1, 0, 0, 1, 0, 2, 0, 0, 0, 0, 0, 0, 0, 0, 0, 2, 0, 0, 0, 0, 0, 0, 0, 1, 1, 0, 1, 1, 0, 2, 2, 0, 0, 1, 0, 0, 0, 0, 1, 0, 0, 2, 2, 2, 0, 0, 0, 0, 0, 0, 0, 0, 0, 2, 2, 3, 0, 2, 1, 2, 1, 4, 3, 6, 5, 3, 3, 2, 2, 4, 4, 786, 0, 0, 0, 0, 0, 0]",4,12.6869975459042,-1,1
4910,"[1, 2, 0, 0, 1, 3, 0, 3, 0, 1, 0, 0, 1, 0, 2, 0, 0, 0, 0, 0, 0, 0, 0, 0, 2, 0, 0, 0, 0, 0, 0, 0, 1, 1, 0, 1, 1, 0, 2, 2, 0, 0, 1, 0, 0, 0, 0, 1, 0, 0, 2, 2, 2, 0, 0, 0, 0, 0, 0, 0, 0, 0, 2, 2, 3, 0, 2, 1, 2, 1, 4, 3, 6, 5, 3, 3, 2, 2, 4, 4, 786, 1, 0, 0, 0, 0, 0]",3,0.20000000001321805,-1,0
4911,"[1, 2, 0, 0, 1, 3, 0, 3, 0, 1, 0, 0, 1, 0, 2, 0, 0, 0, 0, 0, 0, 0, 0, 0, 2, 0, 0, 0, 0, 0, 0, 0, 1, 1, 0, 1, 1, 0, 2, 2, 0, 0, 1, 0, 0, 0, 0, 1, 0, 0, 2, 2, 2, 0, 0, 0, 0, 0, 0, 0, 0, 0, 2, 2, 3, 0, 2, 1, 2, 1, 4, 3, 6, 5, 3, 3, 2, 2, 4, 4, 786, 0, 0, 0, 0, 0, 0]",-1,-1.9293693568602533e-05,-1,0
4912,"[2, 2, 0, 0, 1, 4, 0, 3, 0, 1, 0, 0, 1, 0, 2, 0, 0, 0, 0, 0, 0, 0, 0, 0, 2, 0, 0, 0, 0, 0, 0, 0, 1, 1, 0, 1, 1, 0, 2, 2, 0, 0, 1, 0, 0, 0, 0, 1, 0, 0, 2, 2, 2, 0, 0, 0, 0, 0, 0, 0, 0, 0, 2, 2, 3, 0, 2, 1, 2, 1, 4, 3, 6, 5, 3, 3, 2, 2, 4, 4, 787, 0, 0, 0, 0, 0, 0]",4,14.016101256341017,-1,0
4913,"[2, 2, 0, 0, 1, 4, 0, 3, 0, 1, 0, 0, 1, 0, 2, 0, 0, 0, 0, 0, 0, 0, 0, 0, 2, 0, 0, 0, 0, 0, 0, 0, 1, 1, 0, 1, 1, 0, 2, 2, 0, 0, 1, 0, 0, 0, 0, 1, 0, 0, 2, 2, 2, 0, 0, 0, 0, 0, 0, 0, 0, 0, 2, 2, 3, 0, 2, 1, 2, 1, 4, 3, 6, 5, 3, 3, 2, 2, 4, 4, 787, 0, 0, 0, 0, 0, 0]",-1,-1.9101718110002336e-05,-1,1
4914,"[2, 2, 0, 0, 1, 4, 0, 3, 0, 1, 0, 0, 1, 0, 2, 0, 0, 0, 0, 0, 0, 0, 0, 0, 2, 0, 0, 0, 0, 0, 0, 0, 1, 1, 0, 1, 1, 0, 2, 2, 0, 0, 1, 0, 0, 0, 0, 1, 0, 0, 2, 2, 2, 0, 0, 0, 0, 0, 0, 0, 0, 0, 2, 2, 3, 0, 2, 1, 2, 1, 4, 3, 6, 5, 3, 3, 2, 2, 4, 4, 787, 0, 1, 0, 0, 0, 0]",2,0.40000000001269975,-1,1
4915,"[2, 2, 0, 0, 1, 4, 0, 3, 0, 1, 0, 0, 1, 0, 2, 0, 0, 0, 0, 0, 0, 0, 0, 0, 2, 0, 0, 0, 0, 0, 0, 0, 1, 1, 0, 1, 1, 0, 2, 2, 0, 0, 1, 0, 0, 0, 0, 1, 0, 0, 2, 2, 2, 0, 0, 0, 0, 0, 0, 0, 0, 0, 2, 2, 3, 0, 2, 1, 2, 1, 4, 3, 6, 5, 3, 3, 2, 2, 4, 4, 787, 0, 1, 0, 0, 1, 0]","[[0 2 0 1]
 [1 1 0 0]]",-0.03406779116326786,-1,1
4916,"[2, 2, 0, 0, 1, 4, 0, 3, 0, 1, 0, 0, 1, 0, 2, 0, 0, 0, 0, 0, 0, 0, 0, 0, 2, 0, 0, 0, 0, 0, 0, 0, 1, 1, 0, 1, 1, 0, 2, 2, 0, 0, 1, 0, 0, 0, 0, 1, 0, 0, 2, 2, 2, 0, 0, 0, 0, 0, 0, 0, 0, 0, 2, 2, 3, 0, 2, 1, 2, 1, 4, 3, 6, 5, 3, 3, 2, 2, 4, 4, 787, 0, 0, 0, 0, 0, 0]",1,-0.19999999998730025,-1,0
4917,"[2, 2, 0, 0, 1, 4, 0, 3, 0, 1, 0, 0, 1, 0, 2, 0, 0, 0, 0, 0, 0, 0, 0, 0, 2, 0, 0, 0, 0, 0, 0, 0, 1, 1, 0, 1, 1, 0, 2, 2, 0, 0, 1, 0, 0, 0, 0, 1, 0, 0, 2, 2, 2, 0, 0, 0, 0, 0, 0, 0, 0, 0, 2, 2, 3, 0, 2, 1, 2, 1, 4, 3, 6, 5, 3, 3, 2, 2, 4, 4, 787, 0, 0, 0, 0, 0, 0]",-1,-1.9101718110002336e-05,-1,1
4918,"[2, 2, 0, 0, 1, 4, 0, 3, 0, 1, 0, 0, 1, 0, 2, 0, 0, 0, 0, 0, 0, 0, 0, 0, 2, 0, 0, 0, 0, 0, 0, 0, 1, 1, 0, 1, 1, 0, 2, 2, 0, 0, 1, 0, 0, 0, 0, 1, 0, 0, 2, 2, 2, 0, 0, 0, 0, 0, 0, 0, 0, 0, 2, 2, 3, 0, 2, 1, 2, 1, 4, 3, 6, 5, 3, 3, 2, 2, 4, 4, 788, 0, 0, 0, 0, 0, 0]",4,12.620858614627327,-1,1
4919,"[2, 2, 0, 0, 1, 4, 0, 3, 0, 1, 0, 0, 1, 0, 2, 0, 0, 0, 0, 0, 0, 0, 0, 0, 2, 0, 0, 0, 0, 0, 0, 0, 1, 1, 0, 1, 1, 0, 2, 2, 0, 0, 1, 0, 0, 0, 0, 1, 0, 0, 2, 2, 2, 0, 0, 0, 0, 0, 0, 0, 0, 0, 2, 2, 3, 0, 2, 1, 2, 1, 4, 3, 6, 5, 3, 3, 2, 2, 4, 4, 788, 0, 1, 0, 0, 0, 0]",2,0.40000000001220176,-1,0
4920,"[2, 2, 0, 0, 1, 4, 0, 3, 0, 1, 0, 0, 1, 0, 2, 0, 0, 0, 0, 0, 0, 0, 0, 0, 2, 0, 0, 0, 0, 0, 0, 0, 1, 1, 0, 1, 1, 0, 2, 2, 0, 0, 1, 0, 0, 0, 0, 1, 0, 0, 2, 2, 2, 0, 0, 0, 0, 0, 0, 0, 0, 0, 2, 2, 3, 0, 2, 1, 2, 1, 4, 3, 6, 5, 3, 3, 2, 2, 4, 4, 788, 0, 1, 0, 0, 1, 0]","[[0 1 0 0]
 [0 0 0 1]]",0.6504248650702926,-1,0
4921,"[2, 2, 0, 0, 1, 4, 0, 3, 0, 1, 0, 0, 1, 0, 2, 0, 0, 0, 0, 0, 0, 0, 0, 0, 2, 0, 0, 0, 0, 0, 0, 0, 1, 1, 0, 1, 1, 0, 2, 2, 0, 0, 1, 0, 0, 0, 0, 1, 0, 0, 2, 2, 2, 0, 0, 0, 0, 0, 0, 0, 0, 0, 2, 2, 3, 0, 2, 1, 2, 1, 4, 3, 6, 5, 3, 3, 2, 2, 4, 4, 788, 0, 0, 0, 0, 0, 0]",1,-74.28103670979634,-1,1
4922,"[2, 2, 0, 0, 1, 4, 0, 3, 0, 1, 0, 0, 1, 0, 2, 0, 0, 0, 0, 0, 0, 0, 0, 0, 2, 0, 0, 0, 0, 0, 0, 0, 1, 1, 0, 1, 1, 0, 2, 2, 0, 0, 1, 0, 0, 0, 0, 1, 0, 0, 2, 2, 2, 0, 0, 0, 0, 0, 0, 0, 0, 0, 2, 2, 3, 0, 2, 1, 2, 1, 4, 3, 6, 5, 3, 3, 2, 2, 4, 4, 788, 0, 1, 0, 0, 0, 0]",2,0.40000000001220176,-1,0
4923,"[2, 2, 0, 0, 1, 4, 0, 3, 0, 1, 0, 0, 1, 0, 2, 0, 0, 0, 0, 0, 0, 0, 0, 0, 2, 0, 0, 0, 0, 0, 0, 0, 1, 1, 0, 1, 1, 0, 2, 2, 0, 0, 1, 0, 0, 0, 0, 1, 0, 0, 2, 2, 2, 0, 0, 0, 0, 0, 0, 0, 0, 0, 2, 2, 3, 0, 2, 1, 2, 1, 4, 3, 6, 5, 3, 3, 2, 2, 4, 4, 788, 0, 1, 0, 0, 1, 0]","[[1 0 0 0]
 [0 0 0 1]]",0.6504248650702926,-1,0
4924,"[1, 2, 0, 1, 2, 4, 0, 2, 0, 1, 0, 0, 1, 0, 2, 0, 0, 0, 0, 0, 0, 0, 0, 0, 2, 0, 0, 0, 0, 0, 0, 0, 1, 1, 0, 1, 1, 0, 2, 2, 0, 0, 1, 0, 0, 0, 0, 1, 0, 0, 2, 2, 2, 0, 0, 0, 0, 0, 0, 0, 0, 0, 2, 2, 3, 0, 2, 1, 2, 1, 4, 3, 6, 5, 3, 3, 2, 2, 4, 4, 788, 0, 0, 0, 0, 0, 0]",0,-0.19999999998779822,-1,1
4925,"[1, 1, 0, 1, 1, 2, 0, 1, 0, 1, 0, 0, 1, 0, 2, 0, 0, 0, 0, 0, 0, 0, 0, 0, 2, 0, 0, 0, 0, 0, 0, 0, 1, 1, 0, 1, 1, 0, 2, 2, 0, 0, 1, 0, 0, 0, 0, 1, 0, 0, 2, 2, 2, 0, 0, 0, 0, 0, 0, 0, 0, 0, 2, 2, 3, 0, 2, 1, 2, 1, 4, 3, 6, 5, 3, 3, 2, 2, 4, 3, 789, 0, 0, 0, 0, 0, 0]",4,14.533431107327527,-1,0
4926,"[1, 2, 0, 1, 1, 3, 0, 1, 0, 1, 0, 0, 1, 0, 2, 0, 0, 0, 0, 0, 0, 0, 0, 0, 2, 0, 0, 0, 0, 0, 0, 0, 1, 1, 0, 1, 1, 0, 2, 2, 0, 0, 1, 0, 0, 0, 0, 1, 0, 0, 2, 2, 2, 0, 0, 0, 0, 0, 0, 0, 0, 0, 2, 2, 3, 0, 2, 1, 2, 1, 4, 3, 6, 5, 3, 3, 2, 2, 4, 3, 790, 0, 0, 0, 0, 0, 0]",4,12.712992913284193,-1,1
4927,"[1, 3, 0, 1, 1, 4, 0, 1, 0, 1, 0, 0, 1, 0, 2, 0, 0, 0, 0, 0, 0, 0, 0, 0, 2, 0, 0, 0, 0, 0, 0, 0, 1, 1, 0, 1, 1, 0, 2, 2, 0, 0, 1, 0, 0, 0, 0, 1, 0, 0, 2, 2, 2, 0, 0, 0, 0, 0, 0, 0, 0, 0, 2, 2, 3, 0, 2, 1, 2, 1, 4, 3, 6, 5, 3, 3, 2, 2, 4, 3, 791, 0, 0, 0, 0, 0, 0]",4,14.112992540680299,-1,0
4928,"[1, 3, 0, 1, 1, 4, 0, 1, 0, 1, 0, 0, 1, 0, 2, 0, 0, 0, 0, 0, 0, 0, 0, 0, 2, 0, 0, 0, 0, 0, 0, 0, 1, 1, 0, 1, 1, 0, 2, 2, 0, 0, 1, 0, 0, 0, 0, 1, 0, 0, 2, 2, 2, 0, 0, 0, 0, 0, 0, 0, 0, 0, 2, 2, 3, 0, 2, 1, 2, 1, 4, 3, 6, 5, 3, 3, 2, 2, 4, 3, 791, 1, 0, 0, 0, 0, 0]",3,0.20000000001082202,-1,1
4929,"[1, 3, 0, 1, 1, 4, 0, 1, 0, 1, 0, 0, 1, 0, 2, 0, 0, 0, 0, 0, 0, 0, 0, 0, 2, 0, 0, 0, 0, 0, 0, 0, 1, 1, 0, 1, 1, 0, 2, 2, 0, 0, 1, 0, 0, 0, 0, 1, 0, 0, 2, 2, 2, 0, 0, 0, 0, 0, 0, 0, 0, 0, 2, 2, 3, 0, 2, 1, 2, 1, 4, 3, 6, 5, 3, 3, 2, 2, 4, 3, 791, 0, 0, 0, 0, 0, 0]",-1,-1.835272902975492e-05,-1,1
4930,"[1, 4, 0, 1, 1, 5, 0, 1, 0, 1, 0, 0, 1, 0, 2, 0, 0, 0, 0, 0, 0, 0, 0, 0, 2, 0, 0, 0, 0, 0, 0, 0, 1, 1, 0, 1, 1, 0, 2, 2, 0, 0, 1, 0, 0, 0, 0, 1, 0, 0, 2, 2, 2, 0, 0, 0, 0, 0, 0, 0, 0, 0, 2, 2, 3, 0, 2, 1, 2, 1, 4, 3, 6, 5, 3, 3, 2, 2, 4, 3, 792, 0, 0, 0, 0, 0, 0]",4,13.945804932057747,-1,0
4931,"[1, 4, 0, 1, 1, 5, 0, 1, 0, 1, 0, 0, 1, 0, 2, 0, 0, 0, 0, 0, 0, 0, 0, 0, 2, 0, 0, 0, 0, 0, 0, 0, 1, 1, 0, 1, 1, 0, 2, 2, 0, 0, 1, 0, 0, 0, 0, 1, 0, 0, 2, 2, 2, 0, 0, 0, 0, 0, 0, 0, 0, 0, 2, 2, 3, 0, 2, 1, 2, 1, 4, 3, 6, 5, 3, 3, 2, 2, 4, 3, 793, 0, 0, 0, 0, 0, 0]",4,12.43665960163557,-1,1
4932,"[1, 4, 0, 1, 1, 5, 0, 1, 0, 1, 0, 0, 1, 0, 2, 0, 0, 0, 0, 0, 0, 0, 0, 0, 2, 0, 0, 0, 0, 0, 0, 0, 1, 1, 0, 1, 1, 0, 2, 2, 0, 0, 1, 0, 0, 0, 0, 1, 0, 0, 2, 2, 2, 0, 0, 0, 0, 0, 0, 0, 0, 0, 2, 2, 3, 0, 2, 1, 2, 1, 4, 3, 6, 5, 3, 3, 2, 2, 4, 3, 793, 1, 0, 0, 0, 0, 0]",3,0.20000000000998996,-1,0
4933,"[1, 4, 0, 1, 1, 5, 0, 1, 0, 1, 0, 0, 1, 0, 2, 0, 0, 0, 0, 0, 0, 0, 0, 0, 2, 0, 0, 0, 0, 0, 0, 0, 1, 1, 0, 1, 1, 0, 2, 2, 0, 0, 1, 0, 0, 0, 0, 1, 0, 0, 2, 2, 2, 0, 0, 0, 0, 0, 0, 0, 0, 0, 2, 2, 3, 0, 2, 1, 2, 1, 4, 3, 6, 5, 3, 3, 2, 2, 4, 3, 793, 0, 0, 0, 0, 0, 0]",-1,-1.7989320646524137e-05,-1,0
4934,"[1, 5, 0, 1, 1, 6, 0, 1, 0, 1, 0, 0, 1, 0, 2, 0, 0, 0, 0, 0, 0, 0, 0, 0, 2, 0, 0, 0, 0, 0, 0, 0, 1, 1, 0, 1, 1, 0, 2, 2, 0, 0, 1, 0, 0, 0, 0, 1, 0, 0, 2, 2, 2, 0, 0, 0, 0, 0, 0, 0, 0, 0, 2, 2, 3, 0, 2, 1, 2, 1, 4, 3, 6, 5, 3, 3, 2, 2, 4, 3, 794, 0, 0, 0, 0, 0, 0]",4,13.836659240043824,-1,0
4935,"[1, 2, 0, 1, 1, 3, 0, 1, 0, 1, 0, 0, 1, 0, 2, 0, 0, 0, 0, 0, 0, 0, 0, 0, 2, 0, 0, 0, 0, 0, 0, 0, 1, 1, 0, 1, 1, 0, 2, 2, 0, 0, 1, 0, 0, 0, 0, 1, 0, 0, 2, 2, 2, 0, 0, 0, 0, 0, 0, 0, 0, 0, 2, 2, 3, 0, 2, 1, 2, 1, 4, 3, 6, 5, 3, 3, 2, 2, 4, 4, 795, 0, 0, 0, 0, 0, 0]",4,12.712991086972483,-1,1
4936,"[1, 2, 0, 1, 1, 3, 0, 1, 0, 1, 0, 0, 1, 0, 2, 0, 0, 0, 0, 0, 0, 0, 0, 0, 2, 0, 0, 0, 0, 0, 0, 0, 1, 1, 0, 1, 1, 0, 2, 2, 0, 0, 1, 0, 0, 0, 0, 1, 0, 0, 2, 2, 2, 0, 0, 0, 0, 0, 0, 0, 0, 0, 2, 2, 3, 0, 2, 1, 2, 1, 4, 3, 6, 5, 3, 3, 2, 2, 4, 4, 796, 0, 0, 0, 0, 0, 0]",4,14.373803829599167,-1,0
4937,"[1, 3, 0, 1, 1, 4, 0, 1, 0, 1, 0, 0, 1, 0, 2, 0, 0, 0, 0, 0, 0, 0, 0, 0, 2, 0, 0, 0, 0, 0, 0, 0, 1, 1, 0, 1, 1, 0, 2, 2, 0, 0, 1, 0, 0, 0, 0, 1, 0, 0, 2, 2, 2, 0, 0, 0, 0, 0, 0, 0, 0, 0, 2, 2, 3, 0, 2, 1, 2, 1, 4, 3, 6, 5, 3, 3, 2, 2, 4, 4, 797, 0, 0, 0, 0, 0, 0]",4,12.545803141909548,-1,1
4938,"[1, 3, 0, 1, 1, 4, 0, 1, 0, 1, 0, 0, 1, 0, 2, 0, 0, 0, 0, 0, 0, 0, 0, 0, 2, 0, 0, 0, 0, 0, 0, 0, 1, 1, 0, 1, 1, 0, 2, 2, 0, 0, 1, 0, 0, 0, 0, 1, 0, 0, 2, 2, 2, 0, 0, 0, 0, 0, 0, 0, 0, 0, 2, 2, 3, 0, 2, 1, 2, 1, 4, 3, 6, 5, 3, 3, 2, 2, 4, 4, 797, 0, 0, 0, 0, 0, 0]",1,0.6096241151081296,-1,0
4939,"[1, 3, 0, 1, 1, 4, 0, 1, 0, 1, 0, 0, 1, 0, 2, 0, 0, 0, 0, 0, 0, 0, 0, 0, 2, 0, 0, 0, 0, 0, 0, 0, 1, 1, 0, 1, 1, 0, 2, 2, 0, 0, 1, 0, 0, 0, 0, 1, 0, 0, 2, 2, 2, 0, 0, 0, 0, 0, 0, 0, 0, 0, 2, 2, 3, 0, 2, 1, 2, 1, 4, 3, 6, 5, 3, 3, 2, 2, 4, 4, 797, 0, 0, 0, 0, 0, 0]",-1,-1.728394929470525e-05,-1,0
4940,"[1, 3, 0, 1, 1, 4, 0, 1, 0, 1, 0, 0, 1, 0, 2, 0, 0, 0, 0, 0, 0, 0, 0, 0, 2, 0, 0, 0, 0, 0, 0, 0, 1, 1, 0, 1, 1, 0, 2, 2, 0, 0, 1, 0, 0, 0, 0, 1, 0, 0, 2, 2, 2, 0, 0, 0, 0, 0, 0, 0, 0, 0, 2, 2, 3, 0, 2, 1, 2, 1, 4, 3, 6, 5, 3, 3, 2, 2, 4, 4, 797, 1, 0, 0, 0, 0, 0]",3,0.20000000000851292,-1,0
4941,"[1, 3, 0, 1, 1, 4, 0, 1, 0, 1, 0, 0, 1, 0, 2, 0, 0, 0, 0, 0, 0, 0, 0, 0, 2, 0, 0, 0, 0, 0, 0, 0, 1, 1, 0, 1, 1, 0, 2, 2, 0, 0, 1, 0, 0, 0, 0, 1, 0, 0, 2, 2, 2, 0, 0, 0, 0, 0, 0, 0, 0, 0, 2, 2, 3, 0, 2, 1, 2, 1, 4, 3, 6, 5, 3, 3, 2, 2, 4, 4, 797, 0, 0, 0, 0, 0, 0]",-1,-1.728394929470525e-05,-1,0
4942,"[1, 3, 0, 1, 1, 4, 0, 1, 0, 1, 0, 0, 1, 0, 2, 0, 0, 0, 0, 0, 0, 0, 0, 0, 2, 0, 0, 0, 0, 0, 0, 0, 1, 1, 0, 1, 1, 0, 2, 2, 0, 0, 1, 0, 0, 0, 0, 1, 0, 0, 2, 2, 2, 0, 0, 0, 0, 0, 0, 0, 0, 0, 2, 2, 3, 0, 2, 1, 2, 1, 4, 3, 6, 5, 3, 3, 2, 2, 4, 4, 797, 0, 0, 0, 0, 0, 0]",1,0.6096241151081296,-1,0
4943,"[1, 3, 0, 1, 1, 4, 0, 1, 0, 1, 0, 0, 1, 0, 2, 0, 0, 0, 0, 0, 0, 0, 0, 0, 2, 0, 0, 0, 0, 0, 0, 0, 1, 1, 0, 1, 1, 0, 2, 2, 0, 0, 1, 0, 0, 0, 0, 1, 0, 0, 2, 2, 2, 0, 0, 0, 0, 0, 0, 0, 0, 0, 2, 2, 3, 0, 2, 1, 2, 1, 4, 3, 6, 5, 3, 3, 2, 2, 4, 4, 797, 0, 0, 0, 0, 0, 0]",-1,-1.728394929470525e-05,-1,0
4944,"[1, 3, 0, 1, 1, 4, 0, 1, 0, 1, 0, 0, 1, 0, 2, 0, 0, 0, 0, 0, 0, 0, 0, 0, 2, 0, 0, 0, 0, 0, 0, 0, 1, 1, 0, 1, 1, 0, 2, 2, 0, 0, 1, 0, 0, 0, 0, 1, 0, 0, 2, 2, 2, 0, 0, 0, 0, 0, 0, 0, 0, 0, 2, 2, 3, 0, 2, 1, 2, 1, 4, 3, 6, 5, 3, 3, 2, 2, 4, 4, 797, 0, 0, 0, 0, 0, 0]",1,0.6096241151081296,-1,0
4945,"[1, 3, 0, 1, 1, 4, 0, 1, 0, 1, 0, 0, 1, 0, 2, 0, 0, 0, 0, 0, 0, 0, 0, 0, 2, 0, 0, 0, 0, 0, 0, 0, 1, 1, 0, 1, 1, 0, 2, 2, 0, 0, 1, 0, 0, 0, 0, 1, 0, 0, 2, 2, 2, 0, 0, 0, 0, 0, 0, 0, 0, 0, 2, 2, 3, 0, 2, 1, 2, 1, 4, 3, 6, 5, 3, 3, 2, 2, 4, 4, 797, 0, 0, 0, 0, 0, 0]",-1,-1.728394929470525e-05,-1,0
4946,"[1, 3, 0, 1, 1, 4, 0, 1, 0, 1, 0, 0, 1, 0, 2, 0, 0, 0, 0, 0, 0, 0, 0, 0, 2, 0, 0, 0, 0, 0, 0, 0, 1, 1, 0, 1, 1, 0, 2, 2, 0, 0, 1, 0, 0, 0, 0, 1, 0, 0, 2, 2, 2, 0, 0, 0, 0, 0, 0, 0, 0, 0, 2, 2, 3, 0, 2, 1, 2, 1, 4, 3, 6, 5, 3, 3, 2, 2, 4, 4, 797, 0, 0, 0, 0, 0, 0]",1,0.6096241151081296,-1,0
4947,"[1, 3, 0, 1, 1, 4, 0, 1, 0, 1, 0, 0, 1, 0, 2, 0, 0, 0, 0, 0, 0, 0, 0, 0, 2, 0, 0, 0, 0, 0, 0, 0, 1, 1, 0, 1, 1, 0, 2, 2, 0, 0, 1, 0, 0, 0, 0, 1, 0, 0, 2, 2, 2, 0, 0, 0, 0, 0, 0, 0, 0, 0, 2, 2, 3, 0, 2, 1, 2, 1, 4, 3, 6, 5, 3, 3, 2, 2, 4, 4, 797, 0, 0, 0, 0, 0, 0]",-1,-1.728394929470525e-05,-1,0
4948,"[1, 3, 0, 1, 1, 4, 0, 2, 0, 1, 0, 0, 1, 0, 2, 0, 0, 0, 0, 0, 0, 0, 0, 0, 2, 0, 0, 0, 0, 0, 0, 0, 1, 1, 0, 1, 1, 0, 2, 2, 0, 0, 1, 0, 0, 0, 0, 1, 0, 0, 2, 2, 2, 0, 0, 0, 0, 0, 0, 0, 0, 0, 2, 2, 3, 0, 2, 1, 2, 1, 4, 3, 6, 5, 3, 3, 2, 2, 4, 4, 798, 0, 0, 0, 0, 0, 0]",4,14.1129900342222,-1,0
4949,"[1, 3, 0, 1, 1, 4, 0, 2, 0, 1, 0, 0, 1, 0, 2, 0, 0, 0, 0, 0, 0, 0, 0, 0, 2, 0, 0, 0, 0, 0, 0, 0, 1, 1, 0, 1, 1, 0, 2, 2, 0, 0, 1, 0, 0, 0, 0, 1, 0, 0, 2, 2, 2, 0, 0, 0, 0, 0, 0, 0, 0, 0, 2, 2, 3, 0, 2, 1, 2, 1, 4, 3, 6, 5, 3, 3, 2, 2, 4, 4, 798, 0, 0, 0, 0, 0, 0]",0,0.29497474683876235,-1,1
4950,"[1, 3, 0, 1, 1, 4, 0, 2, 0, 1, 0, 0, 1, 0, 2, 0, 0, 0, 0, 0, 0, 0, 0, 0, 2, 0, 0, 0, 0, 0, 0, 0, 1, 1, 0, 1, 1, 0, 2, 2, 0, 0, 1, 0, 0, 0, 0, 1, 0, 0, 2, 2, 2, 0, 0, 0, 0, 0, 0, 0, 0, 0, 2, 2, 3, 0, 2, 1, 2, 1, 4, 3, 6, 5, 3, 3, 2, 2, 4, 4, 798, 0, 0, 0, 0, 0, 0]",-1,-1.711197112575197e-05,-1,1
4951,"[1, 1, 0, 1, 1, 2, 0, 1, 0, 1, 0, 0, 1, 0, 2, 0, 0, 0, 0, 0, 0, 0, 0, 0, 2, 0, 0, 0, 0, 0, 0, 0, 1, 1, 0, 1, 1, 0, 2, 2, 0, 0, 1, 0, 0, 0, 0, 1, 0, 0, 2, 2, 2, 0, 0, 0, 0, 0, 0, 0, 0, 0, 2, 2, 3, 0, 2, 1, 2, 1, 4, 3, 6, 5, 3, 3, 2, 2, 4, 6, 799, 0, 0, 0, 0, 0, 0]",4,12.973802787323951,-1,1
4952,"[2, 1, 0, 1, 1, 3, 0, 1, 0, 1, 0, 0, 1, 0, 2, 0, 0, 0, 0, 0, 0, 0, 0, 0, 2, 0, 0, 0, 0, 0, 0, 0, 1, 1, 0, 1, 1, 0, 2, 2, 0, 0, 1, 0, 0, 0, 0, 1, 0, 0, 2, 2, 2, 0, 0, 0, 0, 0, 0, 0, 0, 0, 2, 2, 3, 0, 2, 1, 2, 1, 4, 3, 6, 5, 3, 3, 2, 2, 4, 6, 800, 0, 0, 0, 0, 0, 0]",4,14.37380244678973,-1,0
4953,"[2, 1, 0, 1, 3, 3, 0, 1, 0, 1, 0, 0, 1, 0, 2, 0, 0, 0, 0, 0, 0, 0, 0, 0, 2, 0, 0, 0, 0, 0, 0, 0, 1, 1, 0, 1, 1, 0, 2, 2, 0, 0, 1, 0, 0, 0, 0, 1, 0, 0, 2, 2, 2, 0, 0, 0, 0, 0, 0, 0, 0, 0, 2, 2, 3, 0, 2, 1, 2, 1, 4, 3, 6, 5, 3, 3, 2, 2, 4, 6, 801, 0, 0, 0, 0, 0, 0]",4,12.6869921169642,-1,1
4954,"[2, 1, 0, 1, 3, 3, 0, 1, 0, 1, 0, 0, 1, 0, 2, 0, 0, 0, 0, 0, 0, 0, 0, 0, 2, 0, 0, 0, 0, 0, 0, 0, 1, 1, 0, 1, 1, 0, 2, 2, 0, 0, 1, 0, 0, 0, 0, 1, 0, 0, 2, 2, 2, 0, 0, 0, 0, 0, 0, 0, 0, 0, 2, 2, 3, 0, 2, 1, 2, 1, 4, 3, 6, 5, 3, 3, 2, 2, 4, 6, 801, 0, 0, 0, 0, 0, 0]",1,0.6096241151068709,-1,0
4955,"[2, 1, 0, 1, 3, 3, 0, 1, 0, 1, 0, 0, 1, 0, 2, 0, 0, 0, 0, 0, 0, 0, 0, 0, 2, 0, 0, 0, 0, 0, 0, 0, 1, 1, 0, 1, 1, 0, 2, 2, 0, 0, 1, 0, 0, 0, 0, 1, 0, 0, 2, 2, 2, 0, 0, 0, 0, 0, 0, 0, 0, 0, 2, 2, 3, 0, 2, 1, 2, 1, 4, 3, 6, 5, 3, 3, 2, 2, 4, 6, 801, 0, 0, 0, 0, 0, 0]",-1,-1.660623594919705e-05,-1,0
4956,"[2, 1, 0, 1, 3, 3, 0, 1, 0, 1, 0, 0, 1, 0, 2, 0, 0, 0, 0, 0, 0, 0, 0, 0, 2, 0, 0, 0, 0, 0, 0, 0, 1, 1, 0, 1, 1, 0, 2, 2, 0, 0, 1, 0, 0, 0, 0, 1, 0, 0, 2, 2, 2, 0, 0, 0, 0, 0, 0, 0, 0, 0, 2, 2, 3, 0, 2, 1, 2, 1, 4, 3, 6, 5, 3, 3, 2, 2, 4, 6, 801, 0, 0, 0, 0, 0, 0]",1,0.6096241151068709,-1,0
4957,"[2, 1, 0, 1, 3, 3, 0, 1, 0, 1, 0, 0, 1, 0, 2, 0, 0, 0, 0, 0, 0, 0, 0, 0, 2, 0, 0, 0, 0, 0, 0, 0, 1, 1, 0, 1, 1, 0, 2, 2, 0, 0, 1, 0, 0, 0, 0, 1, 0, 0, 2, 2, 2, 0, 0, 0, 0, 0, 0, 0, 0, 0, 2, 2, 3, 0, 2, 1, 2, 1, 4, 3, 6, 5, 3, 3, 2, 2, 4, 6, 801, 0, 0, 0, 0, 0, 0]",-1,-1.660623594919705e-05,-1,0
4958,"[2, 1, 0, 1, 3, 3, 0, 1, 0, 1, 0, 0, 1, 0, 2, 0, 0, 0, 0, 0, 0, 0, 0, 0, 2, 0, 0, 0, 0, 0, 0, 0, 1, 1, 0, 1, 1, 0, 2, 2, 0, 0, 1, 0, 0, 0, 0, 1, 0, 0, 2, 2, 2, 0, 0, 0, 0, 0, 0, 0, 0, 0, 2, 2, 3, 0, 2, 1, 2, 1, 4, 3, 6, 5, 3, 3, 2, 2, 4, 6, 801, 0, 0, 0, 0, 0, 0]",1,0.6096241151068709,-1,0
4959,"[2, 1, 0, 1, 3, 3, 0, 1, 0, 1, 0, 0, 1, 0, 2, 0, 0, 0, 0, 0, 0, 0, 0, 0, 2, 0, 0, 0, 0, 0, 0, 0, 1, 1, 0, 1, 1, 0, 2, 2, 0, 0, 1, 0, 0, 0, 0, 1, 0, 0, 2, 2, 2, 0, 0, 0, 0, 0, 0, 0, 0, 0, 2, 2, 3, 0, 2, 1, 2, 1, 4, 3, 6, 5, 3, 3, 2, 2, 4, 6, 801, 0, 0, 0, 0, 0, 0]",-1,-1.660623594919705e-05,-1,0
4960,"[2, 1, 0, 1, 3, 3, 0, 1, 0, 1, 0, 0, 1, 0, 2, 0, 0, 0, 0, 0, 0, 0, 0, 0, 2, 0, 0, 0, 0, 0, 0, 0, 1, 1, 0, 1, 1, 0, 2, 2, 0, 0, 1, 0, 0, 0, 0, 1, 0, 0, 2, 2, 2, 0, 0, 0, 0, 0, 0, 0, 0, 0, 2, 2, 3, 0, 2, 1, 2, 1, 4, 3, 6, 5, 3, 3, 2, 2, 4, 6, 802, 0, 0, 0, 0, 0, 0]",4,14.37380177585271,-1,0
4961,"[2, 1, 0, 1, 3, 3, 0, 1, 0, 1, 0, 0, 1, 0, 2, 0, 0, 0, 0, 0, 0, 0, 0, 0, 2, 0, 0, 0, 0, 0, 0, 0, 1, 1, 0, 1, 1, 0, 2, 2, 0, 0, 1, 0, 0, 0, 0, 1, 0, 0, 2, 2, 2, 0, 0, 0, 0, 0, 0, 0, 0, 0, 2, 2, 3, 0, 2, 1, 2, 1, 4, 3, 6, 5, 3, 3, 2, 2, 4, 6, 802, 0, 0, 0, 0, 0, 0]",-1,-1.6441001140701998e-05,-1,1
4962,"[2, 1, 0, 1, 3, 3, 0, 1, 0, 1, 0, 0, 1, 0, 2, 0, 0, 0, 0, 0, 0, 0, 0, 0, 2, 0, 0, 0, 0, 0, 0, 0, 1, 1, 0, 1, 1, 0, 2, 2, 0, 0, 1, 0, 0, 0, 0, 1, 0, 0, 2, 2, 2, 0, 0, 0, 0, 0, 0, 0, 0, 0, 2, 2, 3, 0, 2, 1, 2, 1, 4, 3, 6, 5, 3, 3, 2, 2, 4, 6, 802, 0, 0, 0, 0, 0, 0]",-1,-1.6441001140701998e-05,-1,1
4963,"[2, 1, 0, 1, 5, 3, 0, 1, 0, 1, 0, 0, 1, 0, 2, 0, 0, 0, 0, 0, 0, 0, 0, 0, 2, 0, 0, 0, 0, 0, 0, 0, 1, 1, 0, 1, 1, 0, 2, 2, 0, 0, 1, 0, 0, 0, 0, 1, 0, 0, 2, 2, 2, 0, 0, 0, 0, 0, 0, 0, 0, 0, 2, 2, 3, 0, 2, 1, 2, 1, 4, 3, 6, 5, 3, 3, 2, 2, 4, 6, 803, 0, 0, 0, 0, 0, 0]",4,12.558395033309028,-1,1
4964,"[2, 1, 0, 1, 5, 3, 0, 1, 0, 1, 0, 0, 1, 0, 2, 0, 0, 0, 0, 0, 0, 0, 0, 0, 2, 0, 0, 0, 0, 0, 0, 0, 1, 1, 0, 1, 1, 0, 2, 2, 0, 0, 1, 0, 0, 0, 0, 1, 0, 0, 2, 2, 2, 0, 0, 0, 0, 0, 0, 0, 0, 0, 2, 2, 3, 0, 2, 1, 2, 1, 4, 3, 6, 5, 3, 3, 2, 2, 4, 6, 803, 1, 0, 0, 0, 0, 0]",3,0.20000000000669652,-1,0
4965,"[0, 1, 0, 2, 5, 3, 0, 1, 0, 1, 0, 0, 1, 0, 2, 0, 0, 0, 0, 0, 0, 0, 0, 0, 2, 0, 0, 0, 0, 0, 0, 0, 1, 1, 0, 1, 1, 0, 2, 2, 0, 0, 1, 0, 0, 0, 0, 1, 0, 0, 2, 2, 2, 0, 0, 0, 0, 0, 0, 0, 0, 0, 2, 2, 3, 0, 2, 1, 2, 1, 4, 3, 6, 5, 3, 3, 2, 2, 4, 6, 803, 0, 0, 0, 0, 0, 0]","[[2 0 0 0]
 [0 0 0 1]]",-0.19854231808226244,-1,0
4966,"[0, 1, 0, 2, 5, 3, 0, 1, 0, 1, 0, 0, 1, 0, 2, 0, 0, 0, 0, 0, 0, 0, 0, 0, 2, 0, 0, 0, 0, 0, 0, 0, 1, 1, 0, 1, 1, 0, 2, 2, 0, 0, 1, 0, 0, 0, 0, 1, 0, 0, 2, 2, 2, 0, 0, 0, 0, 0, 0, 0, 0, 0, 2, 2, 3, 0, 2, 1, 2, 1, 4, 3, 6, 5, 3, 3, 2, 2, 4, 6, 803, 1, 0, 0, 0, 0, 0]",3,0.20000000000669652,-1,0
4967,"[0, 1, 0, 2, 5, 3, 0, 1, 0, 1, 0, 0, 1, 0, 2, 0, 0, 0, 0, 0, 0, 0, 0, 0, 2, 0, 0, 0, 0, 0, 0, 0, 1, 1, 0, 1, 1, 0, 2, 2, 0, 0, 1, 0, 0, 0, 0, 1, 0, 0, 2, 2, 2, 0, 0, 0, 0, 0, 0, 0, 0, 0, 2, 2, 3, 0, 2, 1, 2, 1, 4, 3, 6, 5, 3, 3, 2, 2, 4, 6, 803, 0, 0, 0, 0, 0, 0]",-1,-1.62774104460219e-05,-1,0
4968,"[0, 1, 0, 2, 5, 3, 0, 1, 0, 1, 0, 0, 1, 0, 2, 0, 0, 0, 0, 0, 0, 0, 0, 0, 2, 0, 0, 0, 0, 0, 0, 0, 1, 1, 0, 1, 1, 0, 2, 2, 0, 0, 1, 0, 0, 0, 0, 1, 0, 0, 2, 2, 2, 0, 0, 0, 0, 0, 0, 0, 0, 0, 2, 2, 3, 0, 2, 1, 2, 1, 4, 3, 6, 5, 3, 3, 2, 2, 4, 6, 803, 1, 0, 0, 0, 0, 0]",3,0.20000000000669652,-1,0
4969,"[0, 1, 0, 2, 5, 3, 0, 1, 0, 1, 0, 0, 1, 0, 2, 0, 0, 0, 0, 0, 0, 0, 0, 0, 2, 0, 0, 0, 0, 0, 0, 0, 1, 1, 0, 1, 1, 0, 2, 2, 0, 0, 1, 0, 0, 0, 0, 1, 0, 0, 2, 2, 2, 0, 0, 0, 0, 0, 0, 0, 0, 0, 2, 2, 3, 0, 2, 1, 2, 1, 4, 3, 6, 5, 3, 3, 2, 2, 4, 6, 803, 0, 0, 0, 0, 0, 0]",-1,-1.62774104460219e-05,-1,0
4970,"[1, 1, 0, 2, 5, 4, 0, 1, 0, 1, 0, 0, 1, 0, 2, 0, 0, 0, 0, 0, 0, 0, 0, 0, 2, 0, 0, 0, 0, 0, 0, 0, 1, 1, 0, 1, 1, 0, 2, 2, 0, 0, 1, 0, 0, 0, 0, 1, 0, 0, 2, 2, 2, 0, 0, 0, 0, 0, 0, 0, 0, 0, 2, 2, 3, 0, 2, 1, 2, 1, 4, 3, 6, 5, 3, 3, 2, 2, 4, 6, 804, 0, 0, 0, 0, 0, 0]",4,14.37380111820117,-1,0
4971,"[1, 1, 0, 2, 5, 4, 0, 1, 0, 1, 0, 0, 1, 0, 2, 0, 0, 0, 0, 0, 0, 0, 0, 0, 2, 0, 0, 0, 0, 0, 0, 0, 1, 1, 0, 1, 1, 0, 2, 2, 0, 0, 1, 0, 0, 0, 0, 1, 0, 0, 2, 2, 2, 0, 0, 0, 0, 0, 0, 0, 0, 0, 2, 2, 3, 0, 2, 1, 2, 1, 4, 3, 6, 5, 3, 3, 2, 2, 4, 6, 804, 0, 0, 0, 0, 0, 0]",-1,-1.611544750595093e-05,-1,1
4972,"[1, 1, 0, 2, 5, 4, 0, 1, 0, 1, 0, 0, 1, 0, 2, 0, 0, 0, 0, 0, 0, 0, 0, 0, 2, 0, 0, 0, 0, 0, 0, 0, 1, 1, 0, 1, 1, 0, 2, 2, 0, 0, 1, 0, 0, 0, 0, 1, 0, 0, 2, 2, 2, 0, 0, 0, 0, 0, 0, 0, 0, 0, 2, 2, 3, 0, 2, 1, 2, 1, 4, 3, 6, 5, 3, 3, 2, 2, 4, 6, 804, 0, 0, 0, 0, 0, 0]",1,0.6096241151060506,-1,1
4973,"[1, 1, 0, 2, 5, 4, 0, 1, 0, 1, 0, 0, 1, 0, 2, 0, 0, 0, 0, 0, 0, 0, 0, 0, 2, 0, 0, 0, 0, 0, 0, 0, 1, 1, 0, 1, 1, 0, 2, 2, 0, 0, 1, 0, 0, 0, 0, 1, 0, 0, 2, 2, 2, 0, 0, 0, 0, 0, 0, 0, 0, 0, 2, 2, 3, 0, 2, 1, 2, 1, 4, 3, 6, 5, 3, 3, 2, 2, 4, 6, 804, 0, 0, 0, 0, 0, 0]",-1,-1.611544750595093e-05,-1,1
4974,"[1, 1, 0, 2, 7, 4, 0, 1, 0, 1, 0, 0, 1, 0, 2, 0, 0, 0, 0, 0, 0, 0, 0, 0, 2, 0, 0, 0, 0, 0, 0, 0, 1, 1, 0, 1, 1, 0, 2, 2, 0, 0, 1, 0, 0, 0, 0, 1, 0, 0, 2, 2, 2, 0, 0, 0, 0, 0, 0, 0, 0, 0, 2, 2, 3, 0, 2, 1, 2, 1, 4, 3, 6, 5, 3, 3, 2, 2, 4, 6, 805, 0, 0, 0, 0, 0, 0]",4,12.484630654103958,-1,1
4975,"[1, 1, 0, 2, 7, 4, 0, 1, 0, 1, 0, 0, 1, 0, 2, 0, 0, 0, 0, 0, 0, 0, 0, 0, 2, 0, 0, 0, 0, 0, 0, 0, 1, 1, 0, 1, 1, 0, 2, 2, 0, 0, 1, 0, 0, 0, 0, 1, 0, 0, 2, 2, 2, 0, 0, 0, 0, 0, 0, 0, 0, 0, 2, 2, 3, 0, 2, 1, 2, 1, 4, 3, 6, 5, 3, 3, 2, 2, 4, 6, 805, 0, 0, 0, 0, 0, 0]",0,0.24271887242975473,-1,0
4976,"[1, 1, 0, 2, 7, 4, 0, 1, 0, 1, 0, 0, 1, 0, 2, 0, 0, 0, 0, 0, 0, 0, 0, 0, 2, 0, 0, 0, 0, 0, 0, 0, 1, 1, 0, 1, 1, 0, 2, 2, 0, 0, 1, 0, 0, 0, 0, 1, 0, 0, 2, 2, 2, 0, 0, 0, 0, 0, 0, 0, 0, 0, 2, 2, 3, 0, 2, 1, 2, 1, 4, 3, 6, 5, 3, 3, 2, 2, 4, 6, 805, 0, 0, 0, 0, 0, 0]",-1,-1.5955096124060164e-05,-1,0
4977,"[1, 1, 0, 2, 7, 4, 0, 1, 0, 1, 0, 0, 1, 0, 2, 0, 0, 0, 0, 0, 0, 0, 0, 0, 2, 0, 0, 0, 0, 0, 0, 0, 1, 1, 0, 1, 1, 0, 2, 2, 0, 0, 1, 0, 0, 0, 0, 1, 0, 0, 2, 2, 2, 0, 0, 0, 0, 0, 0, 0, 0, 0, 2, 2, 3, 0, 2, 1, 2, 1, 4, 3, 6, 5, 3, 3, 2, 2, 4, 6, 805, 0, 0, 0, 0, 0, 0]",0,0.24271887242975473,-1,0
4978,"[1, 1, 0, 2, 7, 4, 0, 1, 0, 1, 0, 0, 1, 0, 2, 0, 0, 0, 0, 0, 0, 0, 0, 0, 2, 0, 0, 0, 0, 0, 0, 0, 1, 1, 0, 1, 1, 0, 2, 2, 0, 0, 1, 0, 0, 0, 0, 1, 0, 0, 2, 2, 2, 0, 0, 0, 0, 0, 0, 0, 0, 0, 2, 2, 3, 0, 2, 1, 2, 1, 4, 3, 6, 5, 3, 3, 2, 2, 4, 6, 805, 0, 0, 0, 0, 0, 0]",-1,-1.5955096124060164e-05,-1,0
4979,"[1, 1, 0, 2, 7, 4, 0, 1, 0, 1, 0, 0, 1, 0, 2, 0, 0, 0, 0, 0, 0, 0, 0, 0, 2, 0, 0, 0, 0, 0, 0, 0, 1, 1, 0, 1, 1, 0, 2, 2, 0, 0, 1, 0, 0, 0, 0, 1, 0, 0, 2, 2, 2, 0, 0, 0, 0, 0, 0, 0, 0, 0, 2, 2, 3, 0, 2, 1, 2, 1, 4, 3, 6, 5, 3, 3, 2, 2, 4, 6, 805, 0, 0, 0, 0, 0, 0]",0,0.24271887242975473,-1,0
4980,"[1, 1, 0, 2, 7, 4, 0, 1, 0, 1, 0, 0, 1, 0, 2, 0, 0, 0, 0, 0, 0, 0, 0, 0, 2, 0, 0, 0, 0, 0, 0, 0, 1, 1, 0, 1, 1, 0, 2, 2, 0, 0, 1, 0, 0, 0, 0, 1, 0, 0, 2, 2, 2, 0, 0, 0, 0, 0, 0, 0, 0, 0, 2, 2, 3, 0, 2, 1, 2, 1, 4, 3, 6, 5, 3, 3, 2, 2, 4, 6, 805, 0, 0, 0, 0, 0, 0]",-1,-1.5955096124060164e-05,-1,0
4981,"[1, 1, 0, 2, 7, 4, 0, 1, 0, 1, 0, 0, 1, 0, 2, 0, 0, 0, 0, 0, 0, 0, 0, 0, 2, 0, 0, 0, 0, 0, 0, 0, 1, 1, 0, 1, 1, 0, 2, 2, 0, 0, 1, 0, 0, 0, 0, 1, 0, 0, 2, 2, 2, 0, 0, 0, 0, 0, 0, 0, 0, 0, 2, 2, 3, 0, 2, 1, 2, 1, 4, 3, 6, 5, 3, 3, 2, 2, 4, 6, 805, 0, 0, 0, 0, 0, 0]",0,0.24271887242975473,-1,0
4982,"[1, 1, 0, 2, 7, 4, 0, 1, 0, 1, 0, 0, 1, 0, 2, 0, 0, 0, 0, 0, 0, 0, 0, 0, 2, 0, 0, 0, 0, 0, 0, 0, 1, 1, 0, 1, 1, 0, 2, 2, 0, 0, 1, 0, 0, 0, 0, 1, 0, 0, 2, 2, 2, 0, 0, 0, 0, 0, 0, 0, 0, 0, 2, 2, 3, 0, 2, 1, 2, 1, 4, 3, 6, 5, 3, 3, 2, 2, 4, 6, 805, 0, 0, 0, 0, 0, 0]",-1,-1.5955096124060164e-05,-1,0
4983,"[1, 1, 0, 2, 7, 4, 0, 1, 0, 1, 0, 0, 1, 0, 2, 0, 0, 0, 0, 0, 0, 0, 0, 0, 2, 0, 0, 0, 0, 0, 0, 0, 1, 1, 0, 1, 1, 0, 2, 2, 0, 0, 1, 0, 0, 0, 0, 1, 0, 0, 2, 2, 2, 0, 0, 0, 0, 0, 0, 0, 0, 0, 2, 2, 3, 0, 2, 1, 2, 1, 4, 3, 6, 5, 3, 3, 2, 2, 4, 6, 805, 0, 0, 0, 0, 0, 0]",0,0.24271887242975473,-1,0
4984,"[1, 1, 0, 2, 7, 4, 0, 1, 0, 1, 0, 0, 1, 0, 2, 0, 0, 0, 0, 0, 0, 0, 0, 0, 2, 0, 0, 0, 0, 0, 0, 0, 1, 1, 0, 1, 1, 0, 2, 2, 0, 0, 1, 0, 0, 0, 0, 1, 0, 0, 2, 2, 2, 0, 0, 0, 0, 0, 0, 0, 0, 0, 2, 2, 3, 0, 2, 1, 2, 1, 4, 3, 6, 5, 3, 3, 2, 2, 4, 6, 805, 0, 0, 0, 0, 0, 0]",-1,-1.5955096124060164e-05,-1,0
4985,"[1, 1, 0, 2, 7, 4, 0, 1, 0, 1, 0, 0, 1, 0, 2, 0, 0, 0, 0, 0, 0, 0, 0, 0, 2, 0, 0, 0, 0, 0, 0, 0, 1, 1, 0, 1, 1, 0, 2, 2, 0, 0, 1, 0, 0, 0, 0, 1, 0, 0, 2, 2, 2, 0, 0, 0, 0, 0, 0, 0, 0, 0, 2, 2, 3, 0, 2, 1, 2, 1, 4, 3, 6, 5, 3, 3, 2, 2, 4, 6, 805, 0, 0, 0, 0, 0, 0]",0,0.24271887242975473,-1,0
4986,"[1, 1, 0, 2, 7, 4, 0, 1, 0, 1, 0, 0, 1, 0, 2, 0, 0, 0, 0, 0, 0, 0, 0, 0, 2, 0, 0, 0, 0, 0, 0, 0, 1, 1, 0, 1, 1, 0, 2, 2, 0, 0, 1, 0, 0, 0, 0, 1, 0, 0, 2, 2, 2, 0, 0, 0, 0, 0, 0, 0, 0, 0, 2, 2, 3, 0, 2, 1, 2, 1, 4, 3, 6, 5, 3, 3, 2, 2, 4, 6, 805, 0, 0, 0, 0, 0, 0]",-1,-1.5955096124060164e-05,-1,0
4987,"[1, 1, 0, 2, 7, 4, 0, 1, 0, 1, 0, 0, 1, 0, 2, 0, 0, 0, 0, 0, 0, 0, 0, 0, 2, 0, 0, 0, 0, 0, 0, 0, 1, 1, 0, 1, 1, 0, 2, 2, 0, 0, 1, 0, 0, 0, 0, 1, 0, 0, 2, 2, 2, 0, 0, 0, 0, 0, 0, 0, 0, 0, 2, 2, 3, 0, 2, 1, 2, 1, 4, 3, 6, 5, 3, 3, 2, 2, 4, 6, 805, 0, 0, 0, 0, 0, 0]",0,0.24271887242975473,-1,0
4988,"[1, 1, 0, 2, 7, 4, 0, 1, 0, 1, 0, 0, 1, 0, 2, 0, 0, 0, 0, 0, 0, 0, 0, 0, 2, 0, 0, 0, 0, 0, 0, 0, 1, 1, 0, 1, 1, 0, 2, 2, 0, 0, 1, 0, 0, 0, 0, 1, 0, 0, 2, 2, 2, 0, 0, 0, 0, 0, 0, 0, 0, 0, 2, 2, 3, 0, 2, 1, 2, 1, 4, 3, 6, 5, 3, 3, 2, 2, 4, 6, 805, 0, 0, 0, 0, 0, 0]",-1,-1.5955096124060164e-05,-1,0
4989,"[1, 1, 0, 2, 7, 4, 0, 1, 0, 1, 0, 0, 1, 0, 2, 0, 0, 0, 0, 0, 0, 0, 0, 0, 2, 0, 0, 0, 0, 0, 0, 0, 1, 1, 0, 1, 1, 0, 2, 2, 0, 0, 1, 0, 0, 0, 0, 1, 0, 0, 2, 2, 2, 0, 0, 0, 0, 0, 0, 0, 0, 0, 2, 2, 3, 0, 2, 1, 2, 1, 4, 3, 6, 5, 3, 3, 2, 2, 4, 6, 805, 0, 0, 0, 0, 0, 0]",0,0.24271887242975473,-1,0
4990,"[1, 1, 0, 2, 7, 4, 0, 1, 0, 1, 0, 0, 1, 0, 2, 0, 0, 0, 0, 0, 0, 0, 0, 0, 2, 0, 0, 0, 0, 0, 0, 0, 1, 1, 0, 1, 1, 0, 2, 2, 0, 0, 1, 0, 0, 0, 0, 1, 0, 0, 2, 2, 2, 0, 0, 0, 0, 0, 0, 0, 0, 0, 2, 2, 3, 0, 2, 1, 2, 1, 4, 3, 6, 5, 3, 3, 2, 2, 4, 6, 805, 0, 0, 0, 0, 0, 0]",-1,-1.5955096124060164e-05,-1,0
4991,"[1, 1, 0, 2, 7, 4, 0, 1, 0, 1, 0, 0, 1, 0, 2, 0, 0, 0, 0, 0, 0, 0, 0, 0, 2, 0, 0, 0, 0, 0, 0, 0, 1, 1, 0, 1, 1, 0, 2, 2, 0, 0, 1, 0, 0, 0, 0, 1, 0, 0, 2, 2, 2, 0, 0, 0, 0, 0, 0, 0, 0, 0, 2, 2, 3, 0, 2, 1, 2, 1, 4, 3, 6, 5, 3, 3, 2, 2, 4, 6, 805, 0, 0, 0, 0, 0, 0]",1,0.6096241151057984,-1,0
4992,"[1, 1, 0, 2, 7, 4, 0, 1, 0, 1, 0, 0, 1, 0, 2, 0, 0, 0, 0, 0, 0, 0, 0, 0, 2, 0, 0, 0, 0, 0, 0, 0, 1, 1, 0, 1, 1, 0, 2, 2, 0, 0, 1, 0, 0, 0, 0, 1, 0, 0, 2, 2, 2, 0, 0, 0, 0, 0, 0, 0, 0, 0, 2, 2, 3, 0, 2, 1, 2, 1, 4, 3, 6, 5, 3, 3, 2, 2, 4, 6, 805, 0, 0, 0, 0, 0, 0]",-1,-1.5955096124060164e-05,-1,0
4993,"[1, 1, 0, 2, 7, 4, 0, 1, 0, 1, 0, 0, 1, 0, 2, 0, 0, 0, 0, 0, 0, 0, 0, 0, 2, 0, 0, 0, 0, 0, 0, 0, 1, 1, 0, 1, 1, 0, 2, 2, 0, 0, 1, 0, 0, 0, 0, 1, 0, 0, 2, 2, 2, 0, 0, 0, 0, 0, 0, 0, 0, 0, 2, 2, 3, 0, 2, 1, 2, 1, 4, 3, 6, 5, 3, 3, 2, 2, 4, 6, 805, 1, 0, 0, 0, 0, 0]",3,0.20000000000618165,-1,0
4994,"[1, 1, 0, 2, 7, 4, 0, 1, 0, 1, 0, 0, 1, 0, 2, 0, 0, 0, 0, 0, 0, 0, 0, 0, 2, 0, 0, 0, 0, 0, 0, 0, 1, 1, 0, 1, 1, 0, 2, 2, 0, 0, 1, 0, 0, 0, 0, 1, 0, 0, 2, 2, 2, 0, 0, 0, 0, 0, 0, 0, 0, 0, 2, 2, 3, 0, 2, 1, 2, 1, 4, 3, 6, 5, 3, 3, 2, 2, 4, 6, 805, 0, 0, 0, 0, 0, 0]",-1,-1.5955096124060164e-05,-1,0
4995,"[1, 1, 0, 2, 7, 4, 0, 1, 0, 1, 0, 0, 1, 0, 2, 0, 0, 0, 0, 0, 0, 0, 0, 0, 2, 0, 0, 0, 0, 0, 0, 0, 1, 1, 0, 1, 1, 0, 2, 2, 0, 0, 1, 0, 0, 0, 0, 1, 0, 0, 2, 2, 2, 0, 0, 0, 0, 0, 0, 0, 0, 0, 2, 2, 3, 0, 2, 1, 2, 1, 4, 3, 6, 5, 3, 3, 2, 2, 4, 6, 806, 0, 0, 0, 0, 0, 0]",4,14.37380047357203,-1,0
4996,"[1, 1, 0, 2, 7, 4, 0, 1, 0, 1, 0, 0, 1, 0, 2, 0, 0, 0, 0, 0, 0, 0, 0, 0, 2, 0, 0, 0, 0, 0, 0, 0, 1, 1, 0, 1, 1, 0, 2, 2, 0, 0, 1, 0, 0, 0, 0, 1, 0, 0, 2, 2, 2, 0, 0, 0, 0, 0, 0, 0, 0, 0, 2, 2, 3, 0, 2, 1, 2, 1, 4, 3, 6, 5, 3, 3, 2, 2, 4, 6, 806, 0, 0, 0, 0, 0, 0]",0,0.29497474683652253,-1,1
4997,"[1, 1, 0, 2, 7, 4, 0, 1, 0, 1, 0, 0, 1, 0, 2, 0, 0, 0, 0, 0, 0, 0, 0, 0, 2, 0, 0, 0, 0, 0, 0, 0, 1, 1, 0, 1, 1, 0, 2, 2, 0, 0, 1, 0, 0, 0, 0, 1, 0, 0, 2, 2, 2, 0, 0, 0, 0, 0, 0, 0, 0, 0, 2, 2, 3, 0, 2, 1, 2, 1, 4, 3, 6, 5, 3, 3, 2, 2, 4, 6, 806, 0, 0, 0, 0, 0, 0]",-1,-1.5796340265077764e-05,-1,1
4998,"[1, 1, 0, 2, 9, 4, 0, 1, 0, 1, 0, 0, 1, 0, 2, 0, 0, 0, 0, 0, 0, 0, 0, 0, 2, 0, 0, 0, 0, 0, 0, 0, 1, 1, 0, 1, 1, 0, 2, 2, 0, 0, 1, 0, 0, 0, 0, 1, 0, 0, 2, 2, 2, 0, 0, 0, 0, 0, 0, 0, 0, 0, 2, 2, 3, 0, 2, 1, 2, 1, 4, 3, 6, 5, 3, 3, 2, 2, 4, 6, 807, 0, 0, 0, 0, 0, 0]",4,12.42328205699212,-1,1
4999,"[1, 1, 0, 2, 9, 4, 0, 1, 0, 1, 0, 0, 1, 0, 2, 0, 0, 0, 0, 0, 0, 0, 0, 0, 2, 0, 0, 0, 0, 0, 0, 0, 1, 1, 0, 1, 1, 0, 2, 2, 0, 0, 1, 0, 0, 0, 0, 1, 0, 0, 2, 2, 2, 0, 0, 0, 0, 0, 0, 0, 0, 0, 2, 2, 3, 0, 2, 1, 2, 1, 4, 3, 6, 5, 3, 3, 2, 2, 4, 6, 807, 1, 0, 0, 0, 0, 0]",3,0.2000000000057064,-1,0
5000,"[1, 1, 0, 2, 9, 4, 0, 1, 0, 1, 0, 0, 1, 0, 2, 0, 0, 0, 0, 0, 0, 0, 0, 0, 2, 0, 0, 0, 0, 0, 0, 0, 1, 1, 0, 1, 1, 0, 2, 2, 0, 0, 1, 0, 0, 0, 0, 1, 0, 0, 2, 2, 2, 0, 0, 0, 0, 0, 0, 0, 0, 0, 2, 2, 3, 0, 2, 1, 2, 1, 4, 3, 6, 5, 3, 3, 2, 2, 4, 6, 807, 0, 0, 0, 0, 0, 0]",-1,-1.5639164053285534e-05,-1,0
5001,"[1, 1, 0, 2, 9, 4, 0, 1, 0, 1, 0, 0, 1, 0, 2, 0, 0, 0, 0, 0, 0, 0, 0, 0, 2, 0, 0, 0, 0, 0, 0, 0, 1, 1, 0, 1, 1, 0, 2, 2, 0, 0, 1, 0, 0, 0, 0, 1, 0, 0, 2, 2, 2, 0, 0, 0, 0, 0, 0, 0, 0, 0, 2, 2, 3, 0, 2, 1, 2, 1, 4, 3, 6, 5, 3, 3, 2, 2, 4, 6, 807, 0, 0, 0, 0, 0, 0]",1,0.6096241151053231,-1,0
5002,"[1, 1, 0, 2, 9, 4, 0, 1, 0, 1, 0, 0, 1, 0, 2, 0, 0, 0, 0, 0, 0, 0, 0, 0, 2, 0, 0, 0, 0, 0, 0, 0, 1, 1, 0, 1, 1, 0, 2, 2, 0, 0, 1, 0, 0, 0, 0, 1, 0, 0, 2, 2, 2, 0, 0, 0, 0, 0, 0, 0, 0, 0, 2, 2, 3, 0, 2, 1, 2, 1, 4, 3, 6, 5, 3, 3, 2, 2, 4, 6, 807, 0, 0, 0, 0, 0, 0]",-1,-1.5639164053285534e-05,-1,0
5003,"[1, 1, 0, 2, 9, 4, 0, 1, 0, 1, 0, 0, 1, 0, 2, 0, 0, 0, 0, 0, 0, 0, 0, 0, 2, 0, 0, 0, 0, 0, 0, 0, 1, 1, 0, 1, 1, 0, 2, 2, 0, 0, 1, 0, 0, 0, 0, 1, 0, 0, 2, 2, 2, 0, 0, 0, 0, 0, 0, 0, 0, 0, 2, 2, 3, 0, 2, 1, 2, 1, 4, 3, 6, 5, 3, 3, 2, 2, 4, 6, 807, 1, 0, 0, 0, 0, 0]",3,0.2000000000057064,-1,0
5004,"[1, 1, 0, 2, 9, 4, 0, 1, 0, 1, 0, 0, 1, 0, 2, 0, 0, 0, 0, 0, 0, 0, 0, 0, 2, 0, 0, 0, 0, 0, 0, 0, 1, 1, 0, 1, 1, 0, 2, 2, 0, 0, 1, 0, 0, 0, 0, 1, 0, 0, 2, 2, 2, 0, 0, 0, 0, 0, 0, 0, 0, 0, 2, 2, 3, 0, 2, 1, 2, 1, 4, 3, 6, 5, 3, 3, 2, 2, 4, 6, 807, 0, 0, 0, 0, 0, 0]",-1,-1.5639164053285534e-05,-1,0
5005,"[1, 1, 0, 2, 11, 4, 0, 1, 0, 1, 0, 0, 1, 0, 2, 0, 0, 0, 0, 0, 0, 0, 0, 0, 2, 0, 0, 0, 0, 0, 0, 0, 1, 1, 0, 1, 1, 0, 2, 2, 0, 0, 1, 0, 0, 0, 0, 1, 0, 0, 2, 2, 2, 0, 0, 0, 0, 0, 0, 0, 0, 0, 2, 2, 3, 0, 2, 1, 2, 1, 4, 3, 6, 5, 3, 3, 2, 2, 4, 6, 808, 0, 0, 0, 0, 0, 0]",4,14.373799841707433,-1,0
5006,"[1, 1, 0, 2, 11, 4, 0, 1, 0, 1, 0, 0, 1, 0, 2, 0, 0, 0, 0, 0, 0, 0, 0, 0, 2, 0, 0, 0, 0, 0, 0, 0, 1, 1, 0, 1, 1, 0, 2, 2, 0, 0, 1, 0, 0, 0, 0, 1, 0, 0, 2, 2, 2, 0, 0, 0, 0, 0, 0, 0, 0, 0, 2, 2, 3, 0, 2, 1, 2, 1, 4, 3, 6, 5, 3, 3, 2, 2, 4, 6, 808, 0, 0, 0, 0, 0, 0]",0,0.29497474683606595,-1,1
5007,"[1, 1, 0, 2, 11, 4, 0, 1, 0, 1, 0, 0, 1, 0, 2, 0, 0, 0, 0, 0, 0, 0, 0, 0, 2, 0, 0, 0, 0, 0, 0, 0, 1, 1, 0, 1, 1, 0, 2, 2, 0, 0, 1, 0, 0, 0, 0, 1, 0, 0, 2, 2, 2, 0, 0, 0, 0, 0, 0, 0, 0, 0, 2, 2, 3, 0, 2, 1, 2, 1, 4, 3, 6, 5, 3, 3, 2, 2, 4, 6, 808, 0, 0, 0, 0, 0, 0]",-1,-1.548355177093131e-05,-1,1
5008,"[1, 2, 0, 2, 11, 5, 0, 1, 0, 1, 0, 0, 1, 0, 2, 0, 0, 0, 0, 0, 0, 0, 0, 0, 2, 0, 0, 0, 0, 0, 0, 0, 1, 1, 0, 1, 1, 0, 2, 2, 0, 0, 1, 0, 0, 0, 0, 1, 0, 0, 2, 2, 2, 0, 0, 0, 0, 0, 0, 0, 0, 0, 2, 2, 3, 0, 2, 1, 2, 1, 4, 3, 6, 5, 3, 3, 2, 2, 4, 6, 809, 0, 0, 0, 0, 0, 0]",4,12.405751332098742,-1,1
5009,"[1, 2, 0, 2, 11, 5, 0, 1, 0, 1, 0, 0, 1, 0, 2, 0, 0, 0, 0, 0, 0, 0, 0, 0, 2, 0, 0, 0, 0, 0, 0, 0, 1, 1, 0, 1, 1, 0, 2, 2, 0, 0, 1, 0, 0, 0, 0, 1, 0, 0, 2, 2, 2, 0, 0, 0, 0, 0, 0, 0, 0, 0, 2, 2, 3, 0, 2, 1, 2, 1, 4, 3, 6, 5, 3, 3, 2, 2, 4, 6, 809, 0, 1, 0, 0, 0, 0]",2,0.4000000000052676,-1,0
5010,"[1, 2, 0, 2, 11, 5, 0, 1, 0, 1, 0, 0, 1, 0, 2, 0, 0, 0, 0, 0, 0, 0, 0, 0, 2, 0, 0, 0, 0, 0, 0, 0, 1, 1, 0, 1, 1, 0, 2, 2, 0, 0, 1, 0, 0, 0, 0, 1, 0, 0, 2, 2, 2, 0, 0, 0, 0, 0, 0, 0, 0, 0, 2, 2, 3, 0, 2, 1, 2, 1, 4, 3, 6, 5, 3, 3, 2, 2, 4, 6, 809, 0, 0, 0, 0, 0, 0]",-1,-1.5329487856657184e-05,-1,0
5011,"[1, 2, 0, 2, 11, 5, 0, 1, 0, 1, 0, 0, 1, 0, 2, 0, 0, 0, 0, 0, 0, 0, 0, 0, 2, 0, 0, 0, 0, 0, 0, 0, 1, 1, 0, 1, 1, 0, 2, 2, 0, 0, 1, 0, 0, 0, 0, 1, 0, 0, 2, 2, 2, 0, 0, 0, 0, 0, 0, 0, 0, 0, 2, 2, 3, 0, 2, 1, 2, 1, 4, 3, 6, 5, 3, 3, 2, 2, 4, 6, 809, 0, 0, 0, 0, 0, 0]",1,0.6096241151048843,-1,0
5012,"[1, 2, 0, 2, 11, 5, 0, 1, 0, 1, 0, 0, 1, 0, 2, 0, 0, 0, 0, 0, 0, 0, 0, 0, 2, 0, 0, 0, 0, 0, 0, 0, 1, 1, 0, 1, 1, 0, 2, 2, 0, 0, 1, 0, 0, 0, 0, 1, 0, 0, 2, 2, 2, 0, 0, 0, 0, 0, 0, 0, 0, 0, 2, 2, 3, 0, 2, 1, 2, 1, 4, 3, 6, 5, 3, 3, 2, 2, 4, 6, 809, 0, 0, 0, 0, 0, 0]",-1,-1.5329487856657184e-05,-1,0
5013,"[1, 2, 0, 2, 11, 5, 0, 1, 0, 1, 0, 0, 1, 0, 2, 0, 0, 0, 0, 0, 0, 0, 0, 0, 2, 0, 0, 0, 0, 0, 0, 0, 1, 1, 0, 1, 1, 0, 2, 2, 0, 0, 1, 0, 0, 0, 0, 1, 0, 0, 2, 2, 2, 0, 0, 0, 0, 0, 0, 0, 0, 0, 2, 2, 3, 0, 2, 1, 2, 1, 4, 3, 6, 5, 3, 3, 2, 2, 4, 6, 809, 1, 0, 0, 0, 0, 0]",3,0.20000000000526766,-1,0
5014,"[1, 2, 0, 2, 11, 5, 0, 1, 0, 1, 0, 0, 1, 0, 2, 0, 0, 0, 0, 0, 0, 0, 0, 0, 2, 0, 0, 0, 0, 0, 0, 0, 1, 1, 0, 1, 1, 0, 2, 2, 0, 0, 1, 0, 0, 0, 0, 1, 0, 0, 2, 2, 2, 0, 0, 0, 0, 0, 0, 0, 0, 0, 2, 2, 3, 0, 2, 1, 2, 1, 4, 3, 6, 5, 3, 3, 2, 2, 4, 6, 809, 0, 0, 0, 0, 0, 0]",-1,-1.5329487856657184e-05,-1,0
5015,"[1, 2, 0, 2, 11, 5, 0, 1, 0, 1, 0, 0, 1, 0, 2, 0, 0, 0, 0, 0, 0, 0, 0, 0, 2, 0, 0, 0, 0, 0, 0, 0, 1, 1, 0, 1, 1, 0, 2, 2, 0, 0, 1, 0, 0, 0, 0, 1, 0, 0, 2, 2, 2, 0, 0, 0, 0, 0, 0, 0, 0, 0, 2, 2, 3, 0, 2, 1, 2, 1, 4, 3, 6, 5, 3, 3, 2, 2, 4, 6, 809, 1, 0, 0, 0, 0, 0]",3,0.20000000000526766,-1,0
5016,"[1, 2, 0, 2, 11, 5, 0, 1, 0, 1, 0, 0, 1, 0, 2, 0, 0, 0, 0, 0, 0, 0, 0, 0, 2, 0, 0, 0, 0, 0, 0, 0, 1, 1, 0, 1, 1, 0, 2, 2, 0, 0, 1, 0, 0, 0, 0, 1, 0, 0, 2, 2, 2, 0, 0, 0, 0, 0, 0, 0, 0, 0, 2, 2, 3, 0, 2, 1, 2, 1, 4, 3, 6, 5, 3, 3, 2, 2, 4, 6, 809, 0, 0, 0, 0, 0, 0]",-1,-1.5329487856657184e-05,-1,0
5017,"[2, 2, 0, 2, 11, 6, 0, 1, 0, 1, 0, 0, 1, 0, 2, 0, 0, 0, 0, 0, 0, 0, 0, 0, 2, 0, 0, 0, 0, 0, 0, 0, 1, 1, 0, 1, 1, 0, 2, 2, 0, 0, 1, 0, 0, 0, 0, 1, 0, 0, 2, 2, 2, 0, 0, 0, 0, 0, 0, 0, 0, 0, 2, 2, 3, 0, 2, 1, 2, 1, 4, 3, 6, 5, 3, 3, 2, 2, 4, 6, 810, 0, 0, 0, 0, 0, 0]",4,14.316226502091371,-1,0
5018,"[2, 2, 0, 2, 11, 6, 0, 1, 0, 1, 0, 0, 1, 0, 2, 0, 0, 0, 0, 0, 0, 0, 0, 0, 2, 0, 0, 0, 0, 0, 0, 0, 1, 1, 0, 1, 1, 0, 2, 2, 0, 0, 1, 0, 0, 0, 0, 1, 0, 0, 2, 2, 2, 0, 0, 0, 0, 0, 0, 0, 0, 0, 2, 2, 3, 0, 2, 1, 2, 1, 4, 3, 6, 5, 3, 3, 2, 2, 4, 6, 810, 0, 1, 0, 0, 0, 0]",2,0.4000000000050611,-1,1
5019,"[2, 2, 0, 2, 11, 6, 0, 1, 0, 1, 0, 0, 1, 0, 2, 0, 0, 0, 0, 0, 0, 0, 0, 0, 2, 0, 0, 0, 0, 0, 0, 0, 1, 1, 0, 1, 1, 0, 2, 2, 0, 0, 1, 0, 0, 0, 0, 1, 0, 0, 2, 2, 2, 0, 0, 0, 0, 0, 0, 0, 0, 0, 2, 2, 3, 0, 2, 1, 2, 1, 4, 3, 6, 5, 3, 3, 2, 2, 4, 6, 810, 0, 1, 0, 0, 1, 0]","[[1 2 0 0]
 [1 1 0 2]]",1.725241332545657,-1,1
5020,"[2, 3, 0, 0, 11, 5, 0, 3, 0, 1, 0, 0, 1, 0, 2, 0, 0, 0, 0, 0, 0, 0, 0, 0, 2, 0, 0, 0, 0, 0, 0, 0, 1, 1, 0, 1, 1, 0, 2, 2, 0, 0, 1, 0, 0, 0, 0, 1, 0, 0, 2, 2, 2, 0, 0, 0, 0, 0, 0, 0, 0, 0, 2, 2, 3, 0, 2, 1, 2, 1, 4, 3, 6, 5, 3, 3, 2, 2, 4, 6, 810, 0, 0, 0, 0, 0, 0]",0,-0.1999999999949389,-1,0
5021,"[2, 3, 0, 0, 11, 5, 0, 3, 0, 1, 0, 0, 1, 0, 2, 0, 0, 0, 0, 0, 0, 0, 0, 0, 2, 0, 0, 0, 0, 0, 0, 0, 1, 1, 0, 1, 1, 0, 2, 2, 0, 0, 1, 0, 0, 0, 0, 1, 0, 0, 2, 2, 2, 0, 0, 0, 0, 0, 0, 0, 0, 0, 2, 2, 3, 0, 2, 1, 2, 1, 4, 3, 6, 5, 3, 3, 2, 2, 4, 6, 810, 0, 0, 0, 0, 0, 0]",0,0.2949747468356444,-1,1
5022,"[2, 3, 0, 0, 11, 5, 0, 3, 0, 1, 0, 0, 1, 0, 2, 0, 0, 0, 0, 0, 0, 0, 0, 0, 2, 0, 0, 0, 0, 0, 0, 0, 1, 1, 0, 1, 1, 0, 2, 2, 0, 0, 1, 0, 0, 0, 0, 1, 0, 0, 2, 2, 2, 0, 0, 0, 0, 0, 0, 0, 0, 0, 2, 2, 3, 0, 2, 1, 2, 1, 4, 3, 6, 5, 3, 3, 2, 2, 4, 6, 810, 0, 0, 0, 0, 0, 0]",-1,-1.517695690394334e-05,-1,1
5023,"[2, 3, 0, 0, 13, 5, 0, 3, 0, 1, 0, 0, 1, 0, 2, 0, 0, 0, 0, 0, 0, 0, 0, 0, 2, 0, 0, 0, 0, 0, 0, 0, 1, 1, 0, 1, 1, 0, 2, 2, 0, 0, 1, 0, 0, 0, 0, 1, 0, 0, 2, 2, 2, 0, 0, 0, 0, 0, 0, 0, 0, 0, 2, 2, 3, 0, 2, 1, 2, 1, 4, 3, 6, 5, 3, 3, 2, 2, 4, 6, 811, 0, 0, 0, 0, 0, 0]",4,12.461615759616729,-1,1
5024,"[2, 3, 0, 0, 15, 5, 0, 3, 0, 1, 0, 0, 1, 0, 2, 0, 0, 0, 0, 0, 0, 0, 0, 0, 2, 0, 0, 0, 0, 0, 0, 0, 1, 1, 0, 1, 1, 0, 2, 2, 0, 0, 1, 0, 0, 0, 0, 1, 0, 0, 2, 2, 2, 0, 0, 0, 0, 0, 0, 0, 0, 0, 2, 2, 3, 0, 2, 1, 2, 1, 4, 3, 6, 5, 3, 3, 2, 2, 4, 6, 812, 0, 0, 0, 0, 0, 0]",4,13.930948009291656,-1,0
5025,"[2, 3, 0, 0, 15, 5, 0, 3, 0, 1, 0, 0, 1, 0, 2, 0, 0, 0, 0, 0, 0, 0, 0, 0, 2, 0, 0, 0, 0, 0, 0, 0, 1, 1, 0, 1, 1, 0, 2, 2, 0, 0, 1, 0, 0, 0, 0, 1, 0, 0, 2, 2, 2, 0, 0, 0, 0, 0, 0, 0, 0, 0, 2, 2, 3, 0, 2, 1, 2, 1, 4, 3, 6, 5, 3, 3, 2, 2, 4, 6, 812, 0, 0, 0, 0, 0, 0]",0,0.29497474683525526,-1,1
5026,"[2, 3, 0, 0, 15, 5, 0, 3, 0, 1, 0, 0, 1, 0, 2, 0, 0, 0, 0, 0, 0, 0, 0, 0, 2, 0, 0, 0, 0, 0, 0, 0, 1, 1, 0, 1, 1, 0, 2, 2, 0, 0, 1, 0, 0, 0, 0, 1, 0, 0, 2, 2, 2, 0, 0, 0, 0, 0, 0, 0, 0, 0, 2, 2, 3, 0, 2, 1, 2, 1, 4, 3, 6, 5, 3, 3, 2, 2, 4, 6, 812, 0, 0, 0, 0, 0, 0]",-1,-1.4876433022079041e-05,-1,1
5027,"[2, 3, 0, 0, 15, 5, 0, 3, 0, 1, 0, 0, 1, 0, 2, 0, 0, 0, 0, 0, 0, 0, 0, 0, 2, 0, 0, 0, 0, 0, 0, 0, 1, 1, 0, 1, 1, 0, 2, 2, 0, 0, 1, 0, 0, 0, 0, 1, 0, 0, 2, 2, 2, 0, 0, 0, 0, 0, 0, 0, 0, 0, 2, 2, 3, 0, 2, 1, 2, 1, 4, 3, 6, 5, 3, 3, 2, 2, 4, 6, 813, 0, 0, 0, 0, 0, 0]",4,12.42316848588981,-1,1
5028,"[1, 1, 0, 0, 7, 2, 0, 1, 0, 1, 0, 0, 1, 0, 2, 0, 0, 0, 0, 0, 0, 0, 0, 0, 2, 0, 0, 0, 0, 0, 0, 0, 1, 1, 0, 1, 1, 0, 2, 2, 0, 0, 1, 0, 0, 0, 0, 1, 0, 0, 2, 2, 2, 0, 0, 0, 0, 0, 0, 0, 0, 0, 2, 2, 3, 0, 2, 1, 2, 1, 4, 3, 6, 5, 3, 3, 2, 2, 4, 2, 814, 0, 0, 0, 0, 0, 0]",4,14.259492628118169,-1,0
5029,"[1, 1, 0, 0, 7, 2, 0, 1, 0, 1, 0, 0, 1, 0, 2, 0, 0, 0, 0, 0, 0, 0, 0, 0, 2, 0, 0, 0, 0, 0, 0, 0, 1, 1, 0, 1, 1, 0, 2, 2, 0, 0, 1, 0, 0, 0, 0, 1, 0, 0, 2, 2, 2, 0, 0, 0, 0, 0, 0, 0, 0, 0, 2, 2, 3, 0, 2, 1, 2, 1, 4, 3, 6, 5, 3, 3, 2, 2, 4, 2, 814, 1, 0, 0, 0, 0, 0]",3,0.20000000000431278,-1,1
5030,"[1, 1, 0, 0, 7, 2, 0, 1, 0, 1, 0, 0, 1, 0, 2, 0, 0, 0, 0, 0, 0, 0, 0, 0, 2, 0, 0, 0, 0, 0, 0, 0, 1, 1, 0, 1, 1, 0, 2, 2, 0, 0, 1, 0, 0, 0, 0, 1, 0, 0, 2, 2, 2, 0, 0, 0, 0, 0, 0, 0, 0, 0, 2, 2, 3, 0, 2, 1, 2, 1, 4, 3, 6, 5, 3, 3, 2, 2, 4, 2, 814, 0, 0, 0, 0, 0, 0]",-1,-1.4581859911778687e-05,-1,1
5031,"[1, 1, 0, 0, 3, 1, 0, 1, 0, 1, 0, 0, 1, 0, 2, 0, 0, 0, 0, 0, 0, 0, 0, 0, 2, 0, 0, 0, 0, 0, 0, 0, 1, 1, 0, 1, 1, 0, 2, 2, 0, 0, 1, 0, 0, 0, 0, 1, 0, 0, 2, 2, 2, 0, 0, 0, 0, 0, 0, 0, 0, 0, 2, 2, 3, 0, 2, 1, 2, 1, 4, 3, 6, 5, 3, 3, 2, 2, 4, 6, 815, 0, 0, 0, 0, 0, 0]",4,12.712984630039397,-1,1
5032,"[1, 1, 0, 0, 3, 1, 0, 1, 0, 1, 0, 0, 1, 0, 2, 0, 0, 0, 0, 0, 0, 0, 0, 0, 2, 0, 0, 0, 0, 0, 0, 0, 1, 1, 0, 1, 1, 0, 2, 2, 0, 0, 1, 0, 0, 0, 0, 1, 0, 0, 2, 2, 2, 0, 0, 0, 0, 0, 0, 0, 0, 0, 2, 2, 3, 0, 2, 1, 2, 1, 4, 3, 6, 5, 3, 3, 2, 2, 4, 6, 816, 0, 0, 0, 0, 0, 0]",4,14.25949204483372,-1,0
5033,"[1, 1, 0, 0, 3, 1, 0, 1, 0, 1, 0, 0, 1, 0, 2, 0, 0, 0, 0, 0, 0, 0, 0, 0, 2, 0, 0, 0, 0, 0, 0, 0, 1, 1, 0, 1, 1, 0, 2, 2, 0, 0, 1, 0, 0, 0, 0, 1, 0, 0, 2, 2, 2, 0, 0, 0, 0, 0, 0, 0, 0, 0, 2, 2, 3, 0, 2, 1, 2, 1, 4, 3, 6, 5, 3, 3, 2, 2, 4, 6, 816, 0, 0, 0, 0, 0, 0]",0,0.2949747468345645,-1,1
5034,"[1, 1, 0, 0, 3, 1, 0, 1, 0, 1, 0, 0, 1, 0, 2, 0, 0, 0, 0, 0, 0, 0, 0, 0, 2, 0, 0, 0, 0, 0, 0, 0, 1, 1, 0, 1, 1, 0, 2, 2, 0, 0, 1, 0, 0, 0, 0, 1, 0, 0, 2, 2, 2, 0, 0, 0, 0, 0, 0, 0, 0, 0, 2, 2, 3, 0, 2, 1, 2, 1, 4, 3, 6, 5, 3, 3, 2, 2, 4, 6, 816, 0, 0, 0, 0, 0, 0]",-1,-1.4293119739870436e-05,-1,1
5035,"[1, 2, 0, 0, 3, 2, 0, 1, 0, 1, 0, 0, 1, 0, 2, 0, 0, 0, 0, 0, 0, 0, 0, 0, 2, 0, 0, 0, 0, 0, 0, 0, 1, 1, 0, 1, 1, 0, 2, 2, 0, 0, 1, 0, 0, 0, 0, 1, 0, 0, 2, 2, 2, 0, 0, 0, 0, 0, 0, 0, 0, 0, 2, 2, 3, 0, 2, 1, 2, 1, 4, 3, 6, 5, 3, 3, 2, 2, 4, 6, 817, 0, 0, 0, 0, 0, 0]",4,12.742283054857818,-1,1
5036,"[1, 2, 0, 0, 3, 2, 0, 1, 0, 1, 0, 0, 1, 0, 2, 0, 0, 0, 0, 0, 0, 0, 0, 0, 2, 0, 0, 0, 0, 0, 0, 0, 1, 1, 0, 1, 1, 0, 2, 2, 0, 0, 1, 0, 0, 0, 0, 1, 0, 0, 2, 2, 2, 0, 0, 0, 0, 0, 0, 0, 0, 0, 2, 2, 3, 0, 2, 1, 2, 1, 4, 3, 6, 5, 3, 3, 2, 2, 4, 6, 817, 1, 0, 0, 0, 0, 0]",3,0.2000000000038251,-1,0
5037,"[1, 2, 0, 0, 3, 2, 0, 1, 0, 1, 0, 0, 1, 0, 2, 0, 0, 0, 0, 0, 0, 0, 0, 0, 2, 0, 0, 0, 0, 0, 0, 0, 1, 1, 0, 1, 1, 0, 2, 2, 0, 0, 1, 0, 0, 0, 0, 1, 0, 0, 2, 2, 2, 0, 0, 0, 0, 0, 0, 0, 0, 0, 2, 2, 3, 0, 2, 1, 2, 1, 4, 3, 6, 5, 3, 3, 2, 2, 4, 6, 817, 0, 0, 0, 0, 0, 0]",-1,-1.415090082221568e-05,-1,0
5038,"[1, 3, 0, 0, 3, 3, 0, 1, 0, 1, 0, 0, 1, 0, 2, 0, 0, 0, 0, 0, 0, 0, 0, 0, 2, 0, 0, 0, 0, 0, 0, 0, 1, 1, 0, 1, 1, 0, 2, 2, 0, 0, 1, 0, 0, 0, 0, 1, 0, 0, 2, 2, 2, 0, 0, 0, 0, 0, 0, 0, 0, 0, 2, 2, 3, 0, 2, 1, 2, 1, 4, 3, 6, 5, 3, 3, 2, 2, 4, 6, 818, 0, 0, 0, 0, 0, 0]",4,13.893502859078357,-1,0
5039,"[1, 3, 0, 0, 3, 3, 0, 1, 0, 1, 0, 0, 1, 0, 2, 0, 0, 0, 0, 0, 0, 0, 0, 0, 2, 0, 0, 0, 0, 0, 0, 0, 1, 1, 0, 1, 1, 0, 2, 2, 0, 0, 1, 0, 0, 0, 0, 1, 0, 0, 2, 2, 2, 0, 0, 0, 0, 0, 0, 0, 0, 0, 2, 2, 3, 0, 2, 1, 2, 1, 4, 3, 6, 5, 3, 3, 2, 2, 4, 6, 818, 0, 1, 0, 0, 0, 0]",2,0.4000000000036751,-1,1
5040,"[1, 3, 0, 0, 3, 3, 0, 1, 0, 1, 0, 0, 1, 0, 2, 0, 0, 0, 0, 0, 0, 0, 0, 0, 2, 0, 0, 0, 0, 0, 0, 0, 1, 1, 0, 1, 1, 0, 2, 2, 0, 0, 1, 0, 0, 0, 0, 1, 0, 0, 2, 2, 2, 0, 0, 0, 0, 0, 0, 0, 0, 0, 2, 2, 3, 0, 2, 1, 2, 1, 4, 3, 6, 5, 3, 3, 2, 2, 4, 6, 818, 0, 1, 0, 0, 1, 0]","[[1 1 0 0]
 [1 1 0 0]]",0.650424865061766,-1,1
5041,"[1, 3, 0, 0, 3, 3, 0, 1, 0, 1, 0, 0, 1, 0, 2, 0, 0, 0, 0, 0, 0, 0, 0, 0, 2, 0, 0, 0, 0, 0, 0, 0, 1, 1, 0, 1, 1, 0, 2, 2, 0, 0, 1, 0, 0, 0, 0, 1, 0, 0, 2, 2, 2, 0, 0, 0, 0, 0, 0, 0, 0, 0, 2, 2, 3, 0, 2, 1, 2, 1, 4, 3, 6, 5, 3, 3, 2, 2, 4, 6, 818, 0, 0, 0, 0, 0, 0]",0,-0.1999999999963249,-1,0
5042,"[1, 4, 0, 0, 3, 4, 0, 1, 0, 1, 0, 0, 1, 0, 2, 0, 0, 0, 0, 0, 0, 0, 0, 0, 2, 0, 0, 0, 0, 0, 0, 0, 1, 1, 0, 1, 1, 0, 2, 2, 0, 0, 1, 0, 0, 0, 0, 1, 0, 0, 2, 2, 2, 0, 0, 0, 0, 0, 0, 0, 0, 0, 2, 2, 3, 0, 2, 1, 2, 1, 4, 3, 6, 5, 3, 3, 2, 2, 4, 6, 819, 0, 0, 0, 0, 0, 0]",4,12.620848431376446,-1,1
5043,"[1, 2, 0, 0, 1, 2, 0, 1, 0, 1, 0, 0, 1, 0, 2, 0, 0, 0, 0, 0, 0, 0, 0, 0, 2, 0, 0, 0, 0, 0, 0, 0, 1, 1, 0, 1, 1, 0, 2, 2, 0, 0, 1, 0, 0, 0, 0, 1, 0, 0, 2, 2, 2, 0, 0, 0, 0, 0, 0, 0, 0, 0, 2, 2, 3, 0, 2, 1, 2, 1, 4, 3, 6, 5, 3, 3, 2, 2, 4, 0, 820, 0, 0, 0, 0, 0, 0]",4,14.0556963832118,-1,0
5044,"[1, 2, 0, 0, 1, 2, 0, 1, 0, 1, 0, 0, 1, 0, 2, 0, 0, 0, 0, 0, 0, 0, 0, 0, 2, 0, 0, 0, 0, 0, 0, 0, 1, 1, 0, 1, 1, 0, 2, 2, 0, 0, 1, 0, 0, 0, 0, 1, 0, 0, 2, 2, 2, 0, 0, 0, 0, 0, 0, 0, 0, 0, 2, 2, 3, 0, 2, 1, 2, 1, 4, 3, 6, 5, 3, 3, 2, 2, 4, 0, 820, 0, 0, 0, 0, 0, 0]",0,0.29497474683397584,-1,1
5045,"[1, 2, 0, 0, 1, 2, 0, 1, 0, 1, 0, 0, 1, 0, 2, 0, 0, 0, 0, 0, 0, 0, 0, 0, 2, 0, 0, 0, 0, 0, 0, 0, 1, 1, 0, 1, 1, 0, 2, 2, 0, 0, 1, 0, 0, 0, 0, 1, 0, 0, 2, 2, 2, 0, 0, 0, 0, 0, 0, 0, 0, 0, 2, 2, 3, 0, 2, 1, 2, 1, 4, 3, 6, 5, 3, 3, 2, 2, 4, 0, 820, 0, 0, 0, 0, 0, 0]",-1,-1.3732678498607128e-05,-1,1
5046,"[1, 3, 0, 0, 1, 3, 0, 1, 0, 1, 0, 0, 1, 0, 2, 0, 0, 0, 0, 0, 0, 0, 0, 0, 2, 0, 0, 0, 0, 0, 0, 0, 1, 1, 0, 1, 1, 0, 2, 2, 0, 0, 1, 0, 0, 0, 0, 1, 0, 0, 2, 2, 2, 0, 0, 0, 0, 0, 0, 0, 0, 0, 2, 2, 3, 0, 2, 1, 2, 1, 4, 3, 6, 5, 3, 3, 2, 2, 4, 0, 821, 0, 0, 0, 0, 0, 0]",4,12.712982931675688,-1,1
5047,"[1, 3, 0, 0, 1, 3, 0, 1, 0, 1, 0, 0, 1, 0, 2, 0, 0, 0, 0, 0, 0, 0, 0, 0, 2, 0, 0, 0, 0, 0, 0, 0, 1, 1, 0, 1, 1, 0, 2, 2, 0, 0, 1, 0, 0, 0, 0, 1, 0, 0, 2, 2, 2, 0, 0, 0, 0, 0, 0, 0, 0, 0, 2, 2, 3, 0, 2, 1, 2, 1, 4, 3, 6, 5, 3, 3, 2, 2, 4, 0, 822, 0, 0, 0, 0, 0, 0]",4,13.8935017493483,-1,0
5048,"[1, 3, 0, 0, 1, 3, 0, 1, 0, 1, 0, 0, 1, 0, 2, 0, 0, 0, 0, 0, 0, 0, 0, 0, 2, 0, 0, 0, 0, 0, 0, 0, 1, 1, 0, 1, 1, 0, 2, 2, 0, 0, 1, 0, 0, 0, 0, 1, 0, 0, 2, 2, 2, 0, 0, 0, 0, 0, 0, 0, 0, 0, 2, 2, 3, 0, 2, 1, 2, 1, 4, 3, 6, 5, 3, 3, 2, 2, 4, 0, 822, 1, 0, 0, 0, 0, 0]",3,0.20000000000313173,-1,1
5049,"[1, 3, 0, 0, 1, 3, 0, 1, 0, 1, 0, 0, 1, 0, 2, 0, 0, 0, 0, 0, 0, 0, 0, 0, 2, 0, 0, 0, 0, 0, 0, 0, 1, 1, 0, 1, 1, 0, 2, 2, 0, 0, 1, 0, 0, 0, 0, 1, 0, 0, 2, 2, 2, 0, 0, 0, 0, 0, 0, 0, 0, 0, 2, 2, 3, 0, 2, 1, 2, 1, 4, 3, 6, 5, 3, 3, 2, 2, 4, 0, 822, 0, 0, 0, 0, 0, 0]",-1,-1.3460753245282893e-05,-1,1
5050,"[1, 1, 0, 0, 1, 1, 0, 1, 0, 1, 0, 0, 1, 0, 2, 0, 0, 0, 0, 0, 0, 0, 0, 0, 2, 0, 0, 0, 0, 0, 0, 0, 1, 1, 0, 1, 1, 0, 2, 2, 0, 0, 1, 0, 0, 0, 0, 1, 0, 0, 2, 2, 2, 0, 0, 0, 0, 0, 0, 0, 0, 0, 2, 2, 3, 0, 2, 1, 2, 1, 4, 3, 6, 5, 3, 3, 2, 2, 4, 3, 823, 0, 0, 0, 0, 0, 0]",4,13.133420205519624,-1,1
5051,"[1, 1, 0, 0, 1, 1, 0, 1, 0, 1, 0, 0, 1, 0, 2, 0, 0, 0, 0, 0, 0, 0, 0, 0, 2, 0, 0, 0, 0, 0, 0, 0, 1, 1, 0, 1, 1, 0, 2, 2, 0, 0, 1, 0, 0, 0, 0, 1, 0, 0, 2, 2, 2, 0, 0, 0, 0, 0, 0, 0, 0, 0, 2, 2, 3, 0, 2, 1, 2, 1, 4, 3, 6, 5, 3, 3, 2, 2, 4, 3, 823, 0, 0, 0, 0, 0, 0]",1,0.6096241151026256,-1,0
5052,"[1, 1, 0, 0, 1, 1, 0, 1, 0, 1, 0, 0, 1, 0, 2, 0, 0, 0, 0, 0, 0, 0, 0, 0, 2, 0, 0, 0, 0, 0, 0, 0, 1, 1, 0, 1, 1, 0, 2, 2, 0, 0, 1, 0, 0, 0, 0, 1, 0, 0, 2, 2, 2, 0, 0, 0, 0, 0, 0, 0, 0, 0, 2, 2, 3, 0, 2, 1, 2, 1, 4, 3, 6, 5, 3, 3, 2, 2, 4, 3, 823, 0, 0, 0, 0, 0, 0]",-1,-1.3326816512630904e-05,-1,0
5053,"[1, 1, 0, 0, 1, 1, 0, 2, 0, 1, 0, 0, 1, 0, 2, 0, 0, 0, 0, 0, 0, 0, 0, 0, 2, 0, 0, 0, 0, 0, 0, 0, 1, 1, 0, 1, 1, 0, 2, 2, 0, 0, 1, 0, 0, 0, 0, 1, 0, 0, 2, 2, 2, 0, 0, 0, 0, 0, 0, 0, 0, 0, 2, 2, 3, 0, 2, 1, 2, 1, 4, 3, 6, 5, 3, 3, 2, 2, 4, 3, 824, 0, 0, 0, 0, 0, 0]",4,14.259489824929693,-1,0
5054,"[1, 1, 0, 0, 1, 1, 0, 2, 0, 1, 0, 0, 1, 0, 2, 0, 0, 0, 0, 0, 0, 0, 0, 0, 2, 0, 0, 0, 0, 0, 0, 0, 1, 1, 0, 1, 1, 0, 2, 2, 0, 0, 1, 0, 0, 0, 0, 1, 0, 0, 2, 2, 2, 0, 0, 0, 0, 0, 0, 0, 0, 0, 2, 2, 3, 0, 2, 1, 2, 1, 4, 3, 6, 5, 3, 3, 2, 2, 4, 3, 824, 0, 0, 0, 0, 0, 0]",0,0.29497474683347424,-1,1
5055,"[1, 1, 0, 0, 1, 1, 0, 2, 0, 1, 0, 0, 1, 0, 2, 0, 0, 0, 0, 0, 0, 0, 0, 0, 2, 0, 0, 0, 0, 0, 0, 0, 1, 1, 0, 1, 1, 0, 2, 2, 0, 0, 1, 0, 0, 0, 0, 1, 0, 0, 2, 2, 2, 0, 0, 0, 0, 0, 0, 0, 0, 0, 2, 2, 3, 0, 2, 1, 2, 1, 4, 3, 6, 5, 3, 3, 2, 2, 4, 3, 824, 0, 0, 0, 0, 0, 0]",-1,-1.3194212472735897e-05,-1,1
5056,"[1, 1, 0, 0, 1, 1, 0, 1, 0, 1, 0, 0, 1, 0, 2, 0, 0, 0, 0, 0, 0, 0, 0, 0, 2, 0, 0, 0, 0, 0, 0, 0, 1, 1, 0, 1, 1, 0, 2, 2, 0, 0, 1, 0, 0, 0, 0, 1, 0, 0, 2, 2, 2, 0, 0, 0, 0, 0, 0, 0, 0, 0, 2, 2, 3, 0, 2, 1, 2, 1, 4, 3, 6, 5, 3, 3, 2, 2, 4, 3, 825, 0, 0, 0, 0, 0, 0]",4,13.133419672437848,-1,1
5057,"[1, 1, 0, 0, 1, 1, 0, 1, 0, 1, 0, 0, 1, 0, 2, 0, 0, 0, 0, 0, 0, 0, 0, 0, 2, 0, 0, 0, 0, 0, 0, 0, 1, 1, 0, 1, 1, 0, 2, 2, 0, 0, 1, 0, 0, 0, 0, 1, 0, 0, 2, 2, 2, 0, 0, 0, 0, 0, 0, 0, 0, 0, 2, 2, 3, 0, 2, 1, 2, 1, 4, 3, 6, 5, 3, 3, 2, 2, 4, 3, 825, 0, 0, 0, 0, 0, 0]",1,0.6096241151023943,-1,0
5058,"[1, 1, 0, 0, 1, 1, 0, 1, 0, 1, 0, 0, 1, 0, 2, 0, 0, 0, 0, 0, 0, 0, 0, 0, 2, 0, 0, 0, 0, 0, 0, 0, 1, 1, 0, 1, 1, 0, 2, 2, 0, 0, 1, 0, 0, 0, 0, 1, 0, 0, 2, 2, 2, 0, 0, 0, 0, 0, 0, 0, 0, 0, 2, 2, 3, 0, 2, 1, 2, 1, 4, 3, 6, 5, 3, 3, 2, 2, 4, 3, 825, 0, 0, 0, 0, 0, 0]",-1,-1.3062927865083377e-05,-1,0
5059,"[1, 1, 0, 0, 1, 1, 0, 1, 0, 1, 0, 0, 1, 0, 2, 0, 0, 0, 0, 0, 0, 0, 0, 0, 2, 0, 0, 0, 0, 0, 0, 0, 1, 1, 0, 1, 1, 0, 2, 2, 0, 0, 1, 0, 0, 0, 0, 1, 0, 0, 2, 2, 2, 0, 0, 0, 0, 0, 0, 0, 0, 0, 2, 2, 3, 0, 2, 1, 2, 1, 4, 3, 6, 5, 3, 3, 2, 2, 4, 3, 825, 0, 0, 0, 0, 0, 0]",1,0.6096241151023943,-1,0
5060,"[1, 1, 0, 0, 1, 1, 0, 1, 0, 1, 0, 0, 1, 0, 2, 0, 0, 0, 0, 0, 0, 0, 0, 0, 2, 0, 0, 0, 0, 0, 0, 0, 1, 1, 0, 1, 1, 0, 2, 2, 0, 0, 1, 0, 0, 0, 0, 1, 0, 0, 2, 2, 2, 0, 0, 0, 0, 0, 0, 0, 0, 0, 2, 2, 3, 0, 2, 1, 2, 1, 4, 3, 6, 5, 3, 3, 2, 2, 4, 3, 825, 0, 0, 0, 0, 0, 0]",-1,-1.3062927865083377e-05,-1,0
5061,"[1, 1, 0, 0, 1, 1, 0, 1, 0, 1, 0, 0, 1, 0, 2, 0, 0, 0, 0, 0, 0, 0, 0, 0, 2, 0, 0, 0, 0, 0, 0, 0, 1, 1, 0, 1, 1, 0, 2, 2, 0, 0, 1, 0, 0, 0, 0, 1, 0, 0, 2, 2, 2, 0, 0, 0, 0, 0, 0, 0, 0, 0, 2, 2, 3, 0, 2, 1, 2, 1, 4, 3, 6, 5, 3, 3, 2, 2, 4, 3, 825, 0, 0, 0, 0, 0, 0]",1,0.6096241151023943,-1,0
5062,"[1, 1, 0, 0, 1, 1, 0, 1, 0, 1, 0, 0, 1, 0, 2, 0, 0, 0, 0, 0, 0, 0, 0, 0, 2, 0, 0, 0, 0, 0, 0, 0, 1, 1, 0, 1, 1, 0, 2, 2, 0, 0, 1, 0, 0, 0, 0, 1, 0, 0, 2, 2, 2, 0, 0, 0, 0, 0, 0, 0, 0, 0, 2, 2, 3, 0, 2, 1, 2, 1, 4, 3, 6, 5, 3, 3, 2, 2, 4, 3, 825, 0, 0, 0, 0, 0, 0]",-1,-1.3062927865083377e-05,-1,0
5063,"[1, 1, 0, 0, 1, 1, 0, 1, 0, 1, 0, 0, 1, 0, 2, 0, 0, 0, 0, 0, 0, 0, 0, 0, 2, 0, 0, 0, 0, 0, 0, 0, 1, 1, 0, 1, 1, 0, 2, 2, 0, 0, 1, 0, 0, 0, 0, 1, 0, 0, 2, 2, 2, 0, 0, 0, 0, 0, 0, 0, 0, 0, 2, 2, 3, 0, 2, 1, 2, 1, 4, 3, 6, 5, 3, 3, 2, 2, 4, 3, 825, 0, 1, 0, 0, 0, 0]",2,0.4000000000027776,-1,0
5064,"[1, 1, 0, 0, 1, 1, 0, 1, 0, 1, 0, 0, 1, 0, 2, 0, 0, 0, 0, 0, 0, 0, 0, 0, 2, 0, 0, 0, 0, 0, 0, 0, 1, 1, 0, 1, 1, 0, 2, 2, 0, 0, 1, 0, 0, 0, 0, 1, 0, 0, 2, 2, 2, 0, 0, 0, 0, 0, 0, 0, 0, 0, 2, 2, 3, 0, 2, 1, 2, 1, 4, 3, 6, 5, 3, 3, 2, 2, 4, 3, 825, 0, 1, 0, 0, 1, 0]","[[1 0 0 0]
 [0 0 0 1]]",0.6504248650608685,-1,0
5065,"[1, 1, 0, 0, 1, 1, 0, 1, 0, 1, 0, 0, 1, 0, 2, 0, 0, 0, 0, 0, 0, 0, 0, 0, 2, 0, 0, 0, 0, 0, 0, 0, 1, 1, 0, 1, 1, 0, 2, 2, 0, 0, 1, 0, 0, 0, 0, 1, 0, 0, 2, 2, 2, 0, 0, 0, 0, 0, 0, 0, 0, 0, 2, 2, 3, 0, 2, 1, 2, 1, 4, 3, 6, 5, 3, 3, 2, 2, 4, 3, 825, 0, 1, 0, 0, 0, 1]",2,-0.1999999999972224,-1,1
5066,"[1, 1, 0, 0, 1, 1, 0, 1, 0, 1, 0, 0, 1, 0, 2, 0, 0, 0, 0, 0, 0, 0, 0, 0, 2, 0, 0, 0, 0, 0, 0, 0, 1, 1, 0, 1, 1, 0, 2, 2, 0, 0, 1, 0, 0, 0, 0, 1, 0, 0, 2, 2, 2, 0, 0, 0, 0, 0, 0, 0, 0, 0, 2, 2, 3, 0, 2, 1, 2, 1, 4, 3, 6, 5, 3, 3, 2, 2, 4, 3, 825, 0, 0, 0, 0, 0, 0]",-1,-1.3062927865083377e-05,-1,1
5067,"[1, 1, 0, 0, 1, 1, 0, 1, 0, 1, 0, 0, 1, 0, 2, 0, 0, 0, 0, 0, 0, 0, 0, 0, 2, 0, 0, 0, 0, 0, 0, 0, 1, 1, 0, 1, 1, 0, 2, 2, 0, 0, 1, 0, 0, 0, 0, 1, 0, 0, 2, 2, 2, 0, 0, 0, 0, 0, 0, 0, 0, 0, 2, 2, 3, 0, 2, 1, 2, 1, 4, 3, 6, 5, 3, 3, 2, 2, 4, 3, 825, 0, 1, 0, 0, 0, 0]",2,0.4000000000027776,-1,0
5068,"[1, 1, 0, 0, 1, 1, 0, 1, 0, 1, 0, 0, 1, 0, 2, 0, 0, 0, 0, 0, 0, 0, 0, 0, 2, 0, 0, 0, 0, 0, 0, 0, 1, 1, 0, 1, 1, 0, 2, 2, 0, 0, 1, 0, 0, 0, 0, 1, 0, 0, 2, 2, 2, 0, 0, 0, 0, 0, 0, 0, 0, 0, 2, 2, 3, 0, 2, 1, 2, 1, 4, 3, 6, 5, 3, 3, 2, 2, 4, 3, 825, 0, 1, 0, 0, 1, 0]","[[0 1 0 0]
 [0 0 0 1]]",0.6504248650608685,-1,0
5069,"[1, 1, 0, 0, 1, 1, 0, 1, 0, 1, 0, 0, 1, 0, 2, 0, 0, 0, 0, 0, 0, 0, 0, 0, 2, 0, 0, 0, 0, 0, 0, 0, 1, 1, 0, 1, 1, 0, 2, 2, 0, 0, 1, 0, 0, 0, 0, 1, 0, 0, 2, 2, 2, 0, 0, 0, 0, 0, 0, 0, 0, 0, 2, 2, 3, 0, 2, 1, 2, 1, 4, 3, 6, 5, 3, 3, 2, 2, 4, 3, 825, 0, 0, 0, 0, 0, 0]",1,-74.28103670980576,-1,1
5070,"[1, 1, 0, 0, 1, 1, 0, 1, 0, 1, 0, 0, 1, 0, 2, 0, 0, 0, 0, 0, 0, 0, 0, 0, 2, 0, 0, 0, 0, 0, 0, 0, 1, 1, 0, 1, 1, 0, 2, 2, 0, 0, 1, 0, 0, 0, 0, 1, 0, 0, 2, 2, 2, 0, 0, 0, 0, 0, 0, 0, 0, 0, 2, 2, 3, 0, 2, 1, 2, 1, 4, 3, 6, 5, 3, 3, 2, 2, 4, 3, 825, 0, 1, 0, 0, 0, 0]",2,0.4000000000027776,-1,0
5071,"[1, 1, 0, 0, 1, 1, 0, 1, 0, 1, 0, 0, 1, 0, 2, 0, 0, 0, 0, 0, 0, 0, 0, 0, 2, 0, 0, 0, 0, 0, 0, 0, 1, 1, 0, 1, 1, 0, 2, 2, 0, 0, 1, 0, 0, 0, 0, 1, 0, 0, 2, 2, 2, 0, 0, 0, 0, 0, 0, 0, 0, 0, 2, 2, 3, 0, 2, 1, 2, 1, 4, 3, 6, 5, 3, 3, 2, 2, 4, 3, 825, 0, 1, 0, 0, 1, 0]","[[0 1 0 0]
 [0 0 0 1]]",0.6504248650608685,-1,0
5072,"[1, 0, 0, 1, 1, 2, 0, 0, 0, 1, 0, 0, 1, 0, 2, 0, 0, 0, 0, 0, 0, 0, 0, 0, 2, 0, 0, 0, 0, 0, 0, 0, 1, 1, 0, 1, 1, 0, 2, 2, 0, 0, 1, 0, 0, 0, 0, 1, 0, 0, 2, 2, 2, 0, 0, 0, 0, 0, 0, 0, 0, 0, 2, 2, 3, 0, 2, 1, 2, 1, 4, 3, 6, 5, 3, 3, 2, 2, 4, 3, 825, 0, 0, 0, 0, 0, 0]",0,-0.1999999999972224,-1,1
5073,"[1, 1, 0, 1, 1, 3, 0, 0, 0, 1, 0, 0, 1, 0, 2, 0, 0, 0, 0, 0, 0, 0, 0, 0, 2, 0, 0, 0, 0, 0, 0, 0, 1, 1, 0, 1, 1, 0, 2, 2, 0, 0, 1, 0, 0, 0, 0, 1, 0, 0, 2, 2, 2, 0, 0, 0, 0, 0, 0, 0, 0, 0, 2, 2, 3, 0, 2, 1, 2, 1, 4, 3, 6, 5, 3, 3, 2, 2, 4, 3, 826, 0, 0, 0, 0, 0, 0]",4,14.533419409868523,-1,0
5074,"[1, 1, 0, 1, 1, 3, 0, 0, 0, 1, 0, 0, 1, 0, 2, 0, 0, 0, 0, 0, 0, 0, 0, 0, 2, 0, 0, 0, 0, 0, 0, 0, 1, 1, 0, 1, 1, 0, 2, 2, 0, 0, 1, 0, 0, 0, 0, 1, 0, 0, 2, 2, 2, 0, 0, 0, 0, 0, 0, 0, 0, 0, 2, 2, 3, 0, 2, 1, 2, 1, 4, 3, 6, 5, 3, 3, 2, 2, 4, 3, 826, 0, 0, 0, 0, 0, 0]",-1,-1.2932949561103176e-05,-1,1
5075,"[1, 1, 0, 1, 1, 3, 0, 0, 0, 1, 0, 0, 1, 0, 2, 0, 0, 0, 0, 0, 0, 0, 0, 0, 2, 0, 0, 0, 0, 0, 0, 0, 1, 1, 0, 1, 1, 0, 2, 2, 0, 0, 1, 0, 0, 0, 0, 1, 0, 0, 2, 2, 2, 0, 0, 0, 0, 0, 0, 0, 0, 0, 2, 2, 3, 0, 2, 1, 2, 1, 4, 3, 6, 5, 3, 3, 2, 2, 4, 3, 826, 1, 0, 0, 0, 0, 0]",3,0.20000000000266868,-1,0
5076,"[1, 1, 0, 1, 1, 3, 0, 0, 0, 1, 0, 0, 1, 0, 2, 0, 0, 0, 0, 0, 0, 0, 0, 0, 2, 0, 0, 0, 0, 0, 0, 0, 1, 1, 0, 1, 1, 0, 2, 2, 0, 0, 1, 0, 0, 0, 0, 1, 0, 0, 2, 2, 2, 0, 0, 0, 0, 0, 0, 0, 0, 0, 2, 2, 3, 0, 2, 1, 2, 1, 4, 3, 6, 5, 3, 3, 2, 2, 4, 3, 826, 0, 0, 0, 0, 0, 0]",-1,-1.2932949561103176e-05,-1,0
5077,"[1, 2, 0, 1, 1, 4, 0, 0, 0, 1, 0, 0, 1, 0, 2, 0, 0, 0, 0, 0, 0, 0, 0, 0, 2, 0, 0, 0, 0, 0, 0, 0, 1, 1, 0, 1, 1, 0, 2, 2, 0, 0, 1, 0, 0, 0, 0, 1, 0, 0, 2, 2, 2, 0, 0, 0, 0, 0, 0, 0, 0, 0, 2, 2, 3, 0, 2, 1, 2, 1, 4, 3, 6, 5, 3, 3, 2, 2, 4, 3, 827, 0, 0, 0, 0, 0, 0]",4,14.373794429275529,-1,0
5078,"[2, 2, 0, 1, 1, 4, 0, 0, 0, 1, 0, 0, 1, 0, 2, 0, 0, 0, 0, 0, 0, 0, 0, 0, 2, 0, 0, 0, 0, 0, 0, 0, 1, 1, 0, 1, 1, 0, 2, 2, 0, 0, 1, 0, 0, 0, 0, 1, 0, 0, 2, 2, 2, 0, 0, 0, 0, 0, 0, 0, 0, 0, 2, 2, 3, 0, 2, 1, 2, 1, 4, 3, 6, 5, 3, 3, 2, 2, 4, 3, 828, 0, 0, 0, 0, 0, 0]",4,12.360063854743457,-1,1
5079,"[2, 2, 0, 1, 1, 4, 0, 0, 0, 1, 0, 0, 1, 0, 2, 0, 0, 0, 0, 0, 0, 0, 0, 0, 2, 0, 0, 0, 0, 0, 0, 0, 1, 1, 0, 1, 1, 0, 2, 2, 0, 0, 1, 0, 0, 0, 0, 1, 0, 0, 2, 2, 2, 0, 0, 0, 0, 0, 0, 0, 0, 0, 2, 2, 3, 0, 2, 1, 2, 1, 4, 3, 6, 5, 3, 3, 2, 2, 4, 3, 828, 1, 0, 0, 0, 0, 0]",3,0.2000000000024635,-1,0
5080,"[0, 2, 0, 2, 1, 4, 0, 0, 0, 1, 0, 0, 1, 0, 2, 0, 0, 0, 0, 0, 0, 0, 0, 0, 2, 0, 0, 0, 0, 0, 0, 0, 1, 1, 0, 1, 1, 0, 2, 2, 0, 0, 1, 0, 0, 0, 0, 1, 0, 0, 2, 2, 2, 0, 0, 0, 0, 0, 0, 0, 0, 0, 2, 2, 3, 0, 2, 1, 2, 1, 4, 3, 6, 5, 3, 3, 2, 2, 4, 3, 828, 0, 0, 0, 0, 0, 0]","[[2 0 0 0]
 [0 0 0 1]]",-0.19854231808649545,-1,0
5081,"[1, 2, 0, 2, 1, 4, 0, 0, 0, 1, 0, 0, 1, 0, 2, 0, 0, 0, 0, 0, 0, 0, 0, 0, 2, 0, 0, 0, 0, 0, 0, 0, 1, 1, 0, 1, 1, 0, 2, 2, 0, 0, 1, 0, 0, 0, 0, 1, 0, 0, 2, 2, 2, 0, 0, 0, 0, 0, 0, 0, 0, 0, 2, 2, 3, 0, 2, 1, 2, 1, 4, 3, 6, 5, 3, 3, 2, 2, 4, 3, 829, 0, 0, 0, 0, 0, 0]",4,14.272466857657086,-1,0
5082,"[1, 2, 0, 2, 1, 4, 0, 0, 0, 1, 0, 0, 1, 0, 2, 0, 0, 0, 0, 0, 0, 0, 0, 0, 2, 0, 0, 0, 0, 0, 0, 0, 1, 1, 0, 1, 1, 0, 2, 2, 0, 0, 1, 0, 0, 0, 0, 1, 0, 0, 2, 2, 2, 0, 0, 0, 0, 0, 0, 0, 0, 0, 2, 2, 3, 0, 2, 1, 2, 1, 4, 3, 6, 5, 3, 3, 2, 2, 4, 3, 829, 1, 0, 0, 0, 0, 0]",3,0.20000000000236692,-1,1
5083,"[1, 2, 0, 2, 1, 4, 0, 0, 0, 1, 0, 0, 1, 0, 2, 0, 0, 0, 0, 0, 0, 0, 0, 0, 2, 0, 0, 0, 0, 0, 0, 0, 1, 1, 0, 1, 1, 0, 2, 2, 0, 0, 1, 0, 0, 0, 0, 1, 0, 0, 2, 2, 2, 0, 0, 0, 0, 0, 0, 0, 0, 0, 2, 2, 3, 0, 2, 1, 2, 1, 4, 3, 6, 5, 3, 3, 2, 2, 4, 3, 829, 0, 0, 0, 0, 0, 0]",-1,-1.2550723137180702e-05,-1,1
5084,"[1, 2, 0, 2, 1, 4, 0, 1, 0, 1, 0, 0, 1, 0, 2, 0, 0, 0, 0, 0, 0, 0, 0, 0, 2, 0, 0, 0, 0, 0, 0, 0, 1, 1, 0, 1, 1, 0, 2, 2, 0, 0, 1, 0, 0, 0, 0, 1, 0, 0, 2, 2, 2, 0, 0, 0, 0, 0, 0, 0, 0, 0, 2, 2, 3, 0, 2, 1, 2, 1, 4, 3, 6, 5, 3, 3, 2, 2, 4, 3, 830, 0, 0, 0, 0, 0, 0]",4,12.545793328037838,-1,1
5085,"[1, 2, 0, 2, 1, 4, 0, 1, 0, 1, 0, 0, 1, 0, 2, 0, 0, 0, 0, 0, 0, 0, 0, 0, 2, 0, 0, 0, 0, 0, 0, 0, 1, 1, 0, 1, 1, 0, 2, 2, 0, 0, 1, 0, 0, 0, 0, 1, 0, 0, 2, 2, 2, 0, 0, 0, 0, 0, 0, 0, 0, 0, 2, 2, 3, 0, 2, 1, 2, 1, 4, 3, 6, 5, 3, 3, 2, 2, 4, 3, 830, 0, 0, 0, 0, 0, 0]",0,0.2427188724258472,-1,0
5086,"[1, 2, 0, 2, 1, 4, 0, 1, 0, 1, 0, 0, 1, 0, 2, 0, 0, 0, 0, 0, 0, 0, 0, 0, 2, 0, 0, 0, 0, 0, 0, 0, 1, 1, 0, 1, 1, 0, 2, 2, 0, 0, 1, 0, 0, 0, 0, 1, 0, 0, 2, 2, 2, 0, 0, 0, 0, 0, 0, 0, 0, 0, 2, 2, 3, 0, 2, 1, 2, 1, 4, 3, 6, 5, 3, 3, 2, 2, 4, 3, 830, 0, 0, 0, 0, 0, 0]",-1,-1.2425841355397594e-05,-1,0
5087,"[1, 2, 0, 2, 1, 4, 0, 1, 0, 1, 0, 0, 1, 0, 2, 0, 0, 0, 0, 0, 0, 0, 0, 0, 2, 0, 0, 0, 0, 0, 0, 0, 1, 1, 0, 1, 1, 0, 2, 2, 0, 0, 1, 0, 0, 0, 0, 1, 0, 0, 2, 2, 2, 0, 0, 0, 0, 0, 0, 0, 0, 0, 2, 2, 3, 0, 2, 1, 2, 1, 4, 3, 6, 5, 3, 3, 2, 2, 4, 3, 830, 0, 0, 0, 0, 0, 0]",0,0.2427188724258472,-1,0
5088,"[1, 2, 0, 2, 1, 4, 0, 1, 0, 1, 0, 0, 1, 0, 2, 0, 0, 0, 0, 0, 0, 0, 0, 0, 2, 0, 0, 0, 0, 0, 0, 0, 1, 1, 0, 1, 1, 0, 2, 2, 0, 0, 1, 0, 0, 0, 0, 1, 0, 0, 2, 2, 2, 0, 0, 0, 0, 0, 0, 0, 0, 0, 2, 2, 3, 0, 2, 1, 2, 1, 4, 3, 6, 5, 3, 3, 2, 2, 4, 3, 830, 0, 0, 0, 0, 0, 0]",-1,-1.2425841355397594e-05,-1,0
5089,"[1, 2, 0, 2, 1, 4, 0, 1, 0, 1, 0, 0, 1, 0, 2, 0, 0, 0, 0, 0, 0, 0, 0, 0, 2, 0, 0, 0, 0, 0, 0, 0, 1, 1, 0, 1, 1, 0, 2, 2, 0, 0, 1, 0, 0, 0, 0, 1, 0, 0, 2, 2, 2, 0, 0, 0, 0, 0, 0, 0, 0, 0, 2, 2, 3, 0, 2, 1, 2, 1, 4, 3, 6, 5, 3, 3, 2, 2, 4, 3, 830, 0, 0, 0, 0, 0, 0]",0,0.2427188724258472,-1,0
5090,"[1, 2, 0, 2, 1, 4, 0, 1, 0, 1, 0, 0, 1, 0, 2, 0, 0, 0, 0, 0, 0, 0, 0, 0, 2, 0, 0, 0, 0, 0, 0, 0, 1, 1, 0, 1, 1, 0, 2, 2, 0, 0, 1, 0, 0, 0, 0, 1, 0, 0, 2, 2, 2, 0, 0, 0, 0, 0, 0, 0, 0, 0, 2, 2, 3, 0, 2, 1, 2, 1, 4, 3, 6, 5, 3, 3, 2, 2, 4, 3, 830, 0, 0, 0, 0, 0, 0]",-1,-1.2425841355397594e-05,-1,0
5091,"[1, 2, 0, 2, 1, 4, 0, 1, 0, 1, 0, 0, 1, 0, 2, 0, 0, 0, 0, 0, 0, 0, 0, 0, 2, 0, 0, 0, 0, 0, 0, 0, 1, 1, 0, 1, 1, 0, 2, 2, 0, 0, 1, 0, 0, 0, 0, 1, 0, 0, 2, 2, 2, 0, 0, 0, 0, 0, 0, 0, 0, 0, 2, 2, 3, 0, 2, 1, 2, 1, 4, 3, 6, 5, 3, 3, 2, 2, 4, 3, 830, 0, 0, 0, 0, 0, 0]",0,0.2427188724258472,-1,0
5092,"[1, 2, 0, 2, 1, 4, 0, 1, 0, 1, 0, 0, 1, 0, 2, 0, 0, 0, 0, 0, 0, 0, 0, 0, 2, 0, 0, 0, 0, 0, 0, 0, 1, 1, 0, 1, 1, 0, 2, 2, 0, 0, 1, 0, 0, 0, 0, 1, 0, 0, 2, 2, 2, 0, 0, 0, 0, 0, 0, 0, 0, 0, 2, 2, 3, 0, 2, 1, 2, 1, 4, 3, 6, 5, 3, 3, 2, 2, 4, 3, 830, 0, 0, 0, 0, 0, 0]",-1,-1.2425841355397594e-05,-1,0
5093,"[1, 2, 0, 2, 1, 4, 0, 1, 0, 1, 0, 0, 1, 0, 2, 0, 0, 0, 0, 0, 0, 0, 0, 0, 2, 0, 0, 0, 0, 0, 0, 0, 1, 1, 0, 1, 1, 0, 2, 2, 0, 0, 1, 0, 0, 0, 0, 1, 0, 0, 2, 2, 2, 0, 0, 0, 0, 0, 0, 0, 0, 0, 2, 2, 3, 0, 2, 1, 2, 1, 4, 3, 6, 5, 3, 3, 2, 2, 4, 3, 830, 0, 0, 0, 0, 0, 0]",0,0.2427188724258472,-1,0
5094,"[1, 2, 0, 2, 1, 4, 0, 1, 0, 1, 0, 0, 1, 0, 2, 0, 0, 0, 0, 0, 0, 0, 0, 0, 2, 0, 0, 0, 0, 0, 0, 0, 1, 1, 0, 1, 1, 0, 2, 2, 0, 0, 1, 0, 0, 0, 0, 1, 0, 0, 2, 2, 2, 0, 0, 0, 0, 0, 0, 0, 0, 0, 2, 2, 3, 0, 2, 1, 2, 1, 4, 3, 6, 5, 3, 3, 2, 2, 4, 3, 830, 0, 0, 0, 0, 0, 0]",-1,-1.2425841355397594e-05,-1,0
5095,"[1, 2, 0, 2, 1, 4, 0, 1, 0, 1, 0, 0, 1, 0, 2, 0, 0, 0, 0, 0, 0, 0, 0, 0, 2, 0, 0, 0, 0, 0, 0, 0, 1, 1, 0, 1, 1, 0, 2, 2, 0, 0, 1, 0, 0, 0, 0, 1, 0, 0, 2, 2, 2, 0, 0, 0, 0, 0, 0, 0, 0, 0, 2, 2, 3, 0, 2, 1, 2, 1, 4, 3, 6, 5, 3, 3, 2, 2, 4, 3, 830, 0, 1, 0, 0, 0, 0]",2,0.4000000000022741,-1,0
5096,"[1, 2, 0, 2, 1, 4, 0, 1, 0, 1, 0, 0, 1, 0, 2, 0, 0, 0, 0, 0, 0, 0, 0, 0, 2, 0, 0, 0, 0, 0, 0, 0, 1, 1, 0, 1, 1, 0, 2, 2, 0, 0, 1, 0, 0, 0, 0, 1, 0, 0, 2, 2, 2, 0, 0, 0, 0, 0, 0, 0, 0, 0, 2, 2, 3, 0, 2, 1, 2, 1, 4, 3, 6, 5, 3, 3, 2, 2, 4, 3, 830, 0, 0, 0, 0, 0, 0]",-1,-1.2425841355397594e-05,-1,0
5097,"[1, 2, 0, 2, 1, 4, 0, 1, 0, 1, 0, 0, 1, 0, 2, 0, 0, 0, 0, 0, 0, 0, 0, 0, 2, 0, 0, 0, 0, 0, 0, 0, 1, 1, 0, 1, 1, 0, 2, 2, 0, 0, 1, 0, 0, 0, 0, 1, 0, 0, 2, 2, 2, 0, 0, 0, 0, 0, 0, 0, 0, 0, 2, 2, 3, 0, 2, 1, 2, 1, 4, 3, 6, 5, 3, 3, 2, 2, 4, 3, 830, 0, 0, 0, 0, 0, 0]",1,0.6096241151018909,-1,0
5098,"[1, 2, 0, 2, 1, 4, 0, 1, 0, 1, 0, 0, 1, 0, 2, 0, 0, 0, 0, 0, 0, 0, 0, 0, 2, 0, 0, 0, 0, 0, 0, 0, 1, 1, 0, 1, 1, 0, 2, 2, 0, 0, 1, 0, 0, 0, 0, 1, 0, 0, 2, 2, 2, 0, 0, 0, 0, 0, 0, 0, 0, 0, 2, 2, 3, 0, 2, 1, 2, 1, 4, 3, 6, 5, 3, 3, 2, 2, 4, 3, 830, 0, 0, 0, 0, 0, 0]",-1,-1.2425841355397594e-05,-1,0
5099,"[1, 2, 0, 2, 1, 4, 0, 1, 0, 1, 0, 0, 1, 0, 2, 0, 0, 0, 0, 0, 0, 0, 0, 0, 2, 0, 0, 0, 0, 0, 0, 0, 1, 1, 0, 1, 1, 0, 2, 2, 0, 0, 1, 0, 0, 0, 0, 1, 0, 0, 2, 2, 2, 0, 0, 0, 0, 0, 0, 0, 0, 0, 2, 2, 3, 0, 2, 1, 2, 1, 4, 3, 6, 5, 3, 3, 2, 2, 4, 3, 830, 0, 0, 0, 0, 0, 0]",1,0.6096241151018909,-1,0
5100,"[1, 2, 0, 2, 1, 4, 0, 1, 0, 1, 0, 0, 1, 0, 2, 0, 0, 0, 0, 0, 0, 0, 0, 0, 2, 0, 0, 0, 0, 0, 0, 0, 1, 1, 0, 1, 1, 0, 2, 2, 0, 0, 1, 0, 0, 0, 0, 1, 0, 0, 2, 2, 2, 0, 0, 0, 0, 0, 0, 0, 0, 0, 2, 2, 3, 0, 2, 1, 2, 1, 4, 3, 6, 5, 3, 3, 2, 2, 4, 3, 830, 0, 0, 0, 0, 0, 0]",-1,-1.2425841355397594e-05,-1,0
5101,"[1, 2, 0, 2, 1, 4, 0, 1, 0, 1, 0, 0, 1, 0, 2, 0, 0, 0, 0, 0, 0, 0, 0, 0, 2, 0, 0, 0, 0, 0, 0, 0, 1, 1, 0, 1, 1, 0, 2, 2, 0, 0, 1, 0, 0, 0, 0, 1, 0, 0, 2, 2, 2, 0, 0, 0, 0, 0, 0, 0, 0, 0, 2, 2, 3, 0, 2, 1, 2, 1, 4, 3, 6, 5, 3, 3, 2, 2, 4, 3, 830, 0, 1, 0, 0, 0, 0]",2,0.4000000000022741,-1,0
5102,"[1, 2, 0, 2, 1, 4, 0, 1, 0, 1, 0, 0, 1, 0, 2, 0, 0, 0, 0, 0, 0, 0, 0, 0, 2, 0, 0, 0, 0, 0, 0, 0, 1, 1, 0, 1, 1, 0, 2, 2, 0, 0, 1, 0, 0, 0, 0, 1, 0, 0, 2, 2, 2, 0, 0, 0, 0, 0, 0, 0, 0, 0, 2, 2, 3, 0, 2, 1, 2, 1, 4, 3, 6, 5, 3, 3, 2, 2, 4, 3, 830, 0, 0, 0, 0, 0, 0]",-1,-1.2425841355397594e-05,-1,0
5103,"[1, 2, 0, 2, 1, 4, 0, 1, 0, 1, 0, 0, 1, 0, 2, 0, 0, 0, 0, 0, 0, 0, 0, 0, 2, 0, 0, 0, 0, 0, 0, 0, 1, 1, 0, 1, 1, 0, 2, 2, 0, 0, 1, 0, 0, 0, 0, 1, 0, 0, 2, 2, 2, 0, 0, 0, 0, 0, 0, 0, 0, 0, 2, 2, 3, 0, 2, 1, 2, 1, 4, 3, 6, 5, 3, 3, 2, 2, 4, 3, 830, 1, 0, 0, 0, 0, 0]",3,0.2000000000022741,-1,0
5104,"[1, 2, 0, 2, 1, 4, 0, 1, 0, 1, 0, 0, 1, 0, 2, 0, 0, 0, 0, 0, 0, 0, 0, 0, 2, 0, 0, 0, 0, 0, 0, 0, 1, 1, 0, 1, 1, 0, 2, 2, 0, 0, 1, 0, 0, 0, 0, 1, 0, 0, 2, 2, 2, 0, 0, 0, 0, 0, 0, 0, 0, 0, 2, 2, 3, 0, 2, 1, 2, 1, 4, 3, 6, 5, 3, 3, 2, 2, 4, 3, 830, 0, 0, 0, 0, 0, 0]",-1,-1.2425841355397594e-05,-1,0
5105,"[1, 2, 0, 2, 1, 4, 0, 1, 0, 1, 0, 0, 1, 0, 2, 0, 0, 0, 0, 0, 0, 0, 0, 0, 2, 0, 0, 0, 0, 0, 0, 0, 1, 1, 0, 1, 1, 0, 2, 2, 0, 0, 1, 0, 0, 0, 0, 1, 0, 0, 2, 2, 2, 0, 0, 0, 0, 0, 0, 0, 0, 0, 2, 2, 3, 0, 2, 1, 2, 1, 4, 3, 6, 5, 3, 3, 2, 2, 4, 3, 830, 0, 1, 0, 0, 0, 0]",2,0.4000000000022741,-1,0
5106,"[1, 2, 0, 2, 1, 4, 0, 1, 0, 1, 0, 0, 1, 0, 2, 0, 0, 0, 0, 0, 0, 0, 0, 0, 2, 0, 0, 0, 0, 0, 0, 0, 1, 1, 0, 1, 1, 0, 2, 2, 0, 0, 1, 0, 0, 0, 0, 1, 0, 0, 2, 2, 2, 0, 0, 0, 0, 0, 0, 0, 0, 0, 2, 2, 3, 0, 2, 1, 2, 1, 4, 3, 6, 5, 3, 3, 2, 2, 4, 3, 830, 0, 0, 0, 0, 0, 0]",-1,-1.2425841355397594e-05,-1,0
5107,"[1, 2, 0, 2, 1, 4, 0, 1, 0, 1, 0, 0, 1, 0, 2, 0, 0, 0, 0, 0, 0, 0, 0, 0, 2, 0, 0, 0, 0, 0, 0, 0, 1, 1, 0, 1, 1, 0, 2, 2, 0, 0, 1, 0, 0, 0, 0, 1, 0, 0, 2, 2, 2, 0, 0, 0, 0, 0, 0, 0, 0, 0, 2, 2, 3, 0, 2, 1, 2, 1, 4, 3, 6, 5, 3, 3, 2, 2, 4, 3, 830, 0, 0, 0, 0, 0, 0]",1,0.6096241151018909,-1,0
5108,"[1, 2, 0, 2, 1, 4, 0, 1, 0, 1, 0, 0, 1, 0, 2, 0, 0, 0, 0, 0, 0, 0, 0, 0, 2, 0, 0, 0, 0, 0, 0, 0, 1, 1, 0, 1, 1, 0, 2, 2, 0, 0, 1, 0, 0, 0, 0, 1, 0, 0, 2, 2, 2, 0, 0, 0, 0, 0, 0, 0, 0, 0, 2, 2, 3, 0, 2, 1, 2, 1, 4, 3, 6, 5, 3, 3, 2, 2, 4, 3, 830, 0, 0, 0, 0, 0, 0]",-1,-1.2425841355397594e-05,-1,0
5109,"[1, 2, 0, 2, 1, 4, 0, 1, 0, 1, 0, 0, 1, 0, 2, 0, 0, 0, 0, 0, 0, 0, 0, 0, 2, 0, 0, 0, 0, 0, 0, 0, 1, 1, 0, 1, 1, 0, 2, 2, 0, 0, 1, 0, 0, 0, 0, 1, 0, 0, 2, 2, 2, 0, 0, 0, 0, 0, 0, 0, 0, 0, 2, 2, 3, 0, 2, 1, 2, 1, 4, 3, 6, 5, 3, 3, 2, 2, 4, 3, 830, 0, 1, 0, 0, 0, 0]",2,0.4000000000022741,-1,0
5110,"[1, 2, 0, 2, 1, 4, 0, 1, 0, 1, 0, 0, 1, 0, 2, 0, 0, 0, 0, 0, 0, 0, 0, 0, 2, 0, 0, 0, 0, 0, 0, 0, 1, 1, 0, 1, 1, 0, 2, 2, 0, 0, 1, 0, 0, 0, 0, 1, 0, 0, 2, 2, 2, 0, 0, 0, 0, 0, 0, 0, 0, 0, 2, 2, 3, 0, 2, 1, 2, 1, 4, 3, 6, 5, 3, 3, 2, 2, 4, 3, 830, 0, 0, 0, 0, 0, 0]",-1,-1.2425841355397594e-05,-1,0
5111,"[1, 2, 0, 2, 1, 4, 0, 1, 0, 1, 0, 0, 1, 0, 2, 0, 0, 0, 0, 0, 0, 0, 0, 0, 2, 0, 0, 0, 0, 0, 0, 0, 1, 1, 0, 1, 1, 0, 2, 2, 0, 0, 1, 0, 0, 0, 0, 1, 0, 0, 2, 2, 2, 0, 0, 0, 0, 0, 0, 0, 0, 0, 2, 2, 3, 0, 2, 1, 2, 1, 4, 3, 6, 5, 3, 3, 2, 2, 4, 3, 830, 0, 1, 0, 0, 0, 0]",2,0.4000000000022741,-1,0
5112,"[1, 2, 0, 2, 1, 4, 0, 1, 0, 1, 0, 0, 1, 0, 2, 0, 0, 0, 0, 0, 0, 0, 0, 0, 2, 0, 0, 0, 0, 0, 0, 0, 1, 1, 0, 1, 1, 0, 2, 2, 0, 0, 1, 0, 0, 0, 0, 1, 0, 0, 2, 2, 2, 0, 0, 0, 0, 0, 0, 0, 0, 0, 2, 2, 3, 0, 2, 1, 2, 1, 4, 3, 6, 5, 3, 3, 2, 2, 4, 3, 830, 0, 0, 0, 0, 0, 0]",-1,-1.2425841355397594e-05,-1,0
5113,"[1, 2, 0, 2, 1, 4, 0, 1, 0, 1, 0, 0, 1, 0, 2, 0, 0, 0, 0, 0, 0, 0, 0, 0, 2, 0, 0, 0, 0, 0, 0, 0, 1, 1, 0, 1, 1, 0, 2, 2, 0, 0, 1, 0, 0, 0, 0, 1, 0, 0, 2, 2, 2, 0, 0, 0, 0, 0, 0, 0, 0, 0, 2, 2, 3, 0, 2, 1, 2, 1, 4, 3, 6, 5, 3, 3, 2, 2, 4, 3, 830, 0, 0, 0, 0, 0, 0]",1,0.6096241151018909,-1,0
5114,"[1, 2, 0, 2, 1, 4, 0, 1, 0, 1, 0, 0, 1, 0, 2, 0, 0, 0, 0, 0, 0, 0, 0, 0, 2, 0, 0, 0, 0, 0, 0, 0, 1, 1, 0, 1, 1, 0, 2, 2, 0, 0, 1, 0, 0, 0, 0, 1, 0, 0, 2, 2, 2, 0, 0, 0, 0, 0, 0, 0, 0, 0, 2, 2, 3, 0, 2, 1, 2, 1, 4, 3, 6, 5, 3, 3, 2, 2, 4, 3, 830, 0, 0, 0, 0, 0, 0]",-1,-1.2425841355397594e-05,-1,0
5115,"[1, 1, 0, 1, 1, 2, 0, 1, 0, 1, 0, 0, 1, 0, 2, 0, 0, 0, 0, 0, 0, 0, 0, 0, 2, 0, 0, 0, 0, 0, 0, 0, 1, 1, 0, 1, 1, 0, 2, 2, 0, 0, 1, 0, 0, 0, 0, 1, 0, 0, 2, 2, 2, 0, 0, 0, 0, 0, 0, 0, 0, 0, 2, 2, 3, 0, 2, 1, 2, 1, 4, 3, 6, 5, 3, 3, 2, 2, 4, 3, 831, 0, 0, 0, 0, 0, 0]",4,14.53341813569502,-1,0
5116,"[1, 1, 0, 1, 1, 2, 0, 1, 0, 1, 0, 0, 1, 0, 2, 0, 0, 0, 0, 0, 0, 0, 0, 0, 2, 0, 0, 0, 0, 0, 0, 0, 1, 1, 0, 1, 1, 0, 2, 2, 0, 0, 1, 0, 0, 0, 0, 1, 0, 0, 2, 2, 2, 0, 0, 0, 0, 0, 0, 0, 0, 0, 2, 2, 3, 0, 2, 1, 2, 1, 4, 3, 6, 5, 3, 3, 2, 2, 4, 3, 831, 0, 0, 0, 0, 0, 0]",0,0.2949747468327682,-1,1
5117,"[1, 1, 0, 1, 1, 2, 0, 1, 0, 1, 0, 0, 1, 0, 2, 0, 0, 0, 0, 0, 0, 0, 0, 0, 2, 0, 0, 0, 0, 0, 0, 0, 1, 1, 0, 1, 1, 0, 2, 2, 0, 0, 1, 0, 0, 0, 0, 1, 0, 0, 2, 2, 2, 0, 0, 0, 0, 0, 0, 0, 0, 0, 2, 2, 3, 0, 2, 1, 2, 1, 4, 3, 6, 5, 3, 3, 2, 2, 4, 3, 831, 0, 0, 0, 0, 0, 0]",-1,-1.2302202168104928e-05,-1,1
5118,"[2, 1, 0, 1, 1, 2, 0, 1, 0, 1, 0, 0, 1, 0, 2, 0, 0, 0, 0, 0, 0, 0, 0, 0, 2, 0, 0, 0, 0, 0, 0, 0, 1, 1, 0, 1, 1, 0, 2, 2, 0, 0, 1, 0, 0, 0, 0, 1, 0, 0, 2, 2, 2, 0, 0, 0, 0, 0, 0, 0, 0, 0, 2, 2, 3, 0, 2, 1, 2, 1, 4, 3, 6, 5, 3, 3, 2, 2, 4, 3, 832, 0, 0, 0, 0, 0, 0]",4,12.973793167780277,-1,1
5119,"[2, 1, 0, 1, 1, 2, 0, 1, 0, 1, 0, 0, 1, 0, 2, 0, 0, 0, 0, 0, 0, 0, 0, 0, 2, 0, 0, 0, 0, 0, 0, 0, 1, 1, 0, 1, 1, 0, 2, 2, 0, 0, 1, 0, 0, 0, 0, 1, 0, 0, 2, 2, 2, 0, 0, 0, 0, 0, 0, 0, 0, 0, 2, 2, 3, 0, 2, 1, 2, 1, 4, 3, 6, 5, 3, 3, 2, 2, 4, 3, 832, 0, 0, 0, 0, 0, 0]",1,0.609624115101716,-1,0
5120,"[2, 1, 0, 1, 1, 2, 0, 1, 0, 1, 0, 0, 1, 0, 2, 0, 0, 0, 0, 0, 0, 0, 0, 0, 2, 0, 0, 0, 0, 0, 0, 0, 1, 1, 0, 1, 1, 0, 2, 2, 0, 0, 1, 0, 0, 0, 0, 1, 0, 0, 2, 2, 2, 0, 0, 0, 0, 0, 0, 0, 0, 0, 2, 2, 3, 0, 2, 1, 2, 1, 4, 3, 6, 5, 3, 3, 2, 2, 4, 3, 832, 0, 0, 0, 0, 0, 0]",-1,-1.217979321128094e-05,-1,0
5121,"[2, 1, 0, 1, 1, 2, 0, 1, 0, 1, 0, 0, 1, 0, 2, 0, 0, 0, 0, 0, 0, 0, 0, 0, 2, 0, 0, 0, 0, 0, 0, 0, 1, 1, 0, 1, 1, 0, 2, 2, 0, 0, 1, 0, 0, 0, 0, 1, 0, 0, 2, 2, 2, 0, 0, 0, 0, 0, 0, 0, 0, 0, 2, 2, 3, 0, 2, 1, 2, 1, 4, 3, 6, 5, 3, 3, 2, 2, 4, 3, 832, 0, 0, 0, 0, 0, 0]",1,0.609624115101716,-1,0
5122,"[2, 1, 0, 1, 1, 2, 0, 1, 0, 1, 0, 0, 1, 0, 2, 0, 0, 0, 0, 0, 0, 0, 0, 0, 2, 0, 0, 0, 0, 0, 0, 0, 1, 1, 0, 1, 1, 0, 2, 2, 0, 0, 1, 0, 0, 0, 0, 1, 0, 0, 2, 2, 2, 0, 0, 0, 0, 0, 0, 0, 0, 0, 2, 2, 3, 0, 2, 1, 2, 1, 4, 3, 6, 5, 3, 3, 2, 2, 4, 3, 832, 0, 0, 0, 0, 0, 0]",-1,-1.217979321128094e-05,-1,0
5123,"[2, 1, 0, 1, 1, 2, 0, 1, 0, 1, 0, 0, 1, 0, 2, 0, 0, 0, 0, 0, 0, 0, 0, 0, 2, 0, 0, 0, 0, 0, 0, 0, 1, 1, 0, 1, 1, 0, 2, 2, 0, 0, 1, 0, 0, 0, 0, 1, 0, 0, 2, 2, 2, 0, 0, 0, 0, 0, 0, 0, 0, 0, 2, 2, 3, 0, 2, 1, 2, 1, 4, 3, 6, 5, 3, 3, 2, 2, 4, 3, 832, 0, 0, 0, 0, 0, 0]",1,0.609624115101716,-1,0
5124,"[2, 1, 0, 1, 1, 2, 0, 1, 0, 1, 0, 0, 1, 0, 2, 0, 0, 0, 0, 0, 0, 0, 0, 0, 2, 0, 0, 0, 0, 0, 0, 0, 1, 1, 0, 1, 1, 0, 2, 2, 0, 0, 1, 0, 0, 0, 0, 1, 0, 0, 2, 2, 2, 0, 0, 0, 0, 0, 0, 0, 0, 0, 2, 2, 3, 0, 2, 1, 2, 1, 4, 3, 6, 5, 3, 3, 2, 2, 4, 3, 832, 0, 0, 0, 0, 0, 0]",-1,-1.217979321128094e-05,-1,0
5125,"[1, 1, 0, 1, 1, 1, 0, 1, 0, 1, 0, 0, 1, 0, 2, 0, 0, 0, 0, 0, 0, 0, 0, 0, 2, 0, 0, 0, 0, 0, 0, 0, 1, 1, 0, 1, 1, 0, 2, 2, 0, 0, 1, 0, 0, 0, 0, 1, 0, 0, 2, 2, 2, 0, 0, 0, 0, 0, 0, 0, 0, 0, 2, 2, 3, 0, 2, 1, 2, 1, 4, 3, 6, 5, 3, 3, 2, 2, 4, 3, 833, 0, 0, 0, 0, 0, 0]",4,14.533417643598565,-1,0
5126,"[1, 1, 0, 1, 1, 1, 0, 1, 0, 1, 0, 0, 1, 0, 2, 0, 0, 0, 0, 0, 0, 0, 0, 0, 2, 0, 0, 0, 0, 0, 0, 0, 1, 1, 0, 1, 1, 0, 2, 2, 0, 0, 1, 0, 0, 0, 0, 1, 0, 0, 2, 2, 2, 0, 0, 0, 0, 0, 0, 0, 0, 0, 2, 2, 3, 0, 2, 1, 2, 1, 4, 3, 6, 5, 3, 3, 2, 2, 4, 3, 833, 1, 0, 0, 0, 0, 0]",3,0.20000000000201698,-1,1
5127,"[1, 1, 0, 1, 1, 1, 0, 1, 0, 1, 0, 0, 1, 0, 2, 0, 0, 0, 0, 0, 0, 0, 0, 0, 2, 0, 0, 0, 0, 0, 0, 0, 1, 1, 0, 1, 1, 0, 2, 2, 0, 0, 1, 0, 0, 0, 0, 1, 0, 0, 2, 2, 2, 0, 0, 0, 0, 0, 0, 0, 0, 0, 2, 2, 3, 0, 2, 1, 2, 1, 4, 3, 6, 5, 3, 3, 2, 2, 4, 3, 833, 0, 0, 0, 0, 0, 0]",-1,-1.2058602243927944e-05,-1,1
5128,"[1, 1, 0, 1, 1, 1, 0, 1, 0, 1, 0, 0, 1, 0, 2, 0, 0, 0, 0, 0, 0, 0, 0, 0, 2, 0, 0, 0, 0, 0, 0, 0, 1, 1, 0, 1, 1, 0, 2, 2, 0, 0, 1, 0, 0, 0, 0, 1, 0, 0, 2, 2, 2, 0, 0, 0, 0, 0, 0, 0, 0, 0, 2, 2, 3, 0, 2, 1, 2, 1, 4, 3, 6, 5, 3, 3, 2, 2, 4, 3, 833, 0, 0, 0, 0, 0, 0]",0,0.2949747468326003,-1,1
5129,"[1, 1, 0, 1, 1, 1, 0, 1, 0, 1, 0, 0, 1, 0, 2, 0, 0, 0, 0, 0, 0, 0, 0, 0, 2, 0, 0, 0, 0, 0, 0, 0, 1, 1, 0, 1, 1, 0, 2, 2, 0, 0, 1, 0, 0, 0, 0, 1, 0, 0, 2, 2, 2, 0, 0, 0, 0, 0, 0, 0, 0, 0, 2, 2, 3, 0, 2, 1, 2, 1, 4, 3, 6, 5, 3, 3, 2, 2, 4, 3, 833, 0, 0, 0, 0, 0, 0]",-1,-1.2058602243927944e-05,-1,1
5130,"[1, 1, 0, 1, 3, 1, 0, 1, 0, 1, 0, 0, 1, 0, 2, 0, 0, 0, 0, 0, 0, 0, 0, 0, 2, 0, 0, 0, 0, 0, 0, 0, 1, 1, 0, 1, 1, 0, 2, 2, 0, 0, 1, 0, 0, 0, 0, 1, 0, 0, 2, 2, 2, 0, 0, 0, 0, 0, 0, 0, 0, 0, 2, 2, 3, 0, 2, 1, 2, 1, 4, 3, 6, 5, 3, 3, 2, 2, 4, 3, 834, 0, 0, 0, 0, 0, 0]",4,12.712979583521857,-1,1
5131,"[1, 2, 0, 1, 3, 2, 0, 1, 0, 1, 0, 0, 1, 0, 2, 0, 0, 0, 0, 0, 0, 0, 0, 0, 2, 0, 0, 0, 0, 0, 0, 0, 1, 1, 0, 1, 1, 0, 2, 2, 0, 0, 1, 0, 0, 0, 0, 1, 0, 0, 2, 2, 2, 0, 0, 0, 0, 0, 0, 0, 0, 0, 2, 2, 3, 0, 2, 1, 2, 1, 4, 3, 6, 5, 3, 3, 2, 2, 4, 3, 835, 0, 0, 0, 0, 0, 0]",4,14.373792440609998,-1,0
5132,"[1, 2, 0, 1, 3, 2, 0, 1, 0, 1, 0, 0, 1, 0, 2, 0, 0, 0, 0, 0, 0, 0, 0, 0, 2, 0, 0, 0, 0, 0, 0, 0, 1, 1, 0, 1, 1, 0, 2, 2, 0, 0, 1, 0, 0, 0, 0, 1, 0, 0, 2, 2, 2, 0, 0, 0, 0, 0, 0, 0, 0, 0, 2, 2, 3, 0, 2, 1, 2, 1, 4, 3, 6, 5, 3, 3, 2, 2, 4, 3, 835, 0, 0, 0, 0, 0, 0]",0,0.2949747468324452,-1,1
5133,"[1, 2, 0, 1, 3, 2, 0, 1, 0, 1, 0, 0, 1, 0, 2, 0, 0, 0, 0, 0, 0, 0, 0, 0, 2, 0, 0, 0, 0, 0, 0, 0, 1, 1, 0, 1, 1, 0, 2, 2, 0, 0, 1, 0, 0, 0, 0, 1, 0, 0, 2, 2, 2, 0, 0, 0, 0, 0, 0, 0, 0, 0, 2, 2, 3, 0, 2, 1, 2, 1, 4, 3, 6, 5, 3, 3, 2, 2, 4, 3, 835, 0, 0, 0, 0, 0, 0]",-1,-1.1819825921432037e-05,-1,1
5134,"[1, 2, 0, 1, 5, 2, 0, 1, 0, 1, 0, 0, 1, 0, 2, 0, 0, 0, 0, 0, 0, 0, 0, 0, 2, 0, 0, 0, 0, 0, 0, 0, 1, 1, 0, 1, 1, 0, 2, 2, 0, 0, 1, 0, 0, 0, 0, 1, 0, 0, 2, 2, 2, 0, 0, 0, 0, 0, 0, 0, 0, 0, 2, 2, 3, 0, 2, 1, 2, 1, 4, 3, 6, 5, 3, 3, 2, 2, 4, 3, 836, 0, 0, 0, 0, 0, 0]",4,12.538075518460314,-1,1
5135,"[1, 2, 0, 1, 5, 2, 0, 2, 0, 1, 0, 0, 1, 0, 2, 0, 0, 0, 0, 0, 0, 0, 0, 0, 2, 0, 0, 0, 0, 0, 0, 0, 1, 1, 0, 1, 1, 0, 2, 2, 0, 0, 1, 0, 0, 0, 0, 1, 0, 0, 2, 2, 2, 0, 0, 0, 0, 0, 0, 0, 0, 0, 2, 2, 3, 0, 2, 1, 2, 1, 4, 3, 6, 5, 3, 3, 2, 2, 4, 3, 837, 0, 0, 0, 0, 0, 0]",4,14.373791967808938,-1,0
5136,"[1, 2, 0, 1, 5, 2, 0, 2, 0, 1, 0, 0, 1, 0, 2, 0, 0, 0, 0, 0, 0, 0, 0, 0, 2, 0, 0, 0, 0, 0, 0, 0, 1, 1, 0, 1, 1, 0, 2, 2, 0, 0, 1, 0, 0, 0, 0, 1, 0, 0, 2, 2, 2, 0, 0, 0, 0, 0, 0, 0, 0, 0, 2, 2, 3, 0, 2, 1, 2, 1, 4, 3, 6, 5, 3, 3, 2, 2, 4, 3, 837, 0, 0, 0, 0, 0, 0]",0,0.29497474683230196,-1,1
5137,"[1, 2, 0, 1, 5, 2, 0, 2, 0, 1, 0, 0, 1, 0, 2, 0, 0, 0, 0, 0, 0, 0, 0, 0, 2, 0, 0, 0, 0, 0, 0, 0, 1, 1, 0, 1, 1, 0, 2, 2, 0, 0, 1, 0, 0, 0, 0, 1, 0, 0, 2, 2, 2, 0, 0, 0, 0, 0, 0, 0, 0, 0, 2, 2, 3, 0, 2, 1, 2, 1, 4, 3, 6, 5, 3, 3, 2, 2, 4, 3, 837, 0, 0, 0, 0, 0, 0]",-1,-1.1585777686904462e-05,-1,1
5138,"[1, 2, 0, 1, 7, 2, 0, 2, 0, 1, 0, 0, 1, 0, 2, 0, 0, 0, 0, 0, 0, 0, 0, 0, 2, 0, 0, 0, 0, 0, 0, 0, 1, 1, 0, 1, 1, 0, 2, 2, 0, 0, 1, 0, 0, 0, 0, 1, 0, 0, 2, 2, 2, 0, 0, 0, 0, 0, 0, 0, 0, 0, 2, 2, 3, 0, 2, 1, 2, 1, 4, 3, 6, 5, 3, 3, 2, 2, 4, 3, 838, 0, 0, 0, 0, 0, 0]",4,12.482296501589042,-1,1
5139,"[1, 2, 0, 1, 7, 2, 0, 2, 0, 1, 0, 0, 1, 0, 2, 0, 0, 0, 0, 0, 0, 0, 0, 0, 2, 0, 0, 0, 0, 0, 0, 0, 1, 1, 0, 1, 1, 0, 2, 2, 0, 0, 1, 0, 0, 0, 0, 1, 0, 0, 2, 2, 2, 0, 0, 0, 0, 0, 0, 0, 0, 0, 2, 2, 3, 0, 2, 1, 2, 1, 4, 3, 6, 5, 3, 3, 2, 2, 4, 3, 838, 1, 0, 0, 0, 0, 0]",3,0.20000000000165136,-1,0
5140,"[1, 2, 0, 1, 7, 2, 0, 2, 0, 1, 0, 0, 1, 0, 2, 0, 0, 0, 0, 0, 0, 0, 0, 0, 2, 0, 0, 0, 0, 0, 0, 0, 1, 1, 0, 1, 1, 0, 2, 2, 0, 0, 1, 0, 0, 0, 0, 1, 0, 0, 2, 2, 2, 0, 0, 0, 0, 0, 0, 0, 0, 0, 2, 2, 3, 0, 2, 1, 2, 1, 4, 3, 6, 5, 3, 3, 2, 2, 4, 3, 838, 0, 0, 0, 0, 0, 0]",-1,-1.1470497272774587e-05,-1,0
5141,"[1, 2, 0, 1, 7, 2, 0, 2, 0, 1, 0, 0, 1, 0, 2, 0, 0, 0, 0, 0, 0, 0, 0, 0, 2, 0, 0, 0, 0, 0, 0, 0, 1, 1, 0, 1, 1, 0, 2, 2, 0, 0, 1, 0, 0, 0, 0, 1, 0, 0, 2, 2, 2, 0, 0, 0, 0, 0, 0, 0, 0, 0, 2, 2, 3, 0, 2, 1, 2, 1, 4, 3, 6, 5, 3, 3, 2, 2, 4, 3, 838, 1, 0, 0, 0, 0, 0]",3,0.20000000000165136,-1,0
5142,"[1, 2, 0, 1, 7, 2, 0, 2, 0, 1, 0, 0, 1, 0, 2, 0, 0, 0, 0, 0, 0, 0, 0, 0, 2, 0, 0, 0, 0, 0, 0, 0, 1, 1, 0, 1, 1, 0, 2, 2, 0, 0, 1, 0, 0, 0, 0, 1, 0, 0, 2, 2, 2, 0, 0, 0, 0, 0, 0, 0, 0, 0, 2, 2, 3, 0, 2, 1, 2, 1, 4, 3, 6, 5, 3, 3, 2, 2, 4, 3, 838, 0, 0, 0, 0, 0, 0]",-1,-1.1470497272774587e-05,-1,0
5143,"[1, 2, 0, 1, 7, 2, 0, 2, 0, 1, 0, 0, 1, 0, 2, 0, 0, 0, 0, 0, 0, 0, 0, 0, 2, 0, 0, 0, 0, 0, 0, 0, 1, 1, 0, 1, 1, 0, 2, 2, 0, 0, 1, 0, 0, 0, 0, 1, 0, 0, 2, 2, 2, 0, 0, 0, 0, 0, 0, 0, 0, 0, 2, 2, 3, 0, 2, 1, 2, 1, 4, 3, 6, 5, 3, 3, 2, 2, 4, 3, 838, 1, 0, 0, 0, 0, 0]",3,0.20000000000165136,-1,0
5144,"[1, 2, 0, 1, 7, 2, 0, 2, 0, 1, 0, 0, 1, 0, 2, 0, 0, 0, 0, 0, 0, 0, 0, 0, 2, 0, 0, 0, 0, 0, 0, 0, 1, 1, 0, 1, 1, 0, 2, 2, 0, 0, 1, 0, 0, 0, 0, 1, 0, 0, 2, 2, 2, 0, 0, 0, 0, 0, 0, 0, 0, 0, 2, 2, 3, 0, 2, 1, 2, 1, 4, 3, 6, 5, 3, 3, 2, 2, 4, 3, 838, 0, 0, 0, 0, 0, 0]",-1,-1.1470497272774587e-05,-1,0
5145,"[1, 2, 0, 1, 7, 2, 0, 2, 0, 1, 0, 0, 1, 0, 2, 0, 0, 0, 0, 0, 0, 0, 0, 0, 2, 0, 0, 0, 0, 0, 0, 0, 1, 1, 0, 1, 1, 0, 2, 2, 0, 0, 1, 0, 0, 0, 0, 1, 0, 0, 2, 2, 2, 0, 0, 0, 0, 0, 0, 0, 0, 0, 2, 2, 3, 0, 2, 1, 2, 1, 4, 3, 6, 5, 3, 3, 2, 2, 4, 3, 839, 0, 0, 0, 0, 0, 0]",4,14.373791504369976,-1,0
5146,"[1, 2, 0, 1, 7, 2, 0, 2, 0, 1, 0, 0, 1, 0, 2, 0, 0, 0, 0, 0, 0, 0, 0, 0, 2, 0, 0, 0, 0, 0, 0, 0, 1, 1, 0, 1, 1, 0, 2, 2, 0, 0, 1, 0, 0, 0, 0, 1, 0, 0, 2, 2, 2, 0, 0, 0, 0, 0, 0, 0, 0, 0, 2, 2, 3, 0, 2, 1, 2, 1, 4, 3, 6, 5, 3, 3, 2, 2, 4, 3, 839, 1, 0, 0, 0, 0, 0]",3,0.2000000000015866,-1,1
5147,"[1, 2, 0, 1, 7, 2, 0, 2, 0, 1, 0, 0, 1, 0, 2, 0, 0, 0, 0, 0, 0, 0, 0, 0, 2, 0, 0, 0, 0, 0, 0, 0, 1, 1, 0, 1, 1, 0, 2, 2, 0, 0, 1, 0, 0, 0, 0, 1, 0, 0, 2, 2, 2, 0, 0, 0, 0, 0, 0, 0, 0, 0, 2, 2, 3, 0, 2, 1, 2, 1, 4, 3, 6, 5, 3, 3, 2, 2, 4, 3, 839, 0, 0, 0, 0, 0, 0]",-1,-1.1356363917930768e-05,-1,1
5148,"[1, 2, 0, 1, 7, 2, 0, 3, 0, 1, 0, 0, 1, 0, 2, 0, 0, 0, 0, 0, 0, 0, 0, 0, 2, 0, 0, 0, 0, 0, 0, 0, 1, 1, 0, 1, 1, 0, 2, 2, 0, 0, 1, 0, 0, 0, 0, 1, 0, 0, 2, 2, 2, 0, 0, 0, 0, 0, 0, 0, 0, 0, 2, 2, 3, 0, 2, 1, 2, 1, 4, 3, 6, 5, 3, 3, 2, 2, 4, 3, 840, 0, 0, 0, 0, 0, 0]",4,12.539178974596622,-1,1
5149,"[1, 2, 0, 1, 7, 2, 0, 3, 0, 1, 0, 0, 1, 0, 2, 0, 0, 0, 0, 0, 0, 0, 0, 0, 2, 0, 0, 0, 0, 0, 0, 0, 1, 1, 0, 1, 1, 0, 2, 2, 0, 0, 1, 0, 0, 0, 0, 1, 0, 0, 2, 2, 2, 0, 0, 0, 0, 0, 0, 0, 0, 0, 2, 2, 3, 0, 2, 1, 2, 1, 4, 3, 6, 5, 3, 3, 2, 2, 4, 3, 840, 0, 1, 0, 0, 0, 0]",2,0.40000000000152436,-1,0
5150,"[1, 2, 0, 1, 7, 2, 0, 3, 0, 1, 0, 0, 1, 0, 2, 0, 0, 0, 0, 0, 0, 0, 0, 0, 2, 0, 0, 0, 0, 0, 0, 0, 1, 1, 0, 1, 1, 0, 2, 2, 0, 0, 1, 0, 0, 0, 0, 1, 0, 0, 2, 2, 2, 0, 0, 0, 0, 0, 0, 0, 0, 0, 2, 2, 3, 0, 2, 1, 2, 1, 4, 3, 6, 5, 3, 3, 2, 2, 4, 3, 840, 0, 0, 0, 0, 0, 0]",-1,-1.124336620894241e-05,-1,0
5151,"[1, 2, 0, 1, 7, 2, 0, 3, 0, 1, 0, 0, 1, 0, 2, 0, 0, 0, 0, 0, 0, 0, 0, 0, 2, 0, 0, 0, 0, 0, 0, 0, 1, 1, 0, 1, 1, 0, 2, 2, 0, 0, 1, 0, 0, 0, 0, 1, 0, 0, 2, 2, 2, 0, 0, 0, 0, 0, 0, 0, 0, 0, 2, 2, 3, 0, 2, 1, 2, 1, 4, 3, 6, 5, 3, 3, 2, 2, 4, 3, 840, 0, 1, 0, 0, 0, 0]",2,0.40000000000152436,-1,0
5152,"[1, 2, 0, 1, 7, 2, 0, 3, 0, 1, 0, 0, 1, 0, 2, 0, 0, 0, 0, 0, 0, 0, 0, 0, 2, 0, 0, 0, 0, 0, 0, 0, 1, 1, 0, 1, 1, 0, 2, 2, 0, 0, 1, 0, 0, 0, 0, 1, 0, 0, 2, 2, 2, 0, 0, 0, 0, 0, 0, 0, 0, 0, 2, 2, 3, 0, 2, 1, 2, 1, 4, 3, 6, 5, 3, 3, 2, 2, 4, 3, 840, 0, 0, 0, 0, 0, 0]",-1,-1.124336620894241e-05,-1,0
5153,"[1, 2, 0, 1, 7, 2, 0, 3, 0, 1, 0, 0, 1, 0, 2, 0, 0, 0, 0, 0, 0, 0, 0, 0, 2, 0, 0, 0, 0, 0, 0, 0, 1, 1, 0, 1, 1, 0, 2, 2, 0, 0, 1, 0, 0, 0, 0, 1, 0, 0, 2, 2, 2, 0, 0, 0, 0, 0, 0, 0, 0, 0, 2, 2, 3, 0, 2, 1, 2, 1, 4, 3, 6, 5, 3, 3, 2, 2, 4, 3, 840, 0, 1, 0, 0, 0, 0]",2,0.40000000000152436,-1,0
5154,"[1, 2, 0, 1, 7, 2, 0, 3, 0, 1, 0, 0, 1, 0, 2, 0, 0, 0, 0, 0, 0, 0, 0, 0, 2, 0, 0, 0, 0, 0, 0, 0, 1, 1, 0, 1, 1, 0, 2, 2, 0, 0, 1, 0, 0, 0, 0, 1, 0, 0, 2, 2, 2, 0, 0, 0, 0, 0, 0, 0, 0, 0, 2, 2, 3, 0, 2, 1, 2, 1, 4, 3, 6, 5, 3, 3, 2, 2, 4, 3, 840, 0, 0, 0, 0, 0, 0]",-1,-1.124336620894241e-05,-1,0
5155,"[1, 2, 0, 1, 7, 2, 0, 3, 0, 1, 0, 0, 1, 0, 2, 0, 0, 0, 0, 0, 0, 0, 0, 0, 2, 0, 0, 0, 0, 0, 0, 0, 1, 1, 0, 1, 1, 0, 2, 2, 0, 0, 1, 0, 0, 0, 0, 1, 0, 0, 2, 2, 2, 0, 0, 0, 0, 0, 0, 0, 0, 0, 2, 2, 3, 0, 2, 1, 2, 1, 4, 3, 6, 5, 3, 3, 2, 2, 4, 3, 840, 0, 1, 0, 0, 0, 0]",2,0.40000000000152436,-1,0
5156,"[1, 2, 0, 1, 7, 2, 0, 3, 0, 1, 0, 0, 1, 0, 2, 0, 0, 0, 0, 0, 0, 0, 0, 0, 2, 0, 0, 0, 0, 0, 0, 0, 1, 1, 0, 1, 1, 0, 2, 2, 0, 0, 1, 0, 0, 0, 0, 1, 0, 0, 2, 2, 2, 0, 0, 0, 0, 0, 0, 0, 0, 0, 2, 2, 3, 0, 2, 1, 2, 1, 4, 3, 6, 5, 3, 3, 2, 2, 4, 3, 840, 0, 0, 0, 0, 0, 0]",-1,-1.124336620894241e-05,-1,0
5157,"[1, 3, 0, 1, 7, 3, 0, 3, 0, 1, 0, 0, 1, 0, 2, 0, 0, 0, 0, 0, 0, 0, 0, 0, 2, 0, 0, 0, 0, 0, 0, 0, 1, 1, 0, 1, 1, 0, 2, 2, 0, 0, 1, 0, 0, 0, 0, 1, 0, 0, 2, 2, 2, 0, 0, 0, 0, 0, 0, 0, 0, 0, 2, 2, 3, 0, 2, 1, 2, 1, 4, 3, 6, 5, 3, 3, 2, 2, 4, 3, 841, 0, 0, 0, 0, 0, 0]",4,14.112977953049313,-1,0
5158,"[1, 3, 0, 1, 7, 3, 0, 3, 0, 1, 0, 0, 1, 0, 2, 0, 0, 0, 0, 0, 0, 0, 0, 0, 2, 0, 0, 0, 0, 0, 0, 0, 1, 1, 0, 1, 1, 0, 2, 2, 0, 0, 1, 0, 0, 0, 0, 1, 0, 0, 2, 2, 2, 0, 0, 0, 0, 0, 0, 0, 0, 0, 2, 2, 3, 0, 2, 1, 2, 1, 4, 3, 6, 5, 3, 3, 2, 2, 4, 3, 841, 0, 0, 0, 0, 0, 0]",0,0.2949747468320479,-1,1
5159,"[1, 3, 0, 1, 7, 3, 0, 3, 0, 1, 0, 0, 1, 0, 2, 0, 0, 0, 0, 0, 0, 0, 0, 0, 2, 0, 0, 0, 0, 0, 0, 0, 1, 1, 0, 1, 1, 0, 2, 2, 0, 0, 1, 0, 0, 0, 0, 1, 0, 0, 2, 2, 2, 0, 0, 0, 0, 0, 0, 0, 0, 0, 2, 2, 3, 0, 2, 1, 2, 1, 4, 3, 6, 5, 3, 3, 2, 2, 4, 3, 841, 0, 0, 0, 0, 0, 0]",-1,-1.1131492845944449e-05,-1,1
5160,"[1, 3, 0, 1, 9, 3, 0, 3, 0, 1, 0, 0, 1, 0, 2, 0, 0, 0, 0, 0, 0, 0, 0, 0, 2, 0, 0, 0, 0, 0, 0, 0, 1, 1, 0, 1, 1, 0, 2, 2, 0, 0, 1, 0, 0, 0, 0, 1, 0, 0, 2, 2, 2, 0, 0, 0, 0, 0, 0, 0, 0, 0, 2, 2, 3, 0, 2, 1, 2, 1, 4, 3, 6, 5, 3, 3, 2, 2, 4, 3, 842, 0, 0, 0, 0, 0, 0]",4,12.502537029743921,-1,1
5161,"[1, 3, 0, 1, 9, 3, 0, 4, 0, 1, 0, 0, 1, 0, 2, 0, 0, 0, 0, 0, 0, 0, 0, 0, 2, 0, 0, 0, 0, 0, 0, 0, 1, 1, 0, 1, 1, 0, 2, 2, 0, 0, 1, 0, 0, 0, 0, 1, 0, 0, 2, 2, 2, 0, 0, 0, 0, 0, 0, 0, 0, 0, 2, 2, 3, 0, 2, 1, 2, 1, 4, 3, 6, 5, 3, 3, 2, 2, 4, 3, 843, 0, 0, 0, 0, 0, 0]",4,14.112977507782066,-1,0
5162,"[1, 3, 0, 1, 9, 3, 0, 4, 0, 1, 0, 0, 1, 0, 2, 0, 0, 0, 0, 0, 0, 0, 0, 0, 2, 0, 0, 0, 0, 0, 0, 0, 1, 1, 0, 1, 1, 0, 2, 2, 0, 0, 1, 0, 0, 0, 0, 1, 0, 0, 2, 2, 2, 0, 0, 0, 0, 0, 0, 0, 0, 0, 2, 2, 3, 0, 2, 1, 2, 1, 4, 3, 6, 5, 3, 3, 2, 2, 4, 3, 843, 1, 0, 0, 0, 0, 0]",3,0.20000000000135199,-1,1
5163,"[1, 3, 0, 1, 9, 3, 0, 4, 0, 1, 0, 0, 1, 0, 2, 0, 0, 0, 0, 0, 0, 0, 0, 0, 2, 0, 0, 0, 0, 0, 0, 0, 1, 1, 0, 1, 1, 0, 2, 2, 0, 0, 1, 0, 0, 0, 0, 1, 0, 0, 2, 2, 2, 0, 0, 0, 0, 0, 0, 0, 0, 0, 2, 2, 3, 0, 2, 1, 2, 1, 4, 3, 6, 5, 3, 3, 2, 2, 4, 3, 843, 0, 0, 0, 0, 0, 0]",-1,-1.0911074519518392e-05,-1,1
5164,"[1, 3, 0, 1, 9, 3, 0, 5, 0, 1, 0, 0, 1, 0, 2, 0, 0, 0, 0, 0, 0, 0, 0, 0, 2, 0, 0, 0, 0, 0, 0, 0, 1, 1, 0, 1, 1, 0, 2, 2, 0, 0, 1, 0, 0, 0, 0, 1, 0, 0, 2, 2, 2, 0, 0, 0, 0, 0, 0, 0, 0, 0, 2, 2, 3, 0, 2, 1, 2, 1, 4, 3, 6, 5, 3, 3, 2, 2, 4, 3, 844, 0, 0, 0, 0, 0, 0]",4,12.558923113706516,-1,1
5165,"[1, 3, 0, 1, 9, 3, 0, 5, 0, 1, 0, 0, 1, 0, 2, 0, 0, 0, 0, 0, 0, 0, 0, 0, 2, 0, 0, 0, 0, 0, 0, 0, 1, 1, 0, 1, 1, 0, 2, 2, 0, 0, 1, 0, 0, 0, 0, 1, 0, 0, 2, 2, 2, 0, 0, 0, 0, 0, 0, 0, 0, 0, 2, 2, 3, 0, 2, 1, 2, 1, 4, 3, 6, 5, 3, 3, 2, 2, 4, 3, 845, 0, 0, 0, 0, 0, 0]",4,14.112977071331708,-1,0
5166,"[1, 3, 0, 1, 9, 3, 0, 5, 0, 1, 0, 0, 1, 0, 2, 0, 0, 0, 0, 0, 0, 0, 0, 0, 2, 0, 0, 0, 0, 0, 0, 0, 1, 1, 0, 1, 1, 0, 2, 2, 0, 0, 1, 0, 0, 0, 0, 1, 0, 0, 2, 2, 2, 0, 0, 0, 0, 0, 0, 0, 0, 0, 2, 2, 3, 0, 2, 1, 2, 1, 4, 3, 6, 5, 3, 3, 2, 2, 4, 3, 845, 0, 0, 0, 0, 0, 0]",0,0.29497474683183134,-1,1
5167,"[1, 3, 0, 1, 9, 3, 0, 5, 0, 1, 0, 0, 1, 0, 2, 0, 0, 0, 0, 0, 0, 0, 0, 0, 2, 0, 0, 0, 0, 0, 0, 0, 1, 1, 0, 1, 1, 0, 2, 2, 0, 0, 1, 0, 0, 0, 0, 1, 0, 0, 2, 2, 2, 0, 0, 0, 0, 0, 0, 0, 0, 0, 2, 2, 3, 0, 2, 1, 2, 1, 4, 3, 6, 5, 3, 3, 2, 2, 4, 3, 845, 0, 0, 0, 0, 0, 0]",-1,-1.0695020768383075e-05,-1,1
5168,"[1, 1, 0, 1, 4, 1, 0, 2, 0, 1, 0, 0, 1, 0, 2, 0, 0, 0, 0, 0, 0, 0, 0, 0, 2, 0, 0, 0, 0, 0, 0, 0, 1, 1, 0, 1, 1, 0, 2, 2, 0, 0, 1, 0, 0, 0, 0, 1, 0, 0, 2, 2, 2, 0, 0, 0, 0, 0, 0, 0, 0, 0, 2, 2, 3, 0, 2, 1, 2, 1, 4, 3, 6, 5, 3, 3, 2, 2, 4, 0, 846, 0, 0, 0, 0, 0, 0]",4,12.628607472056382,-1,1
5169,"[1, 2, 0, 1, 4, 2, 0, 2, 0, 1, 0, 0, 1, 0, 2, 0, 0, 0, 0, 0, 0, 0, 0, 0, 2, 0, 0, 0, 0, 0, 0, 0, 1, 1, 0, 1, 1, 0, 2, 2, 0, 0, 1, 0, 0, 0, 0, 1, 0, 0, 2, 2, 2, 0, 0, 0, 0, 0, 0, 0, 0, 0, 2, 2, 3, 0, 2, 1, 2, 1, 4, 3, 6, 5, 3, 3, 2, 2, 4, 0, 847, 0, 0, 0, 0, 0, 0]",4,14.373789740582062,-1,0
5170,"[1, 2, 0, 1, 4, 2, 0, 2, 0, 1, 0, 0, 1, 0, 2, 0, 0, 0, 0, 0, 0, 0, 0, 0, 2, 0, 0, 0, 0, 0, 0, 0, 1, 1, 0, 1, 1, 0, 2, 2, 0, 0, 1, 0, 0, 0, 0, 1, 0, 0, 2, 2, 2, 0, 0, 0, 0, 0, 0, 0, 0, 0, 2, 2, 3, 0, 2, 1, 2, 1, 4, 3, 6, 5, 3, 3, 2, 2, 4, 0, 847, 0, 0, 0, 0, 0, 0]",0,0.2949747468317354,-1,1
5171,"[1, 2, 0, 1, 4, 2, 0, 2, 0, 1, 0, 0, 1, 0, 2, 0, 0, 0, 0, 0, 0, 0, 0, 0, 2, 0, 0, 0, 0, 0, 0, 0, 1, 1, 0, 1, 1, 0, 2, 2, 0, 0, 1, 0, 0, 0, 0, 1, 0, 0, 2, 2, 2, 0, 0, 0, 0, 0, 0, 0, 0, 0, 2, 2, 3, 0, 2, 1, 2, 1, 4, 3, 6, 5, 3, 3, 2, 2, 4, 0, 847, 0, 0, 0, 0, 0, 0]",-1,-1.048324516815727e-05,-1,1
5172,"[1, 3, 0, 1, 4, 3, 0, 2, 0, 1, 0, 0, 1, 0, 2, 0, 0, 0, 0, 0, 0, 0, 0, 0, 2, 0, 0, 0, 0, 0, 0, 0, 1, 1, 0, 1, 1, 0, 2, 2, 0, 0, 1, 0, 0, 0, 0, 1, 0, 0, 2, 2, 2, 0, 0, 0, 0, 0, 0, 0, 0, 0, 2, 2, 3, 0, 2, 1, 2, 1, 4, 3, 6, 5, 3, 3, 2, 2, 4, 0, 848, 0, 0, 0, 0, 0, 0]",4,12.730667079265864,-1,1
5173,"[1, 3, 0, 1, 4, 3, 0, 2, 0, 1, 0, 0, 1, 0, 2, 0, 0, 0, 0, 0, 0, 0, 0, 0, 2, 0, 0, 0, 0, 0, 0, 0, 1, 1, 0, 1, 1, 0, 2, 2, 0, 0, 1, 0, 0, 0, 0, 1, 0, 0, 2, 2, 2, 0, 0, 0, 0, 0, 0, 0, 0, 0, 2, 2, 3, 0, 2, 1, 2, 1, 4, 3, 6, 5, 3, 3, 2, 2, 4, 0, 848, 0, 0, 0, 0, 0, 0]",1,0.6096241151007237,-1,0
5174,"[1, 3, 0, 1, 4, 3, 0, 2, 0, 1, 0, 0, 1, 0, 2, 0, 0, 0, 0, 0, 0, 0, 0, 0, 2, 0, 0, 0, 0, 0, 0, 0, 1, 1, 0, 1, 1, 0, 2, 2, 0, 0, 1, 0, 0, 0, 0, 1, 0, 0, 2, 2, 2, 0, 0, 0, 0, 0, 0, 0, 0, 0, 2, 2, 3, 0, 2, 1, 2, 1, 4, 3, 6, 5, 3, 3, 2, 2, 4, 0, 848, 0, 0, 0, 0, 0, 0]",-1,-1.0378935135885876e-05,-1,0
5175,"[1, 3, 0, 1, 4, 3, 0, 2, 0, 1, 0, 0, 1, 0, 2, 0, 0, 0, 0, 0, 0, 0, 0, 0, 2, 0, 0, 0, 0, 0, 0, 0, 1, 1, 0, 1, 1, 0, 2, 2, 0, 0, 1, 0, 0, 0, 0, 1, 0, 0, 2, 2, 2, 0, 0, 0, 0, 0, 0, 0, 0, 0, 2, 2, 3, 0, 2, 1, 2, 1, 4, 3, 6, 5, 3, 3, 2, 2, 4, 0, 848, 0, 1, 0, 0, 0, 0]",2,0.4000000000011069,-1,0
5176,"[1, 3, 0, 1, 4, 3, 0, 2, 0, 1, 0, 0, 1, 0, 2, 0, 0, 0, 0, 0, 0, 0, 0, 0, 2, 0, 0, 0, 0, 0, 0, 0, 1, 1, 0, 1, 1, 0, 2, 2, 0, 0, 1, 0, 0, 0, 0, 1, 0, 0, 2, 2, 2, 0, 0, 0, 0, 0, 0, 0, 0, 0, 2, 2, 3, 0, 2, 1, 2, 1, 4, 3, 6, 5, 3, 3, 2, 2, 4, 0, 848, 0, 0, 0, 0, 0, 0]",-1,-1.0378935135885876e-05,-1,0
5177,"[1, 3, 0, 1, 4, 3, 0, 2, 0, 1, 0, 0, 1, 0, 2, 0, 0, 0, 0, 0, 0, 0, 0, 0, 2, 0, 0, 0, 0, 0, 0, 0, 1, 1, 0, 1, 1, 0, 2, 2, 0, 0, 1, 0, 0, 0, 0, 1, 0, 0, 2, 2, 2, 0, 0, 0, 0, 0, 0, 0, 0, 0, 2, 2, 3, 0, 2, 1, 2, 1, 4, 3, 6, 5, 3, 3, 2, 2, 4, 0, 848, 1, 0, 0, 0, 0, 0]",3,0.20000000000110696,-1,0
5178,"[1, 3, 0, 1, 4, 3, 0, 2, 0, 1, 0, 0, 1, 0, 2, 0, 0, 0, 0, 0, 0, 0, 0, 0, 2, 0, 0, 0, 0, 0, 0, 0, 1, 1, 0, 1, 1, 0, 2, 2, 0, 0, 1, 0, 0, 0, 0, 1, 0, 0, 2, 2, 2, 0, 0, 0, 0, 0, 0, 0, 0, 0, 2, 2, 3, 0, 2, 1, 2, 1, 4, 3, 6, 5, 3, 3, 2, 2, 4, 0, 848, 0, 0, 0, 0, 0, 0]",-1,-1.0378935135885876e-05,-1,0
5179,"[1, 3, 0, 1, 6, 3, 0, 2, 0, 1, 0, 0, 1, 0, 2, 0, 0, 0, 0, 0, 0, 0, 0, 0, 2, 0, 0, 0, 0, 0, 0, 0, 1, 1, 0, 1, 1, 0, 2, 2, 0, 0, 1, 0, 0, 0, 0, 1, 0, 0, 2, 2, 2, 0, 0, 0, 0, 0, 0, 0, 0, 0, 2, 2, 3, 0, 2, 1, 2, 1, 4, 3, 6, 5, 3, 3, 2, 2, 4, 0, 849, 0, 0, 0, 0, 0, 0]",4,14.112976224186767,-1,0
5180,"[1, 3, 0, 1, 8, 3, 0, 2, 0, 1, 0, 0, 1, 0, 2, 0, 0, 0, 0, 0, 0, 0, 0, 0, 2, 0, 0, 0, 0, 0, 0, 0, 1, 1, 0, 1, 1, 0, 2, 2, 0, 0, 1, 0, 0, 0, 0, 1, 0, 0, 2, 2, 2, 0, 0, 0, 0, 0, 0, 0, 0, 0, 2, 2, 3, 0, 2, 1, 2, 1, 4, 3, 6, 5, 3, 3, 2, 2, 4, 0, 850, 0, 0, 0, 0, 0, 0]",4,12.490014506608164,-1,1
5181,"[1, 3, 0, 1, 8, 3, 0, 2, 0, 1, 0, 0, 1, 0, 2, 0, 0, 0, 0, 0, 0, 0, 0, 0, 2, 0, 0, 0, 0, 0, 0, 0, 1, 1, 0, 1, 1, 0, 2, 2, 0, 0, 1, 0, 0, 0, 0, 1, 0, 0, 2, 2, 2, 0, 0, 0, 0, 0, 0, 0, 0, 0, 2, 2, 3, 0, 2, 1, 2, 1, 4, 3, 6, 5, 3, 3, 2, 2, 4, 0, 850, 0, 0, 0, 0, 0, 0]",1,0.6096241151006385,-1,0
5182,"[1, 3, 0, 1, 8, 3, 0, 2, 0, 1, 0, 0, 1, 0, 2, 0, 0, 0, 0, 0, 0, 0, 0, 0, 2, 0, 0, 0, 0, 0, 0, 0, 1, 1, 0, 1, 1, 0, 2, 2, 0, 0, 1, 0, 0, 0, 0, 1, 0, 0, 2, 2, 2, 0, 0, 0, 0, 0, 0, 0, 0, 0, 2, 2, 3, 0, 2, 1, 2, 1, 4, 3, 6, 5, 3, 3, 2, 2, 4, 0, 850, 0, 0, 0, 0, 0, 0]",-1,-1.0173418450532209e-05,-1,0
5183,"[2, 3, 0, 1, 8, 4, 0, 2, 0, 1, 0, 0, 1, 0, 2, 0, 0, 0, 0, 0, 0, 0, 0, 0, 2, 0, 0, 0, 0, 0, 0, 0, 1, 1, 0, 1, 1, 0, 2, 2, 0, 0, 1, 0, 0, 0, 0, 1, 0, 0, 2, 2, 2, 0, 0, 0, 0, 0, 0, 0, 0, 0, 2, 2, 3, 0, 2, 1, 2, 1, 4, 3, 6, 5, 3, 3, 2, 2, 4, 0, 851, 0, 0, 0, 0, 0, 0]",4,14.142274815452396,-1,0
5184,"[2, 3, 0, 1, 8, 4, 0, 2, 0, 1, 0, 0, 1, 0, 2, 0, 0, 0, 0, 0, 0, 0, 0, 0, 2, 0, 0, 0, 0, 0, 0, 0, 1, 1, 0, 1, 1, 0, 2, 2, 0, 0, 1, 0, 0, 0, 0, 1, 0, 0, 2, 2, 2, 0, 0, 0, 0, 0, 0, 0, 0, 0, 2, 2, 3, 0, 2, 1, 2, 1, 4, 3, 6, 5, 3, 3, 2, 2, 4, 0, 851, 0, 1, 0, 0, 0, 0]",2,0.4000000000009817,-1,1
5185,"[2, 3, 0, 1, 8, 4, 0, 2, 0, 1, 0, 0, 1, 0, 2, 0, 0, 0, 0, 0, 0, 0, 0, 0, 2, 0, 0, 0, 0, 0, 0, 0, 1, 1, 0, 1, 1, 0, 2, 2, 0, 0, 1, 0, 0, 0, 0, 1, 0, 0, 2, 2, 2, 0, 0, 0, 0, 0, 0, 0, 0, 0, 2, 2, 3, 0, 2, 1, 2, 1, 4, 3, 6, 5, 3, 3, 2, 2, 4, 0, 851, 0, 1, 0, 0, 1, 0]","[[1 1 0 1]
 [2 2 0 1]]",2.1224908847247,-1,1
5186,"[1, 2, 0, 1, 9, 5, 0, 2, 0, 1, 0, 0, 1, 0, 2, 0, 0, 0, 0, 0, 0, 0, 0, 0, 2, 0, 0, 0, 0, 0, 0, 0, 1, 1, 0, 1, 1, 0, 2, 2, 0, 0, 1, 0, 0, 0, 0, 1, 0, 0, 2, 2, 2, 0, 0, 0, 0, 0, 0, 0, 0, 0, 2, 2, 3, 0, 2, 1, 2, 1, 4, 3, 6, 5, 3, 3, 2, 2, 4, 0, 851, 0, 0, 0, 0, 0, 0]",0,-0.19999999999901827,-1,0
5187,"[1, 2, 0, 1, 9, 5, 0, 2, 0, 1, 0, 0, 1, 0, 2, 0, 0, 0, 0, 0, 0, 0, 0, 0, 2, 0, 0, 0, 0, 0, 0, 0, 1, 1, 0, 1, 1, 0, 2, 2, 0, 0, 1, 0, 0, 0, 0, 1, 0, 0, 2, 2, 2, 0, 0, 0, 0, 0, 0, 0, 0, 0, 2, 2, 3, 0, 2, 1, 2, 1, 4, 3, 6, 5, 3, 3, 2, 2, 4, 0, 851, 0, 1, 0, 0, 0, 0]",2,0.4000000000009817,-1,1
5188,"[1, 2, 0, 1, 9, 5, 0, 2, 0, 1, 0, 0, 1, 0, 2, 0, 0, 0, 0, 0, 0, 0, 0, 0, 2, 0, 0, 0, 0, 0, 0, 0, 1, 1, 0, 1, 1, 0, 2, 2, 0, 0, 1, 0, 0, 0, 0, 1, 0, 0, 2, 2, 2, 0, 0, 0, 0, 0, 0, 0, 0, 0, 2, 2, 3, 0, 2, 1, 2, 1, 4, 3, 6, 5, 3, 3, 2, 2, 4, 0, 851, 0, 0, 0, 0, 0, 0]",-1,-1.0072191245610136e-05,-1,1
5189,"[1, 1, 0, 1, 4, 2, 0, 1, 0, 1, 0, 0, 1, 0, 2, 0, 0, 0, 0, 0, 0, 0, 0, 0, 2, 0, 0, 0, 0, 0, 0, 0, 1, 1, 0, 1, 1, 0, 2, 2, 0, 0, 1, 0, 0, 0, 0, 1, 0, 0, 2, 2, 2, 0, 0, 0, 0, 0, 0, 0, 0, 0, 2, 2, 3, 0, 2, 1, 2, 1, 4, 3, 6, 5, 3, 3, 2, 2, 4, 0, 852, 0, 0, 0, 0, 0, 0]",4,12.62860622639708,-1,1
5190,"[1, 1, 0, 1, 4, 2, 0, 1, 0, 1, 0, 0, 1, 0, 2, 0, 0, 0, 0, 0, 0, 0, 0, 0, 2, 0, 0, 0, 0, 0, 0, 0, 1, 1, 0, 1, 1, 0, 2, 2, 0, 0, 1, 0, 0, 0, 0, 1, 0, 0, 2, 2, 2, 0, 0, 0, 0, 0, 0, 0, 0, 0, 2, 2, 3, 0, 2, 1, 2, 1, 4, 3, 6, 5, 3, 3, 2, 2, 4, 0, 852, 0, 0, 0, 0, 0, 0]",1,0.6096241151005599,-1,0
5191,"[1, 1, 0, 1, 4, 2, 0, 1, 0, 1, 0, 0, 1, 0, 2, 0, 0, 0, 0, 0, 0, 0, 0, 0, 2, 0, 0, 0, 0, 0, 0, 0, 1, 1, 0, 1, 1, 0, 2, 2, 0, 0, 1, 0, 0, 0, 0, 1, 0, 0, 2, 2, 2, 0, 0, 0, 0, 0, 0, 0, 0, 0, 2, 2, 3, 0, 2, 1, 2, 1, 4, 3, 6, 5, 3, 3, 2, 2, 4, 0, 852, 0, 0, 0, 0, 0, 0]",-1,-9.971971268206142e-06,-1,0
5192,"[1, 1, 0, 1, 4, 2, 0, 1, 0, 1, 0, 0, 1, 0, 2, 0, 0, 0, 0, 0, 0, 0, 0, 0, 2, 0, 0, 0, 0, 0, 0, 0, 1, 1, 0, 1, 1, 0, 2, 2, 0, 0, 1, 0, 0, 0, 0, 1, 0, 0, 2, 2, 2, 0, 0, 0, 0, 0, 0, 0, 0, 0, 2, 2, 3, 0, 2, 1, 2, 1, 4, 3, 6, 5, 3, 3, 2, 2, 4, 0, 852, 1, 0, 0, 0, 0, 0]",3,0.20000000000094326,-1,0
5193,"[1, 1, 0, 1, 4, 2, 0, 1, 0, 1, 0, 0, 1, 0, 2, 0, 0, 0, 0, 0, 0, 0, 0, 0, 2, 0, 0, 0, 0, 0, 0, 0, 1, 1, 0, 1, 1, 0, 2, 2, 0, 0, 1, 0, 0, 0, 0, 1, 0, 0, 2, 2, 2, 0, 0, 0, 0, 0, 0, 0, 0, 0, 2, 2, 3, 0, 2, 1, 2, 1, 4, 3, 6, 5, 3, 3, 2, 2, 4, 0, 852, 0, 0, 0, 0, 0, 0]",-1,-9.971971268206142e-06,-1,0
5194,"[1, 2, 0, 1, 4, 3, 0, 1, 0, 1, 0, 0, 1, 0, 2, 0, 0, 0, 0, 0, 0, 0, 0, 0, 2, 0, 0, 0, 0, 0, 0, 0, 1, 1, 0, 1, 1, 0, 2, 2, 0, 0, 1, 0, 0, 0, 0, 1, 0, 0, 2, 2, 2, 0, 0, 0, 0, 0, 0, 0, 0, 0, 2, 2, 3, 0, 2, 1, 2, 1, 4, 3, 6, 5, 3, 3, 2, 2, 4, 0, 853, 0, 0, 0, 0, 0, 0]",4,14.373788507317286,-1,0
5195,"[1, 2, 0, 1, 4, 3, 0, 1, 0, 1, 0, 0, 1, 0, 2, 0, 0, 0, 0, 0, 0, 0, 0, 0, 2, 0, 0, 0, 0, 0, 0, 0, 1, 1, 0, 1, 1, 0, 2, 2, 0, 0, 1, 0, 0, 0, 0, 1, 0, 0, 2, 2, 2, 0, 0, 0, 0, 0, 0, 0, 0, 0, 2, 2, 3, 0, 2, 1, 2, 1, 4, 3, 6, 5, 3, 3, 2, 2, 4, 0, 853, 1, 0, 0, 0, 0, 0]",3,0.20000000000090626,-1,1
5196,"[1, 2, 0, 1, 4, 3, 0, 1, 0, 1, 0, 0, 1, 0, 2, 0, 0, 0, 0, 0, 0, 0, 0, 0, 2, 0, 0, 0, 0, 0, 0, 0, 1, 1, 0, 1, 1, 0, 2, 2, 0, 0, 1, 0, 0, 0, 0, 1, 0, 0, 2, 2, 2, 0, 0, 0, 0, 0, 0, 0, 0, 0, 2, 2, 3, 0, 2, 1, 2, 1, 4, 3, 6, 5, 3, 3, 2, 2, 4, 0, 853, 0, 0, 0, 0, 0, 0]",-1,-9.872748496238973e-06,-1,1
5197,"[1, 2, 0, 1, 6, 3, 0, 1, 0, 1, 0, 0, 1, 0, 2, 0, 0, 0, 0, 0, 0, 0, 0, 0, 2, 0, 0, 0, 0, 0, 0, 0, 1, 1, 0, 1, 1, 0, 2, 2, 0, 0, 1, 0, 0, 0, 0, 1, 0, 0, 2, 2, 2, 0, 0, 0, 0, 0, 0, 0, 0, 0, 2, 2, 3, 0, 2, 1, 2, 1, 4, 3, 6, 5, 3, 3, 2, 2, 4, 0, 854, 0, 0, 0, 0, 0, 0]",4,12.50387077464719,-1,1
5198,"[1, 1, 0, 1, 3, 1, 0, 1, 0, 1, 0, 0, 1, 0, 2, 0, 0, 0, 0, 0, 0, 0, 0, 0, 2, 0, 0, 0, 0, 0, 0, 0, 1, 1, 0, 1, 1, 0, 2, 2, 0, 0, 1, 0, 0, 0, 0, 1, 0, 0, 2, 2, 2, 0, 0, 0, 0, 0, 0, 0, 0, 0, 2, 2, 3, 0, 2, 1, 2, 1, 4, 3, 6, 5, 3, 3, 2, 2, 4, 4, 855, 0, 0, 0, 0, 0, 0]",4,14.533412833036977,-1,0
5199,"[1, 1, 0, 1, 3, 1, 0, 1, 0, 1, 0, 0, 1, 0, 2, 0, 0, 0, 0, 0, 0, 0, 0, 0, 2, 0, 0, 0, 0, 0, 0, 0, 1, 1, 0, 1, 1, 0, 2, 2, 0, 0, 1, 0, 0, 0, 0, 1, 0, 0, 2, 2, 2, 0, 0, 0, 0, 0, 0, 0, 0, 0, 2, 2, 3, 0, 2, 1, 2, 1, 4, 3, 6, 5, 3, 3, 2, 2, 4, 4, 856, 0, 0, 0, 0, 0, 0]",4,12.71297482082619,-1,1
5200,"[1, 1, 0, 1, 3, 1, 0, 1, 0, 1, 0, 0, 1, 0, 2, 0, 0, 0, 0, 0, 0, 0, 0, 0, 2, 0, 0, 0, 0, 0, 0, 0, 1, 1, 0, 1, 1, 0, 2, 2, 0, 0, 1, 0, 0, 0, 0, 1, 0, 0, 2, 2, 2, 0, 0, 0, 0, 0, 0, 0, 0, 0, 2, 2, 3, 0, 2, 1, 2, 1, 4, 3, 6, 5, 3, 3, 2, 2, 4, 4, 857, 0, 0, 0, 0, 0, 0]",4,14.533412445940261,-1,0
5201,"[1, 1, 0, 1, 3, 1, 0, 1, 0, 1, 0, 0, 1, 0, 2, 0, 0, 0, 0, 0, 0, 0, 0, 0, 2, 0, 0, 0, 0, 0, 0, 0, 1, 1, 0, 1, 1, 0, 2, 2, 0, 0, 1, 0, 0, 0, 0, 1, 0, 0, 2, 2, 2, 0, 0, 0, 0, 0, 0, 0, 0, 0, 2, 2, 3, 0, 2, 1, 2, 1, 4, 3, 6, 5, 3, 3, 2, 2, 4, 4, 857, 1, 0, 0, 0, 0, 0]",3,0.20000000000077228,-1,1
5202,"[1, 1, 0, 1, 3, 1, 0, 1, 0, 1, 0, 0, 1, 0, 2, 0, 0, 0, 0, 0, 0, 0, 0, 0, 2, 0, 0, 0, 0, 0, 0, 0, 1, 1, 0, 1, 1, 0, 2, 2, 0, 0, 1, 0, 0, 0, 0, 1, 0, 0, 2, 2, 2, 0, 0, 0, 0, 0, 0, 0, 0, 0, 2, 2, 3, 0, 2, 1, 2, 1, 4, 3, 6, 5, 3, 3, 2, 2, 4, 4, 857, 0, 0, 0, 0, 0, 0]",-1,-9.485632490593377e-06,-1,1
5203,"[1, 1, 0, 1, 3, 1, 0, 2, 0, 1, 0, 0, 1, 0, 2, 0, 0, 0, 0, 0, 0, 0, 0, 0, 2, 0, 0, 0, 0, 0, 0, 0, 1, 1, 0, 1, 1, 0, 2, 2, 0, 0, 1, 0, 0, 0, 0, 1, 0, 0, 2, 2, 2, 0, 0, 0, 0, 0, 0, 0, 0, 0, 2, 2, 3, 0, 2, 1, 2, 1, 4, 3, 6, 5, 3, 3, 2, 2, 4, 4, 858, 0, 0, 0, 0, 0, 0]",4,12.742273439880236,-1,1
5204,"[1, 1, 0, 1, 3, 1, 0, 2, 0, 1, 0, 0, 1, 0, 2, 0, 0, 0, 0, 0, 0, 0, 0, 0, 2, 0, 0, 0, 0, 0, 0, 0, 1, 1, 0, 1, 1, 0, 2, 2, 0, 0, 1, 0, 0, 0, 0, 1, 0, 0, 2, 2, 2, 0, 0, 0, 0, 0, 0, 0, 0, 0, 2, 2, 3, 0, 2, 1, 2, 1, 4, 3, 6, 5, 3, 3, 2, 2, 4, 4, 858, 1, 0, 0, 0, 0, 0]",3,0.200000000000742,-1,0
5205,"[1, 1, 0, 1, 3, 1, 0, 2, 0, 1, 0, 0, 1, 0, 2, 0, 0, 0, 0, 0, 0, 0, 0, 0, 2, 0, 0, 0, 0, 0, 0, 0, 1, 1, 0, 1, 1, 0, 2, 2, 0, 0, 1, 0, 0, 0, 0, 1, 0, 0, 2, 2, 2, 0, 0, 0, 0, 0, 0, 0, 0, 0, 2, 2, 3, 0, 2, 1, 2, 1, 4, 3, 6, 5, 3, 3, 2, 2, 4, 4, 858, 0, 0, 0, 0, 0, 0]",-1,-9.391248870317682e-06,-1,0
5206,"[1, 1, 0, 1, 3, 1, 0, 2, 0, 1, 0, 0, 1, 0, 2, 0, 0, 0, 0, 0, 0, 0, 0, 0, 2, 0, 0, 0, 0, 0, 0, 0, 1, 1, 0, 1, 1, 0, 2, 2, 0, 0, 1, 0, 0, 0, 0, 1, 0, 0, 2, 2, 2, 0, 0, 0, 0, 0, 0, 0, 0, 0, 2, 2, 3, 0, 2, 1, 2, 1, 4, 3, 6, 5, 3, 3, 2, 2, 4, 4, 858, 0, 0, 0, 0, 0, 0]",1,0.6096241151003587,-1,0
5207,"[1, 1, 0, 1, 3, 1, 0, 2, 0, 1, 0, 0, 1, 0, 2, 0, 0, 0, 0, 0, 0, 0, 0, 0, 2, 0, 0, 0, 0, 0, 0, 0, 1, 1, 0, 1, 1, 0, 2, 2, 0, 0, 1, 0, 0, 0, 0, 1, 0, 0, 2, 2, 2, 0, 0, 0, 0, 0, 0, 0, 0, 0, 2, 2, 3, 0, 2, 1, 2, 1, 4, 3, 6, 5, 3, 3, 2, 2, 4, 4, 858, 0, 0, 0, 0, 0, 0]",-1,-9.391248870317682e-06,-1,0
5208,"[1, 1, 0, 1, 3, 1, 0, 2, 0, 1, 0, 0, 1, 0, 2, 0, 0, 0, 0, 0, 0, 0, 0, 0, 2, 0, 0, 0, 0, 0, 0, 0, 1, 1, 0, 1, 1, 0, 2, 2, 0, 0, 1, 0, 0, 0, 0, 1, 0, 0, 2, 2, 2, 0, 0, 0, 0, 0, 0, 0, 0, 0, 2, 2, 3, 0, 2, 1, 2, 1, 4, 3, 6, 5, 3, 3, 2, 2, 4, 4, 858, 1, 0, 0, 0, 0, 0]",3,0.200000000000742,-1,0
5209,"[1, 1, 0, 1, 3, 1, 0, 2, 0, 1, 0, 0, 1, 0, 2, 0, 0, 0, 0, 0, 0, 0, 0, 0, 2, 0, 0, 0, 0, 0, 0, 0, 1, 1, 0, 1, 1, 0, 2, 2, 0, 0, 1, 0, 0, 0, 0, 1, 0, 0, 2, 2, 2, 0, 0, 0, 0, 0, 0, 0, 0, 0, 2, 2, 3, 0, 2, 1, 2, 1, 4, 3, 6, 5, 3, 3, 2, 2, 4, 4, 858, 0, 0, 0, 0, 0, 0]",-1,-9.391248870317682e-06,-1,0
5210,"[1, 1, 0, 1, 1, 1, 0, 1, 0, 1, 0, 0, 1, 0, 2, 0, 0, 0, 0, 0, 0, 0, 0, 0, 2, 0, 0, 0, 0, 0, 0, 0, 1, 1, 0, 1, 1, 0, 2, 2, 0, 0, 1, 0, 0, 0, 0, 1, 0, 0, 2, 2, 2, 0, 0, 0, 0, 0, 0, 0, 0, 0, 2, 2, 3, 0, 2, 1, 2, 1, 4, 3, 6, 5, 3, 3, 2, 2, 4, 3, 859, 0, 0, 0, 0, 0, 0]",4,14.533412066508578,-1,0
5211,"[1, 1, 0, 1, 1, 1, 0, 1, 0, 1, 0, 0, 1, 0, 2, 0, 0, 0, 0, 0, 0, 0, 0, 0, 2, 0, 0, 0, 0, 0, 0, 0, 1, 1, 0, 1, 1, 0, 2, 2, 0, 0, 1, 0, 0, 0, 0, 1, 0, 0, 2, 2, 2, 0, 0, 0, 0, 0, 0, 0, 0, 0, 2, 2, 3, 0, 2, 1, 2, 1, 4, 3, 6, 5, 3, 3, 2, 2, 4, 3, 859, 0, 1, 0, 0, 0, 0]",2,0.4000000000007129,-1,1
5212,"[1, 1, 0, 1, 1, 1, 0, 1, 0, 1, 0, 0, 1, 0, 2, 0, 0, 0, 0, 0, 0, 0, 0, 0, 2, 0, 0, 0, 0, 0, 0, 0, 1, 1, 0, 1, 1, 0, 2, 2, 0, 0, 1, 0, 0, 0, 0, 1, 0, 0, 2, 2, 2, 0, 0, 0, 0, 0, 0, 0, 0, 0, 2, 2, 3, 0, 2, 1, 2, 1, 4, 3, 6, 5, 3, 3, 2, 2, 4, 3, 859, 0, 0, 0, 0, 0, 0]",-1,-9.297804382755085e-06,-1,1
5213,"[1, 1, 0, 1, 1, 1, 0, 1, 0, 1, 0, 0, 1, 0, 2, 0, 0, 0, 0, 0, 0, 0, 0, 0, 2, 0, 0, 0, 0, 0, 0, 0, 1, 1, 0, 1, 1, 0, 2, 2, 0, 0, 1, 0, 0, 0, 0, 1, 0, 0, 2, 2, 2, 0, 0, 0, 0, 0, 0, 0, 0, 0, 2, 2, 3, 0, 2, 1, 2, 1, 4, 3, 6, 5, 3, 3, 2, 2, 4, 3, 859, 0, 0, 0, 0, 0, 0]",-1,-9.297804382755085e-06,-1,1
5214,"[1, 1, 0, 1, 1, 1, 0, 1, 0, 1, 0, 0, 1, 0, 2, 0, 0, 0, 0, 0, 0, 0, 0, 0, 2, 0, 0, 0, 0, 0, 0, 0, 1, 1, 0, 1, 1, 0, 2, 2, 0, 0, 1, 0, 0, 0, 0, 1, 0, 0, 2, 2, 2, 0, 0, 0, 0, 0, 0, 0, 0, 0, 2, 2, 3, 0, 2, 1, 2, 1, 4, 3, 6, 5, 3, 3, 2, 2, 4, 3, 859, 0, 0, 0, 0, 0, 0]",-1,-9.297804382755085e-06,-1,1
5215,"[1, 1, 0, 1, 1, 1, 0, 1, 0, 1, 0, 0, 1, 0, 2, 0, 0, 0, 0, 0, 0, 0, 0, 0, 2, 0, 0, 0, 0, 0, 0, 0, 1, 1, 0, 1, 1, 0, 2, 2, 0, 0, 1, 0, 0, 0, 0, 1, 0, 0, 2, 2, 2, 0, 0, 0, 0, 0, 0, 0, 0, 0, 2, 2, 3, 0, 2, 1, 2, 1, 4, 3, 6, 5, 3, 3, 2, 2, 4, 3, 860, 0, 0, 0, 0, 0, 0]",4,13.133411879619574,-1,1
5216,"[2, 1, 0, 1, 1, 1, 0, 1, 0, 1, 0, 0, 1, 0, 2, 0, 0, 0, 0, 0, 0, 0, 0, 0, 2, 0, 0, 0, 0, 0, 0, 0, 1, 1, 0, 1, 1, 0, 2, 2, 0, 0, 1, 0, 0, 0, 0, 1, 0, 0, 2, 2, 2, 0, 0, 0, 0, 0, 0, 0, 0, 0, 2, 2, 3, 0, 2, 1, 2, 1, 4, 3, 6, 5, 3, 3, 2, 2, 4, 3, 861, 0, 0, 0, 0, 0, 0]",4,14.373786973953868,-1,0
5217,"[2, 1, 0, 1, 1, 1, 0, 1, 0, 1, 0, 0, 1, 0, 2, 0, 0, 0, 0, 0, 0, 0, 0, 0, 2, 0, 0, 0, 0, 0, 0, 0, 1, 1, 0, 1, 1, 0, 2, 2, 0, 0, 1, 0, 0, 0, 0, 1, 0, 0, 2, 2, 2, 0, 0, 0, 0, 0, 0, 0, 0, 0, 2, 2, 3, 0, 2, 1, 2, 1, 4, 3, 6, 5, 3, 3, 2, 2, 4, 3, 861, 1, 0, 0, 0, 0, 0]",3,0.2000000000006581,-1,1
5218,"[2, 1, 0, 1, 1, 1, 0, 1, 0, 1, 0, 0, 1, 0, 2, 0, 0, 0, 0, 0, 0, 0, 0, 0, 2, 0, 0, 0, 0, 0, 0, 0, 1, 1, 0, 1, 1, 0, 2, 2, 0, 0, 1, 0, 0, 0, 0, 1, 0, 0, 2, 2, 2, 0, 0, 0, 0, 0, 0, 0, 0, 0, 2, 2, 3, 0, 2, 1, 2, 1, 4, 3, 6, 5, 3, 3, 2, 2, 4, 3, 861, 0, 0, 0, 0, 0, 0]",-1,-9.113695520642272e-06,-1,1
5219,"[2, 1, 0, 1, 1, 1, 0, 1, 0, 1, 0, 0, 1, 0, 2, 0, 0, 0, 0, 0, 0, 0, 0, 0, 2, 0, 0, 0, 0, 0, 0, 0, 1, 1, 0, 1, 1, 0, 2, 2, 0, 0, 1, 0, 0, 0, 0, 1, 0, 0, 2, 2, 2, 0, 0, 0, 0, 0, 0, 0, 0, 0, 2, 2, 3, 0, 2, 1, 2, 1, 4, 3, 6, 5, 3, 3, 2, 2, 4, 3, 861, 0, 1, 0, 0, 0, 0]",2,0.40000000000065805,-1,1
5220,"[2, 1, 0, 1, 1, 1, 0, 1, 0, 1, 0, 0, 1, 0, 2, 0, 0, 0, 0, 0, 0, 0, 0, 0, 2, 0, 0, 0, 0, 0, 0, 0, 1, 1, 0, 1, 1, 0, 2, 2, 0, 0, 1, 0, 0, 0, 0, 1, 0, 0, 2, 2, 2, 0, 0, 0, 0, 0, 0, 0, 0, 0, 2, 2, 3, 0, 2, 1, 2, 1, 4, 3, 6, 5, 3, 3, 2, 2, 4, 3, 861, 0, 0, 0, 0, 0, 0]",-1,-9.113695520642272e-06,-1,1
5221,"[2, 1, 0, 1, 1, 1, 0, 1, 0, 1, 0, 0, 1, 0, 2, 0, 0, 0, 0, 0, 0, 0, 0, 0, 2, 0, 0, 0, 0, 0, 0, 0, 1, 1, 0, 1, 1, 0, 2, 2, 0, 0, 1, 0, 0, 0, 0, 1, 0, 0, 2, 2, 2, 0, 0, 0, 0, 0, 0, 0, 0, 0, 2, 2, 3, 0, 2, 1, 2, 1, 4, 3, 6, 5, 3, 3, 2, 2, 4, 3, 861, 0, 0, 0, 0, 0, 0]",-1,-9.113695520642272e-06,-1,1
5222,"[1, 1, 0, 1, 1, 1, 0, 1, 0, 1, 0, 0, 1, 0, 2, 0, 0, 0, 0, 0, 0, 0, 0, 0, 2, 0, 0, 0, 0, 0, 0, 0, 1, 1, 0, 1, 1, 0, 2, 2, 0, 0, 1, 0, 0, 0, 0, 1, 0, 0, 2, 2, 2, 0, 0, 0, 0, 0, 0, 0, 0, 0, 2, 2, 3, 0, 2, 1, 2, 1, 4, 3, 6, 5, 3, 3, 2, 2, 4, 3, 862, 0, 0, 0, 0, 0, 0]",4,13.1334115114018,-1,1
5223,"[1, 1, 0, 1, 1, 1, 0, 1, 0, 1, 0, 0, 1, 0, 2, 0, 0, 0, 0, 0, 0, 0, 0, 0, 2, 0, 0, 0, 0, 0, 0, 0, 1, 1, 0, 1, 1, 0, 2, 2, 0, 0, 1, 0, 0, 0, 0, 1, 0, 0, 2, 2, 2, 0, 0, 0, 0, 0, 0, 0, 0, 0, 2, 2, 3, 0, 2, 1, 2, 1, 4, 3, 6, 5, 3, 3, 2, 2, 4, 3, 862, 0, 1, 0, 0, 0, 0]",2,0.4000000000006323,-1,0
5224,"[1, 1, 0, 1, 1, 1, 0, 1, 0, 1, 0, 0, 1, 0, 2, 0, 0, 0, 0, 0, 0, 0, 0, 0, 2, 0, 0, 0, 0, 0, 0, 0, 1, 1, 0, 1, 1, 0, 2, 2, 0, 0, 1, 0, 0, 0, 0, 1, 0, 0, 2, 2, 2, 0, 0, 0, 0, 0, 0, 0, 0, 0, 2, 2, 3, 0, 2, 1, 2, 1, 4, 3, 6, 5, 3, 3, 2, 2, 4, 3, 862, 0, 0, 0, 0, 0, 0]",-1,-9.023012735052406e-06,-1,0
5225,"[1, 1, 0, 1, 1, 1, 0, 1, 0, 1, 0, 0, 1, 0, 2, 0, 0, 0, 0, 0, 0, 0, 0, 0, 2, 0, 0, 0, 0, 0, 0, 0, 1, 1, 0, 1, 1, 0, 2, 2, 0, 0, 1, 0, 0, 0, 0, 1, 0, 0, 2, 2, 2, 0, 0, 0, 0, 0, 0, 0, 0, 0, 2, 2, 3, 0, 2, 1, 2, 1, 4, 3, 6, 5, 3, 3, 2, 2, 4, 3, 862, 0, 0, 0, 0, 0, 0]",1,0.609624115100249,-1,0
5226,"[1, 1, 0, 1, 1, 1, 0, 1, 0, 1, 0, 0, 1, 0, 2, 0, 0, 0, 0, 0, 0, 0, 0, 0, 2, 0, 0, 0, 0, 0, 0, 0, 1, 1, 0, 1, 1, 0, 2, 2, 0, 0, 1, 0, 0, 0, 0, 1, 0, 0, 2, 2, 2, 0, 0, 0, 0, 0, 0, 0, 0, 0, 2, 2, 3, 0, 2, 1, 2, 1, 4, 3, 6, 5, 3, 3, 2, 2, 4, 3, 862, 0, 0, 0, 0, 0, 0]",-1,-9.023012735052406e-06,-1,0
5227,"[1, 1, 0, 1, 1, 1, 0, 1, 0, 1, 0, 0, 1, 0, 2, 0, 0, 0, 0, 0, 0, 0, 0, 0, 2, 0, 0, 0, 0, 0, 0, 0, 1, 1, 0, 1, 1, 0, 2, 2, 0, 0, 1, 0, 0, 0, 0, 1, 0, 0, 2, 2, 2, 0, 0, 0, 0, 0, 0, 0, 0, 0, 2, 2, 3, 0, 2, 1, 2, 1, 4, 3, 6, 5, 3, 3, 2, 2, 4, 3, 862, 0, 0, 0, 0, 0, 0]",1,0.609624115100249,-1,0
5228,"[1, 1, 0, 1, 1, 1, 0, 1, 0, 1, 0, 0, 1, 0, 2, 0, 0, 0, 0, 0, 0, 0, 0, 0, 2, 0, 0, 0, 0, 0, 0, 0, 1, 1, 0, 1, 1, 0, 2, 2, 0, 0, 1, 0, 0, 0, 0, 1, 0, 0, 2, 2, 2, 0, 0, 0, 0, 0, 0, 0, 0, 0, 2, 2, 3, 0, 2, 1, 2, 1, 4, 3, 6, 5, 3, 3, 2, 2, 4, 3, 862, 0, 0, 0, 0, 0, 0]",-1,-9.023012735052406e-06,-1,0
5229,"[1, 1, 0, 1, 1, 1, 0, 1, 0, 1, 0, 0, 1, 0, 2, 0, 0, 0, 0, 0, 0, 0, 0, 0, 2, 0, 0, 0, 0, 0, 0, 0, 1, 1, 0, 1, 1, 0, 2, 2, 0, 0, 1, 0, 0, 0, 0, 1, 0, 0, 2, 2, 2, 0, 0, 0, 0, 0, 0, 0, 0, 0, 2, 2, 3, 0, 2, 1, 2, 1, 4, 3, 6, 5, 3, 3, 2, 2, 4, 3, 862, 1, 0, 0, 0, 0, 0]",3,0.2000000000006323,-1,0
5230,"[1, 1, 0, 1, 1, 1, 0, 1, 0, 1, 0, 0, 1, 0, 2, 0, 0, 0, 0, 0, 0, 0, 0, 0, 2, 0, 0, 0, 0, 0, 0, 0, 1, 1, 0, 1, 1, 0, 2, 2, 0, 0, 1, 0, 0, 0, 0, 1, 0, 0, 2, 2, 2, 0, 0, 0, 0, 0, 0, 0, 0, 0, 2, 2, 3, 0, 2, 1, 2, 1, 4, 3, 6, 5, 3, 3, 2, 2, 4, 3, 862, 0, 0, 0, 0, 0, 0]",-1,-9.023012735052406e-06,-1,0
5231,"[1, 1, 0, 1, 1, 1, 0, 1, 0, 1, 0, 0, 1, 0, 2, 0, 0, 0, 0, 0, 0, 0, 0, 0, 2, 0, 0, 0, 0, 0, 0, 0, 1, 1, 0, 1, 1, 0, 2, 2, 0, 0, 1, 0, 0, 0, 0, 1, 0, 0, 2, 2, 2, 0, 0, 0, 0, 0, 0, 0, 0, 0, 2, 2, 3, 0, 2, 1, 2, 1, 4, 3, 6, 5, 3, 3, 2, 2, 4, 3, 862, 0, 1, 0, 0, 0, 0]",2,0.4000000000006323,-1,0
5232,"[1, 1, 0, 1, 1, 1, 0, 1, 0, 1, 0, 0, 1, 0, 2, 0, 0, 0, 0, 0, 0, 0, 0, 0, 2, 0, 0, 0, 0, 0, 0, 0, 1, 1, 0, 1, 1, 0, 2, 2, 0, 0, 1, 0, 0, 0, 0, 1, 0, 0, 2, 2, 2, 0, 0, 0, 0, 0, 0, 0, 0, 0, 2, 2, 3, 0, 2, 1, 2, 1, 4, 3, 6, 5, 3, 3, 2, 2, 4, 3, 862, 0, 0, 0, 0, 0, 0]",-1,-9.023012735052406e-06,-1,0
5233,"[1, 1, 0, 1, 1, 1, 0, 1, 0, 1, 0, 0, 1, 0, 2, 0, 0, 0, 0, 0, 0, 0, 0, 0, 2, 0, 0, 0, 0, 0, 0, 0, 1, 1, 0, 1, 1, 0, 2, 2, 0, 0, 1, 0, 0, 0, 0, 1, 0, 0, 2, 2, 2, 0, 0, 0, 0, 0, 0, 0, 0, 0, 2, 2, 3, 0, 2, 1, 2, 1, 4, 3, 6, 5, 3, 3, 2, 2, 4, 2, 863, 0, 0, 0, 0, 0, 0]",4,14.533411330036204,-1,0
5234,"[1, 1, 0, 1, 1, 1, 0, 1, 0, 1, 0, 0, 1, 0, 2, 0, 0, 0, 0, 0, 0, 0, 0, 0, 2, 0, 0, 0, 0, 0, 0, 0, 1, 1, 0, 1, 1, 0, 2, 2, 0, 0, 1, 0, 0, 0, 0, 1, 0, 0, 2, 2, 2, 0, 0, 0, 0, 0, 0, 0, 0, 0, 2, 2, 3, 0, 2, 1, 2, 1, 4, 3, 6, 5, 3, 3, 2, 2, 4, 2, 863, 0, 1, 0, 0, 0, 0]",2,0.4000000000006074,-1,1
5235,"[1, 1, 0, 1, 1, 1, 0, 1, 0, 1, 0, 0, 1, 0, 2, 0, 0, 0, 0, 0, 0, 0, 0, 0, 2, 0, 0, 0, 0, 0, 0, 0, 1, 1, 0, 1, 1, 0, 2, 2, 0, 0, 1, 0, 0, 0, 0, 1, 0, 0, 2, 2, 2, 0, 0, 0, 0, 0, 0, 0, 0, 0, 2, 2, 3, 0, 2, 1, 2, 1, 4, 3, 6, 5, 3, 3, 2, 2, 4, 2, 863, 0, 0, 0, 0, 0, 0]",-1,-8.933232258255262e-06,-1,1
5236,"[1, 1, 0, 1, 1, 1, 0, 1, 0, 1, 0, 0, 1, 0, 2, 0, 0, 0, 0, 0, 0, 0, 0, 0, 2, 0, 0, 0, 0, 0, 0, 0, 1, 1, 0, 1, 1, 0, 2, 2, 0, 0, 1, 0, 0, 0, 0, 1, 0, 0, 2, 2, 2, 0, 0, 0, 0, 0, 0, 0, 0, 0, 2, 2, 3, 0, 2, 1, 2, 1, 4, 3, 6, 5, 3, 3, 2, 2, 4, 2, 863, 0, 1, 0, 0, 0, 0]",2,0.4000000000006074,-1,1
5237,"[1, 1, 0, 1, 1, 1, 0, 1, 0, 1, 0, 0, 1, 0, 2, 0, 0, 0, 0, 0, 0, 0, 0, 0, 2, 0, 0, 0, 0, 0, 0, 0, 1, 1, 0, 1, 1, 0, 2, 2, 0, 0, 1, 0, 0, 0, 0, 1, 0, 0, 2, 2, 2, 0, 0, 0, 0, 0, 0, 0, 0, 0, 2, 2, 3, 0, 2, 1, 2, 1, 4, 3, 6, 5, 3, 3, 2, 2, 4, 2, 863, 0, 0, 0, 0, 0, 0]",-1,-8.933232258255262e-06,-1,1
5238,"[1, 1, 0, 1, 1, 1, 0, 1, 0, 1, 0, 0, 1, 0, 2, 0, 0, 0, 0, 0, 0, 0, 0, 0, 2, 0, 0, 0, 0, 0, 0, 0, 1, 1, 0, 1, 1, 0, 2, 2, 0, 0, 1, 0, 0, 0, 0, 1, 0, 0, 2, 2, 2, 0, 0, 0, 0, 0, 0, 0, 0, 0, 2, 2, 3, 0, 2, 1, 2, 1, 4, 3, 6, 5, 3, 3, 2, 2, 4, 2, 863, 0, 0, 0, 0, 0, 0]",-1,-8.933232258255262e-06,-1,1
5239,"[1, 1, 0, 1, 1, 1, 0, 1, 0, 1, 0, 0, 1, 0, 2, 0, 0, 0, 0, 0, 0, 0, 0, 0, 2, 0, 0, 0, 0, 0, 0, 0, 1, 1, 0, 1, 1, 0, 2, 2, 0, 0, 1, 0, 0, 0, 0, 1, 0, 0, 2, 2, 2, 0, 0, 0, 0, 0, 0, 0, 0, 0, 2, 2, 3, 0, 2, 1, 2, 1, 4, 3, 6, 5, 3, 3, 2, 2, 4, 4, 864, 0, 0, 0, 0, 0, 0]",4,13.133411150475224,-1,1
5240,"[1, 1, 0, 1, 1, 1, 0, 1, 0, 1, 0, 0, 1, 0, 2, 0, 0, 0, 0, 0, 0, 0, 0, 0, 2, 0, 0, 0, 0, 0, 0, 0, 1, 1, 0, 1, 1, 0, 2, 2, 0, 0, 1, 0, 0, 0, 0, 1, 0, 0, 2, 2, 2, 0, 0, 0, 0, 0, 0, 0, 0, 0, 2, 2, 3, 0, 2, 1, 2, 1, 4, 3, 6, 5, 3, 3, 2, 2, 4, 4, 864, 1, 0, 0, 0, 0, 0]",3,0.20000000000058368,-1,0
5241,"[1, 1, 0, 1, 1, 1, 0, 1, 0, 1, 0, 0, 1, 0, 2, 0, 0, 0, 0, 0, 0, 0, 0, 0, 2, 0, 0, 0, 0, 0, 0, 0, 1, 1, 0, 1, 1, 0, 2, 2, 0, 0, 1, 0, 0, 0, 0, 1, 0, 0, 2, 2, 2, 0, 0, 0, 0, 0, 0, 0, 0, 0, 2, 2, 3, 0, 2, 1, 2, 1, 4, 3, 6, 5, 3, 3, 2, 2, 4, 4, 864, 0, 0, 0, 0, 0, 0]",-1,-8.84434511212833e-06,-1,0
5242,"[1, 1, 0, 1, 1, 1, 0, 1, 0, 1, 0, 0, 1, 0, 2, 0, 0, 0, 0, 0, 0, 0, 0, 0, 2, 0, 0, 0, 0, 0, 0, 0, 1, 1, 0, 1, 1, 0, 2, 2, 0, 0, 1, 0, 0, 0, 0, 1, 0, 0, 2, 2, 2, 0, 0, 0, 0, 0, 0, 0, 0, 0, 2, 2, 3, 0, 2, 1, 2, 1, 4, 3, 6, 5, 3, 3, 2, 2, 4, 4, 864, 0, 1, 0, 0, 0, 0]",2,0.40000000000058367,-1,0
5243,"[1, 1, 0, 1, 1, 1, 0, 1, 0, 1, 0, 0, 1, 0, 2, 0, 0, 0, 0, 0, 0, 0, 0, 0, 2, 0, 0, 0, 0, 0, 0, 0, 1, 1, 0, 1, 1, 0, 2, 2, 0, 0, 1, 0, 0, 0, 0, 1, 0, 0, 2, 2, 2, 0, 0, 0, 0, 0, 0, 0, 0, 0, 2, 2, 3, 0, 2, 1, 2, 1, 4, 3, 6, 5, 3, 3, 2, 2, 4, 4, 864, 0, 0, 0, 0, 0, 0]",-1,-8.84434511212833e-06,-1,0
5244,"[1, 1, 0, 1, 1, 1, 0, 1, 0, 1, 0, 0, 1, 0, 2, 0, 0, 0, 0, 0, 0, 0, 0, 0, 2, 0, 0, 0, 0, 0, 0, 0, 1, 1, 0, 1, 1, 0, 2, 2, 0, 0, 1, 0, 0, 0, 0, 1, 0, 0, 2, 2, 2, 0, 0, 0, 0, 0, 0, 0, 0, 0, 2, 2, 3, 0, 2, 1, 2, 1, 4, 3, 6, 5, 3, 3, 2, 2, 4, 4, 864, 1, 0, 0, 0, 0, 0]",3,0.20000000000058368,-1,0
5245,"[1, 1, 0, 1, 1, 1, 0, 1, 0, 1, 0, 0, 1, 0, 2, 0, 0, 0, 0, 0, 0, 0, 0, 0, 2, 0, 0, 0, 0, 0, 0, 0, 1, 1, 0, 1, 1, 0, 2, 2, 0, 0, 1, 0, 0, 0, 0, 1, 0, 0, 2, 2, 2, 0, 0, 0, 0, 0, 0, 0, 0, 0, 2, 2, 3, 0, 2, 1, 2, 1, 4, 3, 6, 5, 3, 3, 2, 2, 4, 4, 864, 0, 0, 0, 0, 0, 0]",-1,-8.84434511212833e-06,-1,0
5246,"[1, 1, 0, 1, 1, 1, 0, 1, 0, 1, 0, 0, 1, 0, 2, 0, 0, 0, 0, 0, 0, 0, 0, 0, 2, 0, 0, 0, 0, 0, 0, 0, 1, 1, 0, 1, 1, 0, 2, 2, 0, 0, 1, 0, 0, 0, 0, 1, 0, 0, 2, 2, 2, 0, 0, 0, 0, 0, 0, 0, 0, 0, 2, 2, 3, 0, 2, 1, 2, 1, 4, 3, 6, 5, 3, 3, 2, 2, 4, 4, 864, 1, 0, 0, 0, 0, 0]",3,0.20000000000058368,-1,0
5247,"[1, 1, 0, 1, 1, 1, 0, 1, 0, 1, 0, 0, 1, 0, 2, 0, 0, 0, 0, 0, 0, 0, 0, 0, 2, 0, 0, 0, 0, 0, 0, 0, 1, 1, 0, 1, 1, 0, 2, 2, 0, 0, 1, 0, 0, 0, 0, 1, 0, 0, 2, 2, 2, 0, 0, 0, 0, 0, 0, 0, 0, 0, 2, 2, 3, 0, 2, 1, 2, 1, 4, 3, 6, 5, 3, 3, 2, 2, 4, 4, 864, 0, 0, 0, 0, 0, 0]",-1,-8.84434511212833e-06,-1,0
5248,"[1, 1, 0, 1, 1, 1, 0, 1, 0, 1, 0, 0, 1, 0, 2, 0, 0, 0, 0, 0, 0, 0, 0, 0, 2, 0, 0, 0, 0, 0, 0, 0, 1, 1, 0, 1, 1, 0, 2, 2, 0, 0, 1, 0, 0, 0, 0, 1, 0, 0, 2, 2, 2, 0, 0, 0, 0, 0, 0, 0, 0, 0, 2, 2, 3, 0, 2, 1, 2, 1, 4, 3, 6, 5, 3, 3, 2, 2, 4, 4, 864, 0, 1, 0, 0, 0, 0]",2,0.40000000000058367,-1,0
5249,"[1, 1, 0, 1, 1, 1, 0, 1, 0, 1, 0, 0, 1, 0, 2, 0, 0, 0, 0, 0, 0, 0, 0, 0, 2, 0, 0, 0, 0, 0, 0, 0, 1, 1, 0, 1, 1, 0, 2, 2, 0, 0, 1, 0, 0, 0, 0, 1, 0, 0, 2, 2, 2, 0, 0, 0, 0, 0, 0, 0, 0, 0, 2, 2, 3, 0, 2, 1, 2, 1, 4, 3, 6, 5, 3, 3, 2, 2, 4, 4, 864, 0, 0, 0, 0, 0, 0]",-1,-8.84434511212833e-06,-1,0
5250,"[1, 1, 0, 1, 1, 1, 0, 1, 0, 1, 0, 0, 1, 0, 2, 0, 0, 0, 0, 0, 0, 0, 0, 0, 2, 0, 0, 0, 0, 0, 0, 0, 1, 1, 0, 1, 1, 0, 2, 2, 0, 0, 1, 0, 0, 0, 0, 1, 0, 0, 2, 2, 2, 0, 0, 0, 0, 0, 0, 0, 0, 0, 2, 2, 3, 0, 2, 1, 2, 1, 4, 3, 6, 5, 3, 3, 2, 2, 4, 4, 864, 0, 1, 0, 0, 0, 0]",2,0.40000000000058367,-1,0
5251,"[1, 1, 0, 1, 1, 1, 0, 1, 0, 1, 0, 0, 1, 0, 2, 0, 0, 0, 0, 0, 0, 0, 0, 0, 2, 0, 0, 0, 0, 0, 0, 0, 1, 1, 0, 1, 1, 0, 2, 2, 0, 0, 1, 0, 0, 0, 0, 1, 0, 0, 2, 2, 2, 0, 0, 0, 0, 0, 0, 0, 0, 0, 2, 2, 3, 0, 2, 1, 2, 1, 4, 3, 6, 5, 3, 3, 2, 2, 4, 4, 864, 0, 0, 0, 0, 0, 0]",-1,-8.84434511212833e-06,-1,0
5252,"[1, 1, 0, 1, 1, 1, 0, 1, 0, 1, 0, 0, 1, 0, 2, 0, 0, 0, 0, 0, 0, 0, 0, 0, 2, 0, 0, 0, 0, 0, 0, 0, 1, 1, 0, 1, 1, 0, 2, 2, 0, 0, 1, 0, 0, 0, 0, 1, 0, 0, 2, 2, 2, 0, 0, 0, 0, 0, 0, 0, 0, 0, 2, 2, 3, 0, 2, 1, 2, 1, 4, 3, 6, 5, 3, 3, 2, 2, 4, 4, 864, 1, 0, 0, 0, 0, 0]",3,0.20000000000058368,-1,0
5253,"[1, 1, 0, 1, 1, 1, 0, 1, 0, 1, 0, 0, 1, 0, 2, 0, 0, 0, 0, 0, 0, 0, 0, 0, 2, 0, 0, 0, 0, 0, 0, 0, 1, 1, 0, 1, 1, 0, 2, 2, 0, 0, 1, 0, 0, 0, 0, 1, 0, 0, 2, 2, 2, 0, 0, 0, 0, 0, 0, 0, 0, 0, 2, 2, 3, 0, 2, 1, 2, 1, 4, 3, 6, 5, 3, 3, 2, 2, 4, 4, 864, 0, 0, 0, 0, 0, 0]",-1,-8.84434511212833e-06,-1,0
5254,"[1, 1, 0, 1, 1, 1, 0, 1, 0, 1, 0, 0, 1, 0, 2, 0, 0, 0, 0, 0, 0, 0, 0, 0, 2, 0, 0, 0, 0, 0, 0, 0, 1, 1, 0, 1, 1, 0, 2, 2, 0, 0, 1, 0, 0, 0, 0, 1, 0, 0, 2, 2, 2, 0, 0, 0, 0, 0, 0, 0, 0, 0, 2, 2, 3, 0, 2, 1, 2, 1, 4, 3, 6, 5, 3, 3, 2, 2, 4, 4, 864, 1, 0, 0, 0, 0, 0]",3,0.20000000000058368,-1,0
5255,"[1, 1, 0, 1, 1, 1, 0, 1, 0, 1, 0, 0, 1, 0, 2, 0, 0, 0, 0, 0, 0, 0, 0, 0, 2, 0, 0, 0, 0, 0, 0, 0, 1, 1, 0, 1, 1, 0, 2, 2, 0, 0, 1, 0, 0, 0, 0, 1, 0, 0, 2, 2, 2, 0, 0, 0, 0, 0, 0, 0, 0, 0, 2, 2, 3, 0, 2, 1, 2, 1, 4, 3, 6, 5, 3, 3, 2, 2, 4, 4, 864, 0, 0, 0, 0, 0, 0]",-1,-8.84434511212833e-06,-1,0
5256,"[1, 1, 0, 1, 1, 1, 0, 1, 0, 1, 0, 0, 1, 0, 2, 0, 0, 0, 0, 0, 0, 0, 0, 0, 2, 0, 0, 0, 0, 0, 0, 0, 1, 1, 0, 1, 1, 0, 2, 2, 0, 0, 1, 0, 0, 0, 0, 1, 0, 0, 2, 2, 2, 0, 0, 0, 0, 0, 0, 0, 0, 0, 2, 2, 3, 0, 2, 1, 2, 1, 4, 3, 6, 5, 3, 3, 2, 2, 4, 4, 864, 1, 0, 0, 0, 0, 0]",3,0.20000000000058368,-1,0
5257,"[1, 1, 0, 1, 1, 1, 0, 1, 0, 1, 0, 0, 1, 0, 2, 0, 0, 0, 0, 0, 0, 0, 0, 0, 2, 0, 0, 0, 0, 0, 0, 0, 1, 1, 0, 1, 1, 0, 2, 2, 0, 0, 1, 0, 0, 0, 0, 1, 0, 0, 2, 2, 2, 0, 0, 0, 0, 0, 0, 0, 0, 0, 2, 2, 3, 0, 2, 1, 2, 1, 4, 3, 6, 5, 3, 3, 2, 2, 4, 4, 864, 0, 0, 0, 0, 0, 0]",-1,-8.84434511212833e-06,-1,0
5258,"[1, 1, 0, 1, 1, 1, 0, 1, 0, 1, 0, 0, 1, 0, 2, 0, 0, 0, 0, 0, 0, 0, 0, 0, 2, 0, 0, 0, 0, 0, 0, 0, 1, 1, 0, 1, 1, 0, 2, 2, 0, 0, 1, 0, 0, 0, 0, 1, 0, 0, 2, 2, 2, 0, 0, 0, 0, 0, 0, 0, 0, 0, 2, 2, 3, 0, 2, 1, 2, 1, 4, 3, 6, 5, 3, 3, 2, 2, 4, 4, 864, 1, 0, 0, 0, 0, 0]",3,0.20000000000058368,-1,0
5259,"[1, 1, 0, 1, 1, 1, 0, 1, 0, 1, 0, 0, 1, 0, 2, 0, 0, 0, 0, 0, 0, 0, 0, 0, 2, 0, 0, 0, 0, 0, 0, 0, 1, 1, 0, 1, 1, 0, 2, 2, 0, 0, 1, 0, 0, 0, 0, 1, 0, 0, 2, 2, 2, 0, 0, 0, 0, 0, 0, 0, 0, 0, 2, 2, 3, 0, 2, 1, 2, 1, 4, 3, 6, 5, 3, 3, 2, 2, 4, 4, 864, 0, 0, 0, 0, 0, 0]",-1,-8.84434511212833e-06,-1,0
5260,"[1, 1, 0, 1, 1, 1, 0, 1, 0, 1, 0, 0, 1, 0, 2, 0, 0, 0, 0, 0, 0, 0, 0, 0, 2, 0, 0, 0, 0, 0, 0, 0, 1, 1, 0, 1, 1, 0, 2, 2, 0, 0, 1, 0, 0, 0, 0, 1, 0, 0, 2, 2, 2, 0, 0, 0, 0, 0, 0, 0, 0, 0, 2, 2, 3, 0, 2, 1, 2, 1, 4, 3, 6, 5, 3, 3, 2, 2, 4, 1, 865, 0, 0, 0, 0, 0, 0]",4,14.53341097270091,-1,0
5261,"[1, 1, 0, 1, 1, 1, 0, 1, 0, 1, 0, 0, 1, 0, 2, 0, 0, 0, 0, 0, 0, 0, 0, 0, 2, 0, 0, 0, 0, 0, 0, 0, 1, 1, 0, 1, 1, 0, 2, 2, 0, 0, 1, 0, 0, 0, 0, 1, 0, 0, 2, 2, 2, 0, 0, 0, 0, 0, 0, 0, 0, 0, 2, 2, 3, 0, 2, 1, 2, 1, 4, 3, 6, 5, 3, 3, 2, 2, 4, 1, 865, 1, 0, 0, 0, 0, 0]",3,0.2000000000005608,-1,1
5262,"[1, 1, 0, 1, 1, 1, 0, 1, 0, 1, 0, 0, 1, 0, 2, 0, 0, 0, 0, 0, 0, 0, 0, 0, 2, 0, 0, 0, 0, 0, 0, 0, 1, 1, 0, 1, 1, 0, 2, 2, 0, 0, 1, 0, 0, 0, 0, 1, 0, 0, 2, 2, 2, 0, 0, 0, 0, 0, 0, 0, 0, 0, 2, 2, 3, 0, 2, 1, 2, 1, 4, 3, 6, 5, 3, 3, 2, 2, 4, 1, 865, 0, 0, 0, 0, 0, 0]",-1,-8.756342407882921e-06,-1,1
5263,"[1, 1, 0, 1, 1, 1, 0, 1, 0, 1, 0, 0, 1, 0, 2, 0, 0, 0, 0, 0, 0, 0, 0, 0, 2, 0, 0, 0, 0, 0, 0, 0, 1, 1, 0, 1, 1, 0, 2, 2, 0, 0, 1, 0, 0, 0, 0, 1, 0, 0, 2, 2, 2, 0, 0, 0, 0, 0, 0, 0, 0, 0, 2, 2, 3, 0, 2, 1, 2, 1, 4, 3, 6, 5, 3, 3, 2, 2, 4, 1, 865, 0, 1, 0, 0, 0, 0]",2,0.4000000000005608,-1,1
5264,"[1, 1, 0, 1, 1, 1, 0, 1, 0, 1, 0, 0, 1, 0, 2, 0, 0, 0, 0, 0, 0, 0, 0, 0, 2, 0, 0, 0, 0, 0, 0, 0, 1, 1, 0, 1, 1, 0, 2, 2, 0, 0, 1, 0, 0, 0, 0, 1, 0, 0, 2, 2, 2, 0, 0, 0, 0, 0, 0, 0, 0, 0, 2, 2, 3, 0, 2, 1, 2, 1, 4, 3, 6, 5, 3, 3, 2, 2, 4, 1, 865, 0, 0, 0, 0, 0, 0]",-1,-8.756342407882921e-06,-1,1
5265,"[1, 1, 0, 1, 1, 1, 0, 1, 0, 1, 0, 0, 1, 0, 2, 0, 0, 0, 0, 0, 0, 0, 0, 0, 2, 0, 0, 0, 0, 0, 0, 0, 1, 1, 0, 1, 1, 0, 2, 2, 0, 0, 1, 0, 0, 0, 0, 1, 0, 0, 2, 2, 2, 0, 0, 0, 0, 0, 0, 0, 0, 0, 2, 2, 3, 0, 2, 1, 2, 1, 4, 3, 6, 5, 3, 3, 2, 2, 4, 1, 865, 0, 0, 0, 0, 0, 0]",-1,-8.756342407882921e-06,-1,1
5266,"[1, 1, 0, 1, 1, 1, 0, 1, 0, 1, 0, 0, 1, 0, 2, 0, 0, 0, 0, 0, 0, 0, 0, 0, 2, 0, 0, 0, 0, 0, 0, 0, 1, 1, 0, 1, 1, 0, 2, 2, 0, 0, 1, 0, 0, 0, 0, 1, 0, 0, 2, 2, 2, 0, 0, 0, 0, 0, 0, 0, 0, 0, 2, 2, 3, 0, 2, 1, 2, 1, 4, 3, 6, 5, 3, 3, 2, 2, 4, 3, 866, 0, 0, 0, 0, 0, 0]",4,13.133410796695479,-1,1
5267,"[1, 1, 0, 1, 1, 1, 0, 1, 0, 1, 0, 0, 1, 0, 2, 0, 0, 0, 0, 0, 0, 0, 0, 0, 2, 0, 0, 0, 0, 0, 0, 0, 1, 1, 0, 1, 1, 0, 2, 2, 0, 0, 1, 0, 0, 0, 0, 1, 0, 0, 2, 2, 2, 0, 0, 0, 0, 0, 0, 0, 0, 0, 2, 2, 3, 0, 2, 1, 2, 1, 4, 3, 6, 5, 3, 3, 2, 2, 4, 3, 866, 0, 0, 0, 0, 0, 0]",1,0.6096241151001556,-1,0
5268,"[1, 1, 0, 1, 1, 1, 0, 1, 0, 1, 0, 0, 1, 0, 2, 0, 0, 0, 0, 0, 0, 0, 0, 0, 2, 0, 0, 0, 0, 0, 0, 0, 1, 1, 0, 1, 1, 0, 2, 2, 0, 0, 1, 0, 0, 0, 0, 1, 0, 0, 2, 2, 2, 0, 0, 0, 0, 0, 0, 0, 0, 0, 2, 2, 3, 0, 2, 1, 2, 1, 4, 3, 6, 5, 3, 3, 2, 2, 4, 3, 866, 0, 0, 0, 0, 0, 0]",-1,-8.669215345175278e-06,-1,0
5269,"[1, 1, 0, 1, 1, 1, 0, 1, 0, 1, 0, 0, 1, 0, 2, 0, 0, 0, 0, 0, 0, 0, 0, 0, 2, 0, 0, 0, 0, 0, 0, 0, 1, 1, 0, 1, 1, 0, 2, 2, 0, 0, 1, 0, 0, 0, 0, 1, 0, 0, 2, 2, 2, 0, 0, 0, 0, 0, 0, 0, 0, 0, 2, 2, 3, 0, 2, 1, 2, 1, 4, 3, 6, 5, 3, 3, 2, 2, 4, 0, 867, 0, 0, 0, 0, 0, 0]",4,14.533410622441334,-1,0
5270,"[1, 1, 0, 1, 1, 1, 0, 1, 0, 1, 0, 0, 1, 0, 2, 0, 0, 0, 0, 0, 0, 0, 0, 0, 2, 0, 0, 0, 0, 0, 0, 0, 1, 1, 0, 1, 1, 0, 2, 2, 0, 0, 1, 0, 0, 0, 0, 1, 0, 0, 2, 2, 2, 0, 0, 0, 0, 0, 0, 0, 0, 0, 2, 2, 3, 0, 2, 1, 2, 1, 4, 3, 6, 5, 3, 3, 2, 2, 4, 0, 867, 1, 0, 0, 0, 0, 0]",3,0.20000000000051768,-1,1
5271,"[1, 1, 0, 1, 1, 1, 0, 1, 0, 1, 0, 0, 1, 0, 2, 0, 0, 0, 0, 0, 0, 0, 0, 0, 2, 0, 0, 0, 0, 0, 0, 0, 1, 1, 0, 1, 1, 0, 2, 2, 0, 0, 1, 0, 0, 0, 0, 1, 0, 0, 2, 2, 2, 0, 0, 0, 0, 0, 0, 0, 0, 0, 2, 2, 3, 0, 2, 1, 2, 1, 4, 3, 6, 5, 3, 3, 2, 2, 4, 0, 867, 0, 0, 0, 0, 0, 0]",-1,-8.582955211226523e-06,-1,1
5272,"[1, 1, 0, 1, 1, 1, 0, 1, 0, 1, 0, 0, 1, 0, 2, 0, 0, 0, 0, 0, 0, 0, 0, 0, 2, 0, 0, 0, 0, 0, 0, 0, 1, 1, 0, 1, 1, 0, 2, 2, 0, 0, 1, 0, 0, 0, 0, 1, 0, 0, 2, 2, 2, 0, 0, 0, 0, 0, 0, 0, 0, 0, 2, 2, 3, 0, 2, 1, 2, 1, 4, 3, 6, 5, 3, 3, 2, 2, 4, 0, 867, 0, 1, 0, 0, 0, 0]",2,0.4000000000005176,-1,1
5273,"[1, 1, 0, 1, 1, 1, 0, 1, 0, 1, 0, 0, 1, 0, 2, 0, 0, 0, 0, 0, 0, 0, 0, 0, 2, 0, 0, 0, 0, 0, 0, 0, 1, 1, 0, 1, 1, 0, 2, 2, 0, 0, 1, 0, 0, 0, 0, 1, 0, 0, 2, 2, 2, 0, 0, 0, 0, 0, 0, 0, 0, 0, 2, 2, 3, 0, 2, 1, 2, 1, 4, 3, 6, 5, 3, 3, 2, 2, 4, 0, 867, 0, 0, 0, 0, 0, 0]",-1,-8.582955211226523e-06,-1,1
5274,"[1, 1, 0, 1, 1, 1, 0, 1, 0, 1, 0, 0, 1, 0, 2, 0, 0, 0, 0, 0, 0, 0, 0, 0, 2, 0, 0, 0, 0, 0, 0, 0, 1, 1, 0, 1, 1, 0, 2, 2, 0, 0, 1, 0, 0, 0, 0, 1, 0, 0, 2, 2, 2, 0, 0, 0, 0, 0, 0, 0, 0, 0, 2, 2, 3, 0, 2, 1, 2, 1, 4, 3, 6, 5, 3, 3, 2, 2, 4, 0, 867, 0, 0, 0, 0, 0, 0]",-1,-8.582955211226523e-06,-1,1
5275,"[1, 2, 0, 1, 1, 2, 0, 1, 0, 1, 0, 0, 1, 0, 2, 0, 0, 0, 0, 0, 0, 0, 0, 0, 2, 0, 0, 0, 0, 0, 0, 0, 1, 1, 0, 1, 1, 0, 2, 2, 0, 0, 1, 0, 0, 0, 0, 1, 0, 0, 2, 2, 2, 0, 0, 0, 0, 0, 0, 0, 0, 0, 2, 2, 3, 0, 2, 1, 2, 1, 4, 3, 6, 5, 3, 3, 2, 2, 4, 0, 868, 0, 0, 0, 0, 0, 0]",4,12.973785729284764,-1,1
5276,"[1, 3, 0, 1, 1, 3, 0, 1, 0, 1, 0, 0, 1, 0, 2, 0, 0, 0, 0, 0, 0, 0, 0, 0, 2, 0, 0, 0, 0, 0, 0, 0, 1, 1, 0, 1, 1, 0, 2, 2, 0, 0, 1, 0, 0, 0, 0, 1, 0, 0, 2, 2, 2, 0, 0, 0, 0, 0, 0, 0, 0, 0, 2, 2, 3, 0, 2, 1, 2, 1, 4, 3, 6, 5, 3, 3, 2, 2, 4, 0, 869, 0, 0, 0, 0, 0, 0]",4,14.11297246142267,-1,0
5277,"[1, 3, 0, 1, 1, 3, 0, 1, 0, 1, 0, 0, 1, 0, 2, 0, 0, 0, 0, 0, 0, 0, 0, 0, 2, 0, 0, 0, 0, 0, 0, 0, 1, 1, 0, 1, 1, 0, 2, 2, 0, 0, 1, 0, 0, 0, 0, 1, 0, 0, 2, 2, 2, 0, 0, 0, 0, 0, 0, 0, 0, 0, 2, 2, 3, 0, 2, 1, 2, 1, 4, 3, 6, 5, 3, 3, 2, 2, 4, 0, 869, 0, 1, 0, 0, 0, 0]",2,0.40000000000047786,-1,1
5278,"[1, 3, 0, 1, 1, 3, 0, 1, 0, 1, 0, 0, 1, 0, 2, 0, 0, 0, 0, 0, 0, 0, 0, 0, 2, 0, 0, 0, 0, 0, 0, 0, 1, 1, 0, 1, 1, 0, 2, 2, 0, 0, 1, 0, 0, 0, 0, 1, 0, 0, 2, 2, 2, 0, 0, 0, 0, 0, 0, 0, 0, 0, 2, 2, 3, 0, 2, 1, 2, 1, 4, 3, 6, 5, 3, 3, 2, 2, 4, 0, 869, 0, 1, 0, 0, 1, 0]","[[0 1 0 0]
 [1 3 0 1]]",2.1985338895378357,-1,1
5279,"[0, 1, 0, 0, 2, 5, 0, 2, 0, 1, 0, 0, 1, 0, 2, 0, 0, 0, 0, 0, 0, 0, 0, 0, 2, 0, 0, 0, 0, 0, 0, 0, 1, 1, 0, 1, 1, 0, 2, 2, 0, 0, 1, 0, 0, 0, 0, 1, 0, 0, 2, 2, 2, 0, 0, 0, 0, 0, 0, 0, 0, 0, 2, 2, 3, 0, 2, 1, 2, 1, 4, 3, 6, 5, 3, 3, 2, 2, 4, 0, 869, 0, 0, 0, 0, 0, 0]",0,-0.19999999999952212,-1,0
5280,"[0, 1, 0, 0, 2, 5, 0, 2, 0, 1, 0, 0, 1, 0, 2, 0, 0, 0, 0, 0, 0, 0, 0, 0, 2, 0, 0, 0, 0, 0, 0, 0, 1, 1, 0, 1, 1, 0, 2, 2, 0, 0, 1, 0, 0, 0, 0, 1, 0, 0, 2, 2, 2, 0, 0, 0, 0, 0, 0, 0, 0, 0, 2, 2, 3, 0, 2, 1, 2, 1, 4, 3, 6, 5, 3, 3, 2, 2, 4, 0, 869, 0, 1, 0, 0, 0, 0]",2,0.40000000000047786,-1,1
5281,"[0, 1, 0, 0, 2, 5, 0, 2, 0, 1, 0, 0, 1, 0, 2, 0, 0, 0, 0, 0, 0, 0, 0, 0, 2, 0, 0, 0, 0, 0, 0, 0, 1, 1, 0, 1, 1, 0, 2, 2, 0, 0, 1, 0, 0, 0, 0, 1, 0, 0, 2, 2, 2, 0, 0, 0, 0, 0, 0, 0, 0, 0, 2, 2, 3, 0, 2, 1, 2, 1, 4, 3, 6, 5, 3, 3, 2, 2, 4, 0, 869, 0, 1, 0, 0, 1, 0]","[[1 2 0 1]
 [0 1 0 0]]",-0.19673955211849262,-1,1
5282,"[0, 1, 0, 0, 2, 5, 0, 2, 0, 1, 0, 0, 1, 0, 2, 0, 0, 0, 0, 0, 0, 0, 0, 0, 2, 0, 0, 0, 0, 0, 0, 0, 1, 1, 0, 1, 1, 0, 2, 2, 0, 0, 1, 0, 0, 0, 0, 1, 0, 0, 2, 2, 2, 0, 0, 0, 0, 0, 0, 0, 0, 0, 2, 2, 3, 0, 2, 1, 2, 1, 4, 3, 6, 5, 3, 3, 2, 2, 4, 0, 869, 0, 0, 0, 0, 0, 0]",1,-0.19999999999952212,-1,0
5283,"[0, 1, 0, 0, 2, 5, 0, 2, 0, 1, 0, 0, 1, 0, 2, 0, 0, 0, 0, 0, 0, 0, 0, 0, 2, 0, 0, 0, 0, 0, 0, 0, 1, 1, 0, 1, 1, 0, 2, 2, 0, 0, 1, 0, 0, 0, 0, 1, 0, 0, 2, 2, 2, 0, 0, 0, 0, 0, 0, 0, 0, 0, 2, 2, 3, 0, 2, 1, 2, 1, 4, 3, 6, 5, 3, 3, 2, 2, 4, 0, 869, 0, 0, 0, 0, 0, 0]",-1,-8.413001311095542e-06,-1,1
5284,"[0, 1, 0, 0, 2, 5, 0, 3, 0, 1, 0, 0, 1, 0, 2, 0, 0, 0, 0, 0, 0, 0, 0, 0, 2, 0, 0, 0, 0, 0, 0, 0, 1, 1, 0, 1, 1, 0, 2, 2, 0, 0, 1, 0, 0, 0, 0, 1, 0, 0, 2, 2, 2, 0, 0, 0, 0, 0, 0, 0, 0, 0, 2, 2, 3, 0, 2, 1, 2, 1, 4, 3, 6, 5, 3, 3, 2, 2, 4, 0, 870, 0, 0, 0, 0, 0, 0]",4,12.656566041465688,-1,1
5285,"[0, 1, 0, 0, 2, 5, 0, 3, 0, 1, 0, 0, 1, 0, 2, 0, 0, 0, 0, 0, 0, 0, 0, 0, 2, 0, 0, 0, 0, 0, 0, 0, 1, 1, 0, 1, 1, 0, 2, 2, 0, 0, 1, 0, 0, 0, 0, 1, 0, 0, 2, 2, 2, 0, 0, 0, 0, 0, 0, 0, 0, 0, 2, 2, 3, 0, 2, 1, 2, 1, 4, 3, 6, 5, 3, 3, 2, 2, 4, 0, 870, 0, 1, 0, 0, 0, 0]",2,0.4000000000004591,-1,0
5286,"[0, 1, 0, 0, 2, 5, 0, 3, 0, 1, 0, 0, 1, 0, 2, 0, 0, 0, 0, 0, 0, 0, 0, 0, 2, 0, 0, 0, 0, 0, 0, 0, 1, 1, 0, 1, 1, 0, 2, 2, 0, 0, 1, 0, 0, 0, 0, 1, 0, 0, 2, 2, 2, 0, 0, 0, 0, 0, 0, 0, 0, 0, 2, 2, 3, 0, 2, 1, 2, 1, 4, 3, 6, 5, 3, 3, 2, 2, 4, 0, 870, 0, 1, 0, 0, 1, 0]","[[0 1 0 0]
 [1 0 0 0]]",0.65042486505855,-1,0
5287,"[0, 1, 0, 0, 2, 5, 0, 3, 0, 1, 0, 0, 1, 0, 2, 0, 0, 0, 0, 0, 0, 0, 0, 0, 2, 0, 0, 0, 0, 0, 0, 0, 1, 1, 0, 1, 1, 0, 2, 2, 0, 0, 1, 0, 0, 0, 0, 1, 0, 0, 2, 2, 2, 0, 0, 0, 0, 0, 0, 0, 0, 0, 2, 2, 3, 0, 2, 1, 2, 1, 4, 3, 6, 5, 3, 3, 2, 2, 4, 0, 870, 0, 1, 0, 0, 0, 1]",2,-0.19999999999954088,-1,1
5288,"[0, 1, 0, 0, 2, 5, 0, 3, 0, 1, 0, 0, 1, 0, 2, 0, 0, 0, 0, 0, 0, 0, 0, 0, 2, 0, 0, 0, 0, 0, 0, 0, 1, 1, 0, 1, 1, 0, 2, 2, 0, 0, 1, 0, 0, 0, 0, 1, 0, 0, 2, 2, 2, 0, 0, 0, 0, 0, 0, 0, 0, 0, 2, 2, 3, 0, 2, 1, 2, 1, 4, 3, 6, 5, 3, 3, 2, 2, 4, 0, 870, 0, 0, 1, 0, 0, 0]","[[1 1 0 1]
 [0 1 0 0]]",-0.19999999999954088,-1,1
5289,"[0, 1, 0, 0, 2, 5, 0, 3, 0, 1, 0, 0, 1, 0, 2, 0, 0, 0, 0, 0, 0, 0, 0, 0, 2, 0, 0, 0, 0, 0, 0, 0, 1, 1, 0, 1, 1, 0, 2, 2, 0, 0, 1, 0, 0, 0, 0, 1, 0, 0, 2, 2, 2, 0, 0, 0, 0, 0, 0, 0, 0, 0, 2, 2, 3, 0, 2, 1, 2, 1, 4, 3, 6, 5, 3, 3, 2, 2, 4, 0, 870, 0, 0, 0, 0, 0, 0]",1,-17.260778799854105,-1,0
5290,"[0, 1, 0, 0, 2, 5, 0, 3, 0, 1, 0, 0, 1, 0, 2, 0, 0, 0, 0, 0, 0, 0, 0, 0, 2, 0, 0, 0, 0, 0, 0, 0, 1, 1, 0, 1, 1, 0, 2, 2, 0, 0, 1, 0, 0, 0, 0, 1, 0, 0, 2, 2, 2, 0, 0, 0, 0, 0, 0, 0, 0, 0, 2, 2, 3, 0, 2, 1, 2, 1, 4, 3, 6, 5, 3, 3, 2, 2, 4, 0, 870, 0, 1, 0, 0, 0, 0]",2,0.4000000000004591,-1,0
5291,"[0, 1, 0, 0, 2, 5, 0, 3, 0, 1, 0, 0, 1, 0, 2, 0, 0, 0, 0, 0, 0, 0, 0, 0, 2, 0, 0, 0, 0, 0, 0, 0, 1, 1, 0, 1, 1, 0, 2, 2, 0, 0, 1, 0, 0, 0, 0, 1, 0, 0, 2, 2, 2, 0, 0, 0, 0, 0, 0, 0, 0, 0, 2, 2, 3, 0, 2, 1, 2, 1, 4, 3, 6, 5, 3, 3, 2, 2, 4, 0, 870, 0, 1, 0, 0, 1, 0]","[[0 1 0 0]
 [1 0 0 0]]",0.65042486505855,-1,0
5292,"[1, 0, 0, 0, 1, 6, 0, 3, 0, 1, 0, 0, 1, 0, 2, 0, 0, 0, 0, 0, 0, 0, 0, 0, 2, 0, 0, 0, 0, 0, 0, 0, 1, 1, 0, 1, 1, 0, 2, 2, 0, 0, 1, 0, 0, 0, 0, 1, 0, 0, 2, 2, 2, 0, 0, 0, 0, 0, 0, 0, 0, 0, 2, 2, 3, 0, 2, 1, 2, 1, 4, 3, 6, 5, 3, 3, 2, 2, 4, 0, 870, 0, 0, 0, 0, 0, 0]",0,-0.19999999999954088,-1,1
5293,"[2, 0, 0, 0, 1, 7, 0, 3, 0, 1, 0, 0, 1, 0, 2, 0, 0, 0, 0, 0, 0, 0, 0, 0, 2, 0, 0, 0, 0, 0, 0, 0, 1, 1, 0, 1, 1, 0, 2, 2, 0, 0, 1, 0, 0, 0, 0, 1, 0, 0, 2, 2, 2, 0, 0, 0, 0, 0, 0, 0, 0, 0, 2, 2, 3, 0, 2, 1, 2, 1, 4, 3, 6, 5, 3, 3, 2, 2, 4, 0, 871, 0, 0, 0, 0, 0, 0]",4,13.774946624326864,-1,0
5294,"[2, 0, 0, 0, 1, 7, 0, 3, 0, 1, 0, 0, 1, 0, 2, 0, 0, 0, 0, 0, 0, 0, 0, 0, 2, 0, 0, 0, 0, 0, 0, 0, 1, 1, 0, 1, 1, 0, 2, 2, 0, 0, 1, 0, 0, 0, 0, 1, 0, 0, 2, 2, 2, 0, 0, 0, 0, 0, 0, 0, 0, 0, 2, 2, 3, 0, 2, 1, 2, 1, 4, 3, 6, 5, 3, 3, 2, 2, 4, 0, 871, 0, 1, 0, 0, 0, 0]",2,0.4000000000004411,-1,1
5295,"[2, 0, 0, 0, 1, 7, 0, 3, 0, 1, 0, 0, 1, 0, 2, 0, 0, 0, 0, 0, 0, 0, 0, 0, 2, 0, 0, 0, 0, 0, 0, 0, 1, 1, 0, 1, 1, 0, 2, 2, 0, 0, 1, 0, 0, 0, 0, 1, 0, 0, 2, 2, 2, 0, 0, 0, 0, 0, 0, 0, 0, 0, 2, 2, 3, 0, 2, 1, 2, 1, 4, 3, 6, 5, 3, 3, 2, 2, 4, 0, 871, 0, 0, 0, 0, 0, 0]",-1,-8.246412723663832e-06,-1,1
5296,"[2, 0, 0, 0, 3, 7, 0, 3, 0, 1, 0, 0, 1, 0, 2, 0, 0, 0, 0, 0, 0, 0, 0, 0, 2, 0, 0, 0, 0, 0, 0, 0, 1, 1, 0, 1, 1, 0, 2, 2, 0, 0, 1, 0, 0, 0, 0, 1, 0, 0, 2, 2, 2, 0, 0, 0, 0, 0, 0, 0, 0, 0, 2, 2, 3, 0, 2, 1, 2, 1, 4, 3, 6, 5, 3, 3, 2, 2, 4, 0, 872, 0, 0, 0, 0, 0, 0]",4,12.5943293846366,-1,1
5297,"[2, 1, 0, 0, 3, 8, 0, 3, 0, 1, 0, 0, 1, 0, 2, 0, 0, 0, 0, 0, 0, 0, 0, 0, 2, 0, 0, 0, 0, 0, 0, 0, 1, 1, 0, 1, 1, 0, 2, 2, 0, 0, 1, 0, 0, 0, 0, 1, 0, 0, 2, 2, 2, 0, 0, 0, 0, 0, 0, 0, 0, 0, 2, 2, 3, 0, 2, 1, 2, 1, 4, 3, 6, 5, 3, 3, 2, 2, 4, 0, 873, 0, 0, 0, 0, 0, 0]",4,14.055684970539483,-1,0
5298,"[2, 1, 0, 0, 3, 8, 0, 3, 0, 1, 0, 0, 1, 0, 2, 0, 0, 0, 0, 0, 0, 0, 0, 0, 2, 0, 0, 0, 0, 0, 0, 0, 1, 1, 0, 1, 1, 0, 2, 2, 0, 0, 1, 0, 0, 0, 0, 1, 0, 0, 2, 2, 2, 0, 0, 0, 0, 0, 0, 0, 0, 0, 2, 2, 3, 0, 2, 1, 2, 1, 4, 3, 6, 5, 3, 3, 2, 2, 4, 0, 873, 0, 1, 0, 0, 0, 0]",2,0.4000000000004072,-1,1
5299,"[2, 1, 0, 0, 3, 8, 0, 3, 0, 1, 0, 0, 1, 0, 2, 0, 0, 0, 0, 0, 0, 0, 0, 0, 2, 0, 0, 0, 0, 0, 0, 0, 1, 1, 0, 1, 1, 0, 2, 2, 0, 0, 1, 0, 0, 0, 0, 1, 0, 0, 2, 2, 2, 0, 0, 0, 0, 0, 0, 0, 0, 0, 2, 2, 3, 0, 2, 1, 2, 1, 4, 3, 6, 5, 3, 3, 2, 2, 4, 0, 873, 0, 1, 0, 0, 1, 0]","[[1 2 0 1]
 [2 1 0 0]]",-0.034067791175560386,-1,1
5300,"[2, 1, 0, 0, 3, 8, 0, 3, 0, 1, 0, 0, 1, 0, 2, 0, 0, 0, 0, 0, 0, 0, 0, 0, 2, 0, 0, 0, 0, 0, 0, 0, 1, 1, 0, 1, 1, 0, 2, 2, 0, 0, 1, 0, 0, 0, 0, 1, 0, 0, 2, 2, 2, 0, 0, 0, 0, 0, 0, 0, 0, 0, 2, 2, 3, 0, 2, 1, 2, 1, 4, 3, 6, 5, 3, 3, 2, 2, 4, 0, 873, 0, 0, 0, 0, 0, 0]",1,-0.19999999999959278,-1,0
5301,"[3, 1, 0, 0, 3, 9, 0, 3, 0, 1, 0, 0, 1, 0, 2, 0, 0, 0, 0, 0, 0, 0, 0, 0, 2, 0, 0, 0, 0, 0, 0, 0, 1, 1, 0, 1, 1, 0, 2, 2, 0, 0, 1, 0, 0, 0, 0, 1, 0, 0, 2, 2, 2, 0, 0, 0, 0, 0, 0, 0, 0, 0, 2, 2, 3, 0, 2, 1, 2, 1, 4, 3, 6, 5, 3, 3, 2, 2, 4, 0, 874, 0, 0, 0, 0, 0, 0]",4,12.502530933002836,-1,1
5302,"[3, 1, 0, 0, 3, 9, 0, 3, 0, 1, 0, 0, 1, 0, 2, 0, 0, 0, 0, 0, 0, 0, 0, 0, 2, 0, 0, 0, 0, 0, 0, 0, 1, 1, 0, 1, 1, 0, 2, 2, 0, 0, 1, 0, 0, 0, 0, 1, 0, 0, 2, 2, 2, 0, 0, 0, 0, 0, 0, 0, 0, 0, 2, 2, 3, 0, 2, 1, 2, 1, 4, 3, 6, 5, 3, 3, 2, 2, 4, 0, 874, 0, 0, 0, 0, 0, 0]",0,0.24271887242396434,-1,0
5303,"[3, 1, 0, 0, 3, 9, 0, 3, 0, 1, 0, 0, 1, 0, 2, 0, 0, 0, 0, 0, 0, 0, 0, 0, 2, 0, 0, 0, 0, 0, 0, 0, 1, 1, 0, 1, 1, 0, 2, 2, 0, 0, 1, 0, 0, 0, 0, 1, 0, 0, 2, 2, 2, 0, 0, 0, 0, 0, 0, 0, 0, 0, 2, 2, 3, 0, 2, 1, 2, 1, 4, 3, 6, 5, 3, 3, 2, 2, 4, 0, 874, 0, 0, 0, 0, 0, 0]",-1,-8.002694395477161e-06,-1,0
5304,"[3, 1, 0, 0, 3, 9, 0, 3, 0, 1, 0, 0, 1, 0, 2, 0, 0, 0, 0, 0, 0, 0, 0, 0, 2, 0, 0, 0, 0, 0, 0, 0, 1, 1, 0, 1, 1, 0, 2, 2, 0, 0, 1, 0, 0, 0, 0, 1, 0, 0, 2, 2, 2, 0, 0, 0, 0, 0, 0, 0, 0, 0, 2, 2, 3, 0, 2, 1, 2, 1, 4, 3, 6, 5, 3, 3, 2, 2, 4, 0, 874, 0, 1, 0, 0, 0, 0]",2,0.4000000000003912,-1,1
5305,"[3, 1, 0, 0, 3, 9, 0, 3, 0, 1, 0, 0, 1, 0, 2, 0, 0, 0, 0, 0, 0, 0, 0, 0, 2, 0, 0, 0, 0, 0, 0, 0, 1, 1, 0, 1, 1, 0, 2, 2, 0, 0, 1, 0, 0, 0, 0, 1, 0, 0, 2, 2, 2, 0, 0, 0, 0, 0, 0, 0, 0, 0, 2, 2, 3, 0, 2, 1, 2, 1, 4, 3, 6, 5, 3, 3, 2, 2, 4, 0, 874, 0, 0, 0, 0, 0, 0]",-1,-8.002694395477161e-06,-1,1
5306,"[3, 1, 0, 0, 3, 9, 0, 3, 0, 1, 0, 0, 1, 0, 2, 0, 0, 0, 0, 0, 0, 0, 0, 0, 2, 0, 0, 0, 0, 0, 0, 0, 1, 1, 0, 1, 1, 0, 2, 2, 0, 0, 1, 0, 0, 0, 0, 1, 0, 0, 2, 2, 2, 0, 0, 0, 0, 0, 0, 0, 0, 0, 2, 2, 3, 0, 2, 1, 2, 1, 4, 3, 6, 5, 3, 3, 2, 2, 4, 0, 875, 0, 0, 0, 0, 0, 0]",4,12.502530772145988,-1,1
5307,"[3, 1, 0, 0, 3, 9, 0, 3, 0, 1, 0, 0, 1, 0, 2, 0, 0, 0, 0, 0, 0, 0, 0, 0, 2, 0, 0, 0, 0, 0, 0, 0, 1, 1, 0, 1, 1, 0, 2, 2, 0, 0, 1, 0, 0, 0, 0, 1, 0, 0, 2, 2, 2, 0, 0, 0, 0, 0, 0, 0, 0, 0, 2, 2, 3, 0, 2, 1, 2, 1, 4, 3, 6, 5, 3, 3, 2, 2, 4, 0, 875, 0, 0, 0, 0, 0, 0]",0,0.24271887242394902,-1,0
5308,"[3, 1, 0, 0, 3, 9, 0, 3, 0, 1, 0, 0, 1, 0, 2, 0, 0, 0, 0, 0, 0, 0, 0, 0, 2, 0, 0, 0, 0, 0, 0, 0, 1, 1, 0, 1, 1, 0, 2, 2, 0, 0, 1, 0, 0, 0, 0, 1, 0, 0, 2, 2, 2, 0, 0, 0, 0, 0, 0, 0, 0, 0, 2, 2, 3, 0, 2, 1, 2, 1, 4, 3, 6, 5, 3, 3, 2, 2, 4, 0, 875, 0, 0, 0, 0, 0, 0]",-1,-7.923066255787562e-06,-1,0
5309,"[3, 1, 0, 0, 3, 9, 0, 3, 0, 1, 0, 0, 1, 0, 2, 0, 0, 0, 0, 0, 0, 0, 0, 0, 2, 0, 0, 0, 0, 0, 0, 0, 1, 1, 0, 1, 1, 0, 2, 2, 0, 0, 1, 0, 0, 0, 0, 1, 0, 0, 2, 2, 2, 0, 0, 0, 0, 0, 0, 0, 0, 0, 2, 2, 3, 0, 2, 1, 2, 1, 4, 3, 6, 5, 3, 3, 2, 2, 4, 0, 875, 0, 0, 0, 0, 0, 0]",0,0.24271887242394902,-1,0
5310,"[3, 1, 0, 0, 3, 9, 0, 3, 0, 1, 0, 0, 1, 0, 2, 0, 0, 0, 0, 0, 0, 0, 0, 0, 2, 0, 0, 0, 0, 0, 0, 0, 1, 1, 0, 1, 1, 0, 2, 2, 0, 0, 1, 0, 0, 0, 0, 1, 0, 0, 2, 2, 2, 0, 0, 0, 0, 0, 0, 0, 0, 0, 2, 2, 3, 0, 2, 1, 2, 1, 4, 3, 6, 5, 3, 3, 2, 2, 4, 0, 875, 0, 0, 0, 0, 0, 0]",-1,-7.923066255787562e-06,-1,0
5311,"[3, 1, 0, 0, 3, 9, 0, 3, 0, 1, 0, 0, 1, 0, 2, 0, 0, 0, 0, 0, 0, 0, 0, 0, 2, 0, 0, 0, 0, 0, 0, 0, 1, 1, 0, 1, 1, 0, 2, 2, 0, 0, 1, 0, 0, 0, 0, 1, 0, 0, 2, 2, 2, 0, 0, 0, 0, 0, 0, 0, 0, 0, 2, 2, 3, 0, 2, 1, 2, 1, 4, 3, 6, 5, 3, 3, 2, 2, 4, 0, 875, 0, 0, 0, 0, 0, 0]",0,0.24271887242394902,-1,0
5312,"[3, 1, 0, 0, 3, 9, 0, 3, 0, 1, 0, 0, 1, 0, 2, 0, 0, 0, 0, 0, 0, 0, 0, 0, 2, 0, 0, 0, 0, 0, 0, 0, 1, 1, 0, 1, 1, 0, 2, 2, 0, 0, 1, 0, 0, 0, 0, 1, 0, 0, 2, 2, 2, 0, 0, 0, 0, 0, 0, 0, 0, 0, 2, 2, 3, 0, 2, 1, 2, 1, 4, 3, 6, 5, 3, 3, 2, 2, 4, 0, 875, 0, 0, 0, 0, 0, 0]",-1,-7.923066255787562e-06,-1,0
5313,"[3, 1, 0, 0, 3, 9, 0, 3, 0, 1, 0, 0, 1, 0, 2, 0, 0, 0, 0, 0, 0, 0, 0, 0, 2, 0, 0, 0, 0, 0, 0, 0, 1, 1, 0, 1, 1, 0, 2, 2, 0, 0, 1, 0, 0, 0, 0, 1, 0, 0, 2, 2, 2, 0, 0, 0, 0, 0, 0, 0, 0, 0, 2, 2, 3, 0, 2, 1, 2, 1, 4, 3, 6, 5, 3, 3, 2, 2, 4, 0, 875, 0, 0, 0, 0, 0, 0]",0,0.24271887242394902,-1,0
5314,"[3, 1, 0, 0, 3, 9, 0, 3, 0, 1, 0, 0, 1, 0, 2, 0, 0, 0, 0, 0, 0, 0, 0, 0, 2, 0, 0, 0, 0, 0, 0, 0, 1, 1, 0, 1, 1, 0, 2, 2, 0, 0, 1, 0, 0, 0, 0, 1, 0, 0, 2, 2, 2, 0, 0, 0, 0, 0, 0, 0, 0, 0, 2, 2, 3, 0, 2, 1, 2, 1, 4, 3, 6, 5, 3, 3, 2, 2, 4, 0, 875, 0, 0, 0, 0, 0, 0]",-1,-7.923066255787562e-06,-1,0
5315,"[3, 1, 0, 0, 3, 9, 0, 3, 0, 1, 0, 0, 1, 0, 2, 0, 0, 0, 0, 0, 0, 0, 0, 0, 2, 0, 0, 0, 0, 0, 0, 0, 1, 1, 0, 1, 1, 0, 2, 2, 0, 0, 1, 0, 0, 0, 0, 1, 0, 0, 2, 2, 2, 0, 0, 0, 0, 0, 0, 0, 0, 0, 2, 2, 3, 0, 2, 1, 2, 1, 4, 3, 6, 5, 3, 3, 2, 2, 4, 0, 875, 0, 0, 0, 0, 0, 0]",0,0.24271887242394902,-1,0
5316,"[3, 1, 0, 0, 3, 9, 0, 3, 0, 1, 0, 0, 1, 0, 2, 0, 0, 0, 0, 0, 0, 0, 0, 0, 2, 0, 0, 0, 0, 0, 0, 0, 1, 1, 0, 1, 1, 0, 2, 2, 0, 0, 1, 0, 0, 0, 0, 1, 0, 0, 2, 2, 2, 0, 0, 0, 0, 0, 0, 0, 0, 0, 2, 2, 3, 0, 2, 1, 2, 1, 4, 3, 6, 5, 3, 3, 2, 2, 4, 0, 875, 0, 0, 0, 0, 0, 0]",-1,-7.923066255787562e-06,-1,0
5317,"[3, 1, 0, 0, 3, 9, 0, 3, 0, 1, 0, 0, 1, 0, 2, 0, 0, 0, 0, 0, 0, 0, 0, 0, 2, 0, 0, 0, 0, 0, 0, 0, 1, 1, 0, 1, 1, 0, 2, 2, 0, 0, 1, 0, 0, 0, 0, 1, 0, 0, 2, 2, 2, 0, 0, 0, 0, 0, 0, 0, 0, 0, 2, 2, 3, 0, 2, 1, 2, 1, 4, 3, 6, 5, 3, 3, 2, 2, 4, 0, 875, 0, 0, 0, 0, 0, 0]",0,0.24271887242394902,-1,0
5318,"[3, 1, 0, 0, 3, 9, 0, 3, 0, 1, 0, 0, 1, 0, 2, 0, 0, 0, 0, 0, 0, 0, 0, 0, 2, 0, 0, 0, 0, 0, 0, 0, 1, 1, 0, 1, 1, 0, 2, 2, 0, 0, 1, 0, 0, 0, 0, 1, 0, 0, 2, 2, 2, 0, 0, 0, 0, 0, 0, 0, 0, 0, 2, 2, 3, 0, 2, 1, 2, 1, 4, 3, 6, 5, 3, 3, 2, 2, 4, 0, 875, 0, 0, 0, 0, 0, 0]",-1,-7.923066255787562e-06,-1,0
5319,"[3, 1, 0, 0, 3, 9, 0, 3, 0, 1, 0, 0, 1, 0, 2, 0, 0, 0, 0, 0, 0, 0, 0, 0, 2, 0, 0, 0, 0, 0, 0, 0, 1, 1, 0, 1, 1, 0, 2, 2, 0, 0, 1, 0, 0, 0, 0, 1, 0, 0, 2, 2, 2, 0, 0, 0, 0, 0, 0, 0, 0, 0, 2, 2, 3, 0, 2, 1, 2, 1, 4, 3, 6, 5, 3, 3, 2, 2, 4, 0, 875, 0, 0, 0, 0, 0, 0]",1,0.6096241150999926,-1,0
5320,"[3, 1, 0, 0, 3, 9, 0, 3, 0, 1, 0, 0, 1, 0, 2, 0, 0, 0, 0, 0, 0, 0, 0, 0, 2, 0, 0, 0, 0, 0, 0, 0, 1, 1, 0, 1, 1, 0, 2, 2, 0, 0, 1, 0, 0, 0, 0, 1, 0, 0, 2, 2, 2, 0, 0, 0, 0, 0, 0, 0, 0, 0, 2, 2, 3, 0, 2, 1, 2, 1, 4, 3, 6, 5, 3, 3, 2, 2, 4, 0, 875, 0, 0, 0, 0, 0, 0]",-1,-7.923066255787562e-06,-1,0
5321,"[3, 1, 0, 0, 3, 9, 0, 3, 0, 1, 0, 0, 1, 0, 2, 0, 0, 0, 0, 0, 0, 0, 0, 0, 2, 0, 0, 0, 0, 0, 0, 0, 1, 1, 0, 1, 1, 0, 2, 2, 0, 0, 1, 0, 0, 0, 0, 1, 0, 0, 2, 2, 2, 0, 0, 0, 0, 0, 0, 0, 0, 0, 2, 2, 3, 0, 2, 1, 2, 1, 4, 3, 6, 5, 3, 3, 2, 2, 4, 0, 875, 1, 0, 0, 0, 0, 0]",3,0.20000000000037593,-1,0
5322,"[1, 1, 0, 1, 3, 9, 0, 3, 0, 1, 0, 0, 1, 0, 2, 0, 0, 0, 0, 0, 0, 0, 0, 0, 2, 0, 0, 0, 0, 0, 0, 0, 1, 1, 0, 1, 1, 0, 2, 2, 0, 0, 1, 0, 0, 0, 0, 1, 0, 0, 2, 2, 2, 0, 0, 0, 0, 0, 0, 0, 0, 0, 2, 2, 3, 0, 2, 1, 2, 1, 4, 3, 6, 5, 3, 3, 2, 2, 4, 0, 875, 0, 0, 0, 0, 0, 0]","[[2 0 0 0]
 [0 0 0 1]]",-0.19854231808858303,-1,0
5323,"[1, 1, 0, 1, 1, 4, 0, 1, 0, 1, 0, 0, 1, 0, 2, 0, 0, 0, 0, 0, 0, 0, 0, 0, 2, 0, 0, 0, 0, 0, 0, 0, 1, 1, 0, 1, 1, 0, 2, 2, 0, 0, 1, 0, 0, 0, 0, 1, 0, 0, 2, 2, 2, 0, 0, 0, 0, 0, 0, 0, 0, 0, 2, 2, 3, 0, 2, 1, 2, 1, 4, 3, 6, 5, 3, 3, 2, 2, 4, 4, 876, 0, 0, 0, 0, 0, 0]",4,14.533409130142998,-1,0
5324,"[1, 1, 0, 1, 1, 4, 0, 1, 0, 1, 0, 0, 1, 0, 2, 0, 0, 0, 0, 0, 0, 0, 0, 0, 2, 0, 0, 0, 0, 0, 0, 0, 1, 1, 0, 1, 1, 0, 2, 2, 0, 0, 1, 0, 0, 0, 0, 1, 0, 0, 2, 2, 2, 0, 0, 0, 0, 0, 0, 0, 0, 0, 2, 2, 3, 0, 2, 1, 2, 1, 4, 3, 6, 5, 3, 3, 2, 2, 4, 4, 876, 0, 0, 0, 0, 0, 0]",-1,-7.84423042932612e-06,-1,1
5325,"[1, 1, 0, 1, 1, 4, 0, 1, 0, 1, 0, 0, 1, 0, 2, 0, 0, 0, 0, 0, 0, 0, 0, 0, 2, 0, 0, 0, 0, 0, 0, 0, 1, 1, 0, 1, 1, 0, 2, 2, 0, 0, 1, 0, 0, 0, 0, 1, 0, 0, 2, 2, 2, 0, 0, 0, 0, 0, 0, 0, 0, 0, 2, 2, 3, 0, 2, 1, 2, 1, 4, 3, 6, 5, 3, 3, 2, 2, 4, 4, 876, 0, 1, 0, 0, 0, 0]",2,0.4000000000003612,-1,1
5326,"[1, 1, 0, 1, 1, 4, 0, 1, 0, 1, 0, 0, 1, 0, 2, 0, 0, 0, 0, 0, 0, 0, 0, 0, 2, 0, 0, 0, 0, 0, 0, 0, 1, 1, 0, 1, 1, 0, 2, 2, 0, 0, 1, 0, 0, 0, 0, 1, 0, 0, 2, 2, 2, 0, 0, 0, 0, 0, 0, 0, 0, 0, 2, 2, 3, 0, 2, 1, 2, 1, 4, 3, 6, 5, 3, 3, 2, 2, 4, 4, 876, 0, 1, 0, 0, 1, 0]","[[0 1 0 0]
 [1 1 0 1]]",2.1224908847240798,-1,1
5327,"[0, 1, 0, 0, 2, 4, 0, 2, 0, 1, 0, 0, 1, 0, 2, 0, 0, 0, 0, 0, 0, 0, 0, 0, 2, 0, 0, 0, 0, 0, 0, 0, 1, 1, 0, 1, 1, 0, 2, 2, 0, 0, 1, 0, 0, 0, 0, 1, 0, 0, 2, 2, 2, 0, 0, 0, 0, 0, 0, 0, 0, 0, 2, 2, 3, 0, 2, 1, 2, 1, 4, 3, 6, 5, 3, 3, 2, 2, 4, 4, 876, 0, 0, 0, 0, 0, 0]",0,-0.19999999999963883,-1,0
5328,"[0, 1, 0, 0, 2, 4, 0, 2, 0, 1, 0, 0, 1, 0, 2, 0, 0, 0, 0, 0, 0, 0, 0, 0, 2, 0, 0, 0, 0, 0, 0, 0, 1, 1, 0, 1, 1, 0, 2, 2, 0, 0, 1, 0, 0, 0, 0, 1, 0, 0, 2, 2, 2, 0, 0, 0, 0, 0, 0, 0, 0, 0, 2, 2, 3, 0, 2, 1, 2, 1, 4, 3, 6, 5, 3, 3, 2, 2, 4, 4, 876, 0, 0, 0, 0, 0, 0]",-1,-7.84423042932612e-06,-1,1
5329,"[0, 2, 0, 0, 2, 5, 0, 2, 0, 1, 0, 0, 1, 0, 2, 0, 0, 0, 0, 0, 0, 0, 0, 0, 2, 0, 0, 0, 0, 0, 0, 0, 1, 1, 0, 1, 1, 0, 2, 2, 0, 0, 1, 0, 0, 0, 0, 1, 0, 0, 2, 2, 2, 0, 0, 0, 0, 0, 0, 0, 0, 0, 2, 2, 3, 0, 2, 1, 2, 1, 4, 3, 6, 5, 3, 3, 2, 2, 4, 4, 877, 0, 0, 0, 0, 0, 0]",4,12.63282235801004,-1,1
5330,"[0, 2, 0, 0, 2, 5, 0, 2, 0, 1, 0, 0, 1, 0, 2, 0, 0, 0, 0, 0, 0, 0, 0, 0, 2, 0, 0, 0, 0, 0, 0, 0, 1, 1, 0, 1, 1, 0, 2, 2, 0, 0, 1, 0, 0, 0, 0, 1, 0, 0, 2, 2, 2, 0, 0, 0, 0, 0, 0, 0, 0, 0, 2, 2, 3, 0, 2, 1, 2, 1, 4, 3, 6, 5, 3, 3, 2, 2, 4, 4, 877, 1, 0, 0, 0, 0, 0]",3,0.200000000000347,-1,0
5331,"[0, 2, 0, 0, 2, 5, 0, 2, 0, 1, 0, 0, 1, 0, 2, 0, 0, 0, 0, 0, 0, 0, 0, 0, 2, 0, 0, 0, 0, 0, 0, 0, 1, 1, 0, 1, 1, 0, 2, 2, 0, 0, 1, 0, 0, 0, 0, 1, 0, 0, 2, 2, 2, 0, 0, 0, 0, 0, 0, 0, 0, 0, 2, 2, 3, 0, 2, 1, 2, 1, 4, 3, 6, 5, 3, 3, 2, 2, 4, 4, 877, 0, 0, 0, 0, 0, 0]",-1,-7.766179032444494e-06,-1,0
5332,"[0, 2, 0, 0, 2, 5, 0, 2, 0, 1, 0, 0, 1, 0, 2, 0, 0, 0, 0, 0, 0, 0, 0, 0, 2, 0, 0, 0, 0, 0, 0, 0, 1, 1, 0, 1, 1, 0, 2, 2, 0, 0, 1, 0, 0, 0, 0, 1, 0, 0, 2, 2, 2, 0, 0, 0, 0, 0, 0, 0, 0, 0, 2, 2, 3, 0, 2, 1, 2, 1, 4, 3, 6, 5, 3, 3, 2, 2, 4, 4, 877, 1, 0, 0, 0, 0, 0]",3,0.200000000000347,-1,0
5333,"[0, 2, 0, 0, 2, 5, 0, 2, 0, 1, 0, 0, 1, 0, 2, 0, 0, 0, 0, 0, 0, 0, 0, 0, 2, 0, 0, 0, 0, 0, 0, 0, 1, 1, 0, 1, 1, 0, 2, 2, 0, 0, 1, 0, 0, 0, 0, 1, 0, 0, 2, 2, 2, 0, 0, 0, 0, 0, 0, 0, 0, 0, 2, 2, 3, 0, 2, 1, 2, 1, 4, 3, 6, 5, 3, 3, 2, 2, 4, 4, 877, 0, 0, 0, 0, 0, 0]",-1,-7.766179032444494e-06,-1,0
5334,"[0, 2, 0, 0, 2, 5, 0, 2, 0, 1, 0, 0, 1, 0, 2, 0, 0, 0, 0, 0, 0, 0, 0, 0, 2, 0, 0, 0, 0, 0, 0, 0, 1, 1, 0, 1, 1, 0, 2, 2, 0, 0, 1, 0, 0, 0, 0, 1, 0, 0, 2, 2, 2, 0, 0, 0, 0, 0, 0, 0, 0, 0, 2, 2, 3, 0, 2, 1, 2, 1, 4, 3, 6, 5, 3, 3, 2, 2, 4, 4, 877, 0, 1, 0, 0, 0, 0]",2,0.40000000000034697,-1,0
5335,"[0, 2, 0, 0, 2, 5, 0, 2, 0, 1, 0, 0, 1, 0, 2, 0, 0, 0, 0, 0, 0, 0, 0, 0, 2, 0, 0, 0, 0, 0, 0, 0, 1, 1, 0, 1, 1, 0, 2, 2, 0, 0, 1, 0, 0, 0, 0, 1, 0, 0, 2, 2, 2, 0, 0, 0, 0, 0, 0, 0, 0, 0, 2, 2, 3, 0, 2, 1, 2, 1, 4, 3, 6, 5, 3, 3, 2, 2, 4, 4, 877, 0, 1, 0, 0, 1, 0]","[[0 1 0 0]
 [1 0 0 0]]",0.6504248650584379,-1,0
5336,"[1, 1, 0, 0, 1, 6, 0, 2, 0, 1, 0, 0, 1, 0, 2, 0, 0, 0, 0, 0, 0, 0, 0, 0, 2, 0, 0, 0, 0, 0, 0, 0, 1, 1, 0, 1, 1, 0, 2, 2, 0, 0, 1, 0, 0, 0, 0, 1, 0, 0, 2, 2, 2, 0, 0, 0, 0, 0, 0, 0, 0, 0, 2, 2, 3, 0, 2, 1, 2, 1, 4, 3, 6, 5, 3, 3, 2, 2, 4, 4, 877, 0, 0, 0, 0, 0, 0]",0,-0.199999999999653,-1,1
5337,"[1, 1, 0, 0, 1, 6, 0, 2, 0, 1, 0, 0, 1, 0, 2, 0, 0, 0, 0, 0, 0, 0, 0, 0, 2, 0, 0, 0, 0, 0, 0, 0, 1, 1, 0, 1, 1, 0, 2, 2, 0, 0, 1, 0, 0, 0, 0, 1, 0, 0, 2, 2, 2, 0, 0, 0, 0, 0, 0, 0, 0, 0, 2, 2, 3, 0, 2, 1, 2, 1, 4, 3, 6, 5, 3, 3, 2, 2, 4, 4, 877, 0, 0, 0, 0, 0, 0]",0,0.2427188724239201,-1,0
5338,"[1, 1, 0, 0, 1, 6, 0, 2, 0, 1, 0, 0, 1, 0, 2, 0, 0, 0, 0, 0, 0, 0, 0, 0, 2, 0, 0, 0, 0, 0, 0, 0, 1, 1, 0, 1, 1, 0, 2, 2, 0, 0, 1, 0, 0, 0, 0, 1, 0, 0, 2, 2, 2, 0, 0, 0, 0, 0, 0, 0, 0, 0, 2, 2, 3, 0, 2, 1, 2, 1, 4, 3, 6, 5, 3, 3, 2, 2, 4, 4, 877, 0, 0, 0, 0, 0, 0]",-1,-7.766179032444494e-06,-1,0
5339,"[1, 1, 0, 0, 1, 6, 0, 2, 0, 1, 0, 0, 1, 0, 2, 0, 0, 0, 0, 0, 0, 0, 0, 0, 2, 0, 0, 0, 0, 0, 0, 0, 1, 1, 0, 1, 1, 0, 2, 2, 0, 0, 1, 0, 0, 0, 0, 1, 0, 0, 2, 2, 2, 0, 0, 0, 0, 0, 0, 0, 0, 0, 2, 2, 3, 0, 2, 1, 2, 1, 4, 3, 6, 5, 3, 3, 2, 2, 4, 4, 877, 0, 0, 0, 0, 0, 0]",0,0.2427188724239201,-1,0
5340,"[1, 1, 0, 0, 1, 6, 0, 2, 0, 1, 0, 0, 1, 0, 2, 0, 0, 0, 0, 0, 0, 0, 0, 0, 2, 0, 0, 0, 0, 0, 0, 0, 1, 1, 0, 1, 1, 0, 2, 2, 0, 0, 1, 0, 0, 0, 0, 1, 0, 0, 2, 2, 2, 0, 0, 0, 0, 0, 0, 0, 0, 0, 2, 2, 3, 0, 2, 1, 2, 1, 4, 3, 6, 5, 3, 3, 2, 2, 4, 4, 877, 0, 0, 0, 0, 0, 0]",-1,-7.766179032444494e-06,-1,0
5341,"[1, 1, 0, 0, 1, 6, 0, 2, 0, 1, 0, 0, 1, 0, 2, 0, 0, 0, 0, 0, 0, 0, 0, 0, 2, 0, 0, 0, 0, 0, 0, 0, 1, 1, 0, 1, 1, 0, 2, 2, 0, 0, 1, 0, 0, 0, 0, 1, 0, 0, 2, 2, 2, 0, 0, 0, 0, 0, 0, 0, 0, 0, 2, 2, 3, 0, 2, 1, 2, 1, 4, 3, 6, 5, 3, 3, 2, 2, 4, 4, 877, 0, 0, 0, 0, 0, 0]",0,0.2427188724239201,-1,0
5342,"[1, 1, 0, 0, 1, 6, 0, 2, 0, 1, 0, 0, 1, 0, 2, 0, 0, 0, 0, 0, 0, 0, 0, 0, 2, 0, 0, 0, 0, 0, 0, 0, 1, 1, 0, 1, 1, 0, 2, 2, 0, 0, 1, 0, 0, 0, 0, 1, 0, 0, 2, 2, 2, 0, 0, 0, 0, 0, 0, 0, 0, 0, 2, 2, 3, 0, 2, 1, 2, 1, 4, 3, 6, 5, 3, 3, 2, 2, 4, 4, 877, 0, 0, 0, 0, 0, 0]",-1,-7.766179032444494e-06,-1,0
5343,"[1, 1, 0, 0, 1, 6, 0, 2, 0, 1, 0, 0, 1, 0, 2, 0, 0, 0, 0, 0, 0, 0, 0, 0, 2, 0, 0, 0, 0, 0, 0, 0, 1, 1, 0, 1, 1, 0, 2, 2, 0, 0, 1, 0, 0, 0, 0, 1, 0, 0, 2, 2, 2, 0, 0, 0, 0, 0, 0, 0, 0, 0, 2, 2, 3, 0, 2, 1, 2, 1, 4, 3, 6, 5, 3, 3, 2, 2, 4, 4, 877, 0, 0, 0, 0, 0, 0]",0,0.2427188724239201,-1,0
5344,"[1, 1, 0, 0, 1, 6, 0, 2, 0, 1, 0, 0, 1, 0, 2, 0, 0, 0, 0, 0, 0, 0, 0, 0, 2, 0, 0, 0, 0, 0, 0, 0, 1, 1, 0, 1, 1, 0, 2, 2, 0, 0, 1, 0, 0, 0, 0, 1, 0, 0, 2, 2, 2, 0, 0, 0, 0, 0, 0, 0, 0, 0, 2, 2, 3, 0, 2, 1, 2, 1, 4, 3, 6, 5, 3, 3, 2, 2, 4, 4, 877, 0, 0, 0, 0, 0, 0]",-1,-7.766179032444494e-06,-1,0
5345,"[1, 1, 0, 0, 1, 6, 0, 2, 0, 1, 0, 0, 1, 0, 2, 0, 0, 0, 0, 0, 0, 0, 0, 0, 2, 0, 0, 0, 0, 0, 0, 0, 1, 1, 0, 1, 1, 0, 2, 2, 0, 0, 1, 0, 0, 0, 0, 1, 0, 0, 2, 2, 2, 0, 0, 0, 0, 0, 0, 0, 0, 0, 2, 2, 3, 0, 2, 1, 2, 1, 4, 3, 6, 5, 3, 3, 2, 2, 4, 4, 877, 0, 0, 0, 0, 0, 0]",0,0.2427188724239201,-1,0
5346,"[1, 1, 0, 0, 1, 6, 0, 2, 0, 1, 0, 0, 1, 0, 2, 0, 0, 0, 0, 0, 0, 0, 0, 0, 2, 0, 0, 0, 0, 0, 0, 0, 1, 1, 0, 1, 1, 0, 2, 2, 0, 0, 1, 0, 0, 0, 0, 1, 0, 0, 2, 2, 2, 0, 0, 0, 0, 0, 0, 0, 0, 0, 2, 2, 3, 0, 2, 1, 2, 1, 4, 3, 6, 5, 3, 3, 2, 2, 4, 4, 877, 0, 0, 0, 0, 0, 0]",-1,-7.766179032444494e-06,-1,0
5347,"[1, 1, 0, 0, 1, 6, 0, 2, 0, 1, 0, 0, 1, 0, 2, 0, 0, 0, 0, 0, 0, 0, 0, 0, 2, 0, 0, 0, 0, 0, 0, 0, 1, 1, 0, 1, 1, 0, 2, 2, 0, 0, 1, 0, 0, 0, 0, 1, 0, 0, 2, 2, 2, 0, 0, 0, 0, 0, 0, 0, 0, 0, 2, 2, 3, 0, 2, 1, 2, 1, 4, 3, 6, 5, 3, 3, 2, 2, 4, 4, 877, 0, 0, 0, 0, 0, 0]",0,0.2427188724239201,-1,0
5348,"[1, 1, 0, 0, 1, 6, 0, 2, 0, 1, 0, 0, 1, 0, 2, 0, 0, 0, 0, 0, 0, 0, 0, 0, 2, 0, 0, 0, 0, 0, 0, 0, 1, 1, 0, 1, 1, 0, 2, 2, 0, 0, 1, 0, 0, 0, 0, 1, 0, 0, 2, 2, 2, 0, 0, 0, 0, 0, 0, 0, 0, 0, 2, 2, 3, 0, 2, 1, 2, 1, 4, 3, 6, 5, 3, 3, 2, 2, 4, 4, 877, 0, 0, 0, 0, 0, 0]",-1,-7.766179032444494e-06,-1,0
5349,"[1, 1, 0, 0, 1, 6, 0, 2, 0, 1, 0, 0, 1, 0, 2, 0, 0, 0, 0, 0, 0, 0, 0, 0, 2, 0, 0, 0, 0, 0, 0, 0, 1, 1, 0, 1, 1, 0, 2, 2, 0, 0, 1, 0, 0, 0, 0, 1, 0, 0, 2, 2, 2, 0, 0, 0, 0, 0, 0, 0, 0, 0, 2, 2, 3, 0, 2, 1, 2, 1, 4, 3, 6, 5, 3, 3, 2, 2, 4, 4, 877, 0, 0, 0, 0, 0, 0]",0,0.2427188724239201,-1,0
5350,"[1, 1, 0, 0, 1, 6, 0, 2, 0, 1, 0, 0, 1, 0, 2, 0, 0, 0, 0, 0, 0, 0, 0, 0, 2, 0, 0, 0, 0, 0, 0, 0, 1, 1, 0, 1, 1, 0, 2, 2, 0, 0, 1, 0, 0, 0, 0, 1, 0, 0, 2, 2, 2, 0, 0, 0, 0, 0, 0, 0, 0, 0, 2, 2, 3, 0, 2, 1, 2, 1, 4, 3, 6, 5, 3, 3, 2, 2, 4, 4, 877, 0, 0, 0, 0, 0, 0]",-1,-7.766179032444494e-06,-1,0
5351,"[1, 1, 0, 0, 1, 6, 0, 2, 0, 1, 0, 0, 1, 0, 2, 0, 0, 0, 0, 0, 0, 0, 0, 0, 2, 0, 0, 0, 0, 0, 0, 0, 1, 1, 0, 1, 1, 0, 2, 2, 0, 0, 1, 0, 0, 0, 0, 1, 0, 0, 2, 2, 2, 0, 0, 0, 0, 0, 0, 0, 0, 0, 2, 2, 3, 0, 2, 1, 2, 1, 4, 3, 6, 5, 3, 3, 2, 2, 4, 4, 877, 0, 0, 0, 0, 0, 0]",0,0.2427188724239201,-1,0
5352,"[1, 1, 0, 0, 1, 6, 0, 2, 0, 1, 0, 0, 1, 0, 2, 0, 0, 0, 0, 0, 0, 0, 0, 0, 2, 0, 0, 0, 0, 0, 0, 0, 1, 1, 0, 1, 1, 0, 2, 2, 0, 0, 1, 0, 0, 0, 0, 1, 0, 0, 2, 2, 2, 0, 0, 0, 0, 0, 0, 0, 0, 0, 2, 2, 3, 0, 2, 1, 2, 1, 4, 3, 6, 5, 3, 3, 2, 2, 4, 4, 877, 0, 0, 0, 0, 0, 0]",-1,-7.766179032444494e-06,-1,0
5353,"[1, 1, 0, 0, 1, 6, 0, 2, 0, 1, 0, 0, 1, 0, 2, 0, 0, 0, 0, 0, 0, 0, 0, 0, 2, 0, 0, 0, 0, 0, 0, 0, 1, 1, 0, 1, 1, 0, 2, 2, 0, 0, 1, 0, 0, 0, 0, 1, 0, 0, 2, 2, 2, 0, 0, 0, 0, 0, 0, 0, 0, 0, 2, 2, 3, 0, 2, 1, 2, 1, 4, 3, 6, 5, 3, 3, 2, 2, 4, 4, 877, 0, 0, 0, 0, 0, 0]",1,0.6096241150999637,-1,0
5354,"[1, 1, 0, 0, 1, 6, 0, 2, 0, 1, 0, 0, 1, 0, 2, 0, 0, 0, 0, 0, 0, 0, 0, 0, 2, 0, 0, 0, 0, 0, 0, 0, 1, 1, 0, 1, 1, 0, 2, 2, 0, 0, 1, 0, 0, 0, 0, 1, 0, 0, 2, 2, 2, 0, 0, 0, 0, 0, 0, 0, 0, 0, 2, 2, 3, 0, 2, 1, 2, 1, 4, 3, 6, 5, 3, 3, 2, 2, 4, 4, 877, 0, 0, 0, 0, 0, 0]",-1,-7.766179032444494e-06,-1,0
5355,"[1, 1, 0, 0, 1, 6, 0, 2, 0, 1, 0, 0, 1, 0, 2, 0, 0, 0, 0, 0, 0, 0, 0, 0, 2, 0, 0, 0, 0, 0, 0, 0, 1, 1, 0, 1, 1, 0, 2, 2, 0, 0, 1, 0, 0, 0, 0, 1, 0, 0, 2, 2, 2, 0, 0, 0, 0, 0, 0, 0, 0, 0, 2, 2, 3, 0, 2, 1, 2, 1, 4, 3, 6, 5, 3, 3, 2, 2, 4, 4, 877, 0, 0, 0, 0, 0, 0]",1,0.6096241150999637,-1,0
5356,"[1, 1, 0, 0, 1, 6, 0, 2, 0, 1, 0, 0, 1, 0, 2, 0, 0, 0, 0, 0, 0, 0, 0, 0, 2, 0, 0, 0, 0, 0, 0, 0, 1, 1, 0, 1, 1, 0, 2, 2, 0, 0, 1, 0, 0, 0, 0, 1, 0, 0, 2, 2, 2, 0, 0, 0, 0, 0, 0, 0, 0, 0, 2, 2, 3, 0, 2, 1, 2, 1, 4, 3, 6, 5, 3, 3, 2, 2, 4, 4, 877, 0, 0, 0, 0, 0, 0]",-1,-7.766179032444494e-06,-1,0
5357,"[1, 1, 0, 0, 1, 3, 0, 1, 0, 1, 0, 0, 1, 0, 2, 0, 0, 0, 0, 0, 0, 0, 0, 0, 2, 0, 0, 0, 0, 0, 0, 0, 1, 1, 0, 1, 1, 0, 2, 2, 0, 0, 1, 0, 0, 0, 0, 1, 0, 0, 2, 2, 2, 0, 0, 0, 0, 0, 0, 0, 0, 0, 2, 2, 3, 0, 2, 1, 2, 1, 4, 3, 6, 5, 3, 3, 2, 2, 4, 1, 878, 0, 0, 0, 0, 0, 0]",4,14.259478703652174,-1,0
5358,"[1, 1, 0, 0, 1, 3, 0, 1, 0, 1, 0, 0, 1, 0, 2, 0, 0, 0, 0, 0, 0, 0, 0, 0, 2, 0, 0, 0, 0, 0, 0, 0, 1, 1, 0, 1, 1, 0, 2, 2, 0, 0, 1, 0, 0, 0, 0, 1, 0, 0, 2, 2, 2, 0, 0, 0, 0, 0, 0, 0, 0, 0, 2, 2, 3, 0, 2, 1, 2, 1, 4, 3, 6, 5, 3, 3, 2, 2, 4, 1, 878, 0, 0, 0, 0, 0, 0]",-1,-7.688904259937948e-06,-1,1
5359,"[1, 1, 0, 0, 1, 3, 0, 1, 0, 1, 0, 0, 1, 0, 2, 0, 0, 0, 0, 0, 0, 0, 0, 0, 2, 0, 0, 0, 0, 0, 0, 0, 1, 1, 0, 1, 1, 0, 2, 2, 0, 0, 1, 0, 0, 0, 0, 1, 0, 0, 2, 2, 2, 0, 0, 0, 0, 0, 0, 0, 0, 0, 2, 2, 3, 0, 2, 1, 2, 1, 4, 3, 6, 5, 3, 3, 2, 2, 4, 1, 878, 0, 0, 0, 0, 0, 0]",-1,-7.688904259937948e-06,-1,1
5360,"[2, 1, 0, 0, 1, 4, 0, 1, 0, 1, 0, 0, 1, 0, 2, 0, 0, 0, 0, 0, 0, 0, 0, 0, 2, 0, 0, 0, 0, 0, 0, 0, 1, 1, 0, 1, 1, 0, 2, 2, 0, 0, 1, 0, 0, 0, 0, 1, 0, 0, 2, 2, 2, 0, 0, 0, 0, 0, 0, 0, 0, 0, 2, 2, 3, 0, 2, 1, 2, 1, 4, 3, 6, 5, 3, 3, 2, 2, 4, 1, 879, 0, 0, 0, 0, 0, 0]",4,12.54578360439813,-1,1
5361,"[2, 1, 0, 0, 1, 4, 0, 1, 0, 1, 0, 0, 1, 0, 2, 0, 0, 0, 0, 0, 0, 0, 0, 0, 2, 0, 0, 0, 0, 0, 0, 0, 1, 1, 0, 1, 1, 0, 2, 2, 0, 0, 1, 0, 0, 0, 0, 1, 0, 0, 2, 2, 2, 0, 0, 0, 0, 0, 0, 0, 0, 0, 2, 2, 3, 0, 2, 1, 2, 1, 4, 3, 6, 5, 3, 3, 2, 2, 4, 1, 879, 1, 0, 0, 0, 0, 0]",3,0.20000000000032034,-1,0
5362,"[0, 1, 0, 1, 1, 4, 0, 1, 0, 1, 0, 0, 1, 0, 2, 0, 0, 0, 0, 0, 0, 0, 0, 0, 2, 0, 0, 0, 0, 0, 0, 0, 1, 1, 0, 1, 1, 0, 2, 2, 0, 0, 1, 0, 0, 0, 0, 1, 0, 0, 2, 2, 2, 0, 0, 0, 0, 0, 0, 0, 0, 0, 2, 2, 3, 0, 2, 1, 2, 1, 4, 3, 6, 5, 3, 3, 2, 2, 4, 1, 879, 0, 0, 0, 0, 0, 0]","[[2 0 0 0]
 [0 0 0 1]]",-0.19854231808863862,-1,0
5363,"[0, 1, 0, 1, 1, 4, 0, 1, 0, 1, 0, 0, 1, 0, 2, 0, 0, 0, 0, 0, 0, 0, 0, 0, 2, 0, 0, 0, 0, 0, 0, 0, 1, 1, 0, 1, 1, 0, 2, 2, 0, 0, 1, 0, 0, 0, 0, 1, 0, 0, 2, 2, 2, 0, 0, 0, 0, 0, 0, 0, 0, 0, 2, 2, 3, 0, 2, 1, 2, 1, 4, 3, 6, 5, 3, 3, 2, 2, 4, 1, 880, 0, 0, 0, 0, 0, 0]",4,14.259478396090854,-1,0
5364,"[1, 1, 0, 1, 1, 5, 0, 1, 0, 1, 0, 0, 1, 0, 2, 0, 0, 0, 0, 0, 0, 0, 0, 0, 2, 0, 0, 0, 0, 0, 0, 0, 1, 1, 0, 1, 1, 0, 2, 2, 0, 0, 1, 0, 0, 0, 0, 1, 0, 0, 2, 2, 2, 0, 0, 0, 0, 0, 0, 0, 0, 0, 2, 2, 3, 0, 2, 1, 2, 1, 4, 3, 6, 5, 3, 3, 2, 2, 4, 1, 881, 0, 0, 0, 0, 0, 0]",4,12.436638334700735,-1,1
5365,"[1, 1, 0, 1, 1, 5, 0, 1, 0, 1, 0, 0, 1, 0, 2, 0, 0, 0, 0, 0, 0, 0, 0, 0, 2, 0, 0, 0, 0, 0, 0, 0, 1, 1, 0, 1, 1, 0, 2, 2, 0, 0, 1, 0, 0, 0, 0, 1, 0, 0, 2, 2, 2, 0, 0, 0, 0, 0, 0, 0, 0, 0, 2, 2, 3, 0, 2, 1, 2, 1, 4, 3, 6, 5, 3, 3, 2, 2, 4, 1, 881, 0, 0, 0, 0, 0, 0]",1,0.6096241150999124,-1,0
5366,"[1, 1, 0, 1, 1, 5, 0, 1, 0, 1, 0, 0, 1, 0, 2, 0, 0, 0, 0, 0, 0, 0, 0, 0, 2, 0, 0, 0, 0, 0, 0, 0, 1, 1, 0, 1, 1, 0, 2, 2, 0, 0, 1, 0, 0, 0, 0, 1, 0, 0, 2, 2, 2, 0, 0, 0, 0, 0, 0, 0, 0, 0, 2, 2, 3, 0, 2, 1, 2, 1, 4, 3, 6, 5, 3, 3, 2, 2, 4, 1, 881, 0, 0, 0, 0, 0, 0]",-1,-7.461662796938869e-06,-1,0
5367,"[1, 1, 0, 1, 3, 5, 0, 1, 0, 1, 0, 0, 1, 0, 2, 0, 0, 0, 0, 0, 0, 0, 0, 0, 2, 0, 0, 0, 0, 0, 0, 0, 1, 1, 0, 1, 1, 0, 2, 2, 0, 0, 1, 0, 0, 0, 0, 1, 0, 0, 2, 2, 2, 0, 0, 0, 0, 0, 0, 0, 0, 0, 2, 2, 3, 0, 2, 1, 2, 1, 4, 3, 6, 5, 3, 3, 2, 2, 4, 1, 882, 0, 0, 0, 0, 0, 0]",4,14.533408207336004,-1,0
5368,"[1, 1, 0, 1, 3, 5, 0, 1, 0, 1, 0, 0, 1, 0, 2, 0, 0, 0, 0, 0, 0, 0, 0, 0, 2, 0, 0, 0, 0, 0, 0, 0, 1, 1, 0, 1, 1, 0, 2, 2, 0, 0, 1, 0, 0, 0, 0, 1, 0, 0, 2, 2, 2, 0, 0, 0, 0, 0, 0, 0, 0, 0, 2, 2, 3, 0, 2, 1, 2, 1, 4, 3, 6, 5, 3, 3, 2, 2, 4, 1, 882, 0, 1, 0, 0, 0, 0]",2,0.400000000000284,-1,1
5369,"[1, 1, 0, 1, 3, 5, 0, 1, 0, 1, 0, 0, 1, 0, 2, 0, 0, 0, 0, 0, 0, 0, 0, 0, 2, 0, 0, 0, 0, 0, 0, 0, 1, 1, 0, 1, 1, 0, 2, 2, 0, 0, 1, 0, 0, 0, 0, 1, 0, 0, 2, 2, 2, 0, 0, 0, 0, 0, 0, 0, 0, 0, 2, 2, 3, 0, 2, 1, 2, 1, 4, 3, 6, 5, 3, 3, 2, 2, 4, 1, 882, 0, 1, 0, 0, 1, 0]","[[1 2 0 0]
 [1 1 0 1]]",0.6504248650583749,-1,1
5370,"[1, 1, 0, 1, 3, 5, 0, 1, 0, 1, 0, 0, 1, 0, 2, 0, 0, 0, 0, 0, 0, 0, 0, 0, 2, 0, 0, 0, 0, 0, 0, 0, 1, 1, 0, 1, 1, 0, 2, 2, 0, 0, 1, 0, 0, 0, 0, 1, 0, 0, 2, 2, 2, 0, 0, 0, 0, 0, 0, 0, 0, 0, 2, 2, 3, 0, 2, 1, 2, 1, 4, 3, 6, 5, 3, 3, 2, 2, 4, 1, 882, 0, 0, 0, 0, 0, 0]",1,-0.19999999999971593,-1,0
5371,"[1, 1, 0, 1, 3, 5, 0, 1, 0, 1, 0, 0, 1, 0, 2, 0, 0, 0, 0, 0, 0, 0, 0, 0, 2, 0, 0, 0, 0, 0, 0, 0, 1, 1, 0, 1, 1, 0, 2, 2, 0, 0, 1, 0, 0, 0, 0, 1, 0, 0, 2, 2, 2, 0, 0, 0, 0, 0, 0, 0, 0, 0, 2, 2, 3, 0, 2, 1, 2, 1, 4, 3, 6, 5, 3, 3, 2, 2, 4, 1, 882, 0, 0, 0, 0, 0, 0]",0,0.29497474683086733,-1,1
5372,"[1, 1, 0, 1, 3, 5, 0, 1, 0, 1, 0, 0, 1, 0, 2, 0, 0, 0, 0, 0, 0, 0, 0, 0, 2, 0, 0, 0, 0, 0, 0, 0, 1, 1, 0, 1, 1, 0, 2, 2, 0, 0, 1, 0, 0, 0, 0, 1, 0, 0, 2, 2, 2, 0, 0, 0, 0, 0, 0, 0, 0, 0, 2, 2, 3, 0, 2, 1, 2, 1, 4, 3, 6, 5, 3, 3, 2, 2, 4, 1, 882, 0, 0, 0, 0, 0, 0]",-1,-7.387418011601682e-06,-1,1
5373,"[1, 1, 0, 1, 5, 5, 0, 1, 0, 1, 0, 0, 1, 0, 2, 0, 0, 0, 0, 0, 0, 0, 0, 0, 2, 0, 0, 0, 0, 0, 0, 0, 1, 1, 0, 1, 1, 0, 2, 2, 0, 0, 1, 0, 0, 0, 0, 1, 0, 0, 2, 2, 2, 0, 0, 0, 0, 0, 0, 0, 0, 0, 2, 2, 3, 0, 2, 1, 2, 1, 4, 3, 6, 5, 3, 3, 2, 2, 4, 1, 883, 0, 0, 0, 0, 0, 0]",4,12.54237724862864,-1,1
5374,"[1, 1, 0, 1, 5, 5, 0, 1, 0, 1, 0, 0, 1, 0, 2, 0, 0, 0, 0, 0, 0, 0, 0, 0, 2, 0, 0, 0, 0, 0, 0, 0, 1, 1, 0, 1, 1, 0, 2, 2, 0, 0, 1, 0, 0, 0, 0, 1, 0, 0, 2, 2, 2, 0, 0, 0, 0, 0, 0, 0, 0, 0, 2, 2, 3, 0, 2, 1, 2, 1, 4, 3, 6, 5, 3, 3, 2, 2, 4, 1, 883, 0, 1, 0, 0, 0, 0]",2,0.4000000000002729,-1,0
5375,"[1, 1, 0, 1, 5, 5, 0, 1, 0, 1, 0, 0, 1, 0, 2, 0, 0, 0, 0, 0, 0, 0, 0, 0, 2, 0, 0, 0, 0, 0, 0, 0, 1, 1, 0, 1, 1, 0, 2, 2, 0, 0, 1, 0, 0, 0, 0, 1, 0, 0, 2, 2, 2, 0, 0, 0, 0, 0, 0, 0, 0, 0, 2, 2, 3, 0, 2, 1, 2, 1, 4, 3, 6, 5, 3, 3, 2, 2, 4, 1, 883, 0, 0, 0, 0, 0, 0]",-1,-7.3139119742218566e-06,-1,0
5376,"[1, 1, 0, 1, 5, 5, 0, 1, 0, 1, 0, 0, 1, 0, 2, 0, 0, 0, 0, 0, 0, 0, 0, 0, 2, 0, 0, 0, 0, 0, 0, 0, 1, 1, 0, 1, 1, 0, 2, 2, 0, 0, 1, 0, 0, 0, 0, 1, 0, 0, 2, 2, 2, 0, 0, 0, 0, 0, 0, 0, 0, 0, 2, 2, 3, 0, 2, 1, 2, 1, 4, 3, 6, 5, 3, 3, 2, 2, 4, 1, 883, 0, 0, 0, 0, 0, 0]",1,0.6096241150998897,-1,0
5377,"[1, 1, 0, 1, 5, 5, 0, 1, 0, 1, 0, 0, 1, 0, 2, 0, 0, 0, 0, 0, 0, 0, 0, 0, 2, 0, 0, 0, 0, 0, 0, 0, 1, 1, 0, 1, 1, 0, 2, 2, 0, 0, 1, 0, 0, 0, 0, 1, 0, 0, 2, 2, 2, 0, 0, 0, 0, 0, 0, 0, 0, 0, 2, 2, 3, 0, 2, 1, 2, 1, 4, 3, 6, 5, 3, 3, 2, 2, 4, 1, 883, 0, 0, 0, 0, 0, 0]",-1,-7.3139119742218566e-06,-1,0
5378,"[1, 1, 0, 1, 5, 5, 0, 1, 0, 1, 0, 0, 1, 0, 2, 0, 0, 0, 0, 0, 0, 0, 0, 0, 2, 0, 0, 0, 0, 0, 0, 0, 1, 1, 0, 1, 1, 0, 2, 2, 0, 0, 1, 0, 0, 0, 0, 1, 0, 0, 2, 2, 2, 0, 0, 0, 0, 0, 0, 0, 0, 0, 2, 2, 3, 0, 2, 1, 2, 1, 4, 3, 6, 5, 3, 3, 2, 2, 4, 1, 883, 0, 1, 0, 0, 0, 0]",2,0.4000000000002729,-1,0
5379,"[1, 1, 0, 1, 5, 5, 0, 1, 0, 1, 0, 0, 1, 0, 2, 0, 0, 0, 0, 0, 0, 0, 0, 0, 2, 0, 0, 0, 0, 0, 0, 0, 1, 1, 0, 1, 1, 0, 2, 2, 0, 0, 1, 0, 0, 0, 0, 1, 0, 0, 2, 2, 2, 0, 0, 0, 0, 0, 0, 0, 0, 0, 2, 2, 3, 0, 2, 1, 2, 1, 4, 3, 6, 5, 3, 3, 2, 2, 4, 1, 883, 0, 0, 0, 0, 0, 0]",-1,-7.3139119742218566e-06,-1,0
5380,"[1, 1, 0, 1, 5, 5, 0, 1, 0, 1, 0, 0, 1, 0, 2, 0, 0, 0, 0, 0, 0, 0, 0, 0, 2, 0, 0, 0, 0, 0, 0, 0, 1, 1, 0, 1, 1, 0, 2, 2, 0, 0, 1, 0, 0, 0, 0, 1, 0, 0, 2, 2, 2, 0, 0, 0, 0, 0, 0, 0, 0, 0, 2, 2, 3, 0, 2, 1, 2, 1, 4, 3, 6, 5, 3, 3, 2, 2, 4, 1, 883, 0, 0, 0, 0, 0, 0]",1,0.6096241150998897,-1,0
5381,"[1, 1, 0, 1, 5, 5, 0, 1, 0, 1, 0, 0, 1, 0, 2, 0, 0, 0, 0, 0, 0, 0, 0, 0, 2, 0, 0, 0, 0, 0, 0, 0, 1, 1, 0, 1, 1, 0, 2, 2, 0, 0, 1, 0, 0, 0, 0, 1, 0, 0, 2, 2, 2, 0, 0, 0, 0, 0, 0, 0, 0, 0, 2, 2, 3, 0, 2, 1, 2, 1, 4, 3, 6, 5, 3, 3, 2, 2, 4, 1, 883, 0, 0, 0, 0, 0, 0]",-1,-7.3139119742218566e-06,-1,0
5382,"[1, 1, 0, 1, 5, 5, 0, 1, 0, 1, 0, 0, 1, 0, 2, 0, 0, 0, 0, 0, 0, 0, 0, 0, 2, 0, 0, 0, 0, 0, 0, 0, 1, 1, 0, 1, 1, 0, 2, 2, 0, 0, 1, 0, 0, 0, 0, 1, 0, 0, 2, 2, 2, 0, 0, 0, 0, 0, 0, 0, 0, 0, 2, 2, 3, 0, 2, 1, 2, 1, 4, 3, 6, 5, 3, 3, 2, 2, 4, 1, 883, 0, 0, 0, 0, 0, 0]",1,0.6096241150998897,-1,0
5383,"[1, 1, 0, 1, 5, 5, 0, 1, 0, 1, 0, 0, 1, 0, 2, 0, 0, 0, 0, 0, 0, 0, 0, 0, 2, 0, 0, 0, 0, 0, 0, 0, 1, 1, 0, 1, 1, 0, 2, 2, 0, 0, 1, 0, 0, 0, 0, 1, 0, 0, 2, 2, 2, 0, 0, 0, 0, 0, 0, 0, 0, 0, 2, 2, 3, 0, 2, 1, 2, 1, 4, 3, 6, 5, 3, 3, 2, 2, 4, 1, 883, 0, 0, 0, 0, 0, 0]",-1,-7.3139119742218566e-06,-1,0
5384,"[1, 1, 0, 1, 5, 5, 0, 1, 0, 1, 0, 0, 1, 0, 2, 0, 0, 0, 0, 0, 0, 0, 0, 0, 2, 0, 0, 0, 0, 0, 0, 0, 1, 1, 0, 1, 1, 0, 2, 2, 0, 0, 1, 0, 0, 0, 0, 1, 0, 0, 2, 2, 2, 0, 0, 0, 0, 0, 0, 0, 0, 0, 2, 2, 3, 0, 2, 1, 2, 1, 4, 3, 6, 5, 3, 3, 2, 2, 4, 1, 883, 0, 1, 0, 0, 0, 0]",2,0.4000000000002729,-1,0
5385,"[1, 1, 0, 1, 5, 5, 0, 1, 0, 1, 0, 0, 1, 0, 2, 0, 0, 0, 0, 0, 0, 0, 0, 0, 2, 0, 0, 0, 0, 0, 0, 0, 1, 1, 0, 1, 1, 0, 2, 2, 0, 0, 1, 0, 0, 0, 0, 1, 0, 0, 2, 2, 2, 0, 0, 0, 0, 0, 0, 0, 0, 0, 2, 2, 3, 0, 2, 1, 2, 1, 4, 3, 6, 5, 3, 3, 2, 2, 4, 1, 883, 0, 0, 0, 0, 0, 0]",-1,-7.3139119742218566e-06,-1,0
5386,"[1, 1, 0, 1, 5, 5, 0, 1, 0, 1, 0, 0, 1, 0, 2, 0, 0, 0, 0, 0, 0, 0, 0, 0, 2, 0, 0, 0, 0, 0, 0, 0, 1, 1, 0, 1, 1, 0, 2, 2, 0, 0, 1, 0, 0, 0, 0, 1, 0, 0, 2, 2, 2, 0, 0, 0, 0, 0, 0, 0, 0, 0, 2, 2, 3, 0, 2, 1, 2, 1, 4, 3, 6, 5, 3, 3, 2, 2, 4, 1, 883, 0, 1, 0, 0, 0, 0]",2,0.4000000000002729,-1,0
5387,"[1, 1, 0, 1, 5, 5, 0, 1, 0, 1, 0, 0, 1, 0, 2, 0, 0, 0, 0, 0, 0, 0, 0, 0, 2, 0, 0, 0, 0, 0, 0, 0, 1, 1, 0, 1, 1, 0, 2, 2, 0, 0, 1, 0, 0, 0, 0, 1, 0, 0, 2, 2, 2, 0, 0, 0, 0, 0, 0, 0, 0, 0, 2, 2, 3, 0, 2, 1, 2, 1, 4, 3, 6, 5, 3, 3, 2, 2, 4, 1, 883, 0, 0, 0, 0, 0, 0]",-1,-7.3139119742218566e-06,-1,0
5388,"[1, 1, 0, 1, 5, 5, 0, 1, 0, 1, 0, 0, 1, 0, 2, 0, 0, 0, 0, 0, 0, 0, 0, 0, 2, 0, 0, 0, 0, 0, 0, 0, 1, 1, 0, 1, 1, 0, 2, 2, 0, 0, 1, 0, 0, 0, 0, 1, 0, 0, 2, 2, 2, 0, 0, 0, 0, 0, 0, 0, 0, 0, 2, 2, 3, 0, 2, 1, 2, 1, 4, 3, 6, 5, 3, 3, 2, 2, 4, 1, 883, 0, 0, 0, 0, 0, 0]",1,0.6096241150998897,-1,0
5389,"[1, 1, 0, 1, 5, 5, 0, 1, 0, 1, 0, 0, 1, 0, 2, 0, 0, 0, 0, 0, 0, 0, 0, 0, 2, 0, 0, 0, 0, 0, 0, 0, 1, 1, 0, 1, 1, 0, 2, 2, 0, 0, 1, 0, 0, 0, 0, 1, 0, 0, 2, 2, 2, 0, 0, 0, 0, 0, 0, 0, 0, 0, 2, 2, 3, 0, 2, 1, 2, 1, 4, 3, 6, 5, 3, 3, 2, 2, 4, 1, 883, 0, 0, 0, 0, 0, 0]",-1,-7.3139119742218566e-06,-1,0
5390,"[1, 1, 0, 1, 5, 5, 0, 1, 0, 1, 0, 0, 1, 0, 2, 0, 0, 0, 0, 0, 0, 0, 0, 0, 2, 0, 0, 0, 0, 0, 0, 0, 1, 1, 0, 1, 1, 0, 2, 2, 0, 0, 1, 0, 0, 0, 0, 1, 0, 0, 2, 2, 2, 0, 0, 0, 0, 0, 0, 0, 0, 0, 2, 2, 3, 0, 2, 1, 2, 1, 4, 3, 6, 5, 3, 3, 2, 2, 4, 1, 883, 0, 1, 0, 0, 0, 0]",2,0.4000000000002729,-1,0
5391,"[1, 1, 0, 1, 5, 5, 0, 1, 0, 1, 0, 0, 1, 0, 2, 0, 0, 0, 0, 0, 0, 0, 0, 0, 2, 0, 0, 0, 0, 0, 0, 0, 1, 1, 0, 1, 1, 0, 2, 2, 0, 0, 1, 0, 0, 0, 0, 1, 0, 0, 2, 2, 2, 0, 0, 0, 0, 0, 0, 0, 0, 0, 2, 2, 3, 0, 2, 1, 2, 1, 4, 3, 6, 5, 3, 3, 2, 2, 4, 1, 883, 0, 0, 0, 0, 0, 0]",-1,-7.3139119742218566e-06,-1,0
5392,"[1, 1, 0, 1, 5, 5, 0, 1, 0, 1, 0, 0, 1, 0, 2, 0, 0, 0, 0, 0, 0, 0, 0, 0, 2, 0, 0, 0, 0, 0, 0, 0, 1, 1, 0, 1, 1, 0, 2, 2, 0, 0, 1, 0, 0, 0, 0, 1, 0, 0, 2, 2, 2, 0, 0, 0, 0, 0, 0, 0, 0, 0, 2, 2, 3, 0, 2, 1, 2, 1, 4, 3, 6, 5, 3, 3, 2, 2, 4, 1, 883, 0, 1, 0, 0, 0, 0]",2,0.4000000000002729,-1,0
5393,"[1, 1, 0, 1, 5, 5, 0, 1, 0, 1, 0, 0, 1, 0, 2, 0, 0, 0, 0, 0, 0, 0, 0, 0, 2, 0, 0, 0, 0, 0, 0, 0, 1, 1, 0, 1, 1, 0, 2, 2, 0, 0, 1, 0, 0, 0, 0, 1, 0, 0, 2, 2, 2, 0, 0, 0, 0, 0, 0, 0, 0, 0, 2, 2, 3, 0, 2, 1, 2, 1, 4, 3, 6, 5, 3, 3, 2, 2, 4, 1, 883, 0, 0, 0, 0, 0, 0]",-1,-7.3139119742218566e-06,-1,0
5394,"[1, 1, 0, 1, 5, 5, 0, 1, 0, 1, 0, 0, 1, 0, 2, 0, 0, 0, 0, 0, 0, 0, 0, 0, 2, 0, 0, 0, 0, 0, 0, 0, 1, 1, 0, 1, 1, 0, 2, 2, 0, 0, 1, 0, 0, 0, 0, 1, 0, 0, 2, 2, 2, 0, 0, 0, 0, 0, 0, 0, 0, 0, 2, 2, 3, 0, 2, 1, 2, 1, 4, 3, 6, 5, 3, 3, 2, 2, 4, 1, 883, 0, 0, 0, 0, 0, 0]",1,0.6096241150998897,-1,0
5395,"[1, 1, 0, 1, 5, 5, 0, 1, 0, 1, 0, 0, 1, 0, 2, 0, 0, 0, 0, 0, 0, 0, 0, 0, 2, 0, 0, 0, 0, 0, 0, 0, 1, 1, 0, 1, 1, 0, 2, 2, 0, 0, 1, 0, 0, 0, 0, 1, 0, 0, 2, 2, 2, 0, 0, 0, 0, 0, 0, 0, 0, 0, 2, 2, 3, 0, 2, 1, 2, 1, 4, 3, 6, 5, 3, 3, 2, 2, 4, 1, 883, 0, 0, 0, 0, 0, 0]",-1,-7.3139119742218566e-06,-1,0
5396,"[1, 1, 0, 1, 5, 5, 0, 1, 0, 1, 0, 0, 1, 0, 2, 0, 0, 0, 0, 0, 0, 0, 0, 0, 2, 0, 0, 0, 0, 0, 0, 0, 1, 1, 0, 1, 1, 0, 2, 2, 0, 0, 1, 0, 0, 0, 0, 1, 0, 0, 2, 2, 2, 0, 0, 0, 0, 0, 0, 0, 0, 0, 2, 2, 3, 0, 2, 1, 2, 1, 4, 3, 6, 5, 3, 3, 2, 2, 4, 1, 883, 0, 0, 0, 0, 0, 0]",1,0.6096241150998897,-1,0
5397,"[1, 1, 0, 1, 5, 5, 0, 1, 0, 1, 0, 0, 1, 0, 2, 0, 0, 0, 0, 0, 0, 0, 0, 0, 2, 0, 0, 0, 0, 0, 0, 0, 1, 1, 0, 1, 1, 0, 2, 2, 0, 0, 1, 0, 0, 0, 0, 1, 0, 0, 2, 2, 2, 0, 0, 0, 0, 0, 0, 0, 0, 0, 2, 2, 3, 0, 2, 1, 2, 1, 4, 3, 6, 5, 3, 3, 2, 2, 4, 1, 883, 0, 0, 0, 0, 0, 0]",-1,-7.3139119742218566e-06,-1,0
5398,"[1, 1, 0, 1, 5, 5, 0, 1, 0, 1, 0, 0, 1, 0, 2, 0, 0, 0, 0, 0, 0, 0, 0, 0, 2, 0, 0, 0, 0, 0, 0, 0, 1, 1, 0, 1, 1, 0, 2, 2, 0, 0, 1, 0, 0, 0, 0, 1, 0, 0, 2, 2, 2, 0, 0, 0, 0, 0, 0, 0, 0, 0, 2, 2, 3, 0, 2, 1, 2, 1, 4, 3, 6, 5, 3, 3, 2, 2, 4, 1, 883, 1, 0, 0, 0, 0, 0]",3,0.200000000000273,-1,0
5399,"[1, 1, 0, 1, 5, 5, 0, 1, 0, 1, 0, 0, 1, 0, 2, 0, 0, 0, 0, 0, 0, 0, 0, 0, 2, 0, 0, 0, 0, 0, 0, 0, 1, 1, 0, 1, 1, 0, 2, 2, 0, 0, 1, 0, 0, 0, 0, 1, 0, 0, 2, 2, 2, 0, 0, 0, 0, 0, 0, 0, 0, 0, 2, 2, 3, 0, 2, 1, 2, 1, 4, 3, 6, 5, 3, 3, 2, 2, 4, 1, 883, 0, 0, 0, 0, 0, 0]",-1,-7.3139119742218566e-06,-1,0
5400,"[1, 1, 0, 1, 5, 5, 0, 1, 0, 1, 0, 0, 1, 0, 2, 0, 0, 0, 0, 0, 0, 0, 0, 0, 2, 0, 0, 0, 0, 0, 0, 0, 1, 1, 0, 1, 1, 0, 2, 2, 0, 0, 1, 0, 0, 0, 0, 1, 0, 0, 2, 2, 2, 0, 0, 0, 0, 0, 0, 0, 0, 0, 2, 2, 3, 0, 2, 1, 2, 1, 4, 3, 6, 5, 3, 3, 2, 2, 4, 1, 883, 0, 1, 0, 0, 0, 0]",2,0.4000000000002729,-1,0
5401,"[1, 1, 0, 1, 5, 5, 0, 1, 0, 1, 0, 0, 1, 0, 2, 0, 0, 0, 0, 0, 0, 0, 0, 0, 2, 0, 0, 0, 0, 0, 0, 0, 1, 1, 0, 1, 1, 0, 2, 2, 0, 0, 1, 0, 0, 0, 0, 1, 0, 0, 2, 2, 2, 0, 0, 0, 0, 0, 0, 0, 0, 0, 2, 2, 3, 0, 2, 1, 2, 1, 4, 3, 6, 5, 3, 3, 2, 2, 4, 1, 883, 0, 0, 0, 0, 0, 0]",-1,-7.3139119742218566e-06,-1,0
5402,"[1, 1, 0, 1, 5, 5, 0, 1, 0, 1, 0, 0, 1, 0, 2, 0, 0, 0, 0, 0, 0, 0, 0, 0, 2, 0, 0, 0, 0, 0, 0, 0, 1, 1, 0, 1, 1, 0, 2, 2, 0, 0, 1, 0, 0, 0, 0, 1, 0, 0, 2, 2, 2, 0, 0, 0, 0, 0, 0, 0, 0, 0, 2, 2, 3, 0, 2, 1, 2, 1, 4, 3, 6, 5, 3, 3, 2, 2, 4, 1, 883, 1, 0, 0, 0, 0, 0]",3,0.200000000000273,-1,0
5403,"[1, 1, 0, 1, 5, 5, 0, 1, 0, 1, 0, 0, 1, 0, 2, 0, 0, 0, 0, 0, 0, 0, 0, 0, 2, 0, 0, 0, 0, 0, 0, 0, 1, 1, 0, 1, 1, 0, 2, 2, 0, 0, 1, 0, 0, 0, 0, 1, 0, 0, 2, 2, 2, 0, 0, 0, 0, 0, 0, 0, 0, 0, 2, 2, 3, 0, 2, 1, 2, 1, 4, 3, 6, 5, 3, 3, 2, 2, 4, 1, 883, 0, 0, 0, 0, 0, 0]",-1,-7.3139119742218566e-06,-1,0
5404,"[1, 1, 0, 1, 5, 5, 0, 1, 0, 1, 0, 0, 1, 0, 2, 0, 0, 0, 0, 0, 0, 0, 0, 0, 2, 0, 0, 0, 0, 0, 0, 0, 1, 1, 0, 1, 1, 0, 2, 2, 0, 0, 1, 0, 0, 0, 0, 1, 0, 0, 2, 2, 2, 0, 0, 0, 0, 0, 0, 0, 0, 0, 2, 2, 3, 0, 2, 1, 2, 1, 4, 3, 6, 5, 3, 3, 2, 2, 4, 1, 883, 0, 0, 0, 0, 0, 0]",1,0.6096241150998897,-1,0
5405,"[1, 1, 0, 1, 5, 5, 0, 1, 0, 1, 0, 0, 1, 0, 2, 0, 0, 0, 0, 0, 0, 0, 0, 0, 2, 0, 0, 0, 0, 0, 0, 0, 1, 1, 0, 1, 1, 0, 2, 2, 0, 0, 1, 0, 0, 0, 0, 1, 0, 0, 2, 2, 2, 0, 0, 0, 0, 0, 0, 0, 0, 0, 2, 2, 3, 0, 2, 1, 2, 1, 4, 3, 6, 5, 3, 3, 2, 2, 4, 1, 883, 0, 0, 0, 0, 0, 0]",-1,-7.3139119742218566e-06,-1,0
5406,"[1, 1, 0, 1, 5, 5, 0, 1, 0, 1, 0, 0, 1, 0, 2, 0, 0, 0, 0, 0, 0, 0, 0, 0, 2, 0, 0, 0, 0, 0, 0, 0, 1, 1, 0, 1, 1, 0, 2, 2, 0, 0, 1, 0, 0, 0, 0, 1, 0, 0, 2, 2, 2, 0, 0, 0, 0, 0, 0, 0, 0, 0, 2, 2, 3, 0, 2, 1, 2, 1, 4, 3, 6, 5, 3, 3, 2, 2, 4, 1, 883, 0, 0, 0, 0, 0, 0]",1,0.6096241150998897,-1,0
5407,"[1, 1, 0, 1, 5, 5, 0, 1, 0, 1, 0, 0, 1, 0, 2, 0, 0, 0, 0, 0, 0, 0, 0, 0, 2, 0, 0, 0, 0, 0, 0, 0, 1, 1, 0, 1, 1, 0, 2, 2, 0, 0, 1, 0, 0, 0, 0, 1, 0, 0, 2, 2, 2, 0, 0, 0, 0, 0, 0, 0, 0, 0, 2, 2, 3, 0, 2, 1, 2, 1, 4, 3, 6, 5, 3, 3, 2, 2, 4, 1, 883, 0, 0, 0, 0, 0, 0]",-1,-7.3139119742218566e-06,-1,0
5408,"[1, 1, 0, 1, 5, 5, 0, 1, 0, 1, 0, 0, 1, 0, 2, 0, 0, 0, 0, 0, 0, 0, 0, 0, 2, 0, 0, 0, 0, 0, 0, 0, 1, 1, 0, 1, 1, 0, 2, 2, 0, 0, 1, 0, 0, 0, 0, 1, 0, 0, 2, 2, 2, 0, 0, 0, 0, 0, 0, 0, 0, 0, 2, 2, 3, 0, 2, 1, 2, 1, 4, 3, 6, 5, 3, 3, 2, 2, 4, 1, 883, 1, 0, 0, 0, 0, 0]",3,0.200000000000273,-1,0
5409,"[1, 1, 0, 1, 5, 5, 0, 1, 0, 1, 0, 0, 1, 0, 2, 0, 0, 0, 0, 0, 0, 0, 0, 0, 2, 0, 0, 0, 0, 0, 0, 0, 1, 1, 0, 1, 1, 0, 2, 2, 0, 0, 1, 0, 0, 0, 0, 1, 0, 0, 2, 2, 2, 0, 0, 0, 0, 0, 0, 0, 0, 0, 2, 2, 3, 0, 2, 1, 2, 1, 4, 3, 6, 5, 3, 3, 2, 2, 4, 1, 883, 0, 0, 0, 0, 0, 0]",-1,-7.3139119742218566e-06,-1,0
5410,"[1, 1, 0, 1, 5, 5, 0, 1, 0, 1, 0, 0, 1, 0, 2, 0, 0, 0, 0, 0, 0, 0, 0, 0, 2, 0, 0, 0, 0, 0, 0, 0, 1, 1, 0, 1, 1, 0, 2, 2, 0, 0, 1, 0, 0, 0, 0, 1, 0, 0, 2, 2, 2, 0, 0, 0, 0, 0, 0, 0, 0, 0, 2, 2, 3, 0, 2, 1, 2, 1, 4, 3, 6, 5, 3, 3, 2, 2, 4, 1, 883, 0, 0, 0, 0, 0, 0]",1,0.6096241150998897,-1,0
5411,"[1, 1, 0, 1, 5, 5, 0, 1, 0, 1, 0, 0, 1, 0, 2, 0, 0, 0, 0, 0, 0, 0, 0, 0, 2, 0, 0, 0, 0, 0, 0, 0, 1, 1, 0, 1, 1, 0, 2, 2, 0, 0, 1, 0, 0, 0, 0, 1, 0, 0, 2, 2, 2, 0, 0, 0, 0, 0, 0, 0, 0, 0, 2, 2, 3, 0, 2, 1, 2, 1, 4, 3, 6, 5, 3, 3, 2, 2, 4, 1, 883, 0, 0, 0, 0, 0, 0]",-1,-7.3139119742218566e-06,-1,0
5412,"[1, 1, 0, 1, 5, 5, 0, 1, 0, 1, 0, 0, 1, 0, 2, 0, 0, 0, 0, 0, 0, 0, 0, 0, 2, 0, 0, 0, 0, 0, 0, 0, 1, 1, 0, 1, 1, 0, 2, 2, 0, 0, 1, 0, 0, 0, 0, 1, 0, 0, 2, 2, 2, 0, 0, 0, 0, 0, 0, 0, 0, 0, 2, 2, 3, 0, 2, 1, 2, 1, 4, 3, 6, 5, 3, 3, 2, 2, 4, 1, 883, 0, 0, 0, 0, 0, 0]",1,0.6096241150998897,-1,0
5413,"[1, 1, 0, 1, 5, 5, 0, 1, 0, 1, 0, 0, 1, 0, 2, 0, 0, 0, 0, 0, 0, 0, 0, 0, 2, 0, 0, 0, 0, 0, 0, 0, 1, 1, 0, 1, 1, 0, 2, 2, 0, 0, 1, 0, 0, 0, 0, 1, 0, 0, 2, 2, 2, 0, 0, 0, 0, 0, 0, 0, 0, 0, 2, 2, 3, 0, 2, 1, 2, 1, 4, 3, 6, 5, 3, 3, 2, 2, 4, 1, 883, 0, 0, 0, 0, 0, 0]",-1,-7.3139119742218566e-06,-1,0
5414,"[1, 1, 0, 1, 5, 5, 0, 1, 0, 1, 0, 0, 1, 0, 2, 0, 0, 0, 0, 0, 0, 0, 0, 0, 2, 0, 0, 0, 0, 0, 0, 0, 1, 1, 0, 1, 1, 0, 2, 2, 0, 0, 1, 0, 0, 0, 0, 1, 0, 0, 2, 2, 2, 0, 0, 0, 0, 0, 0, 0, 0, 0, 2, 2, 3, 0, 2, 1, 2, 1, 4, 3, 6, 5, 3, 3, 2, 2, 4, 1, 883, 0, 0, 0, 0, 0, 0]",1,0.6096241150998897,-1,0
5415,"[1, 1, 0, 1, 5, 5, 0, 1, 0, 1, 0, 0, 1, 0, 2, 0, 0, 0, 0, 0, 0, 0, 0, 0, 2, 0, 0, 0, 0, 0, 0, 0, 1, 1, 0, 1, 1, 0, 2, 2, 0, 0, 1, 0, 0, 0, 0, 1, 0, 0, 2, 2, 2, 0, 0, 0, 0, 0, 0, 0, 0, 0, 2, 2, 3, 0, 2, 1, 2, 1, 4, 3, 6, 5, 3, 3, 2, 2, 4, 1, 883, 0, 0, 0, 0, 0, 0]",-1,-7.3139119742218566e-06,-1,0
5416,"[1, 1, 0, 1, 5, 5, 0, 2, 0, 1, 0, 0, 1, 0, 2, 0, 0, 0, 0, 0, 0, 0, 0, 0, 2, 0, 0, 0, 0, 0, 0, 0, 1, 1, 0, 1, 1, 0, 2, 2, 0, 0, 1, 0, 0, 0, 0, 1, 0, 0, 2, 2, 2, 0, 0, 0, 0, 0, 0, 0, 0, 0, 2, 2, 3, 0, 2, 1, 2, 1, 4, 3, 6, 5, 3, 3, 2, 2, 4, 1, 884, 0, 0, 0, 0, 0, 0]",4,14.533407911834335,-1,0
5417,"[1, 1, 0, 1, 5, 5, 0, 2, 0, 1, 0, 0, 1, 0, 2, 0, 0, 0, 0, 0, 0, 0, 0, 0, 2, 0, 0, 0, 0, 0, 0, 0, 1, 1, 0, 1, 1, 0, 2, 2, 0, 0, 1, 0, 0, 0, 0, 1, 0, 0, 2, 2, 2, 0, 0, 0, 0, 0, 0, 0, 0, 0, 2, 2, 3, 0, 2, 1, 2, 1, 4, 3, 6, 5, 3, 3, 2, 2, 4, 1, 884, 0, 0, 0, 0, 0, 0]",-1,-7.2411373341344005e-06,-1,1
5418,"[1, 1, 0, 1, 5, 5, 0, 2, 0, 1, 0, 0, 1, 0, 2, 0, 0, 0, 0, 0, 0, 0, 0, 0, 2, 0, 0, 0, 0, 0, 0, 0, 1, 1, 0, 1, 1, 0, 2, 2, 0, 0, 1, 0, 0, 0, 0, 1, 0, 0, 2, 2, 2, 0, 0, 0, 0, 0, 0, 0, 0, 0, 2, 2, 3, 0, 2, 1, 2, 1, 4, 3, 6, 5, 3, 3, 2, 2, 4, 1, 884, 0, 0, 0, 0, 0, 0]",-1,-7.2411373341344005e-06,-1,1
5419,"[1, 1, 0, 1, 7, 5, 0, 2, 0, 1, 0, 0, 1, 0, 2, 0, 0, 0, 0, 0, 0, 0, 0, 0, 2, 0, 0, 0, 0, 0, 0, 0, 1, 1, 0, 1, 1, 0, 2, 2, 0, 0, 1, 0, 0, 0, 0, 1, 0, 0, 2, 2, 2, 0, 0, 0, 0, 0, 0, 0, 0, 0, 2, 2, 3, 0, 2, 1, 2, 1, 4, 3, 6, 5, 3, 3, 2, 2, 4, 1, 885, 0, 0, 0, 0, 0, 0]",4,12.565903259458032,-1,1
5420,"[1, 1, 0, 1, 7, 5, 0, 2, 0, 1, 0, 0, 1, 0, 2, 0, 0, 0, 0, 0, 0, 0, 0, 0, 2, 0, 0, 0, 0, 0, 0, 0, 1, 1, 0, 1, 1, 0, 2, 2, 0, 0, 1, 0, 0, 0, 0, 1, 0, 0, 2, 2, 2, 0, 0, 0, 0, 0, 0, 0, 0, 0, 2, 2, 3, 0, 2, 1, 2, 1, 4, 3, 6, 5, 3, 3, 2, 2, 4, 1, 886, 0, 0, 0, 0, 0, 0]",4,14.533407622183995,-1,0
5421,"[1, 1, 0, 1, 7, 5, 0, 2, 0, 1, 0, 0, 1, 0, 2, 0, 0, 0, 0, 0, 0, 0, 0, 0, 2, 0, 0, 0, 0, 0, 0, 0, 1, 1, 0, 1, 1, 0, 2, 2, 0, 0, 1, 0, 0, 0, 0, 1, 0, 0, 2, 2, 2, 0, 0, 0, 0, 0, 0, 0, 0, 0, 2, 2, 3, 0, 2, 1, 2, 1, 4, 3, 6, 5, 3, 3, 2, 2, 4, 1, 886, 1, 0, 0, 0, 0, 0]",3,0.20000000000024212,-1,1
5422,"[1, 1, 0, 1, 7, 5, 0, 2, 0, 1, 0, 0, 1, 0, 2, 0, 0, 0, 0, 0, 0, 0, 0, 0, 2, 0, 0, 0, 0, 0, 0, 0, 1, 1, 0, 1, 1, 0, 2, 2, 0, 0, 1, 0, 0, 0, 0, 1, 0, 0, 2, 2, 2, 0, 0, 0, 0, 0, 0, 0, 0, 0, 2, 2, 3, 0, 2, 1, 2, 1, 4, 3, 6, 5, 3, 3, 2, 2, 4, 1, 886, 0, 0, 0, 0, 0, 0]",-1,-7.097753208150557e-06,-1,1
5423,"[1, 1, 0, 1, 3, 2, 0, 1, 0, 1, 0, 0, 1, 0, 2, 0, 0, 0, 0, 0, 0, 0, 0, 0, 2, 0, 0, 0, 0, 0, 0, 0, 1, 1, 0, 1, 1, 0, 2, 2, 0, 0, 1, 0, 0, 0, 0, 1, 0, 0, 2, 2, 2, 0, 0, 0, 0, 0, 0, 0, 0, 0, 2, 2, 3, 0, 2, 1, 2, 1, 4, 3, 6, 5, 3, 3, 2, 2, 4, 3, 887, 0, 0, 0, 0, 0, 0]",4,12.742268664121163,-1,1
5424,"[1, 1, 0, 1, 5, 2, 0, 1, 0, 1, 0, 0, 1, 0, 2, 0, 0, 0, 0, 0, 0, 0, 0, 0, 2, 0, 0, 0, 0, 0, 0, 0, 1, 1, 0, 1, 1, 0, 2, 2, 0, 0, 1, 0, 0, 0, 0, 1, 0, 0, 2, 2, 2, 0, 0, 0, 0, 0, 0, 0, 0, 0, 2, 2, 3, 0, 2, 1, 2, 1, 4, 3, 6, 5, 3, 3, 2, 2, 4, 3, 888, 0, 0, 0, 0, 0, 0]",4,14.533407338269116,-1,0
5425,"[1, 1, 0, 1, 5, 2, 0, 1, 0, 1, 0, 0, 1, 0, 2, 0, 0, 0, 0, 0, 0, 0, 0, 0, 2, 0, 0, 0, 0, 0, 0, 0, 1, 1, 0, 1, 1, 0, 2, 2, 0, 0, 1, 0, 0, 0, 0, 1, 0, 0, 2, 2, 2, 0, 0, 0, 0, 0, 0, 0, 0, 0, 2, 2, 3, 0, 2, 1, 2, 1, 4, 3, 6, 5, 3, 3, 2, 2, 4, 3, 888, 0, 1, 0, 0, 0, 0]",2,0.4000000000002234,-1,1
5426,"[1, 1, 0, 1, 5, 2, 0, 1, 0, 1, 0, 0, 1, 0, 2, 0, 0, 0, 0, 0, 0, 0, 0, 0, 2, 0, 0, 0, 0, 0, 0, 0, 1, 1, 0, 1, 1, 0, 2, 2, 0, 0, 1, 0, 0, 0, 0, 1, 0, 0, 2, 2, 2, 0, 0, 0, 0, 0, 0, 0, 0, 0, 2, 2, 3, 0, 2, 1, 2, 1, 4, 3, 6, 5, 3, 3, 2, 2, 4, 3, 888, 0, 1, 0, 0, 1, 0]","[[2 1 0 0]
 [1 1 0 1]]",0.6504248650583143,-1,1
5427,"[2, 1, 0, 0, 4, 2, 0, 2, 0, 1, 0, 0, 1, 0, 2, 0, 0, 0, 0, 0, 0, 0, 0, 0, 2, 0, 0, 0, 0, 0, 0, 0, 1, 1, 0, 1, 1, 0, 2, 2, 0, 0, 1, 0, 0, 0, 0, 1, 0, 0, 2, 2, 2, 0, 0, 0, 0, 0, 0, 0, 0, 0, 2, 2, 3, 0, 2, 1, 2, 1, 4, 3, 6, 5, 3, 3, 2, 2, 4, 3, 888, 0, 0, 0, 0, 0, 0]",0,-0.19999999999977655,-1,0
5428,"[2, 1, 0, 0, 4, 2, 0, 2, 0, 1, 0, 0, 1, 0, 2, 0, 0, 0, 0, 0, 0, 0, 0, 0, 2, 0, 0, 0, 0, 0, 0, 0, 1, 1, 0, 1, 1, 0, 2, 2, 0, 0, 1, 0, 0, 0, 0, 1, 0, 0, 2, 2, 2, 0, 0, 0, 0, 0, 0, 0, 0, 0, 2, 2, 3, 0, 2, 1, 2, 1, 4, 3, 6, 5, 3, 3, 2, 2, 4, 3, 888, 1, 0, 0, 0, 0, 0]",3,0.20000000000022347,-1,1
5429,"[2, 1, 0, 0, 4, 2, 0, 2, 0, 1, 0, 0, 1, 0, 2, 0, 0, 0, 0, 0, 0, 0, 0, 0, 2, 0, 0, 0, 0, 0, 0, 0, 1, 1, 0, 1, 1, 0, 2, 2, 0, 0, 1, 0, 0, 0, 0, 1, 0, 0, 2, 2, 2, 0, 0, 0, 0, 0, 0, 0, 0, 0, 2, 2, 3, 0, 2, 1, 2, 1, 4, 3, 6, 5, 3, 3, 2, 2, 4, 3, 888, 0, 0, 0, 0, 0, 0]",-1,-6.957208278087933e-06,-1,1
5430,"[2, 1, 0, 0, 6, 2, 0, 2, 0, 1, 0, 0, 1, 0, 2, 0, 0, 0, 0, 0, 0, 0, 0, 0, 2, 0, 0, 0, 0, 0, 0, 0, 1, 1, 0, 1, 1, 0, 2, 2, 0, 0, 1, 0, 0, 0, 0, 1, 0, 0, 2, 2, 2, 0, 0, 0, 0, 0, 0, 0, 0, 0, 2, 2, 3, 0, 2, 1, 2, 1, 4, 3, 6, 5, 3, 3, 2, 2, 4, 3, 889, 0, 0, 0, 0, 0, 0]",4,12.545712086416097,-1,1
5431,"[2, 1, 0, 0, 6, 2, 0, 2, 0, 1, 0, 0, 1, 0, 2, 0, 0, 0, 0, 0, 0, 0, 0, 0, 2, 0, 0, 0, 0, 0, 0, 0, 1, 1, 0, 1, 1, 0, 2, 2, 0, 0, 1, 0, 0, 0, 0, 1, 0, 0, 2, 2, 2, 0, 0, 0, 0, 0, 0, 0, 0, 0, 2, 2, 3, 0, 2, 1, 2, 1, 4, 3, 6, 5, 3, 3, 2, 2, 4, 3, 889, 0, 1, 0, 0, 0, 0]",2,0.4000000000002147,-1,0
5432,"[2, 1, 0, 0, 6, 2, 0, 2, 0, 1, 0, 0, 1, 0, 2, 0, 0, 0, 0, 0, 0, 0, 0, 0, 2, 0, 0, 0, 0, 0, 0, 0, 1, 1, 0, 1, 1, 0, 2, 2, 0, 0, 1, 0, 0, 0, 0, 1, 0, 0, 2, 2, 2, 0, 0, 0, 0, 0, 0, 0, 0, 0, 2, 2, 3, 0, 2, 1, 2, 1, 4, 3, 6, 5, 3, 3, 2, 2, 4, 3, 889, 0, 1, 0, 0, 1, 0]","[[1 0 0 0]
 [0 0 0 1]]",0.6504248650583055,-1,0
5433,"[2, 1, 0, 0, 6, 2, 0, 2, 0, 1, 0, 0, 1, 0, 2, 0, 0, 0, 0, 0, 0, 0, 0, 0, 2, 0, 0, 0, 0, 0, 0, 0, 1, 1, 0, 1, 1, 0, 2, 2, 0, 0, 1, 0, 0, 0, 0, 1, 0, 0, 2, 2, 2, 0, 0, 0, 0, 0, 0, 0, 0, 0, 2, 2, 3, 0, 2, 1, 2, 1, 4, 3, 6, 5, 3, 3, 2, 2, 4, 3, 889, 0, 1, 0, 0, 0, 1]",2,-0.1999999999997853,-1,1
5434,"[2, 1, 0, 0, 6, 2, 0, 2, 0, 1, 0, 0, 1, 0, 2, 0, 0, 0, 0, 0, 0, 0, 0, 0, 2, 0, 0, 0, 0, 0, 0, 0, 1, 1, 0, 1, 1, 0, 2, 2, 0, 0, 1, 0, 0, 0, 0, 1, 0, 0, 2, 2, 2, 0, 0, 0, 0, 0, 0, 0, 0, 0, 2, 2, 3, 0, 2, 1, 2, 1, 4, 3, 6, 5, 3, 3, 2, 2, 4, 3, 889, 0, 0, 1, 0, 0, 0]","[[2 1 0 1]
 [2 1 0 0]]",-0.1999999999997853,-1,1
5435,"[2, 1, 0, 1, 6, 2, 0, 1, 0, 1, 0, 0, 1, 0, 2, 0, 0, 0, 0, 0, 0, 0, 0, 0, 2, 0, 0, 0, 0, 0, 0, 0, 1, 1, 0, 1, 1, 0, 2, 2, 0, 0, 1, 0, 0, 0, 0, 1, 0, 0, 2, 2, 2, 0, 0, 0, 0, 0, 0, 0, 0, 0, 2, 2, 3, 0, 2, 1, 2, 1, 4, 3, 6, 5, 3, 3, 2, 2, 4, 3, 889, 0, 0, 0, 0, 0, 0]",0,-0.1999999999997853,-1,0
5436,"[2, 1, 0, 1, 6, 2, 0, 1, 0, 1, 0, 0, 1, 0, 2, 0, 0, 0, 0, 0, 0, 0, 0, 0, 2, 0, 0, 0, 0, 0, 0, 0, 1, 1, 0, 1, 1, 0, 2, 2, 0, 0, 1, 0, 0, 0, 0, 1, 0, 0, 2, 2, 2, 0, 0, 0, 0, 0, 0, 0, 0, 0, 2, 2, 3, 0, 2, 1, 2, 1, 4, 3, 6, 5, 3, 3, 2, 2, 4, 3, 889, 1, 0, 0, 0, 0, 0]",3,0.20000000000021473,-1,0
5437,"[0, 1, 0, 2, 6, 2, 0, 1, 0, 1, 0, 0, 1, 0, 2, 0, 0, 0, 0, 0, 0, 0, 0, 0, 2, 0, 0, 0, 0, 0, 0, 0, 1, 1, 0, 1, 1, 0, 2, 2, 0, 0, 1, 0, 0, 0, 0, 1, 0, 0, 2, 2, 2, 0, 0, 0, 0, 0, 0, 0, 0, 0, 2, 2, 3, 0, 2, 1, 2, 1, 4, 3, 6, 5, 3, 3, 2, 2, 4, 3, 889, 0, 0, 0, 0, 0, 0]","[[2 0 0 0]
 [0 0 0 1]]",-0.19854231808874423,-1,0
5438,"[0, 1, 0, 2, 6, 2, 0, 2, 0, 1, 0, 0, 1, 0, 2, 0, 0, 0, 0, 0, 0, 0, 0, 0, 2, 0, 0, 0, 0, 0, 0, 0, 1, 1, 0, 1, 1, 0, 2, 2, 0, 0, 1, 0, 0, 0, 0, 1, 0, 0, 2, 2, 2, 0, 0, 0, 0, 0, 0, 0, 0, 0, 2, 2, 3, 0, 2, 1, 2, 1, 4, 3, 6, 5, 3, 3, 2, 2, 4, 3, 890, 0, 0, 0, 0, 0, 0]",4,14.055682417785988,-1,0
5439,"[0, 1, 0, 2, 6, 2, 0, 2, 0, 1, 0, 0, 1, 0, 2, 0, 0, 0, 0, 0, 0, 0, 0, 0, 2, 0, 0, 0, 0, 0, 0, 0, 1, 1, 0, 1, 1, 0, 2, 2, 0, 0, 1, 0, 0, 0, 0, 1, 0, 0, 2, 2, 2, 0, 0, 0, 0, 0, 0, 0, 0, 0, 2, 2, 3, 0, 2, 1, 2, 1, 4, 3, 6, 5, 3, 3, 2, 2, 4, 3, 890, 1, 0, 0, 0, 0, 0]",3,0.2000000000002063,-1,1
5440,"[0, 1, 0, 2, 6, 2, 0, 2, 0, 1, 0, 0, 1, 0, 2, 0, 0, 0, 0, 0, 0, 0, 0, 0, 2, 0, 0, 0, 0, 0, 0, 0, 1, 1, 0, 1, 1, 0, 2, 2, 0, 0, 1, 0, 0, 0, 0, 1, 0, 0, 2, 2, 2, 0, 0, 0, 0, 0, 0, 0, 0, 0, 2, 2, 3, 0, 2, 1, 2, 1, 4, 3, 6, 5, 3, 3, 2, 2, 4, 3, 890, 0, 0, 0, 0, 0, 0]",-1,-6.81944632410057e-06,-1,1
5441,"[0, 1, 0, 2, 6, 2, 0, 2, 0, 1, 0, 0, 1, 0, 2, 0, 0, 0, 0, 0, 0, 0, 0, 0, 2, 0, 0, 0, 0, 0, 0, 0, 1, 1, 0, 1, 1, 0, 2, 2, 0, 0, 1, 0, 0, 0, 0, 1, 0, 0, 2, 2, 2, 0, 0, 0, 0, 0, 0, 0, 0, 0, 2, 2, 3, 0, 2, 1, 2, 1, 4, 3, 6, 5, 3, 3, 2, 2, 4, 3, 890, 1, 0, 0, 0, 0, 0]",3,0.2000000000002063,-1,0
5442,"[0, 1, 0, 2, 6, 2, 0, 2, 0, 1, 0, 0, 1, 0, 2, 0, 0, 0, 0, 0, 0, 0, 0, 0, 2, 0, 0, 0, 0, 0, 0, 0, 1, 1, 0, 1, 1, 0, 2, 2, 0, 0, 1, 0, 0, 0, 0, 1, 0, 0, 2, 2, 2, 0, 0, 0, 0, 0, 0, 0, 0, 0, 2, 2, 3, 0, 2, 1, 2, 1, 4, 3, 6, 5, 3, 3, 2, 2, 4, 3, 890, 0, 0, 0, 0, 0, 0]",-1,-6.81944632410057e-06,-1,0
5443,"[0, 1, 0, 2, 6, 2, 0, 2, 0, 1, 0, 0, 1, 0, 2, 0, 0, 0, 0, 0, 0, 0, 0, 0, 2, 0, 0, 0, 0, 0, 0, 0, 1, 1, 0, 1, 1, 0, 2, 2, 0, 0, 1, 0, 0, 0, 0, 1, 0, 0, 2, 2, 2, 0, 0, 0, 0, 0, 0, 0, 0, 0, 2, 2, 3, 0, 2, 1, 2, 1, 4, 3, 6, 5, 3, 3, 2, 2, 4, 3, 890, 0, 1, 0, 0, 0, 0]",2,0.40000000000020625,-1,0
5444,"[0, 1, 0, 2, 6, 2, 0, 2, 0, 1, 0, 0, 1, 0, 2, 0, 0, 0, 0, 0, 0, 0, 0, 0, 2, 0, 0, 0, 0, 0, 0, 0, 1, 1, 0, 1, 1, 0, 2, 2, 0, 0, 1, 0, 0, 0, 0, 1, 0, 0, 2, 2, 2, 0, 0, 0, 0, 0, 0, 0, 0, 0, 2, 2, 3, 0, 2, 1, 2, 1, 4, 3, 6, 5, 3, 3, 2, 2, 4, 3, 890, 0, 1, 0, 0, 1, 0]","[[0 0 0 1]
 [1 0 0 0]]",0.6504248650582971,-1,0
5445,"[0, 1, 0, 2, 6, 2, 0, 2, 0, 1, 0, 0, 1, 0, 2, 0, 0, 0, 0, 0, 0, 0, 0, 0, 2, 0, 0, 0, 0, 0, 0, 0, 1, 1, 0, 1, 1, 0, 2, 2, 0, 0, 1, 0, 0, 0, 0, 1, 0, 0, 2, 2, 2, 0, 0, 0, 0, 0, 0, 0, 0, 0, 2, 2, 3, 0, 2, 1, 2, 1, 4, 3, 6, 5, 3, 3, 2, 2, 4, 3, 890, 0, 0, 0, 0, 0, 0]",1,-78.2848897034501,-1,1
5446,"[0, 1, 0, 2, 6, 2, 0, 2, 0, 1, 0, 0, 1, 0, 2, 0, 0, 0, 0, 0, 0, 0, 0, 0, 2, 0, 0, 0, 0, 0, 0, 0, 1, 1, 0, 1, 1, 0, 2, 2, 0, 0, 1, 0, 0, 0, 0, 1, 0, 0, 2, 2, 2, 0, 0, 0, 0, 0, 0, 0, 0, 0, 2, 2, 3, 0, 2, 1, 2, 1, 4, 3, 6, 5, 3, 3, 2, 2, 4, 3, 890, 1, 0, 0, 0, 0, 0]",3,0.2000000000002063,-1,0
5447,"[0, 1, 0, 2, 6, 2, 0, 2, 0, 1, 0, 0, 1, 0, 2, 0, 0, 0, 0, 0, 0, 0, 0, 0, 2, 0, 0, 0, 0, 0, 0, 0, 1, 1, 0, 1, 1, 0, 2, 2, 0, 0, 1, 0, 0, 0, 0, 1, 0, 0, 2, 2, 2, 0, 0, 0, 0, 0, 0, 0, 0, 0, 2, 2, 3, 0, 2, 1, 2, 1, 4, 3, 6, 5, 3, 3, 2, 2, 4, 3, 890, 0, 0, 0, 0, 0, 0]",-1,-6.81944632410057e-06,-1,0
5448,"[0, 1, 0, 2, 6, 2, 0, 2, 0, 1, 0, 0, 1, 0, 2, 0, 0, 0, 0, 0, 0, 0, 0, 0, 2, 0, 0, 0, 0, 0, 0, 0, 1, 1, 0, 1, 1, 0, 2, 2, 0, 0, 1, 0, 0, 0, 0, 1, 0, 0, 2, 2, 2, 0, 0, 0, 0, 0, 0, 0, 0, 0, 2, 2, 3, 0, 2, 1, 2, 1, 4, 3, 6, 5, 3, 3, 2, 2, 4, 3, 890, 0, 1, 0, 0, 0, 0]",2,0.40000000000020625,-1,0
5449,"[0, 1, 0, 2, 6, 2, 0, 2, 0, 1, 0, 0, 1, 0, 2, 0, 0, 0, 0, 0, 0, 0, 0, 0, 2, 0, 0, 0, 0, 0, 0, 0, 1, 1, 0, 1, 1, 0, 2, 2, 0, 0, 1, 0, 0, 0, 0, 1, 0, 0, 2, 2, 2, 0, 0, 0, 0, 0, 0, 0, 0, 0, 2, 2, 3, 0, 2, 1, 2, 1, 4, 3, 6, 5, 3, 3, 2, 2, 4, 3, 890, 0, 1, 0, 0, 1, 0]","[[0 0 0 1]
 [1 0 0 0]]",0.6504248650582971,-1,0
5450,"[0, 1, 0, 2, 6, 2, 0, 2, 0, 1, 0, 0, 1, 0, 2, 0, 0, 0, 0, 0, 0, 0, 0, 0, 2, 0, 0, 0, 0, 0, 0, 0, 1, 1, 0, 1, 1, 0, 2, 2, 0, 0, 1, 0, 0, 0, 0, 1, 0, 0, 2, 2, 2, 0, 0, 0, 0, 0, 0, 0, 0, 0, 2, 2, 3, 0, 2, 1, 2, 1, 4, 3, 6, 5, 3, 3, 2, 2, 4, 3, 890, 0, 1, 0, 0, 0, 1]",2,-0.19999999999979373,-1,1
5451,"[0, 1, 0, 2, 6, 2, 0, 2, 0, 1, 0, 0, 1, 0, 2, 0, 0, 0, 0, 0, 0, 0, 0, 0, 2, 0, 0, 0, 0, 0, 0, 0, 1, 1, 0, 1, 1, 0, 2, 2, 0, 0, 1, 0, 0, 0, 0, 1, 0, 0, 2, 2, 2, 0, 0, 0, 0, 0, 0, 0, 0, 0, 2, 2, 3, 0, 2, 1, 2, 1, 4, 3, 6, 5, 3, 3, 2, 2, 4, 3, 890, 0, 0, 1, 0, 0, 0]","[[1 1 0 1]
 [0 1 0 1]]",-0.19999999999979373,-1,1
5452,"[1, 1, 0, 2, 5, 2, 0, 2, 0, 1, 0, 0, 1, 0, 2, 0, 0, 0, 0, 0, 0, 0, 0, 0, 2, 0, 0, 0, 0, 0, 0, 0, 1, 1, 0, 1, 1, 0, 2, 2, 0, 0, 1, 0, 0, 0, 0, 1, 0, 0, 2, 2, 2, 0, 0, 0, 0, 0, 0, 0, 0, 0, 2, 2, 3, 0, 2, 1, 2, 1, 4, 3, 6, 5, 3, 3, 2, 2, 4, 3, 890, 0, 0, 0, 0, 0, 0]",0,-0.19999999999979373,-1,0
5453,"[1, 1, 0, 2, 5, 2, 0, 2, 0, 1, 0, 0, 1, 0, 2, 0, 0, 0, 0, 0, 0, 0, 0, 0, 2, 0, 0, 0, 0, 0, 0, 0, 1, 1, 0, 1, 1, 0, 2, 2, 0, 0, 1, 0, 0, 0, 0, 1, 0, 0, 2, 2, 2, 0, 0, 0, 0, 0, 0, 0, 0, 0, 2, 2, 3, 0, 2, 1, 2, 1, 4, 3, 6, 5, 3, 3, 2, 2, 4, 3, 890, 0, 0, 0, 0, 0, 0]",0,0.24271887242377937,-1,0
5454,"[1, 1, 0, 2, 5, 2, 0, 2, 0, 1, 0, 0, 1, 0, 2, 0, 0, 0, 0, 0, 0, 0, 0, 0, 2, 0, 0, 0, 0, 0, 0, 0, 1, 1, 0, 1, 1, 0, 2, 2, 0, 0, 1, 0, 0, 0, 0, 1, 0, 0, 2, 2, 2, 0, 0, 0, 0, 0, 0, 0, 0, 0, 2, 2, 3, 0, 2, 1, 2, 1, 4, 3, 6, 5, 3, 3, 2, 2, 4, 3, 890, 0, 0, 0, 0, 0, 0]",-1,-6.81944632410057e-06,-1,0
5455,"[1, 1, 0, 2, 5, 2, 0, 2, 0, 1, 0, 0, 1, 0, 2, 0, 0, 0, 0, 0, 0, 0, 0, 0, 2, 0, 0, 0, 0, 0, 0, 0, 1, 1, 0, 1, 1, 0, 2, 2, 0, 0, 1, 0, 0, 0, 0, 1, 0, 0, 2, 2, 2, 0, 0, 0, 0, 0, 0, 0, 0, 0, 2, 2, 3, 0, 2, 1, 2, 1, 4, 3, 6, 5, 3, 3, 2, 2, 4, 3, 890, 0, 0, 0, 0, 0, 0]",0,0.24271887242377937,-1,0
5456,"[1, 1, 0, 2, 5, 2, 0, 2, 0, 1, 0, 0, 1, 0, 2, 0, 0, 0, 0, 0, 0, 0, 0, 0, 2, 0, 0, 0, 0, 0, 0, 0, 1, 1, 0, 1, 1, 0, 2, 2, 0, 0, 1, 0, 0, 0, 0, 1, 0, 0, 2, 2, 2, 0, 0, 0, 0, 0, 0, 0, 0, 0, 2, 2, 3, 0, 2, 1, 2, 1, 4, 3, 6, 5, 3, 3, 2, 2, 4, 3, 890, 0, 0, 0, 0, 0, 0]",-1,-6.81944632410057e-06,-1,0
5457,"[1, 1, 0, 2, 5, 2, 0, 2, 0, 1, 0, 0, 1, 0, 2, 0, 0, 0, 0, 0, 0, 0, 0, 0, 2, 0, 0, 0, 0, 0, 0, 0, 1, 1, 0, 1, 1, 0, 2, 2, 0, 0, 1, 0, 0, 0, 0, 1, 0, 0, 2, 2, 2, 0, 0, 0, 0, 0, 0, 0, 0, 0, 2, 2, 3, 0, 2, 1, 2, 1, 4, 3, 6, 5, 3, 3, 2, 2, 4, 3, 890, 0, 0, 0, 0, 0, 0]",0,0.24271887242377937,-1,0
5458,"[1, 1, 0, 2, 5, 2, 0, 2, 0, 1, 0, 0, 1, 0, 2, 0, 0, 0, 0, 0, 0, 0, 0, 0, 2, 0, 0, 0, 0, 0, 0, 0, 1, 1, 0, 1, 1, 0, 2, 2, 0, 0, 1, 0, 0, 0, 0, 1, 0, 0, 2, 2, 2, 0, 0, 0, 0, 0, 0, 0, 0, 0, 2, 2, 3, 0, 2, 1, 2, 1, 4, 3, 6, 5, 3, 3, 2, 2, 4, 3, 890, 0, 0, 0, 0, 0, 0]",-1,-6.81944632410057e-06,-1,0
5459,"[1, 1, 0, 2, 5, 2, 0, 2, 0, 1, 0, 0, 1, 0, 2, 0, 0, 0, 0, 0, 0, 0, 0, 0, 2, 0, 0, 0, 0, 0, 0, 0, 1, 1, 0, 1, 1, 0, 2, 2, 0, 0, 1, 0, 0, 0, 0, 1, 0, 0, 2, 2, 2, 0, 0, 0, 0, 0, 0, 0, 0, 0, 2, 2, 3, 0, 2, 1, 2, 1, 4, 3, 6, 5, 3, 3, 2, 2, 4, 3, 890, 0, 0, 0, 0, 0, 0]",0,0.24271887242377937,-1,0
5460,"[1, 1, 0, 2, 5, 2, 0, 2, 0, 1, 0, 0, 1, 0, 2, 0, 0, 0, 0, 0, 0, 0, 0, 0, 2, 0, 0, 0, 0, 0, 0, 0, 1, 1, 0, 1, 1, 0, 2, 2, 0, 0, 1, 0, 0, 0, 0, 1, 0, 0, 2, 2, 2, 0, 0, 0, 0, 0, 0, 0, 0, 0, 2, 2, 3, 0, 2, 1, 2, 1, 4, 3, 6, 5, 3, 3, 2, 2, 4, 3, 890, 0, 0, 0, 0, 0, 0]",-1,-6.81944632410057e-06,-1,0
5461,"[1, 1, 0, 2, 5, 2, 0, 2, 0, 1, 0, 0, 1, 0, 2, 0, 0, 0, 0, 0, 0, 0, 0, 0, 2, 0, 0, 0, 0, 0, 0, 0, 1, 1, 0, 1, 1, 0, 2, 2, 0, 0, 1, 0, 0, 0, 0, 1, 0, 0, 2, 2, 2, 0, 0, 0, 0, 0, 0, 0, 0, 0, 2, 2, 3, 0, 2, 1, 2, 1, 4, 3, 6, 5, 3, 3, 2, 2, 4, 3, 890, 0, 0, 0, 0, 0, 0]",0,0.24271887242377937,-1,0
5462,"[1, 1, 0, 2, 5, 2, 0, 2, 0, 1, 0, 0, 1, 0, 2, 0, 0, 0, 0, 0, 0, 0, 0, 0, 2, 0, 0, 0, 0, 0, 0, 0, 1, 1, 0, 1, 1, 0, 2, 2, 0, 0, 1, 0, 0, 0, 0, 1, 0, 0, 2, 2, 2, 0, 0, 0, 0, 0, 0, 0, 0, 0, 2, 2, 3, 0, 2, 1, 2, 1, 4, 3, 6, 5, 3, 3, 2, 2, 4, 3, 890, 0, 0, 0, 0, 0, 0]",-1,-6.81944632410057e-06,-1,0
5463,"[1, 1, 0, 2, 5, 2, 0, 2, 0, 1, 0, 0, 1, 0, 2, 0, 0, 0, 0, 0, 0, 0, 0, 0, 2, 0, 0, 0, 0, 0, 0, 0, 1, 1, 0, 1, 1, 0, 2, 2, 0, 0, 1, 0, 0, 0, 0, 1, 0, 0, 2, 2, 2, 0, 0, 0, 0, 0, 0, 0, 0, 0, 2, 2, 3, 0, 2, 1, 2, 1, 4, 3, 6, 5, 3, 3, 2, 2, 4, 3, 890, 0, 0, 0, 0, 0, 0]",0,0.24271887242377937,-1,0
5464,"[1, 1, 0, 2, 5, 2, 0, 2, 0, 1, 0, 0, 1, 0, 2, 0, 0, 0, 0, 0, 0, 0, 0, 0, 2, 0, 0, 0, 0, 0, 0, 0, 1, 1, 0, 1, 1, 0, 2, 2, 0, 0, 1, 0, 0, 0, 0, 1, 0, 0, 2, 2, 2, 0, 0, 0, 0, 0, 0, 0, 0, 0, 2, 2, 3, 0, 2, 1, 2, 1, 4, 3, 6, 5, 3, 3, 2, 2, 4, 3, 890, 0, 0, 0, 0, 0, 0]",-1,-6.81944632410057e-06,-1,0
5465,"[1, 1, 0, 2, 5, 2, 0, 2, 0, 1, 0, 0, 1, 0, 2, 0, 0, 0, 0, 0, 0, 0, 0, 0, 2, 0, 0, 0, 0, 0, 0, 0, 1, 1, 0, 1, 1, 0, 2, 2, 0, 0, 1, 0, 0, 0, 0, 1, 0, 0, 2, 2, 2, 0, 0, 0, 0, 0, 0, 0, 0, 0, 2, 2, 3, 0, 2, 1, 2, 1, 4, 3, 6, 5, 3, 3, 2, 2, 4, 3, 890, 0, 0, 0, 0, 0, 0]",0,0.24271887242377937,-1,0
5466,"[1, 1, 0, 2, 5, 2, 0, 2, 0, 1, 0, 0, 1, 0, 2, 0, 0, 0, 0, 0, 0, 0, 0, 0, 2, 0, 0, 0, 0, 0, 0, 0, 1, 1, 0, 1, 1, 0, 2, 2, 0, 0, 1, 0, 0, 0, 0, 1, 0, 0, 2, 2, 2, 0, 0, 0, 0, 0, 0, 0, 0, 0, 2, 2, 3, 0, 2, 1, 2, 1, 4, 3, 6, 5, 3, 3, 2, 2, 4, 3, 890, 0, 0, 0, 0, 0, 0]",-1,-6.81944632410057e-06,-1,0
5467,"[1, 1, 0, 2, 5, 2, 0, 2, 0, 1, 0, 0, 1, 0, 2, 0, 0, 0, 0, 0, 0, 0, 0, 0, 2, 0, 0, 0, 0, 0, 0, 0, 1, 1, 0, 1, 1, 0, 2, 2, 0, 0, 1, 0, 0, 0, 0, 1, 0, 0, 2, 2, 2, 0, 0, 0, 0, 0, 0, 0, 0, 0, 2, 2, 3, 0, 2, 1, 2, 1, 4, 3, 6, 5, 3, 3, 2, 2, 4, 3, 890, 0, 0, 0, 0, 0, 0]",0,0.24271887242377937,-1,0
5468,"[1, 1, 0, 2, 5, 2, 0, 2, 0, 1, 0, 0, 1, 0, 2, 0, 0, 0, 0, 0, 0, 0, 0, 0, 2, 0, 0, 0, 0, 0, 0, 0, 1, 1, 0, 1, 1, 0, 2, 2, 0, 0, 1, 0, 0, 0, 0, 1, 0, 0, 2, 2, 2, 0, 0, 0, 0, 0, 0, 0, 0, 0, 2, 2, 3, 0, 2, 1, 2, 1, 4, 3, 6, 5, 3, 3, 2, 2, 4, 3, 890, 0, 0, 0, 0, 0, 0]",-1,-6.81944632410057e-06,-1,0
5469,"[1, 1, 0, 2, 7, 2, 0, 2, 0, 1, 0, 0, 1, 0, 2, 0, 0, 0, 0, 0, 0, 0, 0, 0, 2, 0, 0, 0, 0, 0, 0, 0, 1, 1, 0, 1, 1, 0, 2, 2, 0, 0, 1, 0, 0, 0, 0, 1, 0, 0, 2, 2, 2, 0, 0, 0, 0, 0, 0, 0, 0, 0, 2, 2, 3, 0, 2, 1, 2, 1, 4, 3, 6, 5, 3, 3, 2, 2, 4, 3, 891, 0, 0, 0, 0, 0, 0]",4,14.373782202266689,-1,0
5470,"[1, 1, 0, 2, 7, 2, 0, 2, 0, 1, 0, 0, 1, 0, 2, 0, 0, 0, 0, 0, 0, 0, 0, 0, 2, 0, 0, 0, 0, 0, 0, 0, 1, 1, 0, 1, 1, 0, 2, 2, 0, 0, 1, 0, 0, 0, 0, 1, 0, 0, 2, 2, 2, 0, 0, 0, 0, 0, 0, 0, 0, 0, 2, 2, 3, 0, 2, 1, 2, 1, 4, 3, 6, 5, 3, 3, 2, 2, 4, 3, 891, 0, 1, 0, 0, 0, 0]",2,0.4000000000001982,-1,1
5471,"[1, 1, 0, 2, 7, 2, 0, 2, 0, 1, 0, 0, 1, 0, 2, 0, 0, 0, 0, 0, 0, 0, 0, 0, 2, 0, 0, 0, 0, 0, 0, 0, 1, 1, 0, 1, 1, 0, 2, 2, 0, 0, 1, 0, 0, 0, 0, 1, 0, 0, 2, 2, 2, 0, 0, 0, 0, 0, 0, 0, 0, 0, 2, 2, 3, 0, 2, 1, 2, 1, 4, 3, 6, 5, 3, 3, 2, 2, 4, 3, 891, 0, 0, 0, 0, 0, 0]",-1,-6.7515916994371464e-06,-1,1
5472,"[1, 1, 0, 1, 3, 1, 0, 1, 0, 1, 0, 0, 1, 0, 2, 0, 0, 0, 0, 0, 0, 0, 0, 0, 2, 0, 0, 0, 0, 0, 0, 0, 1, 1, 0, 1, 1, 0, 2, 2, 0, 0, 1, 0, 0, 0, 0, 1, 0, 0, 2, 2, 2, 0, 0, 0, 0, 0, 0, 0, 0, 0, 2, 2, 3, 0, 2, 1, 2, 1, 4, 3, 6, 5, 3, 3, 2, 2, 4, 5, 892, 0, 0, 0, 0, 0, 0]",4,12.71296896949902,-1,1
5473,"[1, 1, 0, 1, 3, 1, 0, 1, 0, 1, 0, 0, 1, 0, 2, 0, 0, 0, 0, 0, 0, 0, 0, 0, 2, 0, 0, 0, 0, 0, 0, 0, 1, 1, 0, 1, 1, 0, 2, 2, 0, 0, 1, 0, 0, 0, 0, 1, 0, 0, 2, 2, 2, 0, 0, 0, 0, 0, 0, 0, 0, 0, 2, 2, 3, 0, 2, 1, 2, 1, 4, 3, 6, 5, 3, 3, 2, 2, 4, 5, 892, 0, 0, 0, 0, 0, 0]",1,0.6096241150998072,-1,0
5474,"[1, 1, 0, 1, 3, 1, 0, 1, 0, 1, 0, 0, 1, 0, 2, 0, 0, 0, 0, 0, 0, 0, 0, 0, 2, 0, 0, 0, 0, 0, 0, 0, 1, 1, 0, 1, 1, 0, 2, 2, 0, 0, 1, 0, 0, 0, 0, 1, 0, 0, 2, 2, 2, 0, 0, 0, 0, 0, 0, 0, 0, 0, 2, 2, 3, 0, 2, 1, 2, 1, 4, 3, 6, 5, 3, 3, 2, 2, 4, 5, 892, 0, 0, 0, 0, 0, 0]",-1,-6.684412239570012e-06,-1,0
5475,"[1, 1, 0, 1, 3, 1, 0, 1, 0, 1, 0, 0, 1, 0, 2, 0, 0, 0, 0, 0, 0, 0, 0, 0, 2, 0, 0, 0, 0, 0, 0, 0, 1, 1, 0, 1, 1, 0, 2, 2, 0, 0, 1, 0, 0, 0, 0, 1, 0, 0, 2, 2, 2, 0, 0, 0, 0, 0, 0, 0, 0, 0, 2, 2, 3, 0, 2, 1, 2, 1, 4, 3, 6, 5, 3, 3, 2, 2, 4, 5, 892, 0, 0, 0, 0, 0, 0]",1,0.6096241150998072,-1,0
5476,"[1, 1, 0, 1, 3, 1, 0, 1, 0, 1, 0, 0, 1, 0, 2, 0, 0, 0, 0, 0, 0, 0, 0, 0, 2, 0, 0, 0, 0, 0, 0, 0, 1, 1, 0, 1, 1, 0, 2, 2, 0, 0, 1, 0, 0, 0, 0, 1, 0, 0, 2, 2, 2, 0, 0, 0, 0, 0, 0, 0, 0, 0, 2, 2, 3, 0, 2, 1, 2, 1, 4, 3, 6, 5, 3, 3, 2, 2, 4, 5, 892, 0, 0, 0, 0, 0, 0]",-1,-6.684412239570012e-06,-1,0
5477,"[1, 1, 0, 1, 3, 1, 0, 1, 0, 1, 0, 0, 1, 0, 2, 0, 0, 0, 0, 0, 0, 0, 0, 0, 2, 0, 0, 0, 0, 0, 0, 0, 1, 1, 0, 1, 1, 0, 2, 2, 0, 0, 1, 0, 0, 0, 0, 1, 0, 0, 2, 2, 2, 0, 0, 0, 0, 0, 0, 0, 0, 0, 2, 2, 3, 0, 2, 1, 2, 1, 4, 3, 6, 5, 3, 3, 2, 2, 4, 5, 892, 0, 1, 0, 0, 0, 0]",2,0.4000000000001904,-1,0
5478,"[1, 1, 0, 1, 3, 1, 0, 1, 0, 1, 0, 0, 1, 0, 2, 0, 0, 0, 0, 0, 0, 0, 0, 0, 2, 0, 0, 0, 0, 0, 0, 0, 1, 1, 0, 1, 1, 0, 2, 2, 0, 0, 1, 0, 0, 0, 0, 1, 0, 0, 2, 2, 2, 0, 0, 0, 0, 0, 0, 0, 0, 0, 2, 2, 3, 0, 2, 1, 2, 1, 4, 3, 6, 5, 3, 3, 2, 2, 4, 5, 892, 0, 0, 0, 0, 0, 0]",-1,-6.684412239570012e-06,-1,0
5479,"[1, 2, 0, 1, 3, 2, 0, 1, 0, 1, 0, 0, 1, 0, 2, 0, 0, 0, 0, 0, 0, 0, 0, 0, 2, 0, 0, 0, 0, 0, 0, 0, 1, 1, 0, 1, 1, 0, 2, 2, 0, 0, 1, 0, 0, 0, 0, 1, 0, 0, 2, 2, 2, 0, 0, 0, 0, 0, 0, 0, 0, 0, 2, 2, 3, 0, 2, 1, 2, 1, 4, 3, 6, 5, 3, 3, 2, 2, 4, 5, 893, 0, 0, 0, 0, 0, 0]",4,14.373781932198506,-1,0
5480,"[1, 2, 0, 1, 3, 2, 0, 1, 0, 1, 0, 0, 1, 0, 2, 0, 0, 0, 0, 0, 0, 0, 0, 0, 2, 0, 0, 0, 0, 0, 0, 0, 1, 1, 0, 1, 1, 0, 2, 2, 0, 0, 1, 0, 0, 0, 0, 1, 0, 0, 2, 2, 2, 0, 0, 0, 0, 0, 0, 0, 0, 0, 2, 2, 3, 0, 2, 1, 2, 1, 4, 3, 6, 5, 3, 3, 2, 2, 4, 5, 893, 0, 0, 0, 0, 0, 0]",0,0.29497474683076624,-1,1
5481,"[1, 2, 0, 1, 3, 2, 0, 1, 0, 1, 0, 0, 1, 0, 2, 0, 0, 0, 0, 0, 0, 0, 0, 0, 2, 0, 0, 0, 0, 0, 0, 0, 1, 1, 0, 1, 1, 0, 2, 2, 0, 0, 1, 0, 0, 0, 0, 1, 0, 0, 2, 2, 2, 0, 0, 0, 0, 0, 0, 0, 0, 0, 2, 2, 3, 0, 2, 1, 2, 1, 4, 3, 6, 5, 3, 3, 2, 2, 4, 5, 893, 0, 0, 0, 0, 0, 0]",-1,-6.617901226497195e-06,-1,1
5482,"[1, 2, 0, 1, 3, 2, 0, 1, 0, 1, 0, 0, 1, 0, 2, 0, 0, 0, 0, 0, 0, 0, 0, 0, 2, 0, 0, 0, 0, 0, 0, 0, 1, 1, 0, 1, 1, 0, 2, 2, 0, 0, 1, 0, 0, 0, 0, 1, 0, 0, 2, 2, 2, 0, 0, 0, 0, 0, 0, 0, 0, 0, 2, 2, 3, 0, 2, 1, 2, 1, 4, 3, 6, 5, 3, 3, 2, 2, 4, 5, 894, 0, 0, 0, 0, 0, 0]",4,12.742267704417142,-1,1
5483,"[1, 2, 0, 1, 3, 2, 0, 1, 0, 1, 0, 0, 1, 0, 2, 0, 0, 0, 0, 0, 0, 0, 0, 0, 2, 0, 0, 0, 0, 0, 0, 0, 1, 1, 0, 1, 1, 0, 2, 2, 0, 0, 1, 0, 0, 0, 0, 1, 0, 0, 2, 2, 2, 0, 0, 0, 0, 0, 0, 0, 0, 0, 2, 2, 3, 0, 2, 1, 2, 1, 4, 3, 6, 5, 3, 3, 2, 2, 4, 5, 894, 0, 1, 0, 0, 0, 0]",2,0.40000000000017577,-1,0
5484,"[1, 2, 0, 1, 3, 2, 0, 1, 0, 1, 0, 0, 1, 0, 2, 0, 0, 0, 0, 0, 0, 0, 0, 0, 2, 0, 0, 0, 0, 0, 0, 0, 1, 1, 0, 1, 1, 0, 2, 2, 0, 0, 1, 0, 0, 0, 0, 1, 0, 0, 2, 2, 2, 0, 0, 0, 0, 0, 0, 0, 0, 0, 2, 2, 3, 0, 2, 1, 2, 1, 4, 3, 6, 5, 3, 3, 2, 2, 4, 5, 894, 0, 0, 0, 0, 0, 0]",-1,-6.552052009061965e-06,-1,0
5485,"[1, 2, 0, 1, 3, 2, 0, 1, 0, 1, 0, 0, 1, 0, 2, 0, 0, 0, 0, 0, 0, 0, 0, 0, 2, 0, 0, 0, 0, 0, 0, 0, 1, 1, 0, 1, 1, 0, 2, 2, 0, 0, 1, 0, 0, 0, 0, 1, 0, 0, 2, 2, 2, 0, 0, 0, 0, 0, 0, 0, 0, 0, 2, 2, 3, 0, 2, 1, 2, 1, 4, 3, 6, 5, 3, 3, 2, 2, 4, 5, 894, 0, 0, 0, 0, 0, 0]",1,0.6096241150997925,-1,0
5486,"[1, 2, 0, 1, 3, 2, 0, 1, 0, 1, 0, 0, 1, 0, 2, 0, 0, 0, 0, 0, 0, 0, 0, 0, 2, 0, 0, 0, 0, 0, 0, 0, 1, 1, 0, 1, 1, 0, 2, 2, 0, 0, 1, 0, 0, 0, 0, 1, 0, 0, 2, 2, 2, 0, 0, 0, 0, 0, 0, 0, 0, 0, 2, 2, 3, 0, 2, 1, 2, 1, 4, 3, 6, 5, 3, 3, 2, 2, 4, 5, 894, 0, 0, 0, 0, 0, 0]",-1,-6.552052009061965e-06,-1,0
5487,"[1, 2, 0, 1, 3, 2, 0, 1, 0, 1, 0, 0, 1, 0, 2, 0, 0, 0, 0, 0, 0, 0, 0, 0, 2, 0, 0, 0, 0, 0, 0, 0, 1, 1, 0, 1, 1, 0, 2, 2, 0, 0, 1, 0, 0, 0, 0, 1, 0, 0, 2, 2, 2, 0, 0, 0, 0, 0, 0, 0, 0, 0, 2, 2, 3, 0, 2, 1, 2, 1, 4, 3, 6, 5, 3, 3, 2, 2, 4, 5, 894, 1, 0, 0, 0, 0, 0]",3,0.20000000000017581,-1,0
5488,"[1, 2, 0, 1, 3, 2, 0, 1, 0, 1, 0, 0, 1, 0, 2, 0, 0, 0, 0, 0, 0, 0, 0, 0, 2, 0, 0, 0, 0, 0, 0, 0, 1, 1, 0, 1, 1, 0, 2, 2, 0, 0, 1, 0, 0, 0, 0, 1, 0, 0, 2, 2, 2, 0, 0, 0, 0, 0, 0, 0, 0, 0, 2, 2, 3, 0, 2, 1, 2, 1, 4, 3, 6, 5, 3, 3, 2, 2, 4, 5, 894, 0, 0, 0, 0, 0, 0]",-1,-6.552052009061965e-06,-1,0
5489,"[1, 2, 0, 1, 3, 2, 0, 1, 0, 1, 0, 0, 1, 0, 2, 0, 0, 0, 0, 0, 0, 0, 0, 0, 2, 0, 0, 0, 0, 0, 0, 0, 1, 1, 0, 1, 1, 0, 2, 2, 0, 0, 1, 0, 0, 0, 0, 1, 0, 0, 2, 2, 2, 0, 0, 0, 0, 0, 0, 0, 0, 0, 2, 2, 3, 0, 2, 1, 2, 1, 4, 3, 6, 5, 3, 3, 2, 2, 4, 5, 895, 0, 0, 0, 0, 0, 0]",4,14.373781667478031,-1,0
5490,"[1, 2, 0, 1, 3, 2, 0, 1, 0, 1, 0, 0, 1, 0, 2, 0, 0, 0, 0, 0, 0, 0, 0, 0, 2, 0, 0, 0, 0, 0, 0, 0, 1, 1, 0, 1, 1, 0, 2, 2, 0, 0, 1, 0, 0, 0, 0, 1, 0, 0, 2, 2, 2, 0, 0, 0, 0, 0, 0, 0, 0, 0, 2, 2, 3, 0, 2, 1, 2, 1, 4, 3, 6, 5, 3, 3, 2, 2, 4, 5, 895, 0, 0, 0, 0, 0, 0]",0,0.2949747468307522,-1,1
5491,"[1, 2, 0, 1, 3, 2, 0, 1, 0, 1, 0, 0, 1, 0, 2, 0, 0, 0, 0, 0, 0, 0, 0, 0, 2, 0, 0, 0, 0, 0, 0, 0, 1, 1, 0, 1, 1, 0, 2, 2, 0, 0, 1, 0, 0, 0, 0, 1, 0, 0, 2, 2, 2, 0, 0, 0, 0, 0, 0, 0, 0, 0, 2, 2, 3, 0, 2, 1, 2, 1, 4, 3, 6, 5, 3, 3, 2, 2, 4, 5, 895, 0, 0, 0, 0, 0, 0]",-1,-6.48685800228769e-06,-1,1
5492,"[1, 2, 0, 1, 3, 2, 0, 2, 0, 1, 0, 0, 1, 0, 2, 0, 0, 0, 0, 0, 0, 0, 0, 0, 2, 0, 0, 0, 0, 0, 0, 0, 1, 1, 0, 1, 1, 0, 2, 2, 0, 0, 1, 0, 0, 0, 0, 1, 0, 0, 2, 2, 2, 0, 0, 0, 0, 0, 0, 0, 0, 0, 2, 2, 3, 0, 2, 1, 2, 1, 4, 3, 6, 5, 3, 3, 2, 2, 4, 5, 896, 0, 0, 0, 0, 0, 0]",4,12.84386630620399,-1,1
5493,"[2, 2, 0, 1, 3, 3, 0, 2, 0, 1, 0, 0, 1, 0, 2, 0, 0, 0, 0, 0, 0, 0, 0, 0, 2, 0, 0, 0, 0, 0, 0, 0, 1, 1, 0, 1, 1, 0, 2, 2, 0, 0, 1, 0, 0, 0, 0, 1, 0, 0, 2, 2, 2, 0, 0, 0, 0, 0, 0, 0, 0, 0, 2, 2, 3, 0, 2, 1, 2, 1, 4, 3, 6, 5, 3, 3, 2, 2, 4, 5, 897, 0, 0, 0, 0, 0, 0]",4,14.272454348560245,-1,0
5494,"[2, 2, 0, 1, 3, 3, 0, 2, 0, 1, 0, 0, 1, 0, 2, 0, 0, 0, 0, 0, 0, 0, 0, 0, 2, 0, 0, 0, 0, 0, 0, 0, 1, 1, 0, 1, 1, 0, 2, 2, 0, 0, 1, 0, 0, 0, 0, 1, 0, 0, 2, 2, 2, 0, 0, 0, 0, 0, 0, 0, 0, 0, 2, 2, 3, 0, 2, 1, 2, 1, 4, 3, 6, 5, 3, 3, 2, 2, 4, 5, 897, 1, 0, 0, 0, 0, 0]",3,0.20000000000015594,-1,1
5495,"[2, 2, 0, 1, 3, 3, 0, 2, 0, 1, 0, 0, 1, 0, 2, 0, 0, 0, 0, 0, 0, 0, 0, 0, 2, 0, 0, 0, 0, 0, 0, 0, 1, 1, 0, 1, 1, 0, 2, 2, 0, 0, 1, 0, 0, 0, 0, 1, 0, 0, 2, 2, 2, 0, 0, 0, 0, 0, 0, 0, 0, 0, 2, 2, 3, 0, 2, 1, 2, 1, 4, 3, 6, 5, 3, 3, 2, 2, 4, 5, 897, 0, 0, 0, 0, 0, 0]",-1,-6.358409607771705e-06,-1,1
5496,"[3, 2, 0, 1, 3, 4, 0, 2, 0, 1, 0, 0, 1, 0, 2, 0, 0, 0, 0, 0, 0, 0, 0, 0, 2, 0, 0, 0, 0, 0, 0, 0, 1, 1, 0, 1, 1, 0, 2, 2, 0, 0, 1, 0, 0, 0, 0, 1, 0, 0, 2, 2, 2, 0, 0, 0, 0, 0, 0, 0, 0, 0, 2, 2, 3, 0, 2, 1, 2, 1, 4, 3, 6, 5, 3, 3, 2, 2, 4, 5, 898, 0, 0, 0, 0, 0, 0]",4,12.730658829593786,-1,1
5497,"[3, 2, 0, 1, 3, 4, 0, 2, 0, 1, 0, 0, 1, 0, 2, 0, 0, 0, 0, 0, 0, 0, 0, 0, 2, 0, 0, 0, 0, 0, 0, 0, 1, 1, 0, 1, 1, 0, 2, 2, 0, 0, 1, 0, 0, 0, 0, 1, 0, 0, 2, 2, 2, 0, 0, 0, 0, 0, 0, 0, 0, 0, 2, 2, 3, 0, 2, 1, 2, 1, 4, 3, 6, 5, 3, 3, 2, 2, 4, 5, 898, 0, 0, 0, 0, 0, 0]",1,0.6096241150997666,-1,0
5498,"[3, 2, 0, 1, 3, 4, 0, 2, 0, 1, 0, 0, 1, 0, 2, 0, 0, 0, 0, 0, 0, 0, 0, 0, 2, 0, 0, 0, 0, 0, 0, 0, 1, 1, 0, 1, 1, 0, 2, 2, 0, 0, 1, 0, 0, 0, 0, 1, 0, 0, 2, 2, 2, 0, 0, 0, 0, 0, 0, 0, 0, 0, 2, 2, 3, 0, 2, 1, 2, 1, 4, 3, 6, 5, 3, 3, 2, 2, 4, 5, 898, 0, 0, 0, 0, 0, 0]",-1,-6.295142375083492e-06,-1,0
5499,"[3, 2, 0, 1, 3, 4, 0, 2, 0, 1, 0, 0, 1, 0, 2, 0, 0, 0, 0, 0, 0, 0, 0, 0, 2, 0, 0, 0, 0, 0, 0, 0, 1, 1, 0, 1, 1, 0, 2, 2, 0, 0, 1, 0, 0, 0, 0, 1, 0, 0, 2, 2, 2, 0, 0, 0, 0, 0, 0, 0, 0, 0, 2, 2, 3, 0, 2, 1, 2, 1, 4, 3, 6, 5, 3, 3, 2, 2, 4, 5, 898, 0, 0, 0, 0, 0, 0]",1,0.6096241150997666,-1,0
5500,"[3, 2, 0, 1, 3, 4, 0, 2, 0, 1, 0, 0, 1, 0, 2, 0, 0, 0, 0, 0, 0, 0, 0, 0, 2, 0, 0, 0, 0, 0, 0, 0, 1, 1, 0, 1, 1, 0, 2, 2, 0, 0, 1, 0, 0, 0, 0, 1, 0, 0, 2, 2, 2, 0, 0, 0, 0, 0, 0, 0, 0, 0, 2, 2, 3, 0, 2, 1, 2, 1, 4, 3, 6, 5, 3, 3, 2, 2, 4, 5, 898, 0, 0, 0, 0, 0, 0]",-1,-6.295142375083492e-06,-1,0
5501,"[3, 2, 0, 1, 3, 4, 0, 2, 0, 1, 0, 0, 1, 0, 2, 0, 0, 0, 0, 0, 0, 0, 0, 0, 2, 0, 0, 0, 0, 0, 0, 0, 1, 1, 0, 1, 1, 0, 2, 2, 0, 0, 1, 0, 0, 0, 0, 1, 0, 0, 2, 2, 2, 0, 0, 0, 0, 0, 0, 0, 0, 0, 2, 2, 3, 0, 2, 1, 2, 1, 4, 3, 6, 5, 3, 3, 2, 2, 4, 5, 898, 0, 1, 0, 0, 0, 0]",2,0.4000000000001498,-1,0
5502,"[3, 2, 0, 1, 3, 4, 0, 2, 0, 1, 0, 0, 1, 0, 2, 0, 0, 0, 0, 0, 0, 0, 0, 0, 2, 0, 0, 0, 0, 0, 0, 0, 1, 1, 0, 1, 1, 0, 2, 2, 0, 0, 1, 0, 0, 0, 0, 1, 0, 0, 2, 2, 2, 0, 0, 0, 0, 0, 0, 0, 0, 0, 2, 2, 3, 0, 2, 1, 2, 1, 4, 3, 6, 5, 3, 3, 2, 2, 4, 5, 898, 0, 0, 0, 0, 0, 0]",-1,-6.295142375083492e-06,-1,0
5503,"[3, 2, 0, 1, 3, 4, 0, 2, 0, 1, 0, 0, 1, 0, 2, 0, 0, 0, 0, 0, 0, 0, 0, 0, 2, 0, 0, 0, 0, 0, 0, 0, 1, 1, 0, 1, 1, 0, 2, 2, 0, 0, 1, 0, 0, 0, 0, 1, 0, 0, 2, 2, 2, 0, 0, 0, 0, 0, 0, 0, 0, 0, 2, 2, 3, 0, 2, 1, 2, 1, 4, 3, 6, 5, 3, 3, 2, 2, 4, 5, 898, 0, 1, 0, 0, 0, 0]",2,0.4000000000001498,-1,0
5504,"[3, 2, 0, 1, 3, 4, 0, 2, 0, 1, 0, 0, 1, 0, 2, 0, 0, 0, 0, 0, 0, 0, 0, 0, 2, 0, 0, 0, 0, 0, 0, 0, 1, 1, 0, 1, 1, 0, 2, 2, 0, 0, 1, 0, 0, 0, 0, 1, 0, 0, 2, 2, 2, 0, 0, 0, 0, 0, 0, 0, 0, 0, 2, 2, 3, 0, 2, 1, 2, 1, 4, 3, 6, 5, 3, 3, 2, 2, 4, 5, 898, 0, 0, 0, 0, 0, 0]",-1,-6.295142375083492e-06,-1,0
5505,"[3, 2, 0, 1, 3, 4, 0, 2, 0, 1, 0, 0, 1, 0, 2, 0, 0, 0, 0, 0, 0, 0, 0, 0, 2, 0, 0, 0, 0, 0, 0, 0, 1, 1, 0, 1, 1, 0, 2, 2, 0, 0, 1, 0, 0, 0, 0, 1, 0, 0, 2, 2, 2, 0, 0, 0, 0, 0, 0, 0, 0, 0, 2, 2, 3, 0, 2, 1, 2, 1, 4, 3, 6, 5, 3, 3, 2, 2, 4, 5, 898, 1, 0, 0, 0, 0, 0]",3,0.2000000000001498,-1,0
5506,"[1, 2, 0, 2, 3, 4, 0, 2, 0, 1, 0, 0, 1, 0, 2, 0, 0, 0, 0, 0, 0, 0, 0, 0, 2, 0, 0, 0, 0, 0, 0, 0, 1, 1, 0, 1, 1, 0, 2, 2, 0, 0, 1, 0, 0, 0, 0, 1, 0, 0, 2, 2, 2, 0, 0, 0, 0, 0, 0, 0, 0, 0, 2, 2, 3, 0, 2, 1, 2, 1, 4, 3, 6, 5, 3, 3, 2, 2, 4, 5, 898, 0, 0, 0, 0, 0, 0]","[[2 0 0 0]
 [0 0 0 1]]",-0.19854231808880915,-1,0
5507,"[1, 2, 0, 2, 3, 4, 0, 2, 0, 1, 0, 0, 1, 0, 2, 0, 0, 0, 0, 0, 0, 0, 0, 0, 2, 0, 0, 0, 0, 0, 0, 0, 1, 1, 0, 1, 1, 0, 2, 2, 0, 0, 1, 0, 0, 0, 0, 1, 0, 0, 2, 2, 2, 0, 0, 0, 0, 0, 0, 0, 0, 0, 2, 2, 3, 0, 2, 1, 2, 1, 4, 3, 6, 5, 3, 3, 2, 2, 4, 5, 898, 0, 0, 0, 0, 0, 0]",1,0.6096241150997666,-1,0
5508,"[1, 2, 0, 2, 3, 4, 0, 2, 0, 1, 0, 0, 1, 0, 2, 0, 0, 0, 0, 0, 0, 0, 0, 0, 2, 0, 0, 0, 0, 0, 0, 0, 1, 1, 0, 1, 1, 0, 2, 2, 0, 0, 1, 0, 0, 0, 0, 1, 0, 0, 2, 2, 2, 0, 0, 0, 0, 0, 0, 0, 0, 0, 2, 2, 3, 0, 2, 1, 2, 1, 4, 3, 6, 5, 3, 3, 2, 2, 4, 5, 898, 0, 0, 0, 0, 0, 0]",-1,-6.295142375083492e-06,-1,0
5509,"[1, 2, 0, 2, 3, 4, 0, 2, 0, 1, 0, 0, 1, 0, 2, 0, 0, 0, 0, 0, 0, 0, 0, 0, 2, 0, 0, 0, 0, 0, 0, 0, 1, 1, 0, 1, 1, 0, 2, 2, 0, 0, 1, 0, 0, 0, 0, 1, 0, 0, 2, 2, 2, 0, 0, 0, 0, 0, 0, 0, 0, 0, 2, 2, 3, 0, 2, 1, 2, 1, 4, 3, 6, 5, 3, 3, 2, 2, 4, 5, 899, 0, 0, 0, 0, 0, 0]",4,14.272454094219611,-1,0
5510,"[1, 2, 0, 2, 3, 4, 0, 3, 0, 1, 0, 0, 1, 0, 2, 0, 0, 0, 0, 0, 0, 0, 0, 0, 2, 0, 0, 0, 0, 0, 0, 0, 1, 1, 0, 1, 1, 0, 2, 2, 0, 0, 1, 0, 0, 0, 0, 1, 0, 0, 2, 2, 2, 0, 0, 0, 0, 0, 0, 0, 0, 0, 2, 2, 3, 0, 2, 1, 2, 1, 4, 3, 6, 5, 3, 3, 2, 2, 4, 5, 900, 0, 0, 0, 0, 0, 0]",4,12.762126845444905,-1,1
5511,"[1, 2, 0, 2, 3, 4, 0, 3, 0, 1, 0, 0, 1, 0, 2, 0, 0, 0, 0, 0, 0, 0, 0, 0, 2, 0, 0, 0, 0, 0, 0, 0, 1, 1, 0, 1, 1, 0, 2, 2, 0, 0, 1, 0, 0, 0, 0, 1, 0, 0, 2, 2, 2, 0, 0, 0, 0, 0, 0, 0, 0, 0, 2, 2, 3, 0, 2, 1, 2, 1, 4, 3, 6, 5, 3, 3, 2, 2, 4, 5, 900, 1, 0, 0, 0, 0, 0]",3,0.2000000000001383,-1,0
5512,"[1, 2, 0, 2, 3, 4, 0, 3, 0, 1, 0, 0, 1, 0, 2, 0, 0, 0, 0, 0, 0, 0, 0, 0, 2, 0, 0, 0, 0, 0, 0, 0, 1, 1, 0, 1, 1, 0, 2, 2, 0, 0, 1, 0, 0, 0, 0, 1, 0, 0, 2, 2, 2, 0, 0, 0, 0, 0, 0, 0, 0, 0, 2, 2, 3, 0, 2, 1, 2, 1, 4, 3, 6, 5, 3, 3, 2, 2, 4, 5, 900, 0, 0, 0, 0, 0, 0]",-1,-6.170490204333978e-06,-1,0
5513,"[1, 2, 0, 2, 3, 4, 0, 3, 0, 1, 0, 0, 1, 0, 2, 0, 0, 0, 0, 0, 0, 0, 0, 0, 2, 0, 0, 0, 0, 0, 0, 0, 1, 1, 0, 1, 1, 0, 2, 2, 0, 0, 1, 0, 0, 0, 0, 1, 0, 0, 2, 2, 2, 0, 0, 0, 0, 0, 0, 0, 0, 0, 2, 2, 3, 0, 2, 1, 2, 1, 4, 3, 6, 5, 3, 3, 2, 2, 4, 5, 900, 1, 0, 0, 0, 0, 0]",3,0.2000000000001383,-1,0
5514,"[1, 2, 0, 2, 3, 4, 0, 3, 0, 1, 0, 0, 1, 0, 2, 0, 0, 0, 0, 0, 0, 0, 0, 0, 2, 0, 0, 0, 0, 0, 0, 0, 1, 1, 0, 1, 1, 0, 2, 2, 0, 0, 1, 0, 0, 0, 0, 1, 0, 0, 2, 2, 2, 0, 0, 0, 0, 0, 0, 0, 0, 0, 2, 2, 3, 0, 2, 1, 2, 1, 4, 3, 6, 5, 3, 3, 2, 2, 4, 5, 900, 0, 0, 0, 0, 0, 0]",-1,-6.170490204333978e-06,-1,0
5515,"[1, 2, 0, 2, 3, 4, 0, 3, 0, 1, 0, 0, 1, 0, 2, 0, 0, 0, 0, 0, 0, 0, 0, 0, 2, 0, 0, 0, 0, 0, 0, 0, 1, 1, 0, 1, 1, 0, 2, 2, 0, 0, 1, 0, 0, 0, 0, 1, 0, 0, 2, 2, 2, 0, 0, 0, 0, 0, 0, 0, 0, 0, 2, 2, 3, 0, 2, 1, 2, 1, 4, 3, 6, 5, 3, 3, 2, 2, 4, 5, 901, 0, 0, 0, 0, 0, 0]",4,14.272453844915256,-1,0
5516,"[1, 2, 0, 2, 3, 4, 0, 3, 0, 1, 0, 0, 1, 0, 2, 0, 0, 0, 0, 0, 0, 0, 0, 0, 2, 0, 0, 0, 0, 0, 0, 0, 1, 1, 0, 1, 1, 0, 2, 2, 0, 0, 1, 0, 0, 0, 0, 1, 0, 0, 2, 2, 2, 0, 0, 0, 0, 0, 0, 0, 0, 0, 2, 2, 3, 0, 2, 1, 2, 1, 4, 3, 6, 5, 3, 3, 2, 2, 4, 5, 901, 0, 0, 0, 0, 0, 0]",-1,-6.109092800951726e-06,-1,1
5517,"[1, 2, 0, 2, 3, 4, 0, 3, 0, 1, 0, 0, 1, 0, 2, 0, 0, 0, 0, 0, 0, 0, 0, 0, 2, 0, 0, 0, 0, 0, 0, 0, 1, 1, 0, 1, 1, 0, 2, 2, 0, 0, 1, 0, 0, 0, 0, 1, 0, 0, 2, 2, 2, 0, 0, 0, 0, 0, 0, 0, 0, 0, 2, 2, 3, 0, 2, 1, 2, 1, 4, 3, 6, 5, 3, 3, 2, 2, 4, 5, 901, 0, 1, 0, 0, 0, 0]",2,0.4000000000001328,-1,1
5518,"[1, 2, 0, 2, 3, 4, 0, 3, 0, 1, 0, 0, 1, 0, 2, 0, 0, 0, 0, 0, 0, 0, 0, 0, 2, 0, 0, 0, 0, 0, 0, 0, 1, 1, 0, 1, 1, 0, 2, 2, 0, 0, 1, 0, 0, 0, 0, 1, 0, 0, 2, 2, 2, 0, 0, 0, 0, 0, 0, 0, 0, 0, 2, 2, 3, 0, 2, 1, 2, 1, 4, 3, 6, 5, 3, 3, 2, 2, 4, 5, 901, 0, 0, 0, 0, 0, 0]",-1,-6.109092800951726e-06,-1,1
5519,"[1, 1, 0, 1, 1, 2, 0, 1, 0, 1, 0, 0, 1, 0, 2, 0, 0, 0, 0, 0, 0, 0, 0, 0, 2, 0, 0, 0, 0, 0, 0, 0, 1, 1, 0, 1, 1, 0, 2, 2, 0, 0, 1, 0, 0, 0, 0, 1, 0, 0, 2, 2, 2, 0, 0, 0, 0, 0, 0, 0, 0, 0, 2, 2, 3, 0, 2, 1, 2, 1, 4, 3, 6, 5, 3, 3, 2, 2, 4, 1, 902, 0, 0, 0, 0, 0, 0]",4,12.97378078155957,-1,1
5520,"[1, 1, 0, 1, 1, 2, 0, 2, 0, 1, 0, 0, 1, 0, 2, 0, 0, 0, 0, 0, 0, 0, 0, 0, 2, 0, 0, 0, 0, 0, 0, 0, 1, 1, 0, 1, 1, 0, 2, 2, 0, 0, 1, 0, 0, 0, 0, 1, 0, 0, 2, 2, 2, 0, 0, 0, 0, 0, 0, 0, 0, 0, 2, 2, 3, 0, 2, 1, 2, 1, 4, 3, 6, 5, 3, 3, 2, 2, 4, 1, 903, 0, 0, 0, 0, 0, 0]",4,14.533405380622872,-1,0
5521,"[2, 1, 0, 1, 1, 3, 0, 2, 0, 1, 0, 0, 1, 0, 2, 0, 0, 0, 0, 0, 0, 0, 0, 0, 2, 0, 0, 0, 0, 0, 0, 0, 1, 1, 0, 1, 1, 0, 2, 2, 0, 0, 1, 0, 0, 0, 0, 1, 0, 0, 2, 2, 2, 0, 0, 0, 0, 0, 0, 0, 0, 0, 2, 2, 3, 0, 2, 1, 2, 1, 4, 3, 6, 5, 3, 3, 2, 2, 4, 1, 904, 0, 0, 0, 0, 0, 0]",4,12.742266444863947,-1,1
5522,"[3, 1, 0, 1, 1, 4, 0, 2, 0, 1, 0, 0, 1, 0, 2, 0, 0, 0, 0, 0, 0, 0, 0, 0, 2, 0, 0, 0, 0, 0, 0, 0, 1, 1, 0, 1, 1, 0, 2, 2, 0, 0, 1, 0, 0, 0, 0, 1, 0, 0, 2, 2, 2, 0, 0, 0, 0, 0, 0, 0, 0, 0, 2, 2, 3, 0, 2, 1, 2, 1, 4, 3, 6, 5, 3, 3, 2, 2, 4, 1, 905, 0, 0, 0, 0, 0, 0]",4,14.11296732339919,-1,0
5523,"[3, 1, 0, 1, 1, 4, 0, 2, 0, 1, 0, 0, 1, 0, 2, 0, 0, 0, 0, 0, 0, 0, 0, 0, 2, 0, 0, 0, 0, 0, 0, 0, 1, 1, 0, 1, 1, 0, 2, 2, 0, 0, 1, 0, 0, 0, 0, 1, 0, 0, 2, 2, 2, 0, 0, 0, 0, 0, 0, 0, 0, 0, 2, 2, 3, 0, 2, 1, 2, 1, 4, 3, 6, 5, 3, 3, 2, 2, 4, 1, 905, 0, 1, 0, 0, 0, 0]",2,0.4000000000001132,-1,1
5524,"[3, 1, 0, 1, 1, 4, 0, 2, 0, 1, 0, 0, 1, 0, 2, 0, 0, 0, 0, 0, 0, 0, 0, 0, 2, 0, 0, 0, 0, 0, 0, 0, 1, 1, 0, 1, 1, 0, 2, 2, 0, 0, 1, 0, 0, 0, 0, 1, 0, 0, 2, 2, 2, 0, 0, 0, 0, 0, 0, 0, 0, 0, 2, 2, 3, 0, 2, 1, 2, 1, 4, 3, 6, 5, 3, 3, 2, 2, 4, 1, 905, 0, 1, 0, 0, 1, 0]","[[0 1 0 1]
 [1 1 0 1]]",1.7252413325407092,-1,1
5525,"[2, 1, 0, 1, 2, 4, 0, 2, 0, 1, 0, 0, 1, 0, 2, 0, 0, 0, 0, 0, 0, 0, 0, 0, 2, 0, 0, 0, 0, 0, 0, 0, 1, 1, 0, 1, 1, 0, 2, 2, 0, 0, 1, 0, 0, 0, 0, 1, 0, 0, 2, 2, 2, 0, 0, 0, 0, 0, 0, 0, 0, 0, 2, 2, 3, 0, 2, 1, 2, 1, 4, 3, 6, 5, 3, 3, 2, 2, 4, 1, 905, 0, 0, 0, 0, 0, 0]",0,-0.19999999999988677,-1,0
5526,"[2, 1, 0, 1, 2, 4, 0, 2, 0, 1, 0, 0, 1, 0, 2, 0, 0, 0, 0, 0, 0, 0, 0, 0, 2, 0, 0, 0, 0, 0, 0, 0, 1, 1, 0, 1, 1, 0, 2, 2, 0, 0, 1, 0, 0, 0, 0, 1, 0, 0, 2, 2, 2, 0, 0, 0, 0, 0, 0, 0, 0, 0, 2, 2, 3, 0, 2, 1, 2, 1, 4, 3, 6, 5, 3, 3, 2, 2, 4, 1, 905, 0, 1, 0, 0, 0, 0]",2,0.4000000000001132,-1,1
5527,"[2, 1, 0, 1, 2, 4, 0, 2, 0, 1, 0, 0, 1, 0, 2, 0, 0, 0, 0, 0, 0, 0, 0, 0, 2, 0, 0, 0, 0, 0, 0, 0, 1, 1, 0, 1, 1, 0, 2, 2, 0, 0, 1, 0, 0, 0, 0, 1, 0, 0, 2, 2, 2, 0, 0, 0, 0, 0, 0, 0, 0, 0, 2, 2, 3, 0, 2, 1, 2, 1, 4, 3, 6, 5, 3, 3, 2, 2, 4, 1, 905, 0, 0, 0, 0, 0, 0]",-1,-5.869551845955899e-06,-1,1
5528,"[2, 1, 0, 1, 4, 4, 0, 2, 0, 1, 0, 0, 1, 0, 2, 0, 0, 0, 0, 0, 0, 0, 0, 0, 2, 0, 0, 0, 0, 0, 0, 0, 1, 1, 0, 1, 1, 0, 2, 2, 0, 0, 1, 0, 0, 0, 0, 1, 0, 0, 2, 2, 2, 0, 0, 0, 0, 0, 0, 0, 0, 0, 2, 2, 3, 0, 2, 1, 2, 1, 4, 3, 6, 5, 3, 3, 2, 2, 4, 1, 906, 0, 0, 0, 0, 0, 0]",4,12.689898625925093,-1,1
5529,"[2, 1, 0, 1, 4, 4, 0, 2, 0, 1, 0, 0, 1, 0, 2, 0, 0, 0, 0, 0, 0, 0, 0, 0, 2, 0, 0, 0, 0, 0, 0, 0, 1, 1, 0, 1, 1, 0, 2, 2, 0, 0, 1, 0, 0, 0, 0, 1, 0, 0, 2, 2, 2, 0, 0, 0, 0, 0, 0, 0, 0, 0, 2, 2, 3, 0, 2, 1, 2, 1, 4, 3, 6, 5, 3, 3, 2, 2, 4, 1, 907, 0, 0, 0, 0, 0, 0]",4,14.373780185671606,-1,0
5530,"[2, 1, 0, 1, 4, 4, 0, 2, 0, 1, 0, 0, 1, 0, 2, 0, 0, 0, 0, 0, 0, 0, 0, 0, 2, 0, 0, 0, 0, 0, 0, 0, 1, 1, 0, 1, 1, 0, 2, 2, 0, 0, 1, 0, 0, 0, 0, 1, 0, 0, 2, 2, 2, 0, 0, 0, 0, 0, 0, 0, 0, 0, 2, 2, 3, 0, 2, 1, 2, 1, 4, 3, 6, 5, 3, 3, 2, 2, 4, 1, 908, 0, 0, 0, 0, 0, 0]",4,12.689898393475255,-1,1
5531,"[2, 1, 0, 1, 4, 4, 0, 2, 0, 1, 0, 0, 1, 0, 2, 0, 0, 0, 0, 0, 0, 0, 0, 0, 2, 0, 0, 0, 0, 0, 0, 0, 1, 1, 0, 1, 1, 0, 2, 2, 0, 0, 1, 0, 0, 0, 0, 1, 0, 0, 2, 2, 2, 0, 0, 0, 0, 0, 0, 0, 0, 0, 2, 2, 3, 0, 2, 1, 2, 1, 4, 3, 6, 5, 3, 3, 2, 2, 4, 1, 908, 0, 1, 0, 0, 0, 0]",2,0.4000000000001004,-1,0
5532,"[2, 1, 0, 1, 4, 4, 0, 2, 0, 1, 0, 0, 1, 0, 2, 0, 0, 0, 0, 0, 0, 0, 0, 0, 2, 0, 0, 0, 0, 0, 0, 0, 1, 1, 0, 1, 1, 0, 2, 2, 0, 0, 1, 0, 0, 0, 0, 1, 0, 0, 2, 2, 2, 0, 0, 0, 0, 0, 0, 0, 0, 0, 2, 2, 3, 0, 2, 1, 2, 1, 4, 3, 6, 5, 3, 3, 2, 2, 4, 1, 908, 0, 0, 0, 0, 0, 0]",-1,-5.696080372839307e-06,-1,0
5533,"[2, 1, 0, 1, 4, 4, 0, 2, 0, 1, 0, 0, 1, 0, 2, 0, 0, 0, 0, 0, 0, 0, 0, 0, 2, 0, 0, 0, 0, 0, 0, 0, 1, 1, 0, 1, 1, 0, 2, 2, 0, 0, 1, 0, 0, 0, 0, 1, 0, 0, 2, 2, 2, 0, 0, 0, 0, 0, 0, 0, 0, 0, 2, 2, 3, 0, 2, 1, 2, 1, 4, 3, 6, 5, 3, 3, 2, 2, 4, 1, 908, 0, 1, 0, 0, 0, 0]",2,0.4000000000001004,-1,0
5534,"[2, 1, 0, 1, 4, 4, 0, 2, 0, 1, 0, 0, 1, 0, 2, 0, 0, 0, 0, 0, 0, 0, 0, 0, 2, 0, 0, 0, 0, 0, 0, 0, 1, 1, 0, 1, 1, 0, 2, 2, 0, 0, 1, 0, 0, 0, 0, 1, 0, 0, 2, 2, 2, 0, 0, 0, 0, 0, 0, 0, 0, 0, 2, 2, 3, 0, 2, 1, 2, 1, 4, 3, 6, 5, 3, 3, 2, 2, 4, 1, 908, 0, 0, 0, 0, 0, 0]",-1,-5.696080372839307e-06,-1,0
5535,"[2, 1, 0, 1, 4, 4, 0, 2, 0, 1, 0, 0, 1, 0, 2, 0, 0, 0, 0, 0, 0, 0, 0, 0, 2, 0, 0, 0, 0, 0, 0, 0, 1, 1, 0, 1, 1, 0, 2, 2, 0, 0, 1, 0, 0, 0, 0, 1, 0, 0, 2, 2, 2, 0, 0, 0, 0, 0, 0, 0, 0, 0, 2, 2, 3, 0, 2, 1, 2, 1, 4, 3, 6, 5, 3, 3, 2, 2, 4, 1, 908, 1, 0, 0, 0, 0, 0]",3,0.20000000000010043,-1,0
5536,"[0, 1, 0, 2, 4, 4, 0, 2, 0, 1, 0, 0, 1, 0, 2, 0, 0, 0, 0, 0, 0, 0, 0, 0, 2, 0, 0, 0, 0, 0, 0, 0, 1, 1, 0, 1, 1, 0, 2, 2, 0, 0, 1, 0, 0, 0, 0, 1, 0, 0, 2, 2, 2, 0, 0, 0, 0, 0, 0, 0, 0, 0, 2, 2, 3, 0, 2, 1, 2, 1, 4, 3, 6, 5, 3, 3, 2, 2, 4, 1, 908, 0, 0, 0, 0, 0, 0]","[[2 0 0 0]
 [0 0 0 1]]",-0.19854231808885853,-1,0
5537,"[0, 1, 0, 2, 4, 4, 0, 2, 0, 1, 0, 0, 1, 0, 2, 0, 0, 0, 0, 0, 0, 0, 0, 0, 2, 0, 0, 0, 0, 0, 0, 0, 1, 1, 0, 1, 1, 0, 2, 2, 0, 0, 1, 0, 0, 0, 0, 1, 0, 0, 2, 2, 2, 0, 0, 0, 0, 0, 0, 0, 0, 0, 2, 2, 3, 0, 2, 1, 2, 1, 4, 3, 6, 5, 3, 3, 2, 2, 4, 1, 908, 1, 0, 0, 0, 0, 0]",3,0.20000000000010043,-1,0
5538,"[0, 1, 0, 2, 4, 4, 0, 2, 0, 1, 0, 0, 1, 0, 2, 0, 0, 0, 0, 0, 0, 0, 0, 0, 2, 0, 0, 0, 0, 0, 0, 0, 1, 1, 0, 1, 1, 0, 2, 2, 0, 0, 1, 0, 0, 0, 0, 1, 0, 0, 2, 2, 2, 0, 0, 0, 0, 0, 0, 0, 0, 0, 2, 2, 3, 0, 2, 1, 2, 1, 4, 3, 6, 5, 3, 3, 2, 2, 4, 1, 908, 0, 0, 0, 0, 0, 0]",-1,-5.696080372839307e-06,-1,0
5539,"[0, 1, 0, 2, 4, 4, 0, 2, 0, 1, 0, 0, 1, 0, 2, 0, 0, 0, 0, 0, 0, 0, 0, 0, 2, 0, 0, 0, 0, 0, 0, 0, 1, 1, 0, 1, 1, 0, 2, 2, 0, 0, 1, 0, 0, 0, 0, 1, 0, 0, 2, 2, 2, 0, 0, 0, 0, 0, 0, 0, 0, 0, 2, 2, 3, 0, 2, 1, 2, 1, 4, 3, 6, 5, 3, 3, 2, 2, 4, 1, 908, 0, 0, 0, 0, 0, 0]",1,0.6096241150997171,-1,0
5540,"[0, 1, 0, 2, 4, 4, 0, 2, 0, 1, 0, 0, 1, 0, 2, 0, 0, 0, 0, 0, 0, 0, 0, 0, 2, 0, 0, 0, 0, 0, 0, 0, 1, 1, 0, 1, 1, 0, 2, 2, 0, 0, 1, 0, 0, 0, 0, 1, 0, 0, 2, 2, 2, 0, 0, 0, 0, 0, 0, 0, 0, 0, 2, 2, 3, 0, 2, 1, 2, 1, 4, 3, 6, 5, 3, 3, 2, 2, 4, 1, 908, 0, 0, 0, 0, 0, 0]",-1,-5.696080372839307e-06,-1,0
5541,"[0, 1, 0, 2, 4, 4, 0, 2, 0, 1, 0, 0, 1, 0, 2, 0, 0, 0, 0, 0, 0, 0, 0, 0, 2, 0, 0, 0, 0, 0, 0, 0, 1, 1, 0, 1, 1, 0, 2, 2, 0, 0, 1, 0, 0, 0, 0, 1, 0, 0, 2, 2, 2, 0, 0, 0, 0, 0, 0, 0, 0, 0, 2, 2, 3, 0, 2, 1, 2, 1, 4, 3, 6, 5, 3, 3, 2, 2, 4, 1, 908, 1, 0, 0, 0, 0, 0]",3,0.20000000000010043,-1,0
5542,"[0, 1, 0, 2, 4, 4, 0, 2, 0, 1, 0, 0, 1, 0, 2, 0, 0, 0, 0, 0, 0, 0, 0, 0, 2, 0, 0, 0, 0, 0, 0, 0, 1, 1, 0, 1, 1, 0, 2, 2, 0, 0, 1, 0, 0, 0, 0, 1, 0, 0, 2, 2, 2, 0, 0, 0, 0, 0, 0, 0, 0, 0, 2, 2, 3, 0, 2, 1, 2, 1, 4, 3, 6, 5, 3, 3, 2, 2, 4, 1, 908, 0, 0, 0, 0, 0, 0]",-1,-5.696080372839307e-06,-1,0
5543,"[0, 1, 0, 2, 4, 4, 0, 2, 0, 1, 0, 0, 1, 0, 2, 0, 0, 0, 0, 0, 0, 0, 0, 0, 2, 0, 0, 0, 0, 0, 0, 0, 1, 1, 0, 1, 1, 0, 2, 2, 0, 0, 1, 0, 0, 0, 0, 1, 0, 0, 2, 2, 2, 0, 0, 0, 0, 0, 0, 0, 0, 0, 2, 2, 3, 0, 2, 1, 2, 1, 4, 3, 6, 5, 3, 3, 2, 2, 4, 1, 908, 1, 0, 0, 0, 0, 0]",3,0.20000000000010043,-1,0
5544,"[0, 1, 0, 2, 4, 4, 0, 2, 0, 1, 0, 0, 1, 0, 2, 0, 0, 0, 0, 0, 0, 0, 0, 0, 2, 0, 0, 0, 0, 0, 0, 0, 1, 1, 0, 1, 1, 0, 2, 2, 0, 0, 1, 0, 0, 0, 0, 1, 0, 0, 2, 2, 2, 0, 0, 0, 0, 0, 0, 0, 0, 0, 2, 2, 3, 0, 2, 1, 2, 1, 4, 3, 6, 5, 3, 3, 2, 2, 4, 1, 908, 0, 0, 0, 0, 0, 0]",-1,-5.696080372839307e-06,-1,0
5545,"[0, 1, 0, 2, 4, 4, 0, 2, 0, 1, 0, 0, 1, 0, 2, 0, 0, 0, 0, 0, 0, 0, 0, 0, 2, 0, 0, 0, 0, 0, 0, 0, 1, 1, 0, 1, 1, 0, 2, 2, 0, 0, 1, 0, 0, 0, 0, 1, 0, 0, 2, 2, 2, 0, 0, 0, 0, 0, 0, 0, 0, 0, 2, 2, 3, 0, 2, 1, 2, 1, 4, 3, 6, 5, 3, 3, 2, 2, 4, 1, 908, 1, 0, 0, 0, 0, 0]",3,0.20000000000010043,-1,0
5546,"[0, 1, 0, 2, 4, 4, 0, 2, 0, 1, 0, 0, 1, 0, 2, 0, 0, 0, 0, 0, 0, 0, 0, 0, 2, 0, 0, 0, 0, 0, 0, 0, 1, 1, 0, 1, 1, 0, 2, 2, 0, 0, 1, 0, 0, 0, 0, 1, 0, 0, 2, 2, 2, 0, 0, 0, 0, 0, 0, 0, 0, 0, 2, 2, 3, 0, 2, 1, 2, 1, 4, 3, 6, 5, 3, 3, 2, 2, 4, 1, 908, 0, 0, 0, 0, 0, 0]",-1,-5.696080372839307e-06,-1,0
5547,"[0, 1, 0, 2, 6, 4, 0, 2, 0, 1, 0, 0, 1, 0, 2, 0, 0, 0, 0, 0, 0, 0, 0, 0, 2, 0, 0, 0, 0, 0, 0, 0, 1, 1, 0, 1, 1, 0, 2, 2, 0, 0, 1, 0, 0, 0, 0, 1, 0, 0, 2, 2, 2, 0, 0, 0, 0, 0, 0, 0, 0, 0, 2, 2, 3, 0, 2, 1, 2, 1, 4, 3, 6, 5, 3, 3, 2, 2, 4, 1, 909, 0, 0, 0, 0, 0, 0]",4,14.055680033980826,-1,0
5548,"[0, 1, 0, 2, 6, 4, 0, 2, 0, 1, 0, 0, 1, 0, 2, 0, 0, 0, 0, 0, 0, 0, 0, 0, 2, 0, 0, 0, 0, 0, 0, 0, 1, 1, 0, 1, 1, 0, 2, 2, 0, 0, 1, 0, 0, 0, 0, 1, 0, 0, 2, 2, 2, 0, 0, 0, 0, 0, 0, 0, 0, 0, 2, 2, 3, 0, 2, 1, 2, 1, 4, 3, 6, 5, 3, 3, 2, 2, 4, 1, 909, 0, 0, 0, 0, 0, 0]",-1,-5.639403426151456e-06,-1,1
5549,"[0, 1, 0, 2, 6, 4, 0, 2, 0, 1, 0, 0, 1, 0, 2, 0, 0, 0, 0, 0, 0, 0, 0, 0, 2, 0, 0, 0, 0, 0, 0, 0, 1, 1, 0, 1, 1, 0, 2, 2, 0, 0, 1, 0, 0, 0, 0, 1, 0, 0, 2, 2, 2, 0, 0, 0, 0, 0, 0, 0, 0, 0, 2, 2, 3, 0, 2, 1, 2, 1, 4, 3, 6, 5, 3, 3, 2, 2, 4, 1, 909, 0, 0, 0, 0, 0, 0]",-1,-5.639403426151456e-06,-1,1
5550,"[1, 1, 0, 2, 6, 5, 0, 2, 0, 1, 0, 0, 1, 0, 2, 0, 0, 0, 0, 0, 0, 0, 0, 0, 2, 0, 0, 0, 0, 0, 0, 0, 1, 1, 0, 1, 1, 0, 2, 2, 0, 0, 1, 0, 0, 0, 0, 1, 0, 0, 2, 2, 2, 0, 0, 0, 0, 0, 0, 0, 0, 0, 2, 2, 3, 0, 2, 1, 2, 1, 4, 3, 6, 5, 3, 3, 2, 2, 4, 1, 910, 0, 0, 0, 0, 0, 0]",4,12.594733300906444,-1,1
5551,"[1, 1, 0, 2, 6, 5, 0, 2, 0, 1, 0, 0, 1, 0, 2, 0, 0, 0, 0, 0, 0, 0, 0, 0, 2, 0, 0, 0, 0, 0, 0, 0, 1, 1, 0, 1, 1, 0, 2, 2, 0, 0, 1, 0, 0, 0, 0, 1, 0, 0, 2, 2, 2, 0, 0, 0, 0, 0, 0, 0, 0, 0, 2, 2, 3, 0, 2, 1, 2, 1, 4, 3, 6, 5, 3, 3, 2, 2, 4, 1, 910, 0, 0, 0, 0, 0, 0]",0,0.24271887242366577,-1,0
5552,"[1, 1, 0, 2, 6, 5, 0, 2, 0, 1, 0, 0, 1, 0, 2, 0, 0, 0, 0, 0, 0, 0, 0, 0, 2, 0, 0, 0, 0, 0, 0, 0, 1, 1, 0, 1, 1, 0, 2, 2, 0, 0, 1, 0, 0, 0, 0, 1, 0, 0, 2, 2, 2, 0, 0, 0, 0, 0, 0, 0, 0, 0, 2, 2, 3, 0, 2, 1, 2, 1, 4, 3, 6, 5, 3, 3, 2, 2, 4, 1, 910, 0, 0, 0, 0, 0, 0]",-1,-5.583290424505739e-06,-1,0
5553,"[1, 1, 0, 2, 6, 5, 0, 2, 0, 1, 0, 0, 1, 0, 2, 0, 0, 0, 0, 0, 0, 0, 0, 0, 2, 0, 0, 0, 0, 0, 0, 0, 1, 1, 0, 1, 1, 0, 2, 2, 0, 0, 1, 0, 0, 0, 0, 1, 0, 0, 2, 2, 2, 0, 0, 0, 0, 0, 0, 0, 0, 0, 2, 2, 3, 0, 2, 1, 2, 1, 4, 3, 6, 5, 3, 3, 2, 2, 4, 1, 910, 0, 0, 0, 0, 0, 0]",0,0.24271887242366577,-1,0
5554,"[1, 1, 0, 2, 6, 5, 0, 2, 0, 1, 0, 0, 1, 0, 2, 0, 0, 0, 0, 0, 0, 0, 0, 0, 2, 0, 0, 0, 0, 0, 0, 0, 1, 1, 0, 1, 1, 0, 2, 2, 0, 0, 1, 0, 0, 0, 0, 1, 0, 0, 2, 2, 2, 0, 0, 0, 0, 0, 0, 0, 0, 0, 2, 2, 3, 0, 2, 1, 2, 1, 4, 3, 6, 5, 3, 3, 2, 2, 4, 1, 910, 0, 0, 0, 0, 0, 0]",-1,-5.583290424505739e-06,-1,0
5555,"[1, 1, 0, 2, 6, 5, 0, 2, 0, 1, 0, 0, 1, 0, 2, 0, 0, 0, 0, 0, 0, 0, 0, 0, 2, 0, 0, 0, 0, 0, 0, 0, 1, 1, 0, 1, 1, 0, 2, 2, 0, 0, 1, 0, 0, 0, 0, 1, 0, 0, 2, 2, 2, 0, 0, 0, 0, 0, 0, 0, 0, 0, 2, 2, 3, 0, 2, 1, 2, 1, 4, 3, 6, 5, 3, 3, 2, 2, 4, 1, 910, 0, 0, 0, 0, 0, 0]",0,0.24271887242366577,-1,0
5556,"[1, 1, 0, 2, 6, 5, 0, 2, 0, 1, 0, 0, 1, 0, 2, 0, 0, 0, 0, 0, 0, 0, 0, 0, 2, 0, 0, 0, 0, 0, 0, 0, 1, 1, 0, 1, 1, 0, 2, 2, 0, 0, 1, 0, 0, 0, 0, 1, 0, 0, 2, 2, 2, 0, 0, 0, 0, 0, 0, 0, 0, 0, 2, 2, 3, 0, 2, 1, 2, 1, 4, 3, 6, 5, 3, 3, 2, 2, 4, 1, 910, 0, 0, 0, 0, 0, 0]",-1,-5.583290424505739e-06,-1,0
5557,"[1, 1, 0, 2, 6, 5, 0, 2, 0, 1, 0, 0, 1, 0, 2, 0, 0, 0, 0, 0, 0, 0, 0, 0, 2, 0, 0, 0, 0, 0, 0, 0, 1, 1, 0, 1, 1, 0, 2, 2, 0, 0, 1, 0, 0, 0, 0, 1, 0, 0, 2, 2, 2, 0, 0, 0, 0, 0, 0, 0, 0, 0, 2, 2, 3, 0, 2, 1, 2, 1, 4, 3, 6, 5, 3, 3, 2, 2, 4, 1, 910, 0, 0, 0, 0, 0, 0]",0,0.24271887242366577,-1,0
5558,"[1, 1, 0, 2, 6, 5, 0, 2, 0, 1, 0, 0, 1, 0, 2, 0, 0, 0, 0, 0, 0, 0, 0, 0, 2, 0, 0, 0, 0, 0, 0, 0, 1, 1, 0, 1, 1, 0, 2, 2, 0, 0, 1, 0, 0, 0, 0, 1, 0, 0, 2, 2, 2, 0, 0, 0, 0, 0, 0, 0, 0, 0, 2, 2, 3, 0, 2, 1, 2, 1, 4, 3, 6, 5, 3, 3, 2, 2, 4, 1, 910, 0, 0, 0, 0, 0, 0]",-1,-5.583290424505739e-06,-1,0
5559,"[1, 1, 0, 2, 6, 5, 0, 2, 0, 1, 0, 0, 1, 0, 2, 0, 0, 0, 0, 0, 0, 0, 0, 0, 2, 0, 0, 0, 0, 0, 0, 0, 1, 1, 0, 1, 1, 0, 2, 2, 0, 0, 1, 0, 0, 0, 0, 1, 0, 0, 2, 2, 2, 0, 0, 0, 0, 0, 0, 0, 0, 0, 2, 2, 3, 0, 2, 1, 2, 1, 4, 3, 6, 5, 3, 3, 2, 2, 4, 1, 910, 0, 0, 0, 0, 0, 0]",0,0.24271887242366577,-1,0
5560,"[1, 1, 0, 2, 6, 5, 0, 2, 0, 1, 0, 0, 1, 0, 2, 0, 0, 0, 0, 0, 0, 0, 0, 0, 2, 0, 0, 0, 0, 0, 0, 0, 1, 1, 0, 1, 1, 0, 2, 2, 0, 0, 1, 0, 0, 0, 0, 1, 0, 0, 2, 2, 2, 0, 0, 0, 0, 0, 0, 0, 0, 0, 2, 2, 3, 0, 2, 1, 2, 1, 4, 3, 6, 5, 3, 3, 2, 2, 4, 1, 910, 0, 0, 0, 0, 0, 0]",-1,-5.583290424505739e-06,-1,0
5561,"[1, 1, 0, 2, 6, 5, 0, 2, 0, 1, 0, 0, 1, 0, 2, 0, 0, 0, 0, 0, 0, 0, 0, 0, 2, 0, 0, 0, 0, 0, 0, 0, 1, 1, 0, 1, 1, 0, 2, 2, 0, 0, 1, 0, 0, 0, 0, 1, 0, 0, 2, 2, 2, 0, 0, 0, 0, 0, 0, 0, 0, 0, 2, 2, 3, 0, 2, 1, 2, 1, 4, 3, 6, 5, 3, 3, 2, 2, 4, 1, 910, 0, 0, 0, 0, 0, 0]",0,0.24271887242366577,-1,0
5562,"[1, 1, 0, 2, 6, 5, 0, 2, 0, 1, 0, 0, 1, 0, 2, 0, 0, 0, 0, 0, 0, 0, 0, 0, 2, 0, 0, 0, 0, 0, 0, 0, 1, 1, 0, 1, 1, 0, 2, 2, 0, 0, 1, 0, 0, 0, 0, 1, 0, 0, 2, 2, 2, 0, 0, 0, 0, 0, 0, 0, 0, 0, 2, 2, 3, 0, 2, 1, 2, 1, 4, 3, 6, 5, 3, 3, 2, 2, 4, 1, 910, 0, 0, 0, 0, 0, 0]",-1,-5.583290424505739e-06,-1,0
5563,"[1, 1, 0, 2, 6, 5, 0, 2, 0, 1, 0, 0, 1, 0, 2, 0, 0, 0, 0, 0, 0, 0, 0, 0, 2, 0, 0, 0, 0, 0, 0, 0, 1, 1, 0, 1, 1, 0, 2, 2, 0, 0, 1, 0, 0, 0, 0, 1, 0, 0, 2, 2, 2, 0, 0, 0, 0, 0, 0, 0, 0, 0, 2, 2, 3, 0, 2, 1, 2, 1, 4, 3, 6, 5, 3, 3, 2, 2, 4, 1, 910, 0, 0, 0, 0, 0, 0]",0,0.24271887242366577,-1,0
5564,"[1, 1, 0, 2, 6, 5, 0, 2, 0, 1, 0, 0, 1, 0, 2, 0, 0, 0, 0, 0, 0, 0, 0, 0, 2, 0, 0, 0, 0, 0, 0, 0, 1, 1, 0, 1, 1, 0, 2, 2, 0, 0, 1, 0, 0, 0, 0, 1, 0, 0, 2, 2, 2, 0, 0, 0, 0, 0, 0, 0, 0, 0, 2, 2, 3, 0, 2, 1, 2, 1, 4, 3, 6, 5, 3, 3, 2, 2, 4, 1, 910, 0, 0, 0, 0, 0, 0]",-1,-5.583290424505739e-06,-1,0
5565,"[1, 1, 0, 2, 6, 5, 0, 2, 0, 1, 0, 0, 1, 0, 2, 0, 0, 0, 0, 0, 0, 0, 0, 0, 2, 0, 0, 0, 0, 0, 0, 0, 1, 1, 0, 1, 1, 0, 2, 2, 0, 0, 1, 0, 0, 0, 0, 1, 0, 0, 2, 2, 2, 0, 0, 0, 0, 0, 0, 0, 0, 0, 2, 2, 3, 0, 2, 1, 2, 1, 4, 3, 6, 5, 3, 3, 2, 2, 4, 1, 910, 0, 0, 0, 0, 0, 0]",0,0.24271887242366577,-1,0
5566,"[1, 1, 0, 2, 6, 5, 0, 2, 0, 1, 0, 0, 1, 0, 2, 0, 0, 0, 0, 0, 0, 0, 0, 0, 2, 0, 0, 0, 0, 0, 0, 0, 1, 1, 0, 1, 1, 0, 2, 2, 0, 0, 1, 0, 0, 0, 0, 1, 0, 0, 2, 2, 2, 0, 0, 0, 0, 0, 0, 0, 0, 0, 2, 2, 3, 0, 2, 1, 2, 1, 4, 3, 6, 5, 3, 3, 2, 2, 4, 1, 910, 0, 0, 0, 0, 0, 0]",-1,-5.583290424505739e-06,-1,0
5567,"[1, 1, 0, 2, 6, 5, 0, 2, 0, 1, 0, 0, 1, 0, 2, 0, 0, 0, 0, 0, 0, 0, 0, 0, 2, 0, 0, 0, 0, 0, 0, 0, 1, 1, 0, 1, 1, 0, 2, 2, 0, 0, 1, 0, 0, 0, 0, 1, 0, 0, 2, 2, 2, 0, 0, 0, 0, 0, 0, 0, 0, 0, 2, 2, 3, 0, 2, 1, 2, 1, 4, 3, 6, 5, 3, 3, 2, 2, 4, 1, 910, 0, 1, 0, 0, 0, 0]",2,0.4000000000000926,-1,0
5568,"[1, 1, 0, 2, 6, 5, 0, 2, 0, 1, 0, 0, 1, 0, 2, 0, 0, 0, 0, 0, 0, 0, 0, 0, 2, 0, 0, 0, 0, 0, 0, 0, 1, 1, 0, 1, 1, 0, 2, 2, 0, 0, 1, 0, 0, 0, 0, 1, 0, 0, 2, 2, 2, 0, 0, 0, 0, 0, 0, 0, 0, 0, 2, 2, 3, 0, 2, 1, 2, 1, 4, 3, 6, 5, 3, 3, 2, 2, 4, 1, 910, 0, 0, 0, 0, 0, 0]",-1,-5.583290424505739e-06,-1,0
5569,"[1, 1, 0, 2, 6, 5, 0, 2, 0, 1, 0, 0, 1, 0, 2, 0, 0, 0, 0, 0, 0, 0, 0, 0, 2, 0, 0, 0, 0, 0, 0, 0, 1, 1, 0, 1, 1, 0, 2, 2, 0, 0, 1, 0, 0, 0, 0, 1, 0, 0, 2, 2, 2, 0, 0, 0, 0, 0, 0, 0, 0, 0, 2, 2, 3, 0, 2, 1, 2, 1, 4, 3, 6, 5, 3, 3, 2, 2, 4, 1, 910, 1, 0, 0, 0, 0, 0]",3,0.2000000000000927,-1,0
5570,"[1, 1, 0, 2, 6, 5, 0, 2, 0, 1, 0, 0, 1, 0, 2, 0, 0, 0, 0, 0, 0, 0, 0, 0, 2, 0, 0, 0, 0, 0, 0, 0, 1, 1, 0, 1, 1, 0, 2, 2, 0, 0, 1, 0, 0, 0, 0, 1, 0, 0, 2, 2, 2, 0, 0, 0, 0, 0, 0, 0, 0, 0, 2, 2, 3, 0, 2, 1, 2, 1, 4, 3, 6, 5, 3, 3, 2, 2, 4, 1, 910, 0, 0, 0, 0, 0, 0]",-1,-5.583290424505739e-06,-1,0
5571,"[1, 1, 0, 2, 6, 5, 0, 2, 0, 1, 0, 0, 1, 0, 2, 0, 0, 0, 0, 0, 0, 0, 0, 0, 2, 0, 0, 0, 0, 0, 0, 0, 1, 1, 0, 1, 1, 0, 2, 2, 0, 0, 1, 0, 0, 0, 0, 1, 0, 0, 2, 2, 2, 0, 0, 0, 0, 0, 0, 0, 0, 0, 2, 2, 3, 0, 2, 1, 2, 1, 4, 3, 6, 5, 3, 3, 2, 2, 4, 1, 910, 0, 1, 0, 0, 0, 0]",2,0.4000000000000926,-1,0
5572,"[1, 1, 0, 2, 6, 5, 0, 2, 0, 1, 0, 0, 1, 0, 2, 0, 0, 0, 0, 0, 0, 0, 0, 0, 2, 0, 0, 0, 0, 0, 0, 0, 1, 1, 0, 1, 1, 0, 2, 2, 0, 0, 1, 0, 0, 0, 0, 1, 0, 0, 2, 2, 2, 0, 0, 0, 0, 0, 0, 0, 0, 0, 2, 2, 3, 0, 2, 1, 2, 1, 4, 3, 6, 5, 3, 3, 2, 2, 4, 1, 910, 0, 0, 0, 0, 0, 0]",-1,-5.583290424505739e-06,-1,0
5573,"[1, 1, 0, 2, 6, 5, 0, 2, 0, 1, 0, 0, 1, 0, 2, 0, 0, 0, 0, 0, 0, 0, 0, 0, 2, 0, 0, 0, 0, 0, 0, 0, 1, 1, 0, 1, 1, 0, 2, 2, 0, 0, 1, 0, 0, 0, 0, 1, 0, 0, 2, 2, 2, 0, 0, 0, 0, 0, 0, 0, 0, 0, 2, 2, 3, 0, 2, 1, 2, 1, 4, 3, 6, 5, 3, 3, 2, 2, 4, 1, 910, 1, 0, 0, 0, 0, 0]",3,0.2000000000000927,-1,0
5574,"[1, 1, 0, 2, 6, 5, 0, 2, 0, 1, 0, 0, 1, 0, 2, 0, 0, 0, 0, 0, 0, 0, 0, 0, 2, 0, 0, 0, 0, 0, 0, 0, 1, 1, 0, 1, 1, 0, 2, 2, 0, 0, 1, 0, 0, 0, 0, 1, 0, 0, 2, 2, 2, 0, 0, 0, 0, 0, 0, 0, 0, 0, 2, 2, 3, 0, 2, 1, 2, 1, 4, 3, 6, 5, 3, 3, 2, 2, 4, 1, 910, 0, 0, 0, 0, 0, 0]",-1,-5.583290424505739e-06,-1,0
5575,"[2, 1, 0, 2, 6, 6, 0, 2, 0, 1, 0, 0, 1, 0, 2, 0, 0, 0, 0, 0, 0, 0, 0, 0, 2, 0, 0, 0, 0, 0, 0, 0, 1, 1, 0, 1, 1, 0, 2, 2, 0, 0, 1, 0, 0, 0, 0, 1, 0, 0, 2, 2, 2, 0, 0, 0, 0, 0, 0, 0, 0, 0, 2, 2, 3, 0, 2, 1, 2, 1, 4, 3, 6, 5, 3, 3, 2, 2, 4, 1, 911, 0, 0, 0, 0, 0, 0]",4,14.272452670515655,-1,0
5576,"[2, 1, 0, 2, 6, 6, 0, 2, 0, 1, 0, 0, 1, 0, 2, 0, 0, 0, 0, 0, 0, 0, 0, 0, 2, 0, 0, 0, 0, 0, 0, 0, 1, 1, 0, 1, 1, 0, 2, 2, 0, 0, 1, 0, 0, 0, 0, 1, 0, 0, 2, 2, 2, 0, 0, 0, 0, 0, 0, 0, 0, 0, 2, 2, 3, 0, 2, 1, 2, 1, 4, 3, 6, 5, 3, 3, 2, 2, 4, 1, 911, 0, 0, 0, 0, 0, 0]",-1,-5.52773575655523e-06,-1,1
5577,"[2, 1, 0, 2, 6, 6, 0, 2, 0, 1, 0, 0, 1, 0, 2, 0, 0, 0, 0, 0, 0, 0, 0, 0, 2, 0, 0, 0, 0, 0, 0, 0, 1, 1, 0, 1, 1, 0, 2, 2, 0, 0, 1, 0, 0, 0, 0, 1, 0, 0, 2, 2, 2, 0, 0, 0, 0, 0, 0, 0, 0, 0, 2, 2, 3, 0, 2, 1, 2, 1, 4, 3, 6, 5, 3, 3, 2, 2, 4, 1, 911, 0, 0, 0, 0, 0, 0]",-1,-5.52773575655523e-06,-1,1
5578,"[2, 1, 0, 2, 6, 6, 0, 2, 0, 1, 0, 0, 1, 0, 2, 0, 0, 0, 0, 0, 0, 0, 0, 0, 2, 0, 0, 0, 0, 0, 0, 0, 1, 1, 0, 1, 1, 0, 2, 2, 0, 0, 1, 0, 0, 0, 0, 1, 0, 0, 2, 2, 2, 0, 0, 0, 0, 0, 0, 0, 0, 0, 2, 2, 3, 0, 2, 1, 2, 1, 4, 3, 6, 5, 3, 3, 2, 2, 4, 1, 912, 0, 0, 0, 0, 0, 0]",4,12.581650864690367,-1,1
5579,"[2, 1, 0, 2, 6, 6, 0, 2, 0, 1, 0, 0, 1, 0, 2, 0, 0, 0, 0, 0, 0, 0, 0, 0, 2, 0, 0, 0, 0, 0, 0, 0, 1, 1, 0, 1, 1, 0, 2, 2, 0, 0, 1, 0, 0, 0, 0, 1, 0, 0, 2, 2, 2, 0, 0, 0, 0, 0, 0, 0, 0, 0, 2, 2, 3, 0, 2, 1, 2, 1, 4, 3, 6, 5, 3, 3, 2, 2, 4, 1, 912, 0, 0, 0, 0, 0, 0]",1,0.6096241150997023,-1,0
5580,"[2, 1, 0, 2, 6, 6, 0, 2, 0, 1, 0, 0, 1, 0, 2, 0, 0, 0, 0, 0, 0, 0, 0, 0, 2, 0, 0, 0, 0, 0, 0, 0, 1, 1, 0, 1, 1, 0, 2, 2, 0, 0, 1, 0, 0, 0, 0, 1, 0, 0, 2, 2, 2, 0, 0, 0, 0, 0, 0, 0, 0, 0, 2, 2, 3, 0, 2, 1, 2, 1, 4, 3, 6, 5, 3, 3, 2, 2, 4, 1, 912, 0, 0, 0, 0, 0, 0]",-1,-5.472733866786829e-06,-1,0
5581,"[2, 1, 0, 2, 6, 6, 0, 2, 0, 1, 0, 0, 1, 0, 2, 0, 0, 0, 0, 0, 0, 0, 0, 0, 2, 0, 0, 0, 0, 0, 0, 0, 1, 1, 0, 1, 1, 0, 2, 2, 0, 0, 1, 0, 0, 0, 0, 1, 0, 0, 2, 2, 2, 0, 0, 0, 0, 0, 0, 0, 0, 0, 2, 2, 3, 0, 2, 1, 2, 1, 4, 3, 6, 5, 3, 3, 2, 2, 4, 1, 912, 1, 0, 0, 0, 0, 0]",3,0.20000000000008558,-1,0
5582,"[0, 1, 0, 3, 6, 6, 0, 2, 0, 1, 0, 0, 1, 0, 2, 0, 0, 0, 0, 0, 0, 0, 0, 0, 2, 0, 0, 0, 0, 0, 0, 0, 1, 1, 0, 1, 1, 0, 2, 2, 0, 0, 1, 0, 0, 0, 0, 1, 0, 0, 2, 2, 2, 0, 0, 0, 0, 0, 0, 0, 0, 0, 2, 2, 3, 0, 2, 1, 2, 1, 4, 3, 6, 5, 3, 3, 2, 2, 4, 1, 912, 0, 0, 0, 0, 0, 0]","[[2 0 0 0]
 [0 0 0 1]]",-0.19854231808887338,-1,0
5583,"[0, 1, 0, 3, 6, 6, 0, 2, 0, 1, 0, 0, 1, 0, 2, 0, 0, 0, 0, 0, 0, 0, 0, 0, 2, 0, 0, 0, 0, 0, 0, 0, 1, 1, 0, 1, 1, 0, 2, 2, 0, 0, 1, 0, 0, 0, 0, 1, 0, 0, 2, 2, 2, 0, 0, 0, 0, 0, 0, 0, 0, 0, 2, 2, 3, 0, 2, 1, 2, 1, 4, 3, 6, 5, 3, 3, 2, 2, 4, 1, 912, 0, 0, 0, 0, 0, 0]",1,0.6096241150997023,-1,0
5584,"[0, 1, 0, 3, 6, 6, 0, 2, 0, 1, 0, 0, 1, 0, 2, 0, 0, 0, 0, 0, 0, 0, 0, 0, 2, 0, 0, 0, 0, 0, 0, 0, 1, 1, 0, 1, 1, 0, 2, 2, 0, 0, 1, 0, 0, 0, 0, 1, 0, 0, 2, 2, 2, 0, 0, 0, 0, 0, 0, 0, 0, 0, 2, 2, 3, 0, 2, 1, 2, 1, 4, 3, 6, 5, 3, 3, 2, 2, 4, 1, 912, 0, 0, 0, 0, 0, 0]",-1,-5.472733866786829e-06,-1,0
5585,"[0, 1, 0, 3, 6, 6, 0, 2, 0, 1, 0, 0, 1, 0, 2, 0, 0, 0, 0, 0, 0, 0, 0, 0, 2, 0, 0, 0, 0, 0, 0, 0, 1, 1, 0, 1, 1, 0, 2, 2, 0, 0, 1, 0, 0, 0, 0, 1, 0, 0, 2, 2, 2, 0, 0, 0, 0, 0, 0, 0, 0, 0, 2, 2, 3, 0, 2, 1, 2, 1, 4, 3, 6, 5, 3, 3, 2, 2, 4, 1, 913, 0, 0, 0, 0, 0, 0]",4,13.893485502740855,-1,0
5586,"[0, 1, 0, 3, 6, 6, 0, 2, 0, 1, 0, 0, 1, 0, 2, 0, 0, 0, 0, 0, 0, 0, 0, 0, 2, 0, 0, 0, 0, 0, 0, 0, 1, 1, 0, 1, 1, 0, 2, 2, 0, 0, 1, 0, 0, 0, 0, 1, 0, 0, 2, 2, 2, 0, 0, 0, 0, 0, 0, 0, 0, 0, 2, 2, 3, 0, 2, 1, 2, 1, 4, 3, 6, 5, 3, 3, 2, 2, 4, 1, 913, 0, 1, 0, 0, 0, 0]",2,0.4000000000000822,-1,1
5587,"[0, 1, 0, 3, 6, 6, 0, 2, 0, 1, 0, 0, 1, 0, 2, 0, 0, 0, 0, 0, 0, 0, 0, 0, 2, 0, 0, 0, 0, 0, 0, 0, 1, 1, 0, 1, 1, 0, 2, 2, 0, 0, 1, 0, 0, 0, 0, 1, 0, 0, 2, 2, 2, 0, 0, 0, 0, 0, 0, 0, 0, 0, 2, 2, 3, 0, 2, 1, 2, 1, 4, 3, 6, 5, 3, 3, 2, 2, 4, 1, 913, 0, 1, 0, 0, 1, 0]","[[3 1 0 1]
 [0 1 0 3]]",-0.034067791175885404,-1,1
5588,"[0, 1, 0, 3, 6, 6, 0, 2, 0, 1, 0, 0, 1, 0, 2, 0, 0, 0, 0, 0, 0, 0, 0, 0, 2, 0, 0, 0, 0, 0, 0, 0, 1, 1, 0, 1, 1, 0, 2, 2, 0, 0, 1, 0, 0, 0, 0, 1, 0, 0, 2, 2, 2, 0, 0, 0, 0, 0, 0, 0, 0, 0, 2, 2, 3, 0, 2, 1, 2, 1, 4, 3, 6, 5, 3, 3, 2, 2, 4, 1, 913, 0, 0, 0, 0, 0, 0]",1,-0.1999999999999178,-1,0
5589,"[0, 1, 0, 3, 6, 6, 0, 2, 0, 1, 0, 0, 1, 0, 2, 0, 0, 0, 0, 0, 0, 0, 0, 0, 2, 0, 0, 0, 0, 0, 0, 0, 1, 1, 0, 1, 1, 0, 2, 2, 0, 0, 1, 0, 0, 0, 0, 1, 0, 0, 2, 2, 2, 0, 0, 0, 0, 0, 0, 0, 0, 0, 2, 2, 3, 0, 2, 1, 2, 1, 4, 3, 6, 5, 3, 3, 2, 2, 4, 1, 913, 0, 0, 0, 0, 0, 0]",0,0.2949747468306655,-1,1
5590,"[0, 1, 0, 3, 6, 6, 0, 2, 0, 1, 0, 0, 1, 0, 2, 0, 0, 0, 0, 0, 0, 0, 0, 0, 2, 0, 0, 0, 0, 0, 0, 0, 1, 1, 0, 1, 1, 0, 2, 2, 0, 0, 1, 0, 0, 0, 0, 1, 0, 0, 2, 2, 2, 0, 0, 0, 0, 0, 0, 0, 0, 0, 2, 2, 3, 0, 2, 1, 2, 1, 4, 3, 6, 5, 3, 3, 2, 2, 4, 1, 913, 0, 0, 0, 0, 0, 0]",-1,-5.418279254965743e-06,-1,1
5591,"[0, 1, 0, 3, 6, 6, 0, 2, 0, 1, 0, 0, 1, 0, 2, 0, 0, 0, 0, 0, 0, 0, 0, 0, 2, 0, 0, 0, 0, 0, 0, 0, 1, 1, 0, 1, 1, 0, 2, 2, 0, 0, 1, 0, 0, 0, 0, 1, 0, 0, 2, 2, 2, 0, 0, 0, 0, 0, 0, 0, 0, 0, 2, 2, 3, 0, 2, 1, 2, 1, 4, 3, 6, 5, 3, 3, 2, 2, 4, 1, 914, 0, 0, 0, 0, 0, 0]",4,12.581650645777357,-1,1
5592,"[0, 1, 0, 3, 6, 6, 0, 2, 0, 1, 0, 0, 1, 0, 2, 0, 0, 0, 0, 0, 0, 0, 0, 0, 2, 0, 0, 0, 0, 0, 0, 0, 1, 1, 0, 1, 1, 0, 2, 2, 0, 0, 1, 0, 0, 0, 0, 1, 0, 0, 2, 2, 2, 0, 0, 0, 0, 0, 0, 0, 0, 0, 2, 2, 3, 0, 2, 1, 2, 1, 4, 3, 6, 5, 3, 3, 2, 2, 4, 1, 914, 1, 0, 0, 0, 0, 0]",3,0.200000000000079,-1,0
5593,"[0, 1, 0, 3, 6, 6, 0, 2, 0, 1, 0, 0, 1, 0, 2, 0, 0, 0, 0, 0, 0, 0, 0, 0, 2, 0, 0, 0, 0, 0, 0, 0, 1, 1, 0, 1, 1, 0, 2, 2, 0, 0, 1, 0, 0, 0, 0, 1, 0, 0, 2, 2, 2, 0, 0, 0, 0, 0, 0, 0, 0, 0, 2, 2, 3, 0, 2, 1, 2, 1, 4, 3, 6, 5, 3, 3, 2, 2, 4, 1, 914, 0, 0, 0, 0, 0, 0]",-1,-5.364366475585401e-06,-1,0
5594,"[0, 1, 0, 3, 6, 6, 0, 2, 0, 1, 0, 0, 1, 0, 2, 0, 0, 0, 0, 0, 0, 0, 0, 0, 2, 0, 0, 0, 0, 0, 0, 0, 1, 1, 0, 1, 1, 0, 2, 2, 0, 0, 1, 0, 0, 0, 0, 1, 0, 0, 2, 2, 2, 0, 0, 0, 0, 0, 0, 0, 0, 0, 2, 2, 3, 0, 2, 1, 2, 1, 4, 3, 6, 5, 3, 3, 2, 2, 4, 1, 914, 0, 1, 0, 0, 0, 0]",2,0.40000000000007896,-1,0
5595,"[0, 1, 0, 3, 6, 6, 0, 2, 0, 1, 0, 0, 1, 0, 2, 0, 0, 0, 0, 0, 0, 0, 0, 0, 2, 0, 0, 0, 0, 0, 0, 0, 1, 1, 0, 1, 1, 0, 2, 2, 0, 0, 1, 0, 0, 0, 0, 1, 0, 0, 2, 2, 2, 0, 0, 0, 0, 0, 0, 0, 0, 0, 2, 2, 3, 0, 2, 1, 2, 1, 4, 3, 6, 5, 3, 3, 2, 2, 4, 1, 914, 0, 1, 0, 0, 1, 0]","[[0 0 0 1]
 [1 0 0 0]]",0.6504248650581699,-1,0
5596,"[0, 1, 0, 3, 6, 6, 0, 2, 0, 1, 0, 0, 1, 0, 2, 0, 0, 0, 0, 0, 0, 0, 0, 0, 2, 0, 0, 0, 0, 0, 0, 0, 1, 1, 0, 1, 1, 0, 2, 2, 0, 0, 1, 0, 0, 0, 0, 1, 0, 0, 2, 2, 2, 0, 0, 0, 0, 0, 0, 0, 0, 0, 2, 2, 3, 0, 2, 1, 2, 1, 4, 3, 6, 5, 3, 3, 2, 2, 4, 1, 914, 0, 1, 0, 0, 0, 1]",2,-0.19999999999992102,-1,1
5597,"[0, 1, 0, 3, 6, 6, 0, 2, 0, 1, 0, 0, 1, 0, 2, 0, 0, 0, 0, 0, 0, 0, 0, 0, 2, 0, 0, 0, 0, 0, 0, 0, 1, 1, 0, 1, 1, 0, 2, 2, 0, 0, 1, 0, 0, 0, 0, 1, 0, 0, 2, 2, 2, 0, 0, 0, 0, 0, 0, 0, 0, 0, 2, 2, 3, 0, 2, 1, 2, 1, 4, 3, 6, 5, 3, 3, 2, 2, 4, 1, 914, 0, 0, 1, 0, 0, 0]","[[2 1 0 1]
 [0 1 0 3]]",-0.19999999999992102,-1,1
5598,"[0, 1, 0, 3, 6, 6, 0, 2, 0, 1, 0, 0, 1, 0, 2, 0, 0, 0, 0, 0, 0, 0, 0, 0, 2, 0, 0, 0, 0, 0, 0, 0, 1, 1, 0, 1, 1, 0, 2, 2, 0, 0, 1, 0, 0, 0, 0, 1, 0, 0, 2, 2, 2, 0, 0, 0, 0, 0, 0, 0, 0, 0, 2, 2, 3, 0, 2, 1, 2, 1, 4, 3, 6, 5, 3, 3, 2, 2, 4, 1, 914, 0, 0, 0, 0, 0, 0]",1,-17.969154372513298,-1,0
5599,"[0, 1, 0, 3, 6, 6, 0, 2, 0, 1, 0, 0, 1, 0, 2, 0, 0, 0, 0, 0, 0, 0, 0, 0, 2, 0, 0, 0, 0, 0, 0, 0, 1, 1, 0, 1, 1, 0, 2, 2, 0, 0, 1, 0, 0, 0, 0, 1, 0, 0, 2, 2, 2, 0, 0, 0, 0, 0, 0, 0, 0, 0, 2, 2, 3, 0, 2, 1, 2, 1, 4, 3, 6, 5, 3, 3, 2, 2, 4, 1, 914, 1, 0, 0, 0, 0, 0]",3,0.200000000000079,-1,0
5600,"[0, 1, 0, 3, 6, 6, 0, 2, 0, 1, 0, 0, 1, 0, 2, 0, 0, 0, 0, 0, 0, 0, 0, 0, 2, 0, 0, 0, 0, 0, 0, 0, 1, 1, 0, 1, 1, 0, 2, 2, 0, 0, 1, 0, 0, 0, 0, 1, 0, 0, 2, 2, 2, 0, 0, 0, 0, 0, 0, 0, 0, 0, 2, 2, 3, 0, 2, 1, 2, 1, 4, 3, 6, 5, 3, 3, 2, 2, 4, 1, 914, 0, 0, 0, 0, 0, 0]",-1,-5.364366475585401e-06,-1,0
5601,"[0, 1, 0, 1, 3, 3, 0, 1, 0, 1, 0, 0, 1, 0, 2, 0, 0, 0, 0, 0, 0, 0, 0, 0, 2, 0, 0, 0, 0, 0, 0, 0, 1, 1, 0, 1, 1, 0, 2, 2, 0, 0, 1, 0, 0, 0, 0, 1, 0, 0, 2, 2, 2, 0, 0, 0, 0, 0, 0, 0, 0, 0, 2, 2, 3, 0, 2, 1, 2, 1, 4, 3, 6, 5, 3, 3, 2, 2, 4, 2, 915, 0, 0, 0, 0, 0, 0]",4,14.259473900026803,-1,0
5602,"[0, 1, 0, 1, 3, 3, 0, 1, 0, 1, 0, 0, 1, 0, 2, 0, 0, 0, 0, 0, 0, 0, 0, 0, 2, 0, 0, 0, 0, 0, 0, 0, 1, 1, 0, 1, 1, 0, 2, 2, 0, 0, 1, 0, 0, 0, 0, 1, 0, 0, 2, 2, 2, 0, 0, 0, 0, 0, 0, 0, 0, 0, 2, 2, 3, 0, 2, 1, 2, 1, 4, 3, 6, 5, 3, 3, 2, 2, 4, 2, 915, 0, 0, 0, 0, 0, 0]",-1,-5.310990137322938e-06,-1,1
5603,"[0, 1, 0, 1, 3, 3, 0, 1, 0, 1, 0, 0, 1, 0, 2, 0, 0, 0, 0, 0, 0, 0, 0, 0, 2, 0, 0, 0, 0, 0, 0, 0, 1, 1, 0, 1, 1, 0, 2, 2, 0, 0, 1, 0, 0, 0, 0, 1, 0, 0, 2, 2, 2, 0, 0, 0, 0, 0, 0, 0, 0, 0, 2, 2, 3, 0, 2, 1, 2, 1, 4, 3, 6, 5, 3, 3, 2, 2, 4, 2, 915, 0, 0, 0, 0, 0, 0]",-1,-5.310990137322938e-06,-1,1
5604,"[0, 1, 0, 1, 5, 3, 0, 1, 0, 1, 0, 0, 1, 0, 2, 0, 0, 0, 0, 0, 0, 0, 0, 0, 2, 0, 0, 0, 0, 0, 0, 0, 1, 1, 0, 1, 1, 0, 2, 2, 0, 0, 1, 0, 0, 0, 0, 1, 0, 0, 2, 2, 2, 0, 0, 0, 0, 0, 0, 0, 0, 0, 2, 2, 3, 0, 2, 1, 2, 1, 4, 3, 6, 5, 3, 3, 2, 2, 4, 2, 916, 0, 0, 0, 0, 0, 0]",4,12.558372773280398,-1,1
5605,"[0, 1, 0, 1, 5, 3, 0, 1, 0, 1, 0, 0, 1, 0, 2, 0, 0, 0, 0, 0, 0, 0, 0, 0, 2, 0, 0, 0, 0, 0, 0, 0, 1, 1, 0, 1, 1, 0, 2, 2, 0, 0, 1, 0, 0, 0, 0, 1, 0, 0, 2, 2, 2, 0, 0, 0, 0, 0, 0, 0, 0, 0, 2, 2, 3, 0, 2, 1, 2, 1, 4, 3, 6, 5, 3, 3, 2, 2, 4, 2, 916, 0, 1, 0, 0, 0, 0]",2,0.40000000000007285,-1,0
5606,"[0, 1, 0, 1, 5, 3, 0, 1, 0, 1, 0, 0, 1, 0, 2, 0, 0, 0, 0, 0, 0, 0, 0, 0, 2, 0, 0, 0, 0, 0, 0, 0, 1, 1, 0, 1, 1, 0, 2, 2, 0, 0, 1, 0, 0, 0, 0, 1, 0, 0, 2, 2, 2, 0, 0, 0, 0, 0, 0, 0, 0, 0, 2, 2, 3, 0, 2, 1, 2, 1, 4, 3, 6, 5, 3, 3, 2, 2, 4, 2, 916, 0, 1, 0, 0, 1, 0]","[[0 0 0 1]
 [1 0 0 0]]",0.6504248650581638,-1,0
5607,"[1, 1, 0, 0, 4, 3, 0, 2, 0, 1, 0, 0, 1, 0, 2, 0, 0, 0, 0, 0, 0, 0, 0, 0, 2, 0, 0, 0, 0, 0, 0, 0, 1, 1, 0, 1, 1, 0, 2, 2, 0, 0, 1, 0, 0, 0, 0, 1, 0, 0, 2, 2, 2, 0, 0, 0, 0, 0, 0, 0, 0, 0, 2, 2, 3, 0, 2, 1, 2, 1, 4, 3, 6, 5, 3, 3, 2, 2, 4, 2, 916, 0, 0, 0, 0, 0, 0]",0,-0.1999999999999271,-1,1
5608,"[1, 1, 0, 0, 4, 3, 0, 2, 0, 1, 0, 0, 1, 0, 2, 0, 0, 0, 0, 0, 0, 0, 0, 0, 2, 0, 0, 0, 0, 0, 0, 0, 1, 1, 0, 1, 1, 0, 2, 2, 0, 0, 1, 0, 0, 0, 0, 1, 0, 0, 2, 2, 2, 0, 0, 0, 0, 0, 0, 0, 0, 0, 2, 2, 3, 0, 2, 1, 2, 1, 4, 3, 6, 5, 3, 3, 2, 2, 4, 2, 916, 0, 0, 0, 0, 0, 0]",0,0.242718872423646,-1,0
5609,"[1, 1, 0, 0, 4, 3, 0, 2, 0, 1, 0, 0, 1, 0, 2, 0, 0, 0, 0, 0, 0, 0, 0, 0, 2, 0, 0, 0, 0, 0, 0, 0, 1, 1, 0, 1, 1, 0, 2, 2, 0, 0, 1, 0, 0, 0, 0, 1, 0, 0, 2, 2, 2, 0, 0, 0, 0, 0, 0, 0, 0, 0, 2, 2, 3, 0, 2, 1, 2, 1, 4, 3, 6, 5, 3, 3, 2, 2, 4, 2, 916, 0, 0, 0, 0, 0, 0]",-1,-5.258144902500047e-06,-1,0
5610,"[1, 1, 0, 0, 4, 3, 0, 2, 0, 1, 0, 0, 1, 0, 2, 0, 0, 0, 0, 0, 0, 0, 0, 0, 2, 0, 0, 0, 0, 0, 0, 0, 1, 1, 0, 1, 1, 0, 2, 2, 0, 0, 1, 0, 0, 0, 0, 1, 0, 0, 2, 2, 2, 0, 0, 0, 0, 0, 0, 0, 0, 0, 2, 2, 3, 0, 2, 1, 2, 1, 4, 3, 6, 5, 3, 3, 2, 2, 4, 2, 916, 0, 0, 0, 0, 0, 0]",0,0.242718872423646,-1,0
5611,"[1, 1, 0, 0, 4, 3, 0, 2, 0, 1, 0, 0, 1, 0, 2, 0, 0, 0, 0, 0, 0, 0, 0, 0, 2, 0, 0, 0, 0, 0, 0, 0, 1, 1, 0, 1, 1, 0, 2, 2, 0, 0, 1, 0, 0, 0, 0, 1, 0, 0, 2, 2, 2, 0, 0, 0, 0, 0, 0, 0, 0, 0, 2, 2, 3, 0, 2, 1, 2, 1, 4, 3, 6, 5, 3, 3, 2, 2, 4, 2, 916, 0, 0, 0, 0, 0, 0]",-1,-5.258144902500047e-06,-1,0
5612,"[1, 1, 0, 0, 4, 3, 0, 2, 0, 1, 0, 0, 1, 0, 2, 0, 0, 0, 0, 0, 0, 0, 0, 0, 2, 0, 0, 0, 0, 0, 0, 0, 1, 1, 0, 1, 1, 0, 2, 2, 0, 0, 1, 0, 0, 0, 0, 1, 0, 0, 2, 2, 2, 0, 0, 0, 0, 0, 0, 0, 0, 0, 2, 2, 3, 0, 2, 1, 2, 1, 4, 3, 6, 5, 3, 3, 2, 2, 4, 2, 916, 0, 0, 0, 0, 0, 0]",0,0.242718872423646,-1,0
5613,"[1, 1, 0, 0, 4, 3, 0, 2, 0, 1, 0, 0, 1, 0, 2, 0, 0, 0, 0, 0, 0, 0, 0, 0, 2, 0, 0, 0, 0, 0, 0, 0, 1, 1, 0, 1, 1, 0, 2, 2, 0, 0, 1, 0, 0, 0, 0, 1, 0, 0, 2, 2, 2, 0, 0, 0, 0, 0, 0, 0, 0, 0, 2, 2, 3, 0, 2, 1, 2, 1, 4, 3, 6, 5, 3, 3, 2, 2, 4, 2, 916, 0, 0, 0, 0, 0, 0]",-1,-5.258144902500047e-06,-1,0
5614,"[1, 1, 0, 0, 4, 3, 0, 2, 0, 1, 0, 0, 1, 0, 2, 0, 0, 0, 0, 0, 0, 0, 0, 0, 2, 0, 0, 0, 0, 0, 0, 0, 1, 1, 0, 1, 1, 0, 2, 2, 0, 0, 1, 0, 0, 0, 0, 1, 0, 0, 2, 2, 2, 0, 0, 0, 0, 0, 0, 0, 0, 0, 2, 2, 3, 0, 2, 1, 2, 1, 4, 3, 6, 5, 3, 3, 2, 2, 4, 2, 916, 0, 0, 0, 0, 0, 0]",0,0.242718872423646,-1,0
5615,"[1, 1, 0, 0, 4, 3, 0, 2, 0, 1, 0, 0, 1, 0, 2, 0, 0, 0, 0, 0, 0, 0, 0, 0, 2, 0, 0, 0, 0, 0, 0, 0, 1, 1, 0, 1, 1, 0, 2, 2, 0, 0, 1, 0, 0, 0, 0, 1, 0, 0, 2, 2, 2, 0, 0, 0, 0, 0, 0, 0, 0, 0, 2, 2, 3, 0, 2, 1, 2, 1, 4, 3, 6, 5, 3, 3, 2, 2, 4, 2, 916, 0, 0, 0, 0, 0, 0]",-1,-5.258144902500047e-06,-1,0
5616,"[1, 1, 0, 0, 4, 3, 0, 2, 0, 1, 0, 0, 1, 0, 2, 0, 0, 0, 0, 0, 0, 0, 0, 0, 2, 0, 0, 0, 0, 0, 0, 0, 1, 1, 0, 1, 1, 0, 2, 2, 0, 0, 1, 0, 0, 0, 0, 1, 0, 0, 2, 2, 2, 0, 0, 0, 0, 0, 0, 0, 0, 0, 2, 2, 3, 0, 2, 1, 2, 1, 4, 3, 6, 5, 3, 3, 2, 2, 4, 2, 916, 0, 0, 0, 0, 0, 0]",0,0.242718872423646,-1,0
5617,"[1, 1, 0, 0, 4, 3, 0, 2, 0, 1, 0, 0, 1, 0, 2, 0, 0, 0, 0, 0, 0, 0, 0, 0, 2, 0, 0, 0, 0, 0, 0, 0, 1, 1, 0, 1, 1, 0, 2, 2, 0, 0, 1, 0, 0, 0, 0, 1, 0, 0, 2, 2, 2, 0, 0, 0, 0, 0, 0, 0, 0, 0, 2, 2, 3, 0, 2, 1, 2, 1, 4, 3, 6, 5, 3, 3, 2, 2, 4, 2, 916, 0, 0, 0, 0, 0, 0]",-1,-5.258144902500047e-06,-1,0
5618,"[1, 1, 0, 0, 4, 3, 0, 2, 0, 1, 0, 0, 1, 0, 2, 0, 0, 0, 0, 0, 0, 0, 0, 0, 2, 0, 0, 0, 0, 0, 0, 0, 1, 1, 0, 1, 1, 0, 2, 2, 0, 0, 1, 0, 0, 0, 0, 1, 0, 0, 2, 2, 2, 0, 0, 0, 0, 0, 0, 0, 0, 0, 2, 2, 3, 0, 2, 1, 2, 1, 4, 3, 6, 5, 3, 3, 2, 2, 4, 2, 916, 0, 0, 0, 0, 0, 0]",0,0.242718872423646,-1,0
5619,"[1, 1, 0, 0, 4, 3, 0, 2, 0, 1, 0, 0, 1, 0, 2, 0, 0, 0, 0, 0, 0, 0, 0, 0, 2, 0, 0, 0, 0, 0, 0, 0, 1, 1, 0, 1, 1, 0, 2, 2, 0, 0, 1, 0, 0, 0, 0, 1, 0, 0, 2, 2, 2, 0, 0, 0, 0, 0, 0, 0, 0, 0, 2, 2, 3, 0, 2, 1, 2, 1, 4, 3, 6, 5, 3, 3, 2, 2, 4, 2, 916, 0, 0, 0, 0, 0, 0]",-1,-5.258144902500047e-06,-1,0
5620,"[1, 1, 0, 0, 4, 3, 0, 2, 0, 1, 0, 0, 1, 0, 2, 0, 0, 0, 0, 0, 0, 0, 0, 0, 2, 0, 0, 0, 0, 0, 0, 0, 1, 1, 0, 1, 1, 0, 2, 2, 0, 0, 1, 0, 0, 0, 0, 1, 0, 0, 2, 2, 2, 0, 0, 0, 0, 0, 0, 0, 0, 0, 2, 2, 3, 0, 2, 1, 2, 1, 4, 3, 6, 5, 3, 3, 2, 2, 4, 2, 916, 0, 0, 0, 0, 0, 0]",0,0.242718872423646,-1,0
5621,"[1, 1, 0, 0, 4, 3, 0, 2, 0, 1, 0, 0, 1, 0, 2, 0, 0, 0, 0, 0, 0, 0, 0, 0, 2, 0, 0, 0, 0, 0, 0, 0, 1, 1, 0, 1, 1, 0, 2, 2, 0, 0, 1, 0, 0, 0, 0, 1, 0, 0, 2, 2, 2, 0, 0, 0, 0, 0, 0, 0, 0, 0, 2, 2, 3, 0, 2, 1, 2, 1, 4, 3, 6, 5, 3, 3, 2, 2, 4, 2, 916, 0, 0, 0, 0, 0, 0]",-1,-5.258144902500047e-06,-1,0
5622,"[1, 1, 0, 0, 4, 3, 0, 2, 0, 1, 0, 0, 1, 0, 2, 0, 0, 0, 0, 0, 0, 0, 0, 0, 2, 0, 0, 0, 0, 0, 0, 0, 1, 1, 0, 1, 1, 0, 2, 2, 0, 0, 1, 0, 0, 0, 0, 1, 0, 0, 2, 2, 2, 0, 0, 0, 0, 0, 0, 0, 0, 0, 2, 2, 3, 0, 2, 1, 2, 1, 4, 3, 6, 5, 3, 3, 2, 2, 4, 2, 916, 0, 0, 0, 0, 0, 0]",0,0.242718872423646,-1,0
5623,"[1, 1, 0, 0, 4, 3, 0, 2, 0, 1, 0, 0, 1, 0, 2, 0, 0, 0, 0, 0, 0, 0, 0, 0, 2, 0, 0, 0, 0, 0, 0, 0, 1, 1, 0, 1, 1, 0, 2, 2, 0, 0, 1, 0, 0, 0, 0, 1, 0, 0, 2, 2, 2, 0, 0, 0, 0, 0, 0, 0, 0, 0, 2, 2, 3, 0, 2, 1, 2, 1, 4, 3, 6, 5, 3, 3, 2, 2, 4, 2, 916, 0, 0, 0, 0, 0, 0]",-1,-5.258144902500047e-06,-1,0
5624,"[1, 1, 0, 0, 4, 3, 0, 2, 0, 1, 0, 0, 1, 0, 2, 0, 0, 0, 0, 0, 0, 0, 0, 0, 2, 0, 0, 0, 0, 0, 0, 0, 1, 1, 0, 1, 1, 0, 2, 2, 0, 0, 1, 0, 0, 0, 0, 1, 0, 0, 2, 2, 2, 0, 0, 0, 0, 0, 0, 0, 0, 0, 2, 2, 3, 0, 2, 1, 2, 1, 4, 3, 6, 5, 3, 3, 2, 2, 4, 2, 916, 0, 0, 0, 0, 0, 0]",1,0.6096241150996896,-1,0
5625,"[1, 1, 0, 0, 4, 3, 0, 2, 0, 1, 0, 0, 1, 0, 2, 0, 0, 0, 0, 0, 0, 0, 0, 0, 2, 0, 0, 0, 0, 0, 0, 0, 1, 1, 0, 1, 1, 0, 2, 2, 0, 0, 1, 0, 0, 0, 0, 1, 0, 0, 2, 2, 2, 0, 0, 0, 0, 0, 0, 0, 0, 0, 2, 2, 3, 0, 2, 1, 2, 1, 4, 3, 6, 5, 3, 3, 2, 2, 4, 2, 916, 0, 0, 0, 0, 0, 0]",-1,-5.258144902500047e-06,-1,0
5626,"[1, 1, 0, 0, 4, 3, 0, 2, 0, 1, 0, 0, 1, 0, 2, 0, 0, 0, 0, 0, 0, 0, 0, 0, 2, 0, 0, 0, 0, 0, 0, 0, 1, 1, 0, 1, 1, 0, 2, 2, 0, 0, 1, 0, 0, 0, 0, 1, 0, 0, 2, 2, 2, 0, 0, 0, 0, 0, 0, 0, 0, 0, 2, 2, 3, 0, 2, 1, 2, 1, 4, 3, 6, 5, 3, 3, 2, 2, 4, 2, 916, 0, 0, 0, 0, 0, 0]",1,0.6096241150996896,-1,0
5627,"[1, 1, 0, 0, 4, 3, 0, 2, 0, 1, 0, 0, 1, 0, 2, 0, 0, 0, 0, 0, 0, 0, 0, 0, 2, 0, 0, 0, 0, 0, 0, 0, 1, 1, 0, 1, 1, 0, 2, 2, 0, 0, 1, 0, 0, 0, 0, 1, 0, 0, 2, 2, 2, 0, 0, 0, 0, 0, 0, 0, 0, 0, 2, 2, 3, 0, 2, 1, 2, 1, 4, 3, 6, 5, 3, 3, 2, 2, 4, 2, 916, 0, 0, 0, 0, 0, 0]",-1,-5.258144902500047e-06,-1,0
5628,"[1, 2, 0, 0, 4, 4, 0, 2, 0, 1, 0, 0, 1, 0, 2, 0, 0, 0, 0, 0, 0, 0, 0, 0, 2, 0, 0, 0, 0, 0, 0, 0, 1, 1, 0, 1, 1, 0, 2, 2, 0, 0, 1, 0, 0, 0, 0, 1, 0, 0, 2, 2, 2, 0, 0, 0, 0, 0, 0, 0, 0, 0, 2, 2, 3, 0, 2, 1, 2, 1, 4, 3, 6, 5, 3, 3, 2, 2, 4, 2, 917, 0, 0, 0, 0, 0, 0]",4,14.055679158109859,-1,0
5629,"[1, 2, 0, 0, 4, 4, 0, 2, 0, 1, 0, 0, 1, 0, 2, 0, 0, 0, 0, 0, 0, 0, 0, 0, 2, 0, 0, 0, 0, 0, 0, 0, 1, 1, 0, 1, 1, 0, 2, 2, 0, 0, 1, 0, 0, 0, 0, 1, 0, 0, 2, 2, 2, 0, 0, 0, 0, 0, 0, 0, 0, 0, 2, 2, 3, 0, 2, 1, 2, 1, 4, 3, 6, 5, 3, 3, 2, 2, 4, 2, 917, 0, 0, 0, 0, 0, 0]",0,0.2949747468306534,-1,1
5630,"[1, 2, 0, 0, 4, 4, 0, 2, 0, 1, 0, 0, 1, 0, 2, 0, 0, 0, 0, 0, 0, 0, 0, 0, 2, 0, 0, 0, 0, 0, 0, 0, 1, 1, 0, 1, 1, 0, 2, 2, 0, 0, 1, 0, 0, 0, 0, 1, 0, 0, 2, 2, 2, 0, 0, 0, 0, 0, 0, 0, 0, 0, 2, 2, 3, 0, 2, 1, 2, 1, 4, 3, 6, 5, 3, 3, 2, 2, 4, 2, 917, 0, 0, 0, 0, 0, 0]",-1,-5.205825486549208e-06,-1,1
5631,"[1, 2, 0, 0, 6, 4, 0, 2, 0, 1, 0, 0, 1, 0, 2, 0, 0, 0, 0, 0, 0, 0, 0, 0, 2, 0, 0, 0, 0, 0, 0, 0, 1, 1, 0, 1, 1, 0, 2, 2, 0, 0, 1, 0, 0, 0, 0, 1, 0, 0, 2, 2, 2, 0, 0, 0, 0, 0, 0, 0, 0, 0, 2, 2, 3, 0, 2, 1, 2, 1, 4, 3, 6, 5, 3, 3, 2, 2, 4, 2, 918, 0, 0, 0, 0, 0, 0]",4,12.599832824349903,-1,1
5632,"[1, 2, 0, 0, 6, 4, 0, 2, 0, 1, 0, 0, 1, 0, 2, 0, 0, 0, 0, 0, 0, 0, 0, 0, 2, 0, 0, 0, 0, 0, 0, 0, 1, 1, 0, 1, 1, 0, 2, 2, 0, 0, 1, 0, 0, 0, 0, 1, 0, 0, 2, 2, 2, 0, 0, 0, 0, 0, 0, 0, 0, 0, 2, 2, 3, 0, 2, 1, 2, 1, 4, 3, 6, 5, 3, 3, 2, 2, 4, 2, 918, 0, 1, 0, 0, 0, 0]",2,0.4000000000000673,-1,0
5633,"[1, 2, 0, 0, 6, 4, 0, 2, 0, 1, 0, 0, 1, 0, 2, 0, 0, 0, 0, 0, 0, 0, 0, 0, 2, 0, 0, 0, 0, 0, 0, 0, 1, 1, 0, 1, 1, 0, 2, 2, 0, 0, 1, 0, 0, 0, 0, 1, 0, 0, 2, 2, 2, 0, 0, 0, 0, 0, 0, 0, 0, 0, 2, 2, 3, 0, 2, 1, 2, 1, 4, 3, 6, 5, 3, 3, 2, 2, 4, 2, 918, 0, 1, 0, 0, 1, 0]","[[0 1 0 0]
 [0 0 0 1]]",0.6504248650581582,-1,0
5634,"[1, 2, 0, 0, 6, 4, 0, 2, 0, 1, 0, 0, 1, 0, 2, 0, 0, 0, 0, 0, 0, 0, 0, 0, 2, 0, 0, 0, 0, 0, 0, 0, 1, 1, 0, 1, 1, 0, 2, 2, 0, 0, 1, 0, 0, 0, 0, 1, 0, 0, 2, 2, 2, 0, 0, 0, 0, 0, 0, 0, 0, 0, 2, 2, 3, 0, 2, 1, 2, 1, 4, 3, 6, 5, 3, 3, 2, 2, 4, 2, 918, 0, 1, 0, 0, 0, 1]",2,-0.19999999999993268,-1,1
5635,"[1, 2, 0, 0, 6, 4, 0, 2, 0, 1, 0, 0, 1, 0, 2, 0, 0, 0, 0, 0, 0, 0, 0, 0, 2, 0, 0, 0, 0, 0, 0, 0, 1, 1, 0, 1, 1, 0, 2, 2, 0, 0, 1, 0, 0, 0, 0, 1, 0, 0, 2, 2, 2, 0, 0, 0, 0, 0, 0, 0, 0, 0, 2, 2, 3, 0, 2, 1, 2, 1, 4, 3, 6, 5, 3, 3, 2, 2, 4, 2, 918, 0, 0, 1, 0, 0, 0]","[[2 2 0 1]
 [1 2 0 0]]",-0.19999999999993268,-1,1
5636,"[1, 2, 0, 0, 6, 4, 0, 2, 0, 1, 0, 0, 1, 0, 2, 0, 0, 0, 0, 0, 0, 0, 0, 0, 2, 0, 0, 0, 0, 0, 0, 0, 1, 1, 0, 1, 1, 0, 2, 2, 0, 0, 1, 0, 0, 0, 0, 1, 0, 0, 2, 2, 2, 0, 0, 0, 0, 0, 0, 0, 0, 0, 2, 2, 3, 0, 2, 1, 2, 1, 4, 3, 6, 5, 3, 3, 2, 2, 4, 2, 918, 0, 0, 0, 0, 0, 0]",1,-18.682269018379387,-1,0
5637,"[1, 2, 0, 0, 6, 4, 0, 2, 0, 1, 0, 0, 1, 0, 2, 0, 0, 0, 0, 0, 0, 0, 0, 0, 2, 0, 0, 0, 0, 0, 0, 0, 1, 1, 0, 1, 1, 0, 2, 2, 0, 0, 1, 0, 0, 0, 0, 1, 0, 0, 2, 2, 2, 0, 0, 0, 0, 0, 0, 0, 0, 0, 2, 2, 3, 0, 2, 1, 2, 1, 4, 3, 6, 5, 3, 3, 2, 2, 4, 2, 918, 0, 0, 0, 0, 0, 0]",1,0.6096241150996841,-1,0
5638,"[1, 2, 0, 0, 6, 4, 0, 2, 0, 1, 0, 0, 1, 0, 2, 0, 0, 0, 0, 0, 0, 0, 0, 0, 2, 0, 0, 0, 0, 0, 0, 0, 1, 1, 0, 1, 1, 0, 2, 2, 0, 0, 1, 0, 0, 0, 0, 1, 0, 0, 2, 2, 2, 0, 0, 0, 0, 0, 0, 0, 0, 0, 2, 2, 3, 0, 2, 1, 2, 1, 4, 3, 6, 5, 3, 3, 2, 2, 4, 2, 918, 0, 0, 0, 0, 0, 0]",-1,-5.154026657485226e-06,-1,0
5639,"[1, 2, 0, 0, 6, 4, 0, 2, 0, 1, 0, 0, 1, 0, 2, 0, 0, 0, 0, 0, 0, 0, 0, 0, 2, 0, 0, 0, 0, 0, 0, 0, 1, 1, 0, 1, 1, 0, 2, 2, 0, 0, 1, 0, 0, 0, 0, 1, 0, 0, 2, 2, 2, 0, 0, 0, 0, 0, 0, 0, 0, 0, 2, 2, 3, 0, 2, 1, 2, 1, 4, 3, 6, 5, 3, 3, 2, 2, 4, 2, 918, 0, 0, 0, 0, 0, 0]",1,0.6096241150996841,-1,0
5640,"[1, 2, 0, 0, 6, 4, 0, 2, 0, 1, 0, 0, 1, 0, 2, 0, 0, 0, 0, 0, 0, 0, 0, 0, 2, 0, 0, 0, 0, 0, 0, 0, 1, 1, 0, 1, 1, 0, 2, 2, 0, 0, 1, 0, 0, 0, 0, 1, 0, 0, 2, 2, 2, 0, 0, 0, 0, 0, 0, 0, 0, 0, 2, 2, 3, 0, 2, 1, 2, 1, 4, 3, 6, 5, 3, 3, 2, 2, 4, 2, 918, 0, 0, 0, 0, 0, 0]",-1,-5.154026657485226e-06,-1,0
5641,"[1, 2, 0, 0, 6, 4, 0, 2, 0, 1, 0, 0, 1, 0, 2, 0, 0, 0, 0, 0, 0, 0, 0, 0, 2, 0, 0, 0, 0, 0, 0, 0, 1, 1, 0, 1, 1, 0, 2, 2, 0, 0, 1, 0, 0, 0, 0, 1, 0, 0, 2, 2, 2, 0, 0, 0, 0, 0, 0, 0, 0, 0, 2, 2, 3, 0, 2, 1, 2, 1, 4, 3, 6, 5, 3, 3, 2, 2, 4, 2, 918, 1, 0, 0, 0, 0, 0]",3,0.20000000000006735,-1,0
5642,"[1, 2, 0, 0, 6, 4, 0, 2, 0, 1, 0, 0, 1, 0, 2, 0, 0, 0, 0, 0, 0, 0, 0, 0, 2, 0, 0, 0, 0, 0, 0, 0, 1, 1, 0, 1, 1, 0, 2, 2, 0, 0, 1, 0, 0, 0, 0, 1, 0, 0, 2, 2, 2, 0, 0, 0, 0, 0, 0, 0, 0, 0, 2, 2, 3, 0, 2, 1, 2, 1, 4, 3, 6, 5, 3, 3, 2, 2, 4, 2, 918, 0, 0, 0, 0, 0, 0]",-1,-5.154026657485226e-06,-1,0
5643,"[1, 2, 0, 0, 6, 4, 0, 2, 0, 1, 0, 0, 1, 0, 2, 0, 0, 0, 0, 0, 0, 0, 0, 0, 2, 0, 0, 0, 0, 0, 0, 0, 1, 1, 0, 1, 1, 0, 2, 2, 0, 0, 1, 0, 0, 0, 0, 1, 0, 0, 2, 2, 2, 0, 0, 0, 0, 0, 0, 0, 0, 0, 2, 2, 3, 0, 2, 1, 2, 1, 4, 3, 6, 5, 3, 3, 2, 2, 4, 2, 918, 1, 0, 0, 0, 0, 0]",3,0.20000000000006735,-1,0
5644,"[1, 2, 0, 0, 6, 4, 0, 2, 0, 1, 0, 0, 1, 0, 2, 0, 0, 0, 0, 0, 0, 0, 0, 0, 2, 0, 0, 0, 0, 0, 0, 0, 1, 1, 0, 1, 1, 0, 2, 2, 0, 0, 1, 0, 0, 0, 0, 1, 0, 0, 2, 2, 2, 0, 0, 0, 0, 0, 0, 0, 0, 0, 2, 2, 3, 0, 2, 1, 2, 1, 4, 3, 6, 5, 3, 3, 2, 2, 4, 2, 918, 0, 0, 0, 0, 0, 0]",-1,-5.154026657485226e-06,-1,0
5645,"[1, 2, 0, 0, 6, 4, 0, 2, 0, 1, 0, 0, 1, 0, 2, 0, 0, 0, 0, 0, 0, 0, 0, 0, 2, 0, 0, 0, 0, 0, 0, 0, 1, 1, 0, 1, 1, 0, 2, 2, 0, 0, 1, 0, 0, 0, 0, 1, 0, 0, 2, 2, 2, 0, 0, 0, 0, 0, 0, 0, 0, 0, 2, 2, 3, 0, 2, 1, 2, 1, 4, 3, 6, 5, 3, 3, 2, 2, 4, 2, 918, 1, 0, 0, 0, 0, 0]",3,0.20000000000006735,-1,0
5646,"[1, 2, 0, 0, 6, 4, 0, 2, 0, 1, 0, 0, 1, 0, 2, 0, 0, 0, 0, 0, 0, 0, 0, 0, 2, 0, 0, 0, 0, 0, 0, 0, 1, 1, 0, 1, 1, 0, 2, 2, 0, 0, 1, 0, 0, 0, 0, 1, 0, 0, 2, 2, 2, 0, 0, 0, 0, 0, 0, 0, 0, 0, 2, 2, 3, 0, 2, 1, 2, 1, 4, 3, 6, 5, 3, 3, 2, 2, 4, 2, 918, 0, 0, 0, 0, 0, 0]",-1,-5.154026657485226e-06,-1,0
5647,"[1, 2, 0, 0, 6, 4, 0, 2, 0, 1, 0, 0, 1, 0, 2, 0, 0, 0, 0, 0, 0, 0, 0, 0, 2, 0, 0, 0, 0, 0, 0, 0, 1, 1, 0, 1, 1, 0, 2, 2, 0, 0, 1, 0, 0, 0, 0, 1, 0, 0, 2, 2, 2, 0, 0, 0, 0, 0, 0, 0, 0, 0, 2, 2, 3, 0, 2, 1, 2, 1, 4, 3, 6, 5, 3, 3, 2, 2, 4, 2, 918, 1, 0, 0, 0, 0, 0]",3,0.20000000000006735,-1,0
5648,"[1, 2, 0, 0, 6, 4, 0, 2, 0, 1, 0, 0, 1, 0, 2, 0, 0, 0, 0, 0, 0, 0, 0, 0, 2, 0, 0, 0, 0, 0, 0, 0, 1, 1, 0, 1, 1, 0, 2, 2, 0, 0, 1, 0, 0, 0, 0, 1, 0, 0, 2, 2, 2, 0, 0, 0, 0, 0, 0, 0, 0, 0, 2, 2, 3, 0, 2, 1, 2, 1, 4, 3, 6, 5, 3, 3, 2, 2, 4, 2, 918, 0, 0, 0, 0, 0, 0]",-1,-5.154026657485226e-06,-1,0
5649,"[1, 2, 0, 0, 6, 5, 0, 2, 0, 1, 0, 0, 1, 0, 2, 0, 0, 0, 0, 0, 0, 0, 0, 0, 2, 0, 0, 0, 0, 0, 0, 0, 1, 1, 0, 1, 1, 0, 2, 2, 0, 0, 1, 0, 0, 0, 0, 1, 0, 0, 2, 2, 2, 0, 0, 0, 0, 0, 0, 0, 0, 0, 2, 2, 3, 0, 2, 1, 2, 1, 4, 3, 6, 5, 3, 3, 2, 2, 4, 2, 919, 0, 0, 0, 0, 0, 0]",4,14.055678949873364,-1,0
5650,"[1, 2, 0, 0, 6, 5, 0, 2, 0, 1, 0, 0, 1, 0, 2, 0, 0, 0, 0, 0, 0, 0, 0, 0, 2, 0, 0, 0, 0, 0, 0, 0, 1, 1, 0, 1, 1, 0, 2, 2, 0, 0, 1, 0, 0, 0, 0, 1, 0, 0, 2, 2, 2, 0, 0, 0, 0, 0, 0, 0, 0, 0, 2, 2, 3, 0, 2, 1, 2, 1, 4, 3, 6, 5, 3, 3, 2, 2, 4, 2, 919, 0, 0, 0, 0, 0, 0]",-1,-5.102743235382029e-06,-1,1
5651,"[1, 2, 0, 0, 6, 5, 0, 2, 0, 1, 0, 0, 1, 0, 2, 0, 0, 0, 0, 0, 0, 0, 0, 0, 2, 0, 0, 0, 0, 0, 0, 0, 1, 1, 0, 1, 1, 0, 2, 2, 0, 0, 1, 0, 0, 0, 0, 1, 0, 0, 2, 2, 2, 0, 0, 0, 0, 0, 0, 0, 0, 0, 2, 2, 3, 0, 2, 1, 2, 1, 4, 3, 6, 5, 3, 3, 2, 2, 4, 2, 919, 0, 0, 0, 0, 0, 0]",-1,-5.102743235382029e-06,-1,1
5652,"[1, 2, 0, 0, 6, 5, 0, 3, 0, 1, 0, 0, 1, 0, 2, 0, 0, 0, 0, 0, 0, 0, 0, 0, 2, 0, 0, 0, 0, 0, 0, 0, 1, 1, 0, 1, 1, 0, 2, 2, 0, 0, 1, 0, 0, 0, 0, 1, 0, 0, 2, 2, 2, 0, 0, 0, 0, 0, 0, 0, 0, 0, 2, 2, 3, 0, 2, 1, 2, 1, 4, 3, 6, 5, 3, 3, 2, 2, 4, 2, 920, 0, 0, 0, 0, 0, 0]",4,12.65073866075624,-1,1
5653,"[1, 2, 0, 0, 6, 5, 0, 4, 0, 1, 0, 0, 1, 0, 2, 0, 0, 0, 0, 0, 0, 0, 0, 0, 2, 0, 0, 0, 0, 0, 0, 0, 1, 1, 0, 1, 1, 0, 2, 2, 0, 0, 1, 0, 0, 0, 0, 1, 0, 0, 2, 2, 2, 0, 0, 0, 0, 0, 0, 0, 0, 0, 2, 2, 3, 0, 2, 1, 2, 1, 4, 3, 6, 5, 3, 3, 2, 2, 4, 2, 921, 0, 0, 0, 0, 0, 0]",4,14.055678745760227,-1,0
5654,"[1, 2, 0, 0, 6, 5, 0, 4, 0, 1, 0, 0, 1, 0, 2, 0, 0, 0, 0, 0, 0, 0, 0, 0, 2, 0, 0, 0, 0, 0, 0, 0, 1, 1, 0, 1, 1, 0, 2, 2, 0, 0, 1, 0, 0, 0, 0, 1, 0, 0, 2, 2, 2, 0, 0, 0, 0, 0, 0, 0, 0, 0, 2, 2, 3, 0, 2, 1, 2, 1, 4, 3, 6, 5, 3, 3, 2, 2, 4, 2, 921, 0, 1, 0, 0, 0, 0]",2,0.40000000000005964,-1,1
5655,"[1, 2, 0, 0, 6, 5, 0, 4, 0, 1, 0, 0, 1, 0, 2, 0, 0, 0, 0, 0, 0, 0, 0, 0, 2, 0, 0, 0, 0, 0, 0, 0, 1, 1, 0, 1, 1, 0, 2, 2, 0, 0, 1, 0, 0, 0, 0, 1, 0, 0, 2, 2, 2, 0, 0, 0, 0, 0, 0, 0, 0, 0, 2, 2, 3, 0, 2, 1, 2, 1, 4, 3, 6, 5, 3, 3, 2, 2, 4, 2, 921, 0, 1, 0, 0, 1, 0]","[[1 2 0 2]
 [1 2 0 0]]",-0.17611567551937,-1,1
5656,"[1, 2, 0, 0, 6, 5, 0, 4, 0, 1, 0, 0, 1, 0, 2, 0, 0, 0, 0, 0, 0, 0, 0, 0, 2, 0, 0, 0, 0, 0, 0, 0, 1, 1, 0, 1, 1, 0, 2, 2, 0, 0, 1, 0, 0, 0, 0, 1, 0, 0, 2, 2, 2, 0, 0, 0, 0, 0, 0, 0, 0, 0, 2, 2, 3, 0, 2, 1, 2, 1, 4, 3, 6, 5, 3, 3, 2, 2, 4, 2, 921, 0, 0, 0, 0, 0, 0]",1,-0.19999999999994034,-1,0
5657,"[1, 2, 0, 0, 6, 5, 0, 4, 0, 1, 0, 0, 1, 0, 2, 0, 0, 0, 0, 0, 0, 0, 0, 0, 2, 0, 0, 0, 0, 0, 0, 0, 1, 1, 0, 1, 1, 0, 2, 2, 0, 0, 1, 0, 0, 0, 0, 1, 0, 0, 2, 2, 2, 0, 0, 0, 0, 0, 0, 0, 0, 0, 2, 2, 3, 0, 2, 1, 2, 1, 4, 3, 6, 5, 3, 3, 2, 2, 4, 2, 921, 1, 0, 0, 0, 0, 0]",3,0.20000000000005969,-1,1
5658,"[1, 2, 0, 0, 6, 5, 0, 4, 0, 1, 0, 0, 1, 0, 2, 0, 0, 0, 0, 0, 0, 0, 0, 0, 2, 0, 0, 0, 0, 0, 0, 0, 1, 1, 0, 1, 1, 0, 2, 2, 0, 0, 1, 0, 0, 0, 0, 1, 0, 0, 2, 2, 2, 0, 0, 0, 0, 0, 0, 0, 0, 0, 2, 2, 3, 0, 2, 1, 2, 1, 4, 3, 6, 5, 3, 3, 2, 2, 4, 2, 921, 0, 0, 0, 0, 0, 0]",-1,-5.0017021495464785e-06,-1,1
5659,"[1, 2, 0, 0, 8, 5, 0, 4, 0, 1, 0, 0, 1, 0, 2, 0, 0, 0, 0, 0, 0, 0, 0, 0, 2, 0, 0, 0, 0, 0, 0, 0, 1, 1, 0, 1, 1, 0, 2, 2, 0, 0, 1, 0, 0, 0, 0, 1, 0, 0, 2, 2, 2, 0, 0, 0, 0, 0, 0, 0, 0, 0, 2, 2, 3, 0, 2, 1, 2, 1, 4, 3, 6, 5, 3, 3, 2, 2, 4, 2, 922, 0, 0, 0, 0, 0, 0]",4,12.627195769560135,-1,1
5660,"[1, 2, 0, 0, 8, 5, 0, 4, 0, 1, 0, 0, 1, 0, 2, 0, 0, 0, 0, 0, 0, 0, 0, 0, 2, 0, 0, 0, 0, 0, 0, 0, 1, 1, 0, 1, 1, 0, 2, 2, 0, 0, 1, 0, 0, 0, 0, 1, 0, 0, 2, 2, 2, 0, 0, 0, 0, 0, 0, 0, 0, 0, 2, 2, 3, 0, 2, 1, 2, 1, 4, 3, 6, 5, 3, 3, 2, 2, 4, 2, 922, 0, 1, 0, 0, 0, 0]",2,0.4000000000000573,-1,0
5661,"[1, 2, 0, 0, 8, 5, 0, 4, 0, 1, 0, 0, 1, 0, 2, 0, 0, 0, 0, 0, 0, 0, 0, 0, 2, 0, 0, 0, 0, 0, 0, 0, 1, 1, 0, 1, 1, 0, 2, 2, 0, 0, 1, 0, 0, 0, 0, 1, 0, 0, 2, 2, 2, 0, 0, 0, 0, 0, 0, 0, 0, 0, 2, 2, 3, 0, 2, 1, 2, 1, 4, 3, 6, 5, 3, 3, 2, 2, 4, 2, 922, 0, 1, 0, 0, 1, 0]","[[0 1 0 0]
 [0 0 0 1]]",0.6504248650581482,-1,0
5662,"[1, 2, 0, 0, 8, 5, 0, 4, 0, 1, 0, 0, 1, 0, 2, 0, 0, 0, 0, 0, 0, 0, 0, 0, 2, 0, 0, 0, 0, 0, 0, 0, 1, 1, 0, 1, 1, 0, 2, 2, 0, 0, 1, 0, 0, 0, 0, 1, 0, 0, 2, 2, 2, 0, 0, 0, 0, 0, 0, 0, 0, 0, 2, 2, 3, 0, 2, 1, 2, 1, 4, 3, 6, 5, 3, 3, 2, 2, 4, 2, 922, 0, 0, 0, 0, 0, 0]",1,-86.50034762386528,-1,1
5663,"[1, 2, 0, 0, 8, 5, 0, 4, 0, 1, 0, 0, 1, 0, 2, 0, 0, 0, 0, 0, 0, 0, 0, 0, 2, 0, 0, 0, 0, 0, 0, 0, 1, 1, 0, 1, 1, 0, 2, 2, 0, 0, 1, 0, 0, 0, 0, 1, 0, 0, 2, 2, 2, 0, 0, 0, 0, 0, 0, 0, 0, 0, 2, 2, 3, 0, 2, 1, 2, 1, 4, 3, 6, 5, 3, 3, 2, 2, 4, 2, 922, 0, 0, 0, 0, 0, 0]",1,0.6096241150996741,-1,0
5664,"[1, 2, 0, 0, 8, 5, 0, 4, 0, 1, 0, 0, 1, 0, 2, 0, 0, 0, 0, 0, 0, 0, 0, 0, 2, 0, 0, 0, 0, 0, 0, 0, 1, 1, 0, 1, 1, 0, 2, 2, 0, 0, 1, 0, 0, 0, 0, 1, 0, 0, 2, 2, 2, 0, 0, 0, 0, 0, 0, 0, 0, 0, 2, 2, 3, 0, 2, 1, 2, 1, 4, 3, 6, 5, 3, 3, 2, 2, 4, 2, 922, 0, 0, 0, 0, 0, 0]",-1,-4.951934381621349e-06,-1,0
5665,"[1, 2, 0, 0, 8, 5, 0, 5, 0, 1, 0, 0, 1, 0, 2, 0, 0, 0, 0, 0, 0, 0, 0, 0, 2, 0, 0, 0, 0, 0, 0, 0, 1, 1, 0, 1, 1, 0, 2, 2, 0, 0, 1, 0, 0, 0, 0, 1, 0, 0, 2, 2, 2, 0, 0, 0, 0, 0, 0, 0, 0, 0, 2, 2, 3, 0, 2, 1, 2, 1, 4, 3, 6, 5, 3, 3, 2, 2, 4, 2, 923, 0, 0, 0, 0, 0, 0]",4,14.055678545688803,-1,0
5666,"[1, 2, 0, 0, 8, 5, 0, 5, 0, 1, 0, 0, 1, 0, 2, 0, 0, 0, 0, 0, 0, 0, 0, 0, 2, 0, 0, 0, 0, 0, 0, 0, 1, 1, 0, 1, 1, 0, 2, 2, 0, 0, 1, 0, 0, 0, 0, 1, 0, 0, 2, 2, 2, 0, 0, 0, 0, 0, 0, 0, 0, 0, 2, 2, 3, 0, 2, 1, 2, 1, 4, 3, 6, 5, 3, 3, 2, 2, 4, 2, 924, 0, 0, 0, 0, 0, 0]",4,12.647223393289899,-1,1
5667,"[1, 2, 0, 0, 8, 5, 0, 5, 0, 1, 0, 0, 1, 0, 2, 0, 0, 0, 0, 0, 0, 0, 0, 0, 2, 0, 0, 0, 0, 0, 0, 0, 1, 1, 0, 1, 1, 0, 2, 2, 0, 0, 1, 0, 0, 0, 0, 1, 0, 0, 2, 2, 2, 0, 0, 0, 0, 0, 0, 0, 0, 0, 2, 2, 3, 0, 2, 1, 2, 1, 4, 3, 6, 5, 3, 3, 2, 2, 4, 2, 924, 1, 0, 0, 0, 0, 0]",3,0.20000000000005294,-1,0
5668,"[1, 2, 0, 0, 8, 5, 0, 5, 0, 1, 0, 0, 1, 0, 2, 0, 0, 0, 0, 0, 0, 0, 0, 0, 2, 0, 0, 0, 0, 0, 0, 0, 1, 1, 0, 1, 1, 0, 2, 2, 0, 0, 1, 0, 0, 0, 0, 1, 0, 0, 2, 2, 2, 0, 0, 0, 0, 0, 0, 0, 0, 0, 2, 2, 3, 0, 2, 1, 2, 1, 4, 3, 6, 5, 3, 3, 2, 2, 4, 2, 924, 0, 0, 0, 0, 0, 0]",-1,-4.853879511167356e-06,-1,0
5669,"[1, 2, 0, 0, 8, 5, 0, 5, 0, 1, 0, 0, 1, 0, 2, 0, 0, 0, 0, 0, 0, 0, 0, 0, 2, 0, 0, 0, 0, 0, 0, 0, 1, 1, 0, 1, 1, 0, 2, 2, 0, 0, 1, 0, 0, 0, 0, 1, 0, 0, 2, 2, 2, 0, 0, 0, 0, 0, 0, 0, 0, 0, 2, 2, 3, 0, 2, 1, 2, 1, 4, 3, 6, 5, 3, 3, 2, 2, 4, 2, 924, 1, 0, 0, 0, 0, 0]",3,0.20000000000005294,-1,0
5670,"[1, 2, 0, 0, 8, 5, 0, 5, 0, 1, 0, 0, 1, 0, 2, 0, 0, 0, 0, 0, 0, 0, 0, 0, 2, 0, 0, 0, 0, 0, 0, 0, 1, 1, 0, 1, 1, 0, 2, 2, 0, 0, 1, 0, 0, 0, 0, 1, 0, 0, 2, 2, 2, 0, 0, 0, 0, 0, 0, 0, 0, 0, 2, 2, 3, 0, 2, 1, 2, 1, 4, 3, 6, 5, 3, 3, 2, 2, 4, 2, 924, 0, 0, 0, 0, 0, 0]",-1,-4.853879511167356e-06,-1,0
5671,"[1, 2, 0, 0, 8, 5, 0, 6, 0, 1, 0, 0, 1, 0, 2, 0, 0, 0, 0, 0, 0, 0, 0, 0, 2, 0, 0, 0, 0, 0, 0, 0, 1, 1, 0, 1, 1, 0, 2, 2, 0, 0, 1, 0, 0, 0, 0, 1, 0, 0, 2, 2, 2, 0, 0, 0, 0, 0, 0, 0, 0, 0, 2, 2, 3, 0, 2, 1, 2, 1, 4, 3, 6, 5, 3, 3, 2, 2, 4, 2, 925, 0, 0, 0, 0, 0, 0]",4,14.055678349579056,-1,0
5672,"[1, 2, 0, 0, 8, 5, 0, 6, 0, 1, 0, 0, 1, 0, 2, 0, 0, 0, 0, 0, 0, 0, 0, 0, 2, 0, 0, 0, 0, 0, 0, 0, 1, 1, 0, 1, 1, 0, 2, 2, 0, 0, 1, 0, 0, 0, 0, 1, 0, 0, 2, 2, 2, 0, 0, 0, 0, 0, 0, 0, 0, 0, 2, 2, 3, 0, 2, 1, 2, 1, 4, 3, 6, 5, 3, 3, 2, 2, 4, 2, 925, 0, 0, 0, 0, 0, 0]",-1,-4.805582603069735e-06,-1,1
5673,"[1, 2, 0, 0, 8, 5, 0, 6, 0, 1, 0, 0, 1, 0, 2, 0, 0, 0, 0, 0, 0, 0, 0, 0, 2, 0, 0, 0, 0, 0, 0, 0, 1, 1, 0, 1, 1, 0, 2, 2, 0, 0, 1, 0, 0, 0, 0, 1, 0, 0, 2, 2, 2, 0, 0, 0, 0, 0, 0, 0, 0, 0, 2, 2, 3, 0, 2, 1, 2, 1, 4, 3, 6, 5, 3, 3, 2, 2, 4, 2, 925, 0, 0, 0, 0, 0, 0]",-1,-4.805582603069735e-06,-1,1
5674,"[1, 3, 0, 0, 8, 6, 0, 6, 0, 1, 0, 0, 1, 0, 2, 0, 0, 0, 0, 0, 0, 0, 0, 0, 2, 0, 0, 0, 0, 0, 0, 0, 1, 1, 0, 1, 1, 0, 2, 2, 0, 0, 1, 0, 0, 0, 0, 1, 0, 0, 2, 2, 2, 0, 0, 0, 0, 0, 0, 0, 0, 0, 2, 2, 3, 0, 2, 1, 2, 1, 4, 3, 6, 5, 3, 3, 2, 2, 4, 2, 926, 0, 0, 0, 0, 0, 0]",4,12.661720945805653,-1,1
5675,"[1, 3, 0, 0, 8, 6, 0, 6, 0, 1, 0, 0, 1, 0, 2, 0, 0, 0, 0, 0, 0, 0, 0, 0, 2, 0, 0, 0, 0, 0, 0, 0, 1, 1, 0, 1, 1, 0, 2, 2, 0, 0, 1, 0, 0, 0, 0, 1, 0, 0, 2, 2, 2, 0, 0, 0, 0, 0, 0, 0, 0, 0, 2, 2, 3, 0, 2, 1, 2, 1, 4, 3, 6, 5, 3, 3, 2, 2, 4, 2, 926, 0, 1, 0, 0, 0, 0]",2,0.40000000000004887,-1,0
5676,"[1, 3, 0, 0, 8, 6, 0, 6, 0, 1, 0, 0, 1, 0, 2, 0, 0, 0, 0, 0, 0, 0, 0, 0, 2, 0, 0, 0, 0, 0, 0, 0, 1, 1, 0, 1, 1, 0, 2, 2, 0, 0, 1, 0, 0, 0, 0, 1, 0, 0, 2, 2, 2, 0, 0, 0, 0, 0, 0, 0, 0, 0, 2, 2, 3, 0, 2, 1, 2, 1, 4, 3, 6, 5, 3, 3, 2, 2, 4, 2, 926, 0, 1, 0, 0, 1, 0]","[[0 1 0 0]
 [0 0 0 1]]",0.6504248650581398,-1,0
5677,"[1, 3, 0, 0, 8, 6, 0, 6, 0, 1, 0, 0, 1, 0, 2, 0, 0, 0, 0, 0, 0, 0, 0, 0, 2, 0, 0, 0, 0, 0, 0, 0, 1, 1, 0, 1, 1, 0, 2, 2, 0, 0, 1, 0, 0, 0, 0, 1, 0, 0, 2, 2, 2, 0, 0, 0, 0, 0, 0, 0, 0, 0, 2, 2, 3, 0, 2, 1, 2, 1, 4, 3, 6, 5, 3, 3, 2, 2, 4, 2, 926, 0, 0, 0, 0, 0, 0]",1,-86.50034762386528,-1,1
5678,"[1, 3, 0, 0, 8, 6, 0, 7, 0, 1, 0, 0, 1, 0, 2, 0, 0, 0, 0, 0, 0, 0, 0, 0, 2, 0, 0, 0, 0, 0, 0, 0, 1, 1, 0, 1, 1, 0, 2, 2, 0, 0, 1, 0, 0, 0, 0, 1, 0, 0, 2, 2, 2, 0, 0, 0, 0, 0, 0, 0, 0, 0, 2, 2, 3, 0, 2, 1, 2, 1, 4, 3, 6, 5, 3, 3, 2, 2, 4, 2, 927, 0, 0, 0, 0, 0, 0]",4,13.8934840728056,-1,0
5679,"[1, 3, 0, 0, 8, 7, 0, 7, 0, 1, 0, 0, 1, 0, 2, 0, 0, 0, 0, 0, 0, 0, 0, 0, 2, 0, 0, 0, 0, 0, 0, 0, 1, 1, 0, 1, 1, 0, 2, 2, 0, 0, 1, 0, 0, 0, 0, 1, 0, 0, 2, 2, 2, 0, 0, 0, 0, 0, 0, 0, 0, 0, 2, 2, 3, 0, 2, 1, 2, 1, 4, 3, 6, 5, 3, 3, 2, 2, 4, 2, 928, 0, 0, 0, 0, 0, 0]",4,12.666806780054268,-1,1
5680,"[1, 3, 0, 0, 8, 7, 0, 7, 0, 1, 0, 0, 1, 0, 2, 0, 0, 0, 0, 0, 0, 0, 0, 0, 2, 0, 0, 0, 0, 0, 0, 0, 1, 1, 0, 1, 1, 0, 2, 2, 0, 0, 1, 0, 0, 0, 0, 1, 0, 0, 2, 2, 2, 0, 0, 0, 0, 0, 0, 0, 0, 0, 2, 2, 3, 0, 2, 1, 2, 1, 4, 3, 6, 5, 3, 3, 2, 2, 4, 2, 928, 1, 0, 0, 0, 0, 0]",3,0.20000000000004514,-1,0
5681,"[1, 3, 0, 0, 8, 7, 0, 7, 0, 1, 0, 0, 1, 0, 2, 0, 0, 0, 0, 0, 0, 0, 0, 0, 2, 0, 0, 0, 0, 0, 0, 0, 1, 1, 0, 1, 1, 0, 2, 2, 0, 0, 1, 0, 0, 0, 0, 1, 0, 0, 2, 2, 2, 0, 0, 0, 0, 0, 0, 0, 0, 0, 2, 2, 3, 0, 2, 1, 2, 1, 4, 3, 6, 5, 3, 3, 2, 2, 4, 2, 928, 0, 0, 0, 0, 0, 0]",-1,-4.66355617324744e-06,-1,0
5682,"[1, 3, 0, 0, 8, 7, 0, 7, 0, 1, 0, 0, 1, 0, 2, 0, 0, 0, 0, 0, 0, 0, 0, 0, 2, 0, 0, 0, 0, 0, 0, 0, 1, 1, 0, 1, 1, 0, 2, 2, 0, 0, 1, 0, 0, 0, 0, 1, 0, 0, 2, 2, 2, 0, 0, 0, 0, 0, 0, 0, 0, 0, 2, 2, 3, 0, 2, 1, 2, 1, 4, 3, 6, 5, 3, 3, 2, 2, 4, 2, 928, 1, 0, 0, 0, 0, 0]",3,0.20000000000004514,-1,0
5683,"[1, 3, 0, 0, 8, 7, 0, 7, 0, 1, 0, 0, 1, 0, 2, 0, 0, 0, 0, 0, 0, 0, 0, 0, 2, 0, 0, 0, 0, 0, 0, 0, 1, 1, 0, 1, 1, 0, 2, 2, 0, 0, 1, 0, 0, 0, 0, 1, 0, 0, 2, 2, 2, 0, 0, 0, 0, 0, 0, 0, 0, 0, 2, 2, 3, 0, 2, 1, 2, 1, 4, 3, 6, 5, 3, 3, 2, 2, 4, 2, 928, 0, 0, 0, 0, 0, 0]",-1,-4.66355617324744e-06,-1,0
5684,"[1, 3, 0, 0, 8, 8, 0, 7, 0, 1, 0, 0, 1, 0, 2, 0, 0, 0, 0, 0, 0, 0, 0, 0, 2, 0, 0, 0, 0, 0, 0, 0, 1, 1, 0, 1, 1, 0, 2, 2, 0, 0, 1, 0, 0, 0, 0, 1, 0, 0, 2, 2, 2, 0, 0, 0, 0, 0, 0, 0, 0, 0, 2, 2, 3, 0, 2, 1, 2, 1, 4, 3, 6, 5, 3, 3, 2, 2, 4, 2, 929, 0, 0, 0, 0, 0, 0]",4,13.893483884385429,-1,0
5685,"[1, 3, 0, 0, 8, 8, 0, 7, 0, 1, 0, 0, 1, 0, 2, 0, 0, 0, 0, 0, 0, 0, 0, 0, 2, 0, 0, 0, 0, 0, 0, 0, 1, 1, 0, 1, 1, 0, 2, 2, 0, 0, 1, 0, 0, 0, 0, 1, 0, 0, 2, 2, 2, 0, 0, 0, 0, 0, 0, 0, 0, 0, 2, 2, 3, 0, 2, 1, 2, 1, 4, 3, 6, 5, 3, 3, 2, 2, 4, 2, 929, 0, 1, 0, 0, 0, 0]",2,0.4000000000000433,-1,1
5686,"[1, 3, 0, 0, 8, 8, 0, 7, 0, 1, 0, 0, 1, 0, 2, 0, 0, 0, 0, 0, 0, 0, 0, 0, 2, 0, 0, 0, 0, 0, 0, 0, 1, 1, 0, 1, 1, 0, 2, 2, 0, 0, 1, 0, 0, 0, 0, 1, 0, 0, 2, 2, 2, 0, 0, 0, 0, 0, 0, 0, 0, 0, 2, 2, 3, 0, 2, 1, 2, 1, 4, 3, 6, 5, 3, 3, 2, 2, 4, 2, 929, 0, 1, 0, 0, 1, 0]","[[2 1 0 1]
 [1 3 0 0]]",0.6504248650581342,-1,1
5687,"[2, 1, 0, 1, 7, 10, 0, 6, 0, 1, 0, 0, 1, 0, 2, 0, 0, 0, 0, 0, 0, 0, 0, 0, 2, 0, 0, 0, 0, 0, 0, 0, 1, 1, 0, 1, 1, 0, 2, 2, 0, 0, 1, 0, 0, 0, 0, 1, 0, 0, 2, 2, 2, 0, 0, 0, 0, 0, 0, 0, 0, 0, 2, 2, 3, 0, 2, 1, 2, 1, 4, 3, 6, 5, 3, 3, 2, 2, 4, 2, 929, 0, 0, 0, 0, 0, 0]",0,-0.19999999999995666,-1,0
5688,"[2, 1, 0, 1, 7, 10, 0, 6, 0, 1, 0, 0, 1, 0, 2, 0, 0, 0, 0, 0, 0, 0, 0, 0, 2, 0, 0, 0, 0, 0, 0, 0, 1, 1, 0, 1, 1, 0, 2, 2, 0, 0, 1, 0, 0, 0, 0, 1, 0, 0, 2, 2, 2, 0, 0, 0, 0, 0, 0, 0, 0, 0, 2, 2, 3, 0, 2, 1, 2, 1, 4, 3, 6, 5, 3, 3, 2, 2, 4, 2, 929, 0, 0, 0, 0, 0, 0]",-1,-4.6171530140035275e-06,-1,1
5689,"[2, 2, 0, 1, 7, 11, 0, 6, 0, 1, 0, 0, 1, 0, 2, 0, 0, 0, 0, 0, 0, 0, 0, 0, 2, 0, 0, 0, 0, 0, 0, 0, 1, 1, 0, 1, 1, 0, 2, 2, 0, 0, 1, 0, 0, 0, 0, 1, 0, 0, 2, 2, 2, 0, 0, 0, 0, 0, 0, 0, 0, 0, 2, 2, 3, 0, 2, 1, 2, 1, 4, 3, 6, 5, 3, 3, 2, 2, 4, 2, 930, 0, 0, 0, 0, 0, 0]",4,12.619346743059458,-1,1
5690,"[2, 2, 0, 1, 7, 11, 0, 6, 0, 1, 0, 0, 1, 0, 2, 0, 0, 0, 0, 0, 0, 0, 0, 0, 2, 0, 0, 0, 0, 0, 0, 0, 1, 1, 0, 1, 1, 0, 2, 2, 0, 0, 1, 0, 0, 0, 0, 1, 0, 0, 2, 2, 2, 0, 0, 0, 0, 0, 0, 0, 0, 0, 2, 2, 3, 0, 2, 1, 2, 1, 4, 3, 6, 5, 3, 3, 2, 2, 4, 2, 930, 1, 0, 0, 0, 0, 0]",3,0.20000000000004167,-1,0
5691,"[0, 2, 0, 2, 7, 11, 0, 6, 0, 1, 0, 0, 1, 0, 2, 0, 0, 0, 0, 0, 0, 0, 0, 0, 2, 0, 0, 0, 0, 0, 0, 0, 1, 1, 0, 1, 1, 0, 2, 2, 0, 0, 1, 0, 0, 0, 0, 1, 0, 0, 2, 2, 2, 0, 0, 0, 0, 0, 0, 0, 0, 0, 2, 2, 3, 0, 2, 1, 2, 1, 4, 3, 6, 5, 3, 3, 2, 2, 4, 2, 930, 0, 0, 0, 0, 0, 0]","[[2 0 0 0]
 [0 0 0 1]]",-0.19854231808891729,-1,0
5692,"[0, 2, 0, 2, 7, 11, 0, 6, 0, 1, 0, 0, 1, 0, 2, 0, 0, 0, 0, 0, 0, 0, 0, 0, 2, 0, 0, 0, 0, 0, 0, 0, 1, 1, 0, 1, 1, 0, 2, 2, 0, 0, 1, 0, 0, 0, 0, 1, 0, 0, 2, 2, 2, 0, 0, 0, 0, 0, 0, 0, 0, 0, 2, 2, 3, 0, 2, 1, 2, 1, 4, 3, 6, 5, 3, 3, 2, 2, 4, 2, 930, 0, 1, 0, 0, 0, 0]",2,0.40000000000004166,-1,0
5693,"[0, 2, 0, 2, 7, 11, 0, 6, 0, 1, 0, 0, 1, 0, 2, 0, 0, 0, 0, 0, 0, 0, 0, 0, 2, 0, 0, 0, 0, 0, 0, 0, 1, 1, 0, 1, 1, 0, 2, 2, 0, 0, 1, 0, 0, 0, 0, 1, 0, 0, 2, 2, 2, 0, 0, 0, 0, 0, 0, 0, 0, 0, 2, 2, 3, 0, 2, 1, 2, 1, 4, 3, 6, 5, 3, 3, 2, 2, 4, 2, 930, 0, 1, 0, 0, 1, 0]","[[0 0 0 1]
 [1 0 0 0]]",0.6504248650581326,-1,0
5694,"[1, 2, 0, 1, 6, 11, 0, 7, 0, 1, 0, 0, 1, 0, 2, 0, 0, 0, 0, 0, 0, 0, 0, 0, 2, 0, 0, 0, 0, 0, 0, 0, 1, 1, 0, 1, 1, 0, 2, 2, 0, 0, 1, 0, 0, 0, 0, 1, 0, 0, 2, 2, 2, 0, 0, 0, 0, 0, 0, 0, 0, 0, 2, 2, 3, 0, 2, 1, 2, 1, 4, 3, 6, 5, 3, 3, 2, 2, 4, 2, 930, 0, 0, 0, 0, 0, 0]",0,-0.19999999999995835,-1,1
5695,"[1, 2, 0, 1, 6, 11, 0, 7, 0, 1, 0, 0, 1, 0, 2, 0, 0, 0, 0, 0, 0, 0, 0, 0, 2, 0, 0, 0, 0, 0, 0, 0, 1, 1, 0, 1, 1, 0, 2, 2, 0, 0, 1, 0, 0, 0, 0, 1, 0, 0, 2, 2, 2, 0, 0, 0, 0, 0, 0, 0, 0, 0, 2, 2, 3, 0, 2, 1, 2, 1, 4, 3, 6, 5, 3, 3, 2, 2, 4, 2, 930, 0, 0, 0, 0, 0, 0]",1,0.6096241150996584,-1,0
5696,"[1, 2, 0, 1, 6, 11, 0, 7, 0, 1, 0, 0, 1, 0, 2, 0, 0, 0, 0, 0, 0, 0, 0, 0, 2, 0, 0, 0, 0, 0, 0, 0, 1, 1, 0, 1, 1, 0, 2, 2, 0, 0, 1, 0, 0, 0, 0, 1, 0, 0, 2, 2, 2, 0, 0, 0, 0, 0, 0, 0, 0, 0, 2, 2, 3, 0, 2, 1, 2, 1, 4, 3, 6, 5, 3, 3, 2, 2, 4, 2, 930, 0, 0, 0, 0, 0, 0]",-1,-4.571211573908664e-06,-1,0
5697,"[1, 2, 0, 1, 8, 11, 0, 7, 0, 1, 0, 0, 1, 0, 2, 0, 0, 0, 0, 0, 0, 0, 0, 0, 2, 0, 0, 0, 0, 0, 0, 0, 1, 1, 0, 1, 1, 0, 2, 2, 0, 0, 1, 0, 0, 0, 0, 1, 0, 0, 2, 2, 2, 0, 0, 0, 0, 0, 0, 0, 0, 0, 2, 2, 3, 0, 2, 1, 2, 1, 4, 3, 6, 5, 3, 3, 2, 2, 4, 2, 931, 0, 0, 0, 0, 0, 0]",4,14.37377770579703,-1,0
5698,"[1, 2, 0, 1, 8, 11, 0, 7, 0, 1, 0, 0, 1, 0, 2, 0, 0, 0, 0, 0, 0, 0, 0, 0, 2, 0, 0, 0, 0, 0, 0, 0, 1, 1, 0, 1, 1, 0, 2, 2, 0, 0, 1, 0, 0, 0, 0, 1, 0, 0, 2, 2, 2, 0, 0, 0, 0, 0, 0, 0, 0, 0, 2, 2, 3, 0, 2, 1, 2, 1, 4, 3, 6, 5, 3, 3, 2, 2, 4, 2, 931, 1, 0, 0, 0, 0, 0]",3,0.20000000000004003,-1,1
5699,"[1, 2, 0, 1, 8, 11, 0, 7, 0, 1, 0, 0, 1, 0, 2, 0, 0, 0, 0, 0, 0, 0, 0, 0, 2, 0, 0, 0, 0, 0, 0, 0, 1, 1, 0, 1, 1, 0, 2, 2, 0, 0, 1, 0, 0, 0, 0, 1, 0, 0, 2, 2, 2, 0, 0, 0, 0, 0, 0, 0, 0, 0, 2, 2, 3, 0, 2, 1, 2, 1, 4, 3, 6, 5, 3, 3, 2, 2, 4, 2, 931, 0, 0, 0, 0, 0, 0]",-1,-4.525727258780546e-06,-1,1
5700,"[1, 3, 0, 1, 8, 12, 0, 7, 0, 1, 0, 0, 1, 0, 2, 0, 0, 0, 0, 0, 0, 0, 0, 0, 2, 0, 0, 0, 0, 0, 0, 0, 1, 1, 0, 1, 1, 0, 2, 2, 0, 0, 1, 0, 0, 0, 0, 1, 0, 0, 2, 2, 2, 0, 0, 0, 0, 0, 0, 0, 0, 0, 2, 2, 3, 0, 2, 1, 2, 1, 4, 3, 6, 5, 3, 3, 2, 2, 4, 2, 932, 0, 0, 0, 0, 0, 0]",4,12.624973780461406,-1,1
5701,"[1, 3, 0, 1, 8, 12, 0, 7, 0, 1, 0, 0, 1, 0, 2, 0, 0, 0, 0, 0, 0, 0, 0, 0, 2, 0, 0, 0, 0, 0, 0, 0, 1, 1, 0, 1, 1, 0, 2, 2, 0, 0, 1, 0, 0, 0, 0, 1, 0, 0, 2, 2, 2, 0, 0, 0, 0, 0, 0, 0, 0, 0, 2, 2, 3, 0, 2, 1, 2, 1, 4, 3, 6, 5, 3, 3, 2, 2, 4, 2, 932, 0, 1, 0, 0, 0, 0]",2,0.40000000000003844,-1,0
5702,"[1, 3, 0, 1, 8, 12, 0, 7, 0, 1, 0, 0, 1, 0, 2, 0, 0, 0, 0, 0, 0, 0, 0, 0, 2, 0, 0, 0, 0, 0, 0, 0, 1, 1, 0, 1, 1, 0, 2, 2, 0, 0, 1, 0, 0, 0, 0, 1, 0, 0, 2, 2, 2, 0, 0, 0, 0, 0, 0, 0, 0, 0, 2, 2, 3, 0, 2, 1, 2, 1, 4, 3, 6, 5, 3, 3, 2, 2, 4, 2, 932, 0, 0, 0, 0, 0, 0]",-1,-4.480695520149759e-06,-1,0
5703,"[1, 3, 0, 1, 8, 12, 0, 8, 0, 1, 0, 0, 1, 0, 2, 0, 0, 0, 0, 0, 0, 0, 0, 0, 2, 0, 0, 0, 0, 0, 0, 0, 1, 1, 0, 1, 1, 0, 2, 2, 0, 0, 1, 0, 0, 0, 0, 1, 0, 0, 2, 2, 2, 0, 0, 0, 0, 0, 0, 0, 0, 0, 2, 2, 3, 0, 2, 1, 2, 1, 4, 3, 6, 5, 3, 3, 2, 2, 4, 2, 933, 0, 0, 0, 0, 0, 0]",4,14.112964427706508,-1,0
5704,"[1, 3, 0, 1, 8, 12, 0, 8, 0, 1, 0, 0, 1, 0, 2, 0, 0, 0, 0, 0, 0, 0, 0, 0, 2, 0, 0, 0, 0, 0, 0, 0, 1, 1, 0, 1, 1, 0, 2, 2, 0, 0, 1, 0, 0, 0, 0, 1, 0, 0, 2, 2, 2, 0, 0, 0, 0, 0, 0, 0, 0, 0, 2, 2, 3, 0, 2, 1, 2, 1, 4, 3, 6, 5, 3, 3, 2, 2, 4, 2, 933, 0, 0, 0, 0, 0, 0]",0,0.2949747468306202,-1,1
5705,"[1, 3, 0, 1, 8, 12, 0, 8, 0, 1, 0, 0, 1, 0, 2, 0, 0, 0, 0, 0, 0, 0, 0, 0, 2, 0, 0, 0, 0, 0, 0, 0, 1, 1, 0, 1, 1, 0, 2, 2, 0, 0, 1, 0, 0, 0, 0, 1, 0, 0, 2, 2, 2, 0, 0, 0, 0, 0, 0, 0, 0, 0, 2, 2, 3, 0, 2, 1, 2, 1, 4, 3, 6, 5, 3, 3, 2, 2, 4, 2, 933, 0, 0, 0, 0, 0, 0]",-1,-4.4361118548049115e-06,-1,1
5706,"[1, 3, 0, 1, 8, 12, 0, 8, 0, 1, 0, 0, 1, 0, 2, 0, 0, 0, 0, 0, 0, 0, 0, 0, 2, 0, 0, 0, 0, 0, 0, 0, 1, 1, 0, 1, 1, 0, 2, 2, 0, 0, 1, 0, 0, 0, 0, 1, 0, 0, 2, 2, 2, 0, 0, 0, 0, 0, 0, 0, 0, 0, 2, 2, 3, 0, 2, 1, 2, 1, 4, 3, 6, 5, 3, 3, 2, 2, 4, 2, 934, 0, 0, 0, 0, 0, 0]",4,12.63460950599631,-1,1
5707,"[1, 3, 0, 1, 8, 12, 0, 8, 0, 1, 0, 0, 1, 0, 2, 0, 0, 0, 0, 0, 0, 0, 0, 0, 2, 0, 0, 0, 0, 0, 0, 0, 1, 1, 0, 1, 1, 0, 2, 2, 0, 0, 1, 0, 0, 0, 0, 1, 0, 0, 2, 2, 2, 0, 0, 0, 0, 0, 0, 0, 0, 0, 2, 2, 3, 0, 2, 1, 2, 1, 4, 3, 6, 5, 3, 3, 2, 2, 4, 2, 935, 0, 0, 0, 0, 0, 0]",4,14.112964250259074,-1,0
5708,"[1, 3, 0, 1, 8, 12, 0, 8, 0, 1, 0, 0, 1, 0, 2, 0, 0, 0, 0, 0, 0, 0, 0, 0, 2, 0, 0, 0, 0, 0, 0, 0, 1, 1, 0, 1, 1, 0, 2, 2, 0, 0, 1, 0, 0, 0, 0, 1, 0, 0, 2, 2, 2, 0, 0, 0, 0, 0, 0, 0, 0, 0, 2, 2, 3, 0, 2, 1, 2, 1, 4, 3, 6, 5, 3, 3, 2, 2, 4, 2, 935, 1, 0, 0, 0, 0, 0]",3,0.20000000000003412,-1,1
5709,"[1, 3, 0, 1, 8, 12, 0, 8, 0, 1, 0, 0, 1, 0, 2, 0, 0, 0, 0, 0, 0, 0, 0, 0, 2, 0, 0, 0, 0, 0, 0, 0, 1, 1, 0, 1, 1, 0, 2, 2, 0, 0, 1, 0, 0, 0, 0, 1, 0, 0, 2, 2, 2, 0, 0, 0, 0, 0, 0, 0, 0, 0, 2, 2, 3, 0, 2, 1, 2, 1, 4, 3, 6, 5, 3, 3, 2, 2, 4, 2, 935, 0, 0, 0, 0, 0, 0]",-1,-4.348270954720146e-06,-1,1
5710,"[1, 4, 0, 1, 8, 13, 0, 8, 0, 1, 0, 0, 1, 0, 2, 0, 0, 0, 0, 0, 0, 0, 0, 0, 2, 0, 0, 0, 0, 0, 0, 0, 1, 1, 0, 1, 1, 0, 2, 2, 0, 0, 1, 0, 0, 0, 0, 1, 0, 0, 2, 2, 2, 0, 0, 0, 0, 0, 0, 0, 0, 0, 2, 2, 3, 0, 2, 1, 2, 1, 4, 3, 6, 5, 3, 3, 2, 2, 4, 2, 936, 0, 0, 0, 0, 0, 0]",4,12.622268780946465,-1,1
5711,"[1, 4, 0, 1, 8, 13, 0, 8, 0, 1, 0, 0, 1, 0, 2, 0, 0, 0, 0, 0, 0, 0, 0, 0, 2, 0, 0, 0, 0, 0, 0, 0, 1, 1, 0, 1, 1, 0, 2, 2, 0, 0, 1, 0, 0, 0, 0, 1, 0, 0, 2, 2, 2, 0, 0, 0, 0, 0, 0, 0, 0, 0, 2, 2, 3, 0, 2, 1, 2, 1, 4, 3, 6, 5, 3, 3, 2, 2, 4, 2, 936, 0, 0, 0, 0, 0, 0]",1,0.6096241150996495,-1,0
5712,"[1, 4, 0, 1, 8, 13, 0, 8, 0, 1, 0, 0, 1, 0, 2, 0, 0, 0, 0, 0, 0, 0, 0, 0, 2, 0, 0, 0, 0, 0, 0, 0, 1, 1, 0, 1, 1, 0, 2, 2, 0, 0, 1, 0, 0, 0, 0, 1, 0, 0, 2, 2, 2, 0, 0, 0, 0, 0, 0, 0, 0, 0, 2, 2, 3, 0, 2, 1, 2, 1, 4, 3, 6, 5, 3, 3, 2, 2, 4, 2, 936, 0, 0, 0, 0, 0, 0]",-1,-4.3050049358170176e-06,-1,0
5713,"[1, 4, 0, 1, 8, 13, 0, 8, 0, 1, 0, 0, 1, 0, 2, 0, 0, 0, 0, 0, 0, 0, 0, 0, 2, 0, 0, 0, 0, 0, 0, 0, 1, 1, 0, 1, 1, 0, 2, 2, 0, 0, 1, 0, 0, 0, 0, 1, 0, 0, 2, 2, 2, 0, 0, 0, 0, 0, 0, 0, 0, 0, 2, 2, 3, 0, 2, 1, 2, 1, 4, 3, 6, 5, 3, 3, 2, 2, 4, 2, 936, 0, 0, 0, 0, 0, 0]",1,0.6096241150996495,-1,0
5714,"[1, 4, 0, 1, 8, 13, 0, 8, 0, 1, 0, 0, 1, 0, 2, 0, 0, 0, 0, 0, 0, 0, 0, 0, 2, 0, 0, 0, 0, 0, 0, 0, 1, 1, 0, 1, 1, 0, 2, 2, 0, 0, 1, 0, 0, 0, 0, 1, 0, 0, 2, 2, 2, 0, 0, 0, 0, 0, 0, 0, 0, 0, 2, 2, 3, 0, 2, 1, 2, 1, 4, 3, 6, 5, 3, 3, 2, 2, 4, 2, 936, 0, 0, 0, 0, 0, 0]",-1,-4.3050049358170176e-06,-1,0
5715,"[1, 4, 0, 1, 8, 13, 0, 9, 0, 1, 0, 0, 1, 0, 2, 0, 0, 0, 0, 0, 0, 0, 0, 0, 2, 0, 0, 0, 0, 0, 0, 0, 1, 1, 0, 1, 1, 0, 2, 2, 0, 0, 1, 0, 0, 0, 0, 1, 0, 0, 2, 2, 2, 0, 0, 0, 0, 0, 0, 0, 0, 0, 2, 2, 3, 0, 2, 1, 2, 1, 4, 3, 6, 5, 3, 3, 2, 2, 4, 2, 937, 0, 0, 0, 0, 0, 0]",4,13.945776836599192,-1,0
5716,"[1, 4, 0, 1, 8, 13, 0, 9, 0, 1, 0, 0, 1, 0, 2, 0, 0, 0, 0, 0, 0, 0, 0, 0, 2, 0, 0, 0, 0, 0, 0, 0, 1, 1, 0, 1, 1, 0, 2, 2, 0, 0, 1, 0, 0, 0, 0, 1, 0, 0, 2, 2, 2, 0, 0, 0, 0, 0, 0, 0, 0, 0, 2, 2, 3, 0, 2, 1, 2, 1, 4, 3, 6, 5, 3, 3, 2, 2, 4, 2, 937, 0, 1, 0, 0, 0, 0]",2,0.40000000000003144,-1,1
5717,"[1, 4, 0, 1, 8, 13, 0, 9, 0, 1, 0, 0, 1, 0, 2, 0, 0, 0, 0, 0, 0, 0, 0, 0, 2, 0, 0, 0, 0, 0, 0, 0, 1, 1, 0, 1, 1, 0, 2, 2, 0, 0, 1, 0, 0, 0, 0, 1, 0, 0, 2, 2, 2, 0, 0, 0, 0, 0, 0, 0, 0, 0, 2, 2, 3, 0, 2, 1, 2, 1, 4, 3, 6, 5, 3, 3, 2, 2, 4, 2, 937, 0, 1, 0, 0, 1, 0]","[[4 5 0 2]
 [1 3 0 1]]",-0.19999190719069568,-1,1
5718,"[1, 4, 0, 1, 8, 13, 0, 9, 0, 1, 0, 0, 1, 0, 2, 0, 0, 0, 0, 0, 0, 0, 0, 0, 2, 0, 0, 0, 0, 0, 0, 0, 1, 1, 0, 1, 1, 0, 2, 2, 0, 0, 1, 0, 0, 0, 0, 1, 0, 0, 2, 2, 2, 0, 0, 0, 0, 0, 0, 0, 0, 0, 2, 2, 3, 0, 2, 1, 2, 1, 4, 3, 6, 5, 3, 3, 2, 2, 4, 2, 937, 0, 0, 0, 0, 0, 0]",1,-0.19999999999996854,-1,0
5719,"[1, 4, 0, 1, 8, 13, 0, 9, 0, 1, 0, 0, 1, 0, 2, 0, 0, 0, 0, 0, 0, 0, 0, 0, 2, 0, 0, 0, 0, 0, 0, 0, 1, 1, 0, 1, 1, 0, 2, 2, 0, 0, 1, 0, 0, 0, 0, 1, 0, 0, 2, 2, 2, 0, 0, 0, 0, 0, 0, 0, 0, 0, 2, 2, 3, 0, 2, 1, 2, 1, 4, 3, 6, 5, 3, 3, 2, 2, 4, 2, 937, 1, 0, 0, 0, 0, 0]",3,0.20000000000003149,-1,1
5720,"[1, 4, 0, 1, 8, 13, 0, 9, 0, 1, 0, 0, 1, 0, 2, 0, 0, 0, 0, 0, 0, 0, 0, 0, 2, 0, 0, 0, 0, 0, 0, 0, 1, 1, 0, 1, 1, 0, 2, 2, 0, 0, 1, 0, 0, 0, 0, 1, 0, 0, 2, 2, 2, 0, 0, 0, 0, 0, 0, 0, 0, 0, 2, 2, 3, 0, 2, 1, 2, 1, 4, 3, 6, 5, 3, 3, 2, 2, 4, 2, 937, 0, 0, 0, 0, 0, 0]",-1,-4.26216942099498e-06,-1,1
5721,"[1, 5, 0, 1, 8, 14, 0, 9, 0, 1, 0, 0, 1, 0, 2, 0, 0, 0, 0, 0, 0, 0, 0, 0, 2, 0, 0, 0, 0, 0, 0, 0, 1, 1, 0, 1, 1, 0, 2, 2, 0, 0, 1, 0, 0, 0, 0, 1, 0, 0, 2, 2, 2, 0, 0, 0, 0, 0, 0, 0, 0, 0, 2, 2, 3, 0, 2, 1, 2, 1, 4, 3, 6, 5, 3, 3, 2, 2, 4, 2, 938, 0, 0, 0, 0, 0, 0]",4,12.618036019805526,-1,1
5722,"[1, 5, 0, 1, 10, 14, 0, 9, 0, 1, 0, 0, 1, 0, 2, 0, 0, 0, 0, 0, 0, 0, 0, 0, 2, 0, 0, 0, 0, 0, 0, 0, 1, 1, 0, 1, 1, 0, 2, 2, 0, 0, 1, 0, 0, 0, 0, 1, 0, 0, 2, 2, 2, 0, 0, 0, 0, 0, 0, 0, 0, 0, 2, 2, 3, 0, 2, 1, 2, 1, 4, 3, 6, 5, 3, 3, 2, 2, 4, 2, 939, 0, 0, 0, 0, 0, 0]",4,13.836631700913216,-1,0
5723,"[1, 5, 0, 1, 10, 14, 0, 9, 0, 1, 0, 0, 1, 0, 2, 0, 0, 0, 0, 0, 0, 0, 0, 0, 2, 0, 0, 0, 0, 0, 0, 0, 1, 1, 0, 1, 1, 0, 2, 2, 0, 0, 1, 0, 0, 0, 0, 1, 0, 0, 2, 2, 2, 0, 0, 0, 0, 0, 0, 0, 0, 0, 2, 2, 3, 0, 2, 1, 2, 1, 4, 3, 6, 5, 3, 3, 2, 2, 4, 2, 939, 0, 0, 0, 0, 0, 0]",0,0.2949747468306123,-1,1
5724,"[1, 5, 0, 1, 10, 14, 0, 9, 0, 1, 0, 0, 1, 0, 2, 0, 0, 0, 0, 0, 0, 0, 0, 0, 2, 0, 0, 0, 0, 0, 0, 0, 1, 1, 0, 1, 1, 0, 2, 2, 0, 0, 1, 0, 0, 0, 0, 1, 0, 0, 2, 2, 2, 0, 0, 0, 0, 0, 0, 0, 0, 0, 2, 2, 3, 0, 2, 1, 2, 1, 4, 3, 6, 5, 3, 3, 2, 2, 4, 2, 939, 0, 0, 0, 0, 0, 0]",-1,-4.177772811867902e-06,-1,1
5725,"[1, 6, 0, 1, 10, 15, 0, 9, 0, 1, 0, 0, 1, 0, 2, 0, 0, 0, 0, 0, 0, 0, 0, 0, 2, 0, 0, 0, 0, 0, 0, 0, 1, 1, 0, 1, 1, 0, 2, 2, 0, 0, 1, 0, 0, 0, 0, 1, 0, 0, 2, 2, 2, 0, 0, 0, 0, 0, 0, 0, 0, 0, 2, 2, 3, 0, 2, 1, 2, 1, 4, 3, 6, 5, 3, 3, 2, 2, 4, 2, 940, 0, 0, 0, 0, 0, 0]",4,12.623574242185137,-1,1
5726,"[1, 6, 0, 1, 10, 15, 0, 9, 0, 1, 0, 0, 1, 0, 2, 0, 0, 0, 0, 0, 0, 0, 0, 0, 2, 0, 0, 0, 0, 0, 0, 0, 1, 1, 0, 1, 1, 0, 2, 2, 0, 0, 1, 0, 0, 0, 0, 1, 0, 0, 2, 2, 2, 0, 0, 0, 0, 0, 0, 0, 0, 0, 2, 2, 3, 0, 2, 1, 2, 1, 4, 3, 6, 5, 3, 3, 2, 2, 4, 2, 940, 0, 0, 0, 0, 0, 0]",1,0.6096241150996446,-1,0
5727,"[1, 6, 0, 1, 10, 15, 0, 9, 0, 1, 0, 0, 1, 0, 2, 0, 0, 0, 0, 0, 0, 0, 0, 0, 2, 0, 0, 0, 0, 0, 0, 0, 1, 1, 0, 1, 1, 0, 2, 2, 0, 0, 1, 0, 0, 0, 0, 1, 0, 0, 2, 2, 2, 0, 0, 0, 0, 0, 0, 0, 0, 0, 2, 2, 3, 0, 2, 1, 2, 1, 4, 3, 6, 5, 3, 3, 2, 2, 4, 2, 940, 0, 0, 0, 0, 0, 0]",-1,-4.136203277831611e-06,-1,0
5728,"[1, 6, 0, 1, 10, 15, 0, 9, 0, 1, 0, 0, 1, 0, 2, 0, 0, 0, 0, 0, 0, 0, 0, 0, 2, 0, 0, 0, 0, 0, 0, 0, 1, 1, 0, 1, 1, 0, 2, 2, 0, 0, 1, 0, 0, 0, 0, 1, 0, 0, 2, 2, 2, 0, 0, 0, 0, 0, 0, 0, 0, 0, 2, 2, 3, 0, 2, 1, 2, 1, 4, 3, 6, 5, 3, 3, 2, 2, 4, 2, 940, 0, 0, 0, 0, 0, 0]",1,0.6096241150996446,-1,0
5729,"[1, 6, 0, 1, 10, 15, 0, 9, 0, 1, 0, 0, 1, 0, 2, 0, 0, 0, 0, 0, 0, 0, 0, 0, 2, 0, 0, 0, 0, 0, 0, 0, 1, 1, 0, 1, 1, 0, 2, 2, 0, 0, 1, 0, 0, 0, 0, 1, 0, 0, 2, 2, 2, 0, 0, 0, 0, 0, 0, 0, 0, 0, 2, 2, 3, 0, 2, 1, 2, 1, 4, 3, 6, 5, 3, 3, 2, 2, 4, 2, 940, 0, 0, 0, 0, 0, 0]",-1,-4.136203277831611e-06,-1,0
5730,"[1, 6, 0, 1, 10, 15, 0, 9, 0, 1, 0, 0, 1, 0, 2, 0, 0, 0, 0, 0, 0, 0, 0, 0, 2, 0, 0, 0, 0, 0, 0, 0, 1, 1, 0, 1, 1, 0, 2, 2, 0, 0, 1, 0, 0, 0, 0, 1, 0, 0, 2, 2, 2, 0, 0, 0, 0, 0, 0, 0, 0, 0, 2, 2, 3, 0, 2, 1, 2, 1, 4, 3, 6, 5, 3, 3, 2, 2, 4, 2, 940, 1, 0, 0, 0, 0, 0]",3,0.20000000000002793,-1,0
5731,"[1, 6, 0, 1, 10, 15, 0, 9, 0, 1, 0, 0, 1, 0, 2, 0, 0, 0, 0, 0, 0, 0, 0, 0, 2, 0, 0, 0, 0, 0, 0, 0, 1, 1, 0, 1, 1, 0, 2, 2, 0, 0, 1, 0, 0, 0, 0, 1, 0, 0, 2, 2, 2, 0, 0, 0, 0, 0, 0, 0, 0, 0, 2, 2, 3, 0, 2, 1, 2, 1, 4, 3, 6, 5, 3, 3, 2, 2, 4, 2, 940, 0, 0, 0, 0, 0, 0]",-1,-4.136203277831611e-06,-1,0
5732,"[1, 6, 0, 1, 10, 15, 0, 9, 0, 1, 0, 0, 1, 0, 2, 0, 0, 0, 0, 0, 0, 0, 0, 0, 2, 0, 0, 0, 0, 0, 0, 0, 1, 1, 0, 1, 1, 0, 2, 2, 0, 0, 1, 0, 0, 0, 0, 1, 0, 0, 2, 2, 2, 0, 0, 0, 0, 0, 0, 0, 0, 0, 2, 2, 3, 0, 2, 1, 2, 1, 4, 3, 6, 5, 3, 3, 2, 2, 4, 2, 940, 0, 1, 0, 0, 0, 0]",2,0.4000000000000279,-1,0
5733,"[1, 6, 0, 1, 10, 15, 0, 9, 0, 1, 0, 0, 1, 0, 2, 0, 0, 0, 0, 0, 0, 0, 0, 0, 2, 0, 0, 0, 0, 0, 0, 0, 1, 1, 0, 1, 1, 0, 2, 2, 0, 0, 1, 0, 0, 0, 0, 1, 0, 0, 2, 2, 2, 0, 0, 0, 0, 0, 0, 0, 0, 0, 2, 2, 3, 0, 2, 1, 2, 1, 4, 3, 6, 5, 3, 3, 2, 2, 4, 2, 940, 0, 0, 0, 0, 0, 0]",-1,-4.136203277831611e-06,-1,0
5734,"[1, 6, 0, 1, 10, 15, 0, 9, 0, 1, 0, 0, 1, 0, 2, 0, 0, 0, 0, 0, 0, 0, 0, 0, 2, 0, 0, 0, 0, 0, 0, 0, 1, 1, 0, 1, 1, 0, 2, 2, 0, 0, 1, 0, 0, 0, 0, 1, 0, 0, 2, 2, 2, 0, 0, 0, 0, 0, 0, 0, 0, 0, 2, 2, 3, 0, 2, 1, 2, 1, 4, 3, 6, 5, 3, 3, 2, 2, 4, 2, 940, 0, 1, 0, 0, 0, 0]",2,0.4000000000000279,-1,0
5735,"[1, 6, 0, 1, 10, 15, 0, 9, 0, 1, 0, 0, 1, 0, 2, 0, 0, 0, 0, 0, 0, 0, 0, 0, 2, 0, 0, 0, 0, 0, 0, 0, 1, 1, 0, 1, 1, 0, 2, 2, 0, 0, 1, 0, 0, 0, 0, 1, 0, 0, 2, 2, 2, 0, 0, 0, 0, 0, 0, 0, 0, 0, 2, 2, 3, 0, 2, 1, 2, 1, 4, 3, 6, 5, 3, 3, 2, 2, 4, 2, 940, 0, 0, 0, 0, 0, 0]",-1,-4.136203277831611e-06,-1,0
5736,"[1, 6, 0, 1, 10, 15, 0, 9, 0, 1, 0, 0, 1, 0, 2, 0, 0, 0, 0, 0, 0, 0, 0, 0, 2, 0, 0, 0, 0, 0, 0, 0, 1, 1, 0, 1, 1, 0, 2, 2, 0, 0, 1, 0, 0, 0, 0, 1, 0, 0, 2, 2, 2, 0, 0, 0, 0, 0, 0, 0, 0, 0, 2, 2, 3, 0, 2, 1, 2, 1, 4, 3, 6, 5, 3, 3, 2, 2, 4, 2, 940, 0, 1, 0, 0, 0, 0]",2,0.4000000000000279,-1,0
5737,"[1, 6, 0, 1, 10, 15, 0, 9, 0, 1, 0, 0, 1, 0, 2, 0, 0, 0, 0, 0, 0, 0, 0, 0, 2, 0, 0, 0, 0, 0, 0, 0, 1, 1, 0, 1, 1, 0, 2, 2, 0, 0, 1, 0, 0, 0, 0, 1, 0, 0, 2, 2, 2, 0, 0, 0, 0, 0, 0, 0, 0, 0, 2, 2, 3, 0, 2, 1, 2, 1, 4, 3, 6, 5, 3, 3, 2, 2, 4, 2, 940, 0, 0, 0, 0, 0, 0]",-1,-4.136203277831611e-06,-1,0
5738,"[1, 3, 0, 1, 5, 7, 0, 4, 0, 1, 0, 0, 1, 0, 2, 0, 0, 0, 0, 0, 0, 0, 0, 0, 2, 0, 0, 0, 0, 0, 0, 0, 1, 1, 0, 1, 1, 0, 2, 2, 0, 0, 1, 0, 0, 0, 0, 1, 0, 0, 2, 2, 2, 0, 0, 0, 0, 0, 0, 0, 0, 0, 2, 2, 3, 0, 2, 1, 2, 1, 4, 3, 6, 5, 3, 3, 2, 2, 4, 3, 941, 0, 0, 0, 0, 0, 0]",4,14.112963738722014,-1,0
5739,"[1, 3, 0, 1, 5, 7, 0, 4, 0, 1, 0, 0, 1, 0, 2, 0, 0, 0, 0, 0, 0, 0, 0, 0, 2, 0, 0, 0, 0, 0, 0, 0, 1, 1, 0, 1, 1, 0, 2, 2, 0, 0, 1, 0, 0, 0, 0, 1, 0, 0, 2, 2, 2, 0, 0, 0, 0, 0, 0, 0, 0, 0, 2, 2, 3, 0, 2, 1, 2, 1, 4, 3, 6, 5, 3, 3, 2, 2, 4, 3, 941, 0, 0, 0, 0, 0, 0]",0,0.2949747468306101,-1,1
5740,"[1, 3, 0, 1, 5, 7, 0, 4, 0, 1, 0, 0, 1, 0, 2, 0, 0, 0, 0, 0, 0, 0, 0, 0, 2, 0, 0, 0, 0, 0, 0, 0, 1, 1, 0, 1, 1, 0, 2, 2, 0, 0, 1, 0, 0, 0, 0, 1, 0, 0, 2, 2, 2, 0, 0, 0, 0, 0, 0, 0, 0, 0, 2, 2, 3, 0, 2, 1, 2, 1, 4, 3, 6, 5, 3, 3, 2, 2, 4, 3, 941, 0, 0, 0, 0, 0, 0]",-1,-4.0950473675699525e-06,-1,1
5741,"[2, 3, 0, 1, 5, 7, 0, 4, 0, 1, 0, 0, 1, 0, 2, 0, 0, 0, 0, 0, 0, 0, 0, 0, 2, 0, 0, 0, 0, 0, 0, 0, 1, 1, 0, 1, 1, 0, 2, 2, 0, 0, 1, 0, 0, 0, 0, 1, 0, 0, 2, 2, 2, 0, 0, 0, 0, 0, 0, 0, 0, 0, 2, 2, 3, 0, 2, 1, 2, 1, 4, 3, 6, 5, 3, 3, 2, 2, 4, 3, 942, 0, 0, 0, 0, 0, 0]",4,12.659518964477982,-1,1
5742,"[2, 3, 0, 1, 5, 7, 0, 4, 0, 1, 0, 0, 1, 0, 2, 0, 0, 0, 0, 0, 0, 0, 0, 0, 2, 0, 0, 0, 0, 0, 0, 0, 1, 1, 0, 1, 1, 0, 2, 2, 0, 0, 1, 0, 0, 0, 0, 1, 0, 0, 2, 2, 2, 0, 0, 0, 0, 0, 0, 0, 0, 0, 2, 2, 3, 0, 2, 1, 2, 1, 4, 3, 6, 5, 3, 3, 2, 2, 4, 3, 942, 1, 0, 0, 0, 0, 0]",3,0.20000000000002577,-1,0
5743,"[0, 3, 0, 2, 5, 7, 0, 4, 0, 1, 0, 0, 1, 0, 2, 0, 0, 0, 0, 0, 0, 0, 0, 0, 2, 0, 0, 0, 0, 0, 0, 0, 1, 1, 0, 1, 1, 0, 2, 2, 0, 0, 1, 0, 0, 0, 0, 1, 0, 0, 2, 2, 2, 0, 0, 0, 0, 0, 0, 0, 0, 0, 2, 2, 3, 0, 2, 1, 2, 1, 4, 3, 6, 5, 3, 3, 2, 2, 4, 3, 942, 0, 0, 0, 0, 0, 0]","[[2 0 0 0]
 [0 0 0 1]]",-0.1985423180889332,-1,0
5744,"[0, 3, 0, 2, 5, 7, 0, 4, 0, 1, 0, 0, 1, 0, 2, 0, 0, 0, 0, 0, 0, 0, 0, 0, 2, 0, 0, 0, 0, 0, 0, 0, 1, 1, 0, 1, 1, 0, 2, 2, 0, 0, 1, 0, 0, 0, 0, 1, 0, 0, 2, 2, 2, 0, 0, 0, 0, 0, 0, 0, 0, 0, 2, 2, 3, 0, 2, 1, 2, 1, 4, 3, 6, 5, 3, 3, 2, 2, 4, 3, 942, 0, 1, 0, 0, 0, 0]",2,0.4000000000000257,-1,0
5745,"[0, 3, 0, 2, 5, 7, 0, 4, 0, 1, 0, 0, 1, 0, 2, 0, 0, 0, 0, 0, 0, 0, 0, 0, 2, 0, 0, 0, 0, 0, 0, 0, 1, 1, 0, 1, 1, 0, 2, 2, 0, 0, 1, 0, 0, 0, 0, 1, 0, 0, 2, 2, 2, 0, 0, 0, 0, 0, 0, 0, 0, 0, 2, 2, 3, 0, 2, 1, 2, 1, 4, 3, 6, 5, 3, 3, 2, 2, 4, 3, 942, 0, 1, 0, 0, 1, 0]","[[0 0 0 1]
 [1 0 0 0]]",0.6504248650581166,-1,0
5746,"[1, 3, 0, 1, 4, 7, 0, 5, 0, 1, 0, 0, 1, 0, 2, 0, 0, 0, 0, 0, 0, 0, 0, 0, 2, 0, 0, 0, 0, 0, 0, 0, 1, 1, 0, 1, 1, 0, 2, 2, 0, 0, 1, 0, 0, 0, 0, 1, 0, 0, 2, 2, 2, 0, 0, 0, 0, 0, 0, 0, 0, 0, 2, 2, 3, 0, 2, 1, 2, 1, 4, 3, 6, 5, 3, 3, 2, 2, 4, 3, 942, 0, 0, 0, 0, 0, 0]",0,-0.19999999999997425,-1,1
5747,"[1, 3, 0, 1, 4, 7, 0, 5, 0, 1, 0, 0, 1, 0, 2, 0, 0, 0, 0, 0, 0, 0, 0, 0, 2, 0, 0, 0, 0, 0, 0, 0, 1, 1, 0, 1, 1, 0, 2, 2, 0, 0, 1, 0, 0, 0, 0, 1, 0, 0, 2, 2, 2, 0, 0, 0, 0, 0, 0, 0, 0, 0, 2, 2, 3, 0, 2, 1, 2, 1, 4, 3, 6, 5, 3, 3, 2, 2, 4, 3, 942, 0, 0, 0, 0, 0, 0]",1,0.6096241150996424,-1,0
5748,"[1, 3, 0, 1, 4, 7, 0, 5, 0, 1, 0, 0, 1, 0, 2, 0, 0, 0, 0, 0, 0, 0, 0, 0, 2, 0, 0, 0, 0, 0, 0, 0, 1, 1, 0, 1, 1, 0, 2, 2, 0, 0, 1, 0, 0, 0, 0, 1, 0, 0, 2, 2, 2, 0, 0, 0, 0, 0, 0, 0, 0, 0, 2, 2, 3, 0, 2, 1, 2, 1, 4, 3, 6, 5, 3, 3, 2, 2, 4, 3, 942, 0, 0, 0, 0, 0, 0]",-1,-4.0543009654576005e-06,-1,0
5749,"[1, 3, 0, 1, 4, 7, 0, 5, 0, 1, 0, 0, 1, 0, 2, 0, 0, 0, 0, 0, 0, 0, 0, 0, 2, 0, 0, 0, 0, 0, 0, 0, 1, 1, 0, 1, 1, 0, 2, 2, 0, 0, 1, 0, 0, 0, 0, 1, 0, 0, 2, 2, 2, 0, 0, 0, 0, 0, 0, 0, 0, 0, 2, 2, 3, 0, 2, 1, 2, 1, 4, 3, 6, 5, 3, 3, 2, 2, 4, 3, 942, 1, 0, 0, 0, 0, 0]",3,0.20000000000002577,-1,0
5750,"[1, 3, 0, 1, 4, 7, 0, 5, 0, 1, 0, 0, 1, 0, 2, 0, 0, 0, 0, 0, 0, 0, 0, 0, 2, 0, 0, 0, 0, 0, 0, 0, 1, 1, 0, 1, 1, 0, 2, 2, 0, 0, 1, 0, 0, 0, 0, 1, 0, 0, 2, 2, 2, 0, 0, 0, 0, 0, 0, 0, 0, 0, 2, 2, 3, 0, 2, 1, 2, 1, 4, 3, 6, 5, 3, 3, 2, 2, 4, 3, 942, 0, 0, 0, 0, 0, 0]",-1,-4.0543009654576005e-06,-1,0
5751,"[1, 3, 0, 1, 4, 7, 0, 5, 0, 1, 0, 0, 1, 0, 2, 0, 0, 0, 0, 0, 0, 0, 0, 0, 2, 0, 0, 0, 0, 0, 0, 0, 1, 1, 0, 1, 1, 0, 2, 2, 0, 0, 1, 0, 0, 0, 0, 1, 0, 0, 2, 2, 2, 0, 0, 0, 0, 0, 0, 0, 0, 0, 2, 2, 3, 0, 2, 1, 2, 1, 4, 3, 6, 5, 3, 3, 2, 2, 4, 3, 942, 0, 1, 0, 0, 0, 0]",2,0.4000000000000257,-1,0
5752,"[1, 3, 0, 1, 4, 7, 0, 5, 0, 1, 0, 0, 1, 0, 2, 0, 0, 0, 0, 0, 0, 0, 0, 0, 2, 0, 0, 0, 0, 0, 0, 0, 1, 1, 0, 1, 1, 0, 2, 2, 0, 0, 1, 0, 0, 0, 0, 1, 0, 0, 2, 2, 2, 0, 0, 0, 0, 0, 0, 0, 0, 0, 2, 2, 3, 0, 2, 1, 2, 1, 4, 3, 6, 5, 3, 3, 2, 2, 4, 3, 942, 0, 0, 0, 0, 0, 0]",-1,-4.0543009654576005e-06,-1,0
5753,"[1, 3, 0, 1, 4, 7, 0, 5, 0, 1, 0, 0, 1, 0, 2, 0, 0, 0, 0, 0, 0, 0, 0, 0, 2, 0, 0, 0, 0, 0, 0, 0, 1, 1, 0, 1, 1, 0, 2, 2, 0, 0, 1, 0, 0, 0, 0, 1, 0, 0, 2, 2, 2, 0, 0, 0, 0, 0, 0, 0, 0, 0, 2, 2, 3, 0, 2, 1, 2, 1, 4, 3, 6, 5, 3, 3, 2, 2, 4, 3, 942, 0, 1, 0, 0, 0, 0]",2,0.4000000000000257,-1,0
5754,"[1, 3, 0, 1, 4, 7, 0, 5, 0, 1, 0, 0, 1, 0, 2, 0, 0, 0, 0, 0, 0, 0, 0, 0, 2, 0, 0, 0, 0, 0, 0, 0, 1, 1, 0, 1, 1, 0, 2, 2, 0, 0, 1, 0, 0, 0, 0, 1, 0, 0, 2, 2, 2, 0, 0, 0, 0, 0, 0, 0, 0, 0, 2, 2, 3, 0, 2, 1, 2, 1, 4, 3, 6, 5, 3, 3, 2, 2, 4, 3, 942, 0, 0, 0, 0, 0, 0]",-1,-4.0543009654576005e-06,-1,0
5755,"[1, 3, 0, 1, 4, 7, 0, 5, 0, 1, 0, 0, 1, 0, 2, 0, 0, 0, 0, 0, 0, 0, 0, 0, 2, 0, 0, 0, 0, 0, 0, 0, 1, 1, 0, 1, 1, 0, 2, 2, 0, 0, 1, 0, 0, 0, 0, 1, 0, 0, 2, 2, 2, 0, 0, 0, 0, 0, 0, 0, 0, 0, 2, 2, 3, 0, 2, 1, 2, 1, 4, 3, 6, 5, 3, 3, 2, 2, 4, 3, 942, 0, 0, 0, 0, 0, 0]",1,0.6096241150996424,-1,0
5756,"[1, 3, 0, 1, 4, 7, 0, 5, 0, 1, 0, 0, 1, 0, 2, 0, 0, 0, 0, 0, 0, 0, 0, 0, 2, 0, 0, 0, 0, 0, 0, 0, 1, 1, 0, 1, 1, 0, 2, 2, 0, 0, 1, 0, 0, 0, 0, 1, 0, 0, 2, 2, 2, 0, 0, 0, 0, 0, 0, 0, 0, 0, 2, 2, 3, 0, 2, 1, 2, 1, 4, 3, 6, 5, 3, 3, 2, 2, 4, 3, 942, 0, 0, 0, 0, 0, 0]",-1,-4.0543009654576005e-06,-1,0
5757,"[1, 3, 0, 1, 4, 7, 0, 5, 0, 1, 0, 0, 1, 0, 2, 0, 0, 0, 0, 0, 0, 0, 0, 0, 2, 0, 0, 0, 0, 0, 0, 0, 1, 1, 0, 1, 1, 0, 2, 2, 0, 0, 1, 0, 0, 0, 0, 1, 0, 0, 2, 2, 2, 0, 0, 0, 0, 0, 0, 0, 0, 0, 2, 2, 3, 0, 2, 1, 2, 1, 4, 3, 6, 5, 3, 3, 2, 2, 4, 3, 942, 0, 1, 0, 0, 0, 0]",2,0.4000000000000257,-1,0
5758,"[1, 3, 0, 1, 4, 7, 0, 5, 0, 1, 0, 0, 1, 0, 2, 0, 0, 0, 0, 0, 0, 0, 0, 0, 2, 0, 0, 0, 0, 0, 0, 0, 1, 1, 0, 1, 1, 0, 2, 2, 0, 0, 1, 0, 0, 0, 0, 1, 0, 0, 2, 2, 2, 0, 0, 0, 0, 0, 0, 0, 0, 0, 2, 2, 3, 0, 2, 1, 2, 1, 4, 3, 6, 5, 3, 3, 2, 2, 4, 3, 942, 0, 0, 0, 0, 0, 0]",-1,-4.0543009654576005e-06,-1,0
5759,"[1, 3, 0, 1, 4, 7, 0, 5, 0, 1, 0, 0, 1, 0, 2, 0, 0, 0, 0, 0, 0, 0, 0, 0, 2, 0, 0, 0, 0, 0, 0, 0, 1, 1, 0, 1, 1, 0, 2, 2, 0, 0, 1, 0, 0, 0, 0, 1, 0, 0, 2, 2, 2, 0, 0, 0, 0, 0, 0, 0, 0, 0, 2, 2, 3, 0, 2, 1, 2, 1, 4, 3, 6, 5, 3, 3, 2, 2, 4, 3, 942, 0, 1, 0, 0, 0, 0]",2,0.4000000000000257,-1,0
5760,"[1, 3, 0, 1, 4, 7, 0, 5, 0, 1, 0, 0, 1, 0, 2, 0, 0, 0, 0, 0, 0, 0, 0, 0, 2, 0, 0, 0, 0, 0, 0, 0, 1, 1, 0, 1, 1, 0, 2, 2, 0, 0, 1, 0, 0, 0, 0, 1, 0, 0, 2, 2, 2, 0, 0, 0, 0, 0, 0, 0, 0, 0, 2, 2, 3, 0, 2, 1, 2, 1, 4, 3, 6, 5, 3, 3, 2, 2, 4, 3, 942, 0, 0, 0, 0, 0, 0]",-1,-4.0543009654576005e-06,-1,0
5761,"[1, 3, 0, 1, 4, 7, 0, 5, 0, 1, 0, 0, 1, 0, 2, 0, 0, 0, 0, 0, 0, 0, 0, 0, 2, 0, 0, 0, 0, 0, 0, 0, 1, 1, 0, 1, 1, 0, 2, 2, 0, 0, 1, 0, 0, 0, 0, 1, 0, 0, 2, 2, 2, 0, 0, 0, 0, 0, 0, 0, 0, 0, 2, 2, 3, 0, 2, 1, 2, 1, 4, 3, 6, 5, 3, 3, 2, 2, 4, 3, 942, 1, 0, 0, 0, 0, 0]",3,0.20000000000002577,-1,0
5762,"[1, 3, 0, 1, 4, 7, 0, 5, 0, 1, 0, 0, 1, 0, 2, 0, 0, 0, 0, 0, 0, 0, 0, 0, 2, 0, 0, 0, 0, 0, 0, 0, 1, 1, 0, 1, 1, 0, 2, 2, 0, 0, 1, 0, 0, 0, 0, 1, 0, 0, 2, 2, 2, 0, 0, 0, 0, 0, 0, 0, 0, 0, 2, 2, 3, 0, 2, 1, 2, 1, 4, 3, 6, 5, 3, 3, 2, 2, 4, 3, 942, 0, 0, 0, 0, 0, 0]",-1,-4.0543009654576005e-06,-1,0
5763,"[1, 3, 0, 1, 4, 7, 0, 5, 0, 1, 0, 0, 1, 0, 2, 0, 0, 0, 0, 0, 0, 0, 0, 0, 2, 0, 0, 0, 0, 0, 0, 0, 1, 1, 0, 1, 1, 0, 2, 2, 0, 0, 1, 0, 0, 0, 0, 1, 0, 0, 2, 2, 2, 0, 0, 0, 0, 0, 0, 0, 0, 0, 2, 2, 3, 0, 2, 1, 2, 1, 4, 3, 6, 5, 3, 3, 2, 2, 4, 3, 942, 1, 0, 0, 0, 0, 0]",3,0.20000000000002577,-1,0
5764,"[1, 3, 0, 1, 4, 7, 0, 5, 0, 1, 0, 0, 1, 0, 2, 0, 0, 0, 0, 0, 0, 0, 0, 0, 2, 0, 0, 0, 0, 0, 0, 0, 1, 1, 0, 1, 1, 0, 2, 2, 0, 0, 1, 0, 0, 0, 0, 1, 0, 0, 2, 2, 2, 0, 0, 0, 0, 0, 0, 0, 0, 0, 2, 2, 3, 0, 2, 1, 2, 1, 4, 3, 6, 5, 3, 3, 2, 2, 4, 3, 942, 0, 0, 0, 0, 0, 0]",-1,-4.0543009654576005e-06,-1,0
5765,"[1, 3, 0, 1, 4, 7, 0, 5, 0, 1, 0, 0, 1, 0, 2, 0, 0, 0, 0, 0, 0, 0, 0, 0, 2, 0, 0, 0, 0, 0, 0, 0, 1, 1, 0, 1, 1, 0, 2, 2, 0, 0, 1, 0, 0, 0, 0, 1, 0, 0, 2, 2, 2, 0, 0, 0, 0, 0, 0, 0, 0, 0, 2, 2, 3, 0, 2, 1, 2, 1, 4, 3, 6, 5, 3, 3, 2, 2, 4, 3, 942, 1, 0, 0, 0, 0, 0]",3,0.20000000000002577,-1,0
5766,"[1, 3, 0, 1, 4, 7, 0, 5, 0, 1, 0, 0, 1, 0, 2, 0, 0, 0, 0, 0, 0, 0, 0, 0, 2, 0, 0, 0, 0, 0, 0, 0, 1, 1, 0, 1, 1, 0, 2, 2, 0, 0, 1, 0, 0, 0, 0, 1, 0, 0, 2, 2, 2, 0, 0, 0, 0, 0, 0, 0, 0, 0, 2, 2, 3, 0, 2, 1, 2, 1, 4, 3, 6, 5, 3, 3, 2, 2, 4, 3, 942, 0, 0, 0, 0, 0, 0]",-1,-4.0543009654576005e-06,-1,0
5767,"[1, 3, 0, 1, 4, 7, 0, 5, 0, 1, 0, 0, 1, 0, 2, 0, 0, 0, 0, 0, 0, 0, 0, 0, 2, 0, 0, 0, 0, 0, 0, 0, 1, 1, 0, 1, 1, 0, 2, 2, 0, 0, 1, 0, 0, 0, 0, 1, 0, 0, 2, 2, 2, 0, 0, 0, 0, 0, 0, 0, 0, 0, 2, 2, 3, 0, 2, 1, 2, 1, 4, 3, 6, 5, 3, 3, 2, 2, 4, 3, 942, 1, 0, 0, 0, 0, 0]",3,0.20000000000002577,-1,0
5768,"[1, 3, 0, 1, 4, 7, 0, 5, 0, 1, 0, 0, 1, 0, 2, 0, 0, 0, 0, 0, 0, 0, 0, 0, 2, 0, 0, 0, 0, 0, 0, 0, 1, 1, 0, 1, 1, 0, 2, 2, 0, 0, 1, 0, 0, 0, 0, 1, 0, 0, 2, 2, 2, 0, 0, 0, 0, 0, 0, 0, 0, 0, 2, 2, 3, 0, 2, 1, 2, 1, 4, 3, 6, 5, 3, 3, 2, 2, 4, 3, 942, 0, 0, 0, 0, 0, 0]",-1,-4.0543009654576005e-06,-1,0
5769,"[2, 3, 0, 1, 4, 7, 0, 5, 0, 1, 0, 0, 1, 0, 2, 0, 0, 0, 0, 0, 0, 0, 0, 0, 2, 0, 0, 0, 0, 0, 0, 0, 1, 1, 0, 1, 1, 0, 2, 2, 0, 0, 1, 0, 0, 0, 0, 1, 0, 0, 2, 2, 2, 0, 0, 0, 0, 0, 0, 0, 0, 0, 2, 2, 3, 0, 2, 1, 2, 1, 4, 3, 6, 5, 3, 3, 2, 2, 4, 3, 943, 0, 0, 0, 0, 0, 0]",4,14.142262577216469,-1,0
5770,"[2, 3, 0, 1, 4, 7, 0, 5, 0, 1, 0, 0, 1, 0, 2, 0, 0, 0, 0, 0, 0, 0, 0, 0, 2, 0, 0, 0, 0, 0, 0, 0, 1, 1, 0, 1, 1, 0, 2, 2, 0, 0, 1, 0, 0, 0, 0, 1, 0, 0, 2, 2, 2, 0, 0, 0, 0, 0, 0, 0, 0, 0, 2, 2, 3, 0, 2, 1, 2, 1, 4, 3, 6, 5, 3, 3, 2, 2, 4, 3, 943, 0, 1, 0, 0, 0, 0]",2,0.4000000000000248,-1,1
5771,"[2, 3, 0, 1, 4, 7, 0, 5, 0, 1, 0, 0, 1, 0, 2, 0, 0, 0, 0, 0, 0, 0, 0, 0, 2, 0, 0, 0, 0, 0, 0, 0, 1, 1, 0, 1, 1, 0, 2, 2, 0, 0, 1, 0, 0, 0, 0, 1, 0, 0, 2, 2, 2, 0, 0, 0, 0, 0, 0, 0, 0, 0, 2, 2, 3, 0, 2, 1, 2, 1, 4, 3, 6, 5, 3, 3, 2, 2, 4, 3, 943, 0, 1, 0, 0, 1, 0]","[[1 2 0 2]
 [1 1 0 1]]",-0.17611567551940488,-1,1
5772,"[2, 3, 0, 1, 4, 7, 0, 5, 0, 1, 0, 0, 1, 0, 2, 0, 0, 0, 0, 0, 0, 0, 0, 0, 2, 0, 0, 0, 0, 0, 0, 0, 1, 1, 0, 1, 1, 0, 2, 2, 0, 0, 1, 0, 0, 0, 0, 1, 0, 0, 2, 2, 2, 0, 0, 0, 0, 0, 0, 0, 0, 0, 2, 2, 3, 0, 2, 1, 2, 1, 4, 3, 6, 5, 3, 3, 2, 2, 4, 3, 943, 0, 0, 0, 0, 0, 0]",1,-0.19999999999997523,-1,0
5773,"[2, 3, 0, 1, 4, 7, 0, 5, 0, 1, 0, 0, 1, 0, 2, 0, 0, 0, 0, 0, 0, 0, 0, 0, 2, 0, 0, 0, 0, 0, 0, 0, 1, 1, 0, 1, 1, 0, 2, 2, 0, 0, 1, 0, 0, 0, 0, 1, 0, 0, 2, 2, 2, 0, 0, 0, 0, 0, 0, 0, 0, 0, 2, 2, 3, 0, 2, 1, 2, 1, 4, 3, 6, 5, 3, 3, 2, 2, 4, 3, 943, 0, 0, 0, 0, 0, 0]",-1,-4.01395999682039e-06,-1,1
5774,"[2, 3, 0, 1, 4, 7, 0, 5, 0, 1, 0, 0, 1, 0, 2, 0, 0, 0, 0, 0, 0, 0, 0, 0, 2, 0, 0, 0, 0, 0, 0, 0, 1, 1, 0, 1, 1, 0, 2, 2, 0, 0, 1, 0, 0, 0, 0, 1, 0, 0, 2, 2, 2, 0, 0, 0, 0, 0, 0, 0, 0, 0, 2, 2, 3, 0, 2, 1, 2, 1, 4, 3, 6, 5, 3, 3, 2, 2, 4, 3, 943, 0, 0, 0, 0, 0, 0]",-1,-4.01395999682039e-06,-1,1
5775,"[2, 4, 0, 1, 4, 8, 0, 5, 0, 1, 0, 0, 1, 0, 2, 0, 0, 0, 0, 0, 0, 0, 0, 0, 2, 0, 0, 0, 0, 0, 0, 0, 1, 1, 0, 1, 1, 0, 2, 2, 0, 0, 1, 0, 0, 0, 0, 1, 0, 0, 2, 2, 2, 0, 0, 0, 0, 0, 0, 0, 0, 0, 2, 2, 3, 0, 2, 1, 2, 1, 4, 3, 6, 5, 3, 3, 2, 2, 4, 3, 944, 0, 0, 0, 0, 0, 0]",4,12.627193794075795,-1,1
5776,"[2, 4, 0, 1, 4, 8, 0, 5, 0, 1, 0, 0, 1, 0, 2, 0, 0, 0, 0, 0, 0, 0, 0, 0, 2, 0, 0, 0, 0, 0, 0, 0, 1, 1, 0, 1, 1, 0, 2, 2, 0, 0, 1, 0, 0, 0, 0, 1, 0, 0, 2, 2, 2, 0, 0, 0, 0, 0, 0, 0, 0, 0, 2, 2, 3, 0, 2, 1, 2, 1, 4, 3, 6, 5, 3, 3, 2, 2, 4, 3, 944, 1, 0, 0, 0, 0, 0]",3,0.20000000000002383,-1,0
5777,"[0, 4, 0, 2, 4, 8, 0, 5, 0, 1, 0, 0, 1, 0, 2, 0, 0, 0, 0, 0, 0, 0, 0, 0, 2, 0, 0, 0, 0, 0, 0, 0, 1, 1, 0, 1, 1, 0, 2, 2, 0, 0, 1, 0, 0, 0, 0, 1, 0, 0, 2, 2, 2, 0, 0, 0, 0, 0, 0, 0, 0, 0, 2, 2, 3, 0, 2, 1, 2, 1, 4, 3, 6, 5, 3, 3, 2, 2, 4, 3, 944, 0, 0, 0, 0, 0, 0]","[[2 0 0 0]
 [0 0 0 1]]",-0.19854231808893513,-1,0
5778,"[0, 4, 0, 2, 6, 8, 0, 5, 0, 1, 0, 0, 1, 0, 2, 0, 0, 0, 0, 0, 0, 0, 0, 0, 2, 0, 0, 0, 0, 0, 0, 0, 1, 1, 0, 1, 1, 0, 2, 2, 0, 0, 1, 0, 0, 0, 0, 1, 0, 0, 2, 2, 2, 0, 0, 0, 0, 0, 0, 0, 0, 0, 2, 2, 3, 0, 2, 1, 2, 1, 4, 3, 6, 5, 3, 3, 2, 2, 4, 3, 945, 0, 0, 0, 0, 0, 0]",4,13.85071516248077,-1,0
5779,"[0, 4, 0, 2, 6, 8, 0, 5, 0, 1, 0, 0, 1, 0, 2, 0, 0, 0, 0, 0, 0, 0, 0, 0, 2, 0, 0, 0, 0, 0, 0, 0, 1, 1, 0, 1, 1, 0, 2, 2, 0, 0, 1, 0, 0, 0, 0, 1, 0, 0, 2, 2, 2, 0, 0, 0, 0, 0, 0, 0, 0, 0, 2, 2, 3, 0, 2, 1, 2, 1, 4, 3, 6, 5, 3, 3, 2, 2, 4, 3, 945, 0, 0, 0, 0, 0, 0]",0,0.29497474683060615,-1,1
5780,"[0, 4, 0, 2, 6, 8, 0, 5, 0, 1, 0, 0, 1, 0, 2, 0, 0, 0, 0, 0, 0, 0, 0, 0, 2, 0, 0, 0, 0, 0, 0, 0, 1, 1, 0, 1, 1, 0, 2, 2, 0, 0, 1, 0, 0, 0, 0, 1, 0, 0, 2, 2, 2, 0, 0, 0, 0, 0, 0, 0, 0, 0, 2, 2, 3, 0, 2, 1, 2, 1, 4, 3, 6, 5, 3, 3, 2, 2, 4, 3, 945, 0, 0, 0, 0, 0, 0]",-1,-3.934478263589728e-06,-1,1
5781,"[0, 2, 0, 1, 3, 4, 0, 2, 0, 1, 0, 0, 1, 0, 2, 0, 0, 0, 0, 0, 0, 0, 0, 0, 2, 0, 0, 0, 0, 0, 0, 0, 1, 1, 0, 1, 1, 0, 2, 2, 0, 0, 1, 0, 0, 0, 0, 1, 0, 0, 2, 2, 2, 0, 0, 0, 0, 0, 0, 0, 0, 0, 2, 2, 3, 0, 2, 1, 2, 1, 4, 3, 6, 5, 3, 3, 2, 2, 4, 4, 946, 0, 0, 0, 0, 0, 0]",4,12.730653981730969,-1,1
5782,"[0, 2, 0, 1, 3, 4, 0, 2, 0, 1, 0, 0, 1, 0, 2, 0, 0, 0, 0, 0, 0, 0, 0, 0, 2, 0, 0, 0, 0, 0, 0, 0, 1, 1, 0, 1, 1, 0, 2, 2, 0, 0, 1, 0, 0, 0, 0, 1, 0, 0, 2, 2, 2, 0, 0, 0, 0, 0, 0, 0, 0, 0, 2, 2, 3, 0, 2, 1, 2, 1, 4, 3, 6, 5, 3, 3, 2, 2, 4, 4, 946, 0, 1, 0, 0, 0, 0]",2,0.40000000000002195,-1,0
5783,"[0, 2, 0, 1, 3, 4, 0, 2, 0, 1, 0, 0, 1, 0, 2, 0, 0, 0, 0, 0, 0, 0, 0, 0, 2, 0, 0, 0, 0, 0, 0, 0, 1, 1, 0, 1, 1, 0, 2, 2, 0, 0, 1, 0, 0, 0, 0, 1, 0, 0, 2, 2, 2, 0, 0, 0, 0, 0, 0, 0, 0, 0, 2, 2, 3, 0, 2, 1, 2, 1, 4, 3, 6, 5, 3, 3, 2, 2, 4, 4, 946, 0, 1, 0, 0, 1, 0]","[[0 1 0 0]
 [1 0 0 0]]",0.6504248650581128,-1,0
5784,"[0, 2, 0, 1, 3, 4, 0, 2, 0, 1, 0, 0, 1, 0, 2, 0, 0, 0, 0, 0, 0, 0, 0, 0, 2, 0, 0, 0, 0, 0, 0, 0, 1, 1, 0, 1, 1, 0, 2, 2, 0, 0, 1, 0, 0, 0, 0, 1, 0, 0, 2, 2, 2, 0, 0, 0, 0, 0, 0, 0, 0, 0, 2, 2, 3, 0, 2, 1, 2, 1, 4, 3, 6, 5, 3, 3, 2, 2, 4, 4, 946, 0, 1, 0, 0, 0, 1]",2,-0.19999999999997803,-1,1
5785,"[0, 2, 0, 1, 3, 4, 0, 2, 0, 1, 0, 0, 1, 0, 2, 0, 0, 0, 0, 0, 0, 0, 0, 0, 2, 0, 0, 0, 0, 0, 0, 0, 1, 1, 0, 1, 1, 0, 2, 2, 0, 0, 1, 0, 0, 0, 0, 1, 0, 0, 2, 2, 2, 0, 0, 0, 0, 0, 0, 0, 0, 0, 2, 2, 3, 0, 2, 1, 2, 1, 4, 3, 6, 5, 3, 3, 2, 2, 4, 4, 946, 0, 0, 1, 0, 0, 0]","[[1 1 0 1]
 [0 2 0 1]]",-0.19999999999997803,-1,1
5786,"[0, 2, 0, 1, 3, 4, 0, 2, 0, 1, 0, 0, 1, 0, 2, 0, 0, 0, 0, 0, 0, 0, 0, 0, 2, 0, 0, 0, 0, 0, 0, 0, 1, 1, 0, 1, 1, 0, 2, 2, 0, 0, 1, 0, 0, 0, 0, 1, 0, 0, 2, 2, 2, 0, 0, 0, 0, 0, 0, 0, 0, 0, 2, 2, 3, 0, 2, 1, 2, 1, 4, 3, 6, 5, 3, 3, 2, 2, 4, 4, 946, 0, 0, 0, 0, 0, 0]",1,-19.399999999999974,-1,0
5787,"[0, 2, 0, 1, 3, 4, 0, 2, 0, 1, 0, 0, 1, 0, 2, 0, 0, 0, 0, 0, 0, 0, 0, 0, 2, 0, 0, 0, 0, 0, 0, 0, 1, 1, 0, 1, 1, 0, 2, 2, 0, 0, 1, 0, 0, 0, 0, 1, 0, 0, 2, 2, 2, 0, 0, 0, 0, 0, 0, 0, 0, 0, 2, 2, 3, 0, 2, 1, 2, 1, 4, 3, 6, 5, 3, 3, 2, 2, 4, 4, 946, 0, 1, 0, 0, 0, 0]",2,0.40000000000002195,-1,0
5788,"[0, 2, 0, 1, 3, 4, 0, 2, 0, 1, 0, 0, 1, 0, 2, 0, 0, 0, 0, 0, 0, 0, 0, 0, 2, 0, 0, 0, 0, 0, 0, 0, 1, 1, 0, 1, 1, 0, 2, 2, 0, 0, 1, 0, 0, 0, 0, 1, 0, 0, 2, 2, 2, 0, 0, 0, 0, 0, 0, 0, 0, 0, 2, 2, 3, 0, 2, 1, 2, 1, 4, 3, 6, 5, 3, 3, 2, 2, 4, 4, 946, 0, 1, 0, 0, 1, 0]","[[0 1 0 0]
 [1 0 0 0]]",0.6504248650581128,-1,0
5789,"[0, 2, 0, 1, 3, 4, 0, 2, 0, 1, 0, 0, 1, 0, 2, 0, 0, 0, 0, 0, 0, 0, 0, 0, 2, 0, 0, 0, 0, 0, 0, 0, 1, 1, 0, 1, 1, 0, 2, 2, 0, 0, 1, 0, 0, 0, 0, 1, 0, 0, 2, 2, 2, 0, 0, 0, 0, 0, 0, 0, 0, 0, 2, 2, 3, 0, 2, 1, 2, 1, 4, 3, 6, 5, 3, 3, 2, 2, 4, 4, 946, 0, 0, 0, 0, 0, 0]",1,-90.70966799187806,-1,1
5790,"[0, 2, 0, 1, 3, 4, 0, 2, 0, 1, 0, 0, 1, 0, 2, 0, 0, 0, 0, 0, 0, 0, 0, 0, 2, 0, 0, 0, 0, 0, 0, 0, 1, 1, 0, 1, 1, 0, 2, 2, 0, 0, 1, 0, 0, 0, 0, 1, 0, 0, 2, 2, 2, 0, 0, 0, 0, 0, 0, 0, 0, 0, 2, 2, 3, 0, 2, 1, 2, 1, 4, 3, 6, 5, 3, 3, 2, 2, 4, 4, 946, 0, 1, 0, 0, 0, 0]",2,0.40000000000002195,-1,0
5791,"[0, 2, 0, 1, 3, 4, 0, 2, 0, 1, 0, 0, 1, 0, 2, 0, 0, 0, 0, 0, 0, 0, 0, 0, 2, 0, 0, 0, 0, 0, 0, 0, 1, 1, 0, 1, 1, 0, 2, 2, 0, 0, 1, 0, 0, 0, 0, 1, 0, 0, 2, 2, 2, 0, 0, 0, 0, 0, 0, 0, 0, 0, 2, 2, 3, 0, 2, 1, 2, 1, 4, 3, 6, 5, 3, 3, 2, 2, 4, 4, 946, 0, 1, 0, 0, 1, 0]","[[0 1 0 0]
 [1 0 0 0]]",0.6504248650581128,-1,0
5792,"[1, 1, 0, 1, 2, 5, 0, 2, 0, 1, 0, 0, 1, 0, 2, 0, 0, 0, 0, 0, 0, 0, 0, 0, 2, 0, 0, 0, 0, 0, 0, 0, 1, 1, 0, 1, 1, 0, 2, 2, 0, 0, 1, 0, 0, 0, 0, 1, 0, 0, 2, 2, 2, 0, 0, 0, 0, 0, 0, 0, 0, 0, 2, 2, 3, 0, 2, 1, 2, 1, 4, 3, 6, 5, 3, 3, 2, 2, 4, 4, 946, 0, 0, 0, 0, 0, 0]",0,-0.19999999999997803,-1,1
5793,"[1, 1, 0, 1, 2, 5, 0, 2, 0, 1, 0, 0, 1, 0, 2, 0, 0, 0, 0, 0, 0, 0, 0, 0, 2, 0, 0, 0, 0, 0, 0, 0, 1, 1, 0, 1, 1, 0, 2, 2, 0, 0, 1, 0, 0, 0, 0, 1, 0, 0, 2, 2, 2, 0, 0, 0, 0, 0, 0, 0, 0, 0, 2, 2, 3, 0, 2, 1, 2, 1, 4, 3, 6, 5, 3, 3, 2, 2, 4, 4, 946, 0, 0, 0, 0, 0, 0]",0,0.24271887242359508,-1,0
5794,"[1, 1, 0, 1, 2, 5, 0, 2, 0, 1, 0, 0, 1, 0, 2, 0, 0, 0, 0, 0, 0, 0, 0, 0, 2, 0, 0, 0, 0, 0, 0, 0, 1, 1, 0, 1, 1, 0, 2, 2, 0, 0, 1, 0, 0, 0, 0, 1, 0, 0, 2, 2, 2, 0, 0, 0, 0, 0, 0, 0, 0, 0, 2, 2, 3, 0, 2, 1, 2, 1, 4, 3, 6, 5, 3, 3, 2, 2, 4, 4, 946, 0, 0, 0, 0, 0, 0]",-1,-3.895329550756727e-06,-1,0
5795,"[1, 1, 0, 1, 2, 5, 0, 2, 0, 1, 0, 0, 1, 0, 2, 0, 0, 0, 0, 0, 0, 0, 0, 0, 2, 0, 0, 0, 0, 0, 0, 0, 1, 1, 0, 1, 1, 0, 2, 2, 0, 0, 1, 0, 0, 0, 0, 1, 0, 0, 2, 2, 2, 0, 0, 0, 0, 0, 0, 0, 0, 0, 2, 2, 3, 0, 2, 1, 2, 1, 4, 3, 6, 5, 3, 3, 2, 2, 4, 4, 946, 0, 0, 0, 0, 0, 0]",0,0.24271887242359508,-1,0
5796,"[1, 1, 0, 1, 2, 5, 0, 2, 0, 1, 0, 0, 1, 0, 2, 0, 0, 0, 0, 0, 0, 0, 0, 0, 2, 0, 0, 0, 0, 0, 0, 0, 1, 1, 0, 1, 1, 0, 2, 2, 0, 0, 1, 0, 0, 0, 0, 1, 0, 0, 2, 2, 2, 0, 0, 0, 0, 0, 0, 0, 0, 0, 2, 2, 3, 0, 2, 1, 2, 1, 4, 3, 6, 5, 3, 3, 2, 2, 4, 4, 946, 0, 0, 0, 0, 0, 0]",-1,-3.895329550756727e-06,-1,0
5797,"[1, 1, 0, 1, 2, 5, 0, 2, 0, 1, 0, 0, 1, 0, 2, 0, 0, 0, 0, 0, 0, 0, 0, 0, 2, 0, 0, 0, 0, 0, 0, 0, 1, 1, 0, 1, 1, 0, 2, 2, 0, 0, 1, 0, 0, 0, 0, 1, 0, 0, 2, 2, 2, 0, 0, 0, 0, 0, 0, 0, 0, 0, 2, 2, 3, 0, 2, 1, 2, 1, 4, 3, 6, 5, 3, 3, 2, 2, 4, 4, 946, 0, 0, 0, 0, 0, 0]",0,0.24271887242359508,-1,0
5798,"[1, 1, 0, 1, 2, 5, 0, 2, 0, 1, 0, 0, 1, 0, 2, 0, 0, 0, 0, 0, 0, 0, 0, 0, 2, 0, 0, 0, 0, 0, 0, 0, 1, 1, 0, 1, 1, 0, 2, 2, 0, 0, 1, 0, 0, 0, 0, 1, 0, 0, 2, 2, 2, 0, 0, 0, 0, 0, 0, 0, 0, 0, 2, 2, 3, 0, 2, 1, 2, 1, 4, 3, 6, 5, 3, 3, 2, 2, 4, 4, 946, 0, 0, 0, 0, 0, 0]",-1,-3.895329550756727e-06,-1,0
5799,"[1, 1, 0, 1, 2, 5, 0, 2, 0, 1, 0, 0, 1, 0, 2, 0, 0, 0, 0, 0, 0, 0, 0, 0, 2, 0, 0, 0, 0, 0, 0, 0, 1, 1, 0, 1, 1, 0, 2, 2, 0, 0, 1, 0, 0, 0, 0, 1, 0, 0, 2, 2, 2, 0, 0, 0, 0, 0, 0, 0, 0, 0, 2, 2, 3, 0, 2, 1, 2, 1, 4, 3, 6, 5, 3, 3, 2, 2, 4, 4, 946, 0, 0, 0, 0, 0, 0]",0,0.24271887242359508,-1,0
5800,"[1, 1, 0, 1, 2, 5, 0, 2, 0, 1, 0, 0, 1, 0, 2, 0, 0, 0, 0, 0, 0, 0, 0, 0, 2, 0, 0, 0, 0, 0, 0, 0, 1, 1, 0, 1, 1, 0, 2, 2, 0, 0, 1, 0, 0, 0, 0, 1, 0, 0, 2, 2, 2, 0, 0, 0, 0, 0, 0, 0, 0, 0, 2, 2, 3, 0, 2, 1, 2, 1, 4, 3, 6, 5, 3, 3, 2, 2, 4, 4, 946, 0, 0, 0, 0, 0, 0]",-1,-3.895329550756727e-06,-1,0
5801,"[1, 1, 0, 1, 2, 5, 0, 2, 0, 1, 0, 0, 1, 0, 2, 0, 0, 0, 0, 0, 0, 0, 0, 0, 2, 0, 0, 0, 0, 0, 0, 0, 1, 1, 0, 1, 1, 0, 2, 2, 0, 0, 1, 0, 0, 0, 0, 1, 0, 0, 2, 2, 2, 0, 0, 0, 0, 0, 0, 0, 0, 0, 2, 2, 3, 0, 2, 1, 2, 1, 4, 3, 6, 5, 3, 3, 2, 2, 4, 4, 946, 0, 0, 0, 0, 0, 0]",0,0.24271887242359508,-1,0
5802,"[1, 1, 0, 1, 2, 5, 0, 2, 0, 1, 0, 0, 1, 0, 2, 0, 0, 0, 0, 0, 0, 0, 0, 0, 2, 0, 0, 0, 0, 0, 0, 0, 1, 1, 0, 1, 1, 0, 2, 2, 0, 0, 1, 0, 0, 0, 0, 1, 0, 0, 2, 2, 2, 0, 0, 0, 0, 0, 0, 0, 0, 0, 2, 2, 3, 0, 2, 1, 2, 1, 4, 3, 6, 5, 3, 3, 2, 2, 4, 4, 946, 0, 0, 0, 0, 0, 0]",-1,-3.895329550756727e-06,-1,0
5803,"[1, 1, 0, 1, 2, 5, 0, 2, 0, 1, 0, 0, 1, 0, 2, 0, 0, 0, 0, 0, 0, 0, 0, 0, 2, 0, 0, 0, 0, 0, 0, 0, 1, 1, 0, 1, 1, 0, 2, 2, 0, 0, 1, 0, 0, 0, 0, 1, 0, 0, 2, 2, 2, 0, 0, 0, 0, 0, 0, 0, 0, 0, 2, 2, 3, 0, 2, 1, 2, 1, 4, 3, 6, 5, 3, 3, 2, 2, 4, 4, 946, 0, 0, 0, 0, 0, 0]",0,0.24271887242359508,-1,0
5804,"[1, 1, 0, 1, 2, 5, 0, 2, 0, 1, 0, 0, 1, 0, 2, 0, 0, 0, 0, 0, 0, 0, 0, 0, 2, 0, 0, 0, 0, 0, 0, 0, 1, 1, 0, 1, 1, 0, 2, 2, 0, 0, 1, 0, 0, 0, 0, 1, 0, 0, 2, 2, 2, 0, 0, 0, 0, 0, 0, 0, 0, 0, 2, 2, 3, 0, 2, 1, 2, 1, 4, 3, 6, 5, 3, 3, 2, 2, 4, 4, 946, 0, 0, 0, 0, 0, 0]",-1,-3.895329550756727e-06,-1,0
5805,"[1, 1, 0, 1, 2, 5, 0, 2, 0, 1, 0, 0, 1, 0, 2, 0, 0, 0, 0, 0, 0, 0, 0, 0, 2, 0, 0, 0, 0, 0, 0, 0, 1, 1, 0, 1, 1, 0, 2, 2, 0, 0, 1, 0, 0, 0, 0, 1, 0, 0, 2, 2, 2, 0, 0, 0, 0, 0, 0, 0, 0, 0, 2, 2, 3, 0, 2, 1, 2, 1, 4, 3, 6, 5, 3, 3, 2, 2, 4, 4, 946, 0, 0, 0, 0, 0, 0]",0,0.24271887242359508,-1,0
5806,"[1, 1, 0, 1, 2, 5, 0, 2, 0, 1, 0, 0, 1, 0, 2, 0, 0, 0, 0, 0, 0, 0, 0, 0, 2, 0, 0, 0, 0, 0, 0, 0, 1, 1, 0, 1, 1, 0, 2, 2, 0, 0, 1, 0, 0, 0, 0, 1, 0, 0, 2, 2, 2, 0, 0, 0, 0, 0, 0, 0, 0, 0, 2, 2, 3, 0, 2, 1, 2, 1, 4, 3, 6, 5, 3, 3, 2, 2, 4, 4, 946, 0, 0, 0, 0, 0, 0]",-1,-3.895329550756727e-06,-1,0
5807,"[1, 1, 0, 1, 2, 5, 0, 2, 0, 1, 0, 0, 1, 0, 2, 0, 0, 0, 0, 0, 0, 0, 0, 0, 2, 0, 0, 0, 0, 0, 0, 0, 1, 1, 0, 1, 1, 0, 2, 2, 0, 0, 1, 0, 0, 0, 0, 1, 0, 0, 2, 2, 2, 0, 0, 0, 0, 0, 0, 0, 0, 0, 2, 2, 3, 0, 2, 1, 2, 1, 4, 3, 6, 5, 3, 3, 2, 2, 4, 4, 946, 1, 0, 0, 0, 0, 0]",3,0.200000000000022,-1,0
5808,"[1, 1, 0, 1, 2, 5, 0, 2, 0, 1, 0, 0, 1, 0, 2, 0, 0, 0, 0, 0, 0, 0, 0, 0, 2, 0, 0, 0, 0, 0, 0, 0, 1, 1, 0, 1, 1, 0, 2, 2, 0, 0, 1, 0, 0, 0, 0, 1, 0, 0, 2, 2, 2, 0, 0, 0, 0, 0, 0, 0, 0, 0, 2, 2, 3, 0, 2, 1, 2, 1, 4, 3, 6, 5, 3, 3, 2, 2, 4, 4, 946, 0, 0, 0, 0, 0, 0]",-1,-3.895329550756727e-06,-1,0
5809,"[1, 1, 0, 1, 2, 5, 0, 2, 0, 1, 0, 0, 1, 0, 2, 0, 0, 0, 0, 0, 0, 0, 0, 0, 2, 0, 0, 0, 0, 0, 0, 0, 1, 1, 0, 1, 1, 0, 2, 2, 0, 0, 1, 0, 0, 0, 0, 1, 0, 0, 2, 2, 2, 0, 0, 0, 0, 0, 0, 0, 0, 0, 2, 2, 3, 0, 2, 1, 2, 1, 4, 3, 6, 5, 3, 3, 2, 2, 4, 4, 946, 0, 0, 0, 0, 0, 0]",1,0.6096241150996387,-1,0
5810,"[1, 1, 0, 1, 2, 5, 0, 2, 0, 1, 0, 0, 1, 0, 2, 0, 0, 0, 0, 0, 0, 0, 0, 0, 2, 0, 0, 0, 0, 0, 0, 0, 1, 1, 0, 1, 1, 0, 2, 2, 0, 0, 1, 0, 0, 0, 0, 1, 0, 0, 2, 2, 2, 0, 0, 0, 0, 0, 0, 0, 0, 0, 2, 2, 3, 0, 2, 1, 2, 1, 4, 3, 6, 5, 3, 3, 2, 2, 4, 4, 946, 0, 0, 0, 0, 0, 0]",-1,-3.895329550756727e-06,-1,0
5811,"[1, 1, 0, 1, 2, 5, 0, 2, 0, 1, 0, 0, 1, 0, 2, 0, 0, 0, 0, 0, 0, 0, 0, 0, 2, 0, 0, 0, 0, 0, 0, 0, 1, 1, 0, 1, 1, 0, 2, 2, 0, 0, 1, 0, 0, 0, 0, 1, 0, 0, 2, 2, 2, 0, 0, 0, 0, 0, 0, 0, 0, 0, 2, 2, 3, 0, 2, 1, 2, 1, 4, 3, 6, 5, 3, 3, 2, 2, 4, 4, 946, 0, 1, 0, 0, 0, 0]",2,0.40000000000002195,-1,0
5812,"[1, 1, 0, 1, 2, 5, 0, 2, 0, 1, 0, 0, 1, 0, 2, 0, 0, 0, 0, 0, 0, 0, 0, 0, 2, 0, 0, 0, 0, 0, 0, 0, 1, 1, 0, 1, 1, 0, 2, 2, 0, 0, 1, 0, 0, 0, 0, 1, 0, 0, 2, 2, 2, 0, 0, 0, 0, 0, 0, 0, 0, 0, 2, 2, 3, 0, 2, 1, 2, 1, 4, 3, 6, 5, 3, 3, 2, 2, 4, 4, 946, 0, 0, 0, 0, 0, 0]",-1,-3.895329550756727e-06,-1,0
5813,"[1, 1, 0, 1, 2, 5, 0, 3, 0, 1, 0, 0, 1, 0, 2, 0, 0, 0, 0, 0, 0, 0, 0, 0, 2, 0, 0, 0, 0, 0, 0, 0, 1, 1, 0, 1, 1, 0, 2, 2, 0, 0, 1, 0, 0, 0, 0, 1, 0, 0, 2, 2, 2, 0, 0, 0, 0, 0, 0, 0, 0, 0, 2, 2, 3, 0, 2, 1, 2, 1, 4, 3, 6, 5, 3, 3, 2, 2, 4, 4, 947, 0, 0, 0, 0, 0, 0]",4,14.533401074669246,-1,0
5814,"[1, 1, 0, 1, 2, 5, 0, 3, 0, 1, 0, 0, 1, 0, 2, 0, 0, 0, 0, 0, 0, 0, 0, 0, 2, 0, 0, 0, 0, 0, 0, 0, 1, 1, 0, 1, 1, 0, 2, 2, 0, 0, 1, 0, 0, 0, 0, 1, 0, 0, 2, 2, 2, 0, 0, 0, 0, 0, 0, 0, 0, 0, 2, 2, 3, 0, 2, 1, 2, 1, 4, 3, 6, 5, 3, 3, 2, 2, 4, 4, 947, 0, 0, 0, 0, 0, 0]",-1,-3.8565703741249195e-06,-1,1
5815,"[1, 1, 0, 1, 2, 5, 0, 3, 0, 1, 0, 0, 1, 0, 2, 0, 0, 0, 0, 0, 0, 0, 0, 0, 2, 0, 0, 0, 0, 0, 0, 0, 1, 1, 0, 1, 1, 0, 2, 2, 0, 0, 1, 0, 0, 0, 0, 1, 0, 0, 2, 2, 2, 0, 0, 0, 0, 0, 0, 0, 0, 0, 2, 2, 3, 0, 2, 1, 2, 1, 4, 3, 6, 5, 3, 3, 2, 2, 4, 4, 948, 0, 0, 0, 0, 0, 0]",4,12.656556928603376,-1,1
5816,"[1, 1, 0, 1, 2, 5, 0, 3, 0, 1, 0, 0, 1, 0, 2, 0, 0, 0, 0, 0, 0, 0, 0, 0, 2, 0, 0, 0, 0, 0, 0, 0, 1, 1, 0, 1, 1, 0, 2, 2, 0, 0, 1, 0, 0, 0, 0, 1, 0, 0, 2, 2, 2, 0, 0, 0, 0, 0, 0, 0, 0, 0, 2, 2, 3, 0, 2, 1, 2, 1, 4, 3, 6, 5, 3, 3, 2, 2, 4, 4, 949, 0, 0, 0, 0, 0, 0]",4,14.53340092040386,-1,0
5817,"[1, 1, 0, 1, 2, 5, 0, 3, 0, 1, 0, 0, 1, 0, 2, 0, 0, 0, 0, 0, 0, 0, 0, 0, 2, 0, 0, 0, 0, 0, 0, 0, 1, 1, 0, 1, 1, 0, 2, 2, 0, 0, 1, 0, 0, 0, 0, 1, 0, 0, 2, 2, 2, 0, 0, 0, 0, 0, 0, 0, 0, 0, 2, 2, 3, 0, 2, 1, 2, 1, 4, 3, 6, 5, 3, 3, 2, 2, 4, 4, 949, 0, 0, 0, 0, 0, 0]",-1,-3.7802051642313848e-06,-1,1
5818,"[1, 1, 0, 1, 2, 5, 0, 3, 0, 1, 0, 0, 1, 0, 2, 0, 0, 0, 0, 0, 0, 0, 0, 0, 2, 0, 0, 0, 0, 0, 0, 0, 1, 1, 0, 1, 1, 0, 2, 2, 0, 0, 1, 0, 0, 0, 0, 1, 0, 0, 2, 2, 2, 0, 0, 0, 0, 0, 0, 0, 0, 0, 2, 2, 3, 0, 2, 1, 2, 1, 4, 3, 6, 5, 3, 3, 2, 2, 4, 4, 949, 0, 0, 0, 0, 0, 0]",-1,-3.7802051642313848e-06,-1,1
5819,"[1, 1, 0, 1, 2, 5, 0, 4, 0, 1, 0, 0, 1, 0, 2, 0, 0, 0, 0, 0, 0, 0, 0, 0, 2, 0, 0, 0, 0, 0, 0, 0, 1, 1, 0, 1, 1, 0, 2, 2, 0, 0, 1, 0, 0, 0, 0, 1, 0, 0, 2, 2, 2, 0, 0, 0, 0, 0, 0, 0, 0, 0, 2, 2, 3, 0, 2, 1, 2, 1, 4, 3, 6, 5, 3, 3, 2, 2, 4, 4, 950, 0, 0, 0, 0, 0, 0]",4,12.644384781675331,-1,1
5820,"[1, 1, 0, 1, 2, 5, 0, 4, 0, 1, 0, 0, 1, 0, 2, 0, 0, 0, 0, 0, 0, 0, 0, 0, 2, 0, 0, 0, 0, 0, 0, 0, 1, 1, 0, 1, 1, 0, 2, 2, 0, 0, 1, 0, 0, 0, 0, 1, 0, 0, 2, 2, 2, 0, 0, 0, 0, 0, 0, 0, 0, 0, 2, 2, 3, 0, 2, 1, 2, 1, 4, 3, 6, 5, 3, 3, 2, 2, 4, 4, 950, 0, 1, 0, 0, 0, 0]",2,0.4000000000000187,-1,0
5821,"[1, 1, 0, 1, 2, 5, 0, 4, 0, 1, 0, 0, 1, 0, 2, 0, 0, 0, 0, 0, 0, 0, 0, 0, 2, 0, 0, 0, 0, 0, 0, 0, 1, 1, 0, 1, 1, 0, 2, 2, 0, 0, 1, 0, 0, 0, 0, 1, 0, 0, 2, 2, 2, 0, 0, 0, 0, 0, 0, 0, 0, 0, 2, 2, 3, 0, 2, 1, 2, 1, 4, 3, 6, 5, 3, 3, 2, 2, 4, 4, 950, 0, 0, 0, 0, 0, 0]",-1,-3.74259149438503e-06,-1,0
5822,"[1, 1, 0, 1, 2, 5, 0, 4, 0, 1, 0, 0, 1, 0, 2, 0, 0, 0, 0, 0, 0, 0, 0, 0, 2, 0, 0, 0, 0, 0, 0, 0, 1, 1, 0, 1, 1, 0, 2, 2, 0, 0, 1, 0, 0, 0, 0, 1, 0, 0, 2, 2, 2, 0, 0, 0, 0, 0, 0, 0, 0, 0, 2, 2, 3, 0, 2, 1, 2, 1, 4, 3, 6, 5, 3, 3, 2, 2, 4, 4, 950, 1, 0, 0, 0, 0, 0]",3,0.20000000000001872,-1,0
5823,"[1, 1, 0, 1, 2, 5, 0, 4, 0, 1, 0, 0, 1, 0, 2, 0, 0, 0, 0, 0, 0, 0, 0, 0, 2, 0, 0, 0, 0, 0, 0, 0, 1, 1, 0, 1, 1, 0, 2, 2, 0, 0, 1, 0, 0, 0, 0, 1, 0, 0, 2, 2, 2, 0, 0, 0, 0, 0, 0, 0, 0, 0, 2, 2, 3, 0, 2, 1, 2, 1, 4, 3, 6, 5, 3, 3, 2, 2, 4, 4, 950, 0, 0, 0, 0, 0, 0]",-1,-3.74259149438503e-06,-1,0
5824,"[1, 1, 0, 1, 2, 5, 0, 4, 0, 1, 0, 0, 1, 0, 2, 0, 0, 0, 0, 0, 0, 0, 0, 0, 2, 0, 0, 0, 0, 0, 0, 0, 1, 1, 0, 1, 1, 0, 2, 2, 0, 0, 1, 0, 0, 0, 0, 1, 0, 0, 2, 2, 2, 0, 0, 0, 0, 0, 0, 0, 0, 0, 2, 2, 3, 0, 2, 1, 2, 1, 4, 3, 6, 5, 3, 3, 2, 2, 4, 4, 950, 0, 0, 0, 0, 0, 0]",1,0.6096241150996354,-1,0
5825,"[1, 1, 0, 1, 2, 5, 0, 4, 0, 1, 0, 0, 1, 0, 2, 0, 0, 0, 0, 0, 0, 0, 0, 0, 2, 0, 0, 0, 0, 0, 0, 0, 1, 1, 0, 1, 1, 0, 2, 2, 0, 0, 1, 0, 0, 0, 0, 1, 0, 0, 2, 2, 2, 0, 0, 0, 0, 0, 0, 0, 0, 0, 2, 2, 3, 0, 2, 1, 2, 1, 4, 3, 6, 5, 3, 3, 2, 2, 4, 4, 950, 0, 0, 0, 0, 0, 0]",-1,-3.74259149438503e-06,-1,0
5826,"[1, 1, 0, 1, 2, 5, 0, 5, 0, 1, 0, 0, 1, 0, 2, 0, 0, 0, 0, 0, 0, 0, 0, 0, 2, 0, 0, 0, 0, 0, 0, 0, 1, 1, 0, 1, 1, 0, 2, 2, 0, 0, 1, 0, 0, 0, 0, 1, 0, 0, 2, 2, 2, 0, 0, 0, 0, 0, 0, 0, 0, 0, 2, 2, 3, 0, 2, 1, 2, 1, 4, 3, 6, 5, 3, 3, 2, 2, 4, 4, 951, 0, 0, 0, 0, 0, 0]",4,14.533400769193133,-1,0
5827,"[1, 1, 0, 1, 2, 5, 0, 5, 0, 1, 0, 0, 1, 0, 2, 0, 0, 0, 0, 0, 0, 0, 0, 0, 2, 0, 0, 0, 0, 0, 0, 0, 1, 1, 0, 1, 1, 0, 2, 2, 0, 0, 1, 0, 0, 0, 0, 1, 0, 0, 2, 2, 2, 0, 0, 0, 0, 0, 0, 0, 0, 0, 2, 2, 3, 0, 2, 1, 2, 1, 4, 3, 6, 5, 3, 3, 2, 2, 4, 4, 951, 0, 0, 0, 0, 0, 0]",0,0.29497474683060126,-1,1
5828,"[1, 1, 0, 1, 2, 5, 0, 5, 0, 1, 0, 0, 1, 0, 2, 0, 0, 0, 0, 0, 0, 0, 0, 0, 2, 0, 0, 0, 0, 0, 0, 0, 1, 1, 0, 1, 1, 0, 2, 2, 0, 0, 1, 0, 0, 0, 0, 1, 0, 0, 2, 2, 2, 0, 0, 0, 0, 0, 0, 0, 0, 0, 2, 2, 3, 0, 2, 1, 2, 1, 4, 3, 6, 5, 3, 3, 2, 2, 4, 4, 951, 0, 0, 0, 0, 0, 0]",-1,-3.7053520868069503e-06,-1,1
5829,"[2, 1, 0, 1, 2, 6, 0, 5, 0, 1, 0, 0, 1, 0, 2, 0, 0, 0, 0, 0, 0, 0, 0, 0, 2, 0, 0, 0, 0, 0, 0, 0, 1, 1, 0, 1, 1, 0, 2, 2, 0, 0, 1, 0, 0, 0, 0, 1, 0, 0, 2, 2, 2, 0, 0, 0, 0, 0, 0, 0, 0, 0, 2, 2, 3, 0, 2, 1, 2, 1, 4, 3, 6, 5, 3, 3, 2, 2, 4, 4, 952, 0, 0, 0, 0, 0, 0]",4,12.594729432803689,-1,1
5830,"[2, 1, 0, 1, 2, 6, 0, 5, 0, 1, 0, 0, 1, 0, 2, 0, 0, 0, 0, 0, 0, 0, 0, 0, 2, 0, 0, 0, 0, 0, 0, 0, 1, 1, 0, 1, 1, 0, 2, 2, 0, 0, 1, 0, 0, 0, 0, 1, 0, 0, 2, 2, 2, 0, 0, 0, 0, 0, 0, 0, 0, 0, 2, 2, 3, 0, 2, 1, 2, 1, 4, 3, 6, 5, 3, 3, 2, 2, 4, 4, 952, 0, 1, 0, 0, 0, 0]",2,0.40000000000001723,-1,0
5831,"[2, 1, 0, 1, 2, 6, 0, 5, 0, 1, 0, 0, 1, 0, 2, 0, 0, 0, 0, 0, 0, 0, 0, 0, 2, 0, 0, 0, 0, 0, 0, 0, 1, 1, 0, 1, 1, 0, 2, 2, 0, 0, 1, 0, 0, 0, 0, 1, 0, 0, 2, 2, 2, 0, 0, 0, 0, 0, 0, 0, 0, 0, 2, 2, 3, 0, 2, 1, 2, 1, 4, 3, 6, 5, 3, 3, 2, 2, 4, 4, 952, 0, 0, 0, 0, 0, 0]",-1,-3.6684832175253545e-06,-1,0
5832,"[2, 1, 0, 1, 2, 6, 0, 5, 0, 1, 0, 0, 1, 0, 2, 0, 0, 0, 0, 0, 0, 0, 0, 0, 2, 0, 0, 0, 0, 0, 0, 0, 1, 1, 0, 1, 1, 0, 2, 2, 0, 0, 1, 0, 0, 0, 0, 1, 0, 0, 2, 2, 2, 0, 0, 0, 0, 0, 0, 0, 0, 0, 2, 2, 3, 0, 2, 1, 2, 1, 4, 3, 6, 5, 3, 3, 2, 2, 4, 4, 952, 0, 1, 0, 0, 0, 0]",2,0.40000000000001723,-1,0
5833,"[2, 1, 0, 1, 2, 6, 0, 5, 0, 1, 0, 0, 1, 0, 2, 0, 0, 0, 0, 0, 0, 0, 0, 0, 2, 0, 0, 0, 0, 0, 0, 0, 1, 1, 0, 1, 1, 0, 2, 2, 0, 0, 1, 0, 0, 0, 0, 1, 0, 0, 2, 2, 2, 0, 0, 0, 0, 0, 0, 0, 0, 0, 2, 2, 3, 0, 2, 1, 2, 1, 4, 3, 6, 5, 3, 3, 2, 2, 4, 4, 952, 0, 0, 0, 0, 0, 0]",-1,-3.6684832175253545e-06,-1,0
5834,"[3, 1, 0, 1, 2, 7, 0, 5, 0, 1, 0, 0, 1, 0, 2, 0, 0, 0, 0, 0, 0, 0, 0, 0, 2, 0, 0, 0, 0, 0, 0, 0, 1, 1, 0, 1, 1, 0, 2, 2, 0, 0, 1, 0, 0, 0, 0, 1, 0, 0, 2, 2, 2, 0, 0, 0, 0, 0, 0, 0, 0, 0, 2, 2, 3, 0, 2, 1, 2, 1, 4, 3, 6, 5, 3, 3, 2, 2, 4, 4, 953, 0, 0, 0, 0, 0, 0]",4,14.112962803281883,-1,0
5835,"[3, 1, 0, 1, 2, 7, 0, 5, 0, 1, 0, 0, 1, 0, 2, 0, 0, 0, 0, 0, 0, 0, 0, 0, 2, 0, 0, 0, 0, 0, 0, 0, 1, 1, 0, 1, 1, 0, 2, 2, 0, 0, 1, 0, 0, 0, 0, 1, 0, 0, 2, 2, 2, 0, 0, 0, 0, 0, 0, 0, 0, 0, 2, 2, 3, 0, 2, 1, 2, 1, 4, 3, 6, 5, 3, 3, 2, 2, 4, 4, 953, 0, 1, 0, 0, 0, 0]",2,0.40000000000001656,-1,1
5836,"[3, 1, 0, 1, 2, 7, 0, 5, 0, 1, 0, 0, 1, 0, 2, 0, 0, 0, 0, 0, 0, 0, 0, 0, 2, 0, 0, 0, 0, 0, 0, 0, 1, 1, 0, 1, 1, 0, 2, 2, 0, 0, 1, 0, 0, 0, 0, 1, 0, 0, 2, 2, 2, 0, 0, 0, 0, 0, 0, 0, 0, 0, 2, 2, 3, 0, 2, 1, 2, 1, 4, 3, 6, 5, 3, 3, 2, 2, 4, 4, 953, 0, 1, 0, 0, 1, 0]","[[1 3 0 1]
 [2 1 0 1]]",-0.03406779117595102,-1,1
5837,"[3, 1, 0, 1, 2, 7, 0, 5, 0, 1, 0, 0, 1, 0, 2, 0, 0, 0, 0, 0, 0, 0, 0, 0, 2, 0, 0, 0, 0, 0, 0, 0, 1, 1, 0, 1, 1, 0, 2, 2, 0, 0, 1, 0, 0, 0, 0, 1, 0, 0, 2, 2, 2, 0, 0, 0, 0, 0, 0, 0, 0, 0, 2, 2, 3, 0, 2, 1, 2, 1, 4, 3, 6, 5, 3, 3, 2, 2, 4, 4, 953, 0, 0, 0, 0, 0, 0]",1,-0.1999999999999834,-1,0
5838,"[3, 1, 0, 1, 2, 7, 0, 5, 0, 1, 0, 0, 1, 0, 2, 0, 0, 0, 0, 0, 0, 0, 0, 0, 2, 0, 0, 0, 0, 0, 0, 0, 1, 1, 0, 1, 1, 0, 2, 2, 0, 0, 1, 0, 0, 0, 0, 1, 0, 0, 2, 2, 2, 0, 0, 0, 0, 0, 0, 0, 0, 0, 2, 2, 3, 0, 2, 1, 2, 1, 4, 3, 6, 5, 3, 3, 2, 2, 4, 4, 954, 0, 0, 0, 0, 0, 0]",4,12.565896041145528,-1,1
5839,"[3, 1, 0, 1, 2, 7, 0, 5, 0, 1, 0, 0, 1, 0, 2, 0, 0, 0, 0, 0, 0, 0, 0, 0, 2, 0, 0, 0, 0, 0, 0, 0, 1, 1, 0, 1, 1, 0, 2, 2, 0, 0, 1, 0, 0, 0, 0, 1, 0, 0, 2, 2, 2, 0, 0, 0, 0, 0, 0, 0, 0, 0, 2, 2, 3, 0, 2, 1, 2, 1, 4, 3, 6, 5, 3, 3, 2, 2, 4, 4, 954, 1, 0, 0, 0, 0, 0]",3,0.20000000000001594,-1,0
5840,"[1, 1, 0, 2, 2, 7, 0, 5, 0, 1, 0, 0, 1, 0, 2, 0, 0, 0, 0, 0, 0, 0, 0, 0, 2, 0, 0, 0, 0, 0, 0, 0, 1, 1, 0, 1, 1, 0, 2, 2, 0, 0, 1, 0, 0, 0, 0, 1, 0, 0, 2, 2, 2, 0, 0, 0, 0, 0, 0, 0, 0, 0, 2, 2, 3, 0, 2, 1, 2, 1, 4, 3, 6, 5, 3, 3, 2, 2, 4, 4, 954, 0, 0, 0, 0, 0, 0]","[[2 0 0 0]
 [0 0 0 1]]",-0.19854231808894302,-1,0
5841,"[1, 1, 0, 2, 2, 7, 0, 5, 0, 1, 0, 0, 1, 0, 2, 0, 0, 0, 0, 0, 0, 0, 0, 0, 2, 0, 0, 0, 0, 0, 0, 0, 1, 1, 0, 1, 1, 0, 2, 2, 0, 0, 1, 0, 0, 0, 0, 1, 0, 0, 2, 2, 2, 0, 0, 0, 0, 0, 0, 0, 0, 0, 2, 2, 3, 0, 2, 1, 2, 1, 4, 3, 6, 5, 3, 3, 2, 2, 4, 4, 954, 1, 0, 0, 0, 0, 0]",3,0.20000000000001594,-1,0
5842,"[1, 1, 0, 2, 2, 7, 0, 5, 0, 1, 0, 0, 1, 0, 2, 0, 0, 0, 0, 0, 0, 0, 0, 0, 2, 0, 0, 0, 0, 0, 0, 0, 1, 1, 0, 1, 1, 0, 2, 2, 0, 0, 1, 0, 0, 0, 0, 1, 0, 0, 2, 2, 2, 0, 0, 0, 0, 0, 0, 0, 0, 0, 2, 2, 3, 0, 2, 1, 2, 1, 4, 3, 6, 5, 3, 3, 2, 2, 4, 4, 954, 0, 0, 0, 0, 0, 0]",-1,-3.5958423828664446e-06,-1,0
5843,"[1, 1, 0, 2, 2, 7, 0, 5, 0, 1, 0, 0, 1, 0, 2, 0, 0, 0, 0, 0, 0, 0, 0, 0, 2, 0, 0, 0, 0, 0, 0, 0, 1, 1, 0, 1, 1, 0, 2, 2, 0, 0, 1, 0, 0, 0, 0, 1, 0, 0, 2, 2, 2, 0, 0, 0, 0, 0, 0, 0, 0, 0, 2, 2, 3, 0, 2, 1, 2, 1, 4, 3, 6, 5, 3, 3, 2, 2, 4, 4, 954, 1, 0, 0, 0, 0, 0]",3,0.20000000000001594,-1,1
5844,"[1, 1, 0, 2, 2, 7, 0, 5, 0, 1, 0, 0, 1, 0, 2, 0, 0, 0, 0, 0, 0, 0, 0, 0, 2, 0, 0, 0, 0, 0, 0, 0, 1, 1, 0, 1, 1, 0, 2, 2, 0, 0, 1, 0, 0, 0, 0, 1, 0, 0, 2, 2, 2, 0, 0, 0, 0, 0, 0, 0, 0, 0, 2, 2, 3, 0, 2, 1, 2, 1, 4, 3, 6, 5, 3, 3, 2, 2, 4, 4, 954, 0, 0, 0, 0, 0, 0]",-1,-3.5958423828664446e-06,-1,1
5845,"[2, 1, 0, 2, 2, 8, 0, 5, 0, 1, 0, 0, 1, 0, 2, 0, 0, 0, 0, 0, 0, 0, 0, 0, 2, 0, 0, 0, 0, 0, 0, 0, 1, 1, 0, 1, 1, 0, 2, 2, 0, 0, 1, 0, 0, 0, 0, 1, 0, 0, 2, 2, 2, 0, 0, 0, 0, 0, 0, 0, 0, 0, 2, 2, 3, 0, 2, 1, 2, 1, 4, 3, 6, 5, 3, 3, 2, 2, 4, 4, 955, 0, 0, 0, 0, 0, 0]",4,12.537451570633905,-1,1
5846,"[2, 1, 0, 2, 2, 8, 0, 5, 0, 1, 0, 0, 1, 0, 2, 0, 0, 0, 0, 0, 0, 0, 0, 0, 2, 0, 0, 0, 0, 0, 0, 0, 1, 1, 0, 1, 1, 0, 2, 2, 0, 0, 1, 0, 0, 0, 0, 1, 0, 0, 2, 2, 2, 0, 0, 0, 0, 0, 0, 0, 0, 0, 2, 2, 3, 0, 2, 1, 2, 1, 4, 3, 6, 5, 3, 3, 2, 2, 4, 4, 955, 0, 1, 0, 0, 0, 0]",2,0.4000000000000153,-1,0
5847,"[2, 1, 0, 2, 2, 8, 0, 5, 0, 1, 0, 0, 1, 0, 2, 0, 0, 0, 0, 0, 0, 0, 0, 0, 2, 0, 0, 0, 0, 0, 0, 0, 1, 1, 0, 1, 1, 0, 2, 2, 0, 0, 1, 0, 0, 0, 0, 1, 0, 0, 2, 2, 2, 0, 0, 0, 0, 0, 0, 0, 0, 0, 2, 2, 3, 0, 2, 1, 2, 1, 4, 3, 6, 5, 3, 3, 2, 2, 4, 4, 955, 0, 0, 0, 0, 0, 0]",-1,-3.5600631533451368e-06,-1,0
5848,"[2, 1, 0, 2, 2, 8, 0, 5, 0, 1, 0, 0, 1, 0, 2, 0, 0, 0, 0, 0, 0, 0, 0, 0, 2, 0, 0, 0, 0, 0, 0, 0, 1, 1, 0, 1, 1, 0, 2, 2, 0, 0, 1, 0, 0, 0, 0, 1, 0, 0, 2, 2, 2, 0, 0, 0, 0, 0, 0, 0, 0, 0, 2, 2, 3, 0, 2, 1, 2, 1, 4, 3, 6, 5, 3, 3, 2, 2, 4, 4, 955, 1, 0, 0, 0, 0, 0]",3,0.20000000000001533,-1,0
5849,"[0, 1, 0, 3, 2, 8, 0, 5, 0, 1, 0, 0, 1, 0, 2, 0, 0, 0, 0, 0, 0, 0, 0, 0, 2, 0, 0, 0, 0, 0, 0, 0, 1, 1, 0, 1, 1, 0, 2, 2, 0, 0, 1, 0, 0, 0, 0, 1, 0, 0, 2, 2, 2, 0, 0, 0, 0, 0, 0, 0, 0, 0, 2, 2, 3, 0, 2, 1, 2, 1, 4, 3, 6, 5, 3, 3, 2, 2, 4, 4, 955, 0, 0, 0, 0, 0, 0]","[[2 0 0 0]
 [0 0 0 1]]",-0.19854231808894363,-1,0
5850,"[0, 1, 0, 3, 2, 8, 0, 5, 0, 1, 0, 0, 1, 0, 2, 0, 0, 0, 0, 0, 0, 0, 0, 0, 2, 0, 0, 0, 0, 0, 0, 0, 1, 1, 0, 1, 1, 0, 2, 2, 0, 0, 1, 0, 0, 0, 0, 1, 0, 0, 2, 2, 2, 0, 0, 0, 0, 0, 0, 0, 0, 0, 2, 2, 3, 0, 2, 1, 2, 1, 4, 3, 6, 5, 3, 3, 2, 2, 4, 4, 955, 0, 0, 0, 0, 0, 0]",1,0.609624115099632,-1,0
5851,"[0, 1, 0, 3, 2, 8, 0, 5, 0, 1, 0, 0, 1, 0, 2, 0, 0, 0, 0, 0, 0, 0, 0, 0, 2, 0, 0, 0, 0, 0, 0, 0, 1, 1, 0, 1, 1, 0, 2, 2, 0, 0, 1, 0, 0, 0, 0, 1, 0, 0, 2, 2, 2, 0, 0, 0, 0, 0, 0, 0, 0, 0, 2, 2, 3, 0, 2, 1, 2, 1, 4, 3, 6, 5, 3, 3, 2, 2, 4, 4, 955, 0, 0, 0, 0, 0, 0]",-1,-3.5600631533451368e-06,-1,0
5852,"[0, 1, 0, 3, 2, 8, 0, 5, 0, 1, 0, 0, 1, 0, 2, 0, 0, 0, 0, 0, 0, 0, 0, 0, 2, 0, 0, 0, 0, 0, 0, 0, 1, 1, 0, 1, 1, 0, 2, 2, 0, 0, 1, 0, 0, 0, 0, 1, 0, 0, 2, 2, 2, 0, 0, 0, 0, 0, 0, 0, 0, 0, 2, 2, 3, 0, 2, 1, 2, 1, 4, 3, 6, 5, 3, 3, 2, 2, 4, 4, 955, 1, 0, 0, 0, 0, 0]",3,0.20000000000001533,-1,0
5853,"[0, 1, 0, 3, 2, 8, 0, 5, 0, 1, 0, 0, 1, 0, 2, 0, 0, 0, 0, 0, 0, 0, 0, 0, 2, 0, 0, 0, 0, 0, 0, 0, 1, 1, 0, 1, 1, 0, 2, 2, 0, 0, 1, 0, 0, 0, 0, 1, 0, 0, 2, 2, 2, 0, 0, 0, 0, 0, 0, 0, 0, 0, 2, 2, 3, 0, 2, 1, 2, 1, 4, 3, 6, 5, 3, 3, 2, 2, 4, 4, 955, 0, 0, 0, 0, 0, 0]",-1,-3.5600631533451368e-06,-1,0
5854,"[0, 2, 0, 3, 2, 9, 0, 5, 0, 1, 0, 0, 1, 0, 2, 0, 0, 0, 0, 0, 0, 0, 0, 0, 2, 0, 0, 0, 0, 0, 0, 0, 1, 1, 0, 1, 1, 0, 2, 2, 0, 0, 1, 0, 0, 0, 0, 1, 0, 0, 2, 2, 2, 0, 0, 0, 0, 0, 0, 0, 0, 0, 2, 2, 3, 0, 2, 1, 2, 1, 4, 3, 6, 5, 3, 3, 2, 2, 4, 4, 956, 0, 0, 0, 0, 0, 0]",4,13.930925077525986,-1,0
5855,"[0, 2, 0, 3, 2, 9, 0, 5, 0, 1, 0, 0, 1, 0, 2, 0, 0, 0, 0, 0, 0, 0, 0, 0, 2, 0, 0, 0, 0, 0, 0, 0, 1, 1, 0, 1, 1, 0, 2, 2, 0, 0, 1, 0, 0, 0, 0, 1, 0, 0, 2, 2, 2, 0, 0, 0, 0, 0, 0, 0, 0, 0, 2, 2, 3, 0, 2, 1, 2, 1, 4, 3, 6, 5, 3, 3, 2, 2, 4, 4, 956, 1, 0, 0, 0, 0, 0]",3,0.20000000000001475,-1,1
5856,"[0, 2, 0, 3, 2, 9, 0, 5, 0, 1, 0, 0, 1, 0, 2, 0, 0, 0, 0, 0, 0, 0, 0, 0, 2, 0, 0, 0, 0, 0, 0, 0, 1, 1, 0, 1, 1, 0, 2, 2, 0, 0, 1, 0, 0, 0, 0, 1, 0, 0, 2, 2, 2, 0, 0, 0, 0, 0, 0, 0, 0, 0, 2, 2, 3, 0, 2, 1, 2, 1, 4, 3, 6, 5, 3, 3, 2, 2, 4, 4, 956, 0, 0, 0, 0, 0, 0]",-1,-3.524639933105892e-06,-1,1
5857,"[1, 2, 0, 3, 2, 10, 0, 5, 0, 1, 0, 0, 1, 0, 2, 0, 0, 0, 0, 0, 0, 0, 0, 0, 2, 0, 0, 0, 0, 0, 0, 0, 1, 1, 0, 1, 1, 0, 2, 2, 0, 0, 1, 0, 0, 0, 0, 1, 0, 0, 2, 2, 2, 0, 0, 0, 0, 0, 0, 0, 0, 0, 2, 2, 3, 0, 2, 1, 2, 1, 4, 3, 6, 5, 3, 3, 2, 2, 4, 4, 957, 0, 0, 0, 0, 0, 0]",4,12.484885156908923,-1,1
5858,"[1, 2, 0, 3, 2, 10, 0, 5, 0, 1, 0, 0, 1, 0, 2, 0, 0, 0, 0, 0, 0, 0, 0, 0, 2, 0, 0, 0, 0, 0, 0, 0, 1, 1, 0, 1, 1, 0, 2, 2, 0, 0, 1, 0, 0, 0, 0, 1, 0, 0, 2, 2, 2, 0, 0, 0, 0, 0, 0, 0, 0, 0, 2, 2, 3, 0, 2, 1, 2, 1, 4, 3, 6, 5, 3, 3, 2, 2, 4, 4, 957, 0, 0, 0, 0, 0, 0]",0,0.24271887242358725,-1,0
5859,"[1, 2, 0, 3, 2, 10, 0, 5, 0, 1, 0, 0, 1, 0, 2, 0, 0, 0, 0, 0, 0, 0, 0, 0, 2, 0, 0, 0, 0, 0, 0, 0, 1, 1, 0, 1, 1, 0, 2, 2, 0, 0, 1, 0, 0, 0, 0, 1, 0, 0, 2, 2, 2, 0, 0, 0, 0, 0, 0, 0, 0, 0, 2, 2, 3, 0, 2, 1, 2, 1, 4, 3, 6, 5, 3, 3, 2, 2, 4, 4, 957, 0, 0, 0, 0, 0, 0]",-1,-3.4895691797971682e-06,-1,0
5860,"[1, 2, 0, 3, 2, 10, 0, 5, 0, 1, 0, 0, 1, 0, 2, 0, 0, 0, 0, 0, 0, 0, 0, 0, 2, 0, 0, 0, 0, 0, 0, 0, 1, 1, 0, 1, 1, 0, 2, 2, 0, 0, 1, 0, 0, 0, 0, 1, 0, 0, 2, 2, 2, 0, 0, 0, 0, 0, 0, 0, 0, 0, 2, 2, 3, 0, 2, 1, 2, 1, 4, 3, 6, 5, 3, 3, 2, 2, 4, 4, 957, 0, 0, 0, 0, 0, 0]",0,0.24271887242358725,-1,0
5861,"[1, 2, 0, 3, 2, 10, 0, 5, 0, 1, 0, 0, 1, 0, 2, 0, 0, 0, 0, 0, 0, 0, 0, 0, 2, 0, 0, 0, 0, 0, 0, 0, 1, 1, 0, 1, 1, 0, 2, 2, 0, 0, 1, 0, 0, 0, 0, 1, 0, 0, 2, 2, 2, 0, 0, 0, 0, 0, 0, 0, 0, 0, 2, 2, 3, 0, 2, 1, 2, 1, 4, 3, 6, 5, 3, 3, 2, 2, 4, 4, 957, 0, 0, 0, 0, 0, 0]",-1,-3.4895691797971682e-06,-1,0
5862,"[1, 2, 0, 3, 2, 10, 0, 5, 0, 1, 0, 0, 1, 0, 2, 0, 0, 0, 0, 0, 0, 0, 0, 0, 2, 0, 0, 0, 0, 0, 0, 0, 1, 1, 0, 1, 1, 0, 2, 2, 0, 0, 1, 0, 0, 0, 0, 1, 0, 0, 2, 2, 2, 0, 0, 0, 0, 0, 0, 0, 0, 0, 2, 2, 3, 0, 2, 1, 2, 1, 4, 3, 6, 5, 3, 3, 2, 2, 4, 4, 957, 0, 0, 0, 0, 0, 0]",0,0.24271887242358725,-1,0
5863,"[1, 2, 0, 3, 2, 10, 0, 5, 0, 1, 0, 0, 1, 0, 2, 0, 0, 0, 0, 0, 0, 0, 0, 0, 2, 0, 0, 0, 0, 0, 0, 0, 1, 1, 0, 1, 1, 0, 2, 2, 0, 0, 1, 0, 0, 0, 0, 1, 0, 0, 2, 2, 2, 0, 0, 0, 0, 0, 0, 0, 0, 0, 2, 2, 3, 0, 2, 1, 2, 1, 4, 3, 6, 5, 3, 3, 2, 2, 4, 4, 957, 0, 0, 0, 0, 0, 0]",-1,-3.4895691797971682e-06,-1,0
5864,"[1, 2, 0, 3, 2, 10, 0, 5, 0, 1, 0, 0, 1, 0, 2, 0, 0, 0, 0, 0, 0, 0, 0, 0, 2, 0, 0, 0, 0, 0, 0, 0, 1, 1, 0, 1, 1, 0, 2, 2, 0, 0, 1, 0, 0, 0, 0, 1, 0, 0, 2, 2, 2, 0, 0, 0, 0, 0, 0, 0, 0, 0, 2, 2, 3, 0, 2, 1, 2, 1, 4, 3, 6, 5, 3, 3, 2, 2, 4, 4, 957, 0, 0, 0, 0, 0, 0]",0,0.24271887242358725,-1,0
5865,"[1, 2, 0, 3, 2, 10, 0, 5, 0, 1, 0, 0, 1, 0, 2, 0, 0, 0, 0, 0, 0, 0, 0, 0, 2, 0, 0, 0, 0, 0, 0, 0, 1, 1, 0, 1, 1, 0, 2, 2, 0, 0, 1, 0, 0, 0, 0, 1, 0, 0, 2, 2, 2, 0, 0, 0, 0, 0, 0, 0, 0, 0, 2, 2, 3, 0, 2, 1, 2, 1, 4, 3, 6, 5, 3, 3, 2, 2, 4, 4, 957, 0, 0, 0, 0, 0, 0]",-1,-3.4895691797971682e-06,-1,0
5866,"[1, 2, 0, 3, 2, 10, 0, 5, 0, 1, 0, 0, 1, 0, 2, 0, 0, 0, 0, 0, 0, 0, 0, 0, 2, 0, 0, 0, 0, 0, 0, 0, 1, 1, 0, 1, 1, 0, 2, 2, 0, 0, 1, 0, 0, 0, 0, 1, 0, 0, 2, 2, 2, 0, 0, 0, 0, 0, 0, 0, 0, 0, 2, 2, 3, 0, 2, 1, 2, 1, 4, 3, 6, 5, 3, 3, 2, 2, 4, 4, 957, 0, 0, 0, 0, 0, 0]",0,0.24271887242358725,-1,0
5867,"[1, 2, 0, 3, 2, 10, 0, 5, 0, 1, 0, 0, 1, 0, 2, 0, 0, 0, 0, 0, 0, 0, 0, 0, 2, 0, 0, 0, 0, 0, 0, 0, 1, 1, 0, 1, 1, 0, 2, 2, 0, 0, 1, 0, 0, 0, 0, 1, 0, 0, 2, 2, 2, 0, 0, 0, 0, 0, 0, 0, 0, 0, 2, 2, 3, 0, 2, 1, 2, 1, 4, 3, 6, 5, 3, 3, 2, 2, 4, 4, 957, 0, 0, 0, 0, 0, 0]",-1,-3.4895691797971682e-06,-1,0
5868,"[1, 2, 0, 3, 2, 10, 0, 5, 0, 1, 0, 0, 1, 0, 2, 0, 0, 0, 0, 0, 0, 0, 0, 0, 2, 0, 0, 0, 0, 0, 0, 0, 1, 1, 0, 1, 1, 0, 2, 2, 0, 0, 1, 0, 0, 0, 0, 1, 0, 0, 2, 2, 2, 0, 0, 0, 0, 0, 0, 0, 0, 0, 2, 2, 3, 0, 2, 1, 2, 1, 4, 3, 6, 5, 3, 3, 2, 2, 4, 4, 957, 0, 0, 0, 0, 0, 0]",0,0.24271887242358725,-1,0
5869,"[1, 2, 0, 3, 2, 10, 0, 5, 0, 1, 0, 0, 1, 0, 2, 0, 0, 0, 0, 0, 0, 0, 0, 0, 2, 0, 0, 0, 0, 0, 0, 0, 1, 1, 0, 1, 1, 0, 2, 2, 0, 0, 1, 0, 0, 0, 0, 1, 0, 0, 2, 2, 2, 0, 0, 0, 0, 0, 0, 0, 0, 0, 2, 2, 3, 0, 2, 1, 2, 1, 4, 3, 6, 5, 3, 3, 2, 2, 4, 4, 957, 0, 0, 0, 0, 0, 0]",-1,-3.4895691797971682e-06,-1,0
5870,"[1, 2, 0, 3, 2, 10, 0, 5, 0, 1, 0, 0, 1, 0, 2, 0, 0, 0, 0, 0, 0, 0, 0, 0, 2, 0, 0, 0, 0, 0, 0, 0, 1, 1, 0, 1, 1, 0, 2, 2, 0, 0, 1, 0, 0, 0, 0, 1, 0, 0, 2, 2, 2, 0, 0, 0, 0, 0, 0, 0, 0, 0, 2, 2, 3, 0, 2, 1, 2, 1, 4, 3, 6, 5, 3, 3, 2, 2, 4, 4, 957, 0, 0, 0, 0, 0, 0]",0,0.24271887242358725,-1,0
5871,"[1, 2, 0, 3, 2, 10, 0, 5, 0, 1, 0, 0, 1, 0, 2, 0, 0, 0, 0, 0, 0, 0, 0, 0, 2, 0, 0, 0, 0, 0, 0, 0, 1, 1, 0, 1, 1, 0, 2, 2, 0, 0, 1, 0, 0, 0, 0, 1, 0, 0, 2, 2, 2, 0, 0, 0, 0, 0, 0, 0, 0, 0, 2, 2, 3, 0, 2, 1, 2, 1, 4, 3, 6, 5, 3, 3, 2, 2, 4, 4, 957, 0, 0, 0, 0, 0, 0]",-1,-3.4895691797971682e-06,-1,0
5872,"[1, 2, 0, 3, 2, 10, 0, 5, 0, 1, 0, 0, 1, 0, 2, 0, 0, 0, 0, 0, 0, 0, 0, 0, 2, 0, 0, 0, 0, 0, 0, 0, 1, 1, 0, 1, 1, 0, 2, 2, 0, 0, 1, 0, 0, 0, 0, 1, 0, 0, 2, 2, 2, 0, 0, 0, 0, 0, 0, 0, 0, 0, 2, 2, 3, 0, 2, 1, 2, 1, 4, 3, 6, 5, 3, 3, 2, 2, 4, 4, 957, 0, 0, 0, 0, 0, 0]",0,0.24271887242358725,-1,0
5873,"[1, 2, 0, 3, 2, 10, 0, 5, 0, 1, 0, 0, 1, 0, 2, 0, 0, 0, 0, 0, 0, 0, 0, 0, 2, 0, 0, 0, 0, 0, 0, 0, 1, 1, 0, 1, 1, 0, 2, 2, 0, 0, 1, 0, 0, 0, 0, 1, 0, 0, 2, 2, 2, 0, 0, 0, 0, 0, 0, 0, 0, 0, 2, 2, 3, 0, 2, 1, 2, 1, 4, 3, 6, 5, 3, 3, 2, 2, 4, 4, 957, 0, 0, 0, 0, 0, 0]",-1,-3.4895691797971682e-06,-1,0
5874,"[1, 2, 0, 3, 2, 10, 0, 5, 0, 1, 0, 0, 1, 0, 2, 0, 0, 0, 0, 0, 0, 0, 0, 0, 2, 0, 0, 0, 0, 0, 0, 0, 1, 1, 0, 1, 1, 0, 2, 2, 0, 0, 1, 0, 0, 0, 0, 1, 0, 0, 2, 2, 2, 0, 0, 0, 0, 0, 0, 0, 0, 0, 2, 2, 3, 0, 2, 1, 2, 1, 4, 3, 6, 5, 3, 3, 2, 2, 4, 4, 957, 1, 0, 0, 0, 0, 0]",3,0.20000000000001417,-1,0
5875,"[1, 2, 0, 3, 2, 10, 0, 5, 0, 1, 0, 0, 1, 0, 2, 0, 0, 0, 0, 0, 0, 0, 0, 0, 2, 0, 0, 0, 0, 0, 0, 0, 1, 1, 0, 1, 1, 0, 2, 2, 0, 0, 1, 0, 0, 0, 0, 1, 0, 0, 2, 2, 2, 0, 0, 0, 0, 0, 0, 0, 0, 0, 2, 2, 3, 0, 2, 1, 2, 1, 4, 3, 6, 5, 3, 3, 2, 2, 4, 4, 957, 0, 0, 0, 0, 0, 0]",-1,-3.4895691797971682e-06,-1,0
5876,"[1, 2, 0, 3, 2, 10, 0, 5, 0, 1, 0, 0, 1, 0, 2, 0, 0, 0, 0, 0, 0, 0, 0, 0, 2, 0, 0, 0, 0, 0, 0, 0, 1, 1, 0, 1, 1, 0, 2, 2, 0, 0, 1, 0, 0, 0, 0, 1, 0, 0, 2, 2, 2, 0, 0, 0, 0, 0, 0, 0, 0, 0, 2, 2, 3, 0, 2, 1, 2, 1, 4, 3, 6, 5, 3, 3, 2, 2, 4, 4, 957, 0, 1, 0, 0, 0, 0]",2,0.4000000000000141,-1,0
5877,"[1, 2, 0, 3, 2, 10, 0, 5, 0, 1, 0, 0, 1, 0, 2, 0, 0, 0, 0, 0, 0, 0, 0, 0, 2, 0, 0, 0, 0, 0, 0, 0, 1, 1, 0, 1, 1, 0, 2, 2, 0, 0, 1, 0, 0, 0, 0, 1, 0, 0, 2, 2, 2, 0, 0, 0, 0, 0, 0, 0, 0, 0, 2, 2, 3, 0, 2, 1, 2, 1, 4, 3, 6, 5, 3, 3, 2, 2, 4, 4, 957, 0, 0, 0, 0, 0, 0]",-1,-3.4895691797971682e-06,-1,0
5878,"[1, 2, 0, 3, 2, 10, 0, 5, 0, 1, 0, 0, 1, 0, 2, 0, 0, 0, 0, 0, 0, 0, 0, 0, 2, 0, 0, 0, 0, 0, 0, 0, 1, 1, 0, 1, 1, 0, 2, 2, 0, 0, 1, 0, 0, 0, 0, 1, 0, 0, 2, 2, 2, 0, 0, 0, 0, 0, 0, 0, 0, 0, 2, 2, 3, 0, 2, 1, 2, 1, 4, 3, 6, 5, 3, 3, 2, 2, 4, 4, 957, 1, 0, 0, 0, 0, 0]",3,0.20000000000001417,-1,0
5879,"[1, 2, 0, 3, 2, 10, 0, 5, 0, 1, 0, 0, 1, 0, 2, 0, 0, 0, 0, 0, 0, 0, 0, 0, 2, 0, 0, 0, 0, 0, 0, 0, 1, 1, 0, 1, 1, 0, 2, 2, 0, 0, 1, 0, 0, 0, 0, 1, 0, 0, 2, 2, 2, 0, 0, 0, 0, 0, 0, 0, 0, 0, 2, 2, 3, 0, 2, 1, 2, 1, 4, 3, 6, 5, 3, 3, 2, 2, 4, 4, 957, 0, 0, 0, 0, 0, 0]",-1,-3.4895691797971682e-06,-1,0
5880,"[1, 2, 0, 3, 2, 10, 0, 5, 0, 1, 0, 0, 1, 0, 2, 0, 0, 0, 0, 0, 0, 0, 0, 0, 2, 0, 0, 0, 0, 0, 0, 0, 1, 1, 0, 1, 1, 0, 2, 2, 0, 0, 1, 0, 0, 0, 0, 1, 0, 0, 2, 2, 2, 0, 0, 0, 0, 0, 0, 0, 0, 0, 2, 2, 3, 0, 2, 1, 2, 1, 4, 3, 6, 5, 3, 3, 2, 2, 4, 4, 957, 1, 0, 0, 0, 0, 0]",3,0.20000000000001417,-1,0
5881,"[1, 2, 0, 3, 2, 10, 0, 5, 0, 1, 0, 0, 1, 0, 2, 0, 0, 0, 0, 0, 0, 0, 0, 0, 2, 0, 0, 0, 0, 0, 0, 0, 1, 1, 0, 1, 1, 0, 2, 2, 0, 0, 1, 0, 0, 0, 0, 1, 0, 0, 2, 2, 2, 0, 0, 0, 0, 0, 0, 0, 0, 0, 2, 2, 3, 0, 2, 1, 2, 1, 4, 3, 6, 5, 3, 3, 2, 2, 4, 4, 957, 0, 0, 0, 0, 0, 0]",-1,-3.4895691797971682e-06,-1,0
5882,"[1, 2, 0, 3, 2, 10, 0, 5, 0, 1, 0, 0, 1, 0, 2, 0, 0, 0, 0, 0, 0, 0, 0, 0, 2, 0, 0, 0, 0, 0, 0, 0, 1, 1, 0, 1, 1, 0, 2, 2, 0, 0, 1, 0, 0, 0, 0, 1, 0, 0, 2, 2, 2, 0, 0, 0, 0, 0, 0, 0, 0, 0, 2, 2, 3, 0, 2, 1, 2, 1, 4, 3, 6, 5, 3, 3, 2, 2, 4, 4, 957, 0, 0, 0, 0, 0, 0]",1,0.6096241150996309,-1,0
5883,"[1, 2, 0, 3, 2, 10, 0, 5, 0, 1, 0, 0, 1, 0, 2, 0, 0, 0, 0, 0, 0, 0, 0, 0, 2, 0, 0, 0, 0, 0, 0, 0, 1, 1, 0, 1, 1, 0, 2, 2, 0, 0, 1, 0, 0, 0, 0, 1, 0, 0, 2, 2, 2, 0, 0, 0, 0, 0, 0, 0, 0, 0, 2, 2, 3, 0, 2, 1, 2, 1, 4, 3, 6, 5, 3, 3, 2, 2, 4, 4, 957, 0, 0, 0, 0, 0, 0]",-1,-3.4895691797971682e-06,-1,0
5884,"[1, 2, 0, 3, 2, 10, 0, 5, 0, 1, 0, 0, 1, 0, 2, 0, 0, 0, 0, 0, 0, 0, 0, 0, 2, 0, 0, 0, 0, 0, 0, 0, 1, 1, 0, 1, 1, 0, 2, 2, 0, 0, 1, 0, 0, 0, 0, 1, 0, 0, 2, 2, 2, 0, 0, 0, 0, 0, 0, 0, 0, 0, 2, 2, 3, 0, 2, 1, 2, 1, 4, 3, 6, 5, 3, 3, 2, 2, 4, 4, 957, 1, 0, 0, 0, 0, 0]",3,0.20000000000001417,-1,0
5885,"[1, 2, 0, 3, 2, 10, 0, 5, 0, 1, 0, 0, 1, 0, 2, 0, 0, 0, 0, 0, 0, 0, 0, 0, 2, 0, 0, 0, 0, 0, 0, 0, 1, 1, 0, 1, 1, 0, 2, 2, 0, 0, 1, 0, 0, 0, 0, 1, 0, 0, 2, 2, 2, 0, 0, 0, 0, 0, 0, 0, 0, 0, 2, 2, 3, 0, 2, 1, 2, 1, 4, 3, 6, 5, 3, 3, 2, 2, 4, 4, 957, 0, 0, 0, 0, 0, 0]",-1,-3.4895691797971682e-06,-1,0
5886,"[1, 2, 0, 3, 2, 10, 0, 5, 0, 1, 0, 0, 1, 0, 2, 0, 0, 0, 0, 0, 0, 0, 0, 0, 2, 0, 0, 0, 0, 0, 0, 0, 1, 1, 0, 1, 1, 0, 2, 2, 0, 0, 1, 0, 0, 0, 0, 1, 0, 0, 2, 2, 2, 0, 0, 0, 0, 0, 0, 0, 0, 0, 2, 2, 3, 0, 2, 1, 2, 1, 4, 3, 6, 5, 3, 3, 2, 2, 4, 4, 957, 0, 0, 0, 0, 0, 0]",1,0.6096241150996309,-1,0
5887,"[1, 2, 0, 3, 2, 10, 0, 5, 0, 1, 0, 0, 1, 0, 2, 0, 0, 0, 0, 0, 0, 0, 0, 0, 2, 0, 0, 0, 0, 0, 0, 0, 1, 1, 0, 1, 1, 0, 2, 2, 0, 0, 1, 0, 0, 0, 0, 1, 0, 0, 2, 2, 2, 0, 0, 0, 0, 0, 0, 0, 0, 0, 2, 2, 3, 0, 2, 1, 2, 1, 4, 3, 6, 5, 3, 3, 2, 2, 4, 4, 957, 0, 0, 0, 0, 0, 0]",-1,-3.4895691797971682e-06,-1,0
5888,"[1, 2, 0, 3, 2, 10, 0, 5, 0, 1, 0, 0, 1, 0, 2, 0, 0, 0, 0, 0, 0, 0, 0, 0, 2, 0, 0, 0, 0, 0, 0, 0, 1, 1, 0, 1, 1, 0, 2, 2, 0, 0, 1, 0, 0, 0, 0, 1, 0, 0, 2, 2, 2, 0, 0, 0, 0, 0, 0, 0, 0, 0, 2, 2, 3, 0, 2, 1, 2, 1, 4, 3, 6, 5, 3, 3, 2, 2, 4, 4, 958, 0, 0, 0, 0, 0, 0]",4,14.142261447752885,-1,0
5889,"[1, 2, 0, 3, 2, 10, 0, 5, 0, 1, 0, 0, 1, 0, 2, 0, 0, 0, 0, 0, 0, 0, 0, 0, 2, 0, 0, 0, 0, 0, 0, 0, 1, 1, 0, 1, 1, 0, 2, 2, 0, 0, 1, 0, 0, 0, 0, 1, 0, 0, 2, 2, 2, 0, 0, 0, 0, 0, 0, 0, 0, 0, 2, 2, 3, 0, 2, 1, 2, 1, 4, 3, 6, 5, 3, 3, 2, 2, 4, 4, 958, 0, 1, 0, 0, 0, 0]",2,0.40000000000001357,-1,1
5890,"[1, 2, 0, 3, 2, 10, 0, 5, 0, 1, 0, 0, 1, 0, 2, 0, 0, 0, 0, 0, 0, 0, 0, 0, 2, 0, 0, 0, 0, 0, 0, 0, 1, 1, 0, 1, 1, 0, 2, 2, 0, 0, 1, 0, 0, 0, 0, 1, 0, 0, 2, 2, 2, 0, 0, 0, 0, 0, 0, 0, 0, 0, 2, 2, 3, 0, 2, 1, 2, 1, 4, 3, 6, 5, 3, 3, 2, 2, 4, 4, 958, 0, 1, 0, 0, 1, 0]","[[1 2 0 1]
 [1 1 0 3]]",1.7252413325406095,-1,1
5891,"[1, 3, 0, 1, 2, 9, 0, 7, 0, 1, 0, 0, 1, 0, 2, 0, 0, 0, 0, 0, 0, 0, 0, 0, 2, 0, 0, 0, 0, 0, 0, 0, 1, 1, 0, 1, 1, 0, 2, 2, 0, 0, 1, 0, 0, 0, 0, 1, 0, 0, 2, 2, 2, 0, 0, 0, 0, 0, 0, 0, 0, 0, 2, 2, 3, 0, 2, 1, 2, 1, 4, 3, 6, 5, 3, 3, 2, 2, 4, 4, 958, 0, 0, 0, 0, 0, 0]",0,-0.1999999999999864,-1,0
5892,"[1, 4, 0, 1, 2, 10, 0, 7, 0, 1, 0, 0, 1, 0, 2, 0, 0, 0, 0, 0, 0, 0, 0, 0, 2, 0, 0, 0, 0, 0, 0, 0, 1, 1, 0, 1, 1, 0, 2, 2, 0, 0, 1, 0, 0, 0, 0, 1, 0, 0, 2, 2, 2, 0, 0, 0, 0, 0, 0, 0, 0, 0, 2, 2, 3, 0, 2, 1, 2, 1, 4, 3, 6, 5, 3, 3, 2, 2, 4, 4, 959, 0, 0, 0, 0, 0, 0]",4,12.512000854185967,-1,1
5893,"[1, 4, 0, 1, 2, 10, 0, 7, 0, 1, 0, 0, 1, 0, 2, 0, 0, 0, 0, 0, 0, 0, 0, 0, 2, 0, 0, 0, 0, 0, 0, 0, 1, 1, 0, 1, 1, 0, 2, 2, 0, 0, 1, 0, 0, 0, 0, 1, 0, 0, 2, 2, 2, 0, 0, 0, 0, 0, 0, 0, 0, 0, 2, 2, 3, 0, 2, 1, 2, 1, 4, 3, 6, 5, 3, 3, 2, 2, 4, 4, 959, 0, 1, 0, 0, 0, 0]",2,0.400000000000013,-1,0
5894,"[1, 4, 0, 1, 2, 10, 0, 7, 0, 1, 0, 0, 1, 0, 2, 0, 0, 0, 0, 0, 0, 0, 0, 0, 2, 0, 0, 0, 0, 0, 0, 0, 1, 1, 0, 1, 1, 0, 2, 2, 0, 0, 1, 0, 0, 0, 0, 1, 0, 0, 2, 2, 2, 0, 0, 0, 0, 0, 0, 0, 0, 0, 2, 2, 3, 0, 2, 1, 2, 1, 4, 3, 6, 5, 3, 3, 2, 2, 4, 4, 959, 0, 0, 0, 0, 0, 0]",-1,-3.4204710804493275e-06,-1,0
5895,"[1, 4, 0, 1, 2, 10, 0, 7, 0, 1, 0, 0, 1, 0, 2, 0, 0, 0, 0, 0, 0, 0, 0, 0, 2, 0, 0, 0, 0, 0, 0, 0, 1, 1, 0, 1, 1, 0, 2, 2, 0, 0, 1, 0, 0, 0, 0, 1, 0, 0, 2, 2, 2, 0, 0, 0, 0, 0, 0, 0, 0, 0, 2, 2, 3, 0, 2, 1, 2, 1, 4, 3, 6, 5, 3, 3, 2, 2, 4, 4, 959, 0, 0, 0, 0, 0, 0]",1,0.6096241150996298,-1,0
5896,"[1, 4, 0, 1, 2, 10, 0, 7, 0, 1, 0, 0, 1, 0, 2, 0, 0, 0, 0, 0, 0, 0, 0, 0, 2, 0, 0, 0, 0, 0, 0, 0, 1, 1, 0, 1, 1, 0, 2, 2, 0, 0, 1, 0, 0, 0, 0, 1, 0, 0, 2, 2, 2, 0, 0, 0, 0, 0, 0, 0, 0, 0, 2, 2, 3, 0, 2, 1, 2, 1, 4, 3, 6, 5, 3, 3, 2, 2, 4, 4, 959, 0, 0, 0, 0, 0, 0]",-1,-3.4204710804493275e-06,-1,0
5897,"[1, 4, 0, 1, 2, 10, 0, 7, 0, 1, 0, 0, 1, 0, 2, 0, 0, 0, 0, 0, 0, 0, 0, 0, 2, 0, 0, 0, 0, 0, 0, 0, 1, 1, 0, 1, 1, 0, 2, 2, 0, 0, 1, 0, 0, 0, 0, 1, 0, 0, 2, 2, 2, 0, 0, 0, 0, 0, 0, 0, 0, 0, 2, 2, 3, 0, 2, 1, 2, 1, 4, 3, 6, 5, 3, 3, 2, 2, 4, 4, 959, 1, 0, 0, 0, 0, 0]",3,0.20000000000001306,-1,0
5898,"[1, 4, 0, 1, 2, 10, 0, 7, 0, 1, 0, 0, 1, 0, 2, 0, 0, 0, 0, 0, 0, 0, 0, 0, 2, 0, 0, 0, 0, 0, 0, 0, 1, 1, 0, 1, 1, 0, 2, 2, 0, 0, 1, 0, 0, 0, 0, 1, 0, 0, 2, 2, 2, 0, 0, 0, 0, 0, 0, 0, 0, 0, 2, 2, 3, 0, 2, 1, 2, 1, 4, 3, 6, 5, 3, 3, 2, 2, 4, 4, 959, 0, 0, 0, 0, 0, 0]",-1,-3.4204710804493275e-06,-1,0
5899,"[1, 4, 0, 1, 2, 10, 0, 7, 0, 1, 0, 0, 1, 0, 2, 0, 0, 0, 0, 0, 0, 0, 0, 0, 2, 0, 0, 0, 0, 0, 0, 0, 1, 1, 0, 1, 1, 0, 2, 2, 0, 0, 1, 0, 0, 0, 0, 1, 0, 0, 2, 2, 2, 0, 0, 0, 0, 0, 0, 0, 0, 0, 2, 2, 3, 0, 2, 1, 2, 1, 4, 3, 6, 5, 3, 3, 2, 2, 4, 4, 959, 1, 0, 0, 0, 0, 0]",3,0.20000000000001306,-1,0
5900,"[1, 4, 0, 1, 2, 10, 0, 7, 0, 1, 0, 0, 1, 0, 2, 0, 0, 0, 0, 0, 0, 0, 0, 0, 2, 0, 0, 0, 0, 0, 0, 0, 1, 1, 0, 1, 1, 0, 2, 2, 0, 0, 1, 0, 0, 0, 0, 1, 0, 0, 2, 2, 2, 0, 0, 0, 0, 0, 0, 0, 0, 0, 2, 2, 3, 0, 2, 1, 2, 1, 4, 3, 6, 5, 3, 3, 2, 2, 4, 4, 959, 0, 0, 0, 0, 0, 0]",-1,-3.4204710804493275e-06,-1,0
5901,"[1, 4, 0, 1, 2, 10, 0, 7, 0, 1, 0, 0, 1, 0, 2, 0, 0, 0, 0, 0, 0, 0, 0, 0, 2, 0, 0, 0, 0, 0, 0, 0, 1, 1, 0, 1, 1, 0, 2, 2, 0, 0, 1, 0, 0, 0, 0, 1, 0, 0, 2, 2, 2, 0, 0, 0, 0, 0, 0, 0, 0, 0, 2, 2, 3, 0, 2, 1, 2, 1, 4, 3, 6, 5, 3, 3, 2, 2, 4, 4, 959, 0, 1, 0, 0, 0, 0]",2,0.400000000000013,-1,0
5902,"[1, 4, 0, 1, 2, 10, 0, 7, 0, 1, 0, 0, 1, 0, 2, 0, 0, 0, 0, 0, 0, 0, 0, 0, 2, 0, 0, 0, 0, 0, 0, 0, 1, 1, 0, 1, 1, 0, 2, 2, 0, 0, 1, 0, 0, 0, 0, 1, 0, 0, 2, 2, 2, 0, 0, 0, 0, 0, 0, 0, 0, 0, 2, 2, 3, 0, 2, 1, 2, 1, 4, 3, 6, 5, 3, 3, 2, 2, 4, 4, 959, 0, 0, 0, 0, 0, 0]",-1,-3.4204710804493275e-06,-1,0
5903,"[1, 5, 0, 1, 2, 11, 0, 7, 0, 1, 0, 0, 1, 0, 2, 0, 0, 0, 0, 0, 0, 0, 0, 0, 2, 0, 0, 0, 0, 0, 0, 0, 1, 1, 0, 1, 1, 0, 2, 2, 0, 0, 1, 0, 0, 0, 0, 1, 0, 0, 2, 2, 2, 0, 0, 0, 0, 0, 0, 0, 0, 0, 2, 2, 3, 0, 2, 1, 2, 1, 4, 3, 6, 5, 3, 3, 2, 2, 4, 4, 960, 0, 0, 0, 0, 0, 0]",4,13.836630102335105,-1,0
5904,"[1, 5, 0, 1, 2, 11, 0, 7, 0, 1, 0, 0, 1, 0, 2, 0, 0, 0, 0, 0, 0, 0, 0, 0, 2, 0, 0, 0, 0, 0, 0, 0, 1, 1, 0, 1, 1, 0, 2, 2, 0, 0, 1, 0, 0, 0, 0, 1, 0, 0, 2, 2, 2, 0, 0, 0, 0, 0, 0, 0, 0, 0, 2, 2, 3, 0, 2, 1, 2, 1, 4, 3, 6, 5, 3, 3, 2, 2, 4, 4, 960, 0, 1, 0, 0, 0, 0]",2,0.40000000000001246,-1,1
5905,"[1, 5, 0, 1, 2, 11, 0, 7, 0, 1, 0, 0, 1, 0, 2, 0, 0, 0, 0, 0, 0, 0, 0, 0, 2, 0, 0, 0, 0, 0, 0, 0, 1, 1, 0, 1, 1, 0, 2, 2, 0, 0, 1, 0, 0, 0, 0, 1, 0, 0, 2, 2, 2, 0, 0, 0, 0, 0, 0, 0, 0, 0, 2, 2, 3, 0, 2, 1, 2, 1, 4, 3, 6, 5, 3, 3, 2, 2, 4, 4, 960, 0, 0, 0, 0, 0, 0]",-1,-3.386436824542695e-06,-1,1
5906,"[1, 5, 0, 1, 2, 11, 0, 7, 0, 1, 0, 0, 1, 0, 2, 0, 0, 0, 0, 0, 0, 0, 0, 0, 2, 0, 0, 0, 0, 0, 0, 0, 1, 1, 0, 1, 1, 0, 2, 2, 0, 0, 1, 0, 0, 0, 0, 1, 0, 0, 2, 2, 2, 0, 0, 0, 0, 0, 0, 0, 0, 0, 2, 2, 3, 0, 2, 1, 2, 1, 4, 3, 6, 5, 3, 3, 2, 2, 4, 4, 961, 0, 0, 0, 0, 0, 0]",4,12.49531688533675,-1,1
5907,"[1, 5, 0, 1, 2, 11, 0, 7, 0, 1, 0, 0, 1, 0, 2, 0, 0, 0, 0, 0, 0, 0, 0, 0, 2, 0, 0, 0, 0, 0, 0, 0, 1, 1, 0, 1, 1, 0, 2, 2, 0, 0, 1, 0, 0, 0, 0, 1, 0, 0, 2, 2, 2, 0, 0, 0, 0, 0, 0, 0, 0, 0, 2, 2, 3, 0, 2, 1, 2, 1, 4, 3, 6, 5, 3, 3, 2, 2, 4, 4, 961, 0, 1, 0, 0, 0, 0]",2,0.400000000000012,-1,0
5908,"[1, 5, 0, 1, 2, 11, 0, 7, 0, 1, 0, 0, 1, 0, 2, 0, 0, 0, 0, 0, 0, 0, 0, 0, 2, 0, 0, 0, 0, 0, 0, 0, 1, 1, 0, 1, 1, 0, 2, 2, 0, 0, 1, 0, 0, 0, 0, 1, 0, 0, 2, 2, 2, 0, 0, 0, 0, 0, 0, 0, 0, 0, 2, 2, 3, 0, 2, 1, 2, 1, 4, 3, 6, 5, 3, 3, 2, 2, 4, 4, 961, 0, 0, 0, 0, 0, 0]",-1,-3.352741215140556e-06,-1,0
5909,"[2, 5, 0, 1, 2, 12, 0, 7, 0, 1, 0, 0, 1, 0, 2, 0, 0, 0, 0, 0, 0, 0, 0, 0, 2, 0, 0, 0, 0, 0, 0, 0, 1, 1, 0, 1, 1, 0, 2, 2, 0, 0, 1, 0, 0, 0, 0, 1, 0, 0, 2, 2, 2, 0, 0, 0, 0, 0, 0, 0, 0, 0, 2, 2, 3, 0, 2, 1, 2, 1, 4, 3, 6, 5, 3, 3, 2, 2, 4, 4, 962, 0, 0, 0, 0, 0, 0]",4,13.938058584289124,-1,0
5910,"[2, 5, 0, 1, 2, 12, 0, 7, 0, 1, 0, 0, 1, 0, 2, 0, 0, 0, 0, 0, 0, 0, 0, 0, 2, 0, 0, 0, 0, 0, 0, 0, 1, 1, 0, 1, 1, 0, 2, 2, 0, 0, 1, 0, 0, 0, 0, 1, 0, 0, 2, 2, 2, 0, 0, 0, 0, 0, 0, 0, 0, 0, 2, 2, 3, 0, 2, 1, 2, 1, 4, 3, 6, 5, 3, 3, 2, 2, 4, 4, 962, 0, 1, 0, 0, 0, 0]",2,0.40000000000001157,-1,1
5911,"[2, 5, 0, 1, 2, 12, 0, 7, 0, 1, 0, 0, 1, 0, 2, 0, 0, 0, 0, 0, 0, 0, 0, 0, 2, 0, 0, 0, 0, 0, 0, 0, 1, 1, 0, 1, 1, 0, 2, 2, 0, 0, 1, 0, 0, 0, 0, 1, 0, 0, 2, 2, 2, 0, 0, 0, 0, 0, 0, 0, 0, 0, 2, 2, 3, 0, 2, 1, 2, 1, 4, 3, 6, 5, 3, 3, 2, 2, 4, 4, 962, 0, 1, 0, 0, 1, 0]","[[1 3 0 3]
 [2 4 0 1]]",0.6504248650581025,-1,1
5912,"[1, 4, 0, 3, 3, 13, 0, 5, 0, 1, 0, 0, 1, 0, 2, 0, 0, 0, 0, 0, 0, 0, 0, 0, 2, 0, 0, 0, 0, 0, 0, 0, 1, 1, 0, 1, 1, 0, 2, 2, 0, 0, 1, 0, 0, 0, 0, 1, 0, 0, 2, 2, 2, 0, 0, 0, 0, 0, 0, 0, 0, 0, 2, 2, 3, 0, 2, 1, 2, 1, 4, 3, 6, 5, 3, 3, 2, 2, 4, 4, 962, 0, 0, 0, 0, 0, 0]",0,-0.1999999999999884,-1,0
5913,"[1, 4, 0, 3, 3, 13, 0, 5, 0, 1, 0, 0, 1, 0, 2, 0, 0, 0, 0, 0, 0, 0, 0, 0, 2, 0, 0, 0, 0, 0, 0, 0, 1, 1, 0, 1, 1, 0, 2, 2, 0, 0, 1, 0, 0, 0, 0, 1, 0, 0, 2, 2, 2, 0, 0, 0, 0, 0, 0, 0, 0, 0, 2, 2, 3, 0, 2, 1, 2, 1, 4, 3, 6, 5, 3, 3, 2, 2, 4, 4, 962, 0, 1, 0, 0, 0, 0]",2,0.40000000000001157,-1,1
5914,"[1, 4, 0, 3, 3, 13, 0, 5, 0, 1, 0, 0, 1, 0, 2, 0, 0, 0, 0, 0, 0, 0, 0, 0, 2, 0, 0, 0, 0, 0, 0, 0, 1, 1, 0, 1, 1, 0, 2, 2, 0, 0, 1, 0, 0, 0, 0, 1, 0, 0, 2, 2, 2, 0, 0, 0, 0, 0, 0, 0, 0, 0, 2, 2, 3, 0, 2, 1, 2, 1, 4, 3, 6, 5, 3, 3, 2, 2, 4, 4, 962, 0, 1, 0, 0, 1, 0]","[[1 4 0 2]
 [1 2 0 3]]",-0.034067791175956014,-1,1
5915,"[1, 4, 0, 3, 3, 13, 0, 5, 0, 1, 0, 0, 1, 0, 2, 0, 0, 0, 0, 0, 0, 0, 0, 0, 2, 0, 0, 0, 0, 0, 0, 0, 1, 1, 0, 1, 1, 0, 2, 2, 0, 0, 1, 0, 0, 0, 0, 1, 0, 0, 2, 2, 2, 0, 0, 0, 0, 0, 0, 0, 0, 0, 2, 2, 3, 0, 2, 1, 2, 1, 4, 3, 6, 5, 3, 3, 2, 2, 4, 4, 962, 0, 0, 0, 0, 0, 0]",1,-0.1999999999999884,-1,0
5916,"[1, 4, 0, 3, 3, 13, 0, 5, 0, 1, 0, 0, 1, 0, 2, 0, 0, 0, 0, 0, 0, 0, 0, 0, 2, 0, 0, 0, 0, 0, 0, 0, 1, 1, 0, 1, 1, 0, 2, 2, 0, 0, 1, 0, 0, 0, 0, 1, 0, 0, 2, 2, 2, 0, 0, 0, 0, 0, 0, 0, 0, 0, 2, 2, 3, 0, 2, 1, 2, 1, 4, 3, 6, 5, 3, 3, 2, 2, 4, 4, 962, 0, 0, 0, 0, 0, 0]",-1,-3.319380882653887e-06,-1,1
5917,"[1, 4, 0, 3, 3, 13, 0, 5, 0, 1, 0, 0, 1, 0, 2, 0, 0, 0, 0, 0, 0, 0, 0, 0, 2, 0, 0, 0, 0, 0, 0, 0, 1, 1, 0, 1, 1, 0, 2, 2, 0, 0, 1, 0, 0, 0, 0, 1, 0, 0, 2, 2, 2, 0, 0, 0, 0, 0, 0, 0, 0, 0, 2, 2, 3, 0, 2, 1, 2, 1, 4, 3, 6, 5, 3, 3, 2, 2, 4, 4, 963, 0, 0, 0, 0, 0, 0]",4,12.461592044459836,-1,1
5918,"[1, 4, 0, 3, 3, 13, 0, 5, 0, 1, 0, 0, 1, 0, 2, 0, 0, 0, 0, 0, 0, 0, 0, 0, 2, 0, 0, 0, 0, 0, 0, 0, 1, 1, 0, 1, 1, 0, 2, 2, 0, 0, 1, 0, 0, 0, 0, 1, 0, 0, 2, 2, 2, 0, 0, 0, 0, 0, 0, 0, 0, 0, 2, 2, 3, 0, 2, 1, 2, 1, 4, 3, 6, 5, 3, 3, 2, 2, 4, 4, 963, 0, 0, 0, 0, 0, 0]",1,0.6096241150996279,-1,0
5919,"[1, 4, 0, 3, 3, 13, 0, 5, 0, 1, 0, 0, 1, 0, 2, 0, 0, 0, 0, 0, 0, 0, 0, 0, 2, 0, 0, 0, 0, 0, 0, 0, 1, 1, 0, 1, 1, 0, 2, 2, 0, 0, 1, 0, 0, 0, 0, 1, 0, 0, 2, 2, 2, 0, 0, 0, 0, 0, 0, 0, 0, 0, 2, 2, 3, 0, 2, 1, 2, 1, 4, 3, 6, 5, 3, 3, 2, 2, 4, 4, 963, 0, 0, 0, 0, 0, 0]",-1,-3.2863524910216478e-06,-1,0
5920,"[1, 2, 0, 1, 1, 6, 0, 2, 0, 1, 0, 0, 1, 0, 2, 0, 0, 0, 0, 0, 0, 0, 0, 0, 2, 0, 0, 0, 0, 0, 0, 0, 1, 1, 0, 1, 1, 0, 2, 2, 0, 0, 1, 0, 0, 0, 0, 1, 0, 0, 2, 2, 2, 0, 0, 0, 0, 0, 0, 0, 0, 0, 2, 2, 3, 0, 2, 1, 2, 1, 4, 3, 6, 5, 3, 3, 2, 2, 4, 0, 964, 0, 0, 0, 0, 0, 0]",4,14.373775136078836,-1,0
5921,"[1, 2, 0, 1, 1, 6, 0, 2, 0, 1, 0, 0, 1, 0, 2, 0, 0, 0, 0, 0, 0, 0, 0, 0, 2, 0, 0, 0, 0, 0, 0, 0, 1, 1, 0, 1, 1, 0, 2, 2, 0, 0, 1, 0, 0, 0, 0, 1, 0, 0, 2, 2, 2, 0, 0, 0, 0, 0, 0, 0, 0, 0, 2, 2, 3, 0, 2, 1, 2, 1, 4, 3, 6, 5, 3, 3, 2, 2, 4, 0, 964, 1, 0, 0, 0, 0, 0]",3,0.20000000000001072,-1,1
5922,"[1, 2, 0, 1, 1, 6, 0, 2, 0, 1, 0, 0, 1, 0, 2, 0, 0, 0, 0, 0, 0, 0, 0, 0, 2, 0, 0, 0, 0, 0, 0, 0, 1, 1, 0, 1, 1, 0, 2, 2, 0, 0, 1, 0, 0, 0, 0, 1, 0, 0, 2, 2, 2, 0, 0, 0, 0, 0, 0, 0, 0, 0, 2, 2, 3, 0, 2, 1, 2, 1, 4, 3, 6, 5, 3, 3, 2, 2, 4, 0, 964, 0, 0, 0, 0, 0, 0]",-1,-3.253652737377147e-06,-1,1
5923,"[1, 3, 0, 1, 1, 7, 0, 2, 0, 1, 0, 0, 1, 0, 2, 0, 0, 0, 0, 0, 0, 0, 0, 0, 2, 0, 0, 0, 0, 0, 0, 0, 1, 1, 0, 1, 1, 0, 2, 2, 0, 0, 1, 0, 0, 0, 0, 1, 0, 0, 2, 2, 2, 0, 0, 0, 0, 0, 0, 0, 0, 0, 2, 2, 3, 0, 2, 1, 2, 1, 4, 3, 6, 5, 3, 3, 2, 2, 4, 0, 965, 0, 0, 0, 0, 0, 0]",4,12.400500315209337,-1,1
5924,"[1, 3, 0, 1, 1, 7, 0, 2, 0, 1, 0, 0, 1, 0, 2, 0, 0, 0, 0, 0, 0, 0, 0, 0, 2, 0, 0, 0, 0, 0, 0, 0, 1, 1, 0, 1, 1, 0, 2, 2, 0, 0, 1, 0, 0, 0, 0, 1, 0, 0, 2, 2, 2, 0, 0, 0, 0, 0, 0, 0, 0, 0, 2, 2, 3, 0, 2, 1, 2, 1, 4, 3, 6, 5, 3, 3, 2, 2, 4, 0, 965, 1, 0, 0, 0, 0, 0]",3,0.20000000000001028,-1,0
5925,"[1, 3, 0, 1, 1, 7, 0, 2, 0, 1, 0, 0, 1, 0, 2, 0, 0, 0, 0, 0, 0, 0, 0, 0, 2, 0, 0, 0, 0, 0, 0, 0, 1, 1, 0, 1, 1, 0, 2, 2, 0, 0, 1, 0, 0, 0, 0, 1, 0, 0, 2, 2, 2, 0, 0, 0, 0, 0, 0, 0, 0, 0, 2, 2, 3, 0, 2, 1, 2, 1, 4, 3, 6, 5, 3, 3, 2, 2, 4, 0, 965, 0, 0, 0, 0, 0, 0]",-1,-3.221278351717771e-06,-1,0
5926,"[1, 3, 0, 1, 1, 7, 0, 2, 0, 1, 0, 0, 1, 0, 2, 0, 0, 0, 0, 0, 0, 0, 0, 0, 2, 0, 0, 0, 0, 0, 0, 0, 1, 1, 0, 1, 1, 0, 2, 2, 0, 0, 1, 0, 0, 0, 0, 1, 0, 0, 2, 2, 2, 0, 0, 0, 0, 0, 0, 0, 0, 0, 2, 2, 3, 0, 2, 1, 2, 1, 4, 3, 6, 5, 3, 3, 2, 2, 4, 0, 965, 1, 0, 0, 0, 0, 0]",3,0.20000000000001028,-1,0
5927,"[1, 3, 0, 1, 1, 7, 0, 2, 0, 1, 0, 0, 1, 0, 2, 0, 0, 0, 0, 0, 0, 0, 0, 0, 2, 0, 0, 0, 0, 0, 0, 0, 1, 1, 0, 1, 1, 0, 2, 2, 0, 0, 1, 0, 0, 0, 0, 1, 0, 0, 2, 2, 2, 0, 0, 0, 0, 0, 0, 0, 0, 0, 2, 2, 3, 0, 2, 1, 2, 1, 4, 3, 6, 5, 3, 3, 2, 2, 4, 0, 965, 0, 0, 0, 0, 0, 0]",-1,-3.221278351717771e-06,-1,0
5928,"[1, 3, 0, 1, 1, 7, 0, 2, 0, 1, 0, 0, 1, 0, 2, 0, 0, 0, 0, 0, 0, 0, 0, 0, 2, 0, 0, 0, 0, 0, 0, 0, 1, 1, 0, 1, 1, 0, 2, 2, 0, 0, 1, 0, 0, 0, 0, 1, 0, 0, 2, 2, 2, 0, 0, 0, 0, 0, 0, 0, 0, 0, 2, 2, 3, 0, 2, 1, 2, 1, 4, 3, 6, 5, 3, 3, 2, 2, 4, 0, 965, 0, 1, 0, 0, 0, 0]",2,0.40000000000001024,-1,0
5929,"[1, 3, 0, 1, 1, 7, 0, 2, 0, 1, 0, 0, 1, 0, 2, 0, 0, 0, 0, 0, 0, 0, 0, 0, 2, 0, 0, 0, 0, 0, 0, 0, 1, 1, 0, 1, 1, 0, 2, 2, 0, 0, 1, 0, 0, 0, 0, 1, 0, 0, 2, 2, 2, 0, 0, 0, 0, 0, 0, 0, 0, 0, 2, 2, 3, 0, 2, 1, 2, 1, 4, 3, 6, 5, 3, 3, 2, 2, 4, 0, 965, 0, 0, 0, 0, 0, 0]",-1,-3.221278351717771e-06,-1,0
5930,"[1, 3, 0, 1, 1, 7, 0, 3, 0, 1, 0, 0, 1, 0, 2, 0, 0, 0, 0, 0, 0, 0, 0, 0, 2, 0, 0, 0, 0, 0, 0, 0, 1, 1, 0, 1, 1, 0, 2, 2, 0, 0, 1, 0, 0, 0, 0, 1, 0, 0, 2, 2, 2, 0, 0, 0, 0, 0, 0, 0, 0, 0, 2, 2, 3, 0, 2, 1, 2, 1, 4, 3, 6, 5, 3, 3, 2, 2, 4, 0, 966, 0, 0, 0, 0, 0, 0]",4,14.112961908872144,-1,0
5931,"[1, 3, 0, 1, 1, 7, 0, 3, 0, 1, 0, 0, 1, 0, 2, 0, 0, 0, 0, 0, 0, 0, 0, 0, 2, 0, 0, 0, 0, 0, 0, 0, 1, 1, 0, 1, 1, 0, 2, 2, 0, 0, 1, 0, 0, 0, 0, 1, 0, 0, 2, 2, 2, 0, 0, 0, 0, 0, 0, 0, 0, 0, 2, 2, 3, 0, 2, 1, 2, 1, 4, 3, 6, 5, 3, 3, 2, 2, 4, 0, 966, 0, 1, 0, 0, 0, 0]",2,0.4000000000000098,-1,1
5932,"[1, 3, 0, 1, 1, 7, 0, 3, 0, 1, 0, 0, 1, 0, 2, 0, 0, 0, 0, 0, 0, 0, 0, 0, 2, 0, 0, 0, 0, 0, 0, 0, 1, 1, 0, 1, 1, 0, 2, 2, 0, 0, 1, 0, 0, 0, 0, 1, 0, 0, 2, 2, 2, 0, 0, 0, 0, 0, 0, 0, 0, 0, 2, 2, 3, 0, 2, 1, 2, 1, 4, 3, 6, 5, 3, 3, 2, 2, 4, 0, 966, 0, 1, 0, 0, 1, 0]","[[0 3 0 1]
 [1 3 0 1]]",1.7252413325406057,-1,1
5933,"[0, 3, 0, 1, 2, 7, 0, 3, 0, 1, 0, 0, 1, 0, 2, 0, 0, 0, 0, 0, 0, 0, 0, 0, 2, 0, 0, 0, 0, 0, 0, 0, 1, 1, 0, 1, 1, 0, 2, 2, 0, 0, 1, 0, 0, 0, 0, 1, 0, 0, 2, 2, 2, 0, 0, 0, 0, 0, 0, 0, 0, 0, 2, 2, 3, 0, 2, 1, 2, 1, 4, 3, 6, 5, 3, 3, 2, 2, 4, 0, 966, 0, 0, 0, 0, 0, 0]",0,-0.19999999999999016,-1,0
5934,"[0, 3, 0, 1, 2, 7, 0, 3, 0, 1, 0, 0, 1, 0, 2, 0, 0, 0, 0, 0, 0, 0, 0, 0, 2, 0, 0, 0, 0, 0, 0, 0, 1, 1, 0, 1, 1, 0, 2, 2, 0, 0, 1, 0, 0, 0, 0, 1, 0, 0, 2, 2, 2, 0, 0, 0, 0, 0, 0, 0, 0, 0, 2, 2, 3, 0, 2, 1, 2, 1, 4, 3, 6, 5, 3, 3, 2, 2, 4, 0, 966, 0, 0, 0, 0, 0, 0]",-1,-3.1892260965779743e-06,-1,1
5935,"[0, 3, 0, 1, 2, 7, 0, 3, 0, 1, 0, 0, 1, 0, 2, 0, 0, 0, 0, 0, 0, 0, 0, 0, 2, 0, 0, 0, 0, 0, 0, 0, 1, 1, 0, 1, 1, 0, 2, 2, 0, 0, 1, 0, 0, 0, 0, 1, 0, 0, 2, 2, 2, 0, 0, 0, 0, 0, 0, 0, 0, 0, 2, 2, 3, 0, 2, 1, 2, 1, 4, 3, 6, 5, 3, 3, 2, 2, 4, 0, 966, 0, 0, 0, 0, 0, 0]",-1,-3.1892260965779743e-06,-1,1
5936,"[0, 3, 0, 1, 2, 7, 0, 3, 0, 1, 0, 0, 1, 0, 2, 0, 0, 0, 0, 0, 0, 0, 0, 0, 2, 0, 0, 0, 0, 0, 0, 0, 1, 1, 0, 1, 1, 0, 2, 2, 0, 0, 1, 0, 0, 0, 0, 1, 0, 0, 2, 2, 2, 0, 0, 0, 0, 0, 0, 0, 0, 0, 2, 2, 3, 0, 2, 1, 2, 1, 4, 3, 6, 5, 3, 3, 2, 2, 4, 0, 967, 0, 0, 0, 0, 0, 0]",4,12.539162640319464,-1,1
5937,"[0, 1, 0, 1, 1, 3, 0, 1, 0, 1, 0, 0, 1, 0, 2, 0, 0, 0, 0, 0, 0, 0, 0, 0, 2, 0, 0, 0, 0, 0, 0, 0, 1, 1, 0, 1, 1, 0, 2, 2, 0, 0, 1, 0, 0, 0, 0, 1, 0, 0, 2, 2, 2, 0, 0, 0, 0, 0, 0, 0, 0, 0, 2, 2, 3, 0, 2, 1, 2, 1, 4, 3, 6, 5, 3, 3, 2, 2, 4, 5, 968, 0, 0, 0, 0, 0, 0]",4,14.25946948627932,-1,0
5938,"[0, 1, 0, 1, 1, 3, 0, 1, 0, 1, 0, 0, 1, 0, 2, 0, 0, 0, 0, 0, 0, 0, 0, 0, 2, 0, 0, 0, 0, 0, 0, 0, 1, 1, 0, 1, 1, 0, 2, 2, 0, 0, 1, 0, 0, 0, 0, 1, 0, 0, 2, 2, 2, 0, 0, 0, 0, 0, 0, 0, 0, 0, 2, 2, 3, 0, 2, 1, 2, 1, 4, 3, 6, 5, 3, 3, 2, 2, 4, 5, 968, 1, 0, 0, 0, 0, 0]",3,0.20000000000000911,-1,1
5939,"[0, 1, 0, 1, 1, 3, 0, 1, 0, 1, 0, 0, 1, 0, 2, 0, 0, 0, 0, 0, 0, 0, 0, 0, 2, 0, 0, 0, 0, 0, 0, 0, 1, 1, 0, 1, 1, 0, 2, 2, 0, 0, 1, 0, 0, 0, 0, 1, 0, 0, 2, 2, 2, 0, 0, 0, 0, 0, 0, 0, 0, 0, 2, 2, 3, 0, 2, 1, 2, 1, 4, 3, 6, 5, 3, 3, 2, 2, 4, 5, 968, 0, 0, 0, 0, 0, 0]",-1,-3.126075188741013e-06,-1,1
5940,"[0, 1, 0, 1, 1, 1, 0, 1, 0, 1, 0, 0, 1, 0, 2, 0, 0, 0, 0, 0, 0, 0, 0, 0, 2, 0, 0, 0, 0, 0, 0, 0, 1, 1, 0, 1, 1, 0, 2, 2, 0, 0, 1, 0, 0, 0, 0, 1, 0, 0, 2, 2, 2, 0, 0, 0, 0, 0, 0, 0, 0, 0, 2, 2, 3, 0, 2, 1, 2, 1, 4, 3, 6, 5, 3, 3, 2, 2, 4, 4, 969, 0, 0, 0, 0, 0, 0]",4,13.133399536160512,-1,1
5941,"[0, 1, 0, 1, 1, 1, 0, 1, 0, 1, 0, 0, 1, 0, 2, 0, 0, 0, 0, 0, 0, 0, 0, 0, 2, 0, 0, 0, 0, 0, 0, 0, 1, 1, 0, 1, 1, 0, 2, 2, 0, 0, 1, 0, 0, 0, 0, 1, 0, 0, 2, 2, 2, 0, 0, 0, 0, 0, 0, 0, 0, 0, 2, 2, 3, 0, 2, 1, 2, 1, 4, 3, 6, 5, 3, 3, 2, 2, 4, 4, 969, 1, 0, 0, 0, 0, 0]",3,0.20000000000000875,-1,0
5942,"[0, 1, 0, 1, 1, 1, 0, 1, 0, 1, 0, 0, 1, 0, 2, 0, 0, 0, 0, 0, 0, 0, 0, 0, 2, 0, 0, 0, 0, 0, 0, 0, 1, 1, 0, 1, 1, 0, 2, 2, 0, 0, 1, 0, 0, 0, 0, 1, 0, 0, 2, 2, 2, 0, 0, 0, 0, 0, 0, 0, 0, 0, 2, 2, 3, 0, 2, 1, 2, 1, 4, 3, 6, 5, 3, 3, 2, 2, 4, 4, 969, 0, 0, 0, 0, 0, 0]",-1,-3.0949702209004396e-06,-1,0
5943,"[0, 1, 0, 1, 1, 1, 0, 1, 0, 1, 0, 0, 1, 0, 2, 0, 0, 0, 0, 0, 0, 0, 0, 0, 2, 0, 0, 0, 0, 0, 0, 0, 1, 1, 0, 1, 1, 0, 2, 2, 0, 0, 1, 0, 0, 0, 0, 1, 0, 0, 2, 2, 2, 0, 0, 0, 0, 0, 0, 0, 0, 0, 2, 2, 3, 0, 2, 1, 2, 1, 4, 3, 6, 5, 3, 3, 2, 2, 4, 4, 970, 0, 0, 0, 0, 0, 0]",4,14.259469361234226,-1,0
5944,"[0, 1, 0, 1, 1, 1, 0, 1, 0, 1, 0, 0, 1, 0, 2, 0, 0, 0, 0, 0, 0, 0, 0, 0, 2, 0, 0, 0, 0, 0, 0, 0, 1, 1, 0, 1, 1, 0, 2, 2, 0, 0, 1, 0, 0, 0, 0, 1, 0, 0, 2, 2, 2, 0, 0, 0, 0, 0, 0, 0, 0, 0, 2, 2, 3, 0, 2, 1, 2, 1, 4, 3, 6, 5, 3, 3, 2, 2, 4, 4, 970, 1, 0, 0, 0, 0, 0]",3,0.2000000000000084,-1,1
5945,"[0, 1, 0, 1, 1, 1, 0, 1, 0, 1, 0, 0, 1, 0, 2, 0, 0, 0, 0, 0, 0, 0, 0, 0, 2, 0, 0, 0, 0, 0, 0, 0, 1, 1, 0, 1, 1, 0, 2, 2, 0, 0, 1, 0, 0, 0, 0, 1, 0, 0, 2, 2, 2, 0, 0, 0, 0, 0, 0, 0, 0, 0, 2, 2, 3, 0, 2, 1, 2, 1, 4, 3, 6, 5, 3, 3, 2, 2, 4, 4, 970, 0, 0, 0, 0, 0, 0]",-1,-3.0641747526611013e-06,-1,1
5946,"[0, 1, 0, 1, 1, 1, 0, 1, 0, 1, 0, 0, 1, 0, 2, 0, 0, 0, 0, 0, 0, 0, 0, 0, 2, 0, 0, 0, 0, 0, 0, 0, 1, 1, 0, 1, 1, 0, 2, 2, 0, 0, 1, 0, 0, 0, 0, 1, 0, 0, 2, 2, 2, 0, 0, 0, 0, 0, 0, 0, 0, 0, 2, 2, 3, 0, 2, 1, 2, 1, 4, 3, 6, 5, 3, 3, 2, 2, 4, 4, 970, 1, 0, 0, 0, 0, 0]",3,0.2000000000000084,-1,1
5947,"[0, 1, 0, 1, 1, 1, 0, 1, 0, 1, 0, 0, 1, 0, 2, 0, 0, 0, 0, 0, 0, 0, 0, 0, 2, 0, 0, 0, 0, 0, 0, 0, 1, 1, 0, 1, 1, 0, 2, 2, 0, 0, 1, 0, 0, 0, 0, 1, 0, 0, 2, 2, 2, 0, 0, 0, 0, 0, 0, 0, 0, 0, 2, 2, 3, 0, 2, 1, 2, 1, 4, 3, 6, 5, 3, 3, 2, 2, 4, 4, 970, 0, 0, 0, 0, 0, 0]",-1,-3.0641747526611013e-06,-1,1
5948,"[0, 1, 0, 1, 1, 1, 0, 1, 0, 1, 0, 0, 1, 0, 2, 0, 0, 0, 0, 0, 0, 0, 0, 0, 2, 0, 0, 0, 0, 0, 0, 0, 1, 1, 0, 1, 1, 0, 2, 2, 0, 0, 1, 0, 0, 0, 0, 1, 0, 0, 2, 2, 2, 0, 0, 0, 0, 0, 0, 0, 0, 0, 2, 2, 3, 0, 2, 1, 2, 1, 4, 3, 6, 5, 3, 3, 2, 2, 4, 4, 970, 0, 0, 0, 0, 0, 0]",-1,-3.0641747526611013e-06,-1,1
5949,"[0, 1, 0, 1, 1, 1, 0, 1, 0, 1, 0, 0, 1, 0, 2, 0, 0, 0, 0, 0, 0, 0, 0, 0, 2, 0, 0, 0, 0, 0, 0, 0, 1, 1, 0, 1, 1, 0, 2, 2, 0, 0, 1, 0, 0, 0, 0, 1, 0, 0, 2, 2, 2, 0, 0, 0, 0, 0, 0, 0, 0, 0, 2, 2, 3, 0, 2, 1, 2, 1, 4, 3, 6, 5, 3, 3, 2, 2, 4, 4, 971, 0, 0, 0, 0, 0, 0]",4,13.133399412359639,-1,1
5950,"[0, 2, 0, 1, 1, 2, 0, 1, 0, 1, 0, 0, 1, 0, 2, 0, 0, 0, 0, 0, 0, 0, 0, 0, 2, 0, 0, 0, 0, 0, 0, 0, 1, 1, 0, 1, 1, 0, 2, 2, 0, 0, 1, 0, 0, 0, 0, 1, 0, 0, 2, 2, 2, 0, 0, 0, 0, 0, 0, 0, 0, 0, 2, 2, 3, 0, 2, 1, 2, 1, 4, 3, 6, 5, 3, 3, 2, 2, 4, 4, 972, 0, 0, 0, 0, 0, 0]",4,14.0556747091914,-1,0
5951,"[0, 2, 0, 1, 1, 2, 0, 1, 0, 1, 0, 0, 1, 0, 2, 0, 0, 0, 0, 0, 0, 0, 0, 0, 2, 0, 0, 0, 0, 0, 0, 0, 1, 1, 0, 1, 1, 0, 2, 2, 0, 0, 1, 0, 0, 0, 0, 1, 0, 0, 2, 2, 2, 0, 0, 0, 0, 0, 0, 0, 0, 0, 2, 2, 3, 0, 2, 1, 2, 1, 4, 3, 6, 5, 3, 3, 2, 2, 4, 4, 972, 0, 1, 0, 0, 0, 0]",2,0.40000000000000774,-1,1
5952,"[0, 2, 0, 1, 1, 2, 0, 1, 0, 1, 0, 0, 1, 0, 2, 0, 0, 0, 0, 0, 0, 0, 0, 0, 2, 0, 0, 0, 0, 0, 0, 0, 1, 1, 0, 1, 1, 0, 2, 2, 0, 0, 1, 0, 0, 0, 0, 1, 0, 0, 2, 2, 2, 0, 0, 0, 0, 0, 0, 0, 0, 0, 2, 2, 3, 0, 2, 1, 2, 1, 4, 3, 6, 5, 3, 3, 2, 2, 4, 4, 972, 0, 1, 0, 0, 1, 0]","[[0 1 0 0]
 [0 2 0 1]]",2.1224908847237263,-1,1
5953,"[0, 1, 0, 0, 1, 3, 0, 2, 0, 1, 0, 0, 1, 0, 2, 0, 0, 0, 0, 0, 0, 0, 0, 0, 2, 0, 0, 0, 0, 0, 0, 0, 1, 1, 0, 1, 1, 0, 2, 2, 0, 0, 1, 0, 0, 0, 0, 1, 0, 0, 2, 2, 2, 0, 0, 0, 0, 0, 0, 0, 0, 0, 2, 2, 3, 0, 2, 1, 2, 1, 4, 3, 6, 5, 3, 3, 2, 2, 4, 4, 972, 0, 0, 0, 0, 0, 0]",0,-0.19999999999999224,-1,0
5954,"[0, 2, 0, 0, 1, 4, 0, 2, 0, 1, 0, 0, 1, 0, 2, 0, 0, 0, 0, 0, 0, 0, 0, 0, 2, 0, 0, 0, 0, 0, 0, 0, 1, 1, 0, 1, 1, 0, 2, 2, 0, 0, 1, 0, 0, 0, 0, 1, 0, 0, 2, 2, 2, 0, 0, 0, 0, 0, 0, 0, 0, 0, 2, 2, 3, 0, 2, 1, 2, 1, 4, 3, 6, 5, 3, 3, 2, 2, 4, 4, 973, 0, 0, 0, 0, 0, 0]",4,12.628592089013708,-1,1
5955,"[0, 3, 0, 0, 1, 5, 0, 2, 0, 1, 0, 0, 1, 0, 2, 0, 0, 0, 0, 0, 0, 0, 0, 0, 2, 0, 0, 0, 0, 0, 0, 0, 1, 1, 0, 1, 1, 0, 2, 2, 0, 0, 1, 0, 0, 0, 0, 1, 0, 0, 2, 2, 2, 0, 0, 0, 0, 0, 0, 0, 0, 0, 2, 2, 3, 0, 2, 1, 2, 1, 4, 3, 6, 5, 3, 3, 2, 2, 4, 4, 974, 0, 0, 0, 0, 0, 0]",4,13.615276983211395,-1,0
5956,"[0, 3, 0, 0, 1, 5, 0, 2, 0, 1, 0, 0, 1, 0, 2, 0, 0, 0, 0, 0, 0, 0, 0, 0, 2, 0, 0, 0, 0, 0, 0, 0, 1, 1, 0, 1, 1, 0, 2, 2, 0, 0, 1, 0, 0, 0, 0, 1, 0, 0, 2, 2, 2, 0, 0, 0, 0, 0, 0, 0, 0, 0, 2, 2, 3, 0, 2, 1, 2, 1, 4, 3, 6, 5, 3, 3, 2, 2, 4, 4, 974, 0, 1, 0, 0, 0, 0]",2,0.4000000000000071,-1,1
5957,"[0, 3, 0, 0, 1, 5, 0, 2, 0, 1, 0, 0, 1, 0, 2, 0, 0, 0, 0, 0, 0, 0, 0, 0, 2, 0, 0, 0, 0, 0, 0, 0, 1, 1, 0, 1, 1, 0, 2, 2, 0, 0, 1, 0, 0, 0, 0, 1, 0, 0, 2, 2, 2, 0, 0, 0, 0, 0, 0, 0, 0, 0, 2, 2, 3, 0, 2, 1, 2, 1, 4, 3, 6, 5, 3, 3, 2, 2, 4, 4, 974, 0, 0, 0, 0, 0, 0]",-1,-2.9440267420739713e-06,-1,1
5958,"[0, 3, 0, 0, 1, 5, 0, 2, 0, 1, 0, 0, 1, 0, 2, 0, 0, 0, 0, 0, 0, 0, 0, 0, 2, 0, 0, 0, 0, 0, 0, 0, 1, 1, 0, 1, 1, 0, 2, 2, 0, 0, 1, 0, 0, 0, 0, 1, 0, 0, 2, 2, 2, 0, 0, 0, 0, 0, 0, 0, 0, 0, 2, 2, 3, 0, 2, 1, 2, 1, 4, 3, 6, 5, 3, 3, 2, 2, 4, 4, 975, 0, 0, 0, 0, 0, 0]",4,12.538057766860172,-1,1
5959,"[0, 3, 0, 0, 1, 5, 0, 2, 0, 1, 0, 0, 1, 0, 2, 0, 0, 0, 0, 0, 0, 0, 0, 0, 2, 0, 0, 0, 0, 0, 0, 0, 1, 1, 0, 1, 1, 0, 2, 2, 0, 0, 1, 0, 0, 0, 0, 1, 0, 0, 2, 2, 2, 0, 0, 0, 0, 0, 0, 0, 0, 0, 2, 2, 3, 0, 2, 1, 2, 1, 4, 3, 6, 5, 3, 3, 2, 2, 4, 4, 975, 1, 0, 0, 0, 0, 0]",3,0.2000000000000069,-1,0
5960,"[0, 3, 0, 0, 1, 5, 0, 2, 0, 1, 0, 0, 1, 0, 2, 0, 0, 0, 0, 0, 0, 0, 0, 0, 2, 0, 0, 0, 0, 0, 0, 0, 1, 1, 0, 1, 1, 0, 2, 2, 0, 0, 1, 0, 0, 0, 0, 1, 0, 0, 2, 2, 2, 0, 0, 0, 0, 0, 0, 0, 0, 0, 2, 2, 3, 0, 2, 1, 2, 1, 4, 3, 6, 5, 3, 3, 2, 2, 4, 4, 975, 0, 0, 0, 0, 0, 0]",-1,-2.914733186543441e-06,-1,0
5961,"[0, 3, 0, 0, 1, 5, 0, 2, 0, 1, 0, 0, 1, 0, 2, 0, 0, 0, 0, 0, 0, 0, 0, 0, 2, 0, 0, 0, 0, 0, 0, 0, 1, 1, 0, 1, 1, 0, 2, 2, 0, 0, 1, 0, 0, 0, 0, 1, 0, 0, 2, 2, 2, 0, 0, 0, 0, 0, 0, 0, 0, 0, 2, 2, 3, 0, 2, 1, 2, 1, 4, 3, 6, 5, 3, 3, 2, 2, 4, 4, 975, 0, 1, 0, 0, 0, 0]",2,0.40000000000000685,-1,0
5962,"[0, 3, 0, 0, 1, 5, 0, 2, 0, 1, 0, 0, 1, 0, 2, 0, 0, 0, 0, 0, 0, 0, 0, 0, 2, 0, 0, 0, 0, 0, 0, 0, 1, 1, 0, 1, 1, 0, 2, 2, 0, 0, 1, 0, 0, 0, 0, 1, 0, 0, 2, 2, 2, 0, 0, 0, 0, 0, 0, 0, 0, 0, 2, 2, 3, 0, 2, 1, 2, 1, 4, 3, 6, 5, 3, 3, 2, 2, 4, 4, 975, 0, 1, 0, 0, 1, 0]","[[0 1 0 0]
 [0 0 0 1]]",0.6504248650580977,-1,0
5963,"[0, 3, 0, 0, 1, 5, 0, 2, 0, 1, 0, 0, 1, 0, 2, 0, 0, 0, 0, 0, 0, 0, 0, 0, 2, 0, 0, 0, 0, 0, 0, 0, 1, 1, 0, 1, 1, 0, 2, 2, 0, 0, 1, 0, 0, 0, 0, 1, 0, 0, 2, 2, 2, 0, 0, 0, 0, 0, 0, 0, 0, 0, 2, 2, 3, 0, 2, 1, 2, 1, 4, 3, 6, 5, 3, 3, 2, 2, 4, 4, 975, 0, 0, 0, 0, 0, 0]",1,-90.70966799187808,-1,1
5964,"[0, 3, 0, 0, 1, 5, 0, 2, 0, 1, 0, 0, 1, 0, 2, 0, 0, 0, 0, 0, 0, 0, 0, 0, 2, 0, 0, 0, 0, 0, 0, 0, 1, 1, 0, 1, 1, 0, 2, 2, 0, 0, 1, 0, 0, 0, 0, 1, 0, 0, 2, 2, 2, 0, 0, 0, 0, 0, 0, 0, 0, 0, 2, 2, 3, 0, 2, 1, 2, 1, 4, 3, 6, 5, 3, 3, 2, 2, 4, 4, 975, 0, 0, 0, 0, 0, 0]",0,0.24271887242357998,-1,0
5965,"[0, 3, 0, 0, 1, 5, 0, 2, 0, 1, 0, 0, 1, 0, 2, 0, 0, 0, 0, 0, 0, 0, 0, 0, 2, 0, 0, 0, 0, 0, 0, 0, 1, 1, 0, 1, 1, 0, 2, 2, 0, 0, 1, 0, 0, 0, 0, 1, 0, 0, 2, 2, 2, 0, 0, 0, 0, 0, 0, 0, 0, 0, 2, 2, 3, 0, 2, 1, 2, 1, 4, 3, 6, 5, 3, 3, 2, 2, 4, 4, 975, 0, 0, 0, 0, 0, 0]",-1,-2.914733186543441e-06,-1,0
5966,"[0, 3, 0, 0, 1, 5, 0, 3, 0, 1, 0, 0, 1, 0, 2, 0, 0, 0, 0, 0, 0, 0, 0, 0, 2, 0, 0, 0, 0, 0, 0, 0, 1, 1, 0, 1, 1, 0, 2, 2, 0, 0, 1, 0, 0, 0, 0, 1, 0, 0, 2, 2, 2, 0, 0, 0, 0, 0, 0, 0, 0, 0, 2, 2, 3, 0, 2, 1, 2, 1, 4, 3, 6, 5, 3, 3, 2, 2, 4, 4, 976, 0, 0, 0, 0, 0, 0]",4,13.61527686544836,-1,0
5967,"[0, 3, 0, 0, 1, 5, 0, 3, 0, 1, 0, 0, 1, 0, 2, 0, 0, 0, 0, 0, 0, 0, 0, 0, 2, 0, 0, 0, 0, 0, 0, 0, 1, 1, 0, 1, 1, 0, 2, 2, 0, 0, 1, 0, 0, 0, 0, 1, 0, 0, 2, 2, 2, 0, 0, 0, 0, 0, 0, 0, 0, 0, 2, 2, 3, 0, 2, 1, 2, 1, 4, 3, 6, 5, 3, 3, 2, 2, 4, 4, 976, 0, 1, 0, 0, 0, 0]",2,0.4000000000000066,-1,1
5968,"[0, 3, 0, 0, 1, 5, 0, 3, 0, 1, 0, 0, 1, 0, 2, 0, 0, 0, 0, 0, 0, 0, 0, 0, 2, 0, 0, 0, 0, 0, 0, 0, 1, 1, 0, 1, 1, 0, 2, 2, 0, 0, 1, 0, 0, 0, 0, 1, 0, 0, 2, 2, 2, 0, 0, 0, 0, 0, 0, 0, 0, 0, 2, 2, 3, 0, 2, 1, 2, 1, 4, 3, 6, 5, 3, 3, 2, 2, 4, 4, 976, 0, 1, 0, 0, 1, 0]","[[0 1 0 1]
 [0 1 0 0]]",-0.03406779117596101,-1,1
5969,"[0, 3, 0, 0, 1, 5, 0, 3, 0, 1, 0, 0, 1, 0, 2, 0, 0, 0, 0, 0, 0, 0, 0, 0, 2, 0, 0, 0, 0, 0, 0, 0, 1, 1, 0, 1, 1, 0, 2, 2, 0, 0, 1, 0, 0, 0, 0, 1, 0, 0, 2, 2, 2, 0, 0, 0, 0, 0, 0, 0, 0, 0, 2, 2, 3, 0, 2, 1, 2, 1, 4, 3, 6, 5, 3, 3, 2, 2, 4, 4, 976, 0, 0, 0, 0, 0, 0]",1,-0.1999999999999934,-1,0
5970,"[0, 3, 0, 0, 1, 5, 0, 3, 0, 1, 0, 0, 1, 0, 2, 0, 0, 0, 0, 0, 0, 0, 0, 0, 2, 0, 0, 0, 0, 0, 0, 0, 1, 1, 0, 1, 1, 0, 2, 2, 0, 0, 1, 0, 0, 0, 0, 1, 0, 0, 2, 2, 2, 0, 0, 0, 0, 0, 0, 0, 0, 0, 2, 2, 3, 0, 2, 1, 2, 1, 4, 3, 6, 5, 3, 3, 2, 2, 4, 4, 976, 1, 0, 0, 0, 0, 0]",3,0.20000000000000662,-1,1
5971,"[0, 3, 0, 0, 1, 5, 0, 3, 0, 1, 0, 0, 1, 0, 2, 0, 0, 0, 0, 0, 0, 0, 0, 0, 2, 0, 0, 0, 0, 0, 0, 0, 1, 1, 0, 1, 1, 0, 2, 2, 0, 0, 1, 0, 0, 0, 0, 1, 0, 0, 2, 2, 2, 0, 0, 0, 0, 0, 0, 0, 0, 0, 2, 2, 3, 0, 2, 1, 2, 1, 4, 3, 6, 5, 3, 3, 2, 2, 4, 4, 976, 0, 0, 0, 0, 0, 0]",-1,-2.8857311067605167e-06,-1,1
5972,"[1, 3, 0, 0, 1, 6, 0, 3, 0, 1, 0, 0, 1, 0, 2, 0, 0, 0, 0, 0, 0, 0, 0, 0, 2, 0, 0, 0, 0, 0, 0, 0, 1, 1, 0, 1, 1, 0, 2, 2, 0, 0, 1, 0, 0, 0, 0, 1, 0, 0, 2, 2, 2, 0, 0, 0, 0, 0, 0, 0, 0, 0, 2, 2, 3, 0, 2, 1, 2, 1, 4, 3, 6, 5, 3, 3, 2, 2, 4, 4, 977, 0, 0, 0, 0, 0, 0]",4,12.503856800611546,-1,1
5973,"[1, 3, 0, 0, 1, 6, 0, 3, 0, 1, 0, 0, 1, 0, 2, 0, 0, 0, 0, 0, 0, 0, 0, 0, 2, 0, 0, 0, 0, 0, 0, 0, 1, 1, 0, 1, 1, 0, 2, 2, 0, 0, 1, 0, 0, 0, 0, 1, 0, 0, 2, 2, 2, 0, 0, 0, 0, 0, 0, 0, 0, 0, 2, 2, 3, 0, 2, 1, 2, 1, 4, 3, 6, 5, 3, 3, 2, 2, 4, 4, 977, 0, 0, 0, 0, 0, 0]",0,0.24271887242357945,-1,0
5974,"[1, 3, 0, 0, 1, 6, 0, 3, 0, 1, 0, 0, 1, 0, 2, 0, 0, 0, 0, 0, 0, 0, 0, 0, 2, 0, 0, 0, 0, 0, 0, 0, 1, 1, 0, 1, 1, 0, 2, 2, 0, 0, 1, 0, 0, 0, 0, 1, 0, 0, 2, 2, 2, 0, 0, 0, 0, 0, 0, 0, 0, 0, 2, 2, 3, 0, 2, 1, 2, 1, 4, 3, 6, 5, 3, 3, 2, 2, 4, 4, 977, 0, 0, 0, 0, 0, 0]",-1,-2.857017602493053e-06,-1,0
5975,"[1, 3, 0, 0, 1, 6, 0, 3, 0, 1, 0, 0, 1, 0, 2, 0, 0, 0, 0, 0, 0, 0, 0, 0, 2, 0, 0, 0, 0, 0, 0, 0, 1, 1, 0, 1, 1, 0, 2, 2, 0, 0, 1, 0, 0, 0, 0, 1, 0, 0, 2, 2, 2, 0, 0, 0, 0, 0, 0, 0, 0, 0, 2, 2, 3, 0, 2, 1, 2, 1, 4, 3, 6, 5, 3, 3, 2, 2, 4, 4, 977, 0, 0, 0, 0, 0, 0]",0,0.24271887242357945,-1,0
5976,"[1, 3, 0, 0, 1, 6, 0, 3, 0, 1, 0, 0, 1, 0, 2, 0, 0, 0, 0, 0, 0, 0, 0, 0, 2, 0, 0, 0, 0, 0, 0, 0, 1, 1, 0, 1, 1, 0, 2, 2, 0, 0, 1, 0, 0, 0, 0, 1, 0, 0, 2, 2, 2, 0, 0, 0, 0, 0, 0, 0, 0, 0, 2, 2, 3, 0, 2, 1, 2, 1, 4, 3, 6, 5, 3, 3, 2, 2, 4, 4, 977, 0, 0, 0, 0, 0, 0]",-1,-2.857017602493053e-06,-1,0
5977,"[1, 3, 0, 0, 1, 6, 0, 3, 0, 1, 0, 0, 1, 0, 2, 0, 0, 0, 0, 0, 0, 0, 0, 0, 2, 0, 0, 0, 0, 0, 0, 0, 1, 1, 0, 1, 1, 0, 2, 2, 0, 0, 1, 0, 0, 0, 0, 1, 0, 0, 2, 2, 2, 0, 0, 0, 0, 0, 0, 0, 0, 0, 2, 2, 3, 0, 2, 1, 2, 1, 4, 3, 6, 5, 3, 3, 2, 2, 4, 4, 977, 0, 0, 0, 0, 0, 0]",0,0.24271887242357945,-1,0
5978,"[1, 3, 0, 0, 1, 6, 0, 3, 0, 1, 0, 0, 1, 0, 2, 0, 0, 0, 0, 0, 0, 0, 0, 0, 2, 0, 0, 0, 0, 0, 0, 0, 1, 1, 0, 1, 1, 0, 2, 2, 0, 0, 1, 0, 0, 0, 0, 1, 0, 0, 2, 2, 2, 0, 0, 0, 0, 0, 0, 0, 0, 0, 2, 2, 3, 0, 2, 1, 2, 1, 4, 3, 6, 5, 3, 3, 2, 2, 4, 4, 977, 0, 0, 0, 0, 0, 0]",-1,-2.857017602493053e-06,-1,0
5979,"[1, 3, 0, 0, 1, 6, 0, 3, 0, 1, 0, 0, 1, 0, 2, 0, 0, 0, 0, 0, 0, 0, 0, 0, 2, 0, 0, 0, 0, 0, 0, 0, 1, 1, 0, 1, 1, 0, 2, 2, 0, 0, 1, 0, 0, 0, 0, 1, 0, 0, 2, 2, 2, 0, 0, 0, 0, 0, 0, 0, 0, 0, 2, 2, 3, 0, 2, 1, 2, 1, 4, 3, 6, 5, 3, 3, 2, 2, 4, 4, 977, 0, 0, 0, 0, 0, 0]",0,0.24271887242357945,-1,0
5980,"[1, 3, 0, 0, 1, 6, 0, 3, 0, 1, 0, 0, 1, 0, 2, 0, 0, 0, 0, 0, 0, 0, 0, 0, 2, 0, 0, 0, 0, 0, 0, 0, 1, 1, 0, 1, 1, 0, 2, 2, 0, 0, 1, 0, 0, 0, 0, 1, 0, 0, 2, 2, 2, 0, 0, 0, 0, 0, 0, 0, 0, 0, 2, 2, 3, 0, 2, 1, 2, 1, 4, 3, 6, 5, 3, 3, 2, 2, 4, 4, 977, 0, 0, 0, 0, 0, 0]",-1,-2.857017602493053e-06,-1,0
5981,"[1, 3, 0, 0, 1, 6, 0, 3, 0, 1, 0, 0, 1, 0, 2, 0, 0, 0, 0, 0, 0, 0, 0, 0, 2, 0, 0, 0, 0, 0, 0, 0, 1, 1, 0, 1, 1, 0, 2, 2, 0, 0, 1, 0, 0, 0, 0, 1, 0, 0, 2, 2, 2, 0, 0, 0, 0, 0, 0, 0, 0, 0, 2, 2, 3, 0, 2, 1, 2, 1, 4, 3, 6, 5, 3, 3, 2, 2, 4, 4, 977, 0, 0, 0, 0, 0, 0]",0,0.24271887242357945,-1,0
5982,"[1, 3, 0, 0, 1, 6, 0, 3, 0, 1, 0, 0, 1, 0, 2, 0, 0, 0, 0, 0, 0, 0, 0, 0, 2, 0, 0, 0, 0, 0, 0, 0, 1, 1, 0, 1, 1, 0, 2, 2, 0, 0, 1, 0, 0, 0, 0, 1, 0, 0, 2, 2, 2, 0, 0, 0, 0, 0, 0, 0, 0, 0, 2, 2, 3, 0, 2, 1, 2, 1, 4, 3, 6, 5, 3, 3, 2, 2, 4, 4, 977, 0, 0, 0, 0, 0, 0]",-1,-2.857017602493053e-06,-1,0
5983,"[1, 3, 0, 0, 1, 6, 0, 3, 0, 1, 0, 0, 1, 0, 2, 0, 0, 0, 0, 0, 0, 0, 0, 0, 2, 0, 0, 0, 0, 0, 0, 0, 1, 1, 0, 1, 1, 0, 2, 2, 0, 0, 1, 0, 0, 0, 0, 1, 0, 0, 2, 2, 2, 0, 0, 0, 0, 0, 0, 0, 0, 0, 2, 2, 3, 0, 2, 1, 2, 1, 4, 3, 6, 5, 3, 3, 2, 2, 4, 4, 977, 0, 0, 0, 0, 0, 0]",0,0.24271887242357945,-1,0
5984,"[1, 3, 0, 0, 1, 6, 0, 3, 0, 1, 0, 0, 1, 0, 2, 0, 0, 0, 0, 0, 0, 0, 0, 0, 2, 0, 0, 0, 0, 0, 0, 0, 1, 1, 0, 1, 1, 0, 2, 2, 0, 0, 1, 0, 0, 0, 0, 1, 0, 0, 2, 2, 2, 0, 0, 0, 0, 0, 0, 0, 0, 0, 2, 2, 3, 0, 2, 1, 2, 1, 4, 3, 6, 5, 3, 3, 2, 2, 4, 4, 977, 0, 0, 0, 0, 0, 0]",-1,-2.857017602493053e-06,-1,0
5985,"[1, 3, 0, 0, 1, 6, 0, 3, 0, 1, 0, 0, 1, 0, 2, 0, 0, 0, 0, 0, 0, 0, 0, 0, 2, 0, 0, 0, 0, 0, 0, 0, 1, 1, 0, 1, 1, 0, 2, 2, 0, 0, 1, 0, 0, 0, 0, 1, 0, 0, 2, 2, 2, 0, 0, 0, 0, 0, 0, 0, 0, 0, 2, 2, 3, 0, 2, 1, 2, 1, 4, 3, 6, 5, 3, 3, 2, 2, 4, 4, 977, 0, 0, 0, 0, 0, 0]",0,0.24271887242357945,-1,0
5986,"[1, 3, 0, 0, 1, 6, 0, 3, 0, 1, 0, 0, 1, 0, 2, 0, 0, 0, 0, 0, 0, 0, 0, 0, 2, 0, 0, 0, 0, 0, 0, 0, 1, 1, 0, 1, 1, 0, 2, 2, 0, 0, 1, 0, 0, 0, 0, 1, 0, 0, 2, 2, 2, 0, 0, 0, 0, 0, 0, 0, 0, 0, 2, 2, 3, 0, 2, 1, 2, 1, 4, 3, 6, 5, 3, 3, 2, 2, 4, 4, 977, 0, 0, 0, 0, 0, 0]",-1,-2.857017602493053e-06,-1,0
5987,"[1, 3, 0, 0, 1, 6, 0, 3, 0, 1, 0, 0, 1, 0, 2, 0, 0, 0, 0, 0, 0, 0, 0, 0, 2, 0, 0, 0, 0, 0, 0, 0, 1, 1, 0, 1, 1, 0, 2, 2, 0, 0, 1, 0, 0, 0, 0, 1, 0, 0, 2, 2, 2, 0, 0, 0, 0, 0, 0, 0, 0, 0, 2, 2, 3, 0, 2, 1, 2, 1, 4, 3, 6, 5, 3, 3, 2, 2, 4, 4, 977, 0, 0, 0, 0, 0, 0]",1,0.6096241150996231,-1,0
5988,"[1, 3, 0, 0, 1, 6, 0, 3, 0, 1, 0, 0, 1, 0, 2, 0, 0, 0, 0, 0, 0, 0, 0, 0, 2, 0, 0, 0, 0, 0, 0, 0, 1, 1, 0, 1, 1, 0, 2, 2, 0, 0, 1, 0, 0, 0, 0, 1, 0, 0, 2, 2, 2, 0, 0, 0, 0, 0, 0, 0, 0, 0, 2, 2, 3, 0, 2, 1, 2, 1, 4, 3, 6, 5, 3, 3, 2, 2, 4, 4, 977, 0, 0, 0, 0, 0, 0]",-1,-2.857017602493053e-06,-1,0
5989,"[1, 3, 0, 0, 1, 6, 0, 3, 0, 1, 0, 0, 1, 0, 2, 0, 0, 0, 0, 0, 0, 0, 0, 0, 2, 0, 0, 0, 0, 0, 0, 0, 1, 1, 0, 1, 1, 0, 2, 2, 0, 0, 1, 0, 0, 0, 0, 1, 0, 0, 2, 2, 2, 0, 0, 0, 0, 0, 0, 0, 0, 0, 2, 2, 3, 0, 2, 1, 2, 1, 4, 3, 6, 5, 3, 3, 2, 2, 4, 4, 977, 0, 0, 0, 0, 0, 0]",1,0.6096241150996231,-1,0
5990,"[1, 3, 0, 0, 1, 6, 0, 3, 0, 1, 0, 0, 1, 0, 2, 0, 0, 0, 0, 0, 0, 0, 0, 0, 2, 0, 0, 0, 0, 0, 0, 0, 1, 1, 0, 1, 1, 0, 2, 2, 0, 0, 1, 0, 0, 0, 0, 1, 0, 0, 2, 2, 2, 0, 0, 0, 0, 0, 0, 0, 0, 0, 2, 2, 3, 0, 2, 1, 2, 1, 4, 3, 6, 5, 3, 3, 2, 2, 4, 4, 977, 0, 0, 0, 0, 0, 0]",-1,-2.857017602493053e-06,-1,0
5991,"[1, 3, 0, 0, 1, 6, 0, 3, 0, 1, 0, 0, 1, 0, 2, 0, 0, 0, 0, 0, 0, 0, 0, 0, 2, 0, 0, 0, 0, 0, 0, 0, 1, 1, 0, 1, 1, 0, 2, 2, 0, 0, 1, 0, 0, 0, 0, 1, 0, 0, 2, 2, 2, 0, 0, 0, 0, 0, 0, 0, 0, 0, 2, 2, 3, 0, 2, 1, 2, 1, 4, 3, 6, 5, 3, 3, 2, 2, 4, 4, 977, 0, 1, 0, 0, 0, 0]",2,0.40000000000000635,-1,0
5992,"[1, 3, 0, 0, 1, 6, 0, 3, 0, 1, 0, 0, 1, 0, 2, 0, 0, 0, 0, 0, 0, 0, 0, 0, 2, 0, 0, 0, 0, 0, 0, 0, 1, 1, 0, 1, 1, 0, 2, 2, 0, 0, 1, 0, 0, 0, 0, 1, 0, 0, 2, 2, 2, 0, 0, 0, 0, 0, 0, 0, 0, 0, 2, 2, 3, 0, 2, 1, 2, 1, 4, 3, 6, 5, 3, 3, 2, 2, 4, 4, 977, 0, 1, 0, 0, 1, 0]","[[0 1 0 0]
 [0 0 0 1]]",0.6504248650580973,-1,0
5993,"[1, 3, 0, 0, 1, 6, 0, 3, 0, 1, 0, 0, 1, 0, 2, 0, 0, 0, 0, 0, 0, 0, 0, 0, 2, 0, 0, 0, 0, 0, 0, 0, 1, 1, 0, 1, 1, 0, 2, 2, 0, 0, 1, 0, 0, 0, 0, 1, 0, 0, 2, 2, 2, 0, 0, 0, 0, 0, 0, 0, 0, 0, 2, 2, 3, 0, 2, 1, 2, 1, 4, 3, 6, 5, 3, 3, 2, 2, 4, 4, 977, 0, 0, 0, 0, 0, 0]",1,-90.70966799187808,-1,1
5994,"[1, 3, 0, 0, 1, 6, 0, 3, 0, 1, 0, 0, 1, 0, 2, 0, 0, 0, 0, 0, 0, 0, 0, 0, 2, 0, 0, 0, 0, 0, 0, 0, 1, 1, 0, 1, 1, 0, 2, 2, 0, 0, 1, 0, 0, 0, 0, 1, 0, 0, 2, 2, 2, 0, 0, 0, 0, 0, 0, 0, 0, 0, 2, 2, 3, 0, 2, 1, 2, 1, 4, 3, 6, 5, 3, 3, 2, 2, 4, 4, 977, 0, 0, 0, 0, 0, 0]",1,0.6096241150996231,-1,0
5995,"[1, 3, 0, 0, 1, 6, 0, 3, 0, 1, 0, 0, 1, 0, 2, 0, 0, 0, 0, 0, 0, 0, 0, 0, 2, 0, 0, 0, 0, 0, 0, 0, 1, 1, 0, 1, 1, 0, 2, 2, 0, 0, 1, 0, 0, 0, 0, 1, 0, 0, 2, 2, 2, 0, 0, 0, 0, 0, 0, 0, 0, 0, 2, 2, 3, 0, 2, 1, 2, 1, 4, 3, 6, 5, 3, 3, 2, 2, 4, 4, 977, 0, 0, 0, 0, 0, 0]",-1,-2.857017602493053e-06,-1,0
5996,"[1, 3, 0, 0, 1, 6, 0, 3, 0, 1, 0, 0, 1, 0, 2, 0, 0, 0, 0, 0, 0, 0, 0, 0, 2, 0, 0, 0, 0, 0, 0, 0, 1, 1, 0, 1, 1, 0, 2, 2, 0, 0, 1, 0, 0, 0, 0, 1, 0, 0, 2, 2, 2, 0, 0, 0, 0, 0, 0, 0, 0, 0, 2, 2, 3, 0, 2, 1, 2, 1, 4, 3, 6, 5, 3, 3, 2, 2, 4, 4, 977, 0, 1, 0, 0, 0, 0]",2,0.40000000000000635,-1,0
5997,"[1, 3, 0, 0, 1, 6, 0, 3, 0, 1, 0, 0, 1, 0, 2, 0, 0, 0, 0, 0, 0, 0, 0, 0, 2, 0, 0, 0, 0, 0, 0, 0, 1, 1, 0, 1, 1, 0, 2, 2, 0, 0, 1, 0, 0, 0, 0, 1, 0, 0, 2, 2, 2, 0, 0, 0, 0, 0, 0, 0, 0, 0, 2, 2, 3, 0, 2, 1, 2, 1, 4, 3, 6, 5, 3, 3, 2, 2, 4, 4, 977, 0, 1, 0, 0, 1, 0]","[[1 0 0 0]
 [0 0 0 1]]",0.6504248650580973,-1,0
5998,"[1, 3, 0, 0, 1, 6, 0, 3, 0, 1, 0, 0, 1, 0, 2, 0, 0, 0, 0, 0, 0, 0, 0, 0, 2, 0, 0, 0, 0, 0, 0, 0, 1, 1, 0, 1, 1, 0, 2, 2, 0, 0, 1, 0, 0, 0, 0, 1, 0, 0, 2, 2, 2, 0, 0, 0, 0, 0, 0, 0, 0, 0, 2, 2, 3, 0, 2, 1, 2, 1, 4, 3, 6, 5, 3, 3, 2, 2, 4, 4, 977, 0, 1, 0, 0, 0, 1]",2,-0.19999999999999366,-1,1
5999,"[1, 3, 0, 0, 1, 6, 0, 3, 0, 1, 0, 0, 1, 0, 2, 0, 0, 0, 0, 0, 0, 0, 0, 0, 2, 0, 0, 0, 0, 0, 0, 0, 1, 1, 0, 1, 1, 0, 2, 2, 0, 0, 1, 0, 0, 0, 0, 1, 0, 0, 2, 2, 2, 0, 0, 0, 0, 0, 0, 0, 0, 0, 2, 2, 3, 0, 2, 1, 2, 1, 4, 3, 6, 5, 3, 3, 2, 2, 4, 4, 977, 0, 0, 1, 0, 0, 0]","[[0 3 0 1]
 [1 1 0 0]]",-0.19999999999999366,-1,1
6000,"[0, 5, 0, 1, 2, 4, 0, 2, 0, 1, 0, 0, 1, 0, 2, 0, 0, 0, 0, 0, 0, 0, 0, 0, 2, 0, 0, 0, 0, 0, 0, 0, 1, 1, 0, 1, 1, 0, 2, 2, 0, 0, 1, 0, 0, 0, 0, 1, 0, 0, 2, 2, 2, 0, 0, 0, 0, 0, 0, 0, 0, 0, 2, 2, 3, 0, 2, 1, 2, 1, 4, 3, 6, 5, 3, 3, 2, 2, 4, 4, 977, 0, 0, 0, 0, 0, 0]",0,-0.19999999999999366,-1,0
6001,"[0, 5, 0, 1, 2, 4, 0, 3, 0, 1, 0, 0, 1, 0, 2, 0, 0, 0, 0, 0, 0, 0, 0, 0, 2, 0, 0, 0, 0, 0, 0, 0, 1, 1, 0, 1, 1, 0, 2, 2, 0, 0, 1, 0, 0, 0, 0, 1, 0, 0, 2, 2, 2, 0, 0, 0, 0, 0, 0, 0, 0, 0, 2, 2, 3, 0, 2, 1, 2, 1, 4, 3, 6, 5, 3, 3, 2, 2, 4, 4, 978, 0, 0, 0, 0, 0, 0]",4,13.675571459332074,-1,0
6002,"[0, 5, 0, 1, 2, 4, 0, 3, 0, 1, 0, 0, 1, 0, 2, 0, 0, 0, 0, 0, 0, 0, 0, 0, 2, 0, 0, 0, 0, 0, 0, 0, 1, 1, 0, 1, 1, 0, 2, 2, 0, 0, 1, 0, 0, 0, 0, 1, 0, 0, 2, 2, 2, 0, 0, 0, 0, 0, 0, 0, 0, 0, 2, 2, 3, 0, 2, 1, 2, 1, 4, 3, 6, 5, 3, 3, 2, 2, 4, 4, 978, 0, 0, 0, 0, 0, 0]",-1,-2.8285898023666945e-06,-1,1
6003,"[0, 5, 0, 1, 2, 4, 0, 3, 0, 1, 0, 0, 1, 0, 2, 0, 0, 0, 0, 0, 0, 0, 0, 0, 2, 0, 0, 0, 0, 0, 0, 0, 1, 1, 0, 1, 1, 0, 2, 2, 0, 0, 1, 0, 0, 0, 0, 1, 0, 0, 2, 2, 2, 0, 0, 0, 0, 0, 0, 0, 0, 0, 2, 2, 3, 0, 2, 1, 2, 1, 4, 3, 6, 5, 3, 3, 2, 2, 4, 4, 978, 1, 0, 0, 0, 0, 0]",3,0.20000000000000615,-1,0
6004,"[0, 5, 0, 1, 2, 4, 0, 3, 0, 1, 0, 0, 1, 0, 2, 0, 0, 0, 0, 0, 0, 0, 0, 0, 2, 0, 0, 0, 0, 0, 0, 0, 1, 1, 0, 1, 1, 0, 2, 2, 0, 0, 1, 0, 0, 0, 0, 1, 0, 0, 2, 2, 2, 0, 0, 0, 0, 0, 0, 0, 0, 0, 2, 2, 3, 0, 2, 1, 2, 1, 4, 3, 6, 5, 3, 3, 2, 2, 4, 4, 978, 0, 0, 0, 0, 0, 0]",-1,-2.8285898023666945e-06,-1,0
6005,"[0, 5, 0, 1, 2, 4, 0, 4, 0, 1, 0, 0, 1, 0, 2, 0, 0, 0, 0, 0, 0, 0, 0, 0, 2, 0, 0, 0, 0, 0, 0, 0, 1, 1, 0, 1, 1, 0, 2, 2, 0, 0, 1, 0, 0, 0, 0, 1, 0, 0, 2, 2, 2, 0, 0, 0, 0, 0, 0, 0, 0, 0, 2, 2, 3, 0, 2, 1, 2, 1, 4, 3, 6, 5, 3, 3, 2, 2, 4, 4, 979, 0, 0, 0, 0, 0, 0]",4,13.675571402476475,-1,0
6006,"[0, 5, 0, 1, 2, 4, 0, 4, 0, 1, 0, 0, 1, 0, 2, 0, 0, 0, 0, 0, 0, 0, 0, 0, 2, 0, 0, 0, 0, 0, 0, 0, 1, 1, 0, 1, 1, 0, 2, 2, 0, 0, 1, 0, 0, 0, 0, 1, 0, 0, 2, 2, 2, 0, 0, 0, 0, 0, 0, 0, 0, 0, 2, 2, 3, 0, 2, 1, 2, 1, 4, 3, 6, 5, 3, 3, 2, 2, 4, 4, 979, 0, 0, 0, 0, 0, 0]",-1,-2.8004448635777333e-06,-1,1
6007,"[0, 5, 0, 1, 2, 4, 0, 5, 0, 1, 0, 0, 1, 0, 2, 0, 0, 0, 0, 0, 0, 0, 0, 0, 2, 0, 0, 0, 0, 0, 0, 0, 1, 1, 0, 1, 1, 0, 2, 2, 0, 0, 1, 0, 0, 0, 0, 1, 0, 0, 2, 2, 2, 0, 0, 0, 0, 0, 0, 0, 0, 0, 2, 2, 3, 0, 2, 1, 2, 1, 4, 3, 6, 5, 3, 3, 2, 2, 4, 4, 980, 0, 0, 0, 0, 0, 0]",4,12.644382822154718,-1,1
6008,"[0, 5, 0, 1, 2, 4, 0, 5, 0, 1, 0, 0, 1, 0, 2, 0, 0, 0, 0, 0, 0, 0, 0, 0, 2, 0, 0, 0, 0, 0, 0, 0, 1, 1, 0, 1, 1, 0, 2, 2, 0, 0, 1, 0, 0, 0, 0, 1, 0, 0, 2, 2, 2, 0, 0, 0, 0, 0, 0, 0, 0, 0, 2, 2, 3, 0, 2, 1, 2, 1, 4, 3, 6, 5, 3, 3, 2, 2, 4, 4, 980, 1, 0, 0, 0, 0, 0]",3,0.20000000000000565,-1,0
6009,"[0, 5, 0, 1, 2, 4, 0, 5, 0, 1, 0, 0, 1, 0, 2, 0, 0, 0, 0, 0, 0, 0, 0, 0, 2, 0, 0, 0, 0, 0, 0, 0, 1, 1, 0, 1, 1, 0, 2, 2, 0, 0, 1, 0, 0, 0, 0, 1, 0, 0, 2, 2, 2, 0, 0, 0, 0, 0, 0, 0, 0, 0, 2, 2, 3, 0, 2, 1, 2, 1, 4, 3, 6, 5, 3, 3, 2, 2, 4, 4, 980, 0, 0, 0, 0, 0, 0]",-1,-2.7725799716088475e-06,-1,0
6010,"[0, 6, 0, 1, 2, 5, 0, 5, 0, 1, 0, 0, 1, 0, 2, 0, 0, 0, 0, 0, 0, 0, 0, 0, 2, 0, 0, 0, 0, 0, 0, 0, 1, 1, 0, 1, 1, 0, 2, 2, 0, 0, 1, 0, 0, 0, 0, 1, 0, 0, 2, 2, 2, 0, 0, 0, 0, 0, 0, 0, 0, 0, 2, 2, 3, 0, 2, 1, 2, 1, 4, 3, 6, 5, 3, 3, 2, 2, 4, 4, 981, 0, 0, 0, 0, 0, 0]",4,13.619957590501222,-1,0
6011,"[0, 6, 0, 1, 2, 5, 0, 5, 0, 1, 0, 0, 1, 0, 2, 0, 0, 0, 0, 0, 0, 0, 0, 0, 2, 0, 0, 0, 0, 0, 0, 0, 1, 1, 0, 1, 1, 0, 2, 2, 0, 0, 1, 0, 0, 0, 0, 1, 0, 0, 2, 2, 2, 0, 0, 0, 0, 0, 0, 0, 0, 0, 2, 2, 3, 0, 2, 1, 2, 1, 4, 3, 6, 5, 3, 3, 2, 2, 4, 4, 981, 1, 0, 0, 0, 0, 0]",3,0.20000000000000542,-1,1
6012,"[0, 6, 0, 1, 2, 5, 0, 5, 0, 1, 0, 0, 1, 0, 2, 0, 0, 0, 0, 0, 0, 0, 0, 0, 2, 0, 0, 0, 0, 0, 0, 0, 1, 1, 0, 1, 1, 0, 2, 2, 0, 0, 1, 0, 0, 0, 0, 1, 0, 0, 2, 2, 2, 0, 0, 0, 0, 0, 0, 0, 0, 0, 2, 2, 3, 0, 2, 1, 2, 1, 4, 3, 6, 5, 3, 3, 2, 2, 4, 4, 981, 0, 0, 0, 0, 0, 0]",-1,-2.744992339947613e-06,-1,1
6013,"[0, 6, 0, 1, 2, 5, 0, 6, 0, 1, 0, 0, 1, 0, 2, 0, 0, 0, 0, 0, 0, 0, 0, 0, 2, 0, 0, 0, 0, 0, 0, 0, 1, 1, 0, 1, 1, 0, 2, 2, 0, 0, 1, 0, 0, 0, 0, 1, 0, 0, 2, 2, 2, 0, 0, 0, 0, 0, 0, 0, 0, 0, 2, 2, 3, 0, 2, 1, 2, 1, 4, 3, 6, 5, 3, 3, 2, 2, 4, 4, 982, 0, 0, 0, 0, 0, 0]",4,12.594727512084186,-1,1
6014,"[0, 6, 0, 1, 2, 5, 0, 6, 0, 1, 0, 0, 1, 0, 2, 0, 0, 0, 0, 0, 0, 0, 0, 0, 2, 0, 0, 0, 0, 0, 0, 0, 1, 1, 0, 1, 1, 0, 2, 2, 0, 0, 1, 0, 0, 0, 0, 1, 0, 0, 2, 2, 2, 0, 0, 0, 0, 0, 0, 0, 0, 0, 2, 2, 3, 0, 2, 1, 2, 1, 4, 3, 6, 5, 3, 3, 2, 2, 4, 4, 982, 0, 1, 0, 0, 0, 0]",2,0.40000000000000513,-1,0
6015,"[0, 6, 0, 1, 2, 5, 0, 6, 0, 1, 0, 0, 1, 0, 2, 0, 0, 0, 0, 0, 0, 0, 0, 0, 2, 0, 0, 0, 0, 0, 0, 0, 1, 1, 0, 1, 1, 0, 2, 2, 0, 0, 1, 0, 0, 0, 0, 1, 0, 0, 2, 2, 2, 0, 0, 0, 0, 0, 0, 0, 0, 0, 2, 2, 3, 0, 2, 1, 2, 1, 4, 3, 6, 5, 3, 3, 2, 2, 4, 4, 982, 0, 1, 0, 0, 1, 0]","[[0 0 0 1]
 [1 0 0 0]]",0.650424865058096,-1,0
6016,"[1, 6, 0, 0, 1, 5, 0, 7, 0, 1, 0, 0, 1, 0, 2, 0, 0, 0, 0, 0, 0, 0, 0, 0, 2, 0, 0, 0, 0, 0, 0, 0, 1, 1, 0, 1, 1, 0, 2, 2, 0, 0, 1, 0, 0, 0, 0, 1, 0, 0, 2, 2, 2, 0, 0, 0, 0, 0, 0, 0, 0, 0, 2, 2, 3, 0, 2, 1, 2, 1, 4, 3, 6, 5, 3, 3, 2, 2, 4, 4, 982, 0, 0, 0, 0, 0, 0]",0,-0.19999999999999482,-1,1
6017,"[1, 6, 0, 0, 1, 5, 0, 7, 0, 1, 0, 0, 1, 0, 2, 0, 0, 0, 0, 0, 0, 0, 0, 0, 2, 0, 0, 0, 0, 0, 0, 0, 1, 1, 0, 1, 1, 0, 2, 2, 0, 0, 1, 0, 0, 0, 0, 1, 0, 0, 2, 2, 2, 0, 0, 0, 0, 0, 0, 0, 0, 0, 2, 2, 3, 0, 2, 1, 2, 1, 4, 3, 6, 5, 3, 3, 2, 2, 4, 4, 982, 0, 0, 0, 0, 0, 0]",0,0.24271887242357829,-1,0
6018,"[1, 6, 0, 0, 1, 5, 0, 7, 0, 1, 0, 0, 1, 0, 2, 0, 0, 0, 0, 0, 0, 0, 0, 0, 2, 0, 0, 0, 0, 0, 0, 0, 1, 1, 0, 1, 1, 0, 2, 2, 0, 0, 1, 0, 0, 0, 0, 1, 0, 0, 2, 2, 2, 0, 0, 0, 0, 0, 0, 0, 0, 0, 2, 2, 3, 0, 2, 1, 2, 1, 4, 3, 6, 5, 3, 3, 2, 2, 4, 4, 982, 0, 0, 0, 0, 0, 0]",-1,-2.7176792098078743e-06,-1,0
6019,"[1, 6, 0, 0, 1, 5, 0, 7, 0, 1, 0, 0, 1, 0, 2, 0, 0, 0, 0, 0, 0, 0, 0, 0, 2, 0, 0, 0, 0, 0, 0, 0, 1, 1, 0, 1, 1, 0, 2, 2, 0, 0, 1, 0, 0, 0, 0, 1, 0, 0, 2, 2, 2, 0, 0, 0, 0, 0, 0, 0, 0, 0, 2, 2, 3, 0, 2, 1, 2, 1, 4, 3, 6, 5, 3, 3, 2, 2, 4, 4, 982, 0, 0, 0, 0, 0, 0]",0,0.24271887242357829,-1,0
6020,"[1, 6, 0, 0, 1, 5, 0, 7, 0, 1, 0, 0, 1, 0, 2, 0, 0, 0, 0, 0, 0, 0, 0, 0, 2, 0, 0, 0, 0, 0, 0, 0, 1, 1, 0, 1, 1, 0, 2, 2, 0, 0, 1, 0, 0, 0, 0, 1, 0, 0, 2, 2, 2, 0, 0, 0, 0, 0, 0, 0, 0, 0, 2, 2, 3, 0, 2, 1, 2, 1, 4, 3, 6, 5, 3, 3, 2, 2, 4, 4, 982, 0, 0, 0, 0, 0, 0]",-1,-2.7176792098078743e-06,-1,0
6021,"[1, 6, 0, 0, 1, 5, 0, 7, 0, 1, 0, 0, 1, 0, 2, 0, 0, 0, 0, 0, 0, 0, 0, 0, 2, 0, 0, 0, 0, 0, 0, 0, 1, 1, 0, 1, 1, 0, 2, 2, 0, 0, 1, 0, 0, 0, 0, 1, 0, 0, 2, 2, 2, 0, 0, 0, 0, 0, 0, 0, 0, 0, 2, 2, 3, 0, 2, 1, 2, 1, 4, 3, 6, 5, 3, 3, 2, 2, 4, 4, 982, 0, 0, 0, 0, 0, 0]",0,0.24271887242357829,-1,0
6022,"[1, 6, 0, 0, 1, 5, 0, 7, 0, 1, 0, 0, 1, 0, 2, 0, 0, 0, 0, 0, 0, 0, 0, 0, 2, 0, 0, 0, 0, 0, 0, 0, 1, 1, 0, 1, 1, 0, 2, 2, 0, 0, 1, 0, 0, 0, 0, 1, 0, 0, 2, 2, 2, 0, 0, 0, 0, 0, 0, 0, 0, 0, 2, 2, 3, 0, 2, 1, 2, 1, 4, 3, 6, 5, 3, 3, 2, 2, 4, 4, 982, 0, 0, 0, 0, 0, 0]",-1,-2.7176792098078743e-06,-1,0
6023,"[1, 6, 0, 0, 1, 5, 0, 7, 0, 1, 0, 0, 1, 0, 2, 0, 0, 0, 0, 0, 0, 0, 0, 0, 2, 0, 0, 0, 0, 0, 0, 0, 1, 1, 0, 1, 1, 0, 2, 2, 0, 0, 1, 0, 0, 0, 0, 1, 0, 0, 2, 2, 2, 0, 0, 0, 0, 0, 0, 0, 0, 0, 2, 2, 3, 0, 2, 1, 2, 1, 4, 3, 6, 5, 3, 3, 2, 2, 4, 4, 982, 0, 0, 0, 0, 0, 0]",0,0.24271887242357829,-1,0
6024,"[1, 6, 0, 0, 1, 5, 0, 7, 0, 1, 0, 0, 1, 0, 2, 0, 0, 0, 0, 0, 0, 0, 0, 0, 2, 0, 0, 0, 0, 0, 0, 0, 1, 1, 0, 1, 1, 0, 2, 2, 0, 0, 1, 0, 0, 0, 0, 1, 0, 0, 2, 2, 2, 0, 0, 0, 0, 0, 0, 0, 0, 0, 2, 2, 3, 0, 2, 1, 2, 1, 4, 3, 6, 5, 3, 3, 2, 2, 4, 4, 982, 0, 0, 0, 0, 0, 0]",-1,-2.7176792098078743e-06,-1,0
6025,"[1, 6, 0, 0, 1, 5, 0, 7, 0, 1, 0, 0, 1, 0, 2, 0, 0, 0, 0, 0, 0, 0, 0, 0, 2, 0, 0, 0, 0, 0, 0, 0, 1, 1, 0, 1, 1, 0, 2, 2, 0, 0, 1, 0, 0, 0, 0, 1, 0, 0, 2, 2, 2, 0, 0, 0, 0, 0, 0, 0, 0, 0, 2, 2, 3, 0, 2, 1, 2, 1, 4, 3, 6, 5, 3, 3, 2, 2, 4, 4, 982, 0, 0, 0, 0, 0, 0]",0,0.24271887242357829,-1,0
6026,"[1, 6, 0, 0, 1, 5, 0, 7, 0, 1, 0, 0, 1, 0, 2, 0, 0, 0, 0, 0, 0, 0, 0, 0, 2, 0, 0, 0, 0, 0, 0, 0, 1, 1, 0, 1, 1, 0, 2, 2, 0, 0, 1, 0, 0, 0, 0, 1, 0, 0, 2, 2, 2, 0, 0, 0, 0, 0, 0, 0, 0, 0, 2, 2, 3, 0, 2, 1, 2, 1, 4, 3, 6, 5, 3, 3, 2, 2, 4, 4, 982, 0, 0, 0, 0, 0, 0]",-1,-2.7176792098078743e-06,-1,0
6027,"[1, 6, 0, 0, 1, 5, 0, 7, 0, 1, 0, 0, 1, 0, 2, 0, 0, 0, 0, 0, 0, 0, 0, 0, 2, 0, 0, 0, 0, 0, 0, 0, 1, 1, 0, 1, 1, 0, 2, 2, 0, 0, 1, 0, 0, 0, 0, 1, 0, 0, 2, 2, 2, 0, 0, 0, 0, 0, 0, 0, 0, 0, 2, 2, 3, 0, 2, 1, 2, 1, 4, 3, 6, 5, 3, 3, 2, 2, 4, 4, 982, 0, 0, 0, 0, 0, 0]",0,0.24271887242357829,-1,0
6028,"[1, 6, 0, 0, 1, 5, 0, 7, 0, 1, 0, 0, 1, 0, 2, 0, 0, 0, 0, 0, 0, 0, 0, 0, 2, 0, 0, 0, 0, 0, 0, 0, 1, 1, 0, 1, 1, 0, 2, 2, 0, 0, 1, 0, 0, 0, 0, 1, 0, 0, 2, 2, 2, 0, 0, 0, 0, 0, 0, 0, 0, 0, 2, 2, 3, 0, 2, 1, 2, 1, 4, 3, 6, 5, 3, 3, 2, 2, 4, 4, 982, 0, 0, 0, 0, 0, 0]",-1,-2.7176792098078743e-06,-1,0
6029,"[1, 6, 0, 0, 1, 5, 0, 7, 0, 1, 0, 0, 1, 0, 2, 0, 0, 0, 0, 0, 0, 0, 0, 0, 2, 0, 0, 0, 0, 0, 0, 0, 1, 1, 0, 1, 1, 0, 2, 2, 0, 0, 1, 0, 0, 0, 0, 1, 0, 0, 2, 2, 2, 0, 0, 0, 0, 0, 0, 0, 0, 0, 2, 2, 3, 0, 2, 1, 2, 1, 4, 3, 6, 5, 3, 3, 2, 2, 4, 4, 982, 0, 0, 0, 0, 0, 0]",0,0.24271887242357829,-1,0
6030,"[1, 6, 0, 0, 1, 5, 0, 7, 0, 1, 0, 0, 1, 0, 2, 0, 0, 0, 0, 0, 0, 0, 0, 0, 2, 0, 0, 0, 0, 0, 0, 0, 1, 1, 0, 1, 1, 0, 2, 2, 0, 0, 1, 0, 0, 0, 0, 1, 0, 0, 2, 2, 2, 0, 0, 0, 0, 0, 0, 0, 0, 0, 2, 2, 3, 0, 2, 1, 2, 1, 4, 3, 6, 5, 3, 3, 2, 2, 4, 4, 982, 0, 0, 0, 0, 0, 0]",-1,-2.7176792098078743e-06,-1,0
6031,"[1, 6, 0, 0, 1, 5, 0, 7, 0, 1, 0, 0, 1, 0, 2, 0, 0, 0, 0, 0, 0, 0, 0, 0, 2, 0, 0, 0, 0, 0, 0, 0, 1, 1, 0, 1, 1, 0, 2, 2, 0, 0, 1, 0, 0, 0, 0, 1, 0, 0, 2, 2, 2, 0, 0, 0, 0, 0, 0, 0, 0, 0, 2, 2, 3, 0, 2, 1, 2, 1, 4, 3, 6, 5, 3, 3, 2, 2, 4, 4, 982, 0, 0, 0, 0, 0, 0]",0,0.24271887242357829,-1,0
6032,"[1, 6, 0, 0, 1, 5, 0, 7, 0, 1, 0, 0, 1, 0, 2, 0, 0, 0, 0, 0, 0, 0, 0, 0, 2, 0, 0, 0, 0, 0, 0, 0, 1, 1, 0, 1, 1, 0, 2, 2, 0, 0, 1, 0, 0, 0, 0, 1, 0, 0, 2, 2, 2, 0, 0, 0, 0, 0, 0, 0, 0, 0, 2, 2, 3, 0, 2, 1, 2, 1, 4, 3, 6, 5, 3, 3, 2, 2, 4, 4, 982, 0, 0, 0, 0, 0, 0]",-1,-2.7176792098078743e-06,-1,0
6033,"[1, 6, 0, 0, 1, 5, 0, 7, 0, 1, 0, 0, 1, 0, 2, 0, 0, 0, 0, 0, 0, 0, 0, 0, 2, 0, 0, 0, 0, 0, 0, 0, 1, 1, 0, 1, 1, 0, 2, 2, 0, 0, 1, 0, 0, 0, 0, 1, 0, 0, 2, 2, 2, 0, 0, 0, 0, 0, 0, 0, 0, 0, 2, 2, 3, 0, 2, 1, 2, 1, 4, 3, 6, 5, 3, 3, 2, 2, 4, 4, 982, 0, 0, 0, 0, 0, 0]",1,0.6096241150996219,-1,0
6034,"[1, 6, 0, 0, 1, 5, 0, 7, 0, 1, 0, 0, 1, 0, 2, 0, 0, 0, 0, 0, 0, 0, 0, 0, 2, 0, 0, 0, 0, 0, 0, 0, 1, 1, 0, 1, 1, 0, 2, 2, 0, 0, 1, 0, 0, 0, 0, 1, 0, 0, 2, 2, 2, 0, 0, 0, 0, 0, 0, 0, 0, 0, 2, 2, 3, 0, 2, 1, 2, 1, 4, 3, 6, 5, 3, 3, 2, 2, 4, 4, 982, 0, 0, 0, 0, 0, 0]",-1,-2.7176792098078743e-06,-1,0
6035,"[1, 6, 0, 0, 1, 5, 0, 8, 0, 1, 0, 0, 1, 0, 2, 0, 0, 0, 0, 0, 0, 0, 0, 0, 2, 0, 0, 0, 0, 0, 0, 0, 1, 1, 0, 1, 1, 0, 2, 2, 0, 0, 1, 0, 0, 0, 0, 1, 0, 0, 2, 2, 2, 0, 0, 0, 0, 0, 0, 0, 0, 0, 2, 2, 3, 0, 2, 1, 2, 1, 4, 3, 6, 5, 3, 3, 2, 2, 4, 4, 983, 0, 0, 0, 0, 0, 0]",4,13.619957480699696,-1,0
6036,"[1, 6, 0, 0, 1, 5, 0, 8, 0, 1, 0, 0, 1, 0, 2, 0, 0, 0, 0, 0, 0, 0, 0, 0, 2, 0, 0, 0, 0, 0, 0, 0, 1, 1, 0, 1, 1, 0, 2, 2, 0, 0, 1, 0, 0, 0, 0, 1, 0, 0, 2, 2, 2, 0, 0, 0, 0, 0, 0, 0, 0, 0, 2, 2, 3, 0, 2, 1, 2, 1, 4, 3, 6, 5, 3, 3, 2, 2, 4, 4, 983, 1, 0, 0, 0, 0, 0]",3,0.20000000000000503,-1,1
6037,"[1, 6, 0, 0, 1, 5, 0, 8, 0, 1, 0, 0, 1, 0, 2, 0, 0, 0, 0, 0, 0, 0, 0, 0, 2, 0, 0, 0, 0, 0, 0, 0, 1, 1, 0, 1, 1, 0, 2, 2, 0, 0, 1, 0, 0, 0, 0, 1, 0, 0, 2, 2, 2, 0, 0, 0, 0, 0, 0, 0, 0, 0, 2, 2, 3, 0, 2, 1, 2, 1, 4, 3, 6, 5, 3, 3, 2, 2, 4, 4, 983, 0, 0, 0, 0, 0, 0]",-1,-2.690637849853857e-06,-1,1
6038,"[1, 7, 0, 0, 1, 6, 0, 8, 0, 1, 0, 0, 1, 0, 2, 0, 0, 0, 0, 0, 0, 0, 0, 0, 2, 0, 0, 0, 0, 0, 0, 0, 1, 1, 0, 1, 1, 0, 2, 2, 0, 0, 1, 0, 0, 0, 0, 1, 0, 0, 2, 2, 2, 0, 0, 0, 0, 0, 0, 0, 0, 0, 2, 2, 3, 0, 2, 1, 2, 1, 4, 3, 6, 5, 3, 3, 2, 2, 4, 4, 984, 0, 0, 0, 0, 0, 0]",4,12.48315545773726,-1,1
6039,"[1, 7, 0, 0, 1, 6, 0, 8, 0, 1, 0, 0, 1, 0, 2, 0, 0, 0, 0, 0, 0, 0, 0, 0, 2, 0, 0, 0, 0, 0, 0, 0, 1, 1, 0, 1, 1, 0, 2, 2, 0, 0, 1, 0, 0, 0, 0, 1, 0, 0, 2, 2, 2, 0, 0, 0, 0, 0, 0, 0, 0, 0, 2, 2, 3, 0, 2, 1, 2, 1, 4, 3, 6, 5, 3, 3, 2, 2, 4, 4, 984, 1, 0, 0, 0, 0, 0]",3,0.2000000000000048,-1,0
6040,"[1, 7, 0, 0, 1, 6, 0, 8, 0, 1, 0, 0, 1, 0, 2, 0, 0, 0, 0, 0, 0, 0, 0, 0, 2, 0, 0, 0, 0, 0, 0, 0, 1, 1, 0, 1, 1, 0, 2, 2, 0, 0, 1, 0, 0, 0, 0, 1, 0, 0, 2, 2, 2, 0, 0, 0, 0, 0, 0, 0, 0, 0, 2, 2, 3, 0, 2, 1, 2, 1, 4, 3, 6, 5, 3, 3, 2, 2, 4, 4, 984, 0, 0, 0, 0, 0, 0]",-1,-2.663865555927031e-06,-1,0
6041,"[2, 7, 0, 0, 1, 7, 0, 8, 0, 1, 0, 0, 1, 0, 2, 0, 0, 0, 0, 0, 0, 0, 0, 0, 2, 0, 0, 0, 0, 0, 0, 0, 1, 1, 0, 1, 1, 0, 2, 2, 0, 0, 1, 0, 0, 0, 0, 1, 0, 0, 2, 2, 2, 0, 0, 0, 0, 0, 0, 0, 0, 0, 2, 2, 3, 0, 2, 1, 2, 1, 4, 3, 6, 5, 3, 3, 2, 2, 4, 4, 985, 0, 0, 0, 0, 0, 0]",4,13.687336638263309,-1,0
6042,"[2, 7, 0, 0, 1, 7, 0, 8, 0, 1, 0, 0, 1, 0, 2, 0, 0, 0, 0, 0, 0, 0, 0, 0, 2, 0, 0, 0, 0, 0, 0, 0, 1, 1, 0, 1, 1, 0, 2, 2, 0, 0, 1, 0, 0, 0, 0, 1, 0, 0, 2, 2, 2, 0, 0, 0, 0, 0, 0, 0, 0, 0, 2, 2, 3, 0, 2, 1, 2, 1, 4, 3, 6, 5, 3, 3, 2, 2, 4, 4, 985, 0, 0, 0, 0, 0, 0]",-1,-2.6373596507756928e-06,-1,1
6043,"[2, 7, 0, 0, 1, 7, 0, 8, 0, 1, 0, 0, 1, 0, 2, 0, 0, 0, 0, 0, 0, 0, 0, 0, 2, 0, 0, 0, 0, 0, 0, 0, 1, 1, 0, 1, 1, 0, 2, 2, 0, 0, 1, 0, 0, 0, 0, 1, 0, 0, 2, 2, 2, 0, 0, 0, 0, 0, 0, 0, 0, 0, 2, 2, 3, 0, 2, 1, 2, 1, 4, 3, 6, 5, 3, 3, 2, 2, 4, 4, 985, 0, 0, 0, 0, 0, 0]",-1,-2.6373596507756928e-06,-1,1
6044,"[3, 7, 0, 0, 1, 8, 0, 8, 0, 1, 0, 0, 1, 0, 2, 0, 0, 0, 0, 0, 0, 0, 0, 0, 2, 0, 0, 0, 0, 0, 0, 0, 1, 1, 0, 1, 1, 0, 2, 2, 0, 0, 1, 0, 0, 0, 0, 1, 0, 0, 2, 2, 2, 0, 0, 0, 0, 0, 0, 0, 0, 0, 2, 2, 3, 0, 2, 1, 2, 1, 4, 3, 6, 5, 3, 3, 2, 2, 4, 4, 986, 0, 0, 0, 0, 0, 0]",4,12.482453132553074,-1,1
6045,"[3, 7, 0, 0, 1, 8, 0, 8, 0, 1, 0, 0, 1, 0, 2, 0, 0, 0, 0, 0, 0, 0, 0, 0, 2, 0, 0, 0, 0, 0, 0, 0, 1, 1, 0, 1, 1, 0, 2, 2, 0, 0, 1, 0, 0, 0, 0, 1, 0, 0, 2, 2, 2, 0, 0, 0, 0, 0, 0, 0, 0, 0, 2, 2, 3, 0, 2, 1, 2, 1, 4, 3, 6, 5, 3, 3, 2, 2, 4, 4, 986, 0, 0, 0, 0, 0, 0]",1,0.6096241150996211,-1,0
6046,"[3, 7, 0, 0, 1, 8, 0, 8, 0, 1, 0, 0, 1, 0, 2, 0, 0, 0, 0, 0, 0, 0, 0, 0, 2, 0, 0, 0, 0, 0, 0, 0, 1, 1, 0, 1, 1, 0, 2, 2, 0, 0, 1, 0, 0, 0, 0, 1, 0, 0, 2, 2, 2, 0, 0, 0, 0, 0, 0, 0, 0, 0, 2, 2, 3, 0, 2, 1, 2, 1, 4, 3, 6, 5, 3, 3, 2, 2, 4, 4, 986, 0, 0, 0, 0, 0, 0]",-1,-2.611117483787239e-06,-1,0
6047,"[3, 7, 0, 0, 1, 8, 0, 8, 0, 1, 0, 0, 1, 0, 2, 0, 0, 0, 0, 0, 0, 0, 0, 0, 2, 0, 0, 0, 0, 0, 0, 0, 1, 1, 0, 1, 1, 0, 2, 2, 0, 0, 1, 0, 0, 0, 0, 1, 0, 0, 2, 2, 2, 0, 0, 0, 0, 0, 0, 0, 0, 0, 2, 2, 3, 0, 2, 1, 2, 1, 4, 3, 6, 5, 3, 3, 2, 2, 4, 4, 986, 1, 0, 0, 0, 0, 0]",3,0.20000000000000445,-1,0
6048,"[1, 7, 0, 1, 1, 8, 0, 8, 0, 1, 0, 0, 1, 0, 2, 0, 0, 0, 0, 0, 0, 0, 0, 0, 2, 0, 0, 0, 0, 0, 0, 0, 1, 1, 0, 1, 1, 0, 2, 2, 0, 0, 1, 0, 0, 0, 0, 1, 0, 0, 2, 2, 2, 0, 0, 0, 0, 0, 0, 0, 0, 0, 2, 2, 3, 0, 2, 1, 2, 1, 4, 3, 6, 5, 3, 3, 2, 2, 4, 4, 986, 0, 0, 0, 0, 0, 0]","[[2 0 0 0]
 [0 0 0 1]]",-0.1985423180889545,-1,0
6049,"[1, 7, 0, 1, 1, 8, 0, 8, 0, 1, 0, 0, 1, 0, 2, 0, 0, 0, 0, 0, 0, 0, 0, 0, 2, 0, 0, 0, 0, 0, 0, 0, 1, 1, 0, 1, 1, 0, 2, 2, 0, 0, 1, 0, 0, 0, 0, 1, 0, 0, 2, 2, 2, 0, 0, 0, 0, 0, 0, 0, 0, 0, 2, 2, 3, 0, 2, 1, 2, 1, 4, 3, 6, 5, 3, 3, 2, 2, 4, 4, 987, 0, 0, 0, 0, 0, 0]",4,13.70999525420441,-1,0
6050,"[1, 7, 0, 1, 1, 8, 0, 8, 0, 1, 0, 0, 1, 0, 2, 0, 0, 0, 0, 0, 0, 0, 0, 0, 2, 0, 0, 0, 0, 0, 0, 0, 1, 1, 0, 1, 1, 0, 2, 2, 0, 0, 1, 0, 0, 0, 0, 1, 0, 0, 2, 2, 2, 0, 0, 0, 0, 0, 0, 0, 0, 0, 2, 2, 3, 0, 2, 1, 2, 1, 4, 3, 6, 5, 3, 3, 2, 2, 4, 4, 988, 0, 0, 0, 0, 0, 0]",4,12.482453028106635,-1,1
6051,"[1, 7, 0, 1, 1, 8, 0, 8, 0, 1, 0, 0, 1, 0, 2, 0, 0, 0, 0, 0, 0, 0, 0, 0, 2, 0, 0, 0, 0, 0, 0, 0, 1, 1, 0, 1, 1, 0, 2, 2, 0, 0, 1, 0, 0, 0, 0, 1, 0, 0, 2, 2, 2, 0, 0, 0, 0, 0, 0, 0, 0, 0, 2, 2, 3, 0, 2, 1, 2, 1, 4, 3, 6, 5, 3, 3, 2, 2, 4, 4, 988, 1, 0, 0, 0, 0, 0]",3,0.2000000000000041,-1,0
6052,"[1, 7, 0, 1, 1, 8, 0, 8, 0, 1, 0, 0, 1, 0, 2, 0, 0, 0, 0, 0, 0, 0, 0, 0, 2, 0, 0, 0, 0, 0, 0, 0, 1, 1, 0, 1, 1, 0, 2, 2, 0, 0, 1, 0, 0, 0, 0, 1, 0, 0, 2, 2, 2, 0, 0, 0, 0, 0, 0, 0, 0, 0, 2, 2, 3, 0, 2, 1, 2, 1, 4, 3, 6, 5, 3, 3, 2, 2, 4, 4, 988, 0, 0, 0, 0, 0, 0]",-1,-2.559413893456321e-06,-1,0
6053,"[1, 7, 0, 1, 1, 8, 0, 8, 0, 1, 0, 0, 1, 0, 2, 0, 0, 0, 0, 0, 0, 0, 0, 0, 2, 0, 0, 0, 0, 0, 0, 0, 1, 1, 0, 1, 1, 0, 2, 2, 0, 0, 1, 0, 0, 0, 0, 1, 0, 0, 2, 2, 2, 0, 0, 0, 0, 0, 0, 0, 0, 0, 2, 2, 3, 0, 2, 1, 2, 1, 4, 3, 6, 5, 3, 3, 2, 2, 4, 4, 988, 0, 0, 0, 0, 0, 0]",1,0.6096241150996208,-1,0
6054,"[1, 7, 0, 1, 1, 8, 0, 8, 0, 1, 0, 0, 1, 0, 2, 0, 0, 0, 0, 0, 0, 0, 0, 0, 2, 0, 0, 0, 0, 0, 0, 0, 1, 1, 0, 1, 1, 0, 2, 2, 0, 0, 1, 0, 0, 0, 0, 1, 0, 0, 2, 2, 2, 0, 0, 0, 0, 0, 0, 0, 0, 0, 2, 2, 3, 0, 2, 1, 2, 1, 4, 3, 6, 5, 3, 3, 2, 2, 4, 4, 988, 0, 0, 0, 0, 0, 0]",-1,-2.559413893456321e-06,-1,0
6055,"[1, 7, 0, 1, 1, 8, 0, 8, 0, 1, 0, 0, 1, 0, 2, 0, 0, 0, 0, 0, 0, 0, 0, 0, 2, 0, 0, 0, 0, 0, 0, 0, 1, 1, 0, 1, 1, 0, 2, 2, 0, 0, 1, 0, 0, 0, 0, 1, 0, 0, 2, 2, 2, 0, 0, 0, 0, 0, 0, 0, 0, 0, 2, 2, 3, 0, 2, 1, 2, 1, 4, 3, 6, 5, 3, 3, 2, 2, 4, 4, 988, 0, 0, 0, 0, 0, 0]",1,0.6096241150996208,-1,0
6056,"[1, 7, 0, 1, 1, 8, 0, 8, 0, 1, 0, 0, 1, 0, 2, 0, 0, 0, 0, 0, 0, 0, 0, 0, 2, 0, 0, 0, 0, 0, 0, 0, 1, 1, 0, 1, 1, 0, 2, 2, 0, 0, 1, 0, 0, 0, 0, 1, 0, 0, 2, 2, 2, 0, 0, 0, 0, 0, 0, 0, 0, 0, 2, 2, 3, 0, 2, 1, 2, 1, 4, 3, 6, 5, 3, 3, 2, 2, 4, 4, 988, 0, 0, 0, 0, 0, 0]",-1,-2.559413893456321e-06,-1,0
6057,"[1, 3, 0, 1, 1, 4, 0, 4, 0, 1, 0, 0, 1, 0, 2, 0, 0, 0, 0, 0, 0, 0, 0, 0, 2, 0, 0, 0, 0, 0, 0, 0, 1, 1, 0, 1, 1, 0, 2, 2, 0, 0, 1, 0, 0, 0, 0, 1, 0, 0, 2, 2, 2, 0, 0, 0, 0, 0, 0, 0, 0, 0, 2, 2, 3, 0, 2, 1, 2, 1, 4, 3, 6, 5, 3, 3, 2, 2, 4, 5, 989, 0, 0, 0, 0, 0, 0]",4,14.112960585143222,-1,0
6058,"[1, 3, 0, 1, 1, 4, 0, 4, 0, 1, 0, 0, 1, 0, 2, 0, 0, 0, 0, 0, 0, 0, 0, 0, 2, 0, 0, 0, 0, 0, 0, 0, 1, 1, 0, 1, 1, 0, 2, 2, 0, 0, 1, 0, 0, 0, 0, 1, 0, 0, 2, 2, 2, 0, 0, 0, 0, 0, 0, 0, 0, 0, 2, 2, 3, 0, 2, 1, 2, 1, 4, 3, 6, 5, 3, 3, 2, 2, 4, 5, 989, 0, 1, 0, 0, 0, 0]",2,0.4000000000000039,-1,1
6059,"[1, 3, 0, 1, 1, 4, 0, 4, 0, 1, 0, 0, 1, 0, 2, 0, 0, 0, 0, 0, 0, 0, 0, 0, 2, 0, 0, 0, 0, 0, 0, 0, 1, 1, 0, 1, 1, 0, 2, 2, 0, 0, 1, 0, 0, 0, 0, 1, 0, 0, 2, 2, 2, 0, 0, 0, 0, 0, 0, 0, 0, 0, 2, 2, 3, 0, 2, 1, 2, 1, 4, 3, 6, 5, 3, 3, 2, 2, 4, 5, 989, 0, 1, 0, 0, 1, 0]","[[0 1 0 1]
 [1 3 0 1]]",2.189208944413745,-1,1
6060,"[0, 1, 0, 1, 2, 6, 0, 4, 0, 1, 0, 0, 1, 0, 2, 0, 0, 0, 0, 0, 0, 0, 0, 0, 2, 0, 0, 0, 0, 0, 0, 0, 1, 1, 0, 1, 1, 0, 2, 2, 0, 0, 1, 0, 0, 0, 0, 1, 0, 0, 2, 2, 2, 0, 0, 0, 0, 0, 0, 0, 0, 0, 2, 2, 3, 0, 2, 1, 2, 1, 4, 3, 6, 5, 3, 3, 2, 2, 4, 5, 989, 0, 0, 0, 0, 0, 0]",0,-0.19999999999999607,-1,0
6061,"[0, 1, 0, 1, 2, 6, 0, 4, 0, 1, 0, 0, 1, 0, 2, 0, 0, 0, 0, 0, 0, 0, 0, 0, 2, 0, 0, 0, 0, 0, 0, 0, 1, 1, 0, 1, 1, 0, 2, 2, 0, 0, 1, 0, 0, 0, 0, 1, 0, 0, 2, 2, 2, 0, 0, 0, 0, 0, 0, 0, 0, 0, 2, 2, 3, 0, 2, 1, 2, 1, 4, 3, 6, 5, 3, 3, 2, 2, 4, 5, 989, 1, 0, 0, 0, 0, 0]",3,0.20000000000000395,-1,1
6062,"[0, 1, 0, 1, 2, 6, 0, 4, 0, 1, 0, 0, 1, 0, 2, 0, 0, 0, 0, 0, 0, 0, 0, 0, 2, 0, 0, 0, 0, 0, 0, 0, 1, 1, 0, 1, 1, 0, 2, 2, 0, 0, 1, 0, 0, 0, 0, 1, 0, 0, 2, 2, 2, 0, 0, 0, 0, 0, 0, 0, 0, 0, 2, 2, 3, 0, 2, 1, 2, 1, 4, 3, 6, 5, 3, 3, 2, 2, 4, 5, 989, 0, 0, 0, 0, 0, 0]",-1,-2.5339472997117425e-06,-1,1
6063,"[0, 1, 0, 1, 1, 3, 0, 2, 0, 1, 0, 0, 1, 0, 2, 0, 0, 0, 0, 0, 0, 0, 0, 0, 2, 0, 0, 0, 0, 0, 0, 0, 1, 1, 0, 1, 1, 0, 2, 2, 0, 0, 1, 0, 0, 0, 0, 1, 0, 0, 2, 2, 2, 0, 0, 0, 0, 0, 0, 0, 0, 0, 2, 2, 3, 0, 2, 1, 2, 1, 4, 3, 6, 5, 3, 3, 2, 2, 4, 4, 990, 0, 0, 0, 0, 0, 0]",4,12.742259536509117,-1,1
6064,"[0, 1, 0, 1, 1, 3, 0, 2, 0, 1, 0, 0, 1, 0, 2, 0, 0, 0, 0, 0, 0, 0, 0, 0, 2, 0, 0, 0, 0, 0, 0, 0, 1, 1, 0, 1, 1, 0, 2, 2, 0, 0, 1, 0, 0, 0, 0, 1, 0, 0, 2, 2, 2, 0, 0, 0, 0, 0, 0, 0, 0, 0, 2, 2, 3, 0, 2, 1, 2, 1, 4, 3, 6, 5, 3, 3, 2, 2, 4, 4, 991, 0, 0, 0, 0, 0, 0]",4,14.259468188761987,-1,0
6065,"[0, 1, 0, 1, 1, 3, 0, 2, 0, 1, 0, 0, 1, 0, 2, 0, 0, 0, 0, 0, 0, 0, 0, 0, 2, 0, 0, 0, 0, 0, 0, 0, 1, 1, 0, 1, 1, 0, 2, 2, 0, 0, 1, 0, 0, 0, 0, 1, 0, 0, 2, 2, 2, 0, 0, 0, 0, 0, 0, 0, 0, 0, 2, 2, 3, 0, 2, 1, 2, 1, 4, 3, 6, 5, 3, 3, 2, 2, 4, 4, 991, 0, 0, 0, 0, 0, 0]",0,0.2949747468305869,-1,1
6066,"[0, 1, 0, 1, 1, 3, 0, 2, 0, 1, 0, 0, 1, 0, 2, 0, 0, 0, 0, 0, 0, 0, 0, 0, 2, 0, 0, 0, 0, 0, 0, 0, 1, 1, 0, 1, 1, 0, 2, 2, 0, 0, 1, 0, 0, 0, 0, 1, 0, 0, 2, 2, 2, 0, 0, 0, 0, 0, 0, 0, 0, 0, 2, 2, 3, 0, 2, 1, 2, 1, 4, 3, 6, 5, 3, 3, 2, 2, 4, 4, 991, 0, 0, 0, 0, 0, 0]",-1,-2.483771781406686e-06,-1,1
6067,"[0, 1, 0, 1, 1, 1, 0, 1, 0, 1, 0, 0, 1, 0, 2, 0, 0, 0, 0, 0, 0, 0, 0, 0, 2, 0, 0, 0, 0, 0, 0, 0, 1, 1, 0, 1, 1, 0, 2, 2, 0, 0, 1, 0, 0, 0, 0, 1, 0, 0, 2, 2, 2, 0, 0, 0, 0, 0, 0, 0, 0, 0, 2, 2, 3, 0, 2, 1, 2, 1, 4, 3, 6, 5, 3, 3, 2, 2, 4, 3, 992, 0, 0, 0, 0, 0, 0]",4,13.133398251553691,-1,1
6068,"[0, 1, 0, 1, 1, 1, 0, 1, 0, 1, 0, 0, 1, 0, 2, 0, 0, 0, 0, 0, 0, 0, 0, 0, 2, 0, 0, 0, 0, 0, 0, 0, 1, 1, 0, 1, 1, 0, 2, 2, 0, 0, 1, 0, 0, 0, 0, 1, 0, 0, 2, 2, 2, 0, 0, 0, 0, 0, 0, 0, 0, 0, 2, 2, 3, 0, 2, 1, 2, 1, 4, 3, 6, 5, 3, 3, 2, 2, 4, 3, 992, 0, 1, 0, 0, 0, 0]",2,0.40000000000000346,-1,0
6069,"[0, 1, 0, 1, 1, 1, 0, 1, 0, 1, 0, 0, 1, 0, 2, 0, 0, 0, 0, 0, 0, 0, 0, 0, 2, 0, 0, 0, 0, 0, 0, 0, 1, 1, 0, 1, 1, 0, 2, 2, 0, 0, 1, 0, 0, 0, 0, 1, 0, 0, 2, 2, 2, 0, 0, 0, 0, 0, 0, 0, 0, 0, 2, 2, 3, 0, 2, 1, 2, 1, 4, 3, 6, 5, 3, 3, 2, 2, 4, 3, 992, 0, 1, 0, 0, 1, 0]","[[0 1 0 0]
 [1 0 0 0]]",0.6504248650580944,-1,0
6070,"[0, 1, 0, 1, 1, 1, 0, 1, 0, 1, 0, 0, 1, 0, 2, 0, 0, 0, 0, 0, 0, 0, 0, 0, 2, 0, 0, 0, 0, 0, 0, 0, 1, 1, 0, 1, 1, 0, 2, 2, 0, 0, 1, 0, 0, 0, 0, 1, 0, 0, 2, 2, 2, 0, 0, 0, 0, 0, 0, 0, 0, 0, 2, 2, 3, 0, 2, 1, 2, 1, 4, 3, 6, 5, 3, 3, 2, 2, 4, 3, 992, 0, 0, 0, 0, 0, 0]",1,-90.70966799187809,-1,1
6071,"[0, 1, 0, 1, 1, 1, 0, 1, 0, 1, 0, 0, 1, 0, 2, 0, 0, 0, 0, 0, 0, 0, 0, 0, 2, 0, 0, 0, 0, 0, 0, 0, 1, 1, 0, 1, 1, 0, 2, 2, 0, 0, 1, 0, 0, 0, 0, 1, 0, 0, 2, 2, 2, 0, 0, 0, 0, 0, 0, 0, 0, 0, 2, 2, 3, 0, 2, 1, 2, 1, 4, 3, 6, 5, 3, 3, 2, 2, 4, 3, 992, 1, 0, 0, 0, 0, 0]",3,0.2000000000000035,-1,0
6072,"[0, 1, 0, 1, 1, 1, 0, 1, 0, 1, 0, 0, 1, 0, 2, 0, 0, 0, 0, 0, 0, 0, 0, 0, 2, 0, 0, 0, 0, 0, 0, 0, 1, 1, 0, 1, 1, 0, 2, 2, 0, 0, 1, 0, 0, 0, 0, 1, 0, 0, 2, 2, 2, 0, 0, 0, 0, 0, 0, 0, 0, 0, 2, 2, 3, 0, 2, 1, 2, 1, 4, 3, 6, 5, 3, 3, 2, 2, 4, 3, 992, 0, 0, 0, 0, 0, 0]",-1,-2.459057839252565e-06,-1,0
6073,"[0, 1, 0, 1, 1, 1, 0, 1, 0, 1, 0, 0, 1, 0, 2, 0, 0, 0, 0, 0, 0, 0, 0, 0, 2, 0, 0, 0, 0, 0, 0, 0, 1, 1, 0, 1, 1, 0, 2, 2, 0, 0, 1, 0, 0, 0, 0, 1, 0, 0, 2, 2, 2, 0, 0, 0, 0, 0, 0, 0, 0, 0, 2, 2, 3, 0, 2, 1, 2, 1, 4, 3, 6, 5, 3, 3, 2, 2, 4, 3, 992, 0, 0, 0, 0, 0, 0]",0,0.2427188724235766,-1,0
6074,"[0, 1, 0, 1, 1, 1, 0, 1, 0, 1, 0, 0, 1, 0, 2, 0, 0, 0, 0, 0, 0, 0, 0, 0, 2, 0, 0, 0, 0, 0, 0, 0, 1, 1, 0, 1, 1, 0, 2, 2, 0, 0, 1, 0, 0, 0, 0, 1, 0, 0, 2, 2, 2, 0, 0, 0, 0, 0, 0, 0, 0, 0, 2, 2, 3, 0, 2, 1, 2, 1, 4, 3, 6, 5, 3, 3, 2, 2, 4, 3, 992, 0, 0, 0, 0, 0, 0]",-1,-2.459057839252565e-06,-1,0
6075,"[0, 1, 0, 1, 1, 1, 0, 1, 0, 1, 0, 0, 1, 0, 2, 0, 0, 0, 0, 0, 0, 0, 0, 0, 2, 0, 0, 0, 0, 0, 0, 0, 1, 1, 0, 1, 1, 0, 2, 2, 0, 0, 1, 0, 0, 0, 0, 1, 0, 0, 2, 2, 2, 0, 0, 0, 0, 0, 0, 0, 0, 0, 2, 2, 3, 0, 2, 1, 2, 1, 4, 3, 6, 5, 3, 3, 2, 2, 4, 3, 992, 1, 0, 0, 0, 0, 0]",3,0.2000000000000035,-1,0
6076,"[0, 1, 0, 1, 1, 1, 0, 1, 0, 1, 0, 0, 1, 0, 2, 0, 0, 0, 0, 0, 0, 0, 0, 0, 2, 0, 0, 0, 0, 0, 0, 0, 1, 1, 0, 1, 1, 0, 2, 2, 0, 0, 1, 0, 0, 0, 0, 1, 0, 0, 2, 2, 2, 0, 0, 0, 0, 0, 0, 0, 0, 0, 2, 2, 3, 0, 2, 1, 2, 1, 4, 3, 6, 5, 3, 3, 2, 2, 4, 3, 992, 0, 0, 0, 0, 0, 0]",-1,-2.459057839252565e-06,-1,0
6077,"[0, 1, 0, 1, 1, 1, 0, 1, 0, 1, 0, 0, 1, 0, 2, 0, 0, 0, 0, 0, 0, 0, 0, 0, 2, 0, 0, 0, 0, 0, 0, 0, 1, 1, 0, 1, 1, 0, 2, 2, 0, 0, 1, 0, 0, 0, 0, 1, 0, 0, 2, 2, 2, 0, 0, 0, 0, 0, 0, 0, 0, 0, 2, 2, 3, 0, 2, 1, 2, 1, 4, 3, 6, 5, 3, 3, 2, 2, 4, 3, 992, 0, 0, 0, 0, 0, 0]",0,0.2427188724235766,-1,0
6078,"[0, 1, 0, 1, 1, 1, 0, 1, 0, 1, 0, 0, 1, 0, 2, 0, 0, 0, 0, 0, 0, 0, 0, 0, 2, 0, 0, 0, 0, 0, 0, 0, 1, 1, 0, 1, 1, 0, 2, 2, 0, 0, 1, 0, 0, 0, 0, 1, 0, 0, 2, 2, 2, 0, 0, 0, 0, 0, 0, 0, 0, 0, 2, 2, 3, 0, 2, 1, 2, 1, 4, 3, 6, 5, 3, 3, 2, 2, 4, 3, 992, 0, 0, 0, 0, 0, 0]",-1,-2.459057839252565e-06,-1,0
6079,"[0, 1, 0, 1, 1, 1, 0, 1, 0, 1, 0, 0, 1, 0, 2, 0, 0, 0, 0, 0, 0, 0, 0, 0, 2, 0, 0, 0, 0, 0, 0, 0, 1, 1, 0, 1, 1, 0, 2, 2, 0, 0, 1, 0, 0, 0, 0, 1, 0, 0, 2, 2, 2, 0, 0, 0, 0, 0, 0, 0, 0, 0, 2, 2, 3, 0, 2, 1, 2, 1, 4, 3, 6, 5, 3, 3, 2, 2, 4, 3, 992, 1, 0, 0, 0, 0, 0]",3,0.2000000000000035,-1,0
6080,"[0, 1, 0, 1, 1, 1, 0, 1, 0, 1, 0, 0, 1, 0, 2, 0, 0, 0, 0, 0, 0, 0, 0, 0, 2, 0, 0, 0, 0, 0, 0, 0, 1, 1, 0, 1, 1, 0, 2, 2, 0, 0, 1, 0, 0, 0, 0, 1, 0, 0, 2, 2, 2, 0, 0, 0, 0, 0, 0, 0, 0, 0, 2, 2, 3, 0, 2, 1, 2, 1, 4, 3, 6, 5, 3, 3, 2, 2, 4, 3, 992, 0, 0, 0, 0, 0, 0]",-1,-2.459057839252565e-06,-1,0
6081,"[0, 2, 0, 1, 1, 2, 0, 1, 0, 1, 0, 0, 1, 0, 2, 0, 0, 0, 0, 0, 0, 0, 0, 0, 2, 0, 0, 0, 0, 0, 0, 0, 1, 1, 0, 1, 1, 0, 2, 2, 0, 0, 1, 0, 0, 0, 0, 1, 0, 0, 2, 2, 2, 0, 0, 0, 0, 0, 0, 0, 0, 0, 2, 2, 3, 0, 2, 1, 2, 1, 4, 3, 6, 5, 3, 3, 2, 2, 4, 3, 993, 0, 0, 0, 0, 0, 0]",4,14.055673559935665,-1,0
6082,"[0, 2, 0, 1, 1, 2, 0, 1, 0, 1, 0, 0, 1, 0, 2, 0, 0, 0, 0, 0, 0, 0, 0, 0, 2, 0, 0, 0, 0, 0, 0, 0, 1, 1, 0, 1, 1, 0, 2, 2, 0, 0, 1, 0, 0, 0, 0, 1, 0, 0, 2, 2, 2, 0, 0, 0, 0, 0, 0, 0, 0, 0, 2, 2, 3, 0, 2, 1, 2, 1, 4, 3, 6, 5, 3, 3, 2, 2, 4, 3, 993, 0, 0, 0, 0, 0, 0]",-1,-2.4345898049315908e-06,-1,1
6083,"[0, 2, 0, 1, 1, 2, 0, 1, 0, 1, 0, 0, 1, 0, 2, 0, 0, 0, 0, 0, 0, 0, 0, 0, 2, 0, 0, 0, 0, 0, 0, 0, 1, 1, 0, 1, 1, 0, 2, 2, 0, 0, 1, 0, 0, 0, 0, 1, 0, 0, 2, 2, 2, 0, 0, 0, 0, 0, 0, 0, 0, 0, 2, 2, 3, 0, 2, 1, 2, 1, 4, 3, 6, 5, 3, 3, 2, 2, 4, 3, 993, 0, 0, 0, 0, 0, 0]",-1,-2.4345898049315908e-06,-1,1
6084,"[0, 2, 0, 1, 1, 2, 0, 2, 0, 1, 0, 0, 1, 0, 2, 0, 0, 0, 0, 0, 0, 0, 0, 0, 2, 0, 0, 0, 0, 0, 0, 0, 1, 1, 0, 1, 1, 0, 2, 2, 0, 0, 1, 0, 0, 0, 0, 1, 0, 0, 2, 2, 2, 0, 0, 0, 0, 0, 0, 0, 0, 0, 2, 2, 3, 0, 2, 1, 2, 1, 4, 3, 6, 5, 3, 3, 2, 2, 4, 3, 994, 0, 0, 0, 0, 0, 0]",4,12.872446373114329,-1,1
6085,"[0, 2, 0, 1, 1, 2, 0, 2, 0, 1, 0, 0, 1, 0, 2, 0, 0, 0, 0, 0, 0, 0, 0, 0, 2, 0, 0, 0, 0, 0, 0, 0, 1, 1, 0, 1, 1, 0, 2, 2, 0, 0, 1, 0, 0, 0, 0, 1, 0, 0, 2, 2, 2, 0, 0, 0, 0, 0, 0, 0, 0, 0, 2, 2, 3, 0, 2, 1, 2, 1, 4, 3, 6, 5, 3, 3, 2, 2, 4, 3, 994, 0, 1, 0, 0, 0, 0]",2,0.40000000000000324,-1,0
6086,"[0, 2, 0, 1, 1, 2, 0, 2, 0, 1, 0, 0, 1, 0, 2, 0, 0, 0, 0, 0, 0, 0, 0, 0, 2, 0, 0, 0, 0, 0, 0, 0, 1, 1, 0, 1, 1, 0, 2, 2, 0, 0, 1, 0, 0, 0, 0, 1, 0, 0, 2, 2, 2, 0, 0, 0, 0, 0, 0, 0, 0, 0, 2, 2, 3, 0, 2, 1, 2, 1, 4, 3, 6, 5, 3, 3, 2, 2, 4, 3, 994, 0, 1, 0, 0, 1, 0]","[[0 1 0 0]
 [1 0 0 0]]",0.6504248650580942,-1,0
6087,"[1, 1, 0, 1, 0, 3, 0, 2, 0, 1, 0, 0, 1, 0, 2, 0, 0, 0, 0, 0, 0, 0, 0, 0, 2, 0, 0, 0, 0, 0, 0, 0, 1, 1, 0, 1, 1, 0, 2, 2, 0, 0, 1, 0, 0, 0, 0, 1, 0, 0, 2, 2, 2, 0, 0, 0, 0, 0, 0, 0, 0, 0, 2, 2, 3, 0, 2, 1, 2, 1, 4, 3, 6, 5, 3, 3, 2, 2, 4, 3, 994, 0, 0, 0, 0, 0, 0]",0,-0.19999999999999676,-1,1
6088,"[1, 1, 0, 1, 0, 3, 0, 2, 0, 1, 0, 0, 1, 0, 2, 0, 0, 0, 0, 0, 0, 0, 0, 0, 2, 0, 0, 0, 0, 0, 0, 0, 1, 1, 0, 1, 1, 0, 2, 2, 0, 0, 1, 0, 0, 0, 0, 1, 0, 0, 2, 2, 2, 0, 0, 0, 0, 0, 0, 0, 0, 0, 2, 2, 3, 0, 2, 1, 2, 1, 4, 3, 6, 5, 3, 3, 2, 2, 4, 3, 994, 0, 0, 0, 0, 0, 0]",0,0.24271887242357634,-1,0
6089,"[1, 1, 0, 1, 0, 3, 0, 2, 0, 1, 0, 0, 1, 0, 2, 0, 0, 0, 0, 0, 0, 0, 0, 0, 2, 0, 0, 0, 0, 0, 0, 0, 1, 1, 0, 1, 1, 0, 2, 2, 0, 0, 1, 0, 0, 0, 0, 1, 0, 0, 2, 2, 2, 0, 0, 0, 0, 0, 0, 0, 0, 0, 2, 2, 3, 0, 2, 1, 2, 1, 4, 3, 6, 5, 3, 3, 2, 2, 4, 3, 994, 0, 0, 0, 0, 0, 0]",-1,-2.4103652316199417e-06,-1,0
6090,"[1, 1, 0, 1, 0, 3, 0, 2, 0, 1, 0, 0, 1, 0, 2, 0, 0, 0, 0, 0, 0, 0, 0, 0, 2, 0, 0, 0, 0, 0, 0, 0, 1, 1, 0, 1, 1, 0, 2, 2, 0, 0, 1, 0, 0, 0, 0, 1, 0, 0, 2, 2, 2, 0, 0, 0, 0, 0, 0, 0, 0, 0, 2, 2, 3, 0, 2, 1, 2, 1, 4, 3, 6, 5, 3, 3, 2, 2, 4, 3, 994, 0, 0, 0, 0, 0, 0]",0,0.24271887242357634,-1,0
6091,"[1, 1, 0, 1, 0, 3, 0, 2, 0, 1, 0, 0, 1, 0, 2, 0, 0, 0, 0, 0, 0, 0, 0, 0, 2, 0, 0, 0, 0, 0, 0, 0, 1, 1, 0, 1, 1, 0, 2, 2, 0, 0, 1, 0, 0, 0, 0, 1, 0, 0, 2, 2, 2, 0, 0, 0, 0, 0, 0, 0, 0, 0, 2, 2, 3, 0, 2, 1, 2, 1, 4, 3, 6, 5, 3, 3, 2, 2, 4, 3, 994, 0, 0, 0, 0, 0, 0]",-1,-2.4103652316199417e-06,-1,0
6092,"[1, 1, 0, 1, 0, 3, 0, 2, 0, 1, 0, 0, 1, 0, 2, 0, 0, 0, 0, 0, 0, 0, 0, 0, 2, 0, 0, 0, 0, 0, 0, 0, 1, 1, 0, 1, 1, 0, 2, 2, 0, 0, 1, 0, 0, 0, 0, 1, 0, 0, 2, 2, 2, 0, 0, 0, 0, 0, 0, 0, 0, 0, 2, 2, 3, 0, 2, 1, 2, 1, 4, 3, 6, 5, 3, 3, 2, 2, 4, 3, 994, 0, 0, 0, 0, 0, 0]",0,0.24271887242357634,-1,0
6093,"[1, 1, 0, 1, 0, 3, 0, 2, 0, 1, 0, 0, 1, 0, 2, 0, 0, 0, 0, 0, 0, 0, 0, 0, 2, 0, 0, 0, 0, 0, 0, 0, 1, 1, 0, 1, 1, 0, 2, 2, 0, 0, 1, 0, 0, 0, 0, 1, 0, 0, 2, 2, 2, 0, 0, 0, 0, 0, 0, 0, 0, 0, 2, 2, 3, 0, 2, 1, 2, 1, 4, 3, 6, 5, 3, 3, 2, 2, 4, 3, 994, 0, 0, 0, 0, 0, 0]",-1,-2.4103652316199417e-06,-1,0
6094,"[1, 1, 0, 1, 0, 3, 0, 2, 0, 1, 0, 0, 1, 0, 2, 0, 0, 0, 0, 0, 0, 0, 0, 0, 2, 0, 0, 0, 0, 0, 0, 0, 1, 1, 0, 1, 1, 0, 2, 2, 0, 0, 1, 0, 0, 0, 0, 1, 0, 0, 2, 2, 2, 0, 0, 0, 0, 0, 0, 0, 0, 0, 2, 2, 3, 0, 2, 1, 2, 1, 4, 3, 6, 5, 3, 3, 2, 2, 4, 3, 994, 0, 0, 0, 0, 0, 0]",0,0.24271887242357634,-1,0
6095,"[1, 1, 0, 1, 0, 3, 0, 2, 0, 1, 0, 0, 1, 0, 2, 0, 0, 0, 0, 0, 0, 0, 0, 0, 2, 0, 0, 0, 0, 0, 0, 0, 1, 1, 0, 1, 1, 0, 2, 2, 0, 0, 1, 0, 0, 0, 0, 1, 0, 0, 2, 2, 2, 0, 0, 0, 0, 0, 0, 0, 0, 0, 2, 2, 3, 0, 2, 1, 2, 1, 4, 3, 6, 5, 3, 3, 2, 2, 4, 3, 994, 0, 0, 0, 0, 0, 0]",-1,-2.4103652316199417e-06,-1,0
6096,"[1, 1, 0, 1, 0, 3, 0, 2, 0, 1, 0, 0, 1, 0, 2, 0, 0, 0, 0, 0, 0, 0, 0, 0, 2, 0, 0, 0, 0, 0, 0, 0, 1, 1, 0, 1, 1, 0, 2, 2, 0, 0, 1, 0, 0, 0, 0, 1, 0, 0, 2, 2, 2, 0, 0, 0, 0, 0, 0, 0, 0, 0, 2, 2, 3, 0, 2, 1, 2, 1, 4, 3, 6, 5, 3, 3, 2, 2, 4, 3, 994, 0, 0, 0, 0, 0, 0]",0,0.24271887242357634,-1,0
6097,"[1, 1, 0, 1, 0, 3, 0, 2, 0, 1, 0, 0, 1, 0, 2, 0, 0, 0, 0, 0, 0, 0, 0, 0, 2, 0, 0, 0, 0, 0, 0, 0, 1, 1, 0, 1, 1, 0, 2, 2, 0, 0, 1, 0, 0, 0, 0, 1, 0, 0, 2, 2, 2, 0, 0, 0, 0, 0, 0, 0, 0, 0, 2, 2, 3, 0, 2, 1, 2, 1, 4, 3, 6, 5, 3, 3, 2, 2, 4, 3, 994, 0, 0, 0, 0, 0, 0]",-1,-2.4103652316199417e-06,-1,0
6098,"[1, 1, 0, 1, 0, 3, 0, 2, 0, 1, 0, 0, 1, 0, 2, 0, 0, 0, 0, 0, 0, 0, 0, 0, 2, 0, 0, 0, 0, 0, 0, 0, 1, 1, 0, 1, 1, 0, 2, 2, 0, 0, 1, 0, 0, 0, 0, 1, 0, 0, 2, 2, 2, 0, 0, 0, 0, 0, 0, 0, 0, 0, 2, 2, 3, 0, 2, 1, 2, 1, 4, 3, 6, 5, 3, 3, 2, 2, 4, 3, 994, 0, 0, 0, 0, 0, 0]",0,0.24271887242357634,-1,0
6099,"[1, 1, 0, 1, 0, 3, 0, 2, 0, 1, 0, 0, 1, 0, 2, 0, 0, 0, 0, 0, 0, 0, 0, 0, 2, 0, 0, 0, 0, 0, 0, 0, 1, 1, 0, 1, 1, 0, 2, 2, 0, 0, 1, 0, 0, 0, 0, 1, 0, 0, 2, 2, 2, 0, 0, 0, 0, 0, 0, 0, 0, 0, 2, 2, 3, 0, 2, 1, 2, 1, 4, 3, 6, 5, 3, 3, 2, 2, 4, 3, 994, 0, 0, 0, 0, 0, 0]",-1,-2.4103652316199417e-06,-1,0
6100,"[1, 1, 0, 1, 0, 3, 0, 2, 0, 1, 0, 0, 1, 0, 2, 0, 0, 0, 0, 0, 0, 0, 0, 0, 2, 0, 0, 0, 0, 0, 0, 0, 1, 1, 0, 1, 1, 0, 2, 2, 0, 0, 1, 0, 0, 0, 0, 1, 0, 0, 2, 2, 2, 0, 0, 0, 0, 0, 0, 0, 0, 0, 2, 2, 3, 0, 2, 1, 2, 1, 4, 3, 6, 5, 3, 3, 2, 2, 4, 3, 994, 0, 0, 0, 0, 0, 0]",0,0.24271887242357634,-1,0
6101,"[1, 1, 0, 1, 0, 3, 0, 2, 0, 1, 0, 0, 1, 0, 2, 0, 0, 0, 0, 0, 0, 0, 0, 0, 2, 0, 0, 0, 0, 0, 0, 0, 1, 1, 0, 1, 1, 0, 2, 2, 0, 0, 1, 0, 0, 0, 0, 1, 0, 0, 2, 2, 2, 0, 0, 0, 0, 0, 0, 0, 0, 0, 2, 2, 3, 0, 2, 1, 2, 1, 4, 3, 6, 5, 3, 3, 2, 2, 4, 3, 994, 0, 0, 0, 0, 0, 0]",-1,-2.4103652316199417e-06,-1,0
6102,"[1, 1, 0, 1, 0, 3, 0, 2, 0, 1, 0, 0, 1, 0, 2, 0, 0, 0, 0, 0, 0, 0, 0, 0, 2, 0, 0, 0, 0, 0, 0, 0, 1, 1, 0, 1, 1, 0, 2, 2, 0, 0, 1, 0, 0, 0, 0, 1, 0, 0, 2, 2, 2, 0, 0, 0, 0, 0, 0, 0, 0, 0, 2, 2, 3, 0, 2, 1, 2, 1, 4, 3, 6, 5, 3, 3, 2, 2, 4, 3, 994, 0, 0, 0, 0, 0, 0]",0,0.24271887242357634,-1,0
6103,"[1, 1, 0, 1, 0, 3, 0, 2, 0, 1, 0, 0, 1, 0, 2, 0, 0, 0, 0, 0, 0, 0, 0, 0, 2, 0, 0, 0, 0, 0, 0, 0, 1, 1, 0, 1, 1, 0, 2, 2, 0, 0, 1, 0, 0, 0, 0, 1, 0, 0, 2, 2, 2, 0, 0, 0, 0, 0, 0, 0, 0, 0, 2, 2, 3, 0, 2, 1, 2, 1, 4, 3, 6, 5, 3, 3, 2, 2, 4, 3, 994, 0, 0, 0, 0, 0, 0]",-1,-2.4103652316199417e-06,-1,0
6104,"[2, 1, 0, 1, 0, 3, 0, 2, 0, 1, 0, 0, 1, 0, 2, 0, 0, 0, 0, 0, 0, 0, 0, 0, 2, 0, 0, 0, 0, 0, 0, 0, 1, 1, 0, 1, 1, 0, 2, 2, 0, 0, 1, 0, 0, 0, 0, 1, 0, 0, 2, 2, 2, 0, 0, 0, 0, 0, 0, 0, 0, 0, 2, 2, 3, 0, 2, 1, 2, 1, 4, 3, 6, 5, 3, 3, 2, 2, 4, 3, 995, 0, 0, 0, 0, 0, 0]",4,14.37377338410431,-1,0
6105,"[2, 1, 0, 1, 0, 3, 0, 2, 0, 1, 0, 0, 1, 0, 2, 0, 0, 0, 0, 0, 0, 0, 0, 0, 2, 0, 0, 0, 0, 0, 0, 0, 1, 1, 0, 1, 1, 0, 2, 2, 0, 0, 1, 0, 0, 0, 0, 1, 0, 0, 2, 2, 2, 0, 0, 0, 0, 0, 0, 0, 0, 0, 2, 2, 3, 0, 2, 1, 2, 1, 4, 3, 6, 5, 3, 3, 2, 2, 4, 3, 995, 0, 0, 0, 0, 0, 0]",-1,-2.3863816968400943e-06,-1,1
6106,"[2, 1, 0, 1, 0, 3, 0, 2, 0, 1, 0, 0, 1, 0, 2, 0, 0, 0, 0, 0, 0, 0, 0, 0, 2, 0, 0, 0, 0, 0, 0, 0, 1, 1, 0, 1, 1, 0, 2, 2, 0, 0, 1, 0, 0, 0, 0, 1, 0, 0, 2, 2, 2, 0, 0, 0, 0, 0, 0, 0, 0, 0, 2, 2, 3, 0, 2, 1, 2, 1, 4, 3, 6, 5, 3, 3, 2, 2, 4, 3, 995, 0, 0, 0, 0, 0, 0]",-1,-2.3863816968400943e-06,-1,1
6107,"[2, 1, 0, 1, 0, 3, 0, 3, 0, 1, 0, 0, 1, 0, 2, 0, 0, 0, 0, 0, 0, 0, 0, 0, 2, 0, 0, 0, 0, 0, 0, 0, 1, 1, 0, 1, 1, 0, 2, 2, 0, 0, 1, 0, 0, 0, 0, 1, 0, 0, 2, 2, 2, 0, 0, 0, 0, 0, 0, 0, 0, 0, 2, 2, 3, 0, 2, 1, 2, 1, 4, 3, 6, 5, 3, 3, 2, 2, 4, 3, 996, 0, 0, 0, 0, 0, 0]",4,12.510079135394925,-1,1
6108,"[2, 1, 0, 1, 0, 3, 0, 3, 0, 1, 0, 0, 1, 0, 2, 0, 0, 0, 0, 0, 0, 0, 0, 0, 2, 0, 0, 0, 0, 0, 0, 0, 1, 1, 0, 1, 1, 0, 2, 2, 0, 0, 1, 0, 0, 0, 0, 1, 0, 0, 2, 2, 2, 0, 0, 0, 0, 0, 0, 0, 0, 0, 2, 2, 3, 0, 2, 1, 2, 1, 4, 3, 6, 5, 3, 3, 2, 2, 4, 3, 996, 1, 0, 0, 0, 0, 0]",3,0.20000000000000298,-1,0
6109,"[0, 1, 0, 2, 0, 3, 0, 3, 0, 1, 0, 0, 1, 0, 2, 0, 0, 0, 0, 0, 0, 0, 0, 0, 2, 0, 0, 0, 0, 0, 0, 0, 1, 1, 0, 1, 1, 0, 2, 2, 0, 0, 1, 0, 0, 0, 0, 1, 0, 0, 2, 2, 2, 0, 0, 0, 0, 0, 0, 0, 0, 0, 2, 2, 3, 0, 2, 1, 2, 1, 4, 3, 6, 5, 3, 3, 2, 2, 4, 3, 996, 0, 0, 0, 0, 0, 0]","[[2 0 0 0]
 [0 0 0 1]]",-0.19854231808895598,-1,0
6110,"[1, 1, 0, 2, 0, 3, 0, 3, 0, 1, 0, 0, 1, 0, 2, 0, 0, 0, 0, 0, 0, 0, 0, 0, 2, 0, 0, 0, 0, 0, 0, 0, 1, 1, 0, 1, 1, 0, 2, 2, 0, 0, 1, 0, 0, 0, 0, 1, 0, 0, 2, 2, 2, 0, 0, 0, 0, 0, 0, 0, 0, 0, 2, 2, 3, 0, 2, 1, 2, 1, 4, 3, 6, 5, 3, 3, 2, 2, 4, 3, 997, 0, 0, 0, 0, 0, 0]",4,14.37377328864745,-1,0
6111,"[1, 1, 0, 2, 0, 3, 0, 3, 0, 1, 0, 0, 1, 0, 2, 0, 0, 0, 0, 0, 0, 0, 0, 0, 2, 0, 0, 0, 0, 0, 0, 0, 1, 1, 0, 1, 1, 0, 2, 2, 0, 0, 1, 0, 0, 0, 0, 1, 0, 0, 2, 2, 2, 0, 0, 0, 0, 0, 0, 0, 0, 0, 2, 2, 3, 0, 2, 1, 2, 1, 4, 3, 6, 5, 3, 3, 2, 2, 4, 3, 997, 1, 0, 0, 0, 0, 0]",3,0.20000000000000284,-1,1
6112,"[1, 1, 0, 2, 0, 3, 0, 3, 0, 1, 0, 0, 1, 0, 2, 0, 0, 0, 0, 0, 0, 0, 0, 0, 2, 0, 0, 0, 0, 0, 0, 0, 1, 1, 0, 1, 1, 0, 2, 2, 0, 0, 1, 0, 0, 0, 0, 1, 0, 0, 2, 2, 2, 0, 0, 0, 0, 0, 0, 0, 0, 0, 2, 2, 3, 0, 2, 1, 2, 1, 4, 3, 6, 5, 3, 3, 2, 2, 4, 3, 997, 0, 0, 0, 0, 0, 0]",-1,-2.3391281732461853e-06,-1,1
6113,"[1, 1, 0, 2, 0, 3, 0, 3, 0, 1, 0, 0, 1, 0, 2, 0, 0, 0, 0, 0, 0, 0, 0, 0, 2, 0, 0, 0, 0, 0, 0, 0, 1, 1, 0, 1, 1, 0, 2, 2, 0, 0, 1, 0, 0, 0, 0, 1, 0, 0, 2, 2, 2, 0, 0, 0, 0, 0, 0, 0, 0, 0, 2, 2, 3, 0, 2, 1, 2, 1, 4, 3, 6, 5, 3, 3, 2, 2, 4, 3, 998, 0, 0, 0, 0, 0, 0]",4,12.510079040887877,-1,1
6114,"[1, 1, 0, 2, 0, 3, 0, 3, 0, 1, 0, 0, 1, 0, 2, 0, 0, 0, 0, 0, 0, 0, 0, 0, 2, 0, 0, 0, 0, 0, 0, 0, 1, 1, 0, 1, 1, 0, 2, 2, 0, 0, 1, 0, 0, 0, 0, 1, 0, 0, 2, 2, 2, 0, 0, 0, 0, 0, 0, 0, 0, 0, 2, 2, 3, 0, 2, 1, 2, 1, 4, 3, 6, 5, 3, 3, 2, 2, 4, 3, 998, 0, 0, 0, 0, 0, 0]",1,0.6096241150996194,-1,0
6115,"[1, 1, 0, 2, 0, 3, 0, 3, 0, 1, 0, 0, 1, 0, 2, 0, 0, 0, 0, 0, 0, 0, 0, 0, 2, 0, 0, 0, 0, 0, 0, 0, 1, 1, 0, 1, 1, 0, 2, 2, 0, 0, 1, 0, 0, 0, 0, 1, 0, 0, 2, 2, 2, 0, 0, 0, 0, 0, 0, 0, 0, 0, 2, 2, 3, 0, 2, 1, 2, 1, 4, 3, 6, 5, 3, 3, 2, 2, 4, 3, 998, 0, 0, 0, 0, 0, 0]",-1,-2.315853459040381e-06,-1,0
6116,"[1, 1, 0, 2, 0, 3, 0, 3, 0, 1, 0, 0, 1, 0, 2, 0, 0, 0, 0, 0, 0, 0, 0, 0, 2, 0, 0, 0, 0, 0, 0, 0, 1, 1, 0, 1, 1, 0, 2, 2, 0, 0, 1, 0, 0, 0, 0, 1, 0, 0, 2, 2, 2, 0, 0, 0, 0, 0, 0, 0, 0, 0, 2, 2, 3, 0, 2, 1, 2, 1, 4, 3, 6, 5, 3, 3, 2, 2, 4, 3, 998, 0, 0, 0, 0, 0, 0]",1,0.6096241150996194,-1,0
6117,"[1, 1, 0, 2, 0, 3, 0, 3, 0, 1, 0, 0, 1, 0, 2, 0, 0, 0, 0, 0, 0, 0, 0, 0, 2, 0, 0, 0, 0, 0, 0, 0, 1, 1, 0, 1, 1, 0, 2, 2, 0, 0, 1, 0, 0, 0, 0, 1, 0, 0, 2, 2, 2, 0, 0, 0, 0, 0, 0, 0, 0, 0, 2, 2, 3, 0, 2, 1, 2, 1, 4, 3, 6, 5, 3, 3, 2, 2, 4, 3, 998, 0, 0, 0, 0, 0, 0]",-1,-2.315853459040381e-06,-1,0
6118,"[1, 1, 0, 2, 0, 3, 0, 3, 0, 1, 0, 0, 1, 0, 2, 0, 0, 0, 0, 0, 0, 0, 0, 0, 2, 0, 0, 0, 0, 0, 0, 0, 1, 1, 0, 1, 1, 0, 2, 2, 0, 0, 1, 0, 0, 0, 0, 1, 0, 0, 2, 2, 2, 0, 0, 0, 0, 0, 0, 0, 0, 0, 2, 2, 3, 0, 2, 1, 2, 1, 4, 3, 6, 5, 3, 3, 2, 2, 4, 3, 998, 0, 0, 0, 0, 0, 0]",1,0.6096241150996194,-1,0
6119,"[1, 1, 0, 2, 0, 3, 0, 3, 0, 1, 0, 0, 1, 0, 2, 0, 0, 0, 0, 0, 0, 0, 0, 0, 2, 0, 0, 0, 0, 0, 0, 0, 1, 1, 0, 1, 1, 0, 2, 2, 0, 0, 1, 0, 0, 0, 0, 1, 0, 0, 2, 2, 2, 0, 0, 0, 0, 0, 0, 0, 0, 0, 2, 2, 3, 0, 2, 1, 2, 1, 4, 3, 6, 5, 3, 3, 2, 2, 4, 3, 998, 0, 0, 0, 0, 0, 0]",-1,-2.315853459040381e-06,-1,0
6120,"[1, 1, 0, 2, 0, 3, 0, 3, 0, 1, 0, 0, 1, 0, 2, 0, 0, 0, 0, 0, 0, 0, 0, 0, 2, 0, 0, 0, 0, 0, 0, 0, 1, 1, 0, 1, 1, 0, 2, 2, 0, 0, 1, 0, 0, 0, 0, 1, 0, 0, 2, 2, 2, 0, 0, 0, 0, 0, 0, 0, 0, 0, 2, 2, 3, 0, 2, 1, 2, 1, 4, 3, 6, 5, 3, 3, 2, 2, 4, 3, 998, 0, 0, 0, 0, 0, 0]",1,0.6096241150996194,-1,0
6121,"[1, 1, 0, 2, 0, 3, 0, 3, 0, 1, 0, 0, 1, 0, 2, 0, 0, 0, 0, 0, 0, 0, 0, 0, 2, 0, 0, 0, 0, 0, 0, 0, 1, 1, 0, 1, 1, 0, 2, 2, 0, 0, 1, 0, 0, 0, 0, 1, 0, 0, 2, 2, 2, 0, 0, 0, 0, 0, 0, 0, 0, 0, 2, 2, 3, 0, 2, 1, 2, 1, 4, 3, 6, 5, 3, 3, 2, 2, 4, 3, 998, 0, 0, 0, 0, 0, 0]",-1,-2.315853459040381e-06,-1,0
6122,"[1, 1, 0, 1, 0, 1, 0, 1, 0, 1, 0, 0, 1, 0, 2, 0, 0, 0, 0, 0, 0, 0, 0, 0, 2, 0, 0, 0, 0, 0, 0, 0, 1, 1, 0, 1, 1, 0, 2, 2, 0, 0, 1, 0, 0, 0, 0, 1, 0, 0, 2, 2, 2, 0, 0, 0, 0, 0, 0, 0, 0, 0, 2, 2, 3, 0, 2, 1, 2, 1, 4, 3, 6, 5, 3, 3, 2, 2, 4, 3, 999, 0, 0, 0, 0, 0, 0]",4,14.533397915717046,-1,0
6123,"[1, 1, 0, 1, 0, 1, 0, 1, 0, 1, 0, 0, 1, 0, 2, 0, 0, 0, 0, 0, 0, 0, 0, 0, 2, 0, 0, 0, 0, 0, 0, 0, 1, 1, 0, 1, 1, 0, 2, 2, 0, 0, 1, 0, 0, 0, 0, 1, 0, 0, 2, 2, 2, 0, 0, 0, 0, 0, 0, 0, 0, 0, 2, 2, 3, 0, 2, 1, 2, 1, 4, 3, 6, 5, 3, 3, 2, 2, 4, 3, 999, 0, 0, 0, 0, 0, 0]",-1,-2.2928103321103655e-06,-1,1
6124,"[1, 1, 0, 1, 0, 1, 0, 1, 0, 1, 0, 0, 1, 0, 2, 0, 0, 0, 0, 0, 0, 0, 0, 0, 2, 0, 0, 0, 0, 0, 0, 0, 1, 1, 0, 1, 1, 0, 2, 2, 0, 0, 1, 0, 0, 0, 0, 1, 0, 0, 2, 2, 2, 0, 0, 0, 0, 0, 0, 0, 0, 0, 2, 2, 3, 0, 2, 1, 2, 1, 4, 3, 6, 5, 3, 3, 2, 2, 4, 5, 1000, 0, 0, 0, 0, 0, 0]",4,12.859467756914443,-1,1
6125,"[1, 1, 0, 1, 0, 1, 0, 1, 0, 1, 0, 0, 1, 0, 2, 0, 0, 0, 0, 0, 0, 0, 0, 0, 2, 0, 0, 0, 0, 0, 0, 0, 1, 1, 0, 1, 1, 0, 2, 2, 0, 0, 1, 0, 0, 0, 0, 1, 0, 0, 2, 2, 2, 0, 0, 0, 0, 0, 0, 0, 0, 0, 2, 2, 3, 0, 2, 1, 2, 1, 4, 3, 6, 5, 3, 3, 2, 2, 4, 5, 1000, 0, 0, 0, 0, 0, 0]",4,12.859467756914443,-1,0
