id,obs,action,reward,winner,current_player
0,"[3, 3, 1, 1, 4, 4, 2, 2, 0, 1, 0, 0, 0, 0, 0, 0, 0, 0, 0, 0, 0, 0, 0, 0, 0, 0, 0, 0, 0, 0, 0, 0, 0, 0, 0, 0, 0, 0, 0, 0, 0, 0, 0, 0, 0, 0, 0, 0, 0, 0, 0, 0, 0, 0, 0, 0, 0, 0, 0, 0, 0, 0, 0, 1, 0, 4, 3, 4, 0, 1, 2, 1, 2, 2, 3, 6, 4, 2, 1, 3, 0, 0, 0, 0, 0, 0, 0]",1,0.9889727918669887,-1,0
1,"[2, 2, 1, 1, 4, 4, 2, 2, 0, 1, 0, 0, 0, 0, 0, 0, 0, 0, 0, 0, 0, 0, 0, 0, 0, 0, 0, 0, 0, 0, 0, 0, 0, 0, 0, 0, 0, 0, 0, 0, 0, 0, 0, 0, 0, 0, 0, 1, 0, 0, 0, 0, 0, 0, 0, 0, 0, 0, 0, 0, 0, 0, 0, 1, 0, 4, 3, 4, 0, 1, 2, 1, 2, 2, 3, 6, 4, 2, 1, 3, 0, 0, 0, 0, 0, 0, 0]",15,0.4999329299739067,-1,0
2,"[2, 2, 1, 1, 3, 3, 1, 1, 0, 1, 0, 0, 2, 0, 0, 0, 0, 0, 0, 0, 0, 0, 0, 0, 0, 0, 0, 0, 0, 0, 0, 0, 0, 0, 0, 0, 0, 0, 0, 0, 0, 0, 0, 0, 0, 0, 0, 1, 0, 0, 0, 0, 0, 0, 0, 0, 0, 0, 0, 0, 0, 0, 0, 1, 1, 4, 3, 4, 0, 1, 2, 1, 2, 2, 3, 6, 4, 2, 1, 3, 0, 0, 0, 0, 0, 0, 0]",4,0.9889727918669887,-1,1
3,"[2, 2, 1, 1, 2, 2, 1, 1, 0, 1, 0, 0, 2, 0, 0, 0, 0, 0, 0, 0, 0, 0, 0, 0, 0, 0, 0, 0, 0, 0, 0, 0, 0, 0, 0, 0, 2, 0, 0, 0, 0, 0, 0, 0, 0, 0, 0, 1, 0, 0, 0, 0, 0, 0, 0, 0, 0, 0, 0, 0, 0, 0, 0, 1, 1, 4, 3, 4, 0, 1, 2, 1, 2, 2, 3, 6, 4, 2, 1, 3, 0, 0, 0, 0, 0, 0, 0]",4,0.4999329299739067,-1,1
4,"[2, 2, 1, 1, 1, 1, 0, 0, 0, 1, 0, 0, 2, 0, 0, 0, 0, 0, 0, 0, 0, 0, 2, 0, 0, 0, 0, 0, 0, 0, 0, 0, 0, 0, 0, 0, 2, 0, 0, 0, 0, 0, 0, 0, 0, 0, 0, 1, 0, 0, 0, 0, 0, 0, 0, 0, 0, 0, 0, 0, 0, 0, 0, 1, 2, 4, 3, 4, 0, 1, 2, 1, 2, 2, 3, 6, 4, 2, 1, 3, 0, 0, 0, 0, 0, 0, 0]",14,1.6519460376222421,-1,1
5,"[2, 2, 1, 1, 0, 0, 0, 0, 0, 1, 0, 0, 2, 0, 0, 0, 0, 0, 0, 0, 0, 0, 2, 0, 0, 0, 0, 0, 0, 0, 0, 0, 0, 0, 0, 2, 2, 0, 0, 0, 0, 0, 0, 0, 0, 0, 0, 1, 0, 0, 0, 0, 0, 0, 0, 0, 0, 0, 0, 0, 0, 0, 0, 1, 2, 4, 3, 4, 0, 1, 2, 1, 2, 2, 3, 6, 4, 2, 1, 3, 0, 0, 0, 0, 0, 0, 0]",3,0.6606892987397238,-1,1
6,"[1, 1, 0, 0, 0, 0, 0, 0, 0, 1, 0, 0, 2, 0, 0, 0, 1, 0, 0, 0, 0, 0, 2, 0, 0, 0, 0, 0, 0, 0, 0, 0, 0, 0, 0, 2, 2, 0, 0, 0, 0, 0, 0, 0, 0, 0, 0, 1, 0, 0, 0, 0, 0, 0, 0, 0, 0, 0, 0, 0, 0, 0, 0, 2, 2, 4, 3, 4, 0, 1, 2, 1, 2, 2, 3, 6, 4, 2, 1, 3, 0, 0, 0, 0, 0, 0, 0]",8,1.6519460376222421,-1,0
7,"[0, 0, 2, 0, 1, 1, 1, 1, 0, 1, 0, 0, 2, 0, 0, 0, 1, 0, 0, 0, 0, 0, 2, 0, 0, 0, 0, 0, 0, 0, 0, 0, 0, 0, 0, 2, 2, 0, 0, 0, 1, 0, 0, 0, 0, 0, 0, 1, 0, 0, 0, 0, 0, 0, 0, 0, 0, 0, 0, 0, 0, 0, 0, 2, 2, 4, 3, 4, 0, 1, 2, 1, 2, 2, 3, 6, 4, 2, 1, 3, 1, 0, 0, 0, 0, 0, 0]",8,0.499930193749578,-1,0
8,"[0, 0, 2, 0, 1, 1, 1, 1, 0, 1, 0, 0, 2, 0, 0, 0, 1, 0, 0, 0, 0, 0, 2, 0, 0, 0, 0, 0, 0, 0, 0, 0, 0, 0, 0, 2, 2, 0, 0, 0, 1, 0, 0, 0, 0, 0, 0, 1, 0, 0, 0, 0, 0, 0, 0, 0, 0, 0, 0, 0, 0, 0, 0, 2, 2, 4, 3, 4, 0, 1, 2, 1, 2, 2, 3, 6, 4, 2, 1, 3, 1, 0, 1, 0, 0, 0, 0]",2,0.599930193749578,-1,0
9,"[0, 0, 2, 0, 1, 1, 1, 1, 0, 1, 0, 0, 2, 0, 0, 0, 1, 0, 0, 0, 0, 0, 2, 0, 0, 0, 0, 0, 0, 0, 0, 0, 0, 0, 0, 2, 2, 0, 0, 0, 1, 0, 0, 0, 0, 0, 0, 1, 0, 0, 0, 0, 0, 0, 0, 0, 0, 0, 0, 0, 0, 0, 0, 2, 2, 4, 3, 4, 0, 1, 2, 1, 2, 2, 3, 6, 4, 2, 1, 3, 1, 0, 1, 0, 0, 1, 0]","[[0 0 1 0]
 [0 0 0 1]]",0.8503550588076689,-1,0
10,"[0, 0, 2, 0, 1, 1, 1, 1, 0, 1, 0, 0, 2, 0, 0, 0, 1, 0, 0, 0, 0, 0, 2, 0, 0, 0, 0, 0, 0, 0, 0, 0, 0, 0, 0, 2, 2, 0, 0, 0, 1, 0, 0, 0, 0, 0, 0, 1, 0, 0, 0, 0, 0, 0, 0, 0, 0, 0, 0, 0, 0, 0, 0, 2, 2, 4, 3, 4, 0, 1, 2, 1, 2, 2, 3, 6, 4, 2, 1, 3, 1, 0, 1, 0, 0, 0, 1]",2,-6.980625042201226e-05,-1,1
11,"[0, 0, 2, 0, 1, 1, 1, 1, 0, 1, 0, 0, 2, 0, 0, 0, 1, 0, 0, 0, 0, 0, 2, 0, 0, 0, 0, 0, 0, 0, 0, 0, 0, 0, 0, 2, 2, 0, 0, 0, 1, 0, 0, 0, 0, 0, 0, 1, 0, 0, 0, 0, 0, 0, 0, 0, 0, 0, 0, 0, 0, 0, 0, 2, 2, 4, 3, 4, 0, 1, 2, 1, 2, 2, 3, 6, 4, 2, 1, 3, 1, 0, 0, 0, 0, 0, 0]",-1,-0.049502491687458405,-1,1
12,"[0, 0, 3, 1, 1, 2, 2, 2, 0, 1, 0, 0, 2, 0, 0, 0, 1, 0, 0, 0, 0, 0, 2, 0, 0, 0, 0, 0, 0, 0, 0, 0, 0, 0, 0, 2, 2, 0, 0, 0, 1, 0, 0, 0, 0, 0, 0, 1, 0, 0, 0, 0, 0, 0, 0, 0, 0, 0, 0, 0, 0, 0, 0, 2, 2, 4, 3, 4, 0, 1, 2, 1, 2, 2, 3, 6, 4, 2, 1, 3, 2, 0, 0, 0, 0, 0, 0]",4,8.592406886585312,-1,0
13,"[0, 0, 3, 1, 1, 2, 2, 2, 0, 1, 0, 0, 2, 0, 0, 0, 1, 0, 0, 0, 0, 0, 2, 0, 0, 0, 0, 0, 0, 0, 0, 0, 0, 0, 0, 2, 2, 0, 0, 0, 1, 0, 0, 0, 0, 0, 0, 1, 0, 0, 0, 0, 0, 0, 0, 0, 0, 0, 0, 0, 0, 0, 0, 2, 2, 4, 3, 4, 0, 1, 2, 1, 2, 2, 3, 6, 4, 2, 1, 3, 2, 0, 0, 0, 0, 0, 0]",-1,-0.04900993366533776,-1,1
14,"[0, 0, 3, 1, 2, 2, 2, 2, 0, 1, 0, 0, 2, 0, 0, 0, 1, 0, 0, 0, 0, 0, 2, 0, 0, 0, 0, 0, 0, 0, 0, 0, 0, 0, 0, 2, 2, 0, 0, 0, 1, 0, 0, 0, 0, 0, 0, 1, 0, 0, 0, 0, 0, 0, 0, 0, 0, 0, 0, 0, 0, 0, 0, 2, 2, 4, 3, 4, 0, 1, 2, 1, 2, 2, 3, 6, 4, 2, 1, 3, 3, 0, 0, 0, 0, 0, 0]",4,9.89794424932055,-1,1
15,"[0, 0, 3, 1, 2, 2, 2, 2, 0, 1, 0, 0, 2, 0, 0, 0, 1, 0, 0, 0, 0, 0, 2, 0, 0, 0, 0, 0, 0, 0, 0, 0, 0, 0, 0, 2, 2, 0, 0, 0, 1, 0, 0, 0, 0, 0, 0, 1, 0, 0, 0, 0, 0, 0, 0, 0, 0, 0, 0, 0, 0, 0, 0, 2, 2, 4, 3, 4, 0, 1, 2, 1, 2, 2, 3, 6, 4, 2, 1, 3, 3, 1, 0, 0, 0, 0, 0]",3,0.3999243819898746,-1,0
16,"[0, 0, 1, 2, 2, 2, 2, 2, 0, 1, 0, 0, 2, 0, 0, 0, 1, 0, 0, 0, 0, 0, 2, 0, 0, 0, 0, 0, 0, 0, 0, 0, 0, 0, 0, 2, 2, 0, 0, 0, 1, 0, 0, 0, 0, 0, 0, 1, 0, 0, 0, 0, 0, 0, 0, 0, 0, 0, 0, 0, 0, 0, 0, 2, 2, 4, 3, 4, 0, 1, 2, 1, 2, 2, 3, 6, 4, 2, 1, 3, 3, 0, 0, 0, 0, 0, 0]","[[0 0 2 0]
 [0 0 0 1]]",0.0013820639009156457,-1,0
17,"[0, 0, 1, 2, 2, 2, 2, 2, 0, 1, 0, 0, 2, 0, 0, 0, 1, 0, 0, 0, 0, 0, 2, 0, 0, 0, 0, 0, 0, 0, 0, 0, 0, 0, 0, 2, 2, 0, 0, 0, 1, 0, 0, 0, 0, 0, 0, 1, 0, 0, 0, 0, 0, 0, 0, 0, 0, 0, 0, 0, 0, 0, 0, 2, 2, 4, 3, 4, 0, 1, 2, 1, 2, 2, 3, 6, 4, 2, 1, 3, 3, 0, 1, 0, 0, 0, 0]",2,0.5999243819898745,-1,0
18,"[0, 0, 1, 2, 2, 2, 2, 2, 0, 1, 0, 0, 2, 0, 0, 0, 1, 0, 0, 0, 0, 0, 2, 0, 0, 0, 0, 0, 0, 0, 0, 0, 0, 0, 0, 2, 2, 0, 0, 0, 1, 0, 0, 0, 0, 0, 0, 1, 0, 0, 0, 0, 0, 0, 0, 0, 0, 0, 0, 0, 0, 0, 0, 2, 2, 4, 3, 4, 0, 1, 2, 1, 2, 2, 3, 6, 4, 2, 1, 3, 3, 0, 1, 0, 0, 1, 0]","[[0 0 0 1]
 [1 0 0 0]]",0.8503492470479654,-1,0
19,"[0, 0, 1, 2, 2, 2, 2, 2, 0, 1, 0, 0, 2, 0, 0, 0, 1, 0, 0, 0, 0, 0, 2, 0, 0, 0, 0, 0, 0, 0, 0, 0, 0, 0, 0, 2, 2, 0, 0, 0, 1, 0, 0, 0, 0, 0, 0, 1, 0, 0, 0, 0, 0, 0, 0, 0, 0, 0, 0, 0, 0, 0, 0, 2, 2, 4, 3, 4, 0, 1, 2, 1, 2, 2, 3, 6, 4, 2, 1, 3, 3, 0, 1, 0, 0, 0, 1]",2,-7.56180101254076e-05,-1,1
20,"[0, 0, 1, 2, 2, 2, 2, 2, 0, 1, 0, 0, 2, 0, 0, 0, 1, 0, 0, 0, 0, 0, 2, 0, 0, 0, 0, 0, 0, 0, 0, 0, 0, 0, 0, 2, 2, 0, 0, 0, 1, 0, 0, 0, 0, 0, 0, 1, 0, 0, 0, 0, 0, 0, 0, 0, 0, 0, 0, 0, 0, 0, 0, 2, 2, 4, 3, 4, 0, 1, 2, 1, 2, 2, 3, 6, 4, 2, 1, 3, 3, 0, 0, 1, 0, 0, 0]","[[1 1 1 1]
 [0 0 1 1]]",-7.56180101254076e-05,-1,1
21,"[1, 1, 1, 2, 1, 1, 2, 2, 0, 1, 0, 0, 2, 0, 0, 0, 1, 0, 0, 0, 0, 0, 2, 0, 0, 0, 0, 0, 0, 0, 0, 0, 0, 0, 0, 2, 2, 0, 0, 0, 1, 0, 0, 0, 0, 0, 0, 1, 0, 0, 0, 0, 0, 0, 0, 0, 0, 0, 0, 0, 0, 0, 0, 2, 2, 4, 3, 4, 0, 1, 2, 1, 2, 2, 3, 6, 4, 2, 1, 3, 3, 0, 0, 0, 0, 0, 0]",0,-7.56180101254076e-05,-1,0
22,"[1, 1, 1, 2, 1, 1, 2, 2, 0, 1, 0, 0, 2, 0, 0, 0, 1, 0, 0, 0, 0, 0, 2, 0, 0, 0, 0, 0, 0, 0, 0, 0, 0, 0, 0, 2, 2, 0, 0, 0, 1, 0, 0, 0, 0, 0, 0, 1, 0, 0, 0, 0, 0, 0, 0, 0, 0, 0, 0, 0, 0, 0, 0, 2, 2, 4, 3, 4, 0, 1, 2, 1, 2, 2, 3, 6, 4, 2, 1, 3, 4, 0, 0, 0, 0, 0, 0]",4,9.343565069674932,-1,0
23,"[1, 1, 1, 1, 1, 1, 1, 1, 0, 1, 0, 0, 2, 0, 0, 0, 1, 0, 0, 0, 0, 0, 2, 0, 0, 0, 0, 0, 0, 0, 0, 0, 0, 0, 0, 2, 2, 0, 0, 0, 1, 0, 0, 0, 0, 0, 0, 1, 0, 0, 0, 0, 0, 0, 0, 0, 0, 0, 0, 0, 0, 0, 0, 2, 2, 4, 3, 4, 0, 1, 2, 1, 2, 2, 3, 6, 4, 2, 1, 2, 5, 0, 0, 0, 0, 0, 0]",4,9.895997030482237,-1,1
24,"[1, 1, 1, 1, 1, 1, 1, 1, 0, 1, 0, 0, 2, 0, 0, 0, 1, 0, 0, 0, 0, 0, 2, 0, 0, 0, 0, 0, 0, 0, 0, 0, 0, 0, 0, 2, 2, 0, 0, 0, 1, 0, 0, 0, 0, 0, 0, 1, 0, 0, 0, 0, 0, 0, 0, 0, 0, 0, 0, 0, 0, 0, 0, 2, 2, 4, 3, 4, 0, 1, 2, 1, 2, 2, 3, 6, 4, 2, 1, 2, 6, 0, 0, 0, 0, 0, 0]",4,9.895037687491474,-1,0
25,"[1, 1, 1, 1, 1, 1, 1, 1, 0, 1, 0, 0, 2, 0, 0, 0, 1, 0, 0, 0, 0, 0, 2, 0, 0, 0, 0, 0, 0, 0, 0, 0, 0, 0, 0, 2, 2, 0, 0, 0, 1, 0, 0, 0, 0, 0, 0, 1, 0, 0, 0, 0, 0, 0, 0, 0, 0, 0, 0, 0, 0, 0, 0, 2, 2, 4, 3, 4, 0, 1, 2, 1, 2, 2, 3, 6, 4, 2, 1, 2, 6, 0, 1, 0, 0, 0, 0]",2,0.599914745041401,-1,1
26,"[1, 1, 1, 1, 1, 1, 1, 1, 0, 1, 0, 0, 2, 0, 0, 0, 1, 0, 0, 0, 0, 0, 2, 0, 0, 0, 0, 0, 0, 0, 0, 0, 0, 0, 0, 2, 2, 0, 0, 0, 1, 0, 0, 0, 0, 0, 0, 1, 0, 0, 0, 0, 0, 0, 0, 0, 0, 0, 0, 0, 0, 0, 0, 2, 2, 4, 3, 4, 0, 1, 2, 1, 2, 2, 3, 6, 4, 2, 1, 2, 6, 0, 0, 0, 0, 0, 0]",-1,-0.04708822667921244,-1,1
27,"[1, 1, 1, 1, 2, 1, 1, 1, 0, 1, 0, 0, 2, 0, 0, 0, 1, 0, 0, 0, 0, 0, 2, 0, 0, 0, 0, 0, 0, 0, 0, 0, 0, 0, 0, 2, 2, 0, 0, 0, 1, 0, 0, 0, 0, 0, 0, 1, 0, 0, 0, 0, 0, 0, 0, 0, 0, 0, 0, 0, 0, 0, 0, 2, 2, 4, 3, 4, 0, 1, 2, 1, 2, 2, 3, 6, 4, 2, 1, 2, 7, 0, 0, 0, 0, 0, 0]",4,9.340686939767957,-1,1
28,"[1, 1, 1, 1, 2, 1, 1, 1, 0, 1, 0, 0, 2, 0, 0, 0, 1, 0, 0, 0, 0, 0, 2, 0, 0, 0, 0, 0, 0, 0, 0, 0, 0, 0, 0, 2, 2, 0, 0, 0, 1, 0, 0, 0, 0, 0, 0, 1, 0, 0, 0, 0, 0, 0, 0, 0, 0, 0, 0, 0, 0, 0, 0, 2, 2, 4, 3, 4, 0, 1, 2, 1, 2, 2, 3, 6, 4, 2, 1, 2, 7, 1, 0, 0, 0, 0, 0]",3,0.39991126726418513,-1,0
29,"[1, 1, 1, 1, 2, 1, 1, 1, 0, 1, 0, 0, 2, 0, 0, 0, 1, 0, 0, 0, 0, 0, 2, 0, 0, 0, 0, 0, 0, 0, 0, 0, 0, 0, 0, 2, 2, 0, 0, 0, 1, 0, 0, 0, 0, 0, 0, 1, 0, 0, 0, 0, 0, 0, 0, 0, 0, 0, 0, 0, 0, 0, 0, 2, 2, 4, 3, 4, 0, 1, 2, 1, 2, 2, 3, 6, 4, 2, 1, 2, 7, 0, 0, 0, 0, 0, 0]",-1,-0.04661969099529742,-1,0
30,"[1, 1, 1, 1, 2, 1, 1, 1, 0, 1, 0, 0, 2, 0, 0, 0, 1, 0, 0, 0, 0, 0, 2, 0, 0, 0, 0, 0, 0, 0, 0, 0, 0, 0, 0, 2, 2, 0, 0, 0, 1, 0, 0, 0, 0, 0, 0, 1, 0, 0, 0, 0, 0, 0, 0, 0, 0, 0, 0, 0, 0, 0, 0, 2, 2, 4, 3, 4, 0, 1, 2, 1, 2, 2, 3, 6, 4, 2, 1, 2, 7, 0, 1, 0, 0, 0, 0]",2,0.5999112672641851,-1,0
31,"[1, 1, 1, 1, 2, 1, 1, 1, 0, 1, 0, 0, 2, 0, 0, 0, 1, 0, 0, 0, 0, 0, 2, 0, 0, 0, 0, 0, 0, 0, 0, 0, 0, 0, 0, 2, 2, 0, 0, 0, 1, 0, 0, 0, 0, 0, 0, 1, 0, 0, 0, 0, 0, 0, 0, 0, 0, 0, 0, 0, 0, 0, 0, 2, 2, 4, 3, 4, 0, 1, 2, 1, 2, 2, 3, 6, 4, 2, 1, 2, 7, 0, 0, 0, 0, 0, 0]",-1,-0.04661969099529742,-1,0
32,"[1, 1, 1, 1, 2, 1, 1, 1, 0, 1, 0, 0, 2, 0, 0, 0, 1, 0, 0, 0, 0, 0, 2, 0, 0, 0, 0, 0, 0, 0, 0, 0, 0, 0, 0, 2, 2, 0, 0, 0, 1, 0, 0, 0, 0, 0, 0, 1, 0, 0, 0, 0, 0, 0, 0, 0, 0, 0, 0, 0, 0, 0, 0, 2, 2, 4, 3, 4, 0, 1, 2, 1, 2, 2, 3, 6, 4, 2, 1, 2, 8, 0, 0, 0, 0, 0, 0]",4,9.89314702967529,-1,0
33,"[1, 1, 1, 1, 2, 1, 1, 1, 0, 1, 0, 0, 2, 0, 0, 0, 1, 0, 0, 0, 0, 0, 2, 0, 0, 0, 0, 0, 0, 0, 0, 0, 0, 0, 0, 2, 2, 0, 0, 0, 1, 0, 0, 0, 0, 0, 0, 1, 0, 0, 0, 0, 0, 0, 0, 0, 0, 0, 0, 0, 0, 0, 0, 2, 2, 4, 3, 4, 0, 1, 2, 1, 2, 2, 3, 6, 4, 2, 1, 2, 8, 0, 0, 0, 0, 0, 0]",0,0.6260066813846362,-1,1
34,"[1, 1, 1, 1, 2, 1, 1, 1, 0, 1, 0, 0, 2, 0, 0, 0, 1, 0, 0, 0, 0, 0, 2, 0, 0, 0, 0, 0, 0, 0, 0, 0, 0, 0, 0, 2, 2, 0, 0, 0, 1, 0, 0, 0, 0, 0, 0, 1, 0, 0, 0, 0, 0, 0, 0, 0, 0, 0, 0, 0, 0, 0, 0, 2, 2, 4, 3, 4, 0, 1, 2, 1, 2, 2, 3, 6, 4, 2, 1, 2, 8, 0, 0, 0, 0, 0, 0]",-1,-0.04615581731933179,-1,1
35,"[1, 1, 1, 1, 2, 1, 1, 1, 0, 1, 0, 0, 2, 0, 0, 0, 1, 0, 0, 0, 0, 0, 2, 0, 0, 0, 0, 0, 0, 0, 0, 0, 0, 0, 0, 2, 2, 0, 0, 0, 1, 0, 0, 0, 0, 0, 0, 1, 0, 0, 0, 0, 0, 0, 0, 0, 0, 0, 0, 0, 0, 0, 0, 2, 2, 4, 3, 4, 0, 1, 2, 1, 2, 2, 3, 6, 4, 2, 1, 2, 9, 0, 0, 0, 0, 0, 0]",4,9.338814734310576,-1,1
36,"[1, 1, 1, 1, 2, 1, 1, 1, 0, 1, 0, 0, 2, 0, 0, 0, 1, 0, 0, 0, 0, 0, 2, 0, 0, 0, 0, 0, 0, 0, 0, 0, 0, 0, 0, 2, 2, 0, 0, 0, 1, 0, 0, 0, 0, 0, 0, 1, 0, 0, 0, 0, 0, 0, 0, 0, 0, 0, 0, 0, 0, 0, 0, 2, 2, 4, 3, 4, 0, 1, 2, 1, 2, 2, 3, 6, 4, 2, 1, 2, 9, 1, 0, 0, 0, 0, 0]",3,0.39990388052656595,-1,0
37,"[1, 1, 1, 1, 2, 1, 1, 1, 0, 1, 0, 0, 2, 0, 0, 0, 1, 0, 0, 0, 0, 0, 2, 0, 0, 0, 0, 0, 0, 0, 0, 0, 0, 0, 0, 2, 2, 0, 0, 0, 1, 0, 0, 0, 0, 0, 0, 1, 0, 0, 0, 0, 0, 0, 0, 0, 0, 0, 0, 0, 0, 0, 0, 2, 2, 4, 3, 4, 0, 1, 2, 1, 2, 2, 3, 6, 4, 2, 1, 2, 9, 0, 0, 0, 0, 0, 0]",-1,-0.04569655926356141,-1,0
38,"[1, 1, 1, 1, 2, 1, 1, 1, 0, 1, 0, 0, 2, 0, 0, 0, 1, 0, 0, 0, 0, 0, 2, 0, 0, 0, 0, 0, 0, 0, 0, 0, 0, 0, 0, 2, 2, 0, 0, 0, 1, 0, 0, 0, 0, 0, 0, 1, 0, 0, 0, 0, 0, 0, 0, 0, 0, 0, 0, 0, 0, 0, 0, 2, 2, 4, 3, 4, 0, 1, 2, 1, 2, 2, 3, 6, 4, 2, 1, 2, 10, 0, 0, 0, 0, 0, 0]",4,9.891293078305708,-1,0
39,"[1, 1, 1, 1, 2, 1, 1, 1, 0, 1, 0, 0, 2, 0, 0, 0, 1, 0, 0, 0, 0, 0, 2, 0, 0, 0, 0, 0, 0, 0, 0, 0, 0, 0, 0, 2, 2, 0, 0, 0, 1, 0, 0, 0, 0, 0, 0, 1, 0, 0, 0, 0, 0, 0, 0, 0, 0, 0, 0, 0, 0, 0, 0, 2, 2, 4, 3, 4, 0, 1, 2, 1, 2, 2, 3, 6, 4, 2, 1, 2, 10, 0, 0, 0, 0, 0, 0]",1,0.8095240748782008,-1,1
40,"[1, 1, 1, 1, 2, 1, 1, 1, 0, 1, 0, 0, 2, 0, 0, 0, 1, 0, 0, 0, 0, 0, 2, 0, 0, 0, 0, 0, 0, 0, 0, 0, 0, 0, 0, 2, 2, 0, 0, 0, 1, 0, 0, 0, 0, 0, 0, 1, 0, 0, 0, 0, 0, 0, 0, 0, 0, 0, 0, 0, 0, 0, 0, 2, 2, 4, 3, 4, 0, 1, 2, 1, 2, 2, 3, 6, 4, 2, 1, 2, 10, 0, 0, 0, 0, 0, 0]",-1,-0.04524187090179798,-1,1
41,"[1, 1, 1, 1, 2, 1, 1, 1, 0, 1, 0, 0, 2, 0, 0, 0, 1, 0, 0, 0, 0, 0, 2, 0, 0, 0, 0, 0, 0, 0, 0, 0, 0, 0, 0, 2, 2, 0, 0, 0, 1, 0, 0, 0, 0, 0, 0, 1, 0, 0, 0, 0, 0, 0, 0, 0, 0, 0, 0, 0, 0, 0, 0, 2, 2, 4, 3, 4, 0, 1, 2, 1, 2, 2, 3, 6, 4, 2, 1, 2, 11, 0, 0, 0, 0, 0, 0]",4,9.33697884013412,-1,1
42,"[1, 1, 1, 1, 2, 1, 1, 1, 0, 1, 0, 0, 2, 0, 0, 0, 1, 0, 0, 0, 0, 0, 2, 0, 0, 0, 0, 0, 0, 0, 0, 0, 0, 0, 0, 2, 2, 0, 0, 0, 1, 0, 0, 0, 0, 0, 0, 1, 0, 0, 0, 0, 0, 0, 0, 0, 0, 0, 0, 0, 0, 0, 0, 2, 2, 4, 3, 4, 0, 1, 2, 1, 2, 2, 3, 6, 4, 2, 1, 2, 12, 0, 0, 0, 0, 0, 0]",4,9.889475045766178,-1,0
43,"[1, 1, 1, 1, 2, 1, 1, 1, 0, 1, 0, 0, 2, 0, 0, 0, 1, 0, 0, 0, 0, 0, 2, 0, 0, 0, 0, 0, 0, 0, 0, 0, 0, 0, 0, 2, 2, 0, 0, 0, 1, 0, 0, 0, 0, 0, 0, 1, 0, 0, 0, 0, 0, 0, 0, 0, 0, 0, 0, 0, 0, 0, 0, 2, 2, 4, 3, 4, 0, 1, 2, 1, 2, 2, 3, 6, 4, 2, 1, 2, 12, 0, 0, 0, 0, 0, 0]",0,0.6259906659364656,-1,1
44,"[1, 1, 1, 1, 2, 1, 1, 1, 0, 1, 0, 0, 2, 0, 0, 0, 1, 0, 0, 0, 0, 0, 2, 0, 0, 0, 0, 0, 0, 0, 0, 0, 0, 0, 0, 2, 2, 0, 0, 0, 1, 0, 0, 0, 0, 0, 0, 1, 0, 0, 0, 0, 0, 0, 0, 0, 0, 0, 0, 0, 0, 0, 0, 2, 2, 4, 3, 4, 0, 1, 2, 1, 2, 2, 3, 6, 4, 2, 1, 2, 12, 0, 0, 0, 0, 0, 0]",-1,-0.044346021835857875,-1,1
45,"[1, 1, 1, 1, 3, 1, 1, 1, 0, 1, 0, 0, 2, 0, 0, 0, 1, 0, 0, 0, 0, 0, 2, 0, 0, 0, 0, 0, 0, 0, 0, 0, 0, 0, 0, 2, 2, 0, 0, 0, 1, 0, 0, 0, 0, 0, 0, 1, 0, 0, 0, 0, 0, 0, 0, 0, 0, 0, 0, 0, 0, 0, 0, 2, 2, 4, 3, 4, 0, 1, 2, 1, 2, 2, 3, 6, 4, 2, 1, 2, 13, 0, 0, 0, 0, 0, 0]",4,9.004775098940573,-1,1
46,"[1, 1, 1, 1, 3, 1, 1, 1, 0, 1, 0, 0, 2, 0, 0, 0, 1, 0, 0, 0, 0, 0, 2, 0, 0, 0, 0, 0, 0, 0, 0, 0, 0, 0, 0, 2, 2, 0, 0, 0, 1, 0, 0, 0, 0, 0, 0, 1, 0, 0, 0, 0, 0, 0, 0, 0, 0, 0, 0, 0, 0, 0, 0, 2, 2, 4, 3, 4, 0, 1, 2, 1, 2, 2, 3, 6, 4, 2, 1, 2, 13, 0, 0, 0, 0, 0, 0]",1,0.8095113272578783,-1,0
47,"[0, 0, 0, 0, 3, 1, 1, 1, 0, 1, 0, 0, 2, 0, 1, 0, 1, 0, 0, 0, 0, 0, 2, 0, 0, 0, 0, 0, 0, 0, 0, 0, 0, 0, 0, 2, 2, 0, 0, 0, 1, 0, 0, 0, 0, 0, 0, 1, 0, 0, 0, 0, 0, 0, 0, 0, 0, 0, 0, 0, 0, 0, 0, 3, 2, 4, 3, 4, 0, 1, 2, 1, 2, 2, 3, 6, 4, 2, 1, 2, 13, 0, 0, 0, 0, 0, 0]",6,5.362971243088323,-1,0
48,"[0, 0, 0, 0, 4, 1, 1, 1, 0, 1, 0, 0, 2, 0, 1, 0, 1, 0, 0, 0, 0, 0, 2, 0, 0, 0, 0, 0, 0, 0, 0, 0, 0, 0, 0, 2, 2, 0, 0, 0, 1, 0, 0, 0, 0, 0, 0, 1, 0, 0, 0, 0, 0, 0, 0, 0, 0, 0, 0, 0, 0, 0, 0, 3, 2, 4, 3, 4, 0, 1, 2, 1, 2, 2, 3, 6, 4, 2, 1, 2, 14, 0, 0, 0, 0, 0, 0]",4,11.567692154992839,-1,0
49,"[0, 0, 0, 0, 4, 1, 1, 1, 0, 1, 0, 0, 2, 0, 1, 0, 1, 0, 0, 0, 0, 0, 2, 0, 0, 0, 0, 0, 0, 0, 0, 0, 0, 0, 0, 2, 2, 0, 0, 0, 1, 0, 0, 0, 0, 0, 0, 1, 0, 0, 0, 0, 0, 0, 0, 0, 0, 0, 0, 0, 0, 0, 0, 3, 2, 4, 3, 4, 0, 1, 2, 1, 2, 2, 3, 6, 4, 2, 1, 2, 14, 1, 0, 0, 0, 0, 0]",3,0.39988261190078384,-1,1
50,"[0, 0, 0, 0, 4, 1, 1, 1, 0, 1, 0, 0, 2, 0, 1, 0, 1, 0, 0, 0, 0, 0, 2, 0, 0, 0, 0, 0, 0, 0, 0, 0, 0, 0, 0, 2, 2, 0, 0, 0, 1, 0, 0, 0, 0, 0, 0, 1, 0, 0, 0, 0, 0, 0, 0, 0, 0, 0, 0, 0, 0, 0, 0, 3, 2, 4, 3, 4, 0, 1, 2, 1, 2, 2, 3, 6, 4, 2, 1, 2, 14, 0, 0, 0, 0, 0, 0]",-1,-0.0434679117699403,-1,1
51,"[0, 0, 0, 0, 4, 1, 1, 1, 0, 1, 0, 0, 2, 0, 1, 0, 1, 0, 0, 0, 0, 0, 2, 0, 0, 0, 0, 0, 0, 0, 0, 0, 0, 0, 0, 2, 2, 0, 0, 0, 1, 0, 0, 0, 0, 0, 0, 1, 0, 0, 0, 0, 0, 0, 0, 0, 0, 0, 0, 0, 0, 0, 0, 3, 2, 4, 3, 4, 0, 1, 2, 1, 2, 2, 3, 6, 4, 2, 1, 2, 15, 0, 0, 0, 0, 0, 0]",4,8.797743102350129,-1,1
52,"[0, 0, 0, 0, 4, 1, 1, 1, 0, 1, 0, 0, 2, 0, 1, 0, 1, 0, 0, 0, 0, 0, 2, 0, 0, 0, 0, 0, 0, 0, 0, 0, 0, 0, 0, 2, 2, 0, 0, 0, 1, 0, 0, 0, 0, 0, 0, 1, 0, 0, 0, 0, 0, 0, 0, 0, 0, 0, 0, 0, 0, 0, 0, 3, 2, 4, 3, 4, 0, 1, 2, 1, 2, 2, 3, 6, 4, 2, 1, 2, 15, 1, 0, 0, 0, 0, 0]",3,0.3998778241281131,-1,0
53,"[0, 0, 0, 0, 4, 1, 1, 1, 0, 1, 0, 0, 2, 0, 1, 0, 1, 0, 0, 0, 0, 0, 2, 0, 0, 0, 0, 0, 0, 0, 0, 0, 0, 0, 0, 2, 2, 0, 0, 0, 1, 0, 0, 0, 0, 0, 0, 1, 0, 0, 0, 0, 0, 0, 0, 0, 0, 0, 0, 0, 0, 0, 0, 3, 2, 4, 3, 4, 0, 1, 2, 1, 2, 2, 3, 6, 4, 2, 1, 2, 15, 0, 0, 0, 0, 0, 0]",-1,-0.043035398821252895,-1,0
54,"[0, 0, 0, 0, 4, 1, 1, 1, 0, 1, 0, 0, 2, 0, 1, 0, 1, 0, 0, 0, 0, 0, 2, 0, 0, 0, 0, 0, 0, 0, 0, 0, 0, 0, 0, 2, 2, 0, 0, 0, 1, 0, 0, 0, 0, 0, 0, 1, 0, 0, 0, 0, 0, 0, 0, 0, 0, 0, 0, 0, 0, 0, 0, 3, 2, 4, 3, 4, 0, 1, 2, 1, 2, 2, 3, 6, 4, 2, 1, 2, 15, 0, 1, 0, 0, 0, 0]",2,0.5998778241281131,-1,0
55,"[0, 0, 0, 0, 4, 1, 1, 1, 0, 1, 0, 0, 2, 0, 1, 0, 1, 0, 0, 0, 0, 0, 2, 0, 0, 0, 0, 0, 0, 0, 0, 0, 0, 0, 0, 2, 2, 0, 0, 0, 1, 0, 0, 0, 0, 0, 0, 1, 0, 0, 0, 0, 0, 0, 0, 0, 0, 0, 0, 0, 0, 0, 0, 3, 2, 4, 3, 4, 0, 1, 2, 1, 2, 2, 3, 6, 4, 2, 1, 2, 15, 0, 0, 0, 0, 0, 0]",-1,-0.043035398821252895,-1,0
56,"[0, 0, 0, 0, 4, 1, 1, 1, 0, 1, 0, 0, 2, 0, 1, 0, 1, 0, 0, 0, 0, 0, 2, 0, 0, 0, 0, 0, 0, 0, 0, 0, 0, 0, 0, 2, 2, 0, 0, 0, 1, 0, 0, 0, 0, 0, 0, 1, 0, 0, 0, 0, 0, 0, 0, 0, 0, 0, 0, 0, 0, 0, 0, 3, 2, 4, 3, 4, 0, 1, 2, 1, 2, 2, 3, 6, 4, 2, 1, 2, 15, 1, 0, 0, 0, 0, 0]",3,0.3998778241281131,-1,0
57,"[0, 0, 0, 0, 4, 1, 1, 1, 0, 1, 0, 0, 2, 0, 1, 0, 1, 0, 0, 0, 0, 0, 2, 0, 0, 0, 0, 0, 0, 0, 0, 0, 0, 0, 0, 2, 2, 0, 0, 0, 1, 0, 0, 0, 0, 0, 0, 1, 0, 0, 0, 0, 0, 0, 0, 0, 0, 0, 0, 0, 0, 0, 0, 3, 2, 4, 3, 4, 0, 1, 2, 1, 2, 2, 3, 6, 4, 2, 1, 2, 15, 0, 0, 0, 0, 0, 0]",-1,-0.043035398821252895,-1,0
58,"[0, 0, 0, 0, 4, 1, 1, 1, 0, 1, 0, 0, 2, 0, 1, 0, 1, 0, 0, 0, 0, 0, 2, 0, 0, 0, 0, 0, 0, 0, 0, 0, 0, 0, 0, 2, 2, 0, 0, 0, 1, 0, 0, 0, 0, 0, 0, 1, 0, 0, 0, 0, 0, 0, 0, 0, 0, 0, 0, 0, 0, 0, 0, 3, 2, 4, 3, 4, 0, 1, 2, 1, 2, 2, 3, 6, 4, 2, 1, 2, 16, 0, 0, 0, 0, 0, 0]",4,11.565943638848825,-1,0
59,"[0, 0, 0, 0, 4, 1, 1, 1, 0, 1, 0, 0, 2, 0, 1, 0, 1, 0, 0, 0, 0, 0, 2, 0, 0, 0, 0, 0, 0, 0, 0, 0, 0, 0, 0, 2, 2, 0, 0, 0, 1, 0, 0, 0, 0, 0, 0, 1, 0, 0, 0, 0, 0, 0, 0, 0, 0, 0, 0, 0, 0, 0, 0, 3, 2, 4, 3, 4, 0, 1, 2, 1, 2, 2, 3, 6, 4, 2, 1, 2, 16, 0, 0, 0, 0, 0, 0]",0,0.6259718749062619,-1,1
60,"[0, 0, 0, 0, 4, 1, 1, 1, 0, 1, 0, 0, 2, 0, 1, 0, 1, 0, 0, 0, 0, 0, 2, 0, 0, 0, 0, 0, 0, 0, 0, 0, 0, 0, 0, 2, 2, 0, 0, 0, 1, 0, 0, 0, 0, 0, 0, 1, 0, 0, 0, 0, 0, 0, 0, 0, 0, 0, 0, 0, 0, 0, 0, 3, 2, 4, 3, 4, 0, 1, 2, 1, 2, 2, 3, 6, 4, 2, 1, 2, 16, 0, 0, 0, 0, 0, 0]",-1,-0.04260718944831057,-1,1
61,"[0, 0, 0, 0, 4, 1, 1, 1, 0, 1, 0, 0, 2, 0, 1, 0, 1, 0, 0, 0, 0, 0, 2, 0, 0, 0, 0, 0, 0, 0, 0, 0, 0, 0, 0, 2, 2, 0, 0, 0, 1, 0, 0, 0, 0, 0, 0, 1, 0, 0, 0, 0, 0, 0, 0, 0, 0, 0, 0, 0, 0, 0, 0, 3, 2, 4, 3, 4, 0, 1, 2, 1, 2, 2, 3, 6, 4, 2, 1, 2, 17, 0, 0, 0, 0, 0, 0]",4,8.796011488770246,-1,1
62,"[0, 0, 0, 0, 4, 1, 1, 1, 0, 1, 0, 0, 2, 0, 1, 0, 1, 0, 0, 0, 0, 0, 2, 0, 0, 0, 0, 0, 0, 0, 0, 0, 0, 0, 0, 2, 2, 0, 0, 0, 1, 0, 0, 0, 0, 0, 0, 1, 0, 0, 0, 0, 0, 0, 0, 0, 0, 0, 0, 0, 0, 0, 0, 3, 2, 4, 3, 4, 0, 1, 2, 1, 2, 2, 3, 6, 4, 2, 1, 2, 17, 0, 1, 0, 0, 0, 0]",2,0.5998676551914885,-1,0
63,"[0, 0, 0, 0, 4, 1, 1, 1, 0, 1, 0, 0, 2, 0, 1, 0, 1, 0, 0, 0, 0, 0, 2, 0, 0, 0, 0, 0, 0, 0, 0, 0, 0, 0, 0, 2, 2, 0, 0, 0, 1, 0, 0, 0, 0, 0, 0, 1, 0, 0, 0, 0, 0, 0, 0, 0, 0, 0, 0, 0, 0, 0, 0, 3, 2, 4, 3, 4, 0, 1, 2, 1, 2, 2, 3, 6, 4, 2, 1, 2, 17, 0, 0, 0, 0, 0, 0]",-1,-0.04218324082981919,-1,0
64,"[0, 0, 0, 0, 4, 1, 1, 1, 0, 1, 0, 0, 2, 0, 1, 0, 1, 0, 0, 0, 0, 0, 2, 0, 0, 0, 0, 0, 0, 0, 0, 0, 0, 0, 0, 2, 2, 0, 0, 0, 1, 0, 0, 0, 0, 0, 0, 1, 0, 0, 0, 0, 0, 0, 0, 0, 0, 0, 0, 0, 0, 0, 0, 3, 2, 4, 3, 4, 0, 1, 2, 1, 2, 2, 3, 6, 4, 2, 1, 2, 17, 1, 0, 0, 0, 0, 0]",3,0.3998676551914886,-1,0
65,"[0, 0, 0, 0, 4, 1, 1, 1, 0, 1, 0, 0, 2, 0, 1, 0, 1, 0, 0, 0, 0, 0, 2, 0, 0, 0, 0, 0, 0, 0, 0, 0, 0, 0, 0, 2, 2, 0, 0, 0, 1, 0, 0, 0, 0, 0, 0, 1, 0, 0, 0, 0, 0, 0, 0, 0, 0, 0, 0, 0, 0, 0, 0, 3, 2, 4, 3, 4, 0, 1, 2, 1, 2, 2, 3, 6, 4, 2, 1, 2, 17, 0, 0, 0, 0, 0, 0]",-1,-0.04218324082981919,-1,0
66,"[0, 0, 0, 0, 4, 1, 1, 1, 0, 1, 0, 0, 2, 0, 1, 0, 1, 0, 0, 0, 0, 0, 2, 0, 0, 0, 0, 0, 0, 0, 0, 0, 0, 0, 0, 2, 2, 0, 0, 0, 1, 0, 0, 0, 0, 0, 0, 1, 0, 0, 0, 0, 0, 0, 0, 0, 0, 0, 0, 0, 0, 0, 0, 3, 2, 4, 3, 4, 0, 1, 2, 1, 2, 2, 3, 6, 4, 2, 1, 2, 17, 1, 0, 0, 0, 0, 0]",3,0.3998676551914886,-1,0
67,"[0, 0, 0, 0, 4, 1, 1, 1, 0, 1, 0, 0, 2, 0, 1, 0, 1, 0, 0, 0, 0, 0, 2, 0, 0, 0, 0, 0, 0, 0, 0, 0, 0, 0, 0, 2, 2, 0, 0, 0, 1, 0, 0, 0, 0, 0, 0, 1, 0, 0, 0, 0, 0, 0, 0, 0, 0, 0, 0, 0, 0, 0, 0, 3, 2, 4, 3, 4, 0, 1, 2, 1, 2, 2, 3, 6, 4, 2, 1, 2, 17, 0, 0, 0, 0, 0, 0]",-1,-0.04218324082981919,-1,0
68,"[0, 0, 0, 0, 4, 1, 1, 1, 0, 1, 0, 0, 2, 0, 1, 0, 1, 0, 0, 0, 0, 0, 2, 0, 0, 0, 0, 0, 0, 0, 0, 0, 0, 0, 0, 2, 2, 0, 0, 0, 1, 0, 0, 0, 0, 0, 0, 1, 0, 0, 0, 0, 0, 0, 0, 0, 0, 0, 0, 0, 0, 0, 0, 3, 2, 4, 3, 4, 0, 1, 2, 1, 2, 2, 3, 6, 4, 2, 1, 2, 17, 1, 0, 0, 0, 0, 0]",3,0.3998676551914886,-1,0
69,"[0, 0, 0, 0, 4, 1, 1, 1, 0, 1, 0, 0, 2, 0, 1, 0, 1, 0, 0, 0, 0, 0, 2, 0, 0, 0, 0, 0, 0, 0, 0, 0, 0, 0, 0, 2, 2, 0, 0, 0, 1, 0, 0, 0, 0, 0, 0, 1, 0, 0, 0, 0, 0, 0, 0, 0, 0, 0, 0, 0, 0, 0, 0, 3, 2, 4, 3, 4, 0, 1, 2, 1, 2, 2, 3, 6, 4, 2, 1, 2, 17, 0, 0, 0, 0, 0, 0]",-1,-0.04218324082981919,-1,0
70,"[0, 0, 0, 0, 4, 1, 1, 1, 0, 1, 0, 0, 2, 0, 1, 0, 1, 0, 0, 0, 0, 0, 2, 0, 0, 0, 0, 0, 0, 0, 0, 0, 0, 0, 0, 2, 2, 0, 0, 0, 1, 0, 0, 0, 0, 0, 0, 1, 0, 0, 0, 0, 0, 0, 0, 0, 0, 0, 0, 0, 0, 0, 0, 3, 2, 4, 3, 4, 0, 1, 2, 1, 2, 2, 3, 6, 4, 2, 1, 2, 17, 0, 1, 0, 0, 0, 0]",2,0.5998676551914885,-1,0
71,"[0, 0, 0, 0, 4, 1, 1, 1, 0, 1, 0, 0, 2, 0, 1, 0, 1, 0, 0, 0, 0, 0, 2, 0, 0, 0, 0, 0, 0, 0, 0, 0, 0, 0, 0, 2, 2, 0, 0, 0, 1, 0, 0, 0, 0, 0, 0, 1, 0, 0, 0, 0, 0, 0, 0, 0, 0, 0, 0, 0, 0, 0, 0, 3, 2, 4, 3, 4, 0, 1, 2, 1, 2, 2, 3, 6, 4, 2, 1, 2, 17, 0, 0, 0, 0, 0, 0]",-1,-0.04218324082981919,-1,0
72,"[0, 0, 1, 2, 4, 2, 2, 2, 0, 1, 0, 0, 2, 0, 1, 0, 1, 0, 0, 0, 0, 0, 2, 0, 0, 0, 0, 0, 0, 0, 0, 0, 0, 0, 0, 2, 2, 0, 0, 0, 1, 0, 0, 0, 0, 0, 0, 1, 0, 0, 0, 0, 0, 0, 0, 0, 0, 0, 0, 0, 0, 0, 0, 3, 2, 4, 3, 4, 0, 1, 2, 1, 2, 2, 3, 6, 4, 2, 1, 2, 18, 0, 0, 0, 0, 0, 0]",4,10.419897381296805,-1,0
73,"[0, 0, 1, 2, 4, 2, 2, 2, 0, 1, 0, 0, 2, 0, 1, 0, 1, 0, 0, 0, 0, 0, 2, 0, 0, 0, 0, 0, 0, 0, 0, 0, 0, 0, 0, 2, 2, 0, 0, 0, 1, 0, 0, 0, 0, 0, 0, 1, 0, 0, 0, 0, 0, 0, 0, 0, 0, 0, 0, 0, 0, 0, 0, 3, 2, 4, 3, 4, 0, 1, 2, 1, 2, 2, 3, 6, 4, 2, 1, 2, 18, 0, 1, 0, 0, 0, 0]",2,0.5998622578171853,-1,1
74,"[0, 0, 1, 2, 4, 2, 2, 2, 0, 1, 0, 0, 2, 0, 1, 0, 1, 0, 0, 0, 0, 0, 2, 0, 0, 0, 0, 0, 0, 0, 0, 0, 0, 0, 0, 2, 2, 0, 0, 0, 1, 0, 0, 0, 0, 0, 0, 1, 0, 0, 0, 0, 0, 0, 0, 0, 0, 0, 0, 0, 0, 0, 0, 3, 2, 4, 3, 4, 0, 1, 2, 1, 2, 2, 3, 6, 4, 2, 1, 2, 18, 0, 1, 0, 0, 1, 0]","[[2 1 1 1]
 [0 0 1 1]]",0.0031227056982148535,-1,1
75,"[0, 0, 1, 2, 4, 2, 2, 2, 0, 1, 0, 0, 2, 0, 1, 0, 1, 0, 0, 0, 0, 0, 2, 0, 0, 0, 0, 0, 0, 0, 0, 0, 0, 0, 0, 2, 2, 0, 0, 0, 1, 0, 0, 0, 0, 0, 0, 1, 0, 0, 0, 0, 0, 0, 0, 0, 0, 0, 0, 0, 0, 0, 0, 3, 2, 4, 3, 4, 0, 1, 2, 1, 2, 2, 3, 6, 4, 2, 1, 2, 18, 0, 1, 0, 0, 0, 1]",2,-0.00013774218281465125,-1,0
76,"[0, 0, 1, 2, 4, 2, 2, 2, 0, 1, 0, 0, 2, 0, 1, 0, 1, 0, 0, 0, 0, 0, 2, 0, 0, 0, 0, 0, 0, 0, 0, 0, 0, 0, 0, 2, 2, 0, 0, 0, 1, 0, 0, 0, 0, 0, 0, 1, 0, 0, 0, 0, 0, 0, 0, 0, 0, 0, 0, 0, 0, 0, 0, 3, 2, 4, 3, 4, 0, 1, 2, 1, 2, 2, 3, 6, 4, 2, 1, 2, 18, 0, 0, 1, 0, 0, 0]","[[0 0 0 1]
 [1 0 0 0]]",-0.00013774218281465125,-1,0
77,"[1, 0, 1, 1, 3, 2, 2, 3, 0, 1, 0, 0, 2, 0, 1, 0, 1, 0, 0, 0, 0, 0, 2, 0, 0, 0, 0, 0, 0, 0, 0, 0, 0, 0, 0, 2, 2, 0, 0, 0, 1, 0, 0, 0, 0, 0, 0, 1, 0, 0, 0, 0, 0, 0, 0, 0, 0, 0, 0, 0, 0, 0, 0, 3, 2, 4, 3, 4, 0, 1, 2, 1, 2, 2, 3, 6, 4, 2, 1, 2, 18, 0, 0, 0, 0, 0, 0]",0,-0.00013774218281465125,-1,1
78,"[1, 0, 1, 1, 3, 2, 2, 3, 0, 1, 0, 0, 2, 0, 1, 0, 1, 0, 0, 0, 0, 0, 2, 0, 0, 0, 0, 0, 0, 0, 0, 0, 0, 0, 0, 2, 2, 0, 0, 0, 1, 0, 0, 0, 0, 0, 0, 1, 0, 0, 0, 0, 0, 0, 0, 0, 0, 0, 0, 0, 0, 0, 0, 3, 2, 4, 3, 4, 0, 1, 2, 1, 2, 2, 3, 6, 4, 2, 1, 2, 18, 0, 1, 0, 0, 0, 0]",2,0.5998622578171853,-1,1
79,"[1, 0, 1, 1, 3, 2, 2, 3, 0, 1, 0, 0, 2, 0, 1, 0, 1, 0, 0, 0, 0, 0, 2, 0, 0, 0, 0, 0, 0, 0, 0, 0, 0, 0, 0, 2, 2, 0, 0, 0, 1, 0, 0, 0, 0, 0, 0, 1, 0, 0, 0, 0, 0, 0, 0, 0, 0, 0, 0, 0, 0, 0, 0, 3, 2, 4, 3, 4, 0, 1, 2, 1, 2, 2, 3, 6, 4, 2, 1, 2, 18, 0, 0, 0, 0, 0, 0]",-1,-0.0417635105705636,-1,1
80,"[1, 0, 1, 1, 4, 2, 2, 3, 0, 1, 0, 0, 2, 0, 1, 0, 1, 0, 0, 0, 0, 0, 2, 0, 0, 0, 0, 0, 0, 0, 0, 0, 0, 0, 0, 2, 2, 0, 0, 0, 1, 0, 0, 0, 0, 0, 0, 1, 0, 0, 0, 0, 0, 0, 0, 0, 0, 0, 0, 0, 0, 0, 0, 3, 2, 4, 3, 4, 0, 1, 2, 1, 2, 2, 3, 6, 4, 2, 1, 2, 19, 0, 0, 0, 0, 0, 0]",4,9.149779831659947,-1,1
81,"[1, 0, 1, 1, 4, 2, 2, 3, 0, 1, 0, 0, 2, 0, 1, 0, 1, 0, 0, 0, 0, 0, 2, 0, 0, 0, 0, 0, 0, 0, 0, 0, 0, 0, 0, 2, 2, 0, 0, 0, 1, 0, 0, 0, 0, 0, 0, 1, 0, 0, 0, 0, 0, 0, 0, 0, 0, 0, 0, 0, 0, 0, 0, 3, 2, 4, 3, 4, 0, 1, 2, 1, 2, 2, 3, 6, 4, 2, 1, 2, 19, 1, 0, 0, 0, 0, 0]",3,0.39985664048144676,-1,0
82,"[1, 0, 1, 1, 4, 2, 2, 3, 0, 1, 0, 0, 2, 0, 1, 0, 1, 0, 0, 0, 0, 0, 2, 0, 0, 0, 0, 0, 0, 0, 0, 0, 0, 0, 0, 2, 2, 0, 0, 0, 1, 0, 0, 0, 0, 0, 0, 1, 0, 0, 0, 0, 0, 0, 0, 0, 0, 0, 0, 0, 0, 0, 0, 3, 2, 4, 3, 4, 0, 1, 2, 1, 2, 2, 3, 6, 4, 2, 1, 2, 19, 0, 0, 0, 0, 0, 0]",-1,-0.04134795669716812,-1,0
83,"[1, 0, 1, 1, 4, 2, 2, 3, 0, 1, 0, 0, 2, 0, 1, 0, 1, 0, 0, 0, 0, 0, 2, 0, 0, 0, 0, 0, 0, 0, 0, 0, 0, 0, 0, 2, 2, 0, 0, 0, 1, 0, 0, 0, 0, 0, 0, 1, 0, 0, 0, 0, 0, 0, 0, 0, 0, 0, 0, 0, 0, 0, 0, 3, 2, 4, 3, 4, 0, 1, 2, 1, 2, 2, 3, 6, 4, 2, 1, 2, 19, 1, 0, 0, 0, 0, 0]",3,0.39985664048144676,-1,0
84,"[1, 0, 1, 1, 4, 2, 2, 3, 0, 1, 0, 0, 2, 0, 1, 0, 1, 0, 0, 0, 0, 0, 2, 0, 0, 0, 0, 0, 0, 0, 0, 0, 0, 0, 0, 2, 2, 0, 0, 0, 1, 0, 0, 0, 0, 0, 0, 1, 0, 0, 0, 0, 0, 0, 0, 0, 0, 0, 0, 0, 0, 0, 0, 3, 2, 4, 3, 4, 0, 1, 2, 1, 2, 2, 3, 6, 4, 2, 1, 2, 19, 0, 0, 0, 0, 0, 0]",-1,-0.04134795669716812,-1,0
85,"[1, 0, 1, 1, 4, 2, 2, 3, 0, 1, 0, 0, 2, 0, 1, 0, 1, 0, 0, 0, 0, 0, 2, 0, 0, 0, 0, 0, 0, 0, 0, 0, 0, 0, 0, 2, 2, 0, 0, 0, 1, 0, 0, 0, 0, 0, 0, 1, 0, 0, 0, 0, 0, 0, 0, 0, 0, 0, 0, 0, 0, 0, 0, 3, 2, 4, 3, 4, 0, 1, 2, 1, 2, 2, 3, 6, 4, 2, 1, 2, 19, 1, 0, 0, 0, 0, 0]",3,0.39985664048144676,-1,0
86,"[1, 0, 1, 1, 4, 2, 2, 3, 0, 1, 0, 0, 2, 0, 1, 0, 1, 0, 0, 0, 0, 0, 2, 0, 0, 0, 0, 0, 0, 0, 0, 0, 0, 0, 0, 2, 2, 0, 0, 0, 1, 0, 0, 0, 0, 0, 0, 1, 0, 0, 0, 0, 0, 0, 0, 0, 0, 0, 0, 0, 0, 0, 0, 3, 2, 4, 3, 4, 0, 1, 2, 1, 2, 2, 3, 6, 4, 2, 1, 2, 19, 0, 0, 0, 0, 0, 0]",-1,-0.04134795669716812,-1,0
87,"[1, 0, 1, 1, 4, 2, 2, 3, 0, 1, 0, 0, 2, 0, 1, 0, 1, 0, 0, 0, 0, 0, 2, 0, 0, 0, 0, 0, 0, 0, 0, 0, 0, 0, 0, 2, 2, 0, 0, 0, 1, 0, 0, 0, 0, 0, 0, 1, 0, 0, 0, 0, 0, 0, 0, 0, 0, 0, 0, 0, 0, 0, 0, 3, 2, 4, 3, 4, 0, 1, 2, 1, 2, 2, 3, 6, 4, 2, 1, 2, 19, 1, 0, 0, 0, 0, 0]",3,0.39985664048144676,-1,0
88,"[1, 0, 1, 1, 4, 2, 2, 3, 0, 1, 0, 0, 2, 0, 1, 0, 1, 0, 0, 0, 0, 0, 2, 0, 0, 0, 0, 0, 0, 0, 0, 0, 0, 0, 0, 2, 2, 0, 0, 0, 1, 0, 0, 0, 0, 0, 0, 1, 0, 0, 0, 0, 0, 0, 0, 0, 0, 0, 0, 0, 0, 0, 0, 3, 2, 4, 3, 4, 0, 1, 2, 1, 2, 2, 3, 6, 4, 2, 1, 2, 19, 0, 0, 0, 0, 0, 0]",-1,-0.04134795669716812,-1,0
89,"[1, 0, 1, 1, 4, 2, 2, 3, 0, 1, 0, 0, 2, 0, 1, 0, 1, 0, 0, 0, 0, 0, 2, 0, 0, 0, 0, 0, 0, 0, 0, 0, 0, 0, 0, 2, 2, 0, 0, 0, 1, 0, 0, 0, 0, 0, 0, 1, 0, 0, 0, 0, 0, 0, 0, 0, 0, 0, 0, 0, 0, 0, 0, 3, 2, 4, 3, 4, 0, 1, 2, 1, 2, 2, 3, 6, 4, 2, 1, 2, 19, 1, 0, 0, 0, 0, 0]",3,0.39985664048144676,-1,0
90,"[1, 0, 1, 1, 4, 2, 2, 3, 0, 1, 0, 0, 2, 0, 1, 0, 1, 0, 0, 0, 0, 0, 2, 0, 0, 0, 0, 0, 0, 0, 0, 0, 0, 0, 0, 2, 2, 0, 0, 0, 1, 0, 0, 0, 0, 0, 0, 1, 0, 0, 0, 0, 0, 0, 0, 0, 0, 0, 0, 0, 0, 0, 0, 3, 2, 4, 3, 4, 0, 1, 2, 1, 2, 2, 3, 6, 4, 2, 1, 2, 19, 0, 0, 0, 0, 0, 0]",-1,-0.04134795669716812,-1,0
91,"[1, 0, 1, 1, 5, 2, 2, 3, 0, 1, 0, 0, 2, 0, 1, 0, 1, 0, 0, 0, 0, 0, 2, 0, 0, 0, 0, 0, 0, 0, 0, 0, 0, 0, 0, 2, 2, 0, 0, 0, 1, 0, 0, 0, 0, 0, 0, 1, 0, 0, 0, 0, 0, 0, 0, 0, 0, 0, 0, 0, 0, 0, 0, 3, 2, 4, 3, 4, 0, 1, 2, 1, 2, 2, 3, 6, 4, 2, 1, 2, 20, 0, 0, 0, 0, 0, 0]",4,10.895939991637691,-1,0
92,"[1, 0, 2, 3, 5, 3, 3, 4, 0, 1, 0, 0, 2, 0, 1, 0, 1, 0, 0, 0, 0, 0, 2, 0, 0, 0, 0, 0, 0, 0, 0, 0, 0, 0, 0, 2, 2, 0, 0, 0, 1, 0, 0, 0, 0, 0, 0, 1, 0, 0, 0, 0, 0, 0, 0, 0, 0, 0, 0, 0, 0, 0, 0, 3, 2, 4, 3, 4, 0, 1, 2, 1, 2, 2, 3, 6, 4, 2, 1, 2, 21, 0, 0, 0, 0, 0, 0]",4,9.193454006919723,-1,1
93,"[1, 0, 2, 3, 5, 3, 3, 4, 0, 1, 0, 0, 2, 0, 1, 0, 1, 0, 0, 0, 0, 0, 2, 0, 0, 0, 0, 0, 0, 0, 0, 0, 0, 0, 0, 2, 2, 0, 0, 0, 1, 0, 0, 0, 0, 0, 0, 1, 0, 0, 0, 0, 0, 0, 0, 0, 0, 0, 0, 0, 0, 0, 0, 3, 2, 4, 3, 4, 0, 1, 2, 1, 2, 2, 3, 6, 4, 2, 1, 2, 21, 1, 0, 0, 0, 0, 0]",3,0.39984470975834585,-1,0
94,"[1, 1, 0, 3, 5, 3, 3, 4, 0, 1, 0, 0, 2, 0, 1, 0, 1, 0, 0, 0, 0, 0, 2, 0, 0, 0, 0, 0, 0, 0, 0, 0, 0, 0, 0, 2, 2, 0, 0, 0, 1, 0, 0, 0, 0, 0, 0, 1, 0, 0, 0, 0, 0, 0, 0, 0, 0, 0, 0, 0, 0, 0, 0, 3, 2, 4, 3, 4, 0, 1, 2, 1, 2, 2, 3, 6, 4, 2, 1, 2, 21, 0, 0, 0, 0, 0, 0]","[[0 0 2 0]
 [0 1 0 0]]",0.0013023916693868846,-1,0
95,"[1, 1, 0, 3, 5, 3, 3, 4, 0, 1, 0, 0, 2, 0, 1, 0, 1, 0, 0, 0, 0, 0, 2, 0, 0, 0, 0, 0, 0, 0, 0, 0, 0, 0, 0, 2, 2, 0, 0, 0, 1, 0, 0, 0, 0, 0, 0, 1, 0, 0, 0, 0, 0, 0, 0, 0, 0, 0, 0, 0, 0, 0, 0, 3, 2, 4, 3, 4, 0, 1, 2, 1, 2, 2, 3, 6, 4, 2, 1, 2, 21, 1, 0, 0, 0, 0, 0]",3,0.39984470975834585,-1,0
96,"[1, 2, 0, 1, 5, 3, 3, 4, 0, 1, 0, 0, 2, 0, 1, 0, 1, 0, 0, 0, 0, 0, 2, 0, 0, 0, 0, 0, 0, 0, 0, 0, 0, 0, 0, 2, 2, 0, 0, 0, 1, 0, 0, 0, 0, 0, 0, 1, 0, 0, 0, 0, 0, 0, 0, 0, 0, 0, 0, 0, 0, 0, 0, 3, 2, 4, 3, 4, 0, 1, 2, 1, 2, 2, 3, 6, 4, 2, 1, 2, 21, 0, 0, 0, 0, 0, 0]","[[0 0 0 2]
 [0 1 0 0]]",0.0013023916693868846,-1,0
97,"[1, 2, 0, 1, 5, 3, 3, 4, 0, 1, 0, 0, 2, 0, 1, 0, 1, 0, 0, 0, 0, 0, 2, 0, 0, 0, 0, 0, 0, 0, 0, 0, 0, 0, 0, 2, 2, 0, 0, 0, 1, 0, 0, 0, 0, 0, 0, 1, 0, 0, 0, 0, 0, 0, 0, 0, 0, 0, 0, 0, 0, 0, 0, 3, 2, 4, 3, 4, 0, 1, 2, 1, 2, 2, 3, 6, 4, 2, 1, 2, 21, 0, 1, 0, 0, 0, 0]",2,0.5998447097583458,-1,0
98,"[1, 2, 0, 1, 5, 3, 3, 4, 0, 1, 0, 0, 2, 0, 1, 0, 1, 0, 0, 0, 0, 0, 2, 0, 0, 0, 0, 0, 0, 0, 0, 0, 0, 0, 0, 2, 2, 0, 0, 0, 1, 0, 0, 0, 0, 0, 0, 1, 0, 0, 0, 0, 0, 0, 0, 0, 0, 0, 0, 0, 0, 0, 0, 3, 2, 4, 3, 4, 0, 1, 2, 1, 2, 2, 3, 6, 4, 2, 1, 2, 21, 0, 1, 0, 0, 1, 0]","[[0 0 0 1]
 [0 0 1 0]]",0.8502695748164367,-1,0
99,"[1, 2, 0, 1, 5, 3, 3, 4, 0, 1, 0, 0, 2, 0, 1, 0, 1, 0, 0, 0, 0, 0, 2, 0, 0, 0, 0, 0, 0, 0, 0, 0, 0, 0, 0, 2, 2, 0, 0, 0, 1, 0, 0, 0, 0, 0, 0, 1, 0, 0, 0, 0, 0, 0, 0, 0, 0, 0, 0, 0, 0, 0, 0, 3, 2, 4, 3, 4, 0, 1, 2, 1, 2, 2, 3, 6, 4, 2, 1, 2, 21, 0, 0, 0, 0, 0, 0]",1,-0.0001552902416541687,-1,1
100,"[1, 2, 0, 1, 5, 3, 3, 4, 0, 1, 0, 0, 2, 0, 1, 0, 1, 0, 0, 0, 0, 0, 2, 0, 0, 0, 0, 0, 0, 0, 0, 0, 0, 0, 0, 2, 2, 0, 0, 0, 1, 0, 0, 0, 0, 0, 0, 1, 0, 0, 0, 0, 0, 0, 0, 0, 0, 0, 0, 0, 0, 0, 0, 3, 2, 4, 3, 4, 0, 1, 2, 1, 2, 2, 3, 6, 4, 2, 1, 2, 21, 0, 0, 0, 0, 0, 0]",0,0.6259437434582868,-1,0
101,"[0, 1, 0, 1, 5, 3, 3, 4, 0, 1, 0, 0, 2, 0, 1, 0, 1, 0, 0, 0, 0, 0, 2, 0, 0, 0, 0, 0, 0, 0, 0, 0, 0, 0, 0, 2, 2, 0, 0, 1, 1, 0, 0, 0, 0, 0, 0, 1, 0, 0, 0, 0, 0, 0, 0, 0, 0, 0, 0, 0, 0, 0, 0, 3, 2, 4, 3, 4, 0, 1, 2, 1, 2, 2, 3, 6, 4, 2, 1, 2, 21, 0, 0, 0, 0, 0, 0]",7,0.49984470975834583,-1,0
102,"[1, 1, 0, 1, 5, 3, 3, 4, 0, 1, 0, 0, 2, 0, 1, 0, 1, 0, 0, 0, 0, 0, 2, 0, 0, 0, 0, 0, 0, 0, 0, 0, 0, 0, 0, 2, 2, 0, 0, 1, 1, 0, 0, 0, 0, 0, 0, 1, 0, 0, 0, 0, 0, 0, 0, 0, 0, 0, 0, 0, 0, 0, 0, 3, 2, 4, 3, 4, 0, 1, 2, 1, 2, 2, 3, 6, 4, 2, 1, 2, 22, 0, 0, 0, 0, 0, 0]",4,12.154290085971931,-1,0
103,"[1, 1, 0, 1, 5, 3, 3, 4, 0, 1, 0, 0, 2, 0, 1, 0, 1, 0, 0, 0, 0, 0, 2, 0, 0, 0, 0, 0, 0, 0, 0, 0, 0, 0, 0, 2, 2, 0, 0, 1, 1, 0, 0, 0, 0, 0, 0, 1, 0, 0, 0, 0, 0, 0, 0, 0, 0, 0, 0, 0, 0, 0, 0, 3, 2, 4, 3, 4, 0, 1, 2, 1, 2, 2, 3, 6, 4, 2, 1, 2, 22, 0, 0, 0, 0, 0, 0]",0,0.6259374110647298,-1,1
104,"[1, 1, 0, 1, 5, 3, 3, 4, 0, 1, 0, 0, 2, 0, 1, 0, 1, 0, 0, 0, 0, 0, 2, 0, 0, 0, 0, 0, 0, 0, 0, 0, 0, 0, 0, 2, 2, 0, 0, 1, 1, 0, 0, 0, 0, 0, 0, 1, 0, 0, 0, 0, 0, 0, 0, 0, 0, 0, 0, 0, 0, 0, 0, 3, 2, 4, 3, 4, 0, 1, 2, 1, 2, 2, 3, 6, 4, 2, 1, 2, 22, 0, 0, 0, 0, 0, 0]",-1,-0.04012593989812393,-1,1
105,"[1, 1, 0, 1, 5, 3, 3, 4, 0, 1, 0, 0, 2, 0, 1, 0, 1, 0, 0, 0, 0, 0, 2, 0, 0, 0, 0, 0, 0, 0, 0, 0, 0, 0, 0, 2, 2, 0, 0, 1, 1, 0, 0, 0, 0, 0, 0, 1, 0, 0, 0, 0, 0, 0, 0, 0, 0, 0, 0, 0, 0, 0, 0, 3, 2, 4, 3, 4, 0, 1, 2, 1, 2, 2, 3, 6, 4, 2, 1, 2, 22, 1, 0, 0, 0, 0, 0]",3,0.3998383773647888,-1,0
106,"[1, 1, 0, 1, 5, 3, 3, 4, 0, 1, 0, 0, 2, 0, 1, 0, 1, 0, 0, 0, 0, 0, 2, 0, 0, 0, 0, 0, 0, 0, 0, 0, 0, 0, 0, 2, 2, 0, 0, 1, 1, 0, 0, 0, 0, 0, 0, 1, 0, 0, 0, 0, 0, 0, 0, 0, 0, 0, 0, 0, 0, 0, 0, 3, 2, 4, 3, 4, 0, 1, 2, 1, 2, 2, 3, 6, 4, 2, 1, 2, 22, 0, 0, 0, 0, 0, 0]",-1,-0.04012593989812393,-1,0
107,"[1, 1, 0, 1, 5, 3, 3, 4, 0, 1, 0, 0, 2, 0, 1, 0, 1, 0, 0, 0, 0, 0, 2, 0, 0, 0, 0, 0, 0, 0, 0, 0, 0, 0, 0, 2, 2, 0, 0, 1, 1, 0, 0, 0, 0, 0, 0, 1, 0, 0, 0, 0, 0, 0, 0, 0, 0, 0, 0, 0, 0, 0, 0, 3, 2, 4, 3, 4, 0, 1, 2, 1, 2, 2, 3, 6, 4, 2, 1, 2, 22, 0, 1, 0, 0, 0, 0]",2,0.5998383773647887,-1,0
108,"[1, 1, 0, 1, 5, 3, 3, 4, 0, 1, 0, 0, 2, 0, 1, 0, 1, 0, 0, 0, 0, 0, 2, 0, 0, 0, 0, 0, 0, 0, 0, 0, 0, 0, 0, 2, 2, 0, 0, 1, 1, 0, 0, 0, 0, 0, 0, 1, 0, 0, 0, 0, 0, 0, 0, 0, 0, 0, 0, 0, 0, 0, 0, 3, 2, 4, 3, 4, 0, 1, 2, 1, 2, 2, 3, 6, 4, 2, 1, 2, 22, 0, 1, 0, 0, 1, 0]","[[1 0 0 0]
 [0 0 1 0]]",0.8502632424228797,-1,0
109,"[1, 1, 0, 1, 5, 3, 3, 4, 0, 1, 0, 0, 2, 0, 1, 0, 1, 0, 0, 0, 0, 0, 2, 0, 0, 0, 0, 0, 0, 0, 0, 0, 0, 0, 0, 2, 2, 0, 0, 1, 1, 0, 0, 0, 0, 0, 0, 1, 0, 0, 0, 0, 0, 0, 0, 0, 0, 0, 0, 0, 0, 0, 0, 3, 2, 4, 3, 4, 0, 1, 2, 1, 2, 2, 3, 6, 4, 2, 1, 2, 22, 0, 1, 0, 0, 0, 1]",2,-0.00016162263521123438,-1,1
110,"[1, 1, 0, 1, 5, 3, 3, 4, 0, 1, 0, 0, 2, 0, 1, 0, 1, 0, 0, 0, 0, 0, 2, 0, 0, 0, 0, 0, 0, 0, 0, 0, 0, 0, 0, 2, 2, 0, 0, 1, 1, 0, 0, 0, 0, 0, 0, 1, 0, 0, 0, 0, 0, 0, 0, 0, 0, 0, 0, 0, 0, 0, 0, 3, 2, 4, 3, 4, 0, 1, 2, 1, 2, 2, 3, 6, 4, 2, 1, 2, 22, 0, 0, 1, 0, 0, 0]","[[2 1 1 1]
 [1 1 0 1]]",-0.00016162263521123438,-1,1
111,"[1, 1, 0, 1, 5, 3, 3, 4, 0, 1, 0, 0, 2, 0, 1, 0, 1, 0, 0, 0, 0, 0, 2, 0, 0, 0, 0, 0, 0, 0, 0, 0, 0, 0, 0, 2, 2, 0, 0, 1, 1, 0, 0, 0, 0, 0, 0, 1, 0, 0, 0, 0, 0, 0, 0, 0, 0, 0, 0, 0, 0, 0, 0, 3, 2, 4, 3, 4, 0, 1, 2, 1, 2, 2, 3, 6, 4, 2, 1, 2, 22, 0, 0, 0, 0, 0, 0]",1,-0.30016162263521123,-1,0
112,"[1, 1, 0, 1, 5, 3, 3, 4, 0, 1, 0, 0, 2, 0, 1, 0, 1, 0, 0, 0, 0, 0, 2, 0, 0, 0, 0, 0, 0, 0, 0, 0, 0, 0, 0, 2, 2, 0, 0, 1, 1, 0, 0, 0, 0, 0, 0, 1, 0, 0, 0, 0, 0, 0, 0, 0, 0, 0, 0, 0, 0, 0, 0, 3, 2, 4, 3, 4, 0, 1, 2, 1, 2, 2, 3, 6, 4, 2, 1, 2, 22, 0, 1, 0, 0, 0, 0]",2,0.5998383773647887,-1,0
113,"[1, 1, 0, 1, 5, 3, 3, 4, 0, 1, 0, 0, 2, 0, 1, 0, 1, 0, 0, 0, 0, 0, 2, 0, 0, 0, 0, 0, 0, 0, 0, 0, 0, 0, 0, 2, 2, 0, 0, 1, 1, 0, 0, 0, 0, 0, 0, 1, 0, 0, 0, 0, 0, 0, 0, 0, 0, 0, 0, 0, 0, 0, 0, 3, 2, 4, 3, 4, 0, 1, 2, 1, 2, 2, 3, 6, 4, 2, 1, 2, 22, 0, 1, 0, 0, 1, 0]","[[0 1 0 0]
 [0 0 1 0]]",0.8502632424228797,-1,0
114,"[1, 0, 1, 1, 5, 4, 2, 4, 0, 1, 0, 0, 2, 0, 1, 0, 1, 0, 0, 0, 0, 0, 2, 0, 0, 0, 0, 0, 0, 0, 0, 0, 0, 0, 0, 2, 2, 0, 0, 1, 1, 0, 0, 0, 0, 0, 0, 1, 0, 0, 0, 0, 0, 0, 0, 0, 0, 0, 0, 0, 0, 0, 0, 3, 2, 4, 3, 4, 0, 1, 2, 1, 2, 2, 3, 6, 4, 2, 1, 2, 22, 0, 0, 0, 0, 0, 0]",0,-0.00016162263521123438,-1,1
115,"[1, 0, 1, 1, 5, 4, 2, 4, 0, 1, 0, 0, 2, 0, 1, 0, 1, 0, 0, 0, 0, 0, 2, 0, 0, 0, 0, 0, 0, 0, 0, 0, 0, 0, 0, 2, 2, 0, 0, 1, 1, 0, 0, 0, 0, 0, 0, 1, 0, 0, 0, 0, 0, 0, 0, 0, 0, 0, 0, 0, 0, 0, 0, 3, 2, 4, 3, 4, 0, 1, 2, 1, 2, 2, 3, 6, 4, 2, 1, 2, 22, 0, 1, 0, 0, 0, 0]",2,0.5998383773647887,-1,0
116,"[1, 0, 1, 1, 5, 4, 2, 4, 0, 1, 0, 0, 2, 0, 1, 0, 1, 0, 0, 0, 0, 0, 2, 0, 0, 0, 0, 0, 0, 0, 0, 0, 0, 0, 0, 2, 2, 0, 0, 1, 1, 0, 0, 0, 0, 0, 0, 1, 0, 0, 0, 0, 0, 0, 0, 0, 0, 0, 0, 0, 0, 0, 0, 3, 2, 4, 3, 4, 0, 1, 2, 1, 2, 2, 3, 6, 4, 2, 1, 2, 22, 0, 1, 0, 0, 1, 0]","[[0 0 1 0]
 [1 0 0 0]]",0.8502632424228797,-1,0
117,"[2, 0, 0, 1, 4, 4, 3, 4, 0, 1, 0, 0, 2, 0, 1, 0, 1, 0, 0, 0, 0, 0, 2, 0, 0, 0, 0, 0, 0, 0, 0, 0, 0, 0, 0, 2, 2, 0, 0, 1, 1, 0, 0, 0, 0, 0, 0, 1, 0, 0, 0, 0, 0, 0, 0, 0, 0, 0, 0, 0, 0, 0, 0, 3, 2, 4, 3, 4, 0, 1, 2, 1, 2, 2, 3, 6, 4, 2, 1, 2, 22, 0, 0, 0, 0, 0, 0]",0,-0.00016162263521123438,-1,1
118,"[1, 0, 0, 1, 2, 2, 1, 2, 0, 1, 0, 0, 2, 0, 1, 0, 1, 0, 0, 0, 0, 0, 2, 0, 0, 0, 0, 0, 0, 0, 0, 0, 0, 0, 0, 2, 2, 0, 0, 1, 1, 0, 0, 0, 0, 0, 0, 1, 0, 0, 0, 0, 0, 0, 0, 0, 0, 0, 0, 0, 0, 0, 0, 3, 2, 4, 3, 4, 0, 1, 2, 1, 2, 2, 3, 6, 4, 2, 1, 6, 23, 0, 0, 0, 0, 0, 0]",4,11.87954683805756,-1,0
119,"[1, 0, 0, 1, 2, 2, 1, 2, 0, 1, 0, 0, 2, 0, 1, 0, 1, 0, 0, 0, 0, 0, 2, 0, 0, 0, 0, 0, 0, 0, 0, 0, 0, 0, 0, 2, 2, 0, 0, 1, 1, 0, 0, 0, 0, 0, 0, 1, 0, 0, 0, 0, 0, 0, 0, 0, 0, 0, 0, 0, 0, 0, 0, 3, 2, 4, 3, 4, 0, 1, 2, 1, 2, 2, 3, 6, 4, 2, 1, 6, 23, 0, 0, 0, 0, 0, 0]",-1,-0.039726680125166704,-1,1
120,"[1, 0, 0, 1, 2, 2, 1, 2, 0, 1, 0, 0, 2, 0, 1, 0, 1, 0, 0, 0, 0, 0, 2, 0, 0, 0, 0, 0, 0, 0, 0, 0, 0, 0, 0, 2, 2, 0, 0, 1, 1, 0, 0, 0, 0, 0, 0, 1, 0, 0, 0, 0, 0, 0, 0, 0, 0, 0, 0, 0, 0, 0, 0, 3, 2, 4, 3, 4, 0, 1, 2, 1, 2, 2, 3, 6, 4, 2, 1, 6, 23, 1, 0, 0, 0, 0, 0]",3,0.39983178696753824,-1,0
121,"[1, 0, 0, 1, 2, 2, 1, 2, 0, 1, 0, 0, 2, 0, 1, 0, 1, 0, 0, 0, 0, 0, 2, 0, 0, 0, 0, 0, 0, 0, 0, 0, 0, 0, 0, 2, 2, 0, 0, 1, 1, 0, 0, 0, 0, 0, 0, 1, 0, 0, 0, 0, 0, 0, 0, 0, 0, 0, 0, 0, 0, 0, 0, 3, 2, 4, 3, 4, 0, 1, 2, 1, 2, 2, 3, 6, 4, 2, 1, 6, 23, 0, 0, 0, 0, 0, 0]",-1,-0.039726680125166704,-1,0
122,"[1, 0, 0, 1, 2, 2, 1, 2, 0, 1, 0, 0, 2, 0, 1, 0, 1, 0, 0, 0, 0, 0, 2, 0, 0, 0, 0, 0, 0, 0, 0, 0, 0, 0, 0, 2, 2, 0, 0, 1, 1, 0, 0, 0, 0, 0, 0, 1, 0, 0, 0, 0, 0, 0, 0, 0, 0, 0, 0, 0, 0, 0, 0, 3, 2, 4, 3, 4, 0, 1, 2, 1, 2, 2, 3, 6, 4, 2, 1, 6, 24, 0, 0, 0, 0, 0, 0]",4,11.878741459616823,-1,0
123,"[1, 0, 1, 1, 2, 2, 1, 2, 0, 1, 0, 0, 2, 0, 1, 0, 1, 0, 0, 0, 0, 0, 2, 0, 0, 0, 0, 0, 0, 0, 0, 0, 0, 0, 0, 2, 2, 0, 0, 1, 1, 0, 0, 0, 0, 0, 0, 1, 0, 0, 0, 0, 0, 0, 0, 0, 0, 0, 0, 0, 0, 0, 0, 3, 2, 4, 3, 4, 0, 1, 2, 1, 2, 2, 3, 6, 4, 2, 1, 6, 25, 0, 0, 0, 0, 0, 0]",4,9.377093332777953,-1,1
124,"[1, 0, 1, 1, 2, 2, 1, 2, 0, 1, 0, 0, 2, 0, 1, 0, 1, 0, 0, 0, 0, 0, 2, 0, 0, 0, 0, 0, 0, 0, 0, 0, 0, 0, 0, 2, 2, 0, 0, 1, 1, 0, 0, 0, 0, 0, 0, 1, 0, 0, 0, 0, 0, 0, 0, 0, 0, 0, 0, 0, 0, 0, 0, 3, 2, 4, 3, 4, 0, 1, 2, 1, 2, 2, 3, 6, 4, 2, 1, 6, 26, 0, 0, 0, 0, 0, 0]",4,12.151083722988393,-1,0
125,"[1, 0, 2, 3, 2, 3, 2, 3, 0, 1, 0, 0, 2, 0, 1, 0, 1, 0, 0, 0, 0, 0, 2, 0, 0, 0, 0, 0, 0, 0, 0, 0, 0, 0, 0, 2, 2, 0, 0, 1, 1, 0, 0, 0, 0, 0, 0, 1, 0, 0, 0, 0, 0, 0, 0, 0, 0, 0, 0, 0, 0, 0, 0, 3, 2, 4, 3, 4, 0, 1, 2, 1, 2, 2, 3, 6, 4, 2, 1, 6, 27, 0, 0, 0, 0, 0, 0]",4,9.320986343470416,-1,1
126,"[1, 0, 3, 5, 2, 4, 3, 4, 0, 1, 0, 0, 2, 0, 1, 0, 1, 0, 0, 0, 0, 0, 2, 0, 0, 0, 0, 0, 0, 0, 0, 0, 0, 0, 0, 2, 2, 0, 0, 1, 1, 0, 0, 0, 0, 0, 0, 1, 0, 0, 0, 0, 0, 0, 0, 0, 0, 0, 0, 0, 0, 0, 0, 3, 2, 4, 3, 4, 0, 1, 2, 1, 2, 2, 3, 6, 4, 2, 1, 6, 28, 0, 0, 0, 0, 0, 0]",4,11.574494683123591,-1,0
127,"[1, 0, 3, 5, 2, 4, 3, 4, 0, 1, 0, 0, 2, 0, 1, 0, 1, 0, 0, 0, 0, 0, 2, 0, 0, 0, 0, 0, 0, 0, 0, 0, 0, 0, 0, 2, 2, 0, 0, 1, 1, 0, 0, 0, 0, 0, 0, 1, 0, 0, 0, 0, 0, 0, 0, 0, 0, 0, 0, 0, 0, 0, 0, 3, 2, 4, 3, 4, 0, 1, 2, 1, 2, 2, 3, 6, 4, 2, 1, 6, 29, 0, 0, 0, 0, 0, 0]",4,9.167814364146992,-1,1
128,"[1, 0, 3, 5, 2, 4, 3, 4, 0, 1, 0, 0, 2, 0, 1, 0, 1, 0, 0, 0, 0, 0, 2, 0, 0, 0, 0, 0, 0, 0, 0, 0, 0, 0, 0, 2, 2, 0, 0, 1, 1, 0, 0, 0, 0, 0, 0, 1, 0, 0, 0, 0, 0, 0, 0, 0, 0, 0, 0, 0, 0, 0, 0, 3, 2, 4, 3, 4, 0, 1, 2, 1, 2, 2, 3, 6, 4, 2, 1, 6, 29, 0, 1, 0, 0, 0, 0]",2,0.5997862080995116,-1,0
129,"[1, 0, 3, 5, 2, 4, 3, 4, 0, 1, 0, 0, 2, 0, 1, 0, 1, 0, 0, 0, 0, 0, 2, 0, 0, 0, 0, 0, 0, 0, 0, 0, 0, 0, 0, 2, 2, 0, 0, 1, 1, 0, 0, 0, 0, 0, 0, 1, 0, 0, 0, 0, 0, 0, 0, 0, 0, 0, 0, 0, 0, 0, 0, 3, 2, 4, 3, 4, 0, 1, 2, 1, 2, 2, 3, 6, 4, 2, 1, 6, 29, 0, 1, 0, 0, 1, 0]","[[0 0 1 0]
 [1 0 0 0]]",0.8502110731576025,-1,0
130,"[1, 0, 3, 5, 2, 4, 3, 4, 0, 1, 0, 0, 2, 0, 1, 0, 1, 0, 0, 0, 0, 0, 2, 0, 0, 0, 0, 0, 0, 0, 0, 0, 0, 0, 0, 2, 2, 0, 0, 1, 1, 0, 0, 0, 0, 0, 0, 1, 0, 0, 0, 0, 0, 0, 0, 0, 0, 0, 0, 0, 0, 0, 0, 3, 2, 4, 3, 4, 0, 1, 2, 1, 2, 2, 3, 6, 4, 2, 1, 6, 29, 0, 0, 0, 0, 0, 0]",1,-0.5002137919004884,-1,1
131,"[1, 0, 3, 5, 2, 4, 3, 4, 0, 1, 0, 0, 2, 0, 1, 0, 1, 0, 0, 0, 0, 0, 2, 0, 0, 0, 0, 0, 0, 0, 0, 0, 0, 0, 0, 2, 2, 0, 0, 1, 1, 0, 0, 0, 0, 0, 0, 1, 0, 0, 0, 0, 0, 0, 0, 0, 0, 0, 0, 0, 0, 0, 0, 3, 2, 4, 3, 4, 0, 1, 2, 1, 2, 2, 3, 6, 4, 2, 1, 6, 29, 0, 1, 0, 0, 0, 0]",2,0.5997862080995116,-1,0
132,"[1, 0, 3, 5, 2, 4, 3, 4, 0, 1, 0, 0, 2, 0, 1, 0, 1, 0, 0, 0, 0, 0, 2, 0, 0, 0, 0, 0, 0, 0, 0, 0, 0, 0, 0, 2, 2, 0, 0, 1, 1, 0, 0, 0, 0, 0, 0, 1, 0, 0, 0, 0, 0, 0, 0, 0, 0, 0, 0, 0, 0, 0, 0, 3, 2, 4, 3, 4, 0, 1, 2, 1, 2, 2, 3, 6, 4, 2, 1, 6, 29, 0, 1, 0, 0, 1, 0]","[[0 0 0 1]
 [0 1 0 0]]",0.8502110731576025,-1,0
133,"[1, 1, 3, 4, 2, 3, 3, 5, 0, 1, 0, 0, 2, 0, 1, 0, 1, 0, 0, 0, 0, 0, 2, 0, 0, 0, 0, 0, 0, 0, 0, 0, 0, 0, 0, 2, 2, 0, 0, 1, 1, 0, 0, 0, 0, 0, 0, 1, 0, 0, 0, 0, 0, 0, 0, 0, 0, 0, 0, 0, 0, 0, 0, 3, 2, 4, 3, 4, 0, 1, 2, 1, 2, 2, 3, 6, 4, 2, 1, 6, 29, 0, 0, 0, 0, 0, 0]",0,-0.00021379190048839282,-1,1
134,"[1, 1, 3, 4, 2, 3, 3, 5, 0, 1, 0, 0, 2, 0, 1, 0, 1, 0, 0, 0, 0, 0, 2, 0, 0, 0, 0, 0, 0, 0, 0, 0, 0, 0, 0, 2, 2, 0, 0, 1, 1, 0, 0, 0, 0, 0, 0, 1, 0, 0, 0, 0, 0, 0, 0, 0, 0, 0, 0, 0, 0, 0, 0, 3, 2, 4, 3, 4, 0, 1, 2, 1, 2, 2, 3, 6, 4, 2, 1, 6, 29, 0, 0, 0, 0, 0, 0]",1,0.6345741666986857,-1,0
135,"[0, 0, 2, 3, 2, 3, 3, 5, 0, 1, 0, 0, 2, 0, 1, 0, 1, 0, 0, 0, 0, 0, 2, 0, 0, 0, 1, 0, 0, 0, 0, 0, 0, 0, 0, 2, 2, 0, 0, 1, 1, 0, 0, 0, 0, 0, 0, 1, 0, 0, 0, 0, 0, 0, 0, 0, 0, 0, 0, 0, 0, 0, 0, 4, 2, 4, 3, 4, 0, 1, 2, 1, 2, 2, 3, 6, 4, 2, 1, 6, 29, 0, 0, 0, 0, 0, 0]",18,4.277429987448878,-1,0
136,"[0, 0, 2, 3, 2, 3, 3, 5, 0, 1, 0, 0, 2, 0, 1, 0, 1, 0, 0, 0, 0, 0, 2, 0, 0, 0, 1, 0, 0, 0, 0, 0, 0, 0, 0, 2, 2, 0, 0, 1, 1, 0, 0, 0, 0, 0, 0, 1, 0, 0, 0, 0, 0, 0, 0, 0, 0, 0, 0, 0, 0, 0, 0, 4, 2, 4, 3, 4, 0, 1, 2, 1, 2, 2, 3, 6, 4, 2, 1, 6, 29, 0, 1, 0, 0, 0, 0]",2,0.5997862080995116,-1,0
137,"[0, 0, 2, 3, 2, 3, 3, 5, 0, 1, 0, 0, 2, 0, 1, 0, 1, 0, 0, 0, 0, 0, 2, 0, 0, 0, 1, 0, 0, 0, 0, 0, 0, 0, 0, 2, 2, 0, 0, 1, 1, 0, 0, 0, 0, 0, 0, 1, 0, 0, 0, 0, 0, 0, 0, 0, 0, 0, 0, 0, 0, 0, 0, 4, 2, 4, 3, 4, 0, 1, 2, 1, 2, 2, 3, 6, 4, 2, 1, 6, 29, 0, 1, 0, 0, 1, 0]","[[0 0 0 1]
 [0 1 0 0]]",0.8502110731576025,-1,0
138,"[0, 0, 2, 3, 2, 3, 3, 5, 0, 1, 0, 0, 2, 0, 1, 0, 1, 0, 0, 0, 0, 0, 2, 0, 0, 0, 1, 0, 0, 0, 0, 0, 0, 0, 0, 2, 2, 0, 0, 1, 1, 0, 0, 0, 0, 0, 0, 1, 0, 0, 0, 0, 0, 0, 0, 0, 0, 0, 0, 0, 0, 0, 0, 4, 2, 4, 3, 4, 0, 1, 2, 1, 2, 2, 3, 6, 4, 2, 1, 6, 29, 0, 0, 0, 0, 0, 0]",-1,-0.03741317837892826,-1,1
139,"[0, 0, 2, 3, 2, 3, 3, 5, 0, 1, 0, 0, 2, 0, 1, 0, 1, 0, 0, 0, 0, 0, 2, 0, 0, 0, 1, 0, 0, 0, 0, 0, 0, 0, 0, 2, 2, 0, 0, 1, 1, 0, 0, 0, 0, 0, 0, 1, 0, 0, 0, 0, 0, 0, 0, 0, 0, 0, 0, 0, 0, 0, 0, 4, 2, 4, 3, 4, 0, 1, 2, 1, 2, 2, 3, 6, 4, 2, 1, 6, 29, 0, 0, 0, 0, 0, 0]",0,0.5854482266733644,-1,0
140,"[0, 0, 2, 3, 2, 3, 3, 5, 0, 1, 0, 0, 2, 0, 1, 0, 1, 0, 0, 0, 0, 0, 2, 0, 0, 0, 1, 0, 0, 0, 0, 0, 0, 0, 0, 2, 2, 0, 0, 1, 1, 0, 0, 0, 0, 0, 0, 1, 0, 0, 0, 0, 0, 0, 0, 0, 0, 0, 0, 0, 0, 0, 0, 4, 2, 4, 3, 4, 0, 1, 2, 1, 2, 2, 3, 6, 4, 2, 1, 6, 29, 0, 0, 0, 0, 0, 0]",-1,-0.03741317837892826,-1,0
141,"[0, 0, 2, 3, 2, 3, 3, 5, 0, 1, 0, 0, 2, 0, 1, 0, 1, 0, 0, 0, 0, 0, 2, 0, 0, 0, 1, 0, 0, 0, 0, 0, 0, 0, 0, 2, 2, 0, 0, 1, 1, 0, 0, 0, 0, 0, 0, 1, 0, 0, 0, 0, 0, 0, 0, 0, 0, 0, 0, 0, 0, 0, 0, 4, 2, 4, 3, 4, 0, 1, 2, 1, 2, 2, 3, 6, 4, 2, 1, 6, 30, 0, 0, 0, 0, 0, 0]",4,12.525521806950948,-1,0
142,"[0, 0, 3, 5, 2, 4, 4, 6, 0, 1, 0, 0, 2, 0, 1, 0, 1, 0, 0, 0, 0, 0, 2, 0, 0, 0, 1, 0, 0, 0, 0, 0, 0, 0, 0, 2, 2, 0, 0, 1, 1, 0, 0, 0, 0, 0, 0, 1, 0, 0, 0, 0, 0, 0, 0, 0, 0, 0, 0, 0, 0, 0, 0, 4, 2, 4, 3, 4, 0, 1, 2, 1, 2, 2, 3, 6, 4, 2, 1, 6, 31, 0, 0, 0, 0, 0, 0]",4,9.028409376781873,-1,1
143,"[0, 0, 4, 7, 2, 5, 5, 7, 0, 1, 0, 0, 2, 0, 1, 0, 1, 0, 0, 0, 0, 0, 2, 0, 0, 0, 1, 0, 0, 0, 0, 0, 0, 0, 0, 2, 2, 0, 0, 1, 1, 0, 0, 0, 0, 0, 0, 1, 0, 0, 0, 0, 0, 0, 0, 0, 0, 0, 0, 0, 0, 0, 0, 4, 2, 4, 3, 4, 0, 1, 2, 1, 2, 2, 3, 6, 4, 2, 1, 6, 32, 0, 0, 0, 0, 0, 0]",4,12.382408386353308,-1,0
144,"[0, 0, 4, 7, 2, 5, 5, 7, 0, 1, 0, 0, 2, 0, 1, 0, 1, 0, 0, 0, 0, 0, 2, 0, 0, 0, 1, 0, 0, 0, 0, 0, 0, 0, 0, 2, 2, 0, 0, 1, 1, 0, 0, 0, 0, 0, 0, 1, 0, 0, 0, 0, 0, 0, 0, 0, 0, 0, 0, 0, 0, 0, 0, 4, 2, 4, 3, 4, 0, 1, 2, 1, 2, 2, 3, 6, 4, 2, 1, 6, 32, 0, 1, 0, 0, 0, 0]",2,0.5997589831532442,-1,1
145,"[0, 0, 4, 7, 2, 5, 5, 7, 0, 1, 0, 0, 2, 0, 1, 0, 1, 0, 0, 0, 0, 0, 2, 0, 0, 0, 1, 0, 0, 0, 0, 0, 0, 0, 0, 2, 2, 0, 0, 1, 1, 0, 0, 0, 0, 0, 0, 1, 0, 0, 0, 0, 0, 0, 0, 0, 0, 0, 0, 0, 0, 0, 0, 4, 2, 4, 3, 4, 0, 1, 2, 1, 2, 2, 3, 6, 4, 2, 1, 6, 32, 0, 1, 0, 0, 1, 0]","[[1 1 2 3]
 [0 0 3 4]]",0.8501838482113351,-1,1
146,"[0, 0, 4, 7, 2, 5, 5, 7, 0, 1, 0, 0, 2, 0, 1, 0, 1, 0, 0, 0, 0, 0, 2, 0, 0, 0, 1, 0, 0, 0, 0, 0, 0, 0, 0, 2, 2, 0, 0, 1, 1, 0, 0, 0, 0, 0, 0, 1, 0, 0, 0, 0, 0, 0, 0, 0, 0, 0, 0, 0, 0, 0, 0, 4, 2, 4, 3, 4, 0, 1, 2, 1, 2, 2, 3, 6, 4, 2, 1, 6, 32, 0, 0, 0, 0, 0, 0]",1,-0.0002410168467557896,-1,0
147,"[0, 0, 4, 7, 2, 5, 5, 7, 0, 1, 0, 0, 2, 0, 1, 0, 1, 0, 0, 0, 0, 0, 2, 0, 0, 0, 1, 0, 0, 0, 0, 0, 0, 0, 0, 2, 2, 0, 0, 1, 1, 0, 0, 0, 0, 0, 0, 1, 0, 0, 0, 0, 0, 0, 0, 0, 0, 0, 0, 0, 0, 0, 0, 4, 2, 4, 3, 4, 0, 1, 2, 1, 2, 2, 3, 6, 4, 2, 1, 6, 32, 0, 0, 0, 0, 0, 0]",1,0.8093830982528609,-1,1
148,"[0, 0, 4, 7, 2, 5, 5, 7, 0, 1, 0, 0, 2, 0, 1, 0, 1, 0, 0, 0, 0, 0, 2, 0, 0, 0, 1, 0, 0, 0, 0, 0, 0, 0, 0, 2, 2, 0, 0, 1, 1, 0, 0, 0, 0, 0, 0, 1, 0, 0, 0, 0, 0, 0, 0, 0, 0, 0, 0, 0, 0, 0, 0, 4, 2, 4, 3, 4, 0, 1, 2, 1, 2, 2, 3, 6, 4, 2, 1, 6, 32, 0, 0, 0, 0, 0, 0]",-1,-0.03630745185368455,-1,1
149,"[2, 0, 4, 7, 2, 5, 5, 7, 0, 1, 0, 0, 2, 0, 1, 0, 1, 0, 0, 0, 0, 0, 2, 0, 0, 0, 1, 0, 0, 0, 0, 0, 0, 0, 0, 2, 2, 0, 0, 1, 1, 0, 0, 0, 0, 0, 0, 1, 0, 0, 0, 0, 0, 0, 0, 0, 0, 0, 0, 0, 0, 0, 0, 4, 2, 4, 3, 4, 0, 1, 2, 1, 2, 2, 3, 6, 4, 2, 1, 6, 33, 0, 0, 0, 0, 0, 0]",4,8.940137669332417,-1,1
150,"[4, 0, 4, 7, 2, 5, 5, 7, 0, 1, 0, 0, 2, 0, 1, 0, 1, 0, 0, 0, 0, 0, 2, 0, 0, 0, 1, 0, 0, 0, 0, 0, 0, 0, 0, 2, 2, 0, 0, 1, 1, 0, 0, 0, 0, 0, 0, 1, 0, 0, 0, 0, 0, 0, 0, 0, 0, 0, 0, 0, 0, 0, 0, 4, 2, 4, 3, 4, 0, 1, 2, 1, 2, 2, 3, 6, 4, 2, 1, 6, 34, 0, 0, 0, 0, 0, 0]",4,12.643803520778224,-1,0
151,"[4, 0, 4, 7, 2, 5, 5, 7, 0, 1, 0, 0, 2, 0, 1, 0, 1, 0, 0, 0, 0, 0, 2, 0, 0, 0, 1, 0, 0, 0, 0, 0, 0, 0, 0, 2, 2, 0, 0, 1, 1, 0, 0, 0, 0, 0, 0, 1, 0, 0, 0, 0, 0, 0, 0, 0, 0, 0, 0, 0, 0, 0, 0, 4, 2, 4, 3, 4, 0, 1, 2, 1, 2, 2, 3, 6, 4, 2, 1, 6, 34, 0, 0, 0, 0, 0, 0]",1,0.8093630508689114,-1,1
152,"[4, 0, 4, 7, 2, 5, 5, 7, 0, 1, 0, 0, 2, 0, 1, 0, 1, 0, 0, 0, 0, 0, 2, 0, 0, 0, 1, 0, 0, 0, 0, 0, 0, 0, 0, 2, 2, 0, 0, 1, 1, 0, 0, 0, 0, 0, 0, 1, 0, 0, 0, 0, 0, 0, 0, 0, 0, 0, 0, 0, 0, 0, 0, 4, 2, 4, 3, 4, 0, 1, 2, 1, 2, 2, 3, 6, 4, 2, 1, 6, 34, 0, 0, 0, 0, 0, 0]",-1,-0.03558851613813049,-1,1
153,"[4, 0, 4, 7, 2, 5, 5, 7, 0, 1, 0, 0, 2, 0, 1, 0, 1, 0, 0, 0, 0, 0, 2, 0, 0, 0, 1, 0, 0, 0, 0, 0, 0, 0, 0, 2, 2, 0, 0, 1, 1, 0, 0, 0, 0, 0, 0, 1, 0, 0, 0, 0, 0, 0, 0, 0, 0, 0, 0, 0, 0, 0, 0, 4, 2, 4, 3, 4, 0, 1, 2, 1, 2, 2, 3, 6, 4, 2, 1, 6, 35, 0, 0, 0, 0, 0, 0]",4,8.938678934505644,-1,1
154,"[4, 0, 4, 7, 2, 5, 5, 7, 0, 1, 0, 0, 2, 0, 1, 0, 1, 0, 0, 0, 0, 0, 2, 0, 0, 0, 1, 0, 0, 0, 0, 0, 0, 0, 0, 2, 2, 0, 0, 1, 1, 0, 0, 0, 0, 0, 0, 1, 0, 0, 0, 0, 0, 0, 0, 0, 0, 0, 0, 0, 0, 0, 0, 4, 2, 4, 3, 4, 0, 1, 2, 1, 2, 2, 3, 6, 4, 2, 1, 6, 35, 1, 0, 0, 0, 0, 0]",3,0.3997282960099142,-1,0
155,"[4, 1, 4, 5, 2, 5, 5, 7, 0, 1, 0, 0, 2, 0, 1, 0, 1, 0, 0, 0, 0, 0, 2, 0, 0, 0, 1, 0, 0, 0, 0, 0, 0, 0, 0, 2, 2, 0, 0, 1, 1, 0, 0, 0, 0, 0, 0, 1, 0, 0, 0, 0, 0, 0, 0, 0, 0, 0, 0, 0, 0, 0, 0, 4, 2, 4, 3, 4, 0, 1, 2, 1, 2, 2, 3, 6, 4, 2, 1, 6, 35, 0, 0, 0, 0, 0, 0]","[[0 0 0 2]
 [0 1 0 0]]",0.0011859779209552617,-1,0
156,"[4, 1, 4, 5, 2, 5, 5, 7, 0, 1, 0, 0, 2, 0, 1, 0, 1, 0, 0, 0, 0, 0, 2, 0, 0, 0, 1, 0, 0, 0, 0, 0, 0, 0, 0, 2, 2, 0, 0, 1, 1, 0, 0, 0, 0, 0, 0, 1, 0, 0, 0, 0, 0, 0, 0, 0, 0, 0, 0, 0, 0, 0, 0, 4, 2, 4, 3, 4, 0, 1, 2, 1, 2, 2, 3, 6, 4, 2, 1, 6, 35, 0, 0, 0, 0, 0, 0]",1,0.41853216252740744,-1,0
157,"[4, 1, 4, 5, 2, 5, 5, 7, 0, 1, 0, 0, 2, 0, 1, 0, 1, 0, 0, 0, 0, 0, 2, 0, 0, 0, 1, 0, 0, 0, 0, 0, 0, 0, 0, 2, 2, 0, 0, 1, 1, 0, 0, 0, 0, 0, 0, 1, 0, 0, 0, 0, 0, 0, 0, 0, 0, 0, 0, 0, 0, 0, 0, 4, 2, 4, 3, 4, 0, 1, 2, 1, 2, 2, 3, 6, 4, 2, 1, 6, 35, 0, 0, 0, 0, 0, 0]",-1,-0.03523440448593567,-1,0
158,"[4, 1, 4, 5, 2, 5, 5, 7, 0, 1, 0, 0, 2, 0, 1, 0, 1, 0, 0, 0, 0, 0, 2, 0, 0, 0, 1, 0, 0, 0, 0, 0, 0, 0, 0, 2, 2, 0, 0, 1, 1, 0, 0, 0, 0, 0, 0, 1, 0, 0, 0, 0, 0, 0, 0, 0, 0, 0, 0, 0, 0, 0, 0, 4, 2, 4, 3, 4, 0, 1, 2, 1, 2, 2, 3, 6, 4, 2, 1, 6, 35, 0, 0, 0, 0, 0, 0]",0,0.585390314583767,-1,0
159,"[3, 0, 4, 5, 2, 5, 5, 7, 0, 1, 0, 0, 2, 0, 1, 0, 1, 0, 0, 0, 0, 0, 2, 0, 0, 0, 1, 0, 0, 0, 0, 0, 0, 0, 0, 2, 2, 0, 0, 1, 1, 0, 0, 0, 0, 0, 0, 1, 0, 0, 0, 0, 0, 1, 0, 0, 0, 0, 0, 0, 0, 0, 0, 4, 2, 4, 3, 4, 0, 1, 2, 1, 2, 2, 3, 6, 4, 2, 1, 6, 35, 0, 0, 0, 0, 0, 0]",21,0.4997282960099142,-1,0
160,"[5, 0, 4, 5, 2, 5, 5, 7, 0, 1, 0, 0, 2, 0, 1, 0, 1, 0, 0, 0, 0, 0, 2, 0, 0, 0, 1, 0, 0, 0, 0, 0, 0, 0, 0, 2, 2, 0, 0, 1, 1, 0, 0, 0, 0, 0, 0, 1, 0, 0, 0, 0, 0, 1, 0, 0, 0, 0, 0, 0, 0, 0, 0, 4, 2, 4, 3, 4, 0, 1, 2, 1, 2, 2, 3, 6, 4, 2, 1, 6, 36, 0, 0, 0, 0, 0, 0]",4,13.815241946841416,-1,0
161,"[5, 0, 4, 5, 2, 5, 5, 7, 0, 1, 0, 0, 2, 0, 1, 0, 1, 0, 0, 0, 0, 0, 2, 0, 0, 0, 1, 0, 0, 0, 0, 0, 0, 0, 0, 2, 2, 0, 0, 1, 1, 0, 0, 0, 0, 0, 0, 1, 0, 0, 0, 0, 0, 1, 0, 0, 0, 0, 0, 0, 0, 0, 0, 4, 2, 4, 3, 4, 0, 1, 2, 1, 2, 2, 3, 6, 4, 2, 1, 6, 36, 1, 0, 0, 0, 0, 0]",3,0.3997172232375079,-1,1
162,"[5, 0, 4, 5, 2, 5, 5, 7, 0, 1, 0, 0, 2, 0, 1, 0, 1, 0, 0, 0, 0, 0, 2, 0, 0, 0, 1, 0, 0, 0, 0, 0, 0, 0, 0, 2, 2, 0, 0, 1, 1, 0, 0, 0, 0, 0, 0, 1, 0, 0, 0, 0, 0, 1, 0, 0, 0, 0, 0, 0, 0, 0, 0, 4, 2, 4, 3, 4, 0, 1, 2, 1, 2, 2, 3, 6, 4, 2, 1, 6, 36, 0, 0, 0, 0, 0, 0]",-1,-0.03488381630355155,-1,1
163,"[5, 0, 5, 5, 2, 5, 5, 7, 0, 1, 0, 0, 2, 0, 1, 0, 1, 0, 0, 0, 0, 0, 2, 0, 0, 0, 1, 0, 0, 0, 0, 0, 0, 0, 0, 2, 2, 0, 0, 1, 1, 0, 0, 0, 0, 0, 0, 1, 0, 0, 0, 0, 0, 1, 0, 0, 0, 0, 0, 0, 0, 0, 0, 4, 2, 4, 3, 4, 0, 1, 2, 1, 2, 2, 3, 6, 4, 2, 1, 6, 37, 0, 0, 0, 0, 0, 0]",4,8.937246938707094,-1,1
164,"[5, 0, 5, 5, 2, 5, 5, 7, 0, 1, 0, 0, 2, 0, 1, 0, 1, 0, 0, 0, 0, 0, 2, 0, 0, 0, 1, 0, 0, 0, 0, 0, 0, 0, 0, 2, 2, 0, 0, 1, 1, 0, 0, 0, 0, 0, 0, 1, 0, 0, 0, 0, 0, 1, 0, 0, 0, 0, 0, 0, 0, 0, 0, 4, 2, 4, 3, 4, 0, 1, 2, 1, 2, 2, 3, 6, 4, 2, 1, 6, 38, 0, 0, 0, 0, 0, 0]",4,13.811184300435677,-1,0
165,"[5, 0, 5, 5, 2, 5, 5, 7, 0, 1, 0, 0, 2, 0, 1, 0, 1, 0, 0, 0, 0, 0, 2, 0, 0, 0, 1, 0, 0, 0, 0, 0, 0, 0, 0, 2, 2, 0, 0, 1, 1, 0, 0, 0, 0, 0, 0, 1, 0, 0, 0, 0, 0, 1, 0, 0, 0, 0, 0, 0, 0, 0, 0, 4, 2, 4, 3, 4, 0, 1, 2, 1, 2, 2, 3, 6, 4, 2, 1, 6, 38, 1, 0, 0, 0, 0, 0]",3,0.39969370765859935,-1,1
166,"[5, 0, 5, 5, 2, 5, 5, 7, 0, 1, 0, 0, 2, 0, 1, 0, 1, 0, 0, 0, 0, 0, 2, 0, 0, 0, 1, 0, 0, 0, 0, 0, 0, 0, 0, 2, 2, 0, 0, 1, 1, 0, 0, 0, 0, 0, 0, 1, 0, 0, 0, 0, 0, 1, 0, 0, 0, 0, 0, 0, 0, 0, 0, 4, 2, 4, 3, 4, 0, 1, 2, 1, 2, 2, 3, 6, 4, 2, 1, 6, 38, 0, 0, 0, 0, 0, 0]",-1,-0.03419307046061779,-1,1
167,"[5, 0, 5, 5, 2, 5, 5, 7, 0, 1, 0, 0, 2, 0, 1, 0, 1, 0, 0, 0, 0, 0, 2, 0, 0, 0, 1, 0, 0, 0, 0, 0, 0, 0, 0, 2, 2, 0, 0, 1, 1, 0, 0, 0, 0, 0, 0, 1, 0, 0, 0, 0, 0, 1, 0, 0, 0, 0, 0, 0, 0, 0, 0, 4, 2, 4, 3, 4, 0, 1, 2, 1, 2, 2, 3, 6, 4, 2, 1, 6, 39, 0, 0, 0, 0, 0, 0]",4,8.935840974695044,-1,1
168,"[5, 0, 5, 5, 2, 5, 5, 7, 0, 1, 0, 0, 2, 0, 1, 0, 1, 0, 0, 0, 0, 0, 2, 0, 0, 0, 1, 0, 0, 0, 0, 0, 0, 0, 0, 2, 2, 0, 0, 1, 1, 0, 0, 0, 0, 0, 0, 1, 0, 0, 0, 0, 0, 1, 0, 0, 0, 0, 0, 0, 0, 0, 0, 4, 2, 4, 3, 4, 0, 1, 2, 1, 2, 2, 3, 6, 4, 2, 1, 6, 39, 0, 1, 0, 0, 0, 0]",2,0.5996812275543394,-1,0
169,"[5, 0, 5, 5, 2, 5, 5, 7, 0, 1, 0, 0, 2, 0, 1, 0, 1, 0, 0, 0, 0, 0, 2, 0, 0, 0, 1, 0, 0, 0, 0, 0, 0, 0, 0, 2, 2, 0, 0, 1, 1, 0, 0, 0, 0, 0, 0, 1, 0, 0, 0, 0, 0, 1, 0, 0, 0, 0, 0, 0, 0, 0, 0, 4, 2, 4, 3, 4, 0, 1, 2, 1, 2, 2, 3, 6, 4, 2, 1, 6, 39, 0, 1, 0, 0, 1, 0]","[[1 0 0 0]
 [0 0 1 0]]",0.8501060926124303,-1,0
170,"[5, 0, 5, 5, 2, 5, 5, 7, 0, 1, 0, 0, 2, 0, 1, 0, 1, 0, 0, 0, 0, 0, 2, 0, 0, 0, 1, 0, 0, 0, 0, 0, 0, 0, 0, 2, 2, 0, 0, 1, 1, 0, 0, 0, 0, 0, 0, 1, 0, 0, 0, 0, 0, 1, 0, 0, 0, 0, 0, 0, 0, 0, 0, 4, 2, 4, 3, 4, 0, 1, 2, 1, 2, 2, 3, 6, 4, 2, 1, 6, 39, 0, 1, 0, 0, 0, 1]",2,-0.0003187724456606018,-1,1
171,"[5, 0, 5, 5, 2, 5, 5, 7, 0, 1, 0, 0, 2, 0, 1, 0, 1, 0, 0, 0, 0, 0, 2, 0, 0, 0, 1, 0, 0, 0, 0, 0, 0, 0, 0, 2, 2, 0, 0, 1, 1, 0, 0, 0, 0, 0, 0, 1, 0, 0, 0, 0, 0, 1, 0, 0, 0, 0, 0, 0, 0, 0, 0, 4, 2, 4, 3, 4, 0, 1, 2, 1, 2, 2, 3, 6, 4, 2, 1, 6, 39, 0, 0, 1, 0, 0, 0]","[[1 2 1 1]
 [1 0 3 4]]",-0.0003187724456606018,-1,1
172,"[5, 2, 3, 2, 2, 3, 7, 10, 0, 1, 0, 0, 2, 0, 1, 0, 1, 0, 0, 0, 0, 0, 2, 0, 0, 0, 1, 0, 0, 0, 0, 0, 0, 0, 0, 2, 2, 0, 0, 1, 1, 0, 0, 0, 0, 0, 0, 1, 0, 0, 0, 0, 0, 1, 0, 0, 0, 0, 0, 0, 0, 0, 0, 4, 2, 4, 3, 4, 0, 1, 2, 1, 2, 2, 3, 6, 4, 2, 1, 6, 39, 0, 0, 0, 0, 0, 0]",0,-0.0003187724456606018,-1,0
173,"[5, 2, 3, 2, 2, 3, 7, 10, 0, 1, 0, 0, 2, 0, 1, 0, 1, 0, 0, 0, 0, 0, 2, 0, 0, 0, 1, 0, 0, 0, 0, 0, 0, 0, 0, 2, 2, 0, 0, 1, 1, 0, 0, 0, 0, 0, 0, 1, 0, 0, 0, 0, 0, 1, 0, 0, 0, 0, 0, 0, 0, 0, 0, 4, 2, 4, 3, 4, 0, 1, 2, 1, 2, 2, 3, 6, 4, 2, 1, 6, 39, 0, 1, 0, 0, 0, 0]",2,0.5996812275543394,-1,0
174,"[5, 2, 3, 2, 2, 3, 7, 10, 0, 1, 0, 0, 2, 0, 1, 0, 1, 0, 0, 0, 0, 0, 2, 0, 0, 0, 1, 0, 0, 0, 0, 0, 0, 0, 0, 2, 2, 0, 0, 1, 1, 0, 0, 0, 0, 0, 0, 1, 0, 0, 0, 0, 0, 1, 0, 0, 0, 0, 0, 0, 0, 0, 0, 4, 2, 4, 3, 4, 0, 1, 2, 1, 2, 2, 3, 6, 4, 2, 1, 6, 39, 0, 1, 0, 0, 1, 0]","[[1 0 0 0]
 [0 0 0 1]]",0.8501060926124303,-1,0
175,"[4, 2, 3, 3, 3, 3, 7, 9, 0, 1, 0, 0, 2, 0, 1, 0, 1, 0, 0, 0, 0, 0, 2, 0, 0, 0, 1, 0, 0, 0, 0, 0, 0, 0, 0, 2, 2, 0, 0, 1, 1, 0, 0, 0, 0, 0, 0, 1, 0, 0, 0, 0, 0, 1, 0, 0, 0, 0, 0, 0, 0, 0, 0, 4, 2, 4, 3, 4, 0, 1, 2, 1, 2, 2, 3, 6, 4, 2, 1, 6, 39, 0, 0, 0, 0, 0, 0]",0,-0.0003187724456606018,-1,1
176,"[4, 2, 3, 3, 3, 3, 7, 9, 0, 1, 0, 0, 2, 0, 1, 0, 1, 0, 0, 0, 0, 0, 2, 0, 0, 0, 1, 0, 0, 0, 0, 0, 0, 0, 0, 2, 2, 0, 0, 1, 1, 0, 0, 0, 0, 0, 0, 1, 0, 0, 0, 0, 0, 1, 0, 0, 0, 0, 0, 0, 0, 0, 0, 4, 2, 4, 3, 4, 0, 1, 2, 1, 2, 2, 3, 6, 4, 2, 1, 6, 39, 0, 0, 0, 0, 0, 0]",0,0.5418988960233777,-1,0
177,"[3, 1, 3, 3, 3, 3, 7, 9, 0, 1, 0, 0, 2, 0, 1, 0, 1, 0, 0, 0, 0, 0, 2, 0, 0, 0, 1, 0, 0, 0, 0, 0, 0, 1, 0, 2, 2, 0, 0, 1, 1, 0, 0, 0, 0, 0, 0, 1, 0, 0, 0, 0, 0, 1, 0, 0, 0, 0, 0, 0, 0, 0, 0, 4, 2, 4, 3, 4, 0, 1, 2, 1, 2, 2, 3, 6, 4, 2, 1, 6, 39, 0, 0, 0, 0, 0, 0]",1,0.4996812275543394,-1,0
178,"[3, 1, 4, 5, 3, 4, 8, 10, 0, 1, 0, 0, 2, 0, 1, 0, 1, 0, 0, 0, 0, 0, 2, 0, 0, 0, 1, 0, 0, 0, 0, 0, 0, 1, 0, 2, 2, 0, 0, 1, 1, 0, 0, 0, 0, 0, 0, 1, 0, 0, 0, 0, 0, 1, 0, 0, 0, 0, 0, 0, 0, 0, 0, 4, 2, 4, 3, 4, 0, 1, 2, 1, 2, 2, 3, 6, 4, 2, 1, 6, 40, 0, 0, 0, 0, 0, 0]",4,15.070743059057415,-1,0
179,"[3, 1, 4, 5, 3, 4, 8, 10, 0, 1, 0, 0, 2, 0, 1, 0, 1, 0, 0, 0, 0, 0, 2, 0, 0, 0, 1, 0, 0, 0, 0, 0, 0, 1, 0, 2, 2, 0, 0, 1, 1, 0, 0, 0, 0, 0, 0, 1, 0, 0, 0, 0, 0, 1, 0, 0, 0, 0, 0, 0, 0, 0, 0, 4, 2, 4, 3, 4, 0, 1, 2, 1, 2, 2, 3, 6, 4, 2, 1, 6, 40, 0, 1, 0, 0, 0, 0]",2,0.5996682397839651,-1,1
180,"[3, 1, 4, 5, 3, 4, 8, 10, 0, 1, 0, 0, 2, 0, 1, 0, 1, 0, 0, 0, 0, 0, 2, 0, 0, 0, 1, 0, 0, 0, 0, 0, 0, 1, 0, 2, 2, 0, 0, 1, 1, 0, 0, 0, 0, 0, 0, 1, 0, 0, 0, 0, 0, 1, 0, 0, 0, 0, 0, 0, 0, 0, 0, 4, 2, 4, 3, 4, 0, 1, 2, 1, 2, 2, 3, 6, 4, 2, 1, 6, 40, 0, 0, 0, 0, 0, 0]",-1,-0.03351600230178197,-1,1
181,"[3, 1, 5, 7, 3, 5, 9, 11, 0, 1, 0, 0, 2, 0, 1, 0, 1, 0, 0, 0, 0, 0, 2, 0, 0, 0, 1, 0, 0, 0, 0, 0, 0, 1, 0, 2, 2, 0, 0, 1, 1, 0, 0, 0, 0, 0, 0, 1, 0, 0, 0, 0, 0, 1, 0, 0, 0, 0, 0, 0, 0, 0, 0, 4, 2, 4, 3, 4, 0, 1, 2, 1, 2, 2, 3, 6, 4, 2, 1, 6, 41, 0, 0, 0, 0, 0, 0]",4,8.806035794164416,-1,1
182,"[3, 1, 5, 7, 3, 5, 9, 11, 0, 1, 0, 0, 2, 0, 1, 0, 1, 0, 0, 0, 0, 0, 2, 0, 0, 0, 1, 0, 0, 0, 0, 0, 0, 1, 0, 2, 2, 0, 0, 1, 1, 0, 0, 0, 0, 0, 0, 1, 0, 0, 0, 0, 0, 1, 0, 0, 0, 0, 0, 0, 0, 0, 0, 4, 2, 4, 3, 4, 0, 1, 2, 1, 2, 2, 3, 6, 4, 2, 1, 6, 41, 0, 0, 0, 0, 0, 0]",0,0.49462947059743584,-1,0
183,"[2, 0, 5, 7, 3, 5, 9, 11, 0, 1, 0, 0, 2, 0, 1, 0, 1, 0, 0, 0, 0, 0, 2, 0, 0, 0, 1, 0, 0, 0, 0, 0, 0, 1, 0, 2, 2, 0, 0, 1, 1, 0, 0, 0, 0, 0, 0, 1, 0, 0, 1, 0, 0, 1, 0, 0, 0, 0, 0, 0, 0, 0, 0, 4, 2, 4, 3, 4, 0, 1, 2, 1, 2, 2, 3, 6, 4, 2, 1, 6, 41, 0, 0, 0, 0, 0, 0]",18,0.5983423838793046,-1,0
184,"[2, 0, 6, 9, 3, 6, 10, 12, 0, 1, 0, 0, 2, 0, 1, 0, 1, 0, 0, 0, 0, 0, 2, 0, 0, 0, 1, 0, 0, 0, 0, 0, 0, 1, 0, 2, 2, 0, 0, 1, 1, 0, 0, 0, 0, 0, 0, 1, 0, 0, 1, 0, 0, 1, 0, 0, 0, 0, 0, 0, 0, 0, 0, 4, 2, 4, 3, 4, 0, 1, 2, 1, 2, 2, 3, 6, 4, 2, 1, 6, 42, 0, 0, 0, 0, 0, 0]",4,15.868893415893469,-1,0
185,"[2, 0, 6, 9, 3, 6, 10, 12, 0, 1, 0, 0, 2, 0, 1, 0, 1, 0, 0, 0, 0, 0, 2, 0, 0, 0, 1, 0, 0, 0, 0, 0, 0, 1, 0, 2, 2, 0, 0, 1, 1, 0, 0, 0, 0, 0, 0, 1, 0, 0, 1, 0, 0, 1, 0, 0, 0, 0, 0, 0, 0, 0, 0, 4, 2, 4, 3, 4, 0, 1, 2, 1, 2, 2, 3, 6, 4, 2, 1, 6, 42, 0, 0, 0, 0, 0, 0]",1,0.8092647731935011,-1,1
186,"[2, 0, 6, 9, 3, 6, 10, 12, 0, 1, 0, 0, 2, 0, 1, 0, 1, 0, 0, 0, 0, 0, 2, 0, 0, 0, 1, 0, 0, 0, 0, 0, 0, 1, 0, 2, 2, 0, 0, 1, 1, 0, 0, 0, 0, 0, 0, 1, 0, 0, 1, 0, 0, 1, 0, 0, 0, 0, 0, 0, 0, 0, 0, 4, 2, 4, 3, 4, 0, 1, 2, 1, 2, 2, 3, 6, 4, 2, 1, 6, 42, 0, 0, 0, 0, 0, 0]",-1,-0.03285234099075284,-1,1
187,"[2, 0, 6, 9, 3, 6, 10, 12, 0, 1, 0, 0, 2, 0, 1, 0, 1, 0, 0, 0, 0, 0, 2, 0, 0, 0, 1, 0, 0, 0, 0, 0, 0, 1, 0, 2, 2, 0, 0, 1, 1, 0, 0, 0, 0, 0, 0, 1, 0, 0, 1, 0, 0, 1, 0, 0, 0, 0, 0, 0, 0, 0, 0, 4, 2, 4, 3, 4, 0, 1, 2, 1, 2, 2, 3, 6, 4, 2, 1, 6, 43, 0, 0, 0, 0, 0, 0]",4,8.802911341711381,-1,1
188,"[2, 0, 6, 9, 3, 6, 10, 12, 0, 1, 0, 0, 2, 0, 1, 0, 1, 0, 0, 0, 0, 0, 2, 0, 0, 0, 1, 0, 0, 0, 0, 0, 0, 1, 0, 2, 2, 0, 0, 1, 1, 0, 0, 0, 0, 0, 0, 1, 0, 0, 1, 0, 0, 1, 0, 0, 0, 0, 0, 0, 0, 0, 0, 4, 2, 4, 3, 4, 0, 1, 2, 1, 2, 2, 3, 6, 4, 2, 1, 6, 43, 1, 0, 0, 0, 0, 0]",3,0.39962602049458323,-1,0
189,"[2, 0, 4, 10, 3, 6, 10, 12, 0, 1, 0, 0, 2, 0, 1, 0, 1, 0, 0, 0, 0, 0, 2, 0, 0, 0, 1, 0, 0, 0, 0, 0, 0, 1, 0, 2, 2, 0, 0, 1, 1, 0, 0, 0, 0, 0, 0, 1, 0, 0, 1, 0, 0, 1, 0, 0, 0, 0, 0, 0, 0, 0, 0, 4, 2, 4, 3, 4, 0, 1, 2, 1, 2, 2, 3, 6, 4, 2, 1, 6, 43, 0, 0, 0, 0, 0, 0]","[[0 0 2 0]
 [0 0 0 1]]",0.0010837024056242436,-1,0
190,"[2, 0, 4, 10, 3, 6, 10, 12, 0, 1, 0, 0, 2, 0, 1, 0, 1, 0, 0, 0, 0, 0, 2, 0, 0, 0, 1, 0, 0, 0, 0, 0, 0, 1, 0, 2, 2, 0, 0, 1, 1, 0, 0, 0, 0, 0, 0, 1, 0, 0, 1, 0, 0, 1, 0, 0, 0, 0, 0, 0, 0, 0, 0, 4, 2, 4, 3, 4, 0, 1, 2, 1, 2, 2, 3, 6, 4, 2, 1, 6, 43, 0, 0, 0, 0, 0, 0]",0,0.4423448929181563,-1,0
191,"[2, 0, 4, 10, 3, 6, 10, 12, 0, 1, 0, 0, 2, 0, 1, 0, 1, 0, 0, 0, 0, 0, 2, 0, 0, 0, 1, 0, 0, 0, 0, 0, 0, 1, 0, 2, 2, 0, 0, 1, 1, 0, 0, 0, 0, 0, 0, 1, 0, 0, 1, 0, 0, 1, 0, 0, 0, 0, 0, 0, 0, 0, 0, 4, 2, 4, 3, 4, 0, 1, 2, 1, 2, 2, 3, 6, 4, 2, 1, 6, 43, 0, 0, 0, 0, 0, 0]",-1,-0.032525454736165825,-1,0
192,"[2, 0, 4, 10, 3, 6, 10, 12, 0, 1, 0, 0, 2, 0, 1, 0, 1, 0, 0, 0, 0, 0, 2, 0, 0, 0, 1, 0, 0, 0, 0, 0, 0, 1, 0, 2, 2, 0, 0, 1, 1, 0, 0, 0, 0, 0, 0, 1, 0, 0, 1, 0, 0, 1, 0, 0, 0, 0, 0, 0, 0, 0, 0, 4, 2, 4, 3, 4, 0, 1, 2, 1, 2, 2, 3, 6, 4, 2, 1, 6, 43, 1, 0, 0, 0, 0, 0]",3,0.39962602049458323,-1,0
193,"[0, 0, 5, 10, 3, 6, 10, 12, 0, 1, 0, 0, 2, 0, 1, 0, 1, 0, 0, 0, 0, 0, 2, 0, 0, 0, 1, 0, 0, 0, 0, 0, 0, 1, 0, 2, 2, 0, 0, 1, 1, 0, 0, 0, 0, 0, 0, 1, 0, 0, 1, 0, 0, 1, 0, 0, 0, 0, 0, 0, 0, 0, 0, 4, 2, 4, 3, 4, 0, 1, 2, 1, 2, 2, 3, 6, 4, 2, 1, 6, 43, 0, 0, 0, 0, 0, 0]","[[2 0 0 0]
 [0 0 1 0]]",0.0010837024056242436,-1,0
194,"[0, 0, 5, 10, 3, 6, 10, 12, 0, 1, 0, 0, 2, 0, 1, 0, 1, 0, 0, 0, 0, 0, 2, 0, 0, 0, 1, 0, 0, 0, 0, 0, 0, 1, 0, 2, 2, 0, 0, 1, 1, 0, 0, 0, 0, 0, 0, 1, 0, 0, 1, 0, 0, 1, 0, 0, 0, 0, 0, 0, 0, 0, 0, 4, 2, 4, 3, 4, 0, 1, 2, 1, 2, 2, 3, 6, 4, 2, 1, 6, 44, 0, 0, 0, 0, 0, 0]",4,15.700548960635723,-1,0
195,"[0, 0, 5, 10, 3, 6, 10, 12, 0, 1, 0, 0, 2, 0, 1, 0, 1, 0, 0, 0, 0, 0, 2, 0, 0, 0, 1, 0, 0, 0, 0, 0, 0, 1, 0, 2, 2, 0, 0, 1, 1, 0, 0, 0, 0, 0, 0, 1, 0, 0, 1, 0, 0, 1, 0, 0, 0, 0, 0, 0, 0, 0, 0, 4, 2, 4, 3, 4, 0, 1, 2, 1, 2, 2, 3, 6, 4, 2, 1, 6, 44, 1, 0, 0, 0, 0, 0]",3,0.3996107878029829,-1,1
196,"[0, 0, 5, 10, 3, 6, 10, 12, 0, 1, 0, 0, 2, 0, 1, 0, 1, 0, 0, 0, 0, 0, 2, 0, 0, 0, 1, 0, 0, 0, 0, 0, 0, 1, 0, 2, 2, 0, 0, 1, 1, 0, 0, 0, 0, 0, 0, 1, 0, 0, 1, 0, 0, 1, 0, 0, 0, 0, 0, 0, 0, 0, 0, 4, 2, 4, 3, 4, 0, 1, 2, 1, 2, 2, 3, 6, 4, 2, 1, 6, 44, 0, 0, 0, 0, 0, 0]",-1,-0.03220182105415707,-1,1
197,"[0, 0, 2, 5, 1, 3, 5, 6, 0, 1, 0, 0, 2, 0, 1, 0, 1, 0, 0, 0, 0, 0, 2, 0, 0, 0, 1, 0, 0, 0, 0, 0, 0, 1, 0, 2, 2, 0, 0, 1, 1, 0, 0, 0, 0, 0, 0, 1, 0, 0, 1, 0, 0, 1, 0, 0, 0, 0, 0, 0, 0, 0, 0, 4, 2, 4, 3, 4, 0, 1, 2, 1, 2, 2, 3, 6, 4, 2, 1, 0, 45, 0, 0, 0, 0, 0, 0]",4,8.81338120938255,-1,1
198,"[2, 0, 2, 5, 1, 3, 5, 6, 0, 1, 0, 0, 2, 0, 1, 0, 1, 0, 0, 0, 0, 0, 2, 0, 0, 0, 1, 0, 0, 0, 0, 0, 0, 1, 0, 2, 2, 0, 0, 1, 1, 0, 0, 0, 0, 0, 0, 1, 0, 0, 1, 0, 0, 1, 0, 0, 0, 0, 0, 0, 0, 0, 0, 4, 2, 4, 3, 4, 0, 1, 2, 1, 2, 2, 3, 6, 4, 2, 1, 0, 46, 0, 0, 0, 0, 0, 0]",4,15.9761479244986,-1,0
199,"[2, 0, 2, 5, 1, 3, 5, 6, 0, 1, 0, 0, 2, 0, 1, 0, 1, 0, 0, 0, 0, 0, 2, 0, 0, 0, 1, 0, 0, 0, 0, 0, 0, 1, 0, 2, 2, 0, 0, 1, 1, 0, 0, 0, 0, 0, 0, 1, 0, 0, 1, 0, 0, 1, 0, 0, 0, 0, 0, 0, 0, 0, 0, 4, 2, 4, 3, 4, 0, 1, 2, 1, 2, 2, 3, 6, 4, 2, 1, 0, 46, 0, 1, 0, 0, 0, 0]",2,0.5995784397875913,-1,1
200,"[2, 0, 2, 5, 1, 3, 5, 6, 0, 1, 0, 0, 2, 0, 1, 0, 1, 0, 0, 0, 0, 0, 2, 0, 0, 0, 1, 0, 0, 0, 0, 0, 0, 1, 0, 2, 2, 0, 0, 1, 1, 0, 0, 0, 0, 0, 0, 1, 0, 0, 1, 0, 0, 1, 0, 0, 0, 0, 0, 0, 0, 0, 0, 4, 2, 4, 3, 4, 0, 1, 2, 1, 2, 2, 3, 6, 4, 2, 1, 0, 46, 0, 1, 0, 0, 1, 0]","[[0 1 2 1]
 [2 0 2 5]]",2.3993799184527473,-1,1
201,"[0, 1, 2, 1, 3, 2, 5, 10, 0, 1, 0, 0, 2, 0, 1, 0, 1, 0, 0, 0, 0, 0, 2, 0, 0, 0, 1, 0, 0, 0, 0, 0, 0, 1, 0, 2, 2, 0, 0, 1, 1, 0, 0, 0, 0, 0, 0, 1, 0, 0, 1, 0, 0, 1, 0, 0, 0, 0, 0, 0, 0, 0, 0, 4, 2, 4, 3, 4, 0, 1, 2, 1, 2, 2, 3, 6, 4, 2, 1, 0, 46, 0, 0, 0, 0, 0, 0]",0,-0.0004215602124086503,-1,0
202,"[0, 1, 2, 1, 3, 2, 5, 10, 0, 1, 0, 0, 2, 0, 1, 0, 1, 0, 0, 0, 0, 0, 2, 0, 0, 0, 1, 0, 0, 0, 0, 0, 0, 1, 0, 2, 2, 0, 0, 1, 1, 0, 0, 0, 0, 0, 0, 1, 0, 0, 1, 0, 0, 1, 0, 0, 0, 0, 0, 0, 0, 0, 0, 4, 2, 4, 3, 4, 0, 1, 2, 1, 2, 2, 3, 6, 4, 2, 1, 0, 46, 0, 1, 0, 0, 0, 0]",2,0.5995784397875913,-1,1
203,"[0, 1, 2, 1, 3, 2, 5, 10, 0, 1, 0, 0, 2, 0, 1, 0, 1, 0, 0, 0, 0, 0, 2, 0, 0, 0, 1, 0, 0, 0, 0, 0, 0, 1, 0, 2, 2, 0, 0, 1, 1, 0, 0, 0, 0, 0, 0, 1, 0, 0, 1, 0, 0, 1, 0, 0, 0, 0, 0, 0, 0, 0, 0, 4, 2, 4, 3, 4, 0, 1, 2, 1, 2, 2, 3, 6, 4, 2, 1, 0, 46, 0, 1, 0, 0, 1, 0]","[[1 1 1 2]
 [0 1 1 1]]",0.023462764268161688,-1,1
204,"[0, 1, 2, 1, 3, 2, 5, 10, 0, 1, 0, 0, 2, 0, 1, 0, 1, 0, 0, 0, 0, 0, 2, 0, 0, 0, 1, 0, 0, 0, 0, 0, 0, 1, 0, 2, 2, 0, 0, 1, 1, 0, 0, 0, 0, 0, 0, 1, 0, 0, 1, 0, 0, 1, 0, 0, 0, 0, 0, 0, 0, 0, 0, 4, 2, 4, 3, 4, 0, 1, 2, 1, 2, 2, 3, 6, 4, 2, 1, 0, 46, 0, 0, 0, 0, 0, 0]",1,-0.0004215602124086503,-1,0
205,"[0, 1, 2, 1, 3, 2, 5, 10, 0, 1, 0, 0, 2, 0, 1, 0, 1, 0, 0, 0, 0, 0, 2, 0, 0, 0, 1, 0, 0, 0, 0, 0, 0, 1, 0, 2, 2, 0, 0, 1, 1, 0, 0, 0, 0, 0, 0, 1, 0, 0, 1, 0, 0, 1, 0, 0, 0, 0, 0, 0, 0, 0, 0, 4, 2, 4, 3, 4, 0, 1, 2, 1, 2, 2, 3, 6, 4, 2, 1, 0, 46, 0, 0, 0, 0, 0, 0]",-1,-0.0315641822753463,-1,1
206,"[0, 1, 3, 1, 3, 2, 5, 10, 0, 1, 0, 0, 2, 0, 1, 0, 1, 0, 0, 0, 0, 0, 2, 0, 0, 0, 1, 0, 0, 0, 0, 0, 0, 1, 0, 2, 2, 0, 0, 1, 1, 0, 0, 0, 0, 0, 0, 1, 0, 0, 1, 0, 0, 1, 0, 0, 0, 0, 0, 0, 0, 0, 0, 4, 2, 4, 3, 4, 0, 1, 2, 1, 2, 2, 3, 6, 4, 2, 1, 0, 47, 0, 0, 0, 0, 0, 0]",4,8.714729560580398,-1,1
207,"[0, 1, 3, 1, 3, 2, 5, 10, 0, 1, 0, 0, 2, 0, 1, 0, 1, 0, 0, 0, 0, 0, 2, 0, 0, 0, 1, 0, 0, 0, 0, 0, 0, 1, 0, 2, 2, 0, 0, 1, 1, 0, 0, 0, 0, 0, 0, 1, 0, 0, 1, 0, 0, 1, 0, 0, 0, 0, 0, 0, 0, 0, 0, 4, 2, 4, 3, 4, 0, 1, 2, 1, 2, 2, 3, 6, 4, 2, 1, 0, 48, 0, 0, 0, 0, 0, 0]",4,16.054999102573,-1,0
208,"[0, 1, 3, 1, 3, 2, 5, 10, 0, 1, 0, 0, 2, 0, 1, 0, 1, 0, 0, 0, 0, 0, 2, 0, 0, 0, 1, 0, 0, 0, 0, 0, 0, 1, 0, 2, 2, 0, 0, 1, 1, 0, 0, 0, 0, 0, 0, 1, 0, 0, 1, 0, 0, 1, 0, 0, 0, 0, 0, 0, 0, 0, 0, 4, 2, 4, 3, 4, 0, 1, 2, 1, 2, 2, 3, 6, 4, 2, 1, 0, 48, 0, 0, 0, 0, 0, 0]",1,0.8091675245289162,-1,1
209,"[0, 1, 3, 1, 3, 2, 5, 10, 0, 1, 0, 0, 2, 0, 1, 0, 1, 0, 0, 0, 0, 0, 2, 0, 0, 0, 1, 0, 0, 0, 0, 0, 0, 1, 0, 2, 2, 0, 0, 1, 1, 0, 0, 0, 0, 0, 0, 1, 0, 0, 1, 0, 0, 1, 0, 0, 0, 0, 0, 0, 0, 0, 0, 4, 2, 4, 3, 4, 0, 1, 2, 1, 2, 2, 3, 6, 4, 2, 1, 0, 48, 0, 0, 0, 0, 0, 0]",-1,-0.030939169590307042,-1,1
210,"[0, 1, 1, 1, 1, 1, 2, 5, 0, 1, 0, 0, 2, 0, 1, 0, 1, 0, 0, 0, 0, 0, 2, 0, 0, 0, 1, 0, 0, 0, 0, 0, 0, 1, 0, 2, 2, 0, 0, 1, 1, 0, 0, 0, 0, 0, 0, 1, 0, 0, 1, 0, 0, 1, 0, 0, 0, 0, 0, 0, 0, 0, 0, 4, 2, 4, 3, 4, 0, 1, 2, 1, 2, 2, 3, 6, 4, 2, 1, 2, 49, 0, 0, 0, 0, 0, 0]",4,8.731485779950681,-1,1
211,"[0, 1, 1, 1, 2, 1, 2, 5, 0, 1, 0, 0, 2, 0, 1, 0, 1, 0, 0, 0, 0, 0, 2, 0, 0, 0, 1, 0, 0, 0, 0, 0, 0, 1, 0, 2, 2, 0, 0, 1, 1, 0, 0, 0, 0, 0, 0, 1, 0, 0, 1, 0, 0, 1, 0, 0, 0, 0, 0, 0, 0, 0, 0, 4, 2, 4, 3, 4, 0, 1, 2, 1, 2, 2, 3, 6, 4, 2, 1, 2, 50, 0, 0, 0, 0, 0, 0]",4,16.474161398797236,-1,0
212,"[0, 1, 1, 1, 2, 1, 2, 5, 0, 1, 0, 0, 2, 0, 1, 0, 1, 0, 0, 0, 0, 0, 2, 0, 0, 0, 1, 0, 0, 0, 0, 0, 0, 1, 0, 2, 2, 0, 0, 1, 1, 0, 0, 0, 0, 0, 0, 1, 0, 0, 1, 0, 0, 1, 0, 0, 0, 0, 0, 0, 0, 0, 0, 4, 2, 4, 3, 4, 0, 1, 2, 1, 2, 2, 3, 6, 4, 2, 1, 2, 50, 1, 0, 0, 0, 0, 0]",3,0.3995054753686731,-1,1
213,"[0, 1, 1, 1, 2, 1, 2, 5, 0, 1, 0, 0, 2, 0, 1, 0, 1, 0, 0, 0, 0, 0, 2, 0, 0, 0, 1, 0, 0, 0, 0, 0, 0, 1, 0, 2, 2, 0, 0, 1, 1, 0, 0, 0, 0, 0, 0, 1, 0, 0, 1, 0, 0, 1, 0, 0, 0, 0, 0, 0, 0, 0, 0, 4, 2, 4, 3, 4, 0, 1, 2, 1, 2, 2, 3, 6, 4, 2, 1, 2, 50, 0, 0, 0, 0, 0, 0]",-1,-0.030326532985631673,-1,1
214,"[0, 1, 1, 1, 2, 1, 2, 5, 0, 1, 0, 0, 2, 0, 1, 0, 1, 0, 0, 0, 0, 0, 2, 0, 0, 0, 1, 0, 0, 0, 0, 0, 0, 1, 0, 2, 2, 0, 0, 1, 1, 0, 0, 0, 0, 0, 0, 1, 0, 0, 1, 0, 0, 1, 0, 0, 0, 0, 0, 0, 0, 0, 0, 4, 2, 4, 3, 4, 0, 1, 2, 1, 2, 2, 3, 6, 4, 2, 1, 2, 51, 0, 0, 0, 0, 0, 0]",4,8.822252791775945,-1,1
215,"[0, 1, 1, 1, 2, 1, 2, 5, 0, 1, 0, 0, 2, 0, 1, 0, 1, 0, 0, 0, 0, 0, 2, 0, 0, 0, 1, 0, 0, 0, 0, 0, 0, 1, 0, 2, 2, 0, 0, 1, 1, 0, 0, 0, 0, 0, 0, 1, 0, 0, 1, 0, 0, 1, 0, 0, 0, 0, 0, 0, 0, 0, 0, 4, 2, 4, 3, 4, 0, 1, 2, 1, 2, 2, 3, 6, 4, 2, 1, 2, 51, 0, 1, 0, 0, 0, 0]",2,0.5994853453692379,-1,0
216,"[0, 1, 1, 1, 2, 1, 2, 5, 0, 1, 0, 0, 2, 0, 1, 0, 1, 0, 0, 0, 0, 0, 2, 0, 0, 0, 1, 0, 0, 0, 0, 0, 0, 1, 0, 2, 2, 0, 0, 1, 1, 0, 0, 0, 0, 0, 0, 1, 0, 0, 1, 0, 0, 1, 0, 0, 0, 0, 0, 0, 0, 0, 0, 4, 2, 4, 3, 4, 0, 1, 2, 1, 2, 2, 3, 6, 4, 2, 1, 2, 51, 0, 1, 0, 0, 1, 0]","[[0 1 0 0]
 [1 0 0 0]]",0.8499102104273288,-1,0
217,"[0, 1, 1, 1, 2, 1, 2, 5, 0, 1, 0, 0, 2, 0, 1, 0, 1, 0, 0, 0, 0, 0, 2, 0, 0, 0, 1, 0, 0, 0, 0, 0, 0, 1, 0, 2, 2, 0, 0, 1, 1, 0, 0, 0, 0, 0, 0, 1, 0, 0, 1, 0, 0, 1, 0, 0, 0, 0, 0, 0, 0, 0, 0, 4, 2, 4, 3, 4, 0, 1, 2, 1, 2, 2, 3, 6, 4, 2, 1, 2, 51, 0, 0, 0, 0, 0, 0]",1,-0.5005146546307621,-1,1
218,"[0, 1, 1, 1, 3, 1, 2, 5, 0, 1, 0, 0, 2, 0, 1, 0, 1, 0, 0, 0, 0, 0, 2, 0, 0, 0, 1, 0, 0, 0, 0, 0, 0, 1, 0, 2, 2, 0, 0, 1, 1, 0, 0, 0, 0, 0, 0, 1, 0, 0, 1, 0, 0, 1, 0, 0, 0, 0, 0, 0, 0, 0, 0, 4, 2, 4, 3, 4, 0, 1, 2, 1, 2, 2, 3, 6, 4, 2, 1, 2, 52, 0, 0, 0, 0, 0, 0]",4,16.472907240054106,-1,0
219,"[0, 1, 1, 1, 3, 1, 2, 5, 0, 1, 0, 0, 2, 0, 1, 0, 1, 0, 0, 0, 0, 0, 2, 0, 0, 0, 1, 0, 0, 0, 0, 0, 0, 1, 0, 2, 2, 0, 0, 1, 1, 0, 0, 0, 0, 0, 0, 1, 0, 0, 1, 0, 0, 1, 0, 0, 0, 0, 0, 0, 0, 0, 0, 4, 2, 4, 3, 4, 0, 1, 2, 1, 2, 2, 3, 6, 4, 2, 1, 2, 52, 0, 0, 0, 0, 0, 0]",0,0.6255634318626984,-1,1
220,"[0, 1, 1, 1, 3, 1, 2, 5, 0, 1, 0, 0, 2, 0, 1, 0, 1, 0, 0, 0, 0, 0, 2, 0, 0, 0, 1, 0, 0, 0, 0, 0, 0, 1, 0, 2, 2, 0, 0, 1, 1, 0, 0, 0, 0, 0, 0, 1, 0, 0, 1, 0, 0, 1, 0, 0, 0, 0, 0, 0, 0, 0, 0, 4, 2, 4, 3, 4, 0, 1, 2, 1, 2, 2, 3, 6, 4, 2, 1, 2, 52, 0, 0, 0, 0, 0, 0]",-1,-0.02972602739850972,-1,1
221,"[0, 1, 2, 3, 3, 2, 3, 6, 0, 1, 0, 0, 2, 0, 1, 0, 1, 0, 0, 0, 0, 0, 2, 0, 0, 0, 1, 0, 0, 0, 0, 0, 0, 1, 0, 2, 2, 0, 0, 1, 1, 0, 0, 0, 0, 0, 0, 1, 0, 0, 1, 0, 0, 1, 0, 0, 0, 0, 0, 0, 0, 0, 0, 4, 2, 4, 3, 4, 0, 1, 2, 1, 2, 2, 3, 6, 4, 2, 1, 2, 53, 0, 0, 0, 0, 0, 0]",4,16.08114912416772,-1,0
222,"[0, 1, 2, 3, 3, 2, 3, 6, 0, 1, 0, 0, 2, 0, 1, 0, 1, 0, 0, 0, 0, 0, 2, 0, 0, 0, 1, 0, 0, 0, 0, 0, 0, 1, 0, 2, 2, 0, 0, 1, 1, 0, 0, 0, 0, 0, 0, 1, 0, 0, 1, 0, 0, 1, 0, 0, 0, 0, 0, 0, 0, 0, 0, 4, 2, 4, 3, 4, 0, 1, 2, 1, 2, 2, 3, 6, 4, 2, 1, 2, 54, 0, 0, 0, 0, 0, 0]",4,8.91654864239677,-1,1
223,"[0, 1, 2, 3, 3, 2, 3, 6, 0, 1, 0, 0, 2, 0, 1, 0, 1, 0, 0, 0, 0, 0, 2, 0, 0, 0, 1, 0, 0, 0, 0, 0, 0, 1, 0, 2, 2, 0, 0, 1, 1, 0, 0, 0, 0, 0, 0, 1, 0, 0, 1, 0, 0, 1, 0, 0, 0, 0, 0, 0, 0, 0, 0, 4, 2, 4, 3, 4, 0, 1, 2, 1, 2, 2, 3, 6, 4, 2, 1, 2, 54, 0, 1, 0, 0, 0, 0]",2,0.5994199188396432,-1,0
224,"[0, 1, 2, 3, 3, 2, 3, 6, 0, 1, 0, 0, 2, 0, 1, 0, 1, 0, 0, 0, 0, 0, 2, 0, 0, 0, 1, 0, 0, 0, 0, 0, 0, 1, 0, 2, 2, 0, 0, 1, 1, 0, 0, 0, 0, 0, 0, 1, 0, 0, 1, 0, 0, 1, 0, 0, 0, 0, 0, 0, 0, 0, 0, 4, 2, 4, 3, 4, 0, 1, 2, 1, 2, 2, 3, 6, 4, 2, 1, 2, 54, 0, 1, 0, 0, 1, 0]","[[0 1 0 0]
 [1 0 0 0]]",0.8498447838977341,-1,0
225,"[0, 1, 2, 3, 3, 2, 3, 6, 0, 1, 0, 0, 2, 0, 1, 0, 1, 0, 0, 0, 0, 0, 2, 0, 0, 0, 1, 0, 0, 0, 0, 0, 0, 1, 0, 2, 2, 0, 0, 1, 1, 0, 0, 0, 0, 0, 0, 1, 0, 0, 1, 0, 0, 1, 0, 0, 0, 0, 0, 0, 0, 0, 0, 4, 2, 4, 3, 4, 0, 1, 2, 1, 2, 2, 3, 6, 4, 2, 1, 2, 54, 0, 0, 0, 0, 0, 0]",1,-0.5005800811603568,-1,1
226,"[0, 1, 2, 3, 3, 2, 3, 6, 0, 1, 0, 0, 2, 0, 1, 0, 1, 0, 0, 0, 0, 0, 2, 0, 0, 0, 1, 0, 0, 0, 0, 0, 0, 1, 0, 2, 2, 0, 0, 1, 1, 0, 0, 0, 0, 0, 0, 1, 0, 0, 1, 0, 0, 1, 0, 0, 0, 0, 0, 0, 0, 0, 0, 4, 2, 4, 3, 4, 0, 1, 2, 1, 2, 2, 3, 6, 4, 2, 1, 2, 55, 0, 0, 0, 0, 0, 0]",4,16.07992561058697,-1,0
227,"[0, 1, 2, 3, 3, 2, 3, 6, 0, 1, 0, 0, 2, 0, 1, 0, 1, 0, 0, 0, 0, 0, 2, 0, 0, 0, 1, 0, 0, 0, 0, 0, 0, 1, 0, 2, 2, 0, 0, 1, 1, 0, 0, 0, 0, 0, 0, 1, 0, 0, 1, 0, 0, 1, 0, 0, 0, 0, 0, 0, 0, 0, 0, 4, 2, 4, 3, 4, 0, 1, 2, 1, 2, 2, 3, 6, 4, 2, 1, 2, 55, 0, 0, 0, 0, 0, 0]",0,0.6254953504349994,-1,1
228,"[0, 1, 2, 3, 3, 2, 3, 6, 0, 1, 0, 0, 2, 0, 1, 0, 1, 0, 0, 0, 0, 0, 2, 0, 0, 0, 1, 0, 0, 0, 0, 0, 0, 1, 0, 2, 2, 0, 0, 1, 1, 0, 0, 0, 0, 0, 0, 1, 0, 0, 1, 0, 0, 1, 0, 0, 0, 0, 0, 0, 0, 0, 0, 4, 2, 4, 3, 4, 0, 1, 2, 1, 2, 2, 3, 6, 4, 2, 1, 2, 55, 0, 0, 0, 0, 0, 0]",-1,-0.028847490519024334,-1,1
229,"[0, 1, 2, 3, 3, 2, 3, 6, 0, 1, 0, 0, 2, 0, 1, 0, 1, 0, 0, 0, 0, 0, 2, 0, 0, 0, 1, 0, 0, 0, 0, 0, 0, 1, 0, 2, 2, 0, 0, 1, 1, 0, 0, 0, 0, 0, 0, 1, 0, 0, 1, 0, 0, 1, 0, 0, 0, 0, 0, 0, 0, 0, 0, 4, 2, 4, 3, 4, 0, 1, 2, 1, 2, 2, 3, 6, 4, 2, 1, 2, 55, 1, 0, 0, 0, 0, 0]",3,0.3993963167350583,-1,0
230,"[0, 1, 0, 4, 3, 2, 3, 6, 0, 1, 0, 0, 2, 0, 1, 0, 1, 0, 0, 0, 0, 0, 2, 0, 0, 0, 1, 0, 0, 0, 0, 0, 0, 1, 0, 2, 2, 0, 0, 1, 1, 0, 0, 0, 0, 0, 0, 1, 0, 0, 1, 0, 0, 1, 0, 0, 0, 0, 0, 0, 0, 0, 0, 4, 2, 4, 3, 4, 0, 1, 2, 1, 2, 2, 3, 6, 4, 2, 1, 2, 55, 0, 0, 0, 0, 0, 0]","[[0 0 2 0]
 [0 0 0 1]]",0.0008539986460993685,-1,0
231,"[0, 1, 0, 4, 3, 2, 3, 6, 0, 1, 0, 0, 2, 0, 1, 0, 1, 0, 0, 0, 0, 0, 2, 0, 0, 0, 1, 0, 0, 0, 0, 0, 0, 1, 0, 2, 2, 0, 0, 1, 1, 0, 0, 0, 0, 0, 0, 1, 0, 0, 1, 0, 0, 1, 0, 0, 0, 0, 0, 0, 0, 0, 0, 4, 2, 4, 3, 4, 0, 1, 2, 1, 2, 2, 3, 6, 4, 2, 1, 2, 55, 1, 0, 0, 0, 0, 0]",3,0.3993963167350583,-1,0
232,"[0, 2, 0, 2, 3, 2, 3, 6, 0, 1, 0, 0, 2, 0, 1, 0, 1, 0, 0, 0, 0, 0, 2, 0, 0, 0, 1, 0, 0, 0, 0, 0, 0, 1, 0, 2, 2, 0, 0, 1, 1, 0, 0, 0, 0, 0, 0, 1, 0, 0, 1, 0, 0, 1, 0, 0, 0, 0, 0, 0, 0, 0, 0, 4, 2, 4, 3, 4, 0, 1, 2, 1, 2, 2, 3, 6, 4, 2, 1, 2, 55, 0, 0, 0, 0, 0, 0]","[[0 0 0 2]
 [0 1 0 0]]",0.0008539986460993685,-1,0
233,"[0, 2, 0, 2, 3, 2, 3, 6, 0, 1, 0, 0, 2, 0, 1, 0, 1, 0, 0, 0, 0, 0, 2, 0, 0, 0, 1, 0, 0, 0, 0, 0, 0, 1, 0, 2, 2, 0, 0, 1, 1, 0, 0, 0, 0, 0, 0, 1, 0, 0, 1, 0, 0, 1, 0, 0, 0, 0, 0, 0, 0, 0, 0, 4, 2, 4, 3, 4, 0, 1, 2, 1, 2, 2, 3, 6, 4, 2, 1, 2, 55, 1, 0, 0, 0, 0, 0]",3,0.3993963167350583,-1,0
234,"[1, 2, 0, 0, 3, 2, 3, 6, 0, 1, 0, 0, 2, 0, 1, 0, 1, 0, 0, 0, 0, 0, 2, 0, 0, 0, 1, 0, 0, 0, 0, 0, 0, 1, 0, 2, 2, 0, 0, 1, 1, 0, 0, 0, 0, 0, 0, 1, 0, 0, 1, 0, 0, 1, 0, 0, 0, 0, 0, 0, 0, 0, 0, 4, 2, 4, 3, 4, 0, 1, 2, 1, 2, 2, 3, 6, 4, 2, 1, 2, 55, 0, 0, 0, 0, 0, 0]","[[0 0 0 2]
 [1 0 0 0]]",0.0008539986460993685,-1,0
235,"[1, 2, 0, 0, 3, 2, 3, 6, 0, 1, 0, 0, 2, 0, 1, 0, 1, 0, 0, 0, 0, 0, 2, 0, 0, 0, 1, 0, 0, 0, 0, 0, 0, 1, 0, 2, 2, 0, 0, 1, 1, 0, 0, 0, 0, 0, 0, 1, 0, 0, 1, 0, 0, 1, 0, 0, 0, 0, 0, 0, 0, 0, 0, 4, 2, 4, 3, 4, 0, 1, 2, 1, 2, 2, 3, 6, 4, 2, 1, 2, 55, 0, 1, 0, 0, 0, 0]",2,0.5993963167350583,-1,0
236,"[1, 2, 0, 0, 3, 2, 3, 6, 0, 1, 0, 0, 2, 0, 1, 0, 1, 0, 0, 0, 0, 0, 2, 0, 0, 0, 1, 0, 0, 0, 0, 0, 0, 1, 0, 2, 2, 0, 0, 1, 1, 0, 0, 0, 0, 0, 0, 1, 0, 0, 1, 0, 0, 1, 0, 0, 0, 0, 0, 0, 0, 0, 0, 4, 2, 4, 3, 4, 0, 1, 2, 1, 2, 2, 3, 6, 4, 2, 1, 2, 55, 0, 1, 0, 0, 1, 0]","[[0 1 0 0]
 [1 0 0 0]]",0.8498211817931492,-1,0
237,"[1, 2, 0, 0, 3, 2, 3, 6, 0, 1, 0, 0, 2, 0, 1, 0, 1, 0, 0, 0, 0, 0, 2, 0, 0, 0, 1, 0, 0, 0, 0, 0, 0, 1, 0, 2, 2, 0, 0, 1, 1, 0, 0, 0, 0, 0, 0, 1, 0, 0, 1, 0, 0, 1, 0, 0, 0, 0, 0, 0, 0, 0, 0, 4, 2, 4, 3, 4, 0, 1, 2, 1, 2, 2, 3, 6, 4, 2, 1, 2, 55, 0, 0, 0, 0, 0, 0]",1,-0.5006036832649416,-1,1
238,"[1, 2, 0, 0, 3, 2, 3, 6, 0, 1, 0, 0, 2, 0, 1, 0, 1, 0, 0, 0, 0, 0, 2, 0, 0, 0, 1, 0, 0, 0, 0, 0, 0, 1, 0, 2, 2, 0, 0, 1, 1, 0, 0, 0, 0, 0, 0, 1, 0, 0, 1, 0, 0, 1, 0, 0, 0, 0, 0, 0, 0, 0, 0, 4, 2, 4, 3, 4, 0, 1, 2, 1, 2, 2, 3, 6, 4, 2, 1, 2, 55, 0, 0, 0, 0, 0, 0]",0,0.4421151891586314,-1,0
239,"[0, 1, 0, 0, 3, 2, 3, 6, 0, 1, 0, 0, 2, 0, 1, 0, 1, 0, 0, 0, 0, 0, 2, 0, 0, 0, 1, 0, 0, 0, 0, 0, 0, 1, 0, 2, 2, 0, 0, 1, 1, 1, 0, 0, 0, 0, 0, 1, 0, 0, 1, 0, 0, 1, 0, 0, 0, 0, 0, 0, 0, 0, 1, 5, 2, 4, 3, 4, 0, 1, 2, 1, 2, 2, 3, 6, 4, 2, 1, 2, 55, 0, 0, 0, 0, 0, 0]",9,199.99939631673504,-1,0
240,"[0, 1, 0, 0, 3, 2, 3, 6, 0, 1, 0, 0, 2, 0, 1, 0, 1, 0, 0, 0, 0, 0, 2, 0, 0, 0, 1, 0, 0, 0, 0, 0, 0, 1, 0, 2, 2, 0, 0, 1, 1, 1, 0, 0, 0, 0, 0, 1, 0, 0, 1, 0, 0, 1, 0, 0, 0, 0, 0, 0, 0, 0, 1, 5, 2, 4, 3, 4, 0, 1, 2, 1, 2, 2, 3, 6, 4, 2, 1, 2, 55, 0, 0, 0, 0, 0, 0]",9,199.99939631673504,1,0
