id,obs,action,reward,winner,current_player
0,"[3, 3, 1, 1, 4, 4, 2, 2, 0, 0, 0, 0, 0, 1, 0, 0, 0, 0, 0, 0, 0, 0, 0, 0, 0, 0, 0, 0, 0, 0, 0, 0, 0, 0, 0, 0, 0, 0, 0, 0, 0, 0, 0, 0, 0, 0, 0, 0, 0, 0, 0, 0, 0, 0, 0, 0, 0, 0, 0, 0, 0, 0, 0, 1, 0, 1, 0, 1, 4, 3, 2, 2, 5, 6, 3, 4, 1, 2, 1, 1, 0, 0, 0, 0, 0, 0, 0]",5,0.9889727918669887,-1,0
1,"[2, 2, 1, 1, 4, 4, 2, 2, 0, 0, 0, 0, 0, 1, 0, 0, 0, 0, 0, 0, 0, 0, 0, 0, 0, 0, 0, 0, 0, 0, 0, 0, 0, 0, 0, 0, 1, 0, 0, 0, 0, 0, 0, 0, 0, 0, 0, 0, 0, 0, 0, 0, 0, 0, 0, 0, 0, 0, 0, 0, 0, 0, 0, 1, 0, 1, 0, 1, 4, 3, 2, 2, 5, 6, 3, 4, 1, 2, 1, 1, 0, 0, 0, 0, 0, 0, 0]",4,0.4999329299739067,-1,0
2,"[2, 2, 1, 1, 3, 3, 1, 1, 0, 0, 0, 0, 0, 1, 0, 0, 0, 0, 0, 0, 0, 2, 0, 0, 0, 0, 0, 0, 0, 0, 0, 0, 0, 0, 0, 0, 1, 0, 0, 0, 0, 0, 0, 0, 0, 0, 0, 0, 0, 0, 0, 0, 0, 0, 0, 0, 0, 0, 0, 0, 0, 0, 0, 1, 1, 1, 0, 1, 4, 3, 2, 2, 5, 6, 3, 4, 1, 2, 1, 1, 0, 0, 0, 0, 0, 0, 0]",13,0.9889727918669887,-1,1
3,"[2, 2, 1, 1, 2, 2, 1, 1, 0, 0, 0, 0, 0, 1, 0, 0, 0, 0, 0, 0, 0, 2, 0, 0, 0, 0, 0, 0, 0, 0, 0, 0, 0, 0, 0, 0, 1, 0, 0, 0, 0, 0, 0, 0, 0, 2, 0, 0, 0, 0, 0, 0, 0, 0, 0, 0, 0, 0, 0, 0, 0, 0, 0, 1, 1, 1, 0, 1, 4, 3, 2, 2, 5, 6, 3, 4, 1, 2, 1, 1, 0, 0, 0, 0, 0, 0, 0]",13,0.4999329299739067,-1,1
4,"[2, 2, 1, 1, 1, 1, 0, 0, 0, 0, 0, 0, 0, 1, 0, 0, 0, 0, 0, 0, 0, 2, 0, 2, 0, 0, 0, 0, 0, 0, 0, 0, 0, 0, 0, 0, 1, 0, 0, 0, 0, 0, 0, 0, 0, 2, 0, 0, 0, 0, 0, 0, 0, 0, 0, 0, 0, 0, 0, 0, 0, 0, 0, 1, 2, 1, 0, 1, 4, 3, 2, 2, 5, 6, 3, 4, 1, 2, 1, 1, 0, 0, 0, 0, 0, 0, 0]",15,1.6519460376222421,-1,1
5,"[2, 2, 1, 1, 0, 0, 0, 0, 0, 0, 0, 0, 0, 1, 0, 0, 0, 0, 0, 0, 0, 2, 0, 2, 0, 0, 0, 0, 0, 0, 0, 0, 0, 0, 0, 0, 1, 0, 0, 0, 0, 0, 0, 0, 0, 2, 0, 0, 0, 2, 0, 0, 0, 0, 0, 0, 0, 0, 0, 0, 0, 0, 0, 1, 2, 1, 0, 1, 4, 3, 2, 2, 5, 6, 3, 4, 1, 2, 1, 1, 0, 0, 0, 0, 0, 0, 0]",17,0.4999329299739067,-1,1
6,"[1, 1, 0, 0, 0, 0, 0, 0, 0, 0, 0, 0, 0, 1, 0, 0, 0, 0, 0, 0, 0, 2, 0, 2, 0, 0, 0, 0, 0, 1, 0, 0, 0, 0, 0, 0, 1, 0, 0, 0, 0, 0, 0, 0, 0, 2, 0, 0, 0, 2, 0, 0, 0, 0, 0, 0, 0, 0, 0, 0, 0, 0, 0, 2, 2, 1, 0, 1, 4, 3, 2, 2, 5, 6, 3, 4, 1, 2, 1, 1, 0, 0, 0, 0, 0, 0, 0]",21,1.6519460376222421,-1,0
7,"[1, 1, 0, 0, 1, 2, 2, 1, 0, 0, 0, 0, 0, 1, 0, 0, 0, 0, 0, 0, 0, 2, 0, 2, 0, 0, 0, 0, 0, 1, 0, 0, 0, 0, 0, 0, 1, 0, 0, 0, 0, 0, 0, 0, 0, 2, 0, 0, 0, 2, 0, 0, 0, 0, 0, 0, 0, 0, 1, 0, 0, 0, 0, 2, 2, 1, 0, 1, 4, 3, 2, 2, 5, 6, 3, 4, 1, 2, 1, 1, 1, 0, 0, 0, 0, 0, 0]",26,0.499930193749578,-1,0
8,"[1, 1, 0, 0, 1, 2, 2, 1, 0, 0, 0, 0, 0, 1, 0, 0, 0, 0, 0, 0, 0, 2, 0, 2, 0, 0, 0, 0, 0, 1, 0, 0, 0, 0, 0, 0, 1, 0, 0, 0, 0, 0, 0, 0, 0, 2, 0, 0, 0, 2, 0, 0, 0, 0, 0, 0, 0, 0, 1, 0, 0, 0, 0, 2, 2, 1, 0, 1, 4, 3, 2, 2, 5, 6, 3, 4, 1, 2, 1, 1, 1, 0, 1, 0, 0, 0, 0]",2,0.599930193749578,-1,0
9,"[1, 1, 0, 0, 1, 2, 2, 1, 0, 0, 0, 0, 0, 1, 0, 0, 0, 0, 0, 0, 0, 2, 0, 2, 0, 0, 0, 0, 0, 1, 0, 0, 0, 0, 0, 0, 1, 0, 0, 0, 0, 0, 0, 0, 0, 2, 0, 0, 0, 2, 0, 0, 0, 0, 0, 0, 0, 0, 1, 0, 0, 0, 0, 2, 2, 1, 0, 1, 4, 3, 2, 2, 5, 6, 3, 4, 1, 2, 1, 1, 1, 0, 1, 0, 0, 1, 0]","[[0 1 0 0]
 [0 0 0 1]]",0.8503550588076689,-1,0
10,"[1, 1, 0, 0, 1, 2, 2, 1, 0, 0, 0, 0, 0, 1, 0, 0, 0, 0, 0, 0, 0, 2, 0, 2, 0, 0, 0, 0, 0, 1, 0, 0, 0, 0, 0, 0, 1, 0, 0, 0, 0, 0, 0, 0, 0, 2, 0, 0, 0, 2, 0, 0, 0, 0, 0, 0, 0, 0, 1, 0, 0, 0, 0, 2, 2, 1, 0, 1, 4, 3, 2, 2, 5, 6, 3, 4, 1, 2, 1, 1, 1, 0, 1, 0, 0, 0, 1]",2,-6.980625042201226e-05,-1,1
11,"[1, 1, 0, 0, 1, 2, 2, 1, 0, 0, 0, 0, 0, 1, 0, 0, 0, 0, 0, 0, 0, 2, 0, 2, 0, 0, 0, 0, 0, 1, 0, 0, 0, 0, 0, 0, 1, 0, 0, 0, 0, 0, 0, 0, 0, 2, 0, 0, 0, 2, 0, 0, 0, 0, 0, 0, 0, 0, 1, 0, 0, 0, 0, 2, 2, 1, 0, 1, 4, 3, 2, 2, 5, 6, 3, 4, 1, 2, 1, 1, 1, 0, 0, 1, 0, 0, 0]","[[1 0 0 0]
 [0 1 0 0]]",-6.980625042201226e-05,-1,1
12,"[2, 0, 0, 0, 0, 3, 2, 1, 0, 0, 0, 0, 0, 1, 0, 0, 0, 0, 0, 0, 0, 2, 0, 2, 0, 0, 0, 0, 0, 1, 0, 0, 0, 0, 0, 0, 1, 0, 0, 0, 0, 0, 0, 0, 0, 2, 0, 0, 0, 2, 0, 0, 0, 0, 0, 0, 0, 0, 1, 0, 0, 0, 0, 2, 2, 1, 0, 1, 4, 3, 2, 2, 5, 6, 3, 4, 1, 2, 1, 1, 1, 0, 0, 0, 0, 0, 0]",0,-6.980625042201226e-05,-1,0
13,"[2, 0, 0, 0, 0, 3, 2, 1, 0, 0, 0, 0, 0, 1, 0, 0, 0, 0, 0, 0, 0, 2, 0, 2, 0, 0, 0, 0, 0, 1, 0, 0, 0, 0, 0, 0, 1, 0, 0, 0, 0, 0, 0, 0, 0, 2, 0, 0, 0, 2, 0, 0, 0, 0, 0, 0, 0, 0, 1, 0, 0, 0, 0, 2, 2, 1, 0, 1, 4, 3, 2, 2, 5, 6, 3, 4, 1, 2, 1, 1, 1, 0, 0, 0, 0, 0, 0]",0,0.626029227449519,-1,0
14,"[2, 0, 0, 0, 0, 3, 2, 1, 0, 0, 0, 0, 0, 1, 0, 0, 0, 0, 0, 0, 0, 2, 0, 2, 0, 0, 0, 0, 0, 1, 0, 0, 0, 0, 0, 0, 1, 0, 0, 0, 0, 0, 0, 0, 0, 2, 0, 0, 0, 2, 0, 0, 0, 0, 0, 0, 0, 0, 1, 0, 0, 0, 0, 2, 2, 1, 0, 1, 4, 3, 2, 2, 5, 6, 3, 4, 1, 2, 1, 1, 1, 0, 0, 0, 0, 0, 0]",-1,-0.049502491687458405,-1,0
15,"[2, 1, 0, 0, 0, 4, 2, 2, 0, 0, 0, 0, 0, 1, 0, 0, 0, 0, 0, 0, 0, 2, 0, 2, 0, 0, 0, 0, 0, 1, 0, 0, 0, 0, 0, 0, 1, 0, 0, 0, 0, 0, 0, 0, 0, 2, 0, 0, 0, 2, 0, 0, 0, 0, 0, 0, 0, 0, 1, 0, 0, 0, 0, 2, 2, 1, 0, 1, 4, 3, 2, 2, 5, 6, 3, 4, 1, 2, 1, 1, 2, 0, 0, 0, 0, 0, 0]",4,8.754600971132257,-1,0
16,"[3, 1, 0, 0, 0, 4, 2, 2, 0, 0, 0, 0, 0, 1, 0, 0, 0, 0, 0, 0, 0, 2, 0, 2, 0, 0, 0, 0, 0, 1, 0, 0, 0, 0, 0, 0, 1, 0, 0, 0, 0, 0, 0, 0, 0, 2, 0, 0, 0, 2, 0, 0, 0, 0, 0, 0, 0, 0, 1, 0, 0, 0, 0, 2, 2, 1, 0, 1, 4, 3, 2, 2, 5, 6, 3, 4, 1, 2, 1, 1, 3, 0, 0, 0, 0, 0, 0]",4,8.85540044589539,-1,1
17,"[3, 1, 0, 0, 1, 4, 2, 2, 0, 0, 0, 0, 0, 1, 0, 0, 0, 0, 0, 0, 0, 2, 0, 2, 0, 0, 0, 0, 0, 1, 0, 0, 0, 0, 0, 0, 1, 0, 0, 0, 0, 0, 0, 0, 0, 2, 0, 0, 0, 2, 0, 0, 0, 0, 0, 0, 0, 0, 1, 0, 0, 0, 0, 2, 2, 1, 0, 1, 4, 3, 2, 2, 5, 6, 3, 4, 1, 2, 1, 1, 4, 0, 0, 0, 0, 0, 0]",4,8.590440407802625,-1,0
18,"[3, 1, 0, 0, 1, 4, 2, 2, 0, 0, 0, 0, 0, 1, 0, 0, 0, 0, 0, 0, 0, 2, 0, 2, 0, 0, 0, 0, 0, 1, 0, 0, 0, 0, 0, 0, 1, 0, 0, 0, 0, 0, 0, 0, 0, 2, 0, 0, 0, 2, 0, 0, 0, 0, 0, 0, 0, 0, 1, 0, 0, 0, 0, 2, 2, 1, 0, 1, 4, 3, 2, 2, 5, 6, 3, 4, 1, 2, 1, 1, 4, 0, 0, 0, 0, 0, 0]",1,0.8095454122743514,-1,1
19,"[3, 1, 0, 0, 0, 3, 1, 1, 0, 0, 0, 0, 0, 1, 0, 0, 0, 0, 0, 2, 0, 2, 0, 2, 0, 0, 0, 0, 0, 1, 0, 0, 0, 0, 0, 0, 1, 0, 0, 0, 0, 0, 0, 0, 0, 2, 0, 0, 0, 2, 0, 0, 0, 0, 0, 0, 0, 0, 1, 0, 0, 0, 0, 2, 3, 1, 0, 1, 4, 3, 2, 2, 5, 6, 3, 4, 1, 2, 1, 1, 4, 0, 0, 0, 0, 0, 0]",11,4.096338661438129,-1,1
20,"[4, 1, 0, 0, 0, 3, 1, 1, 0, 0, 0, 0, 0, 1, 0, 0, 0, 0, 0, 2, 0, 2, 0, 2, 0, 0, 0, 0, 0, 1, 0, 0, 0, 0, 0, 0, 1, 0, 0, 0, 0, 0, 0, 0, 0, 2, 0, 0, 0, 2, 0, 0, 0, 0, 0, 0, 0, 0, 1, 0, 0, 0, 0, 2, 3, 1, 0, 1, 4, 3, 2, 2, 5, 6, 3, 4, 1, 2, 1, 1, 5, 0, 0, 0, 0, 0, 0]",4,10.488952496797666,-1,1
21,"[4, 1, 0, 0, 0, 3, 1, 1, 0, 0, 0, 0, 0, 1, 0, 0, 0, 0, 0, 2, 0, 2, 0, 2, 0, 0, 0, 0, 0, 1, 0, 0, 0, 0, 0, 0, 1, 0, 0, 0, 0, 0, 0, 0, 0, 2, 0, 0, 0, 2, 0, 0, 0, 0, 0, 0, 0, 0, 1, 0, 0, 0, 0, 2, 3, 1, 0, 1, 4, 3, 2, 2, 5, 6, 3, 4, 1, 2, 1, 1, 5, 0, 0, 0, 0, 0, 0]",0,0.6260171202669438,-1,0
22,"[4, 1, 0, 0, 0, 3, 1, 1, 0, 0, 0, 0, 0, 1, 0, 0, 0, 0, 0, 2, 0, 2, 0, 2, 0, 0, 0, 0, 0, 1, 0, 0, 0, 0, 0, 0, 1, 0, 0, 0, 0, 0, 0, 0, 0, 2, 0, 0, 0, 2, 0, 0, 0, 0, 0, 0, 0, 0, 1, 0, 0, 0, 0, 2, 3, 1, 0, 1, 4, 3, 2, 2, 5, 6, 3, 4, 1, 2, 1, 1, 5, 0, 0, 0, 0, 0, 0]",-1,-0.047561471225035706,-1,0
23,"[4, 2, 0, 0, 0, 4, 1, 2, 0, 0, 0, 0, 0, 1, 0, 0, 0, 0, 0, 2, 0, 2, 0, 2, 0, 0, 0, 0, 0, 1, 0, 0, 0, 0, 0, 0, 1, 0, 0, 0, 0, 0, 0, 0, 0, 2, 0, 0, 0, 2, 0, 0, 0, 0, 0, 0, 0, 0, 1, 0, 0, 0, 0, 2, 3, 1, 0, 1, 4, 3, 2, 2, 5, 6, 3, 4, 1, 2, 1, 1, 6, 0, 0, 0, 0, 0, 0]",4,8.545744901931366,-1,0
24,"[4, 2, 0, 0, 2, 4, 1, 2, 0, 0, 0, 0, 0, 1, 0, 0, 0, 0, 0, 2, 0, 2, 0, 2, 0, 0, 0, 0, 0, 1, 0, 0, 0, 0, 0, 0, 1, 0, 0, 0, 0, 0, 0, 0, 0, 2, 0, 0, 0, 2, 0, 0, 0, 0, 0, 0, 0, 0, 1, 0, 0, 0, 0, 2, 3, 1, 0, 1, 4, 3, 2, 2, 5, 6, 3, 4, 1, 2, 1, 1, 7, 0, 0, 0, 0, 0, 0]",4,10.693137699634999,-1,1
25,"[2, 1, 0, 0, 1, 2, 1, 1, 0, 0, 0, 0, 0, 1, 0, 0, 0, 0, 0, 2, 0, 2, 0, 2, 0, 0, 0, 0, 0, 1, 0, 0, 0, 0, 0, 0, 1, 0, 0, 0, 0, 0, 0, 0, 0, 2, 0, 0, 0, 2, 0, 0, 0, 0, 0, 0, 0, 0, 1, 0, 0, 0, 0, 2, 3, 1, 0, 1, 4, 3, 2, 2, 5, 6, 3, 4, 1, 2, 1, 1, 8, 0, 0, 0, 0, 0, 0]",4,8.748815671495274,-1,0
26,"[2, 1, 0, 0, 1, 2, 1, 1, 0, 0, 0, 0, 0, 1, 0, 0, 0, 0, 0, 2, 0, 2, 0, 2, 0, 0, 0, 0, 0, 1, 0, 0, 0, 0, 0, 0, 1, 0, 0, 0, 0, 0, 0, 0, 0, 2, 0, 0, 0, 2, 0, 0, 0, 0, 0, 0, 0, 0, 1, 0, 0, 0, 0, 2, 3, 1, 0, 1, 4, 3, 2, 2, 5, 6, 3, 4, 1, 2, 1, 1, 8, 0, 0, 0, 0, 0, 0]",0,0.6260066813846362,-1,1
27,"[2, 1, 0, 0, 0, 1, 1, 1, 0, 0, 0, 0, 0, 1, 0, 0, 0, 0, 0, 2, 0, 2, 0, 2, 0, 0, 0, 0, 0, 1, 0, 0, 0, 0, 0, 0, 1, 0, 0, 0, 0, 0, 0, 2, 0, 2, 0, 0, 0, 2, 0, 0, 0, 0, 0, 0, 0, 0, 1, 0, 0, 0, 0, 2, 3, 1, 0, 1, 4, 3, 2, 2, 5, 6, 3, 4, 1, 2, 1, 1, 8, 0, 0, 0, 0, 0, 0]",11,0.4999076476846952,-1,1
28,"[2, 1, 0, 0, 0, 1, 3, 1, 0, 0, 0, 0, 0, 1, 0, 0, 0, 0, 0, 2, 0, 2, 0, 2, 0, 0, 0, 0, 0, 1, 0, 0, 0, 0, 0, 0, 1, 0, 0, 0, 0, 0, 0, 2, 0, 2, 0, 0, 0, 2, 0, 0, 0, 0, 0, 0, 0, 0, 1, 0, 0, 0, 0, 2, 3, 1, 0, 1, 4, 3, 2, 2, 5, 6, 3, 4, 1, 2, 1, 1, 9, 0, 0, 0, 0, 0, 0]",4,11.745170981480658,-1,1
29,"[2, 1, 0, 0, 0, 1, 3, 1, 0, 0, 0, 0, 0, 1, 0, 0, 0, 0, 0, 2, 0, 2, 0, 2, 0, 0, 0, 0, 0, 1, 0, 0, 0, 0, 0, 0, 1, 0, 0, 0, 0, 0, 0, 2, 0, 2, 0, 0, 0, 2, 0, 0, 0, 0, 0, 0, 0, 0, 1, 0, 0, 0, 0, 2, 3, 1, 0, 1, 4, 3, 2, 2, 5, 6, 3, 4, 1, 2, 1, 1, 9, 0, 0, 0, 0, 0, 0]",0,0.626002914226507,-1,0
30,"[1, 0, 0, 0, 0, 1, 3, 1, 0, 0, 0, 0, 0, 1, 0, 0, 0, 0, 0, 2, 0, 2, 0, 2, 0, 0, 0, 0, 0, 1, 0, 0, 0, 0, 0, 0, 1, 0, 0, 0, 0, 0, 0, 2, 0, 2, 0, 0, 0, 2, 0, 0, 0, 0, 0, 0, 0, 1, 1, 0, 0, 0, 0, 2, 3, 1, 0, 1, 4, 3, 2, 2, 5, 6, 3, 4, 1, 2, 1, 1, 9, 0, 0, 0, 0, 0, 0]",25,0.6606602492923831,-1,0
31,"[1, 0, 0, 0, 0, 1, 3, 1, 0, 0, 0, 0, 0, 1, 0, 0, 0, 0, 0, 2, 0, 2, 0, 2, 0, 0, 0, 0, 0, 1, 0, 0, 0, 0, 0, 0, 1, 0, 0, 0, 0, 0, 0, 2, 0, 2, 0, 0, 0, 2, 0, 0, 0, 0, 0, 0, 0, 1, 1, 0, 0, 0, 0, 2, 3, 1, 0, 1, 4, 3, 2, 2, 5, 6, 3, 4, 1, 2, 1, 1, 9, 0, 0, 0, 0, 0, 0]",0,0.5855658991004188,-1,0
32,"[1, 0, 0, 0, 0, 1, 3, 1, 0, 0, 0, 0, 0, 1, 0, 0, 0, 0, 0, 2, 0, 2, 0, 2, 0, 0, 0, 0, 0, 1, 0, 0, 0, 0, 0, 0, 1, 0, 0, 0, 0, 0, 0, 2, 0, 2, 0, 0, 0, 2, 0, 0, 0, 0, 0, 0, 0, 1, 1, 0, 0, 0, 0, 2, 3, 1, 0, 1, 4, 3, 2, 2, 5, 6, 3, 4, 1, 2, 1, 1, 9, 0, 0, 0, 0, 0, 0]",-1,-0.04569655926356141,-1,0
33,"[1, 0, 0, 0, 0, 1, 3, 1, 0, 0, 0, 0, 0, 1, 0, 0, 0, 0, 0, 2, 0, 2, 0, 2, 0, 0, 0, 0, 0, 1, 0, 0, 0, 0, 0, 0, 1, 0, 0, 0, 0, 0, 0, 2, 0, 2, 0, 0, 0, 2, 0, 0, 0, 0, 0, 0, 0, 1, 1, 0, 0, 0, 0, 2, 3, 1, 0, 1, 4, 3, 2, 2, 5, 6, 3, 4, 1, 2, 1, 1, 9, 0, 1, 0, 0, 0, 0]",2,0.599903880526566,-1,0
34,"[1, 0, 0, 0, 0, 1, 3, 1, 0, 0, 0, 0, 0, 1, 0, 0, 0, 0, 0, 2, 0, 2, 0, 2, 0, 0, 0, 0, 0, 1, 0, 0, 0, 0, 0, 0, 1, 0, 0, 0, 0, 0, 0, 2, 0, 2, 0, 0, 0, 2, 0, 0, 0, 0, 0, 0, 0, 1, 1, 0, 0, 0, 0, 2, 3, 1, 0, 1, 4, 3, 2, 2, 5, 6, 3, 4, 1, 2, 1, 1, 9, 0, 1, 0, 0, 1, 0]","[[1 0 0 0]
 [0 0 0 1]]",0.8503287455846569,-1,0
35,"[1, 0, 0, 0, 0, 1, 3, 1, 0, 0, 0, 0, 0, 1, 0, 0, 0, 0, 0, 2, 0, 2, 0, 2, 0, 0, 0, 0, 0, 1, 0, 0, 0, 0, 0, 0, 1, 0, 0, 0, 0, 0, 0, 2, 0, 2, 0, 0, 0, 2, 0, 0, 0, 0, 0, 0, 0, 1, 1, 0, 0, 0, 0, 2, 3, 1, 0, 1, 4, 3, 2, 2, 5, 6, 3, 4, 1, 2, 1, 1, 9, 0, 1, 0, 0, 0, 1]",2,-9.611947343405211e-05,-1,1
36,"[1, 0, 0, 0, 0, 1, 3, 1, 0, 0, 0, 0, 0, 1, 0, 0, 0, 0, 0, 2, 0, 2, 0, 2, 0, 0, 0, 0, 0, 1, 0, 0, 0, 0, 0, 0, 1, 0, 0, 0, 0, 0, 0, 2, 0, 2, 0, 0, 0, 2, 0, 0, 0, 0, 0, 0, 0, 1, 1, 0, 0, 0, 0, 2, 3, 1, 0, 1, 4, 3, 2, 2, 5, 6, 3, 4, 1, 2, 1, 1, 9, 0, 0, 1, 0, 0, 0]","[[0 1 0 0]
 [1 0 0 0]]",-9.611947343405211e-05,-1,1
37,"[0, 1, 0, 0, 1, 0, 3, 1, 0, 0, 0, 0, 0, 1, 0, 0, 0, 0, 0, 2, 0, 2, 0, 2, 0, 0, 0, 0, 0, 1, 0, 0, 0, 0, 0, 0, 1, 0, 0, 0, 0, 0, 0, 2, 0, 2, 0, 0, 0, 2, 0, 0, 0, 0, 0, 0, 0, 1, 1, 0, 0, 0, 0, 2, 3, 1, 0, 1, 4, 3, 2, 2, 5, 6, 3, 4, 1, 2, 1, 1, 9, 0, 0, 0, 0, 0, 0]",0,-9.611947343405211e-05,-1,0
38,"[0, 2, 0, 0, 1, 1, 3, 2, 0, 0, 0, 0, 0, 1, 0, 0, 0, 0, 0, 2, 0, 2, 0, 2, 0, 0, 0, 0, 0, 1, 0, 0, 0, 0, 0, 0, 1, 0, 0, 0, 0, 0, 0, 2, 0, 2, 0, 0, 0, 2, 0, 0, 0, 0, 0, 0, 0, 1, 1, 0, 0, 0, 0, 2, 3, 1, 0, 1, 4, 3, 2, 2, 5, 6, 3, 4, 1, 2, 1, 1, 10, 0, 0, 0, 0, 0, 0]",4,9.86622304405103,-1,0
39,"[0, 2, 0, 0, 1, 1, 3, 2, 0, 0, 0, 0, 0, 1, 0, 0, 0, 0, 0, 2, 0, 2, 0, 2, 0, 0, 0, 0, 0, 1, 0, 0, 0, 0, 0, 0, 1, 0, 0, 0, 0, 0, 0, 2, 0, 2, 0, 0, 0, 2, 0, 0, 0, 0, 0, 0, 0, 1, 1, 0, 0, 0, 0, 2, 3, 1, 0, 1, 4, 3, 2, 2, 5, 6, 3, 4, 1, 2, 1, 1, 10, 0, 0, 0, 0, 0, 0]",1,0.6346879183777582,-1,1
40,"[0, 2, 0, 0, 0, 0, 2, 1, 0, 2, 0, 0, 0, 1, 0, 0, 0, 0, 0, 2, 0, 2, 0, 2, 0, 0, 0, 0, 0, 1, 0, 0, 0, 0, 0, 0, 1, 0, 0, 0, 0, 0, 0, 2, 0, 2, 0, 0, 0, 2, 0, 0, 0, 0, 0, 0, 0, 1, 1, 0, 0, 0, 0, 2, 4, 1, 0, 1, 4, 3, 2, 2, 5, 6, 3, 4, 1, 2, 1, 1, 10, 0, 0, 0, 0, 0, 0]",1,5.135877072461285,-1,1
41,"[0, 3, 0, 0, 0, 1, 2, 2, 0, 2, 0, 0, 0, 1, 0, 0, 0, 0, 0, 2, 0, 2, 0, 2, 0, 0, 0, 0, 0, 1, 0, 0, 0, 0, 0, 0, 1, 0, 0, 0, 0, 0, 0, 2, 0, 2, 0, 0, 0, 2, 0, 0, 0, 0, 0, 0, 0, 1, 1, 0, 0, 0, 0, 2, 4, 1, 0, 1, 4, 3, 2, 2, 5, 6, 3, 4, 1, 2, 1, 1, 11, 0, 0, 0, 0, 0, 0]",4,12.88282112492349,-1,1
42,"[0, 3, 0, 0, 0, 1, 4, 2, 0, 2, 0, 0, 0, 1, 0, 0, 0, 0, 0, 2, 0, 2, 0, 2, 0, 0, 0, 0, 0, 1, 0, 0, 0, 0, 0, 0, 1, 0, 0, 0, 0, 0, 0, 2, 0, 2, 0, 0, 0, 2, 0, 0, 0, 0, 0, 0, 0, 1, 1, 0, 0, 0, 0, 2, 4, 1, 0, 1, 4, 3, 2, 2, 5, 6, 3, 4, 1, 2, 1, 1, 12, 0, 0, 0, 0, 0, 0]",4,9.704746081748157,-1,0
43,"[0, 3, 0, 0, 0, 1, 6, 2, 0, 2, 0, 0, 0, 1, 0, 0, 0, 0, 0, 2, 0, 2, 0, 2, 0, 0, 0, 0, 0, 1, 0, 0, 0, 0, 0, 0, 1, 0, 0, 0, 0, 0, 0, 2, 0, 2, 0, 0, 0, 2, 0, 0, 0, 0, 0, 0, 0, 1, 1, 0, 0, 0, 0, 2, 4, 1, 0, 1, 4, 3, 2, 2, 5, 6, 3, 4, 1, 2, 1, 1, 13, 0, 0, 0, 0, 0, 0]",4,12.46689187355761,-1,1
44,"[0, 3, 0, 0, 0, 1, 6, 2, 0, 2, 0, 0, 0, 1, 0, 0, 0, 0, 0, 2, 0, 2, 0, 2, 0, 0, 0, 0, 0, 1, 0, 0, 0, 0, 0, 0, 1, 0, 0, 0, 0, 0, 0, 2, 0, 2, 0, 0, 0, 2, 0, 0, 0, 0, 0, 0, 0, 1, 1, 0, 0, 0, 0, 2, 4, 1, 0, 1, 4, 3, 2, 2, 5, 6, 3, 4, 1, 2, 1, 1, 13, 1, 0, 0, 0, 0, 0]",3,0.39988721215826156,-1,0
45,"[0, 1, 0, 1, 0, 1, 6, 2, 0, 2, 0, 0, 0, 1, 0, 0, 0, 0, 0, 2, 0, 2, 0, 2, 0, 0, 0, 0, 0, 1, 0, 0, 0, 0, 0, 0, 1, 0, 0, 0, 0, 0, 0, 2, 0, 2, 0, 0, 0, 2, 0, 0, 0, 0, 0, 0, 0, 1, 1, 0, 0, 0, 0, 2, 4, 1, 0, 1, 4, 3, 2, 2, 5, 6, 3, 4, 1, 2, 1, 1, 13, 0, 0, 0, 0, 0, 0]","[[0 2 0 0]
 [0 0 0 1]]",0.0013448940693026059,-1,0
46,"[0, 1, 0, 1, 0, 1, 6, 2, 0, 2, 0, 0, 0, 1, 0, 0, 0, 0, 0, 2, 0, 2, 0, 2, 0, 0, 0, 0, 0, 1, 0, 0, 0, 0, 0, 0, 1, 0, 0, 0, 0, 0, 0, 2, 0, 2, 0, 0, 0, 2, 0, 0, 0, 0, 0, 0, 0, 1, 1, 0, 0, 0, 0, 2, 4, 1, 0, 1, 4, 3, 2, 2, 5, 6, 3, 4, 1, 2, 1, 1, 13, 0, 1, 0, 0, 0, 0]",2,0.5998872121582616,-1,0
47,"[0, 1, 0, 1, 0, 1, 6, 2, 0, 2, 0, 0, 0, 1, 0, 0, 0, 0, 0, 2, 0, 2, 0, 2, 0, 0, 0, 0, 0, 1, 0, 0, 0, 0, 0, 0, 1, 0, 0, 0, 0, 0, 0, 2, 0, 2, 0, 0, 0, 2, 0, 0, 0, 0, 0, 0, 0, 1, 1, 0, 0, 0, 0, 2, 4, 1, 0, 1, 4, 3, 2, 2, 5, 6, 3, 4, 1, 2, 1, 1, 13, 0, 1, 0, 0, 1, 0]","[[0 0 0 1]
 [0 0 1 0]]",0.8503120772163525,-1,0
48,"[0, 1, 0, 1, 0, 1, 6, 2, 0, 2, 0, 0, 0, 1, 0, 0, 0, 0, 0, 2, 0, 2, 0, 2, 0, 0, 0, 0, 0, 1, 0, 0, 0, 0, 0, 0, 1, 0, 0, 0, 0, 0, 0, 2, 0, 2, 0, 0, 0, 2, 0, 0, 0, 0, 0, 0, 0, 1, 1, 0, 0, 0, 0, 2, 4, 1, 0, 1, 4, 3, 2, 2, 5, 6, 3, 4, 1, 2, 1, 1, 13, 0, 0, 0, 0, 0, 0]",1,-0.0001127878417384474,-1,1
49,"[0, 1, 0, 1, 0, 1, 6, 2, 0, 2, 0, 0, 0, 1, 0, 0, 0, 0, 0, 2, 0, 2, 0, 2, 0, 0, 0, 0, 0, 1, 0, 0, 0, 0, 0, 0, 1, 0, 0, 0, 0, 0, 0, 2, 0, 2, 0, 0, 0, 2, 0, 0, 0, 0, 0, 0, 0, 1, 1, 0, 0, 0, 0, 2, 4, 1, 0, 1, 4, 3, 2, 2, 5, 6, 3, 4, 1, 2, 1, 1, 13, 0, 1, 0, 0, 0, 0]",2,0.5998872121582616,-1,0
50,"[0, 1, 0, 1, 0, 1, 6, 2, 0, 2, 0, 0, 0, 1, 0, 0, 0, 0, 0, 2, 0, 2, 0, 2, 0, 0, 0, 0, 0, 1, 0, 0, 0, 0, 0, 0, 1, 0, 0, 0, 0, 0, 0, 2, 0, 2, 0, 0, 0, 2, 0, 0, 0, 0, 0, 0, 0, 1, 1, 0, 0, 0, 0, 2, 4, 1, 0, 1, 4, 3, 2, 2, 5, 6, 3, 4, 1, 2, 1, 1, 13, 0, 1, 0, 0, 1, 0]","[[0 0 0 1]
 [0 0 1 0]]",0.8503120772163525,-1,0
51,"[0, 1, 0, 1, 0, 1, 6, 2, 0, 2, 0, 0, 0, 1, 0, 0, 0, 0, 0, 2, 0, 2, 0, 2, 0, 0, 0, 0, 0, 1, 0, 0, 0, 0, 0, 0, 1, 0, 0, 0, 0, 0, 0, 2, 0, 2, 0, 0, 0, 2, 0, 0, 0, 0, 0, 0, 0, 1, 1, 0, 0, 0, 0, 2, 4, 1, 0, 1, 4, 3, 2, 2, 5, 6, 3, 4, 1, 2, 1, 1, 13, 0, 0, 0, 0, 0, 0]",1,-0.0001127878417384474,-1,1
52,"[0, 1, 0, 1, 0, 1, 6, 2, 0, 2, 0, 0, 0, 1, 0, 0, 0, 0, 0, 2, 0, 2, 0, 2, 0, 0, 0, 0, 0, 1, 0, 0, 0, 0, 0, 0, 1, 0, 0, 0, 0, 0, 0, 2, 0, 2, 0, 0, 0, 2, 0, 0, 0, 0, 0, 0, 0, 1, 1, 0, 0, 0, 0, 2, 4, 1, 0, 1, 4, 3, 2, 2, 5, 6, 3, 4, 1, 2, 1, 1, 13, 1, 0, 0, 0, 0, 0]",3,0.39988721215826156,-1,0
53,"[0, 1, 0, 1, 0, 1, 6, 2, 0, 2, 0, 0, 0, 1, 0, 0, 0, 0, 0, 2, 0, 2, 0, 2, 0, 0, 0, 0, 0, 1, 0, 0, 0, 0, 0, 0, 1, 0, 0, 0, 0, 0, 0, 2, 0, 2, 0, 0, 0, 2, 0, 0, 0, 0, 0, 0, 0, 1, 1, 0, 0, 0, 0, 2, 4, 1, 0, 1, 4, 3, 2, 2, 5, 6, 3, 4, 1, 2, 1, 1, 13, 0, 0, 0, 0, 0, 0]",-1,-0.043904771546028065,-1,0
54,"[0, 1, 0, 1, 0, 1, 8, 2, 0, 2, 0, 0, 0, 1, 0, 0, 0, 0, 0, 2, 0, 2, 0, 2, 0, 0, 0, 0, 0, 1, 0, 0, 0, 0, 0, 0, 1, 0, 0, 0, 0, 0, 0, 2, 0, 2, 0, 0, 0, 2, 0, 0, 0, 0, 0, 0, 0, 1, 1, 0, 0, 0, 0, 2, 4, 1, 0, 1, 4, 3, 2, 2, 5, 6, 3, 4, 1, 2, 1, 1, 14, 0, 0, 0, 0, 0, 0]",4,10.347155326286616,-1,0
55,"[0, 1, 0, 1, 3, 1, 8, 2, 0, 2, 0, 0, 0, 1, 0, 0, 0, 0, 0, 2, 0, 2, 0, 2, 0, 0, 0, 0, 0, 1, 0, 0, 0, 0, 0, 0, 1, 0, 0, 0, 0, 0, 0, 2, 0, 2, 0, 0, 0, 2, 0, 0, 0, 0, 0, 0, 0, 1, 1, 0, 0, 0, 0, 2, 4, 1, 0, 1, 4, 3, 2, 2, 5, 6, 3, 4, 1, 2, 1, 1, 15, 0, 0, 0, 0, 0, 0]",4,12.579908891697952,-1,1
56,"[0, 1, 0, 1, 3, 1, 8, 2, 0, 2, 0, 0, 0, 1, 0, 0, 0, 0, 0, 2, 0, 2, 0, 2, 0, 0, 0, 0, 0, 1, 0, 0, 0, 0, 0, 0, 1, 0, 0, 0, 0, 0, 0, 2, 0, 2, 0, 0, 0, 2, 0, 0, 0, 0, 0, 0, 0, 1, 1, 0, 0, 0, 0, 2, 4, 1, 0, 1, 4, 3, 2, 2, 5, 6, 3, 4, 1, 2, 1, 1, 15, 0, 1, 0, 0, 0, 0]",2,0.5998778241281131,-1,0
57,"[0, 1, 0, 1, 3, 1, 8, 2, 0, 2, 0, 0, 0, 1, 0, 0, 0, 0, 0, 2, 0, 2, 0, 2, 0, 0, 0, 0, 0, 1, 0, 0, 0, 0, 0, 0, 1, 0, 0, 0, 0, 0, 0, 2, 0, 2, 0, 0, 0, 2, 0, 0, 0, 0, 0, 0, 0, 1, 1, 0, 0, 0, 0, 2, 4, 1, 0, 1, 4, 3, 2, 2, 5, 6, 3, 4, 1, 2, 1, 1, 15, 0, 1, 0, 0, 1, 0]","[[0 0 0 1]
 [0 0 1 0]]",0.850302689186204,-1,0
58,"[0, 1, 0, 1, 3, 1, 8, 2, 0, 2, 0, 0, 0, 1, 0, 0, 0, 0, 0, 2, 0, 2, 0, 2, 0, 0, 0, 0, 0, 1, 0, 0, 0, 0, 0, 0, 1, 0, 0, 0, 0, 0, 0, 2, 0, 2, 0, 0, 0, 2, 0, 0, 0, 0, 0, 0, 0, 1, 1, 0, 0, 0, 0, 2, 4, 1, 0, 1, 4, 3, 2, 2, 5, 6, 3, 4, 1, 2, 1, 1, 15, 0, 0, 0, 0, 0, 0]",1,-0.00012217587188688021,-1,1
59,"[0, 1, 0, 1, 3, 1, 8, 2, 0, 2, 0, 0, 0, 1, 0, 0, 0, 0, 0, 2, 0, 2, 0, 2, 0, 0, 0, 0, 0, 1, 0, 0, 0, 0, 0, 0, 1, 0, 0, 0, 0, 0, 0, 2, 0, 2, 0, 0, 0, 2, 0, 0, 0, 0, 0, 0, 0, 1, 1, 0, 0, 0, 0, 2, 4, 1, 0, 1, 4, 3, 2, 2, 5, 6, 3, 4, 1, 2, 1, 1, 15, 1, 0, 0, 0, 0, 0]",3,0.3998778241281131,-1,0
60,"[0, 1, 0, 1, 3, 1, 8, 2, 0, 2, 0, 0, 0, 1, 0, 0, 0, 0, 0, 2, 0, 2, 0, 2, 0, 0, 0, 0, 0, 1, 0, 0, 0, 0, 0, 0, 1, 0, 0, 0, 0, 0, 0, 2, 0, 2, 0, 0, 0, 2, 0, 0, 0, 0, 0, 0, 0, 1, 1, 0, 0, 0, 0, 2, 4, 1, 0, 1, 4, 3, 2, 2, 5, 6, 3, 4, 1, 2, 1, 1, 15, 0, 0, 0, 0, 0, 0]",-1,-0.043035398821252895,-1,0
61,"[0, 1, 0, 1, 3, 1, 8, 2, 0, 2, 0, 0, 0, 1, 0, 0, 0, 0, 0, 2, 0, 2, 0, 2, 0, 0, 0, 0, 0, 1, 0, 0, 0, 0, 0, 0, 1, 0, 0, 0, 0, 0, 0, 2, 0, 2, 0, 0, 0, 2, 0, 0, 0, 0, 0, 0, 0, 1, 1, 0, 0, 0, 0, 2, 4, 1, 0, 1, 4, 3, 2, 2, 5, 6, 3, 4, 1, 2, 1, 1, 15, 0, 1, 0, 0, 0, 0]",2,0.5998778241281131,-1,0
62,"[0, 1, 0, 1, 3, 1, 8, 2, 0, 2, 0, 0, 0, 1, 0, 0, 0, 0, 0, 2, 0, 2, 0, 2, 0, 0, 0, 0, 0, 1, 0, 0, 0, 0, 0, 0, 1, 0, 0, 0, 0, 0, 0, 2, 0, 2, 0, 0, 0, 2, 0, 0, 0, 0, 0, 0, 0, 1, 1, 0, 0, 0, 0, 2, 4, 1, 0, 1, 4, 3, 2, 2, 5, 6, 3, 4, 1, 2, 1, 1, 15, 0, 1, 0, 0, 1, 0]","[[0 1 0 0]
 [0 0 1 0]]",0.850302689186204,-1,0
63,"[0, 0, 1, 1, 3, 2, 7, 2, 0, 2, 0, 0, 0, 1, 0, 0, 0, 0, 0, 2, 0, 2, 0, 2, 0, 0, 0, 0, 0, 1, 0, 0, 0, 0, 0, 0, 1, 0, 0, 0, 0, 0, 0, 2, 0, 2, 0, 0, 0, 2, 0, 0, 0, 0, 0, 0, 0, 1, 1, 0, 0, 0, 0, 2, 4, 1, 0, 1, 4, 3, 2, 2, 5, 6, 3, 4, 1, 2, 1, 1, 15, 0, 0, 0, 0, 0, 0]",0,-0.00012217587188688021,-1,1
64,"[1, 0, 1, 1, 4, 2, 7, 2, 0, 2, 0, 0, 0, 1, 0, 0, 0, 0, 0, 2, 0, 2, 0, 2, 0, 0, 0, 0, 0, 1, 0, 0, 0, 0, 0, 0, 1, 0, 0, 0, 0, 0, 0, 2, 0, 2, 0, 0, 0, 2, 0, 0, 0, 0, 0, 0, 0, 1, 1, 0, 0, 0, 0, 2, 4, 1, 0, 1, 4, 3, 2, 2, 5, 6, 3, 4, 1, 2, 1, 1, 16, 0, 0, 0, 0, 0, 0]",4,10.61933692285895,-1,0
65,"[1, 0, 1, 1, 4, 2, 7, 2, 0, 2, 0, 0, 0, 1, 0, 0, 0, 0, 0, 2, 0, 2, 0, 2, 0, 0, 0, 0, 0, 1, 0, 0, 0, 0, 0, 0, 1, 0, 0, 0, 0, 0, 0, 2, 0, 2, 0, 0, 0, 2, 0, 0, 0, 0, 0, 0, 0, 1, 1, 0, 0, 0, 0, 2, 4, 1, 0, 1, 4, 3, 2, 2, 5, 6, 3, 4, 1, 2, 1, 1, 16, 0, 0, 0, 0, 0, 0]",0,0.5855348597801737,-1,1
66,"[1, 0, 1, 1, 3, 1, 7, 2, 0, 2, 0, 0, 0, 1, 0, 0, 0, 0, 0, 2, 0, 2, 0, 2, 0, 0, 0, 0, 0, 1, 0, 0, 2, 0, 0, 0, 1, 0, 0, 0, 0, 0, 0, 2, 0, 2, 0, 0, 0, 2, 0, 0, 0, 0, 0, 0, 0, 1, 1, 0, 0, 0, 0, 2, 4, 1, 0, 1, 4, 3, 2, 2, 5, 6, 3, 4, 1, 2, 1, 1, 16, 0, 0, 0, 0, 0, 0]",0,0.499872841206321,-1,1
67,"[1, 0, 1, 1, 3, 1, 7, 2, 0, 2, 0, 0, 0, 1, 0, 0, 0, 0, 0, 2, 0, 2, 0, 2, 0, 0, 0, 0, 0, 1, 0, 0, 2, 0, 0, 0, 1, 0, 0, 0, 0, 0, 0, 2, 0, 2, 0, 0, 0, 2, 0, 0, 0, 0, 0, 0, 0, 1, 1, 0, 0, 0, 0, 2, 4, 1, 0, 1, 4, 3, 2, 2, 5, 6, 3, 4, 1, 2, 1, 1, 16, 0, 0, 0, 0, 0, 0]",0,0.5420905096753592,-1,1
68,"[1, 0, 1, 1, 2, 0, 7, 2, 0, 2, 0, 0, 0, 1, 0, 0, 0, 0, 0, 2, 0, 2, 0, 2, 0, 0, 0, 0, 0, 1, 0, 0, 2, 2, 0, 0, 1, 0, 0, 0, 0, 0, 0, 2, 0, 2, 0, 0, 0, 2, 0, 0, 0, 0, 0, 0, 0, 1, 1, 0, 0, 0, 0, 2, 4, 1, 0, 1, 4, 3, 2, 2, 5, 6, 3, 4, 1, 2, 1, 1, 16, 0, 0, 0, 0, 0, 0]",1,0.6898473223339334,-1,1
69,"[1, 0, 1, 1, 2, 0, 9, 2, 0, 2, 0, 0, 0, 1, 0, 0, 0, 0, 0, 2, 0, 2, 0, 2, 0, 0, 0, 0, 0, 1, 0, 0, 2, 2, 0, 0, 1, 0, 0, 0, 0, 0, 0, 2, 0, 2, 0, 0, 0, 2, 0, 0, 0, 0, 0, 0, 0, 1, 1, 0, 0, 0, 0, 2, 4, 1, 0, 1, 4, 3, 2, 2, 5, 6, 3, 4, 1, 2, 1, 1, 17, 0, 0, 0, 0, 0, 0]",4,14.640819278899755,-1,1
70,"[1, 0, 1, 1, 2, 0, 9, 2, 0, 2, 0, 0, 0, 1, 0, 0, 0, 0, 0, 2, 0, 2, 0, 2, 0, 0, 0, 0, 0, 1, 0, 0, 2, 2, 0, 0, 1, 0, 0, 0, 0, 0, 0, 2, 0, 2, 0, 0, 0, 2, 0, 0, 0, 0, 0, 0, 0, 1, 1, 0, 0, 0, 0, 2, 4, 1, 0, 1, 4, 3, 2, 2, 5, 6, 3, 4, 1, 2, 1, 1, 17, 1, 0, 0, 0, 0, 0]",3,0.3998676551914886,-1,0
71,"[1, 0, 1, 1, 2, 0, 9, 2, 0, 2, 0, 0, 0, 1, 0, 0, 0, 0, 0, 2, 0, 2, 0, 2, 0, 0, 0, 0, 0, 1, 0, 0, 2, 2, 0, 0, 1, 0, 0, 0, 0, 0, 0, 2, 0, 2, 0, 0, 0, 2, 0, 0, 0, 0, 0, 0, 0, 1, 1, 0, 0, 0, 0, 2, 4, 1, 0, 1, 4, 3, 2, 2, 5, 6, 3, 4, 1, 2, 1, 1, 17, 0, 0, 0, 0, 0, 0]",-1,-0.04218324082981919,-1,0
72,"[1, 0, 1, 1, 1, 0, 4, 1, 0, 2, 0, 0, 0, 1, 0, 0, 0, 0, 0, 2, 0, 2, 0, 2, 0, 0, 0, 0, 0, 1, 0, 0, 2, 2, 0, 0, 1, 0, 0, 0, 0, 0, 0, 2, 0, 2, 0, 0, 0, 2, 0, 0, 0, 0, 0, 0, 0, 1, 1, 0, 0, 0, 0, 2, 4, 1, 0, 1, 4, 3, 2, 2, 5, 6, 3, 4, 1, 2, 1, 3, 18, 0, 0, 0, 0, 0, 0]",4,10.617622023486947,-1,0
73,"[1, 1, 1, 1, 1, 1, 4, 2, 0, 2, 0, 0, 0, 1, 0, 0, 0, 0, 0, 2, 0, 2, 0, 2, 0, 0, 0, 0, 0, 1, 0, 0, 2, 2, 0, 0, 1, 0, 0, 0, 0, 0, 0, 2, 0, 2, 0, 0, 0, 2, 0, 0, 0, 0, 0, 0, 0, 1, 1, 0, 0, 0, 0, 2, 4, 1, 0, 1, 4, 3, 2, 2, 5, 6, 3, 4, 1, 2, 1, 3, 19, 0, 0, 0, 0, 0, 0]",4,15.054973769906413,-1,1
74,"[1, 1, 1, 1, 1, 1, 4, 2, 0, 2, 0, 0, 0, 1, 0, 0, 0, 0, 0, 2, 0, 2, 0, 2, 0, 0, 0, 0, 0, 1, 0, 0, 2, 2, 0, 0, 1, 0, 0, 0, 0, 0, 0, 2, 0, 2, 0, 0, 0, 2, 0, 0, 0, 0, 0, 0, 0, 1, 1, 0, 0, 0, 0, 2, 4, 1, 0, 1, 4, 3, 2, 2, 5, 6, 3, 4, 1, 2, 1, 3, 20, 0, 0, 0, 0, 0, 0]",4,11.282546707627567,-1,0
75,"[1, 1, 1, 1, 1, 1, 4, 2, 0, 2, 0, 0, 0, 1, 0, 0, 0, 0, 0, 2, 0, 2, 0, 2, 0, 0, 0, 0, 0, 1, 0, 0, 2, 2, 0, 0, 1, 0, 0, 0, 0, 0, 0, 2, 0, 2, 0, 0, 0, 2, 0, 0, 0, 0, 0, 0, 0, 1, 1, 0, 0, 0, 0, 2, 4, 1, 0, 1, 4, 3, 2, 2, 5, 6, 3, 4, 1, 2, 1, 3, 20, 0, 0, 0, 0, 0, 0]",0,0.49482554106381593,-1,1
76,"[1, 1, 1, 1, 0, 0, 4, 2, 0, 2, 0, 0, 0, 1, 0, 0, 0, 0, 0, 2, 0, 2, 0, 2, 0, 0, 0, 0, 0, 1, 0, 0, 2, 2, 0, 0, 1, 0, 0, 0, 0, 0, 0, 2, 2, 2, 0, 0, 0, 2, 0, 0, 0, 0, 0, 0, 0, 1, 1, 0, 0, 0, 0, 2, 4, 1, 0, 1, 4, 3, 2, 2, 5, 6, 3, 4, 1, 2, 1, 3, 20, 0, 0, 0, 0, 0, 0]",12,0.6898252753608451,-1,1
77,"[1, 1, 1, 1, 0, 0, 4, 2, 0, 2, 0, 0, 0, 1, 0, 0, 0, 0, 0, 2, 0, 2, 0, 2, 0, 0, 0, 0, 0, 1, 0, 0, 2, 2, 0, 0, 1, 0, 0, 0, 0, 0, 0, 2, 2, 2, 0, 0, 0, 2, 0, 0, 0, 0, 0, 0, 0, 1, 1, 0, 0, 0, 0, 2, 4, 1, 0, 1, 4, 3, 2, 2, 5, 6, 3, 4, 1, 2, 1, 3, 21, 0, 0, 0, 0, 0, 0]",4,15.812424999506035,-1,1
78,"[1, 1, 1, 1, 0, 0, 4, 2, 0, 2, 0, 0, 0, 1, 0, 0, 0, 0, 0, 2, 0, 2, 0, 2, 0, 0, 0, 0, 0, 1, 0, 0, 2, 2, 0, 0, 1, 0, 0, 0, 0, 0, 0, 2, 2, 2, 0, 0, 0, 2, 0, 0, 0, 0, 0, 0, 0, 1, 1, 0, 0, 0, 0, 2, 4, 1, 0, 1, 4, 3, 2, 2, 5, 6, 3, 4, 1, 2, 1, 3, 21, 1, 0, 0, 0, 0, 0]",3,0.39984470975834585,-1,0
79,"[1, 1, 1, 1, 0, 0, 4, 2, 0, 2, 0, 0, 0, 1, 0, 0, 0, 0, 0, 2, 0, 2, 0, 2, 0, 0, 0, 0, 0, 1, 0, 0, 2, 2, 0, 0, 1, 0, 0, 0, 0, 0, 0, 2, 2, 2, 0, 0, 0, 2, 0, 0, 0, 0, 0, 0, 0, 1, 1, 0, 0, 0, 0, 2, 4, 1, 0, 1, 4, 3, 2, 2, 5, 6, 3, 4, 1, 2, 1, 3, 21, 0, 0, 0, 0, 0, 0]",-1,-0.04052921229850936,-1,0
80,"[1, 1, 1, 1, 0, 0, 4, 2, 0, 2, 0, 0, 0, 1, 0, 0, 0, 0, 0, 2, 0, 2, 0, 2, 0, 0, 0, 0, 0, 1, 0, 0, 2, 2, 0, 0, 1, 0, 0, 0, 0, 0, 0, 2, 2, 2, 0, 0, 0, 2, 0, 0, 0, 0, 0, 0, 0, 1, 1, 0, 0, 0, 0, 2, 4, 1, 0, 1, 4, 3, 2, 2, 5, 6, 3, 4, 1, 2, 1, 3, 21, 0, 0, 0, 0, 0, 0]",0,0.5855067283321986,-1,0
81,"[0, 0, 1, 1, 0, 0, 4, 2, 0, 2, 0, 0, 0, 1, 0, 0, 0, 0, 0, 2, 0, 2, 0, 2, 0, 0, 0, 0, 0, 1, 0, 0, 2, 2, 0, 0, 1, 1, 0, 0, 0, 0, 0, 2, 2, 2, 0, 0, 0, 2, 0, 0, 0, 0, 0, 0, 0, 1, 1, 0, 0, 0, 0, 2, 4, 1, 0, 1, 4, 3, 2, 2, 5, 6, 3, 4, 1, 2, 1, 3, 21, 0, 0, 0, 0, 0, 0]",5,0.7912361824323009,-1,0
82,"[0, 0, 1, 1, 0, 0, 4, 2, 0, 2, 0, 0, 0, 1, 0, 0, 0, 0, 0, 2, 0, 2, 0, 2, 0, 0, 0, 0, 0, 1, 0, 0, 2, 2, 0, 0, 1, 1, 0, 0, 0, 0, 0, 2, 2, 2, 0, 0, 0, 2, 0, 0, 0, 0, 0, 0, 0, 1, 1, 0, 0, 0, 0, 2, 4, 1, 0, 1, 4, 3, 2, 2, 5, 6, 3, 4, 1, 2, 1, 3, 21, 0, 1, 0, 0, 0, 0]",2,0.5998447097583458,-1,0
83,"[0, 0, 1, 1, 0, 0, 4, 2, 0, 2, 0, 0, 0, 1, 0, 0, 0, 0, 0, 2, 0, 2, 0, 2, 0, 0, 0, 0, 0, 1, 0, 0, 2, 2, 0, 0, 1, 1, 0, 0, 0, 0, 0, 2, 2, 2, 0, 0, 0, 2, 0, 0, 0, 0, 0, 0, 0, 1, 1, 0, 0, 0, 0, 2, 4, 1, 0, 1, 4, 3, 2, 2, 5, 6, 3, 4, 1, 2, 1, 3, 21, 0, 1, 0, 0, 1, 0]","[[0 0 0 1]
 [0 0 1 0]]",0.8502695748164367,-1,0
84,"[0, 0, 2, 0, 0, 0, 3, 3, 0, 2, 0, 0, 0, 1, 0, 0, 0, 0, 0, 2, 0, 2, 0, 2, 0, 0, 0, 0, 0, 1, 0, 0, 2, 2, 0, 0, 1, 1, 0, 0, 0, 0, 0, 2, 2, 2, 0, 0, 0, 2, 0, 0, 0, 0, 0, 0, 0, 1, 1, 0, 0, 0, 0, 2, 4, 1, 0, 1, 4, 3, 2, 2, 5, 6, 3, 4, 1, 2, 1, 3, 21, 0, 0, 0, 0, 0, 0]",0,-0.0001552902416541687,-1,1
85,"[0, 0, 1, 0, 0, 0, 1, 1, 0, 2, 0, 0, 0, 1, 0, 0, 0, 0, 0, 2, 0, 2, 0, 2, 0, 0, 0, 0, 0, 1, 0, 0, 2, 2, 0, 0, 1, 1, 0, 0, 0, 0, 0, 2, 2, 2, 0, 0, 0, 2, 0, 0, 0, 0, 0, 0, 0, 1, 1, 0, 0, 0, 0, 2, 4, 1, 0, 1, 4, 3, 2, 2, 5, 6, 3, 4, 1, 2, 1, 2, 22, 0, 0, 0, 0, 0, 0]",4,11.577638621878938,-1,0
86,"[0, 1, 1, 0, 0, 1, 1, 1, 0, 2, 0, 0, 0, 1, 0, 0, 0, 0, 0, 2, 0, 2, 0, 2, 0, 0, 0, 0, 0, 1, 0, 0, 2, 2, 0, 0, 1, 1, 0, 0, 0, 0, 0, 2, 2, 2, 0, 0, 0, 2, 0, 0, 0, 0, 0, 0, 0, 1, 1, 0, 0, 0, 0, 2, 4, 1, 0, 1, 4, 3, 2, 2, 5, 6, 3, 4, 1, 2, 1, 2, 23, 0, 0, 0, 0, 0, 0]",4,16.493476950773907,-1,1
87,"[0, 1, 1, 0, 0, 1, 1, 1, 0, 2, 0, 0, 0, 1, 0, 0, 0, 0, 0, 2, 0, 2, 0, 2, 0, 0, 0, 0, 0, 1, 0, 0, 2, 2, 0, 0, 1, 1, 0, 0, 0, 0, 0, 2, 2, 2, 0, 0, 0, 2, 0, 0, 0, 0, 0, 0, 0, 1, 1, 0, 0, 0, 0, 2, 4, 1, 0, 1, 4, 3, 2, 2, 5, 6, 3, 4, 1, 2, 1, 2, 23, 0, 1, 0, 0, 0, 0]",2,0.5998317869675382,-1,0
88,"[0, 1, 1, 0, 0, 1, 1, 1, 0, 2, 0, 0, 0, 1, 0, 0, 0, 0, 0, 2, 0, 2, 0, 2, 0, 0, 0, 0, 0, 1, 0, 0, 2, 2, 0, 0, 1, 1, 0, 0, 0, 0, 0, 2, 2, 2, 0, 0, 0, 2, 0, 0, 0, 0, 0, 0, 0, 1, 1, 0, 0, 0, 0, 2, 4, 1, 0, 1, 4, 3, 2, 2, 5, 6, 3, 4, 1, 2, 1, 2, 23, 0, 1, 0, 0, 1, 0]","[[0 1 0 0]
 [0 0 0 1]]",0.8502566520256292,-1,0
89,"[0, 1, 1, 0, 0, 1, 1, 1, 0, 2, 0, 0, 0, 1, 0, 0, 0, 0, 0, 2, 0, 2, 0, 2, 0, 0, 0, 0, 0, 1, 0, 0, 2, 2, 0, 0, 1, 1, 0, 0, 0, 0, 0, 2, 2, 2, 0, 0, 0, 2, 0, 0, 0, 0, 0, 0, 0, 1, 1, 0, 0, 0, 0, 2, 4, 1, 0, 1, 4, 3, 2, 2, 5, 6, 3, 4, 1, 2, 1, 2, 23, 0, 0, 0, 0, 0, 0]",1,-0.00016821303246177617,-1,1
90,"[0, 1, 1, 0, 0, 1, 1, 1, 0, 2, 0, 0, 0, 1, 0, 0, 0, 0, 0, 2, 0, 2, 0, 2, 0, 0, 0, 0, 0, 1, 0, 0, 2, 2, 0, 0, 1, 1, 0, 0, 0, 0, 0, 2, 2, 2, 0, 0, 0, 2, 0, 0, 0, 0, 0, 0, 0, 1, 1, 0, 0, 0, 0, 2, 4, 1, 0, 1, 4, 3, 2, 2, 5, 6, 3, 4, 1, 2, 1, 2, 23, 0, 1, 0, 0, 0, 0]",2,0.5998317869675382,-1,0
91,"[0, 1, 1, 0, 0, 1, 1, 1, 0, 2, 0, 0, 0, 1, 0, 0, 0, 0, 0, 2, 0, 2, 0, 2, 0, 0, 0, 0, 0, 1, 0, 0, 2, 2, 0, 0, 1, 1, 0, 0, 0, 0, 0, 2, 2, 2, 0, 0, 0, 2, 0, 0, 0, 0, 0, 0, 0, 1, 1, 0, 0, 0, 0, 2, 4, 1, 0, 1, 4, 3, 2, 2, 5, 6, 3, 4, 1, 2, 1, 2, 23, 0, 1, 0, 0, 1, 0]","[[0 1 0 0]
 [0 0 1 0]]",0.8502566520256292,-1,0
92,"[0, 0, 2, 0, 0, 2, 0, 1, 0, 2, 0, 0, 0, 1, 0, 0, 0, 0, 0, 2, 0, 2, 0, 2, 0, 0, 0, 0, 0, 1, 0, 0, 2, 2, 0, 0, 1, 1, 0, 0, 0, 0, 0, 2, 2, 2, 0, 0, 0, 2, 0, 0, 0, 0, 0, 0, 0, 1, 1, 0, 0, 0, 0, 2, 4, 1, 0, 1, 4, 3, 2, 2, 5, 6, 3, 4, 1, 2, 1, 2, 23, 0, 0, 0, 0, 0, 0]",0,-0.00016821303246177617,-1,1
93,"[0, 0, 2, 0, 0, 2, 0, 1, 0, 2, 0, 0, 0, 1, 0, 0, 0, 0, 0, 2, 0, 2, 0, 2, 0, 0, 0, 0, 0, 1, 0, 0, 2, 2, 0, 0, 1, 1, 0, 0, 0, 0, 0, 2, 2, 2, 0, 0, 0, 2, 0, 0, 0, 0, 0, 0, 0, 1, 1, 0, 0, 0, 0, 2, 4, 1, 0, 1, 4, 3, 2, 2, 5, 6, 3, 4, 1, 2, 1, 2, 23, 0, 1, 0, 0, 0, 0]",2,0.5998317869675382,-1,0
94,"[0, 0, 2, 0, 0, 2, 0, 1, 0, 2, 0, 0, 0, 1, 0, 0, 0, 0, 0, 2, 0, 2, 0, 2, 0, 0, 0, 0, 0, 1, 0, 0, 2, 2, 0, 0, 1, 1, 0, 0, 0, 0, 0, 2, 2, 2, 0, 0, 0, 2, 0, 0, 0, 0, 0, 0, 0, 1, 1, 0, 0, 0, 0, 2, 4, 1, 0, 1, 4, 3, 2, 2, 5, 6, 3, 4, 1, 2, 1, 2, 23, 0, 1, 0, 0, 1, 0]","[[0 0 1 0]
 [0 1 0 0]]",0.8502566520256292,-1,0
95,"[0, 0, 2, 0, 0, 2, 0, 1, 0, 2, 0, 0, 0, 1, 0, 0, 0, 0, 0, 2, 0, 2, 0, 2, 0, 0, 0, 0, 0, 1, 0, 0, 2, 2, 0, 0, 1, 1, 0, 0, 0, 0, 0, 2, 2, 2, 0, 0, 0, 2, 0, 0, 0, 0, 0, 0, 0, 1, 1, 0, 0, 0, 0, 2, 4, 1, 0, 1, 4, 3, 2, 2, 5, 6, 3, 4, 1, 2, 1, 2, 23, 0, 0, 0, 0, 0, 0]",1,-0.00016821303246177617,-1,1
96,"[0, 0, 1, 0, 0, 1, 0, 1, 0, 2, 0, 0, 0, 1, 0, 0, 0, 0, 0, 2, 0, 2, 0, 2, 0, 0, 0, 0, 0, 1, 0, 0, 2, 2, 0, 0, 1, 1, 0, 0, 0, 0, 0, 2, 2, 2, 0, 0, 0, 2, 0, 0, 0, 0, 0, 0, 0, 1, 1, 0, 0, 0, 0, 2, 4, 1, 0, 1, 4, 3, 2, 2, 5, 6, 3, 4, 1, 2, 1, 3, 24, 0, 0, 0, 0, 0, 0]",4,11.576020108240177,-1,0
97,"[0, 1, 1, 0, 0, 2, 0, 2, 0, 2, 0, 0, 0, 1, 0, 0, 0, 0, 0, 2, 0, 2, 0, 2, 0, 0, 0, 0, 0, 1, 0, 0, 2, 2, 0, 0, 1, 1, 0, 0, 0, 0, 0, 2, 2, 2, 0, 0, 0, 2, 0, 0, 0, 0, 0, 0, 0, 1, 1, 0, 0, 0, 0, 2, 4, 1, 0, 1, 4, 3, 2, 2, 5, 6, 3, 4, 1, 2, 1, 3, 25, 0, 0, 0, 0, 0, 0]",4,15.974543244808952,-1,1
98,"[0, 1, 1, 0, 0, 2, 0, 2, 0, 2, 0, 0, 0, 1, 0, 0, 0, 0, 0, 2, 0, 2, 0, 2, 0, 0, 0, 0, 0, 1, 0, 0, 2, 2, 0, 0, 1, 1, 0, 0, 0, 0, 0, 2, 2, 2, 0, 0, 0, 2, 0, 0, 0, 0, 0, 0, 0, 1, 1, 0, 0, 0, 0, 2, 4, 1, 0, 1, 4, 3, 2, 2, 5, 6, 3, 4, 1, 2, 1, 3, 25, 1, 0, 0, 0, 0, 0]",3,0.39981778976111987,-1,0
99,"[0, 1, 1, 0, 0, 2, 0, 2, 0, 2, 0, 0, 0, 1, 0, 0, 0, 0, 0, 2, 0, 2, 0, 2, 0, 0, 0, 0, 0, 1, 0, 0, 2, 2, 0, 0, 1, 1, 0, 0, 0, 0, 0, 2, 2, 2, 0, 0, 0, 2, 0, 0, 0, 0, 0, 0, 0, 1, 1, 0, 0, 0, 0, 2, 4, 1, 0, 1, 4, 3, 2, 2, 5, 6, 3, 4, 1, 2, 1, 3, 25, 0, 0, 0, 0, 0, 0]",-1,-0.03894003915357025,-1,0
100,"[0, 1, 1, 0, 0, 2, 0, 2, 0, 2, 0, 0, 0, 1, 0, 0, 0, 0, 0, 2, 0, 2, 0, 2, 0, 0, 0, 0, 0, 1, 0, 0, 2, 2, 0, 0, 1, 1, 0, 0, 0, 0, 0, 2, 2, 2, 0, 0, 0, 2, 0, 0, 0, 0, 0, 0, 0, 1, 1, 0, 0, 0, 0, 2, 4, 1, 0, 1, 4, 3, 2, 2, 5, 6, 3, 4, 1, 2, 1, 3, 25, 1, 0, 0, 0, 0, 0]",3,0.39981778976111987,-1,0
101,"[0, 1, 1, 0, 0, 2, 0, 2, 0, 2, 0, 0, 0, 1, 0, 0, 0, 0, 0, 2, 0, 2, 0, 2, 0, 0, 0, 0, 0, 1, 0, 0, 2, 2, 0, 0, 1, 1, 0, 0, 0, 0, 0, 2, 2, 2, 0, 0, 0, 2, 0, 0, 0, 0, 0, 0, 0, 1, 1, 0, 0, 0, 0, 2, 4, 1, 0, 1, 4, 3, 2, 2, 5, 6, 3, 4, 1, 2, 1, 3, 25, 0, 0, 0, 0, 0, 0]",-1,-0.03894003915357025,-1,0
102,"[0, 1, 1, 0, 0, 2, 0, 2, 0, 2, 0, 0, 0, 1, 0, 0, 0, 0, 0, 2, 0, 2, 0, 2, 0, 0, 0, 0, 0, 1, 0, 0, 2, 2, 0, 0, 1, 1, 0, 0, 0, 0, 0, 2, 2, 2, 0, 0, 0, 2, 0, 0, 0, 0, 0, 0, 0, 1, 1, 0, 0, 0, 0, 2, 4, 1, 0, 1, 4, 3, 2, 2, 5, 6, 3, 4, 1, 2, 1, 3, 25, 0, 1, 0, 0, 0, 0]",2,0.5998177897611199,-1,0
103,"[0, 1, 1, 0, 0, 2, 0, 2, 0, 2, 0, 0, 0, 1, 0, 0, 0, 0, 0, 2, 0, 2, 0, 2, 0, 0, 0, 0, 0, 1, 0, 0, 2, 2, 0, 0, 1, 1, 0, 0, 0, 0, 0, 2, 2, 2, 0, 0, 0, 2, 0, 0, 0, 0, 0, 0, 0, 1, 1, 0, 0, 0, 0, 2, 4, 1, 0, 1, 4, 3, 2, 2, 5, 6, 3, 4, 1, 2, 1, 3, 25, 0, 1, 0, 0, 1, 0]","[[0 1 0 0]
 [0 0 0 1]]",0.8502426548192108,-1,0
104,"[0, 1, 1, 0, 0, 2, 0, 2, 0, 2, 0, 0, 0, 1, 0, 0, 0, 0, 0, 2, 0, 2, 0, 2, 0, 0, 0, 0, 0, 1, 0, 0, 2, 2, 0, 0, 1, 1, 0, 0, 0, 0, 0, 2, 2, 2, 0, 0, 0, 2, 0, 0, 0, 0, 0, 0, 0, 1, 1, 0, 0, 0, 0, 2, 4, 1, 0, 1, 4, 3, 2, 2, 5, 6, 3, 4, 1, 2, 1, 3, 25, 0, 1, 0, 0, 0, 1]",2,-0.0001822102388801291,-1,1
105,"[0, 1, 1, 0, 0, 2, 0, 2, 0, 2, 0, 0, 0, 1, 0, 0, 0, 0, 0, 2, 0, 2, 0, 2, 0, 0, 0, 0, 0, 1, 0, 0, 2, 2, 0, 0, 1, 1, 0, 0, 0, 0, 0, 2, 2, 2, 0, 0, 0, 2, 0, 0, 0, 0, 0, 0, 0, 1, 1, 0, 0, 0, 0, 2, 4, 1, 0, 1, 4, 3, 2, 2, 5, 6, 3, 4, 1, 2, 1, 3, 25, 0, 0, 1, 0, 0, 0]","[[0 1 0 0]
 [0 0 1 0]]",-0.0001822102388801291,-1,1
106,"[0, 1, 1, 0, 0, 2, 0, 2, 0, 2, 0, 0, 0, 1, 0, 0, 0, 0, 0, 2, 0, 2, 0, 2, 0, 0, 0, 0, 0, 1, 0, 0, 2, 2, 0, 0, 1, 1, 0, 0, 0, 0, 0, 2, 2, 2, 0, 0, 0, 2, 0, 0, 0, 0, 0, 0, 0, 1, 1, 0, 0, 0, 0, 2, 4, 1, 0, 1, 4, 3, 2, 2, 5, 6, 3, 4, 1, 2, 1, 3, 25, 0, 0, 0, 0, 0, 0]",1,-0.30018221023888014,-1,0
107,"[0, 2, 1, 0, 0, 3, 0, 2, 0, 2, 0, 0, 0, 1, 0, 0, 0, 0, 0, 2, 0, 2, 0, 2, 0, 0, 0, 0, 0, 1, 0, 0, 2, 2, 0, 0, 1, 1, 0, 0, 0, 0, 0, 2, 2, 2, 0, 0, 0, 2, 0, 0, 0, 0, 0, 0, 0, 1, 1, 0, 0, 0, 0, 2, 4, 1, 0, 1, 4, 3, 2, 2, 5, 6, 3, 4, 1, 2, 1, 3, 26, 0, 0, 0, 0, 0, 0]",4,11.533359080798252,-1,0
108,"[0, 2, 1, 0, 0, 3, 0, 2, 0, 2, 0, 0, 0, 1, 0, 0, 0, 0, 0, 2, 0, 2, 0, 2, 0, 0, 0, 0, 0, 1, 0, 0, 2, 2, 0, 0, 1, 1, 0, 0, 0, 0, 0, 2, 2, 2, 0, 0, 0, 2, 0, 0, 0, 0, 0, 0, 0, 1, 1, 0, 0, 0, 0, 2, 4, 1, 0, 1, 4, 3, 2, 2, 5, 6, 3, 4, 1, 2, 1, 3, 26, 0, 1, 0, 0, 0, 0]",2,0.5998103606711293,-1,1
109,"[0, 2, 1, 0, 0, 3, 0, 2, 0, 2, 0, 0, 0, 1, 0, 0, 0, 0, 0, 2, 0, 2, 0, 2, 0, 0, 0, 0, 0, 1, 0, 0, 2, 2, 0, 0, 1, 1, 0, 0, 0, 0, 0, 2, 2, 2, 0, 0, 0, 2, 0, 0, 0, 0, 0, 0, 0, 1, 1, 0, 0, 0, 0, 2, 4, 1, 0, 1, 4, 3, 2, 2, 5, 6, 3, 4, 1, 2, 1, 3, 26, 0, 1, 0, 0, 1, 0]","[[0 1 0 0]
 [0 0 1 0]]",0.8502352257292202,-1,1
110,"[0, 2, 1, 0, 0, 3, 0, 2, 0, 2, 0, 0, 0, 1, 0, 0, 0, 0, 0, 2, 0, 2, 0, 2, 0, 0, 0, 0, 0, 1, 0, 0, 2, 2, 0, 0, 1, 1, 0, 0, 0, 0, 0, 2, 2, 2, 0, 0, 0, 2, 0, 0, 0, 0, 0, 0, 0, 1, 1, 0, 0, 0, 0, 2, 4, 1, 0, 1, 4, 3, 2, 2, 5, 6, 3, 4, 1, 2, 1, 3, 26, 0, 0, 0, 0, 0, 0]",1,-0.0001896393288707451,-1,0
111,"[1, 2, 1, 0, 1, 3, 0, 2, 0, 2, 0, 0, 0, 1, 0, 0, 0, 0, 0, 2, 0, 2, 0, 2, 0, 0, 0, 0, 0, 1, 0, 0, 2, 2, 0, 0, 1, 1, 0, 0, 0, 0, 0, 2, 2, 2, 0, 0, 0, 2, 0, 0, 0, 0, 0, 0, 0, 1, 1, 0, 0, 0, 0, 2, 4, 1, 0, 1, 4, 3, 2, 2, 5, 6, 3, 4, 1, 2, 1, 3, 27, 0, 0, 0, 0, 0, 0]",4,16.099162256175763,-1,1
112,"[1, 1, 1, 0, 1, 1, 0, 1, 0, 2, 0, 0, 0, 1, 0, 0, 0, 0, 0, 2, 0, 2, 0, 2, 0, 0, 0, 0, 0, 1, 0, 0, 2, 2, 0, 0, 1, 1, 0, 0, 0, 0, 0, 2, 2, 2, 0, 0, 0, 2, 0, 0, 0, 0, 0, 0, 0, 1, 1, 0, 0, 0, 0, 2, 4, 1, 0, 1, 4, 3, 2, 2, 5, 6, 3, 4, 1, 2, 1, 6, 28, 0, 0, 0, 0, 0, 0]",4,12.009525815833667,-1,0
113,"[1, 1, 1, 0, 1, 1, 0, 1, 0, 2, 0, 0, 0, 1, 0, 0, 0, 0, 0, 2, 0, 2, 0, 2, 0, 0, 0, 0, 0, 1, 0, 0, 2, 2, 0, 0, 1, 1, 0, 0, 0, 0, 0, 2, 2, 2, 0, 0, 0, 2, 0, 0, 0, 0, 0, 0, 0, 1, 1, 0, 0, 0, 0, 2, 4, 1, 0, 1, 4, 3, 2, 2, 5, 6, 3, 4, 1, 2, 1, 6, 28, 0, 0, 0, 0, 0, 0]",0,0.4425134548134308,-1,1
114,"[1, 1, 1, 0, 0, 0, 0, 1, 0, 2, 0, 0, 0, 1, 0, 0, 0, 0, 0, 2, 0, 2, 0, 2, 0, 0, 0, 0, 0, 1, 0, 0, 2, 2, 0, 0, 1, 1, 0, 0, 0, 0, 0, 2, 2, 2, 2, 0, 0, 2, 0, 0, 0, 0, 0, 0, 0, 1, 1, 0, 0, 0, 2, 2, 5, 1, 0, 1, 4, 3, 2, 2, 5, 6, 3, 4, 1, 2, 1, 6, 28, 0, 0, 0, 0, 0, 0]",14,199.99979458238985,-1,1
115,"[1, 1, 1, 0, 0, 0, 0, 1, 0, 2, 0, 0, 0, 1, 0, 0, 0, 0, 0, 2, 0, 2, 0, 2, 0, 0, 0, 0, 0, 1, 0, 0, 2, 2, 0, 0, 1, 1, 0, 0, 0, 0, 0, 2, 2, 2, 2, 0, 0, 2, 0, 0, 0, 0, 0, 0, 0, 1, 1, 0, 0, 0, 2, 2, 5, 1, 0, 1, 4, 3, 2, 2, 5, 6, 3, 4, 1, 2, 1, 6, 28, 0, 0, 0, 0, 0, 0]",14,199.99979458238985,2,1
