id,obs,action,reward,winner,current_player
0,"[3, 3, 1, 1, 4, 4, 2, 2, 0, 0, 0, 0, 0, 0, 0, 0, 0, 0, 0, 0, 0, 0, 0, 0, 0, 0, 0, 0, 0, 0, 0, 1, 0, 0, 0, 0, 0, 0, 0, 0, 0, 0, 0, 0, 0, 0, 0, 0, 0, 0, 0, 0, 0, 0, 0, 0, 0, 0, 0, 0, 0, 0, 0, 1, 0, 4, 1, 2, 3, 1, 4, 0, 1, 3, 5, 1, 4, 5, 6, 6, 0, 0, 0, 0, 0, 0, 0]",23,0.9889727918669887,-1,0
1,"[2, 2, 1, 1, 4, 4, 2, 2, 0, 0, 0, 0, 0, 0, 0, 0, 0, 0, 0, 0, 0, 0, 0, 0, 0, 0, 0, 0, 0, 0, 0, 1, 0, 0, 0, 0, 0, 0, 0, 0, 0, 0, 0, 0, 0, 0, 0, 0, 0, 0, 0, 0, 0, 0, 0, 0, 0, 0, 0, 0, 1, 0, 0, 1, 0, 4, 1, 2, 3, 1, 4, 0, 1, 3, 5, 1, 4, 5, 6, 6, 0, 0, 0, 0, 0, 0, 0]",28,0.4999329299739067,-1,0
2,"[2, 2, 1, 1, 3, 3, 1, 1, 0, 0, 0, 2, 0, 0, 0, 0, 0, 0, 0, 0, 0, 0, 0, 0, 0, 0, 0, 0, 0, 0, 0, 1, 0, 0, 0, 0, 0, 0, 0, 0, 0, 0, 0, 0, 0, 0, 0, 0, 0, 0, 0, 0, 0, 0, 0, 0, 0, 0, 0, 0, 1, 0, 0, 1, 1, 4, 1, 2, 3, 1, 4, 0, 1, 3, 5, 1, 4, 5, 6, 6, 0, 0, 0, 0, 0, 0, 0]",3,0.9889727918669887,-1,1
3,"[2, 2, 1, 1, 2, 2, 1, 1, 0, 0, 0, 2, 0, 0, 0, 0, 0, 0, 0, 0, 0, 0, 0, 0, 0, 0, 0, 0, 0, 0, 0, 1, 0, 0, 0, 0, 0, 0, 2, 0, 0, 0, 0, 0, 0, 0, 0, 0, 0, 0, 0, 0, 0, 0, 0, 0, 0, 0, 0, 0, 1, 0, 0, 1, 1, 4, 1, 2, 3, 1, 4, 0, 1, 3, 5, 1, 4, 5, 6, 6, 0, 0, 0, 0, 0, 0, 0]",6,0.4999329299739067,-1,1
4,"[2, 2, 1, 1, 1, 1, 0, 0, 0, 0, 0, 2, 0, 0, 0, 0, 0, 0, 0, 0, 0, 0, 0, 2, 0, 0, 0, 0, 0, 0, 0, 1, 0, 0, 0, 0, 0, 0, 2, 0, 0, 0, 0, 0, 0, 0, 0, 0, 0, 0, 0, 0, 0, 0, 0, 0, 0, 0, 0, 0, 1, 0, 0, 1, 2, 4, 1, 2, 3, 1, 4, 0, 1, 3, 5, 1, 4, 5, 6, 6, 0, 0, 0, 0, 0, 0, 0]",15,1.6519460376222421,-1,1
5,"[2, 2, 1, 1, 0, 0, 0, 0, 0, 0, 0, 2, 0, 0, 0, 0, 0, 0, 0, 0, 0, 0, 0, 2, 0, 0, 0, 0, 0, 0, 0, 1, 0, 0, 0, 0, 0, 0, 2, 0, 0, 0, 0, 0, 0, 0, 0, 0, 0, 2, 0, 0, 0, 0, 0, 0, 0, 0, 0, 0, 1, 0, 0, 1, 2, 4, 1, 2, 3, 1, 4, 0, 1, 3, 5, 1, 4, 5, 6, 6, 0, 0, 0, 0, 0, 0, 0]",17,0.4999329299739067,-1,1
6,"[1, 1, 0, 0, 0, 0, 0, 0, 0, 0, 0, 2, 0, 0, 0, 0, 0, 0, 0, 0, 0, 0, 0, 2, 0, 0, 0, 0, 1, 0, 0, 1, 0, 0, 0, 0, 0, 0, 2, 0, 0, 0, 0, 0, 0, 0, 0, 0, 0, 2, 0, 0, 0, 0, 0, 0, 0, 0, 0, 0, 1, 0, 0, 2, 2, 4, 1, 2, 3, 1, 4, 0, 1, 3, 5, 1, 4, 5, 6, 6, 0, 0, 0, 0, 0, 0, 0]",20,1.6519460376222421,-1,0
7,"[0, 0, 0, 0, 3, 0, 1, 0, 0, 0, 0, 2, 0, 0, 0, 0, 0, 0, 0, 0, 0, 0, 0, 2, 0, 0, 0, 0, 1, 0, 0, 1, 0, 0, 0, 0, 0, 0, 2, 0, 0, 0, 0, 0, 0, 0, 0, 0, 0, 2, 0, 0, 0, 0, 0, 0, 0, 1, 0, 0, 1, 0, 0, 2, 2, 4, 1, 2, 3, 1, 4, 0, 1, 3, 5, 1, 4, 5, 6, 6, 1, 0, 0, 0, 0, 0, 0]",25,0.499930193749578,-1,0
8,"[0, 0, 0, 0, 4, 0, 1, 0, 0, 0, 0, 2, 0, 0, 0, 0, 0, 0, 0, 0, 0, 0, 0, 2, 0, 0, 0, 0, 1, 0, 0, 1, 0, 0, 0, 0, 0, 0, 2, 0, 0, 0, 0, 0, 0, 0, 0, 0, 0, 2, 0, 0, 0, 0, 0, 0, 0, 1, 0, 0, 1, 0, 0, 2, 2, 4, 1, 2, 3, 1, 4, 0, 1, 3, 5, 1, 4, 5, 6, 6, 2, 0, 0, 0, 0, 0, 0]",4,9.898932329312274,-1,0
9,"[0, 0, 0, 0, 4, 0, 2, 2, 0, 0, 0, 2, 0, 0, 0, 0, 0, 0, 0, 0, 0, 0, 0, 2, 0, 0, 0, 0, 1, 0, 0, 1, 0, 0, 0, 0, 0, 0, 2, 0, 0, 0, 0, 0, 0, 0, 0, 0, 0, 2, 0, 0, 0, 0, 0, 0, 0, 1, 0, 0, 1, 0, 0, 2, 2, 4, 1, 2, 3, 1, 4, 0, 1, 3, 5, 1, 4, 5, 6, 6, 3, 0, 0, 0, 0, 0, 0]",4,8.85540044589539,-1,1
10,"[0, 0, 0, 0, 4, 0, 2, 2, 0, 0, 0, 2, 0, 0, 0, 0, 0, 0, 0, 0, 0, 0, 0, 2, 0, 0, 0, 0, 1, 0, 0, 1, 0, 0, 0, 0, 0, 0, 2, 0, 0, 0, 0, 0, 0, 0, 0, 0, 0, 2, 0, 0, 0, 0, 0, 0, 0, 1, 0, 0, 1, 0, 0, 2, 2, 4, 1, 2, 3, 1, 4, 0, 1, 3, 5, 1, 4, 5, 6, 6, 3, 0, 1, 0, 0, 0, 0]",2,0.5999243819898745,-1,0
11,"[0, 0, 0, 0, 4, 0, 2, 2, 0, 0, 0, 2, 0, 0, 0, 0, 0, 0, 0, 0, 0, 0, 0, 2, 0, 0, 0, 0, 1, 0, 0, 1, 0, 0, 0, 0, 0, 0, 2, 0, 0, 0, 0, 0, 0, 0, 0, 0, 0, 2, 0, 0, 0, 0, 0, 0, 0, 1, 0, 0, 1, 0, 0, 2, 2, 4, 1, 2, 3, 1, 4, 0, 1, 3, 5, 1, 4, 5, 6, 6, 3, 0, 0, 0, 0, 0, 0]",-1,-0.04852227667742541,-1,0
12,"[0, 0, 0, 0, 4, 0, 3, 4, 0, 0, 0, 2, 0, 0, 0, 0, 0, 0, 0, 0, 0, 0, 0, 2, 0, 0, 0, 0, 1, 0, 0, 1, 0, 0, 0, 0, 0, 0, 2, 0, 0, 0, 0, 0, 0, 0, 0, 0, 0, 2, 0, 0, 0, 0, 0, 0, 0, 1, 0, 0, 1, 0, 0, 2, 2, 4, 1, 2, 3, 1, 4, 0, 1, 3, 5, 1, 4, 5, 6, 6, 4, 0, 0, 0, 0, 0, 0]",4,9.896965850529586,-1,0
13,"[0, 0, 0, 0, 5, 0, 3, 4, 0, 0, 0, 2, 0, 0, 0, 0, 0, 0, 0, 0, 0, 0, 0, 2, 0, 0, 0, 0, 1, 0, 0, 1, 0, 0, 0, 0, 0, 0, 2, 0, 0, 0, 0, 0, 0, 0, 0, 0, 0, 2, 0, 0, 0, 0, 0, 0, 0, 1, 0, 0, 1, 0, 0, 2, 2, 4, 1, 2, 3, 1, 4, 0, 1, 3, 5, 1, 4, 5, 6, 6, 5, 0, 0, 0, 0, 0, 0]",4,8.806475516974352,-1,1
14,"[0, 0, 0, 0, 5, 0, 3, 4, 0, 0, 0, 2, 0, 0, 0, 0, 0, 0, 0, 0, 0, 0, 0, 2, 0, 0, 0, 0, 1, 0, 0, 1, 0, 0, 0, 0, 0, 0, 2, 0, 0, 0, 0, 0, 0, 0, 0, 0, 0, 2, 0, 0, 0, 0, 0, 0, 0, 1, 0, 0, 1, 0, 0, 2, 2, 4, 1, 2, 3, 1, 4, 0, 1, 3, 5, 1, 4, 5, 6, 6, 5, 1, 0, 0, 0, 0, 0]",3,0.39991808656700284,-1,0
15,"[0, 0, 0, 0, 5, 0, 3, 4, 0, 0, 0, 2, 0, 0, 0, 0, 0, 0, 0, 0, 0, 0, 0, 2, 0, 0, 0, 0, 1, 0, 0, 1, 0, 0, 0, 0, 0, 0, 2, 0, 0, 0, 0, 0, 0, 0, 0, 0, 0, 2, 0, 0, 0, 0, 0, 0, 0, 1, 0, 0, 1, 0, 0, 2, 2, 4, 1, 2, 3, 1, 4, 0, 1, 3, 5, 1, 4, 5, 6, 6, 5, 0, 0, 0, 0, 0, 0]",-1,-0.047561471225035706,-1,0
16,"[0, 0, 0, 0, 6, 0, 3, 4, 0, 0, 0, 2, 0, 0, 0, 0, 0, 0, 0, 0, 0, 0, 0, 2, 0, 0, 0, 0, 1, 0, 0, 1, 0, 0, 0, 0, 0, 0, 2, 0, 0, 0, 0, 0, 0, 0, 0, 0, 0, 2, 0, 0, 0, 0, 0, 0, 0, 1, 0, 0, 1, 0, 0, 2, 2, 4, 1, 2, 3, 1, 4, 0, 1, 3, 5, 1, 4, 5, 6, 6, 6, 0, 0, 0, 0, 0, 0]",4,9.895037687491474,-1,0
17,"[0, 0, 0, 0, 7, 0, 3, 4, 0, 0, 0, 2, 0, 0, 0, 0, 0, 0, 0, 0, 0, 0, 0, 2, 0, 0, 0, 0, 1, 0, 0, 1, 0, 0, 0, 0, 0, 0, 2, 0, 0, 0, 0, 0, 0, 0, 0, 0, 0, 2, 0, 0, 0, 0, 0, 0, 0, 1, 0, 0, 1, 0, 0, 2, 2, 4, 1, 2, 3, 1, 4, 0, 1, 3, 5, 1, 4, 5, 6, 6, 7, 0, 0, 0, 0, 0, 0]",4,8.710030817138637,-1,1
18,"[0, 0, 0, 0, 7, 0, 3, 4, 0, 0, 0, 2, 0, 0, 0, 0, 0, 0, 0, 0, 0, 0, 0, 2, 0, 0, 0, 0, 1, 0, 0, 1, 0, 0, 0, 0, 0, 0, 2, 0, 0, 0, 0, 0, 0, 0, 0, 0, 0, 2, 0, 0, 0, 0, 0, 0, 0, 1, 0, 0, 1, 0, 0, 2, 2, 4, 1, 2, 3, 1, 4, 0, 1, 3, 5, 1, 4, 5, 6, 6, 8, 0, 0, 0, 0, 0, 0]",4,9.89314702967529,-1,0
19,"[0, 0, 0, 0, 8, 0, 3, 4, 0, 0, 0, 2, 0, 0, 0, 0, 0, 0, 0, 0, 0, 0, 0, 2, 0, 0, 0, 0, 1, 0, 0, 1, 0, 0, 0, 0, 0, 0, 2, 0, 0, 0, 0, 0, 0, 0, 0, 0, 0, 2, 0, 0, 0, 0, 0, 0, 0, 1, 0, 0, 1, 0, 0, 2, 2, 4, 1, 2, 3, 1, 4, 0, 1, 3, 5, 1, 4, 5, 6, 6, 9, 0, 0, 0, 0, 0, 0]",4,8.668145020048014,-1,1
20,"[0, 0, 0, 0, 8, 0, 3, 4, 0, 0, 0, 2, 0, 0, 0, 0, 0, 0, 0, 0, 0, 0, 0, 2, 0, 0, 0, 0, 1, 0, 0, 1, 0, 0, 0, 0, 0, 0, 2, 0, 0, 0, 0, 0, 0, 0, 0, 0, 0, 2, 0, 0, 0, 0, 0, 0, 0, 1, 0, 0, 1, 0, 0, 2, 2, 4, 1, 2, 3, 1, 4, 0, 1, 3, 5, 1, 4, 5, 6, 6, 9, 1, 0, 0, 0, 0, 0]",3,0.39990388052656595,-1,0
21,"[0, 0, 0, 0, 8, 0, 3, 4, 0, 0, 0, 2, 0, 0, 0, 0, 0, 0, 0, 0, 0, 0, 0, 2, 0, 0, 0, 0, 1, 0, 0, 1, 0, 0, 0, 0, 0, 0, 2, 0, 0, 0, 0, 0, 0, 0, 0, 0, 0, 2, 0, 0, 0, 0, 0, 0, 0, 1, 0, 0, 1, 0, 0, 2, 2, 4, 1, 2, 3, 1, 4, 0, 1, 3, 5, 1, 4, 5, 6, 6, 9, 0, 0, 0, 0, 0, 0]",-1,-0.04569655926356141,-1,0
22,"[0, 0, 0, 0, 8, 0, 3, 4, 0, 0, 0, 2, 0, 0, 0, 0, 0, 0, 0, 0, 0, 0, 0, 2, 0, 0, 0, 0, 1, 0, 0, 1, 0, 0, 0, 0, 0, 0, 2, 0, 0, 0, 0, 0, 0, 0, 0, 0, 0, 2, 0, 0, 0, 0, 0, 0, 0, 1, 0, 0, 1, 0, 0, 2, 2, 4, 1, 2, 3, 1, 4, 0, 1, 3, 5, 1, 4, 5, 6, 6, 9, 1, 0, 0, 0, 0, 0]",3,0.39990388052656595,-1,0
23,"[0, 0, 0, 0, 8, 0, 3, 4, 0, 0, 0, 2, 0, 0, 0, 0, 0, 0, 0, 0, 0, 0, 0, 2, 0, 0, 0, 0, 1, 0, 0, 1, 0, 0, 0, 0, 0, 0, 2, 0, 0, 0, 0, 0, 0, 0, 0, 0, 0, 2, 0, 0, 0, 0, 0, 0, 0, 1, 0, 0, 1, 0, 0, 2, 2, 4, 1, 2, 3, 1, 4, 0, 1, 3, 5, 1, 4, 5, 6, 6, 9, 0, 0, 0, 0, 0, 0]",-1,-0.04569655926356141,-1,0
24,"[0, 0, 0, 0, 8, 0, 3, 4, 0, 0, 0, 2, 0, 0, 0, 0, 0, 0, 0, 0, 0, 0, 0, 2, 0, 0, 0, 0, 1, 0, 0, 1, 0, 0, 0, 0, 0, 0, 2, 0, 0, 0, 0, 0, 0, 0, 0, 0, 0, 2, 0, 0, 0, 0, 0, 0, 0, 1, 0, 0, 1, 0, 0, 2, 2, 4, 1, 2, 3, 1, 4, 0, 1, 3, 5, 1, 4, 5, 6, 6, 10, 0, 0, 0, 0, 0, 0]",4,9.891293078305708,-1,0
25,"[0, 0, 0, 0, 8, 0, 3, 4, 0, 0, 0, 2, 0, 0, 0, 0, 0, 0, 0, 0, 0, 0, 0, 2, 0, 0, 0, 0, 1, 0, 0, 1, 0, 0, 0, 0, 0, 0, 2, 0, 0, 0, 0, 0, 0, 0, 0, 0, 0, 2, 0, 0, 0, 0, 0, 0, 0, 1, 0, 0, 1, 0, 0, 2, 2, 4, 1, 2, 3, 1, 4, 0, 1, 3, 5, 1, 4, 5, 6, 6, 10, 0, 1, 0, 0, 0, 0]",2,0.599899959778584,-1,1
26,"[0, 0, 0, 0, 8, 0, 3, 4, 0, 0, 0, 2, 0, 0, 0, 0, 0, 0, 0, 0, 0, 0, 0, 2, 0, 0, 0, 0, 1, 0, 0, 1, 0, 0, 0, 0, 0, 0, 2, 0, 0, 0, 0, 0, 0, 0, 0, 0, 0, 2, 0, 0, 0, 0, 0, 0, 0, 1, 0, 0, 1, 0, 0, 2, 2, 4, 1, 2, 3, 1, 4, 0, 1, 3, 5, 1, 4, 5, 6, 6, 10, 0, 0, 0, 0, 0, 0]",-1,-0.04524187090179798,-1,1
27,"[0, 0, 0, 0, 4, 0, 1, 2, 0, 0, 0, 2, 0, 0, 0, 0, 0, 0, 0, 0, 0, 0, 0, 2, 0, 0, 0, 0, 1, 0, 0, 1, 0, 0, 0, 0, 0, 0, 2, 0, 0, 0, 0, 0, 0, 0, 0, 0, 0, 2, 0, 0, 0, 0, 0, 0, 0, 1, 0, 0, 1, 0, 0, 2, 2, 4, 1, 2, 3, 1, 4, 0, 1, 3, 5, 1, 4, 5, 6, 5, 11, 0, 0, 0, 0, 0, 0]",4,8.71896570300242,-1,1
28,"[0, 0, 0, 0, 4, 0, 1, 2, 0, 0, 0, 2, 0, 0, 0, 0, 0, 0, 0, 0, 0, 0, 0, 2, 0, 0, 0, 0, 1, 0, 0, 1, 0, 0, 0, 0, 0, 0, 2, 0, 0, 0, 0, 0, 0, 0, 0, 0, 0, 2, 0, 0, 0, 0, 0, 0, 0, 1, 0, 0, 1, 0, 0, 2, 2, 4, 1, 2, 3, 1, 4, 0, 1, 3, 5, 1, 4, 5, 6, 5, 11, 0, 1, 0, 0, 0, 0]",2,0.5998958791851778,-1,0
29,"[0, 0, 0, 0, 4, 0, 1, 2, 0, 0, 0, 2, 0, 0, 0, 0, 0, 0, 0, 0, 0, 0, 0, 2, 0, 0, 0, 0, 1, 0, 0, 1, 0, 0, 0, 0, 0, 0, 2, 0, 0, 0, 0, 0, 0, 0, 0, 0, 0, 2, 0, 0, 0, 0, 0, 0, 0, 1, 0, 0, 1, 0, 0, 2, 2, 4, 1, 2, 3, 1, 4, 0, 1, 3, 5, 1, 4, 5, 6, 5, 11, 0, 0, 0, 0, 0, 0]",-1,-0.04479170676482641,-1,0
30,"[0, 0, 0, 0, 4, 0, 1, 2, 0, 0, 0, 2, 0, 0, 0, 0, 0, 0, 0, 0, 0, 0, 0, 2, 0, 0, 0, 0, 1, 0, 0, 1, 0, 0, 0, 0, 0, 0, 2, 0, 0, 0, 0, 0, 0, 0, 0, 0, 0, 2, 0, 0, 0, 0, 0, 0, 0, 1, 0, 0, 1, 0, 0, 2, 2, 4, 1, 2, 3, 1, 4, 0, 1, 3, 5, 1, 4, 5, 6, 5, 11, 1, 0, 0, 0, 0, 0]",3,0.3998958791851778,-1,0
31,"[0, 0, 0, 0, 4, 0, 1, 2, 0, 0, 0, 2, 0, 0, 0, 0, 0, 0, 0, 0, 0, 0, 0, 2, 0, 0, 0, 0, 1, 0, 0, 1, 0, 0, 0, 0, 0, 0, 2, 0, 0, 0, 0, 0, 0, 0, 0, 0, 0, 2, 0, 0, 0, 0, 0, 0, 0, 1, 0, 0, 1, 0, 0, 2, 2, 4, 1, 2, 3, 1, 4, 0, 1, 3, 5, 1, 4, 5, 6, 5, 11, 0, 0, 0, 0, 0, 0]",-1,-0.04479170676482641,-1,0
32,"[0, 0, 0, 0, 4, 0, 2, 4, 0, 0, 0, 2, 0, 0, 0, 0, 0, 0, 0, 0, 0, 0, 0, 2, 0, 0, 0, 0, 1, 0, 0, 1, 0, 0, 0, 0, 0, 0, 2, 0, 0, 0, 0, 0, 0, 0, 0, 0, 0, 2, 0, 0, 0, 0, 0, 0, 0, 1, 0, 0, 1, 0, 0, 2, 2, 4, 1, 2, 3, 1, 4, 0, 1, 3, 5, 1, 4, 5, 6, 5, 12, 0, 0, 0, 0, 0, 0]",4,9.889475045766178,-1,0
33,"[0, 0, 0, 0, 4, 0, 2, 4, 0, 0, 0, 2, 0, 0, 0, 0, 0, 0, 0, 0, 0, 0, 0, 2, 0, 0, 0, 0, 1, 0, 0, 1, 0, 0, 0, 0, 0, 0, 2, 0, 0, 0, 0, 0, 0, 0, 0, 0, 0, 2, 0, 0, 0, 0, 0, 0, 0, 1, 0, 0, 1, 0, 0, 2, 2, 4, 1, 2, 3, 1, 4, 0, 1, 3, 5, 1, 4, 5, 6, 5, 13, 0, 0, 0, 0, 0, 0]",4,8.778466142651268,-1,1
34,"[0, 0, 0, 0, 4, 0, 2, 4, 0, 0, 0, 2, 0, 0, 0, 0, 0, 0, 0, 0, 0, 0, 0, 2, 0, 0, 0, 0, 1, 0, 0, 1, 0, 0, 0, 0, 0, 0, 2, 0, 0, 0, 0, 0, 0, 0, 0, 0, 0, 2, 0, 0, 0, 0, 0, 0, 0, 1, 0, 0, 1, 0, 0, 2, 2, 4, 1, 2, 3, 1, 4, 0, 1, 3, 5, 1, 4, 5, 6, 5, 13, 0, 1, 0, 0, 0, 0]",2,0.5998872121582616,-1,0
35,"[0, 0, 0, 0, 4, 0, 2, 4, 0, 0, 0, 2, 0, 0, 0, 0, 0, 0, 0, 0, 0, 0, 0, 2, 0, 0, 0, 0, 1, 0, 0, 1, 0, 0, 0, 0, 0, 0, 2, 0, 0, 0, 0, 0, 0, 0, 0, 0, 0, 2, 0, 0, 0, 0, 0, 0, 0, 1, 0, 0, 1, 0, 0, 2, 2, 4, 1, 2, 3, 1, 4, 0, 1, 3, 5, 1, 4, 5, 6, 5, 13, 0, 0, 0, 0, 0, 0]",-1,-0.043904771546028065,-1,0
36,"[0, 0, 0, 0, 4, 0, 2, 4, 0, 0, 0, 2, 0, 0, 0, 0, 0, 0, 0, 0, 0, 0, 0, 2, 0, 0, 0, 0, 1, 0, 0, 1, 0, 0, 0, 0, 0, 0, 2, 0, 0, 0, 0, 0, 0, 0, 0, 0, 0, 2, 0, 0, 0, 0, 0, 0, 0, 1, 0, 0, 1, 0, 0, 2, 2, 4, 1, 2, 3, 1, 4, 0, 1, 3, 5, 1, 4, 5, 6, 5, 13, 1, 0, 0, 0, 0, 0]",3,0.39988721215826156,-1,0
37,"[0, 0, 0, 0, 4, 0, 2, 4, 0, 0, 0, 2, 0, 0, 0, 0, 0, 0, 0, 0, 0, 0, 0, 2, 0, 0, 0, 0, 1, 0, 0, 1, 0, 0, 0, 0, 0, 0, 2, 0, 0, 0, 0, 0, 0, 0, 0, 0, 0, 2, 0, 0, 0, 0, 0, 0, 0, 1, 0, 0, 1, 0, 0, 2, 2, 4, 1, 2, 3, 1, 4, 0, 1, 3, 5, 1, 4, 5, 6, 5, 13, 0, 0, 0, 0, 0, 0]",-1,-0.043904771546028065,-1,0
38,"[0, 0, 0, 0, 5, 0, 2, 4, 0, 0, 0, 2, 0, 0, 0, 0, 0, 0, 0, 0, 0, 0, 0, 2, 0, 0, 0, 0, 1, 0, 0, 1, 0, 0, 0, 0, 0, 0, 2, 0, 0, 0, 0, 0, 0, 0, 0, 0, 0, 2, 0, 0, 0, 0, 0, 0, 0, 1, 0, 0, 1, 0, 0, 2, 2, 4, 1, 2, 3, 1, 4, 0, 1, 3, 5, 1, 4, 5, 6, 5, 14, 0, 0, 0, 0, 0, 0]",4,9.887692154992841,-1,0
39,"[0, 0, 0, 0, 5, 0, 2, 4, 0, 0, 0, 2, 0, 0, 0, 0, 0, 0, 0, 0, 0, 0, 0, 2, 0, 0, 0, 0, 1, 0, 0, 1, 0, 0, 0, 0, 0, 0, 2, 0, 0, 0, 0, 0, 0, 0, 0, 0, 0, 2, 0, 0, 0, 0, 0, 0, 0, 1, 0, 0, 1, 0, 0, 2, 2, 4, 1, 2, 3, 1, 4, 0, 1, 3, 5, 1, 4, 5, 6, 5, 14, 0, 1, 0, 0, 0, 0]",2,0.5998826119007838,-1,1
40,"[0, 0, 0, 0, 5, 0, 2, 4, 0, 0, 0, 2, 0, 0, 0, 0, 0, 0, 0, 0, 0, 0, 0, 2, 0, 0, 0, 0, 1, 0, 0, 1, 0, 0, 0, 0, 0, 0, 2, 0, 0, 0, 0, 0, 0, 0, 0, 0, 0, 2, 0, 0, 0, 0, 0, 0, 0, 1, 0, 0, 1, 0, 0, 2, 2, 4, 1, 2, 3, 1, 4, 0, 1, 3, 5, 1, 4, 5, 6, 5, 14, 0, 0, 0, 0, 0, 0]",-1,-0.0434679117699403,-1,1
41,"[0, 0, 0, 0, 5, 0, 2, 4, 0, 0, 0, 2, 0, 0, 0, 0, 0, 0, 0, 0, 0, 0, 0, 2, 0, 0, 0, 0, 1, 0, 0, 1, 0, 0, 0, 0, 0, 0, 2, 0, 0, 0, 0, 0, 0, 0, 0, 0, 0, 2, 0, 0, 0, 0, 0, 0, 0, 1, 0, 0, 1, 0, 0, 2, 2, 4, 1, 2, 3, 1, 4, 0, 1, 3, 5, 1, 4, 5, 6, 5, 14, 0, 1, 0, 0, 0, 0]",2,0.5998826119007838,-1,1
42,"[0, 0, 0, 0, 5, 0, 2, 4, 0, 0, 0, 2, 0, 0, 0, 0, 0, 0, 0, 0, 0, 0, 0, 2, 0, 0, 0, 0, 1, 0, 0, 1, 0, 0, 0, 0, 0, 0, 2, 0, 0, 0, 0, 0, 0, 0, 0, 0, 0, 2, 0, 0, 0, 0, 0, 0, 0, 1, 0, 0, 1, 0, 0, 2, 2, 4, 1, 2, 3, 1, 4, 0, 1, 3, 5, 1, 4, 5, 6, 5, 14, 0, 0, 0, 0, 0, 0]",-1,-0.0434679117699403,-1,1
43,"[0, 0, 0, 0, 5, 0, 2, 4, 0, 0, 0, 2, 0, 0, 0, 0, 0, 0, 0, 0, 0, 0, 0, 2, 0, 0, 0, 0, 1, 0, 0, 1, 0, 0, 0, 0, 0, 0, 2, 0, 0, 0, 0, 0, 0, 0, 0, 0, 0, 2, 0, 0, 0, 0, 0, 0, 0, 1, 0, 0, 1, 0, 0, 2, 2, 4, 1, 2, 3, 1, 4, 0, 1, 3, 5, 1, 4, 5, 6, 5, 14, 1, 0, 0, 0, 0, 0]",3,0.39988261190078384,-1,1
44,"[0, 0, 0, 0, 6, 0, 2, 2, 0, 0, 0, 2, 0, 0, 0, 0, 0, 0, 0, 0, 0, 0, 0, 2, 0, 0, 0, 0, 1, 0, 0, 1, 0, 0, 0, 0, 0, 0, 2, 0, 0, 0, 0, 0, 0, 0, 0, 0, 0, 2, 0, 0, 0, 0, 0, 0, 0, 1, 0, 0, 1, 0, 0, 2, 2, 4, 1, 2, 3, 1, 4, 0, 1, 3, 5, 1, 4, 5, 6, 5, 14, 0, 0, 0, 0, 0, 0]","[[0 0 0 2]
 [1 0 0 0]]",0.001340293811824893,-1,1
45,"[0, 0, 0, 0, 6, 0, 2, 2, 0, 0, 0, 2, 0, 0, 0, 0, 0, 0, 0, 0, 0, 0, 0, 2, 0, 0, 0, 0, 1, 0, 0, 1, 0, 0, 0, 0, 0, 0, 2, 0, 0, 0, 0, 0, 0, 0, 0, 0, 0, 2, 0, 0, 0, 0, 0, 0, 0, 1, 0, 0, 1, 0, 0, 2, 2, 4, 1, 2, 3, 1, 4, 0, 1, 3, 5, 1, 4, 5, 6, 5, 14, 0, 1, 0, 0, 0, 0]",2,0.5998826119007838,-1,1
46,"[0, 0, 0, 0, 6, 0, 2, 2, 0, 0, 0, 2, 0, 0, 0, 0, 0, 0, 0, 0, 0, 0, 0, 2, 0, 0, 0, 0, 1, 0, 0, 1, 0, 0, 0, 0, 0, 0, 2, 0, 0, 0, 0, 0, 0, 0, 0, 0, 0, 2, 0, 0, 0, 0, 0, 0, 0, 1, 0, 0, 1, 0, 0, 2, 2, 4, 1, 2, 3, 1, 4, 0, 1, 3, 5, 1, 4, 5, 6, 5, 14, 0, 0, 0, 0, 0, 0]",-1,-0.0434679117699403,-1,1
47,"[0, 0, 0, 0, 6, 0, 2, 2, 0, 0, 0, 2, 0, 0, 0, 0, 0, 0, 0, 0, 0, 0, 0, 2, 0, 0, 0, 0, 1, 0, 0, 1, 0, 0, 0, 0, 0, 0, 2, 0, 0, 0, 0, 0, 0, 0, 0, 0, 0, 2, 0, 0, 0, 0, 0, 0, 0, 1, 0, 0, 1, 0, 0, 2, 2, 4, 1, 2, 3, 1, 4, 0, 1, 3, 5, 1, 4, 5, 6, 5, 14, 0, 1, 0, 0, 0, 0]",2,0.5998826119007838,-1,1
48,"[0, 0, 0, 0, 6, 0, 2, 2, 0, 0, 0, 2, 0, 0, 0, 0, 0, 0, 0, 0, 0, 0, 0, 2, 0, 0, 0, 0, 1, 0, 0, 1, 0, 0, 0, 0, 0, 0, 2, 0, 0, 0, 0, 0, 0, 0, 0, 0, 0, 2, 0, 0, 0, 0, 0, 0, 0, 1, 0, 0, 1, 0, 0, 2, 2, 4, 1, 2, 3, 1, 4, 0, 1, 3, 5, 1, 4, 5, 6, 5, 14, 0, 0, 0, 0, 0, 0]",-1,-0.0434679117699403,-1,1
49,"[0, 0, 0, 0, 7, 0, 2, 2, 0, 0, 0, 2, 0, 0, 0, 0, 0, 0, 0, 0, 0, 0, 0, 2, 0, 0, 0, 0, 1, 0, 0, 1, 0, 0, 0, 0, 0, 0, 2, 0, 0, 0, 0, 0, 0, 0, 0, 0, 0, 2, 0, 0, 0, 0, 0, 0, 0, 1, 0, 0, 1, 0, 0, 2, 2, 4, 1, 2, 3, 1, 4, 0, 1, 3, 5, 1, 4, 5, 6, 5, 15, 0, 0, 0, 0, 0, 0]",4,8.569086977700012,-1,1
50,"[0, 0, 0, 0, 7, 0, 2, 2, 0, 0, 0, 2, 0, 0, 0, 0, 0, 0, 0, 0, 0, 0, 0, 2, 0, 0, 0, 0, 1, 0, 0, 1, 0, 0, 0, 0, 0, 0, 2, 0, 0, 0, 0, 0, 0, 0, 0, 0, 0, 2, 0, 0, 0, 0, 0, 0, 0, 1, 0, 0, 1, 0, 0, 2, 2, 4, 1, 2, 3, 1, 4, 0, 1, 3, 5, 1, 4, 5, 6, 5, 15, 1, 0, 0, 0, 0, 0]",3,0.3998778241281131,-1,0
51,"[0, 0, 0, 0, 7, 0, 2, 2, 0, 0, 0, 2, 0, 0, 0, 0, 0, 0, 0, 0, 0, 0, 0, 2, 0, 0, 0, 0, 1, 0, 0, 1, 0, 0, 0, 0, 0, 0, 2, 0, 0, 0, 0, 0, 0, 0, 0, 0, 0, 2, 0, 0, 0, 0, 0, 0, 0, 1, 0, 0, 1, 0, 0, 2, 2, 4, 1, 2, 3, 1, 4, 0, 1, 3, 5, 1, 4, 5, 6, 5, 15, 0, 0, 0, 0, 0, 0]",-1,-0.043035398821252895,-1,0
52,"[0, 0, 0, 0, 7, 0, 2, 2, 0, 0, 0, 2, 0, 0, 0, 0, 0, 0, 0, 0, 0, 0, 0, 2, 0, 0, 0, 0, 1, 0, 0, 1, 0, 0, 0, 0, 0, 0, 2, 0, 0, 0, 0, 0, 0, 0, 0, 0, 0, 2, 0, 0, 0, 0, 0, 0, 0, 1, 0, 0, 1, 0, 0, 2, 2, 4, 1, 2, 3, 1, 4, 0, 1, 3, 5, 1, 4, 5, 6, 5, 15, 0, 0, 0, 0, 0, 0]",0,0.6259768578280541,-1,0
53,"[0, 0, 0, 0, 7, 0, 2, 2, 0, 0, 0, 2, 0, 0, 0, 0, 0, 0, 0, 0, 0, 0, 0, 2, 0, 0, 0, 0, 1, 0, 0, 1, 0, 0, 0, 0, 0, 0, 2, 0, 0, 0, 0, 0, 0, 0, 0, 0, 0, 2, 0, 0, 0, 0, 0, 0, 0, 1, 0, 0, 1, 0, 0, 2, 2, 4, 1, 2, 3, 1, 4, 0, 1, 3, 5, 1, 4, 5, 6, 5, 15, 0, 0, 0, 0, 0, 0]",-1,-0.043035398821252895,-1,0
54,"[0, 0, 0, 0, 7, 0, 2, 2, 0, 0, 0, 2, 0, 0, 0, 0, 0, 0, 0, 0, 0, 0, 0, 2, 0, 0, 0, 0, 1, 0, 0, 1, 0, 0, 0, 0, 0, 0, 2, 0, 0, 0, 0, 0, 0, 0, 0, 0, 0, 2, 0, 0, 0, 0, 0, 0, 0, 1, 0, 0, 1, 0, 0, 2, 2, 4, 1, 2, 3, 1, 4, 0, 1, 3, 5, 1, 4, 5, 6, 5, 15, 0, 1, 0, 0, 0, 0]",2,0.5998778241281131,-1,0
55,"[0, 0, 0, 0, 7, 0, 2, 2, 0, 0, 0, 2, 0, 0, 0, 0, 0, 0, 0, 0, 0, 0, 0, 2, 0, 0, 0, 0, 1, 0, 0, 1, 0, 0, 0, 0, 0, 0, 2, 0, 0, 0, 0, 0, 0, 0, 0, 0, 0, 2, 0, 0, 0, 0, 0, 0, 0, 1, 0, 0, 1, 0, 0, 2, 2, 4, 1, 2, 3, 1, 4, 0, 1, 3, 5, 1, 4, 5, 6, 5, 15, 0, 0, 0, 0, 0, 0]",-1,-0.043035398821252895,-1,0
56,"[0, 0, 0, 0, 7, 0, 2, 2, 0, 0, 0, 2, 0, 0, 0, 0, 0, 0, 0, 0, 0, 0, 0, 2, 0, 0, 0, 0, 1, 0, 0, 1, 0, 0, 0, 0, 0, 0, 2, 0, 0, 0, 0, 0, 0, 0, 0, 0, 0, 2, 0, 0, 0, 0, 0, 0, 0, 1, 0, 0, 1, 0, 0, 2, 2, 4, 1, 2, 3, 1, 4, 0, 1, 3, 5, 1, 4, 5, 6, 5, 15, 1, 0, 0, 0, 0, 0]",3,0.3998778241281131,-1,0
57,"[0, 0, 0, 0, 7, 0, 2, 2, 0, 0, 0, 2, 0, 0, 0, 0, 0, 0, 0, 0, 0, 0, 0, 2, 0, 0, 0, 0, 1, 0, 0, 1, 0, 0, 0, 0, 0, 0, 2, 0, 0, 0, 0, 0, 0, 0, 0, 0, 0, 2, 0, 0, 0, 0, 0, 0, 0, 1, 0, 0, 1, 0, 0, 2, 2, 4, 1, 2, 3, 1, 4, 0, 1, 3, 5, 1, 4, 5, 6, 5, 15, 0, 0, 0, 0, 0, 0]",-1,-0.043035398821252895,-1,0
58,"[0, 0, 0, 0, 7, 0, 2, 2, 0, 0, 0, 2, 0, 0, 0, 0, 0, 0, 0, 0, 0, 0, 0, 2, 0, 0, 0, 0, 1, 0, 0, 1, 0, 0, 0, 0, 0, 0, 2, 0, 0, 0, 0, 0, 0, 0, 0, 0, 0, 2, 0, 0, 0, 0, 0, 0, 0, 1, 0, 0, 1, 0, 0, 2, 2, 4, 1, 2, 3, 1, 4, 0, 1, 3, 5, 1, 4, 5, 6, 5, 15, 0, 0, 0, 0, 0, 0]",0,0.6259768578280541,-1,0
59,"[0, 0, 0, 0, 7, 0, 2, 2, 0, 0, 0, 2, 0, 0, 0, 0, 0, 0, 0, 0, 0, 0, 0, 2, 0, 0, 0, 0, 1, 0, 0, 1, 0, 0, 0, 0, 0, 0, 2, 0, 0, 0, 0, 0, 0, 0, 0, 0, 0, 2, 0, 0, 0, 0, 0, 0, 0, 1, 0, 0, 1, 0, 0, 2, 2, 4, 1, 2, 3, 1, 4, 0, 1, 3, 5, 1, 4, 5, 6, 5, 15, 0, 0, 0, 0, 0, 0]",-1,-0.043035398821252895,-1,0
60,"[0, 0, 0, 0, 7, 0, 2, 2, 0, 0, 0, 2, 0, 0, 0, 0, 0, 0, 0, 0, 0, 0, 0, 2, 0, 0, 0, 0, 1, 0, 0, 1, 0, 0, 0, 0, 0, 0, 2, 0, 0, 0, 0, 0, 0, 0, 0, 0, 0, 2, 0, 0, 0, 0, 0, 0, 0, 1, 0, 0, 1, 0, 0, 2, 2, 4, 1, 2, 3, 1, 4, 0, 1, 3, 5, 1, 4, 5, 6, 5, 15, 0, 1, 0, 0, 0, 0]",2,0.5998778241281131,-1,0
61,"[0, 0, 0, 0, 7, 0, 2, 2, 0, 0, 0, 2, 0, 0, 0, 0, 0, 0, 0, 0, 0, 0, 0, 2, 0, 0, 0, 0, 1, 0, 0, 1, 0, 0, 0, 0, 0, 0, 2, 0, 0, 0, 0, 0, 0, 0, 0, 0, 0, 2, 0, 0, 0, 0, 0, 0, 0, 1, 0, 0, 1, 0, 0, 2, 2, 4, 1, 2, 3, 1, 4, 0, 1, 3, 5, 1, 4, 5, 6, 5, 15, 0, 0, 0, 0, 0, 0]",-1,-0.043035398821252895,-1,0
62,"[0, 0, 0, 0, 7, 0, 2, 2, 0, 0, 0, 2, 0, 0, 0, 0, 0, 0, 0, 0, 0, 0, 0, 2, 0, 0, 0, 0, 1, 0, 0, 1, 0, 0, 0, 0, 0, 0, 2, 0, 0, 0, 0, 0, 0, 0, 0, 0, 0, 2, 0, 0, 0, 0, 0, 0, 0, 1, 0, 0, 1, 0, 0, 2, 2, 4, 1, 2, 3, 1, 4, 0, 1, 3, 5, 1, 4, 5, 6, 5, 15, 0, 1, 0, 0, 0, 0]",2,0.5998778241281131,-1,0
63,"[0, 0, 0, 0, 7, 0, 2, 2, 0, 0, 0, 2, 0, 0, 0, 0, 0, 0, 0, 0, 0, 0, 0, 2, 0, 0, 0, 0, 1, 0, 0, 1, 0, 0, 0, 0, 0, 0, 2, 0, 0, 0, 0, 0, 0, 0, 0, 0, 0, 2, 0, 0, 0, 0, 0, 0, 0, 1, 0, 0, 1, 0, 0, 2, 2, 4, 1, 2, 3, 1, 4, 0, 1, 3, 5, 1, 4, 5, 6, 5, 15, 0, 0, 0, 0, 0, 0]",-1,-0.043035398821252895,-1,0
64,"[0, 0, 0, 0, 7, 0, 2, 2, 0, 0, 0, 2, 0, 0, 0, 0, 0, 0, 0, 0, 0, 0, 0, 2, 0, 0, 0, 0, 1, 0, 0, 1, 0, 0, 0, 0, 0, 0, 2, 0, 0, 0, 0, 0, 0, 0, 0, 0, 0, 2, 0, 0, 0, 0, 0, 0, 0, 1, 0, 0, 1, 0, 0, 2, 2, 4, 1, 2, 3, 1, 4, 0, 1, 3, 5, 1, 4, 5, 6, 5, 16, 0, 0, 0, 0, 0, 0]",4,9.885943638848827,-1,0
65,"[0, 0, 0, 0, 7, 0, 2, 2, 0, 0, 0, 2, 0, 0, 0, 0, 0, 0, 0, 0, 0, 0, 0, 2, 0, 0, 0, 0, 1, 0, 0, 1, 0, 0, 0, 0, 0, 0, 2, 0, 0, 0, 0, 0, 0, 0, 0, 0, 0, 2, 0, 0, 0, 0, 0, 0, 0, 1, 0, 0, 1, 0, 0, 2, 2, 4, 1, 2, 3, 1, 4, 0, 1, 3, 5, 1, 4, 5, 6, 5, 16, 0, 0, 0, 0, 0, 0]",0,0.6259718749062619,-1,1
66,"[0, 0, 0, 0, 7, 0, 2, 2, 0, 0, 0, 2, 0, 0, 0, 0, 0, 0, 0, 0, 0, 0, 0, 2, 0, 0, 0, 0, 1, 0, 0, 1, 0, 0, 0, 0, 0, 0, 2, 0, 0, 0, 0, 0, 0, 0, 0, 0, 0, 2, 0, 0, 0, 0, 0, 0, 0, 1, 0, 0, 1, 0, 0, 2, 2, 4, 1, 2, 3, 1, 4, 0, 1, 3, 5, 1, 4, 5, 6, 5, 16, 0, 0, 0, 0, 0, 0]",-1,-0.04260718944831057,-1,1
67,"[0, 0, 0, 0, 7, 0, 2, 2, 0, 0, 0, 2, 0, 0, 0, 0, 0, 0, 0, 0, 0, 0, 0, 2, 0, 0, 0, 0, 1, 0, 0, 1, 0, 0, 0, 0, 0, 0, 2, 0, 0, 0, 0, 0, 0, 0, 0, 0, 0, 2, 0, 0, 0, 0, 0, 0, 0, 1, 0, 0, 1, 0, 0, 2, 2, 4, 1, 2, 3, 1, 4, 0, 1, 3, 5, 1, 4, 5, 6, 5, 16, 1, 0, 0, 0, 0, 0]",3,0.399872841206321,-1,1
68,"[0, 0, 0, 0, 8, 0, 0, 2, 0, 0, 0, 2, 0, 0, 0, 0, 0, 0, 0, 0, 0, 0, 0, 2, 0, 0, 0, 0, 1, 0, 0, 1, 0, 0, 0, 0, 0, 0, 2, 0, 0, 0, 0, 0, 0, 0, 0, 0, 0, 2, 0, 0, 0, 0, 0, 0, 0, 1, 0, 0, 1, 0, 0, 2, 2, 4, 1, 2, 3, 1, 4, 0, 1, 3, 5, 1, 4, 5, 6, 5, 16, 0, 0, 0, 0, 0, 0]","[[0 0 2 0]
 [1 0 0 0]]",0.0013305231173620076,-1,1
69,"[0, 0, 0, 0, 8, 0, 0, 2, 0, 0, 0, 2, 0, 0, 0, 0, 0, 0, 0, 0, 0, 0, 0, 2, 0, 0, 0, 0, 1, 0, 0, 1, 0, 0, 0, 0, 0, 0, 2, 0, 0, 0, 0, 0, 0, 0, 0, 0, 0, 2, 0, 0, 0, 0, 0, 0, 0, 1, 0, 0, 1, 0, 0, 2, 2, 4, 1, 2, 3, 1, 4, 0, 1, 3, 5, 1, 4, 5, 6, 5, 16, 0, 1, 0, 0, 0, 0]",2,0.5998728412063209,-1,1
70,"[0, 0, 0, 0, 8, 0, 0, 2, 0, 0, 0, 2, 0, 0, 0, 0, 0, 0, 0, 0, 0, 0, 0, 2, 0, 0, 0, 0, 1, 0, 0, 1, 0, 0, 0, 0, 0, 0, 2, 0, 0, 0, 0, 0, 0, 0, 0, 0, 0, 2, 0, 0, 0, 0, 0, 0, 0, 1, 0, 0, 1, 0, 0, 2, 2, 4, 1, 2, 3, 1, 4, 0, 1, 3, 5, 1, 4, 5, 6, 5, 16, 0, 0, 0, 0, 0, 0]",-1,-0.04260718944831057,-1,1
71,"[0, 0, 0, 0, 8, 0, 0, 2, 0, 0, 0, 2, 0, 0, 0, 0, 0, 0, 0, 0, 0, 0, 0, 2, 0, 0, 0, 0, 1, 0, 0, 1, 0, 0, 0, 0, 0, 0, 2, 0, 0, 0, 0, 0, 0, 0, 0, 0, 0, 2, 0, 0, 0, 0, 0, 0, 0, 1, 0, 0, 1, 0, 0, 2, 2, 4, 1, 2, 3, 1, 4, 0, 1, 3, 5, 1, 4, 5, 6, 5, 16, 1, 0, 0, 0, 0, 0]",3,0.399872841206321,-1,1
72,"[0, 0, 0, 0, 6, 0, 0, 3, 0, 0, 0, 2, 0, 0, 0, 0, 0, 0, 0, 0, 0, 0, 0, 2, 0, 0, 0, 0, 1, 0, 0, 1, 0, 0, 0, 0, 0, 0, 2, 0, 0, 0, 0, 0, 0, 0, 0, 0, 0, 2, 0, 0, 0, 0, 0, 0, 0, 1, 0, 0, 1, 0, 0, 2, 2, 4, 1, 2, 3, 1, 4, 0, 1, 3, 5, 1, 4, 5, 6, 5, 16, 0, 0, 0, 0, 0, 0]","[[2 0 0 0]
 [0 0 0 1]]",0.0013305231173620076,-1,1
73,"[0, 0, 0, 0, 3, 0, 0, 1, 0, 0, 0, 2, 0, 0, 0, 0, 0, 0, 0, 0, 0, 0, 0, 2, 0, 0, 0, 0, 1, 0, 0, 1, 0, 0, 0, 0, 0, 0, 2, 0, 0, 0, 0, 0, 0, 0, 0, 0, 0, 2, 0, 0, 0, 0, 0, 0, 0, 1, 0, 0, 1, 0, 0, 2, 2, 4, 1, 2, 3, 1, 4, 0, 1, 3, 5, 1, 4, 5, 6, 1, 17, 0, 0, 0, 0, 0, 0]",4,8.57855659136115,-1,1
74,"[0, 0, 0, 0, 3, 0, 0, 1, 0, 0, 0, 2, 0, 0, 0, 0, 0, 0, 0, 0, 0, 0, 0, 2, 0, 0, 0, 0, 1, 0, 0, 1, 0, 0, 0, 0, 0, 0, 2, 0, 0, 0, 0, 0, 0, 0, 0, 0, 0, 2, 0, 0, 0, 0, 0, 0, 0, 1, 0, 0, 1, 0, 0, 2, 2, 4, 1, 2, 3, 1, 4, 0, 1, 3, 5, 1, 4, 5, 6, 1, 17, 1, 0, 0, 0, 0, 0]",3,0.3998676551914886,-1,0
75,"[0, 0, 0, 0, 3, 0, 0, 1, 0, 0, 0, 2, 0, 0, 0, 0, 0, 0, 0, 0, 0, 0, 0, 2, 0, 0, 0, 0, 1, 0, 0, 1, 0, 0, 0, 0, 0, 0, 2, 0, 0, 0, 0, 0, 0, 0, 0, 0, 0, 2, 0, 0, 0, 0, 0, 0, 0, 1, 0, 0, 1, 0, 0, 2, 2, 4, 1, 2, 3, 1, 4, 0, 1, 3, 5, 1, 4, 5, 6, 1, 17, 0, 0, 0, 0, 0, 0]",-1,-0.04218324082981919,-1,0
76,"[0, 0, 0, 0, 3, 0, 0, 1, 0, 0, 0, 2, 0, 0, 0, 0, 0, 0, 0, 0, 0, 0, 0, 2, 0, 0, 0, 0, 1, 0, 0, 1, 0, 0, 0, 0, 0, 0, 2, 0, 0, 0, 0, 0, 0, 0, 0, 0, 0, 2, 0, 0, 0, 0, 0, 0, 0, 1, 0, 0, 1, 0, 0, 2, 2, 4, 1, 2, 3, 1, 4, 0, 1, 3, 5, 1, 4, 5, 6, 1, 17, 1, 0, 0, 0, 0, 0]",3,0.3998676551914886,-1,0
77,"[0, 0, 0, 0, 3, 0, 0, 1, 0, 0, 0, 2, 0, 0, 0, 0, 0, 0, 0, 0, 0, 0, 0, 2, 0, 0, 0, 0, 1, 0, 0, 1, 0, 0, 0, 0, 0, 0, 2, 0, 0, 0, 0, 0, 0, 0, 0, 0, 0, 2, 0, 0, 0, 0, 0, 0, 0, 1, 0, 0, 1, 0, 0, 2, 2, 4, 1, 2, 3, 1, 4, 0, 1, 3, 5, 1, 4, 5, 6, 1, 17, 0, 0, 0, 0, 0, 0]",-1,-0.04218324082981919,-1,0
78,"[0, 0, 0, 0, 3, 0, 0, 1, 0, 0, 0, 2, 0, 0, 0, 0, 0, 0, 0, 0, 0, 0, 0, 2, 0, 0, 0, 0, 1, 0, 0, 1, 0, 0, 0, 0, 0, 0, 2, 0, 0, 0, 0, 0, 0, 0, 0, 0, 0, 2, 0, 0, 0, 0, 0, 0, 0, 1, 0, 0, 1, 0, 0, 2, 2, 4, 1, 2, 3, 1, 4, 0, 1, 3, 5, 1, 4, 5, 6, 1, 17, 0, 1, 0, 0, 0, 0]",2,0.5998676551914885,-1,0
79,"[0, 0, 0, 0, 3, 0, 0, 1, 0, 0, 0, 2, 0, 0, 0, 0, 0, 0, 0, 0, 0, 0, 0, 2, 0, 0, 0, 0, 1, 0, 0, 1, 0, 0, 0, 0, 0, 0, 2, 0, 0, 0, 0, 0, 0, 0, 0, 0, 0, 2, 0, 0, 0, 0, 0, 0, 0, 1, 0, 0, 1, 0, 0, 2, 2, 4, 1, 2, 3, 1, 4, 0, 1, 3, 5, 1, 4, 5, 6, 1, 17, 0, 0, 0, 0, 0, 0]",-1,-0.04218324082981919,-1,0
80,"[0, 0, 0, 0, 3, 0, 0, 1, 0, 0, 0, 2, 0, 0, 0, 0, 0, 0, 0, 0, 0, 0, 0, 2, 0, 0, 0, 0, 1, 0, 0, 1, 0, 0, 0, 0, 0, 0, 2, 0, 0, 0, 0, 0, 0, 0, 0, 0, 0, 2, 0, 0, 0, 0, 0, 0, 0, 1, 0, 0, 1, 0, 0, 2, 2, 4, 1, 2, 3, 1, 4, 0, 1, 3, 5, 1, 4, 5, 6, 1, 17, 0, 0, 0, 0, 0, 0]",0,0.6259666888914296,-1,0
81,"[0, 0, 0, 0, 3, 0, 0, 1, 0, 0, 0, 2, 0, 0, 0, 0, 0, 0, 0, 0, 0, 0, 0, 2, 0, 0, 0, 0, 1, 0, 0, 1, 0, 0, 0, 0, 0, 0, 2, 0, 0, 0, 0, 0, 0, 0, 0, 0, 0, 2, 0, 0, 0, 0, 0, 0, 0, 1, 0, 0, 1, 0, 0, 2, 2, 4, 1, 2, 3, 1, 4, 0, 1, 3, 5, 1, 4, 5, 6, 1, 17, 0, 0, 0, 0, 0, 0]",-1,-0.04218324082981919,-1,0
82,"[0, 0, 0, 0, 3, 0, 0, 1, 0, 0, 0, 2, 0, 0, 0, 0, 0, 0, 0, 0, 0, 0, 0, 2, 0, 0, 0, 0, 1, 0, 0, 1, 0, 0, 0, 0, 0, 0, 2, 0, 0, 0, 0, 0, 0, 0, 0, 0, 0, 2, 0, 0, 0, 0, 0, 0, 0, 1, 0, 0, 1, 0, 0, 2, 2, 4, 1, 2, 3, 1, 4, 0, 1, 3, 5, 1, 4, 5, 6, 1, 17, 0, 1, 0, 0, 0, 0]",2,0.5998676551914885,-1,0
83,"[0, 0, 0, 0, 3, 0, 0, 1, 0, 0, 0, 2, 0, 0, 0, 0, 0, 0, 0, 0, 0, 0, 0, 2, 0, 0, 0, 0, 1, 0, 0, 1, 0, 0, 0, 0, 0, 0, 2, 0, 0, 0, 0, 0, 0, 0, 0, 0, 0, 2, 0, 0, 0, 0, 0, 0, 0, 1, 0, 0, 1, 0, 0, 2, 2, 4, 1, 2, 3, 1, 4, 0, 1, 3, 5, 1, 4, 5, 6, 1, 17, 0, 0, 0, 0, 0, 0]",-1,-0.04218324082981919,-1,0
84,"[0, 0, 0, 0, 3, 0, 0, 1, 0, 0, 0, 2, 0, 0, 0, 0, 0, 0, 0, 0, 0, 0, 0, 2, 0, 0, 0, 0, 1, 0, 0, 1, 0, 0, 0, 0, 0, 0, 2, 0, 0, 0, 0, 0, 0, 0, 0, 0, 0, 2, 0, 0, 0, 0, 0, 0, 0, 1, 0, 0, 1, 0, 0, 2, 2, 4, 1, 2, 3, 1, 4, 0, 1, 3, 5, 1, 4, 5, 6, 1, 17, 1, 0, 0, 0, 0, 0]",3,0.3998676551914886,-1,0
85,"[0, 0, 0, 0, 3, 0, 0, 1, 0, 0, 0, 2, 0, 0, 0, 0, 0, 0, 0, 0, 0, 0, 0, 2, 0, 0, 0, 0, 1, 0, 0, 1, 0, 0, 0, 0, 0, 0, 2, 0, 0, 0, 0, 0, 0, 0, 0, 0, 0, 2, 0, 0, 0, 0, 0, 0, 0, 1, 0, 0, 1, 0, 0, 2, 2, 4, 1, 2, 3, 1, 4, 0, 1, 3, 5, 1, 4, 5, 6, 1, 17, 0, 0, 0, 0, 0, 0]",-1,-0.04218324082981919,-1,0
86,"[0, 0, 0, 0, 4, 0, 0, 1, 0, 0, 0, 2, 0, 0, 0, 0, 0, 0, 0, 0, 0, 0, 0, 2, 0, 0, 0, 0, 1, 0, 0, 1, 0, 0, 0, 0, 0, 0, 2, 0, 0, 0, 0, 0, 0, 0, 0, 0, 0, 2, 0, 0, 0, 0, 0, 0, 0, 1, 0, 0, 1, 0, 0, 2, 2, 4, 1, 2, 3, 1, 4, 0, 1, 3, 5, 1, 4, 5, 6, 1, 18, 0, 0, 0, 0, 0, 0]",4,9.884228739476823,-1,0
87,"[0, 0, 0, 0, 4, 0, 0, 1, 0, 0, 0, 2, 0, 0, 0, 0, 0, 0, 0, 0, 0, 0, 0, 2, 0, 0, 0, 0, 1, 0, 0, 1, 0, 0, 0, 0, 0, 0, 2, 0, 0, 0, 0, 0, 0, 0, 0, 0, 0, 2, 0, 0, 0, 0, 0, 0, 0, 1, 0, 0, 1, 0, 0, 2, 2, 4, 1, 2, 3, 1, 4, 0, 1, 3, 5, 1, 4, 5, 6, 1, 19, 0, 0, 0, 0, 0, 0]",4,8.443421907834443,-1,1
88,"[0, 0, 0, 0, 4, 0, 0, 1, 0, 0, 0, 2, 0, 0, 0, 0, 0, 0, 0, 0, 0, 0, 0, 2, 0, 0, 0, 0, 1, 0, 0, 1, 0, 0, 0, 0, 0, 0, 2, 0, 0, 0, 0, 0, 0, 0, 0, 0, 0, 2, 0, 0, 0, 0, 0, 0, 0, 1, 0, 0, 1, 0, 0, 2, 2, 4, 1, 2, 3, 1, 4, 0, 1, 3, 5, 1, 4, 5, 6, 1, 19, 1, 0, 0, 0, 0, 0]",3,0.39985664048144676,-1,0
89,"[0, 0, 0, 0, 4, 0, 0, 1, 0, 0, 0, 2, 0, 0, 0, 0, 0, 0, 0, 0, 0, 0, 0, 2, 0, 0, 0, 0, 1, 0, 0, 1, 0, 0, 0, 0, 0, 0, 2, 0, 0, 0, 0, 0, 0, 0, 0, 0, 0, 2, 0, 0, 0, 0, 0, 0, 0, 1, 0, 0, 1, 0, 0, 2, 2, 4, 1, 2, 3, 1, 4, 0, 1, 3, 5, 1, 4, 5, 6, 1, 19, 0, 0, 0, 0, 0, 0]",-1,-0.04134795669716812,-1,0
90,"[0, 0, 0, 0, 4, 0, 0, 1, 0, 0, 0, 2, 0, 0, 0, 0, 0, 0, 0, 0, 0, 0, 0, 2, 0, 0, 0, 0, 1, 0, 0, 1, 0, 0, 0, 0, 0, 0, 2, 0, 0, 0, 0, 0, 0, 0, 0, 0, 0, 2, 0, 0, 0, 0, 0, 0, 0, 1, 0, 0, 1, 0, 0, 2, 2, 4, 1, 2, 3, 1, 4, 0, 1, 3, 5, 1, 4, 5, 6, 1, 19, 0, 1, 0, 0, 0, 0]",2,0.5998566404814467,-1,0
91,"[0, 0, 0, 0, 4, 0, 0, 1, 0, 0, 0, 2, 0, 0, 0, 0, 0, 0, 0, 0, 0, 0, 0, 2, 0, 0, 0, 0, 1, 0, 0, 1, 0, 0, 0, 0, 0, 0, 2, 0, 0, 0, 0, 0, 0, 0, 0, 0, 0, 2, 0, 0, 0, 0, 0, 0, 0, 1, 0, 0, 1, 0, 0, 2, 2, 4, 1, 2, 3, 1, 4, 0, 1, 3, 5, 1, 4, 5, 6, 1, 19, 0, 0, 0, 0, 0, 0]",-1,-0.04134795669716812,-1,0
92,"[0, 0, 0, 0, 4, 0, 0, 1, 0, 0, 0, 2, 0, 0, 0, 0, 0, 0, 0, 0, 0, 0, 0, 2, 0, 0, 0, 0, 1, 0, 0, 1, 0, 0, 0, 0, 0, 0, 2, 0, 0, 0, 0, 0, 0, 0, 0, 0, 0, 2, 0, 0, 0, 0, 0, 0, 0, 1, 0, 0, 1, 0, 0, 2, 2, 4, 1, 2, 3, 1, 4, 0, 1, 3, 5, 1, 4, 5, 6, 1, 20, 0, 0, 0, 0, 0, 0]",4,9.882546707627569,-1,0
93,"[0, 0, 0, 0, 4, 0, 0, 1, 0, 0, 0, 2, 0, 0, 0, 0, 0, 0, 0, 0, 0, 0, 0, 2, 0, 0, 0, 0, 1, 0, 0, 1, 0, 0, 0, 0, 0, 0, 2, 0, 0, 0, 0, 0, 0, 0, 0, 0, 0, 2, 0, 0, 0, 0, 0, 0, 0, 1, 0, 0, 1, 0, 0, 2, 2, 4, 1, 2, 3, 1, 4, 0, 1, 3, 5, 1, 4, 5, 6, 1, 21, 0, 0, 0, 0, 0, 0]",4,8.441756031278013,-1,1
94,"[0, 0, 0, 0, 4, 0, 0, 1, 0, 0, 0, 2, 0, 0, 0, 0, 0, 0, 0, 0, 0, 0, 0, 2, 0, 0, 0, 0, 1, 0, 0, 1, 0, 0, 0, 0, 0, 0, 2, 0, 0, 0, 0, 0, 0, 0, 0, 0, 0, 2, 0, 0, 0, 0, 0, 0, 0, 1, 0, 0, 1, 0, 0, 2, 2, 4, 1, 2, 3, 1, 4, 0, 1, 3, 5, 1, 4, 5, 6, 1, 21, 1, 0, 0, 0, 0, 0]",3,0.39984470975834585,-1,0
95,"[0, 0, 0, 0, 4, 0, 0, 1, 0, 0, 0, 2, 0, 0, 0, 0, 0, 0, 0, 0, 0, 0, 0, 2, 0, 0, 0, 0, 1, 0, 0, 1, 0, 0, 0, 0, 0, 0, 2, 0, 0, 0, 0, 0, 0, 0, 0, 0, 0, 2, 0, 0, 0, 0, 0, 0, 0, 1, 0, 0, 1, 0, 0, 2, 2, 4, 1, 2, 3, 1, 4, 0, 1, 3, 5, 1, 4, 5, 6, 1, 21, 0, 0, 0, 0, 0, 0]",-1,-0.04052921229850936,-1,0
96,"[0, 0, 0, 0, 4, 0, 0, 1, 0, 0, 0, 2, 0, 0, 0, 0, 0, 0, 0, 0, 0, 0, 0, 2, 0, 0, 0, 0, 1, 0, 0, 1, 0, 0, 0, 0, 0, 0, 2, 0, 0, 0, 0, 0, 0, 0, 0, 0, 0, 2, 0, 0, 0, 0, 0, 0, 0, 1, 0, 0, 1, 0, 0, 2, 2, 4, 1, 2, 3, 1, 4, 0, 1, 3, 5, 1, 4, 5, 6, 1, 21, 0, 0, 0, 0, 0, 0]",0,0.6259437434582868,-1,0
97,"[0, 0, 0, 0, 4, 0, 0, 1, 0, 0, 0, 2, 0, 0, 0, 0, 0, 0, 0, 0, 0, 0, 0, 2, 0, 0, 0, 0, 1, 0, 0, 1, 0, 0, 0, 0, 0, 0, 2, 0, 0, 0, 0, 0, 0, 0, 0, 0, 0, 2, 0, 0, 0, 0, 0, 0, 0, 1, 0, 0, 1, 0, 0, 2, 2, 4, 1, 2, 3, 1, 4, 0, 1, 3, 5, 1, 4, 5, 6, 1, 21, 0, 0, 0, 0, 0, 0]",-1,-0.04052921229850936,-1,0
98,"[0, 0, 0, 0, 4, 0, 0, 1, 0, 0, 0, 2, 0, 0, 0, 0, 0, 0, 0, 0, 0, 0, 0, 2, 0, 0, 0, 0, 1, 0, 0, 1, 0, 0, 0, 0, 0, 0, 2, 0, 0, 0, 0, 0, 0, 0, 0, 0, 0, 2, 0, 0, 0, 0, 0, 0, 0, 1, 0, 0, 1, 0, 0, 2, 2, 4, 1, 2, 3, 1, 4, 0, 1, 3, 5, 1, 4, 5, 6, 1, 21, 1, 0, 0, 0, 0, 0]",3,0.39984470975834585,-1,0
99,"[0, 0, 0, 0, 4, 0, 0, 1, 0, 0, 0, 2, 0, 0, 0, 0, 0, 0, 0, 0, 0, 0, 0, 2, 0, 0, 0, 0, 1, 0, 0, 1, 0, 0, 0, 0, 0, 0, 2, 0, 0, 0, 0, 0, 0, 0, 0, 0, 0, 2, 0, 0, 0, 0, 0, 0, 0, 1, 0, 0, 1, 0, 0, 2, 2, 4, 1, 2, 3, 1, 4, 0, 1, 3, 5, 1, 4, 5, 6, 1, 21, 0, 0, 0, 0, 0, 0]",-1,-0.04052921229850936,-1,0
100,"[0, 0, 0, 0, 4, 0, 0, 1, 0, 0, 0, 2, 0, 0, 0, 0, 0, 0, 0, 0, 0, 0, 0, 2, 0, 0, 0, 0, 1, 0, 0, 1, 0, 0, 0, 0, 0, 0, 2, 0, 0, 0, 0, 0, 0, 0, 0, 0, 0, 2, 0, 0, 0, 0, 0, 0, 0, 1, 0, 0, 1, 0, 0, 2, 2, 4, 1, 2, 3, 1, 4, 0, 1, 3, 5, 1, 4, 5, 6, 1, 21, 1, 0, 0, 0, 0, 0]",3,0.39984470975834585,-1,0
101,"[0, 0, 0, 0, 4, 0, 0, 1, 0, 0, 0, 2, 0, 0, 0, 0, 0, 0, 0, 0, 0, 0, 0, 2, 0, 0, 0, 0, 1, 0, 0, 1, 0, 0, 0, 0, 0, 0, 2, 0, 0, 0, 0, 0, 0, 0, 0, 0, 0, 2, 0, 0, 0, 0, 0, 0, 0, 1, 0, 0, 1, 0, 0, 2, 2, 4, 1, 2, 3, 1, 4, 0, 1, 3, 5, 1, 4, 5, 6, 1, 21, 0, 0, 0, 0, 0, 0]",-1,-0.04052921229850936,-1,0
102,"[0, 0, 0, 0, 4, 0, 0, 1, 0, 0, 0, 2, 0, 0, 0, 0, 0, 0, 0, 0, 0, 0, 0, 2, 0, 0, 0, 0, 1, 0, 0, 1, 0, 0, 0, 0, 0, 0, 2, 0, 0, 0, 0, 0, 0, 0, 0, 0, 0, 2, 0, 0, 0, 0, 0, 0, 0, 1, 0, 0, 1, 0, 0, 2, 2, 4, 1, 2, 3, 1, 4, 0, 1, 3, 5, 1, 4, 5, 6, 1, 21, 0, 1, 0, 0, 0, 0]",2,0.5998447097583458,-1,0
103,"[0, 0, 0, 0, 4, 0, 0, 1, 0, 0, 0, 2, 0, 0, 0, 0, 0, 0, 0, 0, 0, 0, 0, 2, 0, 0, 0, 0, 1, 0, 0, 1, 0, 0, 0, 0, 0, 0, 2, 0, 0, 0, 0, 0, 0, 0, 0, 0, 0, 2, 0, 0, 0, 0, 0, 0, 0, 1, 0, 0, 1, 0, 0, 2, 2, 4, 1, 2, 3, 1, 4, 0, 1, 3, 5, 1, 4, 5, 6, 1, 21, 0, 0, 0, 0, 0, 0]",-1,-0.04052921229850936,-1,0
104,"[0, 0, 0, 0, 4, 0, 0, 1, 0, 0, 0, 2, 0, 0, 0, 0, 0, 0, 0, 0, 0, 0, 0, 2, 0, 0, 0, 0, 1, 0, 0, 1, 0, 0, 0, 0, 0, 0, 2, 0, 0, 0, 0, 0, 0, 0, 0, 0, 0, 2, 0, 0, 0, 0, 0, 0, 0, 1, 0, 0, 1, 0, 0, 2, 2, 4, 1, 2, 3, 1, 4, 0, 1, 3, 5, 1, 4, 5, 6, 1, 22, 0, 0, 0, 0, 0, 0]",4,9.880896801961809,-1,0
105,"[0, 0, 1, 0, 4, 0, 0, 1, 0, 0, 0, 2, 0, 0, 0, 0, 0, 0, 0, 0, 0, 0, 0, 2, 0, 0, 0, 0, 1, 0, 0, 1, 0, 0, 0, 0, 0, 0, 2, 0, 0, 0, 0, 0, 0, 0, 0, 0, 0, 2, 0, 0, 0, 0, 0, 0, 0, 1, 0, 0, 1, 0, 0, 2, 2, 4, 1, 2, 3, 1, 4, 0, 1, 3, 5, 1, 4, 5, 6, 1, 23, 0, 0, 0, 0, 0, 0]",4,8.440121912975654,-1,1
106,"[0, 0, 1, 0, 2, 0, 0, 1, 0, 0, 0, 2, 0, 0, 0, 0, 0, 0, 0, 0, 0, 0, 0, 2, 0, 0, 0, 0, 1, 0, 0, 1, 0, 0, 0, 0, 0, 0, 2, 0, 0, 0, 0, 0, 0, 0, 0, 0, 0, 2, 0, 0, 0, 0, 0, 0, 0, 1, 0, 0, 1, 0, 0, 2, 2, 4, 1, 2, 3, 1, 4, 0, 1, 3, 5, 1, 4, 5, 6, 6, 24, 0, 0, 0, 0, 0, 0]",4,8.776020108240179,-1,0
107,"[0, 0, 1, 0, 3, 0, 0, 1, 0, 0, 0, 2, 0, 0, 0, 0, 0, 0, 0, 0, 0, 0, 0, 2, 0, 0, 0, 0, 1, 0, 0, 1, 0, 0, 0, 0, 0, 0, 2, 0, 0, 0, 0, 0, 0, 0, 0, 0, 0, 2, 0, 0, 0, 0, 0, 0, 0, 1, 0, 0, 1, 0, 0, 2, 2, 4, 1, 2, 3, 1, 4, 0, 1, 3, 5, 1, 4, 5, 6, 6, 25, 0, 0, 0, 0, 0, 0]",4,8.571955133140815,-1,1
108,"[0, 0, 1, 0, 3, 0, 0, 1, 0, 0, 0, 2, 0, 0, 0, 0, 0, 0, 0, 0, 0, 0, 0, 2, 0, 0, 0, 0, 1, 0, 0, 1, 0, 0, 0, 0, 0, 0, 2, 0, 0, 0, 0, 0, 0, 0, 0, 0, 0, 2, 0, 0, 0, 0, 0, 0, 0, 1, 0, 0, 1, 0, 0, 2, 2, 4, 1, 2, 3, 1, 4, 0, 1, 3, 5, 1, 4, 5, 6, 6, 25, 0, 1, 0, 0, 0, 0]",2,0.5998177897611199,-1,0
109,"[0, 0, 1, 0, 3, 0, 0, 1, 0, 0, 0, 2, 0, 0, 0, 0, 0, 0, 0, 0, 0, 0, 0, 2, 0, 0, 0, 0, 1, 0, 0, 1, 0, 0, 0, 0, 0, 0, 2, 0, 0, 0, 0, 0, 0, 0, 0, 0, 0, 2, 0, 0, 0, 0, 0, 0, 0, 1, 0, 0, 1, 0, 0, 2, 2, 4, 1, 2, 3, 1, 4, 0, 1, 3, 5, 1, 4, 5, 6, 6, 25, 0, 1, 0, 0, 1, 0]","[[0 0 1 0]
 [0 0 0 1]]",0.8502426548192108,-1,0
110,"[0, 0, 1, 0, 3, 0, 0, 1, 0, 0, 0, 2, 0, 0, 0, 0, 0, 0, 0, 0, 0, 0, 0, 2, 0, 0, 0, 0, 1, 0, 0, 1, 0, 0, 0, 0, 0, 0, 2, 0, 0, 0, 0, 0, 0, 0, 0, 0, 0, 2, 0, 0, 0, 0, 0, 0, 0, 1, 0, 0, 1, 0, 0, 2, 2, 4, 1, 2, 3, 1, 4, 0, 1, 3, 5, 1, 4, 5, 6, 6, 25, 0, 0, 0, 0, 0, 0]",1,-0.0001822102388801291,-1,1
111,"[0, 0, 1, 0, 3, 0, 0, 1, 0, 0, 0, 2, 0, 0, 0, 0, 0, 0, 0, 0, 0, 0, 0, 2, 0, 0, 0, 0, 1, 0, 0, 1, 0, 0, 0, 0, 0, 0, 2, 0, 0, 0, 0, 0, 0, 0, 0, 0, 0, 2, 0, 0, 0, 0, 0, 0, 0, 1, 0, 0, 1, 0, 0, 2, 2, 4, 1, 2, 3, 1, 4, 0, 1, 3, 5, 1, 4, 5, 6, 6, 25, 0, 1, 0, 0, 0, 0]",2,0.5998177897611199,-1,0
112,"[0, 0, 1, 0, 3, 0, 0, 1, 0, 0, 0, 2, 0, 0, 0, 0, 0, 0, 0, 0, 0, 0, 0, 2, 0, 0, 0, 0, 1, 0, 0, 1, 0, 0, 0, 0, 0, 0, 2, 0, 0, 0, 0, 0, 0, 0, 0, 0, 0, 2, 0, 0, 0, 0, 0, 0, 0, 1, 0, 0, 1, 0, 0, 2, 2, 4, 1, 2, 3, 1, 4, 0, 1, 3, 5, 1, 4, 5, 6, 6, 25, 0, 1, 0, 0, 1, 0]","[[0 0 1 0]
 [0 0 0 1]]",0.8502426548192108,-1,0
113,"[0, 0, 1, 0, 3, 0, 0, 1, 0, 0, 0, 2, 0, 0, 0, 0, 0, 0, 0, 0, 0, 0, 0, 2, 0, 0, 0, 0, 1, 0, 0, 1, 0, 0, 0, 0, 0, 0, 2, 0, 0, 0, 0, 0, 0, 0, 0, 0, 0, 2, 0, 0, 0, 0, 0, 0, 0, 1, 0, 0, 1, 0, 0, 2, 2, 4, 1, 2, 3, 1, 4, 0, 1, 3, 5, 1, 4, 5, 6, 6, 25, 0, 0, 0, 0, 0, 0]",1,-0.0001822102388801291,-1,1
114,"[0, 0, 1, 0, 3, 0, 0, 1, 0, 0, 0, 2, 0, 0, 0, 0, 0, 0, 0, 0, 0, 0, 0, 2, 0, 0, 0, 0, 1, 0, 0, 1, 0, 0, 0, 0, 0, 0, 2, 0, 0, 0, 0, 0, 0, 0, 0, 0, 0, 2, 0, 0, 0, 0, 0, 0, 0, 1, 0, 0, 1, 0, 0, 2, 2, 4, 1, 2, 3, 1, 4, 0, 1, 3, 5, 1, 4, 5, 6, 6, 25, 0, 1, 0, 0, 0, 0]",2,0.5998177897611199,-1,0
115,"[0, 0, 1, 0, 3, 0, 0, 1, 0, 0, 0, 2, 0, 0, 0, 0, 0, 0, 0, 0, 0, 0, 0, 2, 0, 0, 0, 0, 1, 0, 0, 1, 0, 0, 0, 0, 0, 0, 2, 0, 0, 0, 0, 0, 0, 0, 0, 0, 0, 2, 0, 0, 0, 0, 0, 0, 0, 1, 0, 0, 1, 0, 0, 2, 2, 4, 1, 2, 3, 1, 4, 0, 1, 3, 5, 1, 4, 5, 6, 6, 25, 0, 1, 0, 0, 1, 0]","[[0 0 1 0]
 [1 0 0 0]]",0.8502426548192108,-1,0
116,"[1, 0, 0, 0, 2, 0, 1, 1, 0, 0, 0, 2, 0, 0, 0, 0, 0, 0, 0, 0, 0, 0, 0, 2, 0, 0, 0, 0, 1, 0, 0, 1, 0, 0, 0, 0, 0, 0, 2, 0, 0, 0, 0, 0, 0, 0, 0, 0, 0, 2, 0, 0, 0, 0, 0, 0, 0, 1, 0, 0, 1, 0, 0, 2, 2, 4, 1, 2, 3, 1, 4, 0, 1, 3, 5, 1, 4, 5, 6, 6, 25, 0, 0, 0, 0, 0, 0]",0,-0.0001822102388801291,-1,1
117,"[1, 0, 0, 0, 1, 0, 1, 1, 0, 0, 0, 2, 0, 0, 0, 0, 0, 0, 0, 0, 0, 0, 0, 2, 0, 0, 0, 0, 1, 0, 0, 1, 0, 0, 0, 0, 0, 0, 2, 0, 0, 0, 0, 0, 0, 0, 0, 0, 0, 2, 0, 0, 0, 0, 0, 0, 0, 1, 0, 0, 1, 0, 0, 2, 2, 4, 1, 2, 3, 1, 4, 0, 1, 3, 5, 1, 4, 5, 6, 2, 26, 0, 0, 0, 0, 0, 0]",4,8.7744322588954,-1,0
118,"[1, 0, 0, 0, 1, 0, 1, 1, 0, 0, 0, 2, 0, 0, 0, 0, 0, 0, 0, 0, 0, 0, 0, 2, 0, 0, 0, 0, 1, 0, 0, 1, 0, 0, 0, 0, 0, 0, 2, 0, 0, 0, 0, 0, 0, 0, 0, 0, 0, 2, 0, 0, 0, 0, 0, 0, 0, 1, 0, 0, 1, 0, 0, 2, 2, 4, 1, 2, 3, 1, 4, 0, 1, 3, 5, 1, 4, 5, 6, 2, 26, 0, 1, 0, 0, 0, 0]",2,0.5998103606711293,-1,1
119,"[1, 0, 0, 0, 1, 0, 1, 1, 0, 0, 0, 2, 0, 0, 0, 0, 0, 0, 0, 0, 0, 0, 0, 2, 0, 0, 0, 0, 1, 0, 0, 1, 0, 0, 0, 0, 0, 0, 2, 0, 0, 0, 0, 0, 0, 0, 0, 0, 0, 2, 0, 0, 0, 0, 0, 0, 0, 1, 0, 0, 1, 0, 0, 2, 2, 4, 1, 2, 3, 1, 4, 0, 1, 3, 5, 1, 4, 5, 6, 2, 26, 0, 1, 0, 0, 1, 0]","[[0 0 1 0]
 [1 0 0 0]]",0.8502352257292202,-1,1
120,"[0, 0, 1, 0, 2, 0, 0, 1, 0, 0, 0, 2, 0, 0, 0, 0, 0, 0, 0, 0, 0, 0, 0, 2, 0, 0, 0, 0, 1, 0, 0, 1, 0, 0, 0, 0, 0, 0, 2, 0, 0, 0, 0, 0, 0, 0, 0, 0, 0, 2, 0, 0, 0, 0, 0, 0, 0, 1, 0, 0, 1, 0, 0, 2, 2, 4, 1, 2, 3, 1, 4, 0, 1, 3, 5, 1, 4, 5, 6, 2, 26, 0, 0, 0, 0, 0, 0]",0,-0.0001896393288707451,-1,0
121,"[0, 0, 1, 0, 2, 0, 0, 1, 0, 0, 0, 2, 0, 0, 0, 0, 0, 0, 0, 0, 0, 0, 0, 2, 0, 0, 0, 0, 1, 0, 0, 1, 0, 0, 0, 0, 0, 0, 2, 0, 0, 0, 0, 0, 0, 0, 0, 0, 0, 2, 0, 0, 0, 0, 0, 0, 0, 1, 0, 0, 1, 0, 0, 2, 2, 4, 1, 2, 3, 1, 4, 0, 1, 3, 5, 1, 4, 5, 6, 2, 26, 1, 0, 0, 0, 0, 0]",3,0.3998103606711293,-1,1
122,"[0, 0, 1, 0, 0, 1, 0, 1, 0, 0, 0, 2, 0, 0, 0, 0, 0, 0, 0, 0, 0, 0, 0, 2, 0, 0, 0, 0, 1, 0, 0, 1, 0, 0, 0, 0, 0, 0, 2, 0, 0, 0, 0, 0, 0, 0, 0, 0, 0, 2, 0, 0, 0, 0, 0, 0, 0, 1, 0, 0, 1, 0, 0, 2, 2, 4, 1, 2, 3, 1, 4, 0, 1, 3, 5, 1, 4, 5, 6, 2, 26, 0, 0, 0, 0, 0, 0]","[[2 0 0 0]
 [0 1 0 0]]",0.001268042582170308,-1,1
123,"[0, 0, 1, 0, 0, 1, 1, 3, 0, 0, 0, 2, 0, 0, 0, 0, 0, 0, 0, 0, 0, 0, 0, 2, 0, 0, 0, 0, 1, 0, 0, 1, 0, 0, 0, 0, 0, 0, 2, 0, 0, 0, 0, 0, 0, 0, 0, 0, 0, 2, 0, 0, 0, 0, 0, 0, 0, 1, 0, 0, 1, 0, 0, 2, 2, 4, 1, 2, 3, 1, 4, 0, 1, 3, 5, 1, 4, 5, 6, 2, 27, 0, 0, 0, 0, 0, 0]",4,8.789863253876685,-1,1
124,"[0, 0, 1, 0, 0, 1, 1, 3, 0, 0, 0, 2, 0, 0, 0, 0, 0, 0, 0, 0, 0, 0, 0, 2, 0, 0, 0, 0, 1, 0, 0, 1, 0, 0, 0, 0, 0, 0, 2, 0, 0, 0, 0, 0, 0, 0, 0, 0, 0, 2, 0, 0, 0, 0, 0, 0, 0, 1, 0, 0, 1, 0, 0, 2, 2, 4, 1, 2, 3, 1, 4, 0, 1, 3, 5, 1, 4, 5, 6, 2, 27, 1, 0, 0, 0, 0, 0]",3,0.39980262898089586,-1,0
125,"[0, 0, 1, 0, 0, 1, 1, 3, 0, 0, 0, 2, 0, 0, 0, 0, 0, 0, 0, 0, 0, 0, 0, 2, 0, 0, 0, 0, 1, 0, 0, 1, 0, 0, 0, 0, 0, 0, 2, 0, 0, 0, 0, 0, 0, 0, 0, 0, 0, 2, 0, 0, 0, 0, 0, 0, 0, 1, 0, 0, 1, 0, 0, 2, 2, 4, 1, 2, 3, 1, 4, 0, 1, 3, 5, 1, 4, 5, 6, 2, 27, 0, 0, 0, 0, 0, 0]",-1,-0.03816897471684266,-1,0
126,"[0, 0, 1, 0, 1, 1, 1, 3, 0, 0, 0, 2, 0, 0, 0, 0, 0, 0, 0, 0, 0, 0, 0, 2, 0, 0, 0, 0, 1, 0, 0, 1, 0, 0, 0, 0, 0, 0, 2, 0, 0, 0, 0, 0, 0, 0, 0, 0, 0, 2, 0, 0, 0, 0, 0, 0, 0, 1, 0, 0, 1, 0, 0, 2, 2, 4, 1, 2, 3, 1, 4, 0, 1, 3, 5, 1, 4, 5, 6, 2, 28, 0, 0, 0, 0, 0, 0]",4,8.99232837493414,-1,1
127,"[0, 0, 1, 0, 1, 1, 1, 3, 0, 0, 0, 2, 0, 0, 0, 0, 0, 0, 0, 0, 0, 0, 0, 2, 0, 0, 0, 0, 1, 0, 0, 1, 0, 0, 0, 0, 0, 0, 2, 0, 0, 0, 0, 0, 0, 0, 0, 0, 0, 2, 0, 0, 0, 0, 0, 0, 0, 1, 0, 0, 1, 0, 0, 2, 2, 4, 1, 2, 3, 1, 4, 0, 1, 3, 5, 1, 4, 5, 6, 2, 28, 0, 1, 0, 0, 0, 0]",2,0.5997945823898577,-1,0
128,"[0, 0, 1, 0, 1, 1, 1, 3, 0, 0, 0, 2, 0, 0, 0, 0, 0, 0, 0, 0, 0, 0, 0, 2, 0, 0, 0, 0, 1, 0, 0, 1, 0, 0, 0, 0, 0, 0, 2, 0, 0, 0, 0, 0, 0, 0, 0, 0, 0, 2, 0, 0, 0, 0, 0, 0, 0, 1, 0, 0, 1, 0, 0, 2, 2, 4, 1, 2, 3, 1, 4, 0, 1, 3, 5, 1, 4, 5, 6, 2, 28, 0, 1, 0, 0, 1, 0]","[[0 0 1 0]
 [0 1 0 0]]",0.8502194474479486,-1,0
129,"[0, 1, 0, 0, 1, 0, 2, 3, 0, 0, 0, 2, 0, 0, 0, 0, 0, 0, 0, 0, 0, 0, 0, 2, 0, 0, 0, 0, 1, 0, 0, 1, 0, 0, 0, 0, 0, 0, 2, 0, 0, 0, 0, 0, 0, 0, 0, 0, 0, 2, 0, 0, 0, 0, 0, 0, 0, 1, 0, 0, 1, 0, 0, 2, 2, 4, 1, 2, 3, 1, 4, 0, 1, 3, 5, 1, 4, 5, 6, 2, 28, 0, 0, 0, 0, 0, 0]",0,-0.00020541761014230414,-1,1
130,"[0, 1, 0, 0, 1, 0, 2, 3, 0, 0, 0, 2, 0, 0, 0, 0, 0, 0, 0, 0, 0, 0, 0, 2, 0, 0, 0, 0, 1, 0, 0, 1, 0, 0, 0, 0, 0, 0, 2, 0, 0, 0, 0, 0, 0, 0, 0, 0, 0, 2, 0, 0, 0, 0, 0, 0, 0, 1, 0, 0, 1, 0, 0, 2, 2, 4, 1, 2, 3, 1, 4, 0, 1, 3, 5, 1, 4, 5, 6, 2, 28, 1, 0, 0, 0, 0, 0]",3,0.3997945823898577,-1,0
131,"[0, 1, 0, 0, 1, 0, 2, 3, 0, 0, 0, 2, 0, 0, 0, 0, 0, 0, 0, 0, 0, 0, 0, 2, 0, 0, 0, 0, 1, 0, 0, 1, 0, 0, 0, 0, 0, 0, 2, 0, 0, 0, 0, 0, 0, 0, 0, 0, 0, 2, 0, 0, 0, 0, 0, 0, 0, 1, 0, 0, 1, 0, 0, 2, 2, 4, 1, 2, 3, 1, 4, 0, 1, 3, 5, 1, 4, 5, 6, 2, 28, 0, 0, 0, 0, 0, 0]",-1,-0.03778918707278628,-1,0
132,"[0, 1, 0, 0, 1, 0, 2, 3, 0, 0, 0, 2, 0, 0, 0, 0, 0, 0, 0, 0, 0, 0, 0, 2, 0, 0, 0, 0, 1, 0, 0, 1, 0, 0, 0, 0, 0, 0, 2, 0, 0, 0, 0, 0, 0, 0, 0, 0, 0, 2, 0, 0, 0, 0, 0, 0, 0, 1, 0, 0, 1, 0, 0, 2, 2, 4, 1, 2, 3, 1, 4, 0, 1, 3, 5, 1, 4, 5, 6, 2, 28, 0, 0, 0, 0, 0, 0]",0,0.6258936160897988,-1,0
133,"[0, 1, 0, 0, 1, 0, 2, 3, 0, 0, 0, 2, 0, 0, 0, 0, 0, 0, 0, 0, 0, 0, 0, 2, 0, 0, 0, 0, 1, 0, 0, 1, 0, 0, 0, 0, 0, 0, 2, 0, 0, 0, 0, 0, 0, 0, 0, 0, 0, 2, 0, 0, 0, 0, 0, 0, 0, 1, 0, 0, 1, 0, 0, 2, 2, 4, 1, 2, 3, 1, 4, 0, 1, 3, 5, 1, 4, 5, 6, 2, 28, 0, 0, 0, 0, 0, 0]",-1,-0.03778918707278628,-1,0
134,"[0, 1, 1, 0, 1, 0, 2, 3, 0, 0, 0, 2, 0, 0, 0, 0, 0, 0, 0, 0, 0, 0, 0, 2, 0, 0, 0, 0, 1, 0, 0, 1, 0, 0, 0, 0, 0, 0, 2, 0, 0, 0, 0, 0, 0, 0, 0, 0, 0, 2, 0, 0, 0, 0, 0, 0, 0, 1, 0, 0, 1, 0, 0, 2, 2, 4, 1, 2, 3, 1, 4, 0, 1, 3, 5, 1, 4, 5, 6, 2, 29, 0, 0, 0, 0, 0, 0]",4,8.934827753538862,-1,0
135,"[0, 1, 1, 0, 1, 0, 3, 5, 0, 0, 0, 2, 0, 0, 0, 0, 0, 0, 0, 0, 0, 0, 0, 2, 0, 0, 0, 0, 1, 0, 0, 1, 0, 0, 0, 0, 0, 0, 2, 0, 0, 0, 0, 0, 0, 0, 0, 0, 0, 2, 0, 0, 0, 0, 0, 0, 0, 1, 0, 0, 1, 0, 0, 2, 2, 4, 1, 2, 3, 1, 4, 0, 1, 3, 5, 1, 4, 5, 6, 2, 30, 0, 0, 0, 0, 0, 0]",4,8.632966000851335,-1,1
136,"[0, 1, 1, 0, 1, 0, 3, 5, 0, 0, 0, 2, 0, 0, 0, 0, 0, 0, 0, 0, 0, 0, 0, 2, 0, 0, 0, 0, 1, 0, 0, 1, 0, 0, 0, 0, 0, 0, 2, 0, 0, 0, 0, 0, 0, 0, 0, 0, 0, 2, 0, 0, 0, 0, 0, 0, 0, 1, 0, 0, 1, 0, 0, 2, 2, 4, 1, 2, 3, 1, 4, 0, 1, 3, 5, 1, 4, 5, 6, 2, 30, 0, 1, 0, 0, 0, 0]",2,0.599777492793428,-1,0
137,"[0, 1, 1, 0, 1, 0, 3, 5, 0, 0, 0, 2, 0, 0, 0, 0, 0, 0, 0, 0, 0, 0, 0, 2, 0, 0, 0, 0, 1, 0, 0, 1, 0, 0, 0, 0, 0, 0, 2, 0, 0, 0, 0, 0, 0, 0, 0, 0, 0, 2, 0, 0, 0, 0, 0, 0, 0, 1, 0, 0, 1, 0, 0, 2, 2, 4, 1, 2, 3, 1, 4, 0, 1, 3, 5, 1, 4, 5, 6, 2, 30, 0, 1, 0, 0, 1, 0]","[[0 0 1 0]
 [0 0 0 1]]",0.8502023578515189,-1,0
138,"[0, 1, 1, 0, 1, 0, 3, 5, 0, 0, 0, 2, 0, 0, 0, 0, 0, 0, 0, 0, 0, 0, 0, 2, 0, 0, 0, 0, 1, 0, 0, 1, 0, 0, 0, 0, 0, 0, 2, 0, 0, 0, 0, 0, 0, 0, 0, 0, 0, 2, 0, 0, 0, 0, 0, 0, 0, 1, 0, 0, 1, 0, 0, 2, 2, 4, 1, 2, 3, 1, 4, 0, 1, 3, 5, 1, 4, 5, 6, 2, 30, 0, 0, 0, 0, 0, 0]",1,-0.00022250720657206432,-1,1
139,"[0, 1, 1, 0, 1, 0, 3, 5, 0, 0, 0, 2, 0, 0, 0, 0, 0, 0, 0, 0, 0, 0, 0, 2, 0, 0, 0, 0, 1, 0, 0, 1, 0, 0, 0, 0, 0, 0, 2, 0, 0, 0, 0, 0, 0, 0, 0, 0, 0, 2, 0, 0, 0, 0, 0, 0, 0, 1, 0, 0, 1, 0, 0, 2, 2, 4, 1, 2, 3, 1, 4, 0, 1, 3, 5, 1, 4, 5, 6, 2, 30, 0, 1, 0, 0, 0, 0]",2,0.599777492793428,-1,0
140,"[0, 1, 1, 0, 1, 0, 3, 5, 0, 0, 0, 2, 0, 0, 0, 0, 0, 0, 0, 0, 0, 0, 0, 2, 0, 0, 0, 0, 1, 0, 0, 1, 0, 0, 0, 0, 0, 0, 2, 0, 0, 0, 0, 0, 0, 0, 0, 0, 0, 2, 0, 0, 0, 0, 0, 0, 0, 1, 0, 0, 1, 0, 0, 2, 2, 4, 1, 2, 3, 1, 4, 0, 1, 3, 5, 1, 4, 5, 6, 2, 30, 0, 1, 0, 0, 1, 0]","[[0 0 1 0]
 [1 0 0 0]]",0.8502023578515189,-1,0
141,"[0, 1, 1, 0, 1, 0, 3, 5, 0, 0, 0, 2, 0, 0, 0, 0, 0, 0, 0, 0, 0, 0, 0, 2, 0, 0, 0, 0, 1, 0, 0, 1, 0, 0, 0, 0, 0, 0, 2, 0, 0, 0, 0, 0, 0, 0, 0, 0, 0, 2, 0, 0, 0, 0, 0, 0, 0, 1, 0, 0, 1, 0, 0, 2, 2, 4, 1, 2, 3, 1, 4, 0, 1, 3, 5, 1, 4, 5, 6, 2, 30, 0, 0, 0, 0, 0, 0]",1,-0.00022250720657206432,-1,1
142,"[0, 1, 1, 0, 2, 0, 3, 5, 0, 0, 0, 2, 0, 0, 0, 0, 0, 0, 0, 0, 0, 0, 0, 2, 0, 0, 0, 0, 1, 0, 0, 1, 0, 0, 0, 0, 0, 0, 2, 0, 0, 0, 0, 0, 0, 0, 0, 0, 0, 2, 0, 0, 0, 0, 0, 0, 0, 1, 0, 0, 1, 0, 0, 2, 2, 4, 1, 2, 3, 1, 4, 0, 1, 3, 5, 1, 4, 5, 6, 2, 31, 0, 0, 0, 0, 0, 0]",4,8.933313415978427,-1,0
143,"[0, 1, 1, 0, 2, 0, 4, 7, 0, 0, 0, 2, 0, 0, 0, 0, 0, 0, 0, 0, 0, 0, 0, 2, 0, 0, 0, 0, 1, 0, 0, 1, 0, 0, 0, 0, 0, 0, 2, 0, 0, 0, 0, 0, 0, 0, 0, 0, 0, 2, 0, 0, 0, 0, 0, 0, 0, 1, 0, 0, 1, 0, 0, 2, 2, 4, 1, 2, 3, 1, 4, 0, 1, 3, 5, 1, 4, 5, 6, 2, 32, 0, 0, 0, 0, 0, 0]",4,8.631794876160884,-1,1
144,"[0, 1, 1, 0, 2, 0, 4, 7, 0, 0, 0, 2, 0, 0, 0, 0, 0, 0, 0, 0, 0, 0, 0, 2, 0, 0, 0, 0, 1, 0, 0, 1, 0, 0, 0, 0, 0, 0, 2, 0, 0, 0, 0, 0, 0, 0, 0, 0, 0, 2, 0, 0, 0, 0, 0, 0, 0, 1, 0, 0, 1, 0, 0, 2, 2, 4, 1, 2, 3, 1, 4, 0, 1, 3, 5, 1, 4, 5, 6, 2, 32, 0, 0, 0, 0, 0, 0]",0,0.6258580168531852,-1,0
145,"[0, 1, 1, 0, 2, 0, 4, 7, 0, 0, 0, 2, 0, 0, 0, 0, 0, 0, 0, 0, 0, 0, 0, 2, 0, 0, 0, 0, 1, 0, 0, 1, 0, 0, 0, 0, 0, 0, 2, 0, 0, 0, 0, 0, 0, 0, 0, 0, 0, 2, 0, 0, 0, 0, 0, 0, 0, 1, 0, 0, 1, 0, 0, 2, 2, 4, 1, 2, 3, 1, 4, 0, 1, 3, 5, 1, 4, 5, 6, 2, 32, 0, 0, 0, 0, 0, 0]",-1,-0.03630745185368455,-1,0
146,"[0, 1, 1, 0, 2, 0, 4, 7, 0, 0, 0, 2, 0, 0, 0, 0, 0, 0, 0, 0, 0, 0, 0, 2, 0, 0, 0, 0, 1, 0, 0, 1, 0, 0, 0, 0, 0, 0, 2, 0, 0, 0, 0, 0, 0, 0, 0, 0, 0, 2, 0, 0, 0, 0, 0, 0, 0, 1, 0, 0, 1, 0, 0, 2, 2, 4, 1, 2, 3, 1, 4, 0, 1, 3, 5, 1, 4, 5, 6, 2, 32, 0, 1, 0, 0, 0, 0]",2,0.5997589831532442,-1,0
147,"[0, 1, 1, 0, 2, 0, 4, 7, 0, 0, 0, 2, 0, 0, 0, 0, 0, 0, 0, 0, 0, 0, 0, 2, 0, 0, 0, 0, 1, 0, 0, 1, 0, 0, 0, 0, 0, 0, 2, 0, 0, 0, 0, 0, 0, 0, 0, 0, 0, 2, 0, 0, 0, 0, 0, 0, 0, 1, 0, 0, 1, 0, 0, 2, 2, 4, 1, 2, 3, 1, 4, 0, 1, 3, 5, 1, 4, 5, 6, 2, 32, 0, 1, 0, 0, 1, 0]","[[0 1 0 0]
 [0 0 0 1]]",0.8501838482113351,-1,0
148,"[0, 0, 1, 1, 2, 1, 4, 6, 0, 0, 0, 2, 0, 0, 0, 0, 0, 0, 0, 0, 0, 0, 0, 2, 0, 0, 0, 0, 1, 0, 0, 1, 0, 0, 0, 0, 0, 0, 2, 0, 0, 0, 0, 0, 0, 0, 0, 0, 0, 2, 0, 0, 0, 0, 0, 0, 0, 1, 0, 0, 1, 0, 0, 2, 2, 4, 1, 2, 3, 1, 4, 0, 1, 3, 5, 1, 4, 5, 6, 2, 32, 0, 0, 0, 0, 0, 0]",0,-0.0002410168467557896,-1,1
149,"[0, 0, 1, 1, 2, 1, 4, 6, 0, 0, 0, 2, 0, 0, 0, 0, 0, 0, 0, 0, 0, 0, 0, 2, 0, 0, 0, 0, 1, 0, 0, 1, 0, 0, 0, 0, 0, 0, 2, 0, 0, 0, 0, 0, 0, 0, 0, 0, 0, 2, 0, 0, 0, 0, 0, 0, 0, 1, 0, 0, 1, 0, 0, 2, 2, 4, 1, 2, 3, 1, 4, 0, 1, 3, 5, 1, 4, 5, 6, 2, 32, 0, 0, 0, 0, 0, 0]",0,0.6258580168531852,-1,0
150,"[0, 0, 1, 1, 2, 1, 4, 6, 0, 0, 0, 2, 0, 0, 0, 0, 0, 0, 0, 0, 0, 0, 0, 2, 0, 0, 0, 0, 1, 0, 0, 1, 0, 0, 0, 0, 0, 0, 2, 0, 0, 0, 0, 0, 0, 0, 0, 0, 0, 2, 0, 0, 0, 0, 0, 0, 0, 1, 0, 0, 1, 0, 0, 2, 2, 4, 1, 2, 3, 1, 4, 0, 1, 3, 5, 1, 4, 5, 6, 2, 32, 0, 0, 0, 0, 0, 0]",-1,-0.03630745185368455,-1,0
151,"[0, 0, 1, 1, 2, 1, 4, 6, 0, 0, 0, 2, 0, 0, 0, 0, 0, 0, 0, 0, 0, 0, 0, 2, 0, 0, 0, 0, 1, 0, 0, 1, 0, 0, 0, 0, 0, 0, 2, 0, 0, 0, 0, 0, 0, 0, 0, 0, 0, 2, 0, 0, 0, 0, 0, 0, 0, 1, 0, 0, 1, 0, 0, 2, 2, 4, 1, 2, 3, 1, 4, 0, 1, 3, 5, 1, 4, 5, 6, 2, 32, 1, 0, 0, 0, 0, 0]",3,0.3997589831532442,-1,0
152,"[0, 0, 1, 1, 2, 1, 4, 6, 0, 0, 0, 2, 0, 0, 0, 0, 0, 0, 0, 0, 0, 0, 0, 2, 0, 0, 0, 0, 1, 0, 0, 1, 0, 0, 0, 0, 0, 0, 2, 0, 0, 0, 0, 0, 0, 0, 0, 0, 0, 2, 0, 0, 0, 0, 0, 0, 0, 1, 0, 0, 1, 0, 0, 2, 2, 4, 1, 2, 3, 1, 4, 0, 1, 3, 5, 1, 4, 5, 6, 2, 32, 0, 0, 0, 0, 0, 0]",-1,-0.03630745185368455,-1,0
153,"[0, 0, 1, 1, 2, 1, 4, 6, 0, 0, 0, 2, 0, 0, 0, 0, 0, 0, 0, 0, 0, 0, 0, 2, 0, 0, 0, 0, 1, 0, 0, 1, 0, 0, 0, 0, 0, 0, 2, 0, 0, 0, 0, 0, 0, 0, 0, 0, 0, 2, 0, 0, 0, 0, 0, 0, 0, 1, 0, 0, 1, 0, 0, 2, 2, 4, 1, 2, 3, 1, 4, 0, 1, 3, 5, 1, 4, 5, 6, 2, 32, 0, 1, 0, 0, 0, 0]",2,0.5997589831532442,-1,0
154,"[0, 0, 1, 1, 2, 1, 4, 6, 0, 0, 0, 2, 0, 0, 0, 0, 0, 0, 0, 0, 0, 0, 0, 2, 0, 0, 0, 0, 1, 0, 0, 1, 0, 0, 0, 0, 0, 0, 2, 0, 0, 0, 0, 0, 0, 0, 0, 0, 0, 2, 0, 0, 0, 0, 0, 0, 0, 1, 0, 0, 1, 0, 0, 2, 2, 4, 1, 2, 3, 1, 4, 0, 1, 3, 5, 1, 4, 5, 6, 2, 32, 0, 1, 0, 0, 1, 0]","[[0 0 0 1]
 [0 1 0 0]]",0.8501838482113351,-1,0
155,"[0, 0, 1, 1, 2, 1, 4, 6, 0, 0, 0, 2, 0, 0, 0, 0, 0, 0, 0, 0, 0, 0, 0, 2, 0, 0, 0, 0, 1, 0, 0, 1, 0, 0, 0, 0, 0, 0, 2, 0, 0, 0, 0, 0, 0, 0, 0, 0, 0, 2, 0, 0, 0, 0, 0, 0, 0, 1, 0, 0, 1, 0, 0, 2, 2, 4, 1, 2, 3, 1, 4, 0, 1, 3, 5, 1, 4, 5, 6, 2, 32, 0, 0, 0, 0, 0, 0]",1,-0.0002410168467557896,-1,1
156,"[0, 0, 1, 1, 2, 1, 4, 6, 0, 0, 0, 2, 0, 0, 0, 0, 0, 0, 0, 0, 0, 0, 0, 2, 0, 0, 0, 0, 1, 0, 0, 1, 0, 0, 0, 0, 0, 0, 2, 0, 0, 0, 0, 0, 0, 0, 0, 0, 0, 2, 0, 0, 0, 0, 0, 0, 0, 1, 0, 0, 1, 0, 0, 2, 2, 4, 1, 2, 3, 1, 4, 0, 1, 3, 5, 1, 4, 5, 6, 2, 32, 1, 0, 0, 0, 0, 0]",3,0.3997589831532442,-1,0
157,"[0, 0, 1, 1, 2, 1, 4, 6, 0, 0, 0, 2, 0, 0, 0, 0, 0, 0, 0, 0, 0, 0, 0, 2, 0, 0, 0, 0, 1, 0, 0, 1, 0, 0, 0, 0, 0, 0, 2, 0, 0, 0, 0, 0, 0, 0, 0, 0, 0, 2, 0, 0, 0, 0, 0, 0, 0, 1, 0, 0, 1, 0, 0, 2, 2, 4, 1, 2, 3, 1, 4, 0, 1, 3, 5, 1, 4, 5, 6, 2, 32, 0, 0, 0, 0, 0, 0]",-1,-0.03630745185368455,-1,0
158,"[0, 0, 2, 1, 2, 1, 4, 6, 0, 0, 0, 2, 0, 0, 0, 0, 0, 0, 0, 0, 0, 0, 0, 2, 0, 0, 0, 0, 1, 0, 0, 1, 0, 0, 0, 0, 0, 0, 2, 0, 0, 0, 0, 0, 0, 0, 0, 0, 0, 2, 0, 0, 0, 0, 0, 0, 0, 1, 0, 0, 1, 0, 0, 2, 2, 4, 1, 2, 3, 1, 4, 0, 1, 3, 5, 1, 4, 5, 6, 2, 33, 0, 0, 0, 0, 0, 0]",4,8.728032704932932,-1,0
159,"[0, 0, 1, 1, 1, 1, 2, 3, 0, 0, 0, 2, 0, 0, 0, 0, 0, 0, 0, 0, 0, 0, 0, 2, 0, 0, 0, 0, 1, 0, 0, 1, 0, 0, 0, 0, 0, 0, 2, 0, 0, 0, 0, 0, 0, 0, 0, 0, 0, 2, 0, 0, 0, 0, 0, 0, 0, 1, 0, 0, 1, 0, 0, 2, 2, 4, 1, 2, 3, 1, 4, 0, 1, 3, 5, 1, 4, 5, 6, 2, 34, 0, 0, 0, 0, 0, 0]",4,9.043671155099918,-1,1
160,"[0, 0, 1, 1, 1, 1, 1, 1, 0, 0, 0, 2, 0, 0, 0, 0, 0, 0, 0, 0, 0, 0, 0, 2, 0, 0, 0, 0, 1, 0, 0, 1, 0, 0, 0, 0, 0, 0, 2, 0, 0, 0, 0, 0, 0, 0, 0, 0, 0, 2, 0, 0, 0, 0, 0, 0, 0, 1, 0, 0, 1, 0, 0, 2, 2, 4, 1, 2, 3, 1, 4, 0, 1, 3, 5, 1, 4, 5, 6, 2, 35, 0, 0, 0, 0, 0, 0]",4,8.930368499579952,-1,0
161,"[0, 0, 1, 1, 1, 1, 1, 1, 0, 0, 0, 2, 0, 0, 0, 0, 0, 0, 0, 0, 0, 0, 0, 2, 0, 0, 0, 0, 1, 0, 0, 1, 0, 0, 0, 0, 0, 0, 2, 0, 0, 0, 0, 0, 0, 0, 0, 0, 0, 2, 0, 0, 0, 0, 0, 0, 0, 1, 0, 0, 1, 0, 0, 2, 2, 4, 1, 2, 3, 1, 4, 0, 1, 3, 5, 1, 4, 5, 6, 2, 35, 0, 0, 0, 0, 0, 0]",0,0.6258273297098552,-1,1
162,"[0, 0, 1, 1, 0, 0, 1, 1, 0, 0, 0, 2, 0, 0, 0, 0, 0, 0, 0, 0, 0, 0, 0, 2, 0, 0, 0, 0, 1, 0, 0, 1, 0, 0, 0, 0, 0, 0, 2, 0, 0, 0, 0, 0, 0, 0, 0, 0, 0, 2, 2, 0, 0, 0, 0, 0, 0, 1, 0, 0, 1, 0, 0, 2, 2, 4, 1, 2, 3, 1, 4, 0, 1, 3, 5, 1, 4, 5, 6, 2, 35, 0, 0, 0, 0, 0, 0]",18,0.6604846647757313,-1,1
163,"[0, 0, 1, 1, 0, 0, 1, 1, 0, 0, 0, 2, 0, 0, 0, 0, 0, 0, 0, 0, 0, 0, 0, 2, 0, 0, 0, 0, 1, 0, 0, 1, 0, 0, 0, 0, 0, 0, 2, 0, 0, 0, 0, 0, 0, 0, 0, 0, 0, 2, 2, 0, 0, 0, 0, 0, 0, 1, 0, 0, 1, 0, 0, 2, 2, 4, 1, 2, 3, 1, 4, 0, 1, 3, 5, 1, 4, 5, 6, 2, 35, 0, 1, 0, 0, 0, 0]",2,0.5997282960099142,-1,1
164,"[0, 0, 1, 1, 0, 0, 1, 1, 0, 0, 0, 2, 0, 0, 0, 0, 0, 0, 0, 0, 0, 0, 0, 2, 0, 0, 0, 0, 1, 0, 0, 1, 0, 0, 0, 0, 0, 0, 2, 0, 0, 0, 0, 0, 0, 0, 0, 0, 0, 2, 2, 0, 0, 0, 0, 0, 0, 1, 0, 0, 1, 0, 0, 2, 2, 4, 1, 2, 3, 1, 4, 0, 1, 3, 5, 1, 4, 5, 6, 2, 35, 0, 0, 0, 0, 0, 0]",-1,-0.03523440448593567,-1,1
165,"[0, 0, 1, 1, 0, 0, 1, 1, 0, 0, 0, 2, 0, 0, 0, 0, 0, 0, 0, 0, 0, 0, 0, 2, 0, 0, 0, 0, 1, 0, 0, 1, 0, 0, 0, 0, 0, 0, 2, 0, 0, 0, 0, 0, 0, 0, 0, 0, 0, 2, 2, 0, 0, 0, 0, 0, 0, 1, 0, 0, 1, 0, 0, 2, 2, 4, 1, 2, 3, 1, 4, 0, 1, 3, 5, 1, 4, 5, 6, 2, 35, 1, 0, 0, 0, 0, 0]",3,0.3997282960099142,-1,1
166,"[0, 0, 1, 1, 0, 0, 1, 1, 0, 0, 0, 2, 0, 0, 0, 0, 0, 0, 0, 0, 0, 0, 0, 2, 0, 0, 0, 0, 1, 0, 0, 1, 0, 0, 0, 0, 0, 0, 2, 0, 0, 0, 0, 0, 0, 0, 0, 0, 0, 2, 2, 0, 0, 0, 0, 0, 0, 1, 0, 0, 1, 0, 0, 2, 2, 4, 1, 2, 3, 1, 4, 0, 1, 3, 5, 1, 4, 5, 6, 2, 35, 0, 0, 0, 0, 0, 0]",-1,-0.03523440448593567,-1,1
167,"[0, 0, 1, 1, 0, 0, 1, 1, 0, 0, 0, 2, 0, 0, 0, 0, 0, 0, 0, 0, 0, 0, 0, 2, 0, 0, 0, 0, 1, 0, 0, 1, 0, 0, 0, 0, 0, 0, 2, 0, 0, 0, 0, 0, 0, 0, 0, 0, 0, 2, 2, 0, 0, 0, 0, 0, 0, 1, 0, 0, 1, 0, 0, 2, 2, 4, 1, 2, 3, 1, 4, 0, 1, 3, 5, 1, 4, 5, 6, 2, 35, 0, 1, 0, 0, 0, 0]",2,0.5997282960099142,-1,1
168,"[0, 0, 1, 1, 0, 0, 1, 1, 0, 0, 0, 2, 0, 0, 0, 0, 0, 0, 0, 0, 0, 0, 0, 2, 0, 0, 0, 0, 1, 0, 0, 1, 0, 0, 0, 0, 0, 0, 2, 0, 0, 0, 0, 0, 0, 0, 0, 0, 0, 2, 2, 0, 0, 0, 0, 0, 0, 1, 0, 0, 1, 0, 0, 2, 2, 4, 1, 2, 3, 1, 4, 0, 1, 3, 5, 1, 4, 5, 6, 2, 35, 0, 0, 0, 0, 0, 0]",-1,-0.03523440448593567,-1,1
169,"[0, 0, 1, 1, 0, 0, 1, 1, 0, 0, 0, 2, 0, 0, 0, 0, 0, 0, 0, 0, 0, 0, 0, 2, 0, 0, 0, 0, 1, 0, 0, 1, 0, 0, 0, 0, 0, 0, 2, 0, 0, 0, 0, 0, 0, 0, 0, 0, 0, 2, 2, 0, 0, 0, 0, 0, 0, 1, 0, 0, 1, 0, 0, 2, 2, 4, 1, 2, 3, 1, 4, 0, 1, 3, 5, 1, 4, 5, 6, 2, 35, 0, 1, 0, 0, 0, 0]",2,0.5997282960099142,-1,1
170,"[0, 0, 1, 1, 0, 0, 1, 1, 0, 0, 0, 2, 0, 0, 0, 0, 0, 0, 0, 0, 0, 0, 0, 2, 0, 0, 0, 0, 1, 0, 0, 1, 0, 0, 0, 0, 0, 0, 2, 0, 0, 0, 0, 0, 0, 0, 0, 0, 0, 2, 2, 0, 0, 0, 0, 0, 0, 1, 0, 0, 1, 0, 0, 2, 2, 4, 1, 2, 3, 1, 4, 0, 1, 3, 5, 1, 4, 5, 6, 2, 35, 0, 0, 0, 0, 0, 0]",-1,-0.03523440448593567,-1,1
171,"[0, 0, 1, 1, 0, 0, 1, 1, 0, 0, 0, 2, 0, 0, 0, 0, 0, 0, 0, 0, 0, 0, 0, 2, 0, 0, 0, 0, 1, 0, 0, 1, 0, 0, 0, 0, 0, 0, 2, 0, 0, 0, 0, 0, 0, 0, 0, 0, 0, 2, 2, 0, 0, 0, 0, 0, 0, 1, 0, 0, 1, 0, 0, 2, 2, 4, 1, 2, 3, 1, 4, 0, 1, 3, 5, 1, 4, 5, 6, 2, 35, 0, 1, 0, 0, 0, 0]",2,0.5997282960099142,-1,1
172,"[0, 0, 1, 1, 0, 0, 1, 1, 0, 0, 0, 2, 0, 0, 0, 0, 0, 0, 0, 0, 0, 0, 0, 2, 0, 0, 0, 0, 1, 0, 0, 1, 0, 0, 0, 0, 0, 0, 2, 0, 0, 0, 0, 0, 0, 0, 0, 0, 0, 2, 2, 0, 0, 0, 0, 0, 0, 1, 0, 0, 1, 0, 0, 2, 2, 4, 1, 2, 3, 1, 4, 0, 1, 3, 5, 1, 4, 5, 6, 2, 35, 0, 0, 0, 0, 0, 0]",-1,-0.03523440448593567,-1,1
173,"[0, 0, 1, 1, 0, 0, 1, 1, 0, 0, 0, 2, 0, 0, 0, 0, 0, 0, 0, 0, 0, 0, 0, 2, 0, 0, 0, 0, 1, 0, 0, 1, 0, 0, 0, 0, 0, 0, 2, 0, 0, 0, 0, 0, 0, 0, 0, 0, 0, 2, 2, 0, 0, 0, 0, 0, 0, 1, 0, 0, 1, 0, 0, 2, 2, 4, 1, 2, 3, 1, 4, 0, 1, 3, 5, 1, 4, 5, 6, 2, 35, 1, 0, 0, 0, 0, 0]",3,0.3997282960099142,-1,1
174,"[0, 0, 1, 1, 0, 0, 1, 1, 0, 0, 0, 2, 0, 0, 0, 0, 0, 0, 0, 0, 0, 0, 0, 2, 0, 0, 0, 0, 1, 0, 0, 1, 0, 0, 0, 0, 0, 0, 2, 0, 0, 0, 0, 0, 0, 0, 0, 0, 0, 2, 2, 0, 0, 0, 0, 0, 0, 1, 0, 0, 1, 0, 0, 2, 2, 4, 1, 2, 3, 1, 4, 0, 1, 3, 5, 1, 4, 5, 6, 2, 35, 0, 0, 0, 0, 0, 0]",-1,-0.03523440448593567,-1,1
175,"[0, 0, 1, 1, 0, 0, 1, 1, 0, 0, 0, 2, 0, 0, 0, 0, 0, 0, 0, 0, 0, 0, 0, 2, 0, 0, 0, 0, 1, 0, 0, 1, 0, 0, 0, 0, 0, 0, 2, 0, 0, 0, 0, 0, 0, 0, 0, 0, 0, 2, 2, 0, 0, 0, 0, 0, 0, 1, 0, 0, 1, 0, 0, 2, 2, 4, 1, 2, 3, 1, 4, 0, 1, 3, 5, 1, 4, 5, 6, 2, 35, 1, 0, 0, 0, 0, 0]",3,0.3997282960099142,-1,1
176,"[0, 0, 1, 1, 0, 0, 1, 1, 0, 0, 0, 2, 0, 0, 0, 0, 0, 0, 0, 0, 0, 0, 0, 2, 0, 0, 0, 0, 1, 0, 0, 1, 0, 0, 0, 0, 0, 0, 2, 0, 0, 0, 0, 0, 0, 0, 0, 0, 0, 2, 2, 0, 0, 0, 0, 0, 0, 1, 0, 0, 1, 0, 0, 2, 2, 4, 1, 2, 3, 1, 4, 0, 1, 3, 5, 1, 4, 5, 6, 2, 35, 0, 0, 0, 0, 0, 0]",-1,-0.03523440448593567,-1,1
177,"[0, 0, 1, 1, 0, 0, 1, 1, 0, 0, 0, 2, 0, 0, 0, 0, 0, 0, 0, 0, 0, 0, 0, 2, 0, 0, 0, 0, 1, 0, 0, 1, 0, 0, 0, 0, 0, 0, 2, 0, 0, 0, 0, 0, 0, 0, 0, 0, 0, 2, 2, 0, 0, 0, 0, 0, 0, 1, 0, 0, 1, 0, 0, 2, 2, 4, 1, 2, 3, 1, 4, 0, 1, 3, 5, 1, 4, 5, 6, 2, 35, 1, 0, 0, 0, 0, 0]",3,0.3997282960099142,-1,1
178,"[0, 0, 1, 1, 0, 0, 1, 1, 0, 0, 0, 2, 0, 0, 0, 0, 0, 0, 0, 0, 0, 0, 0, 2, 0, 0, 0, 0, 1, 0, 0, 1, 0, 0, 0, 0, 0, 0, 2, 0, 0, 0, 0, 0, 0, 0, 0, 0, 0, 2, 2, 0, 0, 0, 0, 0, 0, 1, 0, 0, 1, 0, 0, 2, 2, 4, 1, 2, 3, 1, 4, 0, 1, 3, 5, 1, 4, 5, 6, 2, 35, 0, 0, 0, 0, 0, 0]",-1,-0.03523440448593567,-1,1
179,"[0, 0, 1, 1, 0, 0, 1, 1, 0, 0, 0, 2, 0, 0, 0, 0, 0, 0, 0, 0, 0, 0, 0, 2, 0, 0, 0, 0, 1, 0, 0, 1, 0, 0, 0, 0, 0, 0, 2, 0, 0, 0, 0, 0, 0, 0, 0, 0, 0, 2, 2, 0, 0, 0, 0, 0, 0, 1, 0, 0, 1, 0, 0, 2, 2, 4, 1, 2, 3, 1, 4, 0, 1, 3, 5, 1, 4, 5, 6, 2, 36, 0, 0, 0, 0, 0, 0]",4,10.329649203503154,-1,1
180,"[0, 0, 1, 1, 0, 0, 1, 1, 0, 0, 0, 2, 0, 0, 0, 0, 0, 0, 0, 0, 0, 0, 0, 2, 0, 0, 0, 0, 1, 0, 0, 1, 0, 0, 0, 0, 0, 0, 2, 0, 0, 0, 0, 0, 0, 0, 0, 0, 0, 2, 2, 0, 0, 0, 0, 0, 0, 1, 0, 0, 1, 0, 0, 2, 2, 4, 1, 2, 3, 1, 4, 0, 1, 3, 5, 1, 4, 5, 6, 2, 36, 1, 0, 0, 0, 0, 0]",3,0.3997172232375079,-1,0
181,"[0, 0, 1, 1, 0, 0, 1, 1, 0, 0, 0, 2, 0, 0, 0, 0, 0, 0, 0, 0, 0, 0, 0, 2, 0, 0, 0, 0, 1, 0, 0, 1, 0, 0, 0, 0, 0, 0, 2, 0, 0, 0, 0, 0, 0, 0, 0, 0, 0, 2, 2, 0, 0, 0, 0, 0, 0, 1, 0, 0, 1, 0, 0, 2, 2, 4, 1, 2, 3, 1, 4, 0, 1, 3, 5, 1, 4, 5, 6, 2, 36, 0, 0, 0, 0, 0, 0]",-1,-0.03488381630355155,-1,0
182,"[0, 0, 1, 1, 0, 0, 1, 1, 0, 0, 0, 2, 0, 0, 0, 0, 0, 0, 0, 0, 0, 0, 0, 2, 0, 0, 0, 0, 1, 0, 0, 1, 0, 0, 0, 0, 0, 0, 2, 0, 0, 0, 0, 0, 0, 0, 0, 0, 0, 2, 2, 0, 0, 0, 0, 0, 0, 1, 0, 0, 1, 0, 0, 2, 2, 4, 1, 2, 3, 1, 4, 0, 1, 3, 5, 1, 4, 5, 6, 2, 36, 1, 0, 0, 0, 0, 0]",3,0.3997172232375079,-1,0
183,"[0, 0, 1, 1, 0, 0, 1, 1, 0, 0, 0, 2, 0, 0, 0, 0, 0, 0, 0, 0, 0, 0, 0, 2, 0, 0, 0, 0, 1, 0, 0, 1, 0, 0, 0, 0, 0, 0, 2, 0, 0, 0, 0, 0, 0, 0, 0, 0, 0, 2, 2, 0, 0, 0, 0, 0, 0, 1, 0, 0, 1, 0, 0, 2, 2, 4, 1, 2, 3, 1, 4, 0, 1, 3, 5, 1, 4, 5, 6, 2, 36, 0, 0, 0, 0, 0, 0]",-1,-0.03488381630355155,-1,0
184,"[0, 0, 1, 1, 0, 0, 1, 1, 0, 0, 0, 2, 0, 0, 0, 0, 0, 0, 0, 0, 0, 0, 0, 2, 0, 0, 0, 0, 1, 0, 0, 1, 0, 0, 0, 0, 0, 0, 2, 0, 0, 0, 0, 0, 0, 0, 0, 0, 0, 2, 2, 0, 0, 0, 0, 0, 0, 1, 0, 0, 1, 0, 0, 2, 2, 4, 1, 2, 3, 1, 4, 0, 1, 3, 5, 1, 4, 5, 6, 2, 36, 0, 1, 0, 0, 0, 0]",2,0.5997172232375079,-1,0
185,"[0, 0, 1, 1, 0, 0, 1, 1, 0, 0, 0, 2, 0, 0, 0, 0, 0, 0, 0, 0, 0, 0, 0, 2, 0, 0, 0, 0, 1, 0, 0, 1, 0, 0, 0, 0, 0, 0, 2, 0, 0, 0, 0, 0, 0, 0, 0, 0, 0, 2, 2, 0, 0, 0, 0, 0, 0, 1, 0, 0, 1, 0, 0, 2, 2, 4, 1, 2, 3, 1, 4, 0, 1, 3, 5, 1, 4, 5, 6, 2, 36, 0, 0, 0, 0, 0, 0]",-1,-0.03488381630355155,-1,0
186,"[0, 0, 1, 1, 0, 0, 1, 1, 0, 0, 0, 2, 0, 0, 0, 0, 0, 0, 0, 0, 0, 0, 0, 2, 0, 0, 0, 0, 1, 0, 0, 1, 0, 0, 0, 0, 0, 0, 2, 0, 0, 0, 0, 0, 0, 0, 0, 0, 0, 2, 2, 0, 0, 0, 0, 0, 0, 1, 0, 0, 1, 0, 0, 2, 2, 4, 1, 2, 3, 1, 4, 0, 1, 3, 5, 1, 4, 5, 6, 2, 36, 0, 1, 0, 0, 0, 0]",2,0.5997172232375079,-1,0
187,"[0, 0, 1, 1, 0, 0, 1, 1, 0, 0, 0, 2, 0, 0, 0, 0, 0, 0, 0, 0, 0, 0, 0, 2, 0, 0, 0, 0, 1, 0, 0, 1, 0, 0, 0, 0, 0, 0, 2, 0, 0, 0, 0, 0, 0, 0, 0, 0, 0, 2, 2, 0, 0, 0, 0, 0, 0, 1, 0, 0, 1, 0, 0, 2, 2, 4, 1, 2, 3, 1, 4, 0, 1, 3, 5, 1, 4, 5, 6, 2, 36, 0, 1, 0, 0, 1, 0]","[[0 0 0 1]
 [0 0 1 0]]",0.8501420882955988,-1,0
188,"[0, 0, 1, 1, 0, 0, 1, 1, 0, 0, 0, 2, 0, 0, 0, 0, 0, 0, 0, 0, 0, 0, 0, 2, 0, 0, 0, 0, 1, 0, 0, 1, 0, 0, 0, 0, 0, 0, 2, 0, 0, 0, 0, 0, 0, 0, 0, 0, 0, 2, 2, 0, 0, 0, 0, 0, 0, 1, 0, 0, 1, 0, 0, 2, 2, 4, 1, 2, 3, 1, 4, 0, 1, 3, 5, 1, 4, 5, 6, 2, 36, 0, 0, 0, 0, 0, 0]",1,-0.0002827767624921297,-1,1
189,"[0, 0, 1, 1, 1, 0, 1, 1, 0, 0, 0, 2, 0, 0, 0, 0, 0, 0, 0, 0, 0, 0, 0, 2, 0, 0, 0, 0, 1, 0, 0, 1, 0, 0, 0, 0, 0, 0, 2, 0, 0, 0, 0, 0, 0, 0, 0, 0, 0, 2, 2, 0, 0, 0, 0, 0, 0, 1, 0, 0, 1, 0, 0, 2, 2, 4, 1, 2, 3, 1, 4, 0, 1, 3, 5, 1, 4, 5, 6, 2, 37, 0, 0, 0, 0, 0, 0]",4,8.928936503781403,-1,0
190,"[0, 0, 1, 1, 1, 0, 1, 1, 0, 0, 0, 2, 0, 0, 0, 0, 0, 0, 0, 0, 0, 0, 0, 2, 0, 0, 0, 0, 1, 0, 0, 1, 0, 0, 0, 0, 0, 0, 2, 0, 0, 0, 0, 0, 0, 0, 0, 0, 0, 2, 2, 0, 0, 0, 0, 0, 0, 1, 0, 0, 1, 0, 0, 2, 2, 4, 1, 2, 3, 1, 4, 0, 1, 3, 5, 1, 4, 5, 6, 5, 38, 0, 0, 0, 0, 0, 0]",4,10.602160424732459,-1,1
191,"[0, 0, 1, 1, 1, 0, 1, 1, 0, 0, 0, 2, 0, 0, 0, 0, 0, 0, 0, 0, 0, 0, 0, 2, 0, 0, 0, 0, 1, 0, 0, 1, 0, 0, 0, 0, 0, 0, 2, 0, 0, 0, 0, 0, 0, 0, 0, 0, 0, 2, 2, 0, 0, 0, 0, 0, 0, 1, 0, 0, 1, 0, 0, 2, 2, 4, 1, 2, 3, 1, 4, 0, 1, 3, 5, 1, 4, 5, 6, 5, 38, 1, 0, 0, 0, 0, 0]",3,0.39969370765859935,-1,0
192,"[0, 0, 1, 1, 1, 0, 1, 1, 0, 0, 0, 2, 0, 0, 0, 0, 0, 0, 0, 0, 0, 0, 0, 2, 0, 0, 0, 0, 1, 0, 0, 1, 0, 0, 0, 0, 0, 0, 2, 0, 0, 0, 0, 0, 0, 0, 0, 0, 0, 2, 2, 0, 0, 0, 0, 0, 0, 1, 0, 0, 1, 0, 0, 2, 2, 4, 1, 2, 3, 1, 4, 0, 1, 3, 5, 1, 4, 5, 6, 5, 38, 0, 0, 0, 0, 0, 0]",-1,-0.03419307046061779,-1,0
193,"[0, 0, 1, 1, 1, 0, 1, 1, 0, 0, 0, 2, 0, 0, 0, 0, 0, 0, 0, 0, 0, 0, 0, 2, 0, 0, 0, 0, 1, 0, 0, 1, 0, 0, 0, 0, 0, 0, 2, 0, 0, 0, 0, 0, 0, 0, 0, 0, 0, 2, 2, 0, 0, 0, 0, 0, 0, 1, 0, 0, 1, 0, 0, 2, 2, 4, 1, 2, 3, 1, 4, 0, 1, 3, 5, 1, 4, 5, 6, 3, 39, 0, 0, 0, 0, 0, 0]",4,8.927530539769352,-1,0
194,"[0, 0, 1, 1, 1, 0, 1, 1, 0, 0, 0, 2, 0, 0, 0, 0, 0, 0, 0, 0, 0, 0, 0, 2, 0, 0, 0, 0, 1, 0, 0, 1, 0, 0, 0, 0, 0, 0, 2, 0, 0, 0, 0, 0, 0, 0, 0, 0, 0, 2, 2, 0, 0, 0, 0, 0, 0, 1, 0, 0, 1, 0, 0, 2, 2, 4, 1, 2, 3, 1, 4, 0, 1, 3, 5, 1, 4, 5, 6, 3, 39, 1, 0, 0, 0, 0, 0]",3,0.39968122755433944,-1,1
195,"[0, 0, 1, 1, 1, 0, 1, 1, 0, 0, 0, 2, 0, 0, 0, 0, 0, 0, 0, 0, 0, 0, 0, 2, 0, 0, 0, 0, 1, 0, 0, 1, 0, 0, 0, 0, 0, 0, 2, 0, 0, 0, 0, 0, 0, 0, 0, 0, 0, 2, 2, 0, 0, 0, 0, 0, 0, 1, 0, 0, 1, 0, 0, 2, 2, 4, 1, 2, 3, 1, 4, 0, 1, 3, 5, 1, 4, 5, 6, 3, 39, 0, 0, 0, 0, 0, 0]",-1,-0.03385284372490823,-1,1
196,"[0, 0, 1, 1, 1, 0, 1, 1, 0, 0, 0, 2, 0, 0, 0, 0, 0, 0, 0, 0, 0, 0, 0, 2, 0, 0, 0, 0, 1, 0, 0, 1, 0, 0, 0, 0, 0, 0, 2, 0, 0, 0, 0, 0, 0, 0, 0, 0, 0, 2, 2, 0, 0, 0, 0, 0, 0, 1, 0, 0, 1, 0, 0, 2, 2, 4, 1, 2, 3, 1, 4, 0, 1, 3, 5, 1, 4, 5, 6, 3, 39, 0, 1, 0, 0, 0, 0]",2,0.5996812275543394,-1,1
197,"[0, 0, 1, 1, 1, 0, 1, 1, 0, 0, 0, 2, 0, 0, 0, 0, 0, 0, 0, 0, 0, 0, 0, 2, 0, 0, 0, 0, 1, 0, 0, 1, 0, 0, 0, 0, 0, 0, 2, 0, 0, 0, 0, 0, 0, 0, 0, 0, 0, 2, 2, 0, 0, 0, 0, 0, 0, 1, 0, 0, 1, 0, 0, 2, 2, 4, 1, 2, 3, 1, 4, 0, 1, 3, 5, 1, 4, 5, 6, 3, 39, 0, 0, 0, 0, 0, 0]",-1,-0.03385284372490823,-1,1
198,"[0, 0, 1, 1, 1, 0, 1, 1, 0, 0, 0, 2, 0, 0, 0, 0, 0, 0, 0, 0, 0, 0, 0, 2, 0, 0, 0, 0, 1, 0, 0, 1, 0, 0, 0, 0, 0, 0, 2, 0, 0, 0, 0, 0, 0, 0, 0, 0, 0, 2, 2, 0, 0, 0, 0, 0, 0, 1, 0, 0, 1, 0, 0, 2, 2, 4, 1, 2, 3, 1, 4, 0, 1, 3, 5, 1, 4, 5, 6, 3, 39, 0, 1, 0, 0, 0, 0]",2,0.5996812275543394,-1,1
199,"[0, 0, 1, 1, 1, 0, 1, 1, 0, 0, 0, 2, 0, 0, 0, 0, 0, 0, 0, 0, 0, 0, 0, 2, 0, 0, 0, 0, 1, 0, 0, 1, 0, 0, 0, 0, 0, 0, 2, 0, 0, 0, 0, 0, 0, 0, 0, 0, 0, 2, 2, 0, 0, 0, 0, 0, 0, 1, 0, 0, 1, 0, 0, 2, 2, 4, 1, 2, 3, 1, 4, 0, 1, 3, 5, 1, 4, 5, 6, 3, 39, 0, 0, 0, 0, 0, 0]",-1,-0.03385284372490823,-1,1
200,"[0, 0, 1, 1, 1, 0, 1, 1, 0, 0, 0, 2, 0, 0, 0, 0, 0, 0, 0, 0, 0, 0, 0, 2, 0, 0, 0, 0, 1, 0, 0, 1, 0, 0, 0, 0, 0, 0, 2, 0, 0, 0, 0, 0, 0, 0, 0, 0, 0, 2, 2, 0, 0, 0, 0, 0, 0, 1, 0, 0, 1, 0, 0, 2, 2, 4, 1, 2, 3, 1, 4, 0, 1, 3, 5, 1, 4, 5, 6, 3, 39, 1, 0, 0, 0, 0, 0]",3,0.39968122755433944,-1,1
201,"[0, 0, 1, 1, 1, 0, 1, 1, 0, 0, 0, 2, 0, 0, 0, 0, 0, 0, 0, 0, 0, 0, 0, 2, 0, 0, 0, 0, 1, 0, 0, 1, 0, 0, 0, 0, 0, 0, 2, 0, 0, 0, 0, 0, 0, 0, 0, 0, 0, 2, 2, 0, 0, 0, 0, 0, 0, 1, 0, 0, 1, 0, 0, 2, 2, 4, 1, 2, 3, 1, 4, 0, 1, 3, 5, 1, 4, 5, 6, 3, 39, 0, 0, 0, 0, 0, 0]",-1,-0.03385284372490823,-1,1
202,"[0, 0, 1, 1, 1, 0, 1, 1, 0, 0, 0, 2, 0, 0, 0, 0, 0, 0, 0, 0, 0, 0, 0, 2, 0, 0, 0, 0, 1, 0, 0, 1, 0, 0, 0, 0, 0, 0, 2, 0, 0, 0, 0, 0, 0, 0, 0, 0, 0, 2, 2, 0, 0, 0, 0, 0, 0, 1, 0, 0, 1, 0, 0, 2, 2, 4, 1, 2, 3, 1, 4, 0, 1, 3, 5, 1, 4, 5, 6, 3, 39, 0, 1, 0, 0, 0, 0]",2,0.5996812275543394,-1,1
203,"[0, 0, 1, 1, 1, 0, 1, 1, 0, 0, 0, 2, 0, 0, 0, 0, 0, 0, 0, 0, 0, 0, 0, 2, 0, 0, 0, 0, 1, 0, 0, 1, 0, 0, 0, 0, 0, 0, 2, 0, 0, 0, 0, 0, 0, 0, 0, 0, 0, 2, 2, 0, 0, 0, 0, 0, 0, 1, 0, 0, 1, 0, 0, 2, 2, 4, 1, 2, 3, 1, 4, 0, 1, 3, 5, 1, 4, 5, 6, 3, 39, 0, 0, 0, 0, 0, 0]",-1,-0.03385284372490823,-1,1
204,"[0, 0, 1, 1, 1, 0, 1, 1, 0, 0, 0, 2, 0, 0, 0, 0, 0, 0, 0, 0, 0, 0, 0, 2, 0, 0, 0, 0, 1, 0, 0, 1, 0, 0, 0, 0, 0, 0, 2, 0, 0, 0, 0, 0, 0, 0, 0, 0, 0, 2, 2, 0, 0, 0, 0, 0, 0, 1, 0, 0, 1, 0, 0, 2, 2, 4, 1, 2, 3, 1, 4, 0, 1, 3, 5, 1, 4, 5, 6, 3, 39, 0, 0, 0, 0, 0, 0]",0,0.5853432461281922,-1,1
205,"[0, 0, 1, 1, 1, 0, 1, 1, 0, 0, 0, 2, 0, 0, 0, 0, 0, 0, 0, 0, 0, 0, 0, 2, 0, 0, 0, 0, 1, 0, 0, 1, 0, 0, 0, 0, 0, 0, 2, 0, 0, 0, 0, 0, 0, 0, 0, 0, 0, 2, 2, 0, 0, 0, 0, 0, 0, 1, 0, 0, 1, 0, 0, 2, 2, 4, 1, 2, 3, 1, 4, 0, 1, 3, 5, 1, 4, 5, 6, 3, 39, 0, 0, 0, 0, 0, 0]",-1,-0.03385284372490823,-1,1
206,"[0, 0, 1, 1, 1, 0, 1, 1, 0, 0, 0, 2, 0, 0, 0, 0, 0, 0, 0, 0, 0, 0, 0, 2, 0, 0, 0, 0, 1, 0, 0, 1, 0, 0, 0, 0, 0, 0, 2, 0, 0, 0, 0, 0, 0, 0, 0, 0, 0, 2, 2, 0, 0, 0, 0, 0, 0, 1, 0, 0, 1, 0, 0, 2, 2, 4, 1, 2, 3, 1, 4, 0, 1, 3, 5, 1, 4, 5, 6, 3, 39, 0, 1, 0, 0, 0, 0]",2,0.5996812275543394,-1,1
207,"[0, 0, 1, 1, 1, 0, 1, 1, 0, 0, 0, 2, 0, 0, 0, 0, 0, 0, 0, 0, 0, 0, 0, 2, 0, 0, 0, 0, 1, 0, 0, 1, 0, 0, 0, 0, 0, 0, 2, 0, 0, 0, 0, 0, 0, 0, 0, 0, 0, 2, 2, 0, 0, 0, 0, 0, 0, 1, 0, 0, 1, 0, 0, 2, 2, 4, 1, 2, 3, 1, 4, 0, 1, 3, 5, 1, 4, 5, 6, 3, 39, 0, 0, 0, 0, 0, 0]",-1,-0.03385284372490823,-1,1
208,"[0, 0, 1, 1, 1, 0, 1, 1, 0, 0, 0, 2, 0, 0, 0, 0, 0, 0, 0, 0, 0, 0, 0, 2, 0, 0, 0, 0, 1, 0, 0, 1, 0, 0, 0, 0, 0, 0, 2, 0, 0, 0, 0, 0, 0, 0, 0, 0, 0, 2, 2, 0, 0, 0, 0, 0, 0, 1, 0, 0, 1, 0, 0, 2, 2, 4, 1, 2, 3, 1, 4, 0, 1, 3, 5, 1, 4, 5, 6, 3, 39, 0, 1, 0, 0, 0, 0]",2,0.5996812275543394,-1,1
209,"[0, 0, 1, 1, 1, 0, 1, 1, 0, 0, 0, 2, 0, 0, 0, 0, 0, 0, 0, 0, 0, 0, 0, 2, 0, 0, 0, 0, 1, 0, 0, 1, 0, 0, 0, 0, 0, 0, 2, 0, 0, 0, 0, 0, 0, 0, 0, 0, 0, 2, 2, 0, 0, 0, 0, 0, 0, 1, 0, 0, 1, 0, 0, 2, 2, 4, 1, 2, 3, 1, 4, 0, 1, 3, 5, 1, 4, 5, 6, 3, 39, 0, 0, 0, 0, 0, 0]",-1,-0.03385284372490823,-1,1
210,"[0, 0, 1, 1, 1, 0, 1, 1, 0, 0, 0, 2, 0, 0, 0, 0, 0, 0, 0, 0, 0, 0, 0, 2, 0, 0, 0, 0, 1, 0, 0, 1, 0, 0, 0, 0, 0, 0, 2, 0, 0, 0, 0, 0, 0, 0, 0, 0, 0, 2, 2, 0, 0, 0, 0, 0, 0, 1, 0, 0, 1, 0, 0, 2, 2, 4, 1, 2, 3, 1, 4, 0, 1, 3, 5, 1, 4, 5, 6, 3, 39, 0, 1, 0, 0, 0, 0]",2,0.5996812275543394,-1,1
211,"[0, 0, 1, 1, 1, 0, 1, 1, 0, 0, 0, 2, 0, 0, 0, 0, 0, 0, 0, 0, 0, 0, 0, 2, 0, 0, 0, 0, 1, 0, 0, 1, 0, 0, 0, 0, 0, 0, 2, 0, 0, 0, 0, 0, 0, 0, 0, 0, 0, 2, 2, 0, 0, 0, 0, 0, 0, 1, 0, 0, 1, 0, 0, 2, 2, 4, 1, 2, 3, 1, 4, 0, 1, 3, 5, 1, 4, 5, 6, 3, 39, 0, 1, 0, 0, 1, 0]","[[1 0 0 0]
 [0 0 0 1]]",0.8501060926124303,-1,1
212,"[0, 0, 1, 1, 1, 0, 1, 1, 0, 0, 0, 2, 0, 0, 0, 0, 0, 0, 0, 0, 0, 0, 0, 2, 0, 0, 0, 0, 1, 0, 0, 1, 0, 0, 0, 0, 0, 0, 2, 0, 0, 0, 0, 0, 0, 0, 0, 0, 0, 2, 2, 0, 0, 0, 0, 0, 0, 1, 0, 0, 1, 0, 0, 2, 2, 4, 1, 2, 3, 1, 4, 0, 1, 3, 5, 1, 4, 5, 6, 3, 39, 0, 0, 0, 0, 0, 0]",1,-0.0003187724456606018,-1,0
213,"[0, 0, 1, 1, 1, 0, 1, 1, 0, 0, 0, 2, 0, 0, 0, 0, 0, 0, 0, 0, 0, 0, 0, 2, 0, 0, 0, 0, 1, 0, 0, 1, 0, 0, 0, 0, 0, 0, 2, 0, 0, 0, 0, 0, 0, 0, 0, 0, 0, 2, 2, 0, 0, 0, 0, 0, 0, 1, 0, 0, 1, 0, 0, 2, 2, 4, 1, 2, 3, 1, 4, 0, 1, 3, 5, 1, 4, 5, 6, 3, 40, 0, 0, 0, 0, 0, 0]",4,10.600767211243905,-1,1
214,"[0, 0, 1, 1, 1, 0, 1, 1, 0, 0, 0, 2, 0, 0, 0, 0, 0, 0, 0, 0, 0, 0, 0, 2, 0, 0, 0, 0, 1, 0, 0, 1, 0, 0, 0, 0, 0, 0, 2, 0, 0, 0, 0, 0, 0, 0, 0, 0, 0, 2, 2, 0, 0, 0, 0, 0, 0, 1, 0, 0, 1, 0, 0, 2, 2, 4, 1, 2, 3, 1, 4, 0, 1, 3, 5, 1, 4, 5, 6, 3, 40, 0, 1, 0, 0, 0, 0]",2,0.5996682397839651,-1,0
215,"[0, 0, 1, 1, 1, 0, 1, 1, 0, 0, 0, 2, 0, 0, 0, 0, 0, 0, 0, 0, 0, 0, 0, 2, 0, 0, 0, 0, 1, 0, 0, 1, 0, 0, 0, 0, 0, 0, 2, 0, 0, 0, 0, 0, 0, 0, 0, 0, 0, 2, 2, 0, 0, 0, 0, 0, 0, 1, 0, 0, 1, 0, 0, 2, 2, 4, 1, 2, 3, 1, 4, 0, 1, 3, 5, 1, 4, 5, 6, 3, 40, 0, 1, 0, 0, 1, 0]","[[0 0 0 1]
 [1 0 0 0]]",0.850093104842056,-1,0
216,"[1, 0, 1, 0, 0, 0, 1, 2, 0, 0, 0, 2, 0, 0, 0, 0, 0, 0, 0, 0, 0, 0, 0, 2, 0, 0, 0, 0, 1, 0, 0, 1, 0, 0, 0, 0, 0, 0, 2, 0, 0, 0, 0, 0, 0, 0, 0, 0, 0, 2, 2, 0, 0, 0, 0, 0, 0, 1, 0, 0, 1, 0, 0, 2, 2, 4, 1, 2, 3, 1, 4, 0, 1, 3, 5, 1, 4, 5, 6, 3, 40, 0, 0, 0, 0, 0, 0]",0,-0.0003317602160348843,-1,1
217,"[1, 0, 1, 0, 0, 0, 1, 2, 0, 0, 0, 2, 0, 0, 0, 0, 0, 0, 0, 0, 0, 0, 0, 2, 0, 0, 0, 0, 1, 0, 0, 1, 0, 0, 0, 0, 0, 0, 2, 0, 0, 0, 0, 0, 0, 0, 0, 0, 0, 2, 2, 0, 0, 0, 0, 0, 0, 1, 0, 0, 1, 0, 0, 2, 2, 4, 1, 2, 3, 1, 4, 0, 1, 3, 5, 1, 4, 5, 6, 3, 40, 1, 0, 0, 0, 0, 0]",3,0.39966823978396515,-1,0
218,"[1, 0, 1, 0, 0, 0, 1, 2, 0, 0, 0, 2, 0, 0, 0, 0, 0, 0, 0, 0, 0, 0, 0, 2, 0, 0, 0, 0, 1, 0, 0, 1, 0, 0, 0, 0, 0, 0, 2, 0, 0, 0, 0, 0, 0, 0, 0, 0, 0, 2, 2, 0, 0, 0, 0, 0, 0, 1, 0, 0, 1, 0, 0, 2, 2, 4, 1, 2, 3, 1, 4, 0, 1, 3, 5, 1, 4, 5, 6, 3, 40, 0, 0, 0, 0, 0, 0]",-1,-0.03351600230178197,-1,0
219,"[1, 0, 1, 0, 0, 0, 1, 2, 0, 0, 0, 2, 0, 0, 0, 0, 0, 0, 0, 0, 0, 0, 0, 2, 0, 0, 0, 0, 1, 0, 0, 1, 0, 0, 0, 0, 0, 0, 2, 0, 0, 0, 0, 0, 0, 0, 0, 0, 0, 2, 2, 0, 0, 0, 0, 0, 0, 1, 0, 0, 1, 0, 0, 2, 2, 4, 1, 2, 3, 1, 4, 0, 1, 3, 5, 1, 4, 5, 6, 3, 40, 0, 1, 0, 0, 0, 0]",2,0.5996682397839651,-1,0
220,"[1, 0, 1, 0, 0, 0, 1, 2, 0, 0, 0, 2, 0, 0, 0, 0, 0, 0, 0, 0, 0, 0, 0, 2, 0, 0, 0, 0, 1, 0, 0, 1, 0, 0, 0, 0, 0, 0, 2, 0, 0, 0, 0, 0, 0, 0, 0, 0, 0, 2, 2, 0, 0, 0, 0, 0, 0, 1, 0, 0, 1, 0, 0, 2, 2, 4, 1, 2, 3, 1, 4, 0, 1, 3, 5, 1, 4, 5, 6, 3, 40, 0, 1, 0, 0, 1, 0]","[[1 0 0 0]
 [0 0 0 1]]",0.850093104842056,-1,0
221,"[0, 0, 1, 1, 1, 0, 1, 1, 0, 0, 0, 2, 0, 0, 0, 0, 0, 0, 0, 0, 0, 0, 0, 2, 0, 0, 0, 0, 1, 0, 0, 1, 0, 0, 0, 0, 0, 0, 2, 0, 0, 0, 0, 0, 0, 0, 0, 0, 0, 2, 2, 0, 0, 0, 0, 0, 0, 1, 0, 0, 1, 0, 0, 2, 2, 4, 1, 2, 3, 1, 4, 0, 1, 3, 5, 1, 4, 5, 6, 3, 40, 0, 0, 0, 0, 0, 0]",0,-0.0003317602160348843,-1,1
222,"[0, 0, 1, 1, 1, 0, 1, 1, 0, 0, 0, 2, 0, 0, 0, 0, 0, 0, 0, 0, 0, 0, 0, 2, 0, 0, 0, 0, 1, 0, 0, 1, 0, 0, 0, 0, 0, 0, 2, 0, 0, 0, 0, 0, 0, 0, 0, 0, 0, 2, 2, 0, 0, 0, 0, 0, 0, 1, 0, 0, 1, 0, 0, 2, 2, 4, 1, 2, 3, 1, 4, 0, 1, 3, 5, 1, 4, 5, 6, 3, 40, 0, 0, 0, 0, 0, 0]",0,0.6257672734839062,-1,0
223,"[0, 0, 1, 1, 1, 0, 1, 1, 0, 0, 0, 2, 0, 0, 0, 0, 0, 0, 0, 0, 0, 0, 0, 2, 0, 0, 0, 0, 1, 0, 0, 1, 0, 0, 0, 0, 0, 0, 2, 0, 0, 0, 0, 0, 0, 0, 0, 0, 0, 2, 2, 0, 0, 0, 0, 0, 0, 1, 0, 0, 1, 0, 0, 2, 2, 4, 1, 2, 3, 1, 4, 0, 1, 3, 5, 1, 4, 5, 6, 3, 40, 0, 0, 0, 0, 0, 0]",-1,-0.03351600230178197,-1,0
224,"[0, 0, 1, 1, 1, 0, 1, 1, 0, 0, 0, 2, 0, 0, 0, 0, 0, 0, 0, 0, 0, 0, 0, 2, 0, 0, 0, 0, 1, 0, 0, 1, 0, 0, 0, 0, 0, 0, 2, 0, 0, 0, 0, 0, 0, 0, 0, 0, 0, 2, 2, 0, 0, 0, 0, 0, 0, 1, 0, 0, 1, 0, 0, 2, 2, 4, 1, 2, 3, 1, 4, 0, 1, 3, 5, 1, 4, 5, 6, 3, 40, 0, 0, 0, 0, 0, 0]",0,0.6257672734839062,-1,0
225,"[0, 0, 1, 1, 1, 0, 1, 1, 0, 0, 0, 2, 0, 0, 0, 0, 0, 0, 0, 0, 0, 0, 0, 2, 0, 0, 0, 0, 1, 0, 0, 1, 0, 0, 0, 0, 0, 0, 2, 0, 0, 0, 0, 0, 0, 0, 0, 0, 0, 2, 2, 0, 0, 0, 0, 0, 0, 1, 0, 0, 1, 0, 0, 2, 2, 4, 1, 2, 3, 1, 4, 0, 1, 3, 5, 1, 4, 5, 6, 3, 40, 0, 0, 0, 0, 0, 0]",-1,-0.03351600230178197,-1,0
226,"[0, 0, 1, 1, 1, 0, 1, 1, 0, 0, 0, 2, 0, 0, 0, 0, 0, 0, 0, 0, 0, 0, 0, 2, 0, 0, 0, 0, 1, 0, 0, 1, 0, 0, 0, 0, 0, 0, 2, 0, 0, 0, 0, 0, 0, 0, 0, 0, 0, 2, 2, 0, 0, 0, 0, 0, 0, 1, 0, 0, 1, 0, 0, 2, 2, 4, 1, 2, 3, 1, 4, 0, 1, 3, 5, 1, 4, 5, 6, 3, 40, 0, 1, 0, 0, 0, 0]",2,0.5996682397839651,-1,0
227,"[0, 0, 1, 1, 1, 0, 1, 1, 0, 0, 0, 2, 0, 0, 0, 0, 0, 0, 0, 0, 0, 0, 0, 2, 0, 0, 0, 0, 1, 0, 0, 1, 0, 0, 0, 0, 0, 0, 2, 0, 0, 0, 0, 0, 0, 0, 0, 0, 0, 2, 2, 0, 0, 0, 0, 0, 0, 1, 0, 0, 1, 0, 0, 2, 2, 4, 1, 2, 3, 1, 4, 0, 1, 3, 5, 1, 4, 5, 6, 3, 40, 0, 1, 0, 0, 1, 0]","[[0 0 1 0]
 [1 0 0 0]]",0.850093104842056,-1,0
228,"[0, 0, 1, 1, 1, 0, 1, 1, 0, 0, 0, 2, 0, 0, 0, 0, 0, 0, 0, 0, 0, 0, 0, 2, 0, 0, 0, 0, 1, 0, 0, 1, 0, 0, 0, 0, 0, 0, 2, 0, 0, 0, 0, 0, 0, 0, 0, 0, 0, 2, 2, 0, 0, 0, 0, 0, 0, 1, 0, 0, 1, 0, 0, 2, 2, 4, 1, 2, 3, 1, 4, 0, 1, 3, 5, 1, 4, 5, 6, 3, 40, 0, 0, 0, 0, 0, 0]",1,-0.0003317602160348843,-1,1
229,"[0, 0, 1, 1, 1, 0, 1, 1, 0, 0, 0, 2, 0, 0, 0, 0, 0, 0, 0, 0, 0, 0, 0, 2, 0, 0, 0, 0, 1, 0, 0, 1, 0, 0, 0, 0, 0, 0, 2, 0, 0, 0, 0, 0, 0, 0, 0, 0, 0, 2, 2, 0, 0, 0, 0, 0, 0, 1, 0, 0, 1, 0, 0, 2, 2, 4, 1, 2, 3, 1, 4, 0, 1, 3, 5, 1, 4, 5, 6, 3, 40, 0, 1, 0, 0, 0, 0]",2,0.5996682397839651,-1,0
230,"[0, 0, 1, 1, 1, 0, 1, 1, 0, 0, 0, 2, 0, 0, 0, 0, 0, 0, 0, 0, 0, 0, 0, 2, 0, 0, 0, 0, 1, 0, 0, 1, 0, 0, 0, 0, 0, 0, 2, 0, 0, 0, 0, 0, 0, 0, 0, 0, 0, 2, 2, 0, 0, 0, 0, 0, 0, 1, 0, 0, 1, 0, 0, 2, 2, 4, 1, 2, 3, 1, 4, 0, 1, 3, 5, 1, 4, 5, 6, 3, 40, 0, 1, 0, 0, 1, 0]","[[0 0 1 0]
 [1 0 0 0]]",0.850093104842056,-1,0
231,"[0, 0, 1, 1, 1, 0, 1, 1, 0, 0, 0, 2, 0, 0, 0, 0, 0, 0, 0, 0, 0, 0, 0, 2, 0, 0, 0, 0, 1, 0, 0, 1, 0, 0, 0, 0, 0, 0, 2, 0, 0, 0, 0, 0, 0, 0, 0, 0, 0, 2, 2, 0, 0, 0, 0, 0, 0, 1, 0, 0, 1, 0, 0, 2, 2, 4, 1, 2, 3, 1, 4, 0, 1, 3, 5, 1, 4, 5, 6, 3, 40, 0, 0, 0, 0, 0, 0]",1,-0.0003317602160348843,-1,1
232,"[0, 0, 1, 1, 1, 0, 1, 1, 0, 0, 0, 2, 0, 0, 0, 0, 0, 0, 0, 0, 0, 0, 0, 2, 0, 0, 0, 0, 1, 0, 0, 1, 0, 0, 0, 0, 0, 0, 2, 0, 0, 0, 0, 0, 0, 0, 0, 0, 0, 2, 2, 0, 0, 0, 0, 0, 0, 1, 0, 0, 1, 0, 0, 2, 2, 4, 1, 2, 3, 1, 4, 0, 1, 3, 5, 1, 4, 5, 6, 3, 40, 0, 1, 0, 0, 0, 0]",2,0.5996682397839651,-1,0
233,"[0, 0, 1, 1, 1, 0, 1, 1, 0, 0, 0, 2, 0, 0, 0, 0, 0, 0, 0, 0, 0, 0, 0, 2, 0, 0, 0, 0, 1, 0, 0, 1, 0, 0, 0, 0, 0, 0, 2, 0, 0, 0, 0, 0, 0, 0, 0, 0, 0, 2, 2, 0, 0, 0, 0, 0, 0, 1, 0, 0, 1, 0, 0, 2, 2, 4, 1, 2, 3, 1, 4, 0, 1, 3, 5, 1, 4, 5, 6, 3, 40, 0, 1, 0, 0, 1, 0]","[[0 0 0 1]
 [0 0 1 0]]",0.850093104842056,-1,0
234,"[0, 0, 2, 0, 1, 0, 0, 2, 0, 0, 0, 2, 0, 0, 0, 0, 0, 0, 0, 0, 0, 0, 0, 2, 0, 0, 0, 0, 1, 0, 0, 1, 0, 0, 0, 0, 0, 0, 2, 0, 0, 0, 0, 0, 0, 0, 0, 0, 0, 2, 2, 0, 0, 0, 0, 0, 0, 1, 0, 0, 1, 0, 0, 2, 2, 4, 1, 2, 3, 1, 4, 0, 1, 3, 5, 1, 4, 5, 6, 3, 40, 0, 0, 0, 0, 0, 0]",0,-0.0003317602160348843,-1,1
235,"[0, 0, 2, 0, 1, 0, 0, 2, 0, 0, 0, 2, 0, 0, 0, 0, 0, 0, 0, 0, 0, 0, 0, 2, 0, 0, 0, 0, 1, 0, 0, 1, 0, 0, 0, 0, 0, 0, 2, 0, 0, 0, 0, 0, 0, 0, 0, 0, 0, 2, 2, 0, 0, 0, 0, 0, 0, 1, 0, 0, 1, 0, 0, 2, 2, 4, 1, 2, 3, 1, 4, 0, 1, 3, 5, 1, 4, 5, 6, 3, 40, 0, 1, 0, 0, 0, 0]",2,0.5996682397839651,-1,0
236,"[0, 0, 2, 0, 1, 0, 0, 2, 0, 0, 0, 2, 0, 0, 0, 0, 0, 0, 0, 0, 0, 0, 0, 2, 0, 0, 0, 0, 1, 0, 0, 1, 0, 0, 0, 0, 0, 0, 2, 0, 0, 0, 0, 0, 0, 0, 0, 0, 0, 2, 2, 0, 0, 0, 0, 0, 0, 1, 0, 0, 1, 0, 0, 2, 2, 4, 1, 2, 3, 1, 4, 0, 1, 3, 5, 1, 4, 5, 6, 3, 40, 0, 1, 0, 0, 1, 0]","[[0 0 1 0]
 [0 0 0 1]]",0.850093104842056,-1,0
237,"[0, 0, 1, 1, 1, 0, 1, 1, 0, 0, 0, 2, 0, 0, 0, 0, 0, 0, 0, 0, 0, 0, 0, 2, 0, 0, 0, 0, 1, 0, 0, 1, 0, 0, 0, 0, 0, 0, 2, 0, 0, 0, 0, 0, 0, 0, 0, 0, 0, 2, 2, 0, 0, 0, 0, 0, 0, 1, 0, 0, 1, 0, 0, 2, 2, 4, 1, 2, 3, 1, 4, 0, 1, 3, 5, 1, 4, 5, 6, 3, 40, 0, 0, 0, 0, 0, 0]",0,-0.0003317602160348843,-1,1
238,"[0, 0, 1, 1, 1, 0, 1, 1, 0, 0, 0, 2, 0, 0, 0, 0, 0, 0, 0, 0, 0, 0, 0, 2, 0, 0, 0, 0, 1, 0, 0, 1, 0, 0, 0, 0, 0, 0, 2, 0, 0, 0, 0, 0, 0, 0, 0, 0, 0, 2, 2, 0, 0, 0, 0, 0, 0, 1, 0, 0, 1, 0, 0, 2, 2, 4, 1, 2, 3, 1, 4, 0, 1, 3, 5, 1, 4, 5, 6, 3, 40, 1, 0, 0, 0, 0, 0]",3,0.39966823978396515,-1,0
239,"[0, 0, 1, 1, 1, 0, 1, 1, 0, 0, 0, 2, 0, 0, 0, 0, 0, 0, 0, 0, 0, 0, 0, 2, 0, 0, 0, 0, 1, 0, 0, 1, 0, 0, 0, 0, 0, 0, 2, 0, 0, 0, 0, 0, 0, 0, 0, 0, 0, 2, 2, 0, 0, 0, 0, 0, 0, 1, 0, 0, 1, 0, 0, 2, 2, 4, 1, 2, 3, 1, 4, 0, 1, 3, 5, 1, 4, 5, 6, 3, 40, 0, 0, 0, 0, 0, 0]",-1,-0.03351600230178197,-1,0
240,"[0, 0, 1, 1, 2, 0, 1, 1, 0, 0, 0, 2, 0, 0, 0, 0, 0, 0, 0, 0, 0, 0, 0, 2, 0, 0, 0, 0, 1, 0, 0, 1, 0, 0, 0, 0, 0, 0, 2, 0, 0, 0, 0, 0, 0, 0, 0, 0, 0, 2, 2, 0, 0, 0, 0, 0, 0, 1, 0, 0, 1, 0, 0, 2, 2, 4, 1, 2, 3, 1, 4, 0, 1, 3, 5, 1, 4, 5, 6, 3, 41, 0, 0, 0, 0, 0, 0]",4,8.926149899664193,-1,0
241,"[0, 0, 1, 1, 3, 0, 1, 1, 0, 0, 0, 2, 0, 0, 0, 0, 0, 0, 0, 0, 0, 0, 0, 2, 0, 0, 0, 0, 1, 0, 0, 1, 0, 0, 0, 0, 0, 0, 2, 0, 0, 0, 0, 0, 0, 0, 0, 0, 0, 2, 2, 0, 0, 0, 0, 0, 0, 1, 0, 0, 1, 0, 0, 2, 2, 4, 1, 2, 3, 1, 4, 0, 1, 3, 5, 1, 4, 5, 6, 3, 42, 0, 0, 0, 0, 0, 0]",4,10.178961149422946,-1,1
242,"[0, 0, 1, 1, 3, 0, 1, 1, 0, 0, 0, 2, 0, 0, 0, 0, 0, 0, 0, 0, 0, 0, 0, 2, 0, 0, 0, 0, 1, 0, 0, 1, 0, 0, 0, 0, 0, 0, 2, 0, 0, 0, 0, 0, 0, 0, 0, 0, 0, 2, 2, 0, 0, 0, 0, 0, 0, 1, 0, 0, 1, 0, 0, 2, 2, 4, 1, 2, 3, 1, 4, 0, 1, 3, 5, 1, 4, 5, 6, 3, 42, 1, 0, 0, 0, 0, 0]",3,0.3996406580938843,-1,0
243,"[0, 0, 1, 1, 3, 0, 1, 1, 0, 0, 0, 2, 0, 0, 0, 0, 0, 0, 0, 0, 0, 0, 0, 2, 0, 0, 0, 0, 1, 0, 0, 1, 0, 0, 0, 0, 0, 0, 2, 0, 0, 0, 0, 0, 0, 0, 0, 0, 0, 2, 2, 0, 0, 0, 0, 0, 0, 1, 0, 0, 1, 0, 0, 2, 2, 4, 1, 2, 3, 1, 4, 0, 1, 3, 5, 1, 4, 5, 6, 3, 42, 0, 0, 0, 0, 0, 0]",-1,-0.03285234099075284,-1,0
244,"[0, 0, 1, 1, 1, 0, 1, 1, 0, 0, 0, 2, 0, 0, 0, 0, 0, 0, 0, 0, 0, 0, 0, 2, 0, 0, 0, 0, 1, 0, 0, 1, 0, 0, 0, 0, 0, 0, 2, 0, 0, 0, 0, 0, 0, 0, 0, 0, 0, 2, 2, 0, 0, 0, 0, 0, 0, 1, 0, 0, 1, 0, 0, 2, 2, 4, 1, 2, 3, 1, 4, 0, 1, 3, 5, 1, 4, 5, 6, 3, 43, 0, 0, 0, 0, 0, 0]",4,8.924793873769866,-1,0
245,"[0, 0, 1, 1, 1, 0, 1, 1, 0, 0, 0, 2, 0, 0, 0, 0, 0, 0, 0, 0, 0, 0, 0, 2, 0, 0, 0, 0, 1, 0, 0, 1, 0, 0, 0, 0, 0, 0, 2, 0, 0, 0, 0, 0, 0, 0, 0, 0, 0, 2, 2, 0, 0, 0, 0, 0, 0, 1, 0, 0, 1, 0, 0, 2, 2, 4, 1, 2, 3, 1, 4, 0, 1, 3, 5, 1, 4, 5, 6, 3, 43, 0, 0, 0, 0, 0, 0]",0,0.585288039068436,-1,1
246,"[0, 0, 1, 1, 1, 0, 1, 1, 0, 0, 0, 2, 0, 0, 0, 0, 0, 0, 0, 0, 0, 0, 0, 2, 0, 0, 0, 0, 1, 0, 0, 1, 0, 0, 0, 0, 0, 0, 2, 0, 0, 0, 0, 0, 0, 0, 0, 0, 0, 2, 2, 0, 0, 0, 0, 0, 0, 1, 0, 0, 1, 0, 0, 2, 2, 4, 1, 2, 3, 1, 4, 0, 1, 3, 5, 1, 4, 5, 6, 3, 43, 0, 0, 0, 0, 0, 0]",-1,-0.032525454736165825,-1,1
247,"[0, 0, 1, 1, 1, 0, 2, 1, 0, 0, 0, 2, 0, 0, 0, 0, 0, 0, 0, 0, 0, 0, 0, 2, 0, 0, 0, 0, 1, 0, 0, 1, 0, 0, 0, 0, 0, 0, 2, 0, 0, 0, 0, 0, 0, 0, 0, 0, 0, 2, 2, 0, 0, 0, 0, 0, 0, 1, 0, 0, 1, 0, 0, 2, 2, 4, 1, 2, 3, 1, 4, 0, 1, 3, 5, 1, 4, 5, 6, 3, 44, 0, 0, 0, 0, 0, 0]",4,10.438430260649156,-1,1
248,"[0, 0, 1, 1, 1, 0, 1, 1, 0, 0, 0, 2, 0, 0, 0, 0, 0, 0, 0, 0, 0, 0, 0, 2, 0, 0, 0, 0, 1, 0, 0, 1, 0, 0, 0, 0, 0, 0, 2, 0, 0, 0, 0, 0, 0, 0, 0, 0, 0, 2, 2, 0, 0, 0, 0, 0, 0, 1, 0, 0, 1, 0, 0, 2, 2, 4, 1, 2, 3, 1, 4, 0, 1, 3, 5, 1, 4, 5, 6, 5, 45, 0, 0, 0, 0, 0, 0]",4,8.92346174932428,-1,0
249,"[0, 0, 1, 1, 1, 0, 1, 1, 0, 0, 0, 2, 0, 0, 0, 0, 0, 0, 0, 0, 0, 0, 0, 2, 0, 0, 0, 0, 1, 0, 0, 1, 0, 0, 0, 0, 0, 0, 2, 0, 0, 0, 0, 0, 0, 0, 0, 0, 0, 2, 2, 0, 0, 0, 0, 0, 0, 1, 0, 0, 1, 0, 0, 2, 2, 4, 1, 2, 3, 1, 4, 0, 1, 3, 5, 1, 4, 5, 6, 5, 45, 1, 0, 0, 0, 0, 0]",3,0.39959493592219003,-1,1
250,"[0, 0, 1, 1, 1, 0, 1, 1, 0, 0, 0, 2, 0, 0, 0, 0, 0, 0, 0, 0, 0, 0, 0, 2, 0, 0, 0, 0, 1, 0, 0, 1, 0, 0, 0, 0, 0, 0, 2, 0, 0, 0, 0, 0, 0, 0, 0, 0, 0, 2, 2, 0, 0, 0, 0, 0, 0, 1, 0, 0, 1, 0, 0, 2, 2, 4, 1, 2, 3, 1, 4, 0, 1, 3, 5, 1, 4, 5, 6, 5, 45, 0, 0, 0, 0, 0, 0]",-1,-0.03188140758108867,-1,1
251,"[0, 0, 1, 1, 1, 0, 1, 1, 0, 0, 0, 2, 0, 0, 0, 0, 0, 0, 0, 0, 0, 0, 0, 2, 0, 0, 0, 0, 1, 0, 0, 1, 0, 0, 0, 0, 0, 0, 2, 0, 0, 0, 0, 0, 0, 0, 0, 0, 0, 2, 2, 0, 0, 0, 0, 0, 0, 1, 0, 0, 1, 0, 0, 2, 2, 4, 1, 2, 3, 1, 4, 0, 1, 3, 5, 1, 4, 5, 6, 5, 45, 0, 1, 0, 0, 0, 0]",2,0.59959493592219,-1,1
252,"[0, 0, 1, 1, 1, 0, 1, 1, 0, 0, 0, 2, 0, 0, 0, 0, 0, 0, 0, 0, 0, 0, 0, 2, 0, 0, 0, 0, 1, 0, 0, 1, 0, 0, 0, 0, 0, 0, 2, 0, 0, 0, 0, 0, 0, 0, 0, 0, 0, 2, 2, 0, 0, 0, 0, 0, 0, 1, 0, 0, 1, 0, 0, 2, 2, 4, 1, 2, 3, 1, 4, 0, 1, 3, 5, 1, 4, 5, 6, 5, 45, 0, 0, 0, 0, 0, 0]",-1,-0.03188140758108867,-1,1
253,"[0, 0, 1, 1, 1, 0, 1, 1, 0, 0, 0, 2, 0, 0, 0, 0, 0, 0, 0, 0, 0, 0, 0, 2, 0, 0, 0, 0, 1, 0, 0, 1, 0, 0, 0, 0, 0, 0, 2, 0, 0, 0, 0, 0, 0, 0, 0, 0, 0, 2, 2, 0, 0, 0, 0, 0, 0, 1, 0, 0, 1, 0, 0, 2, 2, 4, 1, 2, 3, 1, 4, 0, 1, 3, 5, 1, 4, 5, 6, 5, 45, 1, 0, 0, 0, 0, 0]",3,0.39959493592219003,-1,1
254,"[0, 0, 1, 1, 1, 0, 1, 1, 0, 0, 0, 2, 0, 0, 0, 0, 0, 0, 0, 0, 0, 0, 0, 2, 0, 0, 0, 0, 1, 0, 0, 1, 0, 0, 0, 0, 0, 0, 2, 0, 0, 0, 0, 0, 0, 0, 0, 0, 0, 2, 2, 0, 0, 0, 0, 0, 0, 1, 0, 0, 1, 0, 0, 2, 2, 4, 1, 2, 3, 1, 4, 0, 1, 3, 5, 1, 4, 5, 6, 5, 45, 0, 0, 0, 0, 0, 0]",-1,-0.03188140758108867,-1,1
255,"[0, 0, 1, 1, 1, 0, 1, 1, 0, 0, 0, 2, 0, 0, 0, 0, 0, 0, 0, 0, 0, 0, 0, 2, 0, 0, 0, 0, 1, 0, 0, 1, 0, 0, 0, 0, 0, 0, 2, 0, 0, 0, 0, 0, 0, 0, 0, 0, 0, 2, 2, 0, 0, 0, 0, 0, 0, 1, 0, 0, 1, 0, 0, 2, 2, 4, 1, 2, 3, 1, 4, 0, 1, 3, 5, 1, 4, 5, 6, 5, 45, 1, 0, 0, 0, 0, 0]",3,0.39959493592219003,-1,1
256,"[0, 0, 1, 1, 1, 0, 1, 1, 0, 0, 0, 2, 0, 0, 0, 0, 0, 0, 0, 0, 0, 0, 0, 2, 0, 0, 0, 0, 1, 0, 0, 1, 0, 0, 0, 0, 0, 0, 2, 0, 0, 0, 0, 0, 0, 0, 0, 0, 0, 2, 2, 0, 0, 0, 0, 0, 0, 1, 0, 0, 1, 0, 0, 2, 2, 4, 1, 2, 3, 1, 4, 0, 1, 3, 5, 1, 4, 5, 6, 5, 45, 0, 0, 0, 0, 0, 0]",-1,-0.03188140758108867,-1,1
257,"[0, 0, 1, 1, 1, 0, 1, 1, 0, 0, 0, 2, 0, 0, 0, 0, 0, 0, 0, 0, 0, 0, 0, 2, 0, 0, 0, 0, 1, 0, 0, 1, 0, 0, 0, 0, 0, 0, 2, 0, 0, 0, 0, 0, 0, 0, 0, 0, 0, 2, 2, 0, 0, 0, 0, 0, 0, 1, 0, 0, 1, 0, 0, 2, 2, 4, 1, 2, 3, 1, 4, 0, 1, 3, 5, 1, 4, 5, 6, 5, 45, 0, 1, 0, 0, 0, 0]",2,0.59959493592219,-1,1
258,"[0, 0, 1, 1, 1, 0, 1, 1, 0, 0, 0, 2, 0, 0, 0, 0, 0, 0, 0, 0, 0, 0, 0, 2, 0, 0, 0, 0, 1, 0, 0, 1, 0, 0, 0, 0, 0, 0, 2, 0, 0, 0, 0, 0, 0, 0, 0, 0, 0, 2, 2, 0, 0, 0, 0, 0, 0, 1, 0, 0, 1, 0, 0, 2, 2, 4, 1, 2, 3, 1, 4, 0, 1, 3, 5, 1, 4, 5, 6, 5, 45, 0, 0, 0, 0, 0, 0]",-1,-0.03188140758108867,-1,1
259,"[0, 0, 1, 1, 2, 0, 1, 1, 0, 0, 0, 2, 0, 0, 0, 0, 0, 0, 0, 0, 0, 0, 0, 2, 0, 0, 0, 0, 1, 0, 0, 1, 0, 0, 0, 0, 0, 0, 2, 0, 0, 0, 0, 0, 0, 0, 0, 0, 0, 2, 2, 0, 0, 0, 0, 0, 0, 1, 0, 0, 1, 0, 0, 2, 2, 4, 1, 2, 3, 1, 4, 0, 1, 3, 5, 1, 4, 5, 6, 5, 46, 0, 0, 0, 0, 0, 0]",4,10.43710981832361,-1,1
260,"[0, 0, 1, 1, 2, 0, 1, 1, 0, 0, 0, 2, 0, 0, 0, 0, 0, 0, 0, 0, 0, 0, 0, 2, 0, 0, 0, 0, 1, 0, 0, 1, 0, 0, 0, 0, 0, 0, 2, 0, 0, 0, 0, 0, 0, 0, 0, 0, 0, 2, 2, 0, 0, 0, 0, 0, 0, 1, 0, 0, 1, 0, 0, 2, 2, 4, 1, 2, 3, 1, 4, 0, 1, 3, 5, 1, 4, 5, 6, 5, 46, 1, 0, 0, 0, 0, 0]",3,0.3995784397875914,-1,0
261,"[0, 0, 1, 1, 2, 0, 1, 1, 0, 0, 0, 2, 0, 0, 0, 0, 0, 0, 0, 0, 0, 0, 0, 2, 0, 0, 0, 0, 1, 0, 0, 1, 0, 0, 0, 0, 0, 0, 2, 0, 0, 0, 0, 0, 0, 0, 0, 0, 0, 2, 2, 0, 0, 0, 0, 0, 0, 1, 0, 0, 1, 0, 0, 2, 2, 4, 1, 2, 3, 1, 4, 0, 1, 3, 5, 1, 4, 5, 6, 5, 46, 0, 0, 0, 0, 0, 0]",-1,-0.0315641822753463,-1,0
262,"[0, 0, 1, 1, 2, 0, 1, 1, 0, 0, 0, 2, 0, 0, 0, 0, 0, 0, 0, 0, 0, 0, 0, 2, 0, 0, 0, 0, 1, 0, 0, 1, 0, 0, 0, 0, 0, 0, 2, 0, 0, 0, 0, 0, 0, 0, 0, 0, 0, 2, 2, 0, 0, 0, 0, 0, 0, 1, 0, 0, 1, 0, 0, 2, 2, 4, 1, 2, 3, 1, 4, 0, 1, 3, 5, 1, 4, 5, 6, 5, 46, 0, 1, 0, 0, 0, 0]",2,0.5995784397875913,-1,0
263,"[0, 0, 1, 1, 2, 0, 1, 1, 0, 0, 0, 2, 0, 0, 0, 0, 0, 0, 0, 0, 0, 0, 0, 2, 0, 0, 0, 0, 1, 0, 0, 1, 0, 0, 0, 0, 0, 0, 2, 0, 0, 0, 0, 0, 0, 0, 0, 0, 0, 2, 2, 0, 0, 0, 0, 0, 0, 1, 0, 0, 1, 0, 0, 2, 2, 4, 1, 2, 3, 1, 4, 0, 1, 3, 5, 1, 4, 5, 6, 5, 46, 0, 1, 0, 0, 1, 0]","[[0 0 1 0]
 [1 0 0 0]]",0.8500033048456822,-1,0
264,"[1, 0, 0, 1, 1, 0, 2, 1, 0, 0, 0, 2, 0, 0, 0, 0, 0, 0, 0, 0, 0, 0, 0, 2, 0, 0, 0, 0, 1, 0, 0, 1, 0, 0, 0, 0, 0, 0, 2, 0, 0, 0, 0, 0, 0, 0, 0, 0, 0, 2, 2, 0, 0, 0, 0, 0, 0, 1, 0, 0, 1, 0, 0, 2, 2, 4, 1, 2, 3, 1, 4, 0, 1, 3, 5, 1, 4, 5, 6, 5, 46, 0, 0, 0, 0, 0, 0]",0,-0.0004215602124086503,-1,1
265,"[1, 0, 0, 1, 1, 0, 2, 1, 0, 0, 0, 2, 0, 0, 0, 0, 0, 0, 0, 0, 0, 0, 0, 2, 0, 0, 0, 0, 1, 0, 0, 1, 0, 0, 0, 0, 0, 0, 2, 0, 0, 0, 0, 0, 0, 0, 0, 0, 0, 2, 2, 0, 0, 0, 0, 0, 0, 1, 0, 0, 1, 0, 0, 2, 2, 4, 1, 2, 3, 1, 4, 0, 1, 3, 5, 1, 4, 5, 6, 5, 46, 0, 1, 0, 0, 0, 0]",2,0.5995784397875913,-1,0
266,"[1, 0, 0, 1, 1, 0, 2, 1, 0, 0, 0, 2, 0, 0, 0, 0, 0, 0, 0, 0, 0, 0, 0, 2, 0, 0, 0, 0, 1, 0, 0, 1, 0, 0, 0, 0, 0, 0, 2, 0, 0, 0, 0, 0, 0, 0, 0, 0, 0, 2, 2, 0, 0, 0, 0, 0, 0, 1, 0, 0, 1, 0, 0, 2, 2, 4, 1, 2, 3, 1, 4, 0, 1, 3, 5, 1, 4, 5, 6, 5, 46, 0, 1, 0, 0, 1, 0]","[[1 0 0 0]
 [0 0 0 1]]",0.8500033048456822,-1,0
267,"[0, 0, 0, 2, 2, 0, 2, 0, 0, 0, 0, 2, 0, 0, 0, 0, 0, 0, 0, 0, 0, 0, 0, 2, 0, 0, 0, 0, 1, 0, 0, 1, 0, 0, 0, 0, 0, 0, 2, 0, 0, 0, 0, 0, 0, 0, 0, 0, 0, 2, 2, 0, 0, 0, 0, 0, 0, 1, 0, 0, 1, 0, 0, 2, 2, 4, 1, 2, 3, 1, 4, 0, 1, 3, 5, 1, 4, 5, 6, 5, 46, 0, 0, 0, 0, 0, 0]",0,-0.0004215602124086503,-1,1
268,"[0, 0, 0, 2, 2, 0, 2, 0, 0, 0, 0, 2, 0, 0, 0, 0, 0, 0, 0, 0, 0, 0, 0, 2, 0, 0, 0, 0, 1, 0, 0, 1, 0, 0, 0, 0, 0, 0, 2, 0, 0, 0, 0, 0, 0, 0, 0, 0, 0, 2, 2, 0, 0, 0, 0, 0, 0, 1, 0, 0, 1, 0, 0, 2, 2, 4, 1, 2, 3, 1, 4, 0, 1, 3, 5, 1, 4, 5, 6, 5, 46, 0, 1, 0, 0, 0, 0]",2,0.5995784397875913,-1,0
269,"[0, 0, 0, 2, 2, 0, 2, 0, 0, 0, 0, 2, 0, 0, 0, 0, 0, 0, 0, 0, 0, 0, 0, 2, 0, 0, 0, 0, 1, 0, 0, 1, 0, 0, 0, 0, 0, 0, 2, 0, 0, 0, 0, 0, 0, 0, 0, 0, 0, 2, 2, 0, 0, 0, 0, 0, 0, 1, 0, 0, 1, 0, 0, 2, 2, 4, 1, 2, 3, 1, 4, 0, 1, 3, 5, 1, 4, 5, 6, 5, 46, 0, 1, 0, 0, 1, 0]","[[0 0 0 1]
 [0 0 1 0]]",0.8500033048456822,-1,0
270,"[0, 0, 1, 1, 2, 0, 1, 1, 0, 0, 0, 2, 0, 0, 0, 0, 0, 0, 0, 0, 0, 0, 0, 2, 0, 0, 0, 0, 1, 0, 0, 1, 0, 0, 0, 0, 0, 0, 2, 0, 0, 0, 0, 0, 0, 0, 0, 0, 0, 2, 2, 0, 0, 0, 0, 0, 0, 1, 0, 0, 1, 0, 0, 2, 2, 4, 1, 2, 3, 1, 4, 0, 1, 3, 5, 1, 4, 5, 6, 5, 46, 0, 0, 0, 0, 0, 0]",0,-0.0004215602124086503,-1,1
271,"[0, 0, 1, 1, 2, 0, 1, 1, 0, 0, 0, 2, 0, 0, 0, 0, 0, 0, 0, 0, 0, 0, 0, 2, 0, 0, 0, 0, 1, 0, 0, 1, 0, 0, 0, 0, 0, 0, 2, 0, 0, 0, 0, 0, 0, 0, 0, 0, 0, 2, 2, 0, 0, 0, 0, 0, 0, 1, 0, 0, 1, 0, 0, 2, 2, 4, 1, 2, 3, 1, 4, 0, 1, 3, 5, 1, 4, 5, 6, 5, 46, 1, 0, 0, 0, 0, 0]",3,0.3995784397875914,-1,0
272,"[0, 0, 1, 1, 2, 0, 1, 1, 0, 0, 0, 2, 0, 0, 0, 0, 0, 0, 0, 0, 0, 0, 0, 2, 0, 0, 0, 0, 1, 0, 0, 1, 0, 0, 0, 0, 0, 0, 2, 0, 0, 0, 0, 0, 0, 0, 0, 0, 0, 2, 2, 0, 0, 0, 0, 0, 0, 1, 0, 0, 1, 0, 0, 2, 2, 4, 1, 2, 3, 1, 4, 0, 1, 3, 5, 1, 4, 5, 6, 5, 46, 0, 0, 0, 0, 0, 0]",-1,-0.0315641822753463,-1,0
273,"[0, 0, 1, 1, 2, 0, 1, 1, 0, 0, 0, 2, 0, 0, 0, 0, 0, 0, 0, 0, 0, 0, 0, 2, 0, 0, 0, 0, 1, 0, 0, 1, 0, 0, 0, 0, 0, 0, 2, 0, 0, 0, 0, 0, 0, 0, 0, 0, 0, 2, 2, 0, 0, 0, 0, 0, 0, 1, 0, 0, 1, 0, 0, 2, 2, 4, 1, 2, 3, 1, 4, 0, 1, 3, 5, 1, 4, 5, 6, 5, 47, 0, 0, 0, 0, 0, 0]",4,8.922152809173127,-1,0
274,"[0, 0, 1, 1, 3, 0, 1, 1, 0, 0, 0, 2, 0, 0, 0, 0, 0, 0, 0, 0, 0, 0, 0, 2, 0, 0, 0, 0, 1, 0, 0, 1, 0, 0, 0, 0, 0, 0, 2, 0, 0, 0, 0, 0, 0, 0, 0, 0, 0, 2, 2, 0, 0, 0, 0, 0, 0, 1, 0, 0, 1, 0, 0, 2, 2, 4, 1, 2, 3, 1, 4, 0, 1, 3, 5, 1, 4, 5, 6, 5, 48, 0, 0, 0, 0, 0, 0]",4,10.174999102572999,-1,1
275,"[0, 0, 1, 1, 3, 0, 2, 3, 0, 0, 0, 2, 0, 0, 0, 0, 0, 0, 0, 0, 0, 0, 0, 2, 0, 0, 0, 0, 1, 0, 0, 1, 0, 0, 0, 0, 0, 0, 2, 0, 0, 0, 0, 0, 0, 0, 0, 0, 0, 2, 2, 0, 0, 0, 0, 0, 0, 1, 0, 0, 1, 0, 0, 2, 2, 4, 1, 2, 3, 1, 4, 0, 1, 3, 5, 1, 4, 5, 6, 5, 49, 0, 0, 0, 0, 0, 0]",4,8.920866330361102,-1,0
276,"[0, 0, 1, 1, 3, 0, 2, 3, 0, 0, 0, 2, 0, 0, 0, 0, 0, 0, 0, 0, 0, 0, 0, 2, 0, 0, 0, 0, 1, 0, 0, 1, 0, 0, 0, 0, 0, 0, 2, 0, 0, 0, 0, 0, 0, 0, 0, 0, 0, 2, 2, 0, 0, 0, 0, 0, 0, 1, 0, 0, 1, 0, 0, 2, 2, 4, 1, 2, 3, 1, 4, 0, 1, 3, 5, 1, 4, 5, 6, 5, 49, 0, 0, 0, 0, 0, 0]",0,0.5851868384605639,-1,1
277,"[0, 0, 1, 1, 3, 0, 2, 3, 0, 0, 0, 2, 0, 0, 0, 0, 0, 0, 0, 0, 0, 0, 0, 2, 0, 0, 0, 0, 1, 0, 0, 1, 0, 0, 0, 0, 0, 0, 2, 0, 0, 0, 0, 0, 0, 0, 0, 0, 0, 2, 2, 0, 0, 0, 0, 0, 0, 1, 0, 0, 1, 0, 0, 2, 2, 4, 1, 2, 3, 1, 4, 0, 1, 3, 5, 1, 4, 5, 6, 5, 49, 0, 0, 0, 0, 0, 0]",-1,-0.030631319709220808,-1,1
278,"[0, 0, 1, 1, 3, 0, 2, 3, 0, 0, 0, 2, 0, 0, 0, 0, 0, 0, 0, 0, 0, 0, 0, 2, 0, 0, 0, 0, 1, 0, 0, 1, 0, 0, 0, 0, 0, 0, 2, 0, 0, 0, 0, 0, 0, 0, 0, 0, 0, 2, 2, 0, 0, 0, 0, 0, 0, 1, 0, 0, 1, 0, 0, 2, 2, 4, 1, 2, 3, 1, 4, 0, 1, 3, 5, 1, 4, 5, 6, 5, 49, 1, 0, 0, 0, 0, 0]",3,0.399524819886711,-1,1
279,"[0, 0, 1, 1, 3, 1, 0, 3, 0, 0, 0, 2, 0, 0, 0, 0, 0, 0, 0, 0, 0, 0, 0, 2, 0, 0, 0, 0, 1, 0, 0, 1, 0, 0, 0, 0, 0, 0, 2, 0, 0, 0, 0, 0, 0, 0, 0, 0, 0, 2, 2, 0, 0, 0, 0, 0, 0, 1, 0, 0, 1, 0, 0, 2, 2, 4, 1, 2, 3, 1, 4, 0, 1, 3, 5, 1, 4, 5, 6, 5, 49, 0, 0, 0, 0, 0, 0]","[[0 0 2 0]
 [0 1 0 0]]",0.000982501797752056,-1,1
280,"[0, 0, 1, 1, 3, 1, 0, 3, 0, 0, 0, 2, 0, 0, 0, 0, 0, 0, 0, 0, 0, 0, 0, 2, 0, 0, 0, 0, 1, 0, 0, 1, 0, 0, 0, 0, 0, 0, 2, 0, 0, 0, 0, 0, 0, 0, 0, 0, 0, 2, 2, 0, 0, 0, 0, 0, 0, 1, 0, 0, 1, 0, 0, 2, 2, 4, 1, 2, 3, 1, 4, 0, 1, 3, 5, 1, 4, 5, 6, 5, 49, 0, 1, 0, 0, 0, 0]",2,0.599524819886711,-1,1
281,"[0, 0, 1, 1, 3, 1, 0, 3, 0, 0, 0, 2, 0, 0, 0, 0, 0, 0, 0, 0, 0, 0, 0, 2, 0, 0, 0, 0, 1, 0, 0, 1, 0, 0, 0, 0, 0, 0, 2, 0, 0, 0, 0, 0, 0, 0, 0, 0, 0, 2, 2, 0, 0, 0, 0, 0, 0, 1, 0, 0, 1, 0, 0, 2, 2, 4, 1, 2, 3, 1, 4, 0, 1, 3, 5, 1, 4, 5, 6, 5, 49, 0, 1, 0, 0, 1, 0]","[[0 1 0 0]
 [0 0 1 0]]",0.8499496849448019,-1,1
282,"[0, 0, 1, 1, 3, 1, 0, 3, 0, 0, 0, 2, 0, 0, 0, 0, 0, 0, 0, 0, 0, 0, 0, 2, 0, 0, 0, 0, 1, 0, 0, 1, 0, 0, 0, 0, 0, 0, 2, 0, 0, 0, 0, 0, 0, 0, 0, 0, 0, 2, 2, 0, 0, 0, 0, 0, 0, 1, 0, 0, 1, 0, 0, 2, 2, 4, 1, 2, 3, 1, 4, 0, 1, 3, 5, 1, 4, 5, 6, 5, 49, 0, 0, 0, 0, 0, 0]",1,-0.0004751801132889973,-1,0
283,"[0, 0, 1, 1, 3, 1, 0, 3, 0, 0, 0, 2, 0, 0, 0, 0, 0, 0, 0, 0, 0, 0, 0, 2, 0, 0, 0, 0, 1, 0, 0, 1, 0, 0, 0, 0, 0, 0, 2, 0, 0, 0, 0, 0, 0, 0, 0, 0, 0, 2, 2, 0, 0, 0, 0, 0, 0, 1, 0, 0, 1, 0, 0, 2, 2, 4, 1, 2, 3, 1, 4, 0, 1, 3, 5, 1, 4, 5, 6, 5, 49, 0, 0, 0, 0, 0, 0]",0,0.5851868384605639,-1,1
284,"[0, 0, 1, 1, 2, 0, 0, 3, 0, 0, 0, 2, 0, 0, 0, 0, 0, 0, 0, 0, 0, 0, 0, 2, 0, 0, 0, 0, 1, 0, 0, 1, 0, 0, 0, 0, 0, 0, 2, 0, 0, 0, 0, 0, 0, 0, 0, 0, 0, 2, 2, 2, 0, 0, 0, 0, 0, 1, 0, 0, 1, 0, 2, 2, 3, 4, 1, 2, 3, 1, 4, 0, 1, 3, 5, 1, 4, 5, 6, 5, 49, 0, 0, 0, 0, 0, 0]",19,3.660281188652528,-1,1
285,"[0, 0, 1, 1, 2, 0, 0, 3, 0, 0, 0, 2, 0, 0, 0, 0, 0, 0, 0, 0, 0, 0, 0, 2, 0, 0, 0, 0, 1, 0, 0, 1, 0, 0, 0, 0, 0, 0, 2, 0, 0, 0, 0, 0, 0, 0, 0, 0, 0, 2, 2, 2, 0, 0, 0, 0, 0, 1, 0, 0, 1, 0, 2, 2, 3, 4, 1, 2, 3, 1, 4, 0, 1, 3, 5, 1, 4, 5, 6, 5, 49, 1, 0, 0, 0, 0, 0]",3,0.399524819886711,-1,1
286,"[0, 0, 1, 1, 0, 0, 0, 4, 0, 0, 0, 2, 0, 0, 0, 0, 0, 0, 0, 0, 0, 0, 0, 2, 0, 0, 0, 0, 1, 0, 0, 1, 0, 0, 0, 0, 0, 0, 2, 0, 0, 0, 0, 0, 0, 0, 0, 0, 0, 2, 2, 2, 0, 0, 0, 0, 0, 1, 0, 0, 1, 0, 2, 2, 3, 4, 1, 2, 3, 1, 4, 0, 1, 3, 5, 1, 4, 5, 6, 5, 49, 0, 0, 0, 0, 0, 0]","[[2 0 0 0]
 [0 0 0 1]]",0.000982501797752056,-1,1
287,"[0, 0, 1, 1, 0, 0, 0, 4, 0, 0, 0, 2, 0, 0, 0, 0, 0, 0, 0, 0, 0, 0, 0, 2, 0, 0, 0, 0, 1, 0, 0, 1, 0, 0, 0, 0, 0, 0, 2, 0, 0, 0, 0, 0, 0, 0, 0, 0, 0, 2, 2, 2, 0, 0, 0, 0, 0, 1, 0, 0, 1, 0, 2, 2, 3, 4, 1, 2, 3, 1, 4, 0, 1, 3, 5, 1, 4, 5, 6, 5, 49, 1, 0, 0, 0, 0, 0]",3,0.399524819886711,-1,1
288,"[0, 0, 1, 1, 0, 0, 1, 2, 0, 0, 0, 2, 0, 0, 0, 0, 0, 0, 0, 0, 0, 0, 0, 2, 0, 0, 0, 0, 1, 0, 0, 1, 0, 0, 0, 0, 0, 0, 2, 0, 0, 0, 0, 0, 0, 0, 0, 0, 0, 2, 2, 2, 0, 0, 0, 0, 0, 1, 0, 0, 1, 0, 2, 2, 3, 4, 1, 2, 3, 1, 4, 0, 1, 3, 5, 1, 4, 5, 6, 5, 49, 0, 0, 0, 0, 0, 0]","[[0 0 0 2]
 [0 0 1 0]]",0.000982501797752056,-1,1
289,"[0, 0, 1, 1, 0, 0, 1, 2, 0, 0, 0, 2, 0, 0, 0, 0, 0, 0, 0, 0, 0, 0, 0, 2, 0, 0, 0, 0, 1, 0, 0, 1, 0, 0, 0, 0, 0, 0, 2, 0, 0, 0, 0, 0, 0, 0, 0, 0, 0, 2, 2, 2, 0, 0, 0, 0, 0, 1, 0, 0, 1, 0, 2, 2, 3, 4, 1, 2, 3, 1, 4, 0, 1, 3, 5, 1, 4, 5, 6, 5, 49, 1, 0, 0, 0, 0, 0]",3,0.399524819886711,-1,1
290,"[0, 0, 1, 1, 0, 0, 1, 2, 0, 0, 0, 2, 0, 0, 0, 0, 0, 0, 0, 0, 0, 0, 0, 2, 0, 0, 0, 0, 1, 0, 0, 1, 0, 0, 0, 0, 0, 0, 2, 0, 0, 0, 0, 0, 0, 0, 0, 0, 0, 2, 2, 2, 0, 0, 0, 0, 0, 1, 0, 0, 1, 0, 2, 2, 3, 4, 1, 2, 3, 1, 4, 0, 1, 3, 5, 1, 4, 5, 6, 5, 49, 0, 0, 0, 0, 0, 0]",-1,-0.030631319709220808,-1,1
291,"[0, 0, 1, 1, 0, 0, 1, 2, 0, 0, 0, 2, 0, 0, 0, 0, 0, 0, 0, 0, 0, 0, 0, 2, 0, 0, 0, 0, 1, 0, 0, 1, 0, 0, 0, 0, 0, 0, 2, 0, 0, 0, 0, 0, 0, 0, 0, 0, 0, 2, 2, 2, 0, 0, 0, 0, 0, 1, 0, 0, 1, 0, 2, 2, 3, 4, 1, 2, 3, 1, 4, 0, 1, 3, 5, 1, 4, 5, 6, 5, 49, 0, 1, 0, 0, 0, 0]",2,0.599524819886711,-1,1
292,"[0, 0, 1, 1, 0, 0, 1, 2, 0, 0, 0, 2, 0, 0, 0, 0, 0, 0, 0, 0, 0, 0, 0, 2, 0, 0, 0, 0, 1, 0, 0, 1, 0, 0, 0, 0, 0, 0, 2, 0, 0, 0, 0, 0, 0, 0, 0, 0, 0, 2, 2, 2, 0, 0, 0, 0, 0, 1, 0, 0, 1, 0, 2, 2, 3, 4, 1, 2, 3, 1, 4, 0, 1, 3, 5, 1, 4, 5, 6, 5, 49, 0, 1, 0, 0, 1, 0]","[[0 0 0 1]
 [0 0 1 0]]",0.8499496849448019,-1,1
293,"[0, 0, 1, 1, 0, 0, 1, 2, 0, 0, 0, 2, 0, 0, 0, 0, 0, 0, 0, 0, 0, 0, 0, 2, 0, 0, 0, 0, 1, 0, 0, 1, 0, 0, 0, 0, 0, 0, 2, 0, 0, 0, 0, 0, 0, 0, 0, 0, 0, 2, 2, 2, 0, 0, 0, 0, 0, 1, 0, 0, 1, 0, 2, 2, 3, 4, 1, 2, 3, 1, 4, 0, 1, 3, 5, 1, 4, 5, 6, 5, 49, 0, 0, 0, 0, 0, 0]",1,-0.0004751801132889973,-1,0
294,"[0, 0, 1, 1, 0, 0, 1, 2, 0, 0, 0, 2, 0, 0, 0, 0, 0, 0, 0, 0, 0, 0, 0, 2, 0, 0, 0, 0, 1, 0, 0, 1, 0, 0, 0, 0, 0, 0, 2, 0, 0, 0, 0, 0, 0, 0, 0, 0, 0, 2, 2, 2, 0, 0, 0, 0, 0, 1, 0, 0, 1, 0, 2, 2, 3, 4, 1, 2, 3, 1, 4, 0, 1, 3, 5, 1, 4, 5, 6, 5, 49, 0, 1, 0, 0, 0, 0]",2,0.599524819886711,-1,1
295,"[0, 0, 1, 1, 0, 0, 1, 2, 0, 0, 0, 2, 0, 0, 0, 0, 0, 0, 0, 0, 0, 0, 0, 2, 0, 0, 0, 0, 1, 0, 0, 1, 0, 0, 0, 0, 0, 0, 2, 0, 0, 0, 0, 0, 0, 0, 0, 0, 0, 2, 2, 2, 0, 0, 0, 0, 0, 1, 0, 0, 1, 0, 2, 2, 3, 4, 1, 2, 3, 1, 4, 0, 1, 3, 5, 1, 4, 5, 6, 5, 49, 0, 0, 0, 0, 0, 0]",-1,-0.030631319709220808,-1,1
296,"[0, 0, 1, 1, 0, 0, 2, 4, 0, 0, 0, 2, 0, 0, 0, 0, 0, 0, 0, 0, 0, 0, 0, 2, 0, 0, 0, 0, 1, 0, 0, 1, 0, 0, 0, 0, 0, 0, 2, 0, 0, 0, 0, 0, 0, 0, 0, 0, 0, 2, 2, 2, 0, 0, 0, 0, 0, 1, 0, 0, 1, 0, 2, 2, 3, 4, 1, 2, 3, 1, 4, 0, 1, 3, 5, 1, 4, 5, 6, 5, 50, 0, 0, 0, 0, 0, 0]",4,11.311475329227006,-1,1
297,"[0, 0, 1, 1, 0, 0, 2, 4, 0, 0, 0, 2, 0, 0, 0, 0, 0, 0, 0, 0, 0, 0, 0, 2, 0, 0, 0, 0, 1, 0, 0, 1, 0, 0, 0, 0, 0, 0, 2, 0, 0, 0, 0, 0, 0, 0, 0, 0, 0, 2, 2, 2, 0, 0, 0, 0, 0, 1, 0, 0, 1, 0, 2, 2, 3, 4, 1, 2, 3, 1, 4, 0, 1, 3, 5, 1, 4, 5, 6, 5, 50, 1, 0, 0, 0, 0, 0]",3,0.3995054753686731,-1,0
298,"[0, 0, 1, 1, 0, 0, 2, 4, 0, 0, 0, 2, 0, 0, 0, 0, 0, 0, 0, 0, 0, 0, 0, 2, 0, 0, 0, 0, 1, 0, 0, 1, 0, 0, 0, 0, 0, 0, 2, 0, 0, 0, 0, 0, 0, 0, 0, 0, 0, 2, 2, 2, 0, 0, 0, 0, 0, 1, 0, 0, 1, 0, 2, 2, 3, 4, 1, 2, 3, 1, 4, 0, 1, 3, 5, 1, 4, 5, 6, 5, 50, 0, 0, 0, 0, 0, 0]",-1,-0.030326532985631673,-1,0
299,"[0, 0, 1, 1, 0, 0, 2, 4, 0, 0, 0, 2, 0, 0, 0, 0, 0, 0, 0, 0, 0, 0, 0, 2, 0, 0, 0, 0, 1, 0, 0, 1, 0, 0, 0, 0, 0, 0, 2, 0, 0, 0, 0, 0, 0, 0, 0, 0, 0, 2, 2, 2, 0, 0, 0, 0, 0, 1, 0, 0, 1, 0, 2, 2, 3, 4, 1, 2, 3, 1, 4, 0, 1, 3, 5, 1, 4, 5, 6, 5, 50, 0, 1, 0, 0, 0, 0]",2,0.599505475368673,-1,0
300,"[0, 0, 1, 1, 0, 0, 2, 4, 0, 0, 0, 2, 0, 0, 0, 0, 0, 0, 0, 0, 0, 0, 0, 2, 0, 0, 0, 0, 1, 0, 0, 1, 0, 0, 0, 0, 0, 0, 2, 0, 0, 0, 0, 0, 0, 0, 0, 0, 0, 2, 2, 2, 0, 0, 0, 0, 0, 1, 0, 0, 1, 0, 2, 2, 3, 4, 1, 2, 3, 1, 4, 0, 1, 3, 5, 1, 4, 5, 6, 5, 50, 0, 0, 0, 0, 0, 0]",-1,-0.030326532985631673,-1,0
301,"[0, 0, 1, 1, 0, 0, 2, 4, 0, 0, 0, 2, 0, 0, 0, 0, 0, 0, 0, 0, 0, 0, 0, 2, 0, 0, 0, 0, 1, 0, 0, 1, 0, 0, 0, 0, 0, 0, 2, 0, 0, 0, 0, 0, 0, 0, 0, 0, 0, 2, 2, 2, 0, 0, 0, 0, 0, 1, 0, 0, 1, 0, 2, 2, 3, 4, 1, 2, 3, 1, 4, 0, 1, 3, 5, 1, 4, 5, 6, 5, 50, 0, 0, 0, 0, 0, 0]",0,0.6256045090686141,-1,0
302,"[0, 0, 1, 1, 0, 0, 2, 4, 0, 0, 0, 2, 0, 0, 0, 0, 0, 0, 0, 0, 0, 0, 0, 2, 0, 0, 0, 0, 1, 0, 0, 1, 0, 0, 0, 0, 0, 0, 2, 0, 0, 0, 0, 0, 0, 0, 0, 0, 0, 2, 2, 2, 0, 0, 0, 0, 0, 1, 0, 0, 1, 0, 2, 2, 3, 4, 1, 2, 3, 1, 4, 0, 1, 3, 5, 1, 4, 5, 6, 5, 50, 0, 0, 0, 0, 0, 0]",-1,-0.030326532985631673,-1,0
303,"[0, 0, 1, 1, 0, 0, 2, 4, 0, 0, 0, 2, 0, 0, 0, 0, 0, 0, 0, 0, 0, 0, 0, 2, 0, 0, 0, 0, 1, 0, 0, 1, 0, 0, 0, 0, 0, 0, 2, 0, 0, 0, 0, 0, 0, 0, 0, 0, 0, 2, 2, 2, 0, 0, 0, 0, 0, 1, 0, 0, 1, 0, 2, 2, 3, 4, 1, 2, 3, 1, 4, 0, 1, 3, 5, 1, 4, 5, 6, 5, 50, 1, 0, 0, 0, 0, 0]",3,0.3995054753686731,-1,0
304,"[0, 0, 1, 1, 0, 0, 2, 4, 0, 0, 0, 2, 0, 0, 0, 0, 0, 0, 0, 0, 0, 0, 0, 2, 0, 0, 0, 0, 1, 0, 0, 1, 0, 0, 0, 0, 0, 0, 2, 0, 0, 0, 0, 0, 0, 0, 0, 0, 0, 2, 2, 2, 0, 0, 0, 0, 0, 1, 0, 0, 1, 0, 2, 2, 3, 4, 1, 2, 3, 1, 4, 0, 1, 3, 5, 1, 4, 5, 6, 5, 50, 0, 0, 0, 0, 0, 0]",-1,-0.030326532985631673,-1,0
305,"[0, 0, 1, 1, 0, 0, 2, 4, 0, 0, 0, 2, 0, 0, 0, 0, 0, 0, 0, 0, 0, 0, 0, 2, 0, 0, 0, 0, 1, 0, 0, 1, 0, 0, 0, 0, 0, 0, 2, 0, 0, 0, 0, 0, 0, 0, 0, 0, 0, 2, 2, 2, 0, 0, 0, 0, 0, 1, 0, 0, 1, 0, 2, 2, 3, 4, 1, 2, 3, 1, 4, 0, 1, 3, 5, 1, 4, 5, 6, 5, 50, 1, 0, 0, 0, 0, 0]",3,0.3995054753686731,-1,0
306,"[0, 0, 1, 1, 0, 0, 2, 4, 0, 0, 0, 2, 0, 0, 0, 0, 0, 0, 0, 0, 0, 0, 0, 2, 0, 0, 0, 0, 1, 0, 0, 1, 0, 0, 0, 0, 0, 0, 2, 0, 0, 0, 0, 0, 0, 0, 0, 0, 0, 2, 2, 2, 0, 0, 0, 0, 0, 1, 0, 0, 1, 0, 2, 2, 3, 4, 1, 2, 3, 1, 4, 0, 1, 3, 5, 1, 4, 5, 6, 5, 50, 0, 0, 0, 0, 0, 0]",-1,-0.030326532985631673,-1,0
307,"[0, 0, 1, 1, 0, 0, 2, 4, 0, 0, 0, 2, 0, 0, 0, 0, 0, 0, 0, 0, 0, 0, 0, 2, 0, 0, 0, 0, 1, 0, 0, 1, 0, 0, 0, 0, 0, 0, 2, 0, 0, 0, 0, 0, 0, 0, 0, 0, 0, 2, 2, 2, 0, 0, 0, 0, 0, 1, 0, 0, 1, 0, 2, 2, 3, 4, 1, 2, 3, 1, 4, 0, 1, 3, 5, 1, 4, 5, 6, 5, 50, 0, 1, 0, 0, 0, 0]",2,0.599505475368673,-1,0
308,"[0, 0, 1, 1, 0, 0, 2, 4, 0, 0, 0, 2, 0, 0, 0, 0, 0, 0, 0, 0, 0, 0, 0, 2, 0, 0, 0, 0, 1, 0, 0, 1, 0, 0, 0, 0, 0, 0, 2, 0, 0, 0, 0, 0, 0, 0, 0, 0, 0, 2, 2, 2, 0, 0, 0, 0, 0, 1, 0, 0, 1, 0, 2, 2, 3, 4, 1, 2, 3, 1, 4, 0, 1, 3, 5, 1, 4, 5, 6, 5, 50, 0, 0, 0, 0, 0, 0]",-1,-0.030326532985631673,-1,0
309,"[0, 0, 1, 1, 0, 0, 2, 4, 0, 0, 0, 2, 0, 0, 0, 0, 0, 0, 0, 0, 0, 0, 0, 2, 0, 0, 0, 0, 1, 0, 0, 1, 0, 0, 0, 0, 0, 0, 2, 0, 0, 0, 0, 0, 0, 0, 0, 0, 0, 2, 2, 2, 0, 0, 0, 0, 0, 1, 0, 0, 1, 0, 2, 2, 3, 4, 1, 2, 3, 1, 4, 0, 1, 3, 5, 1, 4, 5, 6, 5, 51, 0, 0, 0, 0, 0, 0]",4,8.919601582634277,-1,0
310,"[0, 0, 1, 1, 0, 0, 2, 4, 0, 0, 0, 2, 0, 0, 0, 0, 0, 0, 0, 0, 0, 0, 0, 2, 0, 0, 0, 0, 1, 0, 0, 1, 0, 0, 0, 0, 0, 0, 2, 0, 0, 0, 0, 0, 0, 0, 0, 0, 0, 2, 2, 2, 0, 0, 0, 0, 0, 1, 0, 0, 1, 0, 2, 2, 3, 4, 1, 2, 3, 1, 4, 0, 1, 3, 5, 1, 4, 5, 6, 5, 51, 0, 1, 0, 0, 0, 0]",2,0.5994853453692379,-1,1
311,"[0, 0, 1, 1, 0, 0, 2, 4, 0, 0, 0, 2, 0, 0, 0, 0, 0, 0, 0, 0, 0, 0, 0, 2, 0, 0, 0, 0, 1, 0, 0, 1, 0, 0, 0, 0, 0, 0, 2, 0, 0, 0, 0, 0, 0, 0, 0, 0, 0, 2, 2, 2, 0, 0, 0, 0, 0, 1, 0, 0, 1, 0, 2, 2, 3, 4, 1, 2, 3, 1, 4, 0, 1, 3, 5, 1, 4, 5, 6, 5, 51, 0, 0, 0, 0, 0, 0]",-1,-0.030024778940613298,-1,1
312,"[0, 0, 1, 1, 0, 0, 2, 4, 0, 0, 0, 2, 0, 0, 0, 0, 0, 0, 0, 0, 0, 0, 0, 2, 0, 0, 0, 0, 1, 0, 0, 1, 0, 0, 0, 0, 0, 0, 2, 0, 0, 0, 0, 0, 0, 0, 0, 0, 0, 2, 2, 2, 0, 0, 0, 0, 0, 1, 0, 0, 1, 0, 2, 2, 3, 4, 1, 2, 3, 1, 4, 0, 1, 3, 5, 1, 4, 5, 6, 5, 51, 0, 1, 0, 0, 0, 0]",2,0.5994853453692379,-1,1
313,"[0, 0, 1, 1, 0, 0, 2, 4, 0, 0, 0, 2, 0, 0, 0, 0, 0, 0, 0, 0, 0, 0, 0, 2, 0, 0, 0, 0, 1, 0, 0, 1, 0, 0, 0, 0, 0, 0, 2, 0, 0, 0, 0, 0, 0, 0, 0, 0, 0, 2, 2, 2, 0, 0, 0, 0, 0, 1, 0, 0, 1, 0, 2, 2, 3, 4, 1, 2, 3, 1, 4, 0, 1, 3, 5, 1, 4, 5, 6, 5, 51, 0, 0, 0, 0, 0, 0]",-1,-0.030024778940613298,-1,1
314,"[0, 0, 1, 1, 0, 0, 1, 2, 0, 0, 0, 2, 0, 0, 0, 0, 0, 0, 0, 0, 0, 0, 0, 2, 0, 0, 0, 0, 1, 0, 0, 1, 0, 0, 0, 0, 0, 0, 2, 0, 0, 0, 0, 0, 0, 0, 0, 0, 0, 2, 2, 2, 0, 0, 0, 0, 0, 1, 0, 0, 1, 0, 2, 2, 3, 4, 1, 2, 3, 1, 4, 0, 1, 3, 5, 1, 4, 5, 6, 1, 52, 0, 0, 0, 0, 0, 0]",4,11.515182597863967,-1,1
315,"[0, 0, 1, 1, 0, 0, 1, 2, 0, 0, 0, 2, 0, 0, 0, 0, 0, 0, 0, 0, 0, 0, 0, 2, 0, 0, 0, 0, 1, 0, 0, 1, 0, 0, 0, 0, 0, 0, 2, 0, 0, 0, 0, 0, 0, 0, 0, 0, 0, 2, 2, 2, 0, 0, 0, 0, 0, 1, 0, 0, 1, 0, 2, 2, 3, 4, 1, 2, 3, 1, 4, 0, 1, 3, 5, 1, 4, 5, 6, 1, 52, 0, 0, 0, 0, 0, 0]",0,0.6255634318626984,-1,0
316,"[0, 0, 1, 1, 0, 0, 1, 2, 0, 0, 0, 2, 0, 0, 0, 0, 0, 0, 0, 0, 0, 0, 0, 2, 0, 0, 0, 0, 1, 0, 0, 1, 0, 0, 0, 0, 0, 0, 2, 0, 0, 0, 0, 0, 0, 0, 0, 0, 0, 2, 2, 2, 0, 0, 0, 0, 0, 1, 0, 0, 1, 0, 2, 2, 3, 4, 1, 2, 3, 1, 4, 0, 1, 3, 5, 1, 4, 5, 6, 1, 52, 0, 0, 0, 0, 0, 0]",-1,-0.02972602739850972,-1,0
317,"[0, 0, 1, 1, 0, 0, 1, 2, 0, 0, 0, 2, 0, 0, 0, 0, 0, 0, 0, 0, 0, 0, 0, 2, 0, 0, 0, 0, 1, 0, 0, 1, 0, 0, 0, 0, 0, 0, 2, 0, 0, 0, 0, 0, 0, 0, 0, 0, 0, 2, 2, 2, 0, 0, 0, 0, 0, 1, 0, 0, 1, 0, 2, 2, 3, 4, 1, 2, 3, 1, 4, 0, 1, 3, 5, 1, 4, 5, 6, 1, 52, 0, 0, 0, 0, 0, 0]",0,0.6255634318626984,-1,0
318,"[0, 0, 1, 1, 0, 0, 1, 2, 0, 0, 0, 2, 0, 0, 0, 0, 0, 0, 0, 0, 0, 0, 0, 2, 0, 0, 0, 0, 1, 0, 0, 1, 0, 0, 0, 0, 0, 0, 2, 0, 0, 0, 0, 0, 0, 0, 0, 0, 0, 2, 2, 2, 0, 0, 0, 0, 0, 1, 0, 0, 1, 0, 2, 2, 3, 4, 1, 2, 3, 1, 4, 0, 1, 3, 5, 1, 4, 5, 6, 1, 52, 0, 0, 0, 0, 0, 0]",-1,-0.02972602739850972,-1,0
319,"[0, 0, 1, 1, 0, 0, 1, 2, 0, 0, 0, 2, 0, 0, 0, 0, 0, 0, 0, 0, 0, 0, 0, 2, 0, 0, 0, 0, 1, 0, 0, 1, 0, 0, 0, 0, 0, 0, 2, 0, 0, 0, 0, 0, 0, 0, 0, 0, 0, 2, 2, 2, 0, 0, 0, 0, 0, 1, 0, 0, 1, 0, 2, 2, 3, 4, 1, 2, 3, 1, 4, 0, 1, 3, 5, 1, 4, 5, 6, 1, 53, 0, 0, 0, 0, 0, 0]",4,8.918357826846988,-1,0
320,"[0, 0, 1, 1, 0, 0, 1, 2, 0, 0, 0, 2, 0, 0, 0, 0, 0, 0, 0, 0, 0, 0, 0, 2, 0, 0, 0, 0, 1, 0, 0, 1, 0, 0, 0, 0, 0, 0, 2, 0, 0, 0, 0, 0, 0, 0, 0, 0, 0, 2, 2, 2, 0, 0, 0, 0, 0, 1, 0, 0, 1, 0, 2, 2, 3, 4, 1, 2, 3, 1, 4, 0, 1, 3, 5, 1, 4, 5, 6, 1, 53, 1, 0, 0, 0, 0, 0]",3,0.3994426007561916,-1,1
321,"[0, 0, 1, 1, 0, 0, 2, 0, 0, 0, 0, 2, 0, 0, 0, 0, 0, 0, 0, 0, 0, 0, 0, 2, 0, 0, 0, 0, 1, 0, 0, 1, 0, 0, 0, 0, 0, 0, 2, 0, 0, 0, 0, 0, 0, 0, 0, 0, 0, 2, 2, 2, 0, 0, 0, 0, 0, 1, 0, 0, 1, 0, 2, 2, 3, 4, 1, 2, 3, 1, 4, 0, 1, 3, 5, 1, 4, 5, 6, 1, 53, 0, 0, 0, 0, 0, 0]","[[0 0 0 2]
 [0 0 1 0]]",0.000900282667232597,-1,1
322,"[0, 0, 1, 1, 0, 0, 2, 0, 0, 0, 0, 2, 0, 0, 0, 0, 0, 0, 0, 0, 0, 0, 0, 2, 0, 0, 0, 0, 1, 0, 0, 1, 0, 0, 0, 0, 0, 0, 2, 0, 0, 0, 0, 0, 0, 0, 0, 0, 0, 2, 2, 2, 0, 0, 0, 0, 0, 1, 0, 0, 1, 0, 2, 2, 3, 4, 1, 2, 3, 1, 4, 0, 1, 3, 5, 1, 4, 5, 6, 1, 53, 1, 0, 0, 0, 0, 0]",3,0.3994426007561916,-1,1
323,"[0, 0, 1, 1, 0, 1, 0, 0, 0, 0, 0, 2, 0, 0, 0, 0, 0, 0, 0, 0, 0, 0, 0, 2, 0, 0, 0, 0, 1, 0, 0, 1, 0, 0, 0, 0, 0, 0, 2, 0, 0, 0, 0, 0, 0, 0, 0, 0, 0, 2, 2, 2, 0, 0, 0, 0, 0, 1, 0, 0, 1, 0, 2, 2, 3, 4, 1, 2, 3, 1, 4, 0, 1, 3, 5, 1, 4, 5, 6, 1, 53, 0, 0, 0, 0, 0, 0]","[[0 0 2 0]
 [0 1 0 0]]",0.000900282667232597,-1,1
324,"[0, 0, 1, 1, 0, 1, 0, 0, 0, 0, 0, 2, 0, 0, 0, 0, 0, 0, 0, 0, 0, 0, 0, 2, 0, 0, 0, 0, 1, 0, 0, 1, 0, 0, 0, 0, 0, 0, 2, 0, 0, 0, 0, 0, 0, 0, 0, 0, 0, 2, 2, 2, 0, 0, 0, 0, 0, 1, 0, 0, 1, 0, 2, 2, 3, 4, 1, 2, 3, 1, 4, 0, 1, 3, 5, 1, 4, 5, 6, 1, 53, 1, 0, 0, 0, 0, 0]",3,0.3994426007561916,-1,1
325,"[0, 0, 1, 1, 0, 1, 0, 0, 0, 0, 0, 2, 0, 0, 0, 0, 0, 0, 0, 0, 0, 0, 0, 2, 0, 0, 0, 0, 1, 0, 0, 1, 0, 0, 0, 0, 0, 0, 2, 0, 0, 0, 0, 0, 0, 0, 0, 0, 0, 2, 2, 2, 0, 0, 0, 0, 0, 1, 0, 0, 1, 0, 2, 2, 3, 4, 1, 2, 3, 1, 4, 0, 1, 3, 5, 1, 4, 5, 6, 1, 53, 0, 0, 0, 0, 0, 0]",-1,-0.02943024848391776,-1,1
326,"[0, 0, 1, 1, 0, 1, 1, 2, 0, 0, 0, 2, 0, 0, 0, 0, 0, 0, 0, 0, 0, 0, 0, 2, 0, 0, 0, 0, 1, 0, 0, 1, 0, 0, 0, 0, 0, 0, 2, 0, 0, 0, 0, 0, 0, 0, 0, 0, 0, 2, 2, 2, 0, 0, 0, 0, 0, 1, 0, 0, 1, 0, 2, 2, 3, 4, 1, 2, 3, 1, 4, 0, 1, 3, 5, 1, 4, 5, 6, 1, 54, 0, 0, 0, 0, 0, 0]",4,11.832048979181321,-1,1
327,"[0, 0, 1, 1, 0, 1, 1, 2, 0, 0, 0, 2, 0, 0, 0, 0, 0, 0, 0, 0, 0, 0, 0, 2, 0, 0, 0, 0, 1, 0, 0, 1, 0, 0, 0, 0, 0, 0, 2, 0, 0, 0, 0, 0, 0, 0, 0, 0, 0, 2, 2, 2, 0, 0, 0, 0, 0, 1, 0, 0, 1, 0, 2, 2, 3, 4, 1, 2, 3, 1, 4, 0, 1, 3, 5, 1, 4, 5, 6, 1, 54, 0, 1, 0, 0, 0, 0]",2,0.5994199188396432,-1,0
328,"[0, 0, 1, 1, 0, 1, 1, 2, 0, 0, 0, 2, 0, 0, 0, 0, 0, 0, 0, 0, 0, 0, 0, 2, 0, 0, 0, 0, 1, 0, 0, 1, 0, 0, 0, 0, 0, 0, 2, 0, 0, 0, 0, 0, 0, 0, 0, 0, 0, 2, 2, 2, 0, 0, 0, 0, 0, 1, 0, 0, 1, 0, 2, 2, 3, 4, 1, 2, 3, 1, 4, 0, 1, 3, 5, 1, 4, 5, 6, 1, 54, 0, 1, 0, 0, 1, 0]","[[0 0 0 1]
 [0 1 0 0]]",0.8498447838977341,-1,0
329,"[0, 0, 1, 1, 0, 1, 1, 2, 0, 0, 0, 2, 0, 0, 0, 0, 0, 0, 0, 0, 0, 0, 0, 2, 0, 0, 0, 0, 1, 0, 0, 1, 0, 0, 0, 0, 0, 0, 2, 0, 0, 0, 0, 0, 0, 0, 0, 0, 0, 2, 2, 2, 0, 0, 0, 0, 0, 1, 0, 0, 1, 0, 2, 2, 3, 4, 1, 2, 3, 1, 4, 0, 1, 3, 5, 1, 4, 5, 6, 1, 54, 0, 0, 0, 0, 0, 0]",1,-0.0005800811603568401,-1,1
330,"[0, 0, 1, 1, 0, 1, 1, 2, 0, 0, 0, 2, 0, 0, 0, 0, 0, 0, 0, 0, 0, 0, 0, 2, 0, 0, 0, 0, 1, 0, 0, 1, 0, 0, 0, 0, 0, 0, 2, 0, 0, 0, 0, 0, 0, 0, 0, 0, 0, 2, 2, 2, 0, 0, 0, 0, 0, 1, 0, 0, 1, 0, 2, 2, 3, 4, 1, 2, 3, 1, 4, 0, 1, 3, 5, 1, 4, 5, 6, 1, 54, 1, 0, 0, 0, 0, 0]",3,0.3994199188396432,-1,0
331,"[0, 0, 1, 1, 0, 1, 1, 2, 0, 0, 0, 2, 0, 0, 0, 0, 0, 0, 0, 0, 0, 0, 0, 2, 0, 0, 0, 0, 1, 0, 0, 1, 0, 0, 0, 0, 0, 0, 2, 0, 0, 0, 0, 0, 0, 0, 0, 0, 0, 2, 2, 2, 0, 0, 0, 0, 0, 1, 0, 0, 1, 0, 2, 2, 3, 4, 1, 2, 3, 1, 4, 0, 1, 3, 5, 1, 4, 5, 6, 1, 54, 0, 0, 0, 0, 0, 0]",-1,-0.029137412618699482,-1,0
332,"[0, 0, 1, 1, 0, 1, 2, 4, 0, 0, 0, 2, 0, 0, 0, 0, 0, 0, 0, 0, 0, 0, 0, 2, 0, 0, 0, 0, 1, 0, 0, 1, 0, 0, 0, 0, 0, 0, 2, 0, 0, 0, 0, 0, 0, 0, 0, 0, 0, 2, 2, 2, 0, 0, 0, 0, 0, 1, 0, 0, 1, 0, 2, 2, 3, 4, 1, 2, 3, 1, 4, 0, 1, 3, 5, 1, 4, 5, 6, 1, 55, 0, 0, 0, 0, 0, 0]",4,8.917134313266235,-1,0
333,"[0, 0, 1, 1, 0, 1, 2, 4, 0, 0, 0, 2, 0, 0, 0, 0, 0, 0, 0, 0, 0, 0, 0, 2, 0, 0, 0, 0, 1, 0, 0, 1, 0, 0, 0, 0, 0, 0, 2, 0, 0, 0, 0, 0, 0, 0, 0, 0, 0, 2, 2, 2, 0, 0, 0, 0, 0, 1, 0, 0, 1, 0, 2, 2, 3, 4, 1, 2, 3, 1, 4, 0, 1, 3, 5, 1, 4, 5, 6, 1, 55, 1, 0, 0, 0, 0, 0]",3,0.3993963167350583,-1,1
334,"[0, 0, 1, 1, 0, 2, 0, 4, 0, 0, 0, 2, 0, 0, 0, 0, 0, 0, 0, 0, 0, 0, 0, 2, 0, 0, 0, 0, 1, 0, 0, 1, 0, 0, 0, 0, 0, 0, 2, 0, 0, 0, 0, 0, 0, 0, 0, 0, 0, 2, 2, 2, 0, 0, 0, 0, 0, 1, 0, 0, 1, 0, 2, 2, 3, 4, 1, 2, 3, 1, 4, 0, 1, 3, 5, 1, 4, 5, 6, 1, 55, 0, 0, 0, 0, 0, 0]","[[0 0 2 0]
 [0 1 0 0]]",0.0008539986460993685,-1,1
335,"[0, 0, 1, 1, 0, 2, 0, 4, 0, 0, 0, 2, 0, 0, 0, 0, 0, 0, 0, 0, 0, 0, 0, 2, 0, 0, 0, 0, 1, 0, 0, 1, 0, 0, 0, 0, 0, 0, 2, 0, 0, 0, 0, 0, 0, 0, 0, 0, 0, 2, 2, 2, 0, 0, 0, 0, 0, 1, 0, 0, 1, 0, 2, 2, 3, 4, 1, 2, 3, 1, 4, 0, 1, 3, 5, 1, 4, 5, 6, 1, 55, 0, 1, 0, 0, 0, 0]",2,0.5993963167350583,-1,1
336,"[0, 0, 1, 1, 0, 2, 0, 4, 0, 0, 0, 2, 0, 0, 0, 0, 0, 0, 0, 0, 0, 0, 0, 2, 0, 0, 0, 0, 1, 0, 0, 1, 0, 0, 0, 0, 0, 0, 2, 0, 0, 0, 0, 0, 0, 0, 0, 0, 0, 2, 2, 2, 0, 0, 0, 0, 0, 1, 0, 0, 1, 0, 2, 2, 3, 4, 1, 2, 3, 1, 4, 0, 1, 3, 5, 1, 4, 5, 6, 1, 55, 0, 1, 0, 0, 1, 0]","[[0 0 0 1]
 [0 0 1 0]]",0.8498211817931492,-1,1
337,"[0, 0, 1, 1, 0, 2, 0, 4, 0, 0, 0, 2, 0, 0, 0, 0, 0, 0, 0, 0, 0, 0, 0, 2, 0, 0, 0, 0, 1, 0, 0, 1, 0, 0, 0, 0, 0, 0, 2, 0, 0, 0, 0, 0, 0, 0, 0, 0, 0, 2, 2, 2, 0, 0, 0, 0, 0, 1, 0, 0, 1, 0, 2, 2, 3, 4, 1, 2, 3, 1, 4, 0, 1, 3, 5, 1, 4, 5, 6, 1, 55, 0, 0, 0, 0, 0, 0]",1,-0.0006036832649416848,-1,0
338,"[0, 0, 1, 1, 0, 2, 0, 4, 0, 0, 0, 2, 0, 0, 0, 0, 0, 0, 0, 0, 0, 0, 0, 2, 0, 0, 0, 0, 1, 0, 0, 1, 0, 0, 0, 0, 0, 0, 2, 0, 0, 0, 0, 0, 0, 0, 0, 0, 0, 2, 2, 2, 0, 0, 0, 0, 0, 1, 0, 0, 1, 0, 2, 2, 3, 4, 1, 2, 3, 1, 4, 0, 1, 3, 5, 1, 4, 5, 6, 1, 55, 0, 1, 0, 0, 0, 0]",2,0.5993963167350583,-1,1
339,"[0, 0, 1, 1, 0, 2, 0, 4, 0, 0, 0, 2, 0, 0, 0, 0, 0, 0, 0, 0, 0, 0, 0, 2, 0, 0, 0, 0, 1, 0, 0, 1, 0, 0, 0, 0, 0, 0, 2, 0, 0, 0, 0, 0, 0, 0, 0, 0, 0, 2, 2, 2, 0, 0, 0, 0, 0, 1, 0, 0, 1, 0, 2, 2, 3, 4, 1, 2, 3, 1, 4, 0, 1, 3, 5, 1, 4, 5, 6, 1, 55, 0, 1, 0, 0, 1, 0]","[[0 0 0 1]
 [0 0 1 0]]",0.8498211817931492,-1,1
340,"[0, 0, 1, 1, 0, 2, 0, 4, 0, 0, 0, 2, 0, 0, 0, 0, 0, 0, 0, 0, 0, 0, 0, 2, 0, 0, 0, 0, 1, 0, 0, 1, 0, 0, 0, 0, 0, 0, 2, 0, 0, 0, 0, 0, 0, 0, 0, 0, 0, 2, 2, 2, 0, 0, 0, 0, 0, 1, 0, 0, 1, 0, 2, 2, 3, 4, 1, 2, 3, 1, 4, 0, 1, 3, 5, 1, 4, 5, 6, 1, 55, 0, 0, 0, 0, 0, 0]",1,-0.0006036832649416848,-1,0
341,"[0, 0, 1, 1, 0, 2, 0, 4, 0, 0, 0, 2, 0, 0, 0, 0, 0, 0, 0, 0, 0, 0, 0, 2, 0, 0, 0, 0, 1, 0, 0, 1, 0, 0, 0, 0, 0, 0, 2, 0, 0, 0, 0, 0, 0, 0, 0, 0, 0, 2, 2, 2, 0, 0, 0, 0, 0, 1, 0, 0, 1, 0, 2, 2, 3, 4, 1, 2, 3, 1, 4, 0, 1, 3, 5, 1, 4, 5, 6, 1, 55, 0, 1, 0, 0, 0, 0]",2,0.5993963167350583,-1,1
342,"[0, 0, 1, 1, 0, 2, 0, 4, 0, 0, 0, 2, 0, 0, 0, 0, 0, 0, 0, 0, 0, 0, 0, 2, 0, 0, 0, 0, 1, 0, 0, 1, 0, 0, 0, 0, 0, 0, 2, 0, 0, 0, 0, 0, 0, 0, 0, 0, 0, 2, 2, 2, 0, 0, 0, 0, 0, 1, 0, 0, 1, 0, 2, 2, 3, 4, 1, 2, 3, 1, 4, 0, 1, 3, 5, 1, 4, 5, 6, 1, 55, 0, 1, 0, 0, 1, 0]","[[0 1 0 0]
 [0 0 1 0]]",0.8498211817931492,-1,1
343,"[0, 1, 0, 1, 0, 1, 1, 4, 0, 0, 0, 2, 0, 0, 0, 0, 0, 0, 0, 0, 0, 0, 0, 2, 0, 0, 0, 0, 1, 0, 0, 1, 0, 0, 0, 0, 0, 0, 2, 0, 0, 0, 0, 0, 0, 0, 0, 0, 0, 2, 2, 2, 0, 0, 0, 0, 0, 1, 0, 0, 1, 0, 2, 2, 3, 4, 1, 2, 3, 1, 4, 0, 1, 3, 5, 1, 4, 5, 6, 1, 55, 0, 0, 0, 0, 0, 0]",0,-0.0006036832649416848,-1,0
344,"[0, 1, 0, 1, 0, 1, 1, 4, 0, 0, 0, 2, 0, 0, 0, 0, 0, 0, 0, 0, 0, 0, 0, 2, 0, 0, 0, 0, 1, 0, 0, 1, 0, 0, 0, 0, 0, 0, 2, 0, 0, 0, 0, 0, 0, 0, 0, 0, 0, 2, 2, 2, 0, 0, 0, 0, 0, 1, 0, 0, 1, 0, 2, 2, 3, 4, 1, 2, 3, 1, 4, 0, 1, 3, 5, 1, 4, 5, 6, 1, 55, 1, 0, 0, 0, 0, 0]",3,0.3993963167350583,-1,1
345,"[0, 1, 0, 1, 1, 1, 1, 2, 0, 0, 0, 2, 0, 0, 0, 0, 0, 0, 0, 0, 0, 0, 0, 2, 0, 0, 0, 0, 1, 0, 0, 1, 0, 0, 0, 0, 0, 0, 2, 0, 0, 0, 0, 0, 0, 0, 0, 0, 0, 2, 2, 2, 0, 0, 0, 0, 0, 1, 0, 0, 1, 0, 2, 2, 3, 4, 1, 2, 3, 1, 4, 0, 1, 3, 5, 1, 4, 5, 6, 1, 55, 0, 0, 0, 0, 0, 0]","[[0 0 0 2]
 [1 0 0 0]]",0.0008539986460993685,-1,1
346,"[0, 1, 0, 1, 1, 1, 1, 2, 0, 0, 0, 2, 0, 0, 0, 0, 0, 0, 0, 0, 0, 0, 0, 2, 0, 0, 0, 0, 1, 0, 0, 1, 0, 0, 0, 0, 0, 0, 2, 0, 0, 0, 0, 0, 0, 0, 0, 0, 0, 2, 2, 2, 0, 0, 0, 0, 0, 1, 0, 0, 1, 0, 2, 2, 3, 4, 1, 2, 3, 1, 4, 0, 1, 3, 5, 1, 4, 5, 6, 1, 55, 0, 0, 0, 0, 0, 0]",0,0.5416139852040966,-1,1
347,"[0, 1, 0, 1, 0, 0, 1, 2, 0, 0, 0, 2, 0, 0, 0, 0, 0, 0, 0, 0, 0, 0, 0, 2, 0, 0, 0, 0, 1, 0, 0, 1, 0, 0, 2, 0, 0, 0, 2, 0, 0, 0, 0, 0, 0, 0, 0, 0, 0, 2, 2, 2, 0, 0, 0, 0, 0, 1, 0, 0, 1, 0, 2, 2, 3, 4, 1, 2, 3, 1, 4, 0, 1, 3, 5, 1, 4, 5, 6, 1, 55, 0, 0, 0, 0, 0, 0]",2,0.6601526855008755,-1,1
348,"[0, 1, 0, 1, 0, 0, 1, 2, 0, 0, 0, 2, 0, 0, 0, 0, 0, 0, 0, 0, 0, 0, 0, 2, 0, 0, 0, 0, 1, 0, 0, 1, 0, 0, 2, 0, 0, 0, 2, 0, 0, 0, 0, 0, 0, 0, 0, 0, 0, 2, 2, 2, 0, 0, 0, 0, 0, 1, 0, 0, 1, 0, 2, 2, 3, 4, 1, 2, 3, 1, 4, 0, 1, 3, 5, 1, 4, 5, 6, 1, 55, 0, 1, 0, 0, 0, 0]",2,0.5993963167350583,-1,1
349,"[0, 1, 0, 1, 0, 0, 1, 2, 0, 0, 0, 2, 0, 0, 0, 0, 0, 0, 0, 0, 0, 0, 0, 2, 0, 0, 0, 0, 1, 0, 0, 1, 0, 0, 2, 0, 0, 0, 2, 0, 0, 0, 0, 0, 0, 0, 0, 0, 0, 2, 2, 2, 0, 0, 0, 0, 0, 1, 0, 0, 1, 0, 2, 2, 3, 4, 1, 2, 3, 1, 4, 0, 1, 3, 5, 1, 4, 5, 6, 1, 55, 0, 1, 0, 0, 1, 0]","[[0 0 0 1]
 [0 1 0 0]]",0.8498211817931492,-1,1
350,"[0, 0, 0, 2, 0, 1, 1, 1, 0, 0, 0, 2, 0, 0, 0, 0, 0, 0, 0, 0, 0, 0, 0, 2, 0, 0, 0, 0, 1, 0, 0, 1, 0, 0, 2, 0, 0, 0, 2, 0, 0, 0, 0, 0, 0, 0, 0, 0, 0, 2, 2, 2, 0, 0, 0, 0, 0, 1, 0, 0, 1, 0, 2, 2, 3, 4, 1, 2, 3, 1, 4, 0, 1, 3, 5, 1, 4, 5, 6, 1, 55, 0, 0, 0, 0, 0, 0]",0,-0.0006036832649416848,-1,0
351,"[0, 0, 0, 2, 0, 1, 1, 1, 0, 0, 0, 2, 0, 0, 0, 0, 0, 0, 0, 0, 0, 0, 0, 2, 0, 0, 0, 0, 1, 0, 0, 1, 0, 0, 2, 0, 0, 0, 2, 0, 0, 0, 0, 0, 0, 0, 0, 0, 0, 2, 2, 2, 0, 0, 0, 0, 0, 1, 0, 0, 1, 0, 2, 2, 3, 4, 1, 2, 3, 1, 4, 0, 1, 3, 5, 1, 4, 5, 6, 1, 55, 1, 0, 0, 0, 0, 0]",3,0.3993963167350583,-1,1
352,"[0, 0, 0, 2, 0, 1, 1, 1, 0, 0, 0, 2, 0, 0, 0, 0, 0, 0, 0, 0, 0, 0, 0, 2, 0, 0, 0, 0, 1, 0, 0, 1, 0, 0, 2, 0, 0, 0, 2, 0, 0, 0, 0, 0, 0, 0, 0, 0, 0, 2, 2, 2, 0, 0, 0, 0, 0, 1, 0, 0, 1, 0, 2, 2, 3, 4, 1, 2, 3, 1, 4, 0, 1, 3, 5, 1, 4, 5, 6, 1, 55, 0, 0, 0, 0, 0, 0]",-1,-0.028847490519024334,-1,1
353,"[0, 0, 0, 2, 0, 1, 1, 1, 0, 0, 0, 2, 0, 0, 0, 0, 0, 0, 0, 0, 0, 0, 0, 2, 0, 0, 0, 0, 1, 0, 0, 1, 0, 0, 2, 0, 0, 0, 2, 0, 0, 0, 0, 0, 0, 0, 0, 0, 0, 2, 2, 2, 0, 0, 0, 0, 0, 1, 0, 0, 1, 0, 2, 2, 3, 4, 1, 2, 3, 1, 4, 0, 1, 3, 5, 1, 4, 5, 6, 1, 55, 0, 0, 0, 0, 0, 0]",0,0.4943710635656416,-1,1
354,"[0, 0, 0, 2, 0, 1, 1, 1, 0, 0, 0, 2, 0, 0, 0, 0, 0, 0, 0, 0, 0, 0, 0, 2, 0, 0, 0, 0, 1, 0, 0, 1, 0, 0, 2, 0, 0, 0, 2, 0, 0, 0, 0, 0, 0, 0, 0, 0, 0, 2, 2, 2, 0, 0, 0, 0, 0, 1, 0, 0, 1, 0, 2, 2, 3, 4, 1, 2, 3, 1, 4, 0, 1, 3, 5, 1, 4, 5, 6, 1, 55, 0, 0, 0, 0, 0, 0]",-1,-0.028847490519024334,-1,1
355,"[0, 0, 0, 2, 0, 1, 1, 1, 0, 0, 0, 2, 0, 0, 0, 0, 0, 0, 0, 0, 0, 0, 0, 2, 0, 0, 0, 0, 1, 0, 0, 1, 0, 0, 2, 0, 0, 0, 2, 0, 0, 0, 0, 0, 0, 0, 0, 0, 0, 2, 2, 2, 0, 0, 0, 0, 0, 1, 0, 0, 1, 0, 2, 2, 3, 4, 1, 2, 3, 1, 4, 0, 1, 3, 5, 1, 4, 5, 6, 1, 55, 0, 1, 0, 0, 0, 0]",2,0.5993963167350583,-1,1
356,"[0, 0, 0, 2, 0, 1, 1, 1, 0, 0, 0, 2, 0, 0, 0, 0, 0, 0, 0, 0, 0, 0, 0, 2, 0, 0, 0, 0, 1, 0, 0, 1, 0, 0, 2, 0, 0, 0, 2, 0, 0, 0, 0, 0, 0, 0, 0, 0, 0, 2, 2, 2, 0, 0, 0, 0, 0, 1, 0, 0, 1, 0, 2, 2, 3, 4, 1, 2, 3, 1, 4, 0, 1, 3, 5, 1, 4, 5, 6, 1, 55, 0, 0, 0, 0, 0, 0]",-1,-0.028847490519024334,-1,1
357,"[0, 0, 0, 2, 0, 1, 2, 3, 0, 0, 0, 2, 0, 0, 0, 0, 0, 0, 0, 0, 0, 0, 0, 2, 0, 0, 0, 0, 1, 0, 0, 1, 0, 0, 2, 0, 0, 0, 2, 0, 0, 0, 0, 0, 0, 0, 0, 0, 0, 2, 2, 2, 0, 0, 0, 0, 0, 1, 0, 0, 1, 0, 2, 2, 3, 4, 1, 2, 3, 1, 4, 0, 1, 3, 5, 1, 4, 5, 6, 1, 56, 0, 0, 0, 0, 0, 0]",4,12.999321206995596,-1,1
358,"[0, 0, 0, 2, 0, 1, 3, 5, 0, 0, 0, 2, 0, 0, 0, 0, 0, 0, 0, 0, 0, 0, 0, 2, 0, 0, 0, 0, 1, 0, 0, 1, 0, 0, 2, 0, 0, 0, 2, 0, 0, 0, 0, 0, 0, 0, 0, 0, 0, 2, 2, 2, 0, 0, 0, 0, 0, 1, 0, 0, 1, 0, 2, 2, 3, 4, 1, 2, 3, 1, 4, 0, 1, 3, 5, 1, 4, 5, 6, 1, 57, 0, 0, 0, 0, 0, 0]",4,8.431397074217877,-1,0
359,"[0, 0, 0, 2, 0, 1, 3, 5, 0, 0, 0, 2, 0, 0, 0, 0, 0, 0, 0, 0, 0, 0, 0, 2, 0, 0, 0, 0, 1, 0, 0, 1, 0, 0, 2, 0, 0, 0, 2, 0, 0, 0, 0, 0, 0, 0, 0, 0, 0, 2, 2, 2, 0, 0, 0, 0, 0, 1, 0, 0, 1, 0, 2, 2, 3, 4, 1, 2, 3, 1, 4, 0, 1, 3, 5, 1, 4, 5, 6, 1, 57, 0, 0, 0, 0, 0, 0]",0,0.49432094891825556,-1,1
360,"[0, 0, 0, 2, 0, 1, 3, 5, 0, 0, 0, 2, 0, 0, 0, 0, 0, 0, 0, 0, 0, 0, 0, 2, 0, 0, 0, 0, 1, 0, 0, 1, 0, 0, 2, 0, 0, 0, 2, 0, 0, 0, 0, 0, 0, 0, 0, 0, 0, 2, 2, 2, 0, 0, 0, 0, 0, 1, 0, 0, 1, 0, 2, 2, 3, 4, 1, 2, 3, 1, 4, 0, 1, 3, 5, 1, 4, 5, 6, 1, 57, 0, 0, 0, 0, 0, 0]",-1,-0.028276271934976855,-1,1
361,"[0, 0, 0, 2, 0, 1, 3, 5, 0, 0, 0, 2, 0, 0, 0, 0, 0, 0, 0, 0, 0, 0, 0, 2, 0, 0, 0, 0, 1, 0, 0, 1, 0, 0, 2, 0, 0, 0, 2, 0, 0, 0, 0, 0, 0, 0, 0, 0, 0, 2, 2, 2, 0, 0, 0, 0, 0, 1, 0, 0, 1, 0, 2, 2, 3, 4, 1, 2, 3, 1, 4, 0, 1, 3, 5, 1, 4, 5, 6, 1, 58, 0, 0, 0, 0, 0, 0]",4,12.81423430602942,-1,1
362,"[0, 0, 0, 2, 0, 1, 3, 5, 0, 0, 0, 2, 0, 0, 0, 0, 0, 0, 0, 0, 0, 0, 0, 2, 0, 0, 0, 0, 1, 0, 0, 1, 0, 0, 2, 0, 0, 0, 2, 0, 0, 0, 0, 0, 0, 0, 0, 0, 0, 2, 2, 2, 0, 0, 0, 0, 0, 1, 0, 0, 1, 0, 2, 2, 3, 4, 1, 2, 3, 1, 4, 0, 1, 3, 5, 1, 4, 5, 6, 1, 58, 0, 1, 0, 0, 0, 0]",2,0.5993196108594165,-1,0
363,"[0, 0, 0, 2, 0, 1, 3, 5, 0, 0, 0, 2, 0, 0, 0, 0, 0, 0, 0, 0, 0, 0, 0, 2, 0, 0, 0, 0, 1, 0, 0, 1, 0, 0, 2, 0, 0, 0, 2, 0, 0, 0, 0, 0, 0, 0, 0, 0, 0, 2, 2, 2, 0, 0, 0, 0, 0, 1, 0, 0, 1, 0, 2, 2, 3, 4, 1, 2, 3, 1, 4, 0, 1, 3, 5, 1, 4, 5, 6, 1, 58, 0, 1, 0, 0, 1, 0]","[[0 0 0 1]
 [0 0 1 0]]",0.8497444759175075,-1,0
364,"[0, 0, 0, 2, 0, 1, 3, 5, 0, 0, 0, 2, 0, 0, 0, 0, 0, 0, 0, 0, 0, 0, 0, 2, 0, 0, 0, 0, 1, 0, 0, 1, 0, 0, 2, 0, 0, 0, 2, 0, 0, 0, 0, 0, 0, 0, 0, 0, 0, 2, 2, 2, 0, 0, 0, 0, 0, 1, 0, 0, 1, 0, 2, 2, 3, 4, 1, 2, 3, 1, 4, 0, 1, 3, 5, 1, 4, 5, 6, 1, 58, 0, 0, 0, 0, 0, 0]",1,-0.0006803891405834529,-1,1
365,"[0, 0, 0, 2, 0, 1, 3, 5, 0, 0, 0, 2, 0, 0, 0, 0, 0, 0, 0, 0, 0, 0, 0, 2, 0, 0, 0, 0, 1, 0, 0, 1, 0, 0, 2, 0, 0, 0, 2, 0, 0, 0, 0, 0, 0, 0, 0, 0, 0, 2, 2, 2, 0, 0, 0, 0, 0, 1, 0, 0, 1, 0, 2, 2, 3, 4, 1, 2, 3, 1, 4, 0, 1, 3, 5, 1, 4, 5, 6, 1, 58, 1, 0, 0, 0, 0, 0]",3,0.3993196108594166,-1,0
366,"[0, 0, 0, 2, 0, 1, 3, 5, 0, 0, 0, 2, 0, 0, 0, 0, 0, 0, 0, 0, 0, 0, 0, 2, 0, 0, 0, 0, 1, 0, 0, 1, 0, 0, 2, 0, 0, 0, 2, 0, 0, 0, 0, 0, 0, 0, 0, 0, 0, 2, 2, 2, 0, 0, 0, 0, 0, 1, 0, 0, 1, 0, 2, 2, 3, 4, 1, 2, 3, 1, 4, 0, 1, 3, 5, 1, 4, 5, 6, 1, 58, 0, 0, 0, 0, 0, 0]",-1,-0.027994918328270103,-1,0
367,"[0, 0, 0, 2, 0, 1, 3, 5, 0, 0, 0, 2, 0, 0, 0, 0, 0, 0, 0, 0, 0, 0, 0, 2, 0, 0, 0, 0, 1, 0, 0, 1, 0, 0, 2, 0, 0, 0, 2, 0, 0, 0, 0, 0, 0, 0, 0, 0, 0, 2, 2, 2, 0, 0, 0, 0, 0, 1, 0, 0, 1, 0, 2, 2, 3, 4, 1, 2, 3, 1, 4, 0, 1, 3, 5, 1, 4, 5, 6, 1, 59, 0, 0, 0, 0, 0, 0]",4,8.430211744357674,-1,0
368,"[0, 0, 0, 1, 0, 1, 1, 2, 0, 0, 0, 2, 0, 0, 0, 0, 0, 0, 0, 0, 0, 0, 0, 2, 0, 0, 0, 0, 1, 0, 0, 1, 0, 0, 2, 0, 0, 0, 2, 0, 0, 0, 0, 0, 0, 0, 0, 0, 0, 2, 2, 2, 0, 0, 0, 0, 0, 1, 0, 0, 1, 0, 2, 2, 3, 4, 1, 2, 3, 1, 4, 0, 1, 3, 5, 1, 4, 5, 6, 4, 60, 0, 0, 0, 0, 0, 0]",4,13.228464443867406,-1,1
369,"[0, 0, 0, 1, 0, 1, 1, 2, 0, 0, 0, 2, 0, 0, 0, 0, 0, 0, 0, 0, 0, 0, 0, 2, 0, 0, 0, 0, 1, 0, 0, 1, 0, 0, 2, 0, 0, 0, 2, 0, 0, 0, 0, 0, 0, 0, 0, 0, 0, 2, 2, 2, 0, 0, 0, 0, 0, 1, 0, 0, 1, 0, 2, 2, 3, 4, 1, 2, 3, 1, 4, 0, 1, 3, 5, 1, 4, 5, 6, 4, 60, 0, 0, 0, 0, 0, 0]",0,0.6253621857200539,-1,0
370,"[0, 0, 0, 1, 0, 1, 1, 2, 0, 0, 0, 2, 0, 0, 0, 0, 0, 0, 0, 0, 0, 0, 0, 2, 0, 0, 0, 0, 1, 0, 0, 1, 0, 0, 2, 0, 0, 0, 2, 0, 0, 0, 0, 0, 0, 0, 0, 0, 0, 2, 2, 2, 0, 0, 0, 0, 0, 1, 0, 0, 1, 0, 2, 2, 3, 4, 1, 2, 3, 1, 4, 0, 1, 3, 5, 1, 4, 5, 6, 4, 60, 0, 0, 0, 0, 0, 0]",-1,-0.027440581804701325,-1,0
371,"[0, 0, 0, 1, 0, 1, 1, 2, 0, 0, 0, 2, 0, 0, 0, 0, 0, 0, 0, 0, 0, 0, 0, 2, 0, 0, 0, 0, 1, 0, 0, 1, 0, 0, 2, 0, 0, 0, 2, 0, 0, 0, 0, 0, 0, 0, 0, 0, 0, 2, 2, 2, 0, 0, 0, 0, 0, 1, 0, 0, 1, 0, 2, 2, 3, 4, 1, 2, 3, 1, 4, 0, 1, 3, 5, 1, 4, 5, 6, 4, 61, 0, 0, 0, 0, 0, 0]",4,8.750856179504234,-1,0
372,"[0, 0, 0, 1, 0, 1, 1, 2, 0, 0, 0, 2, 0, 0, 0, 0, 0, 0, 0, 0, 0, 0, 0, 2, 0, 0, 0, 0, 1, 0, 0, 1, 0, 0, 2, 0, 0, 0, 2, 0, 0, 0, 0, 0, 0, 0, 0, 0, 0, 2, 2, 2, 0, 0, 0, 0, 0, 1, 0, 0, 1, 0, 2, 2, 3, 4, 1, 2, 3, 1, 4, 0, 1, 3, 5, 1, 4, 5, 6, 4, 61, 1, 0, 0, 0, 0, 0]",3,0.3992331959777005,-1,1
373,"[0, 0, 0, 1, 0, 1, 2, 0, 0, 0, 0, 2, 0, 0, 0, 0, 0, 0, 0, 0, 0, 0, 0, 2, 0, 0, 0, 0, 1, 0, 0, 1, 0, 0, 2, 0, 0, 0, 2, 0, 0, 0, 0, 0, 0, 0, 0, 0, 0, 2, 2, 2, 0, 0, 0, 0, 0, 1, 0, 0, 1, 0, 2, 2, 3, 4, 1, 2, 3, 1, 4, 0, 1, 3, 5, 1, 4, 5, 6, 4, 61, 0, 0, 0, 0, 0, 0]","[[0 0 0 2]
 [0 0 1 0]]",0.0006908778887415646,-1,1
374,"[0, 0, 1, 1, 0, 1, 2, 0, 0, 0, 0, 2, 0, 0, 0, 0, 0, 0, 0, 0, 0, 0, 0, 2, 0, 0, 0, 0, 1, 0, 0, 1, 0, 0, 2, 0, 0, 0, 2, 0, 0, 0, 0, 0, 0, 0, 0, 0, 0, 2, 2, 2, 0, 0, 0, 0, 0, 1, 0, 0, 1, 0, 2, 2, 3, 4, 1, 2, 3, 1, 4, 0, 1, 3, 5, 1, 4, 5, 6, 4, 62, 0, 0, 0, 0, 0, 0]",4,12.909205755697634,-1,1
375,"[0, 0, 2, 1, 0, 1, 2, 0, 0, 0, 0, 2, 0, 0, 0, 0, 0, 0, 0, 0, 0, 0, 0, 2, 0, 0, 0, 0, 1, 0, 0, 1, 0, 0, 2, 0, 0, 0, 2, 0, 0, 0, 0, 0, 0, 0, 0, 0, 0, 2, 2, 2, 0, 0, 0, 0, 0, 1, 0, 0, 1, 0, 2, 2, 3, 4, 1, 2, 3, 1, 4, 0, 1, 3, 5, 1, 4, 5, 6, 4, 63, 0, 0, 0, 0, 0, 0]",4,8.708632681866732,-1,0
376,"[0, 0, 3, 1, 0, 1, 2, 0, 0, 0, 0, 2, 0, 0, 0, 0, 0, 0, 0, 0, 0, 0, 0, 2, 0, 0, 0, 0, 1, 0, 0, 1, 0, 0, 2, 0, 0, 0, 2, 0, 0, 0, 0, 0, 0, 0, 0, 0, 0, 2, 2, 2, 0, 0, 0, 0, 0, 1, 0, 0, 1, 0, 2, 2, 3, 4, 1, 2, 3, 1, 4, 0, 1, 3, 5, 1, 4, 5, 6, 4, 64, 0, 0, 0, 0, 0, 0]",4,12.908063675216692,-1,1
377,"[0, 0, 3, 1, 0, 1, 2, 0, 0, 0, 0, 2, 0, 0, 0, 0, 0, 0, 0, 0, 0, 0, 0, 2, 0, 0, 0, 0, 1, 0, 0, 1, 0, 0, 2, 0, 0, 0, 2, 0, 0, 0, 0, 0, 0, 0, 0, 0, 0, 2, 2, 2, 0, 0, 0, 0, 0, 1, 0, 0, 1, 0, 2, 2, 3, 4, 1, 2, 3, 1, 4, 0, 1, 3, 5, 1, 4, 5, 6, 4, 64, 0, 1, 0, 0, 0, 0]",2,0.5991358532960176,-1,0
378,"[0, 0, 3, 1, 0, 1, 2, 0, 0, 0, 0, 2, 0, 0, 0, 0, 0, 0, 0, 0, 0, 0, 0, 2, 0, 0, 0, 0, 1, 0, 0, 1, 0, 0, 2, 0, 0, 0, 2, 0, 0, 0, 0, 0, 0, 0, 0, 0, 0, 2, 2, 2, 0, 0, 0, 0, 0, 1, 0, 0, 1, 0, 2, 2, 3, 4, 1, 2, 3, 1, 4, 0, 1, 3, 5, 1, 4, 5, 6, 4, 64, 0, 1, 0, 0, 1, 0]","[[0 0 0 1]
 [0 1 0 0]]",0.8495607183541085,-1,0
379,"[0, 0, 3, 1, 0, 1, 2, 0, 0, 0, 0, 2, 0, 0, 0, 0, 0, 0, 0, 0, 0, 0, 0, 2, 0, 0, 0, 0, 1, 0, 0, 1, 0, 0, 2, 0, 0, 0, 2, 0, 0, 0, 0, 0, 0, 0, 0, 0, 0, 2, 2, 2, 0, 0, 0, 0, 0, 1, 0, 0, 1, 0, 2, 2, 3, 4, 1, 2, 3, 1, 4, 0, 1, 3, 5, 1, 4, 5, 6, 4, 64, 0, 0, 0, 0, 0, 0]",1,-0.0008641467039823833,-1,1
380,"[0, 0, 3, 1, 1, 1, 2, 0, 0, 0, 0, 2, 0, 0, 0, 0, 0, 0, 0, 0, 0, 0, 0, 2, 0, 0, 0, 0, 1, 0, 0, 1, 0, 0, 2, 0, 0, 0, 2, 0, 0, 0, 0, 0, 0, 0, 0, 0, 0, 2, 2, 2, 0, 0, 0, 0, 0, 1, 0, 0, 1, 0, 2, 2, 3, 4, 1, 2, 3, 1, 4, 0, 1, 3, 5, 1, 4, 5, 6, 4, 65, 0, 0, 0, 0, 0, 0]",4,8.545304545045155,-1,0
381,"[0, 0, 3, 1, 1, 1, 2, 0, 0, 0, 0, 2, 0, 0, 0, 0, 0, 0, 0, 0, 0, 0, 0, 2, 0, 0, 0, 0, 1, 0, 0, 1, 0, 0, 2, 0, 0, 0, 2, 0, 0, 0, 0, 0, 0, 0, 0, 0, 0, 2, 2, 2, 0, 0, 0, 0, 0, 1, 0, 0, 1, 0, 2, 2, 3, 4, 1, 2, 3, 1, 4, 0, 1, 3, 5, 1, 4, 5, 6, 4, 65, 0, 1, 0, 0, 0, 0]",2,0.5991007453678118,-1,1
382,"[0, 0, 3, 1, 1, 1, 2, 0, 0, 0, 0, 2, 0, 0, 0, 0, 0, 0, 0, 0, 0, 0, 0, 2, 0, 0, 0, 0, 1, 0, 0, 1, 0, 0, 2, 0, 0, 0, 2, 0, 0, 0, 0, 0, 0, 0, 0, 0, 0, 2, 2, 2, 0, 0, 0, 0, 0, 1, 0, 0, 1, 0, 2, 2, 3, 4, 1, 2, 3, 1, 4, 0, 1, 3, 5, 1, 4, 5, 6, 4, 65, 0, 1, 0, 0, 1, 0]","[[0 1 0 0]
 [0 0 0 1]]",0.8495256104259027,-1,1
383,"[0, 1, 3, 0, 1, 0, 2, 1, 0, 0, 0, 2, 0, 0, 0, 0, 0, 0, 0, 0, 0, 0, 0, 2, 0, 0, 0, 0, 1, 0, 0, 1, 0, 0, 2, 0, 0, 0, 2, 0, 0, 0, 0, 0, 0, 0, 0, 0, 0, 2, 2, 2, 0, 0, 0, 0, 0, 1, 0, 0, 1, 0, 2, 2, 3, 4, 1, 2, 3, 1, 4, 0, 1, 3, 5, 1, 4, 5, 6, 4, 65, 0, 0, 0, 0, 0, 0]",0,-0.0008992546321882357,-1,0
384,"[0, 1, 3, 0, 1, 0, 2, 1, 0, 0, 0, 2, 0, 0, 0, 0, 0, 0, 0, 0, 0, 0, 0, 2, 0, 0, 0, 0, 1, 0, 0, 1, 0, 0, 2, 0, 0, 0, 2, 0, 0, 0, 0, 0, 0, 0, 0, 0, 0, 2, 2, 2, 0, 0, 0, 0, 0, 1, 0, 0, 1, 0, 2, 2, 3, 4, 1, 2, 3, 1, 4, 0, 1, 3, 5, 1, 4, 5, 6, 4, 65, 1, 0, 0, 0, 0, 0]",3,0.39910074536781176,-1,1
385,"[0, 1, 3, 0, 1, 1, 0, 1, 0, 0, 0, 2, 0, 0, 0, 0, 0, 0, 0, 0, 0, 0, 0, 2, 0, 0, 0, 0, 1, 0, 0, 1, 0, 0, 2, 0, 0, 0, 2, 0, 0, 0, 0, 0, 0, 0, 0, 0, 0, 2, 2, 2, 0, 0, 0, 0, 0, 1, 0, 0, 1, 0, 2, 2, 3, 4, 1, 2, 3, 1, 4, 0, 1, 3, 5, 1, 4, 5, 6, 4, 65, 0, 0, 0, 0, 0, 0]","[[0 0 2 0]
 [0 1 0 0]]",0.0005584272788528176,-1,1
386,"[0, 1, 3, 0, 1, 1, 0, 1, 0, 0, 0, 2, 0, 0, 0, 0, 0, 0, 0, 0, 0, 0, 0, 2, 0, 0, 0, 0, 1, 0, 0, 1, 0, 0, 2, 0, 0, 0, 2, 0, 0, 0, 0, 0, 0, 0, 0, 0, 0, 2, 2, 2, 0, 0, 0, 0, 0, 1, 0, 0, 1, 0, 2, 2, 3, 4, 1, 2, 3, 1, 4, 0, 1, 3, 5, 1, 4, 5, 6, 4, 65, 1, 0, 0, 0, 0, 0]",3,0.39910074536781176,-1,1
387,"[0, 1, 3, 0, 1, 1, 0, 1, 0, 0, 0, 2, 0, 0, 0, 0, 0, 0, 0, 0, 0, 0, 0, 2, 0, 0, 0, 0, 1, 0, 0, 1, 0, 0, 2, 0, 0, 0, 2, 0, 0, 0, 0, 0, 0, 0, 0, 0, 0, 2, 2, 2, 0, 0, 0, 0, 0, 1, 0, 0, 1, 0, 2, 2, 3, 4, 1, 2, 3, 1, 4, 0, 1, 3, 5, 1, 4, 5, 6, 4, 65, 0, 0, 0, 0, 0, 0]",-1,-0.026102288838050804,-1,1
388,"[0, 1, 3, 0, 1, 1, 0, 1, 0, 0, 0, 2, 0, 0, 0, 0, 0, 0, 0, 0, 0, 0, 0, 2, 0, 0, 0, 0, 1, 0, 0, 1, 0, 0, 2, 0, 0, 0, 2, 0, 0, 0, 0, 0, 0, 0, 0, 0, 0, 2, 2, 2, 0, 0, 0, 0, 0, 1, 0, 0, 1, 0, 2, 2, 3, 4, 1, 2, 3, 1, 4, 0, 1, 3, 5, 1, 4, 5, 6, 4, 65, 0, 1, 0, 0, 0, 0]",2,0.5991007453678118,-1,1
389,"[0, 1, 3, 0, 1, 1, 0, 1, 0, 0, 0, 2, 0, 0, 0, 0, 0, 0, 0, 0, 0, 0, 0, 2, 0, 0, 0, 0, 1, 0, 0, 1, 0, 0, 2, 0, 0, 0, 2, 0, 0, 0, 0, 0, 0, 0, 0, 0, 0, 2, 2, 2, 0, 0, 0, 0, 0, 1, 0, 0, 1, 0, 2, 2, 3, 4, 1, 2, 3, 1, 4, 0, 1, 3, 5, 1, 4, 5, 6, 4, 65, 0, 1, 0, 0, 1, 0]","[[0 1 0 0]
 [0 0 1 0]]",0.8495256104259027,-1,1
390,"[0, 1, 3, 0, 1, 1, 0, 1, 0, 0, 0, 2, 0, 0, 0, 0, 0, 0, 0, 0, 0, 0, 0, 2, 0, 0, 0, 0, 1, 0, 0, 1, 0, 0, 2, 0, 0, 0, 2, 0, 0, 0, 0, 0, 0, 0, 0, 0, 0, 2, 2, 2, 0, 0, 0, 0, 0, 1, 0, 0, 1, 0, 2, 2, 3, 4, 1, 2, 3, 1, 4, 0, 1, 3, 5, 1, 4, 5, 6, 4, 65, 0, 0, 0, 0, 0, 0]",1,-0.0008992546321882357,-1,0
391,"[0, 1, 3, 0, 1, 1, 0, 1, 0, 0, 0, 2, 0, 0, 0, 0, 0, 0, 0, 0, 0, 0, 0, 2, 0, 0, 0, 0, 1, 0, 0, 1, 0, 0, 2, 0, 0, 0, 2, 0, 0, 0, 0, 0, 0, 0, 0, 0, 0, 2, 2, 2, 0, 0, 0, 0, 0, 1, 0, 0, 1, 0, 2, 2, 3, 4, 1, 2, 3, 1, 4, 0, 1, 3, 5, 1, 4, 5, 6, 4, 65, 1, 0, 0, 0, 0, 0]",3,0.39910074536781176,-1,1
392,"[0, 1, 3, 0, 1, 1, 0, 1, 0, 0, 0, 2, 0, 0, 0, 0, 0, 0, 0, 0, 0, 0, 0, 2, 0, 0, 0, 0, 1, 0, 0, 1, 0, 0, 2, 0, 0, 0, 2, 0, 0, 0, 0, 0, 0, 0, 0, 0, 0, 2, 2, 2, 0, 0, 0, 0, 0, 1, 0, 0, 1, 0, 2, 2, 3, 4, 1, 2, 3, 1, 4, 0, 1, 3, 5, 1, 4, 5, 6, 4, 65, 0, 0, 0, 0, 0, 0]",-1,-0.026102288838050804,-1,1
393,"[0, 1, 3, 0, 1, 1, 0, 1, 0, 0, 0, 2, 0, 0, 0, 0, 0, 0, 0, 0, 0, 0, 0, 2, 0, 0, 0, 0, 1, 0, 0, 1, 0, 0, 2, 0, 0, 0, 2, 0, 0, 0, 0, 0, 0, 0, 0, 0, 0, 2, 2, 2, 0, 0, 0, 0, 0, 1, 0, 0, 1, 0, 2, 2, 3, 4, 1, 2, 3, 1, 4, 0, 1, 3, 5, 1, 4, 5, 6, 4, 65, 1, 0, 0, 0, 0, 0]",3,0.39910074536781176,-1,1
394,"[0, 1, 3, 0, 1, 1, 0, 1, 0, 0, 0, 2, 0, 0, 0, 0, 0, 0, 0, 0, 0, 0, 0, 2, 0, 0, 0, 0, 1, 0, 0, 1, 0, 0, 2, 0, 0, 0, 2, 0, 0, 0, 0, 0, 0, 0, 0, 0, 0, 2, 2, 2, 0, 0, 0, 0, 0, 1, 0, 0, 1, 0, 2, 2, 3, 4, 1, 2, 3, 1, 4, 0, 1, 3, 5, 1, 4, 5, 6, 4, 65, 0, 0, 0, 0, 0, 0]",-1,-0.026102288838050804,-1,1
395,"[0, 1, 3, 0, 1, 1, 0, 1, 0, 0, 0, 2, 0, 0, 0, 0, 0, 0, 0, 0, 0, 0, 0, 2, 0, 0, 0, 0, 1, 0, 0, 1, 0, 0, 2, 0, 0, 0, 2, 0, 0, 0, 0, 0, 0, 0, 0, 0, 0, 2, 2, 2, 0, 0, 0, 0, 0, 1, 0, 0, 1, 0, 2, 2, 3, 4, 1, 2, 3, 1, 4, 0, 1, 3, 5, 1, 4, 5, 6, 4, 65, 1, 0, 0, 0, 0, 0]",3,0.39910074536781176,-1,1
396,"[0, 1, 3, 0, 1, 1, 0, 1, 0, 0, 0, 2, 0, 0, 0, 0, 0, 0, 0, 0, 0, 0, 0, 2, 0, 0, 0, 0, 1, 0, 0, 1, 0, 0, 2, 0, 0, 0, 2, 0, 0, 0, 0, 0, 0, 0, 0, 0, 0, 2, 2, 2, 0, 0, 0, 0, 0, 1, 0, 0, 1, 0, 2, 2, 3, 4, 1, 2, 3, 1, 4, 0, 1, 3, 5, 1, 4, 5, 6, 4, 65, 0, 0, 0, 0, 0, 0]",-1,-0.026102288838050804,-1,1
397,"[0, 1, 3, 0, 1, 1, 0, 1, 0, 0, 0, 2, 0, 0, 0, 0, 0, 0, 0, 0, 0, 0, 0, 2, 0, 0, 0, 0, 1, 0, 0, 1, 0, 0, 2, 0, 0, 0, 2, 0, 0, 0, 0, 0, 0, 0, 0, 0, 0, 2, 2, 2, 0, 0, 0, 0, 0, 1, 0, 0, 1, 0, 2, 2, 3, 4, 1, 2, 3, 1, 4, 0, 1, 3, 5, 1, 4, 5, 6, 4, 65, 1, 0, 0, 0, 0, 0]",3,0.39910074536781176,-1,1
398,"[0, 1, 3, 0, 1, 1, 0, 1, 0, 0, 0, 2, 0, 0, 0, 0, 0, 0, 0, 0, 0, 0, 0, 2, 0, 0, 0, 0, 1, 0, 0, 1, 0, 0, 2, 0, 0, 0, 2, 0, 0, 0, 0, 0, 0, 0, 0, 0, 0, 2, 2, 2, 0, 0, 0, 0, 0, 1, 0, 0, 1, 0, 2, 2, 3, 4, 1, 2, 3, 1, 4, 0, 1, 3, 5, 1, 4, 5, 6, 4, 65, 0, 0, 0, 0, 0, 0]",-1,-0.026102288838050804,-1,1
399,"[0, 1, 3, 0, 1, 1, 0, 1, 0, 0, 0, 2, 0, 0, 0, 0, 0, 0, 0, 0, 0, 0, 0, 2, 0, 0, 0, 0, 1, 0, 0, 1, 0, 0, 2, 0, 0, 0, 2, 0, 0, 0, 0, 0, 0, 0, 0, 0, 0, 2, 2, 2, 0, 0, 0, 0, 0, 1, 0, 0, 1, 0, 2, 2, 3, 4, 1, 2, 3, 1, 4, 0, 1, 3, 5, 1, 4, 5, 6, 4, 65, 0, 1, 0, 0, 0, 0]",2,0.5991007453678118,-1,1
400,"[0, 1, 3, 0, 1, 1, 0, 1, 0, 0, 0, 2, 0, 0, 0, 0, 0, 0, 0, 0, 0, 0, 0, 2, 0, 0, 0, 0, 1, 0, 0, 1, 0, 0, 2, 0, 0, 0, 2, 0, 0, 0, 0, 0, 0, 0, 0, 0, 0, 2, 2, 2, 0, 0, 0, 0, 0, 1, 0, 0, 1, 0, 2, 2, 3, 4, 1, 2, 3, 1, 4, 0, 1, 3, 5, 1, 4, 5, 6, 4, 65, 0, 1, 0, 0, 1, 0]","[[1 0 0 0]
 [0 0 1 0]]",0.8495256104259027,-1,1
401,"[1, 1, 2, 0, 0, 1, 1, 1, 0, 0, 0, 2, 0, 0, 0, 0, 0, 0, 0, 0, 0, 0, 0, 2, 0, 0, 0, 0, 1, 0, 0, 1, 0, 0, 2, 0, 0, 0, 2, 0, 0, 0, 0, 0, 0, 0, 0, 0, 0, 2, 2, 2, 0, 0, 0, 0, 0, 1, 0, 0, 1, 0, 2, 2, 3, 4, 1, 2, 3, 1, 4, 0, 1, 3, 5, 1, 4, 5, 6, 4, 65, 0, 0, 0, 0, 0, 0]",0,-0.0008992546321882357,-1,0
402,"[1, 1, 2, 0, 0, 1, 1, 1, 0, 0, 0, 2, 0, 0, 0, 0, 0, 0, 0, 0, 0, 0, 0, 2, 0, 0, 0, 0, 1, 0, 0, 1, 0, 0, 2, 0, 0, 0, 2, 0, 0, 0, 0, 0, 0, 0, 0, 0, 0, 2, 2, 2, 0, 0, 0, 0, 0, 1, 0, 0, 1, 0, 2, 2, 3, 4, 1, 2, 3, 1, 4, 0, 1, 3, 5, 1, 4, 5, 6, 4, 65, 0, 0, 0, 0, 0, 0]",1,0.8087248604674285,-1,1
403,"[1, 1, 2, 0, 0, 1, 1, 1, 0, 0, 0, 2, 0, 0, 0, 0, 0, 0, 0, 0, 0, 0, 0, 2, 0, 0, 0, 0, 1, 0, 0, 1, 0, 0, 2, 0, 0, 0, 2, 0, 0, 0, 0, 0, 0, 0, 0, 0, 0, 2, 2, 2, 0, 0, 0, 0, 0, 1, 0, 0, 1, 0, 2, 2, 3, 4, 1, 2, 3, 1, 4, 0, 1, 3, 5, 1, 4, 5, 6, 4, 65, 0, 0, 0, 0, 0, 0]",-1,-0.026102288838050804,-1,1
404,"[1, 1, 2, 0, 0, 1, 1, 1, 0, 0, 0, 2, 0, 0, 0, 0, 0, 0, 0, 0, 0, 0, 0, 2, 0, 0, 0, 0, 1, 0, 0, 1, 0, 0, 2, 0, 0, 0, 2, 0, 0, 0, 0, 0, 0, 0, 0, 0, 0, 2, 2, 2, 0, 0, 0, 0, 0, 1, 0, 0, 1, 0, 2, 2, 3, 4, 1, 2, 3, 1, 4, 0, 1, 3, 5, 1, 4, 5, 6, 4, 66, 0, 0, 0, 0, 0, 0]",4,13.384662079488956,-1,1
405,"[1, 1, 2, 0, 0, 1, 1, 1, 0, 0, 0, 2, 0, 0, 0, 0, 0, 0, 0, 0, 0, 0, 0, 2, 0, 0, 0, 0, 1, 0, 0, 1, 0, 0, 2, 0, 0, 0, 2, 0, 0, 0, 0, 0, 0, 0, 0, 0, 0, 2, 2, 2, 0, 0, 0, 0, 0, 1, 0, 0, 1, 0, 2, 2, 3, 4, 1, 2, 3, 1, 4, 0, 1, 3, 5, 1, 4, 5, 6, 4, 66, 0, 0, 0, 0, 0, 0]",0,0.6251632515026709,-1,0
406,"[0, 0, 2, 0, 0, 1, 1, 1, 0, 0, 0, 2, 0, 0, 0, 0, 0, 0, 0, 0, 0, 0, 0, 2, 0, 0, 0, 0, 1, 0, 0, 1, 0, 0, 2, 0, 0, 0, 2, 0, 0, 0, 0, 0, 0, 0, 0, 0, 0, 2, 2, 2, 0, 0, 0, 0, 1, 1, 0, 0, 1, 0, 2, 2, 3, 4, 1, 2, 3, 1, 4, 0, 1, 3, 5, 1, 4, 5, 6, 4, 66, 0, 0, 0, 0, 0, 0]",24,0.659820586568547,-1,0
407,"[0, 0, 2, 0, 0, 1, 1, 1, 0, 0, 0, 2, 0, 0, 0, 0, 0, 0, 0, 0, 0, 0, 0, 2, 0, 0, 0, 0, 1, 0, 0, 1, 0, 0, 2, 0, 0, 0, 2, 0, 0, 0, 0, 0, 0, 0, 0, 0, 0, 2, 2, 2, 0, 0, 0, 0, 1, 1, 0, 0, 1, 0, 2, 2, 3, 4, 1, 2, 3, 1, 4, 0, 1, 3, 5, 1, 4, 5, 6, 4, 67, 0, 0, 0, 0, 0, 0]",4,9.825641312945741,-1,0
408,"[0, 0, 2, 0, 0, 1, 1, 1, 0, 0, 0, 2, 0, 0, 0, 0, 0, 0, 0, 0, 0, 0, 0, 2, 0, 0, 0, 0, 1, 0, 0, 1, 0, 0, 2, 0, 0, 0, 2, 0, 0, 0, 0, 0, 0, 0, 0, 0, 0, 2, 2, 2, 0, 0, 0, 0, 1, 1, 0, 0, 1, 0, 2, 2, 3, 4, 1, 2, 3, 1, 4, 0, 1, 3, 5, 1, 4, 5, 6, 4, 68, 0, 0, 0, 0, 0, 0]",4,13.383550815922085,-1,1
409,"[0, 0, 2, 0, 0, 1, 1, 1, 0, 0, 0, 2, 0, 0, 0, 0, 0, 0, 0, 0, 0, 0, 0, 2, 0, 0, 0, 0, 1, 0, 0, 1, 0, 0, 2, 0, 0, 0, 2, 0, 0, 0, 0, 0, 0, 0, 0, 0, 0, 2, 2, 2, 0, 0, 0, 0, 1, 1, 0, 0, 1, 0, 2, 2, 3, 4, 1, 2, 3, 1, 4, 0, 1, 3, 5, 1, 4, 5, 6, 4, 68, 1, 0, 0, 0, 0, 0]",3,0.3989866741333068,-1,0
410,"[1, 0, 0, 0, 0, 1, 1, 1, 0, 0, 0, 2, 0, 0, 0, 0, 0, 0, 0, 0, 0, 0, 0, 2, 0, 0, 0, 0, 1, 0, 0, 1, 0, 0, 2, 0, 0, 0, 2, 0, 0, 0, 0, 0, 0, 0, 0, 0, 0, 2, 2, 2, 0, 0, 0, 0, 1, 1, 0, 0, 1, 0, 2, 2, 3, 4, 1, 2, 3, 1, 4, 0, 1, 3, 5, 1, 4, 5, 6, 4, 68, 0, 0, 0, 0, 0, 0]","[[0 0 2 0]
 [1 0 0 0]]",0.0004443560443478025,-1,0
411,"[1, 0, 0, 0, 0, 1, 1, 1, 0, 0, 0, 2, 0, 0, 0, 0, 0, 0, 0, 0, 0, 0, 0, 2, 0, 0, 0, 0, 1, 0, 0, 1, 0, 0, 2, 0, 0, 0, 2, 0, 0, 0, 0, 0, 0, 0, 0, 0, 0, 2, 2, 2, 0, 0, 0, 0, 1, 1, 0, 0, 1, 0, 2, 2, 3, 4, 1, 2, 3, 1, 4, 0, 1, 3, 5, 1, 4, 5, 6, 4, 68, 0, 0, 0, 0, 0, 0]",0,0.5846486927071596,-1,0
412,"[1, 0, 0, 0, 0, 1, 1, 1, 0, 0, 0, 2, 0, 0, 0, 0, 0, 0, 0, 0, 0, 0, 0, 2, 0, 0, 0, 0, 1, 0, 0, 1, 0, 0, 2, 0, 0, 0, 2, 0, 0, 0, 0, 0, 0, 0, 0, 0, 0, 2, 2, 2, 0, 0, 0, 0, 1, 1, 0, 0, 1, 0, 2, 2, 3, 4, 1, 2, 3, 1, 4, 0, 1, 3, 5, 1, 4, 5, 6, 4, 68, 0, 0, 0, 0, 0, 0]",-1,-0.02533084961827948,-1,0
413,"[1, 0, 0, 0, 0, 1, 1, 1, 0, 0, 0, 2, 0, 0, 0, 0, 0, 0, 0, 0, 0, 0, 0, 2, 0, 0, 0, 0, 1, 0, 0, 1, 0, 0, 2, 0, 0, 0, 2, 0, 0, 0, 0, 0, 0, 0, 0, 0, 0, 2, 2, 2, 0, 0, 0, 0, 1, 1, 0, 0, 1, 0, 2, 2, 3, 4, 1, 2, 3, 1, 4, 0, 1, 3, 5, 1, 4, 5, 6, 4, 68, 0, 0, 0, 0, 0, 0]",0,0.5846486927071596,-1,0
414,"[1, 0, 0, 0, 0, 1, 1, 1, 0, 0, 0, 2, 0, 0, 0, 0, 0, 0, 0, 0, 0, 0, 0, 2, 0, 0, 0, 0, 1, 0, 0, 1, 0, 0, 2, 0, 0, 0, 2, 0, 0, 0, 0, 0, 0, 0, 0, 0, 0, 2, 2, 2, 0, 0, 0, 0, 1, 1, 0, 0, 1, 0, 2, 2, 3, 4, 1, 2, 3, 1, 4, 0, 1, 3, 5, 1, 4, 5, 6, 4, 68, 0, 0, 0, 0, 0, 0]",-1,-0.02533084961827948,-1,0
415,"[1, 0, 0, 0, 0, 1, 1, 1, 0, 0, 0, 2, 0, 0, 0, 0, 0, 0, 0, 0, 0, 0, 0, 2, 0, 0, 0, 0, 1, 0, 0, 1, 0, 0, 2, 0, 0, 0, 2, 0, 0, 0, 0, 0, 0, 0, 0, 0, 0, 2, 2, 2, 0, 0, 0, 0, 1, 1, 0, 0, 1, 0, 2, 2, 3, 4, 1, 2, 3, 1, 4, 0, 1, 3, 5, 1, 4, 5, 6, 4, 68, 0, 1, 0, 0, 0, 0]",2,0.5989866741333068,-1,0
416,"[1, 0, 0, 0, 0, 1, 1, 1, 0, 0, 0, 2, 0, 0, 0, 0, 0, 0, 0, 0, 0, 0, 0, 2, 0, 0, 0, 0, 1, 0, 0, 1, 0, 0, 2, 0, 0, 0, 2, 0, 0, 0, 0, 0, 0, 0, 0, 0, 0, 2, 2, 2, 0, 0, 0, 0, 1, 1, 0, 0, 1, 0, 2, 2, 3, 4, 1, 2, 3, 1, 4, 0, 1, 3, 5, 1, 4, 5, 6, 4, 68, 0, 1, 0, 0, 1, 0]","[[1 0 0 0]
 [0 0 1 0]]",0.8494115391913977,-1,0
417,"[1, 0, 0, 0, 0, 1, 1, 1, 0, 0, 0, 2, 0, 0, 0, 0, 0, 0, 0, 0, 0, 0, 0, 2, 0, 0, 0, 0, 1, 0, 0, 1, 0, 0, 2, 0, 0, 0, 2, 0, 0, 0, 0, 0, 0, 0, 0, 0, 0, 2, 2, 2, 0, 0, 0, 0, 1, 1, 0, 0, 1, 0, 2, 2, 3, 4, 1, 2, 3, 1, 4, 0, 1, 3, 5, 1, 4, 5, 6, 4, 68, 0, 0, 0, 0, 0, 0]",1,-0.0010133258666932508,-1,1
418,"[1, 0, 0, 0, 0, 1, 1, 1, 0, 0, 0, 2, 0, 0, 0, 0, 0, 0, 0, 0, 0, 0, 0, 2, 0, 0, 0, 0, 1, 0, 0, 1, 0, 0, 2, 0, 0, 0, 2, 0, 0, 0, 0, 0, 0, 0, 0, 0, 0, 2, 2, 2, 0, 0, 0, 0, 1, 1, 0, 0, 1, 0, 2, 2, 3, 4, 1, 2, 3, 1, 4, 0, 1, 3, 5, 1, 4, 5, 6, 4, 68, 0, 0, 0, 0, 0, 0]",0,0.5846486927071596,-1,0
419,"[1, 0, 0, 0, 0, 1, 1, 1, 0, 0, 0, 2, 0, 0, 0, 0, 0, 0, 0, 0, 0, 0, 0, 2, 0, 0, 0, 0, 1, 0, 0, 1, 0, 0, 2, 0, 0, 0, 2, 0, 0, 0, 0, 0, 0, 0, 0, 0, 0, 2, 2, 2, 0, 0, 0, 0, 1, 1, 0, 0, 1, 0, 2, 2, 3, 4, 1, 2, 3, 1, 4, 0, 1, 3, 5, 1, 4, 5, 6, 4, 68, 0, 0, 0, 0, 0, 0]",-1,-0.02533084961827948,-1,0
420,"[1, 0, 0, 0, 0, 1, 1, 1, 0, 0, 0, 2, 0, 0, 0, 0, 0, 0, 0, 0, 0, 0, 0, 2, 0, 0, 0, 0, 1, 0, 0, 1, 0, 0, 2, 0, 0, 0, 2, 0, 0, 0, 0, 0, 0, 0, 0, 0, 0, 2, 2, 2, 0, 0, 0, 0, 1, 1, 0, 0, 1, 0, 2, 2, 3, 4, 1, 2, 3, 1, 4, 0, 1, 3, 5, 1, 4, 5, 6, 4, 68, 0, 1, 0, 0, 0, 0]",2,0.5989866741333068,-1,0
421,"[1, 0, 0, 0, 0, 1, 1, 1, 0, 0, 0, 2, 0, 0, 0, 0, 0, 0, 0, 0, 0, 0, 0, 2, 0, 0, 0, 0, 1, 0, 0, 1, 0, 0, 2, 0, 0, 0, 2, 0, 0, 0, 0, 0, 0, 0, 0, 0, 0, 2, 2, 2, 0, 0, 0, 0, 1, 1, 0, 0, 1, 0, 2, 2, 3, 4, 1, 2, 3, 1, 4, 0, 1, 3, 5, 1, 4, 5, 6, 4, 68, 0, 1, 0, 0, 1, 0]","[[1 0 0 0]
 [0 0 0 1]]",0.8494115391913977,-1,0
422,"[0, 0, 0, 1, 1, 1, 1, 0, 0, 0, 0, 2, 0, 0, 0, 0, 0, 0, 0, 0, 0, 0, 0, 2, 0, 0, 0, 0, 1, 0, 0, 1, 0, 0, 2, 0, 0, 0, 2, 0, 0, 0, 0, 0, 0, 0, 0, 0, 0, 2, 2, 2, 0, 0, 0, 0, 1, 1, 0, 0, 1, 0, 2, 2, 3, 4, 1, 2, 3, 1, 4, 0, 1, 3, 5, 1, 4, 5, 6, 4, 68, 0, 0, 0, 0, 0, 0]",0,-0.0010133258666932508,-1,1
423,"[0, 0, 0, 1, 1, 1, 1, 0, 0, 0, 0, 2, 0, 0, 0, 0, 0, 0, 0, 0, 0, 0, 0, 2, 0, 0, 0, 0, 1, 0, 0, 1, 0, 0, 2, 0, 0, 0, 2, 0, 0, 0, 0, 0, 0, 0, 0, 0, 0, 2, 2, 2, 0, 0, 0, 0, 1, 1, 0, 0, 1, 0, 2, 2, 3, 4, 1, 2, 3, 1, 4, 0, 1, 3, 5, 1, 4, 5, 6, 5, 69, 0, 0, 0, 0, 0, 0]",4,10.146349056708297,-1,0
424,"[0, 0, 0, 1, 1, 1, 1, 0, 0, 0, 0, 2, 0, 0, 0, 0, 0, 0, 0, 0, 0, 0, 0, 2, 0, 0, 0, 0, 1, 0, 0, 1, 0, 0, 2, 0, 0, 0, 2, 0, 0, 0, 0, 0, 0, 0, 0, 0, 0, 2, 2, 2, 0, 0, 0, 0, 1, 1, 0, 0, 1, 0, 2, 2, 3, 4, 1, 2, 3, 1, 4, 0, 1, 3, 5, 1, 4, 5, 6, 5, 69, 0, 0, 0, 0, 0, 0]",0,0.49392028438519353,-1,1
425,"[0, 0, 0, 1, 0, 0, 1, 0, 0, 0, 0, 2, 0, 0, 0, 0, 0, 0, 0, 0, 0, 0, 0, 2, 0, 0, 0, 0, 1, 0, 0, 1, 0, 0, 2, 2, 0, 0, 2, 0, 0, 0, 0, 0, 0, 0, 0, 0, 0, 2, 2, 2, 0, 0, 0, 0, 1, 1, 0, 0, 1, 0, 2, 2, 3, 4, 1, 2, 3, 1, 4, 0, 1, 3, 5, 1, 4, 5, 6, 5, 69, 0, 0, 0, 0, 0, 0]",3,0.7903370102285653,-1,1
426,"[0, 0, 0, 1, 0, 0, 1, 0, 0, 0, 0, 2, 0, 0, 0, 0, 0, 0, 0, 0, 0, 0, 0, 2, 0, 0, 0, 0, 1, 0, 0, 1, 0, 0, 2, 2, 0, 0, 2, 0, 0, 0, 0, 0, 0, 0, 0, 0, 0, 2, 2, 2, 0, 0, 0, 0, 1, 1, 0, 0, 1, 0, 2, 2, 3, 4, 1, 2, 3, 1, 4, 0, 1, 3, 5, 1, 4, 5, 6, 5, 70, 0, 0, 0, 0, 0, 0]",4,14.345802167043846,-1,1
427,"[0, 0, 0, 1, 0, 0, 1, 0, 0, 0, 0, 2, 0, 0, 0, 0, 0, 0, 0, 0, 0, 0, 0, 2, 0, 0, 0, 0, 1, 0, 0, 1, 0, 0, 2, 2, 0, 0, 2, 0, 0, 0, 0, 0, 0, 0, 0, 0, 0, 2, 2, 2, 0, 0, 0, 0, 1, 1, 0, 0, 1, 0, 2, 2, 3, 4, 1, 2, 3, 1, 4, 0, 1, 3, 5, 1, 4, 5, 6, 5, 70, 1, 0, 0, 0, 0, 0]",3,0.39890274022010996,-1,0
428,"[0, 0, 0, 1, 0, 0, 1, 0, 0, 0, 0, 2, 0, 0, 0, 0, 0, 0, 0, 0, 0, 0, 0, 2, 0, 0, 0, 0, 1, 0, 0, 1, 0, 0, 2, 2, 0, 0, 2, 0, 0, 0, 0, 0, 0, 0, 0, 0, 0, 2, 2, 2, 0, 0, 0, 0, 1, 1, 0, 0, 1, 0, 2, 2, 3, 4, 1, 2, 3, 1, 4, 0, 1, 3, 5, 1, 4, 5, 6, 5, 70, 0, 0, 0, 0, 0, 0]",-1,-0.024829265189570474,-1,0
429,"[0, 0, 0, 1, 1, 0, 1, 0, 0, 0, 0, 2, 0, 0, 0, 0, 0, 0, 0, 0, 0, 0, 0, 2, 0, 0, 0, 0, 1, 0, 0, 1, 0, 0, 2, 2, 0, 0, 2, 0, 0, 0, 0, 0, 0, 0, 0, 0, 0, 2, 2, 2, 0, 0, 0, 0, 1, 1, 0, 0, 1, 0, 2, 2, 3, 4, 1, 2, 3, 1, 4, 0, 1, 3, 5, 1, 4, 5, 6, 5, 71, 0, 0, 0, 0, 0, 0]",4,10.145258566140866,-1,0
430,"[0, 0, 0, 1, 1, 0, 1, 0, 0, 0, 0, 2, 0, 0, 0, 0, 0, 0, 0, 0, 0, 0, 0, 2, 0, 0, 0, 0, 1, 0, 0, 1, 0, 0, 2, 2, 0, 0, 2, 0, 0, 0, 0, 0, 0, 0, 0, 0, 0, 2, 2, 2, 0, 0, 0, 0, 1, 1, 0, 0, 1, 0, 2, 2, 3, 4, 1, 2, 3, 1, 4, 0, 1, 3, 5, 1, 4, 5, 6, 5, 72, 0, 0, 0, 0, 0, 0]",4,14.507439486600205,-1,1
431,"[0, 0, 0, 1, 2, 0, 1, 0, 0, 0, 0, 2, 0, 0, 0, 0, 0, 0, 0, 0, 0, 0, 0, 2, 0, 0, 0, 0, 1, 0, 0, 1, 0, 0, 2, 2, 0, 0, 2, 0, 0, 0, 0, 0, 0, 0, 0, 0, 0, 2, 2, 2, 0, 0, 0, 0, 1, 1, 0, 0, 1, 0, 2, 2, 3, 4, 1, 2, 3, 1, 4, 0, 1, 3, 5, 1, 4, 5, 6, 5, 73, 0, 0, 0, 0, 0, 0]",4,10.144180753334803,-1,0
432,"[0, 0, 0, 1, 2, 0, 1, 0, 0, 0, 0, 2, 0, 0, 0, 0, 0, 0, 0, 0, 0, 0, 0, 2, 0, 0, 0, 0, 1, 0, 0, 1, 0, 0, 2, 2, 0, 0, 2, 0, 0, 0, 0, 0, 0, 0, 0, 0, 0, 2, 2, 2, 0, 0, 0, 0, 1, 1, 0, 0, 1, 0, 2, 2, 3, 4, 1, 2, 3, 1, 4, 0, 1, 3, 5, 1, 4, 5, 6, 5, 73, 1, 0, 0, 0, 0, 0]",3,0.3987637078216778,-1,1
433,"[0, 0, 0, 1, 0, 0, 2, 0, 0, 0, 0, 2, 0, 0, 0, 0, 0, 0, 0, 0, 0, 0, 0, 2, 0, 0, 0, 0, 1, 0, 0, 1, 0, 0, 2, 2, 0, 0, 2, 0, 0, 0, 0, 0, 0, 0, 0, 0, 0, 2, 2, 2, 0, 0, 0, 0, 1, 1, 0, 0, 1, 0, 2, 2, 3, 4, 1, 2, 3, 1, 4, 0, 1, 3, 5, 1, 4, 5, 6, 5, 73, 0, 0, 0, 0, 0, 0]","[[2 0 0 0]
 [0 0 1 0]]",0.00022138973271882442,-1,1
434,"[0, 0, 0, 1, 0, 0, 2, 0, 0, 0, 0, 2, 0, 0, 0, 0, 0, 0, 0, 0, 0, 0, 0, 2, 0, 0, 0, 0, 1, 0, 0, 1, 0, 0, 2, 2, 0, 0, 2, 0, 0, 0, 0, 0, 0, 0, 0, 0, 0, 2, 2, 2, 0, 0, 0, 0, 1, 1, 0, 0, 1, 0, 2, 2, 3, 4, 1, 2, 3, 1, 4, 0, 1, 3, 5, 1, 4, 5, 6, 5, 73, 0, 1, 0, 0, 0, 0]",2,0.5987637078216778,-1,1
435,"[0, 0, 0, 1, 0, 0, 2, 0, 0, 0, 0, 2, 0, 0, 0, 0, 0, 0, 0, 0, 0, 0, 0, 2, 0, 0, 0, 0, 1, 0, 0, 1, 0, 0, 2, 2, 0, 0, 2, 0, 0, 0, 0, 0, 0, 0, 0, 0, 0, 2, 2, 2, 0, 0, 0, 0, 1, 1, 0, 0, 1, 0, 2, 2, 3, 4, 1, 2, 3, 1, 4, 0, 1, 3, 5, 1, 4, 5, 6, 5, 73, 0, 1, 0, 0, 1, 0]","[[0 0 1 0]
 [0 0 0 1]]",0.8491885728797687,-1,1
436,"[0, 0, 0, 1, 0, 0, 2, 0, 0, 0, 0, 2, 0, 0, 0, 0, 0, 0, 0, 0, 0, 0, 0, 2, 0, 0, 0, 0, 1, 0, 0, 1, 0, 0, 2, 2, 0, 0, 2, 0, 0, 0, 0, 0, 0, 0, 0, 0, 0, 2, 2, 2, 0, 0, 0, 0, 1, 1, 0, 0, 1, 0, 2, 2, 3, 4, 1, 2, 3, 1, 4, 0, 1, 3, 5, 1, 4, 5, 6, 5, 73, 0, 0, 0, 0, 0, 0]",1,-0.0012362921783222289,-1,0
437,"[0, 0, 0, 1, 0, 0, 2, 0, 0, 0, 0, 2, 0, 0, 0, 0, 0, 0, 0, 0, 0, 0, 0, 2, 0, 0, 0, 0, 1, 0, 0, 1, 0, 0, 2, 2, 0, 0, 2, 0, 0, 0, 0, 0, 0, 0, 0, 0, 0, 2, 2, 2, 0, 0, 0, 0, 1, 1, 0, 0, 1, 0, 2, 2, 3, 4, 1, 2, 3, 1, 4, 0, 1, 3, 5, 1, 4, 5, 6, 5, 73, 0, 1, 0, 0, 0, 0]",2,0.5987637078216778,-1,1
438,"[0, 0, 0, 1, 0, 0, 2, 0, 0, 0, 0, 2, 0, 0, 0, 0, 0, 0, 0, 0, 0, 0, 0, 2, 0, 0, 0, 0, 1, 0, 0, 1, 0, 0, 2, 2, 0, 0, 2, 0, 0, 0, 0, 0, 0, 0, 0, 0, 0, 2, 2, 2, 0, 0, 0, 0, 1, 1, 0, 0, 1, 0, 2, 2, 3, 4, 1, 2, 3, 1, 4, 0, 1, 3, 5, 1, 4, 5, 6, 5, 73, 0, 1, 0, 0, 1, 0]","[[0 0 1 0]
 [0 0 0 1]]",0.8491885728797687,-1,1
439,"[0, 0, 1, 0, 0, 0, 1, 1, 0, 0, 0, 2, 0, 0, 0, 0, 0, 0, 0, 0, 0, 0, 0, 2, 0, 0, 0, 0, 1, 0, 0, 1, 0, 0, 2, 2, 0, 0, 2, 0, 0, 0, 0, 0, 0, 0, 0, 0, 0, 2, 2, 2, 0, 0, 0, 0, 1, 1, 0, 0, 1, 0, 2, 2, 3, 4, 1, 2, 3, 1, 4, 0, 1, 3, 5, 1, 4, 5, 6, 5, 73, 0, 0, 0, 0, 0, 0]",0,-0.0012362921783222289,-1,0
440,"[0, 0, 1, 0, 0, 0, 1, 1, 0, 0, 0, 2, 0, 0, 0, 0, 0, 0, 0, 0, 0, 0, 0, 2, 0, 0, 0, 0, 1, 0, 0, 1, 0, 0, 2, 2, 0, 0, 2, 0, 0, 0, 0, 0, 0, 0, 0, 0, 0, 2, 2, 2, 0, 0, 0, 0, 1, 1, 0, 0, 1, 0, 2, 2, 3, 4, 1, 2, 3, 1, 4, 0, 1, 3, 5, 1, 4, 5, 6, 5, 73, 0, 1, 0, 0, 0, 0]",2,0.5987637078216778,-1,1
441,"[0, 0, 1, 0, 0, 0, 1, 1, 0, 0, 0, 2, 0, 0, 0, 0, 0, 0, 0, 0, 0, 0, 0, 2, 0, 0, 0, 0, 1, 0, 0, 1, 0, 0, 2, 2, 0, 0, 2, 0, 0, 0, 0, 0, 0, 0, 0, 0, 0, 2, 2, 2, 0, 0, 0, 0, 1, 1, 0, 0, 1, 0, 2, 2, 3, 4, 1, 2, 3, 1, 4, 0, 1, 3, 5, 1, 4, 5, 6, 5, 73, 0, 0, 0, 0, 0, 0]",-1,-0.024095449504510123,-1,1
442,"[0, 0, 1, 0, 0, 0, 1, 1, 0, 0, 0, 2, 0, 0, 0, 0, 0, 0, 0, 0, 0, 0, 0, 2, 0, 0, 0, 0, 1, 0, 0, 1, 0, 0, 2, 2, 0, 0, 2, 0, 0, 0, 0, 0, 0, 0, 0, 0, 0, 2, 2, 2, 0, 0, 0, 0, 1, 1, 0, 0, 1, 0, 2, 2, 3, 4, 1, 2, 3, 1, 4, 0, 1, 3, 5, 1, 4, 5, 6, 5, 73, 0, 1, 0, 0, 0, 0]",2,0.5987637078216778,-1,1
443,"[0, 0, 1, 0, 0, 0, 1, 1, 0, 0, 0, 2, 0, 0, 0, 0, 0, 0, 0, 0, 0, 0, 0, 2, 0, 0, 0, 0, 1, 0, 0, 1, 0, 0, 2, 2, 0, 0, 2, 0, 0, 0, 0, 0, 0, 0, 0, 0, 0, 2, 2, 2, 0, 0, 0, 0, 1, 1, 0, 0, 1, 0, 2, 2, 3, 4, 1, 2, 3, 1, 4, 0, 1, 3, 5, 1, 4, 5, 6, 5, 73, 0, 0, 0, 0, 0, 0]",-1,-0.024095449504510123,-1,1
444,"[0, 0, 1, 0, 0, 0, 2, 3, 0, 0, 0, 2, 0, 0, 0, 0, 0, 0, 0, 0, 0, 0, 0, 2, 0, 0, 0, 0, 1, 0, 0, 1, 0, 0, 2, 2, 0, 0, 2, 0, 0, 0, 0, 0, 0, 0, 0, 0, 0, 2, 2, 2, 0, 0, 0, 0, 1, 1, 0, 0, 1, 0, 2, 2, 3, 4, 1, 2, 3, 1, 4, 0, 1, 3, 5, 1, 4, 5, 6, 5, 74, 0, 0, 0, 0, 0, 0]",4,14.1778224347153,-1,1
445,"[0, 0, 1, 0, 0, 0, 2, 3, 0, 0, 0, 2, 0, 0, 0, 0, 0, 0, 0, 0, 0, 0, 0, 2, 0, 0, 0, 0, 1, 0, 0, 1, 0, 0, 2, 2, 0, 0, 2, 0, 0, 0, 0, 0, 0, 0, 0, 0, 0, 2, 2, 2, 0, 0, 0, 0, 1, 1, 0, 0, 1, 0, 2, 2, 3, 4, 1, 2, 3, 1, 4, 0, 1, 3, 5, 1, 4, 5, 6, 5, 74, 0, 1, 0, 0, 0, 0]",2,0.5987135783066162,-1,0
446,"[0, 0, 1, 0, 0, 0, 2, 3, 0, 0, 0, 2, 0, 0, 0, 0, 0, 0, 0, 0, 0, 0, 0, 2, 0, 0, 0, 0, 1, 0, 0, 1, 0, 0, 2, 2, 0, 0, 2, 0, 0, 0, 0, 0, 0, 0, 0, 0, 0, 2, 2, 2, 0, 0, 0, 0, 1, 1, 0, 0, 1, 0, 2, 2, 3, 4, 1, 2, 3, 1, 4, 0, 1, 3, 5, 1, 4, 5, 6, 5, 74, 0, 1, 0, 0, 1, 0]","[[0 0 1 0]
 [0 0 0 1]]",0.8491384433647071,-1,0
447,"[0, 0, 0, 1, 0, 0, 3, 2, 0, 0, 0, 2, 0, 0, 0, 0, 0, 0, 0, 0, 0, 0, 0, 2, 0, 0, 0, 0, 1, 0, 0, 1, 0, 0, 2, 2, 0, 0, 2, 0, 0, 0, 0, 0, 0, 0, 0, 0, 0, 2, 2, 2, 0, 0, 0, 0, 1, 1, 0, 0, 1, 0, 2, 2, 3, 4, 1, 2, 3, 1, 4, 0, 1, 3, 5, 1, 4, 5, 6, 5, 74, 0, 0, 0, 0, 0, 0]",0,-0.001286421693383727,-1,1
448,"[0, 0, 0, 1, 0, 0, 3, 2, 0, 0, 0, 2, 0, 0, 0, 0, 0, 0, 0, 0, 0, 0, 0, 2, 0, 0, 0, 0, 1, 0, 0, 1, 0, 0, 2, 2, 0, 0, 2, 0, 0, 0, 0, 0, 0, 0, 0, 0, 0, 2, 2, 2, 0, 0, 0, 0, 1, 1, 0, 0, 1, 0, 2, 2, 3, 4, 1, 2, 3, 1, 4, 0, 1, 3, 5, 1, 4, 5, 6, 5, 74, 0, 1, 0, 0, 0, 0]",2,0.5987135783066162,-1,0
449,"[0, 0, 0, 1, 0, 0, 3, 2, 0, 0, 0, 2, 0, 0, 0, 0, 0, 0, 0, 0, 0, 0, 0, 2, 0, 0, 0, 0, 1, 0, 0, 1, 0, 0, 2, 2, 0, 0, 2, 0, 0, 0, 0, 0, 0, 0, 0, 0, 0, 2, 2, 2, 0, 0, 0, 0, 1, 1, 0, 0, 1, 0, 2, 2, 3, 4, 1, 2, 3, 1, 4, 0, 1, 3, 5, 1, 4, 5, 6, 5, 74, 0, 1, 0, 0, 1, 0]","[[0 0 0 1]
 [0 0 1 0]]",0.8491384433647071,-1,0
450,"[0, 0, 1, 0, 0, 0, 2, 3, 0, 0, 0, 2, 0, 0, 0, 0, 0, 0, 0, 0, 0, 0, 0, 2, 0, 0, 0, 0, 1, 0, 0, 1, 0, 0, 2, 2, 0, 0, 2, 0, 0, 0, 0, 0, 0, 0, 0, 0, 0, 2, 2, 2, 0, 0, 0, 0, 1, 1, 0, 0, 1, 0, 2, 2, 3, 4, 1, 2, 3, 1, 4, 0, 1, 3, 5, 1, 4, 5, 6, 5, 74, 0, 0, 0, 0, 0, 0]",0,-0.001286421693383727,-1,1
451,"[0, 0, 1, 0, 0, 0, 2, 3, 0, 0, 0, 2, 0, 0, 0, 0, 0, 0, 0, 0, 0, 0, 0, 2, 0, 0, 0, 0, 1, 0, 0, 1, 0, 0, 2, 2, 0, 0, 2, 0, 0, 0, 0, 0, 0, 0, 0, 0, 0, 2, 2, 2, 0, 0, 0, 0, 1, 1, 0, 0, 1, 0, 2, 2, 3, 4, 1, 2, 3, 1, 4, 0, 1, 3, 5, 1, 4, 5, 6, 5, 75, 0, 0, 0, 0, 0, 0]",4,10.143114641284377,-1,0
452,"[0, 0, 1, 0, 0, 0, 2, 3, 0, 0, 0, 2, 0, 0, 0, 0, 0, 0, 0, 0, 0, 0, 0, 2, 0, 0, 0, 0, 1, 0, 0, 1, 0, 0, 2, 2, 0, 0, 2, 0, 0, 0, 0, 0, 0, 0, 0, 0, 0, 2, 2, 2, 0, 0, 0, 0, 1, 1, 0, 0, 1, 0, 2, 2, 3, 4, 1, 2, 3, 1, 4, 0, 1, 3, 5, 1, 4, 5, 6, 5, 75, 1, 0, 0, 0, 0, 0]",3,0.3986614298151431,-1,1
453,"[0, 0, 1, 0, 0, 1, 0, 3, 0, 0, 0, 2, 0, 0, 0, 0, 0, 0, 0, 0, 0, 0, 0, 2, 0, 0, 0, 0, 1, 0, 0, 1, 0, 0, 2, 2, 0, 0, 2, 0, 0, 0, 0, 0, 0, 0, 0, 0, 0, 2, 2, 2, 0, 0, 0, 0, 1, 1, 0, 0, 1, 0, 2, 2, 3, 4, 1, 2, 3, 1, 4, 0, 1, 3, 5, 1, 4, 5, 6, 5, 75, 0, 0, 0, 0, 0, 0]","[[0 0 2 0]
 [0 1 0 0]]",0.00011911172618408214,-1,1
454,"[0, 0, 1, 0, 0, 1, 0, 3, 0, 0, 0, 2, 0, 0, 0, 0, 0, 0, 0, 0, 0, 0, 0, 2, 0, 0, 0, 0, 1, 0, 0, 1, 0, 0, 2, 2, 0, 0, 2, 0, 0, 0, 0, 0, 0, 0, 0, 0, 0, 2, 2, 2, 0, 0, 0, 0, 1, 1, 0, 0, 1, 0, 2, 2, 3, 4, 1, 2, 3, 1, 4, 0, 1, 3, 5, 1, 4, 5, 6, 5, 75, 1, 0, 0, 0, 0, 0]",3,0.3986614298151431,-1,1
455,"[0, 0, 1, 0, 0, 1, 1, 1, 0, 0, 0, 2, 0, 0, 0, 0, 0, 0, 0, 0, 0, 0, 0, 2, 0, 0, 0, 0, 1, 0, 0, 1, 0, 0, 2, 2, 0, 0, 2, 0, 0, 0, 0, 0, 0, 0, 0, 0, 0, 2, 2, 2, 0, 0, 0, 0, 1, 1, 0, 0, 1, 0, 2, 2, 3, 4, 1, 2, 3, 1, 4, 0, 1, 3, 5, 1, 4, 5, 6, 5, 75, 0, 0, 0, 0, 0, 0]","[[0 0 0 2]
 [0 0 1 0]]",0.00011911172618408214,-1,1
456,"[0, 0, 1, 0, 1, 1, 1, 1, 0, 0, 0, 2, 0, 0, 0, 0, 0, 0, 0, 0, 0, 0, 0, 2, 0, 0, 0, 0, 1, 0, 0, 1, 0, 0, 2, 2, 0, 0, 2, 0, 0, 0, 0, 0, 0, 0, 0, 0, 0, 2, 2, 2, 0, 0, 0, 0, 1, 1, 0, 0, 1, 0, 2, 2, 3, 4, 1, 2, 3, 1, 4, 0, 1, 3, 5, 1, 4, 5, 6, 5, 76, 0, 0, 0, 0, 0, 0]",4,15.445843837438549,-1,1
457,"[0, 0, 1, 0, 1, 1, 1, 1, 0, 0, 0, 2, 0, 0, 0, 0, 0, 0, 0, 0, 0, 0, 0, 2, 0, 0, 0, 0, 1, 0, 0, 1, 0, 0, 2, 2, 0, 0, 2, 0, 0, 0, 0, 0, 0, 0, 0, 0, 0, 2, 2, 2, 0, 0, 0, 0, 1, 1, 0, 0, 1, 0, 2, 2, 3, 4, 1, 2, 3, 1, 4, 0, 1, 3, 5, 1, 4, 5, 6, 5, 76, 0, 1, 0, 0, 0, 0]",2,0.5986071821644475,-1,0
458,"[0, 0, 1, 0, 1, 1, 1, 1, 0, 0, 0, 2, 0, 0, 0, 0, 0, 0, 0, 0, 0, 0, 0, 2, 0, 0, 0, 0, 1, 0, 0, 1, 0, 0, 2, 2, 0, 0, 2, 0, 0, 0, 0, 0, 0, 0, 0, 0, 0, 2, 2, 2, 0, 0, 0, 0, 1, 1, 0, 0, 1, 0, 2, 2, 3, 4, 1, 2, 3, 1, 4, 0, 1, 3, 5, 1, 4, 5, 6, 5, 76, 0, 1, 0, 0, 1, 0]","[[0 0 1 0]
 [0 0 0 1]]",0.8490320472225384,-1,0
459,"[0, 0, 0, 1, 1, 1, 2, 0, 0, 0, 0, 2, 0, 0, 0, 0, 0, 0, 0, 0, 0, 0, 0, 2, 0, 0, 0, 0, 1, 0, 0, 1, 0, 0, 2, 2, 0, 0, 2, 0, 0, 0, 0, 0, 0, 0, 0, 0, 0, 2, 2, 2, 0, 0, 0, 0, 1, 1, 0, 0, 1, 0, 2, 2, 3, 4, 1, 2, 3, 1, 4, 0, 1, 3, 5, 1, 4, 5, 6, 5, 76, 0, 0, 0, 0, 0, 0]",0,-0.0013928178355524178,-1,1
460,"[0, 0, 0, 1, 1, 1, 2, 0, 0, 0, 0, 2, 0, 0, 0, 0, 0, 0, 0, 0, 0, 0, 0, 2, 0, 0, 0, 0, 1, 0, 0, 1, 0, 0, 2, 2, 0, 0, 2, 0, 0, 0, 0, 0, 0, 0, 0, 0, 0, 2, 2, 2, 0, 0, 0, 0, 1, 1, 0, 0, 1, 0, 2, 2, 3, 4, 1, 2, 3, 1, 4, 0, 1, 3, 5, 1, 4, 5, 6, 5, 76, 0, 1, 0, 0, 0, 0]",2,0.5986071821644475,-1,0
461,"[0, 0, 0, 1, 1, 1, 2, 0, 0, 0, 0, 2, 0, 0, 0, 0, 0, 0, 0, 0, 0, 0, 0, 2, 0, 0, 0, 0, 1, 0, 0, 1, 0, 0, 2, 2, 0, 0, 2, 0, 0, 0, 0, 0, 0, 0, 0, 0, 0, 2, 2, 2, 0, 0, 0, 0, 1, 1, 0, 0, 1, 0, 2, 2, 3, 4, 1, 2, 3, 1, 4, 0, 1, 3, 5, 1, 4, 5, 6, 5, 76, 0, 1, 0, 0, 1, 0]","[[0 0 0 1]
 [0 1 0 0]]",0.8490320472225384,-1,0
462,"[0, 0, 0, 1, 1, 1, 2, 0, 0, 0, 0, 2, 0, 0, 0, 0, 0, 0, 0, 0, 0, 0, 0, 2, 0, 0, 0, 0, 1, 0, 0, 1, 0, 0, 2, 2, 0, 0, 2, 0, 0, 0, 0, 0, 0, 0, 0, 0, 0, 2, 2, 2, 0, 0, 0, 0, 1, 1, 0, 0, 1, 0, 2, 2, 3, 4, 1, 2, 3, 1, 4, 0, 1, 3, 5, 1, 4, 5, 6, 5, 76, 0, 0, 0, 0, 0, 0]",1,-0.0013928178355524178,-1,1
463,"[0, 0, 0, 1, 1, 1, 2, 0, 0, 0, 0, 2, 0, 0, 0, 0, 0, 0, 0, 0, 0, 0, 0, 2, 0, 0, 0, 0, 1, 0, 0, 1, 0, 0, 2, 2, 0, 0, 2, 0, 0, 0, 0, 0, 0, 0, 0, 0, 0, 2, 2, 2, 0, 0, 0, 0, 1, 1, 0, 0, 1, 0, 2, 2, 3, 4, 1, 2, 3, 1, 4, 0, 1, 3, 5, 1, 4, 5, 6, 5, 76, 0, 1, 0, 0, 0, 0]",2,0.5986071821644475,-1,0
464,"[0, 0, 0, 1, 1, 1, 2, 0, 0, 0, 0, 2, 0, 0, 0, 0, 0, 0, 0, 0, 0, 0, 0, 2, 0, 0, 0, 0, 1, 0, 0, 1, 0, 0, 2, 2, 0, 0, 2, 0, 0, 0, 0, 0, 0, 0, 0, 0, 0, 2, 2, 2, 0, 0, 0, 0, 1, 1, 0, 0, 1, 0, 2, 2, 3, 4, 1, 2, 3, 1, 4, 0, 1, 3, 5, 1, 4, 5, 6, 5, 76, 0, 1, 0, 0, 1, 0]","[[0 0 0 1]
 [1 0 0 0]]",0.8490320472225384,-1,0
465,"[0, 0, 0, 1, 1, 1, 2, 0, 0, 0, 0, 2, 0, 0, 0, 0, 0, 0, 0, 0, 0, 0, 0, 2, 0, 0, 0, 0, 1, 0, 0, 1, 0, 0, 2, 2, 0, 0, 2, 0, 0, 0, 0, 0, 0, 0, 0, 0, 0, 2, 2, 2, 0, 0, 0, 0, 1, 1, 0, 0, 1, 0, 2, 2, 3, 4, 1, 2, 3, 1, 4, 0, 1, 3, 5, 1, 4, 5, 6, 5, 76, 0, 0, 0, 0, 0, 0]",1,-0.0013928178355524178,-1,1
466,"[0, 0, 0, 1, 1, 1, 2, 0, 0, 0, 0, 2, 0, 0, 0, 0, 0, 0, 0, 0, 0, 0, 0, 2, 0, 0, 0, 0, 1, 0, 0, 1, 0, 0, 2, 2, 0, 0, 2, 0, 0, 0, 0, 0, 0, 0, 0, 0, 0, 2, 2, 2, 0, 0, 0, 0, 1, 1, 0, 0, 1, 0, 2, 2, 3, 4, 1, 2, 3, 1, 4, 0, 1, 3, 5, 1, 4, 5, 6, 5, 76, 0, 0, 0, 0, 0, 0]",0,0.5842692007383004,-1,0
467,"[0, 0, 0, 1, 1, 1, 2, 0, 0, 0, 0, 2, 0, 0, 0, 0, 0, 0, 0, 0, 0, 0, 0, 2, 0, 0, 0, 0, 1, 0, 0, 1, 0, 0, 2, 2, 0, 0, 2, 0, 0, 0, 0, 0, 0, 0, 0, 0, 0, 2, 2, 2, 0, 0, 0, 0, 1, 1, 0, 0, 1, 0, 2, 2, 3, 4, 1, 2, 3, 1, 4, 0, 1, 3, 5, 1, 4, 5, 6, 5, 76, 0, 0, 0, 0, 0, 0]",-1,-0.023383321350495465,-1,0
468,"[0, 0, 0, 1, 1, 1, 1, 0, 0, 0, 0, 2, 0, 0, 0, 0, 0, 0, 0, 0, 0, 0, 0, 2, 0, 0, 0, 0, 1, 0, 0, 1, 0, 0, 2, 2, 0, 0, 2, 0, 0, 0, 0, 0, 0, 0, 0, 0, 0, 2, 2, 2, 0, 0, 0, 0, 1, 1, 0, 0, 1, 0, 2, 2, 3, 4, 1, 2, 3, 1, 4, 0, 1, 3, 5, 1, 4, 5, 6, 6, 77, 0, 0, 0, 0, 0, 0]",4,10.142059214698953,-1,0
469,"[0, 0, 0, 1, 1, 1, 1, 0, 0, 0, 0, 2, 0, 0, 0, 0, 0, 0, 0, 0, 0, 0, 0, 2, 0, 0, 0, 0, 1, 0, 0, 1, 0, 0, 2, 2, 0, 0, 2, 0, 0, 0, 0, 0, 0, 0, 0, 0, 0, 2, 2, 2, 0, 0, 0, 0, 1, 1, 0, 0, 1, 0, 2, 2, 3, 4, 1, 2, 3, 1, 4, 0, 1, 3, 5, 1, 4, 5, 6, 6, 77, 1, 0, 0, 0, 0, 0]",3,0.39855075208083374,-1,1
470,"[0, 0, 0, 1, 1, 1, 1, 0, 0, 0, 0, 2, 0, 0, 0, 0, 0, 0, 0, 0, 0, 0, 0, 2, 0, 0, 0, 0, 1, 0, 0, 1, 0, 0, 2, 2, 0, 0, 2, 0, 0, 0, 0, 0, 0, 0, 0, 0, 0, 2, 2, 2, 0, 0, 0, 0, 1, 1, 0, 0, 1, 0, 2, 2, 3, 4, 1, 2, 3, 1, 4, 0, 1, 3, 5, 1, 4, 5, 6, 6, 77, 0, 0, 0, 0, 0, 0]",-1,-0.023150653415561405,-1,1
471,"[0, 0, 0, 1, 1, 1, 1, 0, 0, 0, 0, 2, 0, 0, 0, 0, 0, 0, 0, 0, 0, 0, 0, 2, 0, 0, 0, 0, 1, 0, 0, 1, 0, 0, 2, 2, 0, 0, 2, 0, 0, 0, 0, 0, 0, 0, 0, 0, 0, 2, 2, 2, 0, 0, 0, 0, 1, 1, 0, 0, 1, 0, 2, 2, 3, 4, 1, 2, 3, 1, 4, 0, 1, 3, 5, 1, 4, 5, 6, 6, 77, 0, 1, 0, 0, 0, 0]",2,0.5985507520808336,-1,1
472,"[0, 0, 0, 1, 1, 1, 1, 0, 0, 0, 0, 2, 0, 0, 0, 0, 0, 0, 0, 0, 0, 0, 0, 2, 0, 0, 0, 0, 1, 0, 0, 1, 0, 0, 2, 2, 0, 0, 2, 0, 0, 0, 0, 0, 0, 0, 0, 0, 0, 2, 2, 2, 0, 0, 0, 0, 1, 1, 0, 0, 1, 0, 2, 2, 3, 4, 1, 2, 3, 1, 4, 0, 1, 3, 5, 1, 4, 5, 6, 6, 77, 0, 1, 0, 0, 1, 0]","[[0 0 1 0]
 [0 0 0 1]]",0.8489756171389246,-1,1
473,"[0, 0, 0, 1, 1, 1, 1, 0, 0, 0, 0, 2, 0, 0, 0, 0, 0, 0, 0, 0, 0, 0, 0, 2, 0, 0, 0, 0, 1, 0, 0, 1, 0, 0, 2, 2, 0, 0, 2, 0, 0, 0, 0, 0, 0, 0, 0, 0, 0, 2, 2, 2, 0, 0, 0, 0, 1, 1, 0, 0, 1, 0, 2, 2, 3, 4, 1, 2, 3, 1, 4, 0, 1, 3, 5, 1, 4, 5, 6, 6, 77, 0, 0, 0, 0, 0, 0]",1,-0.001449247919166286,-1,0
474,"[0, 0, 0, 1, 1, 1, 2, 2, 0, 0, 0, 2, 0, 0, 0, 0, 0, 0, 0, 0, 0, 0, 0, 2, 0, 0, 0, 0, 1, 0, 0, 1, 0, 0, 2, 2, 0, 0, 2, 0, 0, 0, 0, 0, 0, 0, 0, 0, 0, 2, 2, 2, 0, 0, 0, 0, 1, 1, 0, 0, 1, 0, 2, 2, 3, 4, 1, 2, 3, 1, 4, 0, 1, 3, 5, 1, 4, 5, 6, 6, 78, 0, 0, 0, 0, 0, 0]",4,14.816756531213224,-1,1
475,"[0, 0, 0, 1, 1, 1, 2, 2, 0, 0, 0, 2, 0, 0, 0, 0, 0, 0, 0, 0, 0, 0, 0, 2, 0, 0, 0, 0, 1, 0, 0, 1, 0, 0, 2, 2, 0, 0, 2, 0, 0, 0, 0, 0, 0, 0, 0, 0, 0, 2, 2, 2, 0, 0, 0, 0, 1, 1, 0, 0, 1, 0, 2, 2, 3, 4, 1, 2, 3, 1, 4, 0, 1, 3, 5, 1, 4, 5, 6, 6, 78, 1, 0, 0, 0, 0, 0]",3,0.39849205308832536,-1,0
476,"[0, 0, 0, 1, 1, 1, 2, 2, 0, 0, 0, 2, 0, 0, 0, 0, 0, 0, 0, 0, 0, 0, 0, 2, 0, 0, 0, 0, 1, 0, 0, 1, 0, 0, 2, 2, 0, 0, 2, 0, 0, 0, 0, 0, 0, 0, 0, 0, 0, 2, 2, 2, 0, 0, 0, 0, 1, 1, 0, 0, 1, 0, 2, 2, 3, 4, 1, 2, 3, 1, 4, 0, 1, 3, 5, 1, 4, 5, 6, 6, 78, 0, 0, 0, 0, 0, 0]",-1,-0.022920300565261176,-1,0
477,"[0, 0, 0, 1, 1, 1, 2, 2, 0, 0, 0, 2, 0, 0, 0, 0, 0, 0, 0, 0, 0, 0, 0, 2, 0, 0, 0, 0, 1, 0, 0, 1, 0, 0, 2, 2, 0, 0, 2, 0, 0, 0, 0, 0, 0, 0, 0, 0, 0, 2, 2, 2, 0, 0, 0, 0, 1, 1, 0, 0, 1, 0, 2, 2, 3, 4, 1, 2, 3, 1, 4, 0, 1, 3, 5, 1, 4, 5, 6, 6, 78, 0, 1, 0, 0, 0, 0]",2,0.5984920530883253,-1,1
478,"[0, 0, 0, 1, 1, 1, 2, 2, 0, 0, 0, 2, 0, 0, 0, 0, 0, 0, 0, 0, 0, 0, 0, 2, 0, 0, 0, 0, 1, 0, 0, 1, 0, 0, 2, 2, 0, 0, 2, 0, 0, 0, 0, 0, 0, 0, 0, 0, 0, 2, 2, 2, 0, 0, 0, 0, 1, 1, 0, 0, 1, 0, 2, 2, 3, 4, 1, 2, 3, 1, 4, 0, 1, 3, 5, 1, 4, 5, 6, 6, 78, 0, 0, 0, 0, 0, 0]",-1,-0.022920300565261176,-1,1
479,"[0, 0, 0, 1, 1, 1, 2, 2, 0, 0, 0, 2, 0, 0, 0, 0, 0, 0, 0, 0, 0, 0, 0, 2, 0, 0, 0, 0, 1, 0, 0, 1, 0, 0, 2, 2, 0, 0, 2, 0, 0, 0, 0, 0, 0, 0, 0, 0, 0, 2, 2, 2, 0, 0, 0, 0, 1, 1, 0, 0, 1, 0, 2, 2, 3, 4, 1, 2, 3, 1, 4, 0, 1, 3, 5, 1, 4, 5, 6, 6, 78, 0, 0, 0, 0, 0, 0]",0,0.44121092551189844,-1,1
480,"[0, 0, 0, 1, 1, 1, 2, 2, 0, 0, 0, 2, 0, 0, 0, 0, 0, 0, 0, 0, 0, 0, 0, 2, 0, 0, 0, 0, 1, 0, 0, 1, 0, 0, 2, 2, 0, 0, 2, 0, 0, 0, 0, 0, 0, 0, 0, 0, 0, 2, 2, 2, 0, 0, 0, 0, 1, 1, 0, 0, 1, 0, 2, 2, 3, 4, 1, 2, 3, 1, 4, 0, 1, 3, 5, 1, 4, 5, 6, 6, 78, 0, 0, 0, 0, 0, 0]",-1,-0.022920300565261176,-1,1
481,"[0, 0, 0, 1, 1, 1, 2, 2, 0, 0, 0, 2, 0, 0, 0, 0, 0, 0, 0, 0, 0, 0, 0, 2, 0, 0, 0, 0, 1, 0, 0, 1, 0, 0, 2, 2, 0, 0, 2, 0, 0, 0, 0, 0, 0, 0, 0, 0, 0, 2, 2, 2, 0, 0, 0, 0, 1, 1, 0, 0, 1, 0, 2, 2, 3, 4, 1, 2, 3, 1, 4, 0, 1, 3, 5, 1, 4, 5, 6, 6, 78, 0, 1, 0, 0, 0, 0]",2,0.5984920530883253,-1,1
482,"[0, 0, 0, 1, 1, 1, 2, 2, 0, 0, 0, 2, 0, 0, 0, 0, 0, 0, 0, 0, 0, 0, 0, 2, 0, 0, 0, 0, 1, 0, 0, 1, 0, 0, 2, 2, 0, 0, 2, 0, 0, 0, 0, 0, 0, 0, 0, 0, 0, 2, 2, 2, 0, 0, 0, 0, 1, 1, 0, 0, 1, 0, 2, 2, 3, 4, 1, 2, 3, 1, 4, 0, 1, 3, 5, 1, 4, 5, 6, 6, 78, 0, 0, 0, 0, 0, 0]",-1,-0.022920300565261176,-1,1
483,"[0, 0, 0, 1, 1, 1, 2, 2, 0, 0, 0, 2, 0, 0, 0, 0, 0, 0, 0, 0, 0, 0, 0, 2, 0, 0, 0, 0, 1, 0, 0, 1, 0, 0, 2, 2, 0, 0, 2, 0, 0, 0, 0, 0, 0, 0, 0, 0, 0, 2, 2, 2, 0, 0, 0, 0, 1, 1, 0, 0, 1, 0, 2, 2, 3, 4, 1, 2, 3, 1, 4, 0, 1, 3, 5, 1, 4, 5, 6, 6, 78, 0, 1, 0, 0, 0, 0]",2,0.5984920530883253,-1,1
484,"[0, 0, 0, 1, 1, 1, 2, 2, 0, 0, 0, 2, 0, 0, 0, 0, 0, 0, 0, 0, 0, 0, 0, 2, 0, 0, 0, 0, 1, 0, 0, 1, 0, 0, 2, 2, 0, 0, 2, 0, 0, 0, 0, 0, 0, 0, 0, 0, 0, 2, 2, 2, 0, 0, 0, 0, 1, 1, 0, 0, 1, 0, 2, 2, 3, 4, 1, 2, 3, 1, 4, 0, 1, 3, 5, 1, 4, 5, 6, 6, 78, 0, 0, 0, 0, 0, 0]",-1,-0.022920300565261176,-1,1
485,"[0, 0, 0, 1, 1, 1, 2, 2, 0, 0, 0, 2, 0, 0, 0, 0, 0, 0, 0, 0, 0, 0, 0, 2, 0, 0, 0, 0, 1, 0, 0, 1, 0, 0, 2, 2, 0, 0, 2, 0, 0, 0, 0, 0, 0, 0, 0, 0, 0, 2, 2, 2, 0, 0, 0, 0, 1, 1, 0, 0, 1, 0, 2, 2, 3, 4, 1, 2, 3, 1, 4, 0, 1, 3, 5, 1, 4, 5, 6, 6, 78, 1, 0, 0, 0, 0, 0]",3,0.39849205308832536,-1,1
486,"[0, 0, 0, 1, 2, 1, 2, 0, 0, 0, 0, 2, 0, 0, 0, 0, 0, 0, 0, 0, 0, 0, 0, 2, 0, 0, 0, 0, 1, 0, 0, 1, 0, 0, 2, 2, 0, 0, 2, 0, 0, 0, 0, 0, 0, 0, 0, 0, 0, 2, 2, 2, 0, 0, 0, 0, 1, 1, 0, 0, 1, 0, 2, 2, 3, 4, 1, 2, 3, 1, 4, 0, 1, 3, 5, 1, 4, 5, 6, 6, 78, 0, 0, 0, 0, 0, 0]","[[0 0 0 2]
 [1 0 0 0]]",-5.026500063362539e-05,-1,1
487,"[0, 0, 0, 1, 2, 1, 2, 0, 0, 0, 0, 2, 0, 0, 0, 0, 0, 0, 0, 0, 0, 0, 0, 2, 0, 0, 0, 0, 1, 0, 0, 1, 0, 0, 2, 2, 0, 0, 2, 0, 0, 0, 0, 0, 0, 0, 0, 0, 0, 2, 2, 2, 0, 0, 0, 0, 1, 1, 0, 0, 1, 0, 2, 2, 3, 4, 1, 2, 3, 1, 4, 0, 1, 3, 5, 1, 4, 5, 6, 6, 78, 0, 1, 0, 0, 0, 0]",2,0.5984920530883253,-1,1
488,"[0, 0, 0, 1, 2, 1, 2, 0, 0, 0, 0, 2, 0, 0, 0, 0, 0, 0, 0, 0, 0, 0, 0, 2, 0, 0, 0, 0, 1, 0, 0, 1, 0, 0, 2, 2, 0, 0, 2, 0, 0, 0, 0, 0, 0, 0, 0, 0, 0, 2, 2, 2, 0, 0, 0, 0, 1, 1, 0, 0, 1, 0, 2, 2, 3, 4, 1, 2, 3, 1, 4, 0, 1, 3, 5, 1, 4, 5, 6, 6, 78, 0, 1, 0, 0, 1, 0]","[[1 0 0 0]
 [0 0 0 1]]",0.8489169181464162,-1,1
489,"[0, 0, 0, 1, 2, 1, 2, 0, 0, 0, 0, 2, 0, 0, 0, 0, 0, 0, 0, 0, 0, 0, 0, 2, 0, 0, 0, 0, 1, 0, 0, 1, 0, 0, 2, 2, 0, 0, 2, 0, 0, 0, 0, 0, 0, 0, 0, 0, 0, 2, 2, 2, 0, 0, 0, 0, 1, 1, 0, 0, 1, 0, 2, 2, 3, 4, 1, 2, 3, 1, 4, 0, 1, 3, 5, 1, 4, 5, 6, 6, 78, 0, 0, 0, 0, 0, 0]",1,-0.0015079469116746787,-1,0
490,"[0, 0, 0, 1, 2, 1, 2, 0, 0, 0, 0, 2, 0, 0, 0, 0, 0, 0, 0, 0, 0, 0, 0, 2, 0, 0, 0, 0, 1, 0, 0, 1, 0, 0, 2, 2, 0, 0, 2, 0, 0, 0, 0, 0, 0, 0, 0, 0, 0, 2, 2, 2, 0, 0, 0, 0, 1, 1, 0, 0, 1, 0, 2, 2, 3, 4, 1, 2, 3, 1, 4, 0, 1, 3, 5, 1, 4, 5, 6, 6, 78, 1, 0, 0, 0, 0, 0]",3,0.39849205308832536,-1,1
491,"[0, 0, 0, 1, 3, 1, 0, 0, 0, 0, 0, 2, 0, 0, 0, 0, 0, 0, 0, 0, 0, 0, 0, 2, 0, 0, 0, 0, 1, 0, 0, 1, 0, 0, 2, 2, 0, 0, 2, 0, 0, 0, 0, 0, 0, 0, 0, 0, 0, 2, 2, 2, 0, 0, 0, 0, 1, 1, 0, 0, 1, 0, 2, 2, 3, 4, 1, 2, 3, 1, 4, 0, 1, 3, 5, 1, 4, 5, 6, 6, 78, 0, 0, 0, 0, 0, 0]","[[0 0 2 0]
 [1 0 0 0]]",-5.026500063362539e-05,-1,1
492,"[0, 0, 0, 1, 3, 1, 0, 0, 0, 0, 0, 2, 0, 0, 0, 0, 0, 0, 0, 0, 0, 0, 0, 2, 0, 0, 0, 0, 1, 0, 0, 1, 0, 0, 2, 2, 0, 0, 2, 0, 0, 0, 0, 0, 0, 0, 0, 0, 0, 2, 2, 2, 0, 0, 0, 0, 1, 1, 0, 0, 1, 0, 2, 2, 3, 4, 1, 2, 3, 1, 4, 0, 1, 3, 5, 1, 4, 5, 6, 6, 78, 1, 0, 0, 0, 0, 0]",3,0.39849205308832536,-1,1
493,"[0, 0, 0, 1, 1, 1, 1, 0, 0, 0, 0, 2, 0, 0, 0, 0, 0, 0, 0, 0, 0, 0, 0, 2, 0, 0, 0, 0, 1, 0, 0, 1, 0, 0, 2, 2, 0, 0, 2, 0, 0, 0, 0, 0, 0, 0, 0, 0, 0, 2, 2, 2, 0, 0, 0, 0, 1, 1, 0, 0, 1, 0, 2, 2, 3, 4, 1, 2, 3, 1, 4, 0, 1, 3, 5, 1, 4, 5, 6, 6, 78, 0, 0, 0, 0, 0, 0]","[[2 0 0 0]
 [0 0 1 0]]",-5.026500063362539e-05,-1,1
494,"[0, 0, 0, 1, 1, 1, 1, 0, 0, 0, 0, 2, 0, 0, 0, 0, 0, 0, 0, 0, 0, 0, 0, 2, 0, 0, 0, 0, 1, 0, 0, 1, 0, 0, 2, 2, 0, 0, 2, 0, 0, 0, 0, 0, 0, 0, 0, 0, 0, 2, 2, 2, 0, 0, 0, 0, 1, 1, 0, 0, 1, 0, 2, 2, 3, 4, 1, 2, 3, 1, 4, 0, 1, 3, 5, 1, 4, 5, 6, 6, 78, 0, 0, 0, 0, 0, 0]",0,0.44121092551189844,-1,1
495,"[0, 0, 0, 1, 1, 1, 1, 0, 0, 0, 0, 2, 0, 0, 0, 0, 0, 0, 0, 0, 0, 0, 0, 2, 0, 0, 0, 0, 1, 0, 0, 1, 0, 0, 2, 2, 0, 0, 2, 0, 0, 0, 0, 0, 0, 0, 0, 0, 0, 2, 2, 2, 0, 0, 0, 0, 1, 1, 0, 0, 1, 0, 2, 2, 3, 4, 1, 2, 3, 1, 4, 0, 1, 3, 5, 1, 4, 5, 6, 6, 78, 0, 0, 0, 0, 0, 0]",-1,-0.022920300565261176,-1,1
496,"[0, 0, 0, 1, 1, 1, 1, 0, 0, 0, 0, 2, 0, 0, 0, 0, 0, 0, 0, 0, 0, 0, 0, 2, 0, 0, 0, 0, 1, 0, 0, 1, 0, 0, 2, 2, 0, 0, 2, 0, 0, 0, 0, 0, 0, 0, 0, 0, 0, 2, 2, 2, 0, 0, 0, 0, 1, 1, 0, 0, 1, 0, 2, 2, 3, 4, 1, 2, 3, 1, 4, 0, 1, 3, 5, 1, 4, 5, 6, 6, 78, 0, 1, 0, 0, 0, 0]",2,0.5984920530883253,-1,1
497,"[0, 0, 0, 1, 1, 1, 1, 0, 0, 0, 0, 2, 0, 0, 0, 0, 0, 0, 0, 0, 0, 0, 0, 2, 0, 0, 0, 0, 1, 0, 0, 1, 0, 0, 2, 2, 0, 0, 2, 0, 0, 0, 0, 0, 0, 0, 0, 0, 0, 2, 2, 2, 0, 0, 0, 0, 1, 1, 0, 0, 1, 0, 2, 2, 3, 4, 1, 2, 3, 1, 4, 0, 1, 3, 5, 1, 4, 5, 6, 6, 78, 0, 1, 0, 0, 1, 0]","[[0 1 0 0]
 [0 0 0 1]]",0.8489169181464162,-1,1
498,"[0, 0, 0, 1, 1, 1, 1, 0, 0, 0, 0, 2, 0, 0, 0, 0, 0, 0, 0, 0, 0, 0, 0, 2, 0, 0, 0, 0, 1, 0, 0, 1, 0, 0, 2, 2, 0, 0, 2, 0, 0, 0, 0, 0, 0, 0, 0, 0, 0, 2, 2, 2, 0, 0, 0, 0, 1, 1, 0, 0, 1, 0, 2, 2, 3, 4, 1, 2, 3, 1, 4, 0, 1, 3, 5, 1, 4, 5, 6, 6, 78, 0, 0, 0, 0, 0, 0]",1,-0.0015079469116746787,-1,0
499,"[0, 0, 0, 1, 1, 1, 1, 0, 0, 0, 0, 2, 0, 0, 0, 0, 0, 0, 0, 0, 0, 0, 0, 2, 0, 0, 0, 0, 1, 0, 0, 1, 0, 0, 2, 2, 0, 0, 2, 0, 0, 0, 0, 0, 0, 0, 0, 0, 0, 2, 2, 2, 0, 0, 0, 0, 1, 1, 0, 0, 1, 0, 2, 2, 3, 4, 1, 2, 3, 1, 4, 0, 1, 3, 5, 1, 4, 5, 6, 6, 78, 0, 0, 0, 0, 0, 0]",0,0.44121092551189844,-1,1
500,"[0, 0, 0, 1, 1, 1, 1, 0, 0, 0, 0, 2, 0, 0, 0, 0, 0, 0, 0, 0, 0, 0, 0, 2, 0, 0, 0, 0, 1, 0, 0, 1, 0, 0, 2, 2, 0, 0, 2, 0, 0, 0, 0, 0, 0, 0, 0, 0, 0, 2, 2, 2, 0, 0, 0, 0, 1, 1, 0, 0, 1, 0, 2, 2, 3, 4, 1, 2, 3, 1, 4, 0, 1, 3, 5, 1, 4, 5, 6, 6, 78, 0, 0, 0, 0, 0, 0]",-1,-0.022920300565261176,-1,1
501,"[0, 0, 0, 1, 1, 1, 1, 0, 0, 0, 0, 2, 0, 0, 0, 0, 0, 0, 0, 0, 0, 0, 0, 2, 0, 0, 0, 0, 1, 0, 0, 1, 0, 0, 2, 2, 0, 0, 2, 0, 0, 0, 0, 0, 0, 0, 0, 0, 0, 2, 2, 2, 0, 0, 0, 0, 1, 1, 0, 0, 1, 0, 2, 2, 3, 4, 1, 2, 3, 1, 4, 0, 1, 3, 5, 1, 4, 5, 6, 6, 78, 1, 0, 0, 0, 0, 0]",3,0.39849205308832536,-1,1
502,"[0, 0, 0, 1, 1, 1, 1, 0, 0, 0, 0, 2, 0, 0, 0, 0, 0, 0, 0, 0, 0, 0, 0, 2, 0, 0, 0, 0, 1, 0, 0, 1, 0, 0, 2, 2, 0, 0, 2, 0, 0, 0, 0, 0, 0, 0, 0, 0, 0, 2, 2, 2, 0, 0, 0, 0, 1, 1, 0, 0, 1, 0, 2, 2, 3, 4, 1, 2, 3, 1, 4, 0, 1, 3, 5, 1, 4, 5, 6, 6, 78, 0, 0, 0, 0, 0, 0]",-1,-0.022920300565261176,-1,1
503,"[0, 0, 0, 1, 1, 1, 1, 0, 0, 0, 0, 2, 0, 0, 0, 0, 0, 0, 0, 0, 0, 0, 0, 2, 0, 0, 0, 0, 1, 0, 0, 1, 0, 0, 2, 2, 0, 0, 2, 0, 0, 0, 0, 0, 0, 0, 0, 0, 0, 2, 2, 2, 0, 0, 0, 0, 1, 1, 0, 0, 1, 0, 2, 2, 3, 4, 1, 2, 3, 1, 4, 0, 1, 3, 5, 1, 4, 5, 6, 6, 78, 1, 0, 0, 0, 0, 0]",3,0.39849205308832536,-1,1
504,"[0, 0, 0, 1, 1, 1, 1, 0, 0, 0, 0, 2, 0, 0, 0, 0, 0, 0, 0, 0, 0, 0, 0, 2, 0, 0, 0, 0, 1, 0, 0, 1, 0, 0, 2, 2, 0, 0, 2, 0, 0, 0, 0, 0, 0, 0, 0, 0, 0, 2, 2, 2, 0, 0, 0, 0, 1, 1, 0, 0, 1, 0, 2, 2, 3, 4, 1, 2, 3, 1, 4, 0, 1, 3, 5, 1, 4, 5, 6, 6, 78, 0, 0, 0, 0, 0, 0]",-1,-0.022920300565261176,-1,1
505,"[0, 0, 0, 1, 1, 1, 1, 0, 0, 0, 0, 2, 0, 0, 0, 0, 0, 0, 0, 0, 0, 0, 0, 2, 0, 0, 0, 0, 1, 0, 0, 1, 0, 0, 2, 2, 0, 0, 2, 0, 0, 0, 0, 0, 0, 0, 0, 0, 0, 2, 2, 2, 0, 0, 0, 0, 1, 1, 0, 0, 1, 0, 2, 2, 3, 4, 1, 2, 3, 1, 4, 0, 1, 3, 5, 1, 4, 5, 6, 6, 78, 1, 0, 0, 0, 0, 0]",3,0.39849205308832536,-1,1
506,"[0, 0, 0, 1, 1, 1, 1, 0, 0, 0, 0, 2, 0, 0, 0, 0, 0, 0, 0, 0, 0, 0, 0, 2, 0, 0, 0, 0, 1, 0, 0, 1, 0, 0, 2, 2, 0, 0, 2, 0, 0, 0, 0, 0, 0, 0, 0, 0, 0, 2, 2, 2, 0, 0, 0, 0, 1, 1, 0, 0, 1, 0, 2, 2, 3, 4, 1, 2, 3, 1, 4, 0, 1, 3, 5, 1, 4, 5, 6, 6, 78, 0, 0, 0, 0, 0, 0]",-1,-0.022920300565261176,-1,1
507,"[0, 0, 0, 1, 1, 1, 1, 0, 0, 0, 0, 2, 0, 0, 0, 0, 0, 0, 0, 0, 0, 0, 0, 2, 0, 0, 0, 0, 1, 0, 0, 1, 0, 0, 2, 2, 0, 0, 2, 0, 0, 0, 0, 0, 0, 0, 0, 0, 0, 2, 2, 2, 0, 0, 0, 0, 1, 1, 0, 0, 1, 0, 2, 2, 3, 4, 1, 2, 3, 1, 4, 0, 1, 3, 5, 1, 4, 5, 6, 6, 79, 0, 0, 0, 0, 0, 0]",4,14.777664880534555,-1,1
508,"[0, 0, 0, 1, 1, 1, 1, 0, 0, 0, 0, 2, 0, 0, 0, 0, 0, 0, 0, 0, 0, 0, 0, 2, 0, 0, 0, 0, 1, 0, 0, 1, 0, 0, 2, 2, 0, 0, 2, 0, 0, 0, 0, 0, 0, 0, 0, 0, 0, 2, 2, 2, 0, 0, 0, 0, 1, 1, 0, 0, 1, 0, 2, 2, 3, 4, 1, 2, 3, 1, 4, 0, 1, 3, 5, 1, 4, 5, 6, 0, 80, 0, 0, 0, 0, 0, 0]",4,10.140493785214733,-1,0
509,"[0, 0, 0, 1, 1, 1, 1, 0, 0, 0, 0, 2, 0, 0, 0, 0, 0, 0, 0, 0, 0, 0, 0, 2, 0, 0, 0, 0, 1, 0, 0, 1, 0, 0, 2, 2, 0, 0, 2, 0, 0, 0, 0, 0, 0, 0, 0, 0, 0, 2, 2, 2, 0, 0, 0, 0, 1, 1, 0, 0, 1, 0, 2, 2, 3, 4, 1, 2, 3, 1, 4, 0, 1, 3, 5, 1, 4, 5, 6, 0, 80, 1, 0, 0, 0, 0, 0]",3,0.39836748576936803,-1,1
510,"[0, 0, 0, 1, 1, 1, 1, 0, 0, 0, 0, 2, 0, 0, 0, 0, 0, 0, 0, 0, 0, 0, 0, 2, 0, 0, 0, 0, 1, 0, 0, 1, 0, 0, 2, 2, 0, 0, 2, 0, 0, 0, 0, 0, 0, 0, 0, 0, 0, 2, 2, 2, 0, 0, 0, 0, 1, 1, 0, 0, 1, 0, 2, 2, 3, 4, 1, 2, 3, 1, 4, 0, 1, 3, 5, 1, 4, 5, 6, 0, 80, 0, 0, 0, 0, 0, 0]",-1,-0.022466448205861078,-1,1
511,"[0, 0, 0, 1, 1, 1, 1, 0, 0, 0, 0, 2, 0, 0, 0, 0, 0, 0, 0, 0, 0, 0, 0, 2, 0, 0, 0, 0, 1, 0, 0, 1, 0, 0, 2, 2, 0, 0, 2, 0, 0, 0, 0, 0, 0, 0, 0, 0, 0, 2, 2, 2, 0, 0, 0, 0, 1, 1, 0, 0, 1, 0, 2, 2, 3, 4, 1, 2, 3, 1, 4, 0, 1, 3, 5, 1, 4, 5, 6, 0, 80, 0, 0, 0, 0, 0, 0]",0,0.4410863581929411,-1,1
512,"[0, 0, 0, 1, 1, 1, 1, 0, 0, 0, 0, 2, 0, 0, 0, 0, 0, 0, 0, 0, 0, 0, 0, 2, 0, 0, 0, 0, 1, 0, 0, 1, 0, 0, 2, 2, 0, 0, 2, 0, 0, 0, 0, 0, 0, 0, 0, 0, 0, 2, 2, 2, 0, 0, 0, 0, 1, 1, 0, 0, 1, 0, 2, 2, 3, 4, 1, 2, 3, 1, 4, 0, 1, 3, 5, 1, 4, 5, 6, 0, 80, 0, 0, 0, 0, 0, 0]",-1,-0.022466448205861078,-1,1
513,"[0, 0, 0, 1, 1, 1, 1, 0, 0, 0, 0, 2, 0, 0, 0, 0, 0, 0, 0, 0, 0, 0, 0, 2, 0, 0, 0, 0, 1, 0, 0, 1, 0, 0, 2, 2, 0, 0, 2, 0, 0, 0, 0, 0, 0, 0, 0, 0, 0, 2, 2, 2, 0, 0, 0, 0, 1, 1, 0, 0, 1, 0, 2, 2, 3, 4, 1, 2, 3, 1, 4, 0, 1, 3, 5, 1, 4, 5, 6, 0, 80, 0, 1, 0, 0, 0, 0]",2,0.598367485769368,-1,1
514,"[0, 0, 0, 1, 1, 1, 1, 0, 0, 0, 0, 2, 0, 0, 0, 0, 0, 0, 0, 0, 0, 0, 0, 2, 0, 0, 0, 0, 1, 0, 0, 1, 0, 0, 2, 2, 0, 0, 2, 0, 0, 0, 0, 0, 0, 0, 0, 0, 0, 2, 2, 2, 0, 0, 0, 0, 1, 1, 0, 0, 1, 0, 2, 2, 3, 4, 1, 2, 3, 1, 4, 0, 1, 3, 5, 1, 4, 5, 6, 0, 80, 0, 1, 0, 0, 1, 0]","[[0 1 0 0]
 [0 0 0 1]]",0.848792350827459,-1,1
515,"[0, 0, 0, 1, 1, 1, 1, 0, 0, 0, 0, 2, 0, 0, 0, 0, 0, 0, 0, 0, 0, 0, 0, 2, 0, 0, 0, 0, 1, 0, 0, 1, 0, 0, 2, 2, 0, 0, 2, 0, 0, 0, 0, 0, 0, 0, 0, 0, 0, 2, 2, 2, 0, 0, 0, 0, 1, 1, 0, 0, 1, 0, 2, 2, 3, 4, 1, 2, 3, 1, 4, 0, 1, 3, 5, 1, 4, 5, 6, 0, 80, 0, 0, 0, 0, 0, 0]",1,-0.0016325142306319795,-1,0
516,"[0, 0, 0, 1, 1, 1, 1, 0, 0, 0, 0, 2, 0, 0, 0, 0, 0, 0, 0, 0, 0, 0, 0, 2, 0, 0, 0, 0, 1, 0, 0, 1, 0, 0, 2, 2, 0, 0, 2, 0, 0, 0, 0, 0, 0, 0, 0, 0, 0, 2, 2, 2, 0, 0, 0, 0, 1, 1, 0, 0, 1, 0, 2, 2, 3, 4, 1, 2, 3, 1, 4, 0, 1, 3, 5, 1, 4, 5, 6, 0, 80, 0, 0, 0, 0, 0, 0]",0,0.4410863581929411,-1,1
517,"[0, 0, 0, 1, 1, 1, 1, 0, 0, 0, 0, 2, 0, 0, 0, 0, 0, 0, 0, 0, 0, 0, 0, 2, 0, 0, 0, 0, 1, 0, 0, 1, 0, 0, 2, 2, 0, 0, 2, 0, 0, 0, 0, 0, 0, 0, 0, 0, 0, 2, 2, 2, 0, 0, 0, 0, 1, 1, 0, 0, 1, 0, 2, 2, 3, 4, 1, 2, 3, 1, 4, 0, 1, 3, 5, 1, 4, 5, 6, 0, 80, 0, 0, 0, 0, 0, 0]",-1,-0.022466448205861078,-1,1
518,"[0, 0, 0, 1, 1, 1, 1, 0, 0, 0, 0, 2, 0, 0, 0, 0, 0, 0, 0, 0, 0, 0, 0, 2, 0, 0, 0, 0, 1, 0, 0, 1, 0, 0, 2, 2, 0, 0, 2, 0, 0, 0, 0, 0, 0, 0, 0, 0, 0, 2, 2, 2, 0, 0, 0, 0, 1, 1, 0, 0, 1, 0, 2, 2, 3, 4, 1, 2, 3, 1, 4, 0, 1, 3, 5, 1, 4, 5, 6, 0, 81, 0, 0, 0, 0, 0, 0]",4,14.77662760785152,-1,1
519,"[0, 0, 0, 1, 1, 1, 1, 0, 0, 0, 0, 2, 0, 0, 0, 0, 0, 0, 0, 0, 0, 0, 0, 2, 0, 0, 0, 0, 1, 0, 0, 1, 0, 0, 2, 2, 0, 0, 2, 0, 0, 0, 0, 0, 0, 0, 0, 0, 0, 2, 2, 2, 0, 0, 0, 0, 1, 1, 0, 0, 1, 0, 2, 2, 3, 4, 1, 2, 3, 1, 4, 0, 1, 3, 5, 1, 4, 5, 6, 0, 81, 1, 0, 0, 0, 0, 0]",3,0.3983014274296712,-1,0
520,"[0, 0, 0, 1, 1, 1, 1, 0, 0, 0, 0, 2, 0, 0, 0, 0, 0, 0, 0, 0, 0, 0, 0, 2, 0, 0, 0, 0, 1, 0, 0, 1, 0, 0, 2, 2, 0, 0, 2, 0, 0, 0, 0, 0, 0, 0, 0, 0, 0, 2, 2, 2, 0, 0, 0, 0, 1, 1, 0, 0, 1, 0, 2, 2, 3, 4, 1, 2, 3, 1, 4, 0, 1, 3, 5, 1, 4, 5, 6, 0, 81, 0, 0, 0, 0, 0, 0]",-1,-0.022242903311147057,-1,0
521,"[0, 0, 0, 1, 1, 1, 1, 0, 0, 0, 0, 2, 0, 0, 0, 0, 0, 0, 0, 0, 0, 0, 0, 2, 0, 0, 0, 0, 1, 0, 0, 1, 0, 0, 2, 2, 0, 0, 2, 0, 0, 0, 0, 0, 0, 0, 0, 0, 0, 2, 2, 2, 0, 0, 0, 0, 1, 1, 0, 0, 1, 0, 2, 2, 3, 4, 1, 2, 3, 1, 4, 0, 1, 3, 5, 1, 4, 5, 6, 0, 82, 0, 0, 0, 0, 0, 0]",4,10.139460346447303,-1,0
522,"[0, 0, 0, 1, 1, 1, 1, 0, 0, 0, 0, 2, 0, 0, 0, 0, 0, 0, 0, 0, 0, 0, 0, 2, 0, 0, 0, 0, 1, 0, 0, 1, 0, 0, 2, 2, 0, 0, 2, 0, 0, 0, 0, 0, 0, 0, 0, 0, 0, 2, 2, 2, 0, 0, 0, 0, 1, 1, 0, 0, 1, 0, 2, 2, 3, 4, 1, 2, 3, 1, 4, 0, 1, 3, 5, 1, 4, 5, 6, 0, 82, 1, 0, 0, 0, 0, 0]",3,0.39823271990787845,-1,1
523,"[0, 0, 0, 1, 1, 1, 1, 0, 0, 0, 0, 2, 0, 0, 0, 0, 0, 0, 0, 0, 0, 0, 0, 2, 0, 0, 0, 0, 1, 0, 0, 1, 0, 0, 2, 2, 0, 0, 2, 0, 0, 0, 0, 0, 0, 0, 0, 0, 0, 2, 2, 2, 0, 0, 0, 0, 1, 1, 0, 0, 1, 0, 2, 2, 3, 4, 1, 2, 3, 1, 4, 0, 1, 3, 5, 1, 4, 5, 6, 0, 82, 0, 0, 0, 0, 0, 0]",-1,-0.022021582725299964,-1,1
524,"[0, 0, 0, 1, 1, 1, 1, 0, 0, 0, 0, 2, 0, 0, 0, 0, 0, 0, 0, 0, 0, 0, 0, 2, 0, 0, 0, 0, 1, 0, 0, 1, 0, 0, 2, 2, 0, 0, 2, 0, 0, 0, 0, 0, 0, 0, 0, 0, 0, 2, 2, 2, 0, 0, 0, 0, 1, 1, 0, 0, 1, 0, 2, 2, 3, 4, 1, 2, 3, 1, 4, 0, 1, 3, 5, 1, 4, 5, 6, 0, 82, 0, 1, 0, 0, 0, 0]",2,0.5982327199078784,-1,1
525,"[0, 0, 0, 1, 1, 1, 1, 0, 0, 0, 0, 2, 0, 0, 0, 0, 0, 0, 0, 0, 0, 0, 0, 2, 0, 0, 0, 0, 1, 0, 0, 1, 0, 0, 2, 2, 0, 0, 2, 0, 0, 0, 0, 0, 0, 0, 0, 0, 0, 2, 2, 2, 0, 0, 0, 0, 1, 1, 0, 0, 1, 0, 2, 2, 3, 4, 1, 2, 3, 1, 4, 0, 1, 3, 5, 1, 4, 5, 6, 0, 82, 0, 1, 0, 0, 1, 0]","[[1 0 0 0]
 [0 0 0 1]]",0.8486575849659693,-1,1
526,"[0, 0, 0, 1, 1, 1, 1, 0, 0, 0, 0, 2, 0, 0, 0, 0, 0, 0, 0, 0, 0, 0, 0, 2, 0, 0, 0, 0, 1, 0, 0, 1, 0, 0, 2, 2, 0, 0, 2, 0, 0, 0, 0, 0, 0, 0, 0, 0, 0, 2, 2, 2, 0, 0, 0, 0, 1, 1, 0, 0, 1, 0, 2, 2, 3, 4, 1, 2, 3, 1, 4, 0, 1, 3, 5, 1, 4, 5, 6, 0, 82, 0, 0, 0, 0, 0, 0]",1,-0.0017672800921215445,-1,0
527,"[0, 0, 0, 1, 1, 1, 1, 0, 0, 0, 0, 2, 0, 0, 0, 0, 0, 0, 0, 0, 0, 0, 0, 2, 0, 0, 0, 0, 1, 0, 0, 1, 0, 0, 2, 2, 0, 0, 2, 0, 0, 0, 0, 0, 0, 0, 0, 0, 0, 2, 2, 2, 0, 0, 0, 0, 1, 1, 0, 0, 1, 0, 2, 2, 3, 4, 1, 2, 3, 1, 4, 0, 1, 3, 5, 1, 4, 5, 6, 0, 82, 1, 0, 0, 0, 0, 0]",3,0.39823271990787845,-1,1
528,"[0, 0, 0, 1, 1, 1, 1, 0, 0, 0, 0, 2, 0, 0, 0, 0, 0, 0, 0, 0, 0, 0, 0, 2, 0, 0, 0, 0, 1, 0, 0, 1, 0, 0, 2, 2, 0, 0, 2, 0, 0, 0, 0, 0, 0, 0, 0, 0, 0, 2, 2, 2, 0, 0, 0, 0, 1, 1, 0, 0, 1, 0, 2, 2, 3, 4, 1, 2, 3, 1, 4, 0, 1, 3, 5, 1, 4, 5, 6, 0, 82, 0, 0, 0, 0, 0, 0]",-1,-0.022021582725299964,-1,1
529,"[0, 0, 0, 1, 1, 1, 1, 0, 0, 0, 0, 2, 0, 0, 0, 0, 0, 0, 0, 0, 0, 0, 0, 2, 0, 0, 0, 0, 1, 0, 0, 1, 0, 0, 2, 2, 0, 0, 2, 0, 0, 0, 0, 0, 0, 0, 0, 0, 0, 2, 2, 2, 0, 0, 0, 0, 1, 1, 0, 0, 1, 0, 2, 2, 3, 4, 1, 2, 3, 1, 4, 0, 1, 3, 5, 1, 4, 5, 6, 0, 82, 0, 0, 0, 0, 0, 0]",0,0.44095159233145154,-1,1
530,"[0, 0, 0, 1, 1, 1, 1, 0, 0, 0, 0, 2, 0, 0, 0, 0, 0, 0, 0, 0, 0, 0, 0, 2, 0, 0, 0, 0, 1, 0, 0, 1, 0, 0, 2, 2, 0, 0, 2, 0, 0, 0, 0, 0, 0, 0, 0, 0, 0, 2, 2, 2, 0, 0, 0, 0, 1, 1, 0, 0, 1, 0, 2, 2, 3, 4, 1, 2, 3, 1, 4, 0, 1, 3, 5, 1, 4, 5, 6, 0, 82, 0, 0, 0, 0, 0, 0]",-1,-0.022021582725299964,-1,1
531,"[0, 0, 0, 1, 1, 1, 1, 0, 0, 0, 0, 2, 0, 0, 0, 0, 0, 0, 0, 0, 0, 0, 0, 2, 0, 0, 0, 0, 1, 0, 0, 1, 0, 0, 2, 2, 0, 0, 2, 0, 0, 0, 0, 0, 0, 0, 0, 0, 0, 2, 2, 2, 0, 0, 0, 0, 1, 1, 0, 0, 1, 0, 2, 2, 3, 4, 1, 2, 3, 1, 4, 0, 1, 3, 5, 1, 4, 5, 6, 0, 82, 1, 0, 0, 0, 0, 0]",3,0.39823271990787845,-1,1
532,"[0, 0, 0, 1, 1, 1, 1, 0, 0, 0, 0, 2, 0, 0, 0, 0, 0, 0, 0, 0, 0, 0, 0, 2, 0, 0, 0, 0, 1, 0, 0, 1, 0, 0, 2, 2, 0, 0, 2, 0, 0, 0, 0, 0, 0, 0, 0, 0, 0, 2, 2, 2, 0, 0, 0, 0, 1, 1, 0, 0, 1, 0, 2, 2, 3, 4, 1, 2, 3, 1, 4, 0, 1, 3, 5, 1, 4, 5, 6, 0, 82, 0, 0, 0, 0, 0, 0]",-1,-0.022021582725299964,-1,1
533,"[0, 0, 0, 1, 1, 1, 1, 0, 0, 0, 0, 2, 0, 0, 0, 0, 0, 0, 0, 0, 0, 0, 0, 2, 0, 0, 0, 0, 1, 0, 0, 1, 0, 0, 2, 2, 0, 0, 2, 0, 0, 0, 0, 0, 0, 0, 0, 0, 0, 2, 2, 2, 0, 0, 0, 0, 1, 1, 0, 0, 1, 0, 2, 2, 3, 4, 1, 2, 3, 1, 4, 0, 1, 3, 5, 1, 4, 5, 6, 0, 83, 0, 0, 0, 0, 0, 0]",4,14.775597708387266,-1,1
534,"[0, 0, 0, 1, 1, 1, 1, 0, 0, 0, 0, 2, 0, 0, 0, 0, 0, 0, 0, 0, 0, 0, 0, 2, 0, 0, 0, 0, 1, 0, 0, 1, 0, 0, 2, 2, 0, 0, 2, 0, 0, 0, 0, 0, 0, 0, 0, 0, 0, 2, 2, 2, 0, 0, 0, 0, 1, 1, 0, 0, 1, 0, 2, 2, 3, 4, 1, 2, 3, 1, 4, 0, 1, 3, 5, 1, 4, 5, 6, 0, 83, 1, 0, 0, 0, 0, 0]",3,0.3981612589265424,-1,0
535,"[0, 0, 0, 1, 1, 1, 1, 0, 0, 0, 0, 2, 0, 0, 0, 0, 0, 0, 0, 0, 0, 0, 0, 2, 0, 0, 0, 0, 1, 0, 0, 1, 0, 0, 2, 2, 0, 0, 2, 0, 0, 0, 0, 0, 0, 0, 0, 0, 0, 2, 2, 2, 0, 0, 0, 0, 1, 1, 0, 0, 1, 0, 2, 2, 3, 4, 1, 2, 3, 1, 4, 0, 1, 3, 5, 1, 4, 5, 6, 0, 83, 0, 0, 0, 0, 0, 0]",-1,-0.02180246431607678,-1,0
536,"[0, 0, 0, 1, 1, 1, 1, 0, 0, 0, 0, 2, 0, 0, 0, 0, 0, 0, 0, 0, 0, 0, 0, 2, 0, 0, 0, 0, 1, 0, 0, 1, 0, 0, 2, 2, 0, 0, 2, 0, 0, 0, 0, 0, 0, 0, 0, 0, 0, 2, 2, 2, 0, 0, 0, 0, 1, 1, 0, 0, 1, 0, 2, 2, 3, 4, 1, 2, 3, 1, 4, 0, 1, 3, 5, 1, 4, 5, 6, 0, 83, 0, 1, 0, 0, 0, 0]",2,0.5981612589265424,-1,0
537,"[0, 0, 0, 1, 1, 1, 1, 0, 0, 0, 0, 2, 0, 0, 0, 0, 0, 0, 0, 0, 0, 0, 0, 2, 0, 0, 0, 0, 1, 0, 0, 1, 0, 0, 2, 2, 0, 0, 2, 0, 0, 0, 0, 0, 0, 0, 0, 0, 0, 2, 2, 2, 0, 0, 0, 0, 1, 1, 0, 0, 1, 0, 2, 2, 3, 4, 1, 2, 3, 1, 4, 0, 1, 3, 5, 1, 4, 5, 6, 0, 83, 0, 1, 0, 0, 1, 0]","[[0 0 0 1]
 [1 0 0 0]]",0.8485861239846333,-1,0
538,"[0, 0, 0, 1, 1, 1, 1, 0, 0, 0, 0, 2, 0, 0, 0, 0, 0, 0, 0, 0, 0, 0, 0, 2, 0, 0, 0, 0, 1, 0, 0, 1, 0, 0, 2, 2, 0, 0, 2, 0, 0, 0, 0, 0, 0, 0, 0, 0, 0, 2, 2, 2, 0, 0, 0, 0, 1, 1, 0, 0, 1, 0, 2, 2, 3, 4, 1, 2, 3, 1, 4, 0, 1, 3, 5, 1, 4, 5, 6, 0, 83, 0, 0, 0, 0, 0, 0]",1,-0.001838741073457619,-1,1
539,"[0, 0, 0, 1, 2, 1, 1, 0, 0, 0, 0, 2, 0, 0, 0, 0, 0, 0, 0, 0, 0, 0, 0, 2, 0, 0, 0, 0, 1, 0, 0, 1, 0, 0, 2, 2, 0, 0, 2, 0, 0, 0, 0, 0, 0, 0, 0, 0, 0, 2, 2, 2, 0, 0, 0, 0, 1, 1, 0, 0, 1, 0, 2, 2, 3, 4, 1, 2, 3, 1, 4, 0, 1, 3, 5, 1, 4, 5, 6, 0, 84, 0, 0, 0, 0, 0, 0]",4,10.138433684814864,-1,0
540,"[0, 0, 0, 1, 2, 1, 1, 0, 0, 0, 0, 2, 0, 0, 0, 0, 0, 0, 0, 0, 0, 0, 0, 2, 0, 0, 0, 0, 1, 0, 0, 1, 0, 0, 2, 2, 0, 0, 2, 0, 0, 0, 0, 0, 0, 0, 0, 0, 0, 2, 2, 2, 0, 0, 0, 0, 1, 1, 0, 0, 1, 0, 2, 2, 3, 4, 1, 2, 3, 1, 4, 0, 1, 3, 5, 1, 4, 5, 6, 0, 84, 1, 0, 0, 0, 0, 0]",3,0.39808693626558167,-1,1
541,"[0, 0, 0, 1, 0, 2, 1, 0, 0, 0, 0, 2, 0, 0, 0, 0, 0, 0, 0, 0, 0, 0, 0, 2, 0, 0, 0, 0, 1, 0, 0, 1, 0, 0, 2, 2, 0, 0, 2, 0, 0, 0, 0, 0, 0, 0, 0, 0, 0, 2, 2, 2, 0, 0, 0, 0, 1, 1, 0, 0, 1, 0, 2, 2, 3, 4, 1, 2, 3, 1, 4, 0, 1, 3, 5, 1, 4, 5, 6, 0, 84, 0, 0, 0, 0, 0, 0]","[[2 0 0 0]
 [0 1 0 0]]",-0.00045538182337728187,-1,1
542,"[0, 0, 0, 1, 0, 2, 1, 0, 0, 0, 0, 2, 0, 0, 0, 0, 0, 0, 0, 0, 0, 0, 0, 2, 0, 0, 0, 0, 1, 0, 0, 1, 0, 0, 2, 2, 0, 0, 2, 0, 0, 0, 0, 0, 0, 0, 0, 0, 0, 2, 2, 2, 0, 0, 0, 0, 1, 1, 0, 0, 1, 0, 2, 2, 3, 4, 1, 2, 3, 1, 4, 0, 1, 3, 5, 1, 4, 5, 6, 0, 84, 1, 0, 0, 0, 0, 0]",3,0.39808693626558167,-1,1
543,"[0, 0, 0, 1, 0, 0, 1, 1, 0, 0, 0, 2, 0, 0, 0, 0, 0, 0, 0, 0, 0, 0, 0, 2, 0, 0, 0, 0, 1, 0, 0, 1, 0, 0, 2, 2, 0, 0, 2, 0, 0, 0, 0, 0, 0, 0, 0, 0, 0, 2, 2, 2, 0, 0, 0, 0, 1, 1, 0, 0, 1, 0, 2, 2, 3, 4, 1, 2, 3, 1, 4, 0, 1, 3, 5, 1, 4, 5, 6, 0, 84, 0, 0, 0, 0, 0, 0]","[[0 2 0 0]
 [0 0 0 1]]",-0.00045538182337728187,-1,1
544,"[0, 0, 0, 1, 0, 0, 1, 1, 0, 0, 0, 2, 0, 0, 0, 0, 0, 0, 0, 0, 0, 0, 0, 2, 0, 0, 0, 0, 1, 0, 0, 1, 0, 0, 2, 2, 0, 0, 2, 0, 0, 0, 0, 0, 0, 0, 0, 0, 0, 2, 2, 2, 0, 0, 0, 0, 1, 1, 0, 0, 1, 0, 2, 2, 3, 4, 1, 2, 3, 1, 4, 0, 1, 3, 5, 1, 4, 5, 6, 0, 84, 0, 0, 0, 0, 0, 0]",0,0.44080580868915475,-1,1
545,"[0, 0, 0, 1, 0, 0, 1, 1, 0, 0, 0, 2, 0, 0, 0, 0, 0, 0, 0, 0, 0, 0, 0, 2, 0, 0, 0, 0, 1, 0, 0, 1, 0, 0, 2, 2, 0, 0, 2, 0, 0, 0, 0, 0, 0, 0, 0, 0, 0, 2, 2, 2, 0, 0, 0, 0, 1, 1, 0, 0, 1, 0, 2, 2, 3, 4, 1, 2, 3, 1, 4, 0, 1, 3, 5, 1, 4, 5, 6, 0, 84, 0, 0, 0, 0, 0, 0]",-1,-0.021585526171453987,-1,1
546,"[0, 0, 0, 1, 0, 0, 1, 1, 0, 0, 0, 2, 0, 0, 0, 0, 0, 0, 0, 0, 0, 0, 0, 2, 0, 0, 0, 0, 1, 0, 0, 1, 0, 0, 2, 2, 0, 0, 2, 0, 0, 0, 0, 0, 0, 0, 0, 0, 0, 2, 2, 2, 0, 0, 0, 0, 1, 1, 0, 0, 1, 0, 2, 2, 3, 4, 1, 2, 3, 1, 4, 0, 1, 3, 5, 1, 4, 5, 6, 6, 85, 0, 0, 0, 0, 0, 0]",4,10.137922511886657,-1,0
547,"[0, 0, 0, 1, 0, 0, 1, 1, 0, 0, 0, 2, 0, 0, 0, 0, 0, 0, 0, 0, 0, 0, 0, 2, 0, 0, 0, 0, 1, 0, 0, 1, 0, 0, 2, 2, 0, 0, 2, 0, 0, 0, 0, 0, 0, 0, 0, 0, 0, 2, 2, 2, 0, 0, 0, 0, 1, 1, 0, 0, 1, 0, 2, 2, 3, 4, 1, 2, 3, 1, 4, 0, 1, 3, 5, 1, 4, 5, 6, 6, 85, 0, 1, 0, 0, 0, 0]",2,0.5980096396266191,-1,1
548,"[0, 0, 0, 1, 0, 0, 1, 1, 0, 0, 0, 2, 0, 0, 0, 0, 0, 0, 0, 0, 0, 0, 0, 2, 0, 0, 0, 0, 1, 0, 0, 1, 0, 0, 2, 2, 0, 0, 2, 0, 0, 0, 0, 0, 0, 0, 0, 0, 0, 2, 2, 2, 0, 0, 0, 0, 1, 1, 0, 0, 1, 0, 2, 2, 3, 4, 1, 2, 3, 1, 4, 0, 1, 3, 5, 1, 4, 5, 6, 6, 85, 0, 0, 0, 0, 0, 0]",-1,-0.021370746597436336,-1,1
549,"[0, 0, 0, 1, 0, 0, 1, 1, 0, 0, 0, 2, 0, 0, 0, 0, 0, 0, 0, 0, 0, 0, 0, 2, 0, 0, 0, 0, 1, 0, 0, 1, 0, 0, 2, 2, 0, 0, 2, 0, 0, 0, 0, 0, 0, 0, 0, 0, 0, 2, 2, 2, 0, 0, 0, 0, 1, 1, 0, 0, 1, 0, 2, 2, 3, 4, 1, 2, 3, 1, 4, 0, 1, 3, 5, 1, 4, 5, 6, 6, 85, 0, 1, 0, 0, 0, 0]",2,0.5980096396266191,-1,1
550,"[0, 0, 0, 1, 0, 0, 1, 1, 0, 0, 0, 2, 0, 0, 0, 0, 0, 0, 0, 0, 0, 0, 0, 2, 0, 0, 0, 0, 1, 0, 0, 1, 0, 0, 2, 2, 0, 0, 2, 0, 0, 0, 0, 0, 0, 0, 0, 0, 0, 2, 2, 2, 0, 0, 0, 0, 1, 1, 0, 0, 1, 0, 2, 2, 3, 4, 1, 2, 3, 1, 4, 0, 1, 3, 5, 1, 4, 5, 6, 6, 85, 0, 0, 0, 0, 0, 0]",-1,-0.021370746597436336,-1,1
551,"[0, 0, 0, 1, 0, 0, 1, 1, 0, 0, 0, 2, 0, 0, 0, 0, 0, 0, 0, 0, 0, 0, 0, 2, 0, 0, 0, 0, 1, 0, 0, 1, 0, 0, 2, 2, 0, 0, 2, 0, 0, 0, 0, 0, 0, 0, 0, 0, 0, 2, 2, 2, 0, 0, 0, 0, 1, 1, 0, 0, 1, 0, 2, 2, 3, 4, 1, 2, 3, 1, 4, 0, 1, 3, 5, 1, 4, 5, 6, 2, 86, 0, 0, 0, 0, 0, 0]",4,14.500133916982431,-1,1
552,"[0, 0, 0, 1, 0, 0, 1, 1, 0, 0, 0, 2, 0, 0, 0, 0, 0, 0, 0, 0, 0, 0, 0, 2, 0, 0, 0, 0, 1, 0, 0, 1, 0, 0, 2, 2, 0, 0, 2, 0, 0, 0, 0, 0, 0, 0, 0, 0, 0, 2, 2, 2, 0, 0, 0, 0, 1, 1, 0, 0, 1, 0, 2, 2, 3, 4, 1, 2, 3, 1, 4, 0, 1, 3, 5, 1, 4, 5, 6, 2, 86, 1, 0, 0, 0, 0, 0]",3,0.3979292524937817,-1,0
553,"[0, 0, 0, 1, 0, 0, 1, 1, 0, 0, 0, 2, 0, 0, 0, 0, 0, 0, 0, 0, 0, 0, 0, 2, 0, 0, 0, 0, 1, 0, 0, 1, 0, 0, 2, 2, 0, 0, 2, 0, 0, 0, 0, 0, 0, 0, 0, 0, 0, 2, 2, 2, 0, 0, 0, 0, 1, 1, 0, 0, 1, 0, 2, 2, 3, 4, 1, 2, 3, 1, 4, 0, 1, 3, 5, 1, 4, 5, 6, 2, 86, 0, 0, 0, 0, 0, 0]",-1,-0.021158104115887442,-1,0
554,"[0, 0, 0, 1, 1, 0, 1, 1, 0, 0, 0, 2, 0, 0, 0, 0, 0, 0, 0, 0, 0, 0, 0, 2, 0, 0, 0, 0, 1, 0, 0, 1, 0, 0, 2, 2, 0, 0, 2, 0, 0, 0, 0, 0, 0, 0, 0, 0, 0, 2, 2, 2, 0, 0, 0, 0, 1, 1, 0, 0, 1, 0, 2, 2, 3, 4, 1, 2, 3, 1, 4, 0, 1, 3, 5, 1, 4, 5, 6, 2, 87, 0, 0, 0, 0, 0, 0]",4,10.136903682139875,-1,0
555,"[0, 0, 0, 1, 1, 0, 1, 1, 0, 0, 0, 2, 0, 0, 0, 0, 0, 0, 0, 0, 0, 0, 0, 2, 0, 0, 0, 0, 1, 0, 0, 1, 0, 0, 2, 2, 0, 0, 2, 0, 0, 0, 0, 0, 0, 0, 0, 0, 0, 2, 2, 2, 0, 0, 0, 0, 1, 1, 0, 0, 1, 0, 2, 2, 3, 4, 1, 2, 3, 1, 4, 0, 1, 3, 5, 1, 4, 5, 6, 2, 87, 0, 1, 0, 0, 0, 0]",2,0.5978456539909717,-1,1
556,"[0, 0, 0, 1, 1, 0, 1, 1, 0, 0, 0, 2, 0, 0, 0, 0, 0, 0, 0, 0, 0, 0, 0, 2, 0, 0, 0, 0, 1, 0, 0, 1, 0, 0, 2, 2, 0, 0, 2, 0, 0, 0, 0, 0, 0, 0, 0, 0, 0, 2, 2, 2, 0, 0, 0, 0, 1, 1, 0, 0, 1, 0, 2, 2, 3, 4, 1, 2, 3, 1, 4, 0, 1, 3, 5, 1, 4, 5, 6, 2, 87, 0, 0, 0, 0, 0, 0]",-1,-0.02094757746238195,-1,1
557,"[0, 0, 0, 1, 1, 0, 1, 1, 0, 0, 0, 2, 0, 0, 0, 0, 0, 0, 0, 0, 0, 0, 0, 2, 0, 0, 0, 0, 1, 0, 0, 1, 0, 0, 2, 2, 0, 0, 2, 0, 0, 0, 0, 0, 0, 0, 0, 0, 0, 2, 2, 2, 0, 0, 0, 0, 1, 1, 0, 0, 1, 0, 2, 2, 3, 4, 1, 2, 3, 1, 4, 0, 1, 3, 5, 1, 4, 5, 6, 2, 87, 0, 0, 0, 0, 0, 0]",0,0.4405645264145448,-1,1
558,"[0, 0, 0, 1, 1, 0, 1, 1, 0, 0, 0, 2, 0, 0, 0, 0, 0, 0, 0, 0, 0, 0, 0, 2, 0, 0, 0, 0, 1, 0, 0, 1, 0, 0, 2, 2, 0, 0, 2, 0, 0, 0, 0, 0, 0, 0, 0, 0, 0, 2, 2, 2, 0, 0, 0, 0, 1, 1, 0, 0, 1, 0, 2, 2, 3, 4, 1, 2, 3, 1, 4, 0, 1, 3, 5, 1, 4, 5, 6, 2, 87, 0, 0, 0, 0, 0, 0]",-1,-0.02094757746238195,-1,1
559,"[0, 0, 0, 1, 1, 0, 1, 1, 0, 0, 0, 2, 0, 0, 0, 0, 0, 0, 0, 0, 0, 0, 0, 2, 0, 0, 0, 0, 1, 0, 0, 1, 0, 0, 2, 2, 0, 0, 2, 0, 0, 0, 0, 0, 0, 0, 0, 0, 0, 2, 2, 2, 0, 0, 0, 0, 1, 1, 0, 0, 1, 0, 2, 2, 3, 4, 1, 2, 3, 1, 4, 0, 1, 3, 5, 1, 4, 5, 6, 2, 87, 1, 0, 0, 0, 0, 0]",3,0.3978456539909717,-1,1
560,"[0, 0, 0, 1, 1, 0, 1, 1, 0, 0, 0, 2, 0, 0, 0, 0, 0, 0, 0, 0, 0, 0, 0, 2, 0, 0, 0, 0, 1, 0, 0, 1, 0, 0, 2, 2, 0, 0, 2, 0, 0, 0, 0, 0, 0, 0, 0, 0, 0, 2, 2, 2, 0, 0, 0, 0, 1, 1, 0, 0, 1, 0, 2, 2, 3, 4, 1, 2, 3, 1, 4, 0, 1, 3, 5, 1, 4, 5, 6, 2, 87, 0, 0, 0, 0, 0, 0]",-1,-0.02094757746238195,-1,1
561,"[0, 0, 0, 1, 1, 0, 1, 1, 0, 0, 0, 2, 0, 0, 0, 0, 0, 0, 0, 0, 0, 0, 0, 2, 0, 0, 0, 0, 1, 0, 0, 1, 0, 0, 2, 2, 0, 0, 2, 0, 0, 0, 0, 0, 0, 0, 0, 0, 0, 2, 2, 2, 0, 0, 0, 0, 1, 1, 0, 0, 1, 0, 2, 2, 3, 4, 1, 2, 3, 1, 4, 0, 1, 3, 5, 1, 4, 5, 6, 2, 87, 1, 0, 0, 0, 0, 0]",3,0.3978456539909717,-1,1
562,"[0, 0, 0, 1, 1, 0, 1, 1, 0, 0, 0, 2, 0, 0, 0, 0, 0, 0, 0, 0, 0, 0, 0, 2, 0, 0, 0, 0, 1, 0, 0, 1, 0, 0, 2, 2, 0, 0, 2, 0, 0, 0, 0, 0, 0, 0, 0, 0, 0, 2, 2, 2, 0, 0, 0, 0, 1, 1, 0, 0, 1, 0, 2, 2, 3, 4, 1, 2, 3, 1, 4, 0, 1, 3, 5, 1, 4, 5, 6, 2, 87, 0, 0, 0, 0, 0, 0]",-1,-0.02094757746238195,-1,1
563,"[0, 0, 0, 1, 2, 0, 1, 1, 0, 0, 0, 2, 0, 0, 0, 0, 0, 0, 0, 0, 0, 0, 0, 2, 0, 0, 0, 0, 1, 0, 0, 1, 0, 0, 2, 2, 0, 0, 2, 0, 0, 0, 0, 0, 0, 0, 0, 0, 0, 2, 2, 2, 0, 0, 0, 0, 1, 1, 0, 0, 1, 0, 2, 2, 3, 4, 1, 2, 3, 1, 4, 0, 1, 3, 5, 1, 4, 5, 6, 2, 88, 0, 0, 0, 0, 0, 0]",4,14.613422437034238,-1,1
564,"[0, 0, 0, 1, 2, 0, 1, 1, 0, 0, 0, 2, 0, 0, 0, 0, 0, 0, 0, 0, 0, 0, 0, 2, 0, 0, 0, 0, 1, 0, 0, 1, 0, 0, 2, 2, 0, 0, 2, 0, 0, 0, 0, 0, 0, 0, 0, 0, 0, 2, 2, 2, 0, 0, 0, 0, 1, 1, 0, 0, 1, 0, 2, 2, 3, 4, 1, 2, 3, 1, 4, 0, 1, 3, 5, 1, 4, 5, 6, 2, 88, 0, 1, 0, 0, 0, 0]",2,0.5977587187356314,-1,0
565,"[0, 0, 0, 1, 2, 0, 1, 1, 0, 0, 0, 2, 0, 0, 0, 0, 0, 0, 0, 0, 0, 0, 0, 2, 0, 0, 0, 0, 1, 0, 0, 1, 0, 0, 2, 2, 0, 0, 2, 0, 0, 0, 0, 0, 0, 0, 0, 0, 0, 2, 2, 2, 0, 0, 0, 0, 1, 1, 0, 0, 1, 0, 2, 2, 3, 4, 1, 2, 3, 1, 4, 0, 1, 3, 5, 1, 4, 5, 6, 2, 88, 0, 1, 0, 0, 1, 0]","[[0 0 0 1]
 [1 0 0 0]]",0.8481835837937223,-1,0
566,"[0, 0, 0, 1, 2, 0, 1, 1, 0, 0, 0, 2, 0, 0, 0, 0, 0, 0, 0, 0, 0, 0, 0, 2, 0, 0, 0, 0, 1, 0, 0, 1, 0, 0, 2, 2, 0, 0, 2, 0, 0, 0, 0, 0, 0, 0, 0, 0, 0, 2, 2, 2, 0, 0, 0, 0, 1, 1, 0, 0, 1, 0, 2, 2, 3, 4, 1, 2, 3, 1, 4, 0, 1, 3, 5, 1, 4, 5, 6, 2, 88, 0, 0, 0, 0, 0, 0]",1,-0.0022412812643685734,-1,1
567,"[0, 0, 0, 1, 2, 0, 1, 1, 0, 0, 0, 2, 0, 0, 0, 0, 0, 0, 0, 0, 0, 0, 0, 2, 0, 0, 0, 0, 1, 0, 0, 1, 0, 0, 2, 2, 0, 0, 2, 0, 0, 0, 0, 0, 0, 0, 0, 0, 0, 2, 2, 2, 0, 0, 0, 0, 1, 1, 0, 0, 1, 0, 2, 2, 3, 4, 1, 2, 3, 1, 4, 0, 1, 3, 5, 1, 4, 5, 6, 2, 88, 1, 0, 0, 0, 0, 0]",3,0.39775871873563146,-1,0
568,"[0, 0, 0, 1, 2, 0, 1, 1, 0, 0, 0, 2, 0, 0, 0, 0, 0, 0, 0, 0, 0, 0, 0, 2, 0, 0, 0, 0, 1, 0, 0, 1, 0, 0, 2, 2, 0, 0, 2, 0, 0, 0, 0, 0, 0, 0, 0, 0, 0, 2, 2, 2, 0, 0, 0, 0, 1, 1, 0, 0, 1, 0, 2, 2, 3, 4, 1, 2, 3, 1, 4, 0, 1, 3, 5, 1, 4, 5, 6, 2, 88, 0, 0, 0, 0, 0, 0]",-1,-0.02073914558407907,-1,0
569,"[0, 0, 0, 1, 1, 0, 1, 1, 0, 0, 0, 2, 0, 0, 0, 0, 0, 0, 0, 0, 0, 0, 0, 2, 0, 0, 0, 0, 1, 0, 0, 1, 0, 0, 2, 2, 0, 0, 2, 0, 0, 0, 0, 0, 0, 0, 0, 0, 0, 2, 2, 2, 0, 0, 0, 0, 1, 1, 0, 0, 1, 0, 2, 2, 3, 4, 1, 2, 3, 1, 4, 0, 1, 3, 5, 1, 4, 5, 6, 2, 89, 0, 0, 0, 0, 0, 0]",4,10.13588842777432,-1,0
570,"[0, 0, 1, 1, 1, 0, 1, 1, 0, 0, 0, 2, 0, 0, 0, 0, 0, 0, 0, 0, 0, 0, 0, 2, 0, 0, 0, 0, 1, 0, 0, 1, 0, 0, 2, 2, 0, 0, 2, 0, 0, 0, 0, 0, 0, 0, 0, 0, 0, 2, 2, 2, 0, 0, 0, 0, 1, 1, 0, 0, 1, 0, 2, 2, 3, 4, 1, 2, 3, 1, 4, 0, 1, 3, 5, 1, 4, 5, 6, 2, 90, 0, 0, 0, 0, 0, 0]",4,14.772033172288506,-1,1
571,"[0, 0, 1, 1, 1, 0, 1, 1, 0, 0, 0, 2, 0, 0, 0, 0, 0, 0, 0, 0, 0, 0, 0, 2, 0, 0, 0, 0, 1, 0, 0, 1, 0, 0, 2, 2, 0, 0, 2, 0, 0, 0, 0, 0, 0, 0, 0, 0, 0, 2, 2, 2, 0, 0, 0, 0, 1, 1, 0, 0, 1, 0, 2, 2, 3, 4, 1, 2, 3, 1, 4, 0, 1, 3, 5, 1, 4, 5, 6, 2, 90, 1, 0, 0, 0, 0, 0]",3,0.39757431300314516,-1,0
572,"[0, 0, 1, 1, 1, 0, 1, 1, 0, 0, 0, 2, 0, 0, 0, 0, 0, 0, 0, 0, 0, 0, 0, 2, 0, 0, 0, 0, 1, 0, 0, 1, 0, 0, 2, 2, 0, 0, 2, 0, 0, 0, 0, 0, 0, 0, 0, 0, 0, 2, 2, 2, 0, 0, 0, 0, 1, 1, 0, 0, 1, 0, 2, 2, 3, 4, 1, 2, 3, 1, 4, 0, 1, 3, 5, 1, 4, 5, 6, 2, 90, 0, 0, 0, 0, 0, 0]",-1,-0.020328482987029956,-1,0
573,"[0, 0, 1, 1, 1, 0, 1, 1, 0, 0, 0, 2, 0, 0, 0, 0, 0, 0, 0, 0, 0, 0, 0, 2, 0, 0, 0, 0, 1, 0, 0, 1, 0, 0, 2, 2, 0, 0, 2, 0, 0, 0, 0, 0, 0, 0, 0, 0, 0, 2, 2, 2, 0, 0, 0, 0, 1, 1, 0, 0, 1, 0, 2, 2, 3, 4, 1, 2, 3, 1, 4, 0, 1, 3, 5, 1, 4, 5, 6, 2, 90, 0, 1, 0, 0, 0, 0]",2,0.5975743130031451,-1,0
574,"[0, 0, 1, 1, 1, 0, 1, 1, 0, 0, 0, 2, 0, 0, 0, 0, 0, 0, 0, 0, 0, 0, 0, 2, 0, 0, 0, 0, 1, 0, 0, 1, 0, 0, 2, 2, 0, 0, 2, 0, 0, 0, 0, 0, 0, 0, 0, 0, 0, 2, 2, 2, 0, 0, 0, 0, 1, 1, 0, 0, 1, 0, 2, 2, 3, 4, 1, 2, 3, 1, 4, 0, 1, 3, 5, 1, 4, 5, 6, 2, 90, 0, 1, 0, 0, 1, 0]","[[0 0 0 1]
 [1 0 0 0]]",0.847999178061236,-1,0
575,"[0, 0, 1, 1, 1, 0, 1, 1, 0, 0, 0, 2, 0, 0, 0, 0, 0, 0, 0, 0, 0, 0, 0, 2, 0, 0, 0, 0, 1, 0, 0, 1, 0, 0, 2, 2, 0, 0, 2, 0, 0, 0, 0, 0, 0, 0, 0, 0, 0, 2, 2, 2, 0, 0, 0, 0, 1, 1, 0, 0, 1, 0, 2, 2, 3, 4, 1, 2, 3, 1, 4, 0, 1, 3, 5, 1, 4, 5, 6, 2, 90, 0, 0, 0, 0, 0, 0]",1,-0.0024256869968548476,-1,1
576,"[0, 0, 1, 1, 2, 0, 1, 1, 0, 0, 0, 2, 0, 0, 0, 0, 0, 0, 0, 0, 0, 0, 0, 2, 0, 0, 0, 0, 1, 0, 0, 1, 0, 0, 2, 2, 0, 0, 2, 0, 0, 0, 0, 0, 0, 0, 0, 0, 0, 2, 2, 2, 0, 0, 0, 0, 1, 1, 0, 0, 1, 0, 2, 2, 3, 4, 1, 2, 3, 1, 4, 0, 1, 3, 5, 1, 4, 5, 6, 2, 91, 0, 0, 0, 0, 0, 0]",4,10.297596705131967,-1,0
577,"[0, 0, 1, 1, 2, 0, 1, 1, 0, 0, 0, 2, 0, 0, 0, 0, 0, 0, 0, 0, 0, 0, 0, 2, 0, 0, 0, 0, 1, 0, 0, 1, 0, 0, 2, 2, 0, 0, 2, 0, 0, 0, 0, 0, 0, 0, 0, 0, 0, 2, 2, 2, 0, 0, 0, 0, 1, 1, 0, 0, 1, 0, 2, 2, 3, 4, 1, 2, 3, 1, 4, 0, 1, 3, 5, 1, 4, 5, 6, 2, 91, 1, 0, 0, 0, 0, 0]",3,0.39747656786413227,-1,1
578,"[0, 0, 1, 1, 0, 1, 1, 1, 0, 0, 0, 2, 0, 0, 0, 0, 0, 0, 0, 0, 0, 0, 0, 2, 0, 0, 0, 0, 1, 0, 0, 1, 0, 0, 2, 2, 0, 0, 2, 0, 0, 0, 0, 0, 0, 0, 0, 0, 0, 2, 2, 2, 0, 0, 0, 0, 1, 1, 0, 0, 1, 0, 2, 2, 3, 4, 1, 2, 3, 1, 4, 0, 1, 3, 5, 1, 4, 5, 6, 2, 91, 0, 0, 0, 0, 0, 0]","[[2 0 0 0]
 [0 1 0 0]]",-0.0010657502248266851,-1,1
579,"[0, 0, 1, 1, 0, 1, 1, 1, 0, 0, 0, 2, 0, 0, 0, 0, 0, 0, 0, 0, 0, 0, 0, 2, 0, 0, 0, 0, 1, 0, 0, 1, 0, 0, 2, 2, 0, 0, 2, 0, 0, 0, 0, 0, 0, 0, 0, 0, 0, 2, 2, 2, 0, 0, 0, 0, 1, 1, 0, 0, 1, 0, 2, 2, 3, 4, 1, 2, 3, 1, 4, 0, 1, 3, 5, 1, 4, 5, 6, 2, 91, 1, 0, 0, 0, 0, 0]",3,0.39747656786413227,-1,1
580,"[0, 0, 1, 1, 0, 1, 1, 1, 0, 0, 0, 2, 0, 0, 0, 0, 0, 0, 0, 0, 0, 0, 0, 2, 0, 0, 0, 0, 1, 0, 0, 1, 0, 0, 2, 2, 0, 0, 2, 0, 0, 0, 0, 0, 0, 0, 0, 0, 0, 2, 2, 2, 0, 0, 0, 0, 1, 1, 0, 0, 1, 0, 2, 2, 3, 4, 1, 2, 3, 1, 4, 0, 1, 3, 5, 1, 4, 5, 6, 2, 91, 0, 0, 0, 0, 0, 0]",-1,-0.0201262112016818,-1,1
581,"[0, 0, 2, 1, 0, 1, 1, 1, 0, 0, 0, 2, 0, 0, 0, 0, 0, 0, 0, 0, 0, 0, 0, 2, 0, 0, 0, 0, 1, 0, 0, 1, 0, 0, 2, 2, 0, 0, 2, 0, 0, 0, 0, 0, 0, 0, 0, 0, 0, 2, 2, 2, 0, 0, 0, 0, 1, 1, 0, 0, 1, 0, 2, 2, 3, 4, 1, 2, 3, 1, 4, 0, 1, 3, 5, 1, 4, 5, 6, 2, 92, 0, 0, 0, 0, 0, 0]",4,10.093296000555927,-1,0
582,"[0, 0, 2, 1, 0, 1, 1, 1, 0, 0, 0, 2, 0, 0, 0, 0, 0, 0, 0, 0, 0, 0, 0, 2, 0, 0, 0, 0, 1, 0, 0, 1, 0, 0, 2, 2, 0, 0, 2, 0, 0, 0, 0, 0, 0, 0, 0, 0, 0, 2, 2, 2, 0, 0, 0, 0, 1, 1, 0, 0, 1, 0, 2, 2, 3, 4, 1, 2, 3, 1, 4, 0, 1, 3, 5, 1, 4, 5, 6, 2, 92, 0, 0, 0, 0, 0, 0]",0,0.44009380875615256,-1,1
583,"[0, 0, 2, 1, 0, 1, 1, 1, 0, 0, 0, 2, 0, 0, 0, 0, 0, 0, 0, 0, 0, 0, 0, 2, 0, 0, 0, 0, 1, 0, 0, 1, 0, 0, 2, 2, 0, 0, 2, 0, 0, 0, 0, 0, 0, 0, 0, 0, 0, 2, 2, 2, 0, 0, 0, 0, 1, 1, 0, 0, 1, 0, 2, 2, 3, 4, 1, 2, 3, 1, 4, 0, 1, 3, 5, 1, 4, 5, 6, 2, 92, 0, 0, 0, 0, 0, 0]",-1,-0.019925952054225708,-1,1
584,"[0, 0, 2, 1, 0, 1, 1, 1, 0, 0, 0, 2, 0, 0, 0, 0, 0, 0, 0, 0, 0, 0, 0, 2, 0, 0, 0, 0, 1, 0, 0, 1, 0, 0, 2, 2, 0, 0, 2, 0, 0, 0, 0, 0, 0, 0, 0, 0, 0, 2, 2, 2, 0, 0, 0, 0, 1, 1, 0, 0, 1, 0, 2, 2, 3, 4, 1, 2, 3, 1, 4, 0, 1, 3, 5, 1, 4, 5, 6, 2, 93, 0, 0, 0, 0, 0, 0]",4,14.770514456299106,-1,1
585,"[0, 0, 2, 1, 0, 1, 1, 1, 0, 0, 0, 2, 0, 0, 0, 0, 0, 0, 0, 0, 0, 0, 0, 2, 0, 0, 0, 0, 1, 0, 0, 1, 0, 0, 2, 2, 0, 0, 2, 0, 0, 0, 0, 0, 0, 0, 0, 0, 0, 2, 2, 2, 0, 0, 0, 0, 1, 1, 0, 0, 1, 0, 2, 2, 3, 4, 1, 2, 3, 1, 4, 0, 1, 3, 5, 1, 4, 5, 6, 2, 93, 0, 1, 0, 0, 0, 0]",2,0.5972692681805298,-1,0
586,"[0, 0, 2, 1, 0, 1, 1, 1, 0, 0, 0, 2, 0, 0, 0, 0, 0, 0, 0, 0, 0, 0, 0, 2, 0, 0, 0, 0, 1, 0, 0, 1, 0, 0, 2, 2, 0, 0, 2, 0, 0, 0, 0, 0, 0, 0, 0, 0, 0, 2, 2, 2, 0, 0, 0, 0, 1, 1, 0, 0, 1, 0, 2, 2, 3, 4, 1, 2, 3, 1, 4, 0, 1, 3, 5, 1, 4, 5, 6, 2, 93, 0, 1, 0, 0, 1, 0]","[[0 0 0 1]
 [0 1 0 0]]",0.8476941332386208,-1,0
587,"[0, 1, 2, 0, 0, 0, 1, 2, 0, 0, 0, 2, 0, 0, 0, 0, 0, 0, 0, 0, 0, 0, 0, 2, 0, 0, 0, 0, 1, 0, 0, 1, 0, 0, 2, 2, 0, 0, 2, 0, 0, 0, 0, 0, 0, 0, 0, 0, 0, 2, 2, 2, 0, 0, 0, 0, 1, 1, 0, 0, 1, 0, 2, 2, 3, 4, 1, 2, 3, 1, 4, 0, 1, 3, 5, 1, 4, 5, 6, 2, 93, 0, 0, 0, 0, 0, 0]",0,-0.0027307318194701776,-1,1
588,"[0, 1, 2, 0, 0, 0, 1, 2, 0, 0, 0, 2, 0, 0, 0, 0, 0, 0, 0, 0, 0, 0, 0, 2, 0, 0, 0, 0, 1, 0, 0, 1, 0, 0, 2, 2, 0, 0, 2, 0, 0, 0, 0, 0, 0, 0, 0, 0, 0, 2, 2, 2, 0, 0, 0, 0, 1, 1, 0, 0, 1, 0, 2, 2, 3, 4, 1, 2, 3, 1, 4, 0, 1, 3, 5, 1, 4, 5, 6, 2, 93, 0, 1, 0, 0, 0, 0]",2,0.5972692681805298,-1,0
589,"[0, 1, 2, 0, 0, 0, 1, 2, 0, 0, 0, 2, 0, 0, 0, 0, 0, 0, 0, 0, 0, 0, 0, 2, 0, 0, 0, 0, 1, 0, 0, 1, 0, 0, 2, 2, 0, 0, 2, 0, 0, 0, 0, 0, 0, 0, 0, 0, 0, 2, 2, 2, 0, 0, 0, 0, 1, 1, 0, 0, 1, 0, 2, 2, 3, 4, 1, 2, 3, 1, 4, 0, 1, 3, 5, 1, 4, 5, 6, 2, 93, 0, 1, 0, 0, 1, 0]","[[0 0 1 0]
 [0 0 0 1]]",0.8476941332386208,-1,0
590,"[0, 1, 2, 0, 0, 0, 1, 2, 0, 0, 0, 2, 0, 0, 0, 0, 0, 0, 0, 0, 0, 0, 0, 2, 0, 0, 0, 0, 1, 0, 0, 1, 0, 0, 2, 2, 0, 0, 2, 0, 0, 0, 0, 0, 0, 0, 0, 0, 0, 2, 2, 2, 0, 0, 0, 0, 1, 1, 0, 0, 1, 0, 2, 2, 3, 4, 1, 2, 3, 1, 4, 0, 1, 3, 5, 1, 4, 5, 6, 2, 93, 0, 0, 0, 0, 0, 0]",1,-0.0027307318194701776,-1,1
591,"[0, 1, 2, 0, 1, 0, 1, 2, 0, 0, 0, 2, 0, 0, 0, 0, 0, 0, 0, 0, 0, 0, 0, 2, 0, 0, 0, 0, 1, 0, 0, 1, 0, 0, 2, 2, 0, 0, 2, 0, 0, 0, 0, 0, 0, 0, 0, 0, 0, 2, 2, 2, 0, 0, 0, 0, 1, 1, 0, 0, 1, 0, 2, 2, 3, 4, 1, 2, 3, 1, 4, 0, 1, 3, 5, 1, 4, 5, 6, 2, 94, 0, 0, 0, 0, 0, 0]",4,10.092283420582605,-1,0
592,"[0, 1, 2, 0, 1, 0, 1, 2, 0, 0, 0, 2, 0, 0, 0, 0, 0, 0, 0, 0, 0, 0, 0, 2, 0, 0, 0, 0, 1, 0, 0, 1, 0, 0, 2, 2, 0, 0, 2, 0, 0, 0, 0, 0, 0, 0, 0, 0, 0, 2, 2, 2, 0, 0, 0, 0, 1, 1, 0, 0, 1, 0, 2, 2, 3, 4, 1, 2, 3, 1, 4, 0, 1, 3, 5, 1, 4, 5, 6, 2, 94, 1, 0, 0, 0, 0, 0]",3,0.3971594077254618,-1,1
593,"[0, 1, 2, 0, 1, 0, 2, 0, 0, 0, 0, 2, 0, 0, 0, 0, 0, 0, 0, 0, 0, 0, 0, 2, 0, 0, 0, 0, 1, 0, 0, 1, 0, 0, 2, 2, 0, 0, 2, 0, 0, 0, 0, 0, 0, 0, 0, 0, 0, 2, 2, 2, 0, 0, 0, 0, 1, 1, 0, 0, 1, 0, 2, 2, 3, 4, 1, 2, 3, 1, 4, 0, 1, 3, 5, 1, 4, 5, 6, 2, 94, 0, 0, 0, 0, 0, 0]","[[0 0 0 2]
 [0 0 1 0]]",-0.001382910363497172,-1,1
594,"[0, 1, 2, 0, 1, 0, 2, 0, 0, 0, 0, 2, 0, 0, 0, 0, 0, 0, 0, 0, 0, 0, 0, 2, 0, 0, 0, 0, 1, 0, 0, 1, 0, 0, 2, 2, 0, 0, 2, 0, 0, 0, 0, 0, 0, 0, 0, 0, 0, 2, 2, 2, 0, 0, 0, 0, 1, 1, 0, 0, 1, 0, 2, 2, 3, 4, 1, 2, 3, 1, 4, 0, 1, 3, 5, 1, 4, 5, 6, 2, 94, 1, 0, 0, 0, 0, 0]",3,0.3971594077254618,-1,1
595,"[0, 1, 2, 0, 2, 0, 0, 0, 0, 0, 0, 2, 0, 0, 0, 0, 0, 0, 0, 0, 0, 0, 0, 2, 0, 0, 0, 0, 1, 0, 0, 1, 0, 0, 2, 2, 0, 0, 2, 0, 0, 0, 0, 0, 0, 0, 0, 0, 0, 2, 2, 2, 0, 0, 0, 0, 1, 1, 0, 0, 1, 0, 2, 2, 3, 4, 1, 2, 3, 1, 4, 0, 1, 3, 5, 1, 4, 5, 6, 2, 94, 0, 0, 0, 0, 0, 0]","[[0 0 2 0]
 [1 0 0 0]]",-0.001382910363497172,-1,1
596,"[0, 1, 1, 0, 1, 0, 0, 0, 0, 0, 0, 2, 0, 0, 0, 0, 0, 0, 0, 0, 0, 0, 0, 2, 0, 0, 0, 0, 1, 0, 0, 1, 0, 0, 2, 2, 0, 0, 2, 0, 0, 0, 0, 0, 0, 0, 0, 0, 0, 2, 2, 2, 0, 0, 0, 0, 1, 1, 0, 0, 1, 0, 2, 2, 3, 4, 1, 2, 3, 1, 4, 0, 1, 3, 5, 1, 4, 5, 6, 3, 95, 0, 0, 0, 0, 0, 0]",4,14.332849797114328,-1,1
597,"[0, 1, 1, 0, 1, 0, 0, 0, 0, 0, 0, 2, 0, 0, 0, 0, 0, 0, 0, 0, 0, 0, 0, 2, 0, 0, 0, 0, 1, 0, 0, 1, 0, 0, 2, 2, 0, 0, 2, 0, 0, 0, 0, 0, 0, 0, 0, 0, 0, 2, 2, 2, 0, 0, 0, 0, 1, 1, 0, 0, 1, 0, 2, 2, 3, 4, 1, 2, 3, 1, 4, 0, 1, 3, 5, 1, 4, 5, 6, 3, 95, 1, 0, 0, 0, 0, 0]",3,0.3970451936613454,-1,0
598,"[0, 1, 1, 0, 1, 0, 0, 0, 0, 0, 0, 2, 0, 0, 0, 0, 0, 0, 0, 0, 0, 0, 0, 2, 0, 0, 0, 0, 1, 0, 0, 1, 0, 0, 2, 2, 0, 0, 2, 0, 0, 0, 0, 0, 0, 0, 0, 0, 0, 2, 2, 2, 0, 0, 0, 0, 1, 1, 0, 0, 1, 0, 2, 2, 3, 4, 1, 2, 3, 1, 4, 0, 1, 3, 5, 1, 4, 5, 6, 3, 95, 0, 0, 0, 0, 0, 0]",-1,-0.01933705117272506,-1,0
599,"[0, 1, 2, 0, 1, 0, 0, 0, 0, 0, 0, 2, 0, 0, 0, 0, 0, 0, 0, 0, 0, 0, 0, 2, 0, 0, 0, 0, 1, 0, 0, 1, 0, 0, 2, 2, 0, 0, 2, 0, 0, 0, 0, 0, 0, 0, 0, 0, 0, 2, 2, 2, 0, 0, 0, 0, 1, 1, 0, 0, 1, 0, 2, 2, 3, 4, 1, 2, 3, 1, 4, 0, 1, 3, 5, 1, 4, 5, 6, 3, 96, 0, 0, 0, 0, 0, 0]",4,10.091269203052377,-1,0
600,"[0, 1, 2, 0, 2, 0, 0, 0, 0, 0, 0, 2, 0, 0, 0, 0, 0, 0, 0, 0, 0, 0, 0, 2, 0, 0, 0, 0, 1, 0, 0, 1, 0, 0, 2, 2, 0, 0, 2, 0, 0, 0, 0, 0, 0, 0, 0, 0, 0, 2, 2, 2, 0, 0, 0, 0, 1, 1, 0, 0, 1, 0, 2, 2, 3, 4, 1, 2, 3, 1, 4, 0, 1, 3, 5, 1, 4, 5, 6, 3, 97, 0, 0, 0, 0, 0, 0]",4,14.010022284674394,-1,1
601,"[0, 1, 3, 0, 2, 0, 0, 0, 0, 0, 0, 2, 0, 0, 0, 0, 0, 0, 0, 0, 0, 0, 0, 2, 0, 0, 0, 0, 1, 0, 0, 1, 0, 0, 2, 2, 0, 0, 2, 0, 0, 0, 0, 0, 0, 0, 0, 0, 0, 2, 2, 2, 0, 0, 0, 0, 1, 1, 0, 0, 1, 0, 2, 2, 3, 4, 1, 2, 3, 1, 4, 0, 1, 3, 5, 1, 4, 5, 6, 3, 98, 0, 0, 0, 0, 0, 0]",4,9.928057589861801,-1,0
602,"[0, 1, 3, 0, 2, 0, 0, 0, 0, 0, 0, 2, 0, 0, 0, 0, 0, 0, 0, 0, 0, 0, 0, 2, 0, 0, 0, 0, 1, 0, 0, 1, 0, 0, 2, 2, 0, 0, 2, 0, 0, 0, 0, 0, 0, 0, 0, 0, 0, 2, 2, 2, 0, 0, 0, 0, 1, 1, 0, 0, 1, 0, 2, 2, 3, 4, 1, 2, 3, 1, 4, 0, 1, 3, 5, 1, 4, 5, 6, 3, 98, 0, 1, 0, 0, 0, 0]",2,0.5966747287784236,-1,1
603,"[0, 1, 3, 0, 2, 0, 0, 0, 0, 0, 0, 2, 0, 0, 0, 0, 0, 0, 0, 0, 0, 0, 0, 2, 0, 0, 0, 0, 1, 0, 0, 1, 0, 0, 2, 2, 0, 0, 2, 0, 0, 0, 0, 0, 0, 0, 0, 0, 0, 2, 2, 2, 0, 0, 0, 0, 1, 1, 0, 0, 1, 0, 2, 2, 3, 4, 1, 2, 3, 1, 4, 0, 1, 3, 5, 1, 4, 5, 6, 3, 98, 0, 1, 0, 0, 1, 0]","[[1 0 0 0]
 [0 0 1 0]]",0.8470995938365146,-1,1
604,"[1, 1, 2, 0, 1, 0, 1, 0, 0, 0, 0, 2, 0, 0, 0, 0, 0, 0, 0, 0, 0, 0, 0, 2, 0, 0, 0, 0, 1, 0, 0, 1, 0, 0, 2, 2, 0, 0, 2, 0, 0, 0, 0, 0, 0, 0, 0, 0, 0, 2, 2, 2, 0, 0, 0, 0, 1, 1, 0, 0, 1, 0, 2, 2, 3, 4, 1, 2, 3, 1, 4, 0, 1, 3, 5, 1, 4, 5, 6, 3, 98, 0, 0, 0, 0, 0, 0]",0,-0.0033252712215763244,-1,0
605,"[1, 1, 2, 0, 1, 0, 1, 0, 0, 0, 0, 2, 0, 0, 0, 0, 0, 0, 0, 0, 0, 0, 0, 2, 0, 0, 0, 0, 1, 0, 0, 1, 0, 0, 2, 2, 0, 0, 2, 0, 0, 0, 0, 0, 0, 0, 0, 0, 0, 2, 2, 2, 0, 0, 0, 0, 1, 1, 0, 0, 1, 0, 2, 2, 3, 4, 1, 2, 3, 1, 4, 0, 1, 3, 5, 1, 4, 5, 6, 3, 98, 1, 0, 0, 0, 0, 0]",3,0.3966747287784237,-1,1
606,"[1, 1, 2, 0, 1, 0, 1, 0, 0, 0, 0, 2, 0, 0, 0, 0, 0, 0, 0, 0, 0, 0, 0, 2, 0, 0, 0, 0, 1, 0, 0, 1, 0, 0, 2, 2, 0, 0, 2, 0, 0, 0, 0, 0, 0, 0, 0, 0, 0, 2, 2, 2, 0, 0, 0, 0, 1, 1, 0, 0, 1, 0, 2, 2, 3, 4, 1, 2, 3, 1, 4, 0, 1, 3, 5, 1, 4, 5, 6, 3, 98, 0, 0, 0, 0, 0, 0]",-1,-0.01876555494256998,-1,1
607,"[1, 1, 2, 0, 1, 0, 1, 0, 0, 0, 0, 2, 0, 0, 0, 0, 0, 0, 0, 0, 0, 0, 0, 2, 0, 0, 0, 0, 1, 0, 0, 1, 0, 0, 2, 2, 0, 0, 2, 0, 0, 0, 0, 0, 0, 0, 0, 0, 0, 2, 2, 2, 0, 0, 0, 0, 1, 1, 0, 0, 1, 0, 2, 2, 3, 4, 1, 2, 3, 1, 4, 0, 1, 3, 5, 1, 4, 5, 6, 3, 98, 0, 1, 0, 0, 0, 0]",2,0.5966747287784236,-1,1
608,"[1, 1, 2, 0, 1, 0, 1, 0, 0, 0, 0, 2, 0, 0, 0, 0, 0, 0, 0, 0, 0, 0, 0, 2, 0, 0, 0, 0, 1, 0, 0, 1, 0, 0, 2, 2, 0, 0, 2, 0, 0, 0, 0, 0, 0, 0, 0, 0, 0, 2, 2, 2, 0, 0, 0, 0, 1, 1, 0, 0, 1, 0, 2, 2, 3, 4, 1, 2, 3, 1, 4, 0, 1, 3, 5, 1, 4, 5, 6, 3, 98, 0, 1, 0, 0, 1, 0]","[[0 0 1 0]
 [0 1 0 0]]",0.8470995938365146,-1,1
609,"[1, 0, 3, 0, 1, 1, 0, 0, 0, 0, 0, 2, 0, 0, 0, 0, 0, 0, 0, 0, 0, 0, 0, 2, 0, 0, 0, 0, 1, 0, 0, 1, 0, 0, 2, 2, 0, 0, 2, 0, 0, 0, 0, 0, 0, 0, 0, 0, 0, 2, 2, 2, 0, 0, 0, 0, 1, 1, 0, 0, 1, 0, 2, 2, 3, 4, 1, 2, 3, 1, 4, 0, 1, 3, 5, 1, 4, 5, 6, 3, 98, 0, 0, 0, 0, 0, 0]",0,-0.0033252712215763244,-1,0
610,"[1, 0, 3, 0, 1, 1, 0, 0, 0, 0, 0, 2, 0, 0, 0, 0, 0, 0, 0, 0, 0, 0, 0, 2, 0, 0, 0, 0, 1, 0, 0, 1, 0, 0, 2, 2, 0, 0, 2, 0, 0, 0, 0, 0, 0, 0, 0, 0, 0, 2, 2, 2, 0, 0, 0, 0, 1, 1, 0, 0, 1, 0, 2, 2, 3, 4, 1, 2, 3, 1, 4, 0, 1, 3, 5, 1, 4, 5, 6, 3, 98, 1, 0, 0, 0, 0, 0]",3,0.3966747287784237,-1,1
611,"[1, 0, 3, 0, 1, 1, 0, 0, 0, 0, 0, 2, 0, 0, 0, 0, 0, 0, 0, 0, 0, 0, 0, 2, 0, 0, 0, 0, 1, 0, 0, 1, 0, 0, 2, 2, 0, 0, 2, 0, 0, 0, 0, 0, 0, 0, 0, 0, 0, 2, 2, 2, 0, 0, 0, 0, 1, 1, 0, 0, 1, 0, 2, 2, 3, 4, 1, 2, 3, 1, 4, 0, 1, 3, 5, 1, 4, 5, 6, 3, 98, 0, 0, 0, 0, 0, 0]",-1,-0.01876555494256998,-1,1
612,"[1, 0, 3, 0, 1, 1, 0, 0, 0, 0, 0, 2, 0, 0, 0, 0, 0, 0, 0, 0, 0, 0, 0, 2, 0, 0, 0, 0, 1, 0, 0, 1, 0, 0, 2, 2, 0, 0, 2, 0, 0, 0, 0, 0, 0, 0, 0, 0, 0, 2, 2, 2, 0, 0, 0, 0, 1, 1, 0, 0, 1, 0, 2, 2, 3, 4, 1, 2, 3, 1, 4, 0, 1, 3, 5, 1, 4, 5, 6, 3, 99, 0, 0, 0, 0, 0, 0]",4,14.493535649864937,-1,1
613,"[1, 0, 3, 0, 1, 1, 0, 0, 0, 0, 0, 2, 0, 0, 0, 0, 0, 0, 0, 0, 0, 0, 0, 2, 0, 0, 0, 0, 1, 0, 0, 1, 0, 0, 2, 2, 0, 0, 2, 0, 0, 0, 0, 0, 0, 0, 0, 0, 0, 2, 2, 2, 0, 0, 0, 0, 1, 1, 0, 0, 1, 0, 2, 2, 3, 4, 1, 2, 3, 1, 4, 0, 1, 3, 5, 1, 4, 5, 6, 3, 99, 0, 1, 0, 0, 0, 0]",2,0.5965413686860189,-1,0
614,"[1, 0, 3, 0, 1, 1, 0, 0, 0, 0, 0, 2, 0, 0, 0, 0, 0, 0, 0, 0, 0, 0, 0, 2, 0, 0, 0, 0, 1, 0, 0, 1, 0, 0, 2, 2, 0, 0, 2, 0, 0, 0, 0, 0, 0, 0, 0, 0, 0, 2, 2, 2, 0, 0, 0, 0, 1, 1, 0, 0, 1, 0, 2, 2, 3, 4, 1, 2, 3, 1, 4, 0, 1, 3, 5, 1, 4, 5, 6, 3, 99, 0, 1, 0, 0, 1, 0]","[[0 0 1 0]
 [0 1 0 0]]",0.8469662337441098,-1,0
615,"[1, 0, 3, 0, 1, 1, 0, 0, 0, 0, 0, 2, 0, 0, 0, 0, 0, 0, 0, 0, 0, 0, 0, 2, 0, 0, 0, 0, 1, 0, 0, 1, 0, 0, 2, 2, 0, 0, 2, 0, 0, 0, 0, 0, 0, 0, 0, 0, 0, 2, 2, 2, 0, 0, 0, 0, 1, 1, 0, 0, 1, 0, 2, 2, 3, 4, 1, 2, 3, 1, 4, 0, 1, 3, 5, 1, 4, 5, 6, 3, 99, 0, 0, 0, 0, 0, 0]",1,-0.0034586313139810853,-1,1
616,"[1, 0, 3, 0, 1, 1, 1, 0, 0, 0, 0, 2, 0, 0, 0, 0, 0, 0, 0, 0, 0, 0, 0, 2, 0, 0, 0, 0, 1, 0, 0, 1, 0, 0, 2, 2, 0, 0, 2, 0, 0, 0, 0, 0, 0, 0, 0, 0, 0, 2, 2, 2, 0, 0, 0, 0, 1, 1, 0, 0, 1, 0, 2, 2, 3, 4, 1, 2, 3, 1, 4, 0, 1, 3, 5, 1, 4, 5, 6, 3, 100, 0, 0, 0, 0, 0, 0]",4,9.927034984382825,-1,0
617,"[1, 0, 3, 0, 1, 1, 1, 0, 0, 0, 0, 2, 0, 0, 0, 0, 0, 0, 0, 0, 0, 0, 0, 2, 0, 0, 0, 0, 1, 0, 0, 1, 0, 0, 2, 2, 0, 0, 2, 0, 0, 0, 0, 0, 0, 0, 0, 0, 0, 2, 2, 2, 0, 0, 0, 0, 1, 1, 0, 0, 1, 0, 2, 2, 3, 4, 1, 2, 3, 1, 4, 0, 1, 3, 5, 1, 4, 5, 6, 3, 100, 0, 0, 0, 0, 0, 0]",0,0.4391216304311548,-1,1
618,"[1, 0, 3, 0, 1, 1, 1, 0, 0, 0, 0, 2, 0, 0, 0, 0, 0, 0, 0, 0, 0, 0, 0, 2, 0, 0, 0, 0, 1, 0, 0, 1, 0, 0, 2, 2, 0, 0, 2, 0, 0, 0, 0, 0, 0, 0, 0, 0, 0, 2, 2, 2, 0, 0, 0, 0, 1, 1, 0, 0, 1, 0, 2, 2, 3, 4, 1, 2, 3, 1, 4, 0, 1, 3, 5, 1, 4, 5, 6, 3, 100, 0, 0, 0, 0, 0, 0]",-1,-0.018393972058572117,-1,1
619,"[1, 0, 3, 0, 1, 1, 1, 0, 0, 0, 0, 2, 0, 0, 0, 0, 0, 0, 0, 0, 0, 0, 0, 2, 0, 0, 0, 0, 1, 0, 0, 1, 0, 0, 2, 2, 0, 0, 2, 0, 0, 0, 0, 0, 0, 0, 0, 0, 0, 2, 2, 2, 0, 0, 0, 0, 1, 1, 0, 0, 1, 0, 2, 2, 3, 4, 1, 2, 3, 1, 4, 0, 1, 3, 5, 1, 4, 5, 6, 3, 100, 0, 1, 0, 0, 0, 0]",2,0.5964027580075817,-1,0
620,"[1, 0, 3, 0, 1, 1, 1, 0, 0, 0, 0, 2, 0, 0, 0, 0, 0, 0, 0, 0, 0, 0, 0, 2, 0, 0, 0, 0, 1, 0, 0, 1, 0, 0, 2, 2, 0, 0, 2, 0, 0, 0, 0, 0, 0, 0, 0, 0, 0, 2, 2, 2, 0, 0, 0, 0, 1, 1, 0, 0, 1, 0, 2, 2, 3, 4, 1, 2, 3, 1, 4, 0, 1, 3, 5, 1, 4, 5, 6, 3, 100, 0, 1, 0, 0, 1, 0]","[[0 0 1 0]
 [1 0 0 0]]",0.8468276230656726,-1,0
621,"[1, 0, 3, 0, 1, 1, 1, 0, 0, 0, 0, 2, 0, 0, 0, 0, 0, 0, 0, 0, 0, 0, 0, 2, 0, 0, 0, 0, 1, 0, 0, 1, 0, 0, 2, 2, 0, 0, 2, 0, 0, 0, 0, 0, 0, 0, 0, 0, 0, 2, 2, 2, 0, 0, 0, 0, 1, 1, 0, 0, 1, 0, 2, 2, 3, 4, 1, 2, 3, 1, 4, 0, 1, 3, 5, 1, 4, 5, 6, 3, 100, 0, 0, 0, 0, 0, 0]",1,-0.003597241992418312,-1,1
622,"[1, 0, 3, 0, 2, 1, 1, 0, 0, 0, 0, 2, 0, 0, 0, 0, 0, 0, 0, 0, 0, 0, 0, 2, 0, 0, 0, 0, 1, 0, 0, 1, 0, 0, 2, 2, 0, 0, 2, 0, 0, 0, 0, 0, 0, 0, 0, 0, 0, 2, 2, 2, 0, 0, 0, 0, 1, 1, 0, 0, 1, 0, 2, 2, 3, 4, 1, 2, 3, 1, 4, 0, 1, 3, 5, 1, 4, 5, 6, 3, 101, 0, 0, 0, 0, 0, 0]",4,9.92652119939931,-1,0
623,"[1, 0, 3, 0, 3, 1, 1, 0, 0, 0, 0, 2, 0, 0, 0, 0, 0, 0, 0, 0, 0, 0, 0, 2, 0, 0, 0, 0, 1, 0, 0, 1, 0, 0, 2, 2, 0, 0, 2, 0, 0, 0, 0, 0, 0, 0, 0, 0, 0, 2, 2, 2, 0, 0, 0, 0, 1, 1, 0, 0, 1, 0, 2, 2, 3, 4, 1, 2, 3, 1, 4, 0, 1, 3, 5, 1, 4, 5, 6, 3, 102, 0, 0, 0, 0, 0, 0]",4,14.345486347358946,-1,1
624,"[1, 0, 3, 0, 3, 1, 1, 0, 0, 0, 0, 2, 0, 0, 0, 0, 0, 0, 0, 0, 0, 0, 0, 2, 0, 0, 0, 0, 1, 0, 0, 1, 0, 0, 2, 2, 0, 0, 2, 0, 0, 0, 0, 0, 0, 0, 0, 0, 0, 2, 2, 2, 0, 0, 0, 0, 1, 1, 0, 0, 1, 0, 2, 2, 3, 4, 1, 2, 3, 1, 4, 0, 1, 3, 5, 1, 4, 5, 6, 3, 102, 1, 0, 0, 0, 0, 0]",3,0.3961089830863614,-1,0
625,"[2, 0, 1, 0, 3, 1, 1, 0, 0, 0, 0, 2, 0, 0, 0, 0, 0, 0, 0, 0, 0, 0, 0, 2, 0, 0, 0, 0, 1, 0, 0, 1, 0, 0, 2, 2, 0, 0, 2, 0, 0, 0, 0, 0, 0, 0, 0, 0, 0, 2, 2, 2, 0, 0, 0, 0, 1, 1, 0, 0, 1, 0, 2, 2, 3, 4, 1, 2, 3, 1, 4, 0, 1, 3, 5, 1, 4, 5, 6, 3, 102, 0, 0, 0, 0, 0, 0]","[[0 0 2 0]
 [1 0 0 0]]",-0.0024333350025975533,-1,0
626,"[2, 0, 1, 0, 3, 1, 2, 0, 0, 0, 0, 2, 0, 0, 0, 0, 0, 0, 0, 0, 0, 0, 0, 2, 0, 0, 0, 0, 1, 0, 0, 1, 0, 0, 2, 2, 0, 0, 2, 0, 0, 0, 0, 0, 0, 0, 0, 0, 0, 2, 2, 2, 0, 0, 0, 0, 1, 1, 0, 0, 1, 0, 2, 2, 3, 4, 1, 2, 3, 1, 4, 0, 1, 3, 5, 1, 4, 5, 6, 3, 103, 0, 0, 0, 0, 0, 0]",4,10.087681536418135,-1,0
627,"[2, 0, 1, 0, 3, 1, 2, 0, 0, 0, 0, 2, 0, 0, 0, 0, 0, 0, 0, 0, 0, 0, 0, 2, 0, 0, 0, 0, 1, 0, 0, 1, 0, 0, 2, 2, 0, 0, 2, 0, 0, 0, 0, 0, 0, 0, 0, 0, 0, 2, 2, 2, 0, 0, 0, 0, 1, 1, 0, 0, 1, 0, 2, 2, 3, 4, 1, 2, 3, 1, 4, 0, 1, 3, 5, 1, 4, 5, 6, 3, 103, 0, 0, 0, 0, 0, 0]",0,0.438672273004416,-1,1
628,"[2, 0, 1, 0, 3, 1, 2, 0, 0, 0, 0, 2, 0, 0, 0, 0, 0, 0, 0, 0, 0, 0, 0, 2, 0, 0, 0, 0, 1, 0, 0, 1, 0, 0, 2, 2, 0, 0, 2, 0, 0, 0, 0, 0, 0, 0, 0, 0, 0, 2, 2, 2, 0, 0, 0, 0, 1, 1, 0, 0, 1, 0, 2, 2, 3, 4, 1, 2, 3, 1, 4, 0, 1, 3, 5, 1, 4, 5, 6, 3, 103, 0, 0, 0, 0, 0, 0]",-1,-0.01785034802845737,-1,1
629,"[2, 0, 1, 0, 3, 1, 2, 0, 0, 0, 0, 2, 0, 0, 0, 0, 0, 0, 0, 0, 0, 0, 0, 2, 0, 0, 0, 0, 1, 0, 0, 1, 0, 0, 2, 2, 0, 0, 2, 0, 0, 0, 0, 0, 0, 0, 0, 0, 0, 2, 2, 2, 0, 0, 0, 0, 1, 1, 0, 0, 1, 0, 2, 2, 3, 4, 1, 2, 3, 1, 4, 0, 1, 3, 5, 1, 4, 5, 6, 3, 103, 1, 0, 0, 0, 0, 0]",3,0.39595340058084294,-1,0
630,"[0, 0, 2, 0, 3, 1, 2, 0, 0, 0, 0, 2, 0, 0, 0, 0, 0, 0, 0, 0, 0, 0, 0, 2, 0, 0, 0, 0, 1, 0, 0, 1, 0, 0, 2, 2, 0, 0, 2, 0, 0, 0, 0, 0, 0, 0, 0, 0, 0, 2, 2, 2, 0, 0, 0, 0, 1, 1, 0, 0, 1, 0, 2, 2, 3, 4, 1, 2, 3, 1, 4, 0, 1, 3, 5, 1, 4, 5, 6, 3, 103, 0, 0, 0, 0, 0, 0]","[[2 0 0 0]
 [0 0 1 0]]",-0.002588917508116027,-1,0
631,"[0, 0, 2, 0, 3, 1, 2, 0, 0, 0, 0, 2, 0, 0, 0, 0, 0, 0, 0, 0, 0, 0, 0, 2, 0, 0, 0, 0, 1, 0, 0, 1, 0, 0, 2, 2, 0, 0, 2, 0, 0, 0, 0, 0, 0, 0, 0, 0, 0, 2, 2, 2, 0, 0, 0, 0, 1, 1, 0, 0, 1, 0, 2, 2, 3, 4, 1, 2, 3, 1, 4, 0, 1, 3, 5, 1, 4, 5, 6, 3, 103, 1, 0, 0, 0, 0, 0]",3,0.39595340058084294,-1,0
632,"[1, 0, 0, 0, 3, 1, 2, 0, 0, 0, 0, 2, 0, 0, 0, 0, 0, 0, 0, 0, 0, 0, 0, 2, 0, 0, 0, 0, 1, 0, 0, 1, 0, 0, 2, 2, 0, 0, 2, 0, 0, 0, 0, 0, 0, 0, 0, 0, 0, 2, 2, 2, 0, 0, 0, 0, 1, 1, 0, 0, 1, 0, 2, 2, 3, 4, 1, 2, 3, 1, 4, 0, 1, 3, 5, 1, 4, 5, 6, 3, 103, 0, 0, 0, 0, 0, 0]","[[0 0 2 0]
 [1 0 0 0]]",-0.002588917508116027,-1,0
633,"[1, 0, 0, 0, 4, 1, 2, 0, 0, 0, 0, 2, 0, 0, 0, 0, 0, 0, 0, 0, 0, 0, 0, 2, 0, 0, 0, 0, 1, 0, 0, 1, 0, 0, 2, 2, 0, 0, 2, 0, 0, 0, 0, 0, 0, 0, 0, 0, 0, 2, 2, 2, 0, 0, 0, 0, 1, 1, 0, 0, 1, 0, 2, 2, 3, 4, 1, 2, 3, 1, 4, 0, 1, 3, 5, 1, 4, 5, 6, 3, 104, 0, 0, 0, 0, 0, 0]",4,10.128234246569951,-1,0
634,"[1, 0, 0, 0, 4, 1, 2, 0, 0, 0, 0, 2, 0, 0, 0, 0, 0, 0, 0, 0, 0, 0, 0, 2, 0, 0, 0, 0, 1, 0, 0, 1, 0, 0, 2, 2, 0, 0, 2, 0, 0, 0, 0, 0, 0, 0, 0, 0, 0, 2, 2, 2, 0, 0, 0, 0, 1, 1, 0, 0, 1, 0, 2, 2, 3, 4, 1, 2, 3, 1, 4, 0, 1, 3, 5, 1, 4, 5, 6, 3, 104, 0, 0, 0, 0, 0, 0]",0,0.4385106030194795,-1,1
635,"[1, 0, 0, 0, 4, 1, 2, 0, 0, 0, 0, 2, 0, 0, 0, 0, 0, 0, 0, 0, 0, 0, 0, 2, 0, 0, 0, 0, 1, 0, 0, 1, 0, 0, 2, 2, 0, 0, 2, 0, 0, 0, 0, 0, 0, 0, 0, 0, 0, 2, 2, 2, 0, 0, 0, 0, 1, 1, 0, 0, 1, 0, 2, 2, 3, 4, 1, 2, 3, 1, 4, 0, 1, 3, 5, 1, 4, 5, 6, 3, 104, 0, 0, 0, 0, 0, 0]",-1,-0.01767273409793901,-1,1
636,"[1, 0, 0, 0, 4, 1, 2, 0, 0, 0, 0, 2, 0, 0, 0, 0, 0, 0, 0, 0, 0, 0, 0, 2, 0, 0, 0, 0, 1, 0, 0, 1, 0, 0, 2, 2, 0, 0, 2, 0, 0, 0, 0, 0, 0, 0, 0, 0, 0, 2, 2, 2, 0, 0, 0, 0, 1, 1, 0, 0, 1, 0, 2, 2, 3, 4, 1, 2, 3, 1, 4, 0, 1, 3, 5, 1, 4, 5, 6, 3, 104, 0, 0, 0, 0, 0, 0]",0,0.4385106030194795,-1,1
637,"[1, 0, 0, 0, 4, 1, 2, 0, 0, 0, 0, 2, 0, 0, 0, 0, 0, 0, 0, 0, 0, 0, 0, 2, 0, 0, 0, 0, 1, 0, 0, 1, 0, 0, 2, 2, 0, 0, 2, 0, 0, 0, 0, 0, 0, 0, 0, 0, 0, 2, 2, 2, 0, 0, 0, 0, 1, 1, 0, 0, 1, 0, 2, 2, 3, 4, 1, 2, 3, 1, 4, 0, 1, 3, 5, 1, 4, 5, 6, 3, 104, 0, 0, 0, 0, 0, 0]",-1,-0.01767273409793901,-1,1
638,"[1, 0, 0, 0, 4, 1, 2, 0, 0, 0, 0, 2, 0, 0, 0, 0, 0, 0, 0, 0, 0, 0, 0, 2, 0, 0, 0, 0, 1, 0, 0, 1, 0, 0, 2, 2, 0, 0, 2, 0, 0, 0, 0, 0, 0, 0, 0, 0, 0, 2, 2, 2, 0, 0, 0, 0, 1, 1, 0, 0, 1, 0, 2, 2, 3, 4, 1, 2, 3, 1, 4, 0, 1, 3, 5, 1, 4, 5, 6, 3, 104, 1, 0, 0, 0, 0, 0]",3,0.3957917305959064,-1,1
639,"[1, 0, 0, 0, 4, 1, 2, 0, 0, 0, 0, 2, 0, 0, 0, 0, 0, 0, 0, 0, 0, 0, 0, 2, 0, 0, 0, 0, 1, 0, 0, 1, 0, 0, 2, 2, 0, 0, 2, 0, 0, 0, 0, 0, 0, 0, 0, 0, 0, 2, 2, 2, 0, 0, 0, 0, 1, 1, 0, 0, 1, 0, 2, 2, 3, 4, 1, 2, 3, 1, 4, 0, 1, 3, 5, 1, 4, 5, 6, 3, 104, 0, 0, 0, 0, 0, 0]",-1,-0.01767273409793901,-1,1
640,"[1, 0, 0, 0, 4, 1, 2, 0, 0, 0, 0, 2, 0, 0, 0, 0, 0, 0, 0, 0, 0, 0, 0, 2, 0, 0, 0, 0, 1, 0, 0, 1, 0, 0, 2, 2, 0, 0, 2, 0, 0, 0, 0, 0, 0, 0, 0, 0, 0, 2, 2, 2, 0, 0, 0, 0, 1, 1, 0, 0, 1, 0, 2, 2, 3, 4, 1, 2, 3, 1, 4, 0, 1, 3, 5, 1, 4, 5, 6, 3, 104, 0, 1, 0, 0, 0, 0]",2,0.5957917305959063,-1,1
641,"[1, 0, 0, 0, 4, 1, 2, 0, 0, 0, 0, 2, 0, 0, 0, 0, 0, 0, 0, 0, 0, 0, 0, 2, 0, 0, 0, 0, 1, 0, 0, 1, 0, 0, 2, 2, 0, 0, 2, 0, 0, 0, 0, 0, 0, 0, 0, 0, 0, 2, 2, 2, 0, 0, 0, 0, 1, 1, 0, 0, 1, 0, 2, 2, 3, 4, 1, 2, 3, 1, 4, 0, 1, 3, 5, 1, 4, 5, 6, 3, 104, 0, 0, 0, 0, 0, 0]",-1,-0.01767273409793901,-1,1
642,"[1, 0, 0, 0, 4, 1, 2, 0, 0, 0, 0, 2, 0, 0, 0, 0, 0, 0, 0, 0, 0, 0, 0, 2, 0, 0, 0, 0, 1, 0, 0, 1, 0, 0, 2, 2, 0, 0, 2, 0, 0, 0, 0, 0, 0, 0, 0, 0, 0, 2, 2, 2, 0, 0, 0, 0, 1, 1, 0, 0, 1, 0, 2, 2, 3, 4, 1, 2, 3, 1, 4, 0, 1, 3, 5, 1, 4, 5, 6, 3, 104, 0, 1, 0, 0, 0, 0]",2,0.5957917305959063,-1,1
643,"[1, 0, 0, 0, 4, 1, 2, 0, 0, 0, 0, 2, 0, 0, 0, 0, 0, 0, 0, 0, 0, 0, 0, 2, 0, 0, 0, 0, 1, 0, 0, 1, 0, 0, 2, 2, 0, 0, 2, 0, 0, 0, 0, 0, 0, 0, 0, 0, 0, 2, 2, 2, 0, 0, 0, 0, 1, 1, 0, 0, 1, 0, 2, 2, 3, 4, 1, 2, 3, 1, 4, 0, 1, 3, 5, 1, 4, 5, 6, 3, 104, 0, 0, 0, 0, 0, 0]",-1,-0.01767273409793901,-1,1
644,"[1, 0, 0, 0, 4, 1, 2, 0, 0, 0, 0, 2, 0, 0, 0, 0, 0, 0, 0, 0, 0, 0, 0, 2, 0, 0, 0, 0, 1, 0, 0, 1, 0, 0, 2, 2, 0, 0, 2, 0, 0, 0, 0, 0, 0, 0, 0, 0, 0, 2, 2, 2, 0, 0, 0, 0, 1, 1, 0, 0, 1, 0, 2, 2, 3, 4, 1, 2, 3, 1, 4, 0, 1, 3, 5, 1, 4, 5, 6, 3, 104, 0, 0, 0, 0, 0, 0]",0,0.4385106030194795,-1,1
645,"[1, 0, 0, 0, 4, 1, 2, 0, 0, 0, 0, 2, 0, 0, 0, 0, 0, 0, 0, 0, 0, 0, 0, 2, 0, 0, 0, 0, 1, 0, 0, 1, 0, 0, 2, 2, 0, 0, 2, 0, 0, 0, 0, 0, 0, 0, 0, 0, 0, 2, 2, 2, 0, 0, 0, 0, 1, 1, 0, 0, 1, 0, 2, 2, 3, 4, 1, 2, 3, 1, 4, 0, 1, 3, 5, 1, 4, 5, 6, 3, 104, 0, 0, 0, 0, 0, 0]",-1,-0.01767273409793901,-1,1
646,"[1, 0, 0, 0, 4, 1, 2, 0, 0, 0, 0, 2, 0, 0, 0, 0, 0, 0, 0, 0, 0, 0, 0, 2, 0, 0, 0, 0, 1, 0, 0, 1, 0, 0, 2, 2, 0, 0, 2, 0, 0, 0, 0, 0, 0, 0, 0, 0, 0, 2, 2, 2, 0, 0, 0, 0, 1, 1, 0, 0, 1, 0, 2, 2, 3, 4, 1, 2, 3, 1, 4, 0, 1, 3, 5, 1, 4, 5, 6, 3, 104, 0, 0, 0, 0, 0, 0]",0,0.4385106030194795,-1,1
647,"[1, 0, 0, 0, 4, 1, 2, 0, 0, 0, 0, 2, 0, 0, 0, 0, 0, 0, 0, 0, 0, 0, 0, 2, 0, 0, 0, 0, 1, 0, 0, 1, 0, 0, 2, 2, 0, 0, 2, 0, 0, 0, 0, 0, 0, 0, 0, 0, 0, 2, 2, 2, 0, 0, 0, 0, 1, 1, 0, 0, 1, 0, 2, 2, 3, 4, 1, 2, 3, 1, 4, 0, 1, 3, 5, 1, 4, 5, 6, 3, 104, 0, 0, 0, 0, 0, 0]",-1,-0.01767273409793901,-1,1
648,"[1, 0, 0, 0, 4, 1, 2, 0, 0, 0, 0, 2, 0, 0, 0, 0, 0, 0, 0, 0, 0, 0, 0, 2, 0, 0, 0, 0, 1, 0, 0, 1, 0, 0, 2, 2, 0, 0, 2, 0, 0, 0, 0, 0, 0, 0, 0, 0, 0, 2, 2, 2, 0, 0, 0, 0, 1, 1, 0, 0, 1, 0, 2, 2, 3, 4, 1, 2, 3, 1, 4, 0, 1, 3, 5, 1, 4, 5, 6, 3, 104, 0, 1, 0, 0, 0, 0]",2,0.5957917305959063,-1,1
649,"[1, 0, 0, 0, 4, 1, 2, 0, 0, 0, 0, 2, 0, 0, 0, 0, 0, 0, 0, 0, 0, 0, 0, 2, 0, 0, 0, 0, 1, 0, 0, 1, 0, 0, 2, 2, 0, 0, 2, 0, 0, 0, 0, 0, 0, 0, 0, 0, 0, 2, 2, 2, 0, 0, 0, 0, 1, 1, 0, 0, 1, 0, 2, 2, 3, 4, 1, 2, 3, 1, 4, 0, 1, 3, 5, 1, 4, 5, 6, 3, 104, 0, 0, 0, 0, 0, 0]",-1,-0.01767273409793901,-1,1
650,"[1, 0, 0, 0, 4, 1, 2, 0, 0, 0, 0, 2, 0, 0, 0, 0, 0, 0, 0, 0, 0, 0, 0, 2, 0, 0, 0, 0, 1, 0, 0, 1, 0, 0, 2, 2, 0, 0, 2, 0, 0, 0, 0, 0, 0, 0, 0, 0, 0, 2, 2, 2, 0, 0, 0, 0, 1, 1, 0, 0, 1, 0, 2, 2, 3, 4, 1, 2, 3, 1, 4, 0, 1, 3, 5, 1, 4, 5, 6, 3, 104, 1, 0, 0, 0, 0, 0]",3,0.3957917305959064,-1,1
651,"[1, 0, 0, 0, 2, 1, 2, 1, 0, 0, 0, 2, 0, 0, 0, 0, 0, 0, 0, 0, 0, 0, 0, 2, 0, 0, 0, 0, 1, 0, 0, 1, 0, 0, 2, 2, 0, 0, 2, 0, 0, 0, 0, 0, 0, 0, 0, 0, 0, 2, 2, 2, 0, 0, 0, 0, 1, 1, 0, 0, 1, 0, 2, 2, 3, 4, 1, 2, 3, 1, 4, 0, 1, 3, 5, 1, 4, 5, 6, 3, 104, 0, 0, 0, 0, 0, 0]","[[2 0 0 0]
 [0 0 0 1]]",-0.0027505874930526036,-1,1
652,"[1, 0, 0, 0, 3, 1, 2, 1, 0, 0, 0, 2, 0, 0, 0, 0, 0, 0, 0, 0, 0, 0, 0, 2, 0, 0, 0, 0, 1, 0, 0, 1, 0, 0, 2, 2, 0, 0, 2, 0, 0, 0, 0, 0, 0, 0, 0, 0, 0, 2, 2, 2, 0, 0, 0, 0, 1, 1, 0, 0, 1, 0, 2, 2, 3, 4, 1, 2, 3, 1, 4, 0, 1, 3, 5, 1, 4, 5, 6, 3, 105, 0, 0, 0, 0, 0, 0]",4,14.603009059996083,-1,1
653,"[1, 0, 0, 0, 3, 1, 2, 1, 0, 0, 0, 2, 0, 0, 0, 0, 0, 0, 0, 0, 0, 0, 0, 2, 0, 0, 0, 0, 1, 0, 0, 1, 0, 0, 2, 2, 0, 0, 2, 0, 0, 0, 0, 0, 0, 0, 0, 0, 0, 2, 2, 2, 0, 0, 0, 0, 1, 1, 0, 0, 1, 0, 2, 2, 3, 4, 1, 2, 3, 1, 4, 0, 1, 3, 5, 1, 4, 5, 6, 3, 105, 1, 0, 0, 0, 0, 0]",3,0.39562374581277393,-1,0
654,"[1, 0, 0, 0, 3, 1, 2, 1, 0, 0, 0, 2, 0, 0, 0, 0, 0, 0, 0, 0, 0, 0, 0, 2, 0, 0, 0, 0, 1, 0, 0, 1, 0, 0, 2, 2, 0, 0, 2, 0, 0, 0, 0, 0, 0, 0, 0, 0, 0, 2, 2, 2, 0, 0, 0, 0, 1, 1, 0, 0, 1, 0, 2, 2, 3, 4, 1, 2, 3, 1, 4, 0, 1, 3, 5, 1, 4, 5, 6, 3, 105, 0, 0, 0, 0, 0, 0]",-1,-0.017496887455557768,-1,0
655,"[1, 0, 0, 0, 4, 1, 2, 1, 0, 0, 0, 2, 0, 0, 0, 0, 0, 0, 0, 0, 0, 0, 0, 2, 0, 0, 0, 0, 1, 0, 0, 1, 0, 0, 2, 2, 0, 0, 2, 0, 0, 0, 0, 0, 0, 0, 0, 0, 0, 2, 2, 2, 0, 0, 0, 0, 1, 1, 0, 0, 1, 0, 2, 2, 3, 4, 1, 2, 3, 1, 4, 0, 1, 3, 5, 1, 4, 5, 6, 3, 106, 0, 0, 0, 0, 0, 0]",4,10.127184806135684,-1,0
656,"[1, 0, 0, 0, 4, 1, 2, 1, 0, 0, 0, 2, 0, 0, 0, 0, 0, 0, 0, 0, 0, 0, 0, 2, 0, 0, 0, 0, 1, 0, 0, 1, 0, 0, 2, 2, 0, 0, 2, 0, 0, 0, 0, 0, 0, 0, 0, 0, 0, 2, 2, 2, 0, 0, 0, 0, 1, 1, 0, 0, 1, 0, 2, 2, 3, 4, 1, 2, 3, 1, 4, 0, 1, 3, 5, 1, 4, 5, 6, 3, 106, 0, 0, 0, 0, 0, 0]",1,0.805073326407056,-1,1
657,"[1, 0, 0, 0, 3, 0, 1, 0, 0, 0, 0, 2, 0, 0, 0, 0, 0, 0, 0, 0, 0, 2, 0, 2, 0, 0, 0, 0, 1, 0, 0, 1, 0, 0, 2, 2, 0, 0, 2, 0, 0, 0, 0, 0, 0, 0, 0, 0, 0, 2, 2, 2, 0, 0, 0, 0, 1, 1, 0, 0, 1, 0, 2, 2, 4, 4, 1, 2, 3, 1, 4, 0, 1, 3, 5, 1, 4, 5, 6, 3, 106, 0, 0, 0, 0, 0, 0]",13,6.466866575570833,-1,1
658,"[1, 0, 0, 0, 4, 0, 1, 0, 0, 0, 0, 2, 0, 0, 0, 0, 0, 0, 0, 0, 0, 2, 0, 2, 0, 0, 0, 0, 1, 0, 0, 1, 0, 0, 2, 2, 0, 0, 2, 0, 0, 0, 0, 0, 0, 0, 0, 0, 0, 2, 2, 2, 0, 0, 0, 0, 1, 1, 0, 0, 1, 0, 2, 2, 4, 4, 1, 2, 3, 1, 4, 0, 1, 3, 5, 1, 4, 5, 6, 3, 107, 0, 0, 0, 0, 0, 0]",4,15.10995171161378,-1,1
659,"[1, 0, 0, 0, 4, 0, 1, 0, 0, 0, 0, 2, 0, 0, 0, 0, 0, 0, 0, 0, 0, 2, 0, 2, 0, 0, 0, 0, 1, 0, 0, 1, 0, 0, 2, 2, 0, 0, 2, 0, 0, 0, 0, 0, 0, 0, 0, 0, 0, 2, 2, 2, 0, 0, 0, 0, 1, 1, 0, 0, 1, 0, 2, 2, 4, 4, 1, 2, 3, 1, 4, 0, 1, 3, 5, 1, 4, 5, 6, 3, 107, 0, 1, 0, 0, 0, 0]",2,0.5952678843689078,-1,0
660,"[1, 0, 0, 0, 4, 0, 1, 0, 0, 0, 0, 2, 0, 0, 0, 0, 0, 0, 0, 0, 0, 2, 0, 2, 0, 0, 0, 0, 1, 0, 0, 1, 0, 0, 2, 2, 0, 0, 2, 0, 0, 0, 0, 0, 0, 0, 0, 0, 0, 2, 2, 2, 0, 0, 0, 0, 1, 1, 0, 0, 1, 0, 2, 2, 4, 4, 1, 2, 3, 1, 4, 0, 1, 3, 5, 1, 4, 5, 6, 3, 107, 0, 1, 0, 0, 1, 0]","[[1 0 0 0]
 [0 0 1 0]]",0.8456927494269987,-1,0
661,"[0, 0, 1, 0, 5, 0, 0, 0, 0, 0, 0, 2, 0, 0, 0, 0, 0, 0, 0, 0, 0, 2, 0, 2, 0, 0, 0, 0, 1, 0, 0, 1, 0, 0, 2, 2, 0, 0, 2, 0, 0, 0, 0, 0, 0, 0, 0, 0, 0, 2, 2, 2, 0, 0, 0, 0, 1, 1, 0, 0, 1, 0, 2, 2, 4, 4, 1, 2, 3, 1, 4, 0, 1, 3, 5, 1, 4, 5, 6, 3, 107, 0, 0, 0, 0, 0, 0]",0,-0.004732115631092241,-1,1
662,"[0, 0, 1, 0, 5, 0, 0, 0, 0, 0, 0, 2, 0, 0, 0, 0, 0, 0, 0, 0, 0, 2, 0, 2, 0, 0, 0, 0, 1, 0, 0, 1, 0, 0, 2, 2, 0, 0, 2, 0, 0, 0, 0, 0, 0, 0, 0, 0, 0, 2, 2, 2, 0, 0, 0, 0, 1, 1, 0, 0, 1, 0, 2, 2, 4, 4, 1, 2, 3, 1, 4, 0, 1, 3, 5, 1, 4, 5, 6, 3, 107, 0, 0, 0, 0, 0, 0]",0,0.5809299029427606,-1,0
663,"[0, 0, 1, 0, 5, 0, 0, 0, 0, 0, 0, 2, 0, 0, 0, 0, 0, 0, 0, 0, 0, 2, 0, 2, 0, 0, 0, 0, 1, 0, 0, 1, 0, 0, 2, 2, 0, 0, 2, 0, 0, 0, 0, 0, 0, 0, 0, 0, 0, 2, 2, 2, 0, 0, 0, 0, 1, 1, 0, 0, 1, 0, 2, 2, 4, 4, 1, 2, 3, 1, 4, 0, 1, 3, 5, 1, 4, 5, 6, 3, 107, 0, 0, 0, 0, 0, 0]",-1,-0.01715042587093533,-1,0
664,"[0, 0, 1, 0, 5, 0, 0, 0, 0, 0, 0, 2, 0, 0, 0, 0, 0, 0, 0, 0, 0, 2, 0, 2, 0, 0, 0, 0, 1, 0, 0, 1, 0, 0, 2, 2, 0, 0, 2, 0, 0, 0, 0, 0, 0, 0, 0, 0, 0, 2, 2, 2, 0, 0, 0, 0, 1, 1, 0, 0, 1, 0, 2, 2, 4, 4, 1, 2, 3, 1, 4, 0, 1, 3, 5, 1, 4, 5, 6, 3, 107, 1, 0, 0, 0, 0, 0]",3,0.3952678843689078,-1,0
665,"[0, 0, 1, 0, 5, 0, 0, 0, 0, 0, 0, 2, 0, 0, 0, 0, 0, 0, 0, 0, 0, 2, 0, 2, 0, 0, 0, 0, 1, 0, 0, 1, 0, 0, 2, 2, 0, 0, 2, 0, 0, 0, 0, 0, 0, 0, 0, 0, 0, 2, 2, 2, 0, 0, 0, 0, 1, 1, 0, 0, 1, 0, 2, 2, 4, 4, 1, 2, 3, 1, 4, 0, 1, 3, 5, 1, 4, 5, 6, 3, 107, 0, 0, 0, 0, 0, 0]",-1,-0.01715042587093533,-1,0
666,"[0, 0, 1, 0, 5, 0, 0, 0, 0, 0, 0, 2, 0, 0, 0, 0, 0, 0, 0, 0, 0, 2, 0, 2, 0, 0, 0, 0, 1, 0, 0, 1, 0, 0, 2, 2, 0, 0, 2, 0, 0, 0, 0, 0, 0, 0, 0, 0, 0, 2, 2, 2, 0, 0, 0, 0, 1, 1, 0, 0, 1, 0, 2, 2, 4, 4, 1, 2, 3, 1, 4, 0, 1, 3, 5, 1, 4, 5, 6, 3, 107, 0, 1, 0, 0, 0, 0]",2,0.5952678843689078,-1,0
667,"[0, 0, 1, 0, 5, 0, 0, 0, 0, 0, 0, 2, 0, 0, 0, 0, 0, 0, 0, 0, 0, 2, 0, 2, 0, 0, 0, 0, 1, 0, 0, 1, 0, 0, 2, 2, 0, 0, 2, 0, 0, 0, 0, 0, 0, 0, 0, 0, 0, 2, 2, 2, 0, 0, 0, 0, 1, 1, 0, 0, 1, 0, 2, 2, 4, 4, 1, 2, 3, 1, 4, 0, 1, 3, 5, 1, 4, 5, 6, 3, 107, 0, 1, 0, 0, 1, 0]","[[0 0 1 0]
 [1 0 0 0]]",0.8456927494269987,-1,0
668,"[0, 0, 1, 0, 5, 0, 0, 0, 0, 0, 0, 2, 0, 0, 0, 0, 0, 0, 0, 0, 0, 2, 0, 2, 0, 0, 0, 0, 1, 0, 0, 1, 0, 0, 2, 2, 0, 0, 2, 0, 0, 0, 0, 0, 0, 0, 0, 0, 0, 2, 2, 2, 0, 0, 0, 0, 1, 1, 0, 0, 1, 0, 2, 2, 4, 4, 1, 2, 3, 1, 4, 0, 1, 3, 5, 1, 4, 5, 6, 3, 107, 0, 0, 0, 0, 0, 0]",1,-0.004732115631092241,-1,1
669,"[0, 0, 1, 0, 6, 0, 0, 0, 0, 0, 0, 2, 0, 0, 0, 0, 0, 0, 0, 0, 0, 2, 0, 2, 0, 0, 0, 0, 1, 0, 0, 1, 0, 0, 2, 2, 0, 0, 2, 0, 0, 0, 0, 0, 0, 0, 0, 0, 0, 2, 2, 2, 0, 0, 0, 0, 1, 1, 0, 0, 1, 0, 2, 2, 4, 4, 1, 2, 3, 1, 4, 0, 1, 3, 5, 1, 4, 5, 6, 3, 108, 0, 0, 0, 0, 0, 0]",4,10.126122185978451,-1,0
670,"[0, 0, 1, 0, 6, 0, 0, 0, 0, 0, 0, 2, 0, 0, 0, 0, 0, 0, 0, 0, 0, 2, 0, 2, 0, 0, 0, 0, 1, 0, 0, 1, 0, 0, 2, 2, 0, 0, 2, 0, 0, 0, 0, 0, 0, 0, 0, 0, 0, 2, 2, 2, 0, 0, 0, 0, 1, 1, 0, 0, 1, 0, 2, 2, 4, 4, 1, 2, 3, 1, 4, 0, 1, 3, 5, 1, 4, 5, 6, 3, 108, 0, 1, 0, 0, 0, 0]",2,0.595079514319452,-1,1
671,"[0, 0, 1, 0, 6, 0, 0, 0, 0, 0, 0, 2, 0, 0, 0, 0, 0, 0, 0, 0, 0, 2, 0, 2, 0, 0, 0, 0, 1, 0, 0, 1, 0, 0, 2, 2, 0, 0, 2, 0, 0, 0, 0, 0, 0, 0, 0, 0, 0, 2, 2, 2, 0, 0, 0, 0, 1, 1, 0, 0, 1, 0, 2, 2, 4, 4, 1, 2, 3, 1, 4, 0, 1, 3, 5, 1, 4, 5, 6, 3, 108, 0, 1, 0, 0, 1, 0]","[[1 0 0 0]
 [0 0 1 0]]",0.845504379377543,-1,1
672,"[0, 0, 1, 0, 6, 0, 0, 0, 0, 0, 0, 2, 0, 0, 0, 0, 0, 0, 0, 0, 0, 2, 0, 2, 0, 0, 0, 0, 1, 0, 0, 1, 0, 0, 2, 2, 0, 0, 2, 0, 0, 0, 0, 0, 0, 0, 0, 0, 0, 2, 2, 2, 0, 0, 0, 0, 1, 1, 0, 0, 1, 0, 2, 2, 4, 4, 1, 2, 3, 1, 4, 0, 1, 3, 5, 1, 4, 5, 6, 3, 108, 0, 0, 0, 0, 0, 0]",1,-0.004920485680547887,-1,0
673,"[0, 0, 1, 0, 6, 0, 1, 0, 0, 0, 0, 2, 0, 0, 0, 0, 0, 0, 0, 0, 0, 2, 0, 2, 0, 0, 0, 0, 1, 0, 0, 1, 0, 0, 2, 2, 0, 0, 2, 0, 0, 0, 0, 0, 0, 0, 0, 0, 0, 2, 2, 2, 0, 0, 0, 0, 1, 1, 0, 0, 1, 0, 2, 2, 4, 4, 1, 2, 3, 1, 4, 0, 1, 3, 5, 1, 4, 5, 6, 3, 109, 0, 0, 0, 0, 0, 0]",4,14.968795440243364,-1,1
674,"[0, 0, 1, 0, 6, 0, 1, 0, 0, 0, 0, 2, 0, 0, 0, 0, 0, 0, 0, 0, 0, 2, 0, 2, 0, 0, 0, 0, 1, 0, 0, 1, 0, 0, 2, 2, 0, 0, 2, 0, 0, 0, 0, 0, 0, 0, 0, 0, 0, 2, 2, 2, 0, 0, 0, 0, 1, 1, 0, 0, 1, 0, 2, 2, 4, 4, 1, 2, 3, 1, 4, 0, 1, 3, 5, 1, 4, 5, 6, 3, 110, 0, 0, 0, 0, 0, 0]",4,10.125044070572429,-1,0
675,"[0, 0, 1, 0, 6, 0, 2, 0, 0, 0, 0, 2, 0, 0, 0, 0, 0, 0, 0, 0, 0, 2, 0, 2, 0, 0, 0, 0, 1, 0, 0, 1, 0, 0, 2, 2, 0, 0, 2, 0, 0, 0, 0, 0, 0, 0, 0, 0, 0, 2, 2, 2, 0, 0, 0, 0, 1, 1, 0, 0, 1, 0, 2, 2, 4, 4, 1, 2, 3, 1, 4, 0, 1, 3, 5, 1, 4, 5, 6, 3, 111, 0, 0, 0, 0, 0, 0]",4,15.080512174864172,-1,1
676,"[0, 0, 1, 0, 7, 0, 2, 0, 0, 0, 0, 2, 0, 0, 0, 0, 0, 0, 0, 0, 0, 2, 0, 2, 0, 0, 0, 0, 1, 0, 0, 1, 0, 0, 2, 2, 0, 0, 2, 0, 0, 0, 0, 0, 0, 0, 0, 0, 0, 2, 2, 2, 0, 0, 0, 0, 1, 1, 0, 0, 1, 0, 2, 2, 4, 4, 1, 2, 3, 1, 4, 0, 1, 3, 5, 1, 4, 5, 6, 3, 112, 0, 0, 0, 0, 0, 0]",4,10.12394801683934,-1,0
677,"[0, 0, 1, 0, 8, 0, 2, 0, 0, 0, 0, 2, 0, 0, 0, 0, 0, 0, 0, 0, 0, 2, 0, 2, 0, 0, 0, 0, 1, 0, 0, 1, 0, 0, 2, 2, 0, 0, 2, 0, 0, 0, 0, 0, 0, 0, 0, 0, 0, 2, 2, 2, 0, 0, 0, 0, 1, 1, 0, 0, 1, 0, 2, 2, 4, 4, 1, 2, 3, 1, 4, 0, 1, 3, 5, 1, 4, 5, 6, 3, 113, 0, 0, 0, 0, 0, 0]",4,14.999844993389186,-1,1
678,"[0, 0, 1, 0, 9, 0, 2, 0, 0, 0, 0, 2, 0, 0, 0, 0, 0, 0, 0, 0, 0, 2, 0, 2, 0, 0, 0, 0, 1, 0, 0, 1, 0, 0, 2, 2, 0, 0, 2, 0, 0, 0, 0, 0, 0, 0, 0, 0, 0, 2, 2, 2, 0, 0, 0, 0, 1, 1, 0, 0, 1, 0, 2, 2, 4, 4, 1, 2, 3, 1, 4, 0, 1, 3, 5, 1, 4, 5, 6, 3, 114, 0, 0, 0, 0, 0, 0]",4,10.122831448727421,-1,0
679,"[0, 0, 1, 0, 9, 0, 2, 0, 0, 0, 0, 2, 0, 0, 0, 0, 0, 0, 0, 0, 0, 2, 0, 2, 0, 0, 0, 0, 1, 0, 0, 1, 0, 0, 2, 2, 0, 0, 2, 0, 0, 0, 0, 0, 0, 0, 0, 0, 0, 2, 2, 2, 0, 0, 0, 0, 1, 1, 0, 0, 1, 0, 2, 2, 4, 4, 1, 2, 3, 1, 4, 0, 1, 3, 5, 1, 4, 5, 6, 3, 114, 0, 1, 0, 0, 0, 0]",2,0.5937863031680665,-1,1
680,"[0, 0, 1, 0, 9, 0, 2, 0, 0, 0, 0, 2, 0, 0, 0, 0, 0, 0, 0, 0, 0, 2, 0, 2, 0, 0, 0, 0, 1, 0, 0, 1, 0, 0, 2, 2, 0, 0, 2, 0, 0, 0, 0, 0, 0, 0, 0, 0, 0, 2, 2, 2, 0, 0, 0, 0, 1, 1, 0, 0, 1, 0, 2, 2, 4, 4, 1, 2, 3, 1, 4, 0, 1, 3, 5, 1, 4, 5, 6, 3, 114, 0, 0, 0, 0, 0, 0]",-1,-0.015990951090815192,-1,1
681,"[0, 0, 1, 0, 9, 0, 2, 0, 0, 0, 0, 2, 0, 0, 0, 0, 0, 0, 0, 0, 0, 2, 0, 2, 0, 0, 0, 0, 1, 0, 0, 1, 0, 0, 2, 2, 0, 0, 2, 0, 0, 0, 0, 0, 0, 0, 0, 0, 0, 2, 2, 2, 0, 0, 0, 0, 1, 1, 0, 0, 1, 0, 2, 2, 4, 4, 1, 2, 3, 1, 4, 0, 1, 3, 5, 1, 4, 5, 6, 3, 114, 1, 0, 0, 0, 0, 0]",3,0.39378630316806656,-1,1
682,"[0, 0, 1, 0, 9, 1, 0, 0, 0, 0, 0, 2, 0, 0, 0, 0, 0, 0, 0, 0, 0, 2, 0, 2, 0, 0, 0, 0, 1, 0, 0, 1, 0, 0, 2, 2, 0, 0, 2, 0, 0, 0, 0, 0, 0, 0, 0, 0, 0, 2, 2, 2, 0, 0, 0, 0, 1, 1, 0, 0, 1, 0, 2, 2, 4, 4, 1, 2, 3, 1, 4, 0, 1, 3, 5, 1, 4, 5, 6, 3, 114, 0, 0, 0, 0, 0, 0]","[[0 0 2 0]
 [0 1 0 0]]",-0.004756014920892429,-1,1
683,"[0, 0, 1, 0, 9, 1, 0, 0, 0, 0, 0, 2, 0, 0, 0, 0, 0, 0, 0, 0, 0, 2, 0, 2, 0, 0, 0, 0, 1, 0, 0, 1, 0, 0, 2, 2, 0, 0, 2, 0, 0, 0, 0, 0, 0, 0, 0, 0, 0, 2, 2, 2, 0, 0, 0, 0, 1, 1, 0, 0, 1, 0, 2, 2, 4, 4, 1, 2, 3, 1, 4, 0, 1, 3, 5, 1, 4, 5, 6, 3, 114, 1, 0, 0, 0, 0, 0]",3,0.39378630316806656,-1,1
684,"[0, 0, 1, 0, 7, 1, 0, 1, 0, 0, 0, 2, 0, 0, 0, 0, 0, 0, 0, 0, 0, 2, 0, 2, 0, 0, 0, 0, 1, 0, 0, 1, 0, 0, 2, 2, 0, 0, 2, 0, 0, 0, 0, 0, 0, 0, 0, 0, 0, 2, 2, 2, 0, 0, 0, 0, 1, 1, 0, 0, 1, 0, 2, 2, 4, 4, 1, 2, 3, 1, 4, 0, 1, 3, 5, 1, 4, 5, 6, 3, 114, 0, 0, 0, 0, 0, 0]","[[2 0 0 0]
 [0 0 0 1]]",-0.004756014920892429,-1,1
685,"[0, 0, 1, 0, 7, 1, 0, 1, 0, 0, 0, 2, 0, 0, 0, 0, 0, 0, 0, 0, 0, 2, 0, 2, 0, 0, 0, 0, 1, 0, 0, 1, 0, 0, 2, 2, 0, 0, 2, 0, 0, 0, 0, 0, 0, 0, 0, 0, 0, 2, 2, 2, 0, 0, 0, 0, 1, 1, 0, 0, 1, 0, 2, 2, 4, 4, 1, 2, 3, 1, 4, 0, 1, 3, 5, 1, 4, 5, 6, 3, 114, 0, 1, 0, 0, 0, 0]",2,0.5937863031680665,-1,1
686,"[0, 0, 1, 0, 7, 1, 0, 1, 0, 0, 0, 2, 0, 0, 0, 0, 0, 0, 0, 0, 0, 2, 0, 2, 0, 0, 0, 0, 1, 0, 0, 1, 0, 0, 2, 2, 0, 0, 2, 0, 0, 0, 0, 0, 0, 0, 0, 0, 0, 2, 2, 2, 0, 0, 0, 0, 1, 1, 0, 0, 1, 0, 2, 2, 4, 4, 1, 2, 3, 1, 4, 0, 1, 3, 5, 1, 4, 5, 6, 3, 114, 0, 1, 0, 0, 1, 0]","[[1 0 0 0]
 [0 0 1 0]]",0.8442111682261574,-1,1
687,"[1, 0, 0, 0, 6, 1, 1, 1, 0, 0, 0, 2, 0, 0, 0, 0, 0, 0, 0, 0, 0, 2, 0, 2, 0, 0, 0, 0, 1, 0, 0, 1, 0, 0, 2, 2, 0, 0, 2, 0, 0, 0, 0, 0, 0, 0, 0, 0, 0, 2, 2, 2, 0, 0, 0, 0, 1, 1, 0, 0, 1, 0, 2, 2, 4, 4, 1, 2, 3, 1, 4, 0, 1, 3, 5, 1, 4, 5, 6, 3, 114, 0, 0, 0, 0, 0, 0]",0,-0.0062136968319334825,-1,0
688,"[1, 0, 0, 0, 6, 1, 1, 1, 0, 0, 0, 2, 0, 0, 0, 0, 0, 0, 0, 0, 0, 2, 0, 2, 0, 0, 0, 0, 1, 0, 0, 1, 0, 0, 2, 2, 0, 0, 2, 0, 0, 0, 0, 0, 0, 0, 0, 0, 0, 2, 2, 2, 0, 0, 0, 0, 1, 1, 0, 0, 1, 0, 2, 2, 4, 4, 1, 2, 3, 1, 4, 0, 1, 3, 5, 1, 4, 5, 6, 3, 114, 0, 0, 0, 0, 0, 0]",0,0.43650517559163965,-1,1
689,"[1, 0, 0, 0, 5, 0, 1, 1, 0, 0, 0, 2, 0, 0, 0, 0, 0, 0, 0, 0, 0, 2, 0, 2, 0, 0, 0, 0, 1, 0, 0, 1, 0, 0, 2, 2, 0, 0, 2, 0, 0, 0, 0, 0, 0, 2, 0, 0, 0, 2, 2, 2, 0, 0, 0, 0, 1, 1, 0, 0, 1, 0, 2, 2, 4, 4, 1, 2, 3, 1, 4, 0, 1, 3, 5, 1, 4, 5, 6, 3, 114, 0, 0, 0, 0, 0, 0]",13,0.7248448817980714,-1,1
690,"[1, 0, 0, 0, 5, 0, 1, 1, 0, 0, 0, 2, 0, 0, 0, 0, 0, 0, 0, 0, 0, 2, 0, 2, 0, 0, 0, 0, 1, 0, 0, 1, 0, 0, 2, 2, 0, 0, 2, 0, 0, 0, 0, 0, 0, 2, 0, 0, 0, 2, 2, 2, 0, 0, 0, 0, 1, 1, 0, 0, 1, 0, 2, 2, 4, 4, 1, 2, 3, 1, 4, 0, 1, 3, 5, 1, 4, 5, 6, 3, 115, 0, 0, 0, 0, 0, 0]",4,16.442146070634866,-1,1
691,"[1, 0, 0, 0, 5, 0, 1, 1, 0, 0, 0, 2, 0, 0, 0, 0, 0, 0, 0, 0, 0, 2, 0, 2, 0, 0, 0, 0, 1, 0, 0, 1, 0, 0, 2, 2, 0, 0, 2, 0, 0, 0, 0, 0, 0, 2, 0, 0, 0, 2, 2, 2, 0, 0, 0, 0, 1, 1, 0, 0, 1, 0, 2, 2, 4, 4, 1, 2, 3, 1, 4, 0, 1, 3, 5, 1, 4, 5, 6, 3, 115, 0, 1, 0, 0, 0, 0]",2,0.5935409070603099,-1,0
692,"[1, 0, 0, 0, 5, 0, 1, 1, 0, 0, 0, 2, 0, 0, 0, 0, 0, 0, 0, 0, 0, 2, 0, 2, 0, 0, 0, 0, 1, 0, 0, 1, 0, 0, 2, 2, 0, 0, 2, 0, 0, 0, 0, 0, 0, 2, 0, 0, 0, 2, 2, 2, 0, 0, 0, 0, 1, 1, 0, 0, 1, 0, 2, 2, 4, 4, 1, 2, 3, 1, 4, 0, 1, 3, 5, 1, 4, 5, 6, 3, 115, 0, 1, 0, 0, 1, 0]","[[1 0 0 0]
 [0 0 1 0]]",0.8439657721184008,-1,0
693,"[1, 0, 0, 0, 5, 0, 1, 1, 0, 0, 0, 2, 0, 0, 0, 0, 0, 0, 0, 0, 0, 2, 0, 2, 0, 0, 0, 0, 1, 0, 0, 1, 0, 0, 2, 2, 0, 0, 2, 0, 0, 0, 0, 0, 0, 2, 0, 0, 0, 2, 2, 2, 0, 0, 0, 0, 1, 1, 0, 0, 1, 0, 2, 2, 4, 4, 1, 2, 3, 1, 4, 0, 1, 3, 5, 1, 4, 5, 6, 3, 115, 0, 0, 0, 0, 0, 0]",1,-0.006459092939690103,-1,1
694,"[1, 0, 0, 0, 5, 0, 1, 1, 0, 0, 0, 2, 0, 0, 0, 0, 0, 0, 0, 0, 0, 2, 0, 2, 0, 0, 0, 0, 1, 0, 0, 1, 0, 0, 2, 2, 0, 0, 2, 0, 0, 0, 0, 0, 0, 2, 0, 0, 0, 2, 2, 2, 0, 0, 0, 0, 1, 1, 0, 0, 1, 0, 2, 2, 4, 4, 1, 2, 3, 1, 4, 0, 1, 3, 5, 1, 4, 5, 6, 3, 115, 1, 0, 0, 0, 0, 0]",3,0.3935409070603099,-1,0
695,"[1, 0, 0, 0, 5, 0, 1, 1, 0, 0, 0, 2, 0, 0, 0, 0, 0, 0, 0, 0, 0, 2, 0, 2, 0, 0, 0, 0, 1, 0, 0, 1, 0, 0, 2, 2, 0, 0, 2, 0, 0, 0, 0, 0, 0, 2, 0, 0, 0, 2, 2, 2, 0, 0, 0, 0, 1, 1, 0, 0, 1, 0, 2, 2, 4, 4, 1, 2, 3, 1, 4, 0, 1, 3, 5, 1, 4, 5, 6, 3, 115, 0, 0, 0, 0, 0, 0]",-1,-0.01583183846895266,-1,0
696,"[1, 0, 0, 0, 5, 0, 1, 1, 0, 0, 0, 2, 0, 0, 0, 0, 0, 0, 0, 0, 0, 2, 0, 2, 0, 0, 0, 0, 1, 0, 0, 1, 0, 0, 2, 2, 0, 0, 2, 0, 0, 0, 0, 0, 0, 2, 0, 0, 0, 2, 2, 2, 0, 0, 0, 0, 1, 1, 0, 0, 1, 0, 2, 2, 4, 4, 1, 2, 3, 1, 4, 0, 1, 3, 5, 1, 4, 5, 6, 3, 115, 1, 0, 0, 0, 0, 0]",3,0.3935409070603099,-1,0
697,"[1, 0, 0, 0, 5, 0, 1, 1, 0, 0, 0, 2, 0, 0, 0, 0, 0, 0, 0, 0, 0, 2, 0, 2, 0, 0, 0, 0, 1, 0, 0, 1, 0, 0, 2, 2, 0, 0, 2, 0, 0, 0, 0, 0, 0, 2, 0, 0, 0, 2, 2, 2, 0, 0, 0, 0, 1, 1, 0, 0, 1, 0, 2, 2, 4, 4, 1, 2, 3, 1, 4, 0, 1, 3, 5, 1, 4, 5, 6, 3, 115, 0, 0, 0, 0, 0, 0]",-1,-0.01583183846895266,-1,0
698,"[1, 0, 0, 0, 5, 0, 1, 1, 0, 0, 0, 2, 0, 0, 0, 0, 0, 0, 0, 0, 0, 2, 0, 2, 0, 0, 0, 0, 1, 0, 0, 1, 0, 0, 2, 2, 0, 0, 2, 0, 0, 0, 0, 0, 0, 2, 0, 0, 0, 2, 2, 2, 0, 0, 0, 0, 1, 1, 0, 0, 1, 0, 2, 2, 4, 4, 1, 2, 3, 1, 4, 0, 1, 3, 5, 1, 4, 5, 6, 3, 115, 1, 0, 0, 0, 0, 0]",3,0.3935409070603099,-1,0
699,"[1, 0, 0, 0, 5, 0, 1, 1, 0, 0, 0, 2, 0, 0, 0, 0, 0, 0, 0, 0, 0, 2, 0, 2, 0, 0, 0, 0, 1, 0, 0, 1, 0, 0, 2, 2, 0, 0, 2, 0, 0, 0, 0, 0, 0, 2, 0, 0, 0, 2, 2, 2, 0, 0, 0, 0, 1, 1, 0, 0, 1, 0, 2, 2, 4, 4, 1, 2, 3, 1, 4, 0, 1, 3, 5, 1, 4, 5, 6, 3, 115, 0, 0, 0, 0, 0, 0]",-1,-0.01583183846895266,-1,0
700,"[1, 0, 0, 0, 6, 0, 1, 1, 0, 0, 0, 2, 0, 0, 0, 0, 0, 0, 0, 0, 0, 2, 0, 2, 0, 0, 0, 0, 1, 0, 0, 1, 0, 0, 2, 2, 0, 0, 2, 0, 0, 0, 0, 0, 0, 2, 0, 0, 0, 2, 2, 2, 0, 0, 0, 0, 1, 1, 0, 0, 1, 0, 2, 2, 4, 4, 1, 2, 3, 1, 4, 0, 1, 3, 5, 1, 4, 5, 6, 3, 116, 0, 0, 0, 0, 0, 0]",4,10.121691652198738,-1,0
701,"[1, 0, 0, 0, 6, 0, 2, 1, 0, 0, 0, 2, 0, 0, 0, 0, 0, 0, 0, 0, 0, 2, 0, 2, 0, 0, 0, 0, 1, 0, 0, 1, 0, 0, 2, 2, 0, 0, 2, 0, 0, 0, 0, 0, 0, 2, 0, 0, 0, 2, 2, 2, 0, 0, 0, 0, 1, 1, 0, 0, 1, 0, 2, 2, 4, 4, 1, 2, 3, 1, 4, 0, 1, 3, 5, 1, 4, 5, 6, 3, 117, 0, 0, 0, 0, 0, 0]",4,16.46268295410954,-1,1
702,"[1, 0, 0, 0, 6, 0, 3, 1, 0, 0, 0, 2, 0, 0, 0, 0, 0, 0, 0, 0, 0, 2, 0, 2, 0, 0, 0, 0, 1, 0, 0, 1, 0, 0, 2, 2, 0, 0, 2, 0, 0, 0, 0, 0, 0, 2, 0, 0, 0, 2, 2, 2, 0, 0, 0, 0, 1, 1, 0, 0, 1, 0, 2, 2, 4, 4, 1, 2, 3, 1, 4, 0, 1, 3, 5, 1, 4, 5, 6, 3, 118, 0, 0, 0, 0, 0, 0]",4,10.120525770768749,-1,0
703,"[1, 0, 0, 0, 6, 0, 3, 1, 0, 0, 0, 2, 0, 0, 0, 0, 0, 0, 0, 0, 0, 2, 0, 2, 0, 0, 0, 0, 1, 0, 0, 1, 0, 0, 2, 2, 0, 0, 2, 0, 0, 0, 0, 0, 0, 2, 0, 0, 0, 2, 2, 2, 0, 0, 0, 0, 1, 1, 0, 0, 1, 0, 2, 2, 4, 4, 1, 2, 3, 1, 4, 0, 1, 3, 5, 1, 4, 5, 6, 3, 118, 1, 0, 0, 0, 0, 0]",3,0.3927472567250704,-1,1
704,"[1, 0, 0, 0, 4, 1, 3, 1, 0, 0, 0, 2, 0, 0, 0, 0, 0, 0, 0, 0, 0, 2, 0, 2, 0, 0, 0, 0, 1, 0, 0, 1, 0, 0, 2, 2, 0, 0, 2, 0, 0, 0, 0, 0, 0, 2, 0, 0, 0, 2, 2, 2, 0, 0, 0, 0, 1, 1, 0, 0, 1, 0, 2, 2, 4, 4, 1, 2, 3, 1, 4, 0, 1, 3, 5, 1, 4, 5, 6, 3, 118, 0, 0, 0, 0, 0, 0]","[[2 0 0 0]
 [0 1 0 0]]",-0.005795061363888614,-1,1
705,"[1, 0, 0, 0, 4, 1, 3, 1, 0, 0, 0, 2, 0, 0, 0, 0, 0, 0, 0, 0, 0, 2, 0, 2, 0, 0, 0, 0, 1, 0, 0, 1, 0, 0, 2, 2, 0, 0, 2, 0, 0, 0, 0, 0, 0, 2, 0, 0, 0, 2, 2, 2, 0, 0, 0, 0, 1, 1, 0, 0, 1, 0, 2, 2, 4, 4, 1, 2, 3, 1, 4, 0, 1, 3, 5, 1, 4, 5, 6, 3, 118, 0, 0, 0, 0, 0, 0]",0,0.3761530469786867,-1,1
706,"[1, 0, 0, 0, 3, 0, 3, 1, 0, 0, 0, 2, 0, 0, 0, 0, 0, 0, 0, 0, 0, 2, 0, 2, 0, 0, 0, 0, 1, 0, 0, 1, 0, 0, 2, 2, 0, 0, 2, 0, 0, 0, 0, 0, 0, 2, 2, 0, 0, 2, 2, 2, 0, 0, 0, 0, 1, 1, 0, 0, 1, 0, 2, 2, 4, 4, 1, 2, 3, 1, 4, 0, 1, 3, 5, 1, 4, 5, 6, 3, 118, 0, 0, 0, 0, 0, 0]",14,0.810321732918714,-1,1
707,"[1, 0, 0, 0, 3, 0, 3, 1, 0, 0, 0, 2, 0, 0, 0, 0, 0, 0, 0, 0, 0, 2, 0, 2, 0, 0, 0, 0, 1, 0, 0, 1, 0, 0, 2, 2, 0, 0, 2, 0, 0, 0, 0, 0, 0, 2, 2, 0, 0, 2, 2, 2, 0, 0, 0, 0, 1, 1, 0, 0, 1, 0, 2, 2, 4, 4, 1, 2, 3, 1, 4, 0, 1, 3, 5, 1, 4, 5, 6, 3, 118, 1, 0, 0, 0, 0, 0]",3,0.3927472567250704,-1,1
708,"[1, 0, 0, 0, 1, 0, 4, 1, 0, 0, 0, 2, 0, 0, 0, 0, 0, 0, 0, 0, 0, 2, 0, 2, 0, 0, 0, 0, 1, 0, 0, 1, 0, 0, 2, 2, 0, 0, 2, 0, 0, 0, 0, 0, 0, 2, 2, 0, 0, 2, 2, 2, 0, 0, 0, 0, 1, 1, 0, 0, 1, 0, 2, 2, 4, 4, 1, 2, 3, 1, 4, 0, 1, 3, 5, 1, 4, 5, 6, 3, 118, 0, 0, 0, 0, 0, 0]","[[2 0 0 0]
 [0 0 1 0]]",-0.005795061363888614,-1,1
709,"[1, 0, 0, 0, 1, 0, 4, 1, 0, 0, 0, 2, 0, 0, 0, 0, 0, 0, 0, 0, 0, 2, 0, 2, 0, 0, 0, 0, 1, 0, 0, 1, 0, 0, 2, 2, 0, 0, 2, 0, 0, 0, 0, 0, 0, 2, 2, 0, 0, 2, 2, 2, 0, 0, 0, 0, 1, 1, 0, 0, 1, 0, 2, 2, 4, 4, 1, 2, 3, 1, 4, 0, 1, 3, 5, 1, 4, 5, 6, 3, 118, 0, 0, 0, 0, 0, 0]",0,0.30579677357504087,-1,1
710,"[1, 0, 0, 0, 1, 0, 4, 1, 0, 0, 0, 2, 0, 0, 0, 0, 0, 0, 0, 0, 0, 2, 0, 2, 0, 0, 0, 0, 1, 0, 0, 1, 0, 0, 2, 2, 0, 0, 2, 0, 0, 0, 0, 0, 0, 2, 2, 0, 0, 2, 2, 2, 0, 0, 0, 0, 1, 1, 0, 0, 1, 0, 2, 2, 4, 4, 1, 2, 3, 1, 4, 0, 1, 3, 5, 1, 4, 5, 6, 3, 118, 0, 0, 0, 0, 0, 0]",-1,-0.015363936930056563,-1,1
711,"[1, 0, 0, 0, 1, 0, 4, 1, 0, 0, 0, 2, 0, 0, 0, 0, 0, 0, 0, 0, 0, 2, 0, 2, 0, 0, 0, 0, 1, 0, 0, 1, 0, 0, 2, 2, 0, 0, 2, 0, 0, 0, 0, 0, 0, 2, 2, 0, 0, 2, 2, 2, 0, 0, 0, 0, 1, 1, 0, 0, 1, 0, 2, 2, 4, 4, 1, 2, 3, 1, 4, 0, 1, 3, 5, 1, 4, 5, 6, 3, 118, 1, 0, 0, 0, 0, 0]",3,0.3927472567250704,-1,1
712,"[1, 0, 0, 0, 1, 1, 2, 1, 0, 0, 0, 2, 0, 0, 0, 0, 0, 0, 0, 0, 0, 2, 0, 2, 0, 0, 0, 0, 1, 0, 0, 1, 0, 0, 2, 2, 0, 0, 2, 0, 0, 0, 0, 0, 0, 2, 2, 0, 0, 2, 2, 2, 0, 0, 0, 0, 1, 1, 0, 0, 1, 0, 2, 2, 4, 4, 1, 2, 3, 1, 4, 0, 1, 3, 5, 1, 4, 5, 6, 3, 118, 0, 0, 0, 0, 0, 0]","[[0 0 2 0]
 [0 1 0 0]]",-0.005795061363888614,-1,1
713,"[1, 0, 0, 0, 1, 1, 2, 1, 0, 0, 0, 2, 0, 0, 0, 0, 0, 0, 0, 0, 0, 2, 0, 2, 0, 0, 0, 0, 1, 0, 0, 1, 0, 0, 2, 2, 0, 0, 2, 0, 0, 0, 0, 0, 0, 2, 2, 0, 0, 2, 2, 2, 0, 0, 0, 0, 1, 1, 0, 0, 1, 0, 2, 2, 4, 4, 1, 2, 3, 1, 4, 0, 1, 3, 5, 1, 4, 5, 6, 3, 118, 0, 0, 0, 0, 0, 0]",1,0.6275352153242445,-1,1
714,"[1, 0, 0, 0, 0, 0, 1, 0, 0, 0, 0, 2, 0, 0, 0, 2, 0, 0, 0, 0, 0, 2, 0, 2, 0, 0, 0, 0, 1, 0, 0, 1, 0, 0, 2, 2, 0, 0, 2, 0, 0, 0, 0, 0, 0, 2, 2, 0, 0, 2, 2, 2, 0, 0, 0, 0, 1, 1, 0, 0, 1, 0, 2, 2, 5, 4, 1, 2, 3, 1, 4, 0, 1, 3, 5, 1, 4, 5, 6, 3, 118, 0, 0, 0, 0, 0, 0]",7,199.99274725672507,-1,1
715,"[1, 0, 0, 0, 0, 0, 1, 0, 0, 0, 0, 2, 0, 0, 0, 2, 0, 0, 0, 0, 0, 2, 0, 2, 0, 0, 0, 0, 1, 0, 0, 1, 0, 0, 2, 2, 0, 0, 2, 0, 0, 0, 0, 0, 0, 2, 2, 0, 0, 2, 2, 2, 0, 0, 0, 0, 1, 1, 0, 0, 1, 0, 2, 2, 5, 4, 1, 2, 3, 1, 4, 0, 1, 3, 5, 1, 4, 5, 6, 3, 118, 0, 0, 0, 0, 0, 0]",7,199.99274725672507,2,1
