id,obs,action,reward,winner,current_player
0,"[3, 3, 1, 1, 4, 4, 2, 2, 0, 1, 0, 0, 0, 0, 0, 0, 0, 0, 0, 0, 0, 0, 0, 0, 0, 0, 0, 0, 0, 0, 0, 0, 0, 0, 0, 0, 0, 0, 0, 0, 0, 0, 0, 0, 0, 0, 0, 0, 0, 0, 0, 0, 0, 0, 0, 0, 0, 0, 0, 0, 0, 0, 0, 1, 0, 2, 3, 2, 0, 1, 1, 4, 2, 5, 1, 6, 2, 4, 2, 3, 0, 0, 0, 0, 0, 0, 0]",1,0.9889727918669887,-1,0
1,"[2, 2, 1, 1, 4, 4, 2, 2, 0, 1, 0, 0, 0, 0, 0, 0, 0, 0, 0, 0, 0, 0, 0, 0, 0, 0, 0, 0, 0, 0, 0, 0, 1, 0, 0, 0, 0, 0, 0, 0, 0, 0, 0, 0, 0, 0, 0, 0, 0, 0, 0, 0, 0, 0, 0, 0, 0, 0, 0, 0, 0, 0, 0, 1, 0, 2, 3, 2, 0, 1, 1, 4, 2, 5, 1, 6, 2, 4, 2, 3, 0, 0, 0, 0, 0, 0, 0]",0,0.4999329299739067,-1,0
2,"[2, 2, 1, 1, 3, 3, 1, 1, 0, 1, 0, 2, 0, 0, 0, 0, 0, 0, 0, 0, 0, 0, 0, 0, 0, 0, 0, 0, 0, 0, 0, 0, 1, 0, 0, 0, 0, 0, 0, 0, 0, 0, 0, 0, 0, 0, 0, 0, 0, 0, 0, 0, 0, 0, 0, 0, 0, 0, 0, 0, 0, 0, 0, 1, 1, 2, 3, 2, 0, 1, 1, 4, 2, 5, 1, 6, 2, 4, 2, 3, 0, 0, 0, 0, 0, 0, 0]",3,0.9889727918669887,-1,1
3,"[2, 2, 1, 1, 2, 2, 1, 1, 0, 1, 0, 2, 0, 0, 0, 0, 0, 0, 0, 0, 0, 0, 0, 0, 0, 0, 0, 0, 0, 0, 0, 0, 1, 0, 2, 0, 0, 0, 0, 0, 0, 0, 0, 0, 0, 0, 0, 0, 0, 0, 0, 0, 0, 0, 0, 0, 0, 0, 0, 0, 0, 0, 0, 1, 1, 2, 3, 2, 0, 1, 1, 4, 2, 5, 1, 6, 2, 4, 2, 3, 0, 0, 0, 0, 0, 0, 0]",2,0.4999329299739067,-1,1
4,"[2, 2, 1, 1, 1, 1, 0, 0, 0, 1, 0, 2, 0, 0, 0, 0, 0, 0, 0, 0, 2, 0, 0, 0, 0, 0, 0, 0, 0, 0, 0, 0, 1, 0, 2, 0, 0, 0, 0, 0, 0, 0, 0, 0, 0, 0, 0, 0, 0, 0, 0, 0, 0, 0, 0, 0, 0, 0, 0, 0, 0, 0, 0, 1, 2, 2, 3, 2, 0, 1, 1, 4, 2, 5, 1, 6, 2, 4, 2, 3, 0, 0, 0, 0, 0, 0, 0]",12,1.6519460376222421,-1,1
5,"[2, 2, 1, 1, 0, 0, 0, 0, 0, 1, 0, 2, 0, 0, 0, 0, 0, 0, 0, 0, 2, 0, 0, 0, 0, 0, 0, 0, 0, 0, 0, 0, 1, 0, 2, 0, 0, 0, 0, 0, 0, 0, 0, 0, 2, 0, 0, 0, 0, 0, 0, 0, 0, 0, 0, 0, 0, 0, 0, 0, 0, 0, 0, 1, 2, 2, 3, 2, 0, 1, 1, 4, 2, 5, 1, 6, 2, 4, 2, 3, 0, 0, 0, 0, 0, 0, 0]",12,0.4999329299739067,-1,1
6,"[1, 1, 0, 0, 0, 0, 0, 0, 0, 1, 0, 2, 0, 0, 0, 0, 0, 1, 0, 0, 2, 0, 0, 0, 0, 0, 0, 0, 0, 0, 0, 0, 1, 0, 2, 0, 0, 0, 0, 0, 0, 0, 0, 0, 2, 0, 0, 0, 0, 0, 0, 0, 0, 0, 0, 0, 0, 0, 0, 0, 0, 0, 0, 2, 2, 2, 3, 2, 0, 1, 1, 4, 2, 5, 1, 6, 2, 4, 2, 3, 0, 0, 0, 0, 0, 0, 0]",9,1.6519460376222421,-1,0
7,"[0, 2, 0, 1, 1, 1, 0, 2, 0, 1, 0, 2, 0, 0, 0, 0, 0, 1, 0, 0, 2, 0, 0, 0, 0, 0, 0, 0, 0, 0, 0, 0, 1, 0, 2, 0, 0, 0, 0, 0, 0, 1, 0, 0, 2, 0, 0, 0, 0, 0, 0, 0, 0, 0, 0, 0, 0, 0, 0, 0, 0, 0, 0, 2, 2, 2, 3, 2, 0, 1, 1, 4, 2, 5, 1, 6, 2, 4, 2, 3, 1, 0, 0, 0, 0, 0, 0]",9,0.499930193749578,-1,0
8,"[0, 2, 0, 1, 1, 1, 0, 2, 0, 1, 0, 2, 0, 0, 0, 0, 0, 1, 0, 0, 2, 0, 0, 0, 0, 0, 0, 0, 0, 0, 0, 0, 1, 0, 2, 0, 0, 0, 0, 0, 0, 1, 0, 0, 2, 0, 0, 0, 0, 0, 0, 0, 0, 0, 0, 0, 0, 0, 0, 0, 0, 0, 0, 2, 2, 2, 3, 2, 0, 1, 1, 4, 2, 5, 1, 6, 2, 4, 2, 3, 1, 0, 1, 0, 0, 0, 0]",2,0.599930193749578,-1,0
9,"[0, 2, 0, 1, 1, 1, 0, 2, 0, 1, 0, 2, 0, 0, 0, 0, 0, 1, 0, 0, 2, 0, 0, 0, 0, 0, 0, 0, 0, 0, 0, 0, 1, 0, 2, 0, 0, 0, 0, 0, 0, 1, 0, 0, 2, 0, 0, 0, 0, 0, 0, 0, 0, 0, 0, 0, 0, 0, 0, 0, 0, 0, 0, 2, 2, 2, 3, 2, 0, 1, 1, 4, 2, 5, 1, 6, 2, 4, 2, 3, 1, 0, 1, 0, 0, 1, 0]","[[0 0 0 1]
 [1 0 0 0]]",0.8503550588076689,-1,0
10,"[0, 2, 0, 1, 1, 1, 0, 2, 0, 1, 0, 2, 0, 0, 0, 0, 0, 1, 0, 0, 2, 0, 0, 0, 0, 0, 0, 0, 0, 0, 0, 0, 1, 0, 2, 0, 0, 0, 0, 0, 0, 1, 0, 0, 2, 0, 0, 0, 0, 0, 0, 0, 0, 0, 0, 0, 0, 0, 0, 0, 0, 0, 0, 2, 2, 2, 3, 2, 0, 1, 1, 4, 2, 5, 1, 6, 2, 4, 2, 3, 1, 0, 0, 0, 0, 0, 0]",1,-6.980625042201226e-05,-1,1
11,"[0, 2, 0, 1, 2, 1, 0, 2, 0, 1, 0, 2, 0, 0, 0, 0, 0, 1, 0, 0, 2, 0, 0, 0, 0, 0, 0, 0, 0, 0, 0, 0, 1, 0, 2, 0, 0, 0, 0, 0, 0, 1, 0, 0, 2, 0, 0, 0, 0, 0, 0, 0, 0, 0, 0, 0, 0, 0, 0, 0, 0, 0, 0, 2, 2, 2, 3, 2, 0, 1, 1, 4, 2, 5, 1, 6, 2, 4, 2, 3, 2, 0, 0, 0, 0, 0, 0]",4,8.754600971132257,-1,0
12,"[0, 2, 0, 1, 2, 1, 0, 2, 0, 1, 0, 2, 0, 0, 0, 0, 0, 1, 0, 0, 2, 0, 0, 0, 0, 0, 0, 0, 0, 0, 0, 0, 1, 0, 2, 0, 0, 0, 0, 0, 0, 1, 0, 0, 2, 0, 0, 0, 0, 0, 0, 0, 0, 0, 0, 0, 0, 0, 0, 0, 0, 0, 0, 2, 2, 2, 3, 2, 0, 1, 1, 4, 2, 5, 1, 6, 2, 4, 2, 3, 2, 0, 0, 0, 0, 0, 0]",0,0.6260263796372975,-1,1
13,"[0, 2, 0, 1, 1, 0, 0, 2, 0, 1, 0, 2, 0, 0, 0, 0, 0, 1, 0, 0, 2, 0, 0, 0, 0, 0, 0, 0, 0, 0, 0, 0, 1, 0, 2, 2, 0, 0, 0, 0, 0, 1, 0, 0, 2, 0, 0, 0, 0, 0, 0, 0, 0, 0, 0, 0, 0, 0, 0, 0, 0, 0, 0, 2, 2, 2, 3, 2, 0, 1, 1, 4, 2, 5, 1, 6, 2, 4, 2, 3, 2, 0, 0, 0, 0, 0, 0]",3,0.6606837147031736,-1,1
14,"[0, 1, 0, 1, 1, 0, 0, 1, 0, 1, 0, 2, 0, 0, 0, 0, 0, 1, 0, 0, 2, 0, 0, 0, 0, 0, 0, 0, 0, 0, 0, 0, 1, 0, 2, 2, 0, 0, 0, 0, 0, 1, 0, 0, 2, 0, 0, 0, 0, 0, 0, 0, 0, 0, 0, 0, 0, 0, 0, 0, 0, 0, 0, 2, 2, 2, 3, 2, 0, 1, 1, 4, 2, 5, 1, 6, 2, 4, 2, 2, 3, 0, 0, 0, 0, 0, 0]",4,10.357407420614326,-1,1
15,"[0, 1, 0, 1, 1, 0, 0, 1, 0, 1, 0, 2, 0, 0, 0, 0, 0, 1, 0, 0, 2, 0, 0, 0, 0, 0, 0, 0, 0, 0, 0, 0, 1, 0, 2, 2, 0, 0, 0, 0, 0, 1, 0, 0, 2, 0, 0, 0, 0, 0, 0, 0, 0, 0, 0, 0, 0, 0, 0, 0, 0, 0, 0, 2, 2, 2, 3, 2, 0, 1, 1, 4, 2, 5, 1, 6, 2, 4, 2, 2, 3, 1, 0, 0, 0, 0, 0]",3,0.3999243819898746,-1,0
16,"[0, 1, 0, 1, 1, 0, 0, 1, 0, 1, 0, 2, 0, 0, 0, 0, 0, 1, 0, 0, 2, 0, 0, 0, 0, 0, 0, 0, 0, 0, 0, 0, 1, 0, 2, 2, 0, 0, 0, 0, 0, 1, 0, 0, 2, 0, 0, 0, 0, 0, 0, 0, 0, 0, 0, 0, 0, 0, 0, 0, 0, 0, 0, 2, 2, 2, 3, 2, 0, 1, 1, 4, 2, 5, 1, 6, 2, 4, 2, 2, 3, 0, 0, 0, 0, 0, 0]",-1,-0.04852227667742541,-1,0
17,"[0, 1, 0, 1, 1, 0, 0, 1, 0, 1, 0, 2, 0, 0, 0, 0, 0, 1, 0, 0, 2, 0, 0, 0, 0, 0, 0, 0, 0, 0, 0, 0, 1, 0, 2, 2, 0, 0, 0, 0, 0, 1, 0, 0, 2, 0, 0, 0, 0, 0, 0, 0, 0, 0, 0, 0, 0, 0, 0, 0, 0, 0, 0, 2, 2, 2, 3, 2, 0, 1, 1, 4, 2, 5, 1, 6, 2, 4, 2, 2, 4, 0, 0, 0, 0, 0, 0]",4,8.956429021823363,-1,0
18,"[0, 1, 0, 2, 1, 0, 0, 2, 0, 1, 0, 2, 0, 0, 0, 0, 0, 1, 0, 0, 2, 0, 0, 0, 0, 0, 0, 0, 0, 0, 0, 0, 1, 0, 2, 2, 0, 0, 0, 0, 0, 1, 0, 0, 2, 0, 0, 0, 0, 0, 0, 0, 0, 0, 0, 0, 0, 0, 0, 0, 0, 0, 0, 2, 2, 2, 3, 2, 0, 1, 1, 4, 2, 5, 1, 6, 2, 4, 2, 2, 5, 0, 0, 0, 0, 0, 0]",4,10.151665672302219,-1,1
19,"[0, 1, 0, 2, 1, 0, 0, 2, 0, 1, 0, 2, 0, 0, 0, 0, 0, 1, 0, 0, 2, 0, 0, 0, 0, 0, 0, 0, 0, 0, 0, 0, 1, 0, 2, 2, 0, 0, 0, 0, 0, 1, 0, 0, 2, 0, 0, 0, 0, 0, 0, 0, 0, 0, 0, 0, 0, 0, 0, 0, 0, 0, 0, 2, 2, 2, 3, 2, 0, 1, 1, 4, 2, 5, 1, 6, 2, 4, 2, 2, 5, 1, 0, 0, 0, 0, 0]",3,0.39991808656700284,-1,0
20,"[0, 1, 0, 2, 1, 0, 0, 2, 0, 1, 0, 2, 0, 0, 0, 0, 0, 1, 0, 0, 2, 0, 0, 0, 0, 0, 0, 0, 0, 0, 0, 0, 1, 0, 2, 2, 0, 0, 0, 0, 0, 1, 0, 0, 2, 0, 0, 0, 0, 0, 0, 0, 0, 0, 0, 0, 0, 0, 0, 0, 0, 0, 0, 2, 2, 2, 3, 2, 0, 1, 1, 4, 2, 5, 1, 6, 2, 4, 2, 2, 5, 0, 0, 0, 0, 0, 0]",-1,-0.047561471225035706,-1,0
21,"[0, 1, 0, 3, 1, 0, 0, 3, 0, 1, 0, 2, 0, 0, 0, 0, 0, 1, 0, 0, 2, 0, 0, 0, 0, 0, 0, 0, 0, 0, 0, 0, 1, 0, 2, 2, 0, 0, 0, 0, 0, 1, 0, 0, 2, 0, 0, 0, 0, 0, 0, 0, 0, 0, 0, 0, 0, 0, 0, 0, 0, 0, 0, 2, 2, 2, 3, 2, 0, 1, 1, 4, 2, 5, 1, 6, 2, 4, 2, 2, 6, 0, 0, 0, 0, 0, 0]",4,8.588512244764512,-1,0
22,"[0, 2, 0, 3, 1, 1, 0, 3, 0, 1, 0, 2, 0, 0, 0, 0, 0, 1, 0, 0, 2, 0, 0, 0, 0, 0, 0, 0, 0, 0, 0, 0, 1, 0, 2, 2, 0, 0, 0, 0, 0, 1, 0, 0, 2, 0, 0, 0, 0, 0, 0, 0, 0, 0, 0, 0, 0, 0, 0, 0, 0, 0, 0, 2, 2, 2, 3, 2, 0, 1, 1, 4, 2, 5, 1, 6, 2, 4, 2, 2, 7, 0, 0, 0, 0, 0, 0]",4,10.20704318693804,-1,1
23,"[0, 2, 0, 3, 1, 1, 0, 3, 0, 1, 0, 2, 0, 0, 0, 0, 0, 1, 0, 0, 2, 0, 0, 0, 0, 0, 0, 0, 0, 0, 0, 0, 1, 0, 2, 2, 0, 0, 0, 0, 0, 1, 0, 0, 2, 0, 0, 0, 0, 0, 0, 0, 0, 0, 0, 0, 0, 0, 0, 0, 0, 0, 0, 2, 2, 2, 3, 2, 0, 1, 1, 4, 2, 5, 1, 6, 2, 4, 2, 2, 7, 0, 1, 0, 0, 0, 0]",2,0.5999112672641851,-1,0
24,"[0, 2, 0, 3, 1, 1, 0, 3, 0, 1, 0, 2, 0, 0, 0, 0, 0, 1, 0, 0, 2, 0, 0, 0, 0, 0, 0, 0, 0, 0, 0, 0, 1, 0, 2, 2, 0, 0, 0, 0, 0, 1, 0, 0, 2, 0, 0, 0, 0, 0, 0, 0, 0, 0, 0, 0, 0, 0, 0, 0, 0, 0, 0, 2, 2, 2, 3, 2, 0, 1, 1, 4, 2, 5, 1, 6, 2, 4, 2, 2, 7, 0, 1, 0, 0, 1, 0]","[[0 1 0 0]
 [1 0 0 0]]",0.850336132322276,-1,0
25,"[1, 1, 0, 3, 0, 2, 0, 3, 0, 1, 0, 2, 0, 0, 0, 0, 0, 1, 0, 0, 2, 0, 0, 0, 0, 0, 0, 0, 0, 0, 0, 0, 1, 0, 2, 2, 0, 0, 0, 0, 0, 1, 0, 0, 2, 0, 0, 0, 0, 0, 0, 0, 0, 0, 0, 0, 0, 0, 0, 0, 0, 0, 0, 2, 2, 2, 3, 2, 0, 1, 1, 4, 2, 5, 1, 6, 2, 4, 2, 2, 7, 0, 0, 0, 0, 0, 0]",0,-8.873273581487007e-05,-1,1
26,"[1, 1, 0, 3, 0, 2, 0, 3, 0, 1, 0, 2, 0, 0, 0, 0, 0, 1, 0, 0, 2, 0, 0, 0, 0, 0, 0, 0, 0, 0, 0, 0, 1, 0, 2, 2, 0, 0, 0, 0, 0, 1, 0, 0, 2, 0, 0, 0, 0, 0, 0, 0, 0, 0, 0, 0, 0, 0, 0, 0, 0, 0, 0, 2, 2, 2, 3, 2, 0, 1, 1, 4, 2, 5, 1, 6, 2, 4, 2, 2, 7, 0, 0, 0, 0, 0, 0]",0,0.6260103009641261,-1,0
27,"[0, 0, 0, 3, 0, 2, 0, 3, 0, 1, 0, 2, 0, 0, 0, 0, 0, 1, 0, 0, 2, 0, 0, 0, 0, 0, 0, 0, 0, 0, 0, 0, 1, 0, 2, 2, 0, 0, 0, 0, 0, 1, 0, 0, 2, 0, 0, 1, 0, 0, 0, 0, 0, 0, 0, 0, 0, 0, 0, 0, 0, 0, 0, 2, 2, 2, 3, 2, 0, 1, 1, 4, 2, 5, 1, 6, 2, 4, 2, 2, 7, 0, 0, 0, 0, 0, 0]",15,0.4999112672641851,-1,0
28,"[0, 0, 0, 3, 1, 2, 0, 3, 0, 1, 0, 2, 0, 0, 0, 0, 0, 1, 0, 0, 2, 0, 0, 0, 0, 0, 0, 0, 0, 0, 0, 0, 1, 0, 2, 2, 0, 0, 0, 0, 0, 1, 0, 0, 2, 0, 0, 1, 0, 0, 0, 0, 0, 0, 0, 0, 0, 0, 0, 0, 0, 0, 0, 2, 2, 2, 3, 2, 0, 1, 1, 4, 2, 5, 1, 6, 2, 4, 2, 2, 8, 0, 0, 0, 0, 0, 0]",4,9.70841806565727,-1,0
29,"[0, 0, 0, 3, 1, 2, 0, 3, 0, 1, 0, 2, 0, 0, 0, 0, 0, 1, 0, 0, 2, 0, 0, 0, 0, 0, 0, 0, 0, 0, 0, 0, 1, 0, 2, 2, 0, 0, 0, 0, 0, 1, 0, 0, 2, 0, 0, 1, 0, 0, 0, 0, 0, 0, 0, 0, 0, 0, 0, 0, 0, 0, 0, 2, 2, 2, 3, 2, 0, 1, 1, 4, 2, 5, 1, 6, 2, 4, 2, 2, 8, 0, 0, 0, 0, 0, 0]",0,0.585569666258548,-1,1
30,"[0, 0, 0, 3, 0, 1, 0, 3, 0, 1, 0, 2, 0, 0, 0, 0, 0, 1, 0, 0, 2, 0, 0, 0, 0, 0, 0, 0, 0, 0, 0, 0, 1, 0, 2, 2, 0, 0, 2, 0, 0, 1, 0, 0, 2, 0, 0, 1, 0, 0, 0, 0, 0, 0, 0, 0, 0, 0, 0, 0, 0, 0, 0, 2, 2, 2, 3, 2, 0, 1, 1, 4, 2, 5, 1, 6, 2, 4, 2, 2, 8, 0, 0, 0, 0, 0, 0]",6,0.6606640164505123,-1,1
31,"[0, 0, 0, 1, 0, 1, 0, 1, 0, 1, 0, 2, 0, 0, 0, 0, 0, 1, 0, 0, 2, 0, 0, 0, 0, 0, 0, 0, 0, 0, 0, 0, 1, 0, 2, 2, 0, 0, 2, 0, 0, 1, 0, 0, 2, 0, 0, 1, 0, 0, 0, 0, 0, 0, 0, 0, 0, 0, 0, 0, 0, 0, 0, 2, 2, 2, 3, 2, 0, 1, 1, 4, 2, 5, 1, 6, 2, 4, 2, 5, 9, 0, 0, 0, 0, 0, 0]",4,11.751678686459005,-1,1
32,"[0, 0, 0, 1, 0, 1, 0, 1, 0, 1, 0, 2, 0, 0, 0, 0, 0, 1, 0, 0, 2, 0, 0, 0, 0, 0, 0, 0, 0, 0, 0, 0, 1, 0, 2, 2, 0, 0, 2, 0, 0, 1, 0, 0, 2, 0, 0, 1, 0, 0, 0, 0, 0, 0, 0, 0, 0, 0, 0, 0, 0, 0, 0, 2, 2, 2, 3, 2, 0, 1, 1, 4, 2, 5, 1, 6, 2, 4, 2, 5, 9, 0, 1, 0, 0, 0, 0]",2,0.599903880526566,-1,0
33,"[0, 0, 0, 1, 0, 1, 0, 1, 0, 1, 0, 2, 0, 0, 0, 0, 0, 1, 0, 0, 2, 0, 0, 0, 0, 0, 0, 0, 0, 0, 0, 0, 1, 0, 2, 2, 0, 0, 2, 0, 0, 1, 0, 0, 2, 0, 0, 1, 0, 0, 0, 0, 0, 0, 0, 0, 0, 0, 0, 0, 0, 0, 0, 2, 2, 2, 3, 2, 0, 1, 1, 4, 2, 5, 1, 6, 2, 4, 2, 5, 9, 0, 1, 0, 0, 1, 0]","[[0 0 0 1]
 [0 1 0 0]]",0.8503287455846569,-1,0
34,"[0, 0, 0, 1, 0, 1, 0, 1, 0, 1, 0, 2, 0, 0, 0, 0, 0, 1, 0, 0, 2, 0, 0, 0, 0, 0, 0, 0, 0, 0, 0, 0, 1, 0, 2, 2, 0, 0, 2, 0, 0, 1, 0, 0, 2, 0, 0, 1, 0, 0, 0, 0, 0, 0, 0, 0, 0, 0, 0, 0, 0, 0, 0, 2, 2, 2, 3, 2, 0, 1, 1, 4, 2, 5, 1, 6, 2, 4, 2, 5, 9, 0, 1, 0, 0, 0, 1]",2,-9.611947343405211e-05,-1,1
35,"[0, 0, 0, 1, 0, 1, 0, 1, 0, 1, 0, 2, 0, 0, 0, 0, 0, 1, 0, 0, 2, 0, 0, 0, 0, 0, 0, 0, 0, 0, 0, 0, 1, 0, 2, 2, 0, 0, 2, 0, 0, 1, 0, 0, 2, 0, 0, 1, 0, 0, 0, 0, 0, 0, 0, 0, 0, 0, 0, 0, 0, 0, 0, 2, 2, 2, 3, 2, 0, 1, 1, 4, 2, 5, 1, 6, 2, 4, 2, 5, 9, 0, 0, 1, 0, 0, 0]","[[0 1 0 0]
 [0 0 0 1]]",-9.611947343405211e-05,-1,1
36,"[0, 1, 0, 0, 0, 0, 0, 2, 0, 1, 0, 2, 0, 0, 0, 0, 0, 1, 0, 0, 2, 0, 0, 0, 0, 0, 0, 0, 0, 0, 0, 0, 1, 0, 2, 2, 0, 0, 2, 0, 0, 1, 0, 0, 2, 0, 0, 1, 0, 0, 0, 0, 0, 0, 0, 0, 0, 0, 0, 0, 0, 0, 0, 2, 2, 2, 3, 2, 0, 1, 1, 4, 2, 5, 1, 6, 2, 4, 2, 5, 9, 0, 0, 0, 0, 0, 0]",0,-9.611947343405211e-05,-1,0
37,"[0, 1, 0, 0, 0, 0, 0, 2, 0, 1, 0, 2, 0, 0, 0, 0, 0, 1, 0, 0, 2, 0, 0, 0, 0, 0, 0, 0, 0, 0, 0, 0, 1, 0, 2, 2, 0, 0, 2, 0, 0, 1, 0, 0, 2, 0, 0, 1, 0, 0, 0, 0, 0, 0, 0, 0, 0, 0, 0, 0, 0, 0, 0, 2, 2, 2, 3, 2, 0, 1, 1, 4, 2, 5, 1, 6, 2, 4, 2, 5, 10, 0, 0, 0, 0, 0, 0]",4,10.188034898222837,-1,0
38,"[0, 2, 0, 0, 0, 1, 0, 2, 0, 1, 0, 2, 0, 0, 0, 0, 0, 1, 0, 0, 2, 0, 0, 0, 0, 0, 0, 0, 0, 0, 0, 0, 1, 0, 2, 2, 0, 0, 2, 0, 0, 1, 0, 0, 2, 0, 0, 1, 0, 0, 0, 0, 0, 0, 0, 0, 0, 0, 0, 0, 0, 0, 0, 2, 2, 2, 3, 2, 0, 1, 1, 4, 2, 5, 1, 6, 2, 4, 2, 5, 11, 0, 0, 0, 0, 0, 0]",4,11.546048262808757,-1,1
39,"[0, 2, 0, 0, 0, 1, 0, 2, 0, 1, 0, 2, 0, 0, 0, 0, 0, 1, 0, 0, 2, 0, 0, 0, 0, 0, 0, 0, 0, 0, 0, 0, 1, 0, 2, 2, 0, 0, 2, 0, 0, 1, 0, 0, 2, 0, 0, 1, 0, 0, 0, 0, 0, 0, 0, 0, 0, 0, 0, 0, 0, 0, 0, 2, 2, 2, 3, 2, 0, 1, 1, 4, 2, 5, 1, 6, 2, 4, 2, 5, 11, 1, 0, 0, 0, 0, 0]",3,0.3998958791851778,-1,0
40,"[0, 2, 0, 0, 0, 1, 0, 2, 0, 1, 0, 2, 0, 0, 0, 0, 0, 1, 0, 0, 2, 0, 0, 0, 0, 0, 0, 0, 0, 0, 0, 0, 1, 0, 2, 2, 0, 0, 2, 0, 0, 1, 0, 0, 2, 0, 0, 1, 0, 0, 0, 0, 0, 0, 0, 0, 0, 0, 0, 0, 0, 0, 0, 2, 2, 2, 3, 2, 0, 1, 1, 4, 2, 5, 1, 6, 2, 4, 2, 5, 11, 0, 0, 0, 0, 0, 0]",-1,-0.04479170676482641,-1,0
41,"[0, 2, 0, 0, 0, 1, 0, 2, 0, 1, 0, 2, 0, 0, 0, 0, 0, 1, 0, 0, 2, 0, 0, 0, 0, 0, 0, 0, 0, 0, 0, 0, 1, 0, 2, 2, 0, 0, 2, 0, 0, 1, 0, 0, 2, 0, 0, 1, 0, 0, 0, 0, 0, 0, 0, 0, 0, 0, 0, 0, 0, 0, 0, 2, 2, 2, 3, 2, 0, 1, 1, 4, 2, 5, 1, 6, 2, 4, 2, 5, 11, 0, 1, 0, 0, 0, 0]",2,0.5998958791851778,-1,0
42,"[0, 2, 0, 0, 0, 1, 0, 2, 0, 1, 0, 2, 0, 0, 0, 0, 0, 1, 0, 0, 2, 0, 0, 0, 0, 0, 0, 0, 0, 0, 0, 0, 1, 0, 2, 2, 0, 0, 2, 0, 0, 1, 0, 0, 2, 0, 0, 1, 0, 0, 0, 0, 0, 0, 0, 0, 0, 0, 0, 0, 0, 0, 0, 2, 2, 2, 3, 2, 0, 1, 1, 4, 2, 5, 1, 6, 2, 4, 2, 5, 11, 0, 1, 0, 0, 1, 0]","[[0 1 0 0]
 [0 0 0 1]]",0.8503207442432688,-1,0
43,"[0, 2, 0, 0, 0, 1, 0, 2, 0, 1, 0, 2, 0, 0, 0, 0, 0, 1, 0, 0, 2, 0, 0, 0, 0, 0, 0, 0, 0, 0, 0, 0, 1, 0, 2, 2, 0, 0, 2, 0, 0, 1, 0, 0, 2, 0, 0, 1, 0, 0, 0, 0, 0, 0, 0, 0, 0, 0, 0, 0, 0, 0, 0, 2, 2, 2, 3, 2, 0, 1, 1, 4, 2, 5, 1, 6, 2, 4, 2, 5, 11, 0, 0, 0, 0, 0, 0]",1,-0.00010412081482218844,-1,1
44,"[0, 3, 0, 0, 0, 2, 0, 2, 0, 1, 0, 2, 0, 0, 0, 0, 0, 1, 0, 0, 2, 0, 0, 0, 0, 0, 0, 0, 0, 0, 0, 0, 1, 0, 2, 2, 0, 0, 2, 0, 0, 1, 0, 0, 2, 0, 0, 1, 0, 0, 0, 0, 0, 0, 0, 0, 0, 0, 0, 0, 0, 0, 0, 2, 2, 2, 3, 2, 0, 1, 1, 4, 2, 5, 1, 6, 2, 4, 2, 5, 12, 0, 0, 0, 0, 0, 0]",4,9.704746081748157,-1,0
45,"[0, 3, 0, 1, 0, 2, 0, 3, 0, 1, 0, 2, 0, 0, 0, 0, 0, 1, 0, 0, 2, 0, 0, 0, 0, 0, 0, 0, 0, 0, 0, 0, 1, 0, 2, 2, 0, 0, 2, 0, 0, 1, 0, 0, 2, 0, 0, 1, 0, 0, 0, 0, 0, 0, 0, 0, 0, 0, 0, 0, 0, 0, 0, 2, 2, 2, 3, 2, 0, 1, 1, 4, 2, 5, 1, 6, 2, 4, 2, 5, 13, 0, 0, 0, 0, 0, 0]",4,11.41949721322964,-1,1
46,"[0, 3, 0, 1, 0, 2, 0, 3, 0, 1, 0, 2, 0, 0, 0, 0, 0, 1, 0, 0, 2, 0, 0, 0, 0, 0, 0, 0, 0, 0, 0, 0, 1, 0, 2, 2, 0, 0, 2, 0, 0, 1, 0, 0, 2, 0, 0, 1, 0, 0, 0, 0, 0, 0, 0, 0, 0, 0, 0, 0, 0, 0, 0, 2, 2, 2, 3, 2, 0, 1, 1, 4, 2, 5, 1, 6, 2, 4, 2, 5, 13, 0, 0, 0, 0, 0, 0]",0,0.5855492307321144,-1,0
47,"[0, 3, 0, 1, 0, 2, 0, 3, 0, 1, 0, 2, 0, 0, 0, 0, 0, 1, 0, 0, 2, 0, 0, 0, 0, 0, 0, 0, 0, 0, 0, 0, 1, 0, 2, 2, 0, 0, 2, 0, 0, 1, 0, 0, 2, 0, 0, 1, 0, 0, 0, 0, 0, 0, 0, 0, 0, 0, 0, 0, 0, 0, 0, 2, 2, 2, 3, 2, 0, 1, 1, 4, 2, 5, 1, 6, 2, 4, 2, 5, 13, 0, 0, 0, 0, 0, 0]",-1,-0.043904771546028065,-1,0
48,"[0, 1, 0, 1, 0, 1, 0, 1, 0, 1, 0, 2, 0, 0, 0, 0, 0, 1, 0, 0, 2, 0, 0, 0, 0, 0, 0, 0, 0, 0, 0, 0, 1, 0, 2, 2, 0, 0, 2, 0, 0, 1, 0, 0, 2, 0, 0, 1, 0, 0, 0, 0, 0, 0, 0, 0, 0, 0, 0, 0, 0, 0, 0, 2, 2, 2, 3, 2, 0, 1, 1, 4, 2, 5, 1, 6, 2, 4, 2, 4, 14, 0, 0, 0, 0, 0, 0]",4,10.347155326286616,-1,0
49,"[0, 1, 0, 1, 0, 1, 0, 1, 0, 1, 0, 2, 0, 0, 0, 0, 0, 1, 0, 0, 2, 0, 0, 0, 0, 0, 0, 0, 0, 0, 0, 0, 1, 0, 2, 2, 0, 0, 2, 0, 0, 1, 0, 0, 2, 0, 0, 1, 0, 0, 0, 0, 0, 0, 0, 0, 0, 0, 0, 0, 0, 0, 0, 2, 2, 2, 3, 2, 0, 1, 1, 4, 2, 5, 1, 6, 2, 4, 2, 4, 14, 0, 1, 0, 0, 0, 0]",2,0.5998826119007838,-1,1
50,"[0, 1, 0, 1, 0, 1, 0, 1, 0, 1, 0, 2, 0, 0, 0, 0, 0, 1, 0, 0, 2, 0, 0, 0, 0, 0, 0, 0, 0, 0, 0, 0, 1, 0, 2, 2, 0, 0, 2, 0, 0, 1, 0, 0, 2, 0, 0, 1, 0, 0, 0, 0, 0, 0, 0, 0, 0, 0, 0, 0, 0, 0, 0, 2, 2, 2, 3, 2, 0, 1, 1, 4, 2, 5, 1, 6, 2, 4, 2, 4, 14, 0, 1, 0, 0, 1, 0]","[[0 1 0 0]
 [0 0 0 1]]",0.8503074769588748,-1,1
51,"[0, 1, 0, 1, 0, 1, 0, 1, 0, 1, 0, 2, 0, 0, 0, 0, 0, 1, 0, 0, 2, 0, 0, 0, 0, 0, 0, 0, 0, 0, 0, 0, 1, 0, 2, 2, 0, 0, 2, 0, 0, 1, 0, 0, 2, 0, 0, 1, 0, 0, 0, 0, 0, 0, 0, 0, 0, 0, 0, 0, 0, 0, 0, 2, 2, 2, 3, 2, 0, 1, 1, 4, 2, 5, 1, 6, 2, 4, 2, 4, 14, 0, 0, 0, 0, 0, 0]",1,-0.00011738809921616044,-1,0
52,"[0, 1, 0, 2, 0, 1, 0, 2, 0, 1, 0, 2, 0, 0, 0, 0, 0, 1, 0, 0, 2, 0, 0, 0, 0, 0, 0, 0, 0, 0, 0, 0, 1, 0, 2, 2, 0, 0, 2, 0, 0, 1, 0, 0, 2, 0, 0, 1, 0, 0, 0, 0, 0, 0, 0, 0, 0, 0, 0, 0, 0, 0, 0, 2, 2, 2, 3, 2, 0, 1, 1, 4, 2, 5, 1, 6, 2, 4, 2, 4, 15, 0, 0, 0, 0, 0, 0]",4,11.542482289487976,-1,1
53,"[0, 2, 0, 2, 0, 2, 0, 2, 0, 1, 0, 2, 0, 0, 0, 0, 0, 1, 0, 0, 2, 0, 0, 0, 0, 0, 0, 0, 0, 0, 0, 0, 1, 0, 2, 2, 0, 0, 2, 0, 0, 1, 0, 0, 2, 0, 0, 1, 0, 0, 0, 0, 0, 0, 0, 0, 0, 0, 0, 0, 0, 0, 0, 2, 2, 2, 3, 2, 0, 1, 1, 4, 2, 5, 1, 6, 2, 4, 2, 4, 16, 0, 0, 0, 0, 0, 0]",4,10.102006307790004,-1,0
54,"[0, 2, 0, 3, 0, 2, 0, 3, 0, 1, 0, 2, 0, 0, 0, 0, 0, 1, 0, 0, 2, 0, 0, 0, 0, 0, 0, 0, 0, 0, 0, 0, 1, 0, 2, 2, 0, 0, 2, 0, 0, 1, 0, 0, 2, 0, 0, 1, 0, 0, 0, 0, 0, 0, 0, 0, 0, 0, 0, 0, 0, 0, 0, 2, 2, 2, 3, 2, 0, 1, 1, 4, 2, 5, 1, 6, 2, 4, 2, 4, 17, 0, 0, 0, 0, 0, 0]",4,11.415999991487773,-1,1
55,"[0, 2, 0, 3, 0, 2, 0, 3, 0, 1, 0, 2, 0, 0, 0, 0, 0, 1, 0, 0, 2, 0, 0, 0, 0, 0, 0, 0, 0, 0, 0, 0, 1, 0, 2, 2, 0, 0, 2, 0, 0, 1, 0, 0, 2, 0, 0, 1, 0, 0, 0, 0, 0, 0, 0, 0, 0, 0, 0, 0, 0, 0, 0, 2, 2, 2, 3, 2, 0, 1, 1, 4, 2, 5, 1, 6, 2, 4, 2, 4, 17, 0, 1, 0, 0, 0, 0]",2,0.5998676551914885,-1,0
56,"[0, 2, 0, 3, 0, 2, 0, 3, 0, 1, 0, 2, 0, 0, 0, 0, 0, 1, 0, 0, 2, 0, 0, 0, 0, 0, 0, 0, 0, 0, 0, 0, 1, 0, 2, 2, 0, 0, 2, 0, 0, 1, 0, 0, 2, 0, 0, 1, 0, 0, 0, 0, 0, 0, 0, 0, 0, 0, 0, 0, 0, 0, 0, 2, 2, 2, 3, 2, 0, 1, 1, 4, 2, 5, 1, 6, 2, 4, 2, 4, 17, 0, 0, 0, 0, 0, 0]",-1,-0.04218324082981919,-1,0
57,"[0, 2, 0, 3, 0, 2, 0, 3, 0, 1, 0, 2, 0, 0, 0, 0, 0, 1, 0, 0, 2, 0, 0, 0, 0, 0, 0, 0, 0, 0, 0, 0, 1, 0, 2, 2, 0, 0, 2, 0, 0, 1, 0, 0, 2, 0, 0, 1, 0, 0, 0, 0, 0, 0, 0, 0, 0, 0, 0, 0, 0, 0, 0, 2, 2, 2, 3, 2, 0, 1, 1, 4, 2, 5, 1, 6, 2, 4, 2, 4, 17, 1, 0, 0, 0, 0, 0]",3,0.3998676551914886,-1,0
58,"[0, 2, 0, 3, 0, 2, 0, 3, 0, 1, 0, 2, 0, 0, 0, 0, 0, 1, 0, 0, 2, 0, 0, 0, 0, 0, 0, 0, 0, 0, 0, 0, 1, 0, 2, 2, 0, 0, 2, 0, 0, 1, 0, 0, 2, 0, 0, 1, 0, 0, 0, 0, 0, 0, 0, 0, 0, 0, 0, 0, 0, 0, 0, 2, 2, 2, 3, 2, 0, 1, 1, 4, 2, 5, 1, 6, 2, 4, 2, 4, 17, 0, 0, 0, 0, 0, 0]",-1,-0.04218324082981919,-1,0
59,"[0, 2, 0, 3, 0, 2, 0, 3, 0, 1, 0, 2, 0, 0, 0, 0, 0, 1, 0, 0, 2, 0, 0, 0, 0, 0, 0, 0, 0, 0, 0, 0, 1, 0, 2, 2, 0, 0, 2, 0, 0, 1, 0, 0, 2, 0, 0, 1, 0, 0, 0, 0, 0, 0, 0, 0, 0, 0, 0, 0, 0, 0, 0, 2, 2, 2, 3, 2, 0, 1, 1, 4, 2, 5, 1, 6, 2, 4, 2, 4, 17, 1, 0, 0, 0, 0, 0]",3,0.3998676551914886,-1,0
60,"[0, 2, 0, 3, 0, 2, 0, 3, 0, 1, 0, 2, 0, 0, 0, 0, 0, 1, 0, 0, 2, 0, 0, 0, 0, 0, 0, 0, 0, 0, 0, 0, 1, 0, 2, 2, 0, 0, 2, 0, 0, 1, 0, 0, 2, 0, 0, 1, 0, 0, 0, 0, 0, 0, 0, 0, 0, 0, 0, 0, 0, 0, 0, 2, 2, 2, 3, 2, 0, 1, 1, 4, 2, 5, 1, 6, 2, 4, 2, 4, 17, 0, 0, 0, 0, 0, 0]",-1,-0.04218324082981919,-1,0
61,"[0, 2, 0, 3, 0, 2, 0, 3, 0, 1, 0, 2, 0, 0, 0, 0, 0, 1, 0, 0, 2, 0, 0, 0, 0, 0, 0, 0, 0, 0, 0, 0, 1, 0, 2, 2, 0, 0, 2, 0, 0, 1, 0, 0, 2, 0, 0, 1, 0, 0, 0, 0, 0, 0, 0, 0, 0, 0, 0, 0, 0, 0, 0, 2, 2, 2, 3, 2, 0, 1, 1, 4, 2, 5, 1, 6, 2, 4, 2, 4, 17, 0, 1, 0, 0, 0, 0]",2,0.5998676551914885,-1,0
62,"[0, 2, 0, 3, 0, 2, 0, 3, 0, 1, 0, 2, 0, 0, 0, 0, 0, 1, 0, 0, 2, 0, 0, 0, 0, 0, 0, 0, 0, 0, 0, 0, 1, 0, 2, 2, 0, 0, 2, 0, 0, 1, 0, 0, 2, 0, 0, 1, 0, 0, 0, 0, 0, 0, 0, 0, 0, 0, 0, 0, 0, 0, 0, 2, 2, 2, 3, 2, 0, 1, 1, 4, 2, 5, 1, 6, 2, 4, 2, 4, 17, 0, 0, 0, 0, 0, 0]",-1,-0.04218324082981919,-1,0
63,"[0, 2, 0, 3, 0, 2, 0, 3, 0, 1, 0, 2, 0, 0, 0, 0, 0, 1, 0, 0, 2, 0, 0, 0, 0, 0, 0, 0, 0, 0, 0, 0, 1, 0, 2, 2, 0, 0, 2, 0, 0, 1, 0, 0, 2, 0, 0, 1, 0, 0, 0, 0, 0, 0, 0, 0, 0, 0, 0, 0, 0, 0, 0, 2, 2, 2, 3, 2, 0, 1, 1, 4, 2, 5, 1, 6, 2, 4, 2, 4, 17, 1, 0, 0, 0, 0, 0]",3,0.3998676551914886,-1,0
64,"[0, 2, 0, 3, 0, 2, 0, 3, 0, 1, 0, 2, 0, 0, 0, 0, 0, 1, 0, 0, 2, 0, 0, 0, 0, 0, 0, 0, 0, 0, 0, 0, 1, 0, 2, 2, 0, 0, 2, 0, 0, 1, 0, 0, 2, 0, 0, 1, 0, 0, 0, 0, 0, 0, 0, 0, 0, 0, 0, 0, 0, 0, 0, 2, 2, 2, 3, 2, 0, 1, 1, 4, 2, 5, 1, 6, 2, 4, 2, 4, 17, 0, 0, 0, 0, 0, 0]",-1,-0.04218324082981919,-1,0
65,"[0, 2, 0, 3, 0, 2, 0, 3, 0, 1, 0, 2, 0, 0, 0, 0, 0, 1, 0, 0, 2, 0, 0, 0, 0, 0, 0, 0, 0, 0, 0, 0, 1, 0, 2, 2, 0, 0, 2, 0, 0, 1, 0, 0, 2, 0, 0, 1, 0, 0, 0, 0, 0, 0, 0, 0, 0, 0, 0, 0, 0, 0, 0, 2, 2, 2, 3, 2, 0, 1, 1, 4, 2, 5, 1, 6, 2, 4, 2, 4, 17, 1, 0, 0, 0, 0, 0]",3,0.3998676551914886,-1,0
66,"[0, 2, 0, 3, 0, 2, 0, 3, 0, 1, 0, 2, 0, 0, 0, 0, 0, 1, 0, 0, 2, 0, 0, 0, 0, 0, 0, 0, 0, 0, 0, 0, 1, 0, 2, 2, 0, 0, 2, 0, 0, 1, 0, 0, 2, 0, 0, 1, 0, 0, 0, 0, 0, 0, 0, 0, 0, 0, 0, 0, 0, 0, 0, 2, 2, 2, 3, 2, 0, 1, 1, 4, 2, 5, 1, 6, 2, 4, 2, 4, 17, 0, 0, 0, 0, 0, 0]",-1,-0.04218324082981919,-1,0
67,"[0, 2, 0, 4, 0, 2, 0, 4, 0, 1, 0, 2, 0, 0, 0, 0, 0, 1, 0, 0, 2, 0, 0, 0, 0, 0, 0, 0, 0, 0, 0, 0, 1, 0, 2, 2, 0, 0, 2, 0, 0, 1, 0, 0, 2, 0, 0, 1, 0, 0, 0, 0, 0, 0, 0, 0, 0, 0, 0, 0, 0, 0, 0, 2, 2, 2, 3, 2, 0, 1, 1, 4, 2, 5, 1, 6, 2, 4, 2, 4, 18, 0, 0, 0, 0, 0, 0]",4,9.934935953916714,-1,0
68,"[0, 3, 0, 4, 0, 3, 0, 4, 0, 1, 0, 2, 0, 0, 0, 0, 0, 1, 0, 0, 2, 0, 0, 0, 0, 0, 0, 0, 0, 0, 0, 0, 1, 0, 2, 2, 0, 0, 2, 0, 0, 1, 0, 0, 2, 0, 0, 1, 0, 0, 0, 0, 0, 0, 0, 0, 0, 0, 0, 0, 0, 0, 0, 2, 2, 2, 3, 2, 0, 1, 1, 4, 2, 5, 1, 6, 2, 4, 2, 4, 19, 0, 0, 0, 0, 0, 0]",4,11.352996974273326,-1,1
69,"[0, 3, 0, 4, 0, 3, 0, 4, 0, 1, 0, 2, 0, 0, 0, 0, 0, 1, 0, 0, 2, 0, 0, 0, 0, 0, 0, 0, 0, 0, 0, 0, 1, 0, 2, 2, 0, 0, 2, 0, 0, 1, 0, 0, 2, 0, 0, 1, 0, 0, 0, 0, 0, 0, 0, 0, 0, 0, 0, 0, 0, 0, 0, 2, 2, 2, 3, 2, 0, 1, 1, 4, 2, 5, 1, 6, 2, 4, 2, 4, 19, 0, 1, 0, 0, 0, 0]",2,0.5998566404814467,-1,0
70,"[0, 3, 0, 4, 0, 3, 0, 4, 0, 1, 0, 2, 0, 0, 0, 0, 0, 1, 0, 0, 2, 0, 0, 0, 0, 0, 0, 0, 0, 0, 0, 0, 1, 0, 2, 2, 0, 0, 2, 0, 0, 1, 0, 0, 2, 0, 0, 1, 0, 0, 0, 0, 0, 0, 0, 0, 0, 0, 0, 0, 0, 0, 0, 2, 2, 2, 3, 2, 0, 1, 1, 4, 2, 5, 1, 6, 2, 4, 2, 4, 19, 0, 0, 0, 0, 0, 0]",-1,-0.04134795669716812,-1,0
71,"[0, 3, 0, 4, 0, 3, 0, 4, 0, 1, 0, 2, 0, 0, 0, 0, 0, 1, 0, 0, 2, 0, 0, 0, 0, 0, 0, 0, 0, 0, 0, 0, 1, 0, 2, 2, 0, 0, 2, 0, 0, 1, 0, 0, 2, 0, 0, 1, 0, 0, 0, 0, 0, 0, 0, 0, 0, 0, 0, 0, 0, 0, 0, 2, 2, 2, 3, 2, 0, 1, 1, 4, 2, 5, 1, 6, 2, 4, 2, 4, 19, 1, 0, 0, 0, 0, 0]",3,0.39985664048144676,-1,0
72,"[0, 3, 0, 4, 0, 3, 0, 4, 0, 1, 0, 2, 0, 0, 0, 0, 0, 1, 0, 0, 2, 0, 0, 0, 0, 0, 0, 0, 0, 0, 0, 0, 1, 0, 2, 2, 0, 0, 2, 0, 0, 1, 0, 0, 2, 0, 0, 1, 0, 0, 0, 0, 0, 0, 0, 0, 0, 0, 0, 0, 0, 0, 0, 2, 2, 2, 3, 2, 0, 1, 1, 4, 2, 5, 1, 6, 2, 4, 2, 4, 19, 0, 0, 0, 0, 0, 0]",-1,-0.04134795669716812,-1,0
73,"[0, 3, 0, 5, 0, 3, 0, 5, 0, 1, 0, 2, 0, 0, 0, 0, 0, 1, 0, 0, 2, 0, 0, 0, 0, 0, 0, 0, 0, 0, 0, 0, 1, 0, 2, 2, 0, 0, 2, 0, 0, 1, 0, 0, 2, 0, 0, 1, 0, 0, 0, 0, 0, 0, 0, 0, 0, 0, 0, 0, 0, 0, 0, 2, 2, 2, 3, 2, 0, 1, 1, 4, 2, 5, 1, 6, 2, 4, 2, 4, 20, 0, 0, 0, 0, 0, 0]",4,9.909064944078933,-1,0
74,"[0, 3, 0, 5, 0, 3, 0, 5, 0, 1, 0, 2, 0, 0, 0, 0, 0, 1, 0, 0, 2, 0, 0, 0, 0, 0, 0, 0, 0, 0, 0, 0, 1, 0, 2, 2, 0, 0, 2, 0, 0, 1, 0, 0, 2, 0, 0, 1, 0, 0, 0, 0, 0, 0, 0, 0, 0, 0, 0, 0, 0, 0, 0, 2, 2, 2, 3, 2, 0, 1, 1, 4, 2, 5, 1, 6, 2, 4, 2, 4, 20, 0, 1, 0, 0, 0, 0]",2,0.5998507942332326,-1,1
75,"[0, 3, 0, 5, 0, 3, 0, 5, 0, 1, 0, 2, 0, 0, 0, 0, 0, 1, 0, 0, 2, 0, 0, 0, 0, 0, 0, 0, 0, 0, 0, 0, 1, 0, 2, 2, 0, 0, 2, 0, 0, 1, 0, 0, 2, 0, 0, 1, 0, 0, 0, 0, 0, 0, 0, 0, 0, 0, 0, 0, 0, 0, 0, 2, 2, 2, 3, 2, 0, 1, 1, 4, 2, 5, 1, 6, 2, 4, 2, 4, 20, 0, 1, 0, 0, 1, 0]","[[0 1 0 0]
 [0 0 0 1]]",0.8502756592913235,-1,1
76,"[0, 3, 0, 5, 0, 3, 0, 5, 0, 1, 0, 2, 0, 0, 0, 0, 0, 1, 0, 0, 2, 0, 0, 0, 0, 0, 0, 0, 0, 0, 0, 0, 1, 0, 2, 2, 0, 0, 2, 0, 0, 1, 0, 0, 2, 0, 0, 1, 0, 0, 0, 0, 0, 0, 0, 0, 0, 0, 0, 0, 0, 0, 0, 2, 2, 2, 3, 2, 0, 1, 1, 4, 2, 5, 1, 6, 2, 4, 2, 4, 20, 0, 0, 0, 0, 0, 0]",1,-0.0001492057667673394,-1,0
77,"[0, 4, 0, 5, 0, 4, 0, 5, 0, 1, 0, 2, 0, 0, 0, 0, 0, 1, 0, 0, 2, 0, 0, 0, 0, 0, 0, 0, 0, 0, 0, 0, 1, 0, 2, 2, 0, 0, 2, 0, 0, 1, 0, 0, 2, 0, 0, 1, 0, 0, 0, 0, 0, 0, 0, 0, 0, 0, 0, 0, 0, 0, 0, 2, 2, 2, 3, 2, 0, 1, 1, 4, 2, 5, 1, 6, 2, 4, 2, 4, 21, 0, 0, 0, 0, 0, 0]",4,11.32205972605732,-1,1
78,"[0, 4, 0, 5, 0, 4, 0, 5, 0, 1, 0, 2, 0, 0, 0, 0, 0, 1, 0, 0, 2, 0, 0, 0, 0, 0, 0, 0, 0, 0, 0, 0, 1, 0, 2, 2, 0, 0, 2, 0, 0, 1, 0, 0, 2, 0, 0, 1, 0, 0, 0, 0, 0, 0, 0, 0, 0, 0, 0, 0, 0, 0, 0, 2, 2, 2, 3, 2, 0, 1, 1, 4, 2, 5, 1, 6, 2, 4, 2, 4, 21, 0, 1, 0, 0, 0, 0]",2,0.5998447097583458,-1,0
79,"[0, 4, 0, 5, 0, 4, 0, 5, 0, 1, 0, 2, 0, 0, 0, 0, 0, 1, 0, 0, 2, 0, 0, 0, 0, 0, 0, 0, 0, 0, 0, 0, 1, 0, 2, 2, 0, 0, 2, 0, 0, 1, 0, 0, 2, 0, 0, 1, 0, 0, 0, 0, 0, 0, 0, 0, 0, 0, 0, 0, 0, 0, 0, 2, 2, 2, 3, 2, 0, 1, 1, 4, 2, 5, 1, 6, 2, 4, 2, 4, 21, 0, 0, 0, 0, 0, 0]",-1,-0.04052921229850936,-1,0
80,"[0, 4, 0, 5, 0, 4, 0, 5, 0, 1, 0, 2, 0, 0, 0, 0, 0, 1, 0, 0, 2, 0, 0, 0, 0, 0, 0, 0, 0, 0, 0, 0, 1, 0, 2, 2, 0, 0, 2, 0, 0, 1, 0, 0, 2, 0, 0, 1, 0, 0, 0, 0, 0, 0, 0, 0, 0, 0, 0, 0, 0, 0, 0, 2, 2, 2, 3, 2, 0, 1, 1, 4, 2, 5, 1, 6, 2, 4, 2, 4, 21, 0, 1, 0, 0, 0, 0]",2,0.5998447097583458,-1,0
81,"[0, 4, 0, 5, 0, 4, 0, 5, 0, 1, 0, 2, 0, 0, 0, 0, 0, 1, 0, 0, 2, 0, 0, 0, 0, 0, 0, 0, 0, 0, 0, 0, 1, 0, 2, 2, 0, 0, 2, 0, 0, 1, 0, 0, 2, 0, 0, 1, 0, 0, 0, 0, 0, 0, 0, 0, 0, 0, 0, 0, 0, 0, 0, 2, 2, 2, 3, 2, 0, 1, 1, 4, 2, 5, 1, 6, 2, 4, 2, 4, 21, 0, 0, 0, 0, 0, 0]",-1,-0.04052921229850936,-1,0
82,"[0, 4, 0, 5, 0, 4, 0, 5, 0, 1, 0, 2, 0, 0, 0, 0, 0, 1, 0, 0, 2, 0, 0, 0, 0, 0, 0, 0, 0, 0, 0, 0, 1, 0, 2, 2, 0, 0, 2, 0, 0, 1, 0, 0, 2, 0, 0, 1, 0, 0, 0, 0, 0, 0, 0, 0, 0, 0, 0, 0, 0, 0, 0, 2, 2, 2, 3, 2, 0, 1, 1, 4, 2, 5, 1, 6, 2, 4, 2, 4, 21, 1, 0, 0, 0, 0, 0]",3,0.39984470975834585,-1,0
83,"[0, 4, 0, 5, 0, 4, 0, 5, 0, 1, 0, 2, 0, 0, 0, 0, 0, 1, 0, 0, 2, 0, 0, 0, 0, 0, 0, 0, 0, 0, 0, 0, 1, 0, 2, 2, 0, 0, 2, 0, 0, 1, 0, 0, 2, 0, 0, 1, 0, 0, 0, 0, 0, 0, 0, 0, 0, 0, 0, 0, 0, 0, 0, 2, 2, 2, 3, 2, 0, 1, 1, 4, 2, 5, 1, 6, 2, 4, 2, 4, 21, 0, 0, 0, 0, 0, 0]",-1,-0.04052921229850936,-1,0
84,"[0, 4, 0, 5, 0, 4, 0, 5, 0, 1, 0, 2, 0, 0, 0, 0, 0, 1, 0, 0, 2, 0, 0, 0, 0, 0, 0, 0, 0, 0, 0, 0, 1, 0, 2, 2, 0, 0, 2, 0, 0, 1, 0, 0, 2, 0, 0, 1, 0, 0, 0, 0, 0, 0, 0, 0, 0, 0, 0, 0, 0, 0, 0, 2, 2, 2, 3, 2, 0, 1, 1, 4, 2, 5, 1, 6, 2, 4, 2, 4, 21, 0, 1, 0, 0, 0, 0]",2,0.5998447097583458,-1,0
85,"[0, 4, 0, 5, 0, 4, 0, 5, 0, 1, 0, 2, 0, 0, 0, 0, 0, 1, 0, 0, 2, 0, 0, 0, 0, 0, 0, 0, 0, 0, 0, 0, 1, 0, 2, 2, 0, 0, 2, 0, 0, 1, 0, 0, 2, 0, 0, 1, 0, 0, 0, 0, 0, 0, 0, 0, 0, 0, 0, 0, 0, 0, 0, 2, 2, 2, 3, 2, 0, 1, 1, 4, 2, 5, 1, 6, 2, 4, 2, 4, 21, 0, 0, 0, 0, 0, 0]",-1,-0.04052921229850936,-1,0
86,"[0, 5, 0, 5, 0, 5, 0, 5, 0, 1, 0, 2, 0, 0, 0, 0, 0, 1, 0, 0, 2, 0, 0, 0, 0, 0, 0, 0, 0, 0, 0, 0, 1, 0, 2, 2, 0, 0, 2, 0, 0, 1, 0, 0, 2, 0, 0, 1, 0, 0, 0, 0, 0, 0, 0, 0, 0, 0, 0, 0, 0, 0, 0, 2, 2, 2, 3, 2, 0, 1, 1, 4, 2, 5, 1, 6, 2, 4, 2, 4, 22, 0, 0, 0, 0, 0, 0]",4,9.918626236149718,-1,0
87,"[0, 5, 0, 5, 0, 5, 0, 5, 0, 1, 0, 2, 0, 0, 0, 0, 0, 1, 0, 0, 2, 0, 0, 0, 0, 0, 0, 0, 0, 0, 0, 0, 1, 0, 2, 2, 0, 0, 2, 0, 0, 1, 0, 0, 2, 0, 0, 1, 0, 0, 0, 0, 0, 0, 0, 0, 0, 0, 0, 0, 0, 0, 0, 2, 2, 2, 3, 2, 0, 1, 1, 4, 2, 5, 1, 6, 2, 4, 2, 4, 23, 0, 0, 0, 0, 0, 0]",4,11.317813100951696,-1,1
88,"[0, 5, 0, 5, 1, 5, 0, 5, 0, 1, 0, 2, 0, 0, 0, 0, 0, 1, 0, 0, 2, 0, 0, 0, 0, 0, 0, 0, 0, 0, 0, 0, 1, 0, 2, 2, 0, 0, 2, 0, 0, 1, 0, 0, 2, 0, 0, 1, 0, 0, 0, 0, 0, 0, 0, 0, 0, 0, 0, 0, 0, 0, 0, 2, 2, 2, 3, 2, 0, 1, 1, 4, 2, 5, 1, 6, 2, 4, 2, 4, 24, 0, 0, 0, 0, 0, 0]",4,9.917007722510958,-1,0
89,"[0, 5, 0, 5, 1, 5, 0, 5, 0, 1, 0, 2, 0, 0, 0, 0, 0, 1, 0, 0, 2, 0, 0, 0, 0, 0, 0, 0, 0, 0, 0, 0, 1, 0, 2, 2, 0, 0, 2, 0, 0, 1, 0, 0, 2, 0, 0, 1, 0, 0, 0, 0, 0, 0, 0, 0, 0, 0, 0, 0, 0, 0, 0, 2, 2, 2, 3, 2, 0, 1, 1, 4, 2, 5, 1, 6, 2, 4, 2, 4, 24, 0, 0, 0, 0, 0, 0]",0,0.5420425965417525,-1,1
90,"[0, 5, 0, 5, 0, 4, 0, 5, 0, 1, 0, 2, 0, 0, 0, 0, 0, 1, 0, 0, 2, 0, 0, 0, 0, 0, 0, 0, 0, 0, 0, 0, 1, 0, 2, 2, 0, 0, 2, 0, 0, 1, 0, 0, 2, 2, 0, 1, 0, 0, 0, 0, 0, 0, 0, 0, 0, 0, 0, 0, 0, 0, 0, 2, 2, 2, 3, 2, 0, 1, 1, 4, 2, 5, 1, 6, 2, 4, 2, 4, 24, 0, 0, 0, 0, 0, 0]",13,0.7912164007466692,-1,1
91,"[0, 2, 0, 2, 0, 2, 0, 2, 0, 1, 0, 2, 0, 0, 0, 0, 0, 1, 0, 0, 2, 0, 0, 0, 0, 0, 0, 0, 0, 0, 0, 0, 1, 0, 2, 2, 0, 0, 2, 0, 0, 1, 0, 0, 2, 2, 0, 1, 0, 0, 0, 0, 0, 0, 0, 0, 0, 0, 0, 0, 0, 0, 0, 2, 2, 2, 3, 2, 0, 1, 1, 4, 2, 5, 1, 6, 2, 4, 2, 3, 25, 0, 0, 0, 0, 0, 0]",4,12.894543244808954,-1,1
92,"[0, 2, 0, 2, 1, 2, 0, 2, 0, 1, 0, 2, 0, 0, 0, 0, 0, 1, 0, 0, 2, 0, 0, 0, 0, 0, 0, 0, 0, 0, 0, 0, 1, 0, 2, 2, 0, 0, 2, 0, 0, 1, 0, 0, 2, 2, 0, 1, 0, 0, 0, 0, 0, 0, 0, 0, 0, 0, 0, 0, 0, 0, 0, 2, 2, 2, 3, 2, 0, 1, 1, 4, 2, 5, 1, 6, 2, 4, 2, 3, 26, 0, 0, 0, 0, 0, 0]",4,10.093753107919447,-1,0
93,"[0, 2, 0, 2, 1, 2, 0, 2, 0, 1, 0, 2, 0, 0, 0, 0, 0, 1, 0, 0, 2, 0, 0, 0, 0, 0, 0, 0, 0, 0, 0, 0, 1, 0, 2, 2, 0, 0, 2, 0, 0, 1, 0, 0, 2, 2, 0, 1, 0, 0, 0, 0, 0, 0, 0, 0, 0, 0, 0, 0, 0, 0, 0, 2, 2, 2, 3, 2, 0, 1, 1, 4, 2, 5, 1, 6, 2, 4, 2, 3, 26, 0, 0, 0, 0, 0, 0]",0,0.49478510750171256,-1,1
94,"[0, 2, 0, 2, 0, 1, 0, 2, 0, 1, 0, 2, 0, 0, 0, 0, 0, 1, 0, 0, 2, 0, 0, 0, 0, 0, 0, 0, 0, 0, 0, 0, 1, 0, 2, 2, 0, 0, 2, 0, 0, 1, 0, 0, 2, 2, 0, 1, 0, 0, 0, 0, 0, 0, 0, 2, 0, 0, 0, 0, 0, 0, 0, 2, 2, 2, 3, 2, 0, 1, 1, 4, 2, 5, 1, 6, 2, 4, 2, 3, 26, 0, 0, 0, 0, 0, 0]",23,0.7912018333450843,-1,1
95,"[0, 2, 0, 3, 0, 1, 0, 3, 0, 1, 0, 2, 0, 0, 0, 0, 0, 1, 0, 0, 2, 0, 0, 0, 0, 0, 0, 0, 0, 0, 0, 0, 1, 0, 2, 2, 0, 0, 2, 0, 0, 1, 0, 0, 2, 2, 0, 1, 0, 0, 0, 0, 0, 0, 0, 2, 0, 0, 0, 0, 0, 0, 0, 2, 2, 2, 3, 2, 0, 1, 1, 4, 2, 5, 1, 6, 2, 4, 2, 3, 27, 0, 0, 0, 0, 0, 0]",4,14.170382344834293,-1,1
96,"[0, 2, 0, 3, 0, 1, 0, 3, 0, 1, 0, 2, 0, 0, 0, 0, 0, 1, 0, 0, 2, 0, 0, 0, 0, 0, 0, 0, 0, 0, 0, 0, 1, 0, 2, 2, 0, 0, 2, 0, 0, 1, 0, 0, 2, 2, 0, 1, 0, 0, 0, 0, 0, 0, 0, 2, 0, 0, 0, 0, 0, 0, 0, 2, 2, 2, 3, 2, 0, 1, 1, 4, 2, 5, 1, 6, 2, 4, 2, 3, 27, 1, 0, 0, 0, 0, 0]",3,0.39980262898089586,-1,0
97,"[0, 2, 0, 3, 0, 1, 0, 3, 0, 1, 0, 2, 0, 0, 0, 0, 0, 1, 0, 0, 2, 0, 0, 0, 0, 0, 0, 0, 0, 0, 0, 0, 1, 0, 2, 2, 0, 0, 2, 0, 0, 1, 0, 0, 2, 2, 0, 1, 0, 0, 0, 0, 0, 0, 0, 2, 0, 0, 0, 0, 0, 0, 0, 2, 2, 2, 3, 2, 0, 1, 1, 4, 2, 5, 1, 6, 2, 4, 2, 3, 27, 0, 0, 0, 0, 0, 0]",-1,-0.03816897471684266,-1,0
98,"[0, 2, 0, 3, 0, 1, 0, 3, 0, 1, 0, 2, 0, 0, 0, 0, 0, 1, 0, 0, 2, 0, 0, 0, 0, 0, 0, 0, 0, 0, 0, 0, 1, 0, 2, 2, 0, 0, 2, 0, 0, 1, 0, 0, 2, 2, 0, 1, 0, 0, 0, 0, 0, 0, 0, 2, 0, 0, 0, 0, 0, 0, 0, 2, 2, 2, 3, 2, 0, 1, 1, 4, 2, 5, 1, 6, 2, 4, 2, 3, 27, 1, 0, 0, 0, 0, 0]",3,0.39980262898089586,-1,0
99,"[0, 2, 0, 3, 0, 1, 0, 3, 0, 1, 0, 2, 0, 0, 0, 0, 0, 1, 0, 0, 2, 0, 0, 0, 0, 0, 0, 0, 0, 0, 0, 0, 1, 0, 2, 2, 0, 0, 2, 0, 0, 1, 0, 0, 2, 2, 0, 1, 0, 0, 0, 0, 0, 0, 0, 2, 0, 0, 0, 0, 0, 0, 0, 2, 2, 2, 3, 2, 0, 1, 1, 4, 2, 5, 1, 6, 2, 4, 2, 3, 27, 0, 0, 0, 0, 0, 0]",-1,-0.03816897471684266,-1,0
100,"[0, 2, 0, 3, 0, 1, 0, 3, 0, 1, 0, 2, 0, 0, 0, 0, 0, 1, 0, 0, 2, 0, 0, 0, 0, 0, 0, 0, 0, 0, 0, 0, 1, 0, 2, 2, 0, 0, 2, 0, 0, 1, 0, 0, 2, 2, 0, 1, 0, 0, 0, 0, 0, 0, 0, 2, 0, 0, 0, 0, 0, 0, 0, 2, 2, 2, 3, 2, 0, 1, 1, 4, 2, 5, 1, 6, 2, 4, 2, 3, 27, 1, 0, 0, 0, 0, 0]",3,0.39980262898089586,-1,0
101,"[0, 2, 0, 3, 0, 1, 0, 3, 0, 1, 0, 2, 0, 0, 0, 0, 0, 1, 0, 0, 2, 0, 0, 0, 0, 0, 0, 0, 0, 0, 0, 0, 1, 0, 2, 2, 0, 0, 2, 0, 0, 1, 0, 0, 2, 2, 0, 1, 0, 0, 0, 0, 0, 0, 0, 2, 0, 0, 0, 0, 0, 0, 0, 2, 2, 2, 3, 2, 0, 1, 1, 4, 2, 5, 1, 6, 2, 4, 2, 3, 27, 0, 0, 0, 0, 0, 0]",-1,-0.03816897471684266,-1,0
102,"[0, 2, 0, 3, 0, 1, 0, 3, 0, 1, 0, 2, 0, 0, 0, 0, 0, 1, 0, 0, 2, 0, 0, 0, 0, 0, 0, 0, 0, 0, 0, 0, 1, 0, 2, 2, 0, 0, 2, 0, 0, 1, 0, 0, 2, 2, 0, 1, 0, 0, 0, 0, 0, 0, 0, 2, 0, 0, 0, 0, 0, 0, 0, 2, 2, 2, 3, 2, 0, 1, 1, 4, 2, 5, 1, 6, 2, 4, 2, 3, 27, 0, 0, 0, 0, 0, 0]",0,0.5854646475547486,-1,0
103,"[0, 2, 0, 3, 0, 1, 0, 3, 0, 1, 0, 2, 0, 0, 0, 0, 0, 1, 0, 0, 2, 0, 0, 0, 0, 0, 0, 0, 0, 0, 0, 0, 1, 0, 2, 2, 0, 0, 2, 0, 0, 1, 0, 0, 2, 2, 0, 1, 0, 0, 0, 0, 0, 0, 0, 2, 0, 0, 0, 0, 0, 0, 0, 2, 2, 2, 3, 2, 0, 1, 1, 4, 2, 5, 1, 6, 2, 4, 2, 3, 27, 0, 0, 0, 0, 0, 0]",-1,-0.03816897471684266,-1,0
104,"[0, 2, 0, 3, 0, 1, 0, 3, 0, 1, 0, 2, 0, 0, 0, 0, 0, 1, 0, 0, 2, 0, 0, 0, 0, 0, 0, 0, 0, 0, 0, 0, 1, 0, 2, 2, 0, 0, 2, 0, 0, 1, 0, 0, 2, 2, 0, 1, 0, 0, 0, 0, 0, 0, 0, 2, 0, 0, 0, 0, 0, 0, 0, 2, 2, 2, 3, 2, 0, 1, 1, 4, 2, 5, 1, 6, 2, 4, 2, 3, 27, 1, 0, 0, 0, 0, 0]",3,0.39980262898089586,-1,0
105,"[0, 2, 0, 3, 0, 1, 0, 3, 0, 1, 0, 2, 0, 0, 0, 0, 0, 1, 0, 0, 2, 0, 0, 0, 0, 0, 0, 0, 0, 0, 0, 0, 1, 0, 2, 2, 0, 0, 2, 0, 0, 1, 0, 0, 2, 2, 0, 1, 0, 0, 0, 0, 0, 0, 0, 2, 0, 0, 0, 0, 0, 0, 0, 2, 2, 2, 3, 2, 0, 1, 1, 4, 2, 5, 1, 6, 2, 4, 2, 3, 27, 0, 0, 0, 0, 0, 0]",-1,-0.03816897471684266,-1,0
106,"[0, 2, 0, 3, 0, 1, 0, 3, 0, 1, 0, 2, 0, 0, 0, 0, 0, 1, 0, 0, 2, 0, 0, 0, 0, 0, 0, 0, 0, 0, 0, 0, 1, 0, 2, 2, 0, 0, 2, 0, 0, 1, 0, 0, 2, 2, 0, 1, 0, 0, 0, 0, 0, 0, 0, 2, 0, 0, 0, 0, 0, 0, 0, 2, 2, 2, 3, 2, 0, 1, 1, 4, 2, 5, 1, 6, 2, 4, 2, 3, 28, 0, 0, 0, 0, 0, 0]",4,10.007050489223206,-1,0
107,"[0, 3, 0, 3, 0, 2, 0, 3, 0, 1, 0, 2, 0, 0, 0, 0, 0, 1, 0, 0, 2, 0, 0, 0, 0, 0, 0, 0, 0, 0, 0, 0, 1, 0, 2, 2, 0, 0, 2, 0, 0, 1, 0, 0, 2, 2, 0, 1, 0, 0, 0, 0, 0, 0, 0, 2, 0, 0, 0, 0, 0, 0, 0, 2, 2, 2, 3, 2, 0, 1, 1, 4, 2, 5, 1, 6, 2, 4, 2, 3, 29, 0, 0, 0, 0, 0, 0]",4,14.206282539644748,-1,1
108,"[0, 3, 0, 3, 0, 2, 0, 3, 0, 1, 0, 2, 0, 0, 0, 0, 0, 1, 0, 0, 2, 0, 0, 0, 0, 0, 0, 0, 0, 0, 0, 0, 1, 0, 2, 2, 0, 0, 2, 0, 0, 1, 0, 0, 2, 2, 0, 1, 0, 0, 0, 0, 0, 0, 0, 2, 0, 0, 0, 0, 0, 0, 0, 2, 2, 2, 3, 2, 0, 1, 1, 4, 2, 5, 1, 6, 2, 4, 2, 3, 30, 0, 0, 0, 0, 0, 0]",4,9.984678212182812,-1,0
109,"[0, 3, 0, 4, 0, 2, 0, 4, 0, 1, 0, 2, 0, 0, 0, 0, 0, 1, 0, 0, 2, 0, 0, 0, 0, 0, 0, 0, 0, 0, 0, 0, 1, 0, 2, 2, 0, 0, 2, 0, 0, 1, 0, 0, 2, 2, 0, 1, 0, 0, 0, 0, 0, 0, 0, 2, 0, 0, 0, 0, 0, 0, 0, 2, 2, 2, 3, 2, 0, 1, 1, 4, 2, 5, 1, 6, 2, 4, 2, 3, 31, 0, 0, 0, 0, 0, 0]",4,14.124557459124542,-1,1
110,"[0, 4, 0, 4, 0, 3, 0, 4, 0, 1, 0, 2, 0, 0, 0, 0, 0, 1, 0, 0, 2, 0, 0, 0, 0, 0, 0, 0, 0, 0, 0, 0, 1, 0, 2, 2, 0, 0, 2, 0, 0, 1, 0, 0, 2, 2, 0, 1, 0, 0, 0, 0, 0, 0, 0, 2, 0, 0, 0, 0, 0, 0, 0, 2, 2, 2, 3, 2, 0, 1, 1, 4, 2, 5, 1, 6, 2, 4, 2, 3, 32, 0, 0, 0, 0, 0, 0]",4,9.934284870529794,-1,0
111,"[0, 4, 0, 4, 0, 3, 0, 4, 0, 1, 0, 2, 0, 0, 0, 0, 0, 1, 0, 0, 2, 0, 0, 0, 0, 0, 0, 0, 0, 0, 0, 0, 1, 0, 2, 2, 0, 0, 2, 0, 0, 1, 0, 0, 2, 2, 0, 1, 0, 0, 0, 0, 0, 0, 0, 2, 0, 0, 0, 0, 0, 0, 0, 2, 2, 2, 3, 2, 0, 1, 1, 4, 2, 5, 1, 6, 2, 4, 2, 3, 32, 0, 1, 0, 0, 0, 0]",2,0.5997589831532442,-1,1
112,"[0, 4, 0, 4, 0, 3, 0, 4, 0, 1, 0, 2, 0, 0, 0, 0, 0, 1, 0, 0, 2, 0, 0, 0, 0, 0, 0, 0, 0, 0, 0, 0, 1, 0, 2, 2, 0, 0, 2, 0, 0, 1, 0, 0, 2, 2, 0, 1, 0, 0, 0, 0, 0, 0, 0, 2, 0, 0, 0, 0, 0, 0, 0, 2, 2, 2, 3, 2, 0, 1, 1, 4, 2, 5, 1, 6, 2, 4, 2, 3, 32, 0, 1, 0, 0, 1, 0]","[[0 1 0 0]
 [0 0 0 1]]",0.8501838482113351,-1,1
113,"[0, 4, 0, 4, 0, 3, 0, 4, 0, 1, 0, 2, 0, 0, 0, 0, 0, 1, 0, 0, 2, 0, 0, 0, 0, 0, 0, 0, 0, 0, 0, 0, 1, 0, 2, 2, 0, 0, 2, 0, 0, 1, 0, 0, 2, 2, 0, 1, 0, 0, 0, 0, 0, 0, 0, 2, 0, 0, 0, 0, 0, 0, 0, 2, 2, 2, 3, 2, 0, 1, 1, 4, 2, 5, 1, 6, 2, 4, 2, 3, 32, 0, 0, 0, 0, 0, 0]",1,-0.0002410168467557896,-1,0
114,"[0, 5, 0, 4, 0, 4, 0, 4, 0, 1, 0, 2, 0, 0, 0, 0, 0, 1, 0, 0, 2, 0, 0, 0, 0, 0, 0, 0, 0, 0, 0, 0, 1, 0, 2, 2, 0, 0, 2, 0, 0, 1, 0, 0, 2, 2, 0, 1, 0, 0, 0, 0, 0, 0, 0, 2, 0, 0, 0, 0, 0, 0, 0, 2, 2, 2, 3, 2, 0, 1, 1, 4, 2, 5, 1, 6, 2, 4, 2, 3, 33, 0, 0, 0, 0, 0, 0]",4,14.13354525486707,-1,1
115,"[0, 5, 0, 4, 0, 4, 0, 4, 0, 1, 0, 2, 0, 0, 0, 0, 0, 1, 0, 0, 2, 0, 0, 0, 0, 0, 0, 0, 0, 0, 0, 0, 1, 0, 2, 2, 0, 0, 2, 0, 0, 1, 0, 0, 2, 2, 0, 1, 0, 0, 0, 0, 0, 0, 0, 2, 0, 0, 0, 0, 0, 0, 0, 2, 2, 2, 3, 2, 0, 1, 1, 4, 2, 5, 1, 6, 2, 4, 2, 3, 33, 1, 0, 0, 0, 0, 0]",3,0.39974915940558065,-1,0
116,"[0, 5, 0, 4, 0, 4, 0, 4, 0, 1, 0, 2, 0, 0, 0, 0, 0, 1, 0, 0, 2, 0, 0, 0, 0, 0, 0, 0, 0, 0, 0, 0, 1, 0, 2, 2, 0, 0, 2, 0, 0, 1, 0, 0, 2, 2, 0, 1, 0, 0, 0, 0, 0, 0, 0, 2, 0, 0, 0, 0, 0, 0, 0, 2, 2, 2, 3, 2, 0, 1, 1, 4, 2, 5, 1, 6, 2, 4, 2, 3, 33, 0, 0, 0, 0, 0, 0]",-1,-0.03594618667159631,-1,0
117,"[0, 5, 0, 4, 0, 4, 0, 4, 0, 1, 0, 2, 0, 0, 0, 0, 0, 1, 0, 0, 2, 0, 0, 0, 0, 0, 0, 0, 0, 0, 0, 0, 1, 0, 2, 2, 0, 0, 2, 0, 0, 1, 0, 0, 2, 2, 0, 1, 0, 0, 0, 0, 0, 0, 0, 2, 0, 0, 0, 0, 0, 0, 0, 2, 2, 2, 3, 2, 0, 1, 1, 4, 2, 5, 1, 6, 2, 4, 2, 3, 34, 0, 0, 0, 0, 0, 0]",4,14.132812500866608,-1,1
118,"[0, 5, 0, 4, 0, 4, 0, 4, 0, 1, 0, 2, 0, 0, 0, 0, 0, 1, 0, 0, 2, 0, 0, 0, 0, 0, 0, 0, 0, 0, 0, 0, 1, 0, 2, 2, 0, 0, 2, 0, 0, 1, 0, 0, 2, 2, 0, 1, 0, 0, 0, 0, 0, 0, 0, 2, 0, 0, 0, 0, 0, 0, 0, 2, 2, 2, 3, 2, 0, 1, 1, 4, 2, 5, 1, 6, 2, 4, 2, 3, 34, 1, 0, 0, 0, 0, 0]",3,0.39973893576929465,-1,0
119,"[0, 5, 0, 4, 0, 4, 0, 4, 0, 1, 0, 2, 0, 0, 0, 0, 0, 1, 0, 0, 2, 0, 0, 0, 0, 0, 0, 0, 0, 0, 0, 0, 1, 0, 2, 2, 0, 0, 2, 0, 0, 1, 0, 0, 2, 2, 0, 1, 0, 0, 0, 0, 0, 0, 0, 2, 0, 0, 0, 0, 0, 0, 0, 2, 2, 2, 3, 2, 0, 1, 1, 4, 2, 5, 1, 6, 2, 4, 2, 3, 34, 0, 0, 0, 0, 0, 0]",-1,-0.03558851613813049,-1,0
120,"[0, 5, 0, 4, 0, 4, 0, 4, 0, 1, 0, 2, 0, 0, 0, 0, 0, 1, 0, 0, 2, 0, 0, 0, 0, 0, 0, 0, 0, 0, 0, 0, 1, 0, 2, 2, 0, 0, 2, 0, 0, 1, 0, 0, 2, 2, 0, 1, 0, 0, 0, 0, 0, 0, 0, 2, 0, 0, 0, 0, 0, 0, 0, 2, 2, 2, 3, 2, 0, 1, 1, 4, 2, 5, 1, 6, 2, 4, 2, 3, 34, 0, 1, 0, 0, 0, 0]",2,0.5997389357692946,-1,0
121,"[0, 5, 0, 4, 0, 4, 0, 4, 0, 1, 0, 2, 0, 0, 0, 0, 0, 1, 0, 0, 2, 0, 0, 0, 0, 0, 0, 0, 0, 0, 0, 0, 1, 0, 2, 2, 0, 0, 2, 0, 0, 1, 0, 0, 2, 2, 0, 1, 0, 0, 0, 0, 0, 0, 0, 2, 0, 0, 0, 0, 0, 0, 0, 2, 2, 2, 3, 2, 0, 1, 1, 4, 2, 5, 1, 6, 2, 4, 2, 3, 34, 0, 0, 0, 0, 0, 0]",-1,-0.03558851613813049,-1,0
122,"[0, 5, 0, 4, 0, 4, 0, 4, 0, 1, 0, 2, 0, 0, 0, 0, 0, 1, 0, 0, 2, 0, 0, 0, 0, 0, 0, 0, 0, 0, 0, 0, 1, 0, 2, 2, 0, 0, 2, 0, 0, 1, 0, 0, 2, 2, 0, 1, 0, 0, 0, 0, 0, 0, 0, 2, 0, 0, 0, 0, 0, 0, 0, 2, 2, 2, 3, 2, 0, 1, 1, 4, 2, 5, 1, 6, 2, 4, 2, 3, 34, 0, 1, 0, 0, 0, 0]",2,0.5997389357692946,-1,0
123,"[0, 5, 0, 4, 0, 4, 0, 4, 0, 1, 0, 2, 0, 0, 0, 0, 0, 1, 0, 0, 2, 0, 0, 0, 0, 0, 0, 0, 0, 0, 0, 0, 1, 0, 2, 2, 0, 0, 2, 0, 0, 1, 0, 0, 2, 2, 0, 1, 0, 0, 0, 0, 0, 0, 0, 2, 0, 0, 0, 0, 0, 0, 0, 2, 2, 2, 3, 2, 0, 1, 1, 4, 2, 5, 1, 6, 2, 4, 2, 3, 34, 0, 0, 0, 0, 0, 0]",-1,-0.03558851613813049,-1,0
124,"[0, 5, 0, 4, 0, 4, 0, 4, 0, 1, 0, 2, 0, 0, 0, 0, 0, 1, 0, 0, 2, 0, 0, 0, 0, 0, 0, 0, 0, 0, 0, 0, 1, 0, 2, 2, 0, 0, 2, 0, 0, 1, 0, 0, 2, 2, 0, 1, 0, 0, 0, 0, 0, 0, 0, 2, 0, 0, 0, 0, 0, 0, 0, 2, 2, 2, 3, 2, 0, 1, 1, 4, 2, 5, 1, 6, 2, 4, 2, 3, 35, 0, 0, 0, 0, 0, 0]",4,9.91124726927735,-1,0
125,"[0, 2, 0, 2, 0, 2, 0, 2, 0, 1, 0, 2, 0, 0, 0, 0, 0, 1, 0, 0, 2, 0, 0, 0, 0, 0, 0, 0, 0, 0, 0, 0, 1, 0, 2, 2, 0, 0, 2, 0, 0, 1, 0, 0, 2, 2, 0, 1, 0, 0, 0, 0, 0, 0, 0, 2, 0, 0, 0, 0, 0, 0, 0, 2, 2, 2, 3, 2, 0, 1, 1, 4, 2, 5, 1, 6, 2, 4, 2, 2, 36, 0, 0, 0, 0, 0, 0]",4,14.286248701150557,-1,1
126,"[0, 2, 0, 2, 0, 2, 0, 2, 0, 1, 0, 2, 0, 0, 0, 0, 0, 1, 0, 0, 2, 0, 0, 0, 0, 0, 0, 0, 0, 0, 0, 0, 1, 0, 2, 2, 0, 0, 2, 0, 0, 1, 0, 0, 2, 2, 0, 1, 0, 0, 0, 0, 0, 0, 0, 2, 0, 0, 0, 0, 0, 0, 0, 2, 2, 2, 3, 2, 0, 1, 1, 4, 2, 5, 1, 6, 2, 4, 2, 2, 36, 1, 0, 0, 0, 0, 0]",3,0.3997172232375079,-1,0
127,"[0, 2, 0, 2, 0, 2, 0, 2, 0, 1, 0, 2, 0, 0, 0, 0, 0, 1, 0, 0, 2, 0, 0, 0, 0, 0, 0, 0, 0, 0, 0, 0, 1, 0, 2, 2, 0, 0, 2, 0, 0, 1, 0, 0, 2, 2, 0, 1, 0, 0, 0, 0, 0, 0, 0, 2, 0, 0, 0, 0, 0, 0, 0, 2, 2, 2, 3, 2, 0, 1, 1, 4, 2, 5, 1, 6, 2, 4, 2, 2, 36, 0, 0, 0, 0, 0, 0]",-1,-0.03488381630355155,-1,0
128,"[0, 2, 0, 2, 0, 2, 0, 2, 0, 1, 0, 2, 0, 0, 0, 0, 0, 1, 0, 0, 2, 0, 0, 0, 0, 0, 0, 0, 0, 0, 0, 0, 1, 0, 2, 2, 0, 0, 2, 0, 0, 1, 0, 0, 2, 2, 0, 1, 0, 0, 0, 0, 0, 0, 0, 2, 0, 0, 0, 0, 0, 0, 0, 2, 2, 2, 3, 2, 0, 1, 1, 4, 2, 5, 1, 6, 2, 4, 2, 2, 36, 1, 0, 0, 0, 0, 0]",3,0.3997172232375079,-1,0
129,"[0, 2, 0, 2, 0, 2, 0, 2, 0, 1, 0, 2, 0, 0, 0, 0, 0, 1, 0, 0, 2, 0, 0, 0, 0, 0, 0, 0, 0, 0, 0, 0, 1, 0, 2, 2, 0, 0, 2, 0, 0, 1, 0, 0, 2, 2, 0, 1, 0, 0, 0, 0, 0, 0, 0, 2, 0, 0, 0, 0, 0, 0, 0, 2, 2, 2, 3, 2, 0, 1, 1, 4, 2, 5, 1, 6, 2, 4, 2, 2, 36, 0, 0, 0, 0, 0, 0]",-1,-0.03488381630355155,-1,0
130,"[0, 2, 0, 3, 0, 2, 0, 3, 0, 1, 0, 2, 0, 0, 0, 0, 0, 1, 0, 0, 2, 0, 0, 0, 0, 0, 0, 0, 0, 0, 0, 0, 1, 0, 2, 2, 0, 0, 2, 0, 0, 1, 0, 0, 2, 2, 0, 1, 0, 0, 0, 0, 0, 0, 0, 2, 0, 0, 0, 0, 0, 0, 0, 2, 2, 2, 3, 2, 0, 1, 1, 4, 2, 5, 1, 6, 2, 4, 2, 2, 37, 0, 0, 0, 0, 0, 0]",4,10.000391289887288,-1,0
131,"[0, 2, 0, 3, 0, 2, 0, 3, 0, 1, 0, 2, 0, 0, 0, 0, 0, 1, 0, 0, 2, 0, 0, 0, 0, 0, 0, 0, 0, 0, 0, 0, 1, 0, 2, 2, 0, 0, 2, 0, 0, 1, 0, 0, 2, 2, 0, 1, 0, 0, 0, 0, 0, 0, 0, 2, 0, 0, 0, 0, 0, 0, 0, 2, 2, 2, 3, 2, 0, 1, 1, 4, 2, 5, 1, 6, 2, 4, 2, 2, 37, 0, 1, 0, 0, 0, 0]",2,0.599705699880522,-1,1
132,"[0, 2, 0, 3, 0, 2, 0, 3, 0, 1, 0, 2, 0, 0, 0, 0, 0, 1, 0, 0, 2, 0, 0, 0, 0, 0, 0, 0, 0, 0, 0, 0, 1, 0, 2, 2, 0, 0, 2, 0, 0, 1, 0, 0, 2, 2, 0, 1, 0, 0, 0, 0, 0, 0, 0, 2, 0, 0, 0, 0, 0, 0, 0, 2, 2, 2, 3, 2, 0, 1, 1, 4, 2, 5, 1, 6, 2, 4, 2, 2, 37, 0, 1, 0, 0, 1, 0]","[[0 1 0 0]
 [0 0 0 1]]",0.8501305649386129,-1,1
133,"[0, 2, 0, 3, 0, 2, 0, 3, 0, 1, 0, 2, 0, 0, 0, 0, 0, 1, 0, 0, 2, 0, 0, 0, 0, 0, 0, 0, 0, 0, 0, 0, 1, 0, 2, 2, 0, 0, 2, 0, 0, 1, 0, 0, 2, 2, 0, 1, 0, 0, 0, 0, 0, 0, 0, 2, 0, 0, 0, 0, 0, 0, 0, 2, 2, 2, 3, 2, 0, 1, 1, 4, 2, 5, 1, 6, 2, 4, 2, 2, 37, 0, 0, 0, 0, 0, 0]",1,-0.00029430011947790527,-1,0
134,"[0, 2, 0, 3, 1, 2, 0, 3, 0, 1, 0, 2, 0, 0, 0, 0, 0, 1, 0, 0, 2, 0, 0, 0, 0, 0, 0, 0, 0, 0, 0, 0, 1, 0, 2, 2, 0, 0, 2, 0, 0, 1, 0, 0, 2, 2, 0, 1, 0, 0, 0, 0, 0, 0, 0, 2, 0, 0, 0, 0, 0, 0, 0, 2, 2, 2, 3, 2, 0, 1, 1, 4, 2, 5, 1, 6, 2, 4, 2, 2, 38, 0, 0, 0, 0, 0, 0]",4,14.411021609336848,-1,1
135,"[0, 2, 0, 3, 1, 2, 0, 3, 0, 1, 0, 2, 0, 0, 0, 0, 0, 1, 0, 0, 2, 0, 0, 0, 0, 0, 0, 0, 0, 0, 0, 0, 1, 0, 2, 2, 0, 0, 2, 0, 0, 1, 0, 0, 2, 2, 0, 1, 0, 0, 0, 0, 0, 0, 0, 2, 0, 0, 0, 0, 0, 0, 0, 2, 2, 2, 3, 2, 0, 1, 1, 4, 2, 5, 1, 6, 2, 4, 2, 2, 38, 1, 0, 0, 0, 0, 0]",3,0.39969370765859935,-1,0
136,"[0, 2, 0, 3, 1, 2, 0, 3, 0, 1, 0, 2, 0, 0, 0, 0, 0, 1, 0, 0, 2, 0, 0, 0, 0, 0, 0, 0, 0, 0, 0, 0, 1, 0, 2, 2, 0, 0, 2, 0, 0, 1, 0, 0, 2, 2, 0, 1, 0, 0, 0, 0, 0, 0, 0, 2, 0, 0, 0, 0, 0, 0, 0, 2, 2, 2, 3, 2, 0, 1, 1, 4, 2, 5, 1, 6, 2, 4, 2, 2, 38, 0, 0, 0, 0, 0, 0]",-1,-0.03419307046061779,-1,0
137,"[0, 2, 0, 4, 1, 2, 0, 4, 0, 1, 0, 2, 0, 0, 0, 0, 0, 1, 0, 0, 2, 0, 0, 0, 0, 0, 0, 0, 0, 0, 0, 0, 1, 0, 2, 2, 0, 0, 2, 0, 0, 1, 0, 0, 2, 2, 0, 1, 0, 0, 0, 0, 0, 0, 0, 2, 0, 0, 0, 0, 0, 0, 0, 2, 2, 2, 3, 2, 0, 1, 1, 4, 2, 5, 1, 6, 2, 4, 2, 2, 39, 0, 0, 0, 0, 0, 0]",4,14.29665345048922,-1,1
138,"[0, 2, 0, 4, 2, 2, 0, 4, 0, 1, 0, 2, 0, 0, 0, 0, 0, 1, 0, 0, 2, 0, 0, 0, 0, 0, 0, 0, 0, 0, 0, 0, 1, 0, 2, 2, 0, 0, 2, 0, 0, 1, 0, 0, 2, 2, 0, 1, 0, 0, 0, 0, 0, 0, 0, 2, 0, 0, 0, 0, 0, 0, 0, 2, 2, 2, 3, 2, 0, 1, 1, 4, 2, 5, 1, 6, 2, 4, 2, 2, 40, 0, 0, 0, 0, 0, 0]",4,9.918081141673673,-1,0
139,"[0, 1, 0, 2, 1, 1, 0, 2, 0, 1, 0, 2, 0, 0, 0, 0, 0, 1, 0, 0, 2, 0, 0, 0, 0, 0, 0, 0, 0, 0, 0, 0, 1, 0, 2, 2, 0, 0, 2, 0, 0, 1, 0, 0, 2, 2, 0, 1, 0, 0, 0, 0, 0, 0, 0, 2, 0, 0, 0, 0, 0, 0, 0, 2, 2, 2, 3, 2, 0, 1, 1, 4, 2, 5, 1, 6, 2, 4, 2, 1, 41, 0, 0, 0, 0, 0, 0]",4,14.640455291744258,-1,1
140,"[0, 1, 0, 2, 1, 1, 0, 2, 0, 1, 0, 2, 0, 0, 0, 0, 0, 1, 0, 0, 2, 0, 0, 0, 0, 0, 0, 0, 0, 0, 0, 0, 1, 0, 2, 2, 0, 0, 2, 0, 0, 1, 0, 0, 2, 2, 0, 1, 0, 0, 0, 0, 0, 0, 0, 2, 0, 0, 0, 0, 0, 0, 0, 2, 2, 2, 3, 2, 0, 1, 1, 4, 2, 5, 1, 6, 2, 4, 2, 1, 41, 0, 1, 0, 0, 0, 0]",2,0.5996547237668526,-1,0
141,"[0, 1, 0, 2, 1, 1, 0, 2, 0, 1, 0, 2, 0, 0, 0, 0, 0, 1, 0, 0, 2, 0, 0, 0, 0, 0, 0, 0, 0, 0, 0, 0, 1, 0, 2, 2, 0, 0, 2, 0, 0, 1, 0, 0, 2, 2, 0, 1, 0, 0, 0, 0, 0, 0, 0, 2, 0, 0, 0, 0, 0, 0, 0, 2, 2, 2, 3, 2, 0, 1, 1, 4, 2, 5, 1, 6, 2, 4, 2, 1, 41, 0, 1, 0, 0, 1, 0]","[[0 0 0 1]
 [1 0 0 0]]",0.8500795888249435,-1,0
142,"[0, 1, 0, 2, 1, 1, 0, 2, 0, 1, 0, 2, 0, 0, 0, 0, 0, 1, 0, 0, 2, 0, 0, 0, 0, 0, 0, 0, 0, 0, 0, 0, 1, 0, 2, 2, 0, 0, 2, 0, 0, 1, 0, 0, 2, 2, 0, 1, 0, 0, 0, 0, 0, 0, 0, 2, 0, 0, 0, 0, 0, 0, 0, 2, 2, 2, 3, 2, 0, 1, 1, 4, 2, 5, 1, 6, 2, 4, 2, 1, 41, 0, 1, 0, 0, 0, 1]",2,-0.00034527623314743055,-1,1
143,"[0, 1, 0, 2, 1, 1, 0, 2, 0, 1, 0, 2, 0, 0, 0, 0, 0, 1, 0, 0, 2, 0, 0, 0, 0, 0, 0, 0, 0, 0, 0, 0, 1, 0, 2, 2, 0, 0, 2, 0, 0, 1, 0, 0, 2, 2, 0, 1, 0, 0, 0, 0, 0, 0, 0, 2, 0, 0, 0, 0, 0, 0, 0, 2, 2, 2, 3, 2, 0, 1, 1, 4, 2, 5, 1, 6, 2, 4, 2, 1, 41, 0, 0, 1, 0, 0, 0]","[[1 0 0 0]
 [0 1 0 0]]",-0.00034527623314743055,-1,1
144,"[0, 1, 0, 2, 1, 1, 0, 2, 0, 1, 0, 2, 0, 0, 0, 0, 0, 1, 0, 0, 2, 0, 0, 0, 0, 0, 0, 0, 0, 0, 0, 0, 1, 0, 2, 2, 0, 0, 2, 0, 0, 1, 0, 0, 2, 2, 0, 1, 0, 0, 0, 0, 0, 0, 0, 2, 0, 0, 0, 0, 0, 0, 0, 2, 2, 2, 3, 2, 0, 1, 1, 4, 2, 5, 1, 6, 2, 4, 2, 1, 41, 0, 0, 0, 0, 0, 0]",1,-0.30034527623314744,-1,0
145,"[0, 1, 0, 1, 1, 1, 0, 1, 0, 1, 0, 2, 0, 0, 0, 0, 0, 1, 0, 0, 2, 0, 0, 0, 0, 0, 0, 0, 0, 0, 0, 0, 1, 0, 2, 2, 0, 0, 2, 0, 0, 1, 0, 0, 2, 2, 0, 1, 0, 0, 0, 0, 0, 0, 0, 2, 0, 0, 0, 0, 0, 0, 0, 2, 2, 2, 3, 2, 0, 1, 1, 4, 2, 5, 1, 6, 2, 4, 2, 2, 42, 0, 0, 0, 0, 0, 0]",4,10.325468854401292,-1,0
146,"[0, 1, 0, 1, 1, 1, 0, 1, 0, 1, 0, 2, 0, 0, 0, 0, 0, 1, 0, 0, 2, 0, 0, 0, 0, 0, 0, 0, 0, 0, 0, 0, 1, 0, 2, 2, 0, 0, 2, 0, 0, 1, 0, 0, 2, 2, 0, 1, 0, 0, 0, 0, 0, 0, 0, 2, 0, 0, 0, 0, 0, 0, 0, 2, 2, 2, 3, 2, 0, 1, 1, 4, 2, 5, 1, 6, 2, 4, 2, 2, 42, 0, 1, 0, 0, 0, 0]",2,0.5996406580938843,-1,1
147,"[0, 1, 0, 1, 1, 1, 0, 1, 0, 1, 0, 2, 0, 0, 0, 0, 0, 1, 0, 0, 2, 0, 0, 0, 0, 0, 0, 0, 0, 0, 0, 0, 1, 0, 2, 2, 0, 0, 2, 0, 0, 1, 0, 0, 2, 2, 0, 1, 0, 0, 0, 0, 0, 0, 0, 2, 0, 0, 0, 0, 0, 0, 0, 2, 2, 2, 3, 2, 0, 1, 1, 4, 2, 5, 1, 6, 2, 4, 2, 2, 42, 0, 1, 0, 0, 1, 0]","[[1 0 0 0]
 [0 1 0 0]]",0.8500655231519753,-1,1
148,"[0, 1, 0, 1, 1, 1, 0, 1, 0, 1, 0, 2, 0, 0, 0, 0, 0, 1, 0, 0, 2, 0, 0, 0, 0, 0, 0, 0, 0, 0, 0, 0, 1, 0, 2, 2, 0, 0, 2, 0, 0, 1, 0, 0, 2, 2, 0, 1, 0, 0, 0, 0, 0, 0, 0, 2, 0, 0, 0, 0, 0, 0, 0, 2, 2, 2, 3, 2, 0, 1, 1, 4, 2, 5, 1, 6, 2, 4, 2, 2, 42, 0, 0, 0, 0, 0, 0]",1,-0.0003593419061156888,-1,0
149,"[0, 1, 0, 2, 1, 1, 0, 2, 0, 1, 0, 2, 0, 0, 0, 0, 0, 1, 0, 0, 2, 0, 0, 0, 0, 0, 0, 0, 0, 0, 0, 0, 1, 0, 2, 2, 0, 0, 2, 0, 0, 1, 0, 0, 2, 2, 0, 1, 0, 0, 0, 0, 0, 0, 0, 2, 0, 0, 0, 0, 0, 0, 0, 2, 2, 2, 3, 2, 0, 1, 1, 4, 2, 5, 1, 6, 2, 4, 2, 2, 43, 0, 0, 0, 0, 0, 0]",4,14.639099265849932,-1,1
150,"[0, 1, 0, 2, 1, 1, 0, 2, 0, 1, 0, 2, 0, 0, 0, 0, 0, 1, 0, 0, 2, 0, 0, 0, 0, 0, 0, 0, 0, 0, 0, 0, 1, 0, 2, 2, 0, 0, 2, 0, 0, 1, 0, 0, 2, 2, 0, 1, 0, 0, 0, 0, 0, 0, 0, 2, 0, 0, 0, 0, 0, 0, 0, 2, 2, 2, 3, 2, 0, 1, 1, 4, 2, 5, 1, 6, 2, 4, 2, 2, 43, 0, 1, 0, 0, 0, 0]",2,0.5996260204945831,-1,0
151,"[0, 1, 0, 2, 1, 1, 0, 2, 0, 1, 0, 2, 0, 0, 0, 0, 0, 1, 0, 0, 2, 0, 0, 0, 0, 0, 0, 0, 0, 0, 0, 0, 1, 0, 2, 2, 0, 0, 2, 0, 0, 1, 0, 0, 2, 2, 0, 1, 0, 0, 0, 0, 0, 0, 0, 2, 0, 0, 0, 0, 0, 0, 0, 2, 2, 2, 3, 2, 0, 1, 1, 4, 2, 5, 1, 6, 2, 4, 2, 2, 43, 0, 1, 0, 0, 1, 0]","[[0 0 0 1]
 [1 0 0 0]]",0.850050885552674,-1,0
152,"[1, 1, 0, 1, 0, 1, 0, 3, 0, 1, 0, 2, 0, 0, 0, 0, 0, 1, 0, 0, 2, 0, 0, 0, 0, 0, 0, 0, 0, 0, 0, 0, 1, 0, 2, 2, 0, 0, 2, 0, 0, 1, 0, 0, 2, 2, 0, 1, 0, 0, 0, 0, 0, 0, 0, 2, 0, 0, 0, 0, 0, 0, 0, 2, 2, 2, 3, 2, 0, 1, 1, 4, 2, 5, 1, 6, 2, 4, 2, 2, 43, 0, 0, 0, 0, 0, 0]",0,-0.00037397950541680984,-1,1
153,"[1, 1, 0, 1, 0, 1, 0, 3, 0, 1, 0, 2, 0, 0, 0, 0, 0, 1, 0, 0, 2, 0, 0, 0, 0, 0, 0, 0, 0, 0, 0, 0, 1, 0, 2, 2, 0, 0, 2, 0, 0, 1, 0, 0, 2, 2, 0, 1, 0, 0, 0, 0, 0, 0, 0, 2, 0, 0, 0, 0, 0, 0, 0, 2, 2, 2, 3, 2, 0, 1, 1, 4, 2, 5, 1, 6, 2, 4, 2, 2, 43, 0, 0, 0, 0, 0, 0]",0,0.585288039068436,-1,0
154,"[1, 1, 0, 1, 0, 1, 0, 3, 0, 1, 0, 2, 0, 0, 0, 0, 0, 1, 0, 0, 2, 0, 0, 0, 0, 0, 0, 0, 0, 0, 0, 0, 1, 0, 2, 2, 0, 0, 2, 0, 0, 1, 0, 0, 2, 2, 0, 1, 0, 0, 0, 0, 0, 0, 0, 2, 0, 0, 0, 0, 0, 0, 0, 2, 2, 2, 3, 2, 0, 1, 1, 4, 2, 5, 1, 6, 2, 4, 2, 2, 43, 0, 0, 0, 0, 0, 0]",-1,-0.032525454736165825,-1,0
155,"[1, 1, 0, 1, 0, 1, 0, 3, 0, 1, 0, 2, 0, 0, 0, 0, 0, 1, 0, 0, 2, 0, 0, 0, 0, 0, 0, 0, 0, 0, 0, 0, 1, 0, 2, 2, 0, 0, 2, 0, 0, 1, 0, 0, 2, 2, 0, 1, 0, 0, 0, 0, 0, 0, 0, 2, 0, 0, 0, 0, 0, 0, 0, 2, 2, 2, 3, 2, 0, 1, 1, 4, 2, 5, 1, 6, 2, 4, 2, 2, 43, 0, 0, 0, 0, 0, 0]",0,0.585288039068436,-1,0
156,"[0, 0, 0, 1, 0, 1, 0, 3, 0, 1, 0, 2, 0, 0, 0, 0, 0, 1, 0, 0, 2, 0, 0, 0, 0, 0, 0, 0, 0, 0, 0, 0, 1, 1, 2, 2, 0, 0, 2, 0, 0, 1, 0, 0, 2, 2, 0, 1, 0, 0, 0, 0, 0, 0, 0, 2, 0, 0, 0, 0, 0, 0, 0, 2, 2, 2, 3, 2, 0, 1, 1, 4, 2, 5, 1, 6, 2, 4, 2, 2, 43, 0, 0, 0, 0, 0, 0]",1,0.6603823892604003,-1,0
157,"[0, 0, 0, 1, 0, 1, 0, 3, 0, 1, 0, 2, 0, 0, 0, 0, 0, 1, 0, 0, 2, 0, 0, 0, 0, 0, 0, 0, 0, 0, 0, 0, 1, 1, 2, 2, 0, 0, 2, 0, 0, 1, 0, 0, 2, 2, 0, 1, 0, 0, 0, 0, 0, 0, 0, 2, 0, 0, 0, 0, 0, 0, 0, 2, 2, 2, 3, 2, 0, 1, 1, 4, 2, 5, 1, 6, 2, 4, 2, 2, 43, 1, 0, 0, 0, 0, 0]",3,0.39962602049458323,-1,0
158,"[0, 0, 0, 1, 0, 1, 0, 3, 0, 1, 0, 2, 0, 0, 0, 0, 0, 1, 0, 0, 2, 0, 0, 0, 0, 0, 0, 0, 0, 0, 0, 0, 1, 1, 2, 2, 0, 0, 2, 0, 0, 1, 0, 0, 2, 2, 0, 1, 0, 0, 0, 0, 0, 0, 0, 2, 0, 0, 0, 0, 0, 0, 0, 2, 2, 2, 3, 2, 0, 1, 1, 4, 2, 5, 1, 6, 2, 4, 2, 2, 43, 0, 0, 0, 0, 0, 0]",-1,-0.032525454736165825,-1,0
159,"[0, 0, 0, 1, 0, 1, 0, 3, 0, 1, 0, 2, 0, 0, 0, 0, 0, 1, 0, 0, 2, 0, 0, 0, 0, 0, 0, 0, 0, 0, 0, 0, 1, 1, 2, 2, 0, 0, 2, 0, 0, 1, 0, 0, 2, 2, 0, 1, 0, 0, 0, 0, 0, 0, 0, 2, 0, 0, 0, 0, 0, 0, 0, 2, 2, 2, 3, 2, 0, 1, 1, 4, 2, 5, 1, 6, 2, 4, 2, 2, 43, 1, 0, 0, 0, 0, 0]",3,0.39962602049458323,-1,0
160,"[0, 0, 0, 1, 0, 1, 0, 3, 0, 1, 0, 2, 0, 0, 0, 0, 0, 1, 0, 0, 2, 0, 0, 0, 0, 0, 0, 0, 0, 0, 0, 0, 1, 1, 2, 2, 0, 0, 2, 0, 0, 1, 0, 0, 2, 2, 0, 1, 0, 0, 0, 0, 0, 0, 0, 2, 0, 0, 0, 0, 0, 0, 0, 2, 2, 2, 3, 2, 0, 1, 1, 4, 2, 5, 1, 6, 2, 4, 2, 2, 43, 0, 0, 0, 0, 0, 0]",-1,-0.032525454736165825,-1,0
161,"[0, 0, 0, 1, 0, 1, 0, 3, 0, 1, 0, 2, 0, 0, 0, 0, 0, 1, 0, 0, 2, 0, 0, 0, 0, 0, 0, 0, 0, 0, 0, 0, 1, 1, 2, 2, 0, 0, 2, 0, 0, 1, 0, 0, 2, 2, 0, 1, 0, 0, 0, 0, 0, 0, 0, 2, 0, 0, 0, 0, 0, 0, 0, 2, 2, 2, 3, 2, 0, 1, 1, 4, 2, 5, 1, 6, 2, 4, 2, 2, 43, 1, 0, 0, 0, 0, 0]",3,0.39962602049458323,-1,0
162,"[0, 0, 0, 1, 0, 1, 0, 3, 0, 1, 0, 2, 0, 0, 0, 0, 0, 1, 0, 0, 2, 0, 0, 0, 0, 0, 0, 0, 0, 0, 0, 0, 1, 1, 2, 2, 0, 0, 2, 0, 0, 1, 0, 0, 2, 2, 0, 1, 0, 0, 0, 0, 0, 0, 0, 2, 0, 0, 0, 0, 0, 0, 0, 2, 2, 2, 3, 2, 0, 1, 1, 4, 2, 5, 1, 6, 2, 4, 2, 2, 43, 0, 0, 0, 0, 0, 0]",-1,-0.032525454736165825,-1,0
163,"[0, 0, 0, 1, 0, 1, 0, 3, 0, 1, 0, 2, 0, 0, 0, 0, 0, 1, 0, 0, 2, 0, 0, 0, 0, 0, 0, 0, 0, 0, 0, 0, 1, 1, 2, 2, 0, 0, 2, 0, 0, 1, 0, 0, 2, 2, 0, 1, 0, 0, 0, 0, 0, 0, 0, 2, 0, 0, 0, 0, 0, 0, 0, 2, 2, 2, 3, 2, 0, 1, 1, 4, 2, 5, 1, 6, 2, 4, 2, 2, 43, 1, 0, 0, 0, 0, 0]",3,0.39962602049458323,-1,0
164,"[0, 0, 0, 1, 0, 1, 0, 3, 0, 1, 0, 2, 0, 0, 0, 0, 0, 1, 0, 0, 2, 0, 0, 0, 0, 0, 0, 0, 0, 0, 0, 0, 1, 1, 2, 2, 0, 0, 2, 0, 0, 1, 0, 0, 2, 2, 0, 1, 0, 0, 0, 0, 0, 0, 0, 2, 0, 0, 0, 0, 0, 0, 0, 2, 2, 2, 3, 2, 0, 1, 1, 4, 2, 5, 1, 6, 2, 4, 2, 2, 43, 0, 0, 0, 0, 0, 0]",-1,-0.032525454736165825,-1,0
165,"[0, 0, 0, 1, 0, 1, 0, 3, 0, 1, 0, 2, 0, 0, 0, 0, 0, 1, 0, 0, 2, 0, 0, 0, 0, 0, 0, 0, 0, 0, 0, 0, 1, 1, 2, 2, 0, 0, 2, 0, 0, 1, 0, 0, 2, 2, 0, 1, 0, 0, 0, 0, 0, 0, 0, 2, 0, 0, 0, 0, 0, 0, 0, 2, 2, 2, 3, 2, 0, 1, 1, 4, 2, 5, 1, 6, 2, 4, 2, 2, 43, 0, 1, 0, 0, 0, 0]",2,0.5996260204945831,-1,0
166,"[0, 0, 0, 1, 0, 1, 0, 3, 0, 1, 0, 2, 0, 0, 0, 0, 0, 1, 0, 0, 2, 0, 0, 0, 0, 0, 0, 0, 0, 0, 0, 0, 1, 1, 2, 2, 0, 0, 2, 0, 0, 1, 0, 0, 2, 2, 0, 1, 0, 0, 0, 0, 0, 0, 0, 2, 0, 0, 0, 0, 0, 0, 0, 2, 2, 2, 3, 2, 0, 1, 1, 4, 2, 5, 1, 6, 2, 4, 2, 2, 43, 0, 1, 0, 0, 1, 0]","[[0 0 0 1]
 [0 1 0 0]]",0.850050885552674,-1,0
167,"[0, 1, 0, 0, 0, 0, 0, 4, 0, 1, 0, 2, 0, 0, 0, 0, 0, 1, 0, 0, 2, 0, 0, 0, 0, 0, 0, 0, 0, 0, 0, 0, 1, 1, 2, 2, 0, 0, 2, 0, 0, 1, 0, 0, 2, 2, 0, 1, 0, 0, 0, 0, 0, 0, 0, 2, 0, 0, 0, 0, 0, 0, 0, 2, 2, 2, 3, 2, 0, 1, 1, 4, 2, 5, 1, 6, 2, 4, 2, 2, 43, 0, 0, 0, 0, 0, 0]",0,-0.00037397950541680984,-1,1
168,"[0, 1, 0, 0, 0, 0, 0, 4, 0, 1, 0, 2, 0, 0, 0, 0, 0, 1, 0, 0, 2, 0, 0, 0, 0, 0, 0, 0, 0, 0, 0, 0, 1, 1, 2, 2, 0, 0, 2, 0, 0, 1, 0, 0, 2, 2, 0, 1, 0, 0, 0, 0, 0, 0, 0, 2, 0, 0, 0, 0, 0, 0, 0, 2, 2, 2, 3, 2, 0, 1, 1, 4, 2, 5, 1, 6, 2, 4, 2, 2, 43, 1, 0, 0, 0, 0, 0]",3,0.39962602049458323,-1,0
169,"[0, 1, 0, 0, 0, 0, 0, 4, 0, 1, 0, 2, 0, 0, 0, 0, 0, 1, 0, 0, 2, 0, 0, 0, 0, 0, 0, 0, 0, 0, 0, 0, 1, 1, 2, 2, 0, 0, 2, 0, 0, 1, 0, 0, 2, 2, 0, 1, 0, 0, 0, 0, 0, 0, 0, 2, 0, 0, 0, 0, 0, 0, 0, 2, 2, 2, 3, 2, 0, 1, 1, 4, 2, 5, 1, 6, 2, 4, 2, 2, 43, 0, 0, 0, 0, 0, 0]",-1,-0.032525454736165825,-1,0
170,"[0, 1, 0, 0, 0, 0, 0, 4, 0, 1, 0, 2, 0, 0, 0, 0, 0, 1, 0, 0, 2, 0, 0, 0, 0, 0, 0, 0, 0, 0, 0, 0, 1, 1, 2, 2, 0, 0, 2, 0, 0, 1, 0, 0, 2, 2, 0, 1, 0, 0, 0, 0, 0, 0, 0, 2, 0, 0, 0, 0, 0, 0, 0, 2, 2, 2, 3, 2, 0, 1, 1, 4, 2, 5, 1, 6, 2, 4, 2, 2, 43, 0, 1, 0, 0, 0, 0]",2,0.5996260204945831,-1,0
171,"[0, 1, 0, 0, 0, 0, 0, 4, 0, 1, 0, 2, 0, 0, 0, 0, 0, 1, 0, 0, 2, 0, 0, 0, 0, 0, 0, 0, 0, 0, 0, 0, 1, 1, 2, 2, 0, 0, 2, 0, 0, 1, 0, 0, 2, 2, 0, 1, 0, 0, 0, 0, 0, 0, 0, 2, 0, 0, 0, 0, 0, 0, 0, 2, 2, 2, 3, 2, 0, 1, 1, 4, 2, 5, 1, 6, 2, 4, 2, 2, 43, 0, 1, 0, 0, 1, 0]","[[0 1 0 0]
 [0 0 0 1]]",0.850050885552674,-1,0
172,"[0, 1, 0, 0, 0, 0, 0, 4, 0, 1, 0, 2, 0, 0, 0, 0, 0, 1, 0, 0, 2, 0, 0, 0, 0, 0, 0, 0, 0, 0, 0, 0, 1, 1, 2, 2, 0, 0, 2, 0, 0, 1, 0, 0, 2, 2, 0, 1, 0, 0, 0, 0, 0, 0, 0, 2, 0, 0, 0, 0, 0, 0, 0, 2, 2, 2, 3, 2, 0, 1, 1, 4, 2, 5, 1, 6, 2, 4, 2, 2, 43, 0, 1, 0, 0, 0, 1]",2,-0.00037397950541680984,-1,1
173,"[0, 1, 0, 0, 0, 0, 0, 4, 0, 1, 0, 2, 0, 0, 0, 0, 0, 1, 0, 0, 2, 0, 0, 0, 0, 0, 0, 0, 0, 0, 0, 0, 1, 1, 2, 2, 0, 0, 2, 0, 0, 1, 0, 0, 2, 2, 0, 1, 0, 0, 0, 0, 0, 0, 0, 2, 0, 0, 0, 0, 0, 0, 0, 2, 2, 2, 3, 2, 0, 1, 1, 4, 2, 5, 1, 6, 2, 4, 2, 2, 43, 0, 0, 1, 0, 0, 0]","[[0 0 0 1]
 [0 1 0 0]]",-0.00037397950541680984,-1,1
174,"[0, 0, 0, 1, 0, 1, 0, 3, 0, 1, 0, 2, 0, 0, 0, 0, 0, 1, 0, 0, 2, 0, 0, 0, 0, 0, 0, 0, 0, 0, 0, 0, 1, 1, 2, 2, 0, 0, 2, 0, 0, 1, 0, 0, 2, 2, 0, 1, 0, 0, 0, 0, 0, 0, 0, 2, 0, 0, 0, 0, 0, 0, 0, 2, 2, 2, 3, 2, 0, 1, 1, 4, 2, 5, 1, 6, 2, 4, 2, 2, 43, 0, 0, 0, 0, 0, 0]",0,-0.00037397950541680984,-1,0
175,"[0, 0, 0, 1, 0, 1, 0, 1, 0, 1, 0, 2, 0, 0, 0, 0, 0, 1, 0, 0, 2, 0, 0, 0, 0, 0, 0, 0, 0, 0, 0, 0, 1, 1, 2, 2, 0, 0, 2, 0, 0, 1, 0, 0, 2, 2, 0, 1, 0, 0, 0, 0, 0, 0, 0, 2, 0, 0, 0, 0, 0, 0, 0, 2, 2, 2, 3, 2, 0, 1, 1, 4, 2, 5, 1, 6, 2, 4, 2, 2, 44, 0, 0, 0, 0, 0, 0]",4,11.561403517192444,-1,0
176,"[0, 1, 0, 1, 0, 2, 0, 1, 0, 1, 0, 2, 0, 0, 0, 0, 0, 1, 0, 0, 2, 0, 0, 0, 0, 0, 0, 0, 0, 0, 0, 0, 1, 1, 2, 2, 0, 0, 2, 0, 0, 1, 0, 0, 2, 2, 0, 1, 0, 0, 0, 0, 0, 0, 0, 2, 0, 0, 0, 0, 0, 0, 0, 2, 2, 2, 3, 2, 0, 1, 1, 4, 2, 5, 1, 6, 2, 4, 2, 2, 45, 0, 0, 0, 0, 0, 0]",4,14.319667219850487,-1,1
177,"[0, 1, 0, 2, 0, 2, 0, 2, 0, 1, 0, 2, 0, 0, 0, 0, 0, 1, 0, 0, 2, 0, 0, 0, 0, 0, 0, 0, 0, 0, 0, 0, 1, 1, 2, 2, 0, 0, 2, 0, 0, 1, 0, 0, 2, 2, 0, 1, 0, 0, 0, 0, 0, 0, 0, 2, 0, 0, 0, 0, 0, 0, 0, 2, 2, 2, 3, 2, 0, 1, 1, 4, 2, 5, 1, 6, 2, 4, 2, 2, 46, 0, 0, 0, 0, 0, 0]",4,11.51900989676975,-1,0
178,"[0, 2, 0, 2, 0, 3, 0, 2, 0, 1, 0, 2, 0, 0, 0, 0, 0, 1, 0, 0, 2, 0, 0, 0, 0, 0, 0, 0, 0, 0, 0, 0, 1, 1, 2, 2, 0, 0, 2, 0, 0, 1, 0, 0, 2, 2, 0, 1, 0, 0, 0, 0, 0, 0, 0, 2, 0, 0, 0, 0, 0, 0, 0, 2, 2, 2, 3, 2, 0, 1, 1, 4, 2, 5, 1, 6, 2, 4, 2, 2, 47, 0, 0, 0, 0, 0, 0]",4,14.193607595279014,-1,1
179,"[0, 2, 0, 2, 0, 3, 0, 2, 0, 1, 0, 2, 0, 0, 0, 0, 0, 1, 0, 0, 2, 0, 0, 0, 0, 0, 0, 0, 0, 0, 0, 0, 1, 1, 2, 2, 0, 0, 2, 0, 0, 1, 0, 0, 2, 2, 0, 1, 0, 0, 0, 0, 0, 0, 0, 2, 0, 0, 0, 0, 0, 0, 0, 2, 2, 2, 3, 2, 0, 1, 1, 4, 2, 5, 1, 6, 2, 4, 2, 2, 47, 0, 1, 0, 0, 0, 0]",2,0.5995612733286583,-1,0
180,"[0, 2, 0, 2, 0, 3, 0, 2, 0, 1, 0, 2, 0, 0, 0, 0, 0, 1, 0, 0, 2, 0, 0, 0, 0, 0, 0, 0, 0, 0, 0, 0, 1, 1, 2, 2, 0, 0, 2, 0, 0, 1, 0, 0, 2, 2, 0, 1, 0, 0, 0, 0, 0, 0, 0, 2, 0, 0, 0, 0, 0, 0, 0, 2, 2, 2, 3, 2, 0, 1, 1, 4, 2, 5, 1, 6, 2, 4, 2, 2, 47, 0, 0, 0, 0, 0, 0]",-1,-0.03125011341413504,-1,0
181,"[0, 3, 0, 2, 0, 4, 0, 2, 0, 1, 0, 2, 0, 0, 0, 0, 0, 1, 0, 0, 2, 0, 0, 0, 0, 0, 0, 0, 0, 0, 0, 0, 1, 1, 2, 2, 0, 0, 2, 0, 0, 1, 0, 0, 2, 2, 0, 1, 0, 0, 0, 0, 0, 0, 0, 2, 0, 0, 0, 0, 0, 0, 0, 2, 2, 2, 3, 2, 0, 1, 1, 4, 2, 5, 1, 6, 2, 4, 2, 2, 48, 0, 0, 0, 0, 0, 0]",4,11.392961593657231,-1,0
182,"[0, 3, 0, 2, 0, 4, 0, 2, 0, 1, 0, 2, 0, 0, 0, 0, 0, 1, 0, 0, 2, 0, 0, 0, 0, 0, 0, 0, 0, 0, 0, 0, 1, 1, 2, 2, 0, 0, 2, 0, 0, 1, 0, 0, 2, 2, 0, 1, 0, 0, 0, 0, 0, 0, 0, 2, 0, 0, 0, 0, 0, 0, 0, 2, 2, 2, 3, 2, 0, 1, 1, 4, 2, 5, 1, 6, 2, 4, 2, 2, 48, 0, 1, 0, 0, 0, 0]",2,0.5995434094292994,-1,1
183,"[0, 3, 0, 2, 0, 4, 0, 2, 0, 1, 0, 2, 0, 0, 0, 0, 0, 1, 0, 0, 2, 0, 0, 0, 0, 0, 0, 0, 0, 0, 0, 0, 1, 1, 2, 2, 0, 0, 2, 0, 0, 1, 0, 0, 2, 2, 0, 1, 0, 0, 0, 0, 0, 0, 0, 2, 0, 0, 0, 0, 0, 0, 0, 2, 2, 2, 3, 2, 0, 1, 1, 4, 2, 5, 1, 6, 2, 4, 2, 2, 48, 0, 1, 0, 0, 1, 0]","[[0 1 0 0]
 [0 0 0 1]]",0.8499682744873903,-1,1
184,"[0, 3, 0, 2, 0, 4, 0, 2, 0, 1, 0, 2, 0, 0, 0, 0, 0, 1, 0, 0, 2, 0, 0, 0, 0, 0, 0, 0, 0, 0, 0, 0, 1, 1, 2, 2, 0, 0, 2, 0, 0, 1, 0, 0, 2, 2, 0, 1, 0, 0, 0, 0, 0, 0, 0, 2, 0, 0, 0, 0, 0, 0, 0, 2, 2, 2, 3, 2, 0, 1, 1, 4, 2, 5, 1, 6, 2, 4, 2, 2, 48, 0, 0, 0, 0, 0, 0]",1,-0.00045659057070061236,-1,0
185,"[0, 4, 0, 2, 0, 5, 0, 2, 0, 1, 0, 2, 0, 0, 0, 0, 0, 1, 0, 0, 2, 0, 0, 0, 0, 0, 0, 0, 0, 0, 0, 0, 1, 1, 2, 2, 0, 0, 2, 0, 0, 1, 0, 0, 2, 2, 0, 1, 0, 0, 0, 0, 0, 0, 0, 2, 0, 0, 0, 0, 0, 0, 0, 2, 2, 2, 3, 2, 0, 1, 1, 4, 2, 5, 1, 6, 2, 4, 2, 2, 49, 0, 0, 0, 0, 0, 0]",4,14.046373957394058,-1,1
186,"[0, 4, 0, 2, 0, 5, 0, 2, 0, 1, 0, 2, 0, 0, 0, 0, 0, 1, 0, 0, 2, 0, 0, 0, 0, 0, 0, 0, 0, 0, 0, 0, 1, 1, 2, 2, 0, 0, 2, 0, 0, 1, 0, 0, 2, 2, 0, 1, 0, 0, 0, 0, 0, 0, 0, 2, 0, 0, 0, 0, 0, 0, 0, 2, 2, 2, 3, 2, 0, 1, 1, 4, 2, 5, 1, 6, 2, 4, 2, 2, 49, 0, 1, 0, 0, 0, 0]",2,0.599524819886711,-1,0
187,"[0, 4, 0, 2, 0, 5, 0, 2, 0, 1, 0, 2, 0, 0, 0, 0, 0, 1, 0, 0, 2, 0, 0, 0, 0, 0, 0, 0, 0, 0, 0, 0, 1, 1, 2, 2, 0, 0, 2, 0, 0, 1, 0, 0, 2, 2, 0, 1, 0, 0, 0, 0, 0, 0, 0, 2, 0, 0, 0, 0, 0, 0, 0, 2, 2, 2, 3, 2, 0, 1, 1, 4, 2, 5, 1, 6, 2, 4, 2, 2, 49, 0, 0, 0, 0, 0, 0]",-1,-0.030631319709220808,-1,0
188,"[0, 4, 0, 2, 0, 5, 0, 2, 0, 1, 0, 2, 0, 0, 0, 0, 0, 1, 0, 0, 2, 0, 0, 0, 0, 0, 0, 0, 0, 0, 0, 0, 1, 1, 2, 2, 0, 0, 2, 0, 0, 1, 0, 0, 2, 2, 0, 1, 0, 0, 0, 0, 0, 0, 0, 2, 0, 0, 0, 0, 0, 0, 0, 2, 2, 2, 3, 2, 0, 1, 1, 4, 2, 5, 1, 6, 2, 4, 2, 2, 49, 1, 0, 0, 0, 0, 0]",3,0.399524819886711,-1,0
189,"[0, 4, 0, 2, 0, 5, 0, 2, 0, 1, 0, 2, 0, 0, 0, 0, 0, 1, 0, 0, 2, 0, 0, 0, 0, 0, 0, 0, 0, 0, 0, 0, 1, 1, 2, 2, 0, 0, 2, 0, 0, 1, 0, 0, 2, 2, 0, 1, 0, 0, 0, 0, 0, 0, 0, 2, 0, 0, 0, 0, 0, 0, 0, 2, 2, 2, 3, 2, 0, 1, 1, 4, 2, 5, 1, 6, 2, 4, 2, 2, 49, 0, 0, 0, 0, 0, 0]",-1,-0.030631319709220808,-1,0
190,"[0, 2, 0, 1, 0, 2, 0, 1, 0, 1, 0, 2, 0, 0, 0, 0, 0, 1, 0, 0, 2, 0, 0, 0, 0, 0, 0, 0, 0, 0, 0, 0, 1, 1, 2, 2, 0, 0, 2, 0, 0, 1, 0, 0, 2, 2, 0, 1, 0, 0, 0, 0, 0, 0, 0, 2, 0, 0, 0, 0, 0, 0, 0, 2, 2, 2, 3, 2, 0, 1, 1, 4, 2, 5, 1, 6, 2, 4, 2, 1, 50, 0, 0, 0, 0, 0, 0]",4,11.516436756607098,-1,0
191,"[0, 2, 0, 1, 0, 2, 0, 1, 0, 1, 0, 2, 0, 0, 0, 0, 0, 1, 0, 0, 2, 0, 0, 0, 0, 0, 0, 0, 0, 0, 0, 0, 1, 1, 2, 2, 0, 0, 2, 0, 0, 1, 0, 0, 2, 2, 0, 1, 0, 0, 0, 0, 0, 0, 0, 2, 0, 0, 0, 0, 0, 0, 0, 2, 2, 2, 3, 2, 0, 1, 1, 4, 2, 5, 1, 6, 2, 4, 2, 1, 51, 0, 0, 0, 0, 0, 0]",4,14.315807053160484,-1,1
192,"[0, 2, 0, 1, 0, 2, 0, 1, 0, 1, 0, 2, 0, 0, 0, 0, 0, 1, 0, 0, 2, 0, 0, 0, 0, 0, 0, 0, 0, 0, 0, 0, 1, 1, 2, 2, 0, 0, 2, 0, 0, 1, 0, 0, 2, 2, 0, 1, 0, 0, 0, 0, 0, 0, 0, 2, 0, 0, 0, 0, 0, 0, 0, 2, 2, 2, 3, 2, 0, 1, 1, 4, 2, 5, 1, 6, 2, 4, 2, 1, 51, 1, 0, 0, 0, 0, 0]",3,0.39948534536923797,-1,0
193,"[0, 2, 0, 1, 0, 2, 0, 1, 0, 1, 0, 2, 0, 0, 0, 0, 0, 1, 0, 0, 2, 0, 0, 0, 0, 0, 0, 0, 0, 0, 0, 0, 1, 1, 2, 2, 0, 0, 2, 0, 0, 1, 0, 0, 2, 2, 0, 1, 0, 0, 0, 0, 0, 0, 0, 2, 0, 0, 0, 0, 0, 0, 0, 2, 2, 2, 3, 2, 0, 1, 1, 4, 2, 5, 1, 6, 2, 4, 2, 1, 51, 0, 0, 0, 0, 0, 0]",-1,-0.030024778940613298,-1,0
194,"[0, 3, 0, 1, 0, 3, 0, 1, 0, 1, 0, 2, 0, 0, 0, 0, 0, 1, 0, 0, 2, 0, 0, 0, 0, 0, 0, 0, 0, 0, 0, 0, 1, 1, 2, 2, 0, 0, 2, 0, 0, 1, 0, 0, 2, 2, 0, 1, 0, 0, 0, 0, 0, 0, 0, 2, 0, 0, 0, 0, 0, 0, 0, 2, 2, 2, 3, 2, 0, 1, 1, 4, 2, 5, 1, 6, 2, 4, 2, 1, 52, 0, 0, 0, 0, 0, 0]",4,11.352988513317023,-1,0
195,"[0, 3, 0, 1, 1, 3, 0, 1, 0, 1, 0, 2, 0, 0, 0, 0, 0, 1, 0, 0, 2, 0, 0, 0, 0, 0, 0, 0, 0, 0, 0, 0, 1, 1, 2, 2, 0, 0, 2, 0, 0, 1, 0, 0, 2, 2, 0, 1, 0, 0, 0, 0, 0, 0, 0, 2, 0, 0, 0, 0, 0, 0, 0, 2, 2, 2, 3, 2, 0, 1, 1, 4, 2, 5, 1, 6, 2, 4, 2, 1, 53, 0, 0, 0, 0, 0, 0]",4,14.371850121868642,-1,1
196,"[0, 4, 0, 1, 1, 4, 0, 1, 0, 1, 0, 2, 0, 0, 0, 0, 0, 1, 0, 0, 2, 0, 0, 0, 0, 0, 0, 0, 0, 0, 0, 0, 1, 1, 2, 2, 0, 0, 2, 0, 0, 1, 0, 0, 2, 2, 0, 1, 0, 0, 0, 0, 0, 0, 0, 2, 0, 0, 0, 0, 0, 0, 0, 2, 2, 2, 3, 2, 0, 1, 1, 4, 2, 5, 1, 6, 2, 4, 2, 1, 54, 0, 0, 0, 0, 0, 0]",4,11.218318662019346,-1,0
197,"[0, 4, 0, 1, 1, 4, 0, 1, 0, 1, 0, 2, 0, 0, 0, 0, 0, 1, 0, 0, 2, 0, 0, 0, 0, 0, 0, 0, 0, 0, 0, 0, 1, 1, 2, 2, 0, 0, 2, 0, 0, 1, 0, 0, 2, 2, 0, 1, 0, 0, 0, 0, 0, 0, 0, 2, 0, 0, 0, 0, 0, 0, 0, 2, 2, 2, 3, 2, 0, 1, 1, 4, 2, 5, 1, 6, 2, 4, 2, 1, 54, 0, 1, 0, 0, 0, 0]",2,0.5994199188396432,-1,1
198,"[0, 4, 0, 1, 1, 4, 0, 1, 0, 1, 0, 2, 0, 0, 0, 0, 0, 1, 0, 0, 2, 0, 0, 0, 0, 0, 0, 0, 0, 0, 0, 0, 1, 1, 2, 2, 0, 0, 2, 0, 0, 1, 0, 0, 2, 2, 0, 1, 0, 0, 0, 0, 0, 0, 0, 2, 0, 0, 0, 0, 0, 0, 0, 2, 2, 2, 3, 2, 0, 1, 1, 4, 2, 5, 1, 6, 2, 4, 2, 1, 54, 0, 1, 0, 0, 1, 0]","[[1 0 0 0]
 [0 1 0 0]]",0.8498447838977341,-1,1
199,"[1, 3, 0, 1, 0, 5, 0, 1, 0, 1, 0, 2, 0, 0, 0, 0, 0, 1, 0, 0, 2, 0, 0, 0, 0, 0, 0, 0, 0, 0, 0, 0, 1, 1, 2, 2, 0, 0, 2, 0, 0, 1, 0, 0, 2, 2, 0, 1, 0, 0, 0, 0, 0, 0, 0, 2, 0, 0, 0, 0, 0, 0, 0, 2, 2, 2, 3, 2, 0, 1, 1, 4, 2, 5, 1, 6, 2, 4, 2, 1, 54, 0, 0, 0, 0, 0, 0]",0,-0.0005800811603568401,-1,0
200,"[1, 1, 0, 1, 0, 2, 0, 1, 0, 1, 0, 2, 0, 0, 0, 0, 0, 1, 0, 0, 2, 0, 0, 0, 0, 0, 0, 0, 0, 0, 0, 0, 1, 1, 2, 2, 0, 0, 2, 0, 0, 1, 0, 0, 2, 2, 0, 1, 0, 0, 0, 0, 0, 0, 0, 2, 0, 0, 0, 0, 0, 0, 0, 2, 2, 2, 3, 2, 0, 1, 1, 4, 2, 5, 1, 6, 2, 4, 2, 0, 55, 0, 0, 0, 0, 0, 0]",4,14.313339783792442,-1,1
201,"[1, 1, 0, 1, 0, 2, 0, 1, 0, 1, 0, 2, 0, 0, 0, 0, 0, 1, 0, 0, 2, 0, 0, 0, 0, 0, 0, 0, 0, 0, 0, 0, 1, 1, 2, 2, 0, 0, 2, 0, 0, 1, 0, 0, 2, 2, 0, 1, 0, 0, 0, 0, 0, 0, 0, 2, 0, 0, 0, 0, 0, 0, 0, 2, 2, 2, 3, 2, 0, 1, 1, 4, 2, 5, 1, 6, 2, 4, 2, 0, 55, 0, 0, 0, 0, 0, 0]",0,0.5416139852040966,-1,0
202,"[0, 0, 0, 1, 0, 2, 0, 1, 0, 1, 0, 2, 0, 0, 0, 0, 0, 1, 0, 0, 2, 0, 0, 0, 0, 0, 0, 0, 0, 0, 0, 0, 1, 1, 2, 2, 0, 0, 2, 0, 0, 1, 1, 0, 2, 2, 0, 1, 0, 0, 0, 0, 0, 0, 0, 2, 0, 0, 0, 0, 0, 0, 0, 2, 2, 2, 3, 2, 0, 1, 1, 4, 2, 5, 1, 6, 2, 4, 2, 0, 55, 0, 0, 0, 0, 0, 0]",10,0.7907877894090134,-1,0
203,"[0, 0, 0, 2, 0, 2, 0, 2, 0, 1, 0, 2, 0, 0, 0, 0, 0, 1, 0, 0, 2, 0, 0, 0, 0, 0, 0, 0, 0, 0, 0, 0, 1, 1, 2, 2, 0, 0, 2, 0, 0, 1, 1, 0, 2, 2, 0, 1, 0, 0, 0, 0, 0, 0, 0, 2, 0, 0, 0, 0, 0, 0, 0, 2, 2, 2, 3, 2, 0, 1, 1, 4, 2, 5, 1, 6, 2, 4, 2, 0, 56, 0, 0, 0, 0, 0, 0]",4,12.631996704126406,-1,0
204,"[0, 1, 0, 2, 0, 3, 0, 2, 0, 1, 0, 2, 0, 0, 0, 0, 0, 1, 0, 0, 2, 0, 0, 0, 0, 0, 0, 0, 0, 0, 0, 0, 1, 1, 2, 2, 0, 0, 2, 0, 0, 1, 1, 0, 2, 2, 0, 1, 0, 0, 0, 0, 0, 0, 0, 2, 0, 0, 0, 0, 0, 0, 0, 2, 2, 2, 3, 2, 0, 1, 1, 4, 2, 5, 1, 6, 2, 4, 2, 0, 57, 0, 0, 0, 0, 0, 0]",4,14.187385065872217,-1,1
205,"[0, 1, 0, 2, 0, 3, 0, 2, 0, 1, 0, 2, 0, 0, 0, 0, 0, 1, 0, 0, 2, 0, 0, 0, 0, 0, 0, 0, 0, 0, 0, 0, 1, 1, 2, 2, 0, 0, 2, 0, 0, 1, 1, 0, 2, 2, 0, 1, 0, 0, 0, 0, 0, 0, 0, 2, 0, 0, 0, 0, 0, 0, 0, 2, 2, 2, 3, 2, 0, 1, 1, 4, 2, 5, 1, 6, 2, 4, 2, 0, 57, 1, 0, 0, 0, 0, 0]",3,0.3993462020876723,-1,0
206,"[0, 1, 0, 2, 0, 3, 0, 2, 0, 1, 0, 2, 0, 0, 0, 0, 0, 1, 0, 0, 2, 0, 0, 0, 0, 0, 0, 0, 0, 0, 0, 0, 1, 1, 2, 2, 0, 0, 2, 0, 0, 1, 1, 0, 2, 2, 0, 1, 0, 0, 0, 0, 0, 0, 0, 2, 0, 0, 0, 0, 0, 0, 0, 2, 2, 2, 3, 2, 0, 1, 1, 4, 2, 5, 1, 6, 2, 4, 2, 0, 57, 0, 0, 0, 0, 0, 0]",-1,-0.028276271934976855,-1,0
207,"[0, 1, 0, 2, 0, 3, 0, 2, 0, 1, 0, 2, 0, 0, 0, 0, 0, 1, 0, 0, 2, 0, 0, 0, 0, 0, 0, 0, 0, 0, 0, 0, 1, 1, 2, 2, 0, 0, 2, 0, 0, 1, 1, 0, 2, 2, 0, 1, 0, 0, 0, 0, 0, 0, 0, 2, 0, 0, 0, 0, 0, 0, 0, 2, 2, 2, 3, 2, 0, 1, 1, 4, 2, 5, 1, 6, 2, 4, 2, 0, 58, 0, 0, 0, 0, 0, 0]",4,14.186790112129033,-1,1
208,"[0, 2, 0, 2, 0, 4, 0, 2, 0, 1, 0, 2, 0, 0, 0, 0, 0, 1, 0, 0, 2, 0, 0, 0, 0, 0, 0, 0, 0, 0, 0, 0, 1, 1, 2, 2, 0, 0, 2, 0, 0, 1, 1, 0, 2, 2, 0, 1, 0, 0, 0, 0, 0, 0, 0, 2, 0, 0, 0, 0, 0, 0, 0, 2, 2, 2, 3, 2, 0, 1, 1, 4, 2, 5, 1, 6, 2, 4, 2, 0, 59, 0, 0, 0, 0, 0, 0]",4,12.871344447553529,-1,0
209,"[0, 2, 0, 2, 0, 4, 0, 2, 0, 1, 0, 2, 0, 0, 0, 0, 0, 1, 0, 0, 2, 0, 0, 0, 0, 0, 0, 0, 0, 0, 0, 0, 1, 1, 2, 2, 0, 0, 2, 0, 0, 1, 1, 0, 2, 2, 0, 1, 0, 0, 0, 0, 0, 0, 0, 2, 0, 0, 0, 0, 0, 0, 0, 2, 2, 2, 3, 2, 0, 1, 1, 4, 2, 5, 1, 6, 2, 4, 2, 0, 59, 0, 1, 0, 0, 0, 0]",2,0.5992919419558107,-1,1
210,"[0, 2, 0, 2, 0, 4, 0, 2, 0, 1, 0, 2, 0, 0, 0, 0, 0, 1, 0, 0, 2, 0, 0, 0, 0, 0, 0, 0, 0, 0, 0, 0, 1, 1, 2, 2, 0, 0, 2, 0, 0, 1, 1, 0, 2, 2, 0, 1, 0, 0, 0, 0, 0, 0, 0, 2, 0, 0, 0, 0, 0, 0, 0, 2, 2, 2, 3, 2, 0, 1, 1, 4, 2, 5, 1, 6, 2, 4, 2, 0, 59, 0, 1, 0, 0, 1, 0]","[[0 1 0 0]
 [0 0 0 1]]",0.8497168070139016,-1,1
211,"[0, 3, 0, 1, 0, 3, 0, 3, 0, 1, 0, 2, 0, 0, 0, 0, 0, 1, 0, 0, 2, 0, 0, 0, 0, 0, 0, 0, 0, 0, 0, 0, 1, 1, 2, 2, 0, 0, 2, 0, 0, 1, 1, 0, 2, 2, 0, 1, 0, 0, 0, 0, 0, 0, 0, 2, 0, 0, 0, 0, 0, 0, 0, 2, 2, 2, 3, 2, 0, 1, 1, 4, 2, 5, 1, 6, 2, 4, 2, 0, 59, 0, 0, 0, 0, 0, 0]",0,-0.0007080580441893013,-1,0
212,"[0, 3, 0, 2, 0, 3, 0, 4, 0, 1, 0, 2, 0, 0, 0, 0, 0, 1, 0, 0, 2, 0, 0, 0, 0, 0, 0, 0, 0, 0, 0, 0, 1, 1, 2, 2, 0, 0, 2, 0, 0, 1, 1, 0, 2, 2, 0, 1, 0, 0, 0, 0, 0, 0, 0, 2, 0, 0, 0, 0, 0, 0, 0, 2, 2, 2, 3, 2, 0, 1, 1, 4, 2, 5, 1, 6, 2, 4, 2, 0, 60, 0, 0, 0, 0, 0, 0]",4,14.124309193144317,-1,1
213,"[0, 3, 0, 2, 0, 3, 0, 4, 0, 1, 0, 2, 0, 0, 0, 0, 0, 1, 0, 0, 2, 0, 0, 0, 0, 0, 0, 0, 0, 0, 0, 0, 1, 1, 2, 2, 0, 0, 2, 0, 0, 1, 1, 0, 2, 2, 0, 1, 0, 0, 0, 0, 0, 0, 0, 2, 0, 0, 0, 0, 0, 0, 0, 2, 2, 2, 3, 2, 0, 1, 1, 4, 2, 5, 1, 6, 2, 4, 2, 0, 60, 1, 0, 0, 0, 0, 0]",3,0.3992631520201128,-1,0
214,"[0, 3, 0, 2, 0, 3, 0, 4, 0, 1, 0, 2, 0, 0, 0, 0, 0, 1, 0, 0, 2, 0, 0, 0, 0, 0, 0, 0, 0, 0, 0, 0, 1, 1, 2, 2, 0, 0, 2, 0, 0, 1, 1, 0, 2, 2, 0, 1, 0, 0, 0, 0, 0, 0, 0, 2, 0, 0, 0, 0, 0, 0, 0, 2, 2, 2, 3, 2, 0, 1, 1, 4, 2, 5, 1, 6, 2, 4, 2, 0, 60, 0, 0, 0, 0, 0, 0]",-1,-0.027440581804701325,-1,0
215,"[0, 3, 0, 2, 0, 3, 0, 4, 0, 1, 0, 2, 0, 0, 0, 0, 0, 1, 0, 0, 2, 0, 0, 0, 0, 0, 0, 0, 0, 0, 0, 0, 1, 1, 2, 2, 0, 0, 2, 0, 0, 1, 1, 0, 2, 2, 0, 1, 0, 0, 0, 0, 0, 0, 0, 2, 0, 0, 0, 0, 0, 0, 0, 2, 2, 2, 3, 2, 0, 1, 1, 4, 2, 5, 1, 6, 2, 4, 2, 0, 61, 0, 0, 0, 0, 0, 0]",4,14.123727672237857,-1,1
216,"[0, 3, 0, 3, 0, 3, 0, 5, 0, 1, 0, 2, 0, 0, 0, 0, 0, 1, 0, 0, 2, 0, 0, 0, 0, 0, 0, 0, 0, 0, 0, 0, 1, 1, 2, 2, 0, 0, 2, 0, 0, 1, 1, 0, 2, 2, 0, 1, 0, 0, 0, 0, 0, 0, 0, 2, 0, 0, 0, 0, 0, 0, 0, 2, 2, 2, 3, 2, 0, 1, 1, 4, 2, 5, 1, 6, 2, 4, 2, 0, 62, 0, 0, 0, 0, 0, 0]",4,12.76361147650918,-1,0
217,"[0, 1, 0, 1, 0, 1, 0, 2, 0, 1, 0, 2, 0, 0, 0, 0, 0, 1, 0, 0, 2, 0, 0, 0, 0, 0, 0, 0, 0, 0, 0, 0, 1, 1, 2, 2, 0, 0, 2, 0, 0, 1, 1, 0, 2, 2, 0, 1, 0, 0, 0, 0, 0, 0, 0, 2, 0, 0, 0, 0, 0, 0, 0, 2, 2, 2, 3, 2, 0, 1, 1, 4, 2, 5, 1, 6, 2, 4, 2, 1, 63, 0, 0, 0, 0, 0, 0]",4,14.308632681866731,-1,1
218,"[0, 1, 0, 1, 0, 1, 0, 2, 0, 1, 0, 2, 0, 0, 0, 0, 0, 1, 0, 0, 2, 0, 0, 0, 0, 0, 0, 0, 0, 0, 0, 0, 1, 1, 2, 2, 0, 0, 2, 0, 0, 1, 1, 0, 2, 2, 0, 1, 0, 0, 0, 0, 0, 0, 0, 2, 0, 0, 0, 0, 0, 0, 0, 2, 2, 2, 3, 2, 0, 1, 1, 4, 2, 5, 1, 6, 2, 4, 2, 1, 63, 1, 0, 0, 0, 0, 0]",3,0.3991695962872799,-1,0
219,"[0, 1, 0, 1, 0, 1, 0, 2, 0, 1, 0, 2, 0, 0, 0, 0, 0, 1, 0, 0, 2, 0, 0, 0, 0, 0, 0, 0, 0, 0, 0, 0, 1, 1, 2, 2, 0, 0, 2, 0, 0, 1, 1, 0, 2, 2, 0, 1, 0, 0, 0, 0, 0, 0, 0, 2, 0, 0, 0, 0, 0, 0, 0, 2, 2, 2, 3, 2, 0, 1, 1, 4, 2, 5, 1, 6, 2, 4, 2, 1, 63, 0, 0, 0, 0, 0, 0]",-1,-0.026629590050344862,-1,0
220,"[0, 1, 0, 1, 0, 1, 0, 2, 0, 1, 0, 2, 0, 0, 0, 0, 0, 1, 0, 0, 2, 0, 0, 0, 0, 0, 0, 0, 0, 0, 0, 0, 1, 1, 2, 2, 0, 0, 2, 0, 0, 1, 1, 0, 2, 2, 0, 1, 0, 0, 0, 0, 0, 0, 0, 2, 0, 0, 0, 0, 0, 0, 0, 2, 2, 2, 3, 2, 0, 1, 1, 4, 2, 5, 1, 6, 2, 4, 2, 1, 63, 1, 0, 0, 0, 0, 0]",3,0.3991695962872799,-1,0
221,"[0, 1, 0, 1, 0, 1, 0, 2, 0, 1, 0, 2, 0, 0, 0, 0, 0, 1, 0, 0, 2, 0, 0, 0, 0, 0, 0, 0, 0, 0, 0, 0, 1, 1, 2, 2, 0, 0, 2, 0, 0, 1, 1, 0, 2, 2, 0, 1, 0, 0, 0, 0, 0, 0, 0, 2, 0, 0, 0, 0, 0, 0, 0, 2, 2, 2, 3, 2, 0, 1, 1, 4, 2, 5, 1, 6, 2, 4, 2, 1, 63, 0, 0, 0, 0, 0, 0]",-1,-0.026629590050344862,-1,0
222,"[0, 1, 0, 1, 0, 1, 0, 2, 0, 1, 0, 2, 0, 0, 0, 0, 0, 1, 0, 0, 2, 0, 0, 0, 0, 0, 0, 0, 0, 0, 0, 0, 1, 1, 2, 2, 0, 0, 2, 0, 0, 1, 1, 0, 2, 2, 0, 1, 0, 0, 0, 0, 0, 0, 0, 2, 0, 0, 0, 0, 0, 0, 0, 2, 2, 2, 3, 2, 0, 1, 1, 4, 2, 5, 1, 6, 2, 4, 2, 1, 63, 1, 0, 0, 0, 0, 0]",3,0.3991695962872799,-1,0
223,"[0, 1, 0, 1, 0, 1, 0, 2, 0, 1, 0, 2, 0, 0, 0, 0, 0, 1, 0, 0, 2, 0, 0, 0, 0, 0, 0, 0, 0, 0, 0, 0, 1, 1, 2, 2, 0, 0, 2, 0, 0, 1, 1, 0, 2, 2, 0, 1, 0, 0, 0, 0, 0, 0, 0, 2, 0, 0, 0, 0, 0, 0, 0, 2, 2, 2, 3, 2, 0, 1, 1, 4, 2, 5, 1, 6, 2, 4, 2, 1, 63, 0, 0, 0, 0, 0, 0]",-1,-0.026629590050344862,-1,0
224,"[0, 1, 0, 1, 0, 1, 0, 2, 0, 1, 0, 2, 0, 0, 0, 0, 0, 1, 0, 0, 2, 0, 0, 0, 0, 0, 0, 0, 0, 0, 0, 0, 1, 1, 2, 2, 0, 0, 2, 0, 0, 1, 1, 0, 2, 2, 0, 1, 0, 0, 0, 0, 0, 0, 0, 2, 0, 0, 0, 0, 0, 0, 0, 2, 2, 2, 3, 2, 0, 1, 1, 4, 2, 5, 1, 6, 2, 4, 2, 1, 63, 0, 1, 0, 0, 0, 0]",2,0.5991695962872798,-1,0
225,"[0, 1, 0, 1, 0, 1, 0, 2, 0, 1, 0, 2, 0, 0, 0, 0, 0, 1, 0, 0, 2, 0, 0, 0, 0, 0, 0, 0, 0, 0, 0, 0, 1, 1, 2, 2, 0, 0, 2, 0, 0, 1, 1, 0, 2, 2, 0, 1, 0, 0, 0, 0, 0, 0, 0, 2, 0, 0, 0, 0, 0, 0, 0, 2, 2, 2, 3, 2, 0, 1, 1, 4, 2, 5, 1, 6, 2, 4, 2, 1, 63, 0, 0, 0, 0, 0, 0]",-1,-0.026629590050344862,-1,0
226,"[0, 1, 0, 1, 0, 1, 0, 2, 0, 1, 0, 2, 0, 0, 0, 0, 0, 1, 0, 0, 2, 0, 0, 0, 0, 0, 0, 0, 0, 0, 0, 0, 1, 1, 2, 2, 0, 0, 2, 0, 0, 1, 1, 0, 2, 2, 0, 1, 0, 0, 0, 0, 0, 0, 0, 2, 0, 0, 0, 0, 0, 0, 0, 2, 2, 2, 3, 2, 0, 1, 1, 4, 2, 5, 1, 6, 2, 4, 2, 1, 63, 0, 0, 0, 0, 0, 0]",0,0.49414434311786315,-1,0
227,"[0, 1, 0, 1, 0, 1, 0, 2, 0, 1, 0, 2, 0, 0, 0, 0, 0, 1, 0, 0, 2, 0, 0, 0, 0, 0, 0, 0, 0, 0, 0, 0, 1, 1, 2, 2, 0, 0, 2, 0, 0, 1, 1, 0, 2, 2, 0, 1, 0, 0, 0, 0, 0, 0, 0, 2, 0, 0, 0, 0, 0, 0, 0, 2, 2, 2, 3, 2, 0, 1, 1, 4, 2, 5, 1, 6, 2, 4, 2, 1, 63, 0, 0, 0, 0, 0, 0]",-1,-0.026629590050344862,-1,0
228,"[0, 1, 0, 1, 0, 1, 0, 2, 0, 1, 0, 2, 0, 0, 0, 0, 0, 1, 0, 0, 2, 0, 0, 0, 0, 0, 0, 0, 0, 0, 0, 0, 1, 1, 2, 2, 0, 0, 2, 0, 0, 1, 1, 0, 2, 2, 0, 1, 0, 0, 0, 0, 0, 0, 0, 2, 0, 0, 0, 0, 0, 0, 0, 2, 2, 2, 3, 2, 0, 1, 1, 4, 2, 5, 1, 6, 2, 4, 2, 1, 63, 0, 0, 0, 0, 0, 0]",0,0.49414434311786315,-1,0
229,"[0, 1, 0, 1, 0, 1, 0, 2, 0, 1, 0, 2, 0, 0, 0, 0, 0, 1, 0, 0, 2, 0, 0, 0, 0, 0, 0, 0, 0, 0, 0, 0, 1, 1, 2, 2, 0, 0, 2, 0, 0, 1, 1, 0, 2, 2, 0, 1, 0, 0, 0, 0, 0, 0, 0, 2, 0, 0, 0, 0, 0, 0, 0, 2, 2, 2, 3, 2, 0, 1, 1, 4, 2, 5, 1, 6, 2, 4, 2, 1, 63, 0, 0, 0, 0, 0, 0]",-1,-0.026629590050344862,-1,0
230,"[0, 1, 0, 1, 0, 1, 0, 1, 0, 1, 0, 2, 0, 0, 0, 0, 0, 1, 0, 0, 2, 0, 0, 0, 0, 0, 0, 0, 0, 0, 0, 0, 1, 1, 2, 2, 0, 0, 2, 0, 0, 1, 1, 0, 2, 2, 0, 1, 0, 0, 0, 0, 0, 0, 0, 2, 0, 0, 0, 0, 0, 0, 0, 2, 2, 2, 3, 2, 0, 1, 1, 4, 2, 5, 1, 6, 2, 4, 2, 4, 64, 0, 0, 0, 0, 0, 0]",4,13.111858204690485,-1,0
231,"[0, 1, 0, 1, 0, 1, 0, 1, 0, 1, 0, 2, 0, 0, 0, 0, 0, 1, 0, 0, 2, 0, 0, 0, 0, 0, 0, 0, 0, 0, 0, 0, 1, 1, 2, 2, 0, 0, 2, 0, 0, 1, 1, 0, 2, 2, 0, 1, 0, 0, 0, 0, 0, 0, 0, 2, 0, 0, 0, 0, 0, 0, 0, 2, 2, 2, 3, 2, 0, 1, 1, 4, 2, 5, 1, 6, 2, 4, 2, 4, 64, 0, 1, 0, 0, 0, 0]",2,0.5991358532960176,-1,1
232,"[0, 1, 0, 1, 0, 1, 0, 1, 0, 1, 0, 2, 0, 0, 0, 0, 0, 1, 0, 0, 2, 0, 0, 0, 0, 0, 0, 0, 0, 0, 0, 0, 1, 1, 2, 2, 0, 0, 2, 0, 0, 1, 1, 0, 2, 2, 0, 1, 0, 0, 0, 0, 0, 0, 0, 2, 0, 0, 0, 0, 0, 0, 0, 2, 2, 2, 3, 2, 0, 1, 1, 4, 2, 5, 1, 6, 2, 4, 2, 4, 64, 0, 1, 0, 0, 1, 0]","[[0 1 0 0]
 [0 0 0 1]]",0.8495607183541085,-1,1
233,"[0, 1, 0, 1, 0, 1, 0, 1, 0, 1, 0, 2, 0, 0, 0, 0, 0, 1, 0, 0, 2, 0, 0, 0, 0, 0, 0, 0, 0, 0, 0, 0, 1, 1, 2, 2, 0, 0, 2, 0, 0, 1, 1, 0, 2, 2, 0, 1, 0, 0, 0, 0, 0, 0, 0, 2, 0, 0, 0, 0, 0, 0, 0, 2, 2, 2, 3, 2, 0, 1, 1, 4, 2, 5, 1, 6, 2, 4, 2, 4, 64, 0, 0, 0, 0, 0, 0]",1,-0.0008641467039823833,-1,0
234,"[0, 1, 0, 1, 0, 1, 0, 1, 0, 1, 0, 2, 0, 0, 0, 0, 0, 1, 0, 0, 2, 0, 0, 0, 0, 0, 0, 0, 0, 0, 0, 0, 1, 1, 2, 2, 0, 0, 2, 0, 0, 1, 1, 0, 2, 2, 0, 1, 0, 0, 0, 0, 0, 0, 0, 2, 0, 0, 0, 0, 0, 0, 0, 2, 2, 2, 3, 2, 0, 1, 1, 4, 2, 5, 1, 6, 2, 4, 2, 2, 65, 0, 0, 0, 0, 0, 0]",4,14.511293159065893,-1,1
235,"[0, 1, 0, 1, 0, 1, 0, 1, 0, 1, 0, 2, 0, 0, 0, 0, 0, 1, 0, 0, 2, 0, 0, 0, 0, 0, 0, 0, 0, 0, 0, 0, 1, 1, 2, 2, 0, 0, 2, 0, 0, 1, 1, 0, 2, 2, 0, 1, 0, 0, 0, 0, 0, 0, 0, 2, 0, 0, 0, 0, 0, 0, 0, 2, 2, 2, 3, 2, 0, 1, 1, 4, 2, 5, 1, 6, 2, 4, 2, 2, 65, 1, 0, 0, 0, 0, 0]",3,0.39910074536781176,-1,0
236,"[0, 1, 0, 1, 0, 1, 0, 1, 0, 1, 0, 2, 0, 0, 0, 0, 0, 1, 0, 0, 2, 0, 0, 0, 0, 0, 0, 0, 0, 0, 0, 0, 1, 1, 2, 2, 0, 0, 2, 0, 0, 1, 1, 0, 2, 2, 0, 1, 0, 0, 0, 0, 0, 0, 0, 2, 0, 0, 0, 0, 0, 0, 0, 2, 2, 2, 3, 2, 0, 1, 1, 4, 2, 5, 1, 6, 2, 4, 2, 2, 65, 0, 0, 0, 0, 0, 0]",-1,-0.026102288838050804,-1,0
237,"[0, 1, 0, 1, 0, 1, 0, 1, 0, 1, 0, 2, 0, 0, 0, 0, 0, 1, 0, 0, 2, 0, 0, 0, 0, 0, 0, 0, 0, 0, 0, 0, 1, 1, 2, 2, 0, 0, 2, 0, 0, 1, 1, 0, 2, 2, 0, 1, 0, 0, 0, 0, 0, 0, 0, 2, 0, 0, 0, 0, 0, 0, 0, 2, 2, 2, 3, 2, 0, 1, 1, 4, 2, 5, 1, 6, 2, 4, 2, 6, 66, 0, 0, 0, 0, 0, 0]",4,14.510731966772608,-1,1
238,"[0, 1, 0, 2, 0, 1, 0, 2, 0, 1, 0, 2, 0, 0, 0, 0, 0, 1, 0, 0, 2, 0, 0, 0, 0, 0, 0, 0, 0, 0, 0, 0, 1, 1, 2, 2, 0, 0, 2, 0, 0, 1, 1, 0, 2, 2, 0, 1, 0, 0, 0, 0, 0, 0, 0, 2, 0, 0, 0, 0, 0, 0, 0, 2, 2, 2, 3, 2, 0, 1, 1, 4, 2, 5, 1, 6, 2, 4, 2, 6, 67, 0, 0, 0, 0, 0, 0]",4,12.906379989020403,-1,0
239,"[0, 1, 0, 2, 0, 1, 0, 2, 0, 1, 0, 2, 0, 0, 0, 0, 0, 1, 0, 0, 2, 0, 0, 0, 0, 0, 0, 0, 0, 0, 0, 0, 1, 1, 2, 2, 0, 0, 2, 0, 0, 1, 1, 0, 2, 2, 0, 1, 0, 0, 0, 0, 0, 0, 0, 2, 0, 0, 0, 0, 0, 0, 0, 2, 2, 2, 3, 2, 0, 1, 1, 4, 2, 5, 1, 6, 2, 4, 2, 6, 68, 0, 0, 0, 0, 0, 0]",4,14.305826173731944,-1,1
240,"[0, 1, 0, 2, 0, 1, 0, 2, 0, 1, 0, 2, 0, 0, 0, 0, 0, 1, 0, 0, 2, 0, 0, 0, 0, 0, 0, 0, 0, 0, 0, 0, 1, 1, 2, 2, 0, 0, 2, 0, 0, 1, 1, 0, 2, 2, 0, 1, 0, 0, 0, 0, 0, 0, 0, 2, 0, 0, 0, 0, 0, 0, 0, 2, 2, 2, 3, 2, 0, 1, 1, 4, 2, 5, 1, 6, 2, 4, 2, 6, 68, 0, 1, 0, 0, 0, 0]",2,0.5989866741333068,-1,0
241,"[0, 1, 0, 2, 0, 1, 0, 2, 0, 1, 0, 2, 0, 0, 0, 0, 0, 1, 0, 0, 2, 0, 0, 0, 0, 0, 0, 0, 0, 0, 0, 0, 1, 1, 2, 2, 0, 0, 2, 0, 0, 1, 1, 0, 2, 2, 0, 1, 0, 0, 0, 0, 0, 0, 0, 2, 0, 0, 0, 0, 0, 0, 0, 2, 2, 2, 3, 2, 0, 1, 1, 4, 2, 5, 1, 6, 2, 4, 2, 6, 68, 0, 0, 0, 0, 0, 0]",-1,-0.02533084961827948,-1,0
242,"[0, 1, 0, 2, 0, 1, 0, 2, 0, 1, 0, 2, 0, 0, 0, 0, 0, 1, 0, 0, 2, 0, 0, 0, 0, 0, 0, 0, 0, 0, 0, 0, 1, 1, 2, 2, 0, 0, 2, 0, 0, 1, 1, 0, 2, 2, 0, 1, 0, 0, 0, 0, 0, 0, 0, 2, 0, 0, 0, 0, 0, 0, 0, 2, 2, 2, 3, 2, 0, 1, 1, 4, 2, 5, 1, 6, 2, 4, 2, 6, 68, 0, 0, 0, 0, 0, 0]",0,0.49396142096389006,-1,0
243,"[0, 1, 0, 2, 0, 1, 0, 2, 0, 1, 0, 2, 0, 0, 0, 0, 0, 1, 0, 0, 2, 0, 0, 0, 0, 0, 0, 0, 0, 0, 0, 0, 1, 1, 2, 2, 0, 0, 2, 0, 0, 1, 1, 0, 2, 2, 0, 1, 0, 0, 0, 0, 0, 0, 0, 2, 0, 0, 0, 0, 0, 0, 0, 2, 2, 2, 3, 2, 0, 1, 1, 4, 2, 5, 1, 6, 2, 4, 2, 6, 68, 0, 0, 0, 0, 0, 0]",-1,-0.02533084961827948,-1,0
244,"[0, 1, 0, 2, 0, 1, 0, 2, 0, 1, 0, 2, 0, 0, 0, 0, 0, 1, 0, 0, 2, 0, 0, 0, 0, 0, 0, 0, 0, 0, 0, 0, 1, 1, 2, 2, 0, 0, 2, 0, 0, 1, 1, 0, 2, 2, 0, 1, 0, 0, 0, 0, 0, 0, 0, 2, 0, 0, 0, 0, 0, 0, 0, 2, 2, 2, 3, 2, 0, 1, 1, 4, 2, 5, 1, 6, 2, 4, 2, 6, 68, 1, 0, 0, 0, 0, 0]",3,0.3989866741333068,-1,0
245,"[0, 1, 0, 2, 0, 1, 0, 2, 0, 1, 0, 2, 0, 0, 0, 0, 0, 1, 0, 0, 2, 0, 0, 0, 0, 0, 0, 0, 0, 0, 0, 0, 1, 1, 2, 2, 0, 0, 2, 0, 0, 1, 1, 0, 2, 2, 0, 1, 0, 0, 0, 0, 0, 0, 0, 2, 0, 0, 0, 0, 0, 0, 0, 2, 2, 2, 3, 2, 0, 1, 1, 4, 2, 5, 1, 6, 2, 4, 2, 6, 68, 0, 0, 0, 0, 0, 0]",-1,-0.02533084961827948,-1,0
246,"[0, 1, 0, 3, 0, 1, 0, 3, 0, 1, 0, 2, 0, 0, 0, 0, 0, 1, 0, 0, 2, 0, 0, 0, 0, 0, 0, 0, 0, 0, 0, 0, 1, 1, 2, 2, 0, 0, 2, 0, 0, 1, 1, 0, 2, 2, 0, 1, 0, 0, 0, 0, 0, 0, 0, 2, 0, 0, 0, 0, 0, 0, 0, 2, 2, 2, 3, 2, 0, 1, 1, 4, 2, 5, 1, 6, 2, 4, 2, 6, 69, 0, 0, 0, 0, 0, 0]",4,12.743081794064206,-1,0
247,"[0, 1, 0, 3, 0, 1, 0, 3, 0, 1, 0, 2, 0, 0, 0, 0, 0, 1, 0, 0, 2, 0, 0, 0, 0, 0, 0, 0, 0, 0, 0, 0, 1, 1, 2, 2, 0, 0, 2, 0, 0, 1, 1, 0, 2, 2, 0, 1, 0, 0, 0, 0, 0, 0, 0, 2, 0, 0, 0, 0, 0, 0, 0, 2, 2, 2, 3, 2, 0, 1, 1, 4, 2, 5, 1, 6, 2, 4, 2, 6, 69, 0, 1, 0, 0, 0, 0]",2,0.5989455375546102,-1,1
248,"[0, 1, 0, 3, 0, 1, 0, 3, 0, 1, 0, 2, 0, 0, 0, 0, 0, 1, 0, 0, 2, 0, 0, 0, 0, 0, 0, 0, 0, 0, 0, 0, 1, 1, 2, 2, 0, 0, 2, 0, 0, 1, 1, 0, 2, 2, 0, 1, 0, 0, 0, 0, 0, 0, 0, 2, 0, 0, 0, 0, 0, 0, 0, 2, 2, 2, 3, 2, 0, 1, 1, 4, 2, 5, 1, 6, 2, 4, 2, 6, 69, 0, 1, 0, 0, 1, 0]","[[0 1 0 0]
 [0 0 0 1]]",0.8493704026127011,-1,1
249,"[0, 1, 0, 3, 0, 1, 0, 3, 0, 1, 0, 2, 0, 0, 0, 0, 0, 1, 0, 0, 2, 0, 0, 0, 0, 0, 0, 0, 0, 0, 0, 0, 1, 1, 2, 2, 0, 0, 2, 0, 0, 1, 1, 0, 2, 2, 0, 1, 0, 0, 0, 0, 0, 0, 0, 2, 0, 0, 0, 0, 0, 0, 0, 2, 2, 2, 3, 2, 0, 1, 1, 4, 2, 5, 1, 6, 2, 4, 2, 6, 69, 0, 0, 0, 0, 0, 0]",1,-0.0010544624453897348,-1,0
250,"[0, 1, 0, 3, 0, 1, 0, 3, 0, 1, 0, 2, 0, 0, 0, 0, 0, 1, 0, 0, 2, 0, 0, 0, 0, 0, 0, 0, 0, 0, 0, 0, 1, 1, 2, 2, 0, 0, 2, 0, 0, 1, 1, 0, 2, 2, 0, 1, 0, 0, 0, 0, 0, 0, 0, 2, 0, 0, 0, 0, 0, 0, 0, 2, 2, 2, 3, 2, 0, 1, 1, 4, 2, 5, 1, 6, 2, 4, 2, 6, 70, 0, 0, 0, 0, 0, 0]",4,14.142534904399755,-1,1
251,"[0, 1, 0, 3, 0, 1, 0, 3, 0, 1, 0, 2, 0, 0, 0, 0, 0, 1, 0, 0, 2, 0, 0, 0, 0, 0, 0, 0, 0, 0, 0, 0, 1, 1, 2, 2, 0, 0, 2, 0, 0, 1, 1, 0, 2, 2, 0, 1, 0, 0, 0, 0, 0, 0, 0, 2, 0, 0, 0, 0, 0, 0, 0, 2, 2, 2, 3, 2, 0, 1, 1, 4, 2, 5, 1, 6, 2, 4, 2, 6, 70, 0, 1, 0, 0, 0, 0]",2,0.5989027402201099,-1,0
252,"[0, 1, 0, 3, 0, 1, 0, 3, 0, 1, 0, 2, 0, 0, 0, 0, 0, 1, 0, 0, 2, 0, 0, 0, 0, 0, 0, 0, 0, 0, 0, 0, 1, 1, 2, 2, 0, 0, 2, 0, 0, 1, 1, 0, 2, 2, 0, 1, 0, 0, 0, 0, 0, 0, 0, 2, 0, 0, 0, 0, 0, 0, 0, 2, 2, 2, 3, 2, 0, 1, 1, 4, 2, 5, 1, 6, 2, 4, 2, 6, 70, 0, 0, 0, 0, 0, 0]",-1,-0.024829265189570474,-1,0
253,"[0, 1, 0, 3, 0, 1, 0, 3, 0, 1, 0, 2, 0, 0, 0, 0, 0, 1, 0, 0, 2, 0, 0, 0, 0, 0, 0, 0, 0, 0, 0, 0, 1, 1, 2, 2, 0, 0, 2, 0, 0, 1, 1, 0, 2, 2, 0, 1, 0, 0, 0, 0, 0, 0, 0, 2, 0, 0, 0, 0, 0, 0, 0, 2, 2, 2, 3, 2, 0, 1, 1, 4, 2, 5, 1, 6, 2, 4, 2, 6, 70, 1, 0, 0, 0, 0, 0]",3,0.39890274022010996,-1,0
254,"[0, 1, 0, 3, 0, 1, 0, 3, 0, 1, 0, 2, 0, 0, 0, 0, 0, 1, 0, 0, 2, 0, 0, 0, 0, 0, 0, 0, 0, 0, 0, 0, 1, 1, 2, 2, 0, 0, 2, 0, 0, 1, 1, 0, 2, 2, 0, 1, 0, 0, 0, 0, 0, 0, 0, 2, 0, 0, 0, 0, 0, 0, 0, 2, 2, 2, 3, 2, 0, 1, 1, 4, 2, 5, 1, 6, 2, 4, 2, 6, 70, 0, 0, 0, 0, 0, 0]",-1,-0.024829265189570474,-1,0
255,"[0, 1, 0, 3, 0, 1, 0, 3, 0, 1, 0, 2, 0, 0, 0, 0, 0, 1, 0, 0, 2, 0, 0, 0, 0, 0, 0, 0, 0, 0, 0, 0, 1, 1, 2, 2, 0, 0, 2, 0, 0, 1, 1, 0, 2, 2, 0, 1, 0, 0, 0, 0, 0, 0, 0, 2, 0, 0, 0, 0, 0, 0, 0, 2, 2, 2, 3, 2, 0, 1, 1, 4, 2, 5, 1, 6, 2, 4, 2, 6, 70, 1, 0, 0, 0, 0, 0]",3,0.39890274022010996,-1,0
256,"[0, 1, 0, 3, 0, 1, 0, 3, 0, 1, 0, 2, 0, 0, 0, 0, 0, 1, 0, 0, 2, 0, 0, 0, 0, 0, 0, 0, 0, 0, 0, 0, 1, 1, 2, 2, 0, 0, 2, 0, 0, 1, 1, 0, 2, 2, 0, 1, 0, 0, 0, 0, 0, 0, 0, 2, 0, 0, 0, 0, 0, 0, 0, 2, 2, 2, 3, 2, 0, 1, 1, 4, 2, 5, 1, 6, 2, 4, 2, 6, 70, 0, 0, 0, 0, 0, 0]",-1,-0.024829265189570474,-1,0
257,"[0, 1, 0, 3, 0, 1, 0, 3, 0, 1, 0, 2, 0, 0, 0, 0, 0, 1, 0, 0, 2, 0, 0, 0, 0, 0, 0, 0, 0, 0, 0, 0, 1, 1, 2, 2, 0, 0, 2, 0, 0, 1, 1, 0, 2, 2, 0, 1, 0, 0, 0, 0, 0, 0, 0, 2, 0, 0, 0, 0, 0, 0, 0, 2, 2, 2, 3, 2, 0, 1, 1, 4, 2, 5, 1, 6, 2, 4, 2, 6, 70, 1, 0, 0, 0, 0, 0]",3,0.39890274022010996,-1,0
258,"[0, 1, 0, 3, 0, 1, 0, 3, 0, 1, 0, 2, 0, 0, 0, 0, 0, 1, 0, 0, 2, 0, 0, 0, 0, 0, 0, 0, 0, 0, 0, 0, 1, 1, 2, 2, 0, 0, 2, 0, 0, 1, 1, 0, 2, 2, 0, 1, 0, 0, 0, 0, 0, 0, 0, 2, 0, 0, 0, 0, 0, 0, 0, 2, 2, 2, 3, 2, 0, 1, 1, 4, 2, 5, 1, 6, 2, 4, 2, 6, 70, 0, 0, 0, 0, 0, 0]",-1,-0.024829265189570474,-1,0
259,"[0, 1, 0, 1, 0, 1, 0, 1, 0, 1, 0, 2, 0, 0, 0, 0, 0, 1, 0, 0, 2, 0, 0, 0, 0, 0, 0, 0, 0, 0, 0, 0, 1, 1, 2, 2, 0, 0, 2, 0, 0, 1, 1, 0, 2, 2, 0, 1, 0, 0, 0, 0, 0, 0, 0, 2, 0, 0, 0, 0, 0, 0, 0, 2, 2, 2, 3, 2, 0, 1, 1, 4, 2, 5, 1, 6, 2, 4, 2, 2, 71, 0, 0, 0, 0, 0, 0]",4,13.107979917517513,-1,0
260,"[0, 1, 0, 1, 0, 1, 0, 1, 0, 1, 0, 2, 0, 0, 0, 0, 0, 1, 0, 0, 2, 0, 0, 0, 0, 0, 0, 0, 0, 0, 0, 0, 1, 1, 2, 2, 0, 0, 2, 0, 0, 1, 1, 0, 2, 2, 0, 1, 0, 0, 0, 0, 0, 0, 0, 2, 0, 0, 0, 0, 0, 0, 0, 2, 2, 2, 3, 2, 0, 1, 1, 4, 2, 5, 1, 6, 2, 4, 2, 6, 72, 0, 0, 0, 0, 0, 0]",4,14.507439486600205,-1,1
261,"[0, 1, 0, 1, 0, 1, 0, 1, 0, 1, 0, 2, 0, 0, 0, 0, 0, 1, 0, 0, 2, 0, 0, 0, 0, 0, 0, 0, 0, 0, 0, 0, 1, 1, 2, 2, 0, 0, 2, 0, 0, 1, 1, 0, 2, 2, 0, 1, 0, 0, 0, 0, 0, 0, 0, 2, 0, 0, 0, 0, 0, 0, 0, 2, 2, 2, 3, 2, 0, 1, 1, 4, 2, 5, 1, 6, 2, 4, 2, 6, 72, 0, 1, 0, 0, 0, 0]",2,0.5988118955603319,-1,0
262,"[0, 1, 0, 1, 0, 1, 0, 1, 0, 1, 0, 2, 0, 0, 0, 0, 0, 1, 0, 0, 2, 0, 0, 0, 0, 0, 0, 0, 0, 0, 0, 0, 1, 1, 2, 2, 0, 0, 2, 0, 0, 1, 1, 0, 2, 2, 0, 1, 0, 0, 0, 0, 0, 0, 0, 2, 0, 0, 0, 0, 0, 0, 0, 2, 2, 2, 3, 2, 0, 1, 1, 4, 2, 5, 1, 6, 2, 4, 2, 6, 72, 0, 0, 0, 0, 0, 0]",-1,-0.024337612797998585,-1,0
263,"[0, 1, 0, 1, 0, 1, 0, 1, 0, 1, 0, 2, 0, 0, 0, 0, 0, 1, 0, 0, 2, 0, 0, 0, 0, 0, 0, 0, 0, 0, 0, 0, 1, 1, 2, 2, 0, 0, 2, 0, 0, 1, 1, 0, 2, 2, 0, 1, 0, 0, 0, 0, 0, 0, 0, 2, 0, 0, 0, 0, 0, 0, 0, 2, 2, 2, 3, 2, 0, 1, 1, 4, 2, 5, 1, 6, 2, 4, 2, 6, 72, 1, 0, 0, 0, 0, 0]",3,0.398811895560332,-1,0
264,"[0, 1, 0, 1, 0, 1, 0, 1, 0, 1, 0, 2, 0, 0, 0, 0, 0, 1, 0, 0, 2, 0, 0, 0, 0, 0, 0, 0, 0, 0, 0, 0, 1, 1, 2, 2, 0, 0, 2, 0, 0, 1, 1, 0, 2, 2, 0, 1, 0, 0, 0, 0, 0, 0, 0, 2, 0, 0, 0, 0, 0, 0, 0, 2, 2, 2, 3, 2, 0, 1, 1, 4, 2, 5, 1, 6, 2, 4, 2, 6, 72, 0, 0, 0, 0, 0, 0]",-1,-0.024337612797998585,-1,0
265,"[0, 1, 0, 1, 0, 1, 0, 1, 0, 1, 0, 2, 0, 0, 0, 0, 0, 1, 0, 0, 2, 0, 0, 0, 0, 0, 0, 0, 0, 0, 0, 0, 1, 1, 2, 2, 0, 0, 2, 0, 0, 1, 1, 0, 2, 2, 0, 1, 0, 0, 0, 0, 0, 0, 0, 2, 0, 0, 0, 0, 0, 0, 0, 2, 2, 2, 3, 2, 0, 1, 1, 4, 2, 5, 1, 6, 2, 4, 2, 6, 72, 0, 1, 0, 0, 0, 0]",2,0.5988118955603319,-1,0
266,"[0, 1, 0, 1, 0, 1, 0, 1, 0, 1, 0, 2, 0, 0, 0, 0, 0, 1, 0, 0, 2, 0, 0, 0, 0, 0, 0, 0, 0, 0, 0, 0, 1, 1, 2, 2, 0, 0, 2, 0, 0, 1, 1, 0, 2, 2, 0, 1, 0, 0, 0, 0, 0, 0, 0, 2, 0, 0, 0, 0, 0, 0, 0, 2, 2, 2, 3, 2, 0, 1, 1, 4, 2, 5, 1, 6, 2, 4, 2, 6, 72, 0, 0, 0, 0, 0, 0]",-1,-0.024337612797998585,-1,0
267,"[0, 1, 0, 1, 0, 1, 0, 1, 0, 1, 0, 2, 0, 0, 0, 0, 0, 1, 0, 0, 2, 0, 0, 0, 0, 0, 0, 0, 0, 0, 0, 0, 1, 1, 2, 2, 0, 0, 2, 0, 0, 1, 1, 0, 2, 2, 0, 1, 0, 0, 0, 0, 0, 0, 0, 2, 0, 0, 0, 0, 0, 0, 0, 2, 2, 2, 3, 2, 0, 1, 1, 4, 2, 5, 1, 6, 2, 4, 2, 6, 72, 1, 0, 0, 0, 0, 0]",3,0.398811895560332,-1,0
268,"[0, 1, 0, 1, 0, 1, 0, 1, 0, 1, 0, 2, 0, 0, 0, 0, 0, 1, 0, 0, 2, 0, 0, 0, 0, 0, 0, 0, 0, 0, 0, 0, 1, 1, 2, 2, 0, 0, 2, 0, 0, 1, 1, 0, 2, 2, 0, 1, 0, 0, 0, 0, 0, 0, 0, 2, 0, 0, 0, 0, 0, 0, 0, 2, 2, 2, 3, 2, 0, 1, 1, 4, 2, 5, 1, 6, 2, 4, 2, 6, 72, 0, 0, 0, 0, 0, 0]",-1,-0.024337612797998585,-1,0
269,"[0, 2, 0, 1, 0, 2, 0, 1, 0, 1, 0, 2, 0, 0, 0, 0, 0, 1, 0, 0, 2, 0, 0, 0, 0, 0, 0, 0, 0, 0, 0, 0, 1, 1, 2, 2, 0, 0, 2, 0, 0, 1, 1, 0, 2, 2, 0, 1, 0, 0, 0, 0, 0, 0, 0, 2, 0, 0, 0, 0, 0, 0, 0, 2, 2, 2, 3, 2, 0, 1, 1, 4, 2, 5, 1, 6, 2, 4, 2, 6, 73, 0, 0, 0, 0, 0, 0]",4,12.903107575237657,-1,0
270,"[0, 2, 0, 1, 0, 2, 0, 1, 0, 1, 0, 2, 0, 0, 0, 0, 0, 1, 0, 0, 2, 0, 0, 0, 0, 0, 0, 0, 0, 0, 0, 0, 1, 1, 2, 2, 0, 0, 2, 0, 0, 1, 1, 0, 2, 2, 0, 1, 0, 0, 0, 0, 0, 0, 0, 2, 0, 0, 0, 0, 0, 0, 0, 2, 2, 2, 3, 2, 0, 1, 1, 4, 2, 5, 1, 6, 2, 4, 2, 6, 74, 0, 0, 0, 0, 0, 0]",4,14.30257311913562,-1,1
271,"[0, 2, 0, 1, 0, 2, 0, 1, 0, 1, 0, 2, 0, 0, 0, 0, 0, 1, 0, 0, 2, 0, 0, 0, 0, 0, 0, 0, 0, 0, 0, 0, 1, 1, 2, 2, 0, 0, 2, 0, 0, 1, 1, 0, 2, 2, 0, 1, 0, 0, 0, 0, 0, 0, 0, 2, 0, 0, 0, 0, 0, 0, 0, 2, 2, 2, 3, 2, 0, 1, 1, 4, 2, 5, 1, 6, 2, 4, 2, 6, 74, 0, 1, 0, 0, 0, 0]",2,0.5987135783066162,-1,0
272,"[0, 2, 0, 1, 0, 2, 0, 1, 0, 1, 0, 2, 0, 0, 0, 0, 0, 1, 0, 0, 2, 0, 0, 0, 0, 0, 0, 0, 0, 0, 0, 0, 1, 1, 2, 2, 0, 0, 2, 0, 0, 1, 1, 0, 2, 2, 0, 1, 0, 0, 0, 0, 0, 0, 0, 2, 0, 0, 0, 0, 0, 0, 0, 2, 2, 2, 3, 2, 0, 1, 1, 4, 2, 5, 1, 6, 2, 4, 2, 6, 74, 0, 0, 0, 0, 0, 0]",-1,-0.02385569577605172,-1,0
273,"[0, 2, 0, 1, 0, 2, 0, 1, 0, 1, 0, 2, 0, 0, 0, 0, 0, 1, 0, 0, 2, 0, 0, 0, 0, 0, 0, 0, 0, 0, 0, 0, 1, 1, 2, 2, 0, 0, 2, 0, 0, 1, 1, 0, 2, 2, 0, 1, 0, 0, 0, 0, 0, 0, 0, 2, 0, 0, 0, 0, 0, 0, 0, 2, 2, 2, 3, 2, 0, 1, 1, 4, 2, 5, 1, 6, 2, 4, 2, 6, 74, 1, 0, 0, 0, 0, 0]",3,0.3987135783066163,-1,0
274,"[0, 2, 0, 1, 0, 2, 0, 1, 0, 1, 0, 2, 0, 0, 0, 0, 0, 1, 0, 0, 2, 0, 0, 0, 0, 0, 0, 0, 0, 0, 0, 0, 1, 1, 2, 2, 0, 0, 2, 0, 0, 1, 1, 0, 2, 2, 0, 1, 0, 0, 0, 0, 0, 0, 0, 2, 0, 0, 0, 0, 0, 0, 0, 2, 2, 2, 3, 2, 0, 1, 1, 4, 2, 5, 1, 6, 2, 4, 2, 6, 74, 0, 0, 0, 0, 0, 0]",-1,-0.02385569577605172,-1,0
275,"[0, 1, 0, 1, 0, 1, 0, 1, 0, 1, 0, 2, 0, 0, 0, 0, 0, 1, 0, 0, 2, 0, 0, 0, 0, 0, 0, 0, 0, 0, 0, 0, 1, 1, 2, 2, 0, 0, 2, 0, 0, 1, 1, 0, 2, 2, 0, 1, 0, 0, 0, 0, 0, 0, 0, 2, 0, 0, 0, 0, 0, 0, 0, 2, 2, 2, 3, 2, 0, 1, 1, 4, 2, 5, 1, 6, 2, 4, 2, 2, 75, 0, 0, 0, 0, 0, 0]",4,13.105835992661024,-1,0
276,"[0, 1, 0, 1, 0, 1, 0, 1, 0, 1, 0, 2, 0, 0, 0, 0, 0, 1, 0, 0, 2, 0, 0, 0, 0, 0, 0, 0, 0, 0, 0, 0, 1, 1, 2, 2, 0, 0, 2, 0, 0, 1, 1, 0, 2, 2, 0, 1, 0, 0, 0, 0, 0, 0, 0, 2, 0, 0, 0, 0, 0, 0, 0, 2, 2, 2, 3, 2, 0, 1, 1, 4, 2, 5, 1, 6, 2, 4, 2, 2, 75, 0, 1, 0, 0, 0, 0]",2,0.598661429815143,-1,1
277,"[0, 1, 0, 1, 0, 1, 0, 1, 0, 1, 0, 2, 0, 0, 0, 0, 0, 1, 0, 0, 2, 0, 0, 0, 0, 0, 0, 0, 0, 0, 0, 0, 1, 1, 2, 2, 0, 0, 2, 0, 0, 1, 1, 0, 2, 2, 0, 1, 0, 0, 0, 0, 0, 0, 0, 2, 0, 0, 0, 0, 0, 0, 0, 2, 2, 2, 3, 2, 0, 1, 1, 4, 2, 5, 1, 6, 2, 4, 2, 2, 75, 0, 1, 0, 0, 1, 0]","[[0 1 0 0]
 [0 0 0 1]]",0.849086294873234,-1,1
278,"[0, 1, 0, 1, 0, 1, 0, 1, 0, 1, 0, 2, 0, 0, 0, 0, 0, 1, 0, 0, 2, 0, 0, 0, 0, 0, 0, 0, 0, 0, 0, 0, 1, 1, 2, 2, 0, 0, 2, 0, 0, 1, 1, 0, 2, 2, 0, 1, 0, 0, 0, 0, 0, 0, 0, 2, 0, 0, 0, 0, 0, 0, 0, 2, 2, 2, 3, 2, 0, 1, 1, 4, 2, 5, 1, 6, 2, 4, 2, 2, 75, 0, 0, 0, 0, 0, 0]",1,-0.0013385701848569712,-1,0
279,"[0, 1, 0, 2, 0, 1, 0, 2, 0, 1, 0, 2, 0, 0, 0, 0, 0, 1, 0, 0, 2, 0, 0, 0, 0, 0, 0, 0, 0, 0, 0, 0, 1, 1, 2, 2, 0, 0, 2, 0, 0, 1, 1, 0, 2, 2, 0, 1, 0, 0, 0, 0, 0, 0, 0, 2, 0, 0, 0, 0, 0, 0, 0, 2, 2, 2, 3, 2, 0, 1, 1, 4, 2, 5, 1, 6, 2, 4, 2, 2, 76, 0, 0, 0, 0, 0, 0]",4,14.301512479258532,-1,1
280,"[0, 1, 0, 2, 0, 1, 0, 2, 0, 1, 0, 2, 0, 0, 0, 0, 0, 1, 0, 0, 2, 0, 0, 0, 0, 0, 0, 0, 0, 0, 0, 0, 1, 1, 2, 2, 0, 0, 2, 0, 0, 1, 1, 0, 2, 2, 0, 1, 0, 0, 0, 0, 0, 0, 0, 2, 0, 0, 0, 0, 0, 0, 0, 2, 2, 2, 3, 2, 0, 1, 1, 4, 2, 5, 1, 6, 2, 4, 2, 2, 76, 0, 1, 0, 0, 0, 0]",2,0.5986071821644475,-1,0
281,"[0, 1, 0, 2, 0, 1, 0, 2, 0, 1, 0, 2, 0, 0, 0, 0, 0, 1, 0, 0, 2, 0, 0, 0, 0, 0, 0, 0, 0, 0, 0, 0, 1, 1, 2, 2, 0, 0, 2, 0, 0, 1, 1, 0, 2, 2, 0, 1, 0, 0, 0, 0, 0, 0, 0, 2, 0, 0, 0, 0, 0, 0, 0, 2, 2, 2, 3, 2, 0, 1, 1, 4, 2, 5, 1, 6, 2, 4, 2, 2, 76, 0, 0, 0, 0, 0, 0]",-1,-0.023383321350495465,-1,0
282,"[0, 1, 0, 2, 0, 1, 0, 2, 0, 1, 0, 2, 0, 0, 0, 0, 0, 1, 0, 0, 2, 0, 0, 0, 0, 0, 0, 0, 0, 0, 0, 0, 1, 1, 2, 2, 0, 0, 2, 0, 0, 1, 1, 0, 2, 2, 0, 1, 0, 0, 0, 0, 0, 0, 0, 2, 0, 0, 0, 0, 0, 0, 0, 2, 2, 2, 3, 2, 0, 1, 1, 4, 2, 5, 1, 6, 2, 4, 2, 2, 77, 0, 0, 0, 0, 0, 0]",4,12.900986036601807,-1,0
283,"[0, 1, 0, 2, 0, 1, 0, 2, 0, 1, 0, 2, 0, 0, 0, 0, 0, 1, 0, 0, 2, 0, 0, 0, 0, 0, 0, 0, 0, 0, 0, 0, 1, 1, 2, 2, 0, 0, 2, 0, 0, 1, 1, 0, 2, 2, 0, 1, 0, 0, 0, 0, 0, 0, 0, 2, 0, 0, 0, 0, 0, 0, 0, 2, 2, 2, 3, 2, 0, 1, 1, 4, 2, 5, 1, 6, 2, 4, 2, 2, 78, 0, 0, 0, 0, 0, 0]",4,14.300462001739431,-1,1
284,"[0, 1, 0, 2, 0, 1, 0, 2, 0, 1, 0, 2, 0, 0, 0, 0, 0, 1, 0, 0, 2, 0, 0, 0, 0, 0, 0, 0, 0, 0, 0, 0, 1, 1, 2, 2, 0, 0, 2, 0, 0, 1, 1, 0, 2, 2, 0, 1, 0, 0, 0, 0, 0, 0, 0, 2, 0, 0, 0, 0, 0, 0, 0, 2, 2, 2, 3, 2, 0, 1, 1, 4, 2, 5, 1, 6, 2, 4, 2, 2, 78, 1, 0, 0, 0, 0, 0]",3,0.39849205308832536,-1,0
285,"[0, 1, 0, 2, 0, 1, 0, 2, 0, 1, 0, 2, 0, 0, 0, 0, 0, 1, 0, 0, 2, 0, 0, 0, 0, 0, 0, 0, 0, 0, 0, 0, 1, 1, 2, 2, 0, 0, 2, 0, 0, 1, 1, 0, 2, 2, 0, 1, 0, 0, 0, 0, 0, 0, 0, 2, 0, 0, 0, 0, 0, 0, 0, 2, 2, 2, 3, 2, 0, 1, 1, 4, 2, 5, 1, 6, 2, 4, 2, 2, 78, 0, 0, 0, 0, 0, 0]",-1,-0.022920300565261176,-1,0
286,"[0, 1, 0, 2, 0, 1, 0, 2, 0, 1, 0, 2, 0, 0, 0, 0, 0, 1, 0, 0, 2, 0, 0, 0, 0, 0, 0, 0, 0, 0, 0, 0, 1, 1, 2, 2, 0, 0, 2, 0, 0, 1, 1, 0, 2, 2, 0, 1, 0, 0, 0, 0, 0, 0, 0, 2, 0, 0, 0, 0, 0, 0, 0, 2, 2, 2, 3, 2, 0, 1, 1, 4, 2, 5, 1, 6, 2, 4, 2, 2, 78, 1, 0, 0, 0, 0, 0]",3,0.39849205308832536,-1,0
287,"[0, 1, 0, 2, 0, 1, 0, 2, 0, 1, 0, 2, 0, 0, 0, 0, 0, 1, 0, 0, 2, 0, 0, 0, 0, 0, 0, 0, 0, 0, 0, 0, 1, 1, 2, 2, 0, 0, 2, 0, 0, 1, 1, 0, 2, 2, 0, 1, 0, 0, 0, 0, 0, 0, 0, 2, 0, 0, 0, 0, 0, 0, 0, 2, 2, 2, 3, 2, 0, 1, 1, 4, 2, 5, 1, 6, 2, 4, 2, 2, 78, 0, 0, 0, 0, 0, 0]",-1,-0.022920300565261176,-1,0
288,"[0, 2, 0, 2, 0, 2, 0, 2, 0, 1, 0, 2, 0, 0, 0, 0, 0, 1, 0, 0, 2, 0, 0, 0, 0, 0, 0, 0, 0, 0, 0, 0, 1, 1, 2, 2, 0, 0, 2, 0, 0, 1, 1, 0, 2, 2, 0, 1, 0, 0, 0, 0, 0, 0, 0, 2, 0, 0, 0, 0, 0, 0, 0, 2, 2, 2, 3, 2, 0, 1, 1, 4, 2, 5, 1, 6, 2, 4, 2, 2, 79, 0, 0, 0, 0, 0, 0]",4,12.86033426546561,-1,0
289,"[0, 2, 0, 2, 1, 2, 0, 2, 0, 1, 0, 2, 0, 0, 0, 0, 0, 1, 0, 0, 2, 0, 0, 0, 0, 0, 0, 0, 0, 0, 0, 0, 1, 1, 2, 2, 0, 0, 2, 0, 0, 1, 1, 0, 2, 2, 0, 1, 0, 0, 0, 0, 0, 0, 0, 2, 0, 0, 0, 0, 0, 0, 0, 2, 2, 2, 3, 2, 0, 1, 1, 4, 2, 5, 1, 6, 2, 4, 2, 2, 80, 0, 0, 0, 0, 0, 0]",4,14.51619346923232,-1,1
290,"[0, 3, 0, 2, 1, 3, 0, 2, 0, 1, 0, 2, 0, 0, 0, 0, 0, 1, 0, 0, 2, 0, 0, 0, 0, 0, 0, 0, 0, 0, 0, 0, 1, 1, 2, 2, 0, 0, 2, 0, 0, 1, 1, 0, 2, 2, 0, 1, 0, 0, 0, 0, 0, 0, 0, 2, 0, 0, 0, 0, 0, 0, 0, 2, 2, 2, 3, 2, 0, 1, 1, 4, 2, 5, 1, 6, 2, 4, 2, 2, 81, 0, 0, 0, 0, 0, 0]",4,12.774152281241058,-1,0
291,"[0, 3, 0, 2, 1, 3, 0, 2, 0, 1, 0, 2, 0, 0, 0, 0, 0, 1, 0, 0, 2, 0, 0, 0, 0, 0, 0, 0, 0, 0, 0, 0, 1, 1, 2, 2, 0, 0, 2, 0, 0, 1, 1, 0, 2, 2, 0, 1, 0, 0, 0, 0, 0, 0, 0, 2, 0, 0, 0, 0, 0, 0, 0, 2, 2, 2, 3, 2, 0, 1, 1, 4, 2, 5, 1, 6, 2, 4, 2, 2, 81, 0, 1, 0, 0, 0, 0]",2,0.5983014274296711,-1,1
292,"[0, 3, 0, 2, 1, 3, 0, 2, 0, 1, 0, 2, 0, 0, 0, 0, 0, 1, 0, 0, 2, 0, 0, 0, 0, 0, 0, 0, 0, 0, 0, 0, 1, 1, 2, 2, 0, 0, 2, 0, 0, 1, 1, 0, 2, 2, 0, 1, 0, 0, 0, 0, 0, 0, 0, 2, 0, 0, 0, 0, 0, 0, 0, 2, 2, 2, 3, 2, 0, 1, 1, 4, 2, 5, 1, 6, 2, 4, 2, 2, 81, 0, 1, 0, 0, 1, 0]","[[1 0 0 0]
 [0 1 0 0]]",0.848726292487762,-1,1
293,"[1, 2, 0, 2, 0, 4, 0, 2, 0, 1, 0, 2, 0, 0, 0, 0, 0, 1, 0, 0, 2, 0, 0, 0, 0, 0, 0, 0, 0, 0, 0, 0, 1, 1, 2, 2, 0, 0, 2, 0, 0, 1, 1, 0, 2, 2, 0, 1, 0, 0, 0, 0, 0, 0, 0, 2, 0, 0, 0, 0, 0, 0, 0, 2, 2, 2, 3, 2, 0, 1, 1, 4, 2, 5, 1, 6, 2, 4, 2, 2, 81, 0, 0, 0, 0, 0, 0]",0,-0.0016985725703288707,-1,0
294,"[1, 2, 0, 3, 0, 4, 0, 3, 0, 1, 0, 2, 0, 0, 0, 0, 0, 1, 0, 0, 2, 0, 0, 0, 0, 0, 0, 0, 0, 0, 0, 0, 1, 1, 2, 2, 0, 0, 2, 0, 0, 1, 1, 0, 2, 2, 0, 1, 0, 0, 0, 0, 0, 0, 0, 2, 0, 0, 0, 0, 0, 0, 0, 2, 2, 2, 3, 2, 0, 1, 1, 4, 2, 5, 1, 6, 2, 4, 2, 2, 82, 0, 0, 0, 0, 0, 0]",4,14.112331839180927,-1,1
295,"[1, 2, 0, 3, 0, 4, 0, 3, 0, 1, 0, 2, 0, 0, 0, 0, 0, 1, 0, 0, 2, 0, 0, 0, 0, 0, 0, 0, 0, 0, 0, 0, 1, 1, 2, 2, 0, 0, 2, 0, 0, 1, 1, 0, 2, 2, 0, 1, 0, 0, 0, 0, 0, 0, 0, 2, 0, 0, 0, 0, 0, 0, 0, 2, 2, 2, 3, 2, 0, 1, 1, 4, 2, 5, 1, 6, 2, 4, 2, 2, 82, 0, 0, 0, 0, 0, 0]",0,0.4932074667384617,-1,0
296,"[1, 2, 0, 3, 0, 4, 0, 3, 0, 1, 0, 2, 0, 0, 0, 0, 0, 1, 0, 0, 2, 0, 0, 0, 0, 0, 0, 0, 0, 0, 0, 0, 1, 1, 2, 2, 0, 0, 2, 0, 0, 1, 1, 0, 2, 2, 0, 1, 0, 0, 0, 0, 0, 0, 0, 2, 0, 0, 0, 0, 0, 0, 0, 2, 2, 2, 3, 2, 0, 1, 1, 4, 2, 5, 1, 6, 2, 4, 2, 2, 82, 0, 0, 0, 0, 0, 0]",-1,-0.022021582725299964,-1,0
297,"[1, 3, 0, 3, 0, 5, 0, 3, 0, 1, 0, 2, 0, 0, 0, 0, 0, 1, 0, 0, 2, 0, 0, 0, 0, 0, 0, 0, 0, 0, 0, 0, 1, 1, 2, 2, 0, 0, 2, 0, 0, 1, 1, 0, 2, 2, 0, 1, 0, 0, 0, 0, 0, 0, 0, 2, 0, 0, 0, 0, 0, 0, 0, 2, 2, 2, 3, 2, 0, 1, 1, 4, 2, 5, 1, 6, 2, 4, 2, 2, 83, 0, 0, 0, 0, 0, 0]",4,14.068722660828508,-1,1
298,"[1, 3, 0, 3, 0, 5, 0, 3, 0, 1, 0, 2, 0, 0, 0, 0, 0, 1, 0, 0, 2, 0, 0, 0, 0, 0, 0, 0, 0, 0, 0, 0, 1, 1, 2, 2, 0, 0, 2, 0, 0, 1, 1, 0, 2, 2, 0, 1, 0, 0, 0, 0, 0, 0, 0, 2, 0, 0, 0, 0, 0, 0, 0, 2, 2, 2, 3, 2, 0, 1, 1, 4, 2, 5, 1, 6, 2, 4, 2, 2, 83, 0, 0, 0, 0, 0, 0]",0,0.4931360057571257,-1,0
299,"[1, 3, 0, 3, 0, 5, 0, 3, 0, 1, 0, 2, 0, 0, 0, 0, 0, 1, 0, 0, 2, 0, 0, 0, 0, 0, 0, 0, 0, 0, 0, 0, 1, 1, 2, 2, 0, 0, 2, 0, 0, 1, 1, 0, 2, 2, 0, 1, 0, 0, 0, 0, 0, 0, 0, 2, 0, 0, 0, 0, 0, 0, 0, 2, 2, 2, 3, 2, 0, 1, 1, 4, 2, 5, 1, 6, 2, 4, 2, 2, 83, 0, 0, 0, 0, 0, 0]",-1,-0.02180246431607678,-1,0
300,"[1, 3, 0, 3, 0, 5, 0, 3, 0, 1, 0, 2, 0, 0, 0, 0, 0, 1, 0, 0, 2, 0, 0, 0, 0, 0, 0, 0, 0, 0, 0, 0, 1, 1, 2, 2, 0, 0, 2, 0, 0, 1, 1, 0, 2, 2, 0, 1, 0, 0, 0, 0, 0, 0, 0, 2, 0, 0, 0, 0, 0, 0, 0, 2, 2, 2, 3, 2, 0, 1, 1, 4, 2, 5, 1, 6, 2, 4, 2, 2, 83, 0, 0, 0, 0, 0, 0]",0,0.4931360057571257,-1,0
301,"[1, 3, 0, 3, 0, 5, 0, 3, 0, 1, 0, 2, 0, 0, 0, 0, 0, 1, 0, 0, 2, 0, 0, 0, 0, 0, 0, 0, 0, 0, 0, 0, 1, 1, 2, 2, 0, 0, 2, 0, 0, 1, 1, 0, 2, 2, 0, 1, 0, 0, 0, 0, 0, 0, 0, 2, 0, 0, 0, 0, 0, 0, 0, 2, 2, 2, 3, 2, 0, 1, 1, 4, 2, 5, 1, 6, 2, 4, 2, 2, 83, 0, 0, 0, 0, 0, 0]",-1,-0.02180246431607678,-1,0
302,"[1, 3, 0, 3, 0, 5, 0, 3, 0, 1, 0, 2, 0, 0, 0, 0, 0, 1, 0, 0, 2, 0, 0, 0, 0, 0, 0, 0, 0, 0, 0, 0, 1, 1, 2, 2, 0, 0, 2, 0, 0, 1, 1, 0, 2, 2, 0, 1, 0, 0, 0, 0, 0, 0, 0, 2, 0, 0, 0, 0, 0, 0, 0, 2, 2, 2, 3, 2, 0, 1, 1, 4, 2, 5, 1, 6, 2, 4, 2, 2, 83, 0, 0, 0, 0, 0, 0]",0,0.4931360057571257,-1,0
303,"[1, 3, 0, 3, 0, 5, 0, 3, 0, 1, 0, 2, 0, 0, 0, 0, 0, 1, 0, 0, 2, 0, 0, 0, 0, 0, 0, 0, 0, 0, 0, 0, 1, 1, 2, 2, 0, 0, 2, 0, 0, 1, 1, 0, 2, 2, 0, 1, 0, 0, 0, 0, 0, 0, 0, 2, 0, 0, 0, 0, 0, 0, 0, 2, 2, 2, 3, 2, 0, 1, 1, 4, 2, 5, 1, 6, 2, 4, 2, 2, 83, 0, 0, 0, 0, 0, 0]",-1,-0.02180246431607678,-1,0
304,"[1, 3, 0, 3, 0, 5, 0, 3, 0, 1, 0, 2, 0, 0, 0, 0, 0, 1, 0, 0, 2, 0, 0, 0, 0, 0, 0, 0, 0, 0, 0, 0, 1, 1, 2, 2, 0, 0, 2, 0, 0, 1, 1, 0, 2, 2, 0, 1, 0, 0, 0, 0, 0, 0, 0, 2, 0, 0, 0, 0, 0, 0, 0, 2, 2, 2, 3, 2, 0, 1, 1, 4, 2, 5, 1, 6, 2, 4, 2, 2, 83, 0, 0, 0, 0, 0, 0]",0,0.4931360057571257,-1,0
305,"[1, 3, 0, 3, 0, 5, 0, 3, 0, 1, 0, 2, 0, 0, 0, 0, 0, 1, 0, 0, 2, 0, 0, 0, 0, 0, 0, 0, 0, 0, 0, 0, 1, 1, 2, 2, 0, 0, 2, 0, 0, 1, 1, 0, 2, 2, 0, 1, 0, 0, 0, 0, 0, 0, 0, 2, 0, 0, 0, 0, 0, 0, 0, 2, 2, 2, 3, 2, 0, 1, 1, 4, 2, 5, 1, 6, 2, 4, 2, 2, 83, 0, 0, 0, 0, 0, 0]",-1,-0.02180246431607678,-1,0
306,"[1, 3, 0, 3, 0, 5, 0, 3, 0, 1, 0, 2, 0, 0, 0, 0, 0, 1, 0, 0, 2, 0, 0, 0, 0, 0, 0, 0, 0, 0, 0, 0, 1, 1, 2, 2, 0, 0, 2, 0, 0, 1, 1, 0, 2, 2, 0, 1, 0, 0, 0, 0, 0, 0, 0, 2, 0, 0, 0, 0, 0, 0, 0, 2, 2, 2, 3, 2, 0, 1, 1, 4, 2, 5, 1, 6, 2, 4, 2, 2, 83, 0, 0, 0, 0, 0, 0]",0,0.4931360057571257,-1,0
307,"[1, 3, 0, 3, 0, 5, 0, 3, 0, 1, 0, 2, 0, 0, 0, 0, 0, 1, 0, 0, 2, 0, 0, 0, 0, 0, 0, 0, 0, 0, 0, 0, 1, 1, 2, 2, 0, 0, 2, 0, 0, 1, 1, 0, 2, 2, 0, 1, 0, 0, 0, 0, 0, 0, 0, 2, 0, 0, 0, 0, 0, 0, 0, 2, 2, 2, 3, 2, 0, 1, 1, 4, 2, 5, 1, 6, 2, 4, 2, 2, 83, 0, 0, 0, 0, 0, 0]",-1,-0.02180246431607678,-1,0
308,"[1, 3, 0, 3, 0, 5, 0, 3, 0, 1, 0, 2, 0, 0, 0, 0, 0, 1, 0, 0, 2, 0, 0, 0, 0, 0, 0, 0, 0, 0, 0, 0, 1, 1, 2, 2, 0, 0, 2, 0, 0, 1, 1, 0, 2, 2, 0, 1, 0, 0, 0, 0, 0, 0, 0, 2, 0, 0, 0, 0, 0, 0, 0, 2, 2, 2, 3, 2, 0, 1, 1, 4, 2, 5, 1, 6, 2, 4, 2, 2, 83, 0, 0, 0, 0, 0, 0]",0,0.4931360057571257,-1,0
309,"[1, 3, 0, 3, 0, 5, 0, 3, 0, 1, 0, 2, 0, 0, 0, 0, 0, 1, 0, 0, 2, 0, 0, 0, 0, 0, 0, 0, 0, 0, 0, 0, 1, 1, 2, 2, 0, 0, 2, 0, 0, 1, 1, 0, 2, 2, 0, 1, 0, 0, 0, 0, 0, 0, 0, 2, 0, 0, 0, 0, 0, 0, 0, 2, 2, 2, 3, 2, 0, 1, 1, 4, 2, 5, 1, 6, 2, 4, 2, 2, 83, 0, 0, 0, 0, 0, 0]",-1,-0.02180246431607678,-1,0
310,"[1, 3, 0, 3, 0, 5, 0, 3, 0, 1, 0, 2, 0, 0, 0, 0, 0, 1, 0, 0, 2, 0, 0, 0, 0, 0, 0, 0, 0, 0, 0, 0, 1, 1, 2, 2, 0, 0, 2, 0, 0, 1, 1, 0, 2, 2, 0, 1, 0, 0, 0, 0, 0, 0, 0, 2, 0, 0, 0, 0, 0, 0, 0, 2, 2, 2, 3, 2, 0, 1, 1, 4, 2, 5, 1, 6, 2, 4, 2, 2, 83, 0, 1, 0, 0, 0, 0]",2,0.5981612589265424,-1,0
311,"[1, 3, 0, 3, 0, 5, 0, 3, 0, 1, 0, 2, 0, 0, 0, 0, 0, 1, 0, 0, 2, 0, 0, 0, 0, 0, 0, 0, 0, 0, 0, 0, 1, 1, 2, 2, 0, 0, 2, 0, 0, 1, 1, 0, 2, 2, 0, 1, 0, 0, 0, 0, 0, 0, 0, 2, 0, 0, 0, 0, 0, 0, 0, 2, 2, 2, 3, 2, 0, 1, 1, 4, 2, 5, 1, 6, 2, 4, 2, 2, 83, 0, 0, 0, 0, 0, 0]",-1,-0.02180246431607678,-1,0
312,"[1, 3, 0, 3, 0, 5, 0, 3, 0, 1, 0, 2, 0, 0, 0, 0, 0, 1, 0, 0, 2, 0, 0, 0, 0, 0, 0, 0, 0, 0, 0, 0, 1, 1, 2, 2, 0, 0, 2, 0, 0, 1, 1, 0, 2, 2, 0, 1, 0, 0, 0, 0, 0, 0, 0, 2, 0, 0, 0, 0, 0, 0, 0, 2, 2, 2, 3, 2, 0, 1, 1, 4, 2, 5, 1, 6, 2, 4, 2, 2, 83, 0, 1, 0, 0, 0, 0]",2,0.5981612589265424,-1,0
313,"[1, 3, 0, 3, 0, 5, 0, 3, 0, 1, 0, 2, 0, 0, 0, 0, 0, 1, 0, 0, 2, 0, 0, 0, 0, 0, 0, 0, 0, 0, 0, 0, 1, 1, 2, 2, 0, 0, 2, 0, 0, 1, 1, 0, 2, 2, 0, 1, 0, 0, 0, 0, 0, 0, 0, 2, 0, 0, 0, 0, 0, 0, 0, 2, 2, 2, 3, 2, 0, 1, 1, 4, 2, 5, 1, 6, 2, 4, 2, 2, 83, 0, 0, 0, 0, 0, 0]",-1,-0.02180246431607678,-1,0
314,"[1, 3, 0, 4, 0, 5, 0, 4, 0, 1, 0, 2, 0, 0, 0, 0, 0, 1, 0, 0, 2, 0, 0, 0, 0, 0, 0, 0, 0, 0, 0, 0, 1, 1, 2, 2, 0, 0, 2, 0, 0, 1, 1, 0, 2, 2, 0, 1, 0, 0, 0, 0, 0, 0, 0, 2, 0, 0, 0, 0, 0, 0, 0, 2, 2, 2, 3, 2, 0, 1, 1, 4, 2, 5, 1, 6, 2, 4, 2, 2, 84, 0, 0, 0, 0, 0, 0]",4,12.862512276076638,-1,0
315,"[1, 3, 0, 5, 0, 5, 0, 5, 0, 1, 0, 2, 0, 0, 0, 0, 0, 1, 0, 0, 2, 0, 0, 0, 0, 0, 0, 0, 0, 0, 0, 0, 1, 1, 2, 2, 0, 0, 2, 0, 0, 1, 1, 0, 2, 2, 0, 1, 0, 0, 0, 0, 0, 0, 0, 2, 0, 0, 0, 0, 0, 0, 0, 2, 2, 2, 3, 2, 0, 1, 1, 4, 2, 5, 1, 6, 2, 4, 2, 2, 85, 0, 0, 0, 0, 0, 0]",4,14.078910126157439,-1,1
316,"[1, 3, 0, 6, 0, 5, 0, 6, 0, 1, 0, 2, 0, 0, 0, 0, 0, 1, 0, 0, 2, 0, 0, 0, 0, 0, 0, 0, 0, 0, 0, 0, 1, 1, 2, 2, 0, 0, 2, 0, 0, 1, 1, 0, 2, 2, 0, 1, 0, 0, 0, 0, 0, 0, 0, 2, 0, 0, 0, 0, 0, 0, 0, 2, 2, 2, 3, 2, 0, 1, 1, 4, 2, 5, 1, 6, 2, 4, 2, 2, 86, 0, 0, 0, 0, 0, 0]",4,12.744521774837981,-1,0
317,"[1, 3, 0, 6, 0, 5, 0, 6, 0, 1, 0, 2, 0, 0, 0, 0, 0, 1, 0, 0, 2, 0, 0, 0, 0, 0, 0, 0, 0, 0, 0, 0, 1, 1, 2, 2, 0, 0, 2, 0, 0, 1, 1, 0, 2, 2, 0, 1, 0, 0, 0, 0, 0, 0, 0, 2, 0, 0, 0, 0, 0, 0, 0, 2, 2, 2, 3, 2, 0, 1, 1, 4, 2, 5, 1, 6, 2, 4, 2, 2, 86, 0, 1, 0, 0, 0, 0]",2,0.5979292524937816,-1,1
318,"[1, 3, 0, 6, 0, 5, 0, 6, 0, 1, 0, 2, 0, 0, 0, 0, 0, 1, 0, 0, 2, 0, 0, 0, 0, 0, 0, 0, 0, 0, 0, 0, 1, 1, 2, 2, 0, 0, 2, 0, 0, 1, 1, 0, 2, 2, 0, 1, 0, 0, 0, 0, 0, 0, 0, 2, 0, 0, 0, 0, 0, 0, 0, 2, 2, 2, 3, 2, 0, 1, 1, 4, 2, 5, 1, 6, 2, 4, 2, 2, 86, 0, 1, 0, 0, 1, 0]","[[0 1 0 0]
 [1 0 0 0]]",0.8483541175518725,-1,1
319,"[0, 4, 0, 6, 1, 4, 0, 6, 0, 1, 0, 2, 0, 0, 0, 0, 0, 1, 0, 0, 2, 0, 0, 0, 0, 0, 0, 0, 0, 0, 0, 0, 1, 1, 2, 2, 0, 0, 2, 0, 0, 1, 1, 0, 2, 2, 0, 1, 0, 0, 0, 0, 0, 0, 0, 2, 0, 0, 0, 0, 0, 0, 0, 2, 2, 2, 3, 2, 0, 1, 1, 4, 2, 5, 1, 6, 2, 4, 2, 2, 86, 0, 0, 0, 0, 0, 0]",0,-0.0020707475062183484,-1,0
320,"[0, 5, 0, 6, 1, 5, 0, 6, 0, 1, 0, 2, 0, 0, 0, 0, 0, 1, 0, 0, 2, 0, 0, 0, 0, 0, 0, 0, 0, 0, 0, 0, 1, 1, 2, 2, 0, 0, 2, 0, 0, 1, 1, 0, 2, 2, 0, 1, 0, 0, 0, 0, 0, 0, 0, 2, 0, 0, 0, 0, 0, 0, 0, 2, 2, 2, 3, 2, 0, 1, 1, 4, 2, 5, 1, 6, 2, 4, 2, 2, 87, 0, 0, 0, 0, 0, 0]",4,14.161360872018303,-1,1
321,"[0, 5, 0, 6, 1, 5, 0, 6, 0, 1, 0, 2, 0, 0, 0, 0, 0, 1, 0, 0, 2, 0, 0, 0, 0, 0, 0, 0, 0, 0, 0, 0, 1, 1, 2, 2, 0, 0, 2, 0, 0, 1, 1, 0, 2, 2, 0, 1, 0, 0, 0, 0, 0, 0, 0, 2, 0, 0, 0, 0, 0, 0, 0, 2, 2, 2, 3, 2, 0, 1, 1, 4, 2, 5, 1, 6, 2, 4, 2, 2, 87, 0, 0, 0, 0, 0, 0]",1,0.8074697690905884,-1,0
322,"[0, 5, 0, 6, 1, 5, 0, 6, 0, 1, 0, 2, 0, 0, 0, 0, 0, 1, 0, 0, 2, 0, 0, 0, 0, 0, 0, 0, 0, 0, 0, 0, 1, 1, 2, 2, 0, 0, 2, 0, 0, 1, 1, 0, 2, 2, 0, 1, 0, 0, 0, 0, 0, 0, 0, 2, 0, 0, 0, 0, 0, 0, 0, 2, 2, 2, 3, 2, 0, 1, 1, 4, 2, 5, 1, 6, 2, 4, 2, 2, 87, 0, 0, 0, 0, 0, 0]",-1,-0.02094757746238195,-1,0
323,"[0, 5, 0, 6, 2, 5, 0, 6, 0, 1, 0, 2, 0, 0, 0, 0, 0, 1, 0, 0, 2, 0, 0, 0, 0, 0, 0, 0, 0, 0, 0, 0, 1, 1, 2, 2, 0, 0, 2, 0, 0, 1, 1, 0, 2, 2, 0, 1, 0, 0, 0, 0, 0, 0, 0, 2, 0, 0, 0, 0, 0, 0, 0, 2, 2, 2, 3, 2, 0, 1, 1, 4, 2, 5, 1, 6, 2, 4, 2, 2, 88, 0, 0, 0, 0, 0, 0]",4,14.234375895759895,-1,1
324,"[0, 5, 0, 6, 2, 5, 0, 6, 0, 1, 0, 2, 0, 0, 0, 0, 0, 1, 0, 0, 2, 0, 0, 0, 0, 0, 0, 0, 0, 0, 0, 0, 1, 1, 2, 2, 0, 0, 2, 0, 0, 1, 1, 0, 2, 2, 0, 1, 0, 0, 0, 0, 0, 0, 0, 2, 0, 0, 0, 0, 0, 0, 0, 2, 2, 2, 3, 2, 0, 1, 1, 4, 2, 5, 1, 6, 2, 4, 2, 2, 88, 0, 0, 0, 0, 0, 0]",1,0.8073828338352481,-1,0
325,"[0, 5, 0, 6, 2, 5, 0, 6, 0, 1, 0, 2, 0, 0, 0, 0, 0, 1, 0, 0, 2, 0, 0, 0, 0, 0, 0, 0, 0, 0, 0, 0, 1, 1, 2, 2, 0, 0, 2, 0, 0, 1, 1, 0, 2, 2, 0, 1, 0, 0, 0, 0, 0, 0, 0, 2, 0, 0, 0, 0, 0, 0, 0, 2, 2, 2, 3, 2, 0, 1, 1, 4, 2, 5, 1, 6, 2, 4, 2, 2, 88, 0, 0, 0, 0, 0, 0]",-1,-0.02073914558407907,-1,0
326,"[0, 5, 0, 6, 2, 5, 0, 6, 0, 1, 0, 2, 0, 0, 0, 0, 0, 1, 0, 0, 2, 0, 0, 0, 0, 0, 0, 0, 0, 0, 0, 0, 1, 1, 2, 2, 0, 0, 2, 0, 0, 1, 1, 0, 2, 2, 0, 1, 0, 0, 0, 0, 0, 0, 0, 2, 0, 0, 0, 0, 0, 0, 0, 2, 2, 2, 3, 2, 0, 1, 1, 4, 2, 5, 1, 6, 2, 4, 2, 2, 88, 1, 0, 0, 0, 0, 0]",3,0.39775871873563146,-1,0
327,"[0, 5, 0, 6, 2, 5, 0, 6, 0, 1, 0, 2, 0, 0, 0, 0, 0, 1, 0, 0, 2, 0, 0, 0, 0, 0, 0, 0, 0, 0, 0, 0, 1, 1, 2, 2, 0, 0, 2, 0, 0, 1, 1, 0, 2, 2, 0, 1, 0, 0, 0, 0, 0, 0, 0, 2, 0, 0, 0, 0, 0, 0, 0, 2, 2, 2, 3, 2, 0, 1, 1, 4, 2, 5, 1, 6, 2, 4, 2, 2, 88, 0, 0, 0, 0, 0, 0]",-1,-0.02073914558407907,-1,0
328,"[0, 5, 0, 6, 2, 5, 0, 6, 0, 1, 0, 2, 0, 0, 0, 0, 0, 1, 0, 0, 2, 0, 0, 0, 0, 0, 0, 0, 0, 0, 0, 0, 1, 1, 2, 2, 0, 0, 2, 0, 0, 1, 1, 0, 2, 2, 0, 1, 0, 0, 0, 0, 0, 0, 0, 2, 0, 0, 0, 0, 0, 0, 0, 2, 2, 2, 3, 2, 0, 1, 1, 4, 2, 5, 1, 6, 2, 4, 2, 2, 88, 0, 0, 0, 0, 0, 0]",1,0.8073828338352481,-1,0
329,"[0, 5, 0, 6, 2, 5, 0, 6, 0, 1, 0, 2, 0, 0, 0, 0, 0, 1, 0, 0, 2, 0, 0, 0, 0, 0, 0, 0, 0, 0, 0, 0, 1, 1, 2, 2, 0, 0, 2, 0, 0, 1, 1, 0, 2, 2, 0, 1, 0, 0, 0, 0, 0, 0, 0, 2, 0, 0, 0, 0, 0, 0, 0, 2, 2, 2, 3, 2, 0, 1, 1, 4, 2, 5, 1, 6, 2, 4, 2, 2, 88, 0, 0, 0, 0, 0, 0]",-1,-0.02073914558407907,-1,0
330,"[0, 5, 0, 6, 2, 5, 0, 6, 0, 1, 0, 2, 0, 0, 0, 0, 0, 1, 0, 0, 2, 0, 0, 0, 0, 0, 0, 0, 0, 0, 0, 0, 1, 1, 2, 2, 0, 0, 2, 0, 0, 1, 1, 0, 2, 2, 0, 1, 0, 0, 0, 0, 0, 0, 0, 2, 0, 0, 0, 0, 0, 0, 0, 2, 2, 2, 3, 2, 0, 1, 1, 4, 2, 5, 1, 6, 2, 4, 2, 2, 88, 0, 1, 0, 0, 0, 0]",2,0.5977587187356314,-1,0
331,"[0, 5, 0, 6, 2, 5, 0, 6, 0, 1, 0, 2, 0, 0, 0, 0, 0, 1, 0, 0, 2, 0, 0, 0, 0, 0, 0, 0, 0, 0, 0, 0, 1, 1, 2, 2, 0, 0, 2, 0, 0, 1, 1, 0, 2, 2, 0, 1, 0, 0, 0, 0, 0, 0, 0, 2, 0, 0, 0, 0, 0, 0, 0, 2, 2, 2, 3, 2, 0, 1, 1, 4, 2, 5, 1, 6, 2, 4, 2, 2, 88, 0, 1, 0, 0, 1, 0]","[[0 1 0 0]
 [1 0 0 0]]",0.8481835837937223,-1,0
332,"[1, 4, 0, 6, 1, 6, 0, 6, 0, 1, 0, 2, 0, 0, 0, 0, 0, 1, 0, 0, 2, 0, 0, 0, 0, 0, 0, 0, 0, 0, 0, 0, 1, 1, 2, 2, 0, 0, 2, 0, 0, 1, 1, 0, 2, 2, 0, 1, 0, 0, 0, 0, 0, 0, 0, 2, 0, 0, 0, 0, 0, 0, 0, 2, 2, 2, 3, 2, 0, 1, 1, 4, 2, 5, 1, 6, 2, 4, 2, 2, 88, 0, 0, 0, 0, 0, 0]",0,-0.0022412812643685734,-1,1
333,"[1, 4, 0, 6, 1, 6, 0, 6, 0, 1, 0, 2, 0, 0, 0, 0, 0, 1, 0, 0, 2, 0, 0, 0, 0, 0, 0, 0, 0, 0, 0, 0, 1, 1, 2, 2, 0, 0, 2, 0, 0, 1, 1, 0, 2, 2, 0, 1, 0, 0, 0, 0, 0, 0, 0, 2, 0, 0, 0, 0, 0, 0, 0, 2, 2, 2, 3, 2, 0, 1, 1, 4, 2, 5, 1, 6, 2, 4, 2, 2, 88, 0, 0, 0, 0, 0, 0]",0,0.4927334655662147,-1,0
334,"[1, 4, 0, 6, 1, 6, 0, 6, 0, 1, 0, 2, 0, 0, 0, 0, 0, 1, 0, 0, 2, 0, 0, 0, 0, 0, 0, 0, 0, 0, 0, 0, 1, 1, 2, 2, 0, 0, 2, 0, 0, 1, 1, 0, 2, 2, 0, 1, 0, 0, 0, 0, 0, 0, 0, 2, 0, 0, 0, 0, 0, 0, 0, 2, 2, 2, 3, 2, 0, 1, 1, 4, 2, 5, 1, 6, 2, 4, 2, 2, 88, 0, 0, 0, 0, 0, 0]",-1,-0.02073914558407907,-1,0
335,"[1, 4, 0, 6, 1, 6, 0, 6, 0, 1, 0, 2, 0, 0, 0, 0, 0, 1, 0, 0, 2, 0, 0, 0, 0, 0, 0, 0, 0, 0, 0, 0, 1, 1, 2, 2, 0, 0, 2, 0, 0, 1, 1, 0, 2, 2, 0, 1, 0, 0, 0, 0, 0, 0, 0, 2, 0, 0, 0, 0, 0, 0, 0, 2, 2, 2, 3, 2, 0, 1, 1, 4, 2, 5, 1, 6, 2, 4, 2, 2, 88, 0, 0, 0, 0, 0, 0]",0,0.4927334655662147,-1,0
336,"[1, 4, 0, 6, 1, 6, 0, 6, 0, 1, 0, 2, 0, 0, 0, 0, 0, 1, 0, 0, 2, 0, 0, 0, 0, 0, 0, 0, 0, 0, 0, 0, 1, 1, 2, 2, 0, 0, 2, 0, 0, 1, 1, 0, 2, 2, 0, 1, 0, 0, 0, 0, 0, 0, 0, 2, 0, 0, 0, 0, 0, 0, 0, 2, 2, 2, 3, 2, 0, 1, 1, 4, 2, 5, 1, 6, 2, 4, 2, 2, 88, 0, 0, 0, 0, 0, 0]",-1,-0.02073914558407907,-1,0
337,"[1, 4, 0, 6, 1, 6, 0, 6, 0, 1, 0, 2, 0, 0, 0, 0, 0, 1, 0, 0, 2, 0, 0, 0, 0, 0, 0, 0, 0, 0, 0, 0, 1, 1, 2, 2, 0, 0, 2, 0, 0, 1, 1, 0, 2, 2, 0, 1, 0, 0, 0, 0, 0, 0, 0, 2, 0, 0, 0, 0, 0, 0, 0, 2, 2, 2, 3, 2, 0, 1, 1, 4, 2, 5, 1, 6, 2, 4, 2, 2, 88, 0, 0, 0, 0, 0, 0]",0,0.4927334655662147,-1,0
338,"[1, 4, 0, 6, 1, 6, 0, 6, 0, 1, 0, 2, 0, 0, 0, 0, 0, 1, 0, 0, 2, 0, 0, 0, 0, 0, 0, 0, 0, 0, 0, 0, 1, 1, 2, 2, 0, 0, 2, 0, 0, 1, 1, 0, 2, 2, 0, 1, 0, 0, 0, 0, 0, 0, 0, 2, 0, 0, 0, 0, 0, 0, 0, 2, 2, 2, 3, 2, 0, 1, 1, 4, 2, 5, 1, 6, 2, 4, 2, 2, 88, 0, 0, 0, 0, 0, 0]",-1,-0.02073914558407907,-1,0
339,"[1, 4, 0, 6, 1, 6, 0, 6, 0, 1, 0, 2, 0, 0, 0, 0, 0, 1, 0, 0, 2, 0, 0, 0, 0, 0, 0, 0, 0, 0, 0, 0, 1, 1, 2, 2, 0, 0, 2, 0, 0, 1, 1, 0, 2, 2, 0, 1, 0, 0, 0, 0, 0, 0, 0, 2, 0, 0, 0, 0, 0, 0, 0, 2, 2, 2, 3, 2, 0, 1, 1, 4, 2, 5, 1, 6, 2, 4, 2, 2, 88, 0, 0, 0, 0, 0, 0]",0,0.4927334655662147,-1,0
340,"[1, 4, 0, 6, 1, 6, 0, 6, 0, 1, 0, 2, 0, 0, 0, 0, 0, 1, 0, 0, 2, 0, 0, 0, 0, 0, 0, 0, 0, 0, 0, 0, 1, 1, 2, 2, 0, 0, 2, 0, 0, 1, 1, 0, 2, 2, 0, 1, 0, 0, 0, 0, 0, 0, 0, 2, 0, 0, 0, 0, 0, 0, 0, 2, 2, 2, 3, 2, 0, 1, 1, 4, 2, 5, 1, 6, 2, 4, 2, 2, 88, 0, 0, 0, 0, 0, 0]",-1,-0.02073914558407907,-1,0
341,"[1, 4, 0, 6, 1, 6, 0, 6, 0, 1, 0, 2, 0, 0, 0, 0, 0, 1, 0, 0, 2, 0, 0, 0, 0, 0, 0, 0, 0, 0, 0, 0, 1, 1, 2, 2, 0, 0, 2, 0, 0, 1, 1, 0, 2, 2, 0, 1, 0, 0, 0, 0, 0, 0, 0, 2, 0, 0, 0, 0, 0, 0, 0, 2, 2, 2, 3, 2, 0, 1, 1, 4, 2, 5, 1, 6, 2, 4, 2, 2, 88, 0, 0, 0, 0, 0, 0]",0,0.4927334655662147,-1,0
342,"[1, 4, 0, 6, 1, 6, 0, 6, 0, 1, 0, 2, 0, 0, 0, 0, 0, 1, 0, 0, 2, 0, 0, 0, 0, 0, 0, 0, 0, 0, 0, 0, 1, 1, 2, 2, 0, 0, 2, 0, 0, 1, 1, 0, 2, 2, 0, 1, 0, 0, 0, 0, 0, 0, 0, 2, 0, 0, 0, 0, 0, 0, 0, 2, 2, 2, 3, 2, 0, 1, 1, 4, 2, 5, 1, 6, 2, 4, 2, 2, 88, 0, 0, 0, 0, 0, 0]",-1,-0.02073914558407907,-1,0
343,"[1, 4, 0, 6, 1, 6, 0, 6, 0, 1, 0, 2, 0, 0, 0, 0, 0, 1, 0, 0, 2, 0, 0, 0, 0, 0, 0, 0, 0, 0, 0, 0, 1, 1, 2, 2, 0, 0, 2, 0, 0, 1, 1, 0, 2, 2, 0, 1, 0, 0, 0, 0, 0, 0, 0, 2, 0, 0, 0, 0, 0, 0, 0, 2, 2, 2, 3, 2, 0, 1, 1, 4, 2, 5, 1, 6, 2, 4, 2, 2, 88, 0, 0, 0, 0, 0, 0]",0,0.4927334655662147,-1,0
344,"[1, 4, 0, 6, 1, 6, 0, 6, 0, 1, 0, 2, 0, 0, 0, 0, 0, 1, 0, 0, 2, 0, 0, 0, 0, 0, 0, 0, 0, 0, 0, 0, 1, 1, 2, 2, 0, 0, 2, 0, 0, 1, 1, 0, 2, 2, 0, 1, 0, 0, 0, 0, 0, 0, 0, 2, 0, 0, 0, 0, 0, 0, 0, 2, 2, 2, 3, 2, 0, 1, 1, 4, 2, 5, 1, 6, 2, 4, 2, 2, 88, 0, 0, 0, 0, 0, 0]",-1,-0.02073914558407907,-1,0
345,"[1, 4, 0, 6, 1, 6, 0, 6, 0, 1, 0, 2, 0, 0, 0, 0, 0, 1, 0, 0, 2, 0, 0, 0, 0, 0, 0, 0, 0, 0, 0, 0, 1, 1, 2, 2, 0, 0, 2, 0, 0, 1, 1, 0, 2, 2, 0, 1, 0, 0, 0, 0, 0, 0, 0, 2, 0, 0, 0, 0, 0, 0, 0, 2, 2, 2, 3, 2, 0, 1, 1, 4, 2, 5, 1, 6, 2, 4, 2, 2, 88, 0, 0, 0, 0, 0, 0]",0,0.4927334655662147,-1,0
346,"[1, 4, 0, 6, 1, 6, 0, 6, 0, 1, 0, 2, 0, 0, 0, 0, 0, 1, 0, 0, 2, 0, 0, 0, 0, 0, 0, 0, 0, 0, 0, 0, 1, 1, 2, 2, 0, 0, 2, 0, 0, 1, 1, 0, 2, 2, 0, 1, 0, 0, 0, 0, 0, 0, 0, 2, 0, 0, 0, 0, 0, 0, 0, 2, 2, 2, 3, 2, 0, 1, 1, 4, 2, 5, 1, 6, 2, 4, 2, 2, 88, 0, 0, 0, 0, 0, 0]",-1,-0.02073914558407907,-1,0
347,"[1, 4, 0, 6, 1, 6, 0, 6, 0, 1, 0, 2, 0, 0, 0, 0, 0, 1, 0, 0, 2, 0, 0, 0, 0, 0, 0, 0, 0, 0, 0, 0, 1, 1, 2, 2, 0, 0, 2, 0, 0, 1, 1, 0, 2, 2, 0, 1, 0, 0, 0, 0, 0, 0, 0, 2, 0, 0, 0, 0, 0, 0, 0, 2, 2, 2, 3, 2, 0, 1, 1, 4, 2, 5, 1, 6, 2, 4, 2, 2, 88, 0, 0, 0, 0, 0, 0]",0,0.4927334655662147,-1,0
348,"[1, 4, 0, 6, 1, 6, 0, 6, 0, 1, 0, 2, 0, 0, 0, 0, 0, 1, 0, 0, 2, 0, 0, 0, 0, 0, 0, 0, 0, 0, 0, 0, 1, 1, 2, 2, 0, 0, 2, 0, 0, 1, 1, 0, 2, 2, 0, 1, 0, 0, 0, 0, 0, 0, 0, 2, 0, 0, 0, 0, 0, 0, 0, 2, 2, 2, 3, 2, 0, 1, 1, 4, 2, 5, 1, 6, 2, 4, 2, 2, 88, 0, 0, 0, 0, 0, 0]",-1,-0.02073914558407907,-1,0
349,"[1, 4, 0, 6, 1, 6, 0, 6, 0, 1, 0, 2, 0, 0, 0, 0, 0, 1, 0, 0, 2, 0, 0, 0, 0, 0, 0, 0, 0, 0, 0, 0, 1, 1, 2, 2, 0, 0, 2, 0, 0, 1, 1, 0, 2, 2, 0, 1, 0, 0, 0, 0, 0, 0, 0, 2, 0, 0, 0, 0, 0, 0, 0, 2, 2, 2, 3, 2, 0, 1, 1, 4, 2, 5, 1, 6, 2, 4, 2, 2, 88, 0, 0, 0, 0, 0, 0]",1,0.8073828338352481,-1,0
350,"[1, 4, 0, 6, 1, 6, 0, 6, 0, 1, 0, 2, 0, 0, 0, 0, 0, 1, 0, 0, 2, 0, 0, 0, 0, 0, 0, 0, 0, 0, 0, 0, 1, 1, 2, 2, 0, 0, 2, 0, 0, 1, 1, 0, 2, 2, 0, 1, 0, 0, 0, 0, 0, 0, 0, 2, 0, 0, 0, 0, 0, 0, 0, 2, 2, 2, 3, 2, 0, 1, 1, 4, 2, 5, 1, 6, 2, 4, 2, 2, 88, 0, 0, 0, 0, 0, 0]",-1,-0.02073914558407907,-1,0
351,"[1, 4, 0, 6, 1, 6, 0, 6, 0, 1, 0, 2, 0, 0, 0, 0, 0, 1, 0, 0, 2, 0, 0, 0, 0, 0, 0, 0, 0, 0, 0, 0, 1, 1, 2, 2, 0, 0, 2, 0, 0, 1, 1, 0, 2, 2, 0, 1, 0, 0, 0, 0, 0, 0, 0, 2, 0, 0, 0, 0, 0, 0, 0, 2, 2, 2, 3, 2, 0, 1, 1, 4, 2, 5, 1, 6, 2, 4, 2, 2, 88, 0, 1, 0, 0, 0, 0]",2,0.5977587187356314,-1,0
352,"[1, 4, 0, 6, 1, 6, 0, 6, 0, 1, 0, 2, 0, 0, 0, 0, 0, 1, 0, 0, 2, 0, 0, 0, 0, 0, 0, 0, 0, 0, 0, 0, 1, 1, 2, 2, 0, 0, 2, 0, 0, 1, 1, 0, 2, 2, 0, 1, 0, 0, 0, 0, 0, 0, 0, 2, 0, 0, 0, 0, 0, 0, 0, 2, 2, 2, 3, 2, 0, 1, 1, 4, 2, 5, 1, 6, 2, 4, 2, 2, 88, 0, 0, 0, 0, 0, 0]",-1,-0.02073914558407907,-1,0
353,"[1, 4, 0, 6, 1, 6, 0, 6, 0, 1, 0, 2, 0, 0, 0, 0, 0, 1, 0, 0, 2, 0, 0, 0, 0, 0, 0, 0, 0, 0, 0, 0, 1, 1, 2, 2, 0, 0, 2, 0, 0, 1, 1, 0, 2, 2, 0, 1, 0, 0, 0, 0, 0, 0, 0, 2, 0, 0, 0, 0, 0, 0, 0, 2, 2, 2, 3, 2, 0, 1, 1, 4, 2, 5, 1, 6, 2, 4, 2, 2, 88, 0, 1, 0, 0, 0, 0]",2,0.5977587187356314,-1,0
354,"[1, 4, 0, 6, 1, 6, 0, 6, 0, 1, 0, 2, 0, 0, 0, 0, 0, 1, 0, 0, 2, 0, 0, 0, 0, 0, 0, 0, 0, 0, 0, 0, 1, 1, 2, 2, 0, 0, 2, 0, 0, 1, 1, 0, 2, 2, 0, 1, 0, 0, 0, 0, 0, 0, 0, 2, 0, 0, 0, 0, 0, 0, 0, 2, 2, 2, 3, 2, 0, 1, 1, 4, 2, 5, 1, 6, 2, 4, 2, 2, 88, 0, 0, 0, 0, 0, 0]",-1,-0.02073914558407907,-1,0
355,"[1, 4, 0, 6, 1, 6, 0, 6, 0, 1, 0, 2, 0, 0, 0, 0, 0, 1, 0, 0, 2, 0, 0, 0, 0, 0, 0, 0, 0, 0, 0, 0, 1, 1, 2, 2, 0, 0, 2, 0, 0, 1, 1, 0, 2, 2, 0, 1, 0, 0, 0, 0, 0, 0, 0, 2, 0, 0, 0, 0, 0, 0, 0, 2, 2, 2, 3, 2, 0, 1, 1, 4, 2, 5, 1, 6, 2, 4, 2, 2, 88, 1, 0, 0, 0, 0, 0]",3,0.39775871873563146,-1,0
356,"[1, 4, 0, 6, 1, 6, 0, 6, 0, 1, 0, 2, 0, 0, 0, 0, 0, 1, 0, 0, 2, 0, 0, 0, 0, 0, 0, 0, 0, 0, 0, 0, 1, 1, 2, 2, 0, 0, 2, 0, 0, 1, 1, 0, 2, 2, 0, 1, 0, 0, 0, 0, 0, 0, 0, 2, 0, 0, 0, 0, 0, 0, 0, 2, 2, 2, 3, 2, 0, 1, 1, 4, 2, 5, 1, 6, 2, 4, 2, 2, 88, 0, 0, 0, 0, 0, 0]",-1,-0.02073914558407907,-1,0
357,"[1, 4, 0, 6, 1, 6, 0, 6, 0, 1, 0, 2, 0, 0, 0, 0, 0, 1, 0, 0, 2, 0, 0, 0, 0, 0, 0, 0, 0, 0, 0, 0, 1, 1, 2, 2, 0, 0, 2, 0, 0, 1, 1, 0, 2, 2, 0, 1, 0, 0, 0, 0, 0, 0, 0, 2, 0, 0, 0, 0, 0, 0, 0, 2, 2, 2, 3, 2, 0, 1, 1, 4, 2, 5, 1, 6, 2, 4, 2, 2, 88, 1, 0, 0, 0, 0, 0]",3,0.39775871873563146,-1,0
358,"[1, 4, 0, 6, 1, 6, 0, 6, 0, 1, 0, 2, 0, 0, 0, 0, 0, 1, 0, 0, 2, 0, 0, 0, 0, 0, 0, 0, 0, 0, 0, 0, 1, 1, 2, 2, 0, 0, 2, 0, 0, 1, 1, 0, 2, 2, 0, 1, 0, 0, 0, 0, 0, 0, 0, 2, 0, 0, 0, 0, 0, 0, 0, 2, 2, 2, 3, 2, 0, 1, 1, 4, 2, 5, 1, 6, 2, 4, 2, 2, 88, 0, 0, 0, 0, 0, 0]",-1,-0.02073914558407907,-1,0
359,"[1, 4, 0, 6, 1, 6, 0, 6, 0, 1, 0, 2, 0, 0, 0, 0, 0, 1, 0, 0, 2, 0, 0, 0, 0, 0, 0, 0, 0, 0, 0, 0, 1, 1, 2, 2, 0, 0, 2, 0, 0, 1, 1, 0, 2, 2, 0, 1, 0, 0, 0, 0, 0, 0, 0, 2, 0, 0, 0, 0, 0, 0, 0, 2, 2, 2, 3, 2, 0, 1, 1, 4, 2, 5, 1, 6, 2, 4, 2, 2, 89, 0, 0, 0, 0, 0, 0]",4,12.758932321911368,-1,0
360,"[1, 4, 0, 7, 1, 6, 0, 7, 0, 1, 0, 2, 0, 0, 0, 0, 0, 1, 0, 0, 2, 0, 0, 0, 0, 0, 0, 0, 0, 0, 0, 0, 1, 1, 2, 2, 0, 0, 2, 0, 0, 1, 1, 0, 2, 2, 0, 1, 0, 0, 0, 0, 0, 0, 0, 2, 0, 0, 0, 0, 0, 0, 0, 2, 2, 2, 3, 2, 0, 1, 1, 4, 2, 5, 1, 6, 2, 4, 2, 2, 90, 0, 0, 0, 0, 0, 0]",4,14.138326808392744,-1,1
361,"[1, 4, 0, 7, 1, 6, 0, 7, 0, 1, 0, 2, 0, 0, 0, 0, 0, 1, 0, 0, 2, 0, 0, 0, 0, 0, 0, 0, 0, 0, 0, 0, 1, 1, 2, 2, 0, 0, 2, 0, 0, 1, 1, 0, 2, 2, 0, 1, 0, 0, 0, 0, 0, 0, 0, 2, 0, 0, 0, 0, 0, 0, 0, 2, 2, 2, 3, 2, 0, 1, 1, 4, 2, 5, 1, 6, 2, 4, 2, 2, 90, 1, 0, 0, 0, 0, 0]",3,0.39757431300314516,-1,0
362,"[1, 4, 0, 7, 1, 6, 0, 7, 0, 1, 0, 2, 0, 0, 0, 0, 0, 1, 0, 0, 2, 0, 0, 0, 0, 0, 0, 0, 0, 0, 0, 0, 1, 1, 2, 2, 0, 0, 2, 0, 0, 1, 1, 0, 2, 2, 0, 1, 0, 0, 0, 0, 0, 0, 0, 2, 0, 0, 0, 0, 0, 0, 0, 2, 2, 2, 3, 2, 0, 1, 1, 4, 2, 5, 1, 6, 2, 4, 2, 2, 90, 0, 0, 0, 0, 0, 0]",-1,-0.020328482987029956,-1,0
363,"[1, 4, 0, 7, 1, 6, 0, 7, 0, 1, 0, 2, 0, 0, 0, 0, 0, 1, 0, 0, 2, 0, 0, 0, 0, 0, 0, 0, 0, 0, 0, 0, 1, 1, 2, 2, 0, 0, 2, 0, 0, 1, 1, 0, 2, 2, 0, 1, 0, 0, 0, 0, 0, 0, 0, 2, 0, 0, 0, 0, 0, 0, 0, 2, 2, 2, 3, 2, 0, 1, 1, 4, 2, 5, 1, 6, 2, 4, 2, 2, 90, 1, 0, 0, 0, 0, 0]",3,0.39757431300314516,-1,0
364,"[1, 4, 0, 7, 1, 6, 0, 7, 0, 1, 0, 2, 0, 0, 0, 0, 0, 1, 0, 0, 2, 0, 0, 0, 0, 0, 0, 0, 0, 0, 0, 0, 1, 1, 2, 2, 0, 0, 2, 0, 0, 1, 1, 0, 2, 2, 0, 1, 0, 0, 0, 0, 0, 0, 0, 2, 0, 0, 0, 0, 0, 0, 0, 2, 2, 2, 3, 2, 0, 1, 1, 4, 2, 5, 1, 6, 2, 4, 2, 2, 90, 0, 0, 0, 0, 0, 0]",-1,-0.020328482987029956,-1,0
365,"[1, 4, 0, 7, 1, 6, 0, 7, 0, 1, 0, 2, 0, 0, 0, 0, 0, 1, 0, 0, 2, 0, 0, 0, 0, 0, 0, 0, 0, 0, 0, 0, 1, 1, 2, 2, 0, 0, 2, 0, 0, 1, 1, 0, 2, 2, 0, 1, 0, 0, 0, 0, 0, 0, 0, 2, 0, 0, 0, 0, 0, 0, 0, 2, 2, 2, 3, 2, 0, 1, 1, 4, 2, 5, 1, 6, 2, 4, 2, 2, 90, 0, 0, 0, 0, 0, 0]",1,0.8071984281027619,-1,0
366,"[1, 4, 0, 7, 1, 6, 0, 7, 0, 1, 0, 2, 0, 0, 0, 0, 0, 1, 0, 0, 2, 0, 0, 0, 0, 0, 0, 0, 0, 0, 0, 0, 1, 1, 2, 2, 0, 0, 2, 0, 0, 1, 1, 0, 2, 2, 0, 1, 0, 0, 0, 0, 0, 0, 0, 2, 0, 0, 0, 0, 0, 0, 0, 2, 2, 2, 3, 2, 0, 1, 1, 4, 2, 5, 1, 6, 2, 4, 2, 2, 90, 0, 0, 0, 0, 0, 0]",-1,-0.020328482987029956,-1,0
367,"[1, 4, 0, 7, 1, 6, 0, 7, 0, 1, 0, 2, 0, 0, 0, 0, 0, 1, 0, 0, 2, 0, 0, 0, 0, 0, 0, 0, 0, 0, 0, 0, 1, 1, 2, 2, 0, 0, 2, 0, 0, 1, 1, 0, 2, 2, 0, 1, 0, 0, 0, 0, 0, 0, 0, 2, 0, 0, 0, 0, 0, 0, 0, 2, 2, 2, 3, 2, 0, 1, 1, 4, 2, 5, 1, 6, 2, 4, 2, 2, 90, 1, 0, 0, 0, 0, 0]",3,0.39757431300314516,-1,0
368,"[1, 4, 0, 7, 1, 6, 0, 7, 0, 1, 0, 2, 0, 0, 0, 0, 0, 1, 0, 0, 2, 0, 0, 0, 0, 0, 0, 0, 0, 0, 0, 0, 1, 1, 2, 2, 0, 0, 2, 0, 0, 1, 1, 0, 2, 2, 0, 1, 0, 0, 0, 0, 0, 0, 0, 2, 0, 0, 0, 0, 0, 0, 0, 2, 2, 2, 3, 2, 0, 1, 1, 4, 2, 5, 1, 6, 2, 4, 2, 2, 90, 0, 0, 0, 0, 0, 0]",-1,-0.020328482987029956,-1,0
369,"[1, 4, 0, 7, 1, 6, 0, 7, 0, 1, 0, 2, 0, 0, 0, 0, 0, 1, 0, 0, 2, 0, 0, 0, 0, 0, 0, 0, 0, 0, 0, 0, 1, 1, 2, 2, 0, 0, 2, 0, 0, 1, 1, 0, 2, 2, 0, 1, 0, 0, 0, 0, 0, 0, 0, 2, 0, 0, 0, 0, 0, 0, 0, 2, 2, 2, 3, 2, 0, 1, 1, 4, 2, 5, 1, 6, 2, 4, 2, 2, 90, 0, 1, 0, 0, 0, 0]",2,0.5975743130031451,-1,0
370,"[1, 4, 0, 7, 1, 6, 0, 7, 0, 1, 0, 2, 0, 0, 0, 0, 0, 1, 0, 0, 2, 0, 0, 0, 0, 0, 0, 0, 0, 0, 0, 0, 1, 1, 2, 2, 0, 0, 2, 0, 0, 1, 1, 0, 2, 2, 0, 1, 0, 0, 0, 0, 0, 0, 0, 2, 0, 0, 0, 0, 0, 0, 0, 2, 2, 2, 3, 2, 0, 1, 1, 4, 2, 5, 1, 6, 2, 4, 2, 2, 90, 0, 0, 0, 0, 0, 0]",-1,-0.020328482987029956,-1,0
371,"[1, 4, 0, 7, 1, 6, 0, 7, 0, 1, 0, 2, 0, 0, 0, 0, 0, 1, 0, 0, 2, 0, 0, 0, 0, 0, 0, 0, 0, 0, 0, 0, 1, 1, 2, 2, 0, 0, 2, 0, 0, 1, 1, 0, 2, 2, 0, 1, 0, 0, 0, 0, 0, 0, 0, 2, 0, 0, 0, 0, 0, 0, 0, 2, 2, 2, 3, 2, 0, 1, 1, 4, 2, 5, 1, 6, 2, 4, 2, 2, 90, 0, 1, 0, 0, 0, 0]",2,0.5975743130031451,-1,0
372,"[1, 4, 0, 7, 1, 6, 0, 7, 0, 1, 0, 2, 0, 0, 0, 0, 0, 1, 0, 0, 2, 0, 0, 0, 0, 0, 0, 0, 0, 0, 0, 0, 1, 1, 2, 2, 0, 0, 2, 0, 0, 1, 1, 0, 2, 2, 0, 1, 0, 0, 0, 0, 0, 0, 0, 2, 0, 0, 0, 0, 0, 0, 0, 2, 2, 2, 3, 2, 0, 1, 1, 4, 2, 5, 1, 6, 2, 4, 2, 2, 90, 0, 0, 0, 0, 0, 0]",-1,-0.020328482987029956,-1,0
373,"[1, 2, 0, 3, 1, 3, 0, 3, 0, 1, 0, 2, 0, 0, 0, 0, 0, 1, 0, 0, 2, 0, 0, 0, 0, 0, 0, 0, 0, 0, 0, 0, 1, 1, 2, 2, 0, 0, 2, 0, 0, 1, 1, 0, 2, 2, 0, 1, 0, 0, 0, 0, 0, 0, 0, 2, 0, 0, 0, 0, 0, 0, 0, 2, 2, 2, 3, 2, 0, 1, 1, 4, 2, 5, 1, 6, 2, 4, 2, 1, 91, 0, 0, 0, 0, 0, 0]",4,12.980388002452704,-1,0
374,"[1, 2, 0, 3, 1, 3, 0, 3, 0, 1, 0, 2, 0, 0, 0, 0, 0, 1, 0, 0, 2, 0, 0, 0, 0, 0, 0, 0, 0, 0, 0, 0, 1, 1, 2, 2, 0, 0, 2, 0, 0, 1, 1, 0, 2, 2, 0, 1, 0, 0, 0, 0, 0, 0, 0, 2, 0, 0, 0, 0, 0, 0, 0, 2, 2, 2, 3, 2, 0, 1, 1, 4, 2, 5, 1, 6, 2, 4, 2, 1, 91, 0, 1, 0, 0, 0, 0]",2,0.5974765678641323,-1,1
375,"[1, 2, 0, 3, 1, 3, 0, 3, 0, 1, 0, 2, 0, 0, 0, 0, 0, 1, 0, 0, 2, 0, 0, 0, 0, 0, 0, 0, 0, 0, 0, 0, 1, 1, 2, 2, 0, 0, 2, 0, 0, 1, 1, 0, 2, 2, 0, 1, 0, 0, 0, 0, 0, 0, 0, 2, 0, 0, 0, 0, 0, 0, 0, 2, 2, 2, 3, 2, 0, 1, 1, 4, 2, 5, 1, 6, 2, 4, 2, 1, 91, 0, 1, 0, 0, 1, 0]","[[1 0 0 0]
 [0 1 0 0]]",0.8479014329222232,-1,1
376,"[2, 1, 0, 3, 0, 4, 0, 3, 0, 1, 0, 2, 0, 0, 0, 0, 0, 1, 0, 0, 2, 0, 0, 0, 0, 0, 0, 0, 0, 0, 0, 0, 1, 1, 2, 2, 0, 0, 2, 0, 0, 1, 1, 0, 2, 2, 0, 1, 0, 0, 0, 0, 0, 0, 0, 2, 0, 0, 0, 0, 0, 0, 0, 2, 2, 2, 3, 2, 0, 1, 1, 4, 2, 5, 1, 6, 2, 4, 2, 1, 91, 0, 0, 0, 0, 0, 0]",0,-0.0025234321358677384,-1,0
377,"[2, 2, 0, 3, 0, 5, 0, 3, 0, 1, 0, 2, 0, 0, 0, 0, 0, 1, 0, 0, 2, 0, 0, 0, 0, 0, 0, 0, 0, 0, 0, 0, 1, 1, 2, 2, 0, 0, 2, 0, 0, 1, 1, 0, 2, 2, 0, 1, 0, 0, 0, 0, 0, 0, 0, 2, 0, 0, 0, 0, 0, 0, 0, 2, 2, 2, 3, 2, 0, 1, 1, 4, 2, 5, 1, 6, 2, 4, 2, 1, 92, 0, 0, 0, 0, 0, 0]",4,14.064145595187311,-1,1
378,"[2, 2, 0, 3, 0, 5, 0, 3, 0, 1, 0, 2, 0, 0, 0, 0, 0, 1, 0, 0, 2, 0, 0, 0, 0, 0, 0, 0, 0, 0, 0, 0, 1, 1, 2, 2, 0, 0, 2, 0, 0, 1, 1, 0, 2, 2, 0, 1, 0, 0, 0, 0, 0, 0, 0, 2, 0, 0, 0, 0, 0, 0, 0, 2, 2, 2, 3, 2, 0, 1, 1, 4, 2, 5, 1, 6, 2, 4, 2, 1, 92, 0, 1, 0, 0, 0, 0]",2,0.5973749363325794,-1,0
379,"[2, 2, 0, 3, 0, 5, 0, 3, 0, 1, 0, 2, 0, 0, 0, 0, 0, 1, 0, 0, 2, 0, 0, 0, 0, 0, 0, 0, 0, 0, 0, 0, 1, 1, 2, 2, 0, 0, 2, 0, 0, 1, 1, 0, 2, 2, 0, 1, 0, 0, 0, 0, 0, 0, 0, 2, 0, 0, 0, 0, 0, 0, 0, 2, 2, 2, 3, 2, 0, 1, 1, 4, 2, 5, 1, 6, 2, 4, 2, 1, 92, 0, 0, 0, 0, 0, 0]",-1,-0.019925952054225708,-1,0
380,"[2, 2, 0, 3, 0, 5, 0, 3, 0, 1, 0, 2, 0, 0, 0, 0, 0, 1, 0, 0, 2, 0, 0, 0, 0, 0, 0, 0, 0, 0, 0, 0, 1, 1, 2, 2, 0, 0, 2, 0, 0, 1, 1, 0, 2, 2, 0, 1, 0, 0, 0, 0, 0, 0, 0, 2, 0, 0, 0, 0, 0, 0, 0, 2, 2, 2, 3, 2, 0, 1, 1, 4, 2, 5, 1, 6, 2, 4, 2, 1, 92, 0, 1, 0, 0, 0, 0]",2,0.5973749363325794,-1,0
381,"[2, 2, 0, 3, 0, 5, 0, 3, 0, 1, 0, 2, 0, 0, 0, 0, 0, 1, 0, 0, 2, 0, 0, 0, 0, 0, 0, 0, 0, 0, 0, 0, 1, 1, 2, 2, 0, 0, 2, 0, 0, 1, 1, 0, 2, 2, 0, 1, 0, 0, 0, 0, 0, 0, 0, 2, 0, 0, 0, 0, 0, 0, 0, 2, 2, 2, 3, 2, 0, 1, 1, 4, 2, 5, 1, 6, 2, 4, 2, 1, 92, 0, 0, 0, 0, 0, 0]",-1,-0.019925952054225708,-1,0
382,"[2, 2, 0, 3, 0, 5, 0, 3, 0, 1, 0, 2, 0, 0, 0, 0, 0, 1, 0, 0, 2, 0, 0, 0, 0, 0, 0, 0, 0, 0, 0, 0, 1, 1, 2, 2, 0, 0, 2, 0, 0, 1, 1, 0, 2, 2, 0, 1, 0, 0, 0, 0, 0, 0, 0, 2, 0, 0, 0, 0, 0, 0, 0, 2, 2, 2, 3, 2, 0, 1, 1, 4, 2, 5, 1, 6, 2, 4, 2, 1, 92, 1, 0, 0, 0, 0, 0]",3,0.3973749363325795,-1,0
383,"[0, 2, 0, 4, 0, 5, 0, 3, 0, 1, 0, 2, 0, 0, 0, 0, 0, 1, 0, 0, 2, 0, 0, 0, 0, 0, 0, 0, 0, 0, 0, 0, 1, 1, 2, 2, 0, 0, 2, 0, 0, 1, 1, 0, 2, 2, 0, 1, 0, 0, 0, 0, 0, 0, 0, 2, 0, 0, 0, 0, 0, 0, 0, 2, 2, 2, 3, 2, 0, 1, 1, 4, 2, 5, 1, 6, 2, 4, 2, 1, 92, 0, 0, 0, 0, 0, 0]","[[2 0 0 0]
 [0 0 0 1]]",-0.0011673817563795064,-1,0
384,"[0, 3, 0, 4, 0, 6, 0, 3, 0, 1, 0, 2, 0, 0, 0, 0, 0, 1, 0, 0, 2, 0, 0, 0, 0, 0, 0, 0, 0, 0, 0, 0, 1, 1, 2, 2, 0, 0, 2, 0, 0, 1, 1, 0, 2, 2, 0, 1, 0, 0, 0, 0, 0, 0, 0, 2, 0, 0, 0, 0, 0, 0, 0, 2, 2, 2, 3, 2, 0, 1, 1, 4, 2, 5, 1, 6, 2, 4, 2, 1, 93, 0, 0, 0, 0, 0, 0]",4,12.706734484939734,-1,0
385,"[0, 4, 0, 4, 0, 7, 0, 3, 0, 1, 0, 2, 0, 0, 0, 0, 0, 1, 0, 0, 2, 0, 0, 0, 0, 0, 0, 0, 0, 0, 0, 0, 1, 1, 2, 2, 0, 0, 2, 0, 0, 1, 1, 0, 2, 2, 0, 1, 0, 0, 0, 0, 0, 0, 0, 2, 0, 0, 0, 0, 0, 0, 0, 2, 2, 2, 3, 2, 0, 1, 1, 4, 2, 5, 1, 6, 2, 4, 2, 1, 94, 0, 0, 0, 0, 0, 0]",4,13.988433138349992,-1,1
386,"[0, 5, 0, 4, 0, 8, 0, 3, 0, 1, 0, 2, 0, 0, 0, 0, 0, 1, 0, 0, 2, 0, 0, 0, 0, 0, 0, 0, 0, 0, 0, 0, 1, 1, 2, 2, 0, 0, 2, 0, 0, 1, 1, 0, 2, 2, 0, 1, 0, 0, 0, 0, 0, 0, 0, 2, 0, 0, 0, 0, 0, 0, 0, 2, 2, 2, 3, 2, 0, 1, 1, 4, 2, 5, 1, 6, 2, 4, 2, 1, 95, 0, 0, 0, 0, 0, 0]",4,12.676449918188373,-1,0
387,"[0, 5, 0, 4, 0, 8, 0, 3, 0, 1, 0, 2, 0, 0, 0, 0, 0, 1, 0, 0, 2, 0, 0, 0, 0, 0, 0, 0, 0, 0, 0, 0, 1, 1, 2, 2, 0, 0, 2, 0, 0, 1, 1, 0, 2, 2, 0, 1, 0, 0, 0, 0, 0, 0, 0, 2, 0, 0, 0, 0, 0, 0, 0, 2, 2, 2, 3, 2, 0, 1, 1, 4, 2, 5, 1, 6, 2, 4, 2, 1, 96, 0, 0, 0, 0, 0, 0]",4,13.957175231543165,-1,1
388,"[0, 6, 0, 4, 0, 9, 0, 3, 0, 1, 0, 2, 0, 0, 0, 0, 0, 1, 0, 0, 2, 0, 0, 0, 0, 0, 0, 0, 0, 0, 0, 0, 1, 1, 2, 2, 0, 0, 2, 0, 0, 1, 1, 0, 2, 2, 0, 1, 0, 0, 0, 0, 0, 0, 0, 2, 0, 0, 0, 0, 0, 0, 0, 2, 2, 2, 3, 2, 0, 1, 1, 4, 2, 5, 1, 6, 2, 4, 2, 1, 97, 0, 0, 0, 0, 0, 0]",4,12.650188781266216,-1,0
389,"[0, 6, 0, 4, 0, 9, 0, 3, 0, 1, 0, 2, 0, 0, 0, 0, 0, 1, 0, 0, 2, 0, 0, 0, 0, 0, 0, 0, 0, 0, 0, 0, 1, 1, 2, 2, 0, 0, 2, 0, 0, 1, 1, 0, 2, 2, 0, 1, 0, 0, 0, 0, 0, 0, 0, 2, 0, 0, 0, 0, 0, 0, 0, 2, 2, 2, 3, 2, 0, 1, 1, 4, 2, 5, 1, 6, 2, 4, 2, 1, 97, 0, 1, 0, 0, 0, 0]",2,0.5968030303315595,-1,1
390,"[0, 6, 0, 4, 0, 9, 0, 3, 0, 1, 0, 2, 0, 0, 0, 0, 0, 1, 0, 0, 2, 0, 0, 0, 0, 0, 0, 0, 0, 0, 0, 0, 1, 1, 2, 2, 0, 0, 2, 0, 0, 1, 1, 0, 2, 2, 0, 1, 0, 0, 0, 0, 0, 0, 0, 2, 0, 0, 0, 0, 0, 0, 0, 2, 2, 2, 3, 2, 0, 1, 1, 4, 2, 5, 1, 6, 2, 4, 2, 1, 97, 0, 1, 0, 0, 1, 0]","[[0 1 0 0]
 [0 0 0 1]]",0.8472278953896504,-1,1
391,"[0, 7, 0, 3, 0, 8, 0, 4, 0, 1, 0, 2, 0, 0, 0, 0, 0, 1, 0, 0, 2, 0, 0, 0, 0, 0, 0, 0, 0, 0, 0, 0, 1, 1, 2, 2, 0, 0, 2, 0, 0, 1, 1, 0, 2, 2, 0, 1, 0, 0, 0, 0, 0, 0, 0, 2, 0, 0, 0, 0, 0, 0, 0, 2, 2, 2, 3, 2, 0, 1, 1, 4, 2, 5, 1, 6, 2, 4, 2, 1, 97, 0, 0, 0, 0, 0, 0]",0,-0.003196969668440517,-1,0
392,"[0, 3, 0, 1, 0, 4, 0, 2, 0, 1, 0, 2, 0, 0, 0, 0, 0, 1, 0, 0, 2, 0, 0, 0, 0, 0, 0, 0, 0, 0, 0, 0, 1, 1, 2, 2, 0, 0, 2, 0, 0, 1, 1, 0, 2, 2, 0, 1, 0, 0, 0, 0, 0, 0, 0, 2, 0, 0, 0, 0, 0, 0, 0, 2, 2, 2, 3, 2, 0, 1, 1, 4, 2, 5, 1, 6, 2, 4, 2, 2, 98, 0, 0, 0, 0, 0, 0]",4,14.085290247028656,-1,1
393,"[0, 3, 0, 1, 0, 4, 0, 2, 0, 1, 0, 2, 0, 0, 0, 0, 0, 1, 0, 0, 2, 0, 0, 0, 0, 0, 0, 0, 0, 0, 0, 0, 1, 1, 2, 2, 0, 0, 2, 0, 0, 1, 1, 0, 2, 2, 0, 1, 0, 0, 0, 0, 0, 0, 0, 2, 0, 0, 0, 0, 0, 0, 0, 2, 2, 2, 3, 2, 0, 1, 1, 4, 2, 5, 1, 6, 2, 4, 2, 2, 98, 1, 0, 0, 0, 0, 0]",3,0.3966747287784237,-1,0
394,"[0, 3, 0, 1, 0, 4, 0, 2, 0, 1, 0, 2, 0, 0, 0, 0, 0, 1, 0, 0, 2, 0, 0, 0, 0, 0, 0, 0, 0, 0, 0, 0, 1, 1, 2, 2, 0, 0, 2, 0, 0, 1, 1, 0, 2, 2, 0, 1, 0, 0, 0, 0, 0, 0, 0, 2, 0, 0, 0, 0, 0, 0, 0, 2, 2, 2, 3, 2, 0, 1, 1, 4, 2, 5, 1, 6, 2, 4, 2, 2, 98, 0, 0, 0, 0, 0, 0]",-1,-0.01876555494256998,-1,0
395,"[0, 3, 0, 1, 1, 4, 0, 2, 0, 1, 0, 2, 0, 0, 0, 0, 0, 1, 0, 0, 2, 0, 0, 0, 0, 0, 0, 0, 0, 0, 0, 0, 1, 1, 2, 2, 0, 0, 2, 0, 0, 1, 1, 0, 2, 2, 0, 1, 0, 0, 0, 0, 0, 0, 0, 2, 0, 0, 0, 0, 0, 0, 0, 2, 2, 2, 3, 2, 0, 1, 1, 4, 2, 5, 1, 6, 2, 4, 2, 2, 99, 0, 0, 0, 0, 0, 0]",4,14.262658560584805,-1,1
396,"[0, 4, 0, 1, 1, 5, 0, 2, 0, 1, 0, 2, 0, 0, 0, 0, 0, 1, 0, 0, 2, 0, 0, 0, 0, 0, 0, 0, 0, 0, 0, 0, 1, 1, 2, 2, 0, 0, 2, 0, 0, 1, 1, 0, 2, 2, 0, 1, 0, 0, 0, 0, 0, 0, 0, 2, 0, 0, 0, 0, 0, 0, 0, 2, 2, 2, 3, 2, 0, 1, 1, 4, 2, 5, 1, 6, 2, 4, 2, 2, 100, 0, 0, 0, 0, 0, 0]",4,12.593598673321655,-1,0
397,"[0, 5, 0, 1, 1, 6, 0, 2, 0, 1, 0, 2, 0, 0, 0, 0, 0, 1, 0, 0, 2, 0, 0, 0, 0, 0, 0, 0, 0, 0, 0, 0, 1, 1, 2, 2, 0, 0, 2, 0, 0, 1, 1, 0, 2, 2, 0, 1, 0, 0, 0, 0, 0, 0, 0, 2, 0, 0, 0, 0, 0, 0, 0, 2, 2, 2, 3, 2, 0, 1, 1, 4, 2, 5, 1, 6, 2, 4, 2, 2, 101, 0, 0, 0, 0, 0, 0]",4,14.091359259853906,-1,1
398,"[0, 5, 0, 1, 1, 6, 0, 2, 0, 1, 0, 2, 0, 0, 0, 0, 0, 1, 0, 0, 2, 0, 0, 0, 0, 0, 0, 0, 0, 0, 0, 0, 1, 1, 2, 2, 0, 0, 2, 0, 0, 1, 1, 0, 2, 2, 0, 1, 0, 0, 0, 0, 0, 0, 0, 2, 0, 0, 0, 0, 0, 0, 0, 2, 2, 2, 3, 2, 0, 1, 1, 4, 2, 5, 1, 6, 2, 4, 2, 2, 101, 1, 0, 0, 0, 0, 0]",3,0.3962586980091291,-1,0
399,"[0, 5, 0, 1, 1, 6, 0, 2, 0, 1, 0, 2, 0, 0, 0, 0, 0, 1, 0, 0, 2, 0, 0, 0, 0, 0, 0, 0, 0, 0, 0, 0, 1, 1, 2, 2, 0, 0, 2, 0, 0, 1, 1, 0, 2, 2, 0, 1, 0, 0, 0, 0, 0, 0, 0, 2, 0, 0, 0, 0, 0, 0, 0, 2, 2, 2, 3, 2, 0, 1, 1, 4, 2, 5, 1, 6, 2, 4, 2, 2, 101, 0, 0, 0, 0, 0, 0]",-1,-0.018210948978576166,-1,0
400,"[0, 5, 0, 1, 1, 6, 0, 2, 0, 1, 0, 2, 0, 0, 0, 0, 0, 1, 0, 0, 2, 0, 0, 0, 0, 0, 0, 0, 0, 0, 0, 0, 1, 1, 2, 2, 0, 0, 2, 0, 0, 1, 1, 0, 2, 2, 0, 1, 0, 0, 0, 0, 0, 0, 0, 2, 0, 0, 0, 0, 0, 0, 0, 2, 2, 2, 3, 2, 0, 1, 1, 4, 2, 5, 1, 6, 2, 4, 2, 2, 101, 0, 1, 0, 0, 0, 0]",2,0.596258698009129,-1,0
401,"[0, 5, 0, 1, 1, 6, 0, 2, 0, 1, 0, 2, 0, 0, 0, 0, 0, 1, 0, 0, 2, 0, 0, 0, 0, 0, 0, 0, 0, 0, 0, 0, 1, 1, 2, 2, 0, 0, 2, 0, 0, 1, 1, 0, 2, 2, 0, 1, 0, 0, 0, 0, 0, 0, 0, 2, 0, 0, 0, 0, 0, 0, 0, 2, 2, 2, 3, 2, 0, 1, 1, 4, 2, 5, 1, 6, 2, 4, 2, 2, 101, 0, 1, 0, 0, 1, 0]","[[0 1 0 0]
 [1 0 0 0]]",0.8466835630672199,-1,0
402,"[1, 4, 0, 1, 0, 7, 0, 2, 0, 1, 0, 2, 0, 0, 0, 0, 0, 1, 0, 0, 2, 0, 0, 0, 0, 0, 0, 0, 0, 0, 0, 0, 1, 1, 2, 2, 0, 0, 2, 0, 0, 1, 1, 0, 2, 2, 0, 1, 0, 0, 0, 0, 0, 0, 0, 2, 0, 0, 0, 0, 0, 0, 0, 2, 2, 2, 3, 2, 0, 1, 1, 4, 2, 5, 1, 6, 2, 4, 2, 2, 101, 0, 0, 0, 0, 0, 0]",0,-0.0037413019908709207,-1,1
403,"[1, 4, 0, 1, 0, 7, 0, 2, 0, 1, 0, 2, 0, 0, 0, 0, 0, 1, 0, 0, 2, 0, 0, 0, 0, 0, 0, 0, 0, 0, 0, 0, 1, 1, 2, 2, 0, 0, 2, 0, 0, 1, 1, 0, 2, 2, 0, 1, 0, 0, 0, 0, 0, 0, 0, 2, 0, 0, 0, 0, 0, 0, 0, 2, 2, 2, 3, 2, 0, 1, 1, 4, 2, 5, 1, 6, 2, 4, 2, 2, 101, 0, 0, 0, 0, 0, 0]",0,0.4912334448397124,-1,0
404,"[1, 4, 0, 1, 0, 7, 0, 2, 0, 1, 0, 2, 0, 0, 0, 0, 0, 1, 0, 0, 2, 0, 0, 0, 0, 0, 0, 0, 0, 0, 0, 0, 1, 1, 2, 2, 0, 0, 2, 0, 0, 1, 1, 0, 2, 2, 0, 1, 0, 0, 0, 0, 0, 0, 0, 2, 0, 0, 0, 0, 0, 0, 0, 2, 2, 2, 3, 2, 0, 1, 1, 4, 2, 5, 1, 6, 2, 4, 2, 2, 101, 0, 0, 0, 0, 0, 0]",-1,-0.018210948978576166,-1,0
405,"[1, 4, 0, 1, 0, 7, 0, 2, 0, 1, 0, 2, 0, 0, 0, 0, 0, 1, 0, 0, 2, 0, 0, 0, 0, 0, 0, 0, 0, 0, 0, 0, 1, 1, 2, 2, 0, 0, 2, 0, 0, 1, 1, 0, 2, 2, 0, 1, 0, 0, 0, 0, 0, 0, 0, 2, 0, 0, 0, 0, 0, 0, 0, 2, 2, 2, 3, 2, 0, 1, 1, 4, 2, 5, 1, 6, 2, 4, 2, 2, 101, 0, 0, 0, 0, 0, 0]",0,0.4912334448397124,-1,0
406,"[1, 4, 0, 1, 0, 7, 0, 2, 0, 1, 0, 2, 0, 0, 0, 0, 0, 1, 0, 0, 2, 0, 0, 0, 0, 0, 0, 0, 0, 0, 0, 0, 1, 1, 2, 2, 0, 0, 2, 0, 0, 1, 1, 0, 2, 2, 0, 1, 0, 0, 0, 0, 0, 0, 0, 2, 0, 0, 0, 0, 0, 0, 0, 2, 2, 2, 3, 2, 0, 1, 1, 4, 2, 5, 1, 6, 2, 4, 2, 2, 101, 0, 0, 0, 0, 0, 0]",-1,-0.018210948978576166,-1,0
407,"[1, 4, 0, 1, 0, 7, 0, 2, 0, 1, 0, 2, 0, 0, 0, 0, 0, 1, 0, 0, 2, 0, 0, 0, 0, 0, 0, 0, 0, 0, 0, 0, 1, 1, 2, 2, 0, 0, 2, 0, 0, 1, 1, 0, 2, 2, 0, 1, 0, 0, 0, 0, 0, 0, 0, 2, 0, 0, 0, 0, 0, 0, 0, 2, 2, 2, 3, 2, 0, 1, 1, 4, 2, 5, 1, 6, 2, 4, 2, 2, 101, 0, 0, 0, 0, 0, 0]",0,0.4912334448397124,-1,0
408,"[1, 4, 0, 1, 0, 7, 0, 2, 0, 1, 0, 2, 0, 0, 0, 0, 0, 1, 0, 0, 2, 0, 0, 0, 0, 0, 0, 0, 0, 0, 0, 0, 1, 1, 2, 2, 0, 0, 2, 0, 0, 1, 1, 0, 2, 2, 0, 1, 0, 0, 0, 0, 0, 0, 0, 2, 0, 0, 0, 0, 0, 0, 0, 2, 2, 2, 3, 2, 0, 1, 1, 4, 2, 5, 1, 6, 2, 4, 2, 2, 101, 0, 0, 0, 0, 0, 0]",-1,-0.018210948978576166,-1,0
409,"[1, 4, 0, 1, 0, 7, 0, 2, 0, 1, 0, 2, 0, 0, 0, 0, 0, 1, 0, 0, 2, 0, 0, 0, 0, 0, 0, 0, 0, 0, 0, 0, 1, 1, 2, 2, 0, 0, 2, 0, 0, 1, 1, 0, 2, 2, 0, 1, 0, 0, 0, 0, 0, 0, 0, 2, 0, 0, 0, 0, 0, 0, 0, 2, 2, 2, 3, 2, 0, 1, 1, 4, 2, 5, 1, 6, 2, 4, 2, 2, 101, 0, 0, 0, 0, 0, 0]",0,0.4912334448397124,-1,0
410,"[1, 4, 0, 1, 0, 7, 0, 2, 0, 1, 0, 2, 0, 0, 0, 0, 0, 1, 0, 0, 2, 0, 0, 0, 0, 0, 0, 0, 0, 0, 0, 0, 1, 1, 2, 2, 0, 0, 2, 0, 0, 1, 1, 0, 2, 2, 0, 1, 0, 0, 0, 0, 0, 0, 0, 2, 0, 0, 0, 0, 0, 0, 0, 2, 2, 2, 3, 2, 0, 1, 1, 4, 2, 5, 1, 6, 2, 4, 2, 2, 101, 0, 0, 0, 0, 0, 0]",-1,-0.018210948978576166,-1,0
411,"[1, 4, 0, 1, 0, 7, 0, 2, 0, 1, 0, 2, 0, 0, 0, 0, 0, 1, 0, 0, 2, 0, 0, 0, 0, 0, 0, 0, 0, 0, 0, 0, 1, 1, 2, 2, 0, 0, 2, 0, 0, 1, 1, 0, 2, 2, 0, 1, 0, 0, 0, 0, 0, 0, 0, 2, 0, 0, 0, 0, 0, 0, 0, 2, 2, 2, 3, 2, 0, 1, 1, 4, 2, 5, 1, 6, 2, 4, 2, 2, 101, 0, 0, 0, 0, 0, 0]",0,0.4912334448397124,-1,0
412,"[1, 4, 0, 1, 0, 7, 0, 2, 0, 1, 0, 2, 0, 0, 0, 0, 0, 1, 0, 0, 2, 0, 0, 0, 0, 0, 0, 0, 0, 0, 0, 0, 1, 1, 2, 2, 0, 0, 2, 0, 0, 1, 1, 0, 2, 2, 0, 1, 0, 0, 0, 0, 0, 0, 0, 2, 0, 0, 0, 0, 0, 0, 0, 2, 2, 2, 3, 2, 0, 1, 1, 4, 2, 5, 1, 6, 2, 4, 2, 2, 101, 0, 0, 0, 0, 0, 0]",-1,-0.018210948978576166,-1,0
413,"[1, 4, 0, 1, 0, 7, 0, 2, 0, 1, 0, 2, 0, 0, 0, 0, 0, 1, 0, 0, 2, 0, 0, 0, 0, 0, 0, 0, 0, 0, 0, 0, 1, 1, 2, 2, 0, 0, 2, 0, 0, 1, 1, 0, 2, 2, 0, 1, 0, 0, 0, 0, 0, 0, 0, 2, 0, 0, 0, 0, 0, 0, 0, 2, 2, 2, 3, 2, 0, 1, 1, 4, 2, 5, 1, 6, 2, 4, 2, 2, 101, 0, 0, 0, 0, 0, 0]",0,0.4912334448397124,-1,0
414,"[1, 4, 0, 1, 0, 7, 0, 2, 0, 1, 0, 2, 0, 0, 0, 0, 0, 1, 0, 0, 2, 0, 0, 0, 0, 0, 0, 0, 0, 0, 0, 0, 1, 1, 2, 2, 0, 0, 2, 0, 0, 1, 1, 0, 2, 2, 0, 1, 0, 0, 0, 0, 0, 0, 0, 2, 0, 0, 0, 0, 0, 0, 0, 2, 2, 2, 3, 2, 0, 1, 1, 4, 2, 5, 1, 6, 2, 4, 2, 2, 101, 0, 0, 0, 0, 0, 0]",-1,-0.018210948978576166,-1,0
415,"[1, 4, 0, 1, 0, 7, 0, 2, 0, 1, 0, 2, 0, 0, 0, 0, 0, 1, 0, 0, 2, 0, 0, 0, 0, 0, 0, 0, 0, 0, 0, 0, 1, 1, 2, 2, 0, 0, 2, 0, 0, 1, 1, 0, 2, 2, 0, 1, 0, 0, 0, 0, 0, 0, 0, 2, 0, 0, 0, 0, 0, 0, 0, 2, 2, 2, 3, 2, 0, 1, 1, 4, 2, 5, 1, 6, 2, 4, 2, 2, 101, 0, 0, 0, 0, 0, 0]",0,0.4912334448397124,-1,0
416,"[1, 4, 0, 1, 0, 7, 0, 2, 0, 1, 0, 2, 0, 0, 0, 0, 0, 1, 0, 0, 2, 0, 0, 0, 0, 0, 0, 0, 0, 0, 0, 0, 1, 1, 2, 2, 0, 0, 2, 0, 0, 1, 1, 0, 2, 2, 0, 1, 0, 0, 0, 0, 0, 0, 0, 2, 0, 0, 0, 0, 0, 0, 0, 2, 2, 2, 3, 2, 0, 1, 1, 4, 2, 5, 1, 6, 2, 4, 2, 2, 101, 0, 0, 0, 0, 0, 0]",-1,-0.018210948978576166,-1,0
417,"[1, 4, 0, 1, 0, 7, 0, 2, 0, 1, 0, 2, 0, 0, 0, 0, 0, 1, 0, 0, 2, 0, 0, 0, 0, 0, 0, 0, 0, 0, 0, 0, 1, 1, 2, 2, 0, 0, 2, 0, 0, 1, 1, 0, 2, 2, 0, 1, 0, 0, 0, 0, 0, 0, 0, 2, 0, 0, 0, 0, 0, 0, 0, 2, 2, 2, 3, 2, 0, 1, 1, 4, 2, 5, 1, 6, 2, 4, 2, 2, 101, 0, 0, 0, 0, 0, 0]",0,0.4912334448397124,-1,0
418,"[1, 4, 0, 1, 0, 7, 0, 2, 0, 1, 0, 2, 0, 0, 0, 0, 0, 1, 0, 0, 2, 0, 0, 0, 0, 0, 0, 0, 0, 0, 0, 0, 1, 1, 2, 2, 0, 0, 2, 0, 0, 1, 1, 0, 2, 2, 0, 1, 0, 0, 0, 0, 0, 0, 0, 2, 0, 0, 0, 0, 0, 0, 0, 2, 2, 2, 3, 2, 0, 1, 1, 4, 2, 5, 1, 6, 2, 4, 2, 2, 101, 0, 0, 0, 0, 0, 0]",-1,-0.018210948978576166,-1,0
419,"[1, 4, 0, 1, 0, 7, 0, 2, 0, 1, 0, 2, 0, 0, 0, 0, 0, 1, 0, 0, 2, 0, 0, 0, 0, 0, 0, 0, 0, 0, 0, 0, 1, 1, 2, 2, 0, 0, 2, 0, 0, 1, 1, 0, 2, 2, 0, 1, 0, 0, 0, 0, 0, 0, 0, 2, 0, 0, 0, 0, 0, 0, 0, 2, 2, 2, 3, 2, 0, 1, 1, 4, 2, 5, 1, 6, 2, 4, 2, 2, 101, 1, 0, 0, 0, 0, 0]",3,0.3962586980091291,-1,0
420,"[1, 4, 0, 1, 0, 7, 0, 2, 0, 1, 0, 2, 0, 0, 0, 0, 0, 1, 0, 0, 2, 0, 0, 0, 0, 0, 0, 0, 0, 0, 0, 0, 1, 1, 2, 2, 0, 0, 2, 0, 0, 1, 1, 0, 2, 2, 0, 1, 0, 0, 0, 0, 0, 0, 0, 2, 0, 0, 0, 0, 0, 0, 0, 2, 2, 2, 3, 2, 0, 1, 1, 4, 2, 5, 1, 6, 2, 4, 2, 2, 101, 0, 0, 0, 0, 0, 0]",-1,-0.018210948978576166,-1,0
421,"[1, 4, 0, 1, 0, 7, 0, 2, 0, 1, 0, 2, 0, 0, 0, 0, 0, 1, 0, 0, 2, 0, 0, 0, 0, 0, 0, 0, 0, 0, 0, 0, 1, 1, 2, 2, 0, 0, 2, 0, 0, 1, 1, 0, 2, 2, 0, 1, 0, 0, 0, 0, 0, 0, 0, 2, 0, 0, 0, 0, 0, 0, 0, 2, 2, 2, 3, 2, 0, 1, 1, 4, 2, 5, 1, 6, 2, 4, 2, 2, 101, 0, 1, 0, 0, 0, 0]",2,0.596258698009129,-1,0
422,"[1, 4, 0, 1, 0, 7, 0, 2, 0, 1, 0, 2, 0, 0, 0, 0, 0, 1, 0, 0, 2, 0, 0, 0, 0, 0, 0, 0, 0, 0, 0, 0, 1, 1, 2, 2, 0, 0, 2, 0, 0, 1, 1, 0, 2, 2, 0, 1, 0, 0, 0, 0, 0, 0, 0, 2, 0, 0, 0, 0, 0, 0, 0, 2, 2, 2, 3, 2, 0, 1, 1, 4, 2, 5, 1, 6, 2, 4, 2, 2, 101, 0, 0, 0, 0, 0, 0]",-1,-0.018210948978576166,-1,0
423,"[1, 4, 0, 1, 0, 7, 0, 2, 0, 1, 0, 2, 0, 0, 0, 0, 0, 1, 0, 0, 2, 0, 0, 0, 0, 0, 0, 0, 0, 0, 0, 0, 1, 1, 2, 2, 0, 0, 2, 0, 0, 1, 1, 0, 2, 2, 0, 1, 0, 0, 0, 0, 0, 0, 0, 2, 0, 0, 0, 0, 0, 0, 0, 2, 2, 2, 3, 2, 0, 1, 1, 4, 2, 5, 1, 6, 2, 4, 2, 2, 102, 0, 0, 0, 0, 0, 0]",4,12.778299107632805,-1,0
424,"[1, 4, 0, 1, 0, 7, 0, 2, 0, 1, 0, 2, 0, 0, 0, 0, 0, 1, 0, 0, 2, 0, 0, 0, 0, 0, 0, 0, 0, 0, 0, 0, 1, 1, 2, 2, 0, 0, 2, 0, 0, 1, 1, 0, 2, 2, 0, 1, 0, 0, 0, 0, 0, 0, 0, 2, 0, 0, 0, 0, 0, 0, 0, 2, 2, 2, 3, 2, 0, 1, 1, 4, 2, 5, 1, 6, 2, 4, 2, 2, 102, 0, 1, 0, 0, 0, 0]",2,0.5961089830863614,-1,1
425,"[1, 4, 0, 1, 0, 7, 0, 2, 0, 1, 0, 2, 0, 0, 0, 0, 0, 1, 0, 0, 2, 0, 0, 0, 0, 0, 0, 0, 0, 0, 0, 0, 1, 1, 2, 2, 0, 0, 2, 0, 0, 1, 1, 0, 2, 2, 0, 1, 0, 0, 0, 0, 0, 0, 0, 2, 0, 0, 0, 0, 0, 0, 0, 2, 2, 2, 3, 2, 0, 1, 1, 4, 2, 5, 1, 6, 2, 4, 2, 2, 102, 0, 1, 0, 0, 1, 0]","[[0 1 0 0]
 [1 0 0 0]]",0.8465338481444523,-1,1
426,"[0, 5, 0, 1, 1, 6, 0, 2, 0, 1, 0, 2, 0, 0, 0, 0, 0, 1, 0, 0, 2, 0, 0, 0, 0, 0, 0, 0, 0, 0, 0, 0, 1, 1, 2, 2, 0, 0, 2, 0, 0, 1, 1, 0, 2, 2, 0, 1, 0, 0, 0, 0, 0, 0, 0, 2, 0, 0, 0, 0, 0, 0, 0, 2, 2, 2, 3, 2, 0, 1, 1, 4, 2, 5, 1, 6, 2, 4, 2, 2, 102, 0, 0, 0, 0, 0, 0]",0,-0.003891016913638607,-1,0
427,"[0, 5, 0, 1, 1, 6, 0, 2, 0, 1, 0, 2, 0, 0, 0, 0, 0, 1, 0, 0, 2, 0, 0, 0, 0, 0, 0, 0, 0, 0, 0, 0, 1, 1, 2, 2, 0, 0, 2, 0, 0, 1, 1, 0, 2, 2, 0, 1, 0, 0, 0, 0, 0, 0, 0, 2, 0, 0, 0, 0, 0, 0, 0, 2, 2, 2, 3, 2, 0, 1, 1, 4, 2, 5, 1, 6, 2, 4, 2, 2, 103, 0, 0, 0, 0, 0, 0]",4,14.090325512325785,-1,1
428,"[0, 6, 0, 1, 1, 7, 0, 2, 0, 1, 0, 2, 0, 0, 0, 0, 0, 1, 0, 0, 2, 0, 0, 0, 0, 0, 0, 0, 0, 0, 0, 0, 1, 1, 2, 2, 0, 0, 2, 0, 0, 1, 1, 0, 2, 2, 0, 1, 0, 0, 0, 0, 0, 0, 0, 2, 0, 0, 0, 0, 0, 0, 0, 2, 2, 2, 3, 2, 0, 1, 1, 4, 2, 5, 1, 6, 2, 4, 2, 2, 104, 0, 0, 0, 0, 0, 0]",4,12.451444471994094,-1,0
429,"[0, 6, 0, 2, 1, 7, 0, 3, 0, 1, 0, 2, 0, 0, 0, 0, 0, 1, 0, 0, 2, 0, 0, 0, 0, 0, 0, 0, 0, 0, 0, 0, 1, 1, 2, 2, 0, 0, 2, 0, 0, 1, 1, 0, 2, 2, 0, 1, 0, 0, 0, 0, 0, 0, 0, 2, 0, 0, 0, 0, 0, 0, 0, 2, 2, 2, 3, 2, 0, 1, 1, 4, 2, 5, 1, 6, 2, 4, 2, 2, 105, 0, 0, 0, 0, 0, 0]",4,14.088417386978927,-1,1
430,"[0, 7, 0, 2, 1, 8, 0, 3, 0, 1, 0, 2, 0, 0, 0, 0, 0, 1, 0, 0, 2, 0, 0, 0, 0, 0, 0, 0, 0, 0, 0, 0, 1, 1, 2, 2, 0, 0, 2, 0, 0, 1, 1, 0, 2, 2, 0, 1, 0, 0, 0, 0, 0, 0, 0, 2, 0, 0, 0, 0, 0, 0, 0, 2, 2, 2, 3, 2, 0, 1, 1, 4, 2, 5, 1, 6, 2, 4, 2, 2, 106, 0, 0, 0, 0, 0, 0]",4,12.517774296750748,-1,0
431,"[0, 7, 0, 2, 1, 8, 0, 3, 0, 1, 0, 2, 0, 0, 0, 0, 0, 1, 0, 0, 2, 0, 0, 0, 0, 0, 0, 0, 0, 0, 0, 0, 1, 1, 2, 2, 0, 0, 2, 0, 0, 1, 1, 0, 2, 2, 0, 1, 0, 0, 0, 0, 0, 0, 0, 2, 0, 0, 0, 0, 0, 0, 0, 2, 2, 2, 3, 2, 0, 1, 1, 4, 2, 5, 1, 6, 2, 4, 2, 2, 107, 0, 0, 0, 0, 0, 0]",4,14.048009782677195,-1,1
432,"[0, 7, 0, 2, 1, 8, 0, 3, 0, 1, 0, 2, 0, 0, 0, 0, 0, 1, 0, 0, 2, 0, 0, 0, 0, 0, 0, 0, 0, 0, 0, 0, 1, 1, 2, 2, 0, 0, 2, 0, 0, 1, 1, 0, 2, 2, 0, 1, 0, 0, 0, 0, 0, 0, 0, 2, 0, 0, 0, 0, 0, 0, 0, 2, 2, 2, 3, 2, 0, 1, 1, 4, 2, 5, 1, 6, 2, 4, 2, 2, 108, 0, 0, 0, 0, 0, 0]",4,12.516711676593514,-1,0
433,"[0, 7, 0, 2, 1, 8, 0, 3, 0, 1, 0, 2, 0, 0, 0, 0, 0, 1, 0, 0, 2, 0, 0, 0, 0, 0, 0, 0, 0, 0, 0, 0, 1, 1, 2, 2, 0, 0, 2, 0, 0, 1, 1, 0, 2, 2, 0, 1, 0, 0, 0, 0, 0, 0, 0, 2, 0, 0, 0, 0, 0, 0, 0, 2, 2, 2, 3, 2, 0, 1, 1, 4, 2, 5, 1, 6, 2, 4, 2, 2, 108, 0, 1, 0, 0, 0, 0]",2,0.595079514319452,-1,1
434,"[0, 7, 0, 2, 1, 8, 0, 3, 0, 1, 0, 2, 0, 0, 0, 0, 0, 1, 0, 0, 2, 0, 0, 0, 0, 0, 0, 0, 0, 0, 0, 0, 1, 1, 2, 2, 0, 0, 2, 0, 0, 1, 1, 0, 2, 2, 0, 1, 0, 0, 0, 0, 0, 0, 0, 2, 0, 0, 0, 0, 0, 0, 0, 2, 2, 2, 3, 2, 0, 1, 1, 4, 2, 5, 1, 6, 2, 4, 2, 2, 108, 0, 1, 0, 0, 1, 0]","[[1 0 0 0]
 [0 1 0 0]]",0.845504379377543,-1,1
435,"[0, 7, 0, 2, 1, 8, 0, 3, 0, 1, 0, 2, 0, 0, 0, 0, 0, 1, 0, 0, 2, 0, 0, 0, 0, 0, 0, 0, 0, 0, 0, 0, 1, 1, 2, 2, 0, 0, 2, 0, 0, 1, 1, 0, 2, 2, 0, 1, 0, 0, 0, 0, 0, 0, 0, 2, 0, 0, 0, 0, 0, 0, 0, 2, 2, 2, 3, 2, 0, 1, 1, 4, 2, 5, 1, 6, 2, 4, 2, 2, 108, 0, 0, 0, 0, 0, 0]",1,-0.004920485680547887,-1,0
436,"[0, 3, 0, 1, 1, 4, 0, 1, 0, 1, 0, 2, 0, 0, 0, 0, 0, 1, 0, 0, 2, 0, 0, 0, 0, 0, 0, 0, 0, 0, 0, 0, 1, 1, 2, 2, 0, 0, 2, 0, 0, 1, 1, 0, 2, 2, 0, 1, 0, 0, 0, 0, 0, 0, 0, 2, 0, 0, 0, 0, 0, 0, 0, 2, 2, 2, 3, 2, 0, 1, 1, 4, 2, 5, 1, 6, 2, 4, 2, 5, 109, 0, 0, 0, 0, 0, 0]",4,14.174611621491382,-1,1
437,"[0, 3, 0, 1, 1, 4, 0, 1, 0, 1, 0, 2, 0, 0, 0, 0, 0, 1, 0, 0, 2, 0, 0, 0, 0, 0, 0, 0, 0, 0, 0, 0, 1, 1, 2, 2, 0, 0, 2, 0, 0, 1, 1, 0, 2, 2, 0, 1, 0, 0, 0, 0, 0, 0, 0, 2, 0, 0, 0, 0, 0, 0, 0, 2, 2, 2, 3, 2, 0, 1, 1, 4, 2, 5, 1, 6, 2, 4, 2, 5, 109, 1, 0, 0, 0, 0, 0]",3,0.3948838423375985,-1,0
438,"[0, 3, 0, 1, 1, 4, 0, 1, 0, 1, 0, 2, 0, 0, 0, 0, 0, 1, 0, 0, 2, 0, 0, 0, 0, 0, 0, 0, 0, 0, 0, 0, 1, 1, 2, 2, 0, 0, 2, 0, 0, 1, 1, 0, 2, 2, 0, 1, 0, 0, 0, 0, 0, 0, 0, 2, 0, 0, 0, 0, 0, 0, 0, 2, 2, 2, 3, 2, 0, 1, 1, 4, 2, 5, 1, 6, 2, 4, 2, 5, 109, 0, 0, 0, 0, 0, 0]",-1,-0.016810824685336668,-1,0
439,"[0, 3, 0, 1, 1, 4, 0, 1, 0, 1, 0, 2, 0, 0, 0, 0, 0, 1, 0, 0, 2, 0, 0, 0, 0, 0, 0, 0, 0, 0, 0, 0, 1, 1, 2, 2, 0, 0, 2, 0, 0, 1, 1, 0, 2, 2, 0, 1, 0, 0, 0, 0, 0, 0, 0, 2, 0, 0, 0, 0, 0, 0, 0, 2, 2, 2, 3, 2, 0, 1, 1, 4, 2, 5, 1, 6, 2, 4, 2, 5, 110, 0, 0, 0, 0, 0, 0]",4,14.17407047724459,-1,1
440,"[0, 3, 0, 1, 1, 4, 0, 1, 0, 1, 0, 2, 0, 0, 0, 0, 0, 1, 0, 0, 2, 0, 0, 0, 0, 0, 0, 0, 0, 0, 0, 0, 1, 1, 2, 2, 0, 0, 2, 0, 0, 1, 1, 0, 2, 2, 0, 1, 0, 0, 0, 0, 0, 0, 0, 2, 0, 0, 0, 0, 0, 0, 0, 2, 2, 2, 3, 2, 0, 1, 1, 4, 2, 5, 1, 6, 2, 4, 2, 5, 111, 0, 0, 0, 0, 0, 0]",4,12.721231181178283,-1,0
441,"[0, 4, 0, 1, 1, 5, 0, 1, 0, 1, 0, 2, 0, 0, 0, 0, 0, 1, 0, 0, 2, 0, 0, 0, 0, 0, 0, 0, 0, 0, 0, 0, 1, 1, 2, 2, 0, 0, 2, 0, 0, 1, 1, 0, 2, 2, 0, 1, 0, 0, 0, 0, 0, 0, 0, 2, 0, 0, 0, 0, 0, 0, 0, 2, 2, 2, 3, 2, 0, 1, 1, 4, 2, 5, 1, 6, 2, 4, 2, 5, 112, 0, 0, 0, 0, 0, 0]",4,14.06382945831514,-1,1
442,"[0, 4, 0, 1, 1, 5, 0, 1, 0, 1, 0, 2, 0, 0, 0, 0, 0, 1, 0, 0, 2, 0, 0, 0, 0, 0, 0, 0, 0, 0, 0, 0, 1, 1, 2, 2, 0, 0, 2, 0, 0, 1, 1, 0, 2, 2, 0, 1, 0, 0, 0, 0, 0, 0, 0, 2, 0, 0, 0, 0, 0, 0, 0, 2, 2, 2, 3, 2, 0, 1, 1, 4, 2, 5, 1, 6, 2, 4, 2, 5, 112, 0, 0, 0, 0, 0, 0]",0,0.4892250476452753,-1,0
443,"[0, 4, 0, 1, 1, 5, 0, 1, 0, 1, 0, 2, 0, 0, 0, 0, 0, 1, 0, 0, 2, 0, 0, 0, 0, 0, 0, 0, 0, 0, 0, 0, 1, 1, 2, 2, 0, 0, 2, 0, 0, 1, 1, 0, 2, 2, 0, 1, 0, 0, 0, 0, 0, 0, 0, 2, 0, 0, 0, 0, 0, 0, 0, 2, 2, 2, 3, 2, 0, 1, 1, 4, 2, 5, 1, 6, 2, 4, 2, 5, 112, 0, 0, 0, 0, 0, 0]",-1,-0.016313989731151973,-1,0
444,"[0, 4, 0, 1, 1, 5, 0, 1, 0, 1, 0, 2, 0, 0, 0, 0, 0, 1, 0, 0, 2, 0, 0, 0, 0, 0, 0, 0, 0, 0, 0, 0, 1, 1, 2, 2, 0, 0, 2, 0, 0, 1, 1, 0, 2, 2, 0, 1, 0, 0, 0, 0, 0, 0, 0, 2, 0, 0, 0, 0, 0, 0, 0, 2, 2, 2, 3, 2, 0, 1, 1, 4, 2, 5, 1, 6, 2, 4, 2, 5, 112, 0, 1, 0, 0, 0, 0]",2,0.594250300814692,-1,0
445,"[0, 4, 0, 1, 1, 5, 0, 1, 0, 1, 0, 2, 0, 0, 0, 0, 0, 1, 0, 0, 2, 0, 0, 0, 0, 0, 0, 0, 0, 0, 0, 0, 1, 1, 2, 2, 0, 0, 2, 0, 0, 1, 1, 0, 2, 2, 0, 1, 0, 0, 0, 0, 0, 0, 0, 2, 0, 0, 0, 0, 0, 0, 0, 2, 2, 2, 3, 2, 0, 1, 1, 4, 2, 5, 1, 6, 2, 4, 2, 5, 112, 0, 1, 0, 0, 1, 0]","[[0 0 0 1]
 [1 0 0 0]]",0.8446751658727829,-1,0
446,"[0, 4, 0, 1, 1, 5, 0, 1, 0, 1, 0, 2, 0, 0, 0, 0, 0, 1, 0, 0, 2, 0, 0, 0, 0, 0, 0, 0, 0, 0, 0, 0, 1, 1, 2, 2, 0, 0, 2, 0, 0, 1, 1, 0, 2, 2, 0, 1, 0, 0, 0, 0, 0, 0, 0, 2, 0, 0, 0, 0, 0, 0, 0, 2, 2, 2, 3, 2, 0, 1, 1, 4, 2, 5, 1, 6, 2, 4, 2, 5, 112, 0, 1, 0, 0, 0, 1]",2,-0.005749699185307994,-1,1
447,"[0, 4, 0, 1, 1, 5, 0, 1, 0, 1, 0, 2, 0, 0, 0, 0, 0, 1, 0, 0, 2, 0, 0, 0, 0, 0, 0, 0, 0, 0, 0, 0, 1, 1, 2, 2, 0, 0, 2, 0, 0, 1, 1, 0, 2, 2, 0, 1, 0, 0, 0, 0, 0, 0, 0, 2, 0, 0, 0, 0, 0, 0, 0, 2, 2, 2, 3, 2, 0, 1, 1, 4, 2, 5, 1, 6, 2, 4, 2, 5, 112, 0, 0, 1, 0, 0, 0]","[[1 0 0 0]
 [0 1 0 0]]",-0.005749699185307994,-1,1
448,"[0, 4, 0, 1, 1, 5, 0, 1, 0, 1, 0, 2, 0, 0, 0, 0, 0, 1, 0, 0, 2, 0, 0, 0, 0, 0, 0, 0, 0, 0, 0, 0, 1, 1, 2, 2, 0, 0, 2, 0, 0, 1, 1, 0, 2, 2, 0, 1, 0, 0, 0, 0, 0, 0, 0, 2, 0, 0, 0, 0, 0, 0, 0, 2, 2, 2, 3, 2, 0, 1, 1, 4, 2, 5, 1, 6, 2, 4, 2, 5, 112, 0, 0, 0, 0, 0, 0]",1,-0.6949687121835288,-1,0
449,"[0, 4, 0, 1, 1, 5, 0, 1, 0, 1, 0, 2, 0, 0, 0, 0, 0, 1, 0, 0, 2, 0, 0, 0, 0, 0, 0, 0, 0, 0, 0, 0, 1, 1, 2, 2, 0, 0, 2, 0, 0, 1, 1, 0, 2, 2, 0, 1, 0, 0, 0, 0, 0, 0, 0, 2, 0, 0, 0, 0, 0, 0, 0, 2, 2, 2, 3, 2, 0, 1, 1, 4, 2, 5, 1, 6, 2, 4, 2, 5, 112, 1, 0, 0, 0, 0, 0]",3,0.39425030081469203,-1,0
450,"[0, 4, 0, 1, 1, 5, 0, 1, 0, 1, 0, 2, 0, 0, 0, 0, 0, 1, 0, 0, 2, 0, 0, 0, 0, 0, 0, 0, 0, 0, 0, 0, 1, 1, 2, 2, 0, 0, 2, 0, 0, 1, 1, 0, 2, 2, 0, 1, 0, 0, 0, 0, 0, 0, 0, 2, 0, 0, 0, 0, 0, 0, 0, 2, 2, 2, 3, 2, 0, 1, 1, 4, 2, 5, 1, 6, 2, 4, 2, 5, 112, 0, 0, 0, 0, 0, 0]",-1,-0.016313989731151973,-1,0
451,"[0, 4, 0, 1, 1, 5, 0, 1, 0, 1, 0, 2, 0, 0, 0, 0, 0, 1, 0, 0, 2, 0, 0, 0, 0, 0, 0, 0, 0, 0, 0, 0, 1, 1, 2, 2, 0, 0, 2, 0, 0, 1, 1, 0, 2, 2, 0, 1, 0, 0, 0, 0, 0, 0, 0, 2, 0, 0, 0, 0, 0, 0, 0, 2, 2, 2, 3, 2, 0, 1, 1, 4, 2, 5, 1, 6, 2, 4, 2, 5, 112, 1, 0, 0, 0, 0, 0]",3,0.39425030081469203,-1,0
452,"[0, 4, 0, 1, 1, 5, 0, 1, 0, 1, 0, 2, 0, 0, 0, 0, 0, 1, 0, 0, 2, 0, 0, 0, 0, 0, 0, 0, 0, 0, 0, 0, 1, 1, 2, 2, 0, 0, 2, 0, 0, 1, 1, 0, 2, 2, 0, 1, 0, 0, 0, 0, 0, 0, 0, 2, 0, 0, 0, 0, 0, 0, 0, 2, 2, 2, 3, 2, 0, 1, 1, 4, 2, 5, 1, 6, 2, 4, 2, 5, 112, 0, 0, 0, 0, 0, 0]",-1,-0.016313989731151973,-1,0
453,"[0, 4, 0, 1, 1, 5, 0, 1, 0, 1, 0, 2, 0, 0, 0, 0, 0, 1, 0, 0, 2, 0, 0, 0, 0, 0, 0, 0, 0, 0, 0, 0, 1, 1, 2, 2, 0, 0, 2, 0, 0, 1, 1, 0, 2, 2, 0, 1, 0, 0, 0, 0, 0, 0, 0, 2, 0, 0, 0, 0, 0, 0, 0, 2, 2, 2, 3, 2, 0, 1, 1, 4, 2, 5, 1, 6, 2, 4, 2, 5, 112, 1, 0, 0, 0, 0, 0]",3,0.39425030081469203,-1,0
454,"[0, 4, 0, 1, 1, 5, 0, 1, 0, 1, 0, 2, 0, 0, 0, 0, 0, 1, 0, 0, 2, 0, 0, 0, 0, 0, 0, 0, 0, 0, 0, 0, 1, 1, 2, 2, 0, 0, 2, 0, 0, 1, 1, 0, 2, 2, 0, 1, 0, 0, 0, 0, 0, 0, 0, 2, 0, 0, 0, 0, 0, 0, 0, 2, 2, 2, 3, 2, 0, 1, 1, 4, 2, 5, 1, 6, 2, 4, 2, 5, 112, 0, 0, 0, 0, 0, 0]",-1,-0.016313989731151973,-1,0
455,"[0, 4, 0, 1, 1, 5, 0, 1, 0, 1, 0, 2, 0, 0, 0, 0, 0, 1, 0, 0, 2, 0, 0, 0, 0, 0, 0, 0, 0, 0, 0, 0, 1, 1, 2, 2, 0, 0, 2, 0, 0, 1, 1, 0, 2, 2, 0, 1, 0, 0, 0, 0, 0, 0, 0, 2, 0, 0, 0, 0, 0, 0, 0, 2, 2, 2, 3, 2, 0, 1, 1, 4, 2, 5, 1, 6, 2, 4, 2, 5, 112, 1, 0, 0, 0, 0, 0]",3,0.39425030081469203,-1,0
456,"[0, 4, 0, 1, 1, 5, 0, 1, 0, 1, 0, 2, 0, 0, 0, 0, 0, 1, 0, 0, 2, 0, 0, 0, 0, 0, 0, 0, 0, 0, 0, 0, 1, 1, 2, 2, 0, 0, 2, 0, 0, 1, 1, 0, 2, 2, 0, 1, 0, 0, 0, 0, 0, 0, 0, 2, 0, 0, 0, 0, 0, 0, 0, 2, 2, 2, 3, 2, 0, 1, 1, 4, 2, 5, 1, 6, 2, 4, 2, 5, 112, 0, 0, 0, 0, 0, 0]",-1,-0.016313989731151973,-1,0
457,"[0, 4, 0, 1, 1, 5, 0, 1, 0, 1, 0, 2, 0, 0, 0, 0, 0, 1, 0, 0, 2, 0, 0, 0, 0, 0, 0, 0, 0, 0, 0, 0, 1, 1, 2, 2, 0, 0, 2, 0, 0, 1, 1, 0, 2, 2, 0, 1, 0, 0, 0, 0, 0, 0, 0, 2, 0, 0, 0, 0, 0, 0, 0, 2, 2, 2, 3, 2, 0, 1, 1, 4, 2, 5, 1, 6, 2, 4, 2, 5, 112, 0, 1, 0, 0, 0, 0]",2,0.594250300814692,-1,0
458,"[0, 4, 0, 1, 1, 5, 0, 1, 0, 1, 0, 2, 0, 0, 0, 0, 0, 1, 0, 0, 2, 0, 0, 0, 0, 0, 0, 0, 0, 0, 0, 0, 1, 1, 2, 2, 0, 0, 2, 0, 0, 1, 1, 0, 2, 2, 0, 1, 0, 0, 0, 0, 0, 0, 0, 2, 0, 0, 0, 0, 0, 0, 0, 2, 2, 2, 3, 2, 0, 1, 1, 4, 2, 5, 1, 6, 2, 4, 2, 5, 112, 0, 1, 0, 0, 1, 0]","[[0 1 0 0]
 [1 0 0 0]]",0.8446751658727829,-1,0
459,"[1, 3, 0, 1, 0, 6, 0, 1, 0, 1, 0, 2, 0, 0, 0, 0, 0, 1, 0, 0, 2, 0, 0, 0, 0, 0, 0, 0, 0, 0, 0, 0, 1, 1, 2, 2, 0, 0, 2, 0, 0, 1, 1, 0, 2, 2, 0, 1, 0, 0, 0, 0, 0, 0, 0, 2, 0, 0, 0, 0, 0, 0, 0, 2, 2, 2, 3, 2, 0, 1, 1, 4, 2, 5, 1, 6, 2, 4, 2, 5, 112, 0, 0, 0, 0, 0, 0]",0,-0.005749699185307994,-1,1
460,"[1, 3, 0, 1, 0, 6, 0, 1, 0, 1, 0, 2, 0, 0, 0, 0, 0, 1, 0, 0, 2, 0, 0, 0, 0, 0, 0, 0, 0, 0, 0, 0, 1, 1, 2, 2, 0, 0, 2, 0, 0, 1, 1, 0, 2, 2, 0, 1, 0, 0, 0, 0, 0, 0, 0, 2, 0, 0, 0, 0, 0, 0, 0, 2, 2, 2, 3, 2, 0, 1, 1, 4, 2, 5, 1, 6, 2, 4, 2, 5, 112, 0, 0, 0, 0, 0, 0]",0,0.4892250476452753,-1,0
461,"[1, 3, 0, 1, 0, 6, 0, 1, 0, 1, 0, 2, 0, 0, 0, 0, 0, 1, 0, 0, 2, 0, 0, 0, 0, 0, 0, 0, 0, 0, 0, 0, 1, 1, 2, 2, 0, 0, 2, 0, 0, 1, 1, 0, 2, 2, 0, 1, 0, 0, 0, 0, 0, 0, 0, 2, 0, 0, 0, 0, 0, 0, 0, 2, 2, 2, 3, 2, 0, 1, 1, 4, 2, 5, 1, 6, 2, 4, 2, 5, 112, 0, 0, 0, 0, 0, 0]",-1,-0.016313989731151973,-1,0
462,"[1, 3, 0, 1, 0, 6, 0, 1, 0, 1, 0, 2, 0, 0, 0, 0, 0, 1, 0, 0, 2, 0, 0, 0, 0, 0, 0, 0, 0, 0, 0, 0, 1, 1, 2, 2, 0, 0, 2, 0, 0, 1, 1, 0, 2, 2, 0, 1, 0, 0, 0, 0, 0, 0, 0, 2, 0, 0, 0, 0, 0, 0, 0, 2, 2, 2, 3, 2, 0, 1, 1, 4, 2, 5, 1, 6, 2, 4, 2, 5, 112, 0, 0, 0, 0, 0, 0]",0,0.4892250476452753,-1,0
463,"[1, 3, 0, 1, 0, 6, 0, 1, 0, 1, 0, 2, 0, 0, 0, 0, 0, 1, 0, 0, 2, 0, 0, 0, 0, 0, 0, 0, 0, 0, 0, 0, 1, 1, 2, 2, 0, 0, 2, 0, 0, 1, 1, 0, 2, 2, 0, 1, 0, 0, 0, 0, 0, 0, 0, 2, 0, 0, 0, 0, 0, 0, 0, 2, 2, 2, 3, 2, 0, 1, 1, 4, 2, 5, 1, 6, 2, 4, 2, 5, 112, 0, 0, 0, 0, 0, 0]",-1,-0.016313989731151973,-1,0
464,"[1, 3, 0, 1, 0, 6, 0, 1, 0, 1, 0, 2, 0, 0, 0, 0, 0, 1, 0, 0, 2, 0, 0, 0, 0, 0, 0, 0, 0, 0, 0, 0, 1, 1, 2, 2, 0, 0, 2, 0, 0, 1, 1, 0, 2, 2, 0, 1, 0, 0, 0, 0, 0, 0, 0, 2, 0, 0, 0, 0, 0, 0, 0, 2, 2, 2, 3, 2, 0, 1, 1, 4, 2, 5, 1, 6, 2, 4, 2, 5, 112, 0, 0, 0, 0, 0, 0]",0,0.4892250476452753,-1,0
465,"[1, 3, 0, 1, 0, 6, 0, 1, 0, 1, 0, 2, 0, 0, 0, 0, 0, 1, 0, 0, 2, 0, 0, 0, 0, 0, 0, 0, 0, 0, 0, 0, 1, 1, 2, 2, 0, 0, 2, 0, 0, 1, 1, 0, 2, 2, 0, 1, 0, 0, 0, 0, 0, 0, 0, 2, 0, 0, 0, 0, 0, 0, 0, 2, 2, 2, 3, 2, 0, 1, 1, 4, 2, 5, 1, 6, 2, 4, 2, 5, 112, 0, 0, 0, 0, 0, 0]",-1,-0.016313989731151973,-1,0
466,"[1, 3, 0, 1, 0, 6, 0, 1, 0, 1, 0, 2, 0, 0, 0, 0, 0, 1, 0, 0, 2, 0, 0, 0, 0, 0, 0, 0, 0, 0, 0, 0, 1, 1, 2, 2, 0, 0, 2, 0, 0, 1, 1, 0, 2, 2, 0, 1, 0, 0, 0, 0, 0, 0, 0, 2, 0, 0, 0, 0, 0, 0, 0, 2, 2, 2, 3, 2, 0, 1, 1, 4, 2, 5, 1, 6, 2, 4, 2, 5, 112, 0, 0, 0, 0, 0, 0]",0,0.4892250476452753,-1,0
467,"[1, 3, 0, 1, 0, 6, 0, 1, 0, 1, 0, 2, 0, 0, 0, 0, 0, 1, 0, 0, 2, 0, 0, 0, 0, 0, 0, 0, 0, 0, 0, 0, 1, 1, 2, 2, 0, 0, 2, 0, 0, 1, 1, 0, 2, 2, 0, 1, 0, 0, 0, 0, 0, 0, 0, 2, 0, 0, 0, 0, 0, 0, 0, 2, 2, 2, 3, 2, 0, 1, 1, 4, 2, 5, 1, 6, 2, 4, 2, 5, 112, 0, 0, 0, 0, 0, 0]",-1,-0.016313989731151973,-1,0
468,"[1, 3, 0, 1, 0, 6, 0, 1, 0, 1, 0, 2, 0, 0, 0, 0, 0, 1, 0, 0, 2, 0, 0, 0, 0, 0, 0, 0, 0, 0, 0, 0, 1, 1, 2, 2, 0, 0, 2, 0, 0, 1, 1, 0, 2, 2, 0, 1, 0, 0, 0, 0, 0, 0, 0, 2, 0, 0, 0, 0, 0, 0, 0, 2, 2, 2, 3, 2, 0, 1, 1, 4, 2, 5, 1, 6, 2, 4, 2, 5, 112, 0, 0, 0, 0, 0, 0]",0,0.4892250476452753,-1,0
469,"[1, 3, 0, 1, 0, 6, 0, 1, 0, 1, 0, 2, 0, 0, 0, 0, 0, 1, 0, 0, 2, 0, 0, 0, 0, 0, 0, 0, 0, 0, 0, 0, 1, 1, 2, 2, 0, 0, 2, 0, 0, 1, 1, 0, 2, 2, 0, 1, 0, 0, 0, 0, 0, 0, 0, 2, 0, 0, 0, 0, 0, 0, 0, 2, 2, 2, 3, 2, 0, 1, 1, 4, 2, 5, 1, 6, 2, 4, 2, 5, 112, 0, 0, 0, 0, 0, 0]",-1,-0.016313989731151973,-1,0
470,"[1, 3, 0, 1, 0, 6, 0, 1, 0, 1, 0, 2, 0, 0, 0, 0, 0, 1, 0, 0, 2, 0, 0, 0, 0, 0, 0, 0, 0, 0, 0, 0, 1, 1, 2, 2, 0, 0, 2, 0, 0, 1, 1, 0, 2, 2, 0, 1, 0, 0, 0, 0, 0, 0, 0, 2, 0, 0, 0, 0, 0, 0, 0, 2, 2, 2, 3, 2, 0, 1, 1, 4, 2, 5, 1, 6, 2, 4, 2, 5, 112, 0, 0, 0, 0, 0, 0]",0,0.4892250476452753,-1,0
471,"[1, 3, 0, 1, 0, 6, 0, 1, 0, 1, 0, 2, 0, 0, 0, 0, 0, 1, 0, 0, 2, 0, 0, 0, 0, 0, 0, 0, 0, 0, 0, 0, 1, 1, 2, 2, 0, 0, 2, 0, 0, 1, 1, 0, 2, 2, 0, 1, 0, 0, 0, 0, 0, 0, 0, 2, 0, 0, 0, 0, 0, 0, 0, 2, 2, 2, 3, 2, 0, 1, 1, 4, 2, 5, 1, 6, 2, 4, 2, 5, 112, 0, 0, 0, 0, 0, 0]",-1,-0.016313989731151973,-1,0
472,"[1, 3, 0, 1, 0, 6, 0, 1, 0, 1, 0, 2, 0, 0, 0, 0, 0, 1, 0, 0, 2, 0, 0, 0, 0, 0, 0, 0, 0, 0, 0, 0, 1, 1, 2, 2, 0, 0, 2, 0, 0, 1, 1, 0, 2, 2, 0, 1, 0, 0, 0, 0, 0, 0, 0, 2, 0, 0, 0, 0, 0, 0, 0, 2, 2, 2, 3, 2, 0, 1, 1, 4, 2, 5, 1, 6, 2, 4, 2, 5, 112, 0, 0, 0, 0, 0, 0]",0,0.4892250476452753,-1,0
473,"[1, 3, 0, 1, 0, 6, 0, 1, 0, 1, 0, 2, 0, 0, 0, 0, 0, 1, 0, 0, 2, 0, 0, 0, 0, 0, 0, 0, 0, 0, 0, 0, 1, 1, 2, 2, 0, 0, 2, 0, 0, 1, 1, 0, 2, 2, 0, 1, 0, 0, 0, 0, 0, 0, 0, 2, 0, 0, 0, 0, 0, 0, 0, 2, 2, 2, 3, 2, 0, 1, 1, 4, 2, 5, 1, 6, 2, 4, 2, 5, 112, 0, 0, 0, 0, 0, 0]",-1,-0.016313989731151973,-1,0
474,"[1, 3, 0, 1, 0, 6, 0, 1, 0, 1, 0, 2, 0, 0, 0, 0, 0, 1, 0, 0, 2, 0, 0, 0, 0, 0, 0, 0, 0, 0, 0, 0, 1, 1, 2, 2, 0, 0, 2, 0, 0, 1, 1, 0, 2, 2, 0, 1, 0, 0, 0, 0, 0, 0, 0, 2, 0, 0, 0, 0, 0, 0, 0, 2, 2, 2, 3, 2, 0, 1, 1, 4, 2, 5, 1, 6, 2, 4, 2, 5, 112, 0, 0, 0, 0, 0, 0]",0,0.4892250476452753,-1,0
475,"[1, 3, 0, 1, 0, 6, 0, 1, 0, 1, 0, 2, 0, 0, 0, 0, 0, 1, 0, 0, 2, 0, 0, 0, 0, 0, 0, 0, 0, 0, 0, 0, 1, 1, 2, 2, 0, 0, 2, 0, 0, 1, 1, 0, 2, 2, 0, 1, 0, 0, 0, 0, 0, 0, 0, 2, 0, 0, 0, 0, 0, 0, 0, 2, 2, 2, 3, 2, 0, 1, 1, 4, 2, 5, 1, 6, 2, 4, 2, 5, 112, 0, 0, 0, 0, 0, 0]",-1,-0.016313989731151973,-1,0
476,"[1, 3, 0, 1, 0, 6, 0, 1, 0, 1, 0, 2, 0, 0, 0, 0, 0, 1, 0, 0, 2, 0, 0, 0, 0, 0, 0, 0, 0, 0, 0, 0, 1, 1, 2, 2, 0, 0, 2, 0, 0, 1, 1, 0, 2, 2, 0, 1, 0, 0, 0, 0, 0, 0, 0, 2, 0, 0, 0, 0, 0, 0, 0, 2, 2, 2, 3, 2, 0, 1, 1, 4, 2, 5, 1, 6, 2, 4, 2, 5, 112, 0, 0, 0, 0, 0, 0]",1,0.8038744159143087,-1,0
477,"[1, 3, 0, 1, 0, 6, 0, 1, 0, 1, 0, 2, 0, 0, 0, 0, 0, 1, 0, 0, 2, 0, 0, 0, 0, 0, 0, 0, 0, 0, 0, 0, 1, 1, 2, 2, 0, 0, 2, 0, 0, 1, 1, 0, 2, 2, 0, 1, 0, 0, 0, 0, 0, 0, 0, 2, 0, 0, 0, 0, 0, 0, 0, 2, 2, 2, 3, 2, 0, 1, 1, 4, 2, 5, 1, 6, 2, 4, 2, 5, 112, 0, 0, 0, 0, 0, 0]",-1,-0.016313989731151973,-1,0
478,"[1, 3, 0, 1, 0, 6, 0, 1, 0, 1, 0, 2, 0, 0, 0, 0, 0, 1, 0, 0, 2, 0, 0, 0, 0, 0, 0, 0, 0, 0, 0, 0, 1, 1, 2, 2, 0, 0, 2, 0, 0, 1, 1, 0, 2, 2, 0, 1, 0, 0, 0, 0, 0, 0, 0, 2, 0, 0, 0, 0, 0, 0, 0, 2, 2, 2, 3, 2, 0, 1, 1, 4, 2, 5, 1, 6, 2, 4, 2, 5, 112, 0, 0, 0, 0, 0, 0]",1,0.8038744159143087,-1,0
479,"[1, 3, 0, 1, 0, 6, 0, 1, 0, 1, 0, 2, 0, 0, 0, 0, 0, 1, 0, 0, 2, 0, 0, 0, 0, 0, 0, 0, 0, 0, 0, 0, 1, 1, 2, 2, 0, 0, 2, 0, 0, 1, 1, 0, 2, 2, 0, 1, 0, 0, 0, 0, 0, 0, 0, 2, 0, 0, 0, 0, 0, 0, 0, 2, 2, 2, 3, 2, 0, 1, 1, 4, 2, 5, 1, 6, 2, 4, 2, 5, 112, 0, 0, 0, 0, 0, 0]",-1,-0.016313989731151973,-1,0
480,"[1, 3, 0, 1, 0, 6, 0, 1, 0, 1, 0, 2, 0, 0, 0, 0, 0, 1, 0, 0, 2, 0, 0, 0, 0, 0, 0, 0, 0, 0, 0, 0, 1, 1, 2, 2, 0, 0, 2, 0, 0, 1, 1, 0, 2, 2, 0, 1, 0, 0, 0, 0, 0, 0, 0, 2, 0, 0, 0, 0, 0, 0, 0, 2, 2, 2, 3, 2, 0, 1, 1, 4, 2, 5, 1, 6, 2, 4, 2, 5, 112, 1, 0, 0, 0, 0, 0]",3,0.39425030081469203,-1,0
481,"[1, 3, 0, 1, 0, 6, 0, 1, 0, 1, 0, 2, 0, 0, 0, 0, 0, 1, 0, 0, 2, 0, 0, 0, 0, 0, 0, 0, 0, 0, 0, 0, 1, 1, 2, 2, 0, 0, 2, 0, 0, 1, 1, 0, 2, 2, 0, 1, 0, 0, 0, 0, 0, 0, 0, 2, 0, 0, 0, 0, 0, 0, 0, 2, 2, 2, 3, 2, 0, 1, 1, 4, 2, 5, 1, 6, 2, 4, 2, 5, 112, 0, 0, 0, 0, 0, 0]",-1,-0.016313989731151973,-1,0
482,"[1, 1, 0, 1, 0, 3, 0, 1, 0, 1, 0, 2, 0, 0, 0, 0, 0, 1, 0, 0, 2, 0, 0, 0, 0, 0, 0, 0, 0, 0, 0, 0, 1, 1, 2, 2, 0, 0, 2, 0, 0, 1, 1, 0, 2, 2, 0, 1, 0, 0, 0, 0, 0, 0, 0, 2, 0, 0, 0, 0, 0, 0, 0, 2, 2, 2, 3, 2, 0, 1, 1, 4, 2, 5, 1, 6, 2, 4, 2, 4, 113, 0, 0, 0, 0, 0, 0]",4,13.360043927511702,-1,0
483,"[1, 1, 0, 1, 0, 3, 0, 1, 0, 1, 0, 2, 0, 0, 0, 0, 0, 1, 0, 0, 2, 0, 0, 0, 0, 0, 0, 0, 0, 0, 0, 0, 1, 1, 2, 2, 0, 0, 2, 0, 0, 1, 1, 0, 2, 2, 0, 1, 0, 0, 0, 0, 0, 0, 0, 2, 0, 0, 0, 0, 0, 0, 0, 2, 2, 2, 3, 2, 0, 1, 1, 4, 2, 5, 1, 6, 2, 4, 2, 4, 113, 0, 1, 0, 0, 0, 0]",2,0.5940226640392727,-1,1
484,"[1, 1, 0, 1, 0, 3, 0, 1, 0, 1, 0, 2, 0, 0, 0, 0, 0, 1, 0, 0, 2, 0, 0, 0, 0, 0, 0, 0, 0, 0, 0, 0, 1, 1, 2, 2, 0, 0, 2, 0, 0, 1, 1, 0, 2, 2, 0, 1, 0, 0, 0, 0, 0, 0, 0, 2, 0, 0, 0, 0, 0, 0, 0, 2, 2, 2, 3, 2, 0, 1, 1, 4, 2, 5, 1, 6, 2, 4, 2, 4, 113, 0, 1, 0, 0, 1, 0]","[[0 1 0 0]
 [1 0 0 0]]",0.8444475290973636,-1,1
485,"[1, 1, 0, 1, 0, 3, 0, 1, 0, 1, 0, 2, 0, 0, 0, 0, 0, 1, 0, 0, 2, 0, 0, 0, 0, 0, 0, 0, 0, 0, 0, 0, 1, 1, 2, 2, 0, 0, 2, 0, 0, 1, 1, 0, 2, 2, 0, 1, 0, 0, 0, 0, 0, 0, 0, 2, 0, 0, 0, 0, 0, 0, 0, 2, 2, 2, 3, 2, 0, 1, 1, 4, 2, 5, 1, 6, 2, 4, 2, 4, 113, 0, 0, 0, 0, 0, 0]",1,-0.005977335960727248,-1,0
486,"[1, 1, 0, 1, 1, 3, 0, 1, 0, 1, 0, 2, 0, 0, 0, 0, 0, 1, 0, 0, 2, 0, 0, 0, 0, 0, 0, 0, 0, 0, 0, 0, 1, 1, 2, 2, 0, 0, 2, 0, 0, 1, 1, 0, 2, 2, 0, 1, 0, 0, 0, 0, 0, 0, 0, 2, 0, 0, 0, 0, 0, 0, 0, 2, 2, 2, 3, 2, 0, 1, 1, 4, 2, 5, 1, 6, 2, 4, 2, 4, 114, 0, 0, 0, 0, 0, 0]",4,14.339045095125723,-1,1
487,"[1, 1, 0, 1, 1, 3, 0, 1, 0, 1, 0, 2, 0, 0, 0, 0, 0, 1, 0, 0, 2, 0, 0, 0, 0, 0, 0, 0, 0, 0, 0, 0, 1, 1, 2, 2, 0, 0, 2, 0, 0, 1, 1, 0, 2, 2, 0, 1, 0, 0, 0, 0, 0, 0, 0, 2, 0, 0, 0, 0, 0, 0, 0, 2, 2, 2, 3, 2, 0, 1, 1, 4, 2, 5, 1, 6, 2, 4, 2, 4, 114, 0, 0, 0, 0, 0, 0]",1,0.8034104182676832,-1,0
488,"[1, 1, 0, 1, 1, 3, 0, 1, 0, 1, 0, 2, 0, 0, 0, 0, 0, 1, 0, 0, 2, 0, 0, 0, 0, 0, 0, 0, 0, 0, 0, 0, 1, 1, 2, 2, 0, 0, 2, 0, 0, 1, 1, 0, 2, 2, 0, 1, 0, 0, 0, 0, 0, 0, 0, 2, 0, 0, 0, 0, 0, 0, 0, 2, 2, 2, 3, 2, 0, 1, 1, 4, 2, 5, 1, 6, 2, 4, 2, 4, 114, 0, 0, 0, 0, 0, 0]",-1,-0.015990951090815192,-1,0
489,"[1, 1, 0, 2, 1, 3, 0, 2, 0, 1, 0, 2, 0, 0, 0, 0, 0, 1, 0, 0, 2, 0, 0, 0, 0, 0, 0, 0, 0, 0, 0, 0, 1, 1, 2, 2, 0, 0, 2, 0, 0, 1, 1, 0, 2, 2, 0, 1, 0, 0, 0, 0, 0, 0, 0, 2, 0, 0, 0, 0, 0, 0, 0, 2, 2, 2, 3, 2, 0, 1, 1, 4, 2, 5, 1, 6, 2, 4, 2, 4, 115, 0, 0, 0, 0, 0, 0]",4,14.367777277856455,-1,1
490,"[1, 1, 0, 2, 1, 3, 0, 2, 0, 1, 0, 2, 0, 0, 0, 0, 0, 1, 0, 0, 2, 0, 0, 0, 0, 0, 0, 0, 0, 0, 0, 0, 1, 1, 2, 2, 0, 0, 2, 0, 0, 1, 1, 0, 2, 2, 0, 1, 0, 0, 0, 0, 0, 0, 0, 2, 0, 0, 0, 0, 0, 0, 0, 2, 2, 2, 3, 2, 0, 1, 1, 4, 2, 5, 1, 6, 2, 4, 2, 4, 115, 0, 0, 0, 0, 0, 0]",1,0.8031650221599267,-1,0
491,"[1, 1, 0, 2, 1, 3, 0, 2, 0, 1, 0, 2, 0, 0, 0, 0, 0, 1, 0, 0, 2, 0, 0, 0, 0, 0, 0, 0, 0, 0, 0, 0, 1, 1, 2, 2, 0, 0, 2, 0, 0, 1, 1, 0, 2, 2, 0, 1, 0, 0, 0, 0, 0, 0, 0, 2, 0, 0, 0, 0, 0, 0, 0, 2, 2, 2, 3, 2, 0, 1, 1, 4, 2, 5, 1, 6, 2, 4, 2, 4, 115, 0, 0, 0, 0, 0, 0]",-1,-0.01583183846895266,-1,0
492,"[1, 1, 0, 2, 1, 3, 0, 2, 0, 1, 0, 2, 0, 0, 0, 0, 0, 1, 0, 0, 2, 0, 0, 0, 0, 0, 0, 0, 0, 0, 0, 0, 1, 1, 2, 2, 0, 0, 2, 0, 0, 1, 1, 0, 2, 2, 0, 1, 0, 0, 0, 0, 0, 0, 0, 2, 0, 0, 0, 0, 0, 0, 0, 2, 2, 2, 3, 2, 0, 1, 1, 4, 2, 5, 1, 6, 2, 4, 2, 4, 115, 0, 0, 0, 0, 0, 0]",1,0.8031650221599267,-1,0
493,"[1, 1, 0, 2, 1, 3, 0, 2, 0, 1, 0, 2, 0, 0, 0, 0, 0, 1, 0, 0, 2, 0, 0, 0, 0, 0, 0, 0, 0, 0, 0, 0, 1, 1, 2, 2, 0, 0, 2, 0, 0, 1, 1, 0, 2, 2, 0, 1, 0, 0, 0, 0, 0, 0, 0, 2, 0, 0, 0, 0, 0, 0, 0, 2, 2, 2, 3, 2, 0, 1, 1, 4, 2, 5, 1, 6, 2, 4, 2, 4, 115, 0, 0, 0, 0, 0, 0]",-1,-0.01583183846895266,-1,0
494,"[1, 1, 0, 2, 1, 3, 0, 2, 0, 1, 0, 2, 0, 0, 0, 0, 0, 1, 0, 0, 2, 0, 0, 0, 0, 0, 0, 0, 0, 0, 0, 0, 1, 1, 2, 2, 0, 0, 2, 0, 0, 1, 1, 0, 2, 2, 0, 1, 0, 0, 0, 0, 0, 0, 0, 2, 0, 0, 0, 0, 0, 0, 0, 2, 2, 2, 3, 2, 0, 1, 1, 4, 2, 5, 1, 6, 2, 4, 2, 4, 115, 0, 1, 0, 0, 0, 0]",2,0.5935409070603099,-1,0
495,"[1, 1, 0, 2, 1, 3, 0, 2, 0, 1, 0, 2, 0, 0, 0, 0, 0, 1, 0, 0, 2, 0, 0, 0, 0, 0, 0, 0, 0, 0, 0, 0, 1, 1, 2, 2, 0, 0, 2, 0, 0, 1, 1, 0, 2, 2, 0, 1, 0, 0, 0, 0, 0, 0, 0, 2, 0, 0, 0, 0, 0, 0, 0, 2, 2, 2, 3, 2, 0, 1, 1, 4, 2, 5, 1, 6, 2, 4, 2, 4, 115, 0, 0, 0, 0, 0, 0]",-1,-0.01583183846895266,-1,0
496,"[1, 1, 0, 2, 1, 3, 0, 2, 0, 1, 0, 2, 0, 0, 0, 0, 0, 1, 0, 0, 2, 0, 0, 0, 0, 0, 0, 0, 0, 0, 0, 0, 1, 1, 2, 2, 0, 0, 2, 0, 0, 1, 1, 0, 2, 2, 0, 1, 0, 0, 0, 0, 0, 0, 0, 2, 0, 0, 0, 0, 0, 0, 0, 2, 2, 2, 3, 2, 0, 1, 1, 4, 2, 5, 1, 6, 2, 4, 2, 4, 115, 1, 0, 0, 0, 0, 0]",3,0.3935409070603099,-1,0
497,"[1, 1, 0, 2, 1, 3, 0, 2, 0, 1, 0, 2, 0, 0, 0, 0, 0, 1, 0, 0, 2, 0, 0, 0, 0, 0, 0, 0, 0, 0, 0, 0, 1, 1, 2, 2, 0, 0, 2, 0, 0, 1, 1, 0, 2, 2, 0, 1, 0, 0, 0, 0, 0, 0, 0, 2, 0, 0, 0, 0, 0, 0, 0, 2, 2, 2, 3, 2, 0, 1, 1, 4, 2, 5, 1, 6, 2, 4, 2, 4, 115, 0, 0, 0, 0, 0, 0]",-1,-0.01583183846895266,-1,0
498,"[1, 1, 0, 3, 1, 3, 0, 3, 0, 1, 0, 2, 0, 0, 0, 0, 0, 1, 0, 0, 2, 0, 0, 0, 0, 0, 0, 0, 0, 0, 0, 0, 1, 1, 2, 2, 0, 0, 2, 0, 0, 1, 1, 0, 2, 2, 0, 1, 0, 0, 0, 0, 0, 0, 0, 2, 0, 0, 0, 0, 0, 0, 0, 2, 2, 2, 3, 2, 0, 1, 1, 4, 2, 5, 1, 6, 2, 4, 2, 4, 116, 0, 0, 0, 0, 0, 0]",4,12.93790529859704,-1,0
499,"[1, 1, 0, 3, 2, 3, 0, 3, 0, 1, 0, 2, 0, 0, 0, 0, 0, 1, 0, 0, 2, 0, 0, 0, 0, 0, 0, 0, 0, 0, 0, 0, 1, 1, 2, 2, 0, 0, 2, 0, 0, 1, 1, 0, 2, 2, 0, 1, 0, 0, 0, 0, 0, 0, 0, 2, 0, 0, 0, 0, 0, 0, 0, 2, 2, 2, 3, 2, 0, 1, 1, 4, 2, 5, 1, 6, 2, 4, 2, 4, 117, 0, 0, 0, 0, 0, 0]",4,14.435960444665755,-1,1
500,"[1, 1, 0, 3, 2, 3, 0, 3, 0, 1, 0, 2, 0, 0, 0, 0, 0, 1, 0, 0, 2, 0, 0, 0, 0, 0, 0, 0, 0, 0, 0, 0, 1, 1, 2, 2, 0, 0, 2, 0, 0, 1, 1, 0, 2, 2, 0, 1, 0, 0, 0, 0, 0, 0, 0, 2, 0, 0, 0, 0, 0, 0, 0, 2, 2, 2, 3, 2, 0, 1, 1, 4, 2, 5, 1, 6, 2, 4, 2, 4, 117, 0, 0, 0, 0, 0, 0]",1,0.8026458333932693,-1,0
501,"[1, 1, 0, 3, 2, 3, 0, 3, 0, 1, 0, 2, 0, 0, 0, 0, 0, 1, 0, 0, 2, 0, 0, 0, 0, 0, 0, 0, 0, 0, 0, 0, 1, 1, 2, 2, 0, 0, 2, 0, 0, 1, 1, 0, 2, 2, 0, 1, 0, 0, 0, 0, 0, 0, 0, 2, 0, 0, 0, 0, 0, 0, 0, 2, 2, 2, 3, 2, 0, 1, 1, 4, 2, 5, 1, 6, 2, 4, 2, 4, 117, 0, 0, 0, 0, 0, 0]",-1,-0.015518347063274252,-1,0
502,"[1, 1, 0, 3, 2, 3, 0, 3, 0, 1, 0, 2, 0, 0, 0, 0, 0, 1, 0, 0, 2, 0, 0, 0, 0, 0, 0, 0, 0, 0, 0, 0, 1, 1, 2, 2, 0, 0, 2, 0, 0, 1, 1, 0, 2, 2, 0, 1, 0, 0, 0, 0, 0, 0, 0, 2, 0, 0, 0, 0, 0, 0, 0, 2, 2, 2, 3, 2, 0, 1, 1, 4, 2, 5, 1, 6, 2, 4, 2, 4, 117, 1, 0, 0, 0, 0, 0]",3,0.3930217182936527,-1,0
503,"[1, 1, 0, 3, 2, 3, 0, 3, 0, 1, 0, 2, 0, 0, 0, 0, 0, 1, 0, 0, 2, 0, 0, 0, 0, 0, 0, 0, 0, 0, 0, 0, 1, 1, 2, 2, 0, 0, 2, 0, 0, 1, 1, 0, 2, 2, 0, 1, 0, 0, 0, 0, 0, 0, 0, 2, 0, 0, 0, 0, 0, 0, 0, 2, 2, 2, 3, 2, 0, 1, 1, 4, 2, 5, 1, 6, 2, 4, 2, 4, 117, 0, 0, 0, 0, 0, 0]",-1,-0.015518347063274252,-1,0
504,"[1, 1, 0, 3, 2, 3, 0, 3, 0, 1, 0, 2, 0, 0, 0, 0, 0, 1, 0, 0, 2, 0, 0, 0, 0, 0, 0, 0, 0, 0, 0, 0, 1, 1, 2, 2, 0, 0, 2, 0, 0, 1, 1, 0, 2, 2, 0, 1, 0, 0, 0, 0, 0, 0, 0, 2, 0, 0, 0, 0, 0, 0, 0, 2, 2, 2, 3, 2, 0, 1, 1, 4, 2, 5, 1, 6, 2, 4, 2, 4, 117, 0, 0, 0, 0, 0, 0]",1,0.8026458333932693,-1,0
505,"[1, 1, 0, 3, 2, 3, 0, 3, 0, 1, 0, 2, 0, 0, 0, 0, 0, 1, 0, 0, 2, 0, 0, 0, 0, 0, 0, 0, 0, 0, 0, 0, 1, 1, 2, 2, 0, 0, 2, 0, 0, 1, 1, 0, 2, 2, 0, 1, 0, 0, 0, 0, 0, 0, 0, 2, 0, 0, 0, 0, 0, 0, 0, 2, 2, 2, 3, 2, 0, 1, 1, 4, 2, 5, 1, 6, 2, 4, 2, 4, 117, 0, 0, 0, 0, 0, 0]",-1,-0.015518347063274252,-1,0
506,"[1, 1, 0, 3, 2, 3, 0, 3, 0, 1, 0, 2, 0, 0, 0, 0, 0, 1, 0, 0, 2, 0, 0, 0, 0, 0, 0, 0, 0, 0, 0, 0, 1, 1, 2, 2, 0, 0, 2, 0, 0, 1, 1, 0, 2, 2, 0, 1, 0, 0, 0, 0, 0, 0, 0, 2, 0, 0, 0, 0, 0, 0, 0, 2, 2, 2, 3, 2, 0, 1, 1, 4, 2, 5, 1, 6, 2, 4, 2, 4, 117, 0, 0, 0, 0, 0, 0]",1,0.8026458333932693,-1,0
507,"[1, 1, 0, 3, 2, 3, 0, 3, 0, 1, 0, 2, 0, 0, 0, 0, 0, 1, 0, 0, 2, 0, 0, 0, 0, 0, 0, 0, 0, 0, 0, 0, 1, 1, 2, 2, 0, 0, 2, 0, 0, 1, 1, 0, 2, 2, 0, 1, 0, 0, 0, 0, 0, 0, 0, 2, 0, 0, 0, 0, 0, 0, 0, 2, 2, 2, 3, 2, 0, 1, 1, 4, 2, 5, 1, 6, 2, 4, 2, 4, 117, 0, 0, 0, 0, 0, 0]",-1,-0.015518347063274252,-1,0
508,"[1, 1, 0, 3, 2, 3, 0, 3, 0, 1, 0, 2, 0, 0, 0, 0, 0, 1, 0, 0, 2, 0, 0, 0, 0, 0, 0, 0, 0, 0, 0, 0, 1, 1, 2, 2, 0, 0, 2, 0, 0, 1, 1, 0, 2, 2, 0, 1, 0, 0, 0, 0, 0, 0, 0, 2, 0, 0, 0, 0, 0, 0, 0, 2, 2, 2, 3, 2, 0, 1, 1, 4, 2, 5, 1, 6, 2, 4, 2, 4, 117, 1, 0, 0, 0, 0, 0]",3,0.3930217182936527,-1,0
509,"[1, 1, 0, 3, 2, 3, 0, 3, 0, 1, 0, 2, 0, 0, 0, 0, 0, 1, 0, 0, 2, 0, 0, 0, 0, 0, 0, 0, 0, 0, 0, 0, 1, 1, 2, 2, 0, 0, 2, 0, 0, 1, 1, 0, 2, 2, 0, 1, 0, 0, 0, 0, 0, 0, 0, 2, 0, 0, 0, 0, 0, 0, 0, 2, 2, 2, 3, 2, 0, 1, 1, 4, 2, 5, 1, 6, 2, 4, 2, 4, 117, 0, 0, 0, 0, 0, 0]",-1,-0.015518347063274252,-1,0
510,"[1, 1, 0, 3, 2, 3, 0, 3, 0, 1, 0, 2, 0, 0, 0, 0, 0, 1, 0, 0, 2, 0, 0, 0, 0, 0, 0, 0, 0, 0, 0, 0, 1, 1, 2, 2, 0, 0, 2, 0, 0, 1, 1, 0, 2, 2, 0, 1, 0, 0, 0, 0, 0, 0, 0, 2, 0, 0, 0, 0, 0, 0, 0, 2, 2, 2, 3, 2, 0, 1, 1, 4, 2, 5, 1, 6, 2, 4, 2, 4, 117, 0, 1, 0, 0, 0, 0]",2,0.5930217182936526,-1,0
511,"[1, 1, 0, 3, 2, 3, 0, 3, 0, 1, 0, 2, 0, 0, 0, 0, 0, 1, 0, 0, 2, 0, 0, 0, 0, 0, 0, 0, 0, 0, 0, 0, 1, 1, 2, 2, 0, 0, 2, 0, 0, 1, 1, 0, 2, 2, 0, 1, 0, 0, 0, 0, 0, 0, 0, 2, 0, 0, 0, 0, 0, 0, 0, 2, 2, 2, 3, 2, 0, 1, 1, 4, 2, 5, 1, 6, 2, 4, 2, 4, 117, 0, 0, 0, 0, 0, 0]",-1,-0.015518347063274252,-1,0
512,"[1, 1, 0, 3, 2, 3, 0, 3, 0, 1, 0, 2, 0, 0, 0, 0, 0, 1, 0, 0, 2, 0, 0, 0, 0, 0, 0, 0, 0, 0, 0, 0, 1, 1, 2, 2, 0, 0, 2, 0, 0, 1, 1, 0, 2, 2, 0, 1, 0, 0, 0, 0, 0, 0, 0, 2, 0, 0, 0, 0, 0, 0, 0, 2, 2, 2, 3, 2, 0, 1, 1, 4, 2, 5, 1, 6, 2, 4, 2, 4, 117, 1, 0, 0, 0, 0, 0]",3,0.3930217182936527,-1,0
513,"[1, 1, 0, 3, 2, 3, 0, 3, 0, 1, 0, 2, 0, 0, 0, 0, 0, 1, 0, 0, 2, 0, 0, 0, 0, 0, 0, 0, 0, 0, 0, 0, 1, 1, 2, 2, 0, 0, 2, 0, 0, 1, 1, 0, 2, 2, 0, 1, 0, 0, 0, 0, 0, 0, 0, 2, 0, 0, 0, 0, 0, 0, 0, 2, 2, 2, 3, 2, 0, 1, 1, 4, 2, 5, 1, 6, 2, 4, 2, 4, 117, 0, 0, 0, 0, 0, 0]",-1,-0.015518347063274252,-1,0
514,"[1, 1, 0, 3, 2, 3, 0, 3, 0, 1, 0, 2, 0, 0, 0, 0, 0, 1, 0, 0, 2, 0, 0, 0, 0, 0, 0, 0, 0, 0, 0, 0, 1, 1, 2, 2, 0, 0, 2, 0, 0, 1, 1, 0, 2, 2, 0, 1, 0, 0, 0, 0, 0, 0, 0, 2, 0, 0, 0, 0, 0, 0, 0, 2, 2, 2, 3, 2, 0, 1, 1, 4, 2, 5, 1, 6, 2, 4, 2, 4, 117, 0, 0, 0, 0, 0, 0]",1,0.8026458333932693,-1,0
515,"[1, 1, 0, 3, 2, 3, 0, 3, 0, 1, 0, 2, 0, 0, 0, 0, 0, 1, 0, 0, 2, 0, 0, 0, 0, 0, 0, 0, 0, 0, 0, 0, 1, 1, 2, 2, 0, 0, 2, 0, 0, 1, 1, 0, 2, 2, 0, 1, 0, 0, 0, 0, 0, 0, 0, 2, 0, 0, 0, 0, 0, 0, 0, 2, 2, 2, 3, 2, 0, 1, 1, 4, 2, 5, 1, 6, 2, 4, 2, 4, 117, 0, 0, 0, 0, 0, 0]",-1,-0.015518347063274252,-1,0
516,"[1, 1, 0, 3, 2, 3, 0, 3, 0, 1, 0, 2, 0, 0, 0, 0, 0, 1, 0, 0, 2, 0, 0, 0, 0, 0, 0, 0, 0, 0, 0, 0, 1, 1, 2, 2, 0, 0, 2, 0, 0, 1, 1, 0, 2, 2, 0, 1, 0, 0, 0, 0, 0, 0, 0, 2, 0, 0, 0, 0, 0, 0, 0, 2, 2, 2, 3, 2, 0, 1, 1, 4, 2, 5, 1, 6, 2, 4, 2, 4, 117, 1, 0, 0, 0, 0, 0]",3,0.3930217182936527,-1,0
517,"[1, 1, 0, 3, 2, 3, 0, 3, 0, 1, 0, 2, 0, 0, 0, 0, 0, 1, 0, 0, 2, 0, 0, 0, 0, 0, 0, 0, 0, 0, 0, 0, 1, 1, 2, 2, 0, 0, 2, 0, 0, 1, 1, 0, 2, 2, 0, 1, 0, 0, 0, 0, 0, 0, 0, 2, 0, 0, 0, 0, 0, 0, 0, 2, 2, 2, 3, 2, 0, 1, 1, 4, 2, 5, 1, 6, 2, 4, 2, 4, 117, 0, 0, 0, 0, 0, 0]",-1,-0.015518347063274252,-1,0
518,"[1, 1, 0, 3, 2, 3, 0, 3, 0, 1, 0, 2, 0, 0, 0, 0, 0, 1, 0, 0, 2, 0, 0, 0, 0, 0, 0, 0, 0, 0, 0, 0, 1, 1, 2, 2, 0, 0, 2, 0, 0, 1, 1, 0, 2, 2, 0, 1, 0, 0, 0, 0, 0, 0, 0, 2, 0, 0, 0, 0, 0, 0, 0, 2, 2, 2, 3, 2, 0, 1, 1, 4, 2, 5, 1, 6, 2, 4, 2, 4, 117, 1, 0, 0, 0, 0, 0]",3,0.3930217182936527,-1,0
519,"[1, 1, 0, 3, 2, 3, 0, 3, 0, 1, 0, 2, 0, 0, 0, 0, 0, 1, 0, 0, 2, 0, 0, 0, 0, 0, 0, 0, 0, 0, 0, 0, 1, 1, 2, 2, 0, 0, 2, 0, 0, 1, 1, 0, 2, 2, 0, 1, 0, 0, 0, 0, 0, 0, 0, 2, 0, 0, 0, 0, 0, 0, 0, 2, 2, 2, 3, 2, 0, 1, 1, 4, 2, 5, 1, 6, 2, 4, 2, 4, 117, 0, 0, 0, 0, 0, 0]",-1,-0.015518347063274252,-1,0
520,"[1, 1, 0, 3, 2, 3, 0, 3, 0, 1, 0, 2, 0, 0, 0, 0, 0, 1, 0, 0, 2, 0, 0, 0, 0, 0, 0, 0, 0, 0, 0, 0, 1, 1, 2, 2, 0, 0, 2, 0, 0, 1, 1, 0, 2, 2, 0, 1, 0, 0, 0, 0, 0, 0, 0, 2, 0, 0, 0, 0, 0, 0, 0, 2, 2, 2, 3, 2, 0, 1, 1, 4, 2, 5, 1, 6, 2, 4, 2, 4, 117, 0, 0, 0, 0, 0, 0]",1,0.8026458333932693,-1,0
521,"[1, 1, 0, 3, 2, 3, 0, 3, 0, 1, 0, 2, 0, 0, 0, 0, 0, 1, 0, 0, 2, 0, 0, 0, 0, 0, 0, 0, 0, 0, 0, 0, 1, 1, 2, 2, 0, 0, 2, 0, 0, 1, 1, 0, 2, 2, 0, 1, 0, 0, 0, 0, 0, 0, 0, 2, 0, 0, 0, 0, 0, 0, 0, 2, 2, 2, 3, 2, 0, 1, 1, 4, 2, 5, 1, 6, 2, 4, 2, 4, 117, 0, 0, 0, 0, 0, 0]",-1,-0.015518347063274252,-1,0
522,"[1, 1, 0, 3, 2, 3, 0, 3, 0, 1, 0, 2, 0, 0, 0, 0, 0, 1, 0, 0, 2, 0, 0, 0, 0, 0, 0, 0, 0, 0, 0, 0, 1, 1, 2, 2, 0, 0, 2, 0, 0, 1, 1, 0, 2, 2, 0, 1, 0, 0, 0, 0, 0, 0, 0, 2, 0, 0, 0, 0, 0, 0, 0, 2, 2, 2, 3, 2, 0, 1, 1, 4, 2, 5, 1, 6, 2, 4, 2, 4, 117, 1, 0, 0, 0, 0, 0]",3,0.3930217182936527,-1,0
523,"[1, 1, 0, 3, 2, 3, 0, 3, 0, 1, 0, 2, 0, 0, 0, 0, 0, 1, 0, 0, 2, 0, 0, 0, 0, 0, 0, 0, 0, 0, 0, 0, 1, 1, 2, 2, 0, 0, 2, 0, 0, 1, 1, 0, 2, 2, 0, 1, 0, 0, 0, 0, 0, 0, 0, 2, 0, 0, 0, 0, 0, 0, 0, 2, 2, 2, 3, 2, 0, 1, 1, 4, 2, 5, 1, 6, 2, 4, 2, 4, 117, 0, 0, 0, 0, 0, 0]",-1,-0.015518347063274252,-1,0
524,"[1, 1, 0, 3, 2, 3, 0, 3, 0, 1, 0, 2, 0, 0, 0, 0, 0, 1, 0, 0, 2, 0, 0, 0, 0, 0, 0, 0, 0, 0, 0, 0, 1, 1, 2, 2, 0, 0, 2, 0, 0, 1, 1, 0, 2, 2, 0, 1, 0, 0, 0, 0, 0, 0, 0, 2, 0, 0, 0, 0, 0, 0, 0, 2, 2, 2, 3, 2, 0, 1, 1, 4, 2, 5, 1, 6, 2, 4, 2, 4, 117, 0, 1, 0, 0, 0, 0]",2,0.5930217182936526,-1,0
525,"[1, 1, 0, 3, 2, 3, 0, 3, 0, 1, 0, 2, 0, 0, 0, 0, 0, 1, 0, 0, 2, 0, 0, 0, 0, 0, 0, 0, 0, 0, 0, 0, 1, 1, 2, 2, 0, 0, 2, 0, 0, 1, 1, 0, 2, 2, 0, 1, 0, 0, 0, 0, 0, 0, 0, 2, 0, 0, 0, 0, 0, 0, 0, 2, 2, 2, 3, 2, 0, 1, 1, 4, 2, 5, 1, 6, 2, 4, 2, 4, 117, 0, 0, 0, 0, 0, 0]",-1,-0.015518347063274252,-1,0
526,"[1, 1, 0, 3, 2, 3, 0, 3, 0, 1, 0, 2, 0, 0, 0, 0, 0, 1, 0, 0, 2, 0, 0, 0, 0, 0, 0, 0, 0, 0, 0, 0, 1, 1, 2, 2, 0, 0, 2, 0, 0, 1, 1, 0, 2, 2, 0, 1, 0, 0, 0, 0, 0, 0, 0, 2, 0, 0, 0, 0, 0, 0, 0, 2, 2, 2, 3, 2, 0, 1, 1, 4, 2, 5, 1, 6, 2, 4, 2, 4, 117, 0, 0, 0, 0, 0, 0]",1,0.8026458333932693,-1,0
527,"[1, 1, 0, 3, 2, 3, 0, 3, 0, 1, 0, 2, 0, 0, 0, 0, 0, 1, 0, 0, 2, 0, 0, 0, 0, 0, 0, 0, 0, 0, 0, 0, 1, 1, 2, 2, 0, 0, 2, 0, 0, 1, 1, 0, 2, 2, 0, 1, 0, 0, 0, 0, 0, 0, 0, 2, 0, 0, 0, 0, 0, 0, 0, 2, 2, 2, 3, 2, 0, 1, 1, 4, 2, 5, 1, 6, 2, 4, 2, 4, 117, 0, 0, 0, 0, 0, 0]",-1,-0.015518347063274252,-1,0
528,"[1, 1, 0, 3, 2, 3, 0, 3, 0, 1, 0, 2, 0, 0, 0, 0, 0, 1, 0, 0, 2, 0, 0, 0, 0, 0, 0, 0, 0, 0, 0, 0, 1, 1, 2, 2, 0, 0, 2, 0, 0, 1, 1, 0, 2, 2, 0, 1, 0, 0, 0, 0, 0, 0, 0, 2, 0, 0, 0, 0, 0, 0, 0, 2, 2, 2, 3, 2, 0, 1, 1, 4, 2, 5, 1, 6, 2, 4, 2, 4, 117, 0, 1, 0, 0, 0, 0]",2,0.5930217182936526,-1,0
529,"[1, 1, 0, 3, 2, 3, 0, 3, 0, 1, 0, 2, 0, 0, 0, 0, 0, 1, 0, 0, 2, 0, 0, 0, 0, 0, 0, 0, 0, 0, 0, 0, 1, 1, 2, 2, 0, 0, 2, 0, 0, 1, 1, 0, 2, 2, 0, 1, 0, 0, 0, 0, 0, 0, 0, 2, 0, 0, 0, 0, 0, 0, 0, 2, 2, 2, 3, 2, 0, 1, 1, 4, 2, 5, 1, 6, 2, 4, 2, 4, 117, 0, 0, 0, 0, 0, 0]",-1,-0.015518347063274252,-1,0
530,"[1, 1, 0, 3, 2, 3, 0, 3, 0, 1, 0, 2, 0, 0, 0, 0, 0, 1, 0, 0, 2, 0, 0, 0, 0, 0, 0, 0, 0, 0, 0, 0, 1, 1, 2, 2, 0, 0, 2, 0, 0, 1, 1, 0, 2, 2, 0, 1, 0, 0, 0, 0, 0, 0, 0, 2, 0, 0, 0, 0, 0, 0, 0, 2, 2, 2, 3, 2, 0, 1, 1, 4, 2, 5, 1, 6, 2, 4, 2, 4, 117, 1, 0, 0, 0, 0, 0]",3,0.3930217182936527,-1,0
531,"[1, 1, 0, 3, 2, 3, 0, 3, 0, 1, 0, 2, 0, 0, 0, 0, 0, 1, 0, 0, 2, 0, 0, 0, 0, 0, 0, 0, 0, 0, 0, 0, 1, 1, 2, 2, 0, 0, 2, 0, 0, 1, 1, 0, 2, 2, 0, 1, 0, 0, 0, 0, 0, 0, 0, 2, 0, 0, 0, 0, 0, 0, 0, 2, 2, 2, 3, 2, 0, 1, 1, 4, 2, 5, 1, 6, 2, 4, 2, 4, 117, 0, 0, 0, 0, 0, 0]",-1,-0.015518347063274252,-1,0
532,"[1, 1, 0, 3, 2, 3, 0, 3, 0, 1, 0, 2, 0, 0, 0, 0, 0, 1, 0, 0, 2, 0, 0, 0, 0, 0, 0, 0, 0, 0, 0, 0, 1, 1, 2, 2, 0, 0, 2, 0, 0, 1, 1, 0, 2, 2, 0, 1, 0, 0, 0, 0, 0, 0, 0, 2, 0, 0, 0, 0, 0, 0, 0, 2, 2, 2, 3, 2, 0, 1, 1, 4, 2, 5, 1, 6, 2, 4, 2, 4, 117, 1, 0, 0, 0, 0, 0]",3,0.3930217182936527,-1,0
533,"[1, 1, 0, 3, 2, 3, 0, 3, 0, 1, 0, 2, 0, 0, 0, 0, 0, 1, 0, 0, 2, 0, 0, 0, 0, 0, 0, 0, 0, 0, 0, 0, 1, 1, 2, 2, 0, 0, 2, 0, 0, 1, 1, 0, 2, 2, 0, 1, 0, 0, 0, 0, 0, 0, 0, 2, 0, 0, 0, 0, 0, 0, 0, 2, 2, 2, 3, 2, 0, 1, 1, 4, 2, 5, 1, 6, 2, 4, 2, 4, 117, 0, 0, 0, 0, 0, 0]",-1,-0.015518347063274252,-1,0
534,"[1, 1, 0, 3, 2, 3, 0, 3, 0, 1, 0, 2, 0, 0, 0, 0, 0, 1, 0, 0, 2, 0, 0, 0, 0, 0, 0, 0, 0, 0, 0, 0, 1, 1, 2, 2, 0, 0, 2, 0, 0, 1, 1, 0, 2, 2, 0, 1, 0, 0, 0, 0, 0, 0, 0, 2, 0, 0, 0, 0, 0, 0, 0, 2, 2, 2, 3, 2, 0, 1, 1, 4, 2, 5, 1, 6, 2, 4, 2, 4, 117, 0, 0, 0, 0, 0, 0]",1,0.8026458333932693,-1,0
535,"[1, 1, 0, 3, 2, 3, 0, 3, 0, 1, 0, 2, 0, 0, 0, 0, 0, 1, 0, 0, 2, 0, 0, 0, 0, 0, 0, 0, 0, 0, 0, 0, 1, 1, 2, 2, 0, 0, 2, 0, 0, 1, 1, 0, 2, 2, 0, 1, 0, 0, 0, 0, 0, 0, 0, 2, 0, 0, 0, 0, 0, 0, 0, 2, 2, 2, 3, 2, 0, 1, 1, 4, 2, 5, 1, 6, 2, 4, 2, 4, 117, 0, 0, 0, 0, 0, 0]",-1,-0.015518347063274252,-1,0
536,"[1, 2, 0, 3, 2, 4, 0, 3, 0, 1, 0, 2, 0, 0, 0, 0, 0, 1, 0, 0, 2, 0, 0, 0, 0, 0, 0, 0, 0, 0, 0, 0, 1, 1, 2, 2, 0, 0, 2, 0, 0, 1, 1, 0, 2, 2, 0, 1, 0, 0, 0, 0, 0, 0, 0, 2, 0, 0, 0, 0, 0, 0, 0, 2, 2, 2, 3, 2, 0, 1, 1, 4, 2, 5, 1, 6, 2, 4, 2, 4, 118, 0, 0, 0, 0, 0, 0]",4,12.966038419466132,-1,0
537,"[1, 2, 0, 3, 2, 4, 0, 3, 0, 1, 0, 2, 0, 0, 0, 0, 0, 1, 0, 0, 2, 0, 0, 0, 0, 0, 0, 0, 0, 0, 0, 0, 1, 1, 2, 2, 0, 0, 2, 0, 0, 1, 1, 0, 2, 2, 0, 1, 0, 0, 0, 0, 0, 0, 0, 2, 0, 0, 0, 0, 0, 0, 0, 2, 2, 2, 3, 2, 0, 1, 1, 4, 2, 5, 1, 6, 2, 4, 2, 4, 118, 0, 1, 0, 0, 0, 0]",2,0.5927472567250703,-1,1
538,"[1, 2, 0, 3, 2, 4, 0, 3, 0, 1, 0, 2, 0, 0, 0, 0, 0, 1, 0, 0, 2, 0, 0, 0, 0, 0, 0, 0, 0, 0, 0, 0, 1, 1, 2, 2, 0, 0, 2, 0, 0, 1, 1, 0, 2, 2, 0, 1, 0, 0, 0, 0, 0, 0, 0, 2, 0, 0, 0, 0, 0, 0, 0, 2, 2, 2, 3, 2, 0, 1, 1, 4, 2, 5, 1, 6, 2, 4, 2, 4, 118, 0, 1, 0, 0, 1, 0]","[[1 0 0 0]
 [0 1 0 0]]",0.8431721217831613,-1,1
539,"[2, 1, 0, 3, 1, 5, 0, 3, 0, 1, 0, 2, 0, 0, 0, 0, 0, 1, 0, 0, 2, 0, 0, 0, 0, 0, 0, 0, 0, 0, 0, 0, 1, 1, 2, 2, 0, 0, 2, 0, 0, 1, 1, 0, 2, 2, 0, 1, 0, 0, 0, 0, 0, 0, 0, 2, 0, 0, 0, 0, 0, 0, 0, 2, 2, 2, 3, 2, 0, 1, 1, 4, 2, 5, 1, 6, 2, 4, 2, 4, 118, 0, 0, 0, 0, 0, 0]",0,-0.0072527432749296674,-1,0
540,"[2, 1, 0, 4, 1, 5, 0, 4, 0, 1, 0, 2, 0, 0, 0, 0, 0, 1, 0, 0, 2, 0, 0, 0, 0, 0, 0, 0, 0, 0, 0, 0, 1, 1, 2, 2, 0, 0, 2, 0, 0, 1, 1, 0, 2, 2, 0, 1, 0, 0, 0, 0, 0, 0, 0, 2, 0, 0, 0, 0, 0, 0, 0, 2, 2, 2, 3, 2, 0, 1, 1, 4, 2, 5, 1, 6, 2, 4, 2, 4, 119, 0, 0, 0, 0, 0, 0]",4,14.180057102139049,-1,1
541,"[2, 1, 0, 5, 1, 5, 0, 5, 0, 1, 0, 2, 0, 0, 0, 0, 0, 1, 0, 0, 2, 0, 0, 0, 0, 0, 0, 0, 0, 0, 0, 0, 1, 1, 2, 2, 0, 0, 2, 0, 0, 1, 1, 0, 2, 2, 0, 1, 0, 0, 0, 0, 0, 0, 0, 2, 0, 0, 0, 0, 0, 0, 0, 2, 2, 2, 3, 2, 0, 1, 1, 4, 2, 5, 1, 6, 2, 4, 2, 4, 120, 0, 0, 0, 0, 0, 0]",4,12.760640860653998,-1,0
542,"[2, 1, 0, 5, 1, 5, 0, 5, 0, 1, 0, 2, 0, 0, 0, 0, 0, 1, 0, 0, 2, 0, 0, 0, 0, 0, 0, 0, 0, 0, 0, 0, 1, 1, 2, 2, 0, 0, 2, 0, 0, 1, 1, 0, 2, 2, 0, 1, 0, 0, 0, 0, 0, 0, 0, 2, 0, 0, 0, 0, 0, 0, 0, 2, 2, 2, 3, 2, 0, 1, 1, 4, 2, 5, 1, 6, 2, 4, 2, 4, 121, 0, 0, 0, 0, 0, 0]",4,14.16434208426927,-1,1
543,"[2, 1, 0, 5, 1, 5, 0, 5, 0, 1, 0, 2, 0, 0, 0, 0, 0, 1, 0, 0, 2, 0, 0, 0, 0, 0, 0, 0, 0, 0, 0, 0, 1, 1, 2, 2, 0, 0, 2, 0, 0, 1, 1, 0, 2, 2, 0, 1, 0, 0, 0, 0, 0, 0, 0, 2, 0, 0, 0, 0, 0, 0, 0, 2, 2, 2, 3, 2, 0, 1, 1, 4, 2, 5, 1, 6, 2, 4, 2, 4, 122, 0, 0, 0, 0, 0, 0]",4,12.759413652381264,-1,0
544,"[2, 2, 0, 5, 1, 6, 0, 5, 0, 1, 0, 2, 0, 0, 0, 0, 0, 1, 0, 0, 2, 0, 0, 0, 0, 0, 0, 0, 0, 0, 0, 0, 1, 1, 2, 2, 0, 0, 2, 0, 0, 1, 1, 0, 2, 2, 0, 1, 0, 0, 0, 0, 0, 0, 0, 2, 0, 0, 0, 0, 0, 0, 0, 2, 2, 2, 3, 2, 0, 1, 1, 4, 2, 5, 1, 6, 2, 4, 2, 4, 123, 0, 0, 0, 0, 0, 0]",4,14.14193406340873,-1,1
545,"[2, 2, 0, 5, 1, 6, 0, 5, 0, 1, 0, 2, 0, 0, 0, 0, 0, 1, 0, 0, 2, 0, 0, 0, 0, 0, 0, 0, 0, 0, 0, 0, 1, 1, 2, 2, 0, 0, 2, 0, 0, 1, 1, 0, 2, 2, 0, 1, 0, 0, 0, 0, 0, 0, 0, 2, 0, 0, 0, 0, 0, 0, 0, 2, 2, 2, 3, 2, 0, 1, 1, 4, 2, 5, 1, 6, 2, 4, 2, 4, 123, 0, 0, 0, 0, 0, 0]",1,0.8008361520203885,-1,0
546,"[2, 2, 0, 5, 1, 6, 0, 5, 0, 1, 0, 2, 0, 0, 0, 0, 0, 1, 0, 0, 2, 0, 0, 0, 0, 0, 0, 0, 0, 0, 0, 0, 1, 1, 2, 2, 0, 0, 2, 0, 0, 1, 1, 0, 2, 2, 0, 1, 0, 0, 0, 0, 0, 0, 0, 2, 0, 0, 0, 0, 0, 0, 0, 2, 2, 2, 3, 2, 0, 1, 1, 4, 2, 5, 1, 6, 2, 4, 2, 4, 123, 0, 0, 0, 0, 0, 0]",-1,-0.014614628884042972,-1,0
547,"[2, 2, 0, 5, 1, 6, 0, 5, 0, 1, 0, 2, 0, 0, 0, 0, 0, 1, 0, 0, 2, 0, 0, 0, 0, 0, 0, 0, 0, 0, 0, 0, 1, 1, 2, 2, 0, 0, 2, 0, 0, 1, 1, 0, 2, 2, 0, 1, 0, 0, 0, 0, 0, 0, 0, 2, 0, 0, 0, 0, 0, 0, 0, 2, 2, 2, 3, 2, 0, 1, 1, 4, 2, 5, 1, 6, 2, 4, 2, 4, 123, 0, 1, 0, 0, 0, 0]",2,0.5912120369207717,-1,1
548,"[2, 2, 0, 5, 1, 6, 0, 5, 0, 1, 0, 2, 0, 0, 0, 0, 0, 1, 0, 0, 2, 0, 0, 0, 0, 0, 0, 0, 0, 0, 0, 0, 1, 1, 2, 2, 0, 0, 2, 0, 0, 1, 1, 0, 2, 2, 0, 1, 0, 0, 0, 0, 0, 0, 0, 2, 0, 0, 0, 0, 0, 0, 0, 2, 2, 2, 3, 2, 0, 1, 1, 4, 2, 5, 1, 6, 2, 4, 2, 4, 123, 0, 1, 0, 0, 1, 0]","[[1 0 0 0]
 [0 1 0 0]]",0.8416369019788627,-1,1
549,"[3, 1, 0, 5, 0, 7, 0, 5, 0, 1, 0, 2, 0, 0, 0, 0, 0, 1, 0, 0, 2, 0, 0, 0, 0, 0, 0, 0, 0, 0, 0, 0, 1, 1, 2, 2, 0, 0, 2, 0, 0, 1, 1, 0, 2, 2, 0, 1, 0, 0, 0, 0, 0, 0, 0, 2, 0, 0, 0, 0, 0, 0, 0, 2, 2, 2, 3, 2, 0, 1, 1, 4, 2, 5, 1, 6, 2, 4, 2, 4, 123, 0, 0, 0, 0, 0, 0]",0,-0.008787963079228264,-1,0
550,"[3, 1, 0, 6, 0, 7, 0, 6, 0, 1, 0, 2, 0, 0, 0, 0, 0, 1, 0, 0, 2, 0, 0, 0, 0, 0, 0, 0, 0, 0, 0, 0, 1, 1, 2, 2, 0, 0, 2, 0, 0, 1, 1, 0, 2, 2, 0, 1, 0, 0, 0, 0, 0, 0, 0, 2, 0, 0, 0, 0, 0, 0, 0, 2, 2, 2, 3, 2, 0, 1, 1, 4, 2, 5, 1, 6, 2, 4, 2, 4, 124, 0, 0, 0, 0, 0, 0]",4,14.038988536463238,-1,1
551,"[3, 1, 0, 6, 0, 7, 0, 6, 0, 1, 0, 2, 0, 0, 0, 0, 0, 1, 0, 0, 2, 0, 0, 0, 0, 0, 0, 0, 0, 0, 0, 0, 1, 1, 2, 2, 0, 0, 2, 0, 0, 1, 1, 0, 2, 2, 0, 1, 0, 0, 0, 0, 0, 0, 0, 2, 0, 0, 0, 0, 0, 0, 0, 2, 2, 2, 3, 2, 0, 1, 1, 4, 2, 5, 1, 6, 2, 4, 2, 4, 124, 0, 1, 0, 0, 0, 0]",2,0.5908697658431112,-1,0
552,"[3, 1, 0, 6, 0, 7, 0, 6, 0, 1, 0, 2, 0, 0, 0, 0, 0, 1, 0, 0, 2, 0, 0, 0, 0, 0, 0, 0, 0, 0, 0, 0, 1, 1, 2, 2, 0, 0, 2, 0, 0, 1, 1, 0, 2, 2, 0, 1, 0, 0, 0, 0, 0, 0, 0, 2, 0, 0, 0, 0, 0, 0, 0, 2, 2, 2, 3, 2, 0, 1, 1, 4, 2, 5, 1, 6, 2, 4, 2, 4, 124, 0, 0, 0, 0, 0, 0]",-1,-0.014469210896952531,-1,0
553,"[3, 1, 0, 6, 0, 7, 0, 6, 0, 1, 0, 2, 0, 0, 0, 0, 0, 1, 0, 0, 2, 0, 0, 0, 0, 0, 0, 0, 0, 0, 0, 0, 1, 1, 2, 2, 0, 0, 2, 0, 0, 1, 1, 0, 2, 2, 0, 1, 0, 0, 0, 0, 0, 0, 0, 2, 0, 0, 0, 0, 0, 0, 0, 2, 2, 2, 3, 2, 0, 1, 1, 4, 2, 5, 1, 6, 2, 4, 2, 4, 124, 1, 0, 0, 0, 0, 0]",3,0.3908697658431113,-1,0
554,"[1, 1, 0, 7, 0, 7, 0, 6, 0, 1, 0, 2, 0, 0, 0, 0, 0, 1, 0, 0, 2, 0, 0, 0, 0, 0, 0, 0, 0, 0, 0, 0, 1, 1, 2, 2, 0, 0, 2, 0, 0, 1, 1, 0, 2, 2, 0, 1, 0, 0, 0, 0, 0, 0, 0, 2, 0, 0, 0, 0, 0, 0, 0, 2, 2, 2, 3, 2, 0, 1, 1, 4, 2, 5, 1, 6, 2, 4, 2, 4, 124, 0, 0, 0, 0, 0, 0]","[[2 0 0 0]
 [0 0 0 1]]",-0.007672552245847691,-1,0
555,"[1, 2, 0, 7, 0, 8, 0, 6, 0, 1, 0, 2, 0, 0, 0, 0, 0, 1, 0, 0, 2, 0, 0, 0, 0, 0, 0, 0, 0, 0, 0, 0, 1, 1, 2, 2, 0, 0, 2, 0, 0, 1, 1, 0, 2, 2, 0, 1, 0, 0, 0, 0, 0, 0, 0, 2, 0, 0, 0, 0, 0, 0, 0, 2, 2, 2, 3, 2, 0, 1, 1, 4, 2, 5, 1, 6, 2, 4, 2, 4, 125, 0, 0, 0, 0, 0, 0]",4,12.619947055062244,-1,0
556,"[1, 2, 0, 7, 1, 8, 0, 6, 0, 1, 0, 2, 0, 0, 0, 0, 0, 1, 0, 0, 2, 0, 0, 0, 0, 0, 0, 0, 0, 0, 0, 0, 1, 1, 2, 2, 0, 0, 2, 0, 0, 1, 1, 0, 2, 2, 0, 1, 0, 0, 0, 0, 0, 0, 0, 2, 0, 0, 0, 0, 0, 0, 0, 2, 2, 2, 3, 2, 0, 1, 1, 4, 2, 5, 1, 6, 2, 4, 2, 4, 126, 0, 0, 0, 0, 0, 0]",4,14.101947354930772,-1,1
557,"[1, 2, 0, 7, 1, 8, 0, 6, 0, 1, 0, 2, 0, 0, 0, 0, 0, 1, 0, 0, 2, 0, 0, 0, 0, 0, 0, 0, 0, 0, 0, 0, 1, 1, 2, 2, 0, 0, 2, 0, 0, 1, 1, 0, 2, 2, 0, 1, 0, 0, 0, 0, 0, 0, 0, 2, 0, 0, 0, 0, 0, 0, 0, 2, 2, 2, 3, 2, 0, 1, 1, 4, 2, 5, 1, 6, 2, 4, 2, 4, 126, 1, 0, 0, 0, 0, 0]",3,0.3901467987831947,-1,0
558,"[1, 2, 0, 7, 1, 8, 0, 6, 0, 1, 0, 2, 0, 0, 0, 0, 0, 1, 0, 0, 2, 0, 0, 0, 0, 0, 0, 0, 0, 0, 0, 0, 1, 1, 2, 2, 0, 0, 2, 0, 0, 1, 1, 0, 2, 2, 0, 1, 0, 0, 0, 0, 0, 0, 0, 2, 0, 0, 0, 0, 0, 0, 0, 2, 2, 2, 3, 2, 0, 1, 1, 4, 2, 5, 1, 6, 2, 4, 2, 4, 126, 0, 0, 0, 0, 0, 0]",-1,-0.014182701324988521,-1,0
559,"[1, 1, 0, 3, 1, 4, 0, 3, 0, 1, 0, 2, 0, 0, 0, 0, 0, 1, 0, 0, 2, 0, 0, 0, 0, 0, 0, 0, 0, 0, 0, 0, 1, 1, 2, 2, 0, 0, 2, 0, 0, 1, 1, 0, 2, 2, 0, 1, 0, 0, 0, 0, 0, 0, 0, 2, 0, 0, 0, 0, 0, 0, 0, 2, 2, 2, 3, 2, 0, 1, 1, 4, 2, 5, 1, 6, 2, 4, 2, 1, 127, 0, 0, 0, 0, 0, 0]",4,12.931086128781988,-1,0
560,"[1, 2, 0, 3, 1, 5, 0, 3, 0, 1, 0, 2, 0, 0, 0, 0, 0, 1, 0, 0, 2, 0, 0, 0, 0, 0, 0, 0, 0, 0, 0, 0, 1, 1, 2, 2, 0, 0, 2, 0, 0, 1, 1, 0, 2, 2, 0, 1, 0, 0, 0, 0, 0, 0, 0, 2, 0, 0, 0, 0, 0, 0, 0, 2, 2, 2, 3, 2, 0, 1, 1, 4, 2, 5, 1, 6, 2, 4, 2, 1, 128, 0, 0, 0, 0, 0, 0]",4,14.175815086198275,-1,1
561,"[1, 2, 0, 3, 1, 5, 0, 3, 0, 1, 0, 2, 0, 0, 0, 0, 0, 1, 0, 0, 2, 0, 0, 0, 0, 0, 0, 0, 0, 0, 0, 0, 1, 1, 2, 2, 0, 0, 2, 0, 0, 1, 1, 0, 2, 2, 0, 1, 0, 0, 0, 0, 0, 0, 0, 2, 0, 0, 0, 0, 0, 0, 0, 2, 2, 2, 3, 2, 0, 1, 1, 4, 2, 5, 1, 6, 2, 4, 2, 1, 128, 1, 0, 0, 0, 0, 0]",3,0.38936977272038725,-1,0
562,"[1, 2, 0, 3, 1, 5, 0, 3, 0, 1, 0, 2, 0, 0, 0, 0, 0, 1, 0, 0, 2, 0, 0, 0, 0, 0, 0, 0, 0, 0, 0, 0, 1, 1, 2, 2, 0, 0, 2, 0, 0, 1, 1, 0, 2, 2, 0, 1, 0, 0, 0, 0, 0, 0, 0, 2, 0, 0, 0, 0, 0, 0, 0, 2, 2, 2, 3, 2, 0, 1, 1, 4, 2, 5, 1, 6, 2, 4, 2, 1, 128, 0, 0, 0, 0, 0, 0]",-1,-0.013901865022659707,-1,0
563,"[1, 2, 0, 3, 1, 5, 0, 3, 0, 1, 0, 2, 0, 0, 0, 0, 0, 1, 0, 0, 2, 0, 0, 0, 0, 0, 0, 0, 0, 0, 0, 0, 1, 1, 2, 2, 0, 0, 2, 0, 0, 1, 1, 0, 2, 2, 0, 1, 0, 0, 0, 0, 0, 0, 0, 2, 0, 0, 0, 0, 0, 0, 0, 2, 2, 2, 3, 2, 0, 1, 1, 4, 2, 5, 1, 6, 2, 4, 2, 1, 128, 0, 1, 0, 0, 0, 0]",2,0.5893697727203873,-1,0
564,"[1, 2, 0, 3, 1, 5, 0, 3, 0, 1, 0, 2, 0, 0, 0, 0, 0, 1, 0, 0, 2, 0, 0, 0, 0, 0, 0, 0, 0, 0, 0, 0, 1, 1, 2, 2, 0, 0, 2, 0, 0, 1, 1, 0, 2, 2, 0, 1, 0, 0, 0, 0, 0, 0, 0, 2, 0, 0, 0, 0, 0, 0, 0, 2, 2, 2, 3, 2, 0, 1, 1, 4, 2, 5, 1, 6, 2, 4, 2, 1, 128, 0, 0, 0, 0, 0, 0]",-1,-0.013901865022659707,-1,0
565,"[1, 2, 0, 3, 2, 5, 0, 3, 0, 1, 0, 2, 0, 0, 0, 0, 0, 1, 0, 0, 2, 0, 0, 0, 0, 0, 0, 0, 0, 0, 0, 0, 1, 1, 2, 2, 0, 0, 2, 0, 0, 1, 1, 0, 2, 2, 0, 1, 0, 0, 0, 0, 0, 0, 0, 2, 0, 0, 0, 0, 0, 0, 0, 2, 2, 2, 3, 2, 0, 1, 1, 4, 2, 5, 1, 6, 2, 4, 2, 1, 129, 0, 0, 0, 0, 0, 0]",4,12.959018091103244,-1,0
566,"[1, 2, 0, 3, 2, 5, 0, 3, 0, 1, 0, 2, 0, 0, 0, 0, 0, 1, 0, 0, 2, 0, 0, 0, 0, 0, 0, 0, 0, 0, 0, 0, 1, 1, 2, 2, 0, 0, 2, 0, 0, 1, 1, 0, 2, 2, 0, 1, 0, 0, 0, 0, 0, 0, 0, 2, 0, 0, 0, 0, 0, 0, 0, 2, 2, 2, 3, 2, 0, 1, 1, 4, 2, 5, 1, 6, 2, 4, 2, 1, 129, 0, 1, 0, 0, 0, 0]",2,0.5889598924434131,-1,1
567,"[1, 2, 0, 3, 2, 5, 0, 3, 0, 1, 0, 2, 0, 0, 0, 0, 0, 1, 0, 0, 2, 0, 0, 0, 0, 0, 0, 0, 0, 0, 0, 0, 1, 1, 2, 2, 0, 0, 2, 0, 0, 1, 1, 0, 2, 2, 0, 1, 0, 0, 0, 0, 0, 0, 0, 2, 0, 0, 0, 0, 0, 0, 0, 2, 2, 2, 3, 2, 0, 1, 1, 4, 2, 5, 1, 6, 2, 4, 2, 1, 129, 0, 1, 0, 0, 1, 0]","[[1 0 0 0]
 [0 1 0 0]]",0.839384757501504,-1,1
568,"[1, 2, 0, 3, 2, 5, 0, 3, 0, 1, 0, 2, 0, 0, 0, 0, 0, 1, 0, 0, 2, 0, 0, 0, 0, 0, 0, 0, 0, 0, 0, 0, 1, 1, 2, 2, 0, 0, 2, 0, 0, 1, 1, 0, 2, 2, 0, 1, 0, 0, 0, 0, 0, 0, 0, 2, 0, 0, 0, 0, 0, 0, 0, 2, 2, 2, 3, 2, 0, 1, 1, 4, 2, 5, 1, 6, 2, 4, 2, 1, 129, 0, 0, 0, 0, 0, 0]",1,-0.01104010755658686,-1,0
569,"[1, 3, 0, 3, 2, 6, 0, 3, 0, 1, 0, 2, 0, 0, 0, 0, 0, 1, 0, 0, 2, 0, 0, 0, 0, 0, 0, 0, 0, 0, 0, 0, 1, 1, 2, 2, 0, 0, 2, 0, 0, 1, 1, 0, 2, 2, 0, 1, 0, 0, 0, 0, 0, 0, 0, 2, 0, 0, 0, 0, 0, 0, 0, 2, 2, 2, 3, 2, 0, 1, 1, 4, 2, 5, 1, 6, 2, 4, 2, 1, 130, 0, 0, 0, 0, 0, 0]",4,14.208907449132301,-1,1
570,"[1, 3, 0, 3, 2, 6, 0, 3, 0, 1, 0, 2, 0, 0, 0, 0, 0, 1, 0, 0, 2, 0, 0, 0, 0, 0, 0, 0, 0, 0, 0, 0, 1, 1, 2, 2, 0, 0, 2, 0, 0, 1, 1, 0, 2, 2, 0, 1, 0, 0, 0, 0, 0, 0, 0, 2, 0, 0, 0, 0, 0, 0, 0, 2, 2, 2, 3, 2, 0, 1, 1, 4, 2, 5, 1, 6, 2, 4, 2, 1, 130, 1, 0, 0, 0, 0, 0]",3,0.38853516482022626,-1,0
571,"[1, 3, 0, 3, 2, 6, 0, 3, 0, 1, 0, 2, 0, 0, 0, 0, 0, 1, 0, 0, 2, 0, 0, 0, 0, 0, 0, 0, 0, 0, 0, 0, 1, 1, 2, 2, 0, 0, 2, 0, 0, 1, 1, 0, 2, 2, 0, 1, 0, 0, 0, 0, 0, 0, 0, 2, 0, 0, 0, 0, 0, 0, 0, 2, 2, 2, 3, 2, 0, 1, 1, 4, 2, 5, 1, 6, 2, 4, 2, 1, 130, 0, 0, 0, 0, 0, 0]",-1,-0.01362658965170063,-1,0
572,"[1, 3, 0, 3, 2, 6, 0, 3, 0, 1, 0, 2, 0, 0, 0, 0, 0, 1, 0, 0, 2, 0, 0, 0, 0, 0, 0, 0, 0, 0, 0, 0, 1, 1, 2, 2, 0, 0, 2, 0, 0, 1, 1, 0, 2, 2, 0, 1, 0, 0, 0, 0, 0, 0, 0, 2, 0, 0, 0, 0, 0, 0, 0, 2, 2, 2, 3, 2, 0, 1, 1, 4, 2, 5, 1, 6, 2, 4, 2, 1, 131, 0, 0, 0, 0, 0, 0]",4,14.208193512111201,-1,1
573,"[1, 4, 0, 3, 2, 7, 0, 3, 0, 1, 0, 2, 0, 0, 0, 0, 0, 1, 0, 0, 2, 0, 0, 0, 0, 0, 0, 0, 0, 0, 0, 0, 1, 1, 2, 2, 0, 0, 2, 0, 0, 1, 1, 0, 2, 2, 0, 1, 0, 0, 0, 0, 0, 0, 0, 2, 0, 0, 0, 0, 0, 0, 0, 2, 2, 2, 3, 2, 0, 1, 1, 4, 2, 5, 1, 6, 2, 4, 2, 1, 132, 0, 0, 0, 0, 0, 0]",4,12.835441723564655,-1,0
574,"[1, 4, 0, 3, 2, 7, 0, 3, 0, 1, 0, 2, 0, 0, 0, 0, 0, 1, 0, 0, 2, 0, 0, 0, 0, 0, 0, 0, 0, 0, 0, 0, 1, 1, 2, 2, 0, 0, 2, 0, 0, 1, 1, 0, 2, 2, 0, 1, 0, 0, 0, 0, 0, 0, 0, 2, 0, 0, 0, 0, 0, 0, 0, 2, 2, 2, 3, 2, 0, 1, 1, 4, 2, 5, 1, 6, 2, 4, 2, 1, 133, 0, 0, 0, 0, 0, 0]",4,14.153037016782811,-1,1
575,"[1, 5, 0, 3, 2, 8, 0, 3, 0, 1, 0, 2, 0, 0, 0, 0, 0, 1, 0, 0, 2, 0, 0, 0, 0, 0, 0, 0, 0, 0, 0, 0, 1, 1, 2, 2, 0, 0, 2, 0, 0, 1, 1, 0, 2, 2, 0, 1, 0, 0, 0, 0, 0, 0, 0, 2, 0, 0, 0, 0, 0, 0, 0, 2, 2, 2, 3, 2, 0, 1, 1, 4, 2, 5, 1, 6, 2, 4, 2, 1, 134, 0, 0, 0, 0, 0, 0]",4,12.771488270315015,-1,0
576,"[1, 5, 0, 3, 2, 8, 0, 3, 0, 1, 0, 2, 0, 0, 0, 0, 0, 1, 0, 0, 2, 0, 0, 0, 0, 0, 0, 0, 0, 0, 0, 0, 1, 1, 2, 2, 0, 0, 2, 0, 0, 1, 1, 0, 2, 2, 0, 1, 0, 0, 0, 0, 0, 0, 0, 2, 0, 0, 0, 0, 0, 0, 0, 2, 2, 2, 3, 2, 0, 1, 1, 4, 2, 5, 1, 6, 2, 4, 2, 1, 134, 0, 1, 0, 0, 0, 0]",2,0.5866783928849818,-1,1
577,"[1, 5, 0, 3, 2, 8, 0, 3, 0, 1, 0, 2, 0, 0, 0, 0, 0, 1, 0, 0, 2, 0, 0, 0, 0, 0, 0, 0, 0, 0, 0, 0, 1, 1, 2, 2, 0, 0, 2, 0, 0, 1, 1, 0, 2, 2, 0, 1, 0, 0, 0, 0, 0, 0, 0, 2, 0, 0, 0, 0, 0, 0, 0, 2, 2, 2, 3, 2, 0, 1, 1, 4, 2, 5, 1, 6, 2, 4, 2, 1, 134, 0, 1, 0, 0, 1, 0]","[[1 0 0 0]
 [0 1 0 0]]",0.8371032579430727,-1,1
578,"[2, 4, 0, 3, 1, 9, 0, 3, 0, 1, 0, 2, 0, 0, 0, 0, 0, 1, 0, 0, 2, 0, 0, 0, 0, 0, 0, 0, 0, 0, 0, 0, 1, 1, 2, 2, 0, 0, 2, 0, 0, 1, 1, 0, 2, 2, 0, 1, 0, 0, 0, 0, 0, 0, 0, 2, 0, 0, 0, 0, 0, 0, 0, 2, 2, 2, 3, 2, 0, 1, 1, 4, 2, 5, 1, 6, 2, 4, 2, 1, 134, 0, 0, 0, 0, 0, 0]",0,-0.013321607115018131,-1,0
579,"[2, 5, 0, 3, 1, 10, 0, 3, 0, 1, 0, 2, 0, 0, 0, 0, 0, 1, 0, 0, 2, 0, 0, 0, 0, 0, 0, 0, 0, 0, 0, 0, 1, 1, 2, 2, 0, 0, 2, 0, 0, 1, 1, 0, 2, 2, 0, 1, 0, 0, 0, 0, 0, 0, 0, 2, 0, 0, 0, 0, 0, 0, 0, 2, 2, 2, 3, 2, 0, 1, 1, 4, 2, 5, 1, 6, 2, 4, 2, 1, 135, 0, 0, 0, 0, 0, 0]",4,13.965915994667084,-1,1
580,"[2, 5, 0, 3, 1, 10, 0, 3, 0, 1, 0, 2, 0, 0, 0, 0, 0, 1, 0, 0, 2, 0, 0, 0, 0, 0, 0, 0, 0, 0, 0, 0, 1, 1, 2, 2, 0, 0, 2, 0, 0, 1, 1, 0, 2, 2, 0, 1, 0, 0, 0, 0, 0, 0, 0, 2, 0, 0, 0, 0, 0, 0, 0, 2, 2, 2, 3, 2, 0, 1, 1, 4, 2, 5, 1, 6, 2, 4, 2, 1, 135, 0, 0, 0, 0, 0, 0]",1,0.7957964310309473,-1,0
581,"[2, 5, 0, 3, 1, 10, 0, 3, 0, 1, 0, 2, 0, 0, 0, 0, 0, 1, 0, 0, 2, 0, 0, 0, 0, 0, 0, 0, 0, 0, 0, 0, 1, 1, 2, 2, 0, 0, 2, 0, 0, 1, 1, 0, 2, 2, 0, 1, 0, 0, 0, 0, 0, 0, 0, 2, 0, 0, 0, 0, 0, 0, 0, 2, 2, 2, 3, 2, 0, 1, 1, 4, 2, 5, 1, 6, 2, 4, 2, 1, 135, 0, 0, 0, 0, 0, 0]",-1,-0.012962013032294576,-1,0
582,"[1, 2, 0, 1, 1, 5, 0, 1, 0, 1, 0, 2, 0, 0, 0, 0, 0, 1, 0, 0, 2, 0, 0, 0, 0, 0, 0, 0, 0, 0, 0, 0, 1, 1, 2, 2, 0, 0, 2, 0, 0, 1, 1, 0, 2, 2, 0, 1, 0, 0, 0, 0, 0, 0, 0, 2, 0, 0, 0, 0, 0, 0, 0, 2, 2, 2, 3, 2, 0, 1, 1, 4, 2, 5, 1, 6, 2, 4, 2, 6, 136, 0, 0, 0, 0, 0, 0]",4,14.04819577900477,-1,1
583,"[1, 2, 0, 2, 1, 5, 0, 2, 0, 1, 0, 2, 0, 0, 0, 0, 0, 1, 0, 0, 2, 0, 0, 0, 0, 0, 0, 0, 0, 0, 0, 0, 1, 1, 2, 2, 0, 0, 2, 0, 0, 1, 1, 0, 2, 2, 0, 1, 0, 0, 0, 0, 0, 0, 0, 2, 0, 0, 0, 0, 0, 0, 0, 2, 2, 2, 3, 2, 0, 1, 1, 4, 2, 5, 1, 6, 2, 4, 2, 6, 137, 0, 0, 0, 0, 0, 0]",4,13.083213992596866,-1,0
584,"[1, 2, 0, 2, 2, 5, 0, 2, 0, 1, 0, 2, 0, 0, 0, 0, 0, 1, 0, 0, 2, 0, 0, 0, 0, 0, 0, 0, 0, 0, 0, 0, 1, 1, 2, 2, 0, 0, 2, 0, 0, 1, 1, 0, 2, 2, 0, 1, 0, 0, 0, 0, 0, 0, 0, 2, 0, 0, 0, 0, 0, 0, 0, 2, 2, 2, 3, 2, 0, 1, 1, 4, 2, 5, 1, 6, 2, 4, 2, 6, 138, 0, 0, 0, 0, 0, 0]",4,14.242762925076782,-1,1
585,"[1, 2, 0, 2, 2, 5, 0, 2, 0, 1, 0, 2, 0, 0, 0, 0, 0, 1, 0, 0, 2, 0, 0, 0, 0, 0, 0, 0, 0, 0, 0, 0, 1, 1, 2, 2, 0, 0, 2, 0, 0, 1, 1, 0, 2, 2, 0, 1, 0, 0, 0, 0, 0, 0, 0, 2, 0, 0, 0, 0, 0, 0, 0, 2, 2, 2, 3, 2, 0, 1, 1, 4, 2, 5, 1, 6, 2, 4, 2, 6, 138, 0, 0, 0, 0, 0, 0]",1,0.7941696746722847,-1,0
586,"[1, 2, 0, 2, 2, 5, 0, 2, 0, 1, 0, 2, 0, 0, 0, 0, 0, 1, 0, 0, 2, 0, 0, 0, 0, 0, 0, 0, 0, 0, 0, 0, 1, 1, 2, 2, 0, 0, 2, 0, 0, 1, 1, 0, 2, 2, 0, 1, 0, 0, 0, 0, 0, 0, 0, 2, 0, 0, 0, 0, 0, 0, 0, 2, 2, 2, 3, 2, 0, 1, 1, 4, 2, 5, 1, 6, 2, 4, 2, 6, 138, 0, 0, 0, 0, 0, 0]",-1,-0.012578927652987824,-1,0
587,"[1, 2, 0, 2, 2, 5, 0, 2, 0, 1, 0, 2, 0, 0, 0, 0, 0, 1, 0, 0, 2, 0, 0, 0, 0, 0, 0, 0, 0, 0, 0, 0, 1, 1, 2, 2, 0, 0, 2, 0, 0, 1, 1, 0, 2, 2, 0, 1, 0, 0, 0, 0, 0, 0, 0, 2, 0, 0, 0, 0, 0, 0, 0, 2, 2, 2, 3, 2, 0, 1, 1, 4, 2, 5, 1, 6, 2, 4, 2, 6, 138, 1, 0, 0, 0, 0, 0]",3,0.38454555957266806,-1,0
588,"[1, 2, 0, 2, 2, 5, 0, 2, 0, 1, 0, 2, 0, 0, 0, 0, 0, 1, 0, 0, 2, 0, 0, 0, 0, 0, 0, 0, 0, 0, 0, 0, 1, 1, 2, 2, 0, 0, 2, 0, 0, 1, 1, 0, 2, 2, 0, 1, 0, 0, 0, 0, 0, 0, 0, 2, 0, 0, 0, 0, 0, 0, 0, 2, 2, 2, 3, 2, 0, 1, 1, 4, 2, 5, 1, 6, 2, 4, 2, 6, 138, 0, 0, 0, 0, 0, 0]",-1,-0.012578927652987824,-1,0
589,"[1, 3, 0, 2, 2, 6, 0, 2, 0, 1, 0, 2, 0, 0, 0, 0, 0, 1, 0, 0, 2, 0, 0, 0, 0, 0, 0, 0, 0, 0, 0, 0, 1, 1, 2, 2, 0, 0, 2, 0, 0, 1, 1, 0, 2, 2, 0, 1, 0, 0, 0, 0, 0, 0, 0, 2, 0, 0, 0, 0, 0, 0, 0, 2, 2, 2, 3, 2, 0, 1, 1, 4, 2, 5, 1, 6, 2, 4, 2, 6, 139, 0, 0, 0, 0, 0, 0]",4,12.951377741485926,-1,0
590,"[1, 3, 0, 2, 2, 6, 0, 2, 0, 1, 0, 2, 0, 0, 0, 0, 0, 1, 0, 0, 2, 0, 0, 0, 0, 0, 0, 0, 0, 0, 0, 0, 1, 1, 2, 2, 0, 0, 2, 0, 0, 1, 1, 0, 2, 2, 0, 1, 0, 0, 0, 0, 0, 0, 0, 2, 0, 0, 0, 0, 0, 0, 0, 2, 2, 2, 3, 2, 0, 1, 1, 4, 2, 5, 1, 6, 2, 4, 2, 6, 139, 0, 1, 0, 0, 0, 0]",2,0.5839654175654375,-1,1
591,"[1, 3, 0, 2, 2, 6, 0, 2, 0, 1, 0, 2, 0, 0, 0, 0, 0, 1, 0, 0, 2, 0, 0, 0, 0, 0, 0, 0, 0, 0, 0, 0, 1, 1, 2, 2, 0, 0, 2, 0, 0, 1, 1, 0, 2, 2, 0, 1, 0, 0, 0, 0, 0, 0, 0, 2, 0, 0, 0, 0, 0, 0, 0, 2, 2, 2, 3, 2, 0, 1, 1, 4, 2, 5, 1, 6, 2, 4, 2, 6, 139, 0, 1, 0, 0, 1, 0]","[[1 0 0 0]
 [0 1 0 0]]",0.8343902826235284,-1,1
592,"[2, 2, 0, 2, 1, 7, 0, 2, 0, 1, 0, 2, 0, 0, 0, 0, 0, 1, 0, 0, 2, 0, 0, 0, 0, 0, 0, 0, 0, 0, 0, 0, 1, 1, 2, 2, 0, 0, 2, 0, 0, 1, 1, 0, 2, 2, 0, 1, 0, 0, 0, 0, 0, 0, 0, 2, 0, 0, 0, 0, 0, 0, 0, 2, 2, 2, 3, 2, 0, 1, 1, 4, 2, 5, 1, 6, 2, 4, 2, 6, 139, 0, 0, 0, 0, 0, 0]",0,-0.016034582434562468,-1,0
593,"[2, 2, 0, 3, 1, 7, 0, 3, 0, 1, 0, 2, 0, 0, 0, 0, 0, 1, 0, 0, 2, 0, 0, 0, 0, 0, 0, 0, 0, 0, 0, 0, 1, 1, 2, 2, 0, 0, 2, 0, 0, 1, 1, 0, 2, 2, 0, 1, 0, 0, 0, 0, 0, 0, 0, 2, 0, 0, 0, 0, 0, 0, 0, 2, 2, 2, 3, 2, 0, 1, 1, 4, 2, 5, 1, 6, 2, 4, 2, 6, 140, 0, 0, 0, 0, 0, 0]",4,14.065721164134658,-1,1
594,"[1, 1, 0, 1, 1, 3, 0, 1, 0, 1, 0, 2, 0, 0, 0, 0, 0, 1, 0, 0, 2, 0, 0, 0, 0, 0, 0, 0, 0, 0, 0, 0, 1, 1, 2, 2, 0, 0, 2, 0, 0, 1, 1, 0, 2, 2, 0, 1, 0, 0, 0, 0, 0, 0, 0, 2, 0, 0, 0, 0, 0, 0, 0, 2, 2, 2, 3, 2, 0, 1, 1, 4, 2, 5, 1, 6, 2, 4, 2, 5, 141, 0, 0, 0, 0, 0, 0]",4,13.3407981415051,-1,0
595,"[1, 1, 0, 1, 1, 3, 0, 1, 0, 1, 0, 2, 0, 0, 0, 0, 0, 1, 0, 0, 2, 0, 0, 0, 0, 0, 0, 0, 0, 0, 0, 0, 1, 1, 2, 2, 0, 0, 2, 0, 0, 1, 1, 0, 2, 2, 0, 1, 0, 0, 0, 0, 0, 0, 0, 2, 0, 0, 0, 0, 0, 0, 0, 2, 2, 2, 3, 2, 0, 1, 1, 4, 2, 5, 1, 6, 2, 4, 2, 5, 142, 0, 0, 0, 0, 0, 0]",4,14.319473782764062,-1,1
596,"[1, 2, 0, 1, 1, 4, 0, 1, 0, 1, 0, 2, 0, 0, 0, 0, 0, 1, 0, 0, 2, 0, 0, 0, 0, 0, 0, 0, 0, 0, 0, 0, 1, 1, 2, 2, 0, 0, 2, 0, 0, 1, 1, 0, 2, 2, 0, 1, 0, 0, 0, 0, 0, 0, 0, 2, 0, 0, 0, 0, 0, 0, 0, 2, 2, 2, 3, 2, 0, 1, 1, 4, 2, 5, 1, 6, 2, 4, 2, 5, 143, 0, 0, 0, 0, 0, 0]",4,13.179381374440114,-1,0
597,"[1, 2, 0, 1, 1, 4, 0, 1, 0, 1, 0, 2, 0, 0, 0, 0, 0, 1, 0, 0, 2, 0, 0, 0, 0, 0, 0, 0, 0, 0, 0, 0, 1, 1, 2, 2, 0, 0, 2, 0, 0, 1, 1, 0, 2, 2, 0, 1, 0, 0, 0, 0, 0, 0, 0, 2, 0, 0, 0, 0, 0, 0, 0, 2, 2, 2, 3, 2, 0, 1, 1, 4, 2, 5, 1, 6, 2, 4, 2, 5, 144, 0, 0, 0, 0, 0, 0]",4,14.150456010471528,-1,1
598,"[1, 2, 0, 1, 1, 4, 0, 1, 0, 1, 0, 2, 0, 0, 0, 0, 0, 1, 0, 0, 2, 0, 0, 0, 0, 0, 0, 0, 0, 0, 0, 0, 1, 1, 2, 2, 0, 0, 2, 0, 0, 1, 1, 0, 2, 2, 0, 1, 0, 0, 0, 0, 0, 0, 0, 2, 0, 0, 0, 0, 0, 0, 0, 2, 2, 2, 3, 2, 0, 1, 1, 4, 2, 5, 1, 6, 2, 4, 2, 5, 144, 1, 0, 0, 0, 0, 0]",3,0.3807568916578615,-1,0
599,"[1, 2, 0, 1, 1, 4, 0, 1, 0, 1, 0, 2, 0, 0, 0, 0, 0, 1, 0, 0, 2, 0, 0, 0, 0, 0, 0, 0, 0, 0, 0, 0, 1, 1, 2, 2, 0, 0, 2, 0, 0, 1, 1, 0, 2, 2, 0, 1, 0, 0, 0, 0, 0, 0, 0, 2, 0, 0, 0, 0, 0, 0, 0, 2, 2, 2, 3, 2, 0, 1, 1, 4, 2, 5, 1, 6, 2, 4, 2, 5, 144, 0, 0, 0, 0, 0, 0]",-1,-0.01184638793410609,-1,0
600,"[1, 2, 0, 1, 1, 4, 0, 1, 0, 1, 0, 2, 0, 0, 0, 0, 0, 1, 0, 0, 2, 0, 0, 0, 0, 0, 0, 0, 0, 0, 0, 0, 1, 1, 2, 2, 0, 0, 2, 0, 0, 1, 1, 0, 2, 2, 0, 1, 0, 0, 0, 0, 0, 0, 0, 2, 0, 0, 0, 0, 0, 0, 0, 2, 2, 2, 3, 2, 0, 1, 1, 4, 2, 5, 1, 6, 2, 4, 2, 5, 144, 0, 1, 0, 0, 0, 0]",2,0.5807568916578614,-1,1
601,"[1, 2, 0, 1, 1, 4, 0, 1, 0, 1, 0, 2, 0, 0, 0, 0, 0, 1, 0, 0, 2, 0, 0, 0, 0, 0, 0, 0, 0, 0, 0, 0, 1, 1, 2, 2, 0, 0, 2, 0, 0, 1, 1, 0, 2, 2, 0, 1, 0, 0, 0, 0, 0, 0, 0, 2, 0, 0, 0, 0, 0, 0, 0, 2, 2, 2, 3, 2, 0, 1, 1, 4, 2, 5, 1, 6, 2, 4, 2, 5, 144, 0, 1, 0, 0, 1, 0]","[[1 0 0 0]
 [0 1 0 0]]",0.8311817567159523,-1,1
602,"[1, 2, 0, 1, 1, 4, 0, 1, 0, 1, 0, 2, 0, 0, 0, 0, 0, 1, 0, 0, 2, 0, 0, 0, 0, 0, 0, 0, 0, 0, 0, 0, 1, 1, 2, 2, 0, 0, 2, 0, 0, 1, 1, 0, 2, 2, 0, 1, 0, 0, 0, 0, 0, 0, 0, 2, 0, 0, 0, 0, 0, 0, 0, 2, 2, 2, 3, 2, 0, 1, 1, 4, 2, 5, 1, 6, 2, 4, 2, 5, 144, 0, 0, 0, 0, 0, 0]",1,-0.019243108342138566,-1,0
603,"[1, 1, 0, 1, 1, 2, 0, 1, 0, 1, 0, 2, 0, 0, 0, 0, 0, 1, 0, 0, 2, 0, 0, 0, 0, 0, 0, 0, 0, 0, 0, 0, 1, 1, 2, 2, 0, 0, 2, 0, 0, 1, 1, 0, 2, 2, 0, 1, 0, 0, 0, 0, 0, 0, 0, 2, 0, 0, 0, 0, 0, 0, 0, 2, 2, 2, 3, 2, 0, 1, 1, 4, 2, 5, 1, 6, 2, 4, 2, 3, 145, 0, 0, 0, 0, 0, 0]",4,14.577511241418119,-1,1
604,"[1, 1, 0, 1, 1, 2, 0, 1, 0, 1, 0, 2, 0, 0, 0, 0, 0, 1, 0, 0, 2, 0, 0, 0, 0, 0, 0, 0, 0, 0, 0, 0, 1, 1, 2, 2, 0, 0, 2, 0, 0, 1, 1, 0, 2, 2, 0, 1, 0, 0, 0, 0, 0, 0, 0, 2, 0, 0, 0, 0, 0, 0, 0, 2, 2, 2, 3, 2, 0, 1, 1, 4, 2, 5, 1, 6, 2, 4, 2, 3, 145, 0, 0, 0, 0, 0, 0]",1,0.7896740172756798,-1,0
605,"[1, 1, 0, 1, 1, 2, 0, 1, 0, 1, 0, 2, 0, 0, 0, 0, 0, 1, 0, 0, 2, 0, 0, 0, 0, 0, 0, 0, 0, 0, 0, 0, 1, 1, 2, 2, 0, 0, 2, 0, 0, 1, 1, 0, 2, 2, 0, 1, 0, 0, 0, 0, 0, 0, 0, 2, 0, 0, 0, 0, 0, 0, 0, 2, 2, 2, 3, 2, 0, 1, 1, 4, 2, 5, 1, 6, 2, 4, 2, 3, 145, 0, 0, 0, 0, 0, 0]",-1,-0.011728514404689883,-1,0
606,"[1, 1, 0, 1, 2, 2, 0, 1, 0, 1, 0, 2, 0, 0, 0, 0, 0, 1, 0, 0, 2, 0, 0, 0, 0, 0, 0, 0, 0, 0, 0, 0, 1, 1, 2, 2, 0, 0, 2, 0, 0, 1, 1, 0, 2, 2, 0, 1, 0, 0, 0, 0, 0, 0, 0, 2, 0, 0, 0, 0, 0, 0, 0, 2, 2, 2, 3, 2, 0, 1, 1, 4, 2, 5, 1, 6, 2, 4, 2, 3, 146, 0, 0, 0, 0, 0, 0]",4,14.475218442452446,-1,1
607,"[1, 1, 0, 1, 2, 2, 0, 1, 0, 1, 0, 2, 0, 0, 0, 0, 0, 1, 0, 0, 2, 0, 0, 0, 0, 0, 0, 0, 0, 0, 0, 0, 1, 1, 2, 2, 0, 0, 2, 0, 0, 1, 1, 0, 2, 2, 0, 1, 0, 0, 0, 0, 0, 0, 0, 2, 0, 0, 0, 0, 0, 0, 0, 2, 2, 2, 3, 2, 0, 1, 1, 4, 2, 5, 1, 6, 2, 4, 2, 3, 146, 0, 0, 0, 0, 0, 0]",1,0.7889440248079668,-1,0
608,"[1, 1, 0, 1, 2, 2, 0, 1, 0, 1, 0, 2, 0, 0, 0, 0, 0, 1, 0, 0, 2, 0, 0, 0, 0, 0, 0, 0, 0, 0, 0, 0, 1, 1, 2, 2, 0, 0, 2, 0, 0, 1, 1, 0, 2, 2, 0, 1, 0, 0, 0, 0, 0, 0, 0, 2, 0, 0, 0, 0, 0, 0, 0, 2, 2, 2, 3, 2, 0, 1, 1, 4, 2, 5, 1, 6, 2, 4, 2, 3, 146, 0, 0, 0, 0, 0, 0]",-1,-0.011611813736487942,-1,0
609,"[1, 1, 0, 1, 2, 2, 0, 1, 0, 1, 0, 2, 0, 0, 0, 0, 0, 1, 0, 0, 2, 0, 0, 0, 0, 0, 0, 0, 0, 0, 0, 0, 1, 1, 2, 2, 0, 0, 2, 0, 0, 1, 1, 0, 2, 2, 0, 1, 0, 0, 0, 0, 0, 0, 0, 2, 0, 0, 0, 0, 0, 0, 0, 2, 2, 2, 3, 2, 0, 1, 1, 4, 2, 5, 1, 6, 2, 4, 2, 3, 146, 0, 1, 0, 0, 0, 0]",2,0.57931990970835,-1,0
610,"[1, 1, 0, 1, 2, 2, 0, 1, 0, 1, 0, 2, 0, 0, 0, 0, 0, 1, 0, 0, 2, 0, 0, 0, 0, 0, 0, 0, 0, 0, 0, 0, 1, 1, 2, 2, 0, 0, 2, 0, 0, 1, 1, 0, 2, 2, 0, 1, 0, 0, 0, 0, 0, 0, 0, 2, 0, 0, 0, 0, 0, 0, 0, 2, 2, 2, 3, 2, 0, 1, 1, 4, 2, 5, 1, 6, 2, 4, 2, 3, 146, 0, 0, 0, 0, 0, 0]",-1,-0.011611813736487942,-1,0
611,"[1, 1, 0, 1, 2, 2, 0, 1, 0, 1, 0, 2, 0, 0, 0, 0, 0, 1, 0, 0, 2, 0, 0, 0, 0, 0, 0, 0, 0, 0, 0, 0, 1, 1, 2, 2, 0, 0, 2, 0, 0, 1, 1, 0, 2, 2, 0, 1, 0, 0, 0, 0, 0, 0, 0, 2, 0, 0, 0, 0, 0, 0, 0, 2, 2, 2, 3, 2, 0, 1, 1, 4, 2, 5, 1, 6, 2, 4, 2, 3, 146, 0, 0, 0, 0, 0, 0]",1,0.7889440248079668,-1,0
612,"[1, 1, 0, 1, 2, 2, 0, 1, 0, 1, 0, 2, 0, 0, 0, 0, 0, 1, 0, 0, 2, 0, 0, 0, 0, 0, 0, 0, 0, 0, 0, 0, 1, 1, 2, 2, 0, 0, 2, 0, 0, 1, 1, 0, 2, 2, 0, 1, 0, 0, 0, 0, 0, 0, 0, 2, 0, 0, 0, 0, 0, 0, 0, 2, 2, 2, 3, 2, 0, 1, 1, 4, 2, 5, 1, 6, 2, 4, 2, 3, 146, 0, 0, 0, 0, 0, 0]",-1,-0.011611813736487942,-1,0
613,"[1, 1, 0, 1, 2, 2, 0, 1, 0, 1, 0, 2, 0, 0, 0, 0, 0, 1, 0, 0, 2, 0, 0, 0, 0, 0, 0, 0, 0, 0, 0, 0, 1, 1, 2, 2, 0, 0, 2, 0, 0, 1, 1, 0, 2, 2, 0, 1, 0, 0, 0, 0, 0, 0, 0, 2, 0, 0, 0, 0, 0, 0, 0, 2, 2, 2, 3, 2, 0, 1, 1, 4, 2, 5, 1, 6, 2, 4, 2, 3, 146, 0, 1, 0, 0, 0, 0]",2,0.57931990970835,-1,0
614,"[1, 1, 0, 1, 2, 2, 0, 1, 0, 1, 0, 2, 0, 0, 0, 0, 0, 1, 0, 0, 2, 0, 0, 0, 0, 0, 0, 0, 0, 0, 0, 0, 1, 1, 2, 2, 0, 0, 2, 0, 0, 1, 1, 0, 2, 2, 0, 1, 0, 0, 0, 0, 0, 0, 0, 2, 0, 0, 0, 0, 0, 0, 0, 2, 2, 2, 3, 2, 0, 1, 1, 4, 2, 5, 1, 6, 2, 4, 2, 3, 146, 0, 0, 0, 0, 0, 0]",-1,-0.011611813736487942,-1,0
615,"[1, 1, 0, 2, 2, 2, 0, 2, 0, 1, 0, 2, 0, 0, 0, 0, 0, 1, 0, 0, 2, 0, 0, 0, 0, 0, 0, 0, 0, 0, 0, 0, 1, 1, 2, 2, 0, 0, 2, 0, 0, 1, 1, 0, 2, 2, 0, 1, 0, 0, 0, 0, 0, 0, 0, 2, 0, 0, 0, 0, 0, 0, 0, 2, 2, 2, 3, 2, 0, 1, 1, 4, 2, 5, 1, 6, 2, 4, 2, 3, 147, 0, 0, 0, 0, 0, 0]",4,13.175558576749513,-1,0
616,"[1, 2, 0, 2, 2, 3, 0, 2, 0, 1, 0, 2, 0, 0, 0, 0, 0, 1, 0, 0, 2, 0, 0, 0, 0, 0, 0, 0, 0, 0, 0, 0, 1, 1, 2, 2, 0, 0, 2, 0, 0, 1, 1, 0, 2, 2, 0, 1, 0, 0, 0, 0, 0, 0, 0, 2, 0, 0, 0, 0, 0, 0, 0, 2, 2, 2, 3, 2, 0, 1, 1, 4, 2, 5, 1, 6, 2, 4, 2, 3, 148, 0, 0, 0, 0, 0, 0]",4,14.444634687664216,-1,1
617,"[1, 3, 0, 2, 2, 4, 0, 2, 0, 1, 0, 2, 0, 0, 0, 0, 0, 1, 0, 0, 2, 0, 0, 0, 0, 0, 0, 0, 0, 0, 0, 0, 1, 1, 2, 2, 0, 0, 2, 0, 0, 1, 1, 0, 2, 2, 0, 1, 0, 0, 0, 0, 0, 0, 0, 2, 0, 0, 0, 0, 0, 0, 0, 2, 2, 2, 3, 2, 0, 1, 1, 4, 2, 5, 1, 6, 2, 4, 2, 3, 149, 0, 0, 0, 0, 0, 0]",4,12.942004891043783,-1,0
618,"[1, 3, 0, 2, 2, 4, 0, 2, 0, 1, 0, 2, 0, 0, 0, 0, 0, 1, 0, 0, 2, 0, 0, 0, 0, 0, 0, 0, 0, 0, 0, 0, 1, 1, 2, 2, 0, 0, 2, 0, 0, 1, 1, 0, 2, 2, 0, 1, 0, 0, 0, 0, 0, 0, 0, 2, 0, 0, 0, 0, 0, 0, 0, 2, 2, 2, 3, 2, 0, 1, 1, 4, 2, 5, 1, 6, 2, 4, 2, 3, 149, 0, 1, 0, 0, 0, 0]",2,0.57698665359089,-1,1
619,"[1, 3, 0, 2, 2, 4, 0, 2, 0, 1, 0, 2, 0, 0, 0, 0, 0, 1, 0, 0, 2, 0, 0, 0, 0, 0, 0, 0, 0, 0, 0, 0, 1, 1, 2, 2, 0, 0, 2, 0, 0, 1, 1, 0, 2, 2, 0, 1, 0, 0, 0, 0, 0, 0, 0, 2, 0, 0, 0, 0, 0, 0, 0, 2, 2, 2, 3, 2, 0, 1, 1, 4, 2, 5, 1, 6, 2, 4, 2, 3, 149, 0, 1, 0, 0, 1, 0]","[[1 0 0 0]
 [0 1 0 0]]",0.8274115186489809,-1,1
620,"[2, 2, 0, 2, 1, 5, 0, 2, 0, 1, 0, 2, 0, 0, 0, 0, 0, 1, 0, 0, 2, 0, 0, 0, 0, 0, 0, 0, 0, 0, 0, 0, 1, 1, 2, 2, 0, 0, 2, 0, 0, 1, 1, 0, 2, 2, 0, 1, 0, 0, 0, 0, 0, 0, 0, 2, 0, 0, 0, 0, 0, 0, 0, 2, 2, 2, 3, 2, 0, 1, 1, 4, 2, 5, 1, 6, 2, 4, 2, 3, 149, 0, 0, 0, 0, 0, 0]",0,-0.02301334640910996,-1,0
621,"[1, 1, 0, 1, 1, 2, 0, 1, 0, 1, 0, 2, 0, 0, 0, 0, 0, 1, 0, 0, 2, 0, 0, 0, 0, 0, 0, 0, 0, 0, 0, 0, 1, 1, 2, 2, 0, 0, 2, 0, 0, 1, 1, 0, 2, 2, 0, 1, 0, 0, 0, 0, 0, 0, 0, 2, 0, 0, 0, 0, 0, 0, 0, 2, 2, 2, 3, 2, 0, 1, 1, 4, 2, 5, 1, 6, 2, 4, 2, 4, 150, 0, 0, 0, 0, 0, 0]",4,14.572465244523363,-1,1
622,"[1, 1, 0, 1, 1, 2, 0, 1, 0, 1, 0, 2, 0, 0, 0, 0, 0, 1, 0, 0, 2, 0, 0, 0, 0, 0, 0, 0, 0, 0, 0, 0, 1, 1, 2, 2, 0, 0, 2, 0, 0, 1, 1, 0, 2, 2, 0, 1, 0, 0, 0, 0, 0, 0, 0, 2, 0, 0, 0, 0, 0, 0, 0, 2, 2, 2, 3, 2, 0, 1, 1, 4, 2, 5, 1, 6, 2, 4, 2, 4, 150, 0, 1, 0, 0, 0, 0]",2,0.5761594155955765,-1,0
623,"[1, 1, 0, 1, 1, 2, 0, 1, 0, 1, 0, 2, 0, 0, 0, 0, 0, 1, 0, 0, 2, 0, 0, 0, 0, 0, 0, 0, 0, 0, 0, 0, 1, 1, 2, 2, 0, 0, 2, 0, 0, 1, 1, 0, 2, 2, 0, 1, 0, 0, 0, 0, 0, 0, 0, 2, 0, 0, 0, 0, 0, 0, 0, 2, 2, 2, 3, 2, 0, 1, 1, 4, 2, 5, 1, 6, 2, 4, 2, 4, 150, 0, 0, 0, 0, 0, 0]",-1,-0.011156508007421491,-1,0
624,"[1, 1, 0, 1, 1, 2, 0, 1, 0, 1, 0, 2, 0, 0, 0, 0, 0, 1, 0, 0, 2, 0, 0, 0, 0, 0, 0, 0, 0, 0, 0, 0, 1, 1, 2, 2, 0, 0, 2, 0, 0, 1, 1, 0, 2, 2, 0, 1, 0, 0, 0, 0, 0, 0, 0, 2, 0, 0, 0, 0, 0, 0, 0, 2, 2, 2, 3, 2, 0, 1, 1, 4, 2, 5, 1, 6, 2, 4, 2, 4, 150, 0, 0, 0, 0, 0, 0]",1,0.7857835306951932,-1,0
625,"[1, 1, 0, 1, 1, 2, 0, 1, 0, 1, 0, 2, 0, 0, 0, 0, 0, 1, 0, 0, 2, 0, 0, 0, 0, 0, 0, 0, 0, 0, 0, 0, 1, 1, 2, 2, 0, 0, 2, 0, 0, 1, 1, 0, 2, 2, 0, 1, 0, 0, 0, 0, 0, 0, 0, 2, 0, 0, 0, 0, 0, 0, 0, 2, 2, 2, 3, 2, 0, 1, 1, 4, 2, 5, 1, 6, 2, 4, 2, 4, 150, 0, 0, 0, 0, 0, 0]",-1,-0.011156508007421491,-1,0
626,"[1, 1, 0, 1, 1, 2, 0, 1, 0, 1, 0, 2, 0, 0, 0, 0, 0, 1, 0, 0, 2, 0, 0, 0, 0, 0, 0, 0, 0, 0, 0, 0, 1, 1, 2, 2, 0, 0, 2, 0, 0, 1, 1, 0, 2, 2, 0, 1, 0, 0, 0, 0, 0, 0, 0, 2, 0, 0, 0, 0, 0, 0, 0, 2, 2, 2, 3, 2, 0, 1, 1, 4, 2, 5, 1, 6, 2, 4, 2, 4, 150, 1, 0, 0, 0, 0, 0]",3,0.37615941559557653,-1,0
627,"[1, 1, 0, 1, 1, 2, 0, 1, 0, 1, 0, 2, 0, 0, 0, 0, 0, 1, 0, 0, 2, 0, 0, 0, 0, 0, 0, 0, 0, 0, 0, 0, 1, 1, 2, 2, 0, 0, 2, 0, 0, 1, 1, 0, 2, 2, 0, 1, 0, 0, 0, 0, 0, 0, 0, 2, 0, 0, 0, 0, 0, 0, 0, 2, 2, 2, 3, 2, 0, 1, 1, 4, 2, 5, 1, 6, 2, 4, 2, 4, 150, 0, 0, 0, 0, 0, 0]",-1,-0.011156508007421491,-1,0
628,"[1, 1, 0, 1, 1, 2, 0, 1, 0, 1, 0, 2, 0, 0, 0, 0, 0, 1, 0, 0, 2, 0, 0, 0, 0, 0, 0, 0, 0, 0, 0, 0, 1, 1, 2, 2, 0, 0, 2, 0, 0, 1, 1, 0, 2, 2, 0, 1, 0, 0, 0, 0, 0, 0, 0, 2, 0, 0, 0, 0, 0, 0, 0, 2, 2, 2, 3, 2, 0, 1, 1, 4, 2, 5, 1, 6, 2, 4, 2, 4, 150, 0, 1, 0, 0, 0, 0]",2,0.5761594155955765,-1,0
629,"[1, 1, 0, 1, 1, 2, 0, 1, 0, 1, 0, 2, 0, 0, 0, 0, 0, 1, 0, 0, 2, 0, 0, 0, 0, 0, 0, 0, 0, 0, 0, 0, 1, 1, 2, 2, 0, 0, 2, 0, 0, 1, 1, 0, 2, 2, 0, 1, 0, 0, 0, 0, 0, 0, 0, 2, 0, 0, 0, 0, 0, 0, 0, 2, 2, 2, 3, 2, 0, 1, 1, 4, 2, 5, 1, 6, 2, 4, 2, 4, 150, 0, 0, 0, 0, 0, 0]",-1,-0.011156508007421491,-1,0
630,"[1, 1, 0, 1, 1, 2, 0, 1, 0, 1, 0, 2, 0, 0, 0, 0, 0, 1, 0, 0, 2, 0, 0, 0, 0, 0, 0, 0, 0, 0, 0, 0, 1, 1, 2, 2, 0, 0, 2, 0, 0, 1, 1, 0, 2, 2, 0, 1, 0, 0, 0, 0, 0, 0, 0, 2, 0, 0, 0, 0, 0, 0, 0, 2, 2, 2, 3, 2, 0, 1, 1, 4, 2, 5, 1, 6, 2, 4, 2, 4, 150, 0, 1, 0, 0, 0, 0]",2,0.5761594155955765,-1,0
631,"[1, 1, 0, 1, 1, 2, 0, 1, 0, 1, 0, 2, 0, 0, 0, 0, 0, 1, 0, 0, 2, 0, 0, 0, 0, 0, 0, 0, 0, 0, 0, 0, 1, 1, 2, 2, 0, 0, 2, 0, 0, 1, 1, 0, 2, 2, 0, 1, 0, 0, 0, 0, 0, 0, 0, 2, 0, 0, 0, 0, 0, 0, 0, 2, 2, 2, 3, 2, 0, 1, 1, 4, 2, 5, 1, 6, 2, 4, 2, 4, 150, 0, 0, 0, 0, 0, 0]",-1,-0.011156508007421491,-1,0
632,"[1, 1, 0, 1, 1, 2, 0, 1, 0, 1, 0, 2, 0, 0, 0, 0, 0, 1, 0, 0, 2, 0, 0, 0, 0, 0, 0, 0, 0, 0, 0, 0, 1, 1, 2, 2, 0, 0, 2, 0, 0, 1, 1, 0, 2, 2, 0, 1, 0, 0, 0, 0, 0, 0, 0, 2, 0, 0, 0, 0, 0, 0, 0, 2, 2, 2, 3, 2, 0, 1, 1, 4, 2, 5, 1, 6, 2, 4, 2, 4, 150, 0, 1, 0, 0, 0, 0]",2,0.5761594155955765,-1,0
633,"[1, 1, 0, 1, 1, 2, 0, 1, 0, 1, 0, 2, 0, 0, 0, 0, 0, 1, 0, 0, 2, 0, 0, 0, 0, 0, 0, 0, 0, 0, 0, 0, 1, 1, 2, 2, 0, 0, 2, 0, 0, 1, 1, 0, 2, 2, 0, 1, 0, 0, 0, 0, 0, 0, 0, 2, 0, 0, 0, 0, 0, 0, 0, 2, 2, 2, 3, 2, 0, 1, 1, 4, 2, 5, 1, 6, 2, 4, 2, 4, 150, 0, 0, 0, 0, 0, 0]",-1,-0.011156508007421491,-1,0
634,"[1, 1, 0, 1, 1, 2, 0, 1, 0, 1, 0, 2, 0, 0, 0, 0, 0, 1, 0, 0, 2, 0, 0, 0, 0, 0, 0, 0, 0, 0, 0, 0, 1, 1, 2, 2, 0, 0, 2, 0, 0, 1, 1, 0, 2, 2, 0, 1, 0, 0, 0, 0, 0, 0, 0, 2, 0, 0, 0, 0, 0, 0, 0, 2, 2, 2, 3, 2, 0, 1, 1, 4, 2, 5, 1, 6, 2, 4, 2, 4, 150, 1, 0, 0, 0, 0, 0]",3,0.37615941559557653,-1,0
635,"[1, 1, 0, 1, 1, 2, 0, 1, 0, 1, 0, 2, 0, 0, 0, 0, 0, 1, 0, 0, 2, 0, 0, 0, 0, 0, 0, 0, 0, 0, 0, 0, 1, 1, 2, 2, 0, 0, 2, 0, 0, 1, 1, 0, 2, 2, 0, 1, 0, 0, 0, 0, 0, 0, 0, 2, 0, 0, 0, 0, 0, 0, 0, 2, 2, 2, 3, 2, 0, 1, 1, 4, 2, 5, 1, 6, 2, 4, 2, 4, 150, 0, 0, 0, 0, 0, 0]",-1,-0.011156508007421491,-1,0
636,"[1, 1, 0, 1, 1, 2, 0, 1, 0, 1, 0, 2, 0, 0, 0, 0, 0, 1, 0, 0, 2, 0, 0, 0, 0, 0, 0, 0, 0, 0, 0, 0, 1, 1, 2, 2, 0, 0, 2, 0, 0, 1, 1, 0, 2, 2, 0, 1, 0, 0, 0, 0, 0, 0, 0, 2, 0, 0, 0, 0, 0, 0, 0, 2, 2, 2, 3, 2, 0, 1, 1, 4, 2, 5, 1, 6, 2, 4, 2, 4, 150, 1, 0, 0, 0, 0, 0]",3,0.37615941559557653,-1,0
637,"[1, 1, 0, 1, 1, 2, 0, 1, 0, 1, 0, 2, 0, 0, 0, 0, 0, 1, 0, 0, 2, 0, 0, 0, 0, 0, 0, 0, 0, 0, 0, 0, 1, 1, 2, 2, 0, 0, 2, 0, 0, 1, 1, 0, 2, 2, 0, 1, 0, 0, 0, 0, 0, 0, 0, 2, 0, 0, 0, 0, 0, 0, 0, 2, 2, 2, 3, 2, 0, 1, 1, 4, 2, 5, 1, 6, 2, 4, 2, 4, 150, 0, 0, 0, 0, 0, 0]",-1,-0.011156508007421491,-1,0
638,"[1, 1, 0, 1, 1, 2, 0, 1, 0, 1, 0, 2, 0, 0, 0, 0, 0, 1, 0, 0, 2, 0, 0, 0, 0, 0, 0, 0, 0, 0, 0, 0, 1, 1, 2, 2, 0, 0, 2, 0, 0, 1, 1, 0, 2, 2, 0, 1, 0, 0, 0, 0, 0, 0, 0, 2, 0, 0, 0, 0, 0, 0, 0, 2, 2, 2, 3, 2, 0, 1, 1, 4, 2, 5, 1, 6, 2, 4, 2, 4, 150, 1, 0, 0, 0, 0, 0]",3,0.37615941559557653,-1,0
639,"[1, 1, 0, 1, 1, 2, 0, 1, 0, 1, 0, 2, 0, 0, 0, 0, 0, 1, 0, 0, 2, 0, 0, 0, 0, 0, 0, 0, 0, 0, 0, 0, 1, 1, 2, 2, 0, 0, 2, 0, 0, 1, 1, 0, 2, 2, 0, 1, 0, 0, 0, 0, 0, 0, 0, 2, 0, 0, 0, 0, 0, 0, 0, 2, 2, 2, 3, 2, 0, 1, 1, 4, 2, 5, 1, 6, 2, 4, 2, 4, 150, 0, 0, 0, 0, 0, 0]",-1,-0.011156508007421491,-1,0
640,"[1, 1, 0, 1, 1, 2, 0, 1, 0, 1, 0, 2, 0, 0, 0, 0, 0, 1, 0, 0, 2, 0, 0, 0, 0, 0, 0, 0, 0, 0, 0, 0, 1, 1, 2, 2, 0, 0, 2, 0, 0, 1, 1, 0, 2, 2, 0, 1, 0, 0, 0, 0, 0, 0, 0, 2, 0, 0, 0, 0, 0, 0, 0, 2, 2, 2, 3, 2, 0, 1, 1, 4, 2, 5, 1, 6, 2, 4, 2, 4, 150, 1, 0, 0, 0, 0, 0]",3,0.37615941559557653,-1,0
641,"[1, 1, 0, 1, 1, 2, 0, 1, 0, 1, 0, 2, 0, 0, 0, 0, 0, 1, 0, 0, 2, 0, 0, 0, 0, 0, 0, 0, 0, 0, 0, 0, 1, 1, 2, 2, 0, 0, 2, 0, 0, 1, 1, 0, 2, 2, 0, 1, 0, 0, 0, 0, 0, 0, 0, 2, 0, 0, 0, 0, 0, 0, 0, 2, 2, 2, 3, 2, 0, 1, 1, 4, 2, 5, 1, 6, 2, 4, 2, 4, 150, 0, 0, 0, 0, 0, 0]",-1,-0.011156508007421491,-1,0
642,"[1, 1, 0, 1, 1, 2, 0, 1, 0, 1, 0, 2, 0, 0, 0, 0, 0, 1, 0, 0, 2, 0, 0, 0, 0, 0, 0, 0, 0, 0, 0, 0, 1, 1, 2, 2, 0, 0, 2, 0, 0, 1, 1, 0, 2, 2, 0, 1, 0, 0, 0, 0, 0, 0, 0, 2, 0, 0, 0, 0, 0, 0, 0, 2, 2, 2, 3, 2, 0, 1, 1, 4, 2, 5, 1, 6, 2, 4, 2, 4, 150, 1, 0, 0, 0, 0, 0]",3,0.37615941559557653,-1,0
643,"[1, 1, 0, 1, 1, 2, 0, 1, 0, 1, 0, 2, 0, 0, 0, 0, 0, 1, 0, 0, 2, 0, 0, 0, 0, 0, 0, 0, 0, 0, 0, 0, 1, 1, 2, 2, 0, 0, 2, 0, 0, 1, 1, 0, 2, 2, 0, 1, 0, 0, 0, 0, 0, 0, 0, 2, 0, 0, 0, 0, 0, 0, 0, 2, 2, 2, 3, 2, 0, 1, 1, 4, 2, 5, 1, 6, 2, 4, 2, 4, 150, 0, 0, 0, 0, 0, 0]",-1,-0.011156508007421491,-1,0
644,"[1, 1, 0, 1, 1, 2, 0, 1, 0, 1, 0, 2, 0, 0, 0, 0, 0, 1, 0, 0, 2, 0, 0, 0, 0, 0, 0, 0, 0, 0, 0, 0, 1, 1, 2, 2, 0, 0, 2, 0, 0, 1, 1, 0, 2, 2, 0, 1, 0, 0, 0, 0, 0, 0, 0, 2, 0, 0, 0, 0, 0, 0, 0, 2, 2, 2, 3, 2, 0, 1, 1, 4, 2, 5, 1, 6, 2, 4, 2, 4, 150, 0, 1, 0, 0, 0, 0]",2,0.5761594155955765,-1,0
645,"[1, 1, 0, 1, 1, 2, 0, 1, 0, 1, 0, 2, 0, 0, 0, 0, 0, 1, 0, 0, 2, 0, 0, 0, 0, 0, 0, 0, 0, 0, 0, 0, 1, 1, 2, 2, 0, 0, 2, 0, 0, 1, 1, 0, 2, 2, 0, 1, 0, 0, 0, 0, 0, 0, 0, 2, 0, 0, 0, 0, 0, 0, 0, 2, 2, 2, 3, 2, 0, 1, 1, 4, 2, 5, 1, 6, 2, 4, 2, 4, 150, 0, 0, 0, 0, 0, 0]",-1,-0.011156508007421491,-1,0
646,"[1, 1, 0, 1, 1, 2, 0, 1, 0, 1, 0, 2, 0, 0, 0, 0, 0, 1, 0, 0, 2, 0, 0, 0, 0, 0, 0, 0, 0, 0, 0, 0, 1, 1, 2, 2, 0, 0, 2, 0, 0, 1, 1, 0, 2, 2, 0, 1, 0, 0, 0, 0, 0, 0, 0, 2, 0, 0, 0, 0, 0, 0, 0, 2, 2, 2, 3, 2, 0, 1, 1, 4, 2, 5, 1, 6, 2, 4, 2, 4, 150, 0, 0, 0, 0, 0, 0]",1,0.7857835306951932,-1,0
647,"[1, 1, 0, 1, 1, 2, 0, 1, 0, 1, 0, 2, 0, 0, 0, 0, 0, 1, 0, 0, 2, 0, 0, 0, 0, 0, 0, 0, 0, 0, 0, 0, 1, 1, 2, 2, 0, 0, 2, 0, 0, 1, 1, 0, 2, 2, 0, 1, 0, 0, 0, 0, 0, 0, 0, 2, 0, 0, 0, 0, 0, 0, 0, 2, 2, 2, 3, 2, 0, 1, 1, 4, 2, 5, 1, 6, 2, 4, 2, 4, 150, 0, 0, 0, 0, 0, 0]",-1,-0.011156508007421491,-1,0
648,"[1, 1, 0, 1, 2, 2, 0, 1, 0, 1, 0, 2, 0, 0, 0, 0, 0, 1, 0, 0, 2, 0, 0, 0, 0, 0, 0, 0, 0, 0, 0, 0, 1, 1, 2, 2, 0, 0, 2, 0, 0, 1, 1, 0, 2, 2, 0, 1, 0, 0, 0, 0, 0, 0, 0, 2, 0, 0, 0, 0, 0, 0, 0, 2, 2, 2, 3, 2, 0, 1, 1, 4, 2, 5, 1, 6, 2, 4, 2, 4, 151, 0, 0, 0, 0, 0, 0]",4,13.331012890511923,-1,0
649,"[1, 1, 0, 1, 3, 2, 0, 1, 0, 1, 0, 2, 0, 0, 0, 0, 0, 1, 0, 0, 2, 0, 0, 0, 0, 0, 0, 0, 0, 0, 0, 0, 1, 1, 2, 2, 0, 0, 2, 0, 0, 1, 1, 0, 2, 2, 0, 1, 0, 0, 0, 0, 0, 0, 0, 2, 0, 0, 0, 0, 0, 0, 0, 2, 2, 2, 3, 2, 0, 1, 1, 4, 2, 5, 1, 6, 2, 4, 2, 4, 152, 0, 0, 0, 0, 0, 0]",4,14.338773153146635,-1,1
650,"[1, 1, 0, 1, 3, 2, 0, 1, 0, 1, 0, 2, 0, 0, 0, 0, 0, 1, 0, 0, 2, 0, 0, 0, 0, 0, 0, 0, 0, 0, 0, 0, 1, 1, 2, 2, 0, 0, 2, 0, 0, 1, 1, 0, 2, 2, 0, 1, 0, 0, 0, 0, 0, 0, 0, 2, 0, 0, 0, 0, 0, 0, 0, 2, 2, 2, 3, 2, 0, 1, 1, 4, 2, 5, 1, 6, 2, 4, 2, 4, 153, 0, 0, 0, 0, 0, 0]",4,13.328786697996934,-1,0
651,"[1, 1, 0, 2, 3, 2, 0, 2, 0, 1, 0, 2, 0, 0, 0, 0, 0, 1, 0, 0, 2, 0, 0, 0, 0, 0, 0, 0, 0, 0, 0, 0, 1, 1, 2, 2, 0, 0, 2, 0, 0, 1, 1, 0, 2, 2, 0, 1, 0, 0, 0, 0, 0, 0, 0, 2, 0, 0, 0, 0, 0, 0, 0, 2, 2, 2, 3, 2, 0, 1, 1, 4, 2, 5, 1, 6, 2, 4, 2, 4, 154, 0, 0, 0, 0, 0, 0]",4,14.438096640704334,-1,1
652,"[1, 1, 0, 2, 3, 2, 0, 2, 0, 1, 0, 2, 0, 0, 0, 0, 0, 1, 0, 0, 2, 0, 0, 0, 0, 0, 0, 0, 0, 0, 0, 0, 1, 1, 2, 2, 0, 0, 2, 0, 0, 1, 1, 0, 2, 2, 0, 1, 0, 0, 0, 0, 0, 0, 0, 2, 0, 0, 0, 0, 0, 0, 0, 2, 2, 2, 3, 2, 0, 1, 1, 4, 2, 5, 1, 6, 2, 4, 2, 4, 154, 0, 1, 0, 0, 0, 0]",2,0.572589741484908,-1,0
653,"[1, 1, 0, 2, 3, 2, 0, 2, 0, 1, 0, 2, 0, 0, 0, 0, 0, 1, 0, 0, 2, 0, 0, 0, 0, 0, 0, 0, 0, 0, 0, 0, 1, 1, 2, 2, 0, 0, 2, 0, 0, 1, 1, 0, 2, 2, 0, 1, 0, 0, 0, 0, 0, 0, 0, 2, 0, 0, 0, 0, 0, 0, 0, 2, 2, 2, 3, 2, 0, 1, 1, 4, 2, 5, 1, 6, 2, 4, 2, 4, 154, 0, 0, 0, 0, 0, 0]",-1,-0.010719055071348897,-1,0
654,"[1, 1, 0, 2, 3, 2, 0, 2, 0, 1, 0, 2, 0, 0, 0, 0, 0, 1, 0, 0, 2, 0, 0, 0, 0, 0, 0, 0, 0, 0, 0, 0, 1, 1, 2, 2, 0, 0, 2, 0, 0, 1, 1, 0, 2, 2, 0, 1, 0, 0, 0, 0, 0, 0, 0, 2, 0, 0, 0, 0, 0, 0, 0, 2, 2, 2, 3, 2, 0, 1, 1, 4, 2, 5, 1, 6, 2, 4, 2, 4, 154, 0, 1, 0, 0, 0, 0]",2,0.572589741484908,-1,0
655,"[1, 1, 0, 2, 3, 2, 0, 2, 0, 1, 0, 2, 0, 0, 0, 0, 0, 1, 0, 0, 2, 0, 0, 0, 0, 0, 0, 0, 0, 0, 0, 0, 1, 1, 2, 2, 0, 0, 2, 0, 0, 1, 1, 0, 2, 2, 0, 1, 0, 0, 0, 0, 0, 0, 0, 2, 0, 0, 0, 0, 0, 0, 0, 2, 2, 2, 3, 2, 0, 1, 1, 4, 2, 5, 1, 6, 2, 4, 2, 4, 154, 0, 0, 0, 0, 0, 0]",-1,-0.010719055071348897,-1,0
656,"[1, 1, 0, 2, 3, 2, 0, 2, 0, 1, 0, 2, 0, 0, 0, 0, 0, 1, 0, 0, 2, 0, 0, 0, 0, 0, 0, 0, 0, 0, 0, 0, 1, 1, 2, 2, 0, 0, 2, 0, 0, 1, 1, 0, 2, 2, 0, 1, 0, 0, 0, 0, 0, 0, 0, 2, 0, 0, 0, 0, 0, 0, 0, 2, 2, 2, 3, 2, 0, 1, 1, 4, 2, 5, 1, 6, 2, 4, 2, 4, 154, 0, 1, 0, 0, 0, 0]",2,0.572589741484908,-1,0
657,"[1, 1, 0, 2, 3, 2, 0, 2, 0, 1, 0, 2, 0, 0, 0, 0, 0, 1, 0, 0, 2, 0, 0, 0, 0, 0, 0, 0, 0, 0, 0, 0, 1, 1, 2, 2, 0, 0, 2, 0, 0, 1, 1, 0, 2, 2, 0, 1, 0, 0, 0, 0, 0, 0, 0, 2, 0, 0, 0, 0, 0, 0, 0, 2, 2, 2, 3, 2, 0, 1, 1, 4, 2, 5, 1, 6, 2, 4, 2, 4, 154, 0, 0, 0, 0, 0, 0]",-1,-0.010719055071348897,-1,0
658,"[1, 2, 0, 2, 3, 3, 0, 2, 0, 1, 0, 2, 0, 0, 0, 0, 0, 1, 0, 0, 2, 0, 0, 0, 0, 0, 0, 0, 0, 0, 0, 0, 1, 1, 2, 2, 0, 0, 2, 0, 0, 1, 1, 0, 2, 2, 0, 1, 0, 0, 0, 0, 0, 0, 0, 2, 0, 0, 0, 0, 0, 0, 0, 2, 2, 2, 3, 2, 0, 1, 1, 4, 2, 5, 1, 6, 2, 4, 2, 4, 155, 0, 0, 0, 0, 0, 0]",4,13.065509401097316,-1,0
659,"[1, 2, 0, 2, 3, 3, 0, 2, 0, 1, 0, 2, 0, 0, 0, 0, 0, 1, 0, 0, 2, 0, 0, 0, 0, 0, 0, 0, 0, 0, 0, 0, 1, 1, 2, 2, 0, 0, 2, 0, 0, 1, 1, 0, 2, 2, 0, 1, 0, 0, 0, 0, 0, 0, 0, 2, 0, 0, 0, 0, 0, 0, 0, 2, 2, 2, 3, 2, 0, 1, 1, 4, 2, 5, 1, 6, 2, 4, 2, 4, 155, 0, 1, 0, 0, 0, 0]",2,0.5716297870199024,-1,1
660,"[1, 2, 0, 2, 3, 3, 0, 2, 0, 1, 0, 2, 0, 0, 0, 0, 0, 1, 0, 0, 2, 0, 0, 0, 0, 0, 0, 0, 0, 0, 0, 0, 1, 1, 2, 2, 0, 0, 2, 0, 0, 1, 1, 0, 2, 2, 0, 1, 0, 0, 0, 0, 0, 0, 0, 2, 0, 0, 0, 0, 0, 0, 0, 2, 2, 2, 3, 2, 0, 1, 1, 4, 2, 5, 1, 6, 2, 4, 2, 4, 155, 0, 1, 0, 0, 1, 0]","[[1 0 0 0]
 [0 1 0 0]]",0.8220546520779933,-1,1
661,"[2, 1, 0, 2, 2, 4, 0, 2, 0, 1, 0, 2, 0, 0, 0, 0, 0, 1, 0, 0, 2, 0, 0, 0, 0, 0, 0, 0, 0, 0, 0, 0, 1, 1, 2, 2, 0, 0, 2, 0, 0, 1, 1, 0, 2, 2, 0, 1, 0, 0, 0, 0, 0, 0, 0, 2, 0, 0, 0, 0, 0, 0, 0, 2, 2, 2, 3, 2, 0, 1, 1, 4, 2, 5, 1, 6, 2, 4, 2, 4, 155, 0, 0, 0, 0, 0, 0]",0,-0.028370212980097557,-1,0
662,"[2, 1, 0, 2, 3, 4, 0, 2, 0, 1, 0, 2, 0, 0, 0, 0, 0, 1, 0, 0, 2, 0, 0, 0, 0, 0, 0, 0, 0, 0, 0, 0, 1, 1, 2, 2, 0, 0, 2, 0, 0, 1, 1, 0, 2, 2, 0, 1, 0, 0, 0, 0, 0, 0, 0, 2, 0, 0, 0, 0, 0, 0, 0, 2, 2, 2, 3, 2, 0, 1, 1, 4, 2, 5, 1, 6, 2, 4, 2, 4, 156, 0, 0, 0, 0, 0, 0]",4,14.322512842196819,-1,1
663,"[2, 1, 0, 2, 3, 4, 0, 2, 0, 1, 0, 2, 0, 0, 0, 0, 0, 1, 0, 0, 2, 0, 0, 0, 0, 0, 0, 0, 0, 0, 0, 0, 1, 1, 2, 2, 0, 0, 2, 0, 0, 1, 1, 0, 2, 2, 0, 1, 0, 0, 0, 0, 0, 0, 0, 2, 0, 0, 0, 0, 0, 0, 0, 2, 2, 2, 3, 2, 0, 1, 1, 4, 2, 5, 1, 6, 2, 4, 2, 4, 156, 1, 0, 0, 0, 0, 0]",3,0.37064193203972357,-1,0
664,"[0, 1, 0, 3, 3, 4, 0, 2, 0, 1, 0, 2, 0, 0, 0, 0, 0, 1, 0, 0, 2, 0, 0, 0, 0, 0, 0, 0, 0, 0, 0, 0, 1, 1, 2, 2, 0, 0, 2, 0, 0, 1, 1, 0, 2, 2, 0, 1, 0, 0, 0, 0, 0, 0, 0, 2, 0, 0, 0, 0, 0, 0, 0, 2, 2, 2, 3, 2, 0, 1, 1, 4, 2, 5, 1, 6, 2, 4, 2, 4, 156, 0, 0, 0, 0, 0, 0]","[[2 0 0 0]
 [0 0 0 1]]",-0.027900386049235424,-1,0
665,"[0, 1, 0, 3, 3, 4, 0, 2, 0, 1, 0, 2, 0, 0, 0, 0, 0, 1, 0, 0, 2, 0, 0, 0, 0, 0, 0, 0, 0, 0, 0, 0, 1, 1, 2, 2, 0, 0, 2, 0, 0, 1, 1, 0, 2, 2, 0, 1, 0, 0, 0, 0, 0, 0, 0, 2, 0, 0, 0, 0, 0, 0, 0, 2, 2, 2, 3, 2, 0, 1, 1, 4, 2, 5, 1, 6, 2, 4, 2, 4, 156, 1, 0, 0, 0, 0, 0]",3,0.37064193203972357,-1,0
666,"[0, 1, 0, 3, 3, 4, 0, 2, 0, 1, 0, 2, 0, 0, 0, 0, 0, 1, 0, 0, 2, 0, 0, 0, 0, 0, 0, 0, 0, 0, 0, 0, 1, 1, 2, 2, 0, 0, 2, 0, 0, 1, 1, 0, 2, 2, 0, 1, 0, 0, 0, 0, 0, 0, 0, 2, 0, 0, 0, 0, 0, 0, 0, 2, 2, 2, 3, 2, 0, 1, 1, 4, 2, 5, 1, 6, 2, 4, 2, 4, 156, 0, 0, 0, 0, 0, 0]",-1,-0.010506803560038237,-1,0
667,"[0, 2, 0, 3, 3, 5, 0, 2, 0, 1, 0, 2, 0, 0, 0, 0, 0, 1, 0, 0, 2, 0, 0, 0, 0, 0, 0, 0, 0, 0, 0, 0, 1, 1, 2, 2, 0, 0, 2, 0, 0, 1, 1, 0, 2, 2, 0, 1, 0, 0, 0, 0, 0, 0, 0, 2, 0, 0, 0, 0, 0, 0, 0, 2, 2, 2, 3, 2, 0, 1, 1, 4, 2, 5, 1, 6, 2, 4, 2, 4, 157, 0, 0, 0, 0, 0, 0]",4,14.247188589851353,-1,1
668,"[0, 2, 0, 3, 3, 5, 0, 2, 0, 1, 0, 2, 0, 0, 0, 0, 0, 1, 0, 0, 2, 0, 0, 0, 0, 0, 0, 0, 0, 0, 0, 0, 1, 1, 2, 2, 0, 0, 2, 0, 0, 1, 1, 0, 2, 2, 0, 1, 0, 0, 0, 0, 0, 0, 0, 2, 0, 0, 0, 0, 0, 0, 0, 2, 2, 2, 3, 2, 0, 1, 1, 4, 2, 5, 1, 6, 2, 4, 2, 4, 157, 0, 1, 0, 0, 0, 0]",2,0.5696257672686681,-1,0
669,"[0, 2, 0, 3, 3, 5, 0, 2, 0, 1, 0, 2, 0, 0, 0, 0, 0, 1, 0, 0, 2, 0, 0, 0, 0, 0, 0, 0, 0, 0, 0, 0, 1, 1, 2, 2, 0, 0, 2, 0, 0, 1, 1, 0, 2, 2, 0, 1, 0, 0, 0, 0, 0, 0, 0, 2, 0, 0, 0, 0, 0, 0, 0, 2, 2, 2, 3, 2, 0, 1, 1, 4, 2, 5, 1, 6, 2, 4, 2, 4, 157, 0, 1, 0, 0, 1, 0]","[[0 0 0 1]
 [1 0 0 0]]",0.820050632326759,-1,0
670,"[1, 2, 0, 2, 2, 5, 0, 3, 0, 1, 0, 2, 0, 0, 0, 0, 0, 1, 0, 0, 2, 0, 0, 0, 0, 0, 0, 0, 0, 0, 0, 0, 1, 1, 2, 2, 0, 0, 2, 0, 0, 1, 1, 0, 2, 2, 0, 1, 0, 0, 0, 0, 0, 0, 0, 2, 0, 0, 0, 0, 0, 0, 0, 2, 2, 2, 3, 2, 0, 1, 1, 4, 2, 5, 1, 6, 2, 4, 2, 4, 157, 0, 0, 0, 0, 0, 0]",0,-0.03037423273133186,-1,1
671,"[1, 2, 0, 2, 2, 5, 0, 3, 0, 1, 0, 2, 0, 0, 0, 0, 0, 1, 0, 0, 2, 0, 0, 0, 0, 0, 0, 0, 0, 0, 0, 0, 1, 1, 2, 2, 0, 0, 2, 0, 0, 1, 1, 0, 2, 2, 0, 1, 0, 0, 0, 0, 0, 0, 0, 2, 0, 0, 0, 0, 0, 0, 0, 2, 2, 2, 3, 2, 0, 1, 1, 4, 2, 5, 1, 6, 2, 4, 2, 4, 157, 0, 0, 0, 0, 0, 0]",0,0.4646005140992514,-1,0
672,"[1, 2, 0, 2, 2, 5, 0, 3, 0, 1, 0, 2, 0, 0, 0, 0, 0, 1, 0, 0, 2, 0, 0, 0, 0, 0, 0, 0, 0, 0, 0, 0, 1, 1, 2, 2, 0, 0, 2, 0, 0, 1, 1, 0, 2, 2, 0, 1, 0, 0, 0, 0, 0, 0, 0, 2, 0, 0, 0, 0, 0, 0, 0, 2, 2, 2, 3, 2, 0, 1, 1, 4, 2, 5, 1, 6, 2, 4, 2, 4, 157, 0, 0, 0, 0, 0, 0]",-1,-0.010402259117851025,-1,0
673,"[1, 2, 0, 2, 2, 5, 0, 3, 0, 1, 0, 2, 0, 0, 0, 0, 0, 1, 0, 0, 2, 0, 0, 0, 0, 0, 0, 0, 0, 0, 0, 0, 1, 1, 2, 2, 0, 0, 2, 0, 0, 1, 1, 0, 2, 2, 0, 1, 0, 0, 0, 0, 0, 0, 0, 2, 0, 0, 0, 0, 0, 0, 0, 2, 2, 2, 3, 2, 0, 1, 1, 4, 2, 5, 1, 6, 2, 4, 2, 4, 157, 0, 0, 0, 0, 0, 0]",0,0.4646005140992514,-1,0
674,"[1, 2, 0, 2, 2, 5, 0, 3, 0, 1, 0, 2, 0, 0, 0, 0, 0, 1, 0, 0, 2, 0, 0, 0, 0, 0, 0, 0, 0, 0, 0, 0, 1, 1, 2, 2, 0, 0, 2, 0, 0, 1, 1, 0, 2, 2, 0, 1, 0, 0, 0, 0, 0, 0, 0, 2, 0, 0, 0, 0, 0, 0, 0, 2, 2, 2, 3, 2, 0, 1, 1, 4, 2, 5, 1, 6, 2, 4, 2, 4, 157, 0, 0, 0, 0, 0, 0]",-1,-0.010402259117851025,-1,0
675,"[1, 2, 0, 2, 2, 5, 0, 3, 0, 1, 0, 2, 0, 0, 0, 0, 0, 1, 0, 0, 2, 0, 0, 0, 0, 0, 0, 0, 0, 0, 0, 0, 1, 1, 2, 2, 0, 0, 2, 0, 0, 1, 1, 0, 2, 2, 0, 1, 0, 0, 0, 0, 0, 0, 0, 2, 0, 0, 0, 0, 0, 0, 0, 2, 2, 2, 3, 2, 0, 1, 1, 4, 2, 5, 1, 6, 2, 4, 2, 4, 157, 0, 0, 0, 0, 0, 0]",0,0.4646005140992514,-1,0
676,"[1, 2, 0, 2, 2, 5, 0, 3, 0, 1, 0, 2, 0, 0, 0, 0, 0, 1, 0, 0, 2, 0, 0, 0, 0, 0, 0, 0, 0, 0, 0, 0, 1, 1, 2, 2, 0, 0, 2, 0, 0, 1, 1, 0, 2, 2, 0, 1, 0, 0, 0, 0, 0, 0, 0, 2, 0, 0, 0, 0, 0, 0, 0, 2, 2, 2, 3, 2, 0, 1, 1, 4, 2, 5, 1, 6, 2, 4, 2, 4, 157, 0, 0, 0, 0, 0, 0]",-1,-0.010402259117851025,-1,0
677,"[1, 2, 0, 2, 2, 5, 0, 3, 0, 1, 0, 2, 0, 0, 0, 0, 0, 1, 0, 0, 2, 0, 0, 0, 0, 0, 0, 0, 0, 0, 0, 0, 1, 1, 2, 2, 0, 0, 2, 0, 0, 1, 1, 0, 2, 2, 0, 1, 0, 0, 0, 0, 0, 0, 0, 2, 0, 0, 0, 0, 0, 0, 0, 2, 2, 2, 3, 2, 0, 1, 1, 4, 2, 5, 1, 6, 2, 4, 2, 4, 157, 0, 0, 0, 0, 0, 0]",0,0.4646005140992514,-1,0
678,"[1, 2, 0, 2, 2, 5, 0, 3, 0, 1, 0, 2, 0, 0, 0, 0, 0, 1, 0, 0, 2, 0, 0, 0, 0, 0, 0, 0, 0, 0, 0, 0, 1, 1, 2, 2, 0, 0, 2, 0, 0, 1, 1, 0, 2, 2, 0, 1, 0, 0, 0, 0, 0, 0, 0, 2, 0, 0, 0, 0, 0, 0, 0, 2, 2, 2, 3, 2, 0, 1, 1, 4, 2, 5, 1, 6, 2, 4, 2, 4, 157, 0, 0, 0, 0, 0, 0]",-1,-0.010402259117851025,-1,0
679,"[1, 2, 0, 2, 2, 5, 0, 3, 0, 1, 0, 2, 0, 0, 0, 0, 0, 1, 0, 0, 2, 0, 0, 0, 0, 0, 0, 0, 0, 0, 0, 0, 1, 1, 2, 2, 0, 0, 2, 0, 0, 1, 1, 0, 2, 2, 0, 1, 0, 0, 0, 0, 0, 0, 0, 2, 0, 0, 0, 0, 0, 0, 0, 2, 2, 2, 3, 2, 0, 1, 1, 4, 2, 5, 1, 6, 2, 4, 2, 4, 157, 0, 0, 0, 0, 0, 0]",0,0.4646005140992514,-1,0
680,"[1, 2, 0, 2, 2, 5, 0, 3, 0, 1, 0, 2, 0, 0, 0, 0, 0, 1, 0, 0, 2, 0, 0, 0, 0, 0, 0, 0, 0, 0, 0, 0, 1, 1, 2, 2, 0, 0, 2, 0, 0, 1, 1, 0, 2, 2, 0, 1, 0, 0, 0, 0, 0, 0, 0, 2, 0, 0, 0, 0, 0, 0, 0, 2, 2, 2, 3, 2, 0, 1, 1, 4, 2, 5, 1, 6, 2, 4, 2, 4, 157, 0, 0, 0, 0, 0, 0]",-1,-0.010402259117851025,-1,0
681,"[1, 2, 0, 2, 2, 5, 0, 3, 0, 1, 0, 2, 0, 0, 0, 0, 0, 1, 0, 0, 2, 0, 0, 0, 0, 0, 0, 0, 0, 0, 0, 0, 1, 1, 2, 2, 0, 0, 2, 0, 0, 1, 1, 0, 2, 2, 0, 1, 0, 0, 0, 0, 0, 0, 0, 2, 0, 0, 0, 0, 0, 0, 0, 2, 2, 2, 3, 2, 0, 1, 1, 4, 2, 5, 1, 6, 2, 4, 2, 4, 157, 0, 0, 0, 0, 0, 0]",0,0.4646005140992514,-1,0
682,"[1, 2, 0, 2, 2, 5, 0, 3, 0, 1, 0, 2, 0, 0, 0, 0, 0, 1, 0, 0, 2, 0, 0, 0, 0, 0, 0, 0, 0, 0, 0, 0, 1, 1, 2, 2, 0, 0, 2, 0, 0, 1, 1, 0, 2, 2, 0, 1, 0, 0, 0, 0, 0, 0, 0, 2, 0, 0, 0, 0, 0, 0, 0, 2, 2, 2, 3, 2, 0, 1, 1, 4, 2, 5, 1, 6, 2, 4, 2, 4, 157, 0, 0, 0, 0, 0, 0]",-1,-0.010402259117851025,-1,0
683,"[1, 2, 0, 2, 2, 5, 0, 3, 0, 1, 0, 2, 0, 0, 0, 0, 0, 1, 0, 0, 2, 0, 0, 0, 0, 0, 0, 0, 0, 0, 0, 0, 1, 1, 2, 2, 0, 0, 2, 0, 0, 1, 1, 0, 2, 2, 0, 1, 0, 0, 0, 0, 0, 0, 0, 2, 0, 0, 0, 0, 0, 0, 0, 2, 2, 2, 3, 2, 0, 1, 1, 4, 2, 5, 1, 6, 2, 4, 2, 4, 157, 0, 0, 0, 0, 0, 0]",0,0.4646005140992514,-1,0
684,"[1, 2, 0, 2, 2, 5, 0, 3, 0, 1, 0, 2, 0, 0, 0, 0, 0, 1, 0, 0, 2, 0, 0, 0, 0, 0, 0, 0, 0, 0, 0, 0, 1, 1, 2, 2, 0, 0, 2, 0, 0, 1, 1, 0, 2, 2, 0, 1, 0, 0, 0, 0, 0, 0, 0, 2, 0, 0, 0, 0, 0, 0, 0, 2, 2, 2, 3, 2, 0, 1, 1, 4, 2, 5, 1, 6, 2, 4, 2, 4, 157, 0, 0, 0, 0, 0, 0]",-1,-0.010402259117851025,-1,0
685,"[1, 2, 0, 2, 2, 5, 0, 3, 0, 1, 0, 2, 0, 0, 0, 0, 0, 1, 0, 0, 2, 0, 0, 0, 0, 0, 0, 0, 0, 0, 0, 0, 1, 1, 2, 2, 0, 0, 2, 0, 0, 1, 1, 0, 2, 2, 0, 1, 0, 0, 0, 0, 0, 0, 0, 2, 0, 0, 0, 0, 0, 0, 0, 2, 2, 2, 3, 2, 0, 1, 1, 4, 2, 5, 1, 6, 2, 4, 2, 4, 157, 0, 0, 0, 0, 0, 0]",0,0.4646005140992514,-1,0
686,"[1, 2, 0, 2, 2, 5, 0, 3, 0, 1, 0, 2, 0, 0, 0, 0, 0, 1, 0, 0, 2, 0, 0, 0, 0, 0, 0, 0, 0, 0, 0, 0, 1, 1, 2, 2, 0, 0, 2, 0, 0, 1, 1, 0, 2, 2, 0, 1, 0, 0, 0, 0, 0, 0, 0, 2, 0, 0, 0, 0, 0, 0, 0, 2, 2, 2, 3, 2, 0, 1, 1, 4, 2, 5, 1, 6, 2, 4, 2, 4, 157, 0, 0, 0, 0, 0, 0]",-1,-0.010402259117851025,-1,0
687,"[1, 2, 0, 2, 2, 5, 0, 3, 0, 1, 0, 2, 0, 0, 0, 0, 0, 1, 0, 0, 2, 0, 0, 0, 0, 0, 0, 0, 0, 0, 0, 0, 1, 1, 2, 2, 0, 0, 2, 0, 0, 1, 1, 0, 2, 2, 0, 1, 0, 0, 0, 0, 0, 0, 0, 2, 0, 0, 0, 0, 0, 0, 0, 2, 2, 2, 3, 2, 0, 1, 1, 4, 2, 5, 1, 6, 2, 4, 2, 4, 157, 1, 0, 0, 0, 0, 0]",3,0.36962576726866814,-1,0
688,"[1, 2, 0, 2, 2, 5, 0, 3, 0, 1, 0, 2, 0, 0, 0, 0, 0, 1, 0, 0, 2, 0, 0, 0, 0, 0, 0, 0, 0, 0, 0, 0, 1, 1, 2, 2, 0, 0, 2, 0, 0, 1, 1, 0, 2, 2, 0, 1, 0, 0, 0, 0, 0, 0, 0, 2, 0, 0, 0, 0, 0, 0, 0, 2, 2, 2, 3, 2, 0, 1, 1, 4, 2, 5, 1, 6, 2, 4, 2, 4, 157, 0, 0, 0, 0, 0, 0]",-1,-0.010402259117851025,-1,0
689,"[1, 2, 0, 2, 2, 5, 0, 3, 0, 1, 0, 2, 0, 0, 0, 0, 0, 1, 0, 0, 2, 0, 0, 0, 0, 0, 0, 0, 0, 0, 0, 0, 1, 1, 2, 2, 0, 0, 2, 0, 0, 1, 1, 0, 2, 2, 0, 1, 0, 0, 0, 0, 0, 0, 0, 2, 0, 0, 0, 0, 0, 0, 0, 2, 2, 2, 3, 2, 0, 1, 1, 4, 2, 5, 1, 6, 2, 4, 2, 4, 157, 0, 1, 0, 0, 0, 0]",2,0.5696257672686681,-1,0
690,"[1, 2, 0, 2, 2, 5, 0, 3, 0, 1, 0, 2, 0, 0, 0, 0, 0, 1, 0, 0, 2, 0, 0, 0, 0, 0, 0, 0, 0, 0, 0, 0, 1, 1, 2, 2, 0, 0, 2, 0, 0, 1, 1, 0, 2, 2, 0, 1, 0, 0, 0, 0, 0, 0, 0, 2, 0, 0, 0, 0, 0, 0, 0, 2, 2, 2, 3, 2, 0, 1, 1, 4, 2, 5, 1, 6, 2, 4, 2, 4, 157, 0, 0, 0, 0, 0, 0]",-1,-0.010402259117851025,-1,0
691,"[1, 2, 0, 2, 2, 5, 0, 3, 0, 1, 0, 2, 0, 0, 0, 0, 0, 1, 0, 0, 2, 0, 0, 0, 0, 0, 0, 0, 0, 0, 0, 0, 1, 1, 2, 2, 0, 0, 2, 0, 0, 1, 1, 0, 2, 2, 0, 1, 0, 0, 0, 0, 0, 0, 0, 2, 0, 0, 0, 0, 0, 0, 0, 2, 2, 2, 3, 2, 0, 1, 1, 4, 2, 5, 1, 6, 2, 4, 2, 4, 157, 1, 0, 0, 0, 0, 0]",3,0.36962576726866814,-1,0
692,"[1, 2, 0, 2, 2, 5, 0, 3, 0, 1, 0, 2, 0, 0, 0, 0, 0, 1, 0, 0, 2, 0, 0, 0, 0, 0, 0, 0, 0, 0, 0, 0, 1, 1, 2, 2, 0, 0, 2, 0, 0, 1, 1, 0, 2, 2, 0, 1, 0, 0, 0, 0, 0, 0, 0, 2, 0, 0, 0, 0, 0, 0, 0, 2, 2, 2, 3, 2, 0, 1, 1, 4, 2, 5, 1, 6, 2, 4, 2, 4, 157, 0, 0, 0, 0, 0, 0]",-1,-0.010402259117851025,-1,0
693,"[1, 2, 0, 2, 2, 5, 0, 3, 0, 1, 0, 2, 0, 0, 0, 0, 0, 1, 0, 0, 2, 0, 0, 0, 0, 0, 0, 0, 0, 0, 0, 0, 1, 1, 2, 2, 0, 0, 2, 0, 0, 1, 1, 0, 2, 2, 0, 1, 0, 0, 0, 0, 0, 0, 0, 2, 0, 0, 0, 0, 0, 0, 0, 2, 2, 2, 3, 2, 0, 1, 1, 4, 2, 5, 1, 6, 2, 4, 2, 4, 157, 0, 1, 0, 0, 0, 0]",2,0.5696257672686681,-1,0
694,"[1, 2, 0, 2, 2, 5, 0, 3, 0, 1, 0, 2, 0, 0, 0, 0, 0, 1, 0, 0, 2, 0, 0, 0, 0, 0, 0, 0, 0, 0, 0, 0, 1, 1, 2, 2, 0, 0, 2, 0, 0, 1, 1, 0, 2, 2, 0, 1, 0, 0, 0, 0, 0, 0, 0, 2, 0, 0, 0, 0, 0, 0, 0, 2, 2, 2, 3, 2, 0, 1, 1, 4, 2, 5, 1, 6, 2, 4, 2, 4, 157, 0, 0, 0, 0, 0, 0]",-1,-0.010402259117851025,-1,0
695,"[1, 2, 0, 2, 2, 5, 0, 3, 0, 1, 0, 2, 0, 0, 0, 0, 0, 1, 0, 0, 2, 0, 0, 0, 0, 0, 0, 0, 0, 0, 0, 0, 1, 1, 2, 2, 0, 0, 2, 0, 0, 1, 1, 0, 2, 2, 0, 1, 0, 0, 0, 0, 0, 0, 0, 2, 0, 0, 0, 0, 0, 0, 0, 2, 2, 2, 3, 2, 0, 1, 1, 4, 2, 5, 1, 6, 2, 4, 2, 4, 157, 1, 0, 0, 0, 0, 0]",3,0.36962576726866814,-1,0
696,"[1, 2, 0, 2, 2, 5, 0, 3, 0, 1, 0, 2, 0, 0, 0, 0, 0, 1, 0, 0, 2, 0, 0, 0, 0, 0, 0, 0, 0, 0, 0, 0, 1, 1, 2, 2, 0, 0, 2, 0, 0, 1, 1, 0, 2, 2, 0, 1, 0, 0, 0, 0, 0, 0, 0, 2, 0, 0, 0, 0, 0, 0, 0, 2, 2, 2, 3, 2, 0, 1, 1, 4, 2, 5, 1, 6, 2, 4, 2, 4, 157, 0, 0, 0, 0, 0, 0]",-1,-0.010402259117851025,-1,0
697,"[1, 2, 0, 2, 2, 5, 0, 3, 0, 1, 0, 2, 0, 0, 0, 0, 0, 1, 0, 0, 2, 0, 0, 0, 0, 0, 0, 0, 0, 0, 0, 0, 1, 1, 2, 2, 0, 0, 2, 0, 0, 1, 1, 0, 2, 2, 0, 1, 0, 0, 0, 0, 0, 0, 0, 2, 0, 0, 0, 0, 0, 0, 0, 2, 2, 2, 3, 2, 0, 1, 1, 4, 2, 5, 1, 6, 2, 4, 2, 4, 157, 0, 0, 0, 0, 0, 0]",1,0.7792498823682849,-1,0
698,"[1, 2, 0, 2, 2, 5, 0, 3, 0, 1, 0, 2, 0, 0, 0, 0, 0, 1, 0, 0, 2, 0, 0, 0, 0, 0, 0, 0, 0, 0, 0, 0, 1, 1, 2, 2, 0, 0, 2, 0, 0, 1, 1, 0, 2, 2, 0, 1, 0, 0, 0, 0, 0, 0, 0, 2, 0, 0, 0, 0, 0, 0, 0, 2, 2, 2, 3, 2, 0, 1, 1, 4, 2, 5, 1, 6, 2, 4, 2, 4, 157, 0, 0, 0, 0, 0, 0]",-1,-0.010402259117851025,-1,0
699,"[1, 2, 0, 2, 2, 5, 0, 3, 0, 1, 0, 2, 0, 0, 0, 0, 0, 1, 0, 0, 2, 0, 0, 0, 0, 0, 0, 0, 0, 0, 0, 0, 1, 1, 2, 2, 0, 0, 2, 0, 0, 1, 1, 0, 2, 2, 0, 1, 0, 0, 0, 0, 0, 0, 0, 2, 0, 0, 0, 0, 0, 0, 0, 2, 2, 2, 3, 2, 0, 1, 1, 4, 2, 5, 1, 6, 2, 4, 2, 4, 157, 0, 0, 0, 0, 0, 0]",1,0.7792498823682849,-1,0
700,"[1, 2, 0, 2, 2, 5, 0, 3, 0, 1, 0, 2, 0, 0, 0, 0, 0, 1, 0, 0, 2, 0, 0, 0, 0, 0, 0, 0, 0, 0, 0, 0, 1, 1, 2, 2, 0, 0, 2, 0, 0, 1, 1, 0, 2, 2, 0, 1, 0, 0, 0, 0, 0, 0, 0, 2, 0, 0, 0, 0, 0, 0, 0, 2, 2, 2, 3, 2, 0, 1, 1, 4, 2, 5, 1, 6, 2, 4, 2, 4, 157, 0, 0, 0, 0, 0, 0]",-1,-0.010402259117851025,-1,0
701,"[1, 2, 0, 2, 2, 5, 0, 3, 0, 1, 0, 2, 0, 0, 0, 0, 0, 1, 0, 0, 2, 0, 0, 0, 0, 0, 0, 0, 0, 0, 0, 0, 1, 1, 2, 2, 0, 0, 2, 0, 0, 1, 1, 0, 2, 2, 0, 1, 0, 0, 0, 0, 0, 0, 0, 2, 0, 0, 0, 0, 0, 0, 0, 2, 2, 2, 3, 2, 0, 1, 1, 4, 2, 5, 1, 6, 2, 4, 2, 4, 157, 0, 0, 0, 0, 0, 0]",1,0.7792498823682849,-1,0
702,"[1, 2, 0, 2, 2, 5, 0, 3, 0, 1, 0, 2, 0, 0, 0, 0, 0, 1, 0, 0, 2, 0, 0, 0, 0, 0, 0, 0, 0, 0, 0, 0, 1, 1, 2, 2, 0, 0, 2, 0, 0, 1, 1, 0, 2, 2, 0, 1, 0, 0, 0, 0, 0, 0, 0, 2, 0, 0, 0, 0, 0, 0, 0, 2, 2, 2, 3, 2, 0, 1, 1, 4, 2, 5, 1, 6, 2, 4, 2, 4, 157, 0, 0, 0, 0, 0, 0]",-1,-0.010402259117851025,-1,0
703,"[1, 2, 0, 2, 2, 5, 0, 3, 0, 1, 0, 2, 0, 0, 0, 0, 0, 1, 0, 0, 2, 0, 0, 0, 0, 0, 0, 0, 0, 0, 0, 0, 1, 1, 2, 2, 0, 0, 2, 0, 0, 1, 1, 0, 2, 2, 0, 1, 0, 0, 0, 0, 0, 0, 0, 2, 0, 0, 0, 0, 0, 0, 0, 2, 2, 2, 3, 2, 0, 1, 1, 4, 2, 5, 1, 6, 2, 4, 2, 4, 157, 0, 0, 0, 0, 0, 0]",1,0.7792498823682849,-1,0
704,"[1, 2, 0, 2, 2, 5, 0, 3, 0, 1, 0, 2, 0, 0, 0, 0, 0, 1, 0, 0, 2, 0, 0, 0, 0, 0, 0, 0, 0, 0, 0, 0, 1, 1, 2, 2, 0, 0, 2, 0, 0, 1, 1, 0, 2, 2, 0, 1, 0, 0, 0, 0, 0, 0, 0, 2, 0, 0, 0, 0, 0, 0, 0, 2, 2, 2, 3, 2, 0, 1, 1, 4, 2, 5, 1, 6, 2, 4, 2, 4, 157, 0, 0, 0, 0, 0, 0]",-1,-0.010402259117851025,-1,0
705,"[1, 2, 0, 2, 2, 5, 0, 3, 0, 1, 0, 2, 0, 0, 0, 0, 0, 1, 0, 0, 2, 0, 0, 0, 0, 0, 0, 0, 0, 0, 0, 0, 1, 1, 2, 2, 0, 0, 2, 0, 0, 1, 1, 0, 2, 2, 0, 1, 0, 0, 0, 0, 0, 0, 0, 2, 0, 0, 0, 0, 0, 0, 0, 2, 2, 2, 3, 2, 0, 1, 1, 4, 2, 5, 1, 6, 2, 4, 2, 4, 157, 1, 0, 0, 0, 0, 0]",3,0.36962576726866814,-1,0
706,"[1, 2, 0, 2, 2, 5, 0, 3, 0, 1, 0, 2, 0, 0, 0, 0, 0, 1, 0, 0, 2, 0, 0, 0, 0, 0, 0, 0, 0, 0, 0, 0, 1, 1, 2, 2, 0, 0, 2, 0, 0, 1, 1, 0, 2, 2, 0, 1, 0, 0, 0, 0, 0, 0, 0, 2, 0, 0, 0, 0, 0, 0, 0, 2, 2, 2, 3, 2, 0, 1, 1, 4, 2, 5, 1, 6, 2, 4, 2, 4, 157, 0, 0, 0, 0, 0, 0]",-1,-0.010402259117851025,-1,0
707,"[1, 2, 0, 2, 2, 5, 0, 3, 0, 1, 0, 2, 0, 0, 0, 0, 0, 1, 0, 0, 2, 0, 0, 0, 0, 0, 0, 0, 0, 0, 0, 0, 1, 1, 2, 2, 0, 0, 2, 0, 0, 1, 1, 0, 2, 2, 0, 1, 0, 0, 0, 0, 0, 0, 0, 2, 0, 0, 0, 0, 0, 0, 0, 2, 2, 2, 3, 2, 0, 1, 1, 4, 2, 5, 1, 6, 2, 4, 2, 4, 157, 0, 0, 0, 0, 0, 0]",1,0.7792498823682849,-1,0
708,"[1, 2, 0, 2, 2, 5, 0, 3, 0, 1, 0, 2, 0, 0, 0, 0, 0, 1, 0, 0, 2, 0, 0, 0, 0, 0, 0, 0, 0, 0, 0, 0, 1, 1, 2, 2, 0, 0, 2, 0, 0, 1, 1, 0, 2, 2, 0, 1, 0, 0, 0, 0, 0, 0, 0, 2, 0, 0, 0, 0, 0, 0, 0, 2, 2, 2, 3, 2, 0, 1, 1, 4, 2, 5, 1, 6, 2, 4, 2, 4, 157, 0, 0, 0, 0, 0, 0]",-1,-0.010402259117851025,-1,0
709,"[1, 2, 0, 2, 2, 5, 0, 3, 0, 1, 0, 2, 0, 0, 0, 0, 0, 1, 0, 0, 2, 0, 0, 0, 0, 0, 0, 0, 0, 0, 0, 0, 1, 1, 2, 2, 0, 0, 2, 0, 0, 1, 1, 0, 2, 2, 0, 1, 0, 0, 0, 0, 0, 0, 0, 2, 0, 0, 0, 0, 0, 0, 0, 2, 2, 2, 3, 2, 0, 1, 1, 4, 2, 5, 1, 6, 2, 4, 2, 4, 157, 0, 0, 0, 0, 0, 0]",1,0.7792498823682849,-1,0
710,"[1, 2, 0, 2, 2, 5, 0, 3, 0, 1, 0, 2, 0, 0, 0, 0, 0, 1, 0, 0, 2, 0, 0, 0, 0, 0, 0, 0, 0, 0, 0, 0, 1, 1, 2, 2, 0, 0, 2, 0, 0, 1, 1, 0, 2, 2, 0, 1, 0, 0, 0, 0, 0, 0, 0, 2, 0, 0, 0, 0, 0, 0, 0, 2, 2, 2, 3, 2, 0, 1, 1, 4, 2, 5, 1, 6, 2, 4, 2, 4, 157, 0, 0, 0, 0, 0, 0]",-1,-0.010402259117851025,-1,0
711,"[1, 2, 0, 2, 2, 5, 0, 3, 0, 1, 0, 2, 0, 0, 0, 0, 0, 1, 0, 0, 2, 0, 0, 0, 0, 0, 0, 0, 0, 0, 0, 0, 1, 1, 2, 2, 0, 0, 2, 0, 0, 1, 1, 0, 2, 2, 0, 1, 0, 0, 0, 0, 0, 0, 0, 2, 0, 0, 0, 0, 0, 0, 0, 2, 2, 2, 3, 2, 0, 1, 1, 4, 2, 5, 1, 6, 2, 4, 2, 4, 157, 1, 0, 0, 0, 0, 0]",3,0.36962576726866814,-1,0
712,"[1, 2, 0, 2, 2, 5, 0, 3, 0, 1, 0, 2, 0, 0, 0, 0, 0, 1, 0, 0, 2, 0, 0, 0, 0, 0, 0, 0, 0, 0, 0, 0, 1, 1, 2, 2, 0, 0, 2, 0, 0, 1, 1, 0, 2, 2, 0, 1, 0, 0, 0, 0, 0, 0, 0, 2, 0, 0, 0, 0, 0, 0, 0, 2, 2, 2, 3, 2, 0, 1, 1, 4, 2, 5, 1, 6, 2, 4, 2, 4, 157, 0, 0, 0, 0, 0, 0]",-1,-0.010402259117851025,-1,0
713,"[1, 2, 0, 2, 2, 5, 0, 3, 0, 1, 0, 2, 0, 0, 0, 0, 0, 1, 0, 0, 2, 0, 0, 0, 0, 0, 0, 0, 0, 0, 0, 0, 1, 1, 2, 2, 0, 0, 2, 0, 0, 1, 1, 0, 2, 2, 0, 1, 0, 0, 0, 0, 0, 0, 0, 2, 0, 0, 0, 0, 0, 0, 0, 2, 2, 2, 3, 2, 0, 1, 1, 4, 2, 5, 1, 6, 2, 4, 2, 4, 157, 0, 1, 0, 0, 0, 0]",2,0.5696257672686681,-1,0
714,"[1, 2, 0, 2, 2, 5, 0, 3, 0, 1, 0, 2, 0, 0, 0, 0, 0, 1, 0, 0, 2, 0, 0, 0, 0, 0, 0, 0, 0, 0, 0, 0, 1, 1, 2, 2, 0, 0, 2, 0, 0, 1, 1, 0, 2, 2, 0, 1, 0, 0, 0, 0, 0, 0, 0, 2, 0, 0, 0, 0, 0, 0, 0, 2, 2, 2, 3, 2, 0, 1, 1, 4, 2, 5, 1, 6, 2, 4, 2, 4, 157, 0, 0, 0, 0, 0, 0]",-1,-0.010402259117851025,-1,0
715,"[1, 2, 0, 2, 2, 5, 0, 3, 0, 1, 0, 2, 0, 0, 0, 0, 0, 1, 0, 0, 2, 0, 0, 0, 0, 0, 0, 0, 0, 0, 0, 0, 1, 1, 2, 2, 0, 0, 2, 0, 0, 1, 1, 0, 2, 2, 0, 1, 0, 0, 0, 0, 0, 0, 0, 2, 0, 0, 0, 0, 0, 0, 0, 2, 2, 2, 3, 2, 0, 1, 1, 4, 2, 5, 1, 6, 2, 4, 2, 4, 157, 0, 0, 0, 0, 0, 0]",1,0.7792498823682849,-1,0
716,"[1, 2, 0, 2, 2, 5, 0, 3, 0, 1, 0, 2, 0, 0, 0, 0, 0, 1, 0, 0, 2, 0, 0, 0, 0, 0, 0, 0, 0, 0, 0, 0, 1, 1, 2, 2, 0, 0, 2, 0, 0, 1, 1, 0, 2, 2, 0, 1, 0, 0, 0, 0, 0, 0, 0, 2, 0, 0, 0, 0, 0, 0, 0, 2, 2, 2, 3, 2, 0, 1, 1, 4, 2, 5, 1, 6, 2, 4, 2, 4, 157, 0, 0, 0, 0, 0, 0]",-1,-0.010402259117851025,-1,0
717,"[1, 2, 0, 2, 2, 5, 0, 3, 0, 1, 0, 2, 0, 0, 0, 0, 0, 1, 0, 0, 2, 0, 0, 0, 0, 0, 0, 0, 0, 0, 0, 0, 1, 1, 2, 2, 0, 0, 2, 0, 0, 1, 1, 0, 2, 2, 0, 1, 0, 0, 0, 0, 0, 0, 0, 2, 0, 0, 0, 0, 0, 0, 0, 2, 2, 2, 3, 2, 0, 1, 1, 4, 2, 5, 1, 6, 2, 4, 2, 4, 157, 0, 0, 0, 0, 0, 0]",1,0.7792498823682849,-1,0
718,"[1, 2, 0, 2, 2, 5, 0, 3, 0, 1, 0, 2, 0, 0, 0, 0, 0, 1, 0, 0, 2, 0, 0, 0, 0, 0, 0, 0, 0, 0, 0, 0, 1, 1, 2, 2, 0, 0, 2, 0, 0, 1, 1, 0, 2, 2, 0, 1, 0, 0, 0, 0, 0, 0, 0, 2, 0, 0, 0, 0, 0, 0, 0, 2, 2, 2, 3, 2, 0, 1, 1, 4, 2, 5, 1, 6, 2, 4, 2, 4, 157, 0, 0, 0, 0, 0, 0]",-1,-0.010402259117851025,-1,0
719,"[1, 2, 0, 2, 2, 5, 0, 3, 0, 1, 0, 2, 0, 0, 0, 0, 0, 1, 0, 0, 2, 0, 0, 0, 0, 0, 0, 0, 0, 0, 0, 0, 1, 1, 2, 2, 0, 0, 2, 0, 0, 1, 1, 0, 2, 2, 0, 1, 0, 0, 0, 0, 0, 0, 0, 2, 0, 0, 0, 0, 0, 0, 0, 2, 2, 2, 3, 2, 0, 1, 1, 4, 2, 5, 1, 6, 2, 4, 2, 4, 157, 1, 0, 0, 0, 0, 0]",3,0.36962576726866814,-1,0
720,"[1, 2, 0, 2, 2, 5, 0, 3, 0, 1, 0, 2, 0, 0, 0, 0, 0, 1, 0, 0, 2, 0, 0, 0, 0, 0, 0, 0, 0, 0, 0, 0, 1, 1, 2, 2, 0, 0, 2, 0, 0, 1, 1, 0, 2, 2, 0, 1, 0, 0, 0, 0, 0, 0, 0, 2, 0, 0, 0, 0, 0, 0, 0, 2, 2, 2, 3, 2, 0, 1, 1, 4, 2, 5, 1, 6, 2, 4, 2, 4, 157, 0, 0, 0, 0, 0, 0]",-1,-0.010402259117851025,-1,0
721,"[1, 2, 0, 2, 2, 5, 0, 3, 0, 1, 0, 2, 0, 0, 0, 0, 0, 1, 0, 0, 2, 0, 0, 0, 0, 0, 0, 0, 0, 0, 0, 0, 1, 1, 2, 2, 0, 0, 2, 0, 0, 1, 1, 0, 2, 2, 0, 1, 0, 0, 0, 0, 0, 0, 0, 2, 0, 0, 0, 0, 0, 0, 0, 2, 2, 2, 3, 2, 0, 1, 1, 4, 2, 5, 1, 6, 2, 4, 2, 4, 157, 0, 0, 0, 0, 0, 0]",1,0.7792498823682849,-1,0
722,"[1, 2, 0, 2, 2, 5, 0, 3, 0, 1, 0, 2, 0, 0, 0, 0, 0, 1, 0, 0, 2, 0, 0, 0, 0, 0, 0, 0, 0, 0, 0, 0, 1, 1, 2, 2, 0, 0, 2, 0, 0, 1, 1, 0, 2, 2, 0, 1, 0, 0, 0, 0, 0, 0, 0, 2, 0, 0, 0, 0, 0, 0, 0, 2, 2, 2, 3, 2, 0, 1, 1, 4, 2, 5, 1, 6, 2, 4, 2, 4, 157, 0, 0, 0, 0, 0, 0]",-1,-0.010402259117851025,-1,0
723,"[1, 2, 0, 2, 2, 5, 0, 3, 0, 1, 0, 2, 0, 0, 0, 0, 0, 1, 0, 0, 2, 0, 0, 0, 0, 0, 0, 0, 0, 0, 0, 0, 1, 1, 2, 2, 0, 0, 2, 0, 0, 1, 1, 0, 2, 2, 0, 1, 0, 0, 0, 0, 0, 0, 0, 2, 0, 0, 0, 0, 0, 0, 0, 2, 2, 2, 3, 2, 0, 1, 1, 4, 2, 5, 1, 6, 2, 4, 2, 4, 157, 0, 0, 0, 0, 0, 0]",1,0.7792498823682849,-1,0
724,"[1, 2, 0, 2, 2, 5, 0, 3, 0, 1, 0, 2, 0, 0, 0, 0, 0, 1, 0, 0, 2, 0, 0, 0, 0, 0, 0, 0, 0, 0, 0, 0, 1, 1, 2, 2, 0, 0, 2, 0, 0, 1, 1, 0, 2, 2, 0, 1, 0, 0, 0, 0, 0, 0, 0, 2, 0, 0, 0, 0, 0, 0, 0, 2, 2, 2, 3, 2, 0, 1, 1, 4, 2, 5, 1, 6, 2, 4, 2, 4, 157, 0, 0, 0, 0, 0, 0]",-1,-0.010402259117851025,-1,0
725,"[1, 2, 0, 2, 2, 5, 0, 3, 0, 1, 0, 2, 0, 0, 0, 0, 0, 1, 0, 0, 2, 0, 0, 0, 0, 0, 0, 0, 0, 0, 0, 0, 1, 1, 2, 2, 0, 0, 2, 0, 0, 1, 1, 0, 2, 2, 0, 1, 0, 0, 0, 0, 0, 0, 0, 2, 0, 0, 0, 0, 0, 0, 0, 2, 2, 2, 3, 2, 0, 1, 1, 4, 2, 5, 1, 6, 2, 4, 2, 4, 157, 0, 0, 0, 0, 0, 0]",1,0.7792498823682849,-1,0
726,"[1, 2, 0, 2, 2, 5, 0, 3, 0, 1, 0, 2, 0, 0, 0, 0, 0, 1, 0, 0, 2, 0, 0, 0, 0, 0, 0, 0, 0, 0, 0, 0, 1, 1, 2, 2, 0, 0, 2, 0, 0, 1, 1, 0, 2, 2, 0, 1, 0, 0, 0, 0, 0, 0, 0, 2, 0, 0, 0, 0, 0, 0, 0, 2, 2, 2, 3, 2, 0, 1, 1, 4, 2, 5, 1, 6, 2, 4, 2, 4, 157, 0, 0, 0, 0, 0, 0]",-1,-0.010402259117851025,-1,0
727,"[1, 2, 0, 2, 3, 5, 0, 3, 0, 1, 0, 2, 0, 0, 0, 0, 0, 1, 0, 0, 2, 0, 0, 0, 0, 0, 0, 0, 0, 0, 0, 0, 1, 1, 2, 2, 0, 0, 2, 0, 0, 1, 1, 0, 2, 2, 0, 1, 0, 0, 0, 0, 0, 0, 0, 2, 0, 0, 0, 0, 0, 0, 0, 2, 2, 2, 3, 2, 0, 1, 1, 4, 2, 5, 1, 6, 2, 4, 2, 4, 158, 0, 0, 0, 0, 0, 0]",4,13.061826928393327,-1,0
728,"[1, 2, 0, 2, 4, 5, 0, 3, 0, 1, 0, 2, 0, 0, 0, 0, 0, 1, 0, 0, 2, 0, 0, 0, 0, 0, 0, 0, 0, 0, 0, 0, 1, 1, 2, 2, 0, 0, 2, 0, 0, 1, 1, 0, 2, 2, 0, 1, 0, 0, 0, 0, 0, 0, 0, 2, 0, 0, 0, 0, 0, 0, 0, 2, 2, 2, 3, 2, 0, 1, 1, 4, 2, 5, 1, 6, 2, 4, 2, 4, 159, 0, 0, 0, 0, 0, 0]",4,14.298582983796464,-1,1
729,"[1, 2, 0, 2, 4, 5, 0, 3, 0, 1, 0, 2, 0, 0, 0, 0, 0, 1, 0, 0, 2, 0, 0, 0, 0, 0, 0, 0, 0, 0, 0, 0, 1, 1, 2, 2, 0, 0, 2, 0, 0, 1, 1, 0, 2, 2, 0, 1, 0, 0, 0, 0, 0, 0, 0, 2, 0, 0, 0, 0, 0, 0, 0, 2, 2, 2, 3, 2, 0, 1, 1, 4, 2, 5, 1, 6, 2, 4, 2, 4, 160, 0, 0, 0, 0, 0, 0]",4,13.059237742134922,-1,0
730,"[1, 2, 0, 2, 4, 5, 0, 3, 0, 1, 0, 2, 0, 0, 0, 0, 0, 1, 0, 0, 2, 0, 0, 0, 0, 0, 0, 0, 0, 0, 0, 0, 1, 1, 2, 2, 0, 0, 2, 0, 0, 1, 1, 0, 2, 2, 0, 1, 0, 0, 0, 0, 0, 0, 0, 2, 0, 0, 0, 0, 0, 0, 0, 2, 2, 2, 3, 2, 0, 1, 1, 4, 2, 5, 1, 6, 2, 4, 2, 4, 160, 0, 1, 0, 0, 0, 0]",2,0.5664036770267848,-1,1
731,"[1, 2, 0, 2, 4, 5, 0, 3, 0, 1, 0, 2, 0, 0, 0, 0, 0, 1, 0, 0, 2, 0, 0, 0, 0, 0, 0, 0, 0, 0, 0, 0, 1, 1, 2, 2, 0, 0, 2, 0, 0, 1, 1, 0, 2, 2, 0, 1, 0, 0, 0, 0, 0, 0, 0, 2, 0, 0, 0, 0, 0, 0, 0, 2, 2, 2, 3, 2, 0, 1, 1, 4, 2, 5, 1, 6, 2, 4, 2, 4, 160, 0, 1, 0, 0, 1, 0]","[[1 0 0 0]
 [0 1 0 0]]",0.8168285420848758,-1,1
732,"[1, 2, 0, 2, 4, 5, 0, 3, 0, 1, 0, 2, 0, 0, 0, 0, 0, 1, 0, 0, 2, 0, 0, 0, 0, 0, 0, 0, 0, 0, 0, 0, 1, 1, 2, 2, 0, 0, 2, 0, 0, 1, 1, 0, 2, 2, 0, 1, 0, 0, 0, 0, 0, 0, 0, 2, 0, 0, 0, 0, 0, 0, 0, 2, 2, 2, 3, 2, 0, 1, 1, 4, 2, 5, 1, 6, 2, 4, 2, 4, 160, 0, 0, 0, 0, 0, 0]",1,-0.033596322973215104,-1,0
733,"[1, 3, 0, 2, 4, 6, 0, 3, 0, 1, 0, 2, 0, 0, 0, 0, 0, 1, 0, 0, 2, 0, 0, 0, 0, 0, 0, 0, 0, 0, 0, 0, 1, 1, 2, 2, 0, 0, 2, 0, 0, 1, 1, 0, 2, 2, 0, 1, 0, 0, 0, 0, 0, 0, 0, 2, 0, 0, 0, 0, 0, 0, 0, 2, 2, 2, 3, 2, 0, 1, 1, 4, 2, 5, 1, 6, 2, 4, 2, 4, 161, 0, 0, 0, 0, 0, 0]",4,14.246335803637136,-1,1
734,"[1, 3, 0, 2, 5, 6, 0, 3, 0, 1, 0, 2, 0, 0, 0, 0, 0, 1, 0, 0, 2, 0, 0, 0, 0, 0, 0, 0, 0, 0, 0, 0, 1, 1, 2, 2, 0, 0, 2, 0, 0, 1, 1, 0, 2, 2, 0, 1, 0, 0, 0, 0, 0, 0, 0, 2, 0, 0, 0, 0, 0, 0, 0, 2, 2, 2, 3, 2, 0, 1, 1, 4, 2, 5, 1, 6, 2, 4, 2, 4, 162, 0, 0, 0, 0, 0, 0]",4,12.926350926140561,-1,0
735,"[1, 4, 0, 2, 5, 7, 0, 3, 0, 1, 0, 2, 0, 0, 0, 0, 0, 1, 0, 0, 2, 0, 0, 0, 0, 0, 0, 0, 0, 0, 0, 0, 1, 1, 2, 2, 0, 0, 2, 0, 0, 1, 1, 0, 2, 2, 0, 1, 0, 0, 0, 0, 0, 0, 0, 2, 0, 0, 0, 0, 0, 0, 0, 2, 2, 2, 3, 2, 0, 1, 1, 4, 2, 5, 1, 6, 2, 4, 2, 4, 163, 0, 0, 0, 0, 0, 0]",4,14.201547243249601,-1,1
736,"[1, 4, 0, 2, 5, 7, 0, 3, 0, 1, 0, 2, 0, 0, 0, 0, 0, 1, 0, 0, 2, 0, 0, 0, 0, 0, 0, 0, 0, 0, 0, 0, 1, 1, 2, 2, 0, 0, 2, 0, 0, 1, 1, 0, 2, 2, 0, 1, 0, 0, 0, 0, 0, 0, 0, 2, 0, 0, 0, 0, 0, 0, 0, 2, 2, 2, 3, 2, 0, 1, 1, 4, 2, 5, 1, 6, 2, 4, 2, 4, 163, 1, 0, 0, 0, 0, 0]",3,0.3629145161414036,-1,0
737,"[1, 4, 0, 2, 5, 7, 0, 3, 0, 1, 0, 2, 0, 0, 0, 0, 0, 1, 0, 0, 2, 0, 0, 0, 0, 0, 0, 0, 0, 0, 0, 0, 1, 1, 2, 2, 0, 0, 2, 0, 0, 1, 1, 0, 2, 2, 0, 1, 0, 0, 0, 0, 0, 0, 0, 2, 0, 0, 0, 0, 0, 0, 0, 2, 2, 2, 3, 2, 0, 1, 1, 4, 2, 5, 1, 6, 2, 4, 2, 4, 163, 0, 0, 0, 0, 0, 0]",-1,-0.009796478706345467,-1,0
738,"[1, 4, 0, 2, 5, 7, 0, 3, 0, 1, 0, 2, 0, 0, 0, 0, 0, 1, 0, 0, 2, 0, 0, 0, 0, 0, 0, 0, 0, 0, 0, 0, 1, 1, 2, 2, 0, 0, 2, 0, 0, 1, 1, 0, 2, 2, 0, 1, 0, 0, 0, 0, 0, 0, 0, 2, 0, 0, 0, 0, 0, 0, 0, 2, 2, 2, 3, 2, 0, 1, 1, 4, 2, 5, 1, 6, 2, 4, 2, 4, 164, 0, 0, 0, 0, 0, 0]",4,14.200126744900235,-1,1
739,"[1, 5, 0, 2, 5, 8, 0, 3, 0, 1, 0, 2, 0, 0, 0, 0, 0, 1, 0, 0, 2, 0, 0, 0, 0, 0, 0, 0, 0, 0, 0, 0, 1, 1, 2, 2, 0, 0, 2, 0, 0, 1, 1, 0, 2, 2, 0, 1, 0, 0, 0, 0, 0, 0, 0, 2, 0, 0, 0, 0, 0, 0, 0, 2, 2, 2, 3, 2, 0, 1, 1, 4, 2, 5, 1, 6, 2, 4, 2, 4, 165, 0, 0, 0, 0, 0, 0]",4,12.717886660747487,-1,0
740,"[1, 5, 0, 2, 5, 8, 0, 3, 0, 1, 0, 2, 0, 0, 0, 0, 0, 1, 0, 0, 2, 0, 0, 0, 0, 0, 0, 0, 0, 0, 0, 0, 1, 1, 2, 2, 0, 0, 2, 0, 0, 1, 1, 0, 2, 2, 0, 1, 0, 0, 0, 0, 0, 0, 0, 2, 0, 0, 0, 0, 0, 0, 0, 2, 2, 2, 3, 2, 0, 1, 1, 4, 2, 5, 1, 6, 2, 4, 2, 4, 165, 0, 1, 0, 0, 0, 0]",2,0.5604367777117163,-1,1
741,"[1, 5, 0, 2, 5, 8, 0, 3, 0, 1, 0, 2, 0, 0, 0, 0, 0, 1, 0, 0, 2, 0, 0, 0, 0, 0, 0, 0, 0, 0, 0, 0, 1, 1, 2, 2, 0, 0, 2, 0, 0, 1, 1, 0, 2, 2, 0, 1, 0, 0, 0, 0, 0, 0, 0, 2, 0, 0, 0, 0, 0, 0, 0, 2, 2, 2, 3, 2, 0, 1, 1, 4, 2, 5, 1, 6, 2, 4, 2, 4, 165, 0, 1, 0, 0, 1, 0]","[[1 0 0 0]
 [0 1 0 0]]",0.8108616427698072,-1,1
742,"[2, 4, 0, 2, 4, 9, 0, 3, 0, 1, 0, 2, 0, 0, 0, 0, 0, 1, 0, 0, 2, 0, 0, 0, 0, 0, 0, 0, 0, 0, 0, 0, 1, 1, 2, 2, 0, 0, 2, 0, 0, 1, 1, 0, 2, 2, 0, 1, 0, 0, 0, 0, 0, 0, 0, 2, 0, 0, 0, 0, 0, 0, 0, 2, 2, 2, 3, 2, 0, 1, 1, 4, 2, 5, 1, 6, 2, 4, 2, 4, 165, 0, 0, 0, 0, 0, 0]",0,-0.03956322228828365,-1,0
743,"[2, 4, 0, 2, 4, 9, 0, 3, 0, 1, 0, 2, 0, 0, 0, 0, 0, 1, 0, 0, 2, 0, 0, 0, 0, 0, 0, 0, 0, 0, 0, 0, 1, 1, 2, 2, 0, 0, 2, 0, 0, 1, 1, 0, 2, 2, 0, 1, 0, 0, 0, 0, 0, 0, 0, 2, 0, 0, 0, 0, 0, 0, 0, 2, 2, 2, 3, 2, 0, 1, 1, 4, 2, 5, 1, 6, 2, 4, 2, 4, 166, 0, 0, 0, 0, 0, 0]",4,14.118808902608352,-1,1
744,"[2, 4, 0, 2, 4, 9, 0, 3, 0, 1, 0, 2, 0, 0, 0, 0, 0, 1, 0, 0, 2, 0, 0, 0, 0, 0, 0, 0, 0, 0, 0, 0, 1, 1, 2, 2, 0, 0, 2, 0, 0, 1, 1, 0, 2, 2, 0, 1, 0, 0, 0, 0, 0, 0, 0, 2, 0, 0, 0, 0, 0, 0, 0, 2, 2, 2, 3, 2, 0, 1, 1, 4, 2, 5, 1, 6, 2, 4, 2, 4, 166, 1, 0, 0, 0, 0, 0]",3,0.3591519395431817,-1,0
745,"[0, 4, 0, 3, 4, 9, 0, 3, 0, 1, 0, 2, 0, 0, 0, 0, 0, 1, 0, 0, 2, 0, 0, 0, 0, 0, 0, 0, 0, 0, 0, 0, 1, 1, 2, 2, 0, 0, 2, 0, 0, 1, 1, 0, 2, 2, 0, 1, 0, 0, 0, 0, 0, 0, 0, 2, 0, 0, 0, 0, 0, 0, 0, 2, 2, 2, 3, 2, 0, 1, 1, 4, 2, 5, 1, 6, 2, 4, 2, 4, 166, 0, 0, 0, 0, 0, 0]","[[2 0 0 0]
 [0 0 0 1]]",-0.0393903785457773,-1,0
746,"[0, 2, 0, 1, 2, 4, 0, 1, 0, 1, 0, 2, 0, 0, 0, 0, 0, 1, 0, 0, 2, 0, 0, 0, 0, 0, 0, 0, 0, 0, 0, 0, 1, 1, 2, 2, 0, 0, 2, 0, 0, 1, 1, 0, 2, 2, 0, 1, 0, 0, 0, 0, 0, 0, 0, 2, 0, 0, 0, 0, 0, 0, 0, 2, 2, 2, 3, 2, 0, 1, 1, 4, 2, 5, 1, 6, 2, 4, 2, 3, 167, 0, 0, 0, 0, 0, 0]",4,12.832518881134586,-1,0
747,"[0, 2, 0, 1, 3, 4, 0, 1, 0, 1, 0, 2, 0, 0, 0, 0, 0, 1, 0, 0, 2, 0, 0, 0, 0, 0, 0, 0, 0, 0, 0, 0, 1, 1, 2, 2, 0, 0, 2, 0, 0, 1, 1, 0, 2, 2, 0, 1, 0, 0, 0, 0, 0, 0, 0, 2, 0, 0, 0, 0, 0, 0, 0, 2, 2, 2, 3, 2, 0, 1, 1, 4, 2, 5, 1, 6, 2, 4, 2, 3, 168, 0, 0, 0, 0, 0, 0]",4,14.196135073027401,-1,1
748,"[0, 2, 0, 1, 3, 4, 0, 1, 0, 1, 0, 2, 0, 0, 0, 0, 0, 1, 0, 0, 2, 0, 0, 0, 0, 0, 0, 0, 0, 0, 0, 0, 1, 1, 2, 2, 0, 0, 2, 0, 0, 1, 1, 0, 2, 2, 0, 1, 0, 0, 0, 0, 0, 0, 0, 2, 0, 0, 0, 0, 0, 0, 0, 2, 2, 2, 3, 2, 0, 1, 1, 4, 2, 5, 1, 6, 2, 4, 2, 3, 168, 1, 0, 0, 0, 0, 0]",3,0.3564899552846225,-1,0
749,"[0, 2, 0, 1, 3, 4, 0, 1, 0, 1, 0, 2, 0, 0, 0, 0, 0, 1, 0, 0, 2, 0, 0, 0, 0, 0, 0, 0, 0, 0, 0, 0, 1, 1, 2, 2, 0, 0, 2, 0, 0, 1, 1, 0, 2, 2, 0, 1, 0, 0, 0, 0, 0, 0, 0, 2, 0, 0, 0, 0, 0, 0, 0, 2, 2, 2, 3, 2, 0, 1, 1, 4, 2, 5, 1, 6, 2, 4, 2, 3, 168, 0, 0, 0, 0, 0, 0]",-1,-0.009318698801970499,-1,0
750,"[0, 3, 0, 1, 3, 5, 0, 1, 0, 1, 0, 2, 0, 0, 0, 0, 0, 1, 0, 0, 2, 0, 0, 0, 0, 0, 0, 0, 0, 0, 0, 0, 1, 1, 2, 2, 0, 0, 2, 0, 0, 1, 1, 0, 2, 2, 0, 1, 0, 0, 0, 0, 0, 0, 0, 2, 0, 0, 0, 0, 0, 0, 0, 2, 2, 2, 3, 2, 0, 1, 1, 4, 2, 5, 1, 6, 2, 4, 2, 3, 169, 0, 0, 0, 0, 0, 0]",4,14.132112351757806,-1,1
751,"[0, 3, 0, 1, 3, 5, 0, 1, 0, 1, 0, 2, 0, 0, 0, 0, 0, 1, 0, 0, 2, 0, 0, 0, 0, 0, 0, 0, 0, 0, 0, 0, 1, 1, 2, 2, 0, 0, 2, 0, 0, 1, 1, 0, 2, 2, 0, 1, 0, 0, 0, 0, 0, 0, 0, 2, 0, 0, 0, 0, 0, 0, 0, 2, 2, 2, 3, 2, 0, 1, 1, 4, 2, 5, 1, 6, 2, 4, 2, 3, 169, 1, 0, 0, 0, 0, 0]",3,0.35511280285381475,-1,0
752,"[0, 3, 0, 1, 3, 5, 0, 1, 0, 1, 0, 2, 0, 0, 0, 0, 0, 1, 0, 0, 2, 0, 0, 0, 0, 0, 0, 0, 0, 0, 0, 0, 1, 1, 2, 2, 0, 0, 2, 0, 0, 1, 1, 0, 2, 2, 0, 1, 0, 0, 0, 0, 0, 0, 0, 2, 0, 0, 0, 0, 0, 0, 0, 2, 2, 2, 3, 2, 0, 1, 1, 4, 2, 5, 1, 6, 2, 4, 2, 3, 169, 0, 0, 0, 0, 0, 0]",-1,-0.009225976199649464,-1,0
753,"[0, 3, 0, 1, 3, 5, 0, 1, 0, 1, 0, 2, 0, 0, 0, 0, 0, 1, 0, 0, 2, 0, 0, 0, 0, 0, 0, 0, 0, 0, 0, 0, 1, 1, 2, 2, 0, 0, 2, 0, 0, 1, 1, 0, 2, 2, 0, 1, 0, 0, 0, 0, 0, 0, 0, 2, 0, 0, 0, 0, 0, 0, 0, 2, 2, 2, 3, 2, 0, 1, 1, 4, 2, 5, 1, 6, 2, 4, 2, 3, 169, 0, 1, 0, 0, 0, 0]",2,0.5551128028538147,-1,0
754,"[0, 3, 0, 1, 3, 5, 0, 1, 0, 1, 0, 2, 0, 0, 0, 0, 0, 1, 0, 0, 2, 0, 0, 0, 0, 0, 0, 0, 0, 0, 0, 0, 1, 1, 2, 2, 0, 0, 2, 0, 0, 1, 1, 0, 2, 2, 0, 1, 0, 0, 0, 0, 0, 0, 0, 2, 0, 0, 0, 0, 0, 0, 0, 2, 2, 2, 3, 2, 0, 1, 1, 4, 2, 5, 1, 6, 2, 4, 2, 3, 169, 0, 1, 0, 0, 1, 0]","[[0 1 0 0]
 [1 0 0 0]]",0.8055376679119056,-1,0
755,"[0, 3, 0, 1, 3, 5, 0, 1, 0, 1, 0, 2, 0, 0, 0, 0, 0, 1, 0, 0, 2, 0, 0, 0, 0, 0, 0, 0, 0, 0, 0, 0, 1, 1, 2, 2, 0, 0, 2, 0, 0, 1, 1, 0, 2, 2, 0, 1, 0, 0, 0, 0, 0, 0, 0, 2, 0, 0, 0, 0, 0, 0, 0, 2, 2, 2, 3, 2, 0, 1, 1, 4, 2, 5, 1, 6, 2, 4, 2, 3, 169, 0, 1, 0, 0, 0, 1]",2,-0.044887197146185304,-1,1
756,"[0, 3, 0, 1, 3, 5, 0, 1, 0, 1, 0, 2, 0, 0, 0, 0, 0, 1, 0, 0, 2, 0, 0, 0, 0, 0, 0, 0, 0, 0, 0, 0, 1, 1, 2, 2, 0, 0, 2, 0, 0, 1, 1, 0, 2, 2, 0, 1, 0, 0, 0, 0, 0, 0, 0, 2, 0, 0, 0, 0, 0, 0, 0, 2, 2, 2, 3, 2, 0, 1, 1, 4, 2, 5, 1, 6, 2, 4, 2, 3, 169, 0, 0, 1, 0, 0, 0]","[[1 0 0 0]
 [0 1 0 0]]",-0.044887197146185304,-1,1
757,"[0, 3, 0, 1, 3, 5, 0, 1, 0, 1, 0, 2, 0, 0, 0, 0, 0, 1, 0, 0, 2, 0, 0, 0, 0, 0, 0, 0, 0, 0, 0, 0, 1, 1, 2, 2, 0, 0, 2, 0, 0, 1, 1, 0, 2, 2, 0, 1, 0, 0, 0, 0, 0, 0, 0, 2, 0, 0, 0, 0, 0, 0, 0, 2, 2, 2, 3, 2, 0, 1, 1, 4, 2, 5, 1, 6, 2, 4, 2, 3, 169, 0, 0, 0, 0, 0, 0]",1,-1.1660450428001508,-1,0
758,"[0, 3, 0, 1, 3, 5, 0, 1, 0, 1, 0, 2, 0, 0, 0, 0, 0, 1, 0, 0, 2, 0, 0, 0, 0, 0, 0, 0, 0, 0, 0, 0, 1, 1, 2, 2, 0, 0, 2, 0, 0, 1, 1, 0, 2, 2, 0, 1, 0, 0, 0, 0, 0, 0, 0, 2, 0, 0, 0, 0, 0, 0, 0, 2, 2, 2, 3, 2, 0, 1, 1, 4, 2, 5, 1, 6, 2, 4, 2, 3, 169, 1, 0, 0, 0, 0, 0]",3,0.35511280285381475,-1,0
759,"[0, 3, 0, 1, 3, 5, 0, 1, 0, 1, 0, 2, 0, 0, 0, 0, 0, 1, 0, 0, 2, 0, 0, 0, 0, 0, 0, 0, 0, 0, 0, 0, 1, 1, 2, 2, 0, 0, 2, 0, 0, 1, 1, 0, 2, 2, 0, 1, 0, 0, 0, 0, 0, 0, 0, 2, 0, 0, 0, 0, 0, 0, 0, 2, 2, 2, 3, 2, 0, 1, 1, 4, 2, 5, 1, 6, 2, 4, 2, 3, 169, 0, 0, 0, 0, 0, 0]",-1,-0.009225976199649464,-1,0
760,"[0, 4, 0, 1, 3, 6, 0, 1, 0, 1, 0, 2, 0, 0, 0, 0, 0, 1, 0, 0, 2, 0, 0, 0, 0, 0, 0, 0, 0, 0, 0, 0, 1, 1, 2, 2, 0, 0, 2, 0, 0, 1, 1, 0, 2, 2, 0, 1, 0, 0, 0, 0, 0, 0, 0, 2, 0, 0, 0, 0, 0, 0, 0, 2, 2, 2, 3, 2, 0, 1, 1, 4, 2, 5, 1, 6, 2, 4, 2, 3, 170, 0, 0, 0, 0, 0, 0]",4,12.532195155310971,-1,0
761,"[0, 4, 0, 1, 3, 6, 0, 1, 0, 1, 0, 2, 0, 0, 0, 0, 0, 1, 0, 0, 2, 0, 0, 0, 0, 0, 0, 0, 0, 0, 0, 0, 1, 1, 2, 2, 0, 0, 2, 0, 0, 1, 1, 0, 2, 2, 0, 1, 0, 0, 0, 0, 0, 0, 0, 2, 0, 0, 0, 0, 0, 0, 0, 2, 2, 2, 3, 2, 0, 1, 1, 4, 2, 5, 1, 6, 2, 4, 2, 3, 170, 0, 1, 0, 0, 0, 0]",2,0.5537049566998035,-1,1
762,"[0, 4, 0, 1, 3, 6, 0, 1, 0, 1, 0, 2, 0, 0, 0, 0, 0, 1, 0, 0, 2, 0, 0, 0, 0, 0, 0, 0, 0, 0, 0, 0, 1, 1, 2, 2, 0, 0, 2, 0, 0, 1, 1, 0, 2, 2, 0, 1, 0, 0, 0, 0, 0, 0, 0, 2, 0, 0, 0, 0, 0, 0, 0, 2, 2, 2, 3, 2, 0, 1, 1, 4, 2, 5, 1, 6, 2, 4, 2, 3, 170, 0, 1, 0, 0, 1, 0]","[[1 0 0 0]
 [0 1 0 0]]",0.8041298217578944,-1,1
763,"[1, 3, 0, 1, 2, 7, 0, 1, 0, 1, 0, 2, 0, 0, 0, 0, 0, 1, 0, 0, 2, 0, 0, 0, 0, 0, 0, 0, 0, 0, 0, 0, 1, 1, 2, 2, 0, 0, 2, 0, 0, 1, 1, 0, 2, 2, 0, 1, 0, 0, 0, 0, 0, 0, 0, 2, 0, 0, 0, 0, 0, 0, 0, 2, 2, 2, 3, 2, 0, 1, 1, 4, 2, 5, 1, 6, 2, 4, 2, 3, 170, 0, 0, 0, 0, 0, 0]",0,-0.04629504330019648,-1,0
764,"[1, 3, 0, 2, 2, 7, 0, 2, 0, 1, 0, 2, 0, 0, 0, 0, 0, 1, 0, 0, 2, 0, 0, 0, 0, 0, 0, 0, 0, 0, 0, 0, 1, 1, 2, 2, 0, 0, 2, 0, 0, 1, 1, 0, 2, 2, 0, 1, 0, 0, 0, 0, 0, 0, 0, 2, 0, 0, 0, 0, 0, 0, 0, 2, 2, 2, 3, 2, 0, 1, 1, 4, 2, 5, 1, 6, 2, 4, 2, 3, 171, 0, 0, 0, 0, 0, 0]",4,14.052808225405874,-1,1
765,"[1, 3, 0, 2, 2, 7, 0, 2, 0, 1, 0, 2, 0, 0, 0, 0, 0, 1, 0, 0, 2, 0, 0, 0, 0, 0, 0, 0, 0, 0, 0, 0, 1, 1, 2, 2, 0, 0, 2, 0, 0, 1, 1, 0, 2, 2, 0, 1, 0, 0, 0, 0, 0, 0, 0, 2, 0, 0, 0, 0, 0, 0, 0, 2, 2, 2, 3, 2, 0, 1, 1, 4, 2, 5, 1, 6, 2, 4, 2, 3, 171, 0, 0, 0, 0, 0, 0]",0,0.4472412897991654,-1,0
766,"[1, 3, 0, 2, 2, 7, 0, 2, 0, 1, 0, 2, 0, 0, 0, 0, 0, 1, 0, 0, 2, 0, 0, 0, 0, 0, 0, 0, 0, 0, 0, 0, 1, 1, 2, 2, 0, 0, 2, 0, 0, 1, 1, 0, 2, 2, 0, 1, 0, 0, 0, 0, 0, 0, 0, 2, 0, 0, 0, 0, 0, 0, 0, 2, 2, 2, 3, 2, 0, 1, 1, 4, 2, 5, 1, 6, 2, 4, 2, 3, 171, 0, 0, 0, 0, 0, 0]",-1,-0.009043289630856105,-1,0
767,"[1, 4, 0, 2, 2, 8, 0, 2, 0, 1, 0, 2, 0, 0, 0, 0, 0, 1, 0, 0, 2, 0, 0, 0, 0, 0, 0, 0, 0, 0, 0, 0, 1, 1, 2, 2, 0, 0, 2, 0, 0, 1, 1, 0, 2, 2, 0, 1, 0, 0, 0, 0, 0, 0, 0, 2, 0, 0, 0, 0, 0, 0, 0, 2, 2, 2, 3, 2, 0, 1, 1, 4, 2, 5, 1, 6, 2, 4, 2, 3, 172, 0, 0, 0, 0, 0, 0]",4,14.002891672372169,-1,1
768,"[1, 4, 0, 2, 2, 8, 0, 2, 0, 1, 0, 2, 0, 0, 0, 0, 0, 1, 0, 0, 2, 0, 0, 0, 0, 0, 0, 0, 0, 0, 0, 0, 1, 1, 2, 2, 0, 0, 2, 0, 0, 1, 1, 0, 2, 2, 0, 1, 0, 0, 0, 0, 0, 0, 0, 2, 0, 0, 0, 0, 0, 0, 0, 2, 2, 2, 3, 2, 0, 1, 1, 4, 2, 5, 1, 6, 2, 4, 2, 3, 172, 0, 0, 0, 0, 0, 0]",0,0.4457724901203729,-1,0
769,"[1, 4, 0, 2, 2, 8, 0, 2, 0, 1, 0, 2, 0, 0, 0, 0, 0, 1, 0, 0, 2, 0, 0, 0, 0, 0, 0, 0, 0, 0, 0, 0, 1, 1, 2, 2, 0, 0, 2, 0, 0, 1, 1, 0, 2, 2, 0, 1, 0, 0, 0, 0, 0, 0, 0, 2, 0, 0, 0, 0, 0, 0, 0, 2, 2, 2, 3, 2, 0, 1, 1, 4, 2, 5, 1, 6, 2, 4, 2, 3, 172, 0, 0, 0, 0, 0, 0]",-1,-0.008953307395574662,-1,0
770,"[1, 4, 0, 2, 2, 8, 0, 2, 0, 1, 0, 2, 0, 0, 0, 0, 0, 1, 0, 0, 2, 0, 0, 0, 0, 0, 0, 0, 0, 0, 0, 0, 1, 1, 2, 2, 0, 0, 2, 0, 0, 1, 1, 0, 2, 2, 0, 1, 0, 0, 0, 0, 0, 0, 0, 2, 0, 0, 0, 0, 0, 0, 0, 2, 2, 2, 3, 2, 0, 1, 1, 4, 2, 5, 1, 6, 2, 4, 2, 3, 172, 0, 0, 0, 0, 0, 0]",0,0.4457724901203729,-1,0
771,"[1, 4, 0, 2, 2, 8, 0, 2, 0, 1, 0, 2, 0, 0, 0, 0, 0, 1, 0, 0, 2, 0, 0, 0, 0, 0, 0, 0, 0, 0, 0, 0, 1, 1, 2, 2, 0, 0, 2, 0, 0, 1, 1, 0, 2, 2, 0, 1, 0, 0, 0, 0, 0, 0, 0, 2, 0, 0, 0, 0, 0, 0, 0, 2, 2, 2, 3, 2, 0, 1, 1, 4, 2, 5, 1, 6, 2, 4, 2, 3, 172, 0, 0, 0, 0, 0, 0]",-1,-0.008953307395574662,-1,0
772,"[1, 4, 0, 2, 2, 8, 0, 2, 0, 1, 0, 2, 0, 0, 0, 0, 0, 1, 0, 0, 2, 0, 0, 0, 0, 0, 0, 0, 0, 0, 0, 0, 1, 1, 2, 2, 0, 0, 2, 0, 0, 1, 1, 0, 2, 2, 0, 1, 0, 0, 0, 0, 0, 0, 0, 2, 0, 0, 0, 0, 0, 0, 0, 2, 2, 2, 3, 2, 0, 1, 1, 4, 2, 5, 1, 6, 2, 4, 2, 3, 172, 0, 0, 0, 0, 0, 0]",0,0.4457724901203729,-1,0
773,"[1, 4, 0, 2, 2, 8, 0, 2, 0, 1, 0, 2, 0, 0, 0, 0, 0, 1, 0, 0, 2, 0, 0, 0, 0, 0, 0, 0, 0, 0, 0, 0, 1, 1, 2, 2, 0, 0, 2, 0, 0, 1, 1, 0, 2, 2, 0, 1, 0, 0, 0, 0, 0, 0, 0, 2, 0, 0, 0, 0, 0, 0, 0, 2, 2, 2, 3, 2, 0, 1, 1, 4, 2, 5, 1, 6, 2, 4, 2, 3, 172, 0, 0, 0, 0, 0, 0]",-1,-0.008953307395574662,-1,0
774,"[1, 4, 0, 2, 2, 8, 0, 2, 0, 1, 0, 2, 0, 0, 0, 0, 0, 1, 0, 0, 2, 0, 0, 0, 0, 0, 0, 0, 0, 0, 0, 0, 1, 1, 2, 2, 0, 0, 2, 0, 0, 1, 1, 0, 2, 2, 0, 1, 0, 0, 0, 0, 0, 0, 0, 2, 0, 0, 0, 0, 0, 0, 0, 2, 2, 2, 3, 2, 0, 1, 1, 4, 2, 5, 1, 6, 2, 4, 2, 3, 172, 0, 0, 0, 0, 0, 0]",0,0.4457724901203729,-1,0
775,"[1, 4, 0, 2, 2, 8, 0, 2, 0, 1, 0, 2, 0, 0, 0, 0, 0, 1, 0, 0, 2, 0, 0, 0, 0, 0, 0, 0, 0, 0, 0, 0, 1, 1, 2, 2, 0, 0, 2, 0, 0, 1, 1, 0, 2, 2, 0, 1, 0, 0, 0, 0, 0, 0, 0, 2, 0, 0, 0, 0, 0, 0, 0, 2, 2, 2, 3, 2, 0, 1, 1, 4, 2, 5, 1, 6, 2, 4, 2, 3, 172, 0, 0, 0, 0, 0, 0]",-1,-0.008953307395574662,-1,0
776,"[1, 4, 0, 2, 2, 8, 0, 2, 0, 1, 0, 2, 0, 0, 0, 0, 0, 1, 0, 0, 2, 0, 0, 0, 0, 0, 0, 0, 0, 0, 0, 0, 1, 1, 2, 2, 0, 0, 2, 0, 0, 1, 1, 0, 2, 2, 0, 1, 0, 0, 0, 0, 0, 0, 0, 2, 0, 0, 0, 0, 0, 0, 0, 2, 2, 2, 3, 2, 0, 1, 1, 4, 2, 5, 1, 6, 2, 4, 2, 3, 172, 0, 0, 0, 0, 0, 0]",0,0.4457724901203729,-1,0
777,"[1, 4, 0, 2, 2, 8, 0, 2, 0, 1, 0, 2, 0, 0, 0, 0, 0, 1, 0, 0, 2, 0, 0, 0, 0, 0, 0, 0, 0, 0, 0, 0, 1, 1, 2, 2, 0, 0, 2, 0, 0, 1, 1, 0, 2, 2, 0, 1, 0, 0, 0, 0, 0, 0, 0, 2, 0, 0, 0, 0, 0, 0, 0, 2, 2, 2, 3, 2, 0, 1, 1, 4, 2, 5, 1, 6, 2, 4, 2, 3, 172, 0, 0, 0, 0, 0, 0]",-1,-0.008953307395574662,-1,0
778,"[1, 4, 0, 2, 2, 8, 0, 2, 0, 1, 0, 2, 0, 0, 0, 0, 0, 1, 0, 0, 2, 0, 0, 0, 0, 0, 0, 0, 0, 0, 0, 0, 1, 1, 2, 2, 0, 0, 2, 0, 0, 1, 1, 0, 2, 2, 0, 1, 0, 0, 0, 0, 0, 0, 0, 2, 0, 0, 0, 0, 0, 0, 0, 2, 2, 2, 3, 2, 0, 1, 1, 4, 2, 5, 1, 6, 2, 4, 2, 3, 172, 0, 0, 0, 0, 0, 0]",0,0.4457724901203729,-1,0
779,"[1, 4, 0, 2, 2, 8, 0, 2, 0, 1, 0, 2, 0, 0, 0, 0, 0, 1, 0, 0, 2, 0, 0, 0, 0, 0, 0, 0, 0, 0, 0, 0, 1, 1, 2, 2, 0, 0, 2, 0, 0, 1, 1, 0, 2, 2, 0, 1, 0, 0, 0, 0, 0, 0, 0, 2, 0, 0, 0, 0, 0, 0, 0, 2, 2, 2, 3, 2, 0, 1, 1, 4, 2, 5, 1, 6, 2, 4, 2, 3, 172, 0, 0, 0, 0, 0, 0]",-1,-0.008953307395574662,-1,0
780,"[1, 4, 0, 2, 2, 8, 0, 2, 0, 1, 0, 2, 0, 0, 0, 0, 0, 1, 0, 0, 2, 0, 0, 0, 0, 0, 0, 0, 0, 0, 0, 0, 1, 1, 2, 2, 0, 0, 2, 0, 0, 1, 1, 0, 2, 2, 0, 1, 0, 0, 0, 0, 0, 0, 0, 2, 0, 0, 0, 0, 0, 0, 0, 2, 2, 2, 3, 2, 0, 1, 1, 4, 2, 5, 1, 6, 2, 4, 2, 3, 172, 0, 0, 0, 0, 0, 0]",0,0.4457724901203729,-1,0
781,"[1, 4, 0, 2, 2, 8, 0, 2, 0, 1, 0, 2, 0, 0, 0, 0, 0, 1, 0, 0, 2, 0, 0, 0, 0, 0, 0, 0, 0, 0, 0, 0, 1, 1, 2, 2, 0, 0, 2, 0, 0, 1, 1, 0, 2, 2, 0, 1, 0, 0, 0, 0, 0, 0, 0, 2, 0, 0, 0, 0, 0, 0, 0, 2, 2, 2, 3, 2, 0, 1, 1, 4, 2, 5, 1, 6, 2, 4, 2, 3, 172, 0, 0, 0, 0, 0, 0]",-1,-0.008953307395574662,-1,0
782,"[1, 4, 0, 2, 2, 8, 0, 2, 0, 1, 0, 2, 0, 0, 0, 0, 0, 1, 0, 0, 2, 0, 0, 0, 0, 0, 0, 0, 0, 0, 0, 0, 1, 1, 2, 2, 0, 0, 2, 0, 0, 1, 1, 0, 2, 2, 0, 1, 0, 0, 0, 0, 0, 0, 0, 2, 0, 0, 0, 0, 0, 0, 0, 2, 2, 2, 3, 2, 0, 1, 1, 4, 2, 5, 1, 6, 2, 4, 2, 3, 172, 0, 1, 0, 0, 0, 0]",2,0.5507977432897896,-1,0
783,"[1, 4, 0, 2, 2, 8, 0, 2, 0, 1, 0, 2, 0, 0, 0, 0, 0, 1, 0, 0, 2, 0, 0, 0, 0, 0, 0, 0, 0, 0, 0, 0, 1, 1, 2, 2, 0, 0, 2, 0, 0, 1, 1, 0, 2, 2, 0, 1, 0, 0, 0, 0, 0, 0, 0, 2, 0, 0, 0, 0, 0, 0, 0, 2, 2, 2, 3, 2, 0, 1, 1, 4, 2, 5, 1, 6, 2, 4, 2, 3, 172, 0, 0, 0, 0, 0, 0]",-1,-0.008953307395574662,-1,0
784,"[1, 4, 0, 2, 2, 8, 0, 2, 0, 1, 0, 2, 0, 0, 0, 0, 0, 1, 0, 0, 2, 0, 0, 0, 0, 0, 0, 0, 0, 0, 0, 0, 1, 1, 2, 2, 0, 0, 2, 0, 0, 1, 1, 0, 2, 2, 0, 1, 0, 0, 0, 0, 0, 0, 0, 2, 0, 0, 0, 0, 0, 0, 0, 2, 2, 2, 3, 2, 0, 1, 1, 4, 2, 5, 1, 6, 2, 4, 2, 3, 173, 0, 0, 0, 0, 0, 0]",4,12.795791493472327,-1,0
785,"[1, 4, 0, 3, 2, 8, 0, 3, 0, 1, 0, 2, 0, 0, 0, 0, 0, 1, 0, 0, 2, 0, 0, 0, 0, 0, 0, 0, 0, 0, 0, 0, 1, 1, 2, 2, 0, 0, 2, 0, 0, 1, 1, 0, 2, 2, 0, 1, 0, 0, 0, 0, 0, 0, 0, 2, 0, 0, 0, 0, 0, 0, 0, 2, 2, 2, 3, 2, 0, 1, 1, 4, 2, 5, 1, 6, 2, 4, 2, 3, 174, 0, 0, 0, 0, 0, 0]",4,14.055492397494968,-1,1
786,"[1, 4, 0, 3, 2, 8, 0, 3, 0, 1, 0, 2, 0, 0, 0, 0, 0, 1, 0, 0, 2, 0, 0, 0, 0, 0, 0, 0, 0, 0, 0, 0, 1, 1, 2, 2, 0, 0, 2, 0, 0, 1, 1, 0, 2, 2, 0, 1, 0, 0, 0, 0, 0, 0, 0, 2, 0, 0, 0, 0, 0, 0, 0, 2, 2, 2, 3, 2, 0, 1, 1, 4, 2, 5, 1, 6, 2, 4, 2, 3, 174, 1, 0, 0, 0, 0, 0]",3,0.3477700012168498,-1,0
787,"[1, 4, 0, 3, 2, 8, 0, 3, 0, 1, 0, 2, 0, 0, 0, 0, 0, 1, 0, 0, 2, 0, 0, 0, 0, 0, 0, 0, 0, 0, 0, 0, 1, 1, 2, 2, 0, 0, 2, 0, 0, 1, 1, 0, 2, 2, 0, 1, 0, 0, 0, 0, 0, 0, 0, 2, 0, 0, 0, 0, 0, 0, 0, 2, 2, 2, 3, 2, 0, 1, 1, 4, 2, 5, 1, 6, 2, 4, 2, 3, 174, 0, 0, 0, 0, 0, 0]",-1,-0.008776020030849844,-1,0
788,"[1, 4, 0, 3, 2, 8, 0, 3, 0, 1, 0, 2, 0, 0, 0, 0, 0, 1, 0, 0, 2, 0, 0, 0, 0, 0, 0, 0, 0, 0, 0, 0, 1, 1, 2, 2, 0, 0, 2, 0, 0, 1, 1, 0, 2, 2, 0, 1, 0, 0, 0, 0, 0, 0, 0, 2, 0, 0, 0, 0, 0, 0, 0, 2, 2, 2, 3, 2, 0, 1, 1, 4, 2, 5, 1, 6, 2, 4, 2, 3, 174, 0, 1, 0, 0, 0, 0]",2,0.5477700012168498,-1,0
789,"[1, 4, 0, 3, 2, 8, 0, 3, 0, 1, 0, 2, 0, 0, 0, 0, 0, 1, 0, 0, 2, 0, 0, 0, 0, 0, 0, 0, 0, 0, 0, 0, 1, 1, 2, 2, 0, 0, 2, 0, 0, 1, 1, 0, 2, 2, 0, 1, 0, 0, 0, 0, 0, 0, 0, 2, 0, 0, 0, 0, 0, 0, 0, 2, 2, 2, 3, 2, 0, 1, 1, 4, 2, 5, 1, 6, 2, 4, 2, 3, 174, 0, 0, 0, 0, 0, 0]",-1,-0.008776020030849844,-1,0
790,"[1, 4, 0, 3, 2, 8, 0, 3, 0, 1, 0, 2, 0, 0, 0, 0, 0, 1, 0, 0, 2, 0, 0, 0, 0, 0, 0, 0, 0, 0, 0, 0, 1, 1, 2, 2, 0, 0, 2, 0, 0, 1, 1, 0, 2, 2, 0, 1, 0, 0, 0, 0, 0, 0, 0, 2, 0, 0, 0, 0, 0, 0, 0, 2, 2, 2, 3, 2, 0, 1, 1, 4, 2, 5, 1, 6, 2, 4, 2, 3, 174, 1, 0, 0, 0, 0, 0]",3,0.3477700012168498,-1,0
791,"[1, 4, 0, 3, 2, 8, 0, 3, 0, 1, 0, 2, 0, 0, 0, 0, 0, 1, 0, 0, 2, 0, 0, 0, 0, 0, 0, 0, 0, 0, 0, 0, 1, 1, 2, 2, 0, 0, 2, 0, 0, 1, 1, 0, 2, 2, 0, 1, 0, 0, 0, 0, 0, 0, 0, 2, 0, 0, 0, 0, 0, 0, 0, 2, 2, 2, 3, 2, 0, 1, 1, 4, 2, 5, 1, 6, 2, 4, 2, 3, 174, 0, 0, 0, 0, 0, 0]",-1,-0.008776020030849844,-1,0
792,"[1, 5, 0, 3, 2, 9, 0, 3, 0, 1, 0, 2, 0, 0, 0, 0, 0, 1, 0, 0, 2, 0, 0, 0, 0, 0, 0, 0, 0, 0, 0, 0, 1, 1, 2, 2, 0, 0, 2, 0, 0, 1, 1, 0, 2, 2, 0, 1, 0, 0, 0, 0, 0, 0, 0, 2, 0, 0, 0, 0, 0, 0, 0, 2, 2, 2, 3, 2, 0, 1, 1, 4, 2, 5, 1, 6, 2, 4, 2, 3, 175, 0, 0, 0, 0, 0, 0]",4,12.72212590708775,-1,0
793,"[1, 5, 0, 3, 2, 9, 0, 3, 0, 1, 0, 2, 0, 0, 0, 0, 0, 1, 0, 0, 2, 0, 0, 0, 0, 0, 0, 0, 0, 0, 0, 0, 1, 1, 2, 2, 0, 0, 2, 0, 0, 1, 1, 0, 2, 2, 0, 1, 0, 0, 0, 0, 0, 0, 0, 2, 0, 0, 0, 0, 0, 0, 0, 2, 2, 2, 3, 2, 0, 1, 1, 4, 2, 5, 1, 6, 2, 4, 2, 3, 175, 0, 1, 0, 0, 0, 0]",2,0.5462117157260009,-1,1
794,"[1, 5, 0, 3, 2, 9, 0, 3, 0, 1, 0, 2, 0, 0, 0, 0, 0, 1, 0, 0, 2, 0, 0, 0, 0, 0, 0, 0, 0, 0, 0, 0, 1, 1, 2, 2, 0, 0, 2, 0, 0, 1, 1, 0, 2, 2, 0, 1, 0, 0, 0, 0, 0, 0, 0, 2, 0, 0, 0, 0, 0, 0, 0, 2, 2, 2, 3, 2, 0, 1, 1, 4, 2, 5, 1, 6, 2, 4, 2, 3, 175, 0, 1, 0, 0, 1, 0]","[[1 0 0 0]
 [0 1 0 0]]",0.7966365807840918,-1,1
795,"[1, 5, 0, 3, 2, 9, 0, 3, 0, 1, 0, 2, 0, 0, 0, 0, 0, 1, 0, 0, 2, 0, 0, 0, 0, 0, 0, 0, 0, 0, 0, 0, 1, 1, 2, 2, 0, 0, 2, 0, 0, 1, 1, 0, 2, 2, 0, 1, 0, 0, 0, 0, 0, 0, 0, 2, 0, 0, 0, 0, 0, 0, 0, 2, 2, 2, 3, 2, 0, 1, 1, 4, 2, 5, 1, 6, 2, 4, 2, 3, 175, 0, 0, 0, 0, 0, 0]",1,-0.05378828427399903,-1,0
796,"[1, 5, 0, 3, 2, 9, 0, 3, 0, 1, 0, 2, 0, 0, 0, 0, 0, 1, 0, 0, 2, 0, 0, 0, 0, 0, 0, 0, 0, 0, 0, 0, 1, 1, 2, 2, 0, 0, 2, 0, 0, 1, 1, 0, 2, 2, 0, 1, 0, 0, 0, 0, 0, 0, 0, 2, 0, 0, 0, 0, 0, 0, 0, 2, 2, 2, 3, 2, 0, 1, 1, 4, 2, 5, 1, 6, 2, 4, 2, 3, 176, 0, 0, 0, 0, 0, 0]",4,14.012806632917432,-1,1
797,"[1, 5, 0, 3, 2, 9, 0, 3, 0, 1, 0, 2, 0, 0, 0, 0, 0, 1, 0, 0, 2, 0, 0, 0, 0, 0, 0, 0, 0, 0, 0, 0, 1, 1, 2, 2, 0, 0, 2, 0, 0, 1, 1, 0, 2, 2, 0, 1, 0, 0, 0, 0, 0, 0, 0, 2, 0, 0, 0, 0, 0, 0, 0, 2, 2, 2, 3, 2, 0, 1, 1, 4, 2, 5, 1, 6, 2, 4, 2, 3, 176, 0, 0, 0, 0, 0, 0]",1,0.7542484761244947,-1,0
798,"[1, 5, 0, 3, 2, 9, 0, 3, 0, 1, 0, 2, 0, 0, 0, 0, 0, 1, 0, 0, 2, 0, 0, 0, 0, 0, 0, 0, 0, 0, 0, 0, 1, 1, 2, 2, 0, 0, 2, 0, 0, 1, 1, 0, 2, 2, 0, 1, 0, 0, 0, 0, 0, 0, 0, 2, 0, 0, 0, 0, 0, 0, 0, 2, 2, 2, 3, 2, 0, 1, 1, 4, 2, 5, 1, 6, 2, 4, 2, 3, 176, 0, 0, 0, 0, 0, 0]",-1,-0.008602243191152527,-1,0
799,"[1, 2, 0, 1, 1, 4, 0, 1, 0, 1, 0, 2, 0, 0, 0, 0, 0, 1, 0, 0, 2, 0, 0, 0, 0, 0, 0, 0, 0, 0, 0, 0, 1, 1, 2, 2, 0, 0, 2, 0, 0, 1, 1, 0, 2, 2, 0, 1, 0, 0, 0, 0, 0, 0, 0, 2, 0, 0, 0, 0, 0, 0, 0, 2, 2, 2, 3, 2, 0, 1, 1, 4, 2, 5, 1, 6, 2, 4, 2, 5, 177, 0, 0, 0, 0, 0, 0]",4,14.105981134111792,-1,1
800,"[1, 2, 0, 1, 1, 4, 0, 1, 0, 1, 0, 2, 0, 0, 0, 0, 0, 1, 0, 0, 2, 0, 0, 0, 0, 0, 0, 0, 0, 0, 0, 0, 1, 1, 2, 2, 0, 0, 2, 0, 0, 1, 1, 0, 2, 2, 0, 1, 0, 0, 0, 0, 0, 0, 0, 2, 0, 0, 0, 0, 0, 0, 0, 2, 2, 2, 3, 2, 0, 1, 1, 4, 2, 5, 1, 6, 2, 4, 2, 5, 178, 0, 0, 0, 0, 0, 0]",4,13.132166306475098,-1,0
801,"[1, 2, 0, 1, 1, 4, 0, 1, 0, 1, 0, 2, 0, 0, 0, 0, 0, 1, 0, 0, 2, 0, 0, 0, 0, 0, 0, 0, 0, 0, 0, 0, 1, 1, 2, 2, 0, 0, 2, 0, 0, 1, 1, 0, 2, 2, 0, 1, 0, 0, 0, 0, 0, 0, 0, 2, 0, 0, 0, 0, 0, 0, 0, 2, 2, 2, 3, 2, 0, 1, 1, 4, 2, 5, 1, 6, 2, 4, 2, 5, 179, 0, 0, 0, 0, 0, 0]",4,14.102325084516657,-1,1
802,"[1, 2, 0, 1, 1, 4, 0, 1, 0, 1, 0, 2, 0, 0, 0, 0, 0, 1, 0, 0, 2, 0, 0, 0, 0, 0, 0, 0, 0, 0, 0, 0, 1, 1, 2, 2, 0, 0, 2, 0, 0, 1, 1, 0, 2, 2, 0, 1, 0, 0, 0, 0, 0, 0, 0, 2, 0, 0, 0, 0, 0, 0, 0, 2, 2, 2, 3, 2, 0, 1, 1, 4, 2, 5, 1, 6, 2, 4, 2, 5, 179, 0, 0, 0, 0, 0, 0]",1,0.7493171583001245,-1,0
803,"[1, 2, 0, 1, 1, 4, 0, 1, 0, 1, 0, 2, 0, 0, 0, 0, 0, 1, 0, 0, 2, 0, 0, 0, 0, 0, 0, 0, 0, 0, 0, 0, 1, 1, 2, 2, 0, 0, 2, 0, 0, 1, 1, 0, 2, 2, 0, 1, 0, 0, 0, 0, 0, 0, 0, 2, 0, 0, 0, 0, 0, 0, 0, 2, 2, 2, 3, 2, 0, 1, 1, 4, 2, 5, 1, 6, 2, 4, 2, 5, 179, 0, 0, 0, 0, 0, 0]",-1,-0.008348008483352034,-1,0
804,"[1, 2, 0, 1, 1, 4, 0, 1, 0, 1, 0, 2, 0, 0, 0, 0, 0, 1, 0, 0, 2, 0, 0, 0, 0, 0, 0, 0, 0, 0, 0, 0, 1, 1, 2, 2, 0, 0, 2, 0, 0, 1, 1, 0, 2, 2, 0, 1, 0, 0, 0, 0, 0, 0, 0, 2, 0, 0, 0, 0, 0, 0, 0, 2, 2, 2, 3, 2, 0, 1, 1, 4, 2, 5, 1, 6, 2, 4, 2, 5, 179, 1, 0, 0, 0, 0, 0]",3,0.33969304320050775,-1,0
805,"[1, 2, 0, 1, 1, 4, 0, 1, 0, 1, 0, 2, 0, 0, 0, 0, 0, 1, 0, 0, 2, 0, 0, 0, 0, 0, 0, 0, 0, 0, 0, 0, 1, 1, 2, 2, 0, 0, 2, 0, 0, 1, 1, 0, 2, 2, 0, 1, 0, 0, 0, 0, 0, 0, 0, 2, 0, 0, 0, 0, 0, 0, 0, 2, 2, 2, 3, 2, 0, 1, 1, 4, 2, 5, 1, 6, 2, 4, 2, 5, 179, 0, 0, 0, 0, 0, 0]",-1,-0.008348008483352034,-1,0
806,"[1, 2, 0, 1, 1, 4, 0, 1, 0, 1, 0, 2, 0, 0, 0, 0, 0, 1, 0, 0, 2, 0, 0, 0, 0, 0, 0, 0, 0, 0, 0, 0, 1, 1, 2, 2, 0, 0, 2, 0, 0, 1, 1, 0, 2, 2, 0, 1, 0, 0, 0, 0, 0, 0, 0, 2, 0, 0, 0, 0, 0, 0, 0, 2, 2, 2, 3, 2, 0, 1, 1, 4, 2, 5, 1, 6, 2, 4, 2, 5, 179, 0, 1, 0, 0, 0, 0]",2,0.5396930432005077,-1,0
807,"[1, 2, 0, 1, 1, 4, 0, 1, 0, 1, 0, 2, 0, 0, 0, 0, 0, 1, 0, 0, 2, 0, 0, 0, 0, 0, 0, 0, 0, 0, 0, 0, 1, 1, 2, 2, 0, 0, 2, 0, 0, 1, 1, 0, 2, 2, 0, 1, 0, 0, 0, 0, 0, 0, 0, 2, 0, 0, 0, 0, 0, 0, 0, 2, 2, 2, 3, 2, 0, 1, 1, 4, 2, 5, 1, 6, 2, 4, 2, 5, 179, 0, 0, 0, 0, 0, 0]",-1,-0.008348008483352034,-1,0
808,"[1, 2, 0, 1, 1, 4, 0, 1, 0, 1, 0, 2, 0, 0, 0, 0, 0, 1, 0, 0, 2, 0, 0, 0, 0, 0, 0, 0, 0, 0, 0, 0, 1, 1, 2, 2, 0, 0, 2, 0, 0, 1, 1, 0, 2, 2, 0, 1, 0, 0, 0, 0, 0, 0, 0, 2, 0, 0, 0, 0, 0, 0, 0, 2, 2, 2, 3, 2, 0, 1, 1, 4, 2, 5, 1, 6, 2, 4, 2, 5, 179, 0, 1, 0, 0, 0, 0]",2,0.5396930432005077,-1,0
809,"[1, 2, 0, 1, 1, 4, 0, 1, 0, 1, 0, 2, 0, 0, 0, 0, 0, 1, 0, 0, 2, 0, 0, 0, 0, 0, 0, 0, 0, 0, 0, 0, 1, 1, 2, 2, 0, 0, 2, 0, 0, 1, 1, 0, 2, 2, 0, 1, 0, 0, 0, 0, 0, 0, 0, 2, 0, 0, 0, 0, 0, 0, 0, 2, 2, 2, 3, 2, 0, 1, 1, 4, 2, 5, 1, 6, 2, 4, 2, 5, 179, 0, 0, 0, 0, 0, 0]",-1,-0.008348008483352034,-1,0
810,"[1, 2, 0, 1, 1, 4, 0, 1, 0, 1, 0, 2, 0, 0, 0, 0, 0, 1, 0, 0, 2, 0, 0, 0, 0, 0, 0, 0, 0, 0, 0, 0, 1, 1, 2, 2, 0, 0, 2, 0, 0, 1, 1, 0, 2, 2, 0, 1, 0, 0, 0, 0, 0, 0, 0, 2, 0, 0, 0, 0, 0, 0, 0, 2, 2, 2, 3, 2, 0, 1, 1, 4, 2, 5, 1, 6, 2, 4, 2, 5, 179, 1, 0, 0, 0, 0, 0]",3,0.33969304320050775,-1,0
811,"[1, 2, 0, 1, 1, 4, 0, 1, 0, 1, 0, 2, 0, 0, 0, 0, 0, 1, 0, 0, 2, 0, 0, 0, 0, 0, 0, 0, 0, 0, 0, 0, 1, 1, 2, 2, 0, 0, 2, 0, 0, 1, 1, 0, 2, 2, 0, 1, 0, 0, 0, 0, 0, 0, 0, 2, 0, 0, 0, 0, 0, 0, 0, 2, 2, 2, 3, 2, 0, 1, 1, 4, 2, 5, 1, 6, 2, 4, 2, 5, 179, 0, 0, 0, 0, 0, 0]",-1,-0.008348008483352034,-1,0
812,"[1, 2, 0, 2, 1, 4, 0, 2, 0, 1, 0, 2, 0, 0, 0, 0, 0, 1, 0, 0, 2, 0, 0, 0, 0, 0, 0, 0, 0, 0, 0, 0, 1, 1, 2, 2, 0, 0, 2, 0, 0, 1, 1, 0, 2, 2, 0, 1, 0, 0, 0, 0, 0, 0, 0, 2, 0, 0, 0, 0, 0, 0, 0, 2, 2, 2, 3, 2, 0, 1, 1, 4, 2, 5, 1, 6, 2, 4, 2, 5, 180, 0, 0, 0, 0, 0, 0]",4,13.027132417126941,-1,0
813,"[1, 2, 0, 2, 1, 4, 0, 2, 0, 1, 0, 2, 0, 0, 0, 0, 0, 1, 0, 0, 2, 0, 0, 0, 0, 0, 0, 0, 0, 0, 0, 0, 1, 1, 2, 2, 0, 0, 2, 0, 0, 1, 1, 0, 2, 2, 0, 1, 0, 0, 0, 0, 0, 0, 0, 2, 0, 0, 0, 0, 0, 0, 0, 2, 2, 2, 3, 2, 0, 1, 1, 4, 2, 5, 1, 6, 2, 4, 2, 5, 180, 0, 1, 0, 0, 0, 0]",2,0.5379948962255224,-1,1
814,"[1, 2, 0, 2, 1, 4, 0, 2, 0, 1, 0, 2, 0, 0, 0, 0, 0, 1, 0, 0, 2, 0, 0, 0, 0, 0, 0, 0, 0, 0, 0, 0, 1, 1, 2, 2, 0, 0, 2, 0, 0, 1, 1, 0, 2, 2, 0, 1, 0, 0, 0, 0, 0, 0, 0, 2, 0, 0, 0, 0, 0, 0, 0, 2, 2, 2, 3, 2, 0, 1, 1, 4, 2, 5, 1, 6, 2, 4, 2, 5, 180, 0, 1, 0, 0, 1, 0]","[[1 0 0 0]
 [0 1 0 0]]",0.7884197612836134,-1,1
815,"[2, 1, 0, 2, 0, 5, 0, 2, 0, 1, 0, 2, 0, 0, 0, 0, 0, 1, 0, 0, 2, 0, 0, 0, 0, 0, 0, 0, 0, 0, 0, 0, 1, 1, 2, 2, 0, 0, 2, 0, 0, 1, 1, 0, 2, 2, 0, 1, 0, 0, 0, 0, 0, 0, 0, 2, 0, 0, 0, 0, 0, 0, 0, 2, 2, 2, 3, 2, 0, 1, 1, 4, 2, 5, 1, 6, 2, 4, 2, 5, 180, 0, 0, 0, 0, 0, 0]",0,-0.06200510377447751,-1,0
816,"[2, 2, 0, 2, 0, 6, 0, 2, 0, 1, 0, 2, 0, 0, 0, 0, 0, 1, 0, 0, 2, 0, 0, 0, 0, 0, 0, 0, 0, 0, 0, 0, 1, 1, 2, 2, 0, 0, 2, 0, 0, 1, 1, 0, 2, 2, 0, 1, 0, 0, 0, 0, 0, 0, 0, 2, 0, 0, 0, 0, 0, 0, 0, 2, 2, 2, 3, 2, 0, 1, 1, 4, 2, 5, 1, 6, 2, 4, 2, 5, 181, 0, 0, 0, 0, 0, 0]",4,13.885556186538892,-1,1
817,"[2, 2, 0, 2, 0, 6, 0, 2, 0, 1, 0, 2, 0, 0, 0, 0, 0, 1, 0, 0, 2, 0, 0, 0, 0, 0, 0, 0, 0, 0, 0, 0, 1, 1, 2, 2, 0, 0, 2, 0, 0, 1, 1, 0, 2, 2, 0, 1, 0, 0, 0, 0, 0, 0, 0, 2, 0, 0, 0, 0, 0, 0, 0, 2, 2, 2, 3, 2, 0, 1, 1, 4, 2, 5, 1, 6, 2, 4, 2, 5, 181, 0, 0, 0, 0, 0, 0]",1,0.7458948618574218,-1,0
818,"[2, 2, 0, 2, 0, 6, 0, 2, 0, 1, 0, 2, 0, 0, 0, 0, 0, 1, 0, 0, 2, 0, 0, 0, 0, 0, 0, 0, 0, 0, 0, 0, 1, 1, 2, 2, 0, 0, 2, 0, 0, 1, 1, 0, 2, 2, 0, 1, 0, 0, 0, 0, 0, 0, 0, 2, 0, 0, 0, 0, 0, 0, 0, 2, 2, 2, 3, 2, 0, 1, 1, 4, 2, 5, 1, 6, 2, 4, 2, 5, 181, 0, 0, 0, 0, 0, 0]",-1,-0.008182706840135202,-1,0
819,"[2, 3, 0, 2, 0, 7, 0, 2, 0, 1, 0, 2, 0, 0, 0, 0, 0, 1, 0, 0, 2, 0, 0, 0, 0, 0, 0, 0, 0, 0, 0, 0, 1, 1, 2, 2, 0, 0, 2, 0, 0, 1, 1, 0, 2, 2, 0, 1, 0, 0, 0, 0, 0, 0, 0, 2, 0, 0, 0, 0, 0, 0, 0, 2, 2, 2, 3, 2, 0, 1, 1, 4, 2, 5, 1, 6, 2, 4, 2, 5, 182, 0, 0, 0, 0, 0, 0]",4,13.838218127626016,-1,1
820,"[2, 3, 0, 2, 0, 7, 0, 2, 0, 1, 0, 2, 0, 0, 0, 0, 0, 1, 0, 0, 2, 0, 0, 0, 0, 0, 0, 0, 0, 0, 0, 0, 1, 1, 2, 2, 0, 0, 2, 0, 0, 1, 1, 0, 2, 2, 0, 1, 0, 0, 0, 0, 0, 0, 0, 2, 0, 0, 0, 0, 0, 0, 0, 2, 2, 2, 3, 2, 0, 1, 1, 4, 2, 5, 1, 6, 2, 4, 2, 5, 182, 0, 1, 0, 0, 0, 0]",2,0.534521403413552,-1,0
821,"[2, 3, 0, 2, 0, 7, 0, 2, 0, 1, 0, 2, 0, 0, 0, 0, 0, 1, 0, 0, 2, 0, 0, 0, 0, 0, 0, 0, 0, 0, 0, 0, 1, 1, 2, 2, 0, 0, 2, 0, 0, 1, 1, 0, 2, 2, 0, 1, 0, 0, 0, 0, 0, 0, 0, 2, 0, 0, 0, 0, 0, 0, 0, 2, 2, 2, 3, 2, 0, 1, 1, 4, 2, 5, 1, 6, 2, 4, 2, 5, 182, 0, 0, 0, 0, 0, 0]",-1,-0.008101287546694038,-1,0
822,"[2, 3, 0, 2, 0, 7, 0, 2, 0, 1, 0, 2, 0, 0, 0, 0, 0, 1, 0, 0, 2, 0, 0, 0, 0, 0, 0, 0, 0, 0, 0, 0, 1, 1, 2, 2, 0, 0, 2, 0, 0, 1, 1, 0, 2, 2, 0, 1, 0, 0, 0, 0, 0, 0, 0, 2, 0, 0, 0, 0, 0, 0, 0, 2, 2, 2, 3, 2, 0, 1, 1, 4, 2, 5, 1, 6, 2, 4, 2, 5, 182, 0, 1, 0, 0, 0, 0]",2,0.534521403413552,-1,0
823,"[2, 3, 0, 2, 0, 7, 0, 2, 0, 1, 0, 2, 0, 0, 0, 0, 0, 1, 0, 0, 2, 0, 0, 0, 0, 0, 0, 0, 0, 0, 0, 0, 1, 1, 2, 2, 0, 0, 2, 0, 0, 1, 1, 0, 2, 2, 0, 1, 0, 0, 0, 0, 0, 0, 0, 2, 0, 0, 0, 0, 0, 0, 0, 2, 2, 2, 3, 2, 0, 1, 1, 4, 2, 5, 1, 6, 2, 4, 2, 5, 182, 0, 0, 0, 0, 0, 0]",-1,-0.008101287546694038,-1,0
824,"[2, 3, 0, 2, 0, 7, 0, 2, 0, 1, 0, 2, 0, 0, 0, 0, 0, 1, 0, 0, 2, 0, 0, 0, 0, 0, 0, 0, 0, 0, 0, 0, 1, 1, 2, 2, 0, 0, 2, 0, 0, 1, 1, 0, 2, 2, 0, 1, 0, 0, 0, 0, 0, 0, 0, 2, 0, 0, 0, 0, 0, 0, 0, 2, 2, 2, 3, 2, 0, 1, 1, 4, 2, 5, 1, 6, 2, 4, 2, 5, 182, 0, 1, 0, 0, 0, 0]",2,0.534521403413552,-1,0
825,"[2, 3, 0, 2, 0, 7, 0, 2, 0, 1, 0, 2, 0, 0, 0, 0, 0, 1, 0, 0, 2, 0, 0, 0, 0, 0, 0, 0, 0, 0, 0, 0, 1, 1, 2, 2, 0, 0, 2, 0, 0, 1, 1, 0, 2, 2, 0, 1, 0, 0, 0, 0, 0, 0, 0, 2, 0, 0, 0, 0, 0, 0, 0, 2, 2, 2, 3, 2, 0, 1, 1, 4, 2, 5, 1, 6, 2, 4, 2, 5, 182, 0, 0, 0, 0, 0, 0]",-1,-0.008101287546694038,-1,0
826,"[2, 4, 0, 2, 0, 8, 0, 2, 0, 1, 0, 2, 0, 0, 0, 0, 0, 1, 0, 0, 2, 0, 0, 0, 0, 0, 0, 0, 0, 0, 0, 0, 1, 1, 2, 2, 0, 0, 2, 0, 0, 1, 1, 0, 2, 2, 0, 1, 0, 0, 0, 0, 0, 0, 0, 2, 0, 0, 0, 0, 0, 0, 0, 2, 2, 2, 3, 2, 0, 1, 1, 4, 2, 5, 1, 6, 2, 4, 2, 5, 183, 0, 0, 0, 0, 0, 0]",4,12.906406511149097,-1,0
827,"[2, 5, 0, 2, 0, 9, 0, 2, 0, 1, 0, 2, 0, 0, 0, 0, 0, 1, 0, 0, 2, 0, 0, 0, 0, 0, 0, 0, 0, 0, 0, 0, 1, 1, 2, 2, 0, 0, 2, 0, 0, 1, 1, 0, 2, 2, 0, 1, 0, 0, 0, 0, 0, 0, 0, 2, 0, 0, 0, 0, 0, 0, 0, 2, 2, 2, 3, 2, 0, 1, 1, 4, 2, 5, 1, 6, 2, 4, 2, 5, 184, 0, 0, 0, 0, 0, 0]",4,13.773506165079695,-1,1
828,"[2, 5, 0, 2, 0, 9, 0, 2, 0, 1, 0, 2, 0, 0, 0, 0, 0, 1, 0, 0, 2, 0, 0, 0, 0, 0, 0, 0, 0, 0, 0, 0, 1, 1, 2, 2, 0, 0, 2, 0, 0, 1, 1, 0, 2, 2, 0, 1, 0, 0, 0, 0, 0, 0, 0, 2, 0, 0, 0, 0, 0, 0, 0, 2, 2, 2, 3, 2, 0, 1, 1, 4, 2, 5, 1, 6, 2, 4, 2, 5, 184, 1, 0, 0, 0, 0, 0]",3,0.3309506921212639,-1,0
829,"[0, 5, 0, 3, 0, 9, 0, 2, 0, 1, 0, 2, 0, 0, 0, 0, 0, 1, 0, 0, 2, 0, 0, 0, 0, 0, 0, 0, 0, 0, 0, 0, 1, 1, 2, 2, 0, 0, 2, 0, 0, 1, 1, 0, 2, 2, 0, 1, 0, 0, 0, 0, 0, 0, 0, 2, 0, 0, 0, 0, 0, 0, 0, 2, 2, 2, 3, 2, 0, 1, 1, 4, 2, 5, 1, 6, 2, 4, 2, 5, 184, 0, 0, 0, 0, 0, 0]","[[2 0 0 0]
 [0 0 0 1]]",-0.06759162596769511,-1,0
830,"[0, 5, 0, 3, 0, 9, 0, 2, 0, 1, 0, 2, 0, 0, 0, 0, 0, 1, 0, 0, 2, 0, 0, 0, 0, 0, 0, 0, 0, 0, 0, 0, 1, 1, 2, 2, 0, 0, 2, 0, 0, 1, 1, 0, 2, 2, 0, 1, 0, 0, 0, 0, 0, 0, 0, 2, 0, 0, 0, 0, 0, 0, 0, 2, 2, 2, 3, 2, 0, 1, 1, 4, 2, 5, 1, 6, 2, 4, 2, 5, 184, 0, 0, 0, 0, 0, 0]",1,0.7405748072208805,-1,0
831,"[0, 5, 0, 3, 0, 9, 0, 2, 0, 1, 0, 2, 0, 0, 0, 0, 0, 1, 0, 0, 2, 0, 0, 0, 0, 0, 0, 0, 0, 0, 0, 0, 1, 1, 2, 2, 0, 0, 2, 0, 0, 1, 1, 0, 2, 2, 0, 1, 0, 0, 0, 0, 0, 0, 0, 2, 0, 0, 0, 0, 0, 0, 0, 2, 2, 2, 3, 2, 0, 1, 1, 4, 2, 5, 1, 6, 2, 4, 2, 5, 184, 0, 0, 0, 0, 0, 0]",-1,-0.007940871305346034,-1,0
832,"[0, 5, 0, 3, 0, 9, 0, 2, 0, 1, 0, 2, 0, 0, 0, 0, 0, 1, 0, 0, 2, 0, 0, 0, 0, 0, 0, 0, 0, 0, 0, 0, 1, 1, 2, 2, 0, 0, 2, 0, 0, 1, 1, 0, 2, 2, 0, 1, 0, 0, 0, 0, 0, 0, 0, 2, 0, 0, 0, 0, 0, 0, 0, 2, 2, 2, 3, 2, 0, 1, 1, 4, 2, 5, 1, 6, 2, 4, 2, 5, 184, 0, 1, 0, 0, 0, 0]",2,0.5309506921212638,-1,0
833,"[0, 5, 0, 3, 0, 9, 0, 2, 0, 1, 0, 2, 0, 0, 0, 0, 0, 1, 0, 0, 2, 0, 0, 0, 0, 0, 0, 0, 0, 0, 0, 0, 1, 1, 2, 2, 0, 0, 2, 0, 0, 1, 1, 0, 2, 2, 0, 1, 0, 0, 0, 0, 0, 0, 0, 2, 0, 0, 0, 0, 0, 0, 0, 2, 2, 2, 3, 2, 0, 1, 1, 4, 2, 5, 1, 6, 2, 4, 2, 5, 184, 0, 0, 0, 0, 0, 0]",-1,-0.007940871305346034,-1,0
834,"[0, 2, 0, 1, 0, 4, 0, 1, 0, 1, 0, 2, 0, 0, 0, 0, 0, 1, 0, 0, 2, 0, 0, 0, 0, 0, 0, 0, 0, 0, 0, 0, 1, 1, 2, 2, 0, 0, 2, 0, 0, 1, 1, 0, 2, 2, 0, 1, 0, 0, 0, 0, 0, 0, 0, 2, 0, 0, 0, 0, 0, 0, 0, 2, 2, 2, 3, 2, 0, 1, 1, 4, 2, 5, 1, 6, 2, 4, 2, 1, 185, 0, 0, 0, 0, 0, 0]",4,12.800681645675834,-1,0
835,"[0, 2, 0, 1, 0, 4, 0, 1, 0, 1, 0, 2, 0, 0, 0, 0, 0, 1, 0, 0, 2, 0, 0, 0, 0, 0, 0, 0, 0, 0, 0, 0, 1, 1, 2, 2, 0, 0, 2, 0, 0, 1, 1, 0, 2, 2, 0, 1, 0, 0, 0, 0, 0, 0, 0, 2, 0, 0, 0, 0, 0, 0, 0, 2, 2, 2, 3, 2, 0, 1, 1, 4, 2, 5, 1, 6, 2, 4, 2, 1, 185, 0, 1, 0, 0, 0, 0]",2,0.5291312612451591,-1,1
836,"[0, 2, 0, 1, 0, 4, 0, 1, 0, 1, 0, 2, 0, 0, 0, 0, 0, 1, 0, 0, 2, 0, 0, 0, 0, 0, 0, 0, 0, 0, 0, 0, 1, 1, 2, 2, 0, 0, 2, 0, 0, 1, 1, 0, 2, 2, 0, 1, 0, 0, 0, 0, 0, 0, 0, 2, 0, 0, 0, 0, 0, 0, 0, 2, 2, 2, 3, 2, 0, 1, 1, 4, 2, 5, 1, 6, 2, 4, 2, 1, 185, 0, 1, 0, 0, 1, 0]","[[0 1 0 0]
 [0 0 0 1]]",0.77955612630325,-1,1
837,"[0, 2, 0, 1, 0, 4, 0, 1, 0, 1, 0, 2, 0, 0, 0, 0, 0, 1, 0, 0, 2, 0, 0, 0, 0, 0, 0, 0, 0, 0, 0, 0, 1, 1, 2, 2, 0, 0, 2, 0, 0, 1, 1, 0, 2, 2, 0, 1, 0, 0, 0, 0, 0, 0, 0, 2, 0, 0, 0, 0, 0, 0, 0, 2, 2, 2, 3, 2, 0, 1, 1, 4, 2, 5, 1, 6, 2, 4, 2, 1, 185, 0, 0, 0, 0, 0, 0]",1,-0.07086873875484091,-1,0
838,"[0, 1, 0, 1, 0, 2, 0, 1, 0, 1, 0, 2, 0, 0, 0, 0, 0, 1, 0, 0, 2, 0, 0, 0, 0, 0, 0, 0, 0, 0, 0, 0, 1, 1, 2, 2, 0, 0, 2, 0, 0, 1, 1, 0, 2, 2, 0, 1, 0, 0, 0, 0, 0, 0, 0, 2, 0, 0, 0, 0, 0, 0, 0, 2, 2, 2, 3, 2, 0, 1, 1, 4, 2, 5, 1, 6, 2, 4, 2, 2, 186, 0, 0, 0, 0, 0, 0]",4,14.19868286650766,-1,1
839,"[0, 1, 0, 1, 0, 2, 0, 1, 0, 1, 0, 2, 0, 0, 0, 0, 0, 1, 0, 0, 2, 0, 0, 0, 0, 0, 0, 0, 0, 0, 0, 0, 1, 1, 2, 2, 0, 0, 2, 0, 0, 1, 1, 0, 2, 2, 0, 1, 0, 0, 0, 0, 0, 0, 0, 2, 0, 0, 0, 0, 0, 0, 0, 2, 2, 2, 3, 2, 0, 1, 1, 4, 2, 5, 1, 6, 2, 4, 2, 2, 186, 1, 0, 0, 0, 0, 0]",3,0.3272905080563133,-1,0
840,"[0, 1, 0, 1, 0, 2, 0, 1, 0, 1, 0, 2, 0, 0, 0, 0, 0, 1, 0, 0, 2, 0, 0, 0, 0, 0, 0, 0, 0, 0, 0, 0, 1, 1, 2, 2, 0, 0, 2, 0, 0, 1, 1, 0, 2, 2, 0, 1, 0, 0, 0, 0, 0, 0, 0, 2, 0, 0, 0, 0, 0, 0, 0, 2, 2, 2, 3, 2, 0, 1, 1, 4, 2, 5, 1, 6, 2, 4, 2, 2, 186, 0, 0, 0, 0, 0, 0]",-1,-0.007783631518399866,-1,0
841,"[0, 1, 0, 1, 0, 1, 0, 1, 0, 1, 0, 2, 0, 0, 0, 0, 0, 1, 0, 0, 2, 0, 0, 0, 0, 0, 0, 0, 0, 0, 0, 0, 1, 1, 2, 2, 0, 0, 2, 0, 0, 1, 1, 0, 2, 2, 0, 1, 0, 0, 0, 0, 0, 0, 0, 2, 0, 0, 0, 0, 0, 0, 0, 2, 2, 2, 3, 2, 0, 1, 1, 4, 2, 5, 1, 6, 2, 4, 2, 5, 187, 0, 0, 0, 0, 0, 0]",4,14.400459987593216,-1,1
842,"[0, 1, 0, 1, 0, 1, 0, 1, 0, 1, 0, 2, 0, 0, 0, 0, 0, 1, 0, 0, 2, 0, 0, 0, 0, 0, 0, 0, 0, 0, 0, 0, 1, 1, 2, 2, 0, 0, 2, 0, 0, 1, 1, 0, 2, 2, 0, 1, 0, 0, 0, 0, 0, 0, 0, 2, 0, 0, 0, 0, 0, 0, 0, 2, 2, 2, 3, 2, 0, 1, 1, 4, 2, 5, 1, 6, 2, 4, 2, 5, 187, 1, 0, 0, 0, 0, 0]",3,0.3254295532626391,-1,0
843,"[0, 1, 0, 1, 0, 1, 0, 1, 0, 1, 0, 2, 0, 0, 0, 0, 0, 1, 0, 0, 2, 0, 0, 0, 0, 0, 0, 0, 0, 0, 0, 0, 1, 1, 2, 2, 0, 0, 2, 0, 0, 1, 1, 0, 2, 2, 0, 1, 0, 0, 0, 0, 0, 0, 0, 2, 0, 0, 0, 0, 0, 0, 0, 2, 2, 2, 3, 2, 0, 1, 1, 4, 2, 5, 1, 6, 2, 4, 2, 5, 187, 0, 0, 0, 0, 0, 0]",-1,-0.007706183090756571,-1,0
844,"[0, 2, 0, 1, 0, 2, 0, 1, 0, 1, 0, 2, 0, 0, 0, 0, 0, 1, 0, 0, 2, 0, 0, 0, 0, 0, 0, 0, 0, 0, 0, 0, 1, 1, 2, 2, 0, 0, 2, 0, 0, 1, 1, 0, 2, 2, 0, 1, 0, 0, 0, 0, 0, 0, 0, 2, 0, 0, 0, 0, 0, 0, 0, 2, 2, 2, 3, 2, 0, 1, 1, 4, 2, 5, 1, 6, 2, 4, 2, 5, 188, 0, 0, 0, 0, 0, 0]",4,12.794630582955346,-1,0
845,"[0, 2, 0, 1, 0, 2, 0, 1, 0, 1, 0, 2, 0, 0, 0, 0, 0, 1, 0, 0, 2, 0, 0, 0, 0, 0, 0, 0, 0, 0, 0, 0, 1, 1, 2, 2, 0, 0, 2, 0, 0, 1, 1, 0, 2, 2, 0, 1, 0, 0, 0, 0, 0, 0, 0, 2, 0, 0, 0, 0, 0, 0, 0, 2, 2, 2, 3, 2, 0, 1, 1, 4, 2, 5, 1, 6, 2, 4, 2, 5, 189, 0, 0, 0, 0, 0, 0]",4,14.192579458544975,-1,1
846,"[0, 2, 0, 1, 0, 2, 0, 1, 0, 1, 0, 2, 0, 0, 0, 0, 0, 1, 0, 0, 2, 0, 0, 0, 0, 0, 0, 0, 0, 0, 0, 0, 1, 1, 2, 2, 0, 0, 2, 0, 0, 1, 1, 0, 2, 2, 0, 1, 0, 0, 0, 0, 0, 0, 0, 2, 0, 0, 0, 0, 0, 0, 0, 2, 2, 2, 3, 2, 0, 1, 1, 4, 2, 5, 1, 6, 2, 4, 2, 5, 189, 0, 0, 0, 0, 0, 0]",0,0.41662655297988616,-1,0
847,"[0, 2, 0, 1, 0, 2, 0, 1, 0, 1, 0, 2, 0, 0, 0, 0, 0, 1, 0, 0, 2, 0, 0, 0, 0, 0, 0, 0, 0, 0, 0, 0, 1, 1, 2, 2, 0, 0, 2, 0, 0, 1, 1, 0, 2, 2, 0, 1, 0, 0, 0, 0, 0, 0, 0, 2, 0, 0, 0, 0, 0, 0, 0, 2, 2, 2, 3, 2, 0, 1, 1, 4, 2, 5, 1, 6, 2, 4, 2, 5, 189, 0, 0, 0, 0, 0, 0]",-1,-0.0075535904418185425,-1,0
848,"[0, 2, 0, 1, 0, 2, 0, 1, 0, 1, 0, 2, 0, 0, 0, 0, 0, 1, 0, 0, 2, 0, 0, 0, 0, 0, 0, 0, 0, 0, 0, 0, 1, 1, 2, 2, 0, 0, 2, 0, 0, 1, 1, 0, 2, 2, 0, 1, 0, 0, 0, 0, 0, 0, 0, 2, 0, 0, 0, 0, 0, 0, 0, 2, 2, 2, 3, 2, 0, 1, 1, 4, 2, 5, 1, 6, 2, 4, 2, 5, 189, 1, 0, 0, 0, 0, 0]",3,0.3216518061493029,-1,0
849,"[0, 2, 0, 1, 0, 2, 0, 1, 0, 1, 0, 2, 0, 0, 0, 0, 0, 1, 0, 0, 2, 0, 0, 0, 0, 0, 0, 0, 0, 0, 0, 0, 1, 1, 2, 2, 0, 0, 2, 0, 0, 1, 1, 0, 2, 2, 0, 1, 0, 0, 0, 0, 0, 0, 0, 2, 0, 0, 0, 0, 0, 0, 0, 2, 2, 2, 3, 2, 0, 1, 1, 4, 2, 5, 1, 6, 2, 4, 2, 5, 189, 0, 0, 0, 0, 0, 0]",-1,-0.0075535904418185425,-1,0
850,"[0, 2, 0, 1, 0, 2, 0, 1, 0, 1, 0, 2, 0, 0, 0, 0, 0, 1, 0, 0, 2, 0, 0, 0, 0, 0, 0, 0, 0, 0, 0, 0, 1, 1, 2, 2, 0, 0, 2, 0, 0, 1, 1, 0, 2, 2, 0, 1, 0, 0, 0, 0, 0, 0, 0, 2, 0, 0, 0, 0, 0, 0, 0, 2, 2, 2, 3, 2, 0, 1, 1, 4, 2, 5, 1, 6, 2, 4, 2, 5, 189, 0, 0, 0, 0, 0, 0]",0,0.41662655297988616,-1,0
851,"[0, 2, 0, 1, 0, 2, 0, 1, 0, 1, 0, 2, 0, 0, 0, 0, 0, 1, 0, 0, 2, 0, 0, 0, 0, 0, 0, 0, 0, 0, 0, 0, 1, 1, 2, 2, 0, 0, 2, 0, 0, 1, 1, 0, 2, 2, 0, 1, 0, 0, 0, 0, 0, 0, 0, 2, 0, 0, 0, 0, 0, 0, 0, 2, 2, 2, 3, 2, 0, 1, 1, 4, 2, 5, 1, 6, 2, 4, 2, 5, 189, 0, 0, 0, 0, 0, 0]",-1,-0.0075535904418185425,-1,0
852,"[0, 2, 0, 1, 0, 2, 0, 1, 0, 1, 0, 2, 0, 0, 0, 0, 0, 1, 0, 0, 2, 0, 0, 0, 0, 0, 0, 0, 0, 0, 0, 0, 1, 1, 2, 2, 0, 0, 2, 0, 0, 1, 1, 0, 2, 2, 0, 1, 0, 0, 0, 0, 0, 0, 0, 2, 0, 0, 0, 0, 0, 0, 0, 2, 2, 2, 3, 2, 0, 1, 1, 4, 2, 5, 1, 6, 2, 4, 2, 5, 190, 0, 0, 0, 0, 0, 0]",4,12.79051335472611,-1,0
853,"[0, 2, 0, 1, 0, 2, 0, 1, 0, 1, 0, 2, 0, 0, 0, 0, 0, 1, 0, 0, 2, 0, 0, 0, 0, 0, 0, 0, 0, 0, 0, 0, 1, 1, 2, 2, 0, 0, 2, 0, 0, 1, 1, 0, 2, 2, 0, 1, 0, 0, 0, 0, 0, 0, 0, 2, 0, 0, 0, 0, 0, 0, 0, 2, 2, 2, 3, 2, 0, 1, 1, 4, 2, 5, 1, 6, 2, 4, 2, 5, 190, 0, 1, 0, 0, 0, 0]",2,0.5197375320224904,-1,1
854,"[0, 2, 0, 1, 0, 2, 0, 1, 0, 1, 0, 2, 0, 0, 0, 0, 0, 1, 0, 0, 2, 0, 0, 0, 0, 0, 0, 0, 0, 0, 0, 0, 1, 1, 2, 2, 0, 0, 2, 0, 0, 1, 1, 0, 2, 2, 0, 1, 0, 0, 0, 0, 0, 0, 0, 2, 0, 0, 0, 0, 0, 0, 0, 2, 2, 2, 3, 2, 0, 1, 1, 4, 2, 5, 1, 6, 2, 4, 2, 5, 190, 0, 1, 0, 0, 1, 0]","[[0 1 0 0]
 [0 0 0 1]]",0.7701623970805813,-1,1
855,"[0, 2, 0, 1, 0, 2, 0, 1, 0, 1, 0, 2, 0, 0, 0, 0, 0, 1, 0, 0, 2, 0, 0, 0, 0, 0, 0, 0, 0, 0, 0, 0, 1, 1, 2, 2, 0, 0, 2, 0, 0, 1, 1, 0, 2, 2, 0, 1, 0, 0, 0, 0, 0, 0, 0, 2, 0, 0, 0, 0, 0, 0, 0, 2, 2, 2, 3, 2, 0, 1, 1, 4, 2, 5, 1, 6, 2, 4, 2, 5, 190, 0, 0, 0, 0, 0, 0]",1,-0.0802624679775096,-1,0
856,"[0, 3, 0, 1, 0, 3, 0, 1, 0, 1, 0, 2, 0, 0, 0, 0, 0, 1, 0, 0, 2, 0, 0, 0, 0, 0, 0, 0, 0, 0, 0, 0, 1, 1, 2, 2, 0, 0, 2, 0, 0, 1, 1, 0, 2, 2, 0, 1, 0, 0, 0, 0, 0, 0, 0, 2, 0, 0, 0, 0, 0, 0, 0, 2, 2, 2, 3, 2, 0, 1, 1, 4, 2, 5, 1, 6, 2, 4, 2, 5, 191, 0, 0, 0, 0, 0, 0]",4,14.026239506007036,-1,1
857,"[0, 3, 0, 1, 0, 3, 0, 1, 0, 1, 0, 2, 0, 0, 0, 0, 0, 1, 0, 0, 2, 0, 0, 0, 0, 0, 0, 0, 0, 0, 0, 0, 1, 1, 2, 2, 0, 0, 2, 0, 0, 1, 1, 0, 2, 2, 0, 1, 0, 0, 0, 0, 0, 0, 0, 2, 0, 0, 0, 0, 0, 0, 0, 2, 2, 2, 3, 2, 0, 1, 1, 4, 2, 5, 1, 6, 2, 4, 2, 5, 191, 0, 1, 0, 0, 0, 0]",2,0.517808086811733,-1,0
858,"[0, 3, 0, 1, 0, 3, 0, 1, 0, 1, 0, 2, 0, 0, 0, 0, 0, 1, 0, 0, 2, 0, 0, 0, 0, 0, 0, 0, 0, 0, 0, 0, 1, 1, 2, 2, 0, 0, 2, 0, 0, 1, 1, 0, 2, 2, 0, 1, 0, 0, 0, 0, 0, 0, 0, 2, 0, 0, 0, 0, 0, 0, 0, 2, 2, 2, 3, 2, 0, 1, 1, 4, 2, 5, 1, 6, 2, 4, 2, 5, 191, 0, 0, 0, 0, 0, 0]",-1,-0.007404019329773122,-1,0
859,"[0, 3, 0, 1, 0, 3, 0, 1, 0, 1, 0, 2, 0, 0, 0, 0, 0, 1, 0, 0, 2, 0, 0, 0, 0, 0, 0, 0, 0, 0, 0, 0, 1, 1, 2, 2, 0, 0, 2, 0, 0, 1, 1, 0, 2, 2, 0, 1, 0, 0, 0, 0, 0, 0, 0, 2, 0, 0, 0, 0, 0, 0, 0, 2, 2, 2, 3, 2, 0, 1, 1, 4, 2, 5, 1, 6, 2, 4, 2, 5, 191, 1, 0, 0, 0, 0, 0]",3,0.31780808681173306,-1,0
860,"[0, 3, 0, 1, 0, 3, 0, 1, 0, 1, 0, 2, 0, 0, 0, 0, 0, 1, 0, 0, 2, 0, 0, 0, 0, 0, 0, 0, 0, 0, 0, 0, 1, 1, 2, 2, 0, 0, 2, 0, 0, 1, 1, 0, 2, 2, 0, 1, 0, 0, 0, 0, 0, 0, 0, 2, 0, 0, 0, 0, 0, 0, 0, 2, 2, 2, 3, 2, 0, 1, 1, 4, 2, 5, 1, 6, 2, 4, 2, 5, 191, 0, 0, 0, 0, 0, 0]",-1,-0.007404019329773122,-1,0
861,"[0, 3, 0, 2, 0, 3, 0, 2, 0, 1, 0, 2, 0, 0, 0, 0, 0, 1, 0, 0, 2, 0, 0, 0, 0, 0, 0, 0, 0, 0, 0, 0, 1, 1, 2, 2, 0, 0, 2, 0, 0, 1, 1, 0, 2, 2, 0, 1, 0, 0, 0, 0, 0, 0, 0, 2, 0, 0, 0, 0, 0, 0, 0, 2, 2, 2, 3, 2, 0, 1, 1, 4, 2, 5, 1, 6, 2, 4, 2, 5, 192, 0, 0, 0, 0, 0, 0]",4,12.661590846488961,-1,0
862,"[0, 4, 0, 2, 0, 4, 0, 2, 0, 1, 0, 2, 0, 0, 0, 0, 0, 1, 0, 0, 2, 0, 0, 0, 0, 0, 0, 0, 0, 0, 0, 0, 1, 1, 2, 2, 0, 0, 2, 0, 0, 1, 1, 0, 2, 2, 0, 1, 0, 0, 0, 0, 0, 0, 0, 2, 0, 0, 0, 0, 0, 0, 0, 2, 2, 2, 3, 2, 0, 1, 1, 4, 2, 5, 1, 6, 2, 4, 2, 5, 193, 0, 0, 0, 0, 0, 0]",4,13.979277155440773,-1,1
863,"[0, 4, 0, 2, 0, 4, 0, 2, 0, 1, 0, 2, 0, 0, 0, 0, 0, 1, 0, 0, 2, 0, 0, 0, 0, 0, 0, 0, 0, 0, 0, 0, 1, 1, 2, 2, 0, 0, 2, 0, 0, 1, 1, 0, 2, 2, 0, 1, 0, 0, 0, 0, 0, 0, 0, 2, 0, 0, 0, 0, 0, 0, 0, 2, 2, 2, 3, 2, 0, 1, 1, 4, 2, 5, 1, 6, 2, 4, 2, 5, 194, 0, 0, 0, 0, 0, 0]",4,12.577164764141692,-1,0
864,"[0, 2, 0, 1, 0, 2, 0, 1, 0, 1, 0, 2, 0, 0, 0, 0, 0, 1, 0, 0, 2, 0, 0, 0, 0, 0, 0, 0, 0, 0, 0, 0, 1, 1, 2, 2, 0, 0, 2, 0, 0, 1, 1, 0, 2, 2, 0, 1, 0, 0, 0, 0, 0, 0, 0, 2, 0, 0, 0, 0, 0, 0, 0, 2, 2, 2, 3, 2, 0, 1, 1, 4, 2, 5, 1, 6, 2, 4, 2, 1, 195, 0, 0, 0, 0, 0, 0]",4,14.18000583626025,-1,1
865,"[0, 2, 0, 1, 0, 2, 0, 1, 0, 1, 0, 2, 0, 0, 0, 0, 0, 1, 0, 0, 2, 0, 0, 0, 0, 0, 0, 0, 0, 0, 0, 0, 1, 1, 2, 2, 0, 0, 2, 0, 0, 1, 1, 0, 2, 2, 0, 1, 0, 0, 0, 0, 0, 0, 0, 2, 0, 0, 0, 0, 0, 0, 0, 2, 2, 2, 3, 2, 0, 1, 1, 4, 2, 5, 1, 6, 2, 4, 2, 1, 195, 1, 0, 0, 0, 0, 0]",3,0.3099667994624956,-1,0
866,"[0, 2, 0, 1, 0, 2, 0, 1, 0, 1, 0, 2, 0, 0, 0, 0, 0, 1, 0, 0, 2, 0, 0, 0, 0, 0, 0, 0, 0, 0, 0, 0, 1, 1, 2, 2, 0, 0, 2, 0, 0, 1, 1, 0, 2, 2, 0, 1, 0, 0, 0, 0, 0, 0, 0, 2, 0, 0, 0, 0, 0, 0, 0, 2, 2, 2, 3, 2, 0, 1, 1, 4, 2, 5, 1, 6, 2, 4, 2, 1, 195, 0, 0, 0, 0, 0, 0]",-1,-0.00711370357932568,-1,0
867,"[0, 2, 0, 1, 0, 2, 0, 1, 0, 1, 0, 2, 0, 0, 0, 0, 0, 1, 0, 0, 2, 0, 0, 0, 0, 0, 0, 0, 0, 0, 0, 0, 1, 1, 2, 2, 0, 0, 2, 0, 0, 1, 1, 0, 2, 2, 0, 1, 0, 0, 0, 0, 0, 0, 0, 2, 0, 0, 0, 0, 0, 0, 0, 2, 2, 2, 3, 2, 0, 1, 1, 4, 2, 5, 1, 6, 2, 4, 2, 1, 195, 1, 0, 0, 0, 0, 0]",3,0.3099667994624956,-1,0
868,"[0, 2, 0, 1, 0, 2, 0, 1, 0, 1, 0, 2, 0, 0, 0, 0, 0, 1, 0, 0, 2, 0, 0, 0, 0, 0, 0, 0, 0, 0, 0, 0, 1, 1, 2, 2, 0, 0, 2, 0, 0, 1, 1, 0, 2, 2, 0, 1, 0, 0, 0, 0, 0, 0, 0, 2, 0, 0, 0, 0, 0, 0, 0, 2, 2, 2, 3, 2, 0, 1, 1, 4, 2, 5, 1, 6, 2, 4, 2, 1, 195, 0, 0, 0, 0, 0, 0]",-1,-0.00711370357932568,-1,0
869,"[0, 2, 0, 1, 0, 2, 0, 1, 0, 1, 0, 2, 0, 0, 0, 0, 0, 1, 0, 0, 2, 0, 0, 0, 0, 0, 0, 0, 0, 0, 0, 0, 1, 1, 2, 2, 0, 0, 2, 0, 0, 1, 1, 0, 2, 2, 0, 1, 0, 0, 0, 0, 0, 0, 0, 2, 0, 0, 0, 0, 0, 0, 0, 2, 2, 2, 3, 2, 0, 1, 1, 4, 2, 5, 1, 6, 2, 4, 2, 1, 195, 1, 0, 0, 0, 0, 0]",3,0.3099667994624956,-1,0
870,"[0, 2, 0, 1, 0, 2, 0, 1, 0, 1, 0, 2, 0, 0, 0, 0, 0, 1, 0, 0, 2, 0, 0, 0, 0, 0, 0, 0, 0, 0, 0, 0, 1, 1, 2, 2, 0, 0, 2, 0, 0, 1, 1, 0, 2, 2, 0, 1, 0, 0, 0, 0, 0, 0, 0, 2, 0, 0, 0, 0, 0, 0, 0, 2, 2, 2, 3, 2, 0, 1, 1, 4, 2, 5, 1, 6, 2, 4, 2, 1, 195, 0, 0, 0, 0, 0, 0]",-1,-0.00711370357932568,-1,0
871,"[0, 2, 0, 1, 0, 2, 0, 1, 0, 1, 0, 2, 0, 0, 0, 0, 0, 1, 0, 0, 2, 0, 0, 0, 0, 0, 0, 0, 0, 0, 0, 0, 1, 1, 2, 2, 0, 0, 2, 0, 0, 1, 1, 0, 2, 2, 0, 1, 0, 0, 0, 0, 0, 0, 0, 2, 0, 0, 0, 0, 0, 0, 0, 2, 2, 2, 3, 2, 0, 1, 1, 4, 2, 5, 1, 6, 2, 4, 2, 1, 195, 0, 1, 0, 0, 0, 0]",2,0.5099667994624956,-1,0
872,"[0, 2, 0, 1, 0, 2, 0, 1, 0, 1, 0, 2, 0, 0, 0, 0, 0, 1, 0, 0, 2, 0, 0, 0, 0, 0, 0, 0, 0, 0, 0, 0, 1, 1, 2, 2, 0, 0, 2, 0, 0, 1, 1, 0, 2, 2, 0, 1, 0, 0, 0, 0, 0, 0, 0, 2, 0, 0, 0, 0, 0, 0, 0, 2, 2, 2, 3, 2, 0, 1, 1, 4, 2, 5, 1, 6, 2, 4, 2, 1, 195, 0, 0, 0, 0, 0, 0]",-1,-0.00711370357932568,-1,0
873,"[0, 2, 0, 1, 0, 2, 0, 1, 0, 1, 0, 2, 0, 0, 0, 0, 0, 1, 0, 0, 2, 0, 0, 0, 0, 0, 0, 0, 0, 0, 0, 0, 1, 1, 2, 2, 0, 0, 2, 0, 0, 1, 1, 0, 2, 2, 0, 1, 0, 0, 0, 0, 0, 0, 0, 2, 0, 0, 0, 0, 0, 0, 0, 2, 2, 2, 3, 2, 0, 1, 1, 4, 2, 5, 1, 6, 2, 4, 2, 1, 195, 0, 0, 0, 0, 0, 0]",0,0.4049415462930789,-1,0
874,"[0, 2, 0, 1, 0, 2, 0, 1, 0, 1, 0, 2, 0, 0, 0, 0, 0, 1, 0, 0, 2, 0, 0, 0, 0, 0, 0, 0, 0, 0, 0, 0, 1, 1, 2, 2, 0, 0, 2, 0, 0, 1, 1, 0, 2, 2, 0, 1, 0, 0, 0, 0, 0, 0, 0, 2, 0, 0, 0, 0, 0, 0, 0, 2, 2, 2, 3, 2, 0, 1, 1, 4, 2, 5, 1, 6, 2, 4, 2, 1, 195, 0, 0, 0, 0, 0, 0]",-1,-0.00711370357932568,-1,0
875,"[0, 2, 0, 1, 0, 2, 0, 1, 0, 1, 0, 2, 0, 0, 0, 0, 0, 1, 0, 0, 2, 0, 0, 0, 0, 0, 0, 0, 0, 0, 0, 0, 1, 1, 2, 2, 0, 0, 2, 0, 0, 1, 1, 0, 2, 2, 0, 1, 0, 0, 0, 0, 0, 0, 0, 2, 0, 0, 0, 0, 0, 0, 0, 2, 2, 2, 3, 2, 0, 1, 1, 4, 2, 5, 1, 6, 2, 4, 2, 1, 195, 0, 1, 0, 0, 0, 0]",2,0.5099667994624956,-1,0
876,"[0, 2, 0, 1, 0, 2, 0, 1, 0, 1, 0, 2, 0, 0, 0, 0, 0, 1, 0, 0, 2, 0, 0, 0, 0, 0, 0, 0, 0, 0, 0, 0, 1, 1, 2, 2, 0, 0, 2, 0, 0, 1, 1, 0, 2, 2, 0, 1, 0, 0, 0, 0, 0, 0, 0, 2, 0, 0, 0, 0, 0, 0, 0, 2, 2, 2, 3, 2, 0, 1, 1, 4, 2, 5, 1, 6, 2, 4, 2, 1, 195, 0, 0, 0, 0, 0, 0]",-1,-0.00711370357932568,-1,0
877,"[0, 2, 0, 1, 0, 2, 0, 1, 0, 1, 0, 2, 0, 0, 0, 0, 0, 1, 0, 0, 2, 0, 0, 0, 0, 0, 0, 0, 0, 0, 0, 0, 1, 1, 2, 2, 0, 0, 2, 0, 0, 1, 1, 0, 2, 2, 0, 1, 0, 0, 0, 0, 0, 0, 0, 2, 0, 0, 0, 0, 0, 0, 0, 2, 2, 2, 3, 2, 0, 1, 1, 4, 2, 5, 1, 6, 2, 4, 2, 1, 195, 1, 0, 0, 0, 0, 0]",3,0.3099667994624956,-1,0
878,"[0, 2, 0, 1, 0, 2, 0, 1, 0, 1, 0, 2, 0, 0, 0, 0, 0, 1, 0, 0, 2, 0, 0, 0, 0, 0, 0, 0, 0, 0, 0, 0, 1, 1, 2, 2, 0, 0, 2, 0, 0, 1, 1, 0, 2, 2, 0, 1, 0, 0, 0, 0, 0, 0, 0, 2, 0, 0, 0, 0, 0, 0, 0, 2, 2, 2, 3, 2, 0, 1, 1, 4, 2, 5, 1, 6, 2, 4, 2, 1, 195, 0, 0, 0, 0, 0, 0]",-1,-0.00711370357932568,-1,0
879,"[0, 2, 0, 1, 0, 2, 0, 1, 0, 1, 0, 2, 0, 0, 0, 0, 0, 1, 0, 0, 2, 0, 0, 0, 0, 0, 0, 0, 0, 0, 0, 0, 1, 1, 2, 2, 0, 0, 2, 0, 0, 1, 1, 0, 2, 2, 0, 1, 0, 0, 0, 0, 0, 0, 0, 2, 0, 0, 0, 0, 0, 0, 0, 2, 2, 2, 3, 2, 0, 1, 1, 4, 2, 5, 1, 6, 2, 4, 2, 1, 195, 0, 1, 0, 0, 0, 0]",2,0.5099667994624956,-1,0
880,"[0, 2, 0, 1, 0, 2, 0, 1, 0, 1, 0, 2, 0, 0, 0, 0, 0, 1, 0, 0, 2, 0, 0, 0, 0, 0, 0, 0, 0, 0, 0, 0, 1, 1, 2, 2, 0, 0, 2, 0, 0, 1, 1, 0, 2, 2, 0, 1, 0, 0, 0, 0, 0, 0, 0, 2, 0, 0, 0, 0, 0, 0, 0, 2, 2, 2, 3, 2, 0, 1, 1, 4, 2, 5, 1, 6, 2, 4, 2, 1, 195, 0, 0, 0, 0, 0, 0]",-1,-0.00711370357932568,-1,0
881,"[0, 1, 0, 1, 0, 1, 0, 1, 0, 1, 0, 2, 0, 0, 0, 0, 0, 1, 0, 0, 2, 0, 0, 0, 0, 0, 0, 0, 0, 0, 0, 0, 1, 1, 2, 2, 0, 0, 2, 0, 0, 1, 1, 0, 2, 2, 0, 1, 0, 0, 0, 0, 0, 0, 0, 2, 0, 0, 0, 0, 0, 0, 0, 2, 2, 2, 3, 2, 0, 1, 1, 4, 2, 5, 1, 6, 2, 4, 2, 2, 196, 0, 0, 0, 0, 0, 0]",4,12.98167355536354,-1,0
882,"[0, 1, 0, 1, 0, 1, 0, 1, 0, 1, 0, 2, 0, 0, 0, 0, 0, 1, 0, 0, 2, 0, 0, 0, 0, 0, 0, 0, 0, 0, 0, 0, 1, 1, 2, 2, 0, 0, 2, 0, 0, 1, 1, 0, 2, 2, 0, 1, 0, 0, 0, 0, 0, 0, 0, 2, 0, 0, 0, 0, 0, 0, 0, 2, 2, 2, 3, 2, 0, 1, 1, 4, 2, 5, 1, 6, 2, 4, 2, 2, 196, 0, 1, 0, 0, 0, 0]",2,0.5079829769111132,-1,1
883,"[0, 1, 0, 1, 0, 1, 0, 1, 0, 1, 0, 2, 0, 0, 0, 0, 0, 1, 0, 0, 2, 0, 0, 0, 0, 0, 0, 0, 0, 0, 0, 0, 1, 1, 2, 2, 0, 0, 2, 0, 0, 1, 1, 0, 2, 2, 0, 1, 0, 0, 0, 0, 0, 0, 0, 2, 0, 0, 0, 0, 0, 0, 0, 2, 2, 2, 3, 2, 0, 1, 1, 4, 2, 5, 1, 6, 2, 4, 2, 2, 196, 0, 1, 0, 0, 1, 0]","[[0 1 0 0]
 [0 0 0 1]]",0.7584078419692041,-1,1
884,"[0, 2, 0, 0, 0, 0, 0, 2, 0, 1, 0, 2, 0, 0, 0, 0, 0, 1, 0, 0, 2, 0, 0, 0, 0, 0, 0, 0, 0, 0, 0, 0, 1, 1, 2, 2, 0, 0, 2, 0, 0, 1, 1, 0, 2, 2, 0, 1, 0, 0, 0, 0, 0, 0, 0, 2, 0, 0, 0, 0, 0, 0, 0, 2, 2, 2, 3, 2, 0, 1, 1, 4, 2, 5, 1, 6, 2, 4, 2, 2, 196, 0, 0, 0, 0, 0, 0]",0,-0.09201702308888686,-1,0
885,"[0, 2, 0, 0, 1, 0, 0, 2, 0, 1, 0, 2, 0, 0, 0, 0, 0, 1, 0, 0, 2, 0, 0, 0, 0, 0, 0, 0, 0, 0, 0, 0, 1, 1, 2, 2, 0, 0, 2, 0, 0, 1, 1, 0, 2, 2, 0, 1, 0, 0, 0, 0, 0, 0, 0, 2, 0, 0, 0, 0, 0, 0, 0, 2, 2, 2, 3, 2, 0, 1, 1, 4, 2, 5, 1, 6, 2, 4, 2, 2, 197, 0, 0, 0, 0, 0, 0]",4,14.175747294265003,-1,1
886,"[0, 2, 0, 0, 1, 0, 0, 2, 0, 1, 0, 2, 0, 0, 0, 0, 0, 1, 0, 0, 2, 0, 0, 0, 0, 0, 0, 0, 0, 0, 0, 0, 1, 1, 2, 2, 0, 0, 2, 0, 0, 1, 1, 0, 2, 2, 0, 1, 0, 0, 0, 0, 0, 0, 0, 2, 0, 0, 0, 0, 0, 0, 0, 2, 2, 2, 3, 2, 0, 1, 1, 4, 2, 5, 1, 6, 2, 4, 2, 2, 197, 0, 1, 0, 0, 0, 0]",2,0.5059928103529143,-1,0
887,"[0, 2, 0, 0, 1, 0, 0, 2, 0, 1, 0, 2, 0, 0, 0, 0, 0, 1, 0, 0, 2, 0, 0, 0, 0, 0, 0, 0, 0, 0, 0, 0, 1, 1, 2, 2, 0, 0, 2, 0, 0, 1, 1, 0, 2, 2, 0, 1, 0, 0, 0, 0, 0, 0, 0, 2, 0, 0, 0, 0, 0, 0, 0, 2, 2, 2, 3, 2, 0, 1, 1, 4, 2, 5, 1, 6, 2, 4, 2, 2, 197, 0, 1, 0, 0, 1, 0]","[[0 1 0 0]
 [1 0 0 0]]",0.7564176754110052,-1,0
888,"[1, 1, 0, 0, 0, 1, 0, 2, 0, 1, 0, 2, 0, 0, 0, 0, 0, 1, 0, 0, 2, 0, 0, 0, 0, 0, 0, 0, 0, 0, 0, 0, 1, 1, 2, 2, 0, 0, 2, 0, 0, 1, 1, 0, 2, 2, 0, 1, 0, 0, 0, 0, 0, 0, 0, 2, 0, 0, 0, 0, 0, 0, 0, 2, 2, 2, 3, 2, 0, 1, 1, 4, 2, 5, 1, 6, 2, 4, 2, 2, 197, 0, 0, 0, 0, 0, 0]",0,-0.09400718964708565,-1,1
889,"[1, 1, 0, 0, 0, 1, 0, 2, 0, 1, 0, 2, 0, 0, 0, 0, 0, 1, 0, 0, 2, 0, 0, 0, 0, 0, 0, 0, 0, 0, 0, 0, 1, 1, 2, 2, 0, 0, 2, 0, 0, 1, 1, 0, 2, 2, 0, 1, 0, 0, 0, 0, 0, 0, 0, 2, 0, 0, 0, 0, 0, 0, 0, 2, 2, 2, 3, 2, 0, 1, 1, 4, 2, 5, 1, 6, 2, 4, 2, 2, 197, 0, 0, 0, 0, 0, 0]",0,0.40096755718349764,-1,0
890,"[1, 1, 0, 0, 0, 1, 0, 2, 0, 1, 0, 2, 0, 0, 0, 0, 0, 1, 0, 0, 2, 0, 0, 0, 0, 0, 0, 0, 0, 0, 0, 0, 1, 1, 2, 2, 0, 0, 2, 0, 0, 1, 1, 0, 2, 2, 0, 1, 0, 0, 0, 0, 0, 0, 0, 2, 0, 0, 0, 0, 0, 0, 0, 2, 2, 2, 3, 2, 0, 1, 1, 4, 2, 5, 1, 6, 2, 4, 2, 2, 197, 0, 0, 0, 0, 0, 0]",-1,-0.0069728428107525475,-1,0
891,"[1, 1, 0, 0, 0, 1, 0, 2, 0, 1, 0, 2, 0, 0, 0, 0, 0, 1, 0, 0, 2, 0, 0, 0, 0, 0, 0, 0, 0, 0, 0, 0, 1, 1, 2, 2, 0, 0, 2, 0, 0, 1, 1, 0, 2, 2, 0, 1, 0, 0, 0, 0, 0, 0, 0, 2, 0, 0, 0, 0, 0, 0, 0, 2, 2, 2, 3, 2, 0, 1, 1, 4, 2, 5, 1, 6, 2, 4, 2, 2, 197, 0, 0, 0, 0, 0, 0]",0,0.40096755718349764,-1,0
892,"[1, 1, 0, 0, 0, 1, 0, 2, 0, 1, 0, 2, 0, 0, 0, 0, 0, 1, 0, 0, 2, 0, 0, 0, 0, 0, 0, 0, 0, 0, 0, 0, 1, 1, 2, 2, 0, 0, 2, 0, 0, 1, 1, 0, 2, 2, 0, 1, 0, 0, 0, 0, 0, 0, 0, 2, 0, 0, 0, 0, 0, 0, 0, 2, 2, 2, 3, 2, 0, 1, 1, 4, 2, 5, 1, 6, 2, 4, 2, 2, 197, 0, 0, 0, 0, 0, 0]",-1,-0.0069728428107525475,-1,0
893,"[1, 1, 0, 0, 0, 1, 0, 2, 0, 1, 0, 2, 0, 0, 0, 0, 0, 1, 0, 0, 2, 0, 0, 0, 0, 0, 0, 0, 0, 0, 0, 0, 1, 1, 2, 2, 0, 0, 2, 0, 0, 1, 1, 0, 2, 2, 0, 1, 0, 0, 0, 0, 0, 0, 0, 2, 0, 0, 0, 0, 0, 0, 0, 2, 2, 2, 3, 2, 0, 1, 1, 4, 2, 5, 1, 6, 2, 4, 2, 2, 197, 0, 0, 0, 0, 0, 0]",0,0.40096755718349764,-1,0
894,"[1, 1, 0, 0, 0, 1, 0, 2, 0, 1, 0, 2, 0, 0, 0, 0, 0, 1, 0, 0, 2, 0, 0, 0, 0, 0, 0, 0, 0, 0, 0, 0, 1, 1, 2, 2, 0, 0, 2, 0, 0, 1, 1, 0, 2, 2, 0, 1, 0, 0, 0, 0, 0, 0, 0, 2, 0, 0, 0, 0, 0, 0, 0, 2, 2, 2, 3, 2, 0, 1, 1, 4, 2, 5, 1, 6, 2, 4, 2, 2, 197, 0, 0, 0, 0, 0, 0]",-1,-0.0069728428107525475,-1,0
895,"[1, 1, 0, 0, 0, 1, 0, 2, 0, 1, 0, 2, 0, 0, 0, 0, 0, 1, 0, 0, 2, 0, 0, 0, 0, 0, 0, 0, 0, 0, 0, 0, 1, 1, 2, 2, 0, 0, 2, 0, 0, 1, 1, 0, 2, 2, 0, 1, 0, 0, 0, 0, 0, 0, 0, 2, 0, 0, 0, 0, 0, 0, 0, 2, 2, 2, 3, 2, 0, 1, 1, 4, 2, 5, 1, 6, 2, 4, 2, 2, 197, 0, 0, 0, 0, 0, 0]",0,0.40096755718349764,-1,0
896,"[1, 1, 0, 0, 0, 1, 0, 2, 0, 1, 0, 2, 0, 0, 0, 0, 0, 1, 0, 0, 2, 0, 0, 0, 0, 0, 0, 0, 0, 0, 0, 0, 1, 1, 2, 2, 0, 0, 2, 0, 0, 1, 1, 0, 2, 2, 0, 1, 0, 0, 0, 0, 0, 0, 0, 2, 0, 0, 0, 0, 0, 0, 0, 2, 2, 2, 3, 2, 0, 1, 1, 4, 2, 5, 1, 6, 2, 4, 2, 2, 197, 0, 0, 0, 0, 0, 0]",-1,-0.0069728428107525475,-1,0
897,"[1, 1, 0, 0, 0, 1, 0, 2, 0, 1, 0, 2, 0, 0, 0, 0, 0, 1, 0, 0, 2, 0, 0, 0, 0, 0, 0, 0, 0, 0, 0, 0, 1, 1, 2, 2, 0, 0, 2, 0, 0, 1, 1, 0, 2, 2, 0, 1, 0, 0, 0, 0, 0, 0, 0, 2, 0, 0, 0, 0, 0, 0, 0, 2, 2, 2, 3, 2, 0, 1, 1, 4, 2, 5, 1, 6, 2, 4, 2, 2, 197, 0, 0, 0, 0, 0, 0]",0,0.40096755718349764,-1,0
898,"[1, 1, 0, 0, 0, 1, 0, 2, 0, 1, 0, 2, 0, 0, 0, 0, 0, 1, 0, 0, 2, 0, 0, 0, 0, 0, 0, 0, 0, 0, 0, 0, 1, 1, 2, 2, 0, 0, 2, 0, 0, 1, 1, 0, 2, 2, 0, 1, 0, 0, 0, 0, 0, 0, 0, 2, 0, 0, 0, 0, 0, 0, 0, 2, 2, 2, 3, 2, 0, 1, 1, 4, 2, 5, 1, 6, 2, 4, 2, 2, 197, 0, 0, 0, 0, 0, 0]",-1,-0.0069728428107525475,-1,0
899,"[1, 1, 0, 0, 0, 1, 0, 2, 0, 1, 0, 2, 0, 0, 0, 0, 0, 1, 0, 0, 2, 0, 0, 0, 0, 0, 0, 0, 0, 0, 0, 0, 1, 1, 2, 2, 0, 0, 2, 0, 0, 1, 1, 0, 2, 2, 0, 1, 0, 0, 0, 0, 0, 0, 0, 2, 0, 0, 0, 0, 0, 0, 0, 2, 2, 2, 3, 2, 0, 1, 1, 4, 2, 5, 1, 6, 2, 4, 2, 2, 197, 0, 0, 0, 0, 0, 0]",0,0.40096755718349764,-1,0
900,"[1, 1, 0, 0, 0, 1, 0, 2, 0, 1, 0, 2, 0, 0, 0, 0, 0, 1, 0, 0, 2, 0, 0, 0, 0, 0, 0, 0, 0, 0, 0, 0, 1, 1, 2, 2, 0, 0, 2, 0, 0, 1, 1, 0, 2, 2, 0, 1, 0, 0, 0, 0, 0, 0, 0, 2, 0, 0, 0, 0, 0, 0, 0, 2, 2, 2, 3, 2, 0, 1, 1, 4, 2, 5, 1, 6, 2, 4, 2, 2, 197, 0, 0, 0, 0, 0, 0]",-1,-0.0069728428107525475,-1,0
901,"[1, 1, 0, 0, 0, 1, 0, 2, 0, 1, 0, 2, 0, 0, 0, 0, 0, 1, 0, 0, 2, 0, 0, 0, 0, 0, 0, 0, 0, 0, 0, 0, 1, 1, 2, 2, 0, 0, 2, 0, 0, 1, 1, 0, 2, 2, 0, 1, 0, 0, 0, 0, 0, 0, 0, 2, 0, 0, 0, 0, 0, 0, 0, 2, 2, 2, 3, 2, 0, 1, 1, 4, 2, 5, 1, 6, 2, 4, 2, 2, 197, 0, 0, 0, 0, 0, 0]",0,0.40096755718349764,-1,0
902,"[1, 1, 0, 0, 0, 1, 0, 2, 0, 1, 0, 2, 0, 0, 0, 0, 0, 1, 0, 0, 2, 0, 0, 0, 0, 0, 0, 0, 0, 0, 0, 0, 1, 1, 2, 2, 0, 0, 2, 0, 0, 1, 1, 0, 2, 2, 0, 1, 0, 0, 0, 0, 0, 0, 0, 2, 0, 0, 0, 0, 0, 0, 0, 2, 2, 2, 3, 2, 0, 1, 1, 4, 2, 5, 1, 6, 2, 4, 2, 2, 197, 0, 0, 0, 0, 0, 0]",-1,-0.0069728428107525475,-1,0
903,"[1, 1, 0, 0, 0, 1, 0, 2, 0, 1, 0, 2, 0, 0, 0, 0, 0, 1, 0, 0, 2, 0, 0, 0, 0, 0, 0, 0, 0, 0, 0, 0, 1, 1, 2, 2, 0, 0, 2, 0, 0, 1, 1, 0, 2, 2, 0, 1, 0, 0, 0, 0, 0, 0, 0, 2, 0, 0, 0, 0, 0, 0, 0, 2, 2, 2, 3, 2, 0, 1, 1, 4, 2, 5, 1, 6, 2, 4, 2, 2, 197, 0, 0, 0, 0, 0, 0]",0,0.40096755718349764,-1,0
904,"[1, 1, 0, 0, 0, 1, 0, 2, 0, 1, 0, 2, 0, 0, 0, 0, 0, 1, 0, 0, 2, 0, 0, 0, 0, 0, 0, 0, 0, 0, 0, 0, 1, 1, 2, 2, 0, 0, 2, 0, 0, 1, 1, 0, 2, 2, 0, 1, 0, 0, 0, 0, 0, 0, 0, 2, 0, 0, 0, 0, 0, 0, 0, 2, 2, 2, 3, 2, 0, 1, 1, 4, 2, 5, 1, 6, 2, 4, 2, 2, 197, 0, 0, 0, 0, 0, 0]",-1,-0.0069728428107525475,-1,0
905,"[1, 1, 0, 0, 0, 1, 0, 2, 0, 1, 0, 2, 0, 0, 0, 0, 0, 1, 0, 0, 2, 0, 0, 0, 0, 0, 0, 0, 0, 0, 0, 0, 1, 1, 2, 2, 0, 0, 2, 0, 0, 1, 1, 0, 2, 2, 0, 1, 0, 0, 0, 0, 0, 0, 0, 2, 0, 0, 0, 0, 0, 0, 0, 2, 2, 2, 3, 2, 0, 1, 1, 4, 2, 5, 1, 6, 2, 4, 2, 2, 197, 0, 0, 0, 0, 0, 0]",1,0.7156169254525311,-1,0
906,"[1, 1, 0, 0, 0, 1, 0, 2, 0, 1, 0, 2, 0, 0, 0, 0, 0, 1, 0, 0, 2, 0, 0, 0, 0, 0, 0, 0, 0, 0, 0, 0, 1, 1, 2, 2, 0, 0, 2, 0, 0, 1, 1, 0, 2, 2, 0, 1, 0, 0, 0, 0, 0, 0, 0, 2, 0, 0, 0, 0, 0, 0, 0, 2, 2, 2, 3, 2, 0, 1, 1, 4, 2, 5, 1, 6, 2, 4, 2, 2, 197, 0, 0, 0, 0, 0, 0]",-1,-0.0069728428107525475,-1,0
907,"[1, 1, 0, 0, 0, 1, 0, 2, 0, 1, 0, 2, 0, 0, 0, 0, 0, 1, 0, 0, 2, 0, 0, 0, 0, 0, 0, 0, 0, 0, 0, 0, 1, 1, 2, 2, 0, 0, 2, 0, 0, 1, 1, 0, 2, 2, 0, 1, 0, 0, 0, 0, 0, 0, 0, 2, 0, 0, 0, 0, 0, 0, 0, 2, 2, 2, 3, 2, 0, 1, 1, 4, 2, 5, 1, 6, 2, 4, 2, 2, 197, 0, 0, 0, 0, 0, 0]",1,0.7156169254525311,-1,0
908,"[1, 1, 0, 0, 0, 1, 0, 2, 0, 1, 0, 2, 0, 0, 0, 0, 0, 1, 0, 0, 2, 0, 0, 0, 0, 0, 0, 0, 0, 0, 0, 0, 1, 1, 2, 2, 0, 0, 2, 0, 0, 1, 1, 0, 2, 2, 0, 1, 0, 0, 0, 0, 0, 0, 0, 2, 0, 0, 0, 0, 0, 0, 0, 2, 2, 2, 3, 2, 0, 1, 1, 4, 2, 5, 1, 6, 2, 4, 2, 2, 197, 0, 0, 0, 0, 0, 0]",-1,-0.0069728428107525475,-1,0
909,"[1, 1, 0, 0, 0, 1, 0, 2, 0, 1, 0, 2, 0, 0, 0, 0, 0, 1, 0, 0, 2, 0, 0, 0, 0, 0, 0, 0, 0, 0, 0, 0, 1, 1, 2, 2, 0, 0, 2, 0, 0, 1, 1, 0, 2, 2, 0, 1, 0, 0, 0, 0, 0, 0, 0, 2, 0, 0, 0, 0, 0, 0, 0, 2, 2, 2, 3, 2, 0, 1, 1, 4, 2, 5, 1, 6, 2, 4, 2, 2, 197, 1, 0, 0, 0, 0, 0]",3,0.30599281035291437,-1,0
910,"[1, 1, 0, 0, 0, 1, 0, 2, 0, 1, 0, 2, 0, 0, 0, 0, 0, 1, 0, 0, 2, 0, 0, 0, 0, 0, 0, 0, 0, 0, 0, 0, 1, 1, 2, 2, 0, 0, 2, 0, 0, 1, 1, 0, 2, 2, 0, 1, 0, 0, 0, 0, 0, 0, 0, 2, 0, 0, 0, 0, 0, 0, 0, 2, 2, 2, 3, 2, 0, 1, 1, 4, 2, 5, 1, 6, 2, 4, 2, 2, 197, 0, 0, 0, 0, 0, 0]",-1,-0.0069728428107525475,-1,0
911,"[1, 1, 0, 0, 0, 1, 0, 2, 0, 1, 0, 2, 0, 0, 0, 0, 0, 1, 0, 0, 2, 0, 0, 0, 0, 0, 0, 0, 0, 0, 0, 0, 1, 1, 2, 2, 0, 0, 2, 0, 0, 1, 1, 0, 2, 2, 0, 1, 0, 0, 0, 0, 0, 0, 0, 2, 0, 0, 0, 0, 0, 0, 0, 2, 2, 2, 3, 2, 0, 1, 1, 4, 2, 5, 1, 6, 2, 4, 2, 2, 197, 0, 0, 0, 0, 0, 0]",1,0.7156169254525311,-1,0
912,"[1, 1, 0, 0, 0, 1, 0, 2, 0, 1, 0, 2, 0, 0, 0, 0, 0, 1, 0, 0, 2, 0, 0, 0, 0, 0, 0, 0, 0, 0, 0, 0, 1, 1, 2, 2, 0, 0, 2, 0, 0, 1, 1, 0, 2, 2, 0, 1, 0, 0, 0, 0, 0, 0, 0, 2, 0, 0, 0, 0, 0, 0, 0, 2, 2, 2, 3, 2, 0, 1, 1, 4, 2, 5, 1, 6, 2, 4, 2, 2, 197, 0, 0, 0, 0, 0, 0]",-1,-0.0069728428107525475,-1,0
913,"[1, 1, 0, 0, 0, 1, 0, 2, 0, 1, 0, 2, 0, 0, 0, 0, 0, 1, 0, 0, 2, 0, 0, 0, 0, 0, 0, 0, 0, 0, 0, 0, 1, 1, 2, 2, 0, 0, 2, 0, 0, 1, 1, 0, 2, 2, 0, 1, 0, 0, 0, 0, 0, 0, 0, 2, 0, 0, 0, 0, 0, 0, 0, 2, 2, 2, 3, 2, 0, 1, 1, 4, 2, 5, 1, 6, 2, 4, 2, 2, 198, 0, 0, 0, 0, 0, 0]",4,12.977406724946398,-1,0
914,"[1, 1, 0, 0, 0, 1, 0, 2, 0, 1, 0, 2, 0, 0, 0, 0, 0, 1, 0, 0, 2, 0, 0, 0, 0, 0, 0, 0, 0, 0, 0, 0, 1, 1, 2, 2, 0, 0, 2, 0, 0, 1, 1, 0, 2, 2, 0, 1, 0, 0, 0, 0, 0, 0, 0, 2, 0, 0, 0, 0, 0, 0, 0, 2, 2, 2, 3, 2, 0, 1, 1, 4, 2, 5, 1, 6, 2, 4, 2, 2, 199, 0, 0, 0, 0, 0, 0]",4,14.171475298927065,-1,1
915,"[1, 1, 0, 0, 0, 1, 0, 2, 0, 1, 0, 2, 0, 0, 0, 0, 0, 1, 0, 0, 2, 0, 0, 0, 0, 0, 0, 0, 0, 0, 0, 0, 1, 1, 2, 2, 0, 0, 2, 0, 0, 1, 1, 0, 2, 2, 0, 1, 0, 0, 0, 0, 0, 0, 0, 2, 0, 0, 0, 0, 0, 0, 0, 2, 2, 2, 3, 2, 0, 1, 1, 4, 2, 5, 1, 6, 2, 4, 2, 2, 199, 1, 0, 0, 0, 0, 0]",3,0.3019997333759931,-1,0
916,"[1, 1, 0, 0, 0, 1, 0, 2, 0, 1, 0, 2, 0, 0, 0, 0, 0, 1, 0, 0, 2, 0, 0, 0, 0, 0, 0, 0, 0, 0, 0, 0, 1, 1, 2, 2, 0, 0, 2, 0, 0, 1, 1, 0, 2, 2, 0, 1, 0, 0, 0, 0, 0, 0, 0, 2, 0, 0, 0, 0, 0, 0, 0, 2, 2, 2, 3, 2, 0, 1, 1, 4, 2, 5, 1, 6, 2, 4, 2, 2, 199, 0, 0, 0, 0, 0, 0]",-1,-0.006834771272276193,-1,0
917,"[1, 1, 0, 0, 0, 1, 0, 2, 0, 1, 0, 2, 0, 0, 0, 0, 0, 1, 0, 0, 2, 0, 0, 0, 0, 0, 0, 0, 0, 0, 0, 0, 1, 1, 2, 2, 0, 0, 2, 0, 0, 1, 1, 0, 2, 2, 0, 1, 0, 0, 0, 0, 0, 0, 0, 2, 0, 0, 0, 0, 0, 0, 0, 2, 2, 2, 3, 2, 0, 1, 1, 4, 2, 5, 1, 6, 2, 4, 2, 2, 199, 0, 1, 0, 0, 0, 0]",2,0.501999733375993,-1,0
918,"[1, 1, 0, 0, 0, 1, 0, 2, 0, 1, 0, 2, 0, 0, 0, 0, 0, 1, 0, 0, 2, 0, 0, 0, 0, 0, 0, 0, 0, 0, 0, 0, 1, 1, 2, 2, 0, 0, 2, 0, 0, 1, 1, 0, 2, 2, 0, 1, 0, 0, 0, 0, 0, 0, 0, 2, 0, 0, 0, 0, 0, 0, 0, 2, 2, 2, 3, 2, 0, 1, 1, 4, 2, 5, 1, 6, 2, 4, 2, 2, 199, 0, 1, 0, 0, 1, 0]","[[0 1 0 0]
 [0 0 0 1]]",0.7524245984340839,-1,0
919,"[1, 1, 0, 0, 0, 1, 0, 2, 0, 1, 0, 2, 0, 0, 0, 0, 0, 1, 0, 0, 2, 0, 0, 0, 0, 0, 0, 0, 0, 0, 0, 0, 1, 1, 2, 2, 0, 0, 2, 0, 0, 1, 1, 0, 2, 2, 0, 1, 0, 0, 0, 0, 0, 0, 0, 2, 0, 0, 0, 0, 0, 0, 0, 2, 2, 2, 3, 2, 0, 1, 1, 4, 2, 5, 1, 6, 2, 4, 2, 2, 199, 0, 1, 0, 0, 0, 1]",2,-0.09800026662400692,-1,1
920,"[1, 1, 0, 0, 0, 1, 0, 2, 0, 1, 0, 2, 0, 0, 0, 0, 0, 1, 0, 0, 2, 0, 0, 0, 0, 0, 0, 0, 0, 0, 0, 0, 1, 1, 2, 2, 0, 0, 2, 0, 0, 1, 1, 0, 2, 2, 0, 1, 0, 0, 0, 0, 0, 0, 0, 2, 0, 0, 0, 0, 0, 0, 0, 2, 2, 2, 3, 2, 0, 1, 1, 4, 2, 5, 1, 6, 2, 4, 2, 2, 199, 0, 0, 1, 0, 0, 0]","[[0 1 0 0]
 [1 0 0 0]]",-0.09800026662400692,-1,1
921,"[0, 2, 0, 0, 1, 0, 0, 2, 0, 1, 0, 2, 0, 0, 0, 0, 0, 1, 0, 0, 2, 0, 0, 0, 0, 0, 0, 0, 0, 0, 0, 0, 1, 1, 2, 2, 0, 0, 2, 0, 0, 1, 1, 0, 2, 2, 0, 1, 0, 0, 0, 0, 0, 0, 0, 2, 0, 0, 0, 0, 0, 0, 0, 2, 2, 2, 3, 2, 0, 1, 1, 4, 2, 5, 1, 6, 2, 4, 2, 2, 199, 0, 0, 0, 0, 0, 0]",0,-0.09800026662400692,-1,0
922,"[0, 2, 0, 0, 1, 0, 0, 2, 0, 1, 0, 2, 0, 0, 0, 0, 0, 1, 0, 0, 2, 0, 0, 0, 0, 0, 0, 0, 0, 0, 0, 0, 1, 1, 2, 2, 0, 0, 2, 0, 0, 1, 1, 0, 2, 2, 0, 1, 0, 0, 0, 0, 0, 0, 0, 2, 0, 0, 0, 0, 0, 0, 0, 2, 2, 2, 3, 2, 0, 1, 1, 4, 2, 5, 1, 6, 2, 4, 2, 2, 199, 0, 0, 0, 0, 0, 0]",1,0.7116238484756098,-1,0
923,"[0, 2, 0, 0, 1, 0, 0, 2, 0, 1, 0, 2, 0, 0, 0, 0, 0, 1, 0, 0, 2, 0, 0, 0, 0, 0, 0, 0, 0, 0, 0, 0, 1, 1, 2, 2, 0, 0, 2, 0, 0, 1, 1, 0, 2, 2, 0, 1, 0, 0, 0, 0, 0, 0, 0, 2, 0, 0, 0, 0, 0, 0, 0, 2, 2, 2, 3, 2, 0, 1, 1, 4, 2, 5, 1, 6, 2, 4, 2, 2, 199, 0, 0, 0, 0, 0, 0]",-1,-0.006834771272276193,-1,0
924,"[0, 2, 0, 0, 1, 0, 0, 2, 0, 1, 0, 2, 0, 0, 0, 0, 0, 1, 0, 0, 2, 0, 0, 0, 0, 0, 0, 0, 0, 0, 0, 0, 1, 1, 2, 2, 0, 0, 2, 0, 0, 1, 1, 0, 2, 2, 0, 1, 0, 0, 0, 0, 0, 0, 0, 2, 0, 0, 0, 0, 0, 0, 0, 2, 2, 2, 3, 2, 0, 1, 1, 4, 2, 5, 1, 6, 2, 4, 2, 2, 199, 0, 0, 0, 0, 0, 0]",1,0.7116238484756098,-1,0
925,"[0, 2, 0, 0, 1, 0, 0, 2, 0, 1, 0, 2, 0, 0, 0, 0, 0, 1, 0, 0, 2, 0, 0, 0, 0, 0, 0, 0, 0, 0, 0, 0, 1, 1, 2, 2, 0, 0, 2, 0, 0, 1, 1, 0, 2, 2, 0, 1, 0, 0, 0, 0, 0, 0, 0, 2, 0, 0, 0, 0, 0, 0, 0, 2, 2, 2, 3, 2, 0, 1, 1, 4, 2, 5, 1, 6, 2, 4, 2, 2, 199, 0, 0, 0, 0, 0, 0]",-1,-0.006834771272276193,-1,0
926,"[0, 2, 0, 0, 1, 0, 0, 2, 0, 1, 0, 2, 0, 0, 0, 0, 0, 1, 0, 0, 2, 0, 0, 0, 0, 0, 0, 0, 0, 0, 0, 0, 1, 1, 2, 2, 0, 0, 2, 0, 0, 1, 1, 0, 2, 2, 0, 1, 0, 0, 0, 0, 0, 0, 0, 2, 0, 0, 0, 0, 0, 0, 0, 2, 2, 2, 3, 2, 0, 1, 1, 4, 2, 5, 1, 6, 2, 4, 2, 2, 200, 0, 0, 0, 0, 0, 0]",4,12.488599508289875,-1,0
927,"[0, 1, 0, 0, 1, 0, 0, 1, 0, 1, 0, 2, 0, 0, 0, 0, 0, 1, 0, 0, 2, 0, 0, 0, 0, 0, 0, 0, 0, 0, 0, 0, 1, 1, 2, 2, 0, 0, 2, 0, 0, 1, 1, 0, 2, 2, 0, 1, 0, 0, 0, 0, 0, 0, 0, 2, 0, 0, 0, 0, 0, 0, 0, 2, 2, 2, 3, 2, 0, 1, 1, 4, 2, 5, 1, 6, 2, 4, 2, 5, 201, 0, 0, 0, 0, 0, 0]",4,14.370996966241444,-1,1
928,"[0, 1, 0, 0, 1, 0, 0, 1, 0, 1, 0, 2, 0, 0, 0, 0, 0, 1, 0, 0, 2, 0, 0, 0, 0, 0, 0, 0, 0, 0, 0, 0, 1, 1, 2, 2, 0, 0, 2, 0, 0, 1, 1, 0, 2, 2, 0, 1, 0, 0, 0, 0, 0, 0, 0, 2, 0, 0, 0, 0, 0, 0, 0, 2, 2, 2, 3, 2, 0, 1, 1, 4, 2, 5, 1, 6, 2, 4, 2, 5, 201, 0, 0, 0, 0, 0, 0]",0,0.3929750134545902,-1,0
929,"[0, 1, 0, 0, 1, 0, 0, 1, 0, 1, 0, 2, 0, 0, 0, 0, 0, 1, 0, 0, 2, 0, 0, 0, 0, 0, 0, 0, 0, 0, 0, 0, 1, 1, 2, 2, 0, 0, 2, 0, 0, 1, 1, 0, 2, 2, 0, 1, 0, 0, 0, 0, 0, 0, 0, 2, 0, 0, 0, 0, 0, 0, 0, 2, 2, 2, 3, 2, 0, 1, 1, 4, 2, 5, 1, 6, 2, 4, 2, 5, 201, 0, 0, 0, 0, 0, 0]",-1,-0.006699433733440247,-1,0
930,"[0, 1, 0, 0, 1, 0, 0, 1, 0, 1, 0, 2, 0, 0, 0, 0, 0, 1, 0, 0, 2, 0, 0, 0, 0, 0, 0, 0, 0, 0, 0, 0, 1, 1, 2, 2, 0, 0, 2, 0, 0, 1, 1, 0, 2, 2, 0, 1, 0, 0, 0, 0, 0, 0, 0, 2, 0, 0, 0, 0, 0, 0, 0, 2, 2, 2, 3, 2, 0, 1, 1, 4, 2, 5, 1, 6, 2, 4, 2, 5, 201, 1, 0, 0, 0, 0, 0]",3,0.2980002666240069,-1,0
931,"[0, 1, 0, 0, 1, 0, 0, 1, 0, 1, 0, 2, 0, 0, 0, 0, 0, 1, 0, 0, 2, 0, 0, 0, 0, 0, 0, 0, 0, 0, 0, 0, 1, 1, 2, 2, 0, 0, 2, 0, 0, 1, 1, 0, 2, 2, 0, 1, 0, 0, 0, 0, 0, 0, 0, 2, 0, 0, 0, 0, 0, 0, 0, 2, 2, 2, 3, 2, 0, 1, 1, 4, 2, 5, 1, 6, 2, 4, 2, 5, 201, 0, 0, 0, 0, 0, 0]",-1,-0.006699433733440247,-1,0
932,"[0, 1, 0, 0, 1, 0, 0, 1, 0, 1, 0, 2, 0, 0, 0, 0, 0, 1, 0, 0, 2, 0, 0, 0, 0, 0, 0, 0, 0, 0, 0, 0, 1, 1, 2, 2, 0, 0, 2, 0, 0, 1, 1, 0, 2, 2, 0, 1, 0, 0, 0, 0, 0, 0, 0, 2, 0, 0, 0, 0, 0, 0, 0, 2, 2, 2, 3, 2, 0, 1, 1, 4, 2, 5, 1, 6, 2, 4, 2, 5, 201, 1, 0, 0, 0, 0, 0]",3,0.2980002666240069,-1,0
933,"[0, 1, 0, 0, 1, 0, 0, 1, 0, 1, 0, 2, 0, 0, 0, 0, 0, 1, 0, 0, 2, 0, 0, 0, 0, 0, 0, 0, 0, 0, 0, 0, 1, 1, 2, 2, 0, 0, 2, 0, 0, 1, 1, 0, 2, 2, 0, 1, 0, 0, 0, 0, 0, 0, 0, 2, 0, 0, 0, 0, 0, 0, 0, 2, 2, 2, 3, 2, 0, 1, 1, 4, 2, 5, 1, 6, 2, 4, 2, 5, 201, 0, 0, 0, 0, 0, 0]",-1,-0.006699433733440247,-1,0
934,"[0, 1, 0, 0, 1, 0, 0, 1, 0, 1, 0, 2, 0, 0, 0, 0, 0, 1, 0, 0, 2, 0, 0, 0, 0, 0, 0, 0, 0, 0, 0, 0, 1, 1, 2, 2, 0, 0, 2, 0, 0, 1, 1, 0, 2, 2, 0, 1, 0, 0, 0, 0, 0, 0, 0, 2, 0, 0, 0, 0, 0, 0, 0, 2, 2, 2, 3, 2, 0, 1, 1, 4, 2, 5, 1, 6, 2, 4, 2, 5, 201, 1, 0, 0, 0, 0, 0]",3,0.2980002666240069,-1,0
935,"[0, 1, 0, 0, 1, 0, 0, 1, 0, 1, 0, 2, 0, 0, 0, 0, 0, 1, 0, 0, 2, 0, 0, 0, 0, 0, 0, 0, 0, 0, 0, 0, 1, 1, 2, 2, 0, 0, 2, 0, 0, 1, 1, 0, 2, 2, 0, 1, 0, 0, 0, 0, 0, 0, 0, 2, 0, 0, 0, 0, 0, 0, 0, 2, 2, 2, 3, 2, 0, 1, 1, 4, 2, 5, 1, 6, 2, 4, 2, 5, 201, 0, 0, 0, 0, 0, 0]",-1,-0.006699433733440247,-1,0
936,"[0, 1, 0, 0, 1, 0, 0, 1, 0, 1, 0, 2, 0, 0, 0, 0, 0, 1, 0, 0, 2, 0, 0, 0, 0, 0, 0, 0, 0, 0, 0, 0, 1, 1, 2, 2, 0, 0, 2, 0, 0, 1, 1, 0, 2, 2, 0, 1, 0, 0, 0, 0, 0, 0, 0, 2, 0, 0, 0, 0, 0, 0, 0, 2, 2, 2, 3, 2, 0, 1, 1, 4, 2, 5, 1, 6, 2, 4, 2, 5, 201, 1, 0, 0, 0, 0, 0]",3,0.2980002666240069,-1,0
937,"[0, 1, 0, 0, 1, 0, 0, 1, 0, 1, 0, 2, 0, 0, 0, 0, 0, 1, 0, 0, 2, 0, 0, 0, 0, 0, 0, 0, 0, 0, 0, 0, 1, 1, 2, 2, 0, 0, 2, 0, 0, 1, 1, 0, 2, 2, 0, 1, 0, 0, 0, 0, 0, 0, 0, 2, 0, 0, 0, 0, 0, 0, 0, 2, 2, 2, 3, 2, 0, 1, 1, 4, 2, 5, 1, 6, 2, 4, 2, 5, 201, 0, 0, 0, 0, 0, 0]",-1,-0.006699433733440247,-1,0
938,"[0, 1, 0, 0, 1, 0, 0, 1, 0, 1, 0, 2, 0, 0, 0, 0, 0, 1, 0, 0, 2, 0, 0, 0, 0, 0, 0, 0, 0, 0, 0, 0, 1, 1, 2, 2, 0, 0, 2, 0, 0, 1, 1, 0, 2, 2, 0, 1, 0, 0, 0, 0, 0, 0, 0, 2, 0, 0, 0, 0, 0, 0, 0, 2, 2, 2, 3, 2, 0, 1, 1, 4, 2, 5, 1, 6, 2, 4, 2, 5, 201, 1, 0, 0, 0, 0, 0]",3,0.2980002666240069,-1,0
939,"[0, 1, 0, 0, 1, 0, 0, 1, 0, 1, 0, 2, 0, 0, 0, 0, 0, 1, 0, 0, 2, 0, 0, 0, 0, 0, 0, 0, 0, 0, 0, 0, 1, 1, 2, 2, 0, 0, 2, 0, 0, 1, 1, 0, 2, 2, 0, 1, 0, 0, 0, 0, 0, 0, 0, 2, 0, 0, 0, 0, 0, 0, 0, 2, 2, 2, 3, 2, 0, 1, 1, 4, 2, 5, 1, 6, 2, 4, 2, 5, 201, 0, 0, 0, 0, 0, 0]",-1,-0.006699433733440247,-1,0
940,"[0, 1, 0, 0, 1, 0, 0, 1, 0, 1, 0, 2, 0, 0, 0, 0, 0, 1, 0, 0, 2, 0, 0, 0, 0, 0, 0, 0, 0, 0, 0, 0, 1, 1, 2, 2, 0, 0, 2, 0, 0, 1, 1, 0, 2, 2, 0, 1, 0, 0, 0, 0, 0, 0, 0, 2, 0, 0, 0, 0, 0, 0, 0, 2, 2, 2, 3, 2, 0, 1, 1, 4, 2, 5, 1, 6, 2, 4, 2, 5, 202, 0, 0, 0, 0, 0, 0]",4,12.806142819352894,-1,0
941,"[0, 1, 0, 0, 1, 0, 0, 1, 0, 1, 0, 2, 0, 0, 0, 0, 0, 1, 0, 0, 2, 0, 0, 0, 0, 0, 0, 0, 0, 0, 0, 0, 1, 1, 2, 2, 0, 0, 2, 0, 0, 1, 1, 0, 2, 2, 0, 1, 0, 0, 0, 0, 0, 0, 0, 2, 0, 0, 0, 0, 0, 0, 0, 2, 2, 2, 3, 2, 0, 1, 1, 4, 2, 5, 1, 6, 2, 4, 2, 5, 202, 0, 1, 0, 0, 0, 0]",2,0.4960021319688836,-1,1
942,"[0, 1, 0, 0, 1, 0, 0, 1, 0, 1, 0, 2, 0, 0, 0, 0, 0, 1, 0, 0, 2, 0, 0, 0, 0, 0, 0, 0, 0, 0, 0, 0, 1, 1, 2, 2, 0, 0, 2, 0, 0, 1, 1, 0, 2, 2, 0, 1, 0, 0, 0, 0, 0, 0, 0, 2, 0, 0, 0, 0, 0, 0, 0, 2, 2, 2, 3, 2, 0, 1, 1, 4, 2, 5, 1, 6, 2, 4, 2, 5, 202, 0, 1, 0, 0, 1, 0]","[[1 0 0 0]
 [0 1 0 0]]",0.7464269970269746,-1,1
943,"[0, 1, 0, 0, 1, 0, 0, 1, 0, 1, 0, 2, 0, 0, 0, 0, 0, 1, 0, 0, 2, 0, 0, 0, 0, 0, 0, 0, 0, 0, 0, 0, 1, 1, 2, 2, 0, 0, 2, 0, 0, 1, 1, 0, 2, 2, 0, 1, 0, 0, 0, 0, 0, 0, 0, 2, 0, 0, 0, 0, 0, 0, 0, 2, 2, 2, 3, 2, 0, 1, 1, 4, 2, 5, 1, 6, 2, 4, 2, 5, 202, 0, 0, 0, 0, 0, 0]",1,-0.10399786803111637,-1,0
944,"[0, 1, 0, 0, 1, 0, 0, 1, 0, 1, 0, 2, 0, 0, 0, 0, 0, 1, 0, 0, 2, 0, 0, 0, 0, 0, 0, 0, 0, 0, 0, 0, 1, 1, 2, 2, 0, 0, 2, 0, 0, 1, 1, 0, 2, 2, 0, 1, 0, 0, 0, 0, 0, 0, 0, 2, 0, 0, 0, 0, 0, 0, 0, 2, 2, 2, 3, 2, 0, 1, 1, 4, 2, 5, 1, 6, 2, 4, 2, 2, 203, 0, 0, 0, 0, 0, 0]",4,14.366735907448875,-1,1
945,"[0, 1, 0, 0, 1, 0, 0, 1, 0, 1, 0, 2, 0, 0, 0, 0, 0, 1, 0, 0, 2, 0, 0, 0, 0, 0, 0, 0, 0, 0, 0, 0, 1, 1, 2, 2, 0, 0, 2, 0, 0, 1, 1, 0, 2, 2, 0, 1, 0, 0, 0, 0, 0, 0, 0, 2, 0, 0, 0, 0, 0, 0, 0, 2, 2, 2, 3, 2, 0, 1, 1, 4, 2, 5, 1, 6, 2, 4, 2, 2, 203, 0, 1, 0, 0, 0, 0]",2,0.4940071896470856,-1,0
946,"[0, 1, 0, 0, 1, 0, 0, 1, 0, 1, 0, 2, 0, 0, 0, 0, 0, 1, 0, 0, 2, 0, 0, 0, 0, 0, 0, 0, 0, 0, 0, 0, 1, 1, 2, 2, 0, 0, 2, 0, 0, 1, 1, 0, 2, 2, 0, 1, 0, 0, 0, 0, 0, 0, 0, 2, 0, 0, 0, 0, 0, 0, 0, 2, 2, 2, 3, 2, 0, 1, 1, 4, 2, 5, 1, 6, 2, 4, 2, 2, 203, 0, 1, 0, 0, 1, 0]","[[0 1 0 0]
 [0 0 0 1]]",0.7444320547051766,-1,0
947,"[0, 1, 0, 0, 1, 0, 0, 1, 0, 1, 0, 2, 0, 0, 0, 0, 0, 1, 0, 0, 2, 0, 0, 0, 0, 0, 0, 0, 0, 0, 0, 0, 1, 1, 2, 2, 0, 0, 2, 0, 0, 1, 1, 0, 2, 2, 0, 1, 0, 0, 0, 0, 0, 0, 0, 2, 0, 0, 0, 0, 0, 0, 0, 2, 2, 2, 3, 2, 0, 1, 1, 4, 2, 5, 1, 6, 2, 4, 2, 2, 203, 0, 0, 0, 0, 0, 0]",1,-2.70406902170623,-1,1
948,"[0, 1, 0, 0, 1, 0, 0, 1, 0, 1, 0, 2, 0, 0, 0, 0, 0, 1, 0, 0, 2, 0, 0, 0, 0, 0, 0, 0, 0, 0, 0, 0, 1, 1, 2, 2, 0, 0, 2, 0, 0, 1, 1, 0, 2, 2, 0, 1, 0, 0, 0, 0, 0, 0, 0, 2, 0, 0, 0, 0, 0, 0, 0, 2, 2, 2, 3, 2, 0, 1, 1, 4, 2, 5, 1, 6, 2, 4, 2, 2, 204, 0, 0, 0, 0, 0, 0]",4,12.801892395120866,-1,0
949,"[0, 2, 0, 0, 1, 1, 0, 1, 0, 1, 0, 2, 0, 0, 0, 0, 0, 1, 0, 0, 2, 0, 0, 0, 0, 0, 0, 0, 0, 0, 0, 0, 1, 1, 2, 2, 0, 0, 2, 0, 0, 1, 1, 0, 2, 2, 0, 1, 0, 0, 0, 0, 0, 0, 0, 2, 0, 0, 0, 0, 0, 0, 0, 2, 2, 2, 3, 2, 0, 1, 1, 4, 2, 5, 1, 6, 2, 4, 2, 2, 205, 0, 0, 0, 0, 0, 0]",4,14.636429355635471,-1,1
950,"[0, 2, 0, 0, 1, 1, 0, 1, 0, 1, 0, 2, 0, 0, 0, 0, 0, 1, 0, 0, 2, 0, 0, 0, 0, 0, 0, 0, 0, 0, 0, 0, 1, 1, 2, 2, 0, 0, 2, 0, 0, 1, 1, 0, 2, 2, 0, 1, 0, 0, 0, 0, 0, 0, 0, 2, 0, 0, 0, 0, 0, 0, 0, 2, 2, 2, 3, 2, 0, 1, 1, 4, 2, 5, 1, 6, 2, 4, 2, 2, 205, 1, 0, 0, 0, 0, 0]",3,0.2900332005375044,-1,0
951,"[0, 2, 0, 0, 1, 1, 0, 1, 0, 1, 0, 2, 0, 0, 0, 0, 0, 1, 0, 0, 2, 0, 0, 0, 0, 0, 0, 0, 0, 0, 0, 0, 1, 1, 2, 2, 0, 0, 2, 0, 0, 1, 1, 0, 2, 2, 0, 1, 0, 0, 0, 0, 0, 0, 0, 2, 0, 0, 0, 0, 0, 0, 0, 2, 2, 2, 3, 2, 0, 1, 1, 4, 2, 5, 1, 6, 2, 4, 2, 2, 205, 0, 0, 0, 0, 0, 0]",-1,-0.006436745179390212,-1,0
952,"[0, 2, 0, 0, 1, 1, 0, 1, 0, 1, 0, 2, 0, 0, 0, 0, 0, 1, 0, 0, 2, 0, 0, 0, 0, 0, 0, 0, 0, 0, 0, 0, 1, 1, 2, 2, 0, 0, 2, 0, 0, 1, 1, 0, 2, 2, 0, 1, 0, 0, 0, 0, 0, 0, 0, 2, 0, 0, 0, 0, 0, 0, 0, 2, 2, 2, 3, 2, 0, 1, 1, 4, 2, 5, 1, 6, 2, 4, 2, 2, 205, 0, 1, 0, 0, 0, 0]",2,0.4900332005375044,-1,0
953,"[0, 2, 0, 0, 1, 1, 0, 1, 0, 1, 0, 2, 0, 0, 0, 0, 0, 1, 0, 0, 2, 0, 0, 0, 0, 0, 0, 0, 0, 0, 0, 0, 1, 1, 2, 2, 0, 0, 2, 0, 0, 1, 1, 0, 2, 2, 0, 1, 0, 0, 0, 0, 0, 0, 0, 2, 0, 0, 0, 0, 0, 0, 0, 2, 2, 2, 3, 2, 0, 1, 1, 4, 2, 5, 1, 6, 2, 4, 2, 2, 205, 0, 1, 0, 0, 1, 0]","[[0 1 0 0]
 [0 0 0 1]]",0.7404580655955952,-1,0
954,"[0, 2, 0, 0, 1, 1, 0, 1, 0, 1, 0, 2, 0, 0, 0, 0, 0, 1, 0, 0, 2, 0, 0, 0, 0, 0, 0, 0, 0, 0, 0, 0, 1, 1, 2, 2, 0, 0, 2, 0, 0, 1, 1, 0, 2, 2, 0, 1, 0, 0, 0, 0, 0, 0, 0, 2, 0, 0, 0, 0, 0, 0, 0, 2, 2, 2, 3, 2, 0, 1, 1, 4, 2, 5, 1, 6, 2, 4, 2, 2, 205, 0, 1, 0, 0, 0, 1]",2,-0.1099667994624956,-1,1
955,"[0, 2, 0, 0, 1, 1, 0, 1, 0, 1, 0, 2, 0, 0, 0, 0, 0, 1, 0, 0, 2, 0, 0, 0, 0, 0, 0, 0, 0, 0, 0, 0, 1, 1, 2, 2, 0, 0, 2, 0, 0, 1, 1, 0, 2, 2, 0, 1, 0, 0, 0, 0, 0, 0, 0, 2, 0, 0, 0, 0, 0, 0, 0, 2, 2, 2, 3, 2, 0, 1, 1, 4, 2, 5, 1, 6, 2, 4, 2, 2, 205, 0, 0, 1, 0, 0, 0]","[[0 0 0 1]
 [0 2 0 0]]",-0.1099667994624956,-1,1
956,"[0, 0, 0, 1, 1, 3, 0, 0, 0, 1, 0, 2, 0, 0, 0, 0, 0, 1, 0, 0, 2, 0, 0, 0, 0, 0, 0, 0, 0, 0, 0, 0, 1, 1, 2, 2, 0, 0, 2, 0, 0, 1, 1, 0, 2, 2, 0, 1, 0, 0, 0, 0, 0, 0, 0, 2, 0, 0, 0, 0, 0, 0, 0, 2, 2, 2, 3, 2, 0, 1, 1, 4, 2, 5, 1, 6, 2, 4, 2, 2, 205, 0, 0, 0, 0, 0, 0]",0,-0.1099667994624956,-1,0
957,"[0, 0, 0, 1, 1, 3, 0, 0, 0, 1, 0, 2, 0, 0, 0, 0, 0, 1, 0, 0, 2, 0, 0, 0, 0, 0, 0, 0, 0, 0, 0, 0, 1, 1, 2, 2, 0, 0, 2, 0, 0, 1, 1, 0, 2, 2, 0, 1, 0, 0, 0, 0, 0, 0, 0, 2, 0, 0, 0, 0, 0, 0, 0, 2, 2, 2, 3, 2, 0, 1, 1, 4, 2, 5, 1, 6, 2, 4, 2, 2, 205, 0, 1, 0, 0, 0, 0]",2,0.4900332005375044,-1,0
958,"[0, 0, 0, 1, 1, 3, 0, 0, 0, 1, 0, 2, 0, 0, 0, 0, 0, 1, 0, 0, 2, 0, 0, 0, 0, 0, 0, 0, 0, 0, 0, 0, 1, 1, 2, 2, 0, 0, 2, 0, 0, 1, 1, 0, 2, 2, 0, 1, 0, 0, 0, 0, 0, 0, 0, 2, 0, 0, 0, 0, 0, 0, 0, 2, 2, 2, 3, 2, 0, 1, 1, 4, 2, 5, 1, 6, 2, 4, 2, 2, 205, 0, 1, 0, 0, 1, 0]","[[0 0 0 1]
 [1 0 0 0]]",0.7404580655955952,-1,0
959,"[0, 0, 0, 1, 1, 3, 0, 0, 0, 1, 0, 2, 0, 0, 0, 0, 0, 1, 0, 0, 2, 0, 0, 0, 0, 0, 0, 0, 0, 0, 0, 0, 1, 1, 2, 2, 0, 0, 2, 0, 0, 1, 1, 0, 2, 2, 0, 1, 0, 0, 0, 0, 0, 0, 0, 2, 0, 0, 0, 0, 0, 0, 0, 2, 2, 2, 3, 2, 0, 1, 1, 4, 2, 5, 1, 6, 2, 4, 2, 2, 205, 0, 1, 0, 0, 0, 1]",2,-0.1099667994624956,-1,1
960,"[0, 0, 0, 1, 1, 3, 0, 0, 0, 1, 0, 2, 0, 0, 0, 0, 0, 1, 0, 0, 2, 0, 0, 0, 0, 0, 0, 0, 0, 0, 0, 0, 1, 1, 2, 2, 0, 0, 2, 0, 0, 1, 1, 0, 2, 2, 0, 1, 0, 0, 0, 0, 0, 0, 0, 2, 0, 0, 0, 0, 0, 0, 0, 2, 2, 2, 3, 2, 0, 1, 1, 4, 2, 5, 1, 6, 2, 4, 2, 2, 205, 0, 0, 1, 0, 0, 0]","[[1 0 0 0]
 [0 0 0 1]]",-0.1099667994624956,-1,1
961,"[0, 0, 0, 1, 1, 3, 0, 0, 0, 1, 0, 2, 0, 0, 0, 0, 0, 1, 0, 0, 2, 0, 0, 0, 0, 0, 0, 0, 0, 0, 0, 0, 1, 1, 2, 2, 0, 0, 2, 0, 0, 1, 1, 0, 2, 2, 0, 1, 0, 0, 0, 0, 0, 0, 0, 2, 0, 0, 0, 0, 0, 0, 0, 2, 2, 2, 3, 2, 0, 1, 1, 4, 2, 5, 1, 6, 2, 4, 2, 2, 205, 0, 0, 0, 0, 0, 0]",1,-1.6933762923899685,-1,0
962,"[0, 0, 0, 1, 1, 3, 0, 0, 0, 1, 0, 2, 0, 0, 0, 0, 0, 1, 0, 0, 2, 0, 0, 0, 0, 0, 0, 0, 0, 0, 0, 0, 1, 1, 2, 2, 0, 0, 2, 0, 0, 1, 1, 0, 2, 2, 0, 1, 0, 0, 0, 0, 0, 0, 0, 2, 0, 0, 0, 0, 0, 0, 0, 2, 2, 2, 3, 2, 0, 1, 1, 4, 2, 5, 1, 6, 2, 4, 2, 2, 205, 1, 0, 0, 0, 0, 0]",3,0.2900332005375044,-1,0
963,"[0, 0, 0, 1, 1, 3, 0, 0, 0, 1, 0, 2, 0, 0, 0, 0, 0, 1, 0, 0, 2, 0, 0, 0, 0, 0, 0, 0, 0, 0, 0, 0, 1, 1, 2, 2, 0, 0, 2, 0, 0, 1, 1, 0, 2, 2, 0, 1, 0, 0, 0, 0, 0, 0, 0, 2, 0, 0, 0, 0, 0, 0, 0, 2, 2, 2, 3, 2, 0, 1, 1, 4, 2, 5, 1, 6, 2, 4, 2, 2, 205, 0, 0, 0, 0, 0, 0]",-1,-0.006436745179390212,-1,0
964,"[0, 0, 0, 1, 1, 3, 0, 0, 0, 1, 0, 2, 0, 0, 0, 0, 0, 1, 0, 0, 2, 0, 0, 0, 0, 0, 0, 0, 0, 0, 0, 0, 1, 1, 2, 2, 0, 0, 2, 0, 0, 1, 1, 0, 2, 2, 0, 1, 0, 0, 0, 0, 0, 0, 0, 2, 0, 0, 0, 0, 0, 0, 0, 2, 2, 2, 3, 2, 0, 1, 1, 4, 2, 5, 1, 6, 2, 4, 2, 2, 205, 1, 0, 0, 0, 0, 0]",3,0.2900332005375044,-1,0
965,"[0, 0, 0, 1, 1, 3, 0, 0, 0, 1, 0, 2, 0, 0, 0, 0, 0, 1, 0, 0, 2, 0, 0, 0, 0, 0, 0, 0, 0, 0, 0, 0, 1, 1, 2, 2, 0, 0, 2, 0, 0, 1, 1, 0, 2, 2, 0, 1, 0, 0, 0, 0, 0, 0, 0, 2, 0, 0, 0, 0, 0, 0, 0, 2, 2, 2, 3, 2, 0, 1, 1, 4, 2, 5, 1, 6, 2, 4, 2, 2, 205, 0, 0, 0, 0, 0, 0]",-1,-0.006436745179390212,-1,0
966,"[0, 0, 0, 1, 1, 3, 0, 0, 0, 1, 0, 2, 0, 0, 0, 0, 0, 1, 0, 0, 2, 0, 0, 0, 0, 0, 0, 0, 0, 0, 0, 0, 1, 1, 2, 2, 0, 0, 2, 0, 0, 1, 1, 0, 2, 2, 0, 1, 0, 0, 0, 0, 0, 0, 0, 2, 0, 0, 0, 0, 0, 0, 0, 2, 2, 2, 3, 2, 0, 1, 1, 4, 2, 5, 1, 6, 2, 4, 2, 2, 205, 0, 0, 0, 0, 0, 0]",0,0.3850079473680877,-1,0
967,"[0, 0, 0, 1, 1, 3, 0, 0, 0, 1, 0, 2, 0, 0, 0, 0, 0, 1, 0, 0, 2, 0, 0, 0, 0, 0, 0, 0, 0, 0, 0, 0, 1, 1, 2, 2, 0, 0, 2, 0, 0, 1, 1, 0, 2, 2, 0, 1, 0, 0, 0, 0, 0, 0, 0, 2, 0, 0, 0, 0, 0, 0, 0, 2, 2, 2, 3, 2, 0, 1, 1, 4, 2, 5, 1, 6, 2, 4, 2, 2, 205, 0, 0, 0, 0, 0, 0]",-1,-0.006436745179390212,-1,0
968,"[0, 0, 0, 1, 1, 3, 0, 0, 0, 1, 0, 2, 0, 0, 0, 0, 0, 1, 0, 0, 2, 0, 0, 0, 0, 0, 0, 0, 0, 0, 0, 0, 1, 1, 2, 2, 0, 0, 2, 0, 0, 1, 1, 0, 2, 2, 0, 1, 0, 0, 0, 0, 0, 0, 0, 2, 0, 0, 0, 0, 0, 0, 0, 2, 2, 2, 3, 2, 0, 1, 1, 4, 2, 5, 1, 6, 2, 4, 2, 2, 205, 1, 0, 0, 0, 0, 0]",3,0.2900332005375044,-1,0
969,"[0, 0, 0, 1, 1, 3, 0, 0, 0, 1, 0, 2, 0, 0, 0, 0, 0, 1, 0, 0, 2, 0, 0, 0, 0, 0, 0, 0, 0, 0, 0, 0, 1, 1, 2, 2, 0, 0, 2, 0, 0, 1, 1, 0, 2, 2, 0, 1, 0, 0, 0, 0, 0, 0, 0, 2, 0, 0, 0, 0, 0, 0, 0, 2, 2, 2, 3, 2, 0, 1, 1, 4, 2, 5, 1, 6, 2, 4, 2, 2, 205, 0, 0, 0, 0, 0, 0]",-1,-0.006436745179390212,-1,0
970,"[0, 0, 0, 1, 1, 3, 0, 0, 0, 1, 0, 2, 0, 0, 0, 0, 0, 1, 0, 0, 2, 0, 0, 0, 0, 0, 0, 0, 0, 0, 0, 0, 1, 1, 2, 2, 0, 0, 2, 0, 0, 1, 1, 0, 2, 2, 0, 1, 0, 0, 0, 0, 0, 0, 0, 2, 0, 0, 0, 0, 0, 0, 0, 2, 2, 2, 3, 2, 0, 1, 1, 4, 2, 5, 1, 6, 2, 4, 2, 2, 205, 0, 1, 0, 0, 0, 0]",2,0.4900332005375044,-1,0
971,"[0, 0, 0, 1, 1, 3, 0, 0, 0, 1, 0, 2, 0, 0, 0, 0, 0, 1, 0, 0, 2, 0, 0, 0, 0, 0, 0, 0, 0, 0, 0, 0, 1, 1, 2, 2, 0, 0, 2, 0, 0, 1, 1, 0, 2, 2, 0, 1, 0, 0, 0, 0, 0, 0, 0, 2, 0, 0, 0, 0, 0, 0, 0, 2, 2, 2, 3, 2, 0, 1, 1, 4, 2, 5, 1, 6, 2, 4, 2, 2, 205, 0, 1, 0, 0, 1, 0]","[[0 0 0 1]
 [0 1 0 0]]",0.7404580655955952,-1,0
972,"[0, 0, 0, 1, 1, 3, 0, 0, 0, 1, 0, 2, 0, 0, 0, 0, 0, 1, 0, 0, 2, 0, 0, 0, 0, 0, 0, 0, 0, 0, 0, 0, 1, 1, 2, 2, 0, 0, 2, 0, 0, 1, 1, 0, 2, 2, 0, 1, 0, 0, 0, 0, 0, 0, 0, 2, 0, 0, 0, 0, 0, 0, 0, 2, 2, 2, 3, 2, 0, 1, 1, 4, 2, 5, 1, 6, 2, 4, 2, 2, 205, 0, 0, 0, 0, 0, 0]",1,-4.109966799462495,-1,1
973,"[0, 0, 0, 1, 1, 3, 0, 0, 0, 1, 0, 2, 0, 0, 0, 0, 0, 1, 0, 0, 2, 0, 0, 0, 0, 0, 0, 0, 0, 0, 0, 0, 1, 1, 2, 2, 0, 0, 2, 0, 0, 1, 1, 0, 2, 2, 0, 1, 0, 0, 0, 0, 0, 0, 0, 2, 0, 0, 0, 0, 0, 0, 0, 2, 2, 2, 3, 2, 0, 1, 1, 4, 2, 5, 1, 6, 2, 4, 2, 2, 206, 0, 0, 0, 0, 0, 0]",4,12.797672580422471,-1,0
974,"[0, 0, 0, 1, 1, 3, 0, 0, 0, 1, 0, 2, 0, 0, 0, 0, 0, 1, 0, 0, 2, 0, 0, 0, 0, 0, 0, 0, 0, 0, 0, 0, 1, 1, 2, 2, 0, 0, 2, 0, 0, 1, 1, 0, 2, 2, 0, 1, 0, 0, 0, 0, 0, 0, 0, 2, 0, 0, 0, 0, 0, 0, 0, 2, 2, 2, 3, 2, 0, 1, 1, 4, 2, 5, 1, 6, 2, 4, 2, 2, 207, 0, 0, 0, 0, 0, 0]",4,13.992310709474674,-1,1
975,"[0, 0, 0, 1, 1, 3, 0, 0, 0, 1, 0, 2, 0, 0, 0, 0, 0, 1, 0, 0, 2, 0, 0, 0, 0, 0, 0, 0, 0, 0, 0, 0, 1, 1, 2, 2, 0, 0, 2, 0, 0, 1, 1, 0, 2, 2, 0, 1, 0, 0, 0, 0, 0, 0, 0, 2, 0, 0, 0, 0, 0, 0, 0, 2, 2, 2, 3, 2, 0, 1, 1, 4, 2, 5, 1, 6, 2, 4, 2, 2, 207, 0, 0, 0, 0, 0, 0]",0,0.3810655020427375,-1,0
976,"[0, 0, 0, 1, 1, 3, 0, 0, 0, 1, 0, 2, 0, 0, 0, 0, 0, 1, 0, 0, 2, 0, 0, 0, 0, 0, 0, 0, 0, 0, 0, 0, 1, 1, 2, 2, 0, 0, 2, 0, 0, 1, 1, 0, 2, 2, 0, 1, 0, 0, 0, 0, 0, 0, 0, 2, 0, 0, 0, 0, 0, 0, 0, 2, 2, 2, 3, 2, 0, 1, 1, 4, 2, 5, 1, 6, 2, 4, 2, 2, 207, 0, 0, 0, 0, 0, 0]",-1,-0.006309289085251939,-1,0
977,"[0, 0, 0, 1, 1, 3, 0, 0, 0, 1, 0, 2, 0, 0, 0, 0, 0, 1, 0, 0, 2, 0, 0, 0, 0, 0, 0, 0, 0, 0, 0, 0, 1, 1, 2, 2, 0, 0, 2, 0, 0, 1, 1, 0, 2, 2, 0, 1, 0, 0, 0, 0, 0, 0, 0, 2, 0, 0, 0, 0, 0, 0, 0, 2, 2, 2, 3, 2, 0, 1, 1, 4, 2, 5, 1, 6, 2, 4, 2, 2, 208, 0, 0, 0, 0, 0, 0]",4,12.793495547657884,-1,0
978,"[0, 0, 0, 1, 1, 3, 0, 0, 0, 1, 0, 2, 0, 0, 0, 0, 0, 1, 0, 0, 2, 0, 0, 0, 0, 0, 0, 0, 0, 0, 0, 0, 1, 1, 2, 2, 0, 0, 2, 0, 0, 1, 1, 0, 2, 2, 0, 1, 0, 0, 0, 0, 0, 0, 0, 2, 0, 0, 0, 0, 0, 0, 0, 2, 2, 2, 3, 2, 0, 1, 1, 4, 2, 5, 1, 6, 2, 4, 2, 2, 208, 0, 1, 0, 0, 0, 0]",2,0.48413514957025006,-1,1
979,"[0, 0, 0, 1, 1, 3, 0, 0, 0, 1, 0, 2, 0, 0, 0, 0, 0, 1, 0, 0, 2, 0, 0, 0, 0, 0, 0, 0, 0, 0, 0, 0, 1, 1, 2, 2, 0, 0, 2, 0, 0, 1, 1, 0, 2, 2, 0, 1, 0, 0, 0, 0, 0, 0, 0, 2, 0, 0, 0, 0, 0, 0, 0, 2, 2, 2, 3, 2, 0, 1, 1, 4, 2, 5, 1, 6, 2, 4, 2, 2, 208, 0, 1, 0, 0, 1, 0]","[[1 0 0 0]
 [0 0 0 1]]",0.734560014628341,-1,1
980,"[0, 0, 0, 1, 1, 3, 0, 0, 0, 1, 0, 2, 0, 0, 0, 0, 0, 1, 0, 0, 2, 0, 0, 0, 0, 0, 0, 0, 0, 0, 0, 0, 1, 1, 2, 2, 0, 0, 2, 0, 0, 1, 1, 0, 2, 2, 0, 1, 0, 0, 0, 0, 0, 0, 0, 2, 0, 0, 0, 0, 0, 0, 0, 2, 2, 2, 3, 2, 0, 1, 1, 4, 2, 5, 1, 6, 2, 4, 2, 2, 208, 0, 0, 0, 0, 0, 0]",1,-0.1158648504297499,-1,0
981,"[0, 1, 0, 1, 1, 4, 0, 0, 0, 1, 0, 2, 0, 0, 0, 0, 0, 1, 0, 0, 2, 0, 0, 0, 0, 0, 0, 0, 0, 0, 0, 0, 1, 1, 2, 2, 0, 0, 2, 0, 0, 1, 1, 0, 2, 2, 0, 1, 0, 0, 0, 0, 0, 0, 0, 2, 0, 0, 0, 0, 0, 0, 0, 2, 2, 2, 3, 2, 0, 1, 1, 4, 2, 5, 1, 6, 2, 4, 2, 2, 209, 0, 0, 0, 0, 0, 0]",4,13.854723180619994,-1,1
982,"[0, 1, 0, 1, 2, 4, 0, 0, 0, 1, 0, 2, 0, 0, 0, 0, 0, 1, 0, 0, 2, 0, 0, 0, 0, 0, 0, 0, 0, 0, 0, 0, 1, 1, 2, 2, 0, 0, 2, 0, 0, 1, 1, 0, 2, 2, 0, 1, 0, 0, 0, 0, 0, 0, 0, 2, 0, 0, 0, 0, 0, 0, 0, 2, 2, 2, 3, 2, 0, 1, 1, 4, 2, 5, 1, 6, 2, 4, 2, 2, 210, 0, 0, 0, 0, 0, 0]",4,12.952094352853031,-1,0
983,"[0, 1, 0, 2, 2, 4, 0, 1, 0, 1, 0, 2, 0, 0, 0, 0, 0, 1, 0, 0, 2, 0, 0, 0, 0, 0, 0, 0, 0, 0, 0, 0, 1, 1, 2, 2, 0, 0, 2, 0, 0, 1, 1, 0, 2, 2, 0, 1, 0, 0, 0, 0, 0, 0, 0, 2, 0, 0, 0, 0, 0, 0, 0, 2, 2, 2, 3, 2, 0, 1, 1, 4, 2, 5, 1, 6, 2, 4, 2, 2, 211, 0, 0, 0, 0, 0, 0]",4,14.11917991868964,-1,1
984,"[0, 1, 0, 2, 2, 4, 0, 1, 0, 1, 0, 2, 0, 0, 0, 0, 0, 1, 0, 0, 2, 0, 0, 0, 0, 0, 0, 0, 0, 0, 0, 0, 1, 1, 2, 2, 0, 0, 2, 0, 0, 1, 1, 0, 2, 2, 0, 1, 0, 0, 0, 0, 0, 0, 0, 2, 0, 0, 0, 0, 0, 0, 0, 2, 2, 2, 3, 2, 0, 1, 1, 4, 2, 5, 1, 6, 2, 4, 2, 2, 211, 1, 0, 0, 0, 0, 0]",3,0.27834819385069715,-1,0
985,"[0, 1, 0, 2, 2, 4, 0, 1, 0, 1, 0, 2, 0, 0, 0, 0, 0, 1, 0, 0, 2, 0, 0, 0, 0, 0, 0, 0, 0, 0, 0, 0, 1, 1, 2, 2, 0, 0, 2, 0, 0, 1, 1, 0, 2, 2, 0, 1, 0, 0, 0, 0, 0, 0, 0, 2, 0, 0, 0, 0, 0, 0, 0, 2, 2, 2, 3, 2, 0, 1, 1, 4, 2, 5, 1, 6, 2, 4, 2, 2, 211, 0, 0, 0, 0, 0, 0]",-1,-0.006061898321669084,-1,0
986,"[0, 1, 0, 1, 1, 2, 0, 1, 0, 1, 0, 2, 0, 0, 0, 0, 0, 1, 0, 0, 2, 0, 0, 0, 0, 0, 0, 0, 0, 0, 0, 0, 1, 1, 2, 2, 0, 0, 2, 0, 0, 1, 1, 0, 2, 2, 0, 1, 0, 0, 0, 0, 0, 0, 0, 2, 0, 0, 0, 0, 0, 0, 0, 2, 2, 2, 3, 2, 0, 1, 1, 4, 2, 5, 1, 6, 2, 4, 2, 1, 212, 0, 0, 0, 0, 0, 0]",4,14.462342785063331,-1,1
987,"[0, 1, 0, 1, 2, 2, 0, 1, 0, 1, 0, 2, 0, 0, 0, 0, 0, 1, 0, 0, 2, 0, 0, 0, 0, 0, 0, 0, 0, 0, 0, 0, 1, 1, 2, 2, 0, 0, 2, 0, 0, 1, 1, 0, 2, 2, 0, 1, 0, 0, 0, 0, 0, 0, 0, 2, 0, 0, 0, 0, 0, 0, 0, 2, 2, 2, 3, 2, 0, 1, 1, 4, 2, 5, 1, 6, 2, 4, 2, 1, 213, 0, 0, 0, 0, 0, 0]",4,12.946036780882283,-1,0
988,"[0, 1, 0, 1, 2, 2, 0, 1, 0, 1, 0, 2, 0, 0, 0, 0, 0, 1, 0, 0, 2, 0, 0, 0, 0, 0, 0, 0, 0, 0, 0, 0, 1, 1, 2, 2, 0, 0, 2, 0, 0, 1, 1, 0, 2, 2, 0, 1, 0, 0, 0, 0, 0, 0, 0, 2, 0, 0, 0, 0, 0, 0, 0, 2, 2, 2, 3, 2, 0, 1, 1, 4, 2, 5, 1, 6, 2, 4, 2, 1, 213, 0, 1, 0, 0, 0, 0]",2,0.4745704467373608,-1,1
989,"[0, 1, 0, 1, 2, 2, 0, 1, 0, 1, 0, 2, 0, 0, 0, 0, 0, 1, 0, 0, 2, 0, 0, 0, 0, 0, 0, 0, 0, 0, 0, 0, 1, 1, 2, 2, 0, 0, 2, 0, 0, 1, 1, 0, 2, 2, 0, 1, 0, 0, 0, 0, 0, 0, 0, 2, 0, 0, 0, 0, 0, 0, 0, 2, 2, 2, 3, 2, 0, 1, 1, 4, 2, 5, 1, 6, 2, 4, 2, 1, 213, 0, 1, 0, 0, 1, 0]","[[1 0 0 0]
 [0 1 0 0]]",0.7249953117954517,-1,1
990,"[0, 1, 0, 1, 2, 2, 0, 1, 0, 1, 0, 2, 0, 0, 0, 0, 0, 1, 0, 0, 2, 0, 0, 0, 0, 0, 0, 0, 0, 0, 0, 0, 1, 1, 2, 2, 0, 0, 2, 0, 0, 1, 1, 0, 2, 2, 0, 1, 0, 0, 0, 0, 0, 0, 0, 2, 0, 0, 0, 0, 0, 0, 0, 2, 2, 2, 3, 2, 0, 1, 1, 4, 2, 5, 1, 6, 2, 4, 2, 1, 213, 0, 0, 0, 0, 0, 0]",1,-0.12542955326263913,-1,0
991,"[0, 2, 0, 1, 2, 3, 0, 1, 0, 1, 0, 2, 0, 0, 0, 0, 0, 1, 0, 0, 2, 0, 0, 0, 0, 0, 0, 0, 0, 0, 0, 0, 1, 1, 2, 2, 0, 0, 2, 0, 0, 1, 1, 0, 2, 2, 0, 1, 0, 0, 0, 0, 0, 0, 0, 2, 0, 0, 0, 0, 0, 0, 0, 2, 2, 2, 3, 2, 0, 1, 1, 4, 2, 5, 1, 6, 2, 4, 2, 1, 214, 0, 0, 0, 0, 0, 0]",4,14.22684768994344,-1,1
992,"[0, 2, 0, 1, 2, 3, 0, 1, 0, 1, 0, 2, 0, 0, 0, 0, 0, 1, 0, 0, 2, 0, 0, 0, 0, 0, 0, 0, 0, 0, 0, 0, 1, 1, 2, 2, 0, 0, 2, 0, 0, 1, 1, 0, 2, 2, 0, 1, 0, 0, 0, 0, 0, 0, 0, 2, 0, 0, 0, 0, 0, 0, 0, 2, 2, 2, 3, 2, 0, 1, 1, 4, 2, 5, 1, 6, 2, 4, 2, 1, 214, 1, 0, 0, 0, 0, 0]",3,0.27270949194368677,-1,0
993,"[0, 2, 0, 1, 2, 3, 0, 1, 0, 1, 0, 2, 0, 0, 0, 0, 0, 1, 0, 0, 2, 0, 0, 0, 0, 0, 0, 0, 0, 0, 0, 0, 1, 1, 2, 2, 0, 0, 2, 0, 0, 1, 1, 0, 2, 2, 0, 1, 0, 0, 0, 0, 0, 0, 0, 2, 0, 0, 0, 0, 0, 0, 0, 2, 2, 2, 3, 2, 0, 1, 1, 4, 2, 5, 1, 6, 2, 4, 2, 1, 214, 0, 0, 0, 0, 0, 0]",-1,-0.00588274215108896,-1,0
994,"[0, 2, 0, 1, 2, 3, 0, 1, 0, 1, 0, 2, 0, 0, 0, 0, 0, 1, 0, 0, 2, 0, 0, 0, 0, 0, 0, 0, 0, 0, 0, 0, 1, 1, 2, 2, 0, 0, 2, 0, 0, 1, 1, 0, 2, 2, 0, 1, 0, 0, 0, 0, 0, 0, 0, 2, 0, 0, 0, 0, 0, 0, 0, 2, 2, 2, 3, 2, 0, 1, 1, 4, 2, 5, 1, 6, 2, 4, 2, 1, 215, 0, 0, 0, 0, 0, 0]",4,14.22488869167153,-1,1
995,"[0, 2, 0, 1, 2, 3, 0, 1, 0, 1, 0, 2, 0, 0, 0, 0, 0, 1, 0, 0, 2, 0, 0, 0, 0, 0, 0, 0, 0, 0, 0, 0, 1, 1, 2, 2, 0, 0, 2, 0, 0, 1, 1, 0, 2, 2, 0, 1, 0, 0, 0, 0, 0, 0, 0, 2, 0, 0, 0, 0, 0, 0, 0, 2, 2, 2, 3, 2, 0, 1, 1, 4, 2, 5, 1, 6, 2, 4, 2, 1, 216, 0, 0, 0, 0, 0, 0]",4,12.73636636547607,-1,0
996,"[0, 3, 0, 1, 2, 4, 0, 1, 0, 1, 0, 2, 0, 0, 0, 0, 0, 1, 0, 0, 2, 0, 0, 0, 0, 0, 0, 0, 0, 0, 0, 0, 1, 1, 2, 2, 0, 0, 2, 0, 0, 1, 1, 0, 2, 2, 0, 1, 0, 0, 0, 0, 0, 0, 0, 2, 0, 0, 0, 0, 0, 0, 0, 2, 2, 2, 3, 2, 0, 1, 1, 4, 2, 5, 1, 6, 2, 4, 2, 1, 217, 0, 0, 0, 0, 0, 0]",4,14.10737085463658,-1,1
997,"[0, 3, 0, 1, 2, 4, 0, 1, 0, 1, 0, 2, 0, 0, 0, 0, 0, 1, 0, 0, 2, 0, 0, 0, 0, 0, 0, 0, 0, 0, 0, 0, 1, 1, 2, 2, 0, 0, 2, 0, 0, 1, 1, 0, 2, 2, 0, 1, 0, 0, 0, 0, 0, 0, 0, 2, 0, 0, 0, 0, 0, 0, 0, 2, 2, 2, 3, 2, 0, 1, 1, 4, 2, 5, 1, 6, 2, 4, 2, 1, 217, 1, 0, 0, 0, 0, 0]",3,0.2672522605191294,-1,0
998,"[0, 3, 0, 1, 2, 4, 0, 1, 0, 1, 0, 2, 0, 0, 0, 0, 0, 1, 0, 0, 2, 0, 0, 0, 0, 0, 0, 0, 0, 0, 0, 0, 1, 1, 2, 2, 0, 0, 2, 0, 0, 1, 1, 0, 2, 2, 0, 1, 0, 0, 0, 0, 0, 0, 0, 2, 0, 0, 0, 0, 0, 0, 0, 2, 2, 2, 3, 2, 0, 1, 1, 4, 2, 5, 1, 6, 2, 4, 2, 1, 217, 0, 0, 0, 0, 0, 0]",-1,-0.005708880845541825,-1,0
999,"[0, 3, 0, 1, 2, 4, 0, 1, 0, 1, 0, 2, 0, 0, 0, 0, 0, 1, 0, 0, 2, 0, 0, 0, 0, 0, 0, 0, 0, 0, 0, 0, 1, 1, 2, 2, 0, 0, 2, 0, 0, 1, 1, 0, 2, 2, 0, 1, 0, 0, 0, 0, 0, 0, 0, 2, 0, 0, 0, 0, 0, 0, 0, 2, 2, 2, 3, 2, 0, 1, 1, 4, 2, 5, 1, 6, 2, 4, 2, 1, 217, 1, 0, 0, 0, 0, 0]",3,0.2672522605191294,-1,0
1000,"[0, 3, 0, 1, 2, 4, 0, 1, 0, 1, 0, 2, 0, 0, 0, 0, 0, 1, 0, 0, 2, 0, 0, 0, 0, 0, 0, 0, 0, 0, 0, 0, 1, 1, 2, 2, 0, 0, 2, 0, 0, 1, 1, 0, 2, 2, 0, 1, 0, 0, 0, 0, 0, 0, 0, 2, 0, 0, 0, 0, 0, 0, 0, 2, 2, 2, 3, 2, 0, 1, 1, 4, 2, 5, 1, 6, 2, 4, 2, 1, 217, 0, 0, 0, 0, 0, 0]",-1,-0.005708880845541825,-1,0
1001,"[0, 3, 0, 1, 2, 4, 0, 1, 0, 1, 0, 2, 0, 0, 0, 0, 0, 1, 0, 0, 2, 0, 0, 0, 0, 0, 0, 0, 0, 0, 0, 0, 1, 1, 2, 2, 0, 0, 2, 0, 0, 1, 1, 0, 2, 2, 0, 1, 0, 0, 0, 0, 0, 0, 0, 2, 0, 0, 0, 0, 0, 0, 0, 2, 2, 2, 3, 2, 0, 1, 1, 4, 2, 5, 1, 6, 2, 4, 2, 1, 217, 1, 0, 0, 0, 0, 0]",3,0.2672522605191294,-1,0
1002,"[0, 3, 0, 1, 2, 4, 0, 1, 0, 1, 0, 2, 0, 0, 0, 0, 0, 1, 0, 0, 2, 0, 0, 0, 0, 0, 0, 0, 0, 0, 0, 0, 1, 1, 2, 2, 0, 0, 2, 0, 0, 1, 1, 0, 2, 2, 0, 1, 0, 0, 0, 0, 0, 0, 0, 2, 0, 0, 0, 0, 0, 0, 0, 2, 2, 2, 3, 2, 0, 1, 1, 4, 2, 5, 1, 6, 2, 4, 2, 1, 217, 0, 0, 0, 0, 0, 0]",-1,-0.005708880845541825,-1,0
1003,"[0, 3, 0, 1, 2, 4, 0, 1, 0, 1, 0, 2, 0, 0, 0, 0, 0, 1, 0, 0, 2, 0, 0, 0, 0, 0, 0, 0, 0, 0, 0, 0, 1, 1, 2, 2, 0, 0, 2, 0, 0, 1, 1, 0, 2, 2, 0, 1, 0, 0, 0, 0, 0, 0, 0, 2, 0, 0, 0, 0, 0, 0, 0, 2, 2, 2, 3, 2, 0, 1, 1, 4, 2, 5, 1, 6, 2, 4, 2, 1, 217, 0, 0, 0, 0, 0, 0]",0,0.3622270073497127,-1,0
1004,"[0, 3, 0, 1, 2, 4, 0, 1, 0, 1, 0, 2, 0, 0, 0, 0, 0, 1, 0, 0, 2, 0, 0, 0, 0, 0, 0, 0, 0, 0, 0, 0, 1, 1, 2, 2, 0, 0, 2, 0, 0, 1, 1, 0, 2, 2, 0, 1, 0, 0, 0, 0, 0, 0, 0, 2, 0, 0, 0, 0, 0, 0, 0, 2, 2, 2, 3, 2, 0, 1, 1, 4, 2, 5, 1, 6, 2, 4, 2, 1, 217, 0, 0, 0, 0, 0, 0]",-1,-0.005708880845541825,-1,0
1005,"[0, 3, 0, 1, 2, 4, 0, 1, 0, 1, 0, 2, 0, 0, 0, 0, 0, 1, 0, 0, 2, 0, 0, 0, 0, 0, 0, 0, 0, 0, 0, 0, 1, 1, 2, 2, 0, 0, 2, 0, 0, 1, 1, 0, 2, 2, 0, 1, 0, 0, 0, 0, 0, 0, 0, 2, 0, 0, 0, 0, 0, 0, 0, 2, 2, 2, 3, 2, 0, 1, 1, 4, 2, 5, 1, 6, 2, 4, 2, 1, 217, 0, 1, 0, 0, 0, 0]",2,0.4672522605191294,-1,0
1006,"[0, 3, 0, 1, 2, 4, 0, 1, 0, 1, 0, 2, 0, 0, 0, 0, 0, 1, 0, 0, 2, 0, 0, 0, 0, 0, 0, 0, 0, 0, 0, 0, 1, 1, 2, 2, 0, 0, 2, 0, 0, 1, 1, 0, 2, 2, 0, 1, 0, 0, 0, 0, 0, 0, 0, 2, 0, 0, 0, 0, 0, 0, 0, 2, 2, 2, 3, 2, 0, 1, 1, 4, 2, 5, 1, 6, 2, 4, 2, 1, 217, 0, 1, 0, 0, 1, 0]","[[0 0 0 1]
 [1 0 0 0]]",0.7176771255772203,-1,0
1007,"[0, 3, 0, 1, 2, 4, 0, 1, 0, 1, 0, 2, 0, 0, 0, 0, 0, 1, 0, 0, 2, 0, 0, 0, 0, 0, 0, 0, 0, 0, 0, 0, 1, 1, 2, 2, 0, 0, 2, 0, 0, 1, 1, 0, 2, 2, 0, 1, 0, 0, 0, 0, 0, 0, 0, 2, 0, 0, 0, 0, 0, 0, 0, 2, 2, 2, 3, 2, 0, 1, 1, 4, 2, 5, 1, 6, 2, 4, 2, 1, 217, 0, 0, 0, 0, 0, 0]",1,-4.1327477394808705,-1,1
1008,"[0, 3, 0, 1, 2, 4, 0, 1, 0, 1, 0, 2, 0, 0, 0, 0, 0, 1, 0, 0, 2, 0, 0, 0, 0, 0, 0, 0, 0, 0, 0, 0, 1, 1, 2, 2, 0, 0, 2, 0, 0, 1, 1, 0, 2, 2, 0, 1, 0, 0, 0, 0, 0, 0, 0, 2, 0, 0, 0, 0, 0, 0, 0, 2, 2, 2, 3, 2, 0, 1, 1, 4, 2, 5, 1, 6, 2, 4, 2, 1, 217, 0, 1, 0, 0, 0, 0]",2,0.4672522605191294,-1,0
1009,"[0, 3, 0, 1, 2, 4, 0, 1, 0, 1, 0, 2, 0, 0, 0, 0, 0, 1, 0, 0, 2, 0, 0, 0, 0, 0, 0, 0, 0, 0, 0, 0, 1, 1, 2, 2, 0, 0, 2, 0, 0, 1, 1, 0, 2, 2, 0, 1, 0, 0, 0, 0, 0, 0, 0, 2, 0, 0, 0, 0, 0, 0, 0, 2, 2, 2, 3, 2, 0, 1, 1, 4, 2, 5, 1, 6, 2, 4, 2, 1, 217, 0, 1, 0, 0, 1, 0]","[[0 1 0 0]
 [1 0 0 0]]",0.7176771255772203,-1,0
1010,"[1, 2, 0, 1, 1, 5, 0, 1, 0, 1, 0, 2, 0, 0, 0, 0, 0, 1, 0, 0, 2, 0, 0, 0, 0, 0, 0, 0, 0, 0, 0, 0, 1, 1, 2, 2, 0, 0, 2, 0, 0, 1, 1, 0, 2, 2, 0, 1, 0, 0, 0, 0, 0, 0, 0, 2, 0, 0, 0, 0, 0, 0, 0, 2, 2, 2, 3, 2, 0, 1, 1, 4, 2, 5, 1, 6, 2, 4, 2, 1, 217, 0, 0, 0, 0, 0, 0]",0,-0.13274773948087057,-1,1
1011,"[1, 2, 0, 1, 1, 5, 0, 1, 0, 1, 0, 2, 0, 0, 0, 0, 0, 1, 0, 0, 2, 0, 0, 0, 0, 0, 0, 0, 0, 0, 0, 0, 1, 1, 2, 2, 0, 0, 2, 0, 0, 1, 1, 0, 2, 2, 0, 1, 0, 0, 0, 0, 0, 0, 0, 2, 0, 0, 0, 0, 0, 0, 0, 2, 2, 2, 3, 2, 0, 1, 1, 4, 2, 5, 1, 6, 2, 4, 2, 1, 217, 0, 0, 0, 0, 0, 0]",0,0.3622270073497127,-1,0
1012,"[1, 2, 0, 1, 1, 5, 0, 1, 0, 1, 0, 2, 0, 0, 0, 0, 0, 1, 0, 0, 2, 0, 0, 0, 0, 0, 0, 0, 0, 0, 0, 0, 1, 1, 2, 2, 0, 0, 2, 0, 0, 1, 1, 0, 2, 2, 0, 1, 0, 0, 0, 0, 0, 0, 0, 2, 0, 0, 0, 0, 0, 0, 0, 2, 2, 2, 3, 2, 0, 1, 1, 4, 2, 5, 1, 6, 2, 4, 2, 1, 217, 0, 0, 0, 0, 0, 0]",-1,-0.005708880845541825,-1,0
1013,"[1, 2, 0, 1, 1, 5, 0, 1, 0, 1, 0, 2, 0, 0, 0, 0, 0, 1, 0, 0, 2, 0, 0, 0, 0, 0, 0, 0, 0, 0, 0, 0, 1, 1, 2, 2, 0, 0, 2, 0, 0, 1, 1, 0, 2, 2, 0, 1, 0, 0, 0, 0, 0, 0, 0, 2, 0, 0, 0, 0, 0, 0, 0, 2, 2, 2, 3, 2, 0, 1, 1, 4, 2, 5, 1, 6, 2, 4, 2, 1, 217, 0, 0, 0, 0, 0, 0]",0,0.3622270073497127,-1,0
1014,"[1, 2, 0, 1, 1, 5, 0, 1, 0, 1, 0, 2, 0, 0, 0, 0, 0, 1, 0, 0, 2, 0, 0, 0, 0, 0, 0, 0, 0, 0, 0, 0, 1, 1, 2, 2, 0, 0, 2, 0, 0, 1, 1, 0, 2, 2, 0, 1, 0, 0, 0, 0, 0, 0, 0, 2, 0, 0, 0, 0, 0, 0, 0, 2, 2, 2, 3, 2, 0, 1, 1, 4, 2, 5, 1, 6, 2, 4, 2, 1, 217, 0, 0, 0, 0, 0, 0]",-1,-0.005708880845541825,-1,0
1015,"[1, 2, 0, 1, 1, 5, 0, 1, 0, 1, 0, 2, 0, 0, 0, 0, 0, 1, 0, 0, 2, 0, 0, 0, 0, 0, 0, 0, 0, 0, 0, 0, 1, 1, 2, 2, 0, 0, 2, 0, 0, 1, 1, 0, 2, 2, 0, 1, 0, 0, 0, 0, 0, 0, 0, 2, 0, 0, 0, 0, 0, 0, 0, 2, 2, 2, 3, 2, 0, 1, 1, 4, 2, 5, 1, 6, 2, 4, 2, 1, 217, 0, 0, 0, 0, 0, 0]",0,0.3622270073497127,-1,0
1016,"[1, 2, 0, 1, 1, 5, 0, 1, 0, 1, 0, 2, 0, 0, 0, 0, 0, 1, 0, 0, 2, 0, 0, 0, 0, 0, 0, 0, 0, 0, 0, 0, 1, 1, 2, 2, 0, 0, 2, 0, 0, 1, 1, 0, 2, 2, 0, 1, 0, 0, 0, 0, 0, 0, 0, 2, 0, 0, 0, 0, 0, 0, 0, 2, 2, 2, 3, 2, 0, 1, 1, 4, 2, 5, 1, 6, 2, 4, 2, 1, 217, 0, 0, 0, 0, 0, 0]",-1,-0.005708880845541825,-1,0
1017,"[1, 2, 0, 1, 1, 5, 0, 1, 0, 1, 0, 2, 0, 0, 0, 0, 0, 1, 0, 0, 2, 0, 0, 0, 0, 0, 0, 0, 0, 0, 0, 0, 1, 1, 2, 2, 0, 0, 2, 0, 0, 1, 1, 0, 2, 2, 0, 1, 0, 0, 0, 0, 0, 0, 0, 2, 0, 0, 0, 0, 0, 0, 0, 2, 2, 2, 3, 2, 0, 1, 1, 4, 2, 5, 1, 6, 2, 4, 2, 1, 217, 0, 0, 0, 0, 0, 0]",0,0.3622270073497127,-1,0
1018,"[1, 2, 0, 1, 1, 5, 0, 1, 0, 1, 0, 2, 0, 0, 0, 0, 0, 1, 0, 0, 2, 0, 0, 0, 0, 0, 0, 0, 0, 0, 0, 0, 1, 1, 2, 2, 0, 0, 2, 0, 0, 1, 1, 0, 2, 2, 0, 1, 0, 0, 0, 0, 0, 0, 0, 2, 0, 0, 0, 0, 0, 0, 0, 2, 2, 2, 3, 2, 0, 1, 1, 4, 2, 5, 1, 6, 2, 4, 2, 1, 217, 0, 0, 0, 0, 0, 0]",-1,-0.005708880845541825,-1,0
1019,"[1, 2, 0, 1, 1, 5, 0, 1, 0, 1, 0, 2, 0, 0, 0, 0, 0, 1, 0, 0, 2, 0, 0, 0, 0, 0, 0, 0, 0, 0, 0, 0, 1, 1, 2, 2, 0, 0, 2, 0, 0, 1, 1, 0, 2, 2, 0, 1, 0, 0, 0, 0, 0, 0, 0, 2, 0, 0, 0, 0, 0, 0, 0, 2, 2, 2, 3, 2, 0, 1, 1, 4, 2, 5, 1, 6, 2, 4, 2, 1, 217, 0, 0, 0, 0, 0, 0]",0,0.3622270073497127,-1,0
1020,"[1, 2, 0, 1, 1, 5, 0, 1, 0, 1, 0, 2, 0, 0, 0, 0, 0, 1, 0, 0, 2, 0, 0, 0, 0, 0, 0, 0, 0, 0, 0, 0, 1, 1, 2, 2, 0, 0, 2, 0, 0, 1, 1, 0, 2, 2, 0, 1, 0, 0, 0, 0, 0, 0, 0, 2, 0, 0, 0, 0, 0, 0, 0, 2, 2, 2, 3, 2, 0, 1, 1, 4, 2, 5, 1, 6, 2, 4, 2, 1, 217, 0, 0, 0, 0, 0, 0]",-1,-0.005708880845541825,-1,0
1021,"[1, 2, 0, 1, 1, 5, 0, 1, 0, 1, 0, 2, 0, 0, 0, 0, 0, 1, 0, 0, 2, 0, 0, 0, 0, 0, 0, 0, 0, 0, 0, 0, 1, 1, 2, 2, 0, 0, 2, 0, 0, 1, 1, 0, 2, 2, 0, 1, 0, 0, 0, 0, 0, 0, 0, 2, 0, 0, 0, 0, 0, 0, 0, 2, 2, 2, 3, 2, 0, 1, 1, 4, 2, 5, 1, 6, 2, 4, 2, 1, 217, 0, 0, 0, 0, 0, 0]",0,0.3622270073497127,-1,0
1022,"[1, 2, 0, 1, 1, 5, 0, 1, 0, 1, 0, 2, 0, 0, 0, 0, 0, 1, 0, 0, 2, 0, 0, 0, 0, 0, 0, 0, 0, 0, 0, 0, 1, 1, 2, 2, 0, 0, 2, 0, 0, 1, 1, 0, 2, 2, 0, 1, 0, 0, 0, 0, 0, 0, 0, 2, 0, 0, 0, 0, 0, 0, 0, 2, 2, 2, 3, 2, 0, 1, 1, 4, 2, 5, 1, 6, 2, 4, 2, 1, 217, 0, 0, 0, 0, 0, 0]",-1,-0.005708880845541825,-1,0
1023,"[1, 2, 0, 1, 1, 5, 0, 1, 0, 1, 0, 2, 0, 0, 0, 0, 0, 1, 0, 0, 2, 0, 0, 0, 0, 0, 0, 0, 0, 0, 0, 0, 1, 1, 2, 2, 0, 0, 2, 0, 0, 1, 1, 0, 2, 2, 0, 1, 0, 0, 0, 0, 0, 0, 0, 2, 0, 0, 0, 0, 0, 0, 0, 2, 2, 2, 3, 2, 0, 1, 1, 4, 2, 5, 1, 6, 2, 4, 2, 1, 217, 0, 0, 0, 0, 0, 0]",0,0.3622270073497127,-1,0
1024,"[1, 2, 0, 1, 1, 5, 0, 1, 0, 1, 0, 2, 0, 0, 0, 0, 0, 1, 0, 0, 2, 0, 0, 0, 0, 0, 0, 0, 0, 0, 0, 0, 1, 1, 2, 2, 0, 0, 2, 0, 0, 1, 1, 0, 2, 2, 0, 1, 0, 0, 0, 0, 0, 0, 0, 2, 0, 0, 0, 0, 0, 0, 0, 2, 2, 2, 3, 2, 0, 1, 1, 4, 2, 5, 1, 6, 2, 4, 2, 1, 217, 0, 0, 0, 0, 0, 0]",-1,-0.005708880845541825,-1,0
1025,"[1, 2, 0, 1, 1, 5, 0, 1, 0, 1, 0, 2, 0, 0, 0, 0, 0, 1, 0, 0, 2, 0, 0, 0, 0, 0, 0, 0, 0, 0, 0, 0, 1, 1, 2, 2, 0, 0, 2, 0, 0, 1, 1, 0, 2, 2, 0, 1, 0, 0, 0, 0, 0, 0, 0, 2, 0, 0, 0, 0, 0, 0, 0, 2, 2, 2, 3, 2, 0, 1, 1, 4, 2, 5, 1, 6, 2, 4, 2, 1, 218, 0, 0, 0, 0, 0, 0]",4,13.050664921651373,-1,0
1026,"[1, 2, 0, 1, 1, 5, 0, 1, 0, 1, 0, 2, 0, 0, 0, 0, 0, 1, 0, 0, 2, 0, 0, 0, 0, 0, 0, 0, 0, 0, 0, 0, 1, 1, 2, 2, 0, 0, 2, 0, 0, 1, 1, 0, 2, 2, 0, 1, 0, 0, 0, 0, 0, 0, 0, 2, 0, 0, 0, 0, 0, 0, 0, 2, 2, 2, 3, 2, 0, 1, 1, 4, 2, 5, 1, 6, 2, 4, 2, 1, 218, 0, 1, 0, 0, 0, 0]",2,0.46547859658644786,-1,1
1027,"[1, 2, 0, 1, 1, 5, 0, 1, 0, 1, 0, 2, 0, 0, 0, 0, 0, 1, 0, 0, 2, 0, 0, 0, 0, 0, 0, 0, 0, 0, 0, 0, 1, 1, 2, 2, 0, 0, 2, 0, 0, 1, 1, 0, 2, 2, 0, 1, 0, 0, 0, 0, 0, 0, 0, 2, 0, 0, 0, 0, 0, 0, 0, 2, 2, 2, 3, 2, 0, 1, 1, 4, 2, 5, 1, 6, 2, 4, 2, 1, 218, 0, 1, 0, 0, 1, 0]","[[1 0 0 0]
 [0 0 0 1]]",0.7159034616445388,-1,1
1028,"[1, 2, 0, 1, 1, 5, 0, 1, 0, 1, 0, 2, 0, 0, 0, 0, 0, 1, 0, 0, 2, 0, 0, 0, 0, 0, 0, 0, 0, 0, 0, 0, 1, 1, 2, 2, 0, 0, 2, 0, 0, 1, 1, 0, 2, 2, 0, 1, 0, 0, 0, 0, 0, 0, 0, 2, 0, 0, 0, 0, 0, 0, 0, 2, 2, 2, 3, 2, 0, 1, 1, 4, 2, 5, 1, 6, 2, 4, 2, 1, 218, 0, 0, 0, 0, 0, 0]",1,-0.1345214034135521,-1,0
1029,"[1, 1, 0, 1, 1, 2, 0, 1, 0, 1, 0, 2, 0, 0, 0, 0, 0, 1, 0, 0, 2, 0, 0, 0, 0, 0, 0, 0, 0, 0, 0, 0, 1, 1, 2, 2, 0, 0, 2, 0, 0, 1, 1, 0, 2, 2, 0, 1, 0, 0, 0, 0, 0, 0, 0, 2, 0, 0, 0, 0, 0, 0, 0, 2, 2, 2, 3, 2, 0, 1, 1, 4, 2, 5, 1, 6, 2, 4, 2, 0, 219, 0, 0, 0, 0, 0, 0]",4,14.448801969680083,-1,1
1030,"[1, 1, 0, 1, 1, 2, 0, 1, 0, 1, 0, 2, 0, 0, 0, 0, 0, 1, 0, 0, 2, 0, 0, 0, 0, 0, 0, 0, 0, 0, 0, 0, 1, 1, 2, 2, 0, 0, 2, 0, 0, 1, 1, 0, 2, 2, 0, 1, 0, 0, 0, 0, 0, 0, 0, 2, 0, 0, 0, 0, 0, 0, 0, 2, 2, 2, 3, 2, 0, 1, 1, 4, 2, 5, 1, 6, 2, 4, 2, 0, 219, 0, 0, 0, 0, 0, 0]",1,0.6733533683418116,-1,0
1031,"[1, 1, 0, 1, 1, 2, 0, 1, 0, 1, 0, 2, 0, 0, 0, 0, 0, 1, 0, 0, 2, 0, 0, 0, 0, 0, 0, 0, 0, 0, 0, 0, 1, 1, 2, 2, 0, 0, 2, 0, 0, 1, 1, 0, 2, 2, 0, 1, 0, 0, 0, 0, 0, 0, 0, 2, 0, 0, 0, 0, 0, 0, 0, 2, 2, 2, 3, 2, 0, 1, 1, 4, 2, 5, 1, 6, 2, 4, 2, 0, 219, 0, 0, 0, 0, 0, 0]",-1,-0.005595837430866444,-1,0
1032,"[1, 1, 0, 1, 2, 2, 0, 1, 0, 1, 0, 2, 0, 0, 0, 0, 0, 1, 0, 0, 2, 0, 0, 0, 0, 0, 0, 0, 0, 0, 0, 0, 1, 1, 2, 2, 0, 0, 2, 0, 0, 1, 1, 0, 2, 2, 0, 1, 0, 0, 0, 0, 0, 0, 0, 2, 0, 0, 0, 0, 0, 0, 0, 2, 2, 2, 3, 2, 0, 1, 1, 4, 2, 5, 1, 6, 2, 4, 2, 0, 220, 0, 0, 0, 0, 0, 0]",4,14.345638282570926,-1,1
1033,"[1, 2, 0, 1, 2, 3, 0, 1, 0, 1, 0, 2, 0, 0, 0, 0, 0, 1, 0, 0, 2, 0, 0, 0, 0, 0, 0, 0, 0, 0, 0, 0, 1, 1, 2, 2, 0, 0, 2, 0, 0, 1, 1, 0, 2, 2, 0, 1, 0, 0, 0, 0, 0, 0, 0, 2, 0, 0, 0, 0, 0, 0, 0, 2, 2, 2, 3, 2, 0, 1, 1, 4, 2, 5, 1, 6, 2, 4, 2, 0, 221, 0, 0, 0, 0, 0, 0]",4,13.045155836009569,-1,0
1034,"[1, 1, 0, 1, 1, 1, 0, 1, 0, 1, 0, 2, 0, 0, 0, 0, 0, 1, 0, 0, 2, 0, 0, 0, 0, 0, 0, 0, 0, 0, 0, 0, 1, 1, 2, 2, 0, 0, 2, 0, 0, 1, 1, 0, 2, 2, 0, 1, 0, 0, 0, 0, 0, 0, 0, 2, 0, 0, 0, 0, 0, 0, 0, 2, 2, 2, 3, 2, 0, 1, 1, 4, 2, 5, 1, 6, 2, 4, 2, 0, 222, 0, 0, 0, 0, 0, 0]",4,14.602998904642963,-1,1
1035,"[1, 1, 0, 2, 1, 1, 0, 2, 0, 1, 0, 2, 0, 0, 0, 0, 0, 1, 0, 0, 2, 0, 0, 0, 0, 0, 0, 0, 0, 0, 0, 0, 1, 1, 2, 2, 0, 0, 2, 0, 0, 1, 1, 0, 2, 2, 0, 1, 0, 0, 0, 0, 0, 0, 0, 2, 0, 0, 0, 0, 0, 0, 0, 2, 2, 2, 3, 2, 0, 1, 1, 4, 2, 5, 1, 6, 2, 4, 2, 0, 223, 0, 0, 0, 0, 0, 0]",4,13.04162105311614,-1,0
1036,"[1, 1, 0, 2, 1, 1, 0, 2, 0, 1, 0, 2, 0, 0, 0, 0, 0, 1, 0, 0, 2, 0, 0, 0, 0, 0, 0, 0, 0, 0, 0, 0, 1, 1, 2, 2, 0, 0, 2, 0, 0, 1, 1, 0, 2, 2, 0, 1, 0, 0, 0, 0, 0, 0, 0, 2, 0, 0, 0, 0, 0, 0, 0, 2, 2, 2, 3, 2, 0, 1, 1, 4, 2, 5, 1, 6, 2, 4, 2, 0, 223, 0, 1, 0, 0, 0, 0]",2,0.456991578859802,-1,1
1037,"[1, 1, 0, 2, 1, 1, 0, 2, 0, 1, 0, 2, 0, 0, 0, 0, 0, 1, 0, 0, 2, 0, 0, 0, 0, 0, 0, 0, 0, 0, 0, 0, 1, 1, 2, 2, 0, 0, 2, 0, 0, 1, 1, 0, 2, 2, 0, 1, 0, 0, 0, 0, 0, 0, 0, 2, 0, 0, 0, 0, 0, 0, 0, 2, 2, 2, 3, 2, 0, 1, 1, 4, 2, 5, 1, 6, 2, 4, 2, 0, 223, 0, 1, 0, 0, 1, 0]","[[1 0 0 0]
 [0 0 0 1]]",0.7074164439178929,-1,1
1038,"[2, 1, 0, 1, 0, 1, 0, 3, 0, 1, 0, 2, 0, 0, 0, 0, 0, 1, 0, 0, 2, 0, 0, 0, 0, 0, 0, 0, 0, 0, 0, 0, 1, 1, 2, 2, 0, 0, 2, 0, 0, 1, 1, 0, 2, 2, 0, 1, 0, 0, 0, 0, 0, 0, 0, 2, 0, 0, 0, 0, 0, 0, 0, 2, 2, 2, 3, 2, 0, 1, 1, 4, 2, 5, 1, 6, 2, 4, 2, 0, 223, 0, 0, 0, 0, 0, 0]",0,-0.14300842114019796,-1,0
1039,"[2, 1, 0, 2, 0, 1, 0, 4, 0, 1, 0, 2, 0, 0, 0, 0, 0, 1, 0, 0, 2, 0, 0, 0, 0, 0, 0, 0, 0, 0, 0, 0, 1, 1, 2, 2, 0, 0, 2, 0, 0, 1, 1, 0, 2, 2, 0, 1, 0, 0, 0, 0, 0, 0, 0, 2, 0, 0, 0, 0, 0, 0, 0, 2, 2, 2, 3, 2, 0, 1, 1, 4, 2, 5, 1, 6, 2, 4, 2, 0, 224, 0, 0, 0, 0, 0, 0]",4,13.826166728200569,-1,1
1040,"[1, 1, 0, 1, 0, 1, 0, 2, 0, 1, 0, 2, 0, 0, 0, 0, 0, 1, 0, 0, 2, 0, 0, 0, 0, 0, 0, 0, 0, 0, 0, 0, 1, 1, 2, 2, 0, 0, 2, 0, 0, 1, 1, 0, 2, 2, 0, 1, 0, 0, 0, 0, 0, 0, 0, 2, 0, 0, 0, 0, 0, 0, 0, 2, 2, 2, 3, 2, 0, 1, 1, 4, 2, 5, 1, 6, 2, 4, 2, 4, 225, 0, 0, 0, 0, 0, 0]",4,13.19782741872205,-1,0
1041,"[1, 2, 0, 1, 0, 2, 0, 2, 0, 1, 0, 2, 0, 0, 0, 0, 0, 1, 0, 0, 2, 0, 0, 0, 0, 0, 0, 0, 0, 0, 0, 0, 1, 1, 2, 2, 0, 0, 2, 0, 0, 1, 1, 0, 2, 2, 0, 1, 0, 0, 0, 0, 0, 0, 0, 2, 0, 0, 0, 0, 0, 0, 0, 2, 2, 2, 3, 2, 0, 1, 1, 4, 2, 5, 1, 6, 2, 4, 2, 4, 226, 0, 0, 0, 0, 0, 0]",4,14.078832590180514,-1,1
1042,"[1, 2, 0, 1, 0, 2, 0, 2, 0, 1, 0, 2, 0, 0, 0, 0, 0, 1, 0, 0, 2, 0, 0, 0, 0, 0, 0, 0, 0, 0, 0, 0, 1, 1, 2, 2, 0, 0, 2, 0, 0, 1, 1, 0, 2, 2, 0, 1, 0, 0, 0, 0, 0, 0, 0, 2, 0, 0, 0, 0, 0, 0, 0, 2, 2, 2, 3, 2, 0, 1, 1, 4, 2, 5, 1, 6, 2, 4, 2, 4, 226, 0, 1, 0, 0, 0, 0]",2,0.4522299987831502,-1,0
1043,"[1, 2, 0, 1, 0, 2, 0, 2, 0, 1, 0, 2, 0, 0, 0, 0, 0, 1, 0, 0, 2, 0, 0, 0, 0, 0, 0, 0, 0, 0, 0, 0, 1, 1, 2, 2, 0, 0, 2, 0, 0, 1, 1, 0, 2, 2, 0, 1, 0, 0, 0, 0, 0, 0, 0, 2, 0, 0, 0, 0, 0, 0, 0, 2, 2, 2, 3, 2, 0, 1, 1, 4, 2, 5, 1, 6, 2, 4, 2, 4, 226, 0, 0, 0, 0, 0, 0]",-1,-0.00521752423773825,-1,0
1044,"[1, 2, 0, 1, 0, 2, 0, 2, 0, 1, 0, 2, 0, 0, 0, 0, 0, 1, 0, 0, 2, 0, 0, 0, 0, 0, 0, 0, 0, 0, 0, 0, 1, 1, 2, 2, 0, 0, 2, 0, 0, 1, 1, 0, 2, 2, 0, 1, 0, 0, 0, 0, 0, 0, 0, 2, 0, 0, 0, 0, 0, 0, 0, 2, 2, 2, 3, 2, 0, 1, 1, 4, 2, 5, 1, 6, 2, 4, 2, 4, 226, 0, 0, 0, 0, 0, 0]",1,0.6618541138827669,-1,0
1045,"[1, 2, 0, 1, 0, 2, 0, 2, 0, 1, 0, 2, 0, 0, 0, 0, 0, 1, 0, 0, 2, 0, 0, 0, 0, 0, 0, 0, 0, 0, 0, 0, 1, 1, 2, 2, 0, 0, 2, 0, 0, 1, 1, 0, 2, 2, 0, 1, 0, 0, 0, 0, 0, 0, 0, 2, 0, 0, 0, 0, 0, 0, 0, 2, 2, 2, 3, 2, 0, 1, 1, 4, 2, 5, 1, 6, 2, 4, 2, 4, 226, 0, 0, 0, 0, 0, 0]",-1,-0.00521752423773825,-1,0
1046,"[1, 2, 0, 1, 0, 2, 0, 2, 0, 1, 0, 2, 0, 0, 0, 0, 0, 1, 0, 0, 2, 0, 0, 0, 0, 0, 0, 0, 0, 0, 0, 0, 1, 1, 2, 2, 0, 0, 2, 0, 0, 1, 1, 0, 2, 2, 0, 1, 0, 0, 0, 0, 0, 0, 0, 2, 0, 0, 0, 0, 0, 0, 0, 2, 2, 2, 3, 2, 0, 1, 1, 4, 2, 5, 1, 6, 2, 4, 2, 4, 226, 1, 0, 0, 0, 0, 0]",3,0.2522299987831502,-1,0
1047,"[1, 2, 0, 1, 0, 2, 0, 2, 0, 1, 0, 2, 0, 0, 0, 0, 0, 1, 0, 0, 2, 0, 0, 0, 0, 0, 0, 0, 0, 0, 0, 0, 1, 1, 2, 2, 0, 0, 2, 0, 0, 1, 1, 0, 2, 2, 0, 1, 0, 0, 0, 0, 0, 0, 0, 2, 0, 0, 0, 0, 0, 0, 0, 2, 2, 2, 3, 2, 0, 1, 1, 4, 2, 5, 1, 6, 2, 4, 2, 4, 226, 0, 0, 0, 0, 0, 0]",-1,-0.00521752423773825,-1,0
1048,"[1, 1, 0, 1, 0, 1, 0, 1, 0, 1, 0, 2, 0, 0, 0, 0, 0, 1, 0, 0, 2, 0, 0, 0, 0, 0, 0, 0, 0, 0, 0, 0, 1, 1, 2, 2, 0, 0, 2, 0, 0, 1, 1, 0, 2, 2, 0, 1, 0, 0, 0, 0, 0, 0, 0, 2, 0, 0, 0, 0, 0, 0, 0, 2, 2, 2, 3, 2, 0, 1, 1, 4, 2, 5, 1, 6, 2, 4, 2, 4, 227, 0, 0, 0, 0, 0, 0]",4,13.19452953581807,-1,0
1049,"[1, 2, 0, 1, 0, 2, 0, 1, 0, 1, 0, 2, 0, 0, 0, 0, 0, 1, 0, 0, 2, 0, 0, 0, 0, 0, 0, 0, 0, 0, 0, 0, 1, 1, 2, 2, 0, 0, 2, 0, 0, 1, 1, 0, 2, 2, 0, 1, 0, 0, 0, 0, 0, 0, 0, 2, 0, 0, 0, 0, 0, 0, 0, 2, 2, 2, 3, 2, 0, 1, 1, 4, 2, 5, 1, 6, 2, 4, 2, 4, 228, 0, 0, 0, 0, 0, 0]",4,14.115202116538505,-1,1
1050,"[1, 2, 0, 1, 0, 2, 0, 1, 0, 1, 0, 2, 0, 0, 0, 0, 0, 1, 0, 0, 2, 0, 0, 0, 0, 0, 0, 0, 0, 0, 0, 0, 1, 1, 2, 2, 0, 0, 2, 0, 0, 1, 1, 0, 2, 2, 0, 1, 0, 0, 0, 0, 0, 0, 0, 2, 0, 0, 0, 0, 0, 0, 0, 2, 2, 2, 3, 2, 0, 1, 1, 4, 2, 5, 1, 6, 2, 4, 2, 4, 228, 0, 0, 0, 0, 0, 0]",1,0.6588263718098271,-1,0
1051,"[1, 2, 0, 1, 0, 2, 0, 1, 0, 1, 0, 2, 0, 0, 0, 0, 0, 1, 0, 0, 2, 0, 0, 0, 0, 0, 0, 0, 0, 0, 0, 0, 1, 1, 2, 2, 0, 0, 2, 0, 0, 1, 1, 0, 2, 2, 0, 1, 0, 0, 0, 0, 0, 0, 0, 2, 0, 0, 0, 0, 0, 0, 0, 2, 2, 2, 3, 2, 0, 1, 1, 4, 2, 5, 1, 6, 2, 4, 2, 4, 228, 0, 0, 0, 0, 0, 0]",-1,-0.0051142103357768726,-1,0
1052,"[1, 2, 0, 1, 0, 2, 0, 1, 0, 1, 0, 2, 0, 0, 0, 0, 0, 1, 0, 0, 2, 0, 0, 0, 0, 0, 0, 0, 0, 0, 0, 0, 1, 1, 2, 2, 0, 0, 2, 0, 0, 1, 1, 0, 2, 2, 0, 1, 0, 0, 0, 0, 0, 0, 0, 2, 0, 0, 0, 0, 0, 0, 0, 2, 2, 2, 3, 2, 0, 1, 1, 4, 2, 5, 1, 6, 2, 4, 2, 4, 228, 0, 0, 0, 0, 0, 0]",1,0.6588263718098271,-1,0
1053,"[1, 2, 0, 1, 0, 2, 0, 1, 0, 1, 0, 2, 0, 0, 0, 0, 0, 1, 0, 0, 2, 0, 0, 0, 0, 0, 0, 0, 0, 0, 0, 0, 1, 1, 2, 2, 0, 0, 2, 0, 0, 1, 1, 0, 2, 2, 0, 1, 0, 0, 0, 0, 0, 0, 0, 2, 0, 0, 0, 0, 0, 0, 0, 2, 2, 2, 3, 2, 0, 1, 1, 4, 2, 5, 1, 6, 2, 4, 2, 4, 228, 0, 0, 0, 0, 0, 0]",-1,-0.0051142103357768726,-1,0
1054,"[1, 2, 0, 1, 0, 2, 0, 1, 0, 1, 0, 2, 0, 0, 0, 0, 0, 1, 0, 0, 2, 0, 0, 0, 0, 0, 0, 0, 0, 0, 0, 0, 1, 1, 2, 2, 0, 0, 2, 0, 0, 1, 1, 0, 2, 2, 0, 1, 0, 0, 0, 0, 0, 0, 0, 2, 0, 0, 0, 0, 0, 0, 0, 2, 2, 2, 3, 2, 0, 1, 1, 4, 2, 5, 1, 6, 2, 4, 2, 4, 228, 0, 1, 0, 0, 0, 0]",2,0.4492022567102103,-1,0
1055,"[1, 2, 0, 1, 0, 2, 0, 1, 0, 1, 0, 2, 0, 0, 0, 0, 0, 1, 0, 0, 2, 0, 0, 0, 0, 0, 0, 0, 0, 0, 0, 0, 1, 1, 2, 2, 0, 0, 2, 0, 0, 1, 1, 0, 2, 2, 0, 1, 0, 0, 0, 0, 0, 0, 0, 2, 0, 0, 0, 0, 0, 0, 0, 2, 2, 2, 3, 2, 0, 1, 1, 4, 2, 5, 1, 6, 2, 4, 2, 4, 228, 0, 0, 0, 0, 0, 0]",-1,-0.0051142103357768726,-1,0
1056,"[1, 2, 0, 1, 0, 2, 0, 1, 0, 1, 0, 2, 0, 0, 0, 0, 0, 1, 0, 0, 2, 0, 0, 0, 0, 0, 0, 0, 0, 0, 0, 0, 1, 1, 2, 2, 0, 0, 2, 0, 0, 1, 1, 0, 2, 2, 0, 1, 0, 0, 0, 0, 0, 0, 0, 2, 0, 0, 0, 0, 0, 0, 0, 2, 2, 2, 3, 2, 0, 1, 1, 4, 2, 5, 1, 6, 2, 4, 2, 4, 228, 0, 1, 0, 0, 0, 0]",2,0.4492022567102103,-1,0
1057,"[1, 2, 0, 1, 0, 2, 0, 1, 0, 1, 0, 2, 0, 0, 0, 0, 0, 1, 0, 0, 2, 0, 0, 0, 0, 0, 0, 0, 0, 0, 0, 0, 1, 1, 2, 2, 0, 0, 2, 0, 0, 1, 1, 0, 2, 2, 0, 1, 0, 0, 0, 0, 0, 0, 0, 2, 0, 0, 0, 0, 0, 0, 0, 2, 2, 2, 3, 2, 0, 1, 1, 4, 2, 5, 1, 6, 2, 4, 2, 4, 228, 0, 0, 0, 0, 0, 0]",-1,-0.0051142103357768726,-1,0
1058,"[1, 2, 0, 1, 0, 2, 0, 1, 0, 1, 0, 2, 0, 0, 0, 0, 0, 1, 0, 0, 2, 0, 0, 0, 0, 0, 0, 0, 0, 0, 0, 0, 1, 1, 2, 2, 0, 0, 2, 0, 0, 1, 1, 0, 2, 2, 0, 1, 0, 0, 0, 0, 0, 0, 0, 2, 0, 0, 0, 0, 0, 0, 0, 2, 2, 2, 3, 2, 0, 1, 1, 4, 2, 5, 1, 6, 2, 4, 2, 4, 228, 0, 1, 0, 0, 0, 0]",2,0.4492022567102103,-1,0
1059,"[1, 2, 0, 1, 0, 2, 0, 1, 0, 1, 0, 2, 0, 0, 0, 0, 0, 1, 0, 0, 2, 0, 0, 0, 0, 0, 0, 0, 0, 0, 0, 0, 1, 1, 2, 2, 0, 0, 2, 0, 0, 1, 1, 0, 2, 2, 0, 1, 0, 0, 0, 0, 0, 0, 0, 2, 0, 0, 0, 0, 0, 0, 0, 2, 2, 2, 3, 2, 0, 1, 1, 4, 2, 5, 1, 6, 2, 4, 2, 4, 228, 0, 0, 0, 0, 0, 0]",-1,-0.0051142103357768726,-1,0
1060,"[1, 2, 0, 1, 0, 2, 0, 1, 0, 1, 0, 2, 0, 0, 0, 0, 0, 1, 0, 0, 2, 0, 0, 0, 0, 0, 0, 0, 0, 0, 0, 0, 1, 1, 2, 2, 0, 0, 2, 0, 0, 1, 1, 0, 2, 2, 0, 1, 0, 0, 0, 0, 0, 0, 0, 2, 0, 0, 0, 0, 0, 0, 0, 2, 2, 2, 3, 2, 0, 1, 1, 4, 2, 5, 1, 6, 2, 4, 2, 4, 228, 1, 0, 0, 0, 0, 0]",3,0.24920225671021037,-1,0
1061,"[1, 2, 0, 1, 0, 2, 0, 1, 0, 1, 0, 2, 0, 0, 0, 0, 0, 1, 0, 0, 2, 0, 0, 0, 0, 0, 0, 0, 0, 0, 0, 0, 1, 1, 2, 2, 0, 0, 2, 0, 0, 1, 1, 0, 2, 2, 0, 1, 0, 0, 0, 0, 0, 0, 0, 2, 0, 0, 0, 0, 0, 0, 0, 2, 2, 2, 3, 2, 0, 1, 1, 4, 2, 5, 1, 6, 2, 4, 2, 4, 228, 0, 0, 0, 0, 0, 0]",-1,-0.0051142103357768726,-1,0
1062,"[1, 2, 0, 1, 0, 2, 0, 1, 0, 1, 0, 2, 0, 0, 0, 0, 0, 1, 0, 0, 2, 0, 0, 0, 0, 0, 0, 0, 0, 0, 0, 0, 1, 1, 2, 2, 0, 0, 2, 0, 0, 1, 1, 0, 2, 2, 0, 1, 0, 0, 0, 0, 0, 0, 0, 2, 0, 0, 0, 0, 0, 0, 0, 2, 2, 2, 3, 2, 0, 1, 1, 4, 2, 5, 1, 6, 2, 4, 2, 4, 228, 1, 0, 0, 0, 0, 0]",3,0.24920225671021037,-1,0
1063,"[1, 2, 0, 1, 0, 2, 0, 1, 0, 1, 0, 2, 0, 0, 0, 0, 0, 1, 0, 0, 2, 0, 0, 0, 0, 0, 0, 0, 0, 0, 0, 0, 1, 1, 2, 2, 0, 0, 2, 0, 0, 1, 1, 0, 2, 2, 0, 1, 0, 0, 0, 0, 0, 0, 0, 2, 0, 0, 0, 0, 0, 0, 0, 2, 2, 2, 3, 2, 0, 1, 1, 4, 2, 5, 1, 6, 2, 4, 2, 4, 228, 0, 0, 0, 0, 0, 0]",-1,-0.0051142103357768726,-1,0
1064,"[1, 2, 0, 1, 0, 2, 0, 1, 0, 1, 0, 2, 0, 0, 0, 0, 0, 1, 0, 0, 2, 0, 0, 0, 0, 0, 0, 0, 0, 0, 0, 0, 1, 1, 2, 2, 0, 0, 2, 0, 0, 1, 1, 0, 2, 2, 0, 1, 0, 0, 0, 0, 0, 0, 0, 2, 0, 0, 0, 0, 0, 0, 0, 2, 2, 2, 3, 2, 0, 1, 1, 4, 2, 5, 1, 6, 2, 4, 2, 4, 229, 0, 0, 0, 0, 0, 0]",4,13.031730441076814,-1,0
1065,"[1, 2, 0, 1, 0, 2, 0, 1, 0, 1, 0, 2, 0, 0, 0, 0, 0, 1, 0, 0, 2, 0, 0, 0, 0, 0, 0, 0, 0, 0, 0, 0, 1, 1, 2, 2, 0, 0, 2, 0, 0, 1, 1, 0, 2, 2, 0, 1, 0, 0, 0, 0, 0, 0, 0, 2, 0, 0, 0, 0, 0, 0, 0, 2, 2, 2, 3, 2, 0, 1, 1, 4, 2, 5, 1, 6, 2, 4, 2, 4, 229, 0, 1, 0, 0, 0, 0]",2,0.44773345703141787,-1,1
1066,"[1, 2, 0, 1, 0, 2, 0, 1, 0, 1, 0, 2, 0, 0, 0, 0, 0, 1, 0, 0, 2, 0, 0, 0, 0, 0, 0, 0, 0, 0, 0, 0, 1, 1, 2, 2, 0, 0, 2, 0, 0, 1, 1, 0, 2, 2, 0, 1, 0, 0, 0, 0, 0, 0, 0, 2, 0, 0, 0, 0, 0, 0, 0, 2, 2, 2, 3, 2, 0, 1, 1, 4, 2, 5, 1, 6, 2, 4, 2, 4, 229, 0, 1, 0, 0, 1, 0]","[[0 1 0 0]
 [1 0 0 0]]",0.6981583220895088,-1,1
1067,"[0, 3, 0, 1, 1, 1, 0, 1, 0, 1, 0, 2, 0, 0, 0, 0, 0, 1, 0, 0, 2, 0, 0, 0, 0, 0, 0, 0, 0, 0, 0, 0, 1, 1, 2, 2, 0, 0, 2, 0, 0, 1, 1, 0, 2, 2, 0, 1, 0, 0, 0, 0, 0, 0, 0, 2, 0, 0, 0, 0, 0, 0, 0, 2, 2, 2, 3, 2, 0, 1, 1, 4, 2, 5, 1, 6, 2, 4, 2, 4, 229, 0, 0, 0, 0, 0, 0]",0,-0.1522665429685821,-1,0
1068,"[0, 1, 0, 1, 1, 1, 0, 1, 0, 1, 0, 2, 0, 0, 0, 0, 0, 1, 0, 0, 2, 0, 0, 0, 0, 0, 0, 0, 0, 0, 0, 0, 1, 1, 2, 2, 0, 0, 2, 0, 0, 1, 1, 0, 2, 2, 0, 1, 0, 0, 0, 0, 0, 0, 0, 2, 0, 0, 0, 0, 0, 0, 0, 2, 2, 2, 3, 2, 0, 1, 1, 4, 2, 5, 1, 6, 2, 4, 2, 1, 230, 0, 0, 0, 0, 0, 0]",4,14.58981497349571,-1,1
1069,"[0, 1, 0, 1, 1, 1, 0, 1, 0, 1, 0, 2, 0, 0, 0, 0, 0, 1, 0, 0, 2, 0, 0, 0, 0, 0, 0, 0, 0, 0, 0, 0, 1, 1, 2, 2, 0, 0, 2, 0, 0, 1, 1, 0, 2, 2, 0, 1, 0, 0, 0, 0, 0, 0, 0, 2, 0, 0, 0, 0, 0, 0, 0, 2, 2, 2, 3, 2, 0, 1, 1, 4, 2, 5, 1, 6, 2, 4, 2, 4, 231, 0, 0, 0, 0, 0, 0]",4,12.914376252812243,-1,0
1070,"[0, 2, 0, 1, 1, 2, 0, 1, 0, 1, 0, 2, 0, 0, 0, 0, 0, 1, 0, 0, 2, 0, 0, 0, 0, 0, 0, 0, 0, 0, 0, 0, 1, 1, 2, 2, 0, 0, 2, 0, 0, 1, 1, 0, 2, 2, 0, 1, 0, 0, 0, 0, 0, 0, 0, 2, 0, 0, 0, 0, 0, 0, 0, 2, 2, 2, 3, 2, 0, 1, 1, 4, 2, 5, 1, 6, 2, 4, 2, 4, 232, 0, 0, 0, 0, 0, 0]",4,14.427204733245185,-1,1
1071,"[0, 2, 0, 1, 1, 2, 0, 1, 0, 1, 0, 2, 0, 0, 0, 0, 0, 1, 0, 0, 2, 0, 0, 0, 0, 0, 0, 0, 0, 0, 0, 0, 1, 1, 2, 2, 0, 0, 2, 0, 0, 1, 1, 0, 2, 2, 0, 1, 0, 0, 0, 0, 0, 0, 0, 2, 0, 0, 0, 0, 0, 0, 0, 2, 2, 2, 3, 2, 0, 1, 1, 4, 2, 5, 1, 6, 2, 4, 2, 4, 232, 0, 0, 0, 0, 0, 0]",1,0.6531341598149942,-1,0
1072,"[0, 2, 0, 1, 1, 2, 0, 1, 0, 1, 0, 2, 0, 0, 0, 0, 0, 1, 0, 0, 2, 0, 0, 0, 0, 0, 0, 0, 0, 0, 0, 0, 1, 1, 2, 2, 0, 0, 2, 0, 0, 1, 1, 0, 2, 2, 0, 1, 0, 0, 0, 0, 0, 0, 0, 2, 0, 0, 0, 0, 0, 0, 0, 2, 2, 2, 3, 2, 0, 1, 1, 4, 2, 5, 1, 6, 2, 4, 2, 4, 232, 0, 0, 0, 0, 0, 0]",-1,-0.004913679280218078,-1,0
1073,"[0, 3, 0, 1, 1, 3, 0, 1, 0, 1, 0, 2, 0, 0, 0, 0, 0, 1, 0, 0, 2, 0, 0, 0, 0, 0, 0, 0, 0, 0, 0, 0, 1, 1, 2, 2, 0, 0, 2, 0, 0, 1, 1, 0, 2, 2, 0, 1, 0, 0, 0, 0, 0, 0, 0, 2, 0, 0, 0, 0, 0, 0, 0, 2, 2, 2, 3, 2, 0, 1, 1, 4, 2, 5, 1, 6, 2, 4, 2, 4, 233, 0, 0, 0, 0, 0, 0]",4,14.164946483571416,-1,1
1074,"[0, 3, 0, 1, 1, 3, 0, 1, 0, 1, 0, 2, 0, 0, 0, 0, 0, 1, 0, 0, 2, 0, 0, 0, 0, 0, 0, 0, 0, 0, 0, 0, 1, 1, 2, 2, 0, 0, 2, 0, 0, 1, 1, 0, 2, 2, 0, 1, 0, 0, 0, 0, 0, 0, 0, 2, 0, 0, 0, 0, 0, 0, 0, 2, 2, 2, 3, 2, 0, 1, 1, 4, 2, 5, 1, 6, 2, 4, 2, 4, 234, 0, 0, 0, 0, 0, 0]",4,12.544052192438809,-1,0
1075,"[0, 3, 0, 1, 1, 3, 0, 1, 0, 1, 0, 2, 0, 0, 0, 0, 0, 1, 0, 0, 2, 0, 0, 0, 0, 0, 0, 0, 0, 0, 0, 0, 1, 1, 2, 2, 0, 0, 2, 0, 0, 1, 1, 0, 2, 2, 0, 1, 0, 0, 0, 0, 0, 0, 0, 2, 0, 0, 0, 0, 0, 0, 0, 2, 2, 2, 3, 2, 0, 1, 1, 4, 2, 5, 1, 6, 2, 4, 2, 4, 234, 0, 1, 0, 0, 0, 0]",2,0.44084806045681835,-1,1
1076,"[0, 3, 0, 1, 1, 3, 0, 1, 0, 1, 0, 2, 0, 0, 0, 0, 0, 1, 0, 0, 2, 0, 0, 0, 0, 0, 0, 0, 0, 0, 0, 0, 1, 1, 2, 2, 0, 0, 2, 0, 0, 1, 1, 0, 2, 2, 0, 1, 0, 0, 0, 0, 0, 0, 0, 2, 0, 0, 0, 0, 0, 0, 0, 2, 2, 2, 3, 2, 0, 1, 1, 4, 2, 5, 1, 6, 2, 4, 2, 4, 234, 0, 1, 0, 0, 1, 0]","[[1 0 0 0]
 [0 0 0 1]]",0.6912729255149093,-1,1
1077,"[0, 3, 0, 1, 1, 3, 0, 1, 0, 1, 0, 2, 0, 0, 0, 0, 0, 1, 0, 0, 2, 0, 0, 0, 0, 0, 0, 0, 0, 0, 0, 0, 1, 1, 2, 2, 0, 0, 2, 0, 0, 1, 1, 0, 2, 2, 0, 1, 0, 0, 0, 0, 0, 0, 0, 2, 0, 0, 0, 0, 0, 0, 0, 2, 2, 2, 3, 2, 0, 1, 1, 4, 2, 5, 1, 6, 2, 4, 2, 4, 234, 0, 0, 0, 0, 0, 0]",1,-0.15915193954318166,-1,0
1078,"[0, 4, 0, 1, 1, 4, 0, 1, 0, 1, 0, 2, 0, 0, 0, 0, 0, 1, 0, 0, 2, 0, 0, 0, 0, 0, 0, 0, 0, 0, 0, 0, 1, 1, 2, 2, 0, 0, 2, 0, 0, 1, 1, 0, 2, 2, 0, 1, 0, 0, 0, 0, 0, 0, 0, 2, 0, 0, 0, 0, 0, 0, 0, 2, 2, 2, 3, 2, 0, 1, 1, 4, 2, 5, 1, 6, 2, 4, 2, 4, 235, 0, 0, 0, 0, 0, 0]",4,13.994964212700623,-1,1
1079,"[0, 5, 0, 1, 1, 5, 0, 1, 0, 1, 0, 2, 0, 0, 0, 0, 0, 1, 0, 0, 2, 0, 0, 0, 0, 0, 0, 0, 0, 0, 0, 0, 1, 1, 2, 2, 0, 0, 2, 0, 0, 1, 1, 0, 2, 2, 0, 1, 0, 0, 0, 0, 0, 0, 0, 2, 0, 0, 0, 0, 0, 0, 0, 2, 2, 2, 3, 2, 0, 1, 1, 4, 2, 5, 1, 6, 2, 4, 2, 4, 236, 0, 0, 0, 0, 0, 0]",4,12.323411731230712,-1,0
1080,"[0, 5, 0, 1, 2, 5, 0, 1, 0, 1, 0, 2, 0, 0, 0, 0, 0, 1, 0, 0, 2, 0, 0, 0, 0, 0, 0, 0, 0, 0, 0, 0, 1, 1, 2, 2, 0, 0, 2, 0, 0, 1, 1, 0, 2, 2, 0, 1, 0, 0, 0, 0, 0, 0, 0, 2, 0, 0, 0, 0, 0, 0, 0, 2, 2, 2, 3, 2, 0, 1, 1, 4, 2, 5, 1, 6, 2, 4, 2, 4, 237, 0, 0, 0, 0, 0, 0]",4,13.984579384984908,-1,1
1081,"[0, 5, 0, 1, 2, 5, 0, 1, 0, 1, 0, 2, 0, 0, 0, 0, 0, 1, 0, 0, 2, 0, 0, 0, 0, 0, 0, 0, 0, 0, 0, 0, 1, 1, 2, 2, 0, 0, 2, 0, 0, 1, 1, 0, 2, 2, 0, 1, 0, 0, 0, 0, 0, 0, 0, 2, 0, 0, 0, 0, 0, 0, 0, 2, 2, 2, 3, 2, 0, 1, 1, 4, 2, 5, 1, 6, 2, 4, 2, 4, 237, 1, 0, 0, 0, 0, 0]",3,0.23708548385859646,-1,0
1082,"[0, 5, 0, 1, 2, 5, 0, 1, 0, 1, 0, 2, 0, 0, 0, 0, 0, 1, 0, 0, 2, 0, 0, 0, 0, 0, 0, 0, 0, 0, 0, 0, 1, 1, 2, 2, 0, 0, 2, 0, 0, 1, 1, 0, 2, 2, 0, 1, 0, 0, 0, 0, 0, 0, 0, 2, 0, 0, 0, 0, 0, 0, 0, 2, 2, 2, 3, 2, 0, 1, 1, 4, 2, 5, 1, 6, 2, 4, 2, 4, 237, 0, 0, 0, 0, 0, 0]",-1,-0.004674036313902923,-1,0
1083,"[0, 6, 0, 1, 2, 6, 0, 1, 0, 1, 0, 2, 0, 0, 0, 0, 0, 1, 0, 0, 2, 0, 0, 0, 0, 0, 0, 0, 0, 0, 0, 0, 1, 1, 2, 2, 0, 0, 2, 0, 0, 1, 1, 0, 2, 2, 0, 1, 0, 0, 0, 0, 0, 0, 0, 2, 0, 0, 0, 0, 0, 0, 0, 2, 2, 2, 3, 2, 0, 1, 1, 4, 2, 5, 1, 6, 2, 4, 2, 4, 238, 0, 0, 0, 0, 0, 0]",4,13.903552994236904,-1,1
1084,"[0, 6, 0, 1, 2, 6, 0, 1, 0, 1, 0, 2, 0, 0, 0, 0, 0, 1, 0, 0, 2, 0, 0, 0, 0, 0, 0, 0, 0, 0, 0, 0, 1, 1, 2, 2, 0, 0, 2, 0, 0, 1, 1, 0, 2, 2, 0, 1, 0, 0, 0, 0, 0, 0, 0, 2, 0, 0, 0, 0, 0, 0, 0, 2, 2, 2, 3, 2, 0, 1, 1, 4, 2, 5, 1, 6, 2, 4, 2, 4, 238, 0, 1, 0, 0, 0, 0]",2,0.4358923038814653,-1,0
1085,"[0, 6, 0, 1, 2, 6, 0, 1, 0, 1, 0, 2, 0, 0, 0, 0, 0, 1, 0, 0, 2, 0, 0, 0, 0, 0, 0, 0, 0, 0, 0, 0, 1, 1, 2, 2, 0, 0, 2, 0, 0, 1, 1, 0, 2, 2, 0, 1, 0, 0, 0, 0, 0, 0, 0, 2, 0, 0, 0, 0, 0, 0, 0, 2, 2, 2, 3, 2, 0, 1, 1, 4, 2, 5, 1, 6, 2, 4, 2, 4, 238, 0, 1, 0, 0, 1, 0]","[[0 0 0 1]
 [1 0 0 0]]",0.6863171689395562,-1,0
1086,"[1, 6, 0, 0, 1, 6, 0, 2, 0, 1, 0, 2, 0, 0, 0, 0, 0, 1, 0, 0, 2, 0, 0, 0, 0, 0, 0, 0, 0, 0, 0, 0, 1, 1, 2, 2, 0, 0, 2, 0, 0, 1, 1, 0, 2, 2, 0, 1, 0, 0, 0, 0, 0, 0, 0, 2, 0, 0, 0, 0, 0, 0, 0, 2, 2, 2, 3, 2, 0, 1, 1, 4, 2, 5, 1, 6, 2, 4, 2, 4, 238, 0, 0, 0, 0, 0, 0]",0,-0.16410769611853465,-1,1
1087,"[1, 6, 0, 0, 1, 6, 0, 2, 0, 1, 0, 2, 0, 0, 0, 0, 0, 1, 0, 0, 2, 0, 0, 0, 0, 0, 0, 0, 0, 0, 0, 0, 1, 1, 2, 2, 0, 0, 2, 0, 0, 1, 1, 0, 2, 2, 0, 1, 0, 0, 0, 0, 0, 0, 0, 2, 0, 0, 0, 0, 0, 0, 0, 2, 2, 2, 3, 2, 0, 1, 1, 4, 2, 5, 1, 6, 2, 4, 2, 4, 238, 0, 0, 0, 0, 0, 0]",0,0.33086705071204864,-1,0
1088,"[1, 6, 0, 0, 1, 6, 0, 2, 0, 1, 0, 2, 0, 0, 0, 0, 0, 1, 0, 0, 2, 0, 0, 0, 0, 0, 0, 0, 0, 0, 0, 0, 1, 1, 2, 2, 0, 0, 2, 0, 0, 1, 1, 0, 2, 2, 0, 1, 0, 0, 0, 0, 0, 0, 0, 2, 0, 0, 0, 0, 0, 0, 0, 2, 2, 2, 3, 2, 0, 1, 1, 4, 2, 5, 1, 6, 2, 4, 2, 4, 238, 0, 0, 0, 0, 0, 0]",-1,-0.0046275288755171645,-1,0
1089,"[1, 6, 0, 0, 1, 6, 0, 2, 0, 1, 0, 2, 0, 0, 0, 0, 0, 1, 0, 0, 2, 0, 0, 0, 0, 0, 0, 0, 0, 0, 0, 0, 1, 1, 2, 2, 0, 0, 2, 0, 0, 1, 1, 0, 2, 2, 0, 1, 0, 0, 0, 0, 0, 0, 0, 2, 0, 0, 0, 0, 0, 0, 0, 2, 2, 2, 3, 2, 0, 1, 1, 4, 2, 5, 1, 6, 2, 4, 2, 4, 238, 0, 0, 0, 0, 0, 0]",0,0.33086705071204864,-1,0
1090,"[1, 6, 0, 0, 1, 6, 0, 2, 0, 1, 0, 2, 0, 0, 0, 0, 0, 1, 0, 0, 2, 0, 0, 0, 0, 0, 0, 0, 0, 0, 0, 0, 1, 1, 2, 2, 0, 0, 2, 0, 0, 1, 1, 0, 2, 2, 0, 1, 0, 0, 0, 0, 0, 0, 0, 2, 0, 0, 0, 0, 0, 0, 0, 2, 2, 2, 3, 2, 0, 1, 1, 4, 2, 5, 1, 6, 2, 4, 2, 4, 238, 0, 0, 0, 0, 0, 0]",-1,-0.0046275288755171645,-1,0
1091,"[1, 6, 0, 0, 1, 6, 0, 2, 0, 1, 0, 2, 0, 0, 0, 0, 0, 1, 0, 0, 2, 0, 0, 0, 0, 0, 0, 0, 0, 0, 0, 0, 1, 1, 2, 2, 0, 0, 2, 0, 0, 1, 1, 0, 2, 2, 0, 1, 0, 0, 0, 0, 0, 0, 0, 2, 0, 0, 0, 0, 0, 0, 0, 2, 2, 2, 3, 2, 0, 1, 1, 4, 2, 5, 1, 6, 2, 4, 2, 4, 238, 0, 0, 0, 0, 0, 0]",0,0.33086705071204864,-1,0
1092,"[1, 6, 0, 0, 1, 6, 0, 2, 0, 1, 0, 2, 0, 0, 0, 0, 0, 1, 0, 0, 2, 0, 0, 0, 0, 0, 0, 0, 0, 0, 0, 0, 1, 1, 2, 2, 0, 0, 2, 0, 0, 1, 1, 0, 2, 2, 0, 1, 0, 0, 0, 0, 0, 0, 0, 2, 0, 0, 0, 0, 0, 0, 0, 2, 2, 2, 3, 2, 0, 1, 1, 4, 2, 5, 1, 6, 2, 4, 2, 4, 238, 0, 0, 0, 0, 0, 0]",-1,-0.0046275288755171645,-1,0
1093,"[1, 6, 0, 0, 1, 6, 0, 2, 0, 1, 0, 2, 0, 0, 0, 0, 0, 1, 0, 0, 2, 0, 0, 0, 0, 0, 0, 0, 0, 0, 0, 0, 1, 1, 2, 2, 0, 0, 2, 0, 0, 1, 1, 0, 2, 2, 0, 1, 0, 0, 0, 0, 0, 0, 0, 2, 0, 0, 0, 0, 0, 0, 0, 2, 2, 2, 3, 2, 0, 1, 1, 4, 2, 5, 1, 6, 2, 4, 2, 4, 238, 0, 0, 0, 0, 0, 0]",0,0.33086705071204864,-1,0
1094,"[1, 6, 0, 0, 1, 6, 0, 2, 0, 1, 0, 2, 0, 0, 0, 0, 0, 1, 0, 0, 2, 0, 0, 0, 0, 0, 0, 0, 0, 0, 0, 0, 1, 1, 2, 2, 0, 0, 2, 0, 0, 1, 1, 0, 2, 2, 0, 1, 0, 0, 0, 0, 0, 0, 0, 2, 0, 0, 0, 0, 0, 0, 0, 2, 2, 2, 3, 2, 0, 1, 1, 4, 2, 5, 1, 6, 2, 4, 2, 4, 238, 0, 0, 0, 0, 0, 0]",-1,-0.0046275288755171645,-1,0
1095,"[1, 6, 0, 0, 1, 6, 0, 2, 0, 1, 0, 2, 0, 0, 0, 0, 0, 1, 0, 0, 2, 0, 0, 0, 0, 0, 0, 0, 0, 0, 0, 0, 1, 1, 2, 2, 0, 0, 2, 0, 0, 1, 1, 0, 2, 2, 0, 1, 0, 0, 0, 0, 0, 0, 0, 2, 0, 0, 0, 0, 0, 0, 0, 2, 2, 2, 3, 2, 0, 1, 1, 4, 2, 5, 1, 6, 2, 4, 2, 4, 238, 0, 0, 0, 0, 0, 0]",0,0.33086705071204864,-1,0
1096,"[1, 6, 0, 0, 1, 6, 0, 2, 0, 1, 0, 2, 0, 0, 0, 0, 0, 1, 0, 0, 2, 0, 0, 0, 0, 0, 0, 0, 0, 0, 0, 0, 1, 1, 2, 2, 0, 0, 2, 0, 0, 1, 1, 0, 2, 2, 0, 1, 0, 0, 0, 0, 0, 0, 0, 2, 0, 0, 0, 0, 0, 0, 0, 2, 2, 2, 3, 2, 0, 1, 1, 4, 2, 5, 1, 6, 2, 4, 2, 4, 238, 0, 0, 0, 0, 0, 0]",-1,-0.0046275288755171645,-1,0
1097,"[1, 6, 0, 0, 1, 6, 0, 2, 0, 1, 0, 2, 0, 0, 0, 0, 0, 1, 0, 0, 2, 0, 0, 0, 0, 0, 0, 0, 0, 0, 0, 0, 1, 1, 2, 2, 0, 0, 2, 0, 0, 1, 1, 0, 2, 2, 0, 1, 0, 0, 0, 0, 0, 0, 0, 2, 0, 0, 0, 0, 0, 0, 0, 2, 2, 2, 3, 2, 0, 1, 1, 4, 2, 5, 1, 6, 2, 4, 2, 4, 238, 0, 0, 0, 0, 0, 0]",0,0.33086705071204864,-1,0
1098,"[1, 6, 0, 0, 1, 6, 0, 2, 0, 1, 0, 2, 0, 0, 0, 0, 0, 1, 0, 0, 2, 0, 0, 0, 0, 0, 0, 0, 0, 0, 0, 0, 1, 1, 2, 2, 0, 0, 2, 0, 0, 1, 1, 0, 2, 2, 0, 1, 0, 0, 0, 0, 0, 0, 0, 2, 0, 0, 0, 0, 0, 0, 0, 2, 2, 2, 3, 2, 0, 1, 1, 4, 2, 5, 1, 6, 2, 4, 2, 4, 238, 0, 0, 0, 0, 0, 0]",-1,-0.0046275288755171645,-1,0
1099,"[1, 6, 0, 0, 1, 6, 0, 2, 0, 1, 0, 2, 0, 0, 0, 0, 0, 1, 0, 0, 2, 0, 0, 0, 0, 0, 0, 0, 0, 0, 0, 0, 1, 1, 2, 2, 0, 0, 2, 0, 0, 1, 1, 0, 2, 2, 0, 1, 0, 0, 0, 0, 0, 0, 0, 2, 0, 0, 0, 0, 0, 0, 0, 2, 2, 2, 3, 2, 0, 1, 1, 4, 2, 5, 1, 6, 2, 4, 2, 4, 238, 0, 0, 0, 0, 0, 0]",0,0.33086705071204864,-1,0
1100,"[1, 6, 0, 0, 1, 6, 0, 2, 0, 1, 0, 2, 0, 0, 0, 0, 0, 1, 0, 0, 2, 0, 0, 0, 0, 0, 0, 0, 0, 0, 0, 0, 1, 1, 2, 2, 0, 0, 2, 0, 0, 1, 1, 0, 2, 2, 0, 1, 0, 0, 0, 0, 0, 0, 0, 2, 0, 0, 0, 0, 0, 0, 0, 2, 2, 2, 3, 2, 0, 1, 1, 4, 2, 5, 1, 6, 2, 4, 2, 4, 238, 0, 0, 0, 0, 0, 0]",-1,-0.0046275288755171645,-1,0
1101,"[1, 6, 0, 0, 1, 6, 0, 2, 0, 1, 0, 2, 0, 0, 0, 0, 0, 1, 0, 0, 2, 0, 0, 0, 0, 0, 0, 0, 0, 0, 0, 0, 1, 1, 2, 2, 0, 0, 2, 0, 0, 1, 1, 0, 2, 2, 0, 1, 0, 0, 0, 0, 0, 0, 0, 2, 0, 0, 0, 0, 0, 0, 0, 2, 2, 2, 3, 2, 0, 1, 1, 4, 2, 5, 1, 6, 2, 4, 2, 4, 238, 0, 0, 0, 0, 0, 0]",0,0.33086705071204864,-1,0
1102,"[1, 6, 0, 0, 1, 6, 0, 2, 0, 1, 0, 2, 0, 0, 0, 0, 0, 1, 0, 0, 2, 0, 0, 0, 0, 0, 0, 0, 0, 0, 0, 0, 1, 1, 2, 2, 0, 0, 2, 0, 0, 1, 1, 0, 2, 2, 0, 1, 0, 0, 0, 0, 0, 0, 0, 2, 0, 0, 0, 0, 0, 0, 0, 2, 2, 2, 3, 2, 0, 1, 1, 4, 2, 5, 1, 6, 2, 4, 2, 4, 238, 0, 0, 0, 0, 0, 0]",-1,-0.0046275288755171645,-1,0
1103,"[1, 6, 0, 0, 1, 6, 0, 2, 0, 1, 0, 2, 0, 0, 0, 0, 0, 1, 0, 0, 2, 0, 0, 0, 0, 0, 0, 0, 0, 0, 0, 0, 1, 1, 2, 2, 0, 0, 2, 0, 0, 1, 1, 0, 2, 2, 0, 1, 0, 0, 0, 0, 0, 0, 0, 2, 0, 0, 0, 0, 0, 0, 0, 2, 2, 2, 3, 2, 0, 1, 1, 4, 2, 5, 1, 6, 2, 4, 2, 4, 238, 0, 0, 0, 0, 0, 0]",1,0.645516418981082,-1,0
1104,"[1, 6, 0, 0, 1, 6, 0, 2, 0, 1, 0, 2, 0, 0, 0, 0, 0, 1, 0, 0, 2, 0, 0, 0, 0, 0, 0, 0, 0, 0, 0, 0, 1, 1, 2, 2, 0, 0, 2, 0, 0, 1, 1, 0, 2, 2, 0, 1, 0, 0, 0, 0, 0, 0, 0, 2, 0, 0, 0, 0, 0, 0, 0, 2, 2, 2, 3, 2, 0, 1, 1, 4, 2, 5, 1, 6, 2, 4, 2, 4, 238, 0, 0, 0, 0, 0, 0]",-1,-0.0046275288755171645,-1,0
1105,"[1, 6, 0, 0, 1, 6, 0, 2, 0, 1, 0, 2, 0, 0, 0, 0, 0, 1, 0, 0, 2, 0, 0, 0, 0, 0, 0, 0, 0, 0, 0, 0, 1, 1, 2, 2, 0, 0, 2, 0, 0, 1, 1, 0, 2, 2, 0, 1, 0, 0, 0, 0, 0, 0, 0, 2, 0, 0, 0, 0, 0, 0, 0, 2, 2, 2, 3, 2, 0, 1, 1, 4, 2, 5, 1, 6, 2, 4, 2, 4, 238, 0, 0, 0, 0, 0, 0]",1,0.645516418981082,-1,0
1106,"[1, 6, 0, 0, 1, 6, 0, 2, 0, 1, 0, 2, 0, 0, 0, 0, 0, 1, 0, 0, 2, 0, 0, 0, 0, 0, 0, 0, 0, 0, 0, 0, 1, 1, 2, 2, 0, 0, 2, 0, 0, 1, 1, 0, 2, 2, 0, 1, 0, 0, 0, 0, 0, 0, 0, 2, 0, 0, 0, 0, 0, 0, 0, 2, 2, 2, 3, 2, 0, 1, 1, 4, 2, 5, 1, 6, 2, 4, 2, 4, 238, 0, 0, 0, 0, 0, 0]",-1,-0.0046275288755171645,-1,0
1107,"[1, 6, 0, 0, 1, 6, 0, 2, 0, 1, 0, 2, 0, 0, 0, 0, 0, 1, 0, 0, 2, 0, 0, 0, 0, 0, 0, 0, 0, 0, 0, 0, 1, 1, 2, 2, 0, 0, 2, 0, 0, 1, 1, 0, 2, 2, 0, 1, 0, 0, 0, 0, 0, 0, 0, 2, 0, 0, 0, 0, 0, 0, 0, 2, 2, 2, 3, 2, 0, 1, 1, 4, 2, 5, 1, 6, 2, 4, 2, 4, 238, 0, 0, 0, 0, 0, 0]",1,0.645516418981082,-1,0
1108,"[1, 6, 0, 0, 1, 6, 0, 2, 0, 1, 0, 2, 0, 0, 0, 0, 0, 1, 0, 0, 2, 0, 0, 0, 0, 0, 0, 0, 0, 0, 0, 0, 1, 1, 2, 2, 0, 0, 2, 0, 0, 1, 1, 0, 2, 2, 0, 1, 0, 0, 0, 0, 0, 0, 0, 2, 0, 0, 0, 0, 0, 0, 0, 2, 2, 2, 3, 2, 0, 1, 1, 4, 2, 5, 1, 6, 2, 4, 2, 4, 238, 0, 0, 0, 0, 0, 0]",-1,-0.0046275288755171645,-1,0
1109,"[1, 6, 0, 0, 1, 6, 0, 2, 0, 1, 0, 2, 0, 0, 0, 0, 0, 1, 0, 0, 2, 0, 0, 0, 0, 0, 0, 0, 0, 0, 0, 0, 1, 1, 2, 2, 0, 0, 2, 0, 0, 1, 1, 0, 2, 2, 0, 1, 0, 0, 0, 0, 0, 0, 0, 2, 0, 0, 0, 0, 0, 0, 0, 2, 2, 2, 3, 2, 0, 1, 1, 4, 2, 5, 1, 6, 2, 4, 2, 4, 238, 0, 1, 0, 0, 0, 0]",2,0.4358923038814653,-1,0
1110,"[1, 6, 0, 0, 1, 6, 0, 2, 0, 1, 0, 2, 0, 0, 0, 0, 0, 1, 0, 0, 2, 0, 0, 0, 0, 0, 0, 0, 0, 0, 0, 0, 1, 1, 2, 2, 0, 0, 2, 0, 0, 1, 1, 0, 2, 2, 0, 1, 0, 0, 0, 0, 0, 0, 0, 2, 0, 0, 0, 0, 0, 0, 0, 2, 2, 2, 3, 2, 0, 1, 1, 4, 2, 5, 1, 6, 2, 4, 2, 4, 238, 0, 1, 0, 0, 1, 0]","[[0 1 0 0]
 [0 0 0 1]]",0.6863171689395562,-1,0
1111,"[1, 6, 0, 0, 1, 6, 0, 2, 0, 1, 0, 2, 0, 0, 0, 0, 0, 1, 0, 0, 2, 0, 0, 0, 0, 0, 0, 0, 0, 0, 0, 0, 1, 1, 2, 2, 0, 0, 2, 0, 0, 1, 1, 0, 2, 2, 0, 1, 0, 0, 0, 0, 0, 0, 0, 2, 0, 0, 0, 0, 0, 0, 0, 2, 2, 2, 3, 2, 0, 1, 1, 4, 2, 5, 1, 6, 2, 4, 2, 4, 238, 0, 1, 0, 0, 0, 1]",2,-0.16410769611853465,-1,1
1112,"[1, 6, 0, 0, 1, 6, 0, 2, 0, 1, 0, 2, 0, 0, 0, 0, 0, 1, 0, 0, 2, 0, 0, 0, 0, 0, 0, 0, 0, 0, 0, 0, 1, 1, 2, 2, 0, 0, 2, 0, 0, 1, 1, 0, 2, 2, 0, 1, 0, 0, 0, 0, 0, 0, 0, 2, 0, 0, 0, 0, 0, 0, 0, 2, 2, 2, 3, 2, 0, 1, 1, 4, 2, 5, 1, 6, 2, 4, 2, 4, 238, 0, 0, 1, 0, 0, 0]","[[0 1 0 0]
 [1 0 0 0]]",-0.16410769611853465,-1,1
1113,"[0, 7, 0, 0, 2, 5, 0, 2, 0, 1, 0, 2, 0, 0, 0, 0, 0, 1, 0, 0, 2, 0, 0, 0, 0, 0, 0, 0, 0, 0, 0, 0, 1, 1, 2, 2, 0, 0, 2, 0, 0, 1, 1, 0, 2, 2, 0, 1, 0, 0, 0, 0, 0, 0, 0, 2, 0, 0, 0, 0, 0, 0, 0, 2, 2, 2, 3, 2, 0, 1, 1, 4, 2, 5, 1, 6, 2, 4, 2, 4, 238, 0, 0, 0, 0, 0, 0]",0,-0.16410769611853465,-1,0
1114,"[0, 7, 0, 0, 2, 5, 0, 2, 0, 1, 0, 2, 0, 0, 0, 0, 0, 1, 0, 0, 2, 0, 0, 0, 0, 0, 0, 0, 0, 0, 0, 0, 1, 1, 2, 2, 0, 0, 2, 0, 0, 1, 1, 0, 2, 2, 0, 1, 0, 0, 0, 0, 0, 0, 0, 2, 0, 0, 0, 0, 0, 0, 0, 2, 2, 2, 3, 2, 0, 1, 1, 4, 2, 5, 1, 6, 2, 4, 2, 4, 238, 1, 0, 0, 0, 0, 0]",3,0.23589230388146537,-1,0
1115,"[0, 7, 0, 0, 2, 5, 0, 2, 0, 1, 0, 2, 0, 0, 0, 0, 0, 1, 0, 0, 2, 0, 0, 0, 0, 0, 0, 0, 0, 0, 0, 0, 1, 1, 2, 2, 0, 0, 2, 0, 0, 1, 1, 0, 2, 2, 0, 1, 0, 0, 0, 0, 0, 0, 0, 2, 0, 0, 0, 0, 0, 0, 0, 2, 2, 2, 3, 2, 0, 1, 1, 4, 2, 5, 1, 6, 2, 4, 2, 4, 238, 0, 0, 0, 0, 0, 0]",-1,-0.0046275288755171645,-1,0
1116,"[0, 7, 0, 0, 2, 5, 0, 2, 0, 1, 0, 2, 0, 0, 0, 0, 0, 1, 0, 0, 2, 0, 0, 0, 0, 0, 0, 0, 0, 0, 0, 0, 1, 1, 2, 2, 0, 0, 2, 0, 0, 1, 1, 0, 2, 2, 0, 1, 0, 0, 0, 0, 0, 0, 0, 2, 0, 0, 0, 0, 0, 0, 0, 2, 2, 2, 3, 2, 0, 1, 1, 4, 2, 5, 1, 6, 2, 4, 2, 4, 238, 0, 1, 0, 0, 0, 0]",2,0.4358923038814653,-1,0
1117,"[0, 7, 0, 0, 2, 5, 0, 2, 0, 1, 0, 2, 0, 0, 0, 0, 0, 1, 0, 0, 2, 0, 0, 0, 0, 0, 0, 0, 0, 0, 0, 0, 1, 1, 2, 2, 0, 0, 2, 0, 0, 1, 1, 0, 2, 2, 0, 1, 0, 0, 0, 0, 0, 0, 0, 2, 0, 0, 0, 0, 0, 0, 0, 2, 2, 2, 3, 2, 0, 1, 1, 4, 2, 5, 1, 6, 2, 4, 2, 4, 238, 0, 1, 0, 0, 1, 0]","[[0 1 0 0]
 [1 0 0 0]]",0.6863171689395562,-1,0
1118,"[0, 7, 0, 0, 2, 5, 0, 2, 0, 1, 0, 2, 0, 0, 0, 0, 0, 1, 0, 0, 2, 0, 0, 0, 0, 0, 0, 0, 0, 0, 0, 0, 1, 1, 2, 2, 0, 0, 2, 0, 0, 1, 1, 0, 2, 2, 0, 1, 0, 0, 0, 0, 0, 0, 0, 2, 0, 0, 0, 0, 0, 0, 0, 2, 2, 2, 3, 2, 0, 1, 1, 4, 2, 5, 1, 6, 2, 4, 2, 4, 238, 0, 0, 0, 0, 0, 0]",1,-4.164107696118535,-1,1
1119,"[0, 7, 0, 0, 2, 5, 0, 2, 0, 1, 0, 2, 0, 0, 0, 0, 0, 1, 0, 0, 2, 0, 0, 0, 0, 0, 0, 0, 0, 0, 0, 0, 1, 1, 2, 2, 0, 0, 2, 0, 0, 1, 1, 0, 2, 2, 0, 1, 0, 0, 0, 0, 0, 0, 0, 2, 0, 0, 0, 0, 0, 0, 0, 2, 2, 2, 3, 2, 0, 1, 1, 4, 2, 5, 1, 6, 2, 4, 2, 4, 238, 0, 1, 0, 0, 0, 0]",2,0.4358923038814653,-1,0
1120,"[0, 7, 0, 0, 2, 5, 0, 2, 0, 1, 0, 2, 0, 0, 0, 0, 0, 1, 0, 0, 2, 0, 0, 0, 0, 0, 0, 0, 0, 0, 0, 0, 1, 1, 2, 2, 0, 0, 2, 0, 0, 1, 1, 0, 2, 2, 0, 1, 0, 0, 0, 0, 0, 0, 0, 2, 0, 0, 0, 0, 0, 0, 0, 2, 2, 2, 3, 2, 0, 1, 1, 4, 2, 5, 1, 6, 2, 4, 2, 4, 238, 0, 1, 0, 0, 1, 0]","[[0 1 0 0]
 [0 0 0 1]]",0.6863171689395562,-1,0
1121,"[0, 7, 0, 0, 2, 5, 0, 2, 0, 1, 0, 2, 0, 0, 0, 0, 0, 1, 0, 0, 2, 0, 0, 0, 0, 0, 0, 0, 0, 0, 0, 0, 1, 1, 2, 2, 0, 0, 2, 0, 0, 1, 1, 0, 2, 2, 0, 1, 0, 0, 0, 0, 0, 0, 0, 2, 0, 0, 0, 0, 0, 0, 0, 2, 2, 2, 3, 2, 0, 1, 1, 4, 2, 5, 1, 6, 2, 4, 2, 4, 238, 0, 1, 0, 0, 0, 1]",2,-0.16410769611853465,-1,1
1122,"[0, 7, 0, 0, 2, 5, 0, 2, 0, 1, 0, 2, 0, 0, 0, 0, 0, 1, 0, 0, 2, 0, 0, 0, 0, 0, 0, 0, 0, 0, 0, 0, 1, 1, 2, 2, 0, 0, 2, 0, 0, 1, 1, 0, 2, 2, 0, 1, 0, 0, 0, 0, 0, 0, 0, 2, 0, 0, 0, 0, 0, 0, 0, 2, 2, 2, 3, 2, 0, 1, 1, 4, 2, 5, 1, 6, 2, 4, 2, 4, 238, 0, 0, 1, 0, 0, 0]","[[0 0 0 1]
 [0 2 0 0]]",-0.16410769611853465,-1,1
1123,"[0, 7, 0, 0, 2, 5, 0, 2, 0, 1, 0, 2, 0, 0, 0, 0, 0, 1, 0, 0, 2, 0, 0, 0, 0, 0, 0, 0, 0, 0, 0, 0, 1, 1, 2, 2, 0, 0, 2, 0, 0, 1, 1, 0, 2, 2, 0, 1, 0, 0, 0, 0, 0, 0, 0, 2, 0, 0, 0, 0, 0, 0, 0, 2, 2, 2, 3, 2, 0, 1, 1, 4, 2, 5, 1, 6, 2, 4, 2, 4, 238, 0, 0, 0, 0, 0, 0]",1,-2.2337021883103567,-1,0
1124,"[0, 8, 0, 0, 2, 6, 0, 2, 0, 1, 0, 2, 0, 0, 0, 0, 0, 1, 0, 0, 2, 0, 0, 0, 0, 0, 0, 0, 0, 0, 0, 0, 1, 1, 2, 2, 0, 0, 2, 0, 0, 1, 1, 0, 2, 2, 0, 1, 0, 0, 0, 0, 0, 0, 0, 2, 0, 0, 0, 0, 0, 0, 0, 2, 2, 2, 3, 2, 0, 1, 1, 4, 2, 5, 1, 6, 2, 4, 2, 4, 239, 0, 0, 0, 0, 0, 0]",4,12.060824866183264,-1,0
1125,"[0, 8, 0, 0, 2, 6, 0, 2, 0, 1, 0, 2, 0, 0, 0, 0, 0, 1, 0, 0, 2, 0, 0, 0, 0, 0, 0, 0, 0, 0, 0, 0, 1, 1, 2, 2, 0, 0, 2, 0, 0, 1, 1, 0, 2, 2, 0, 1, 0, 0, 0, 0, 0, 0, 0, 2, 0, 0, 0, 0, 0, 0, 0, 2, 2, 2, 3, 2, 0, 1, 1, 4, 2, 5, 1, 6, 2, 4, 2, 4, 239, 0, 1, 0, 0, 0, 0]",2,0.43472932940380093,-1,1
1126,"[0, 8, 0, 0, 2, 6, 0, 2, 0, 1, 0, 2, 0, 0, 0, 0, 0, 1, 0, 0, 2, 0, 0, 0, 0, 0, 0, 0, 0, 0, 0, 0, 1, 1, 2, 2, 0, 0, 2, 0, 0, 1, 1, 0, 2, 2, 0, 1, 0, 0, 0, 0, 0, 0, 0, 2, 0, 0, 0, 0, 0, 0, 0, 2, 2, 2, 3, 2, 0, 1, 1, 4, 2, 5, 1, 6, 2, 4, 2, 4, 239, 0, 1, 0, 0, 1, 0]","[[0 0 0 1]
 [0 1 0 0]]",0.6851541944618919,-1,1
1127,"[0, 7, 0, 1, 2, 7, 0, 1, 0, 1, 0, 2, 0, 0, 0, 0, 0, 1, 0, 0, 2, 0, 0, 0, 0, 0, 0, 0, 0, 0, 0, 0, 1, 1, 2, 2, 0, 0, 2, 0, 0, 1, 1, 0, 2, 2, 0, 1, 0, 0, 0, 0, 0, 0, 0, 2, 0, 0, 0, 0, 0, 0, 0, 2, 2, 2, 3, 2, 0, 1, 1, 4, 2, 5, 1, 6, 2, 4, 2, 4, 239, 0, 0, 0, 0, 0, 0]",0,-0.16527067059619902,-1,0
1128,"[0, 7, 0, 1, 2, 7, 0, 1, 0, 1, 0, 2, 0, 0, 0, 0, 0, 1, 0, 0, 2, 0, 0, 0, 0, 0, 0, 0, 0, 0, 0, 0, 1, 1, 2, 2, 0, 0, 2, 0, 0, 1, 1, 0, 2, 2, 0, 1, 0, 0, 0, 0, 0, 0, 0, 2, 0, 0, 0, 0, 0, 0, 0, 2, 2, 2, 3, 2, 0, 1, 1, 4, 2, 5, 1, 6, 2, 4, 2, 4, 240, 0, 0, 0, 0, 0, 0]",4,13.843253099264818,-1,1
1129,"[0, 7, 0, 1, 2, 7, 0, 1, 0, 1, 0, 2, 0, 0, 0, 0, 0, 1, 0, 0, 2, 0, 0, 0, 0, 0, 0, 0, 0, 0, 0, 0, 1, 1, 2, 2, 0, 0, 2, 0, 0, 1, 1, 0, 2, 2, 0, 1, 0, 0, 0, 0, 0, 0, 0, 2, 0, 0, 0, 0, 0, 0, 0, 2, 2, 2, 3, 2, 0, 1, 1, 4, 2, 5, 1, 6, 2, 4, 2, 4, 240, 0, 0, 0, 0, 0, 0]",0,0.32857106980379835,-1,0
1130,"[0, 7, 0, 1, 2, 7, 0, 1, 0, 1, 0, 2, 0, 0, 0, 0, 0, 1, 0, 0, 2, 0, 0, 0, 0, 0, 0, 0, 0, 0, 0, 0, 1, 1, 2, 2, 0, 0, 2, 0, 0, 1, 1, 0, 2, 2, 0, 1, 0, 0, 0, 0, 0, 0, 0, 2, 0, 0, 0, 0, 0, 0, 0, 2, 2, 2, 3, 2, 0, 1, 1, 4, 2, 5, 1, 6, 2, 4, 2, 4, 240, 0, 0, 0, 0, 0, 0]",-1,-0.004535897664470626,-1,0
1131,"[0, 7, 0, 2, 2, 7, 0, 2, 0, 1, 0, 2, 0, 0, 0, 0, 0, 1, 0, 0, 2, 0, 0, 0, 0, 0, 0, 0, 0, 0, 0, 0, 1, 1, 2, 2, 0, 0, 2, 0, 0, 1, 1, 0, 2, 2, 0, 1, 0, 0, 0, 0, 0, 0, 0, 2, 0, 0, 0, 0, 0, 0, 0, 2, 2, 2, 3, 2, 0, 1, 1, 4, 2, 5, 1, 6, 2, 4, 2, 4, 241, 0, 0, 0, 0, 0, 0]",4,13.923838137877098,-1,1
1132,"[0, 8, 0, 2, 2, 8, 0, 2, 0, 1, 0, 2, 0, 0, 0, 0, 0, 1, 0, 0, 2, 0, 0, 0, 0, 0, 0, 0, 0, 0, 0, 0, 1, 1, 2, 2, 0, 0, 2, 0, 0, 1, 1, 0, 2, 2, 0, 1, 0, 0, 0, 0, 0, 0, 0, 2, 0, 0, 0, 0, 0, 0, 0, 2, 2, 2, 3, 2, 0, 1, 1, 4, 2, 5, 1, 6, 2, 4, 2, 4, 242, 0, 0, 0, 0, 0, 0]",4,12.293594973121925,-1,0
1133,"[0, 4, 0, 1, 1, 4, 0, 1, 0, 1, 0, 2, 0, 0, 0, 0, 0, 1, 0, 0, 2, 0, 0, 0, 0, 0, 0, 0, 0, 0, 0, 0, 1, 1, 2, 2, 0, 0, 2, 0, 0, 1, 1, 0, 2, 2, 0, 1, 0, 0, 0, 0, 0, 0, 0, 2, 0, 0, 0, 0, 0, 0, 0, 2, 2, 2, 3, 2, 0, 1, 1, 4, 2, 5, 1, 6, 2, 4, 2, 4, 243, 0, 0, 0, 0, 0, 0]",4,13.98503462106656,-1,1
1134,"[0, 5, 0, 1, 1, 5, 0, 1, 0, 1, 0, 2, 0, 0, 0, 0, 0, 1, 0, 0, 2, 0, 0, 0, 0, 0, 0, 0, 0, 0, 0, 0, 1, 1, 2, 2, 0, 0, 2, 0, 0, 1, 1, 0, 2, 2, 0, 1, 0, 0, 0, 0, 0, 0, 0, 2, 0, 0, 0, 0, 0, 0, 0, 2, 2, 2, 3, 2, 0, 1, 1, 4, 2, 5, 1, 6, 2, 4, 2, 4, 244, 0, 0, 0, 0, 0, 0]",4,12.313727496515378,-1,0
1135,"[0, 5, 0, 1, 1, 5, 0, 1, 0, 1, 0, 2, 0, 0, 0, 0, 0, 1, 0, 0, 2, 0, 0, 0, 0, 0, 0, 0, 0, 0, 0, 0, 1, 1, 2, 2, 0, 0, 2, 0, 0, 1, 1, 0, 2, 2, 0, 1, 0, 0, 0, 0, 0, 0, 0, 2, 0, 0, 0, 0, 0, 0, 0, 2, 2, 2, 3, 2, 0, 1, 1, 4, 2, 5, 1, 6, 2, 4, 2, 4, 244, 0, 1, 0, 0, 0, 0]",2,0.4293580679602764,-1,1
1136,"[0, 5, 0, 1, 1, 5, 0, 1, 0, 1, 0, 2, 0, 0, 0, 0, 0, 1, 0, 0, 2, 0, 0, 0, 0, 0, 0, 0, 0, 0, 0, 0, 1, 1, 2, 2, 0, 0, 2, 0, 0, 1, 1, 0, 2, 2, 0, 1, 0, 0, 0, 0, 0, 0, 0, 2, 0, 0, 0, 0, 0, 0, 0, 2, 2, 2, 3, 2, 0, 1, 1, 4, 2, 5, 1, 6, 2, 4, 2, 4, 244, 0, 1, 0, 0, 1, 0]","[[1 0 0 0]
 [0 0 0 1]]",0.6797829330183673,-1,1
1137,"[0, 5, 0, 1, 1, 5, 0, 1, 0, 1, 0, 2, 0, 0, 0, 0, 0, 1, 0, 0, 2, 0, 0, 0, 0, 0, 0, 0, 0, 0, 0, 0, 1, 1, 2, 2, 0, 0, 2, 0, 0, 1, 1, 0, 2, 2, 0, 1, 0, 0, 0, 0, 0, 0, 0, 2, 0, 0, 0, 0, 0, 0, 0, 2, 2, 2, 3, 2, 0, 1, 1, 4, 2, 5, 1, 6, 2, 4, 2, 4, 244, 0, 0, 0, 0, 0, 0]",1,-0.17064193203972353,-1,0
1138,"[0, 5, 0, 1, 2, 5, 0, 1, 0, 1, 0, 2, 0, 0, 0, 0, 0, 1, 0, 0, 2, 0, 0, 0, 0, 0, 0, 0, 0, 0, 0, 0, 1, 1, 2, 2, 0, 0, 2, 0, 0, 1, 1, 0, 2, 2, 0, 1, 0, 0, 0, 0, 0, 0, 0, 2, 0, 0, 0, 0, 0, 0, 0, 2, 2, 2, 3, 2, 0, 1, 1, 4, 2, 5, 1, 6, 2, 4, 2, 4, 245, 0, 0, 0, 0, 0, 0]",4,13.975138176932976,-1,1
1139,"[0, 5, 0, 1, 2, 5, 0, 1, 0, 1, 0, 2, 0, 0, 0, 0, 0, 1, 0, 0, 2, 0, 0, 0, 0, 0, 0, 0, 0, 0, 0, 0, 1, 1, 2, 2, 0, 0, 2, 0, 0, 1, 1, 0, 2, 2, 0, 1, 0, 0, 0, 0, 0, 0, 0, 2, 0, 0, 0, 0, 0, 0, 0, 2, 2, 2, 3, 2, 0, 1, 1, 4, 2, 5, 1, 6, 2, 4, 2, 4, 245, 0, 1, 0, 0, 0, 0]",2,0.4283702129800975,-1,0
1140,"[0, 5, 0, 1, 2, 5, 0, 1, 0, 1, 0, 2, 0, 0, 0, 0, 0, 1, 0, 0, 2, 0, 0, 0, 0, 0, 0, 0, 0, 0, 0, 0, 1, 1, 2, 2, 0, 0, 2, 0, 0, 1, 1, 0, 2, 2, 0, 1, 0, 0, 0, 0, 0, 0, 0, 2, 0, 0, 0, 0, 0, 0, 0, 2, 2, 2, 3, 2, 0, 1, 1, 4, 2, 5, 1, 6, 2, 4, 2, 4, 245, 0, 1, 0, 0, 1, 0]","[[0 0 0 1]
 [1 0 0 0]]",0.6787950780381884,-1,0
1141,"[0, 5, 0, 1, 2, 5, 0, 1, 0, 1, 0, 2, 0, 0, 0, 0, 0, 1, 0, 0, 2, 0, 0, 0, 0, 0, 0, 0, 0, 0, 0, 0, 1, 1, 2, 2, 0, 0, 2, 0, 0, 1, 1, 0, 2, 2, 0, 1, 0, 0, 0, 0, 0, 0, 0, 2, 0, 0, 0, 0, 0, 0, 0, 2, 2, 2, 3, 2, 0, 1, 1, 4, 2, 5, 1, 6, 2, 4, 2, 4, 245, 0, 1, 0, 0, 0, 1]",2,-0.17162978701990247,-1,1
1142,"[0, 5, 0, 1, 2, 5, 0, 1, 0, 1, 0, 2, 0, 0, 0, 0, 0, 1, 0, 0, 2, 0, 0, 0, 0, 0, 0, 0, 0, 0, 0, 0, 1, 1, 2, 2, 0, 0, 2, 0, 0, 1, 1, 0, 2, 2, 0, 1, 0, 0, 0, 0, 0, 0, 0, 2, 0, 0, 0, 0, 0, 0, 0, 2, 2, 2, 3, 2, 0, 1, 1, 4, 2, 5, 1, 6, 2, 4, 2, 4, 245, 0, 0, 1, 0, 0, 0]","[[1 0 0 0]
 [0 0 0 1]]",-0.17162978701990247,-1,1
1143,"[1, 5, 0, 0, 1, 5, 0, 2, 0, 1, 0, 2, 0, 0, 0, 0, 0, 1, 0, 0, 2, 0, 0, 0, 0, 0, 0, 0, 0, 0, 0, 0, 1, 1, 2, 2, 0, 0, 2, 0, 0, 1, 1, 0, 2, 2, 0, 1, 0, 0, 0, 0, 0, 0, 0, 2, 0, 0, 0, 0, 0, 0, 0, 2, 2, 2, 3, 2, 0, 1, 1, 4, 2, 5, 1, 6, 2, 4, 2, 4, 245, 0, 0, 0, 0, 0, 0]",0,-0.17162978701990247,-1,0
1144,"[1, 5, 0, 0, 1, 5, 0, 2, 0, 1, 0, 2, 0, 0, 0, 0, 0, 1, 0, 0, 2, 0, 0, 0, 0, 0, 0, 0, 0, 0, 0, 0, 1, 1, 2, 2, 0, 0, 2, 0, 0, 1, 1, 0, 2, 2, 0, 1, 0, 0, 0, 0, 0, 0, 0, 2, 0, 0, 0, 0, 0, 0, 0, 2, 2, 2, 3, 2, 0, 1, 1, 4, 2, 5, 1, 6, 2, 4, 2, 4, 245, 0, 0, 0, 0, 0, 0]",0,0.3233449598106808,-1,0
1145,"[1, 5, 0, 0, 1, 5, 0, 2, 0, 1, 0, 2, 0, 0, 0, 0, 0, 1, 0, 0, 2, 0, 0, 0, 0, 0, 0, 0, 0, 0, 0, 0, 1, 1, 2, 2, 0, 0, 2, 0, 0, 1, 1, 0, 2, 2, 0, 1, 0, 0, 0, 0, 0, 0, 0, 2, 0, 0, 0, 0, 0, 0, 0, 2, 2, 2, 3, 2, 0, 1, 1, 4, 2, 5, 1, 6, 2, 4, 2, 4, 245, 0, 0, 0, 0, 0, 0]",-1,-0.004314679324968525,-1,0
1146,"[1, 5, 0, 0, 1, 5, 0, 2, 0, 1, 0, 2, 0, 0, 0, 0, 0, 1, 0, 0, 2, 0, 0, 0, 0, 0, 0, 0, 0, 0, 0, 0, 1, 1, 2, 2, 0, 0, 2, 0, 0, 1, 1, 0, 2, 2, 0, 1, 0, 0, 0, 0, 0, 0, 0, 2, 0, 0, 0, 0, 0, 0, 0, 2, 2, 2, 3, 2, 0, 1, 1, 4, 2, 5, 1, 6, 2, 4, 2, 4, 245, 0, 0, 0, 0, 0, 0]",0,0.3233449598106808,-1,0
1147,"[1, 5, 0, 0, 1, 5, 0, 2, 0, 1, 0, 2, 0, 0, 0, 0, 0, 1, 0, 0, 2, 0, 0, 0, 0, 0, 0, 0, 0, 0, 0, 0, 1, 1, 2, 2, 0, 0, 2, 0, 0, 1, 1, 0, 2, 2, 0, 1, 0, 0, 0, 0, 0, 0, 0, 2, 0, 0, 0, 0, 0, 0, 0, 2, 2, 2, 3, 2, 0, 1, 1, 4, 2, 5, 1, 6, 2, 4, 2, 4, 245, 0, 0, 0, 0, 0, 0]",-1,-0.004314679324968525,-1,0
1148,"[1, 5, 0, 0, 1, 5, 0, 2, 0, 1, 0, 2, 0, 0, 0, 0, 0, 1, 0, 0, 2, 0, 0, 0, 0, 0, 0, 0, 0, 0, 0, 0, 1, 1, 2, 2, 0, 0, 2, 0, 0, 1, 1, 0, 2, 2, 0, 1, 0, 0, 0, 0, 0, 0, 0, 2, 0, 0, 0, 0, 0, 0, 0, 2, 2, 2, 3, 2, 0, 1, 1, 4, 2, 5, 1, 6, 2, 4, 2, 4, 245, 0, 0, 0, 0, 0, 0]",0,0.3233449598106808,-1,0
1149,"[1, 5, 0, 0, 1, 5, 0, 2, 0, 1, 0, 2, 0, 0, 0, 0, 0, 1, 0, 0, 2, 0, 0, 0, 0, 0, 0, 0, 0, 0, 0, 0, 1, 1, 2, 2, 0, 0, 2, 0, 0, 1, 1, 0, 2, 2, 0, 1, 0, 0, 0, 0, 0, 0, 0, 2, 0, 0, 0, 0, 0, 0, 0, 2, 2, 2, 3, 2, 0, 1, 1, 4, 2, 5, 1, 6, 2, 4, 2, 4, 245, 0, 0, 0, 0, 0, 0]",-1,-0.004314679324968525,-1,0
1150,"[1, 5, 0, 0, 1, 5, 0, 2, 0, 1, 0, 2, 0, 0, 0, 0, 0, 1, 0, 0, 2, 0, 0, 0, 0, 0, 0, 0, 0, 0, 0, 0, 1, 1, 2, 2, 0, 0, 2, 0, 0, 1, 1, 0, 2, 2, 0, 1, 0, 0, 0, 0, 0, 0, 0, 2, 0, 0, 0, 0, 0, 0, 0, 2, 2, 2, 3, 2, 0, 1, 1, 4, 2, 5, 1, 6, 2, 4, 2, 4, 245, 0, 0, 0, 0, 0, 0]",0,0.3233449598106808,-1,0
1151,"[1, 5, 0, 0, 1, 5, 0, 2, 0, 1, 0, 2, 0, 0, 0, 0, 0, 1, 0, 0, 2, 0, 0, 0, 0, 0, 0, 0, 0, 0, 0, 0, 1, 1, 2, 2, 0, 0, 2, 0, 0, 1, 1, 0, 2, 2, 0, 1, 0, 0, 0, 0, 0, 0, 0, 2, 0, 0, 0, 0, 0, 0, 0, 2, 2, 2, 3, 2, 0, 1, 1, 4, 2, 5, 1, 6, 2, 4, 2, 4, 245, 0, 0, 0, 0, 0, 0]",-1,-0.004314679324968525,-1,0
1152,"[1, 5, 0, 0, 1, 5, 0, 2, 0, 1, 0, 2, 0, 0, 0, 0, 0, 1, 0, 0, 2, 0, 0, 0, 0, 0, 0, 0, 0, 0, 0, 0, 1, 1, 2, 2, 0, 0, 2, 0, 0, 1, 1, 0, 2, 2, 0, 1, 0, 0, 0, 0, 0, 0, 0, 2, 0, 0, 0, 0, 0, 0, 0, 2, 2, 2, 3, 2, 0, 1, 1, 4, 2, 5, 1, 6, 2, 4, 2, 4, 245, 0, 0, 0, 0, 0, 0]",0,0.3233449598106808,-1,0
1153,"[1, 5, 0, 0, 1, 5, 0, 2, 0, 1, 0, 2, 0, 0, 0, 0, 0, 1, 0, 0, 2, 0, 0, 0, 0, 0, 0, 0, 0, 0, 0, 0, 1, 1, 2, 2, 0, 0, 2, 0, 0, 1, 1, 0, 2, 2, 0, 1, 0, 0, 0, 0, 0, 0, 0, 2, 0, 0, 0, 0, 0, 0, 0, 2, 2, 2, 3, 2, 0, 1, 1, 4, 2, 5, 1, 6, 2, 4, 2, 4, 245, 0, 0, 0, 0, 0, 0]",-1,-0.004314679324968525,-1,0
1154,"[1, 5, 0, 0, 1, 5, 0, 2, 0, 1, 0, 2, 0, 0, 0, 0, 0, 1, 0, 0, 2, 0, 0, 0, 0, 0, 0, 0, 0, 0, 0, 0, 1, 1, 2, 2, 0, 0, 2, 0, 0, 1, 1, 0, 2, 2, 0, 1, 0, 0, 0, 0, 0, 0, 0, 2, 0, 0, 0, 0, 0, 0, 0, 2, 2, 2, 3, 2, 0, 1, 1, 4, 2, 5, 1, 6, 2, 4, 2, 4, 245, 0, 0, 0, 0, 0, 0]",0,0.3233449598106808,-1,0
1155,"[1, 5, 0, 0, 1, 5, 0, 2, 0, 1, 0, 2, 0, 0, 0, 0, 0, 1, 0, 0, 2, 0, 0, 0, 0, 0, 0, 0, 0, 0, 0, 0, 1, 1, 2, 2, 0, 0, 2, 0, 0, 1, 1, 0, 2, 2, 0, 1, 0, 0, 0, 0, 0, 0, 0, 2, 0, 0, 0, 0, 0, 0, 0, 2, 2, 2, 3, 2, 0, 1, 1, 4, 2, 5, 1, 6, 2, 4, 2, 4, 245, 0, 0, 0, 0, 0, 0]",-1,-0.004314679324968525,-1,0
1156,"[1, 5, 0, 0, 1, 5, 0, 2, 0, 1, 0, 2, 0, 0, 0, 0, 0, 1, 0, 0, 2, 0, 0, 0, 0, 0, 0, 0, 0, 0, 0, 0, 1, 1, 2, 2, 0, 0, 2, 0, 0, 1, 1, 0, 2, 2, 0, 1, 0, 0, 0, 0, 0, 0, 0, 2, 0, 0, 0, 0, 0, 0, 0, 2, 2, 2, 3, 2, 0, 1, 1, 4, 2, 5, 1, 6, 2, 4, 2, 4, 245, 0, 0, 0, 0, 0, 0]",0,0.3233449598106808,-1,0
1157,"[1, 5, 0, 0, 1, 5, 0, 2, 0, 1, 0, 2, 0, 0, 0, 0, 0, 1, 0, 0, 2, 0, 0, 0, 0, 0, 0, 0, 0, 0, 0, 0, 1, 1, 2, 2, 0, 0, 2, 0, 0, 1, 1, 0, 2, 2, 0, 1, 0, 0, 0, 0, 0, 0, 0, 2, 0, 0, 0, 0, 0, 0, 0, 2, 2, 2, 3, 2, 0, 1, 1, 4, 2, 5, 1, 6, 2, 4, 2, 4, 245, 0, 0, 0, 0, 0, 0]",-1,-0.004314679324968525,-1,0
1158,"[1, 5, 0, 0, 1, 5, 0, 2, 0, 1, 0, 2, 0, 0, 0, 0, 0, 1, 0, 0, 2, 0, 0, 0, 0, 0, 0, 0, 0, 0, 0, 0, 1, 1, 2, 2, 0, 0, 2, 0, 0, 1, 1, 0, 2, 2, 0, 1, 0, 0, 0, 0, 0, 0, 0, 2, 0, 0, 0, 0, 0, 0, 0, 2, 2, 2, 3, 2, 0, 1, 1, 4, 2, 5, 1, 6, 2, 4, 2, 4, 245, 0, 0, 0, 0, 0, 0]",0,0.3233449598106808,-1,0
1159,"[1, 5, 0, 0, 1, 5, 0, 2, 0, 1, 0, 2, 0, 0, 0, 0, 0, 1, 0, 0, 2, 0, 0, 0, 0, 0, 0, 0, 0, 0, 0, 0, 1, 1, 2, 2, 0, 0, 2, 0, 0, 1, 1, 0, 2, 2, 0, 1, 0, 0, 0, 0, 0, 0, 0, 2, 0, 0, 0, 0, 0, 0, 0, 2, 2, 2, 3, 2, 0, 1, 1, 4, 2, 5, 1, 6, 2, 4, 2, 4, 245, 0, 0, 0, 0, 0, 0]",-1,-0.004314679324968525,-1,0
1160,"[1, 5, 0, 1, 1, 5, 0, 3, 0, 1, 0, 2, 0, 0, 0, 0, 0, 1, 0, 0, 2, 0, 0, 0, 0, 0, 0, 0, 0, 0, 0, 0, 1, 1, 2, 2, 0, 0, 2, 0, 0, 1, 1, 0, 2, 2, 0, 1, 0, 0, 0, 0, 0, 0, 0, 2, 0, 0, 0, 0, 0, 0, 0, 2, 2, 2, 3, 2, 0, 1, 1, 4, 2, 5, 1, 6, 2, 4, 2, 4, 246, 0, 0, 0, 0, 0, 0]",4,12.47266287855796,-1,0
1161,"[1, 5, 0, 1, 2, 5, 0, 3, 0, 1, 0, 2, 0, 0, 0, 0, 0, 1, 0, 0, 2, 0, 0, 0, 0, 0, 0, 0, 0, 0, 0, 0, 1, 1, 2, 2, 0, 0, 2, 0, 0, 1, 1, 0, 2, 2, 0, 1, 0, 0, 0, 0, 0, 0, 0, 2, 0, 0, 0, 0, 0, 0, 0, 2, 2, 2, 3, 2, 0, 1, 1, 4, 2, 5, 1, 6, 2, 4, 2, 4, 247, 0, 0, 0, 0, 0, 0]",4,14.091570485267754,-1,1
1162,"[1, 5, 0, 1, 2, 5, 0, 3, 0, 1, 0, 2, 0, 0, 0, 0, 0, 1, 0, 0, 2, 0, 0, 0, 0, 0, 0, 0, 0, 0, 0, 0, 1, 1, 2, 2, 0, 0, 2, 0, 0, 1, 1, 0, 2, 2, 0, 1, 0, 0, 0, 0, 0, 0, 0, 2, 0, 0, 0, 0, 0, 0, 0, 2, 2, 2, 3, 2, 0, 1, 1, 4, 2, 5, 1, 6, 2, 4, 2, 4, 247, 0, 0, 0, 0, 0, 0]",1,0.6361018898080298,-1,0
1163,"[1, 5, 0, 1, 2, 5, 0, 3, 0, 1, 0, 2, 0, 0, 0, 0, 0, 1, 0, 0, 2, 0, 0, 0, 0, 0, 0, 0, 0, 0, 0, 0, 1, 1, 2, 2, 0, 0, 2, 0, 0, 1, 1, 0, 2, 2, 0, 1, 0, 0, 0, 0, 0, 0, 0, 2, 0, 0, 0, 0, 0, 0, 0, 2, 2, 2, 3, 2, 0, 1, 1, 4, 2, 5, 1, 6, 2, 4, 2, 4, 247, 0, 0, 0, 0, 0, 0]",-1,-0.004229242950078235,-1,0
1164,"[1, 5, 0, 1, 2, 5, 0, 3, 0, 1, 0, 2, 0, 0, 0, 0, 0, 1, 0, 0, 2, 0, 0, 0, 0, 0, 0, 0, 0, 0, 0, 0, 1, 1, 2, 2, 0, 0, 2, 0, 0, 1, 1, 0, 2, 2, 0, 1, 0, 0, 0, 0, 0, 0, 0, 2, 0, 0, 0, 0, 0, 0, 0, 2, 2, 2, 3, 2, 0, 1, 1, 4, 2, 5, 1, 6, 2, 4, 2, 4, 247, 0, 0, 0, 0, 0, 0]",1,0.6361018898080298,-1,0
1165,"[1, 5, 0, 1, 2, 5, 0, 3, 0, 1, 0, 2, 0, 0, 0, 0, 0, 1, 0, 0, 2, 0, 0, 0, 0, 0, 0, 0, 0, 0, 0, 0, 1, 1, 2, 2, 0, 0, 2, 0, 0, 1, 1, 0, 2, 2, 0, 1, 0, 0, 0, 0, 0, 0, 0, 2, 0, 0, 0, 0, 0, 0, 0, 2, 2, 2, 3, 2, 0, 1, 1, 4, 2, 5, 1, 6, 2, 4, 2, 4, 247, 0, 0, 0, 0, 0, 0]",-1,-0.004229242950078235,-1,0
1166,"[1, 5, 0, 1, 2, 5, 0, 3, 0, 1, 0, 2, 0, 0, 0, 0, 0, 1, 0, 0, 2, 0, 0, 0, 0, 0, 0, 0, 0, 0, 0, 0, 1, 1, 2, 2, 0, 0, 2, 0, 0, 1, 1, 0, 2, 2, 0, 1, 0, 0, 0, 0, 0, 0, 0, 2, 0, 0, 0, 0, 0, 0, 0, 2, 2, 2, 3, 2, 0, 1, 1, 4, 2, 5, 1, 6, 2, 4, 2, 4, 247, 1, 0, 0, 0, 0, 0]",3,0.2264777747084131,-1,0
1167,"[1, 5, 0, 1, 2, 5, 0, 3, 0, 1, 0, 2, 0, 0, 0, 0, 0, 1, 0, 0, 2, 0, 0, 0, 0, 0, 0, 0, 0, 0, 0, 0, 1, 1, 2, 2, 0, 0, 2, 0, 0, 1, 1, 0, 2, 2, 0, 1, 0, 0, 0, 0, 0, 0, 0, 2, 0, 0, 0, 0, 0, 0, 0, 2, 2, 2, 3, 2, 0, 1, 1, 4, 2, 5, 1, 6, 2, 4, 2, 4, 247, 0, 0, 0, 0, 0, 0]",-1,-0.004229242950078235,-1,0
1168,"[1, 5, 0, 1, 2, 5, 0, 3, 0, 1, 0, 2, 0, 0, 0, 0, 0, 1, 0, 0, 2, 0, 0, 0, 0, 0, 0, 0, 0, 0, 0, 0, 1, 1, 2, 2, 0, 0, 2, 0, 0, 1, 1, 0, 2, 2, 0, 1, 0, 0, 0, 0, 0, 0, 0, 2, 0, 0, 0, 0, 0, 0, 0, 2, 2, 2, 3, 2, 0, 1, 1, 4, 2, 5, 1, 6, 2, 4, 2, 4, 247, 0, 0, 0, 0, 0, 0]",1,0.6361018898080298,-1,0
1169,"[1, 5, 0, 1, 2, 5, 0, 3, 0, 1, 0, 2, 0, 0, 0, 0, 0, 1, 0, 0, 2, 0, 0, 0, 0, 0, 0, 0, 0, 0, 0, 0, 1, 1, 2, 2, 0, 0, 2, 0, 0, 1, 1, 0, 2, 2, 0, 1, 0, 0, 0, 0, 0, 0, 0, 2, 0, 0, 0, 0, 0, 0, 0, 2, 2, 2, 3, 2, 0, 1, 1, 4, 2, 5, 1, 6, 2, 4, 2, 4, 247, 0, 0, 0, 0, 0, 0]",-1,-0.004229242950078235,-1,0
1170,"[1, 6, 0, 1, 2, 6, 0, 3, 0, 1, 0, 2, 0, 0, 0, 0, 0, 1, 0, 0, 2, 0, 0, 0, 0, 0, 0, 0, 0, 0, 0, 0, 1, 1, 2, 2, 0, 0, 2, 0, 0, 1, 1, 0, 2, 2, 0, 1, 0, 0, 0, 0, 0, 0, 0, 2, 0, 0, 0, 0, 0, 0, 0, 2, 2, 2, 3, 2, 0, 1, 1, 4, 2, 5, 1, 6, 2, 4, 2, 4, 248, 0, 0, 0, 0, 0, 0]",4,12.396581168086175,-1,0
1171,"[1, 3, 0, 1, 1, 3, 0, 1, 0, 1, 0, 2, 0, 0, 0, 0, 0, 1, 0, 0, 2, 0, 0, 0, 0, 0, 0, 0, 0, 0, 0, 0, 1, 1, 2, 2, 0, 0, 2, 0, 0, 1, 1, 0, 2, 2, 0, 1, 0, 0, 0, 0, 0, 0, 0, 2, 0, 0, 0, 0, 0, 0, 0, 2, 2, 2, 3, 2, 0, 1, 1, 4, 2, 5, 1, 6, 2, 4, 2, 2, 249, 0, 0, 0, 0, 0, 0]",4,14.146023198387697,-1,1
1172,"[1, 3, 0, 1, 1, 3, 0, 1, 0, 1, 0, 2, 0, 0, 0, 0, 0, 1, 0, 0, 2, 0, 0, 0, 0, 0, 0, 0, 0, 0, 0, 0, 1, 1, 2, 2, 0, 0, 2, 0, 0, 1, 1, 0, 2, 2, 0, 1, 0, 0, 0, 0, 0, 0, 0, 2, 0, 0, 0, 0, 0, 0, 0, 2, 2, 2, 3, 2, 0, 1, 1, 4, 2, 5, 1, 6, 2, 4, 2, 2, 249, 0, 1, 0, 0, 0, 0]",2,0.4246934095130448,-1,0
1173,"[1, 3, 0, 1, 1, 3, 0, 1, 0, 1, 0, 2, 0, 0, 0, 0, 0, 1, 0, 0, 2, 0, 0, 0, 0, 0, 0, 0, 0, 0, 0, 0, 1, 1, 2, 2, 0, 0, 2, 0, 0, 1, 1, 0, 2, 2, 0, 1, 0, 0, 0, 0, 0, 0, 0, 2, 0, 0, 0, 0, 0, 0, 0, 2, 2, 2, 3, 2, 0, 1, 1, 4, 2, 5, 1, 6, 2, 4, 2, 2, 249, 0, 0, 0, 0, 0, 0]",-1,-0.004145498328758633,-1,0
1174,"[1, 3, 0, 1, 1, 3, 0, 1, 0, 1, 0, 2, 0, 0, 0, 0, 0, 1, 0, 0, 2, 0, 0, 0, 0, 0, 0, 0, 0, 0, 0, 0, 1, 1, 2, 2, 0, 0, 2, 0, 0, 1, 1, 0, 2, 2, 0, 1, 0, 0, 0, 0, 0, 0, 0, 2, 0, 0, 0, 0, 0, 0, 0, 2, 2, 2, 3, 2, 0, 1, 1, 4, 2, 5, 1, 6, 2, 4, 2, 2, 249, 0, 0, 0, 0, 0, 0]",1,0.6343175246126616,-1,0
1175,"[1, 3, 0, 1, 1, 3, 0, 1, 0, 1, 0, 2, 0, 0, 0, 0, 0, 1, 0, 0, 2, 0, 0, 0, 0, 0, 0, 0, 0, 0, 0, 0, 1, 1, 2, 2, 0, 0, 2, 0, 0, 1, 1, 0, 2, 2, 0, 1, 0, 0, 0, 0, 0, 0, 0, 2, 0, 0, 0, 0, 0, 0, 0, 2, 2, 2, 3, 2, 0, 1, 1, 4, 2, 5, 1, 6, 2, 4, 2, 2, 249, 0, 0, 0, 0, 0, 0]",-1,-0.004145498328758633,-1,0
1176,"[1, 3, 0, 2, 1, 3, 0, 2, 0, 1, 0, 2, 0, 0, 0, 0, 0, 1, 0, 0, 2, 0, 0, 0, 0, 0, 0, 0, 0, 0, 0, 0, 1, 1, 2, 2, 0, 0, 2, 0, 0, 1, 1, 0, 2, 2, 0, 1, 0, 0, 0, 0, 0, 0, 0, 2, 0, 0, 0, 0, 0, 0, 0, 2, 2, 2, 3, 2, 0, 1, 1, 4, 2, 5, 1, 6, 2, 4, 2, 2, 250, 0, 0, 0, 0, 0, 0]",4,12.774386049676455,-1,0
1177,"[1, 3, 0, 2, 1, 3, 0, 2, 0, 1, 0, 2, 0, 0, 0, 0, 0, 1, 0, 0, 2, 0, 0, 0, 0, 0, 0, 0, 0, 0, 0, 0, 1, 1, 2, 2, 0, 0, 2, 0, 0, 1, 1, 0, 2, 2, 0, 1, 0, 0, 0, 0, 0, 0, 0, 2, 0, 0, 0, 0, 0, 0, 0, 2, 2, 2, 3, 2, 0, 1, 1, 4, 2, 5, 1, 6, 2, 4, 2, 2, 250, 0, 1, 0, 0, 0, 0]",2,0.4238405844044235,-1,1
1178,"[1, 3, 0, 2, 1, 3, 0, 2, 0, 1, 0, 2, 0, 0, 0, 0, 0, 1, 0, 0, 2, 0, 0, 0, 0, 0, 0, 0, 0, 0, 0, 0, 1, 1, 2, 2, 0, 0, 2, 0, 0, 1, 1, 0, 2, 2, 0, 1, 0, 0, 0, 0, 0, 0, 0, 2, 0, 0, 0, 0, 0, 0, 0, 2, 2, 2, 3, 2, 0, 1, 1, 4, 2, 5, 1, 6, 2, 4, 2, 2, 250, 0, 1, 0, 0, 1, 0]","[[1 0 0 0]
 [0 1 0 0]]",0.6742654494625144,-1,1
1179,"[1, 3, 0, 2, 1, 3, 0, 2, 0, 1, 0, 2, 0, 0, 0, 0, 0, 1, 0, 0, 2, 0, 0, 0, 0, 0, 0, 0, 0, 0, 0, 0, 1, 1, 2, 2, 0, 0, 2, 0, 0, 1, 1, 0, 2, 2, 0, 1, 0, 0, 0, 0, 0, 0, 0, 2, 0, 0, 0, 0, 0, 0, 0, 2, 2, 2, 3, 2, 0, 1, 1, 4, 2, 5, 1, 6, 2, 4, 2, 2, 250, 0, 0, 0, 0, 0, 0]",1,-0.1761594155955765,-1,0
1180,"[1, 3, 0, 3, 1, 3, 0, 3, 0, 1, 0, 2, 0, 0, 0, 0, 0, 1, 0, 0, 2, 0, 0, 0, 0, 0, 0, 0, 0, 0, 0, 0, 1, 1, 2, 2, 0, 0, 2, 0, 0, 1, 1, 0, 2, 2, 0, 1, 0, 0, 0, 0, 0, 0, 0, 2, 0, 0, 0, 0, 0, 0, 0, 2, 2, 2, 3, 2, 0, 1, 1, 4, 2, 5, 1, 6, 2, 4, 2, 2, 251, 0, 0, 0, 0, 0, 0]",4,14.118180416965657,-1,1
1181,"[1, 3, 0, 3, 1, 3, 0, 3, 0, 1, 0, 2, 0, 0, 0, 0, 0, 1, 0, 0, 2, 0, 0, 0, 0, 0, 0, 0, 0, 0, 0, 0, 1, 1, 2, 2, 0, 0, 2, 0, 0, 1, 1, 0, 2, 2, 0, 1, 0, 0, 0, 0, 0, 0, 0, 2, 0, 0, 0, 0, 0, 0, 0, 2, 2, 2, 3, 2, 0, 1, 1, 4, 2, 5, 1, 6, 2, 4, 2, 2, 252, 0, 0, 0, 0, 0, 0]",4,12.717296587960528,-1,0
1182,"[1, 3, 0, 3, 2, 3, 0, 3, 0, 1, 0, 2, 0, 0, 0, 0, 0, 1, 0, 0, 2, 0, 0, 0, 0, 0, 0, 0, 0, 0, 0, 0, 1, 1, 2, 2, 0, 0, 2, 0, 0, 1, 1, 0, 2, 2, 0, 1, 0, 0, 0, 0, 0, 0, 0, 2, 0, 0, 0, 0, 0, 0, 0, 2, 2, 2, 3, 2, 0, 1, 1, 4, 2, 5, 1, 6, 2, 4, 2, 2, 253, 0, 0, 0, 0, 0, 0]",4,14.2410696830561,-1,1
1183,"[1, 3, 0, 3, 2, 3, 0, 3, 0, 1, 0, 2, 0, 0, 0, 0, 0, 1, 0, 0, 2, 0, 0, 0, 0, 0, 0, 0, 0, 0, 0, 0, 1, 1, 2, 2, 0, 0, 2, 0, 0, 1, 1, 0, 2, 2, 0, 1, 0, 0, 0, 0, 0, 0, 0, 2, 0, 0, 0, 0, 0, 0, 0, 2, 2, 2, 3, 2, 0, 1, 1, 4, 2, 5, 1, 6, 2, 4, 2, 2, 253, 1, 0, 0, 0, 0, 0]",3,0.22143361409730564,-1,0
1184,"[1, 3, 0, 3, 2, 3, 0, 3, 0, 1, 0, 2, 0, 0, 0, 0, 0, 1, 0, 0, 2, 0, 0, 0, 0, 0, 0, 0, 0, 0, 0, 0, 1, 1, 2, 2, 0, 0, 2, 0, 0, 1, 1, 0, 2, 2, 0, 1, 0, 0, 0, 0, 0, 0, 0, 2, 0, 0, 0, 0, 0, 0, 0, 2, 2, 2, 3, 2, 0, 1, 1, 4, 2, 5, 1, 6, 2, 4, 2, 2, 253, 0, 0, 0, 0, 0, 0]",-1,-0.0039829510142949005,-1,0
1185,"[1, 3, 0, 3, 2, 3, 0, 3, 0, 1, 0, 2, 0, 0, 0, 0, 0, 1, 0, 0, 2, 0, 0, 0, 0, 0, 0, 0, 0, 0, 0, 0, 1, 1, 2, 2, 0, 0, 2, 0, 0, 1, 1, 0, 2, 2, 0, 1, 0, 0, 0, 0, 0, 0, 0, 2, 0, 0, 0, 0, 0, 0, 0, 2, 2, 2, 3, 2, 0, 1, 1, 4, 2, 5, 1, 6, 2, 4, 2, 2, 254, 0, 0, 0, 0, 0, 0]",4,14.24023610060408,-1,1
1186,"[1, 3, 0, 3, 2, 3, 0, 3, 0, 1, 0, 2, 0, 0, 0, 0, 0, 1, 0, 0, 2, 0, 0, 0, 0, 0, 0, 0, 0, 0, 0, 0, 1, 1, 2, 2, 0, 0, 2, 0, 0, 1, 1, 0, 2, 2, 0, 1, 0, 0, 0, 0, 0, 0, 0, 2, 0, 0, 0, 0, 0, 0, 0, 2, 2, 2, 3, 2, 0, 1, 1, 4, 2, 5, 1, 6, 2, 4, 2, 2, 254, 0, 0, 0, 0, 0, 0]",1,0.6303042053912666,-1,0
1187,"[1, 3, 0, 3, 2, 3, 0, 3, 0, 1, 0, 2, 0, 0, 0, 0, 0, 1, 0, 0, 2, 0, 0, 0, 0, 0, 0, 0, 0, 0, 0, 0, 1, 1, 2, 2, 0, 0, 2, 0, 0, 1, 1, 0, 2, 2, 0, 1, 0, 0, 0, 0, 0, 0, 0, 2, 0, 0, 0, 0, 0, 0, 0, 2, 2, 2, 3, 2, 0, 1, 1, 4, 2, 5, 1, 6, 2, 4, 2, 2, 254, 0, 0, 0, 0, 0, 0]",-1,-0.003943319989533747,-1,0
1188,"[1, 3, 0, 3, 2, 3, 0, 3, 0, 1, 0, 2, 0, 0, 0, 0, 0, 1, 0, 0, 2, 0, 0, 0, 0, 0, 0, 0, 0, 0, 0, 0, 1, 1, 2, 2, 0, 0, 2, 0, 0, 1, 1, 0, 2, 2, 0, 1, 0, 0, 0, 0, 0, 0, 0, 2, 0, 0, 0, 0, 0, 0, 0, 2, 2, 2, 3, 2, 0, 1, 1, 4, 2, 5, 1, 6, 2, 4, 2, 2, 254, 1, 0, 0, 0, 0, 0]",3,0.22068009029164995,-1,0
1189,"[1, 3, 0, 3, 2, 3, 0, 3, 0, 1, 0, 2, 0, 0, 0, 0, 0, 1, 0, 0, 2, 0, 0, 0, 0, 0, 0, 0, 0, 0, 0, 0, 1, 1, 2, 2, 0, 0, 2, 0, 0, 1, 1, 0, 2, 2, 0, 1, 0, 0, 0, 0, 0, 0, 0, 2, 0, 0, 0, 0, 0, 0, 0, 2, 2, 2, 3, 2, 0, 1, 1, 4, 2, 5, 1, 6, 2, 4, 2, 2, 254, 0, 0, 0, 0, 0, 0]",-1,-0.003943319989533747,-1,0
1190,"[1, 3, 0, 3, 2, 3, 0, 3, 0, 1, 0, 2, 0, 0, 0, 0, 0, 1, 0, 0, 2, 0, 0, 0, 0, 0, 0, 0, 0, 0, 0, 0, 1, 1, 2, 2, 0, 0, 2, 0, 0, 1, 1, 0, 2, 2, 0, 1, 0, 0, 0, 0, 0, 0, 0, 2, 0, 0, 0, 0, 0, 0, 0, 2, 2, 2, 3, 2, 0, 1, 1, 4, 2, 5, 1, 6, 2, 4, 2, 2, 254, 0, 1, 0, 0, 0, 0]",2,0.4206800902916499,-1,0
1191,"[1, 3, 0, 3, 2, 3, 0, 3, 0, 1, 0, 2, 0, 0, 0, 0, 0, 1, 0, 0, 2, 0, 0, 0, 0, 0, 0, 0, 0, 0, 0, 0, 1, 1, 2, 2, 0, 0, 2, 0, 0, 1, 1, 0, 2, 2, 0, 1, 0, 0, 0, 0, 0, 0, 0, 2, 0, 0, 0, 0, 0, 0, 0, 2, 2, 2, 3, 2, 0, 1, 1, 4, 2, 5, 1, 6, 2, 4, 2, 2, 254, 0, 0, 0, 0, 0, 0]",-1,-0.003943319989533747,-1,0
1192,"[1, 3, 0, 3, 2, 3, 0, 3, 0, 1, 0, 2, 0, 0, 0, 0, 0, 1, 0, 0, 2, 0, 0, 0, 0, 0, 0, 0, 0, 0, 0, 0, 1, 1, 2, 2, 0, 0, 2, 0, 0, 1, 1, 0, 2, 2, 0, 1, 0, 0, 0, 0, 0, 0, 0, 2, 0, 0, 0, 0, 0, 0, 0, 2, 2, 2, 3, 2, 0, 1, 1, 4, 2, 5, 1, 6, 2, 4, 2, 2, 254, 0, 1, 0, 0, 0, 0]",2,0.4206800902916499,-1,0
1193,"[1, 3, 0, 3, 2, 3, 0, 3, 0, 1, 0, 2, 0, 0, 0, 0, 0, 1, 0, 0, 2, 0, 0, 0, 0, 0, 0, 0, 0, 0, 0, 0, 1, 1, 2, 2, 0, 0, 2, 0, 0, 1, 1, 0, 2, 2, 0, 1, 0, 0, 0, 0, 0, 0, 0, 2, 0, 0, 0, 0, 0, 0, 0, 2, 2, 2, 3, 2, 0, 1, 1, 4, 2, 5, 1, 6, 2, 4, 2, 2, 254, 0, 0, 0, 0, 0, 0]",-1,-0.003943319989533747,-1,0
1194,"[1, 3, 0, 3, 2, 3, 0, 3, 0, 1, 0, 2, 0, 0, 0, 0, 0, 1, 0, 0, 2, 0, 0, 0, 0, 0, 0, 0, 0, 0, 0, 0, 1, 1, 2, 2, 0, 0, 2, 0, 0, 1, 1, 0, 2, 2, 0, 1, 0, 0, 0, 0, 0, 0, 0, 2, 0, 0, 0, 0, 0, 0, 0, 2, 2, 2, 3, 2, 0, 1, 1, 4, 2, 5, 1, 6, 2, 4, 2, 2, 254, 0, 1, 0, 0, 0, 0]",2,0.4206800902916499,-1,0
1195,"[1, 3, 0, 3, 2, 3, 0, 3, 0, 1, 0, 2, 0, 0, 0, 0, 0, 1, 0, 0, 2, 0, 0, 0, 0, 0, 0, 0, 0, 0, 0, 0, 1, 1, 2, 2, 0, 0, 2, 0, 0, 1, 1, 0, 2, 2, 0, 1, 0, 0, 0, 0, 0, 0, 0, 2, 0, 0, 0, 0, 0, 0, 0, 2, 2, 2, 3, 2, 0, 1, 1, 4, 2, 5, 1, 6, 2, 4, 2, 2, 254, 0, 0, 0, 0, 0, 0]",-1,-0.003943319989533747,-1,0
1196,"[1, 3, 0, 4, 2, 3, 0, 4, 0, 1, 0, 2, 0, 0, 0, 0, 0, 1, 0, 0, 2, 0, 0, 0, 0, 0, 0, 0, 0, 0, 0, 0, 1, 1, 2, 2, 0, 0, 2, 0, 0, 1, 1, 0, 2, 2, 0, 1, 0, 0, 0, 0, 0, 0, 0, 2, 0, 0, 0, 0, 0, 0, 0, 2, 2, 2, 3, 2, 0, 1, 1, 4, 2, 5, 1, 6, 2, 4, 2, 2, 255, 0, 0, 0, 0, 0, 0]",4,12.64865714898191,-1,0
1197,"[1, 3, 0, 4, 2, 3, 0, 4, 0, 1, 0, 2, 0, 0, 0, 0, 0, 1, 0, 0, 2, 0, 0, 0, 0, 0, 0, 0, 0, 0, 0, 0, 1, 1, 2, 2, 0, 0, 2, 0, 0, 1, 1, 0, 2, 2, 0, 1, 0, 0, 0, 0, 0, 0, 0, 2, 0, 0, 0, 0, 0, 0, 0, 2, 2, 2, 3, 2, 0, 1, 1, 4, 2, 5, 1, 6, 2, 4, 2, 2, 255, 0, 1, 0, 0, 0, 0]",2,0.419950097823937,-1,1
1198,"[1, 3, 0, 4, 2, 3, 0, 4, 0, 1, 0, 2, 0, 0, 0, 0, 0, 1, 0, 0, 2, 0, 0, 0, 0, 0, 0, 0, 0, 0, 0, 0, 1, 1, 2, 2, 0, 0, 2, 0, 0, 1, 1, 0, 2, 2, 0, 1, 0, 0, 0, 0, 0, 0, 0, 2, 0, 0, 0, 0, 0, 0, 0, 2, 2, 2, 3, 2, 0, 1, 1, 4, 2, 5, 1, 6, 2, 4, 2, 2, 255, 0, 1, 0, 0, 1, 0]","[[1 0 0 0]
 [0 1 0 0]]",0.6703749628820279,-1,1
1199,"[2, 2, 0, 4, 1, 4, 0, 4, 0, 1, 0, 2, 0, 0, 0, 0, 0, 1, 0, 0, 2, 0, 0, 0, 0, 0, 0, 0, 0, 0, 0, 0, 1, 1, 2, 2, 0, 0, 2, 0, 0, 1, 1, 0, 2, 2, 0, 1, 0, 0, 0, 0, 0, 0, 0, 2, 0, 0, 0, 0, 0, 0, 0, 2, 2, 2, 3, 2, 0, 1, 1, 4, 2, 5, 1, 6, 2, 4, 2, 2, 255, 0, 0, 0, 0, 0, 0]",0,-0.18004990217606298,-1,0
1200,"[2, 2, 0, 4, 2, 4, 0, 4, 0, 1, 0, 2, 0, 0, 0, 0, 0, 1, 0, 0, 2, 0, 0, 0, 0, 0, 0, 0, 0, 0, 0, 0, 1, 1, 2, 2, 0, 0, 2, 0, 0, 1, 1, 0, 2, 2, 0, 1, 0, 0, 0, 0, 0, 0, 0, 2, 0, 0, 0, 0, 0, 0, 0, 2, 2, 2, 3, 2, 0, 1, 1, 4, 2, 5, 1, 6, 2, 4, 2, 2, 256, 0, 0, 0, 0, 0, 0]",4,14.116938161763546,-1,1
1201,"[2, 2, 0, 4, 2, 4, 0, 4, 0, 1, 0, 2, 0, 0, 0, 0, 0, 1, 0, 0, 2, 0, 0, 0, 0, 0, 0, 0, 0, 0, 0, 0, 1, 1, 2, 2, 0, 0, 2, 0, 0, 1, 1, 0, 2, 2, 0, 1, 0, 0, 0, 0, 0, 0, 0, 2, 0, 0, 0, 0, 0, 0, 0, 2, 2, 2, 3, 2, 0, 1, 1, 4, 2, 5, 1, 6, 2, 4, 2, 2, 256, 0, 1, 0, 0, 0, 0]",2,0.4192431083421385,-1,0
1202,"[2, 2, 0, 4, 2, 4, 0, 4, 0, 1, 0, 2, 0, 0, 0, 0, 0, 1, 0, 0, 2, 0, 0, 0, 0, 0, 0, 0, 0, 0, 0, 0, 1, 1, 2, 2, 0, 0, 2, 0, 0, 1, 1, 0, 2, 2, 0, 1, 0, 0, 0, 0, 0, 0, 0, 2, 0, 0, 0, 0, 0, 0, 0, 2, 2, 2, 3, 2, 0, 1, 1, 4, 2, 5, 1, 6, 2, 4, 2, 2, 256, 0, 0, 0, 0, 0, 0]",-1,-0.0038652370221649874,-1,0
1203,"[2, 2, 0, 4, 2, 4, 0, 4, 0, 1, 0, 2, 0, 0, 0, 0, 0, 1, 0, 0, 2, 0, 0, 0, 0, 0, 0, 0, 0, 0, 0, 0, 1, 1, 2, 2, 0, 0, 2, 0, 0, 1, 1, 0, 2, 2, 0, 1, 0, 0, 0, 0, 0, 0, 0, 2, 0, 0, 0, 0, 0, 0, 0, 2, 2, 2, 3, 2, 0, 1, 1, 4, 2, 5, 1, 6, 2, 4, 2, 2, 256, 1, 0, 0, 0, 0, 0]",3,0.21924310834213856,-1,0
1204,"[0, 2, 0, 5, 2, 4, 0, 4, 0, 1, 0, 2, 0, 0, 0, 0, 0, 1, 0, 0, 2, 0, 0, 0, 0, 0, 0, 0, 0, 0, 0, 0, 1, 1, 2, 2, 0, 0, 2, 0, 0, 1, 1, 0, 2, 2, 0, 1, 0, 0, 0, 0, 0, 0, 0, 2, 0, 0, 0, 0, 0, 0, 0, 2, 2, 2, 3, 2, 0, 1, 1, 4, 2, 5, 1, 6, 2, 4, 2, 2, 256, 0, 0, 0, 0, 0, 0]","[[2 0 0 0]
 [0 0 0 1]]",-0.1792992097468204,-1,0
1205,"[0, 2, 0, 5, 3, 4, 0, 4, 0, 1, 0, 2, 0, 0, 0, 0, 0, 1, 0, 0, 2, 0, 0, 0, 0, 0, 0, 0, 0, 0, 0, 0, 1, 1, 2, 2, 0, 0, 2, 0, 0, 1, 1, 0, 2, 2, 0, 1, 0, 0, 0, 0, 0, 0, 0, 2, 0, 0, 0, 0, 0, 0, 0, 2, 2, 2, 3, 2, 0, 1, 1, 4, 2, 5, 1, 6, 2, 4, 2, 2, 257, 0, 0, 0, 0, 0, 0]",4,12.411259862994495,-1,0
1206,"[0, 2, 0, 6, 3, 4, 0, 5, 0, 1, 0, 2, 0, 0, 0, 0, 0, 1, 0, 0, 2, 0, 0, 0, 0, 0, 0, 0, 0, 0, 0, 0, 1, 1, 2, 2, 0, 0, 2, 0, 0, 1, 1, 0, 2, 2, 0, 1, 0, 0, 0, 0, 0, 0, 0, 2, 0, 0, 0, 0, 0, 0, 0, 2, 2, 2, 3, 2, 0, 1, 1, 4, 2, 5, 1, 6, 2, 4, 2, 2, 258, 0, 0, 0, 0, 0, 0]",4,14.13602805290122,-1,1
1207,"[0, 2, 0, 6, 3, 4, 0, 5, 0, 1, 0, 2, 0, 0, 0, 0, 0, 1, 0, 0, 2, 0, 0, 0, 0, 0, 0, 0, 0, 0, 0, 0, 1, 1, 2, 2, 0, 0, 2, 0, 0, 1, 1, 0, 2, 2, 0, 1, 0, 0, 0, 0, 0, 0, 0, 2, 0, 0, 0, 0, 0, 0, 0, 2, 2, 2, 3, 2, 0, 1, 1, 4, 2, 5, 1, 6, 2, 4, 2, 2, 259, 0, 0, 0, 0, 0, 0]",4,12.357587790260396,-1,0
1208,"[0, 2, 0, 6, 3, 4, 0, 5, 0, 1, 0, 2, 0, 0, 0, 0, 0, 1, 0, 0, 2, 0, 0, 0, 0, 0, 0, 0, 0, 0, 0, 0, 1, 1, 2, 2, 0, 0, 2, 0, 0, 1, 1, 0, 2, 2, 0, 1, 0, 0, 0, 0, 0, 0, 0, 2, 0, 0, 0, 0, 0, 0, 0, 2, 2, 2, 3, 2, 0, 1, 1, 4, 2, 5, 1, 6, 2, 4, 2, 2, 260, 0, 0, 0, 0, 0, 0]",4,14.134615029799432,-1,1
1209,"[0, 2, 0, 6, 3, 4, 0, 5, 0, 1, 0, 2, 0, 0, 0, 0, 0, 1, 0, 0, 2, 0, 0, 0, 0, 0, 0, 0, 0, 0, 0, 0, 1, 1, 2, 2, 0, 0, 2, 0, 0, 1, 1, 0, 2, 2, 0, 1, 0, 0, 0, 0, 0, 0, 0, 2, 0, 0, 0, 0, 0, 0, 0, 2, 2, 2, 3, 2, 0, 1, 1, 4, 2, 5, 1, 6, 2, 4, 2, 2, 260, 0, 1, 0, 0, 0, 0]",2,0.41663453929878447,-1,0
1210,"[0, 2, 0, 6, 3, 4, 0, 5, 0, 1, 0, 2, 0, 0, 0, 0, 0, 1, 0, 0, 2, 0, 0, 0, 0, 0, 0, 0, 0, 0, 0, 0, 1, 1, 2, 2, 0, 0, 2, 0, 0, 1, 1, 0, 2, 2, 0, 1, 0, 0, 0, 0, 0, 0, 0, 2, 0, 0, 0, 0, 0, 0, 0, 2, 2, 2, 3, 2, 0, 1, 1, 4, 2, 5, 1, 6, 2, 4, 2, 2, 260, 0, 1, 0, 0, 1, 0]","[[0 1 0 0]
 [1 0 0 0]]",0.6670594043568754,-1,0
1211,"[0, 2, 0, 6, 3, 4, 0, 5, 0, 1, 0, 2, 0, 0, 0, 0, 0, 1, 0, 0, 2, 0, 0, 0, 0, 0, 0, 0, 0, 0, 0, 0, 1, 1, 2, 2, 0, 0, 2, 0, 0, 1, 1, 0, 2, 2, 0, 1, 0, 0, 0, 0, 0, 0, 0, 2, 0, 0, 0, 0, 0, 0, 0, 2, 2, 2, 3, 2, 0, 1, 1, 4, 2, 5, 1, 6, 2, 4, 2, 2, 260, 0, 0, 0, 0, 0, 0]",1,-5.77353540445069,-1,1
1212,"[0, 2, 0, 6, 3, 4, 0, 5, 0, 1, 0, 2, 0, 0, 0, 0, 0, 1, 0, 0, 2, 0, 0, 0, 0, 0, 0, 0, 0, 0, 0, 0, 1, 1, 2, 2, 0, 0, 2, 0, 0, 1, 1, 0, 2, 2, 0, 1, 0, 0, 0, 0, 0, 0, 0, 2, 0, 0, 0, 0, 0, 0, 0, 2, 2, 2, 3, 2, 0, 1, 1, 4, 2, 5, 1, 6, 2, 4, 2, 2, 260, 0, 1, 0, 0, 0, 0]",2,0.41663453929878447,-1,0
1213,"[0, 2, 0, 6, 3, 4, 0, 5, 0, 1, 0, 2, 0, 0, 0, 0, 0, 1, 0, 0, 2, 0, 0, 0, 0, 0, 0, 0, 0, 0, 0, 0, 1, 1, 2, 2, 0, 0, 2, 0, 0, 1, 1, 0, 2, 2, 0, 1, 0, 0, 0, 0, 0, 0, 0, 2, 0, 0, 0, 0, 0, 0, 0, 2, 2, 2, 3, 2, 0, 1, 1, 4, 2, 5, 1, 6, 2, 4, 2, 2, 260, 0, 1, 0, 0, 1, 0]","[[0 1 0 0]
 [1 0 0 0]]",0.6670594043568754,-1,0
1214,"[0, 2, 0, 6, 3, 4, 0, 5, 0, 1, 0, 2, 0, 0, 0, 0, 0, 1, 0, 0, 2, 0, 0, 0, 0, 0, 0, 0, 0, 0, 0, 0, 1, 1, 2, 2, 0, 0, 2, 0, 0, 1, 1, 0, 2, 2, 0, 1, 0, 0, 0, 0, 0, 0, 0, 2, 0, 0, 0, 0, 0, 0, 0, 2, 2, 2, 3, 2, 0, 1, 1, 4, 2, 5, 1, 6, 2, 4, 2, 2, 260, 0, 0, 0, 0, 0, 0]",1,-5.77353540445069,-1,1
1215,"[0, 1, 0, 3, 1, 2, 0, 2, 0, 1, 0, 2, 0, 0, 0, 0, 0, 1, 0, 0, 2, 0, 0, 0, 0, 0, 0, 0, 0, 0, 0, 0, 1, 1, 2, 2, 0, 0, 2, 0, 0, 1, 1, 0, 2, 2, 0, 1, 0, 0, 0, 0, 0, 0, 0, 2, 0, 0, 0, 0, 0, 0, 0, 2, 2, 2, 3, 2, 0, 1, 1, 4, 2, 5, 1, 6, 2, 4, 2, 5, 261, 0, 0, 0, 0, 0, 0]",4,12.516936497529034,-1,0
1216,"[0, 1, 0, 3, 1, 2, 0, 2, 0, 1, 0, 2, 0, 0, 0, 0, 0, 1, 0, 0, 2, 0, 0, 0, 0, 0, 0, 0, 0, 0, 0, 0, 1, 1, 2, 2, 0, 0, 2, 0, 0, 1, 1, 0, 2, 2, 0, 1, 0, 0, 0, 0, 0, 0, 0, 2, 0, 0, 0, 0, 0, 0, 0, 2, 2, 2, 3, 2, 0, 1, 1, 4, 2, 5, 1, 6, 2, 4, 2, 5, 261, 0, 1, 0, 0, 0, 0]",2,0.4160345824345624,-1,1
1217,"[0, 1, 0, 3, 1, 2, 0, 2, 0, 1, 0, 2, 0, 0, 0, 0, 0, 1, 0, 0, 2, 0, 0, 0, 0, 0, 0, 0, 0, 0, 0, 0, 1, 1, 2, 2, 0, 0, 2, 0, 0, 1, 1, 0, 2, 2, 0, 1, 0, 0, 0, 0, 0, 0, 0, 2, 0, 0, 0, 0, 0, 0, 0, 2, 2, 2, 3, 2, 0, 1, 1, 4, 2, 5, 1, 6, 2, 4, 2, 5, 261, 0, 1, 0, 0, 1, 0]","[[1 0 0 0]
 [0 0 0 1]]",0.6664594474926533,-1,1
1218,"[0, 1, 0, 3, 1, 2, 0, 2, 0, 1, 0, 2, 0, 0, 0, 0, 0, 1, 0, 0, 2, 0, 0, 0, 0, 0, 0, 0, 0, 0, 0, 0, 1, 1, 2, 2, 0, 0, 2, 0, 0, 1, 1, 0, 2, 2, 0, 1, 0, 0, 0, 0, 0, 0, 0, 2, 0, 0, 0, 0, 0, 0, 0, 2, 2, 2, 3, 2, 0, 1, 1, 4, 2, 5, 1, 6, 2, 4, 2, 5, 261, 0, 0, 0, 0, 0, 0]",1,-0.18396541756543755,-1,0
1219,"[0, 2, 0, 3, 1, 3, 0, 2, 0, 1, 0, 2, 0, 0, 0, 0, 0, 1, 0, 0, 2, 0, 0, 0, 0, 0, 0, 0, 0, 0, 0, 0, 1, 1, 2, 2, 0, 0, 2, 0, 0, 1, 1, 0, 2, 2, 0, 1, 0, 0, 0, 0, 0, 0, 0, 2, 0, 0, 0, 0, 0, 0, 0, 2, 2, 2, 3, 2, 0, 1, 1, 4, 2, 5, 1, 6, 2, 4, 2, 5, 262, 0, 0, 0, 0, 0, 0]",4,14.165062363418151,-1,1
1220,"[0, 2, 0, 3, 1, 3, 0, 2, 0, 1, 0, 2, 0, 0, 0, 0, 0, 1, 0, 0, 2, 0, 0, 0, 0, 0, 0, 0, 0, 0, 0, 0, 1, 1, 2, 2, 0, 0, 2, 0, 0, 1, 1, 0, 2, 2, 0, 1, 0, 0, 0, 0, 0, 0, 0, 2, 0, 0, 0, 0, 0, 0, 0, 2, 2, 2, 3, 2, 0, 1, 1, 4, 2, 5, 1, 6, 2, 4, 2, 5, 262, 0, 1, 0, 0, 0, 0]",2,0.41545444042733193,-1,0
1221,"[0, 2, 0, 3, 1, 3, 0, 2, 0, 1, 0, 2, 0, 0, 0, 0, 0, 1, 0, 0, 2, 0, 0, 0, 0, 0, 0, 0, 0, 0, 0, 0, 1, 1, 2, 2, 0, 0, 2, 0, 0, 1, 1, 0, 2, 2, 0, 1, 0, 0, 0, 0, 0, 0, 0, 2, 0, 0, 0, 0, 0, 0, 0, 2, 2, 2, 3, 2, 0, 1, 1, 4, 2, 5, 1, 6, 2, 4, 2, 5, 262, 0, 1, 0, 0, 1, 0]","[[0 1 0 0]
 [1 0 0 0]]",0.6658793054854228,-1,0
1222,"[0, 2, 0, 3, 1, 3, 0, 2, 0, 1, 0, 2, 0, 0, 0, 0, 0, 1, 0, 0, 2, 0, 0, 0, 0, 0, 0, 0, 0, 0, 0, 0, 1, 1, 2, 2, 0, 0, 2, 0, 0, 1, 1, 0, 2, 2, 0, 1, 0, 0, 0, 0, 0, 0, 0, 2, 0, 0, 0, 0, 0, 0, 0, 2, 2, 2, 3, 2, 0, 1, 1, 4, 2, 5, 1, 6, 2, 4, 2, 5, 262, 0, 1, 0, 0, 0, 1]",2,-0.18454555957266805,-1,1
1223,"[0, 2, 0, 3, 1, 3, 0, 2, 0, 1, 0, 2, 0, 0, 0, 0, 0, 1, 0, 0, 2, 0, 0, 0, 0, 0, 0, 0, 0, 0, 0, 0, 1, 1, 2, 2, 0, 0, 2, 0, 0, 1, 1, 0, 2, 2, 0, 1, 0, 0, 0, 0, 0, 0, 0, 2, 0, 0, 0, 0, 0, 0, 0, 2, 2, 2, 3, 2, 0, 1, 1, 4, 2, 5, 1, 6, 2, 4, 2, 5, 262, 0, 0, 1, 0, 0, 0]","[[1 0 0 0]
 [0 0 0 1]]",-0.18454555957266805,-1,1
1224,"[1, 2, 0, 2, 0, 3, 0, 3, 0, 1, 0, 2, 0, 0, 0, 0, 0, 1, 0, 0, 2, 0, 0, 0, 0, 0, 0, 0, 0, 0, 0, 0, 1, 1, 2, 2, 0, 0, 2, 0, 0, 1, 1, 0, 2, 2, 0, 1, 0, 0, 0, 0, 0, 0, 0, 2, 0, 0, 0, 0, 0, 0, 0, 2, 2, 2, 3, 2, 0, 1, 1, 4, 2, 5, 1, 6, 2, 4, 2, 5, 262, 0, 0, 0, 0, 0, 0]",0,-0.18454555957266805,-1,0
1225,"[1, 2, 0, 2, 0, 3, 0, 3, 0, 1, 0, 2, 0, 0, 0, 0, 0, 1, 0, 0, 2, 0, 0, 0, 0, 0, 0, 0, 0, 0, 0, 0, 1, 1, 2, 2, 0, 0, 2, 0, 0, 1, 1, 0, 2, 2, 0, 1, 0, 0, 0, 0, 0, 0, 0, 2, 0, 0, 0, 0, 0, 0, 0, 2, 2, 2, 3, 2, 0, 1, 1, 4, 2, 5, 1, 6, 2, 4, 2, 5, 262, 0, 0, 0, 0, 0, 0]",0,0.31042918725791524,-1,0
1226,"[1, 2, 0, 2, 0, 3, 0, 3, 0, 1, 0, 2, 0, 0, 0, 0, 0, 1, 0, 0, 2, 0, 0, 0, 0, 0, 0, 0, 0, 0, 0, 0, 1, 1, 2, 2, 0, 0, 2, 0, 0, 1, 1, 0, 2, 2, 0, 1, 0, 0, 0, 0, 0, 0, 0, 2, 0, 0, 0, 0, 0, 0, 0, 2, 2, 2, 3, 2, 0, 1, 1, 4, 2, 5, 1, 6, 2, 4, 2, 5, 262, 0, 0, 0, 0, 0, 0]",-1,-0.0036401431413717795,-1,0
1227,"[1, 2, 0, 2, 0, 3, 0, 3, 0, 1, 0, 2, 0, 0, 0, 0, 0, 1, 0, 0, 2, 0, 0, 0, 0, 0, 0, 0, 0, 0, 0, 0, 1, 1, 2, 2, 0, 0, 2, 0, 0, 1, 1, 0, 2, 2, 0, 1, 0, 0, 0, 0, 0, 0, 0, 2, 0, 0, 0, 0, 0, 0, 0, 2, 2, 2, 3, 2, 0, 1, 1, 4, 2, 5, 1, 6, 2, 4, 2, 5, 262, 0, 0, 0, 0, 0, 0]",0,0.31042918725791524,-1,0
1228,"[1, 2, 0, 2, 0, 3, 0, 3, 0, 1, 0, 2, 0, 0, 0, 0, 0, 1, 0, 0, 2, 0, 0, 0, 0, 0, 0, 0, 0, 0, 0, 0, 1, 1, 2, 2, 0, 0, 2, 0, 0, 1, 1, 0, 2, 2, 0, 1, 0, 0, 0, 0, 0, 0, 0, 2, 0, 0, 0, 0, 0, 0, 0, 2, 2, 2, 3, 2, 0, 1, 1, 4, 2, 5, 1, 6, 2, 4, 2, 5, 262, 0, 0, 0, 0, 0, 0]",-1,-0.0036401431413717795,-1,0
1229,"[1, 2, 0, 2, 0, 3, 0, 3, 0, 1, 0, 2, 0, 0, 0, 0, 0, 1, 0, 0, 2, 0, 0, 0, 0, 0, 0, 0, 0, 0, 0, 0, 1, 1, 2, 2, 0, 0, 2, 0, 0, 1, 1, 0, 2, 2, 0, 1, 0, 0, 0, 0, 0, 0, 0, 2, 0, 0, 0, 0, 0, 0, 0, 2, 2, 2, 3, 2, 0, 1, 1, 4, 2, 5, 1, 6, 2, 4, 2, 5, 262, 0, 0, 0, 0, 0, 0]",0,0.31042918725791524,-1,0
1230,"[1, 2, 0, 2, 0, 3, 0, 3, 0, 1, 0, 2, 0, 0, 0, 0, 0, 1, 0, 0, 2, 0, 0, 0, 0, 0, 0, 0, 0, 0, 0, 0, 1, 1, 2, 2, 0, 0, 2, 0, 0, 1, 1, 0, 2, 2, 0, 1, 0, 0, 0, 0, 0, 0, 0, 2, 0, 0, 0, 0, 0, 0, 0, 2, 2, 2, 3, 2, 0, 1, 1, 4, 2, 5, 1, 6, 2, 4, 2, 5, 262, 0, 0, 0, 0, 0, 0]",-1,-0.0036401431413717795,-1,0
1231,"[1, 2, 0, 2, 0, 3, 0, 3, 0, 1, 0, 2, 0, 0, 0, 0, 0, 1, 0, 0, 2, 0, 0, 0, 0, 0, 0, 0, 0, 0, 0, 0, 1, 1, 2, 2, 0, 0, 2, 0, 0, 1, 1, 0, 2, 2, 0, 1, 0, 0, 0, 0, 0, 0, 0, 2, 0, 0, 0, 0, 0, 0, 0, 2, 2, 2, 3, 2, 0, 1, 1, 4, 2, 5, 1, 6, 2, 4, 2, 5, 262, 0, 0, 0, 0, 0, 0]",0,0.31042918725791524,-1,0
1232,"[1, 2, 0, 2, 0, 3, 0, 3, 0, 1, 0, 2, 0, 0, 0, 0, 0, 1, 0, 0, 2, 0, 0, 0, 0, 0, 0, 0, 0, 0, 0, 0, 1, 1, 2, 2, 0, 0, 2, 0, 0, 1, 1, 0, 2, 2, 0, 1, 0, 0, 0, 0, 0, 0, 0, 2, 0, 0, 0, 0, 0, 0, 0, 2, 2, 2, 3, 2, 0, 1, 1, 4, 2, 5, 1, 6, 2, 4, 2, 5, 262, 0, 0, 0, 0, 0, 0]",-1,-0.0036401431413717795,-1,0
1233,"[1, 2, 0, 2, 0, 3, 0, 3, 0, 1, 0, 2, 0, 0, 0, 0, 0, 1, 0, 0, 2, 0, 0, 0, 0, 0, 0, 0, 0, 0, 0, 0, 1, 1, 2, 2, 0, 0, 2, 0, 0, 1, 1, 0, 2, 2, 0, 1, 0, 0, 0, 0, 0, 0, 0, 2, 0, 0, 0, 0, 0, 0, 0, 2, 2, 2, 3, 2, 0, 1, 1, 4, 2, 5, 1, 6, 2, 4, 2, 5, 262, 0, 0, 0, 0, 0, 0]",0,0.31042918725791524,-1,0
1234,"[1, 2, 0, 2, 0, 3, 0, 3, 0, 1, 0, 2, 0, 0, 0, 0, 0, 1, 0, 0, 2, 0, 0, 0, 0, 0, 0, 0, 0, 0, 0, 0, 1, 1, 2, 2, 0, 0, 2, 0, 0, 1, 1, 0, 2, 2, 0, 1, 0, 0, 0, 0, 0, 0, 0, 2, 0, 0, 0, 0, 0, 0, 0, 2, 2, 2, 3, 2, 0, 1, 1, 4, 2, 5, 1, 6, 2, 4, 2, 5, 262, 0, 0, 0, 0, 0, 0]",-1,-0.0036401431413717795,-1,0
1235,"[1, 2, 0, 2, 0, 3, 0, 3, 0, 1, 0, 2, 0, 0, 0, 0, 0, 1, 0, 0, 2, 0, 0, 0, 0, 0, 0, 0, 0, 0, 0, 0, 1, 1, 2, 2, 0, 0, 2, 0, 0, 1, 1, 0, 2, 2, 0, 1, 0, 0, 0, 0, 0, 0, 0, 2, 0, 0, 0, 0, 0, 0, 0, 2, 2, 2, 3, 2, 0, 1, 1, 4, 2, 5, 1, 6, 2, 4, 2, 5, 262, 0, 0, 0, 0, 0, 0]",0,0.31042918725791524,-1,0
1236,"[1, 2, 0, 2, 0, 3, 0, 3, 0, 1, 0, 2, 0, 0, 0, 0, 0, 1, 0, 0, 2, 0, 0, 0, 0, 0, 0, 0, 0, 0, 0, 0, 1, 1, 2, 2, 0, 0, 2, 0, 0, 1, 1, 0, 2, 2, 0, 1, 0, 0, 0, 0, 0, 0, 0, 2, 0, 0, 0, 0, 0, 0, 0, 2, 2, 2, 3, 2, 0, 1, 1, 4, 2, 5, 1, 6, 2, 4, 2, 5, 262, 0, 0, 0, 0, 0, 0]",-1,-0.0036401431413717795,-1,0
1237,"[1, 2, 0, 2, 0, 3, 0, 3, 0, 1, 0, 2, 0, 0, 0, 0, 0, 1, 0, 0, 2, 0, 0, 0, 0, 0, 0, 0, 0, 0, 0, 0, 1, 1, 2, 2, 0, 0, 2, 0, 0, 1, 1, 0, 2, 2, 0, 1, 0, 0, 0, 0, 0, 0, 0, 2, 0, 0, 0, 0, 0, 0, 0, 2, 2, 2, 3, 2, 0, 1, 1, 4, 2, 5, 1, 6, 2, 4, 2, 5, 262, 0, 0, 0, 0, 0, 0]",0,0.31042918725791524,-1,0
1238,"[1, 2, 0, 2, 0, 3, 0, 3, 0, 1, 0, 2, 0, 0, 0, 0, 0, 1, 0, 0, 2, 0, 0, 0, 0, 0, 0, 0, 0, 0, 0, 0, 1, 1, 2, 2, 0, 0, 2, 0, 0, 1, 1, 0, 2, 2, 0, 1, 0, 0, 0, 0, 0, 0, 0, 2, 0, 0, 0, 0, 0, 0, 0, 2, 2, 2, 3, 2, 0, 1, 1, 4, 2, 5, 1, 6, 2, 4, 2, 5, 262, 0, 0, 0, 0, 0, 0]",-1,-0.0036401431413717795,-1,0
1239,"[1, 2, 0, 2, 0, 3, 0, 3, 0, 1, 0, 2, 0, 0, 0, 0, 0, 1, 0, 0, 2, 0, 0, 0, 0, 0, 0, 0, 0, 0, 0, 0, 1, 1, 2, 2, 0, 0, 2, 0, 0, 1, 1, 0, 2, 2, 0, 1, 0, 0, 0, 0, 0, 0, 0, 2, 0, 0, 0, 0, 0, 0, 0, 2, 2, 2, 3, 2, 0, 1, 1, 4, 2, 5, 1, 6, 2, 4, 2, 5, 262, 0, 0, 0, 0, 0, 0]",0,0.31042918725791524,-1,0
1240,"[1, 2, 0, 2, 0, 3, 0, 3, 0, 1, 0, 2, 0, 0, 0, 0, 0, 1, 0, 0, 2, 0, 0, 0, 0, 0, 0, 0, 0, 0, 0, 0, 1, 1, 2, 2, 0, 0, 2, 0, 0, 1, 1, 0, 2, 2, 0, 1, 0, 0, 0, 0, 0, 0, 0, 2, 0, 0, 0, 0, 0, 0, 0, 2, 2, 2, 3, 2, 0, 1, 1, 4, 2, 5, 1, 6, 2, 4, 2, 5, 262, 0, 0, 0, 0, 0, 0]",-1,-0.0036401431413717795,-1,0
1241,"[1, 2, 0, 2, 0, 3, 0, 3, 0, 1, 0, 2, 0, 0, 0, 0, 0, 1, 0, 0, 2, 0, 0, 0, 0, 0, 0, 0, 0, 0, 0, 0, 1, 1, 2, 2, 0, 0, 2, 0, 0, 1, 1, 0, 2, 2, 0, 1, 0, 0, 0, 0, 0, 0, 0, 2, 0, 0, 0, 0, 0, 0, 0, 2, 2, 2, 3, 2, 0, 1, 1, 4, 2, 5, 1, 6, 2, 4, 2, 5, 263, 0, 0, 0, 0, 0, 0]",4,12.894615379250665,-1,0
1242,"[1, 3, 0, 2, 0, 4, 0, 3, 0, 1, 0, 2, 0, 0, 0, 0, 0, 1, 0, 0, 2, 0, 0, 0, 0, 0, 0, 0, 0, 0, 0, 0, 1, 1, 2, 2, 0, 0, 2, 0, 0, 1, 1, 0, 2, 2, 0, 1, 0, 0, 0, 0, 0, 0, 0, 2, 0, 0, 0, 0, 0, 0, 0, 2, 2, 2, 3, 2, 0, 1, 1, 4, 2, 5, 1, 6, 2, 4, 2, 5, 264, 0, 0, 0, 0, 0, 0]",4,13.89117266732738,-1,1
1243,"[1, 3, 0, 2, 0, 4, 0, 3, 0, 1, 0, 2, 0, 0, 0, 0, 0, 1, 0, 0, 2, 0, 0, 0, 0, 0, 0, 0, 0, 0, 0, 0, 1, 1, 2, 2, 0, 0, 2, 0, 0, 1, 1, 0, 2, 2, 0, 1, 0, 0, 0, 0, 0, 0, 0, 2, 0, 0, 0, 0, 0, 0, 0, 2, 2, 2, 3, 2, 0, 1, 1, 4, 2, 5, 1, 6, 2, 4, 2, 5, 264, 0, 1, 0, 0, 0, 0]",2,0.41435150845275026,-1,0
1244,"[1, 3, 0, 2, 0, 4, 0, 3, 0, 1, 0, 2, 0, 0, 0, 0, 0, 1, 0, 0, 2, 0, 0, 0, 0, 0, 0, 0, 0, 0, 0, 0, 1, 1, 2, 2, 0, 0, 2, 0, 0, 1, 1, 0, 2, 2, 0, 1, 0, 0, 0, 0, 0, 0, 0, 2, 0, 0, 0, 0, 0, 0, 0, 2, 2, 2, 3, 2, 0, 1, 1, 4, 2, 5, 1, 6, 2, 4, 2, 5, 264, 0, 0, 0, 0, 0, 0]",-1,-0.003568063477819303,-1,0
1245,"[1, 3, 0, 2, 0, 4, 0, 3, 0, 1, 0, 2, 0, 0, 0, 0, 0, 1, 0, 0, 2, 0, 0, 0, 0, 0, 0, 0, 0, 0, 0, 0, 1, 1, 2, 2, 0, 0, 2, 0, 0, 1, 1, 0, 2, 2, 0, 1, 0, 0, 0, 0, 0, 0, 0, 2, 0, 0, 0, 0, 0, 0, 0, 2, 2, 2, 3, 2, 0, 1, 1, 4, 2, 5, 1, 6, 2, 4, 2, 5, 265, 0, 0, 0, 0, 0, 0]",4,12.76321827963882,-1,0
1246,"[1, 4, 0, 2, 0, 5, 0, 3, 0, 1, 0, 2, 0, 0, 0, 0, 0, 1, 0, 0, 2, 0, 0, 0, 0, 0, 0, 0, 0, 0, 0, 0, 1, 1, 2, 2, 0, 0, 2, 0, 0, 1, 1, 0, 2, 2, 0, 1, 0, 0, 0, 0, 0, 0, 0, 2, 0, 0, 0, 0, 0, 0, 0, 2, 2, 2, 3, 2, 0, 1, 1, 4, 2, 5, 1, 6, 2, 4, 2, 5, 266, 0, 0, 0, 0, 0, 0]",4,13.846904964872428,-1,1
1247,"[1, 4, 0, 2, 0, 5, 0, 3, 0, 1, 0, 2, 0, 0, 0, 0, 0, 1, 0, 0, 2, 0, 0, 0, 0, 0, 0, 0, 0, 0, 0, 0, 1, 1, 2, 2, 0, 0, 2, 0, 0, 1, 1, 0, 2, 2, 0, 1, 0, 0, 0, 0, 0, 0, 0, 2, 0, 0, 0, 0, 0, 0, 0, 2, 2, 2, 3, 2, 0, 1, 1, 4, 2, 5, 1, 6, 2, 4, 2, 5, 266, 0, 1, 0, 0, 0, 0]",2,0.4133216071150181,-1,0
1248,"[1, 4, 0, 2, 0, 5, 0, 3, 0, 1, 0, 2, 0, 0, 0, 0, 0, 1, 0, 0, 2, 0, 0, 0, 0, 0, 0, 0, 0, 0, 0, 0, 1, 1, 2, 2, 0, 0, 2, 0, 0, 1, 1, 0, 2, 2, 0, 1, 0, 0, 0, 0, 0, 0, 0, 2, 0, 0, 0, 0, 0, 0, 0, 2, 2, 2, 3, 2, 0, 1, 1, 4, 2, 5, 1, 6, 2, 4, 2, 5, 266, 0, 0, 0, 0, 0, 0]",-1,-0.003497411087232768,-1,0
1249,"[1, 4, 0, 2, 0, 5, 0, 3, 0, 1, 0, 2, 0, 0, 0, 0, 0, 1, 0, 0, 2, 0, 0, 0, 0, 0, 0, 0, 0, 0, 0, 0, 1, 1, 2, 2, 0, 0, 2, 0, 0, 1, 1, 0, 2, 2, 0, 1, 0, 0, 0, 0, 0, 0, 0, 2, 0, 0, 0, 0, 0, 0, 0, 2, 2, 2, 3, 2, 0, 1, 1, 4, 2, 5, 1, 6, 2, 4, 2, 5, 266, 1, 0, 0, 0, 0, 0]",3,0.21332160711501816,-1,0
1250,"[1, 4, 0, 2, 0, 5, 0, 3, 0, 1, 0, 2, 0, 0, 0, 0, 0, 1, 0, 0, 2, 0, 0, 0, 0, 0, 0, 0, 0, 0, 0, 0, 1, 1, 2, 2, 0, 0, 2, 0, 0, 1, 1, 0, 2, 2, 0, 1, 0, 0, 0, 0, 0, 0, 0, 2, 0, 0, 0, 0, 0, 0, 0, 2, 2, 2, 3, 2, 0, 1, 1, 4, 2, 5, 1, 6, 2, 4, 2, 5, 266, 0, 0, 0, 0, 0, 0]",-1,-0.003497411087232768,-1,0
1251,"[1, 4, 0, 2, 0, 5, 0, 3, 0, 1, 0, 2, 0, 0, 0, 0, 0, 1, 0, 0, 2, 0, 0, 0, 0, 0, 0, 0, 0, 0, 0, 0, 1, 1, 2, 2, 0, 0, 2, 0, 0, 1, 1, 0, 2, 2, 0, 1, 0, 0, 0, 0, 0, 0, 0, 2, 0, 0, 0, 0, 0, 0, 0, 2, 2, 2, 3, 2, 0, 1, 1, 4, 2, 5, 1, 6, 2, 4, 2, 5, 266, 0, 1, 0, 0, 0, 0]",2,0.4133216071150181,-1,0
1252,"[1, 4, 0, 2, 0, 5, 0, 3, 0, 1, 0, 2, 0, 0, 0, 0, 0, 1, 0, 0, 2, 0, 0, 0, 0, 0, 0, 0, 0, 0, 0, 0, 1, 1, 2, 2, 0, 0, 2, 0, 0, 1, 1, 0, 2, 2, 0, 1, 0, 0, 0, 0, 0, 0, 0, 2, 0, 0, 0, 0, 0, 0, 0, 2, 2, 2, 3, 2, 0, 1, 1, 4, 2, 5, 1, 6, 2, 4, 2, 5, 266, 0, 0, 0, 0, 0, 0]",-1,-0.003497411087232768,-1,0
1253,"[1, 4, 0, 2, 0, 5, 0, 3, 0, 1, 0, 2, 0, 0, 0, 0, 0, 1, 0, 0, 2, 0, 0, 0, 0, 0, 0, 0, 0, 0, 0, 0, 1, 1, 2, 2, 0, 0, 2, 0, 0, 1, 1, 0, 2, 2, 0, 1, 0, 0, 0, 0, 0, 0, 0, 2, 0, 0, 0, 0, 0, 0, 0, 2, 2, 2, 3, 2, 0, 1, 1, 4, 2, 5, 1, 6, 2, 4, 2, 5, 266, 0, 0, 0, 0, 0, 0]",1,0.6229457222146348,-1,0
1254,"[1, 4, 0, 2, 0, 5, 0, 3, 0, 1, 0, 2, 0, 0, 0, 0, 0, 1, 0, 0, 2, 0, 0, 0, 0, 0, 0, 0, 0, 0, 0, 0, 1, 1, 2, 2, 0, 0, 2, 0, 0, 1, 1, 0, 2, 2, 0, 1, 0, 0, 0, 0, 0, 0, 0, 2, 0, 0, 0, 0, 0, 0, 0, 2, 2, 2, 3, 2, 0, 1, 1, 4, 2, 5, 1, 6, 2, 4, 2, 5, 266, 0, 0, 0, 0, 0, 0]",-1,-0.003497411087232768,-1,0
1255,"[1, 4, 0, 2, 0, 5, 0, 3, 0, 1, 0, 2, 0, 0, 0, 0, 0, 1, 0, 0, 2, 0, 0, 0, 0, 0, 0, 0, 0, 0, 0, 0, 1, 1, 2, 2, 0, 0, 2, 0, 0, 1, 1, 0, 2, 2, 0, 1, 0, 0, 0, 0, 0, 0, 0, 2, 0, 0, 0, 0, 0, 0, 0, 2, 2, 2, 3, 2, 0, 1, 1, 4, 2, 5, 1, 6, 2, 4, 2, 5, 266, 0, 0, 0, 0, 0, 0]",1,0.6229457222146348,-1,0
1256,"[1, 4, 0, 2, 0, 5, 0, 3, 0, 1, 0, 2, 0, 0, 0, 0, 0, 1, 0, 0, 2, 0, 0, 0, 0, 0, 0, 0, 0, 0, 0, 0, 1, 1, 2, 2, 0, 0, 2, 0, 0, 1, 1, 0, 2, 2, 0, 1, 0, 0, 0, 0, 0, 0, 0, 2, 0, 0, 0, 0, 0, 0, 0, 2, 2, 2, 3, 2, 0, 1, 1, 4, 2, 5, 1, 6, 2, 4, 2, 5, 266, 0, 0, 0, 0, 0, 0]",-1,-0.003497411087232768,-1,0
1257,"[1, 4, 0, 3, 0, 5, 0, 4, 0, 1, 0, 2, 0, 0, 0, 0, 0, 1, 0, 0, 2, 0, 0, 0, 0, 0, 0, 0, 0, 0, 0, 0, 1, 1, 2, 2, 0, 0, 2, 0, 0, 1, 1, 0, 2, 2, 0, 1, 0, 0, 0, 0, 0, 0, 0, 2, 0, 0, 0, 0, 0, 0, 0, 2, 2, 2, 3, 2, 0, 1, 1, 4, 2, 5, 1, 6, 2, 4, 2, 5, 267, 0, 0, 0, 0, 0, 0]",4,12.640648008634404,-1,0
1258,"[1, 4, 0, 3, 0, 5, 0, 4, 0, 1, 0, 2, 0, 0, 0, 0, 0, 1, 0, 0, 2, 0, 0, 0, 0, 0, 0, 0, 0, 0, 0, 0, 1, 1, 2, 2, 0, 0, 2, 0, 0, 1, 1, 0, 2, 2, 0, 1, 0, 0, 0, 0, 0, 0, 0, 2, 0, 0, 0, 0, 0, 0, 0, 2, 2, 2, 3, 2, 0, 1, 1, 4, 2, 5, 1, 6, 2, 4, 2, 5, 267, 0, 1, 0, 0, 0, 0]",2,0.4128327752810348,-1,1
1259,"[1, 4, 0, 3, 0, 5, 0, 4, 0, 1, 0, 2, 0, 0, 0, 0, 0, 1, 0, 0, 2, 0, 0, 0, 0, 0, 0, 0, 0, 0, 0, 0, 1, 1, 2, 2, 0, 0, 2, 0, 0, 1, 1, 0, 2, 2, 0, 1, 0, 0, 0, 0, 0, 0, 0, 2, 0, 0, 0, 0, 0, 0, 0, 2, 2, 2, 3, 2, 0, 1, 1, 4, 2, 5, 1, 6, 2, 4, 2, 5, 267, 0, 1, 0, 0, 1, 0]","[[0 1 0 0]
 [1 0 0 0]]",0.6632576403391257,-1,1
1260,"[0, 5, 0, 3, 1, 4, 0, 4, 0, 1, 0, 2, 0, 0, 0, 0, 0, 1, 0, 0, 2, 0, 0, 0, 0, 0, 0, 0, 0, 0, 0, 0, 1, 1, 2, 2, 0, 0, 2, 0, 0, 1, 1, 0, 2, 2, 0, 1, 0, 0, 0, 0, 0, 0, 0, 2, 0, 0, 0, 0, 0, 0, 0, 2, 2, 2, 3, 2, 0, 1, 1, 4, 2, 5, 1, 6, 2, 4, 2, 5, 267, 0, 0, 0, 0, 0, 0]",0,-0.1871672247189652,-1,0
1261,"[0, 6, 0, 3, 1, 5, 0, 4, 0, 1, 0, 2, 0, 0, 0, 0, 0, 1, 0, 0, 2, 0, 0, 0, 0, 0, 0, 0, 0, 0, 0, 0, 1, 1, 2, 2, 0, 0, 2, 0, 0, 1, 1, 0, 2, 2, 0, 1, 0, 0, 0, 0, 0, 0, 0, 2, 0, 0, 0, 0, 0, 0, 0, 2, 2, 2, 3, 2, 0, 1, 1, 4, 2, 5, 1, 6, 2, 4, 2, 5, 268, 0, 0, 0, 0, 0, 0]",4,13.976152722164308,-1,1
1262,"[0, 6, 0, 3, 1, 5, 0, 4, 0, 1, 0, 2, 0, 0, 0, 0, 0, 1, 0, 0, 2, 0, 0, 0, 0, 0, 0, 0, 0, 0, 0, 0, 1, 1, 2, 2, 0, 0, 2, 0, 0, 1, 1, 0, 2, 2, 0, 1, 0, 0, 0, 0, 0, 0, 0, 2, 0, 0, 0, 0, 0, 0, 0, 2, 2, 2, 3, 2, 0, 1, 1, 4, 2, 5, 1, 6, 2, 4, 2, 5, 268, 0, 0, 0, 0, 0, 0]",1,0.6219848083523345,-1,0
1263,"[0, 6, 0, 3, 1, 5, 0, 4, 0, 1, 0, 2, 0, 0, 0, 0, 0, 1, 0, 0, 2, 0, 0, 0, 0, 0, 0, 0, 0, 0, 0, 0, 1, 1, 2, 2, 0, 0, 2, 0, 0, 1, 1, 0, 2, 2, 0, 1, 0, 0, 0, 0, 0, 0, 0, 2, 0, 0, 0, 0, 0, 0, 0, 2, 2, 2, 3, 2, 0, 1, 1, 4, 2, 5, 1, 6, 2, 4, 2, 5, 268, 0, 0, 0, 0, 0, 0]",-1,-0.0034281577077138956,-1,0
1264,"[0, 6, 0, 4, 1, 5, 0, 5, 0, 1, 0, 2, 0, 0, 0, 0, 0, 1, 0, 0, 2, 0, 0, 0, 0, 0, 0, 0, 0, 0, 0, 0, 1, 1, 2, 2, 0, 0, 2, 0, 0, 1, 1, 0, 2, 2, 0, 1, 0, 0, 0, 0, 0, 0, 0, 2, 0, 0, 0, 0, 0, 0, 0, 2, 2, 2, 3, 2, 0, 1, 1, 4, 2, 5, 1, 6, 2, 4, 2, 5, 269, 0, 0, 0, 0, 0, 0]",4,13.961123662403073,-1,1
1265,"[0, 6, 0, 4, 1, 5, 0, 5, 0, 1, 0, 2, 0, 0, 0, 0, 0, 1, 0, 0, 2, 0, 0, 0, 0, 0, 0, 0, 0, 0, 0, 0, 1, 1, 2, 2, 0, 0, 2, 0, 0, 1, 1, 0, 2, 2, 0, 1, 0, 0, 0, 0, 0, 0, 0, 2, 0, 0, 0, 0, 0, 0, 0, 2, 2, 2, 3, 2, 0, 1, 1, 4, 2, 5, 1, 6, 2, 4, 2, 5, 269, 0, 1, 0, 0, 0, 0]",2,0.4119048731953003,-1,0
1266,"[0, 6, 0, 4, 1, 5, 0, 5, 0, 1, 0, 2, 0, 0, 0, 0, 0, 1, 0, 0, 2, 0, 0, 0, 0, 0, 0, 0, 0, 0, 0, 0, 1, 1, 2, 2, 0, 0, 2, 0, 0, 1, 1, 0, 2, 2, 0, 1, 0, 0, 0, 0, 0, 0, 0, 2, 0, 0, 0, 0, 0, 0, 0, 2, 2, 2, 3, 2, 0, 1, 1, 4, 2, 5, 1, 6, 2, 4, 2, 5, 269, 0, 1, 0, 0, 1, 0]","[[0 0 0 1]
 [1 0 0 0]]",0.6623297382533913,-1,0
1267,"[0, 6, 0, 4, 1, 5, 0, 5, 0, 1, 0, 2, 0, 0, 0, 0, 0, 1, 0, 0, 2, 0, 0, 0, 0, 0, 0, 0, 0, 0, 0, 0, 1, 1, 2, 2, 0, 0, 2, 0, 0, 1, 1, 0, 2, 2, 0, 1, 0, 0, 0, 0, 0, 0, 0, 2, 0, 0, 0, 0, 0, 0, 0, 2, 2, 2, 3, 2, 0, 1, 1, 4, 2, 5, 1, 6, 2, 4, 2, 5, 269, 0, 0, 0, 0, 0, 0]",1,-5.778265070554174,-1,1
1268,"[0, 6, 0, 4, 1, 5, 0, 5, 0, 1, 0, 2, 0, 0, 0, 0, 0, 1, 0, 0, 2, 0, 0, 0, 0, 0, 0, 0, 0, 0, 0, 0, 1, 1, 2, 2, 0, 0, 2, 0, 0, 1, 1, 0, 2, 2, 0, 1, 0, 0, 0, 0, 0, 0, 0, 2, 0, 0, 0, 0, 0, 0, 0, 2, 2, 2, 3, 2, 0, 1, 1, 4, 2, 5, 1, 6, 2, 4, 2, 5, 269, 0, 1, 0, 0, 0, 0]",2,0.4119048731953003,-1,0
1269,"[0, 6, 0, 4, 1, 5, 0, 5, 0, 1, 0, 2, 0, 0, 0, 0, 0, 1, 0, 0, 2, 0, 0, 0, 0, 0, 0, 0, 0, 0, 0, 0, 1, 1, 2, 2, 0, 0, 2, 0, 0, 1, 1, 0, 2, 2, 0, 1, 0, 0, 0, 0, 0, 0, 0, 2, 0, 0, 0, 0, 0, 0, 0, 2, 2, 2, 3, 2, 0, 1, 1, 4, 2, 5, 1, 6, 2, 4, 2, 5, 269, 0, 1, 0, 0, 1, 0]","[[0 1 0 0]
 [1 0 0 0]]",0.6623297382533913,-1,0
1270,"[1, 5, 0, 4, 0, 6, 0, 5, 0, 1, 0, 2, 0, 0, 0, 0, 0, 1, 0, 0, 2, 0, 0, 0, 0, 0, 0, 0, 0, 0, 0, 0, 1, 1, 2, 2, 0, 0, 2, 0, 0, 1, 1, 0, 2, 2, 0, 1, 0, 0, 0, 0, 0, 0, 0, 2, 0, 0, 0, 0, 0, 0, 0, 2, 2, 2, 3, 2, 0, 1, 1, 4, 2, 5, 1, 6, 2, 4, 2, 5, 269, 0, 0, 0, 0, 0, 0]",0,-0.1880951268046997,-1,1
1271,"[1, 5, 0, 4, 0, 6, 0, 5, 0, 1, 0, 2, 0, 0, 0, 0, 0, 1, 0, 0, 2, 0, 0, 0, 0, 0, 0, 0, 0, 0, 0, 0, 1, 1, 2, 2, 0, 0, 2, 0, 0, 1, 1, 0, 2, 2, 0, 1, 0, 0, 0, 0, 0, 0, 0, 2, 0, 0, 0, 0, 0, 0, 0, 2, 2, 2, 3, 2, 0, 1, 1, 4, 2, 5, 1, 6, 2, 4, 2, 5, 269, 0, 0, 0, 0, 0, 0]",0,0.3068796200258836,-1,0
1272,"[1, 5, 0, 4, 0, 6, 0, 5, 0, 1, 0, 2, 0, 0, 0, 0, 0, 1, 0, 0, 2, 0, 0, 0, 0, 0, 0, 0, 0, 0, 0, 0, 1, 1, 2, 2, 0, 0, 2, 0, 0, 1, 1, 0, 2, 2, 0, 1, 0, 0, 0, 0, 0, 0, 0, 2, 0, 0, 0, 0, 0, 0, 0, 2, 2, 2, 3, 2, 0, 1, 1, 4, 2, 5, 1, 6, 2, 4, 2, 5, 269, 0, 0, 0, 0, 0, 0]",-1,-0.003394046968588072,-1,0
1273,"[1, 5, 0, 4, 0, 6, 0, 5, 0, 1, 0, 2, 0, 0, 0, 0, 0, 1, 0, 0, 2, 0, 0, 0, 0, 0, 0, 0, 0, 0, 0, 0, 1, 1, 2, 2, 0, 0, 2, 0, 0, 1, 1, 0, 2, 2, 0, 1, 0, 0, 0, 0, 0, 0, 0, 2, 0, 0, 0, 0, 0, 0, 0, 2, 2, 2, 3, 2, 0, 1, 1, 4, 2, 5, 1, 6, 2, 4, 2, 5, 269, 0, 0, 0, 0, 0, 0]",0,0.3068796200258836,-1,0
1274,"[1, 5, 0, 4, 0, 6, 0, 5, 0, 1, 0, 2, 0, 0, 0, 0, 0, 1, 0, 0, 2, 0, 0, 0, 0, 0, 0, 0, 0, 0, 0, 0, 1, 1, 2, 2, 0, 0, 2, 0, 0, 1, 1, 0, 2, 2, 0, 1, 0, 0, 0, 0, 0, 0, 0, 2, 0, 0, 0, 0, 0, 0, 0, 2, 2, 2, 3, 2, 0, 1, 1, 4, 2, 5, 1, 6, 2, 4, 2, 5, 269, 0, 0, 0, 0, 0, 0]",-1,-0.003394046968588072,-1,0
1275,"[1, 5, 0, 4, 0, 6, 0, 5, 0, 1, 0, 2, 0, 0, 0, 0, 0, 1, 0, 0, 2, 0, 0, 0, 0, 0, 0, 0, 0, 0, 0, 0, 1, 1, 2, 2, 0, 0, 2, 0, 0, 1, 1, 0, 2, 2, 0, 1, 0, 0, 0, 0, 0, 0, 0, 2, 0, 0, 0, 0, 0, 0, 0, 2, 2, 2, 3, 2, 0, 1, 1, 4, 2, 5, 1, 6, 2, 4, 2, 5, 269, 0, 0, 0, 0, 0, 0]",0,0.3068796200258836,-1,0
1276,"[1, 5, 0, 4, 0, 6, 0, 5, 0, 1, 0, 2, 0, 0, 0, 0, 0, 1, 0, 0, 2, 0, 0, 0, 0, 0, 0, 0, 0, 0, 0, 0, 1, 1, 2, 2, 0, 0, 2, 0, 0, 1, 1, 0, 2, 2, 0, 1, 0, 0, 0, 0, 0, 0, 0, 2, 0, 0, 0, 0, 0, 0, 0, 2, 2, 2, 3, 2, 0, 1, 1, 4, 2, 5, 1, 6, 2, 4, 2, 5, 269, 0, 0, 0, 0, 0, 0]",-1,-0.003394046968588072,-1,0
1277,"[1, 5, 0, 4, 0, 6, 0, 5, 0, 1, 0, 2, 0, 0, 0, 0, 0, 1, 0, 0, 2, 0, 0, 0, 0, 0, 0, 0, 0, 0, 0, 0, 1, 1, 2, 2, 0, 0, 2, 0, 0, 1, 1, 0, 2, 2, 0, 1, 0, 0, 0, 0, 0, 0, 0, 2, 0, 0, 0, 0, 0, 0, 0, 2, 2, 2, 3, 2, 0, 1, 1, 4, 2, 5, 1, 6, 2, 4, 2, 5, 269, 0, 0, 0, 0, 0, 0]",0,0.3068796200258836,-1,0
1278,"[1, 5, 0, 4, 0, 6, 0, 5, 0, 1, 0, 2, 0, 0, 0, 0, 0, 1, 0, 0, 2, 0, 0, 0, 0, 0, 0, 0, 0, 0, 0, 0, 1, 1, 2, 2, 0, 0, 2, 0, 0, 1, 1, 0, 2, 2, 0, 1, 0, 0, 0, 0, 0, 0, 0, 2, 0, 0, 0, 0, 0, 0, 0, 2, 2, 2, 3, 2, 0, 1, 1, 4, 2, 5, 1, 6, 2, 4, 2, 5, 269, 0, 0, 0, 0, 0, 0]",-1,-0.003394046968588072,-1,0
1279,"[1, 5, 0, 4, 0, 6, 0, 5, 0, 1, 0, 2, 0, 0, 0, 0, 0, 1, 0, 0, 2, 0, 0, 0, 0, 0, 0, 0, 0, 0, 0, 0, 1, 1, 2, 2, 0, 0, 2, 0, 0, 1, 1, 0, 2, 2, 0, 1, 0, 0, 0, 0, 0, 0, 0, 2, 0, 0, 0, 0, 0, 0, 0, 2, 2, 2, 3, 2, 0, 1, 1, 4, 2, 5, 1, 6, 2, 4, 2, 5, 269, 0, 0, 0, 0, 0, 0]",0,0.3068796200258836,-1,0
1280,"[1, 5, 0, 4, 0, 6, 0, 5, 0, 1, 0, 2, 0, 0, 0, 0, 0, 1, 0, 0, 2, 0, 0, 0, 0, 0, 0, 0, 0, 0, 0, 0, 1, 1, 2, 2, 0, 0, 2, 0, 0, 1, 1, 0, 2, 2, 0, 1, 0, 0, 0, 0, 0, 0, 0, 2, 0, 0, 0, 0, 0, 0, 0, 2, 2, 2, 3, 2, 0, 1, 1, 4, 2, 5, 1, 6, 2, 4, 2, 5, 269, 0, 0, 0, 0, 0, 0]",-1,-0.003394046968588072,-1,0
1281,"[1, 5, 0, 4, 0, 6, 0, 5, 0, 1, 0, 2, 0, 0, 0, 0, 0, 1, 0, 0, 2, 0, 0, 0, 0, 0, 0, 0, 0, 0, 0, 0, 1, 1, 2, 2, 0, 0, 2, 0, 0, 1, 1, 0, 2, 2, 0, 1, 0, 0, 0, 0, 0, 0, 0, 2, 0, 0, 0, 0, 0, 0, 0, 2, 2, 2, 3, 2, 0, 1, 1, 4, 2, 5, 1, 6, 2, 4, 2, 5, 269, 0, 0, 0, 0, 0, 0]",0,0.3068796200258836,-1,0
1282,"[1, 5, 0, 4, 0, 6, 0, 5, 0, 1, 0, 2, 0, 0, 0, 0, 0, 1, 0, 0, 2, 0, 0, 0, 0, 0, 0, 0, 0, 0, 0, 0, 1, 1, 2, 2, 0, 0, 2, 0, 0, 1, 1, 0, 2, 2, 0, 1, 0, 0, 0, 0, 0, 0, 0, 2, 0, 0, 0, 0, 0, 0, 0, 2, 2, 2, 3, 2, 0, 1, 1, 4, 2, 5, 1, 6, 2, 4, 2, 5, 269, 0, 0, 0, 0, 0, 0]",-1,-0.003394046968588072,-1,0
1283,"[1, 5, 0, 4, 0, 6, 0, 5, 0, 1, 0, 2, 0, 0, 0, 0, 0, 1, 0, 0, 2, 0, 0, 0, 0, 0, 0, 0, 0, 0, 0, 0, 1, 1, 2, 2, 0, 0, 2, 0, 0, 1, 1, 0, 2, 2, 0, 1, 0, 0, 0, 0, 0, 0, 0, 2, 0, 0, 0, 0, 0, 0, 0, 2, 2, 2, 3, 2, 0, 1, 1, 4, 2, 5, 1, 6, 2, 4, 2, 5, 269, 0, 0, 0, 0, 0, 0]",0,0.3068796200258836,-1,0
1284,"[1, 5, 0, 4, 0, 6, 0, 5, 0, 1, 0, 2, 0, 0, 0, 0, 0, 1, 0, 0, 2, 0, 0, 0, 0, 0, 0, 0, 0, 0, 0, 0, 1, 1, 2, 2, 0, 0, 2, 0, 0, 1, 1, 0, 2, 2, 0, 1, 0, 0, 0, 0, 0, 0, 0, 2, 0, 0, 0, 0, 0, 0, 0, 2, 2, 2, 3, 2, 0, 1, 1, 4, 2, 5, 1, 6, 2, 4, 2, 5, 269, 0, 0, 0, 0, 0, 0]",-1,-0.003394046968588072,-1,0
1285,"[1, 5, 0, 4, 0, 6, 0, 5, 0, 1, 0, 2, 0, 0, 0, 0, 0, 1, 0, 0, 2, 0, 0, 0, 0, 0, 0, 0, 0, 0, 0, 0, 1, 1, 2, 2, 0, 0, 2, 0, 0, 1, 1, 0, 2, 2, 0, 1, 0, 0, 0, 0, 0, 0, 0, 2, 0, 0, 0, 0, 0, 0, 0, 2, 2, 2, 3, 2, 0, 1, 1, 4, 2, 5, 1, 6, 2, 4, 2, 5, 269, 0, 0, 0, 0, 0, 0]",0,0.3068796200258836,-1,0
1286,"[1, 5, 0, 4, 0, 6, 0, 5, 0, 1, 0, 2, 0, 0, 0, 0, 0, 1, 0, 0, 2, 0, 0, 0, 0, 0, 0, 0, 0, 0, 0, 0, 1, 1, 2, 2, 0, 0, 2, 0, 0, 1, 1, 0, 2, 2, 0, 1, 0, 0, 0, 0, 0, 0, 0, 2, 0, 0, 0, 0, 0, 0, 0, 2, 2, 2, 3, 2, 0, 1, 1, 4, 2, 5, 1, 6, 2, 4, 2, 5, 269, 0, 0, 0, 0, 0, 0]",-1,-0.003394046968588072,-1,0
1287,"[1, 6, 0, 4, 0, 7, 0, 5, 0, 1, 0, 2, 0, 0, 0, 0, 0, 1, 0, 0, 2, 0, 0, 0, 0, 0, 0, 0, 0, 0, 0, 0, 1, 1, 2, 2, 0, 0, 2, 0, 0, 1, 1, 0, 2, 2, 0, 1, 0, 0, 0, 0, 0, 0, 0, 2, 0, 0, 0, 0, 0, 0, 0, 2, 2, 2, 3, 2, 0, 1, 1, 4, 2, 5, 1, 6, 2, 4, 2, 5, 270, 0, 0, 0, 0, 0, 0]",4,12.538038643171127,-1,0
1288,"[1, 6, 0, 5, 0, 7, 0, 6, 0, 1, 0, 2, 0, 0, 0, 0, 0, 1, 0, 0, 2, 0, 0, 0, 0, 0, 0, 0, 0, 0, 0, 0, 1, 1, 2, 2, 0, 0, 2, 0, 0, 1, 1, 0, 2, 2, 0, 1, 0, 0, 0, 0, 0, 0, 0, 2, 0, 0, 0, 0, 0, 0, 0, 2, 2, 2, 3, 2, 0, 1, 1, 4, 2, 5, 1, 6, 2, 4, 2, 5, 271, 0, 0, 0, 0, 0, 0]",4,13.836650171682601,-1,1
1289,"[1, 6, 0, 5, 0, 7, 0, 6, 0, 1, 0, 2, 0, 0, 0, 0, 0, 1, 0, 0, 2, 0, 0, 0, 0, 0, 0, 0, 0, 0, 0, 0, 1, 1, 2, 2, 0, 0, 2, 0, 0, 1, 1, 0, 2, 2, 0, 1, 0, 0, 0, 0, 0, 0, 0, 2, 0, 0, 0, 0, 0, 0, 0, 2, 2, 2, 3, 2, 0, 1, 1, 4, 2, 5, 1, 6, 2, 4, 2, 5, 271, 0, 0, 0, 0, 0, 0]",1,0.6206642226562036,-1,0
1290,"[1, 6, 0, 5, 0, 7, 0, 6, 0, 1, 0, 2, 0, 0, 0, 0, 0, 1, 0, 0, 2, 0, 0, 0, 0, 0, 0, 0, 0, 0, 0, 0, 1, 1, 2, 2, 0, 0, 2, 0, 0, 1, 1, 0, 2, 2, 0, 1, 0, 0, 0, 0, 0, 0, 0, 2, 0, 0, 0, 0, 0, 0, 0, 2, 2, 2, 3, 2, 0, 1, 1, 4, 2, 5, 1, 6, 2, 4, 2, 5, 271, 0, 0, 0, 0, 0, 0]",-1,-0.003326840335750843,-1,0
1291,"[1, 6, 0, 5, 0, 7, 0, 6, 0, 1, 0, 2, 0, 0, 0, 0, 0, 1, 0, 0, 2, 0, 0, 0, 0, 0, 0, 0, 0, 0, 0, 0, 1, 1, 2, 2, 0, 0, 2, 0, 0, 1, 1, 0, 2, 2, 0, 1, 0, 0, 0, 0, 0, 0, 0, 2, 0, 0, 0, 0, 0, 0, 0, 2, 2, 2, 3, 2, 0, 1, 1, 4, 2, 5, 1, 6, 2, 4, 2, 5, 271, 0, 1, 0, 0, 0, 0]",2,0.4110401075565868,-1,0
1292,"[1, 6, 0, 5, 0, 7, 0, 6, 0, 1, 0, 2, 0, 0, 0, 0, 0, 1, 0, 0, 2, 0, 0, 0, 0, 0, 0, 0, 0, 0, 0, 0, 1, 1, 2, 2, 0, 0, 2, 0, 0, 1, 1, 0, 2, 2, 0, 1, 0, 0, 0, 0, 0, 0, 0, 2, 0, 0, 0, 0, 0, 0, 0, 2, 2, 2, 3, 2, 0, 1, 1, 4, 2, 5, 1, 6, 2, 4, 2, 5, 271, 0, 0, 0, 0, 0, 0]",-1,-0.003326840335750843,-1,0
1293,"[1, 6, 0, 6, 0, 7, 0, 7, 0, 1, 0, 2, 0, 0, 0, 0, 0, 1, 0, 0, 2, 0, 0, 0, 0, 0, 0, 0, 0, 0, 0, 0, 1, 1, 2, 2, 0, 0, 2, 0, 0, 1, 1, 0, 2, 2, 0, 1, 0, 0, 0, 0, 0, 0, 0, 2, 0, 0, 0, 0, 0, 0, 0, 2, 2, 2, 3, 2, 0, 1, 1, 4, 2, 5, 1, 6, 2, 4, 2, 5, 272, 0, 0, 0, 0, 0, 0]",4,12.530514593019417,-1,0
1294,"[1, 6, 0, 6, 0, 7, 0, 7, 0, 1, 0, 2, 0, 0, 0, 0, 0, 1, 0, 0, 2, 0, 0, 0, 0, 0, 0, 0, 0, 0, 0, 0, 1, 1, 2, 2, 0, 0, 2, 0, 0, 1, 1, 0, 2, 2, 0, 1, 0, 0, 0, 0, 0, 0, 0, 2, 0, 0, 0, 0, 0, 0, 0, 2, 2, 2, 3, 2, 0, 1, 1, 4, 2, 5, 1, 6, 2, 4, 2, 5, 272, 0, 1, 0, 0, 0, 0]",2,0.41063022727961274,-1,1
1295,"[1, 6, 0, 6, 0, 7, 0, 7, 0, 1, 0, 2, 0, 0, 0, 0, 0, 1, 0, 0, 2, 0, 0, 0, 0, 0, 0, 0, 0, 0, 0, 0, 1, 1, 2, 2, 0, 0, 2, 0, 0, 1, 1, 0, 2, 2, 0, 1, 0, 0, 0, 0, 0, 0, 0, 2, 0, 0, 0, 0, 0, 0, 0, 2, 2, 2, 3, 2, 0, 1, 1, 4, 2, 5, 1, 6, 2, 4, 2, 5, 272, 0, 1, 0, 0, 1, 0]","[[0 1 0 0]
 [1 0 0 0]]",0.6610550923377037,-1,1
1296,"[1, 6, 0, 6, 0, 7, 0, 7, 0, 1, 0, 2, 0, 0, 0, 0, 0, 1, 0, 0, 2, 0, 0, 0, 0, 0, 0, 0, 0, 0, 0, 0, 1, 1, 2, 2, 0, 0, 2, 0, 0, 1, 1, 0, 2, 2, 0, 1, 0, 0, 0, 0, 0, 0, 0, 2, 0, 0, 0, 0, 0, 0, 0, 2, 2, 2, 3, 2, 0, 1, 1, 4, 2, 5, 1, 6, 2, 4, 2, 5, 272, 0, 0, 0, 0, 0, 0]",1,-0.18936977272038727,-1,0
1297,"[1, 7, 0, 6, 0, 8, 0, 7, 0, 1, 0, 2, 0, 0, 0, 0, 0, 1, 0, 0, 2, 0, 0, 0, 0, 0, 0, 0, 0, 0, 0, 0, 1, 1, 2, 2, 0, 0, 2, 0, 0, 1, 1, 0, 2, 2, 0, 1, 0, 0, 0, 0, 0, 0, 0, 2, 0, 0, 0, 0, 0, 0, 0, 2, 2, 2, 3, 2, 0, 1, 1, 4, 2, 5, 1, 6, 2, 4, 2, 5, 273, 0, 0, 0, 0, 0, 0]",4,13.831797976848454,-1,1
1298,"[1, 7, 0, 6, 0, 8, 0, 7, 0, 1, 0, 2, 0, 0, 0, 0, 0, 1, 0, 0, 2, 0, 0, 0, 0, 0, 0, 0, 0, 0, 0, 0, 1, 1, 2, 2, 0, 0, 2, 0, 0, 1, 1, 0, 2, 2, 0, 1, 0, 0, 0, 0, 0, 0, 0, 2, 0, 0, 0, 0, 0, 0, 0, 2, 2, 2, 3, 2, 0, 1, 1, 4, 2, 5, 1, 6, 2, 4, 2, 5, 273, 0, 1, 0, 0, 0, 0]",2,0.4102347401834183,-1,0
1299,"[1, 7, 0, 6, 0, 8, 0, 7, 0, 1, 0, 2, 0, 0, 0, 0, 0, 1, 0, 0, 2, 0, 0, 0, 0, 0, 0, 0, 0, 0, 0, 0, 1, 1, 2, 2, 0, 0, 2, 0, 0, 1, 1, 0, 2, 2, 0, 1, 0, 0, 0, 0, 0, 0, 0, 2, 0, 0, 0, 0, 0, 0, 0, 2, 2, 2, 3, 2, 0, 1, 1, 4, 2, 5, 1, 6, 2, 4, 2, 5, 273, 0, 0, 0, 0, 0, 0]",-1,-0.0032609644834063764,-1,0
1300,"[1, 7, 0, 6, 0, 8, 0, 7, 0, 1, 0, 2, 0, 0, 0, 0, 0, 1, 0, 0, 2, 0, 0, 0, 0, 0, 0, 0, 0, 0, 0, 0, 1, 1, 2, 2, 0, 0, 2, 0, 0, 1, 1, 0, 2, 2, 0, 1, 0, 0, 0, 0, 0, 0, 0, 2, 0, 0, 0, 0, 0, 0, 0, 2, 2, 2, 3, 2, 0, 1, 1, 4, 2, 5, 1, 6, 2, 4, 2, 5, 273, 1, 0, 0, 0, 0, 0]",3,0.21023474018341834,-1,0
1301,"[1, 7, 0, 6, 0, 8, 0, 7, 0, 1, 0, 2, 0, 0, 0, 0, 0, 1, 0, 0, 2, 0, 0, 0, 0, 0, 0, 0, 0, 0, 0, 0, 1, 1, 2, 2, 0, 0, 2, 0, 0, 1, 1, 0, 2, 2, 0, 1, 0, 0, 0, 0, 0, 0, 0, 2, 0, 0, 0, 0, 0, 0, 0, 2, 2, 2, 3, 2, 0, 1, 1, 4, 2, 5, 1, 6, 2, 4, 2, 5, 273, 0, 0, 0, 0, 0, 0]",-1,-0.0032609644834063764,-1,0
1302,"[1, 7, 0, 6, 0, 8, 0, 7, 0, 1, 0, 2, 0, 0, 0, 0, 0, 1, 0, 0, 2, 0, 0, 0, 0, 0, 0, 0, 0, 0, 0, 0, 1, 1, 2, 2, 0, 0, 2, 0, 0, 1, 1, 0, 2, 2, 0, 1, 0, 0, 0, 0, 0, 0, 0, 2, 0, 0, 0, 0, 0, 0, 0, 2, 2, 2, 3, 2, 0, 1, 1, 4, 2, 5, 1, 6, 2, 4, 2, 5, 273, 1, 0, 0, 0, 0, 0]",3,0.21023474018341834,-1,0
1303,"[1, 7, 0, 6, 0, 8, 0, 7, 0, 1, 0, 2, 0, 0, 0, 0, 0, 1, 0, 0, 2, 0, 0, 0, 0, 0, 0, 0, 0, 0, 0, 0, 1, 1, 2, 2, 0, 0, 2, 0, 0, 1, 1, 0, 2, 2, 0, 1, 0, 0, 0, 0, 0, 0, 0, 2, 0, 0, 0, 0, 0, 0, 0, 2, 2, 2, 3, 2, 0, 1, 1, 4, 2, 5, 1, 6, 2, 4, 2, 5, 273, 0, 0, 0, 0, 0, 0]",-1,-0.0032609644834063764,-1,0
1304,"[1, 7, 0, 6, 0, 8, 0, 7, 0, 1, 0, 2, 0, 0, 0, 0, 0, 1, 0, 0, 2, 0, 0, 0, 0, 0, 0, 0, 0, 0, 0, 0, 1, 1, 2, 2, 0, 0, 2, 0, 0, 1, 1, 0, 2, 2, 0, 1, 0, 0, 0, 0, 0, 0, 0, 2, 0, 0, 0, 0, 0, 0, 0, 2, 2, 2, 3, 2, 0, 1, 1, 4, 2, 5, 1, 6, 2, 4, 2, 5, 273, 0, 1, 0, 0, 0, 0]",2,0.4102347401834183,-1,0
1305,"[1, 7, 0, 6, 0, 8, 0, 7, 0, 1, 0, 2, 0, 0, 0, 0, 0, 1, 0, 0, 2, 0, 0, 0, 0, 0, 0, 0, 0, 0, 0, 0, 1, 1, 2, 2, 0, 0, 2, 0, 0, 1, 1, 0, 2, 2, 0, 1, 0, 0, 0, 0, 0, 0, 0, 2, 0, 0, 0, 0, 0, 0, 0, 2, 2, 2, 3, 2, 0, 1, 1, 4, 2, 5, 1, 6, 2, 4, 2, 5, 273, 0, 0, 0, 0, 0, 0]",-1,-0.0032609644834063764,-1,0
1306,"[1, 7, 0, 6, 0, 8, 0, 7, 0, 1, 0, 2, 0, 0, 0, 0, 0, 1, 0, 0, 2, 0, 0, 0, 0, 0, 0, 0, 0, 0, 0, 0, 1, 1, 2, 2, 0, 0, 2, 0, 0, 1, 1, 0, 2, 2, 0, 1, 0, 0, 0, 0, 0, 0, 0, 2, 0, 0, 0, 0, 0, 0, 0, 2, 2, 2, 3, 2, 0, 1, 1, 4, 2, 5, 1, 6, 2, 4, 2, 5, 273, 1, 0, 0, 0, 0, 0]",3,0.21023474018341834,-1,0
1307,"[1, 7, 0, 6, 0, 8, 0, 7, 0, 1, 0, 2, 0, 0, 0, 0, 0, 1, 0, 0, 2, 0, 0, 0, 0, 0, 0, 0, 0, 0, 0, 0, 1, 1, 2, 2, 0, 0, 2, 0, 0, 1, 1, 0, 2, 2, 0, 1, 0, 0, 0, 0, 0, 0, 0, 2, 0, 0, 0, 0, 0, 0, 0, 2, 2, 2, 3, 2, 0, 1, 1, 4, 2, 5, 1, 6, 2, 4, 2, 5, 273, 0, 0, 0, 0, 0, 0]",-1,-0.0032609644834063764,-1,0
1308,"[1, 7, 0, 6, 0, 8, 0, 7, 0, 1, 0, 2, 0, 0, 0, 0, 0, 1, 0, 0, 2, 0, 0, 0, 0, 0, 0, 0, 0, 0, 0, 0, 1, 1, 2, 2, 0, 0, 2, 0, 0, 1, 1, 0, 2, 2, 0, 1, 0, 0, 0, 0, 0, 0, 0, 2, 0, 0, 0, 0, 0, 0, 0, 2, 2, 2, 3, 2, 0, 1, 1, 4, 2, 5, 1, 6, 2, 4, 2, 5, 273, 0, 1, 0, 0, 0, 0]",2,0.4102347401834183,-1,0
1309,"[1, 7, 0, 6, 0, 8, 0, 7, 0, 1, 0, 2, 0, 0, 0, 0, 0, 1, 0, 0, 2, 0, 0, 0, 0, 0, 0, 0, 0, 0, 0, 0, 1, 1, 2, 2, 0, 0, 2, 0, 0, 1, 1, 0, 2, 2, 0, 1, 0, 0, 0, 0, 0, 0, 0, 2, 0, 0, 0, 0, 0, 0, 0, 2, 2, 2, 3, 2, 0, 1, 1, 4, 2, 5, 1, 6, 2, 4, 2, 5, 273, 0, 0, 0, 0, 0, 0]",-1,-0.0032609644834063764,-1,0
1310,"[1, 7, 0, 7, 0, 8, 0, 8, 0, 1, 0, 2, 0, 0, 0, 0, 0, 1, 0, 0, 2, 0, 0, 0, 0, 0, 0, 0, 0, 0, 0, 0, 1, 1, 2, 2, 0, 0, 2, 0, 0, 1, 1, 0, 2, 2, 0, 1, 0, 0, 0, 0, 0, 0, 0, 2, 0, 0, 0, 0, 0, 0, 0, 2, 2, 2, 3, 2, 0, 1, 1, 4, 2, 5, 1, 6, 2, 4, 2, 5, 274, 0, 0, 0, 0, 0, 0]",4,12.511306687020666,-1,0
1311,"[1, 7, 0, 7, 0, 8, 0, 8, 0, 1, 0, 2, 0, 0, 0, 0, 0, 1, 0, 0, 2, 0, 0, 0, 0, 0, 0, 0, 0, 0, 0, 0, 1, 1, 2, 2, 0, 0, 2, 0, 0, 1, 1, 0, 2, 2, 0, 1, 0, 0, 0, 0, 0, 0, 0, 2, 0, 0, 0, 0, 0, 0, 0, 2, 2, 2, 3, 2, 0, 1, 1, 4, 2, 5, 1, 6, 2, 4, 2, 5, 275, 0, 0, 0, 0, 0, 0]",4,13.831905601484833,-1,1
1312,"[1, 7, 0, 7, 0, 8, 0, 8, 0, 1, 0, 2, 0, 0, 0, 0, 0, 1, 0, 0, 2, 0, 0, 0, 0, 0, 0, 0, 0, 0, 0, 0, 1, 1, 2, 2, 0, 0, 2, 0, 0, 1, 1, 0, 2, 2, 0, 1, 0, 0, 0, 0, 0, 0, 0, 2, 0, 0, 0, 0, 0, 0, 0, 2, 2, 2, 3, 2, 0, 1, 1, 4, 2, 5, 1, 6, 2, 4, 2, 5, 275, 0, 1, 0, 0, 0, 0]",2,0.4094851746355133,-1,0
1313,"[1, 7, 0, 7, 0, 8, 0, 8, 0, 1, 0, 2, 0, 0, 0, 0, 0, 1, 0, 0, 2, 0, 0, 0, 0, 0, 0, 0, 0, 0, 0, 0, 1, 1, 2, 2, 0, 0, 2, 0, 0, 1, 1, 0, 2, 2, 0, 1, 0, 0, 0, 0, 0, 0, 0, 2, 0, 0, 0, 0, 0, 0, 0, 2, 2, 2, 3, 2, 0, 1, 1, 4, 2, 5, 1, 6, 2, 4, 2, 5, 275, 0, 0, 0, 0, 0, 0]",-1,-0.0031963930603353787,-1,0
1314,"[1, 7, 0, 8, 0, 8, 0, 9, 0, 1, 0, 2, 0, 0, 0, 0, 0, 1, 0, 0, 2, 0, 0, 0, 0, 0, 0, 0, 0, 0, 0, 0, 1, 1, 2, 2, 0, 0, 2, 0, 0, 1, 1, 0, 2, 2, 0, 1, 0, 0, 0, 0, 0, 0, 0, 2, 0, 0, 0, 0, 0, 0, 0, 2, 2, 2, 3, 2, 0, 1, 1, 4, 2, 5, 1, 6, 2, 4, 2, 5, 276, 0, 0, 0, 0, 0, 0]",4,12.501086105504491,-1,0
1315,"[1, 3, 0, 4, 0, 4, 0, 4, 0, 1, 0, 2, 0, 0, 0, 0, 0, 1, 0, 0, 2, 0, 0, 0, 0, 0, 0, 0, 0, 0, 0, 0, 1, 1, 2, 2, 0, 0, 2, 0, 0, 1, 1, 0, 2, 2, 0, 1, 0, 0, 0, 0, 0, 0, 0, 2, 0, 0, 0, 0, 0, 0, 0, 2, 2, 2, 3, 2, 0, 1, 1, 4, 2, 5, 1, 6, 2, 4, 2, 3, 277, 0, 0, 0, 0, 0, 0]",4,13.876298331669313,-1,1
1316,"[1, 3, 0, 4, 0, 4, 0, 4, 0, 1, 0, 2, 0, 0, 0, 0, 0, 1, 0, 0, 2, 0, 0, 0, 0, 0, 0, 0, 0, 0, 0, 0, 1, 1, 2, 2, 0, 0, 2, 0, 0, 1, 1, 0, 2, 2, 0, 1, 0, 0, 0, 0, 0, 0, 0, 2, 0, 0, 0, 0, 0, 0, 0, 2, 2, 2, 3, 2, 0, 1, 1, 4, 2, 5, 1, 6, 2, 4, 2, 3, 277, 0, 1, 0, 0, 0, 0]",2,0.4087879630792282,-1,0
1317,"[1, 3, 0, 4, 0, 4, 0, 4, 0, 1, 0, 2, 0, 0, 0, 0, 0, 1, 0, 0, 2, 0, 0, 0, 0, 0, 0, 0, 0, 0, 0, 0, 1, 1, 2, 2, 0, 0, 2, 0, 0, 1, 1, 0, 2, 2, 0, 1, 0, 0, 0, 0, 0, 0, 0, 2, 0, 0, 0, 0, 0, 0, 0, 2, 2, 2, 3, 2, 0, 1, 1, 4, 2, 5, 1, 6, 2, 4, 2, 3, 277, 0, 0, 0, 0, 0, 0]",-1,-0.003133100237107658,-1,0
1318,"[1, 3, 0, 4, 0, 4, 0, 4, 0, 1, 0, 2, 0, 0, 0, 0, 0, 1, 0, 0, 2, 0, 0, 0, 0, 0, 0, 0, 0, 0, 0, 0, 1, 1, 2, 2, 0, 0, 2, 0, 0, 1, 1, 0, 2, 2, 0, 1, 0, 0, 0, 0, 0, 0, 0, 2, 0, 0, 0, 0, 0, 0, 0, 2, 2, 2, 3, 2, 0, 1, 1, 4, 2, 5, 1, 6, 2, 4, 2, 3, 277, 1, 0, 0, 0, 0, 0]",3,0.20878796307922826,-1,0
1319,"[1, 3, 0, 4, 0, 4, 0, 4, 0, 1, 0, 2, 0, 0, 0, 0, 0, 1, 0, 0, 2, 0, 0, 0, 0, 0, 0, 0, 0, 0, 0, 0, 1, 1, 2, 2, 0, 0, 2, 0, 0, 1, 1, 0, 2, 2, 0, 1, 0, 0, 0, 0, 0, 0, 0, 2, 0, 0, 0, 0, 0, 0, 0, 2, 2, 2, 3, 2, 0, 1, 1, 4, 2, 5, 1, 6, 2, 4, 2, 3, 277, 0, 0, 0, 0, 0, 0]",-1,-0.003133100237107658,-1,0
1320,"[1, 3, 0, 4, 0, 4, 0, 4, 0, 1, 0, 2, 0, 0, 0, 0, 0, 1, 0, 0, 2, 0, 0, 0, 0, 0, 0, 0, 0, 0, 0, 0, 1, 1, 2, 2, 0, 0, 2, 0, 0, 1, 1, 0, 2, 2, 0, 1, 0, 0, 0, 0, 0, 0, 0, 2, 0, 0, 0, 0, 0, 0, 0, 2, 2, 2, 3, 2, 0, 1, 1, 4, 2, 5, 1, 6, 2, 4, 2, 3, 277, 1, 0, 0, 0, 0, 0]",3,0.20878796307922826,-1,0
1321,"[1, 3, 0, 4, 0, 4, 0, 4, 0, 1, 0, 2, 0, 0, 0, 0, 0, 1, 0, 0, 2, 0, 0, 0, 0, 0, 0, 0, 0, 0, 0, 0, 1, 1, 2, 2, 0, 0, 2, 0, 0, 1, 1, 0, 2, 2, 0, 1, 0, 0, 0, 0, 0, 0, 0, 2, 0, 0, 0, 0, 0, 0, 0, 2, 2, 2, 3, 2, 0, 1, 1, 4, 2, 5, 1, 6, 2, 4, 2, 3, 277, 0, 0, 0, 0, 0, 0]",-1,-0.003133100237107658,-1,0
1322,"[1, 3, 0, 4, 0, 4, 0, 4, 0, 1, 0, 2, 0, 0, 0, 0, 0, 1, 0, 0, 2, 0, 0, 0, 0, 0, 0, 0, 0, 0, 0, 0, 1, 1, 2, 2, 0, 0, 2, 0, 0, 1, 1, 0, 2, 2, 0, 1, 0, 0, 0, 0, 0, 0, 0, 2, 0, 0, 0, 0, 0, 0, 0, 2, 2, 2, 3, 2, 0, 1, 1, 4, 2, 5, 1, 6, 2, 4, 2, 3, 277, 0, 0, 0, 0, 0, 0]",1,0.6184120781788449,-1,0
1323,"[1, 3, 0, 4, 0, 4, 0, 4, 0, 1, 0, 2, 0, 0, 0, 0, 0, 1, 0, 0, 2, 0, 0, 0, 0, 0, 0, 0, 0, 0, 0, 0, 1, 1, 2, 2, 0, 0, 2, 0, 0, 1, 1, 0, 2, 2, 0, 1, 0, 0, 0, 0, 0, 0, 0, 2, 0, 0, 0, 0, 0, 0, 0, 2, 2, 2, 3, 2, 0, 1, 1, 4, 2, 5, 1, 6, 2, 4, 2, 3, 277, 0, 0, 0, 0, 0, 0]",-1,-0.003133100237107658,-1,0
1324,"[1, 3, 0, 4, 0, 4, 0, 4, 0, 1, 0, 2, 0, 0, 0, 0, 0, 1, 0, 0, 2, 0, 0, 0, 0, 0, 0, 0, 0, 0, 0, 0, 1, 1, 2, 2, 0, 0, 2, 0, 0, 1, 1, 0, 2, 2, 0, 1, 0, 0, 0, 0, 0, 0, 0, 2, 0, 0, 0, 0, 0, 0, 0, 2, 2, 2, 3, 2, 0, 1, 1, 4, 2, 5, 1, 6, 2, 4, 2, 3, 277, 0, 0, 0, 0, 0, 0]",1,0.6184120781788449,-1,0
1325,"[1, 3, 0, 4, 0, 4, 0, 4, 0, 1, 0, 2, 0, 0, 0, 0, 0, 1, 0, 0, 2, 0, 0, 0, 0, 0, 0, 0, 0, 0, 0, 0, 1, 1, 2, 2, 0, 0, 2, 0, 0, 1, 1, 0, 2, 2, 0, 1, 0, 0, 0, 0, 0, 0, 0, 2, 0, 0, 0, 0, 0, 0, 0, 2, 2, 2, 3, 2, 0, 1, 1, 4, 2, 5, 1, 6, 2, 4, 2, 3, 277, 0, 0, 0, 0, 0, 0]",-1,-0.003133100237107658,-1,0
1326,"[1, 3, 0, 4, 0, 4, 0, 4, 0, 1, 0, 2, 0, 0, 0, 0, 0, 1, 0, 0, 2, 0, 0, 0, 0, 0, 0, 0, 0, 0, 0, 0, 1, 1, 2, 2, 0, 0, 2, 0, 0, 1, 1, 0, 2, 2, 0, 1, 0, 0, 0, 0, 0, 0, 0, 2, 0, 0, 0, 0, 0, 0, 0, 2, 2, 2, 3, 2, 0, 1, 1, 4, 2, 5, 1, 6, 2, 4, 2, 3, 277, 0, 1, 0, 0, 0, 0]",2,0.4087879630792282,-1,0
1327,"[1, 3, 0, 4, 0, 4, 0, 4, 0, 1, 0, 2, 0, 0, 0, 0, 0, 1, 0, 0, 2, 0, 0, 0, 0, 0, 0, 0, 0, 0, 0, 0, 1, 1, 2, 2, 0, 0, 2, 0, 0, 1, 1, 0, 2, 2, 0, 1, 0, 0, 0, 0, 0, 0, 0, 2, 0, 0, 0, 0, 0, 0, 0, 2, 2, 2, 3, 2, 0, 1, 1, 4, 2, 5, 1, 6, 2, 4, 2, 3, 277, 0, 0, 0, 0, 0, 0]",-1,-0.003133100237107658,-1,0
1328,"[1, 4, 0, 4, 0, 5, 0, 4, 0, 1, 0, 2, 0, 0, 0, 0, 0, 1, 0, 0, 2, 0, 0, 0, 0, 0, 0, 0, 0, 0, 0, 0, 1, 1, 2, 2, 0, 0, 2, 0, 0, 1, 1, 0, 2, 2, 0, 1, 0, 0, 0, 0, 0, 0, 0, 2, 0, 0, 0, 0, 0, 0, 0, 2, 2, 2, 3, 2, 0, 1, 1, 4, 2, 5, 1, 6, 2, 4, 2, 3, 278, 0, 0, 0, 0, 0, 0]",4,12.607536347801764,-1,0
1329,"[1, 4, 0, 4, 0, 5, 0, 4, 0, 1, 0, 2, 0, 0, 0, 0, 0, 1, 0, 0, 2, 0, 0, 0, 0, 0, 0, 0, 0, 0, 0, 0, 1, 1, 2, 2, 0, 0, 2, 0, 0, 1, 1, 0, 2, 2, 0, 1, 0, 0, 0, 0, 0, 0, 0, 2, 0, 0, 0, 0, 0, 0, 0, 2, 2, 2, 3, 2, 0, 1, 1, 4, 2, 5, 1, 6, 2, 4, 2, 3, 278, 0, 1, 0, 0, 0, 0]",2,0.4084579543684067,-1,1
1330,"[1, 4, 0, 4, 0, 5, 0, 4, 0, 1, 0, 2, 0, 0, 0, 0, 0, 1, 0, 0, 2, 0, 0, 0, 0, 0, 0, 0, 0, 0, 0, 0, 1, 1, 2, 2, 0, 0, 2, 0, 0, 1, 1, 0, 2, 2, 0, 1, 0, 0, 0, 0, 0, 0, 0, 2, 0, 0, 0, 0, 0, 0, 0, 2, 2, 2, 3, 2, 0, 1, 1, 4, 2, 5, 1, 6, 2, 4, 2, 3, 278, 0, 1, 0, 0, 1, 0]","[[0 1 0 0]
 [1 0 0 0]]",0.6588828194264976,-1,1
1331,"[0, 5, 0, 4, 1, 4, 0, 4, 0, 1, 0, 2, 0, 0, 0, 0, 0, 1, 0, 0, 2, 0, 0, 0, 0, 0, 0, 0, 0, 0, 0, 0, 1, 1, 2, 2, 0, 0, 2, 0, 0, 1, 1, 0, 2, 2, 0, 1, 0, 0, 0, 0, 0, 0, 0, 2, 0, 0, 0, 0, 0, 0, 0, 2, 2, 2, 3, 2, 0, 1, 1, 4, 2, 5, 1, 6, 2, 4, 2, 3, 278, 0, 0, 0, 0, 0, 0]",0,-0.19154204563159324,-1,0
1332,"[0, 5, 0, 4, 2, 4, 0, 4, 0, 1, 0, 2, 0, 0, 0, 0, 0, 1, 0, 0, 2, 0, 0, 0, 0, 0, 0, 0, 0, 0, 0, 0, 1, 1, 2, 2, 0, 0, 2, 0, 0, 1, 1, 0, 2, 2, 0, 1, 0, 0, 0, 0, 0, 0, 0, 2, 0, 0, 0, 0, 0, 0, 0, 2, 2, 2, 3, 2, 0, 1, 1, 4, 2, 5, 1, 6, 2, 4, 2, 3, 279, 0, 0, 0, 0, 0, 0]",4,14.10423054827332,-1,1
1333,"[0, 5, 0, 4, 2, 4, 0, 4, 0, 1, 0, 2, 0, 0, 0, 0, 0, 1, 0, 0, 2, 0, 0, 0, 0, 0, 0, 0, 0, 0, 0, 0, 1, 1, 2, 2, 0, 0, 2, 0, 0, 1, 1, 0, 2, 2, 0, 1, 0, 0, 0, 0, 0, 0, 0, 2, 0, 0, 0, 0, 0, 0, 0, 2, 2, 2, 3, 2, 0, 1, 1, 4, 2, 5, 1, 6, 2, 4, 2, 3, 279, 0, 0, 0, 0, 0, 0]",1,0.61776392581391,-1,0
1334,"[0, 5, 0, 4, 2, 4, 0, 4, 0, 1, 0, 2, 0, 0, 0, 0, 0, 1, 0, 0, 2, 0, 0, 0, 0, 0, 0, 0, 0, 0, 0, 0, 1, 1, 2, 2, 0, 0, 2, 0, 0, 1, 1, 0, 2, 2, 0, 1, 0, 0, 0, 0, 0, 0, 0, 2, 0, 0, 0, 0, 0, 0, 0, 2, 2, 2, 3, 2, 0, 1, 1, 4, 2, 5, 1, 6, 2, 4, 2, 3, 279, 0, 0, 0, 0, 0, 0]",-1,-0.0030710606957500067,-1,0
1335,"[0, 5, 0, 5, 2, 4, 0, 5, 0, 1, 0, 2, 0, 0, 0, 0, 0, 1, 0, 0, 2, 0, 0, 0, 0, 0, 0, 0, 0, 0, 0, 0, 1, 1, 2, 2, 0, 0, 2, 0, 0, 1, 1, 0, 2, 2, 0, 1, 0, 0, 0, 0, 0, 0, 0, 2, 0, 0, 0, 0, 0, 0, 0, 2, 2, 2, 3, 2, 0, 1, 1, 4, 2, 5, 1, 6, 2, 4, 2, 3, 280, 0, 0, 0, 0, 0, 0]",4,14.058352487215839,-1,1
1336,"[0, 5, 0, 5, 2, 4, 0, 5, 0, 1, 0, 2, 0, 0, 0, 0, 0, 1, 0, 0, 2, 0, 0, 0, 0, 0, 0, 0, 0, 0, 0, 0, 1, 1, 2, 2, 0, 0, 2, 0, 0, 1, 1, 0, 2, 2, 0, 1, 0, 0, 0, 0, 0, 0, 0, 2, 0, 0, 0, 0, 0, 0, 0, 2, 2, 2, 3, 2, 0, 1, 1, 4, 2, 5, 1, 6, 2, 4, 2, 3, 280, 1, 0, 0, 0, 0, 0]",3,0.20783314455935287,-1,0
1337,"[0, 5, 0, 5, 2, 4, 0, 5, 0, 1, 0, 2, 0, 0, 0, 0, 0, 1, 0, 0, 2, 0, 0, 0, 0, 0, 0, 0, 0, 0, 0, 0, 1, 1, 2, 2, 0, 0, 2, 0, 0, 1, 1, 0, 2, 2, 0, 1, 0, 0, 0, 0, 0, 0, 0, 2, 0, 0, 0, 0, 0, 0, 0, 2, 2, 2, 3, 2, 0, 1, 1, 4, 2, 5, 1, 6, 2, 4, 2, 3, 280, 0, 0, 0, 0, 0, 0]",-1,-0.003040503131260898,-1,0
1338,"[0, 5, 0, 5, 2, 4, 0, 5, 0, 1, 0, 2, 0, 0, 0, 0, 0, 1, 0, 0, 2, 0, 0, 0, 0, 0, 0, 0, 0, 0, 0, 0, 1, 1, 2, 2, 0, 0, 2, 0, 0, 1, 1, 0, 2, 2, 0, 1, 0, 0, 0, 0, 0, 0, 0, 2, 0, 0, 0, 0, 0, 0, 0, 2, 2, 2, 3, 2, 0, 1, 1, 4, 2, 5, 1, 6, 2, 4, 2, 3, 280, 0, 1, 0, 0, 0, 0]",2,0.4078331445593528,-1,0
1339,"[0, 5, 0, 5, 2, 4, 0, 5, 0, 1, 0, 2, 0, 0, 0, 0, 0, 1, 0, 0, 2, 0, 0, 0, 0, 0, 0, 0, 0, 0, 0, 0, 1, 1, 2, 2, 0, 0, 2, 0, 0, 1, 1, 0, 2, 2, 0, 1, 0, 0, 0, 0, 0, 0, 0, 2, 0, 0, 0, 0, 0, 0, 0, 2, 2, 2, 3, 2, 0, 1, 1, 4, 2, 5, 1, 6, 2, 4, 2, 3, 280, 0, 1, 0, 0, 1, 0]","[[0 0 0 1]
 [1 0 0 0]]",0.6582580096174437,-1,0
1340,"[0, 5, 0, 5, 2, 4, 0, 5, 0, 1, 0, 2, 0, 0, 0, 0, 0, 1, 0, 0, 2, 0, 0, 0, 0, 0, 0, 0, 0, 0, 0, 0, 1, 1, 2, 2, 0, 0, 2, 0, 0, 1, 1, 0, 2, 2, 0, 1, 0, 0, 0, 0, 0, 0, 0, 2, 0, 0, 0, 0, 0, 0, 0, 2, 2, 2, 3, 2, 0, 1, 1, 4, 2, 5, 1, 6, 2, 4, 2, 3, 280, 0, 0, 0, 0, 0, 0]",1,-5.782336799190122,-1,1
1341,"[0, 5, 0, 5, 2, 4, 0, 5, 0, 1, 0, 2, 0, 0, 0, 0, 0, 1, 0, 0, 2, 0, 0, 0, 0, 0, 0, 0, 0, 0, 0, 0, 1, 1, 2, 2, 0, 0, 2, 0, 0, 1, 1, 0, 2, 2, 0, 1, 0, 0, 0, 0, 0, 0, 0, 2, 0, 0, 0, 0, 0, 0, 0, 2, 2, 2, 3, 2, 0, 1, 1, 4, 2, 5, 1, 6, 2, 4, 2, 3, 280, 0, 1, 0, 0, 0, 0]",2,0.4078331445593528,-1,0
1342,"[0, 5, 0, 5, 2, 4, 0, 5, 0, 1, 0, 2, 0, 0, 0, 0, 0, 1, 0, 0, 2, 0, 0, 0, 0, 0, 0, 0, 0, 0, 0, 0, 1, 1, 2, 2, 0, 0, 2, 0, 0, 1, 1, 0, 2, 2, 0, 1, 0, 0, 0, 0, 0, 0, 0, 2, 0, 0, 0, 0, 0, 0, 0, 2, 2, 2, 3, 2, 0, 1, 1, 4, 2, 5, 1, 6, 2, 4, 2, 3, 280, 0, 1, 0, 0, 1, 0]","[[0 0 0 1]
 [1 0 0 0]]",0.6582580096174437,-1,0
1343,"[1, 5, 0, 4, 1, 4, 0, 6, 0, 1, 0, 2, 0, 0, 0, 0, 0, 1, 0, 0, 2, 0, 0, 0, 0, 0, 0, 0, 0, 0, 0, 0, 1, 1, 2, 2, 0, 0, 2, 0, 0, 1, 1, 0, 2, 2, 0, 1, 0, 0, 0, 0, 0, 0, 0, 2, 0, 0, 0, 0, 0, 0, 0, 2, 2, 2, 3, 2, 0, 1, 1, 4, 2, 5, 1, 6, 2, 4, 2, 3, 280, 0, 0, 0, 0, 0, 0]",0,-0.19216685544064716,-1,1
1344,"[1, 5, 0, 4, 1, 4, 0, 6, 0, 1, 0, 2, 0, 0, 0, 0, 0, 1, 0, 0, 2, 0, 0, 0, 0, 0, 0, 0, 0, 0, 0, 0, 1, 1, 2, 2, 0, 0, 2, 0, 0, 1, 1, 0, 2, 2, 0, 1, 0, 0, 0, 0, 0, 0, 0, 2, 0, 0, 0, 0, 0, 0, 0, 2, 2, 2, 3, 2, 0, 1, 1, 4, 2, 5, 1, 6, 2, 4, 2, 3, 280, 0, 0, 0, 0, 0, 0]",0,0.30280789138993613,-1,0
1345,"[1, 5, 0, 4, 1, 4, 0, 6, 0, 1, 0, 2, 0, 0, 0, 0, 0, 1, 0, 0, 2, 0, 0, 0, 0, 0, 0, 0, 0, 0, 0, 0, 1, 1, 2, 2, 0, 0, 2, 0, 0, 1, 1, 0, 2, 2, 0, 1, 0, 0, 0, 0, 0, 0, 0, 2, 0, 0, 0, 0, 0, 0, 0, 2, 2, 2, 3, 2, 0, 1, 1, 4, 2, 5, 1, 6, 2, 4, 2, 3, 280, 0, 0, 0, 0, 0, 0]",-1,-0.003040503131260898,-1,0
1346,"[1, 5, 0, 4, 1, 4, 0, 6, 0, 1, 0, 2, 0, 0, 0, 0, 0, 1, 0, 0, 2, 0, 0, 0, 0, 0, 0, 0, 0, 0, 0, 0, 1, 1, 2, 2, 0, 0, 2, 0, 0, 1, 1, 0, 2, 2, 0, 1, 0, 0, 0, 0, 0, 0, 0, 2, 0, 0, 0, 0, 0, 0, 0, 2, 2, 2, 3, 2, 0, 1, 1, 4, 2, 5, 1, 6, 2, 4, 2, 3, 280, 0, 0, 0, 0, 0, 0]",0,0.30280789138993613,-1,0
1347,"[1, 5, 0, 4, 1, 4, 0, 6, 0, 1, 0, 2, 0, 0, 0, 0, 0, 1, 0, 0, 2, 0, 0, 0, 0, 0, 0, 0, 0, 0, 0, 0, 1, 1, 2, 2, 0, 0, 2, 0, 0, 1, 1, 0, 2, 2, 0, 1, 0, 0, 0, 0, 0, 0, 0, 2, 0, 0, 0, 0, 0, 0, 0, 2, 2, 2, 3, 2, 0, 1, 1, 4, 2, 5, 1, 6, 2, 4, 2, 3, 280, 0, 0, 0, 0, 0, 0]",-1,-0.003040503131260898,-1,0
1348,"[1, 5, 0, 4, 1, 4, 0, 6, 0, 1, 0, 2, 0, 0, 0, 0, 0, 1, 0, 0, 2, 0, 0, 0, 0, 0, 0, 0, 0, 0, 0, 0, 1, 1, 2, 2, 0, 0, 2, 0, 0, 1, 1, 0, 2, 2, 0, 1, 0, 0, 0, 0, 0, 0, 0, 2, 0, 0, 0, 0, 0, 0, 0, 2, 2, 2, 3, 2, 0, 1, 1, 4, 2, 5, 1, 6, 2, 4, 2, 3, 280, 0, 0, 0, 0, 0, 0]",0,0.30280789138993613,-1,0
1349,"[1, 5, 0, 4, 1, 4, 0, 6, 0, 1, 0, 2, 0, 0, 0, 0, 0, 1, 0, 0, 2, 0, 0, 0, 0, 0, 0, 0, 0, 0, 0, 0, 1, 1, 2, 2, 0, 0, 2, 0, 0, 1, 1, 0, 2, 2, 0, 1, 0, 0, 0, 0, 0, 0, 0, 2, 0, 0, 0, 0, 0, 0, 0, 2, 2, 2, 3, 2, 0, 1, 1, 4, 2, 5, 1, 6, 2, 4, 2, 3, 280, 0, 0, 0, 0, 0, 0]",-1,-0.003040503131260898,-1,0
1350,"[1, 5, 0, 4, 1, 4, 0, 6, 0, 1, 0, 2, 0, 0, 0, 0, 0, 1, 0, 0, 2, 0, 0, 0, 0, 0, 0, 0, 0, 0, 0, 0, 1, 1, 2, 2, 0, 0, 2, 0, 0, 1, 1, 0, 2, 2, 0, 1, 0, 0, 0, 0, 0, 0, 0, 2, 0, 0, 0, 0, 0, 0, 0, 2, 2, 2, 3, 2, 0, 1, 1, 4, 2, 5, 1, 6, 2, 4, 2, 3, 280, 0, 0, 0, 0, 0, 0]",0,0.30280789138993613,-1,0
1351,"[1, 5, 0, 4, 1, 4, 0, 6, 0, 1, 0, 2, 0, 0, 0, 0, 0, 1, 0, 0, 2, 0, 0, 0, 0, 0, 0, 0, 0, 0, 0, 0, 1, 1, 2, 2, 0, 0, 2, 0, 0, 1, 1, 0, 2, 2, 0, 1, 0, 0, 0, 0, 0, 0, 0, 2, 0, 0, 0, 0, 0, 0, 0, 2, 2, 2, 3, 2, 0, 1, 1, 4, 2, 5, 1, 6, 2, 4, 2, 3, 280, 0, 0, 0, 0, 0, 0]",-1,-0.003040503131260898,-1,0
1352,"[1, 5, 0, 4, 1, 4, 0, 6, 0, 1, 0, 2, 0, 0, 0, 0, 0, 1, 0, 0, 2, 0, 0, 0, 0, 0, 0, 0, 0, 0, 0, 0, 1, 1, 2, 2, 0, 0, 2, 0, 0, 1, 1, 0, 2, 2, 0, 1, 0, 0, 0, 0, 0, 0, 0, 2, 0, 0, 0, 0, 0, 0, 0, 2, 2, 2, 3, 2, 0, 1, 1, 4, 2, 5, 1, 6, 2, 4, 2, 3, 280, 0, 0, 0, 0, 0, 0]",0,0.30280789138993613,-1,0
1353,"[1, 5, 0, 4, 1, 4, 0, 6, 0, 1, 0, 2, 0, 0, 0, 0, 0, 1, 0, 0, 2, 0, 0, 0, 0, 0, 0, 0, 0, 0, 0, 0, 1, 1, 2, 2, 0, 0, 2, 0, 0, 1, 1, 0, 2, 2, 0, 1, 0, 0, 0, 0, 0, 0, 0, 2, 0, 0, 0, 0, 0, 0, 0, 2, 2, 2, 3, 2, 0, 1, 1, 4, 2, 5, 1, 6, 2, 4, 2, 3, 280, 0, 0, 0, 0, 0, 0]",-1,-0.003040503131260898,-1,0
1354,"[1, 5, 0, 4, 1, 4, 0, 6, 0, 1, 0, 2, 0, 0, 0, 0, 0, 1, 0, 0, 2, 0, 0, 0, 0, 0, 0, 0, 0, 0, 0, 0, 1, 1, 2, 2, 0, 0, 2, 0, 0, 1, 1, 0, 2, 2, 0, 1, 0, 0, 0, 0, 0, 0, 0, 2, 0, 0, 0, 0, 0, 0, 0, 2, 2, 2, 3, 2, 0, 1, 1, 4, 2, 5, 1, 6, 2, 4, 2, 3, 280, 0, 0, 0, 0, 0, 0]",0,0.30280789138993613,-1,0
1355,"[1, 5, 0, 4, 1, 4, 0, 6, 0, 1, 0, 2, 0, 0, 0, 0, 0, 1, 0, 0, 2, 0, 0, 0, 0, 0, 0, 0, 0, 0, 0, 0, 1, 1, 2, 2, 0, 0, 2, 0, 0, 1, 1, 0, 2, 2, 0, 1, 0, 0, 0, 0, 0, 0, 0, 2, 0, 0, 0, 0, 0, 0, 0, 2, 2, 2, 3, 2, 0, 1, 1, 4, 2, 5, 1, 6, 2, 4, 2, 3, 280, 0, 0, 0, 0, 0, 0]",-1,-0.003040503131260898,-1,0
1356,"[1, 5, 0, 4, 1, 4, 0, 6, 0, 1, 0, 2, 0, 0, 0, 0, 0, 1, 0, 0, 2, 0, 0, 0, 0, 0, 0, 0, 0, 0, 0, 0, 1, 1, 2, 2, 0, 0, 2, 0, 0, 1, 1, 0, 2, 2, 0, 1, 0, 0, 0, 0, 0, 0, 0, 2, 0, 0, 0, 0, 0, 0, 0, 2, 2, 2, 3, 2, 0, 1, 1, 4, 2, 5, 1, 6, 2, 4, 2, 3, 280, 0, 0, 0, 0, 0, 0]",0,0.30280789138993613,-1,0
1357,"[1, 5, 0, 4, 1, 4, 0, 6, 0, 1, 0, 2, 0, 0, 0, 0, 0, 1, 0, 0, 2, 0, 0, 0, 0, 0, 0, 0, 0, 0, 0, 0, 1, 1, 2, 2, 0, 0, 2, 0, 0, 1, 1, 0, 2, 2, 0, 1, 0, 0, 0, 0, 0, 0, 0, 2, 0, 0, 0, 0, 0, 0, 0, 2, 2, 2, 3, 2, 0, 1, 1, 4, 2, 5, 1, 6, 2, 4, 2, 3, 280, 0, 0, 0, 0, 0, 0]",-1,-0.003040503131260898,-1,0
1358,"[1, 5, 0, 4, 1, 4, 0, 6, 0, 1, 0, 2, 0, 0, 0, 0, 0, 1, 0, 0, 2, 0, 0, 0, 0, 0, 0, 0, 0, 0, 0, 0, 1, 1, 2, 2, 0, 0, 2, 0, 0, 1, 1, 0, 2, 2, 0, 1, 0, 0, 0, 0, 0, 0, 0, 2, 0, 0, 0, 0, 0, 0, 0, 2, 2, 2, 3, 2, 0, 1, 1, 4, 2, 5, 1, 6, 2, 4, 2, 3, 280, 1, 0, 0, 0, 0, 0]",3,0.20783314455935287,-1,0
1359,"[1, 5, 0, 4, 1, 4, 0, 6, 0, 1, 0, 2, 0, 0, 0, 0, 0, 1, 0, 0, 2, 0, 0, 0, 0, 0, 0, 0, 0, 0, 0, 0, 1, 1, 2, 2, 0, 0, 2, 0, 0, 1, 1, 0, 2, 2, 0, 1, 0, 0, 0, 0, 0, 0, 0, 2, 0, 0, 0, 0, 0, 0, 0, 2, 2, 2, 3, 2, 0, 1, 1, 4, 2, 5, 1, 6, 2, 4, 2, 3, 280, 0, 0, 0, 0, 0, 0]",-1,-0.003040503131260898,-1,0
1360,"[1, 5, 0, 4, 1, 4, 0, 6, 0, 1, 0, 2, 0, 0, 0, 0, 0, 1, 0, 0, 2, 0, 0, 0, 0, 0, 0, 0, 0, 0, 0, 0, 1, 1, 2, 2, 0, 0, 2, 0, 0, 1, 1, 0, 2, 2, 0, 1, 0, 0, 0, 0, 0, 0, 0, 2, 0, 0, 0, 0, 0, 0, 0, 2, 2, 2, 3, 2, 0, 1, 1, 4, 2, 5, 1, 6, 2, 4, 2, 3, 280, 0, 0, 0, 0, 0, 0]",1,0.6174572596589696,-1,0
1361,"[1, 5, 0, 4, 1, 4, 0, 6, 0, 1, 0, 2, 0, 0, 0, 0, 0, 1, 0, 0, 2, 0, 0, 0, 0, 0, 0, 0, 0, 0, 0, 0, 1, 1, 2, 2, 0, 0, 2, 0, 0, 1, 1, 0, 2, 2, 0, 1, 0, 0, 0, 0, 0, 0, 0, 2, 0, 0, 0, 0, 0, 0, 0, 2, 2, 2, 3, 2, 0, 1, 1, 4, 2, 5, 1, 6, 2, 4, 2, 3, 280, 0, 0, 0, 0, 0, 0]",-1,-0.003040503131260898,-1,0
1362,"[1, 5, 0, 4, 1, 4, 0, 6, 0, 1, 0, 2, 0, 0, 0, 0, 0, 1, 0, 0, 2, 0, 0, 0, 0, 0, 0, 0, 0, 0, 0, 0, 1, 1, 2, 2, 0, 0, 2, 0, 0, 1, 1, 0, 2, 2, 0, 1, 0, 0, 0, 0, 0, 0, 0, 2, 0, 0, 0, 0, 0, 0, 0, 2, 2, 2, 3, 2, 0, 1, 1, 4, 2, 5, 1, 6, 2, 4, 2, 3, 280, 0, 1, 0, 0, 0, 0]",2,0.4078331445593528,-1,0
1363,"[1, 5, 0, 4, 1, 4, 0, 6, 0, 1, 0, 2, 0, 0, 0, 0, 0, 1, 0, 0, 2, 0, 0, 0, 0, 0, 0, 0, 0, 0, 0, 0, 1, 1, 2, 2, 0, 0, 2, 0, 0, 1, 1, 0, 2, 2, 0, 1, 0, 0, 0, 0, 0, 0, 0, 2, 0, 0, 0, 0, 0, 0, 0, 2, 2, 2, 3, 2, 0, 1, 1, 4, 2, 5, 1, 6, 2, 4, 2, 3, 280, 0, 0, 0, 0, 0, 0]",-1,-0.003040503131260898,-1,0
1364,"[1, 5, 0, 4, 1, 4, 0, 6, 0, 1, 0, 2, 0, 0, 0, 0, 0, 1, 0, 0, 2, 0, 0, 0, 0, 0, 0, 0, 0, 0, 0, 0, 1, 1, 2, 2, 0, 0, 2, 0, 0, 1, 1, 0, 2, 2, 0, 1, 0, 0, 0, 0, 0, 0, 0, 2, 0, 0, 0, 0, 0, 0, 0, 2, 2, 2, 3, 2, 0, 1, 1, 4, 2, 5, 1, 6, 2, 4, 2, 3, 280, 0, 1, 0, 0, 0, 0]",2,0.4078331445593528,-1,0
1365,"[1, 5, 0, 4, 1, 4, 0, 6, 0, 1, 0, 2, 0, 0, 0, 0, 0, 1, 0, 0, 2, 0, 0, 0, 0, 0, 0, 0, 0, 0, 0, 0, 1, 1, 2, 2, 0, 0, 2, 0, 0, 1, 1, 0, 2, 2, 0, 1, 0, 0, 0, 0, 0, 0, 0, 2, 0, 0, 0, 0, 0, 0, 0, 2, 2, 2, 3, 2, 0, 1, 1, 4, 2, 5, 1, 6, 2, 4, 2, 3, 280, 0, 0, 0, 0, 0, 0]",-1,-0.003040503131260898,-1,0
1366,"[1, 6, 0, 4, 1, 5, 0, 6, 0, 1, 0, 2, 0, 0, 0, 0, 0, 1, 0, 0, 2, 0, 0, 0, 0, 0, 0, 0, 0, 0, 0, 0, 1, 1, 2, 2, 0, 0, 2, 0, 0, 1, 1, 0, 2, 2, 0, 1, 0, 0, 0, 0, 0, 0, 0, 2, 0, 0, 0, 0, 0, 0, 0, 2, 2, 2, 3, 2, 0, 1, 1, 4, 2, 5, 1, 6, 2, 4, 2, 3, 281, 0, 0, 0, 0, 0, 0]",4,12.53340429841842,-1,0
1367,"[1, 6, 0, 4, 1, 5, 0, 6, 0, 1, 0, 2, 0, 0, 0, 0, 0, 1, 0, 0, 2, 0, 0, 0, 0, 0, 0, 0, 0, 0, 0, 0, 1, 1, 2, 2, 0, 0, 2, 0, 0, 1, 1, 0, 2, 2, 0, 1, 0, 0, 0, 0, 0, 0, 0, 2, 0, 0, 0, 0, 0, 0, 0, 2, 2, 2, 3, 2, 0, 1, 1, 4, 2, 5, 1, 6, 2, 4, 2, 3, 282, 0, 0, 0, 0, 0, 0]",4,13.934472252309725,-1,1
1368,"[1, 6, 0, 4, 1, 5, 0, 6, 0, 1, 0, 2, 0, 0, 0, 0, 0, 1, 0, 0, 2, 0, 0, 0, 0, 0, 0, 0, 0, 0, 0, 0, 1, 1, 2, 2, 0, 0, 2, 0, 0, 1, 1, 0, 2, 2, 0, 1, 0, 0, 0, 0, 0, 0, 0, 2, 0, 0, 0, 0, 0, 0, 0, 2, 2, 2, 3, 2, 0, 1, 1, 4, 2, 5, 1, 6, 2, 4, 2, 3, 282, 1, 0, 0, 0, 0, 0]",3,0.20725274327492968,-1,0
1369,"[1, 6, 0, 4, 1, 5, 0, 6, 0, 1, 0, 2, 0, 0, 0, 0, 0, 1, 0, 0, 2, 0, 0, 0, 0, 0, 0, 0, 0, 0, 0, 0, 1, 1, 2, 2, 0, 0, 2, 0, 0, 1, 1, 0, 2, 2, 0, 1, 0, 0, 0, 0, 0, 0, 0, 2, 0, 0, 0, 0, 0, 0, 0, 2, 2, 2, 3, 2, 0, 1, 1, 4, 2, 5, 1, 6, 2, 4, 2, 3, 282, 0, 0, 0, 0, 0, 0]",-1,-0.0029802971354469686,-1,0
1370,"[1, 6, 0, 4, 1, 5, 0, 6, 0, 1, 0, 2, 0, 0, 0, 0, 0, 1, 0, 0, 2, 0, 0, 0, 0, 0, 0, 0, 0, 0, 0, 0, 1, 1, 2, 2, 0, 0, 2, 0, 0, 1, 1, 0, 2, 2, 0, 1, 0, 0, 0, 0, 0, 0, 0, 2, 0, 0, 0, 0, 0, 0, 0, 2, 2, 2, 3, 2, 0, 1, 1, 4, 2, 5, 1, 6, 2, 4, 2, 3, 282, 0, 0, 0, 0, 0, 0]",1,0.6168768583745464,-1,0
1371,"[1, 6, 0, 4, 1, 5, 0, 6, 0, 1, 0, 2, 0, 0, 0, 0, 0, 1, 0, 0, 2, 0, 0, 0, 0, 0, 0, 0, 0, 0, 0, 0, 1, 1, 2, 2, 0, 0, 2, 0, 0, 1, 1, 0, 2, 2, 0, 1, 0, 0, 0, 0, 0, 0, 0, 2, 0, 0, 0, 0, 0, 0, 0, 2, 2, 2, 3, 2, 0, 1, 1, 4, 2, 5, 1, 6, 2, 4, 2, 3, 282, 0, 0, 0, 0, 0, 0]",-1,-0.0029802971354469686,-1,0
1372,"[1, 6, 0, 4, 1, 5, 0, 6, 0, 1, 0, 2, 0, 0, 0, 0, 0, 1, 0, 0, 2, 0, 0, 0, 0, 0, 0, 0, 0, 0, 0, 0, 1, 1, 2, 2, 0, 0, 2, 0, 0, 1, 1, 0, 2, 2, 0, 1, 0, 0, 0, 0, 0, 0, 0, 2, 0, 0, 0, 0, 0, 0, 0, 2, 2, 2, 3, 2, 0, 1, 1, 4, 2, 5, 1, 6, 2, 4, 2, 3, 282, 0, 1, 0, 0, 0, 0]",2,0.40725274327492966,-1,0
1373,"[1, 6, 0, 4, 1, 5, 0, 6, 0, 1, 0, 2, 0, 0, 0, 0, 0, 1, 0, 0, 2, 0, 0, 0, 0, 0, 0, 0, 0, 0, 0, 0, 1, 1, 2, 2, 0, 0, 2, 0, 0, 1, 1, 0, 2, 2, 0, 1, 0, 0, 0, 0, 0, 0, 0, 2, 0, 0, 0, 0, 0, 0, 0, 2, 2, 2, 3, 2, 0, 1, 1, 4, 2, 5, 1, 6, 2, 4, 2, 3, 282, 0, 0, 0, 0, 0, 0]",-1,-0.0029802971354469686,-1,0
1374,"[1, 6, 0, 4, 1, 5, 0, 6, 0, 1, 0, 2, 0, 0, 0, 0, 0, 1, 0, 0, 2, 0, 0, 0, 0, 0, 0, 0, 0, 0, 0, 0, 1, 1, 2, 2, 0, 0, 2, 0, 0, 1, 1, 0, 2, 2, 0, 1, 0, 0, 0, 0, 0, 0, 0, 2, 0, 0, 0, 0, 0, 0, 0, 2, 2, 2, 3, 2, 0, 1, 1, 4, 2, 5, 1, 6, 2, 4, 2, 3, 282, 0, 0, 0, 0, 0, 0]",1,0.6168768583745464,-1,0
1375,"[1, 6, 0, 4, 1, 5, 0, 6, 0, 1, 0, 2, 0, 0, 0, 0, 0, 1, 0, 0, 2, 0, 0, 0, 0, 0, 0, 0, 0, 0, 0, 0, 1, 1, 2, 2, 0, 0, 2, 0, 0, 1, 1, 0, 2, 2, 0, 1, 0, 0, 0, 0, 0, 0, 0, 2, 0, 0, 0, 0, 0, 0, 0, 2, 2, 2, 3, 2, 0, 1, 1, 4, 2, 5, 1, 6, 2, 4, 2, 3, 282, 0, 0, 0, 0, 0, 0]",-1,-0.0029802971354469686,-1,0
1376,"[1, 6, 0, 4, 1, 5, 0, 6, 0, 1, 0, 2, 0, 0, 0, 0, 0, 1, 0, 0, 2, 0, 0, 0, 0, 0, 0, 0, 0, 0, 0, 0, 1, 1, 2, 2, 0, 0, 2, 0, 0, 1, 1, 0, 2, 2, 0, 1, 0, 0, 0, 0, 0, 0, 0, 2, 0, 0, 0, 0, 0, 0, 0, 2, 2, 2, 3, 2, 0, 1, 1, 4, 2, 5, 1, 6, 2, 4, 2, 3, 282, 0, 1, 0, 0, 0, 0]",2,0.40725274327492966,-1,0
1377,"[1, 6, 0, 4, 1, 5, 0, 6, 0, 1, 0, 2, 0, 0, 0, 0, 0, 1, 0, 0, 2, 0, 0, 0, 0, 0, 0, 0, 0, 0, 0, 0, 1, 1, 2, 2, 0, 0, 2, 0, 0, 1, 1, 0, 2, 2, 0, 1, 0, 0, 0, 0, 0, 0, 0, 2, 0, 0, 0, 0, 0, 0, 0, 2, 2, 2, 3, 2, 0, 1, 1, 4, 2, 5, 1, 6, 2, 4, 2, 3, 282, 0, 0, 0, 0, 0, 0]",-1,-0.0029802971354469686,-1,0
1378,"[1, 6, 0, 4, 1, 5, 0, 6, 0, 1, 0, 2, 0, 0, 0, 0, 0, 1, 0, 0, 2, 0, 0, 0, 0, 0, 0, 0, 0, 0, 0, 0, 1, 1, 2, 2, 0, 0, 2, 0, 0, 1, 1, 0, 2, 2, 0, 1, 0, 0, 0, 0, 0, 0, 0, 2, 0, 0, 0, 0, 0, 0, 0, 2, 2, 2, 3, 2, 0, 1, 1, 4, 2, 5, 1, 6, 2, 4, 2, 3, 282, 0, 1, 0, 0, 0, 0]",2,0.40725274327492966,-1,0
1379,"[1, 6, 0, 4, 1, 5, 0, 6, 0, 1, 0, 2, 0, 0, 0, 0, 0, 1, 0, 0, 2, 0, 0, 0, 0, 0, 0, 0, 0, 0, 0, 0, 1, 1, 2, 2, 0, 0, 2, 0, 0, 1, 1, 0, 2, 2, 0, 1, 0, 0, 0, 0, 0, 0, 0, 2, 0, 0, 0, 0, 0, 0, 0, 2, 2, 2, 3, 2, 0, 1, 1, 4, 2, 5, 1, 6, 2, 4, 2, 3, 282, 0, 0, 0, 0, 0, 0]",-1,-0.0029802971354469686,-1,0
1380,"[1, 6, 0, 4, 1, 5, 0, 6, 0, 1, 0, 2, 0, 0, 0, 0, 0, 1, 0, 0, 2, 0, 0, 0, 0, 0, 0, 0, 0, 0, 0, 0, 1, 1, 2, 2, 0, 0, 2, 0, 0, 1, 1, 0, 2, 2, 0, 1, 0, 0, 0, 0, 0, 0, 0, 2, 0, 0, 0, 0, 0, 0, 0, 2, 2, 2, 3, 2, 0, 1, 1, 4, 2, 5, 1, 6, 2, 4, 2, 3, 282, 1, 0, 0, 0, 0, 0]",3,0.20725274327492968,-1,0
1381,"[1, 6, 0, 4, 1, 5, 0, 6, 0, 1, 0, 2, 0, 0, 0, 0, 0, 1, 0, 0, 2, 0, 0, 0, 0, 0, 0, 0, 0, 0, 0, 0, 1, 1, 2, 2, 0, 0, 2, 0, 0, 1, 1, 0, 2, 2, 0, 1, 0, 0, 0, 0, 0, 0, 0, 2, 0, 0, 0, 0, 0, 0, 0, 2, 2, 2, 3, 2, 0, 1, 1, 4, 2, 5, 1, 6, 2, 4, 2, 3, 282, 0, 0, 0, 0, 0, 0]",-1,-0.0029802971354469686,-1,0
1382,"[1, 6, 0, 4, 1, 5, 0, 6, 0, 1, 0, 2, 0, 0, 0, 0, 0, 1, 0, 0, 2, 0, 0, 0, 0, 0, 0, 0, 0, 0, 0, 0, 1, 1, 2, 2, 0, 0, 2, 0, 0, 1, 1, 0, 2, 2, 0, 1, 0, 0, 0, 0, 0, 0, 0, 2, 0, 0, 0, 0, 0, 0, 0, 2, 2, 2, 3, 2, 0, 1, 1, 4, 2, 5, 1, 6, 2, 4, 2, 3, 282, 0, 0, 0, 0, 0, 0]",1,0.6168768583745464,-1,0
1383,"[1, 6, 0, 4, 1, 5, 0, 6, 0, 1, 0, 2, 0, 0, 0, 0, 0, 1, 0, 0, 2, 0, 0, 0, 0, 0, 0, 0, 0, 0, 0, 0, 1, 1, 2, 2, 0, 0, 2, 0, 0, 1, 1, 0, 2, 2, 0, 1, 0, 0, 0, 0, 0, 0, 0, 2, 0, 0, 0, 0, 0, 0, 0, 2, 2, 2, 3, 2, 0, 1, 1, 4, 2, 5, 1, 6, 2, 4, 2, 3, 282, 0, 0, 0, 0, 0, 0]",-1,-0.0029802971354469686,-1,0
1384,"[1, 7, 0, 4, 1, 6, 0, 6, 0, 1, 0, 2, 0, 0, 0, 0, 0, 1, 0, 0, 2, 0, 0, 0, 0, 0, 0, 0, 0, 0, 0, 0, 1, 1, 2, 2, 0, 0, 2, 0, 0, 1, 1, 0, 2, 2, 0, 1, 0, 0, 0, 0, 0, 0, 0, 2, 0, 0, 0, 0, 0, 0, 0, 2, 2, 2, 3, 2, 0, 1, 1, 4, 2, 5, 1, 6, 2, 4, 2, 3, 283, 0, 0, 0, 0, 0, 0]",4,12.497537299180005,-1,0
1385,"[1, 7, 0, 4, 1, 6, 0, 6, 0, 1, 0, 2, 0, 0, 0, 0, 0, 1, 0, 0, 2, 0, 0, 0, 0, 0, 0, 0, 0, 0, 0, 0, 1, 1, 2, 2, 0, 0, 2, 0, 0, 1, 1, 0, 2, 2, 0, 1, 0, 0, 0, 0, 0, 0, 0, 2, 0, 0, 0, 0, 0, 0, 0, 2, 2, 2, 3, 2, 0, 1, 1, 4, 2, 5, 1, 6, 2, 4, 2, 3, 283, 0, 1, 0, 0, 0, 0]",2,0.4069782817063473,-1,1
1386,"[1, 7, 0, 4, 1, 6, 0, 6, 0, 1, 0, 2, 0, 0, 0, 0, 0, 1, 0, 0, 2, 0, 0, 0, 0, 0, 0, 0, 0, 0, 0, 0, 1, 1, 2, 2, 0, 0, 2, 0, 0, 1, 1, 0, 2, 2, 0, 1, 0, 0, 0, 0, 0, 0, 0, 2, 0, 0, 0, 0, 0, 0, 0, 2, 2, 2, 3, 2, 0, 1, 1, 4, 2, 5, 1, 6, 2, 4, 2, 3, 283, 0, 1, 0, 0, 1, 0]","[[1 0 0 0]
 [0 1 0 0]]",0.6574031467644382,-1,1
1387,"[2, 6, 0, 4, 0, 7, 0, 6, 0, 1, 0, 2, 0, 0, 0, 0, 0, 1, 0, 0, 2, 0, 0, 0, 0, 0, 0, 0, 0, 0, 0, 0, 1, 1, 2, 2, 0, 0, 2, 0, 0, 1, 1, 0, 2, 2, 0, 1, 0, 0, 0, 0, 0, 0, 0, 2, 0, 0, 0, 0, 0, 0, 0, 2, 2, 2, 3, 2, 0, 1, 1, 4, 2, 5, 1, 6, 2, 4, 2, 3, 283, 0, 0, 0, 0, 0, 0]",0,-0.19302171829365264,-1,0
1388,"[1, 3, 0, 2, 0, 3, 0, 3, 0, 1, 0, 2, 0, 0, 0, 0, 0, 1, 0, 0, 2, 0, 0, 0, 0, 0, 0, 0, 0, 0, 0, 0, 1, 1, 2, 2, 0, 0, 2, 0, 0, 1, 1, 0, 2, 2, 0, 1, 0, 0, 0, 0, 0, 0, 0, 2, 0, 0, 0, 0, 0, 0, 0, 2, 2, 2, 3, 2, 0, 1, 1, 4, 2, 5, 1, 6, 2, 4, 2, 1, 284, 0, 0, 0, 0, 0, 0]",4,13.92268949265477,-1,1
1389,"[1, 3, 0, 2, 0, 3, 0, 3, 0, 1, 0, 2, 0, 0, 0, 0, 0, 1, 0, 0, 2, 0, 0, 0, 0, 0, 0, 0, 0, 0, 0, 0, 1, 1, 2, 2, 0, 0, 2, 0, 0, 1, 1, 0, 2, 2, 0, 1, 0, 0, 0, 0, 0, 0, 0, 2, 0, 0, 0, 0, 0, 0, 0, 2, 2, 2, 3, 2, 0, 1, 1, 4, 2, 5, 1, 6, 2, 4, 2, 1, 284, 0, 0, 0, 0, 0, 0]",1,0.6163379597559132,-1,0
1390,"[1, 3, 0, 2, 0, 3, 0, 3, 0, 1, 0, 2, 0, 0, 0, 0, 0, 1, 0, 0, 2, 0, 0, 0, 0, 0, 0, 0, 0, 0, 0, 0, 1, 1, 2, 2, 0, 0, 2, 0, 0, 1, 1, 0, 2, 2, 0, 1, 0, 0, 0, 0, 0, 0, 0, 2, 0, 0, 0, 0, 0, 0, 0, 2, 2, 2, 3, 2, 0, 1, 1, 4, 2, 5, 1, 6, 2, 4, 2, 1, 284, 0, 0, 0, 0, 0, 0]",-1,-0.0029212832982250417,-1,0
1391,"[1, 3, 0, 2, 0, 3, 0, 3, 0, 1, 0, 2, 0, 0, 0, 0, 0, 1, 0, 0, 2, 0, 0, 0, 0, 0, 0, 0, 0, 0, 0, 0, 1, 1, 2, 2, 0, 0, 2, 0, 0, 1, 1, 0, 2, 2, 0, 1, 0, 0, 0, 0, 0, 0, 0, 2, 0, 0, 0, 0, 0, 0, 0, 2, 2, 2, 3, 2, 0, 1, 1, 4, 2, 5, 1, 6, 2, 4, 2, 1, 285, 0, 0, 0, 0, 0, 0]",4,13.922376022167668,-1,1
1392,"[1, 3, 0, 2, 0, 3, 0, 3, 0, 1, 0, 2, 0, 0, 0, 0, 0, 1, 0, 0, 2, 0, 0, 0, 0, 0, 0, 0, 0, 0, 0, 0, 1, 1, 2, 2, 0, 0, 2, 0, 0, 1, 1, 0, 2, 2, 0, 1, 0, 0, 0, 0, 0, 0, 0, 2, 0, 0, 0, 0, 0, 0, 0, 2, 2, 2, 3, 2, 0, 1, 1, 4, 2, 5, 1, 6, 2, 4, 2, 1, 286, 0, 0, 0, 0, 0, 0]",4,12.754252597533931,-1,0
1393,"[1, 3, 0, 2, 0, 3, 0, 3, 0, 1, 0, 2, 0, 0, 0, 0, 0, 1, 0, 0, 2, 0, 0, 0, 0, 0, 0, 0, 0, 0, 0, 0, 1, 1, 2, 2, 0, 0, 2, 0, 0, 1, 1, 0, 2, 2, 0, 1, 0, 0, 0, 0, 0, 0, 0, 2, 0, 0, 0, 0, 0, 0, 0, 2, 2, 2, 3, 2, 0, 1, 1, 4, 2, 5, 1, 6, 2, 4, 2, 1, 287, 0, 0, 0, 0, 0, 0]",4,13.921778574618804,-1,1
1394,"[1, 4, 0, 2, 0, 4, 0, 3, 0, 1, 0, 2, 0, 0, 0, 0, 0, 1, 0, 0, 2, 0, 0, 0, 0, 0, 0, 0, 0, 0, 0, 0, 1, 1, 2, 2, 0, 0, 2, 0, 0, 1, 1, 0, 2, 2, 0, 1, 0, 0, 0, 0, 0, 0, 0, 2, 0, 0, 0, 0, 0, 0, 0, 2, 2, 2, 3, 2, 0, 1, 1, 4, 2, 5, 1, 6, 2, 4, 2, 1, 288, 0, 0, 0, 0, 0, 0]",4,12.640005673856937,-1,0
1395,"[1, 4, 0, 2, 0, 4, 0, 3, 0, 1, 0, 2, 0, 0, 0, 0, 0, 1, 0, 0, 2, 0, 0, 0, 0, 0, 0, 0, 0, 0, 0, 0, 1, 1, 2, 2, 0, 0, 2, 0, 0, 1, 1, 0, 2, 2, 0, 1, 0, 0, 0, 0, 0, 0, 0, 2, 0, 0, 0, 0, 0, 0, 0, 2, 2, 2, 3, 2, 0, 1, 1, 4, 2, 5, 1, 6, 2, 4, 2, 1, 288, 0, 1, 0, 0, 0, 0]",2,0.405749699185308,-1,1
1396,"[1, 4, 0, 2, 0, 4, 0, 3, 0, 1, 0, 2, 0, 0, 0, 0, 0, 1, 0, 0, 2, 0, 0, 0, 0, 0, 0, 0, 0, 0, 0, 0, 1, 1, 2, 2, 0, 0, 2, 0, 0, 1, 1, 0, 2, 2, 0, 1, 0, 0, 0, 0, 0, 0, 0, 2, 0, 0, 0, 0, 0, 0, 0, 2, 2, 2, 3, 2, 0, 1, 1, 4, 2, 5, 1, 6, 2, 4, 2, 1, 288, 0, 1, 0, 0, 1, 0]","[[0 1 0 0]
 [1 0 0 0]]",0.6561745642433989,-1,1
1397,"[0, 5, 0, 2, 1, 3, 0, 3, 0, 1, 0, 2, 0, 0, 0, 0, 0, 1, 0, 0, 2, 0, 0, 0, 0, 0, 0, 0, 0, 0, 0, 0, 1, 1, 2, 2, 0, 0, 2, 0, 0, 1, 1, 0, 2, 2, 0, 1, 0, 0, 0, 0, 0, 0, 0, 2, 0, 0, 0, 0, 0, 0, 0, 2, 2, 2, 3, 2, 0, 1, 1, 4, 2, 5, 1, 6, 2, 4, 2, 1, 288, 0, 0, 0, 0, 0, 0]",0,-0.194250300814692,-1,0
1398,"[0, 5, 0, 2, 1, 3, 0, 3, 0, 1, 0, 2, 0, 0, 0, 0, 0, 1, 0, 0, 2, 0, 0, 0, 0, 0, 0, 0, 0, 0, 0, 0, 1, 1, 2, 2, 0, 0, 2, 0, 0, 1, 1, 0, 2, 2, 0, 1, 0, 0, 0, 0, 0, 0, 0, 2, 0, 0, 0, 0, 0, 0, 0, 2, 2, 2, 3, 2, 0, 1, 1, 4, 2, 5, 1, 6, 2, 4, 2, 1, 289, 0, 0, 0, 0, 0, 0]",4,14.098102531442136,-1,1
1399,"[0, 5, 0, 2, 1, 3, 0, 3, 0, 1, 0, 2, 0, 0, 0, 0, 0, 1, 0, 0, 2, 0, 0, 0, 0, 0, 0, 0, 0, 0, 0, 0, 1, 1, 2, 2, 0, 0, 2, 0, 0, 1, 1, 0, 2, 2, 0, 1, 0, 0, 0, 0, 0, 0, 0, 2, 0, 0, 0, 0, 0, 0, 0, 2, 2, 2, 3, 2, 0, 1, 1, 4, 2, 5, 1, 6, 2, 4, 2, 1, 289, 0, 1, 0, 0, 0, 0]",2,0.4055304844645646,-1,0
1400,"[0, 5, 0, 2, 1, 3, 0, 3, 0, 1, 0, 2, 0, 0, 0, 0, 0, 1, 0, 0, 2, 0, 0, 0, 0, 0, 0, 0, 0, 0, 0, 0, 1, 1, 2, 2, 0, 0, 2, 0, 0, 1, 1, 0, 2, 2, 0, 1, 0, 0, 0, 0, 0, 0, 0, 2, 0, 0, 0, 0, 0, 0, 0, 2, 2, 2, 3, 2, 0, 1, 1, 4, 2, 5, 1, 6, 2, 4, 2, 1, 289, 0, 1, 0, 0, 1, 0]","[[0 1 0 0]
 [1 0 0 0]]",0.6559553495226556,-1,0
1401,"[0, 5, 0, 2, 1, 3, 0, 3, 0, 1, 0, 2, 0, 0, 0, 0, 0, 1, 0, 0, 2, 0, 0, 0, 0, 0, 0, 0, 0, 0, 0, 0, 1, 1, 2, 2, 0, 0, 2, 0, 0, 1, 1, 0, 2, 2, 0, 1, 0, 0, 0, 0, 0, 0, 0, 2, 0, 0, 0, 0, 0, 0, 0, 2, 2, 2, 3, 2, 0, 1, 1, 4, 2, 5, 1, 6, 2, 4, 2, 1, 289, 0, 0, 0, 0, 0, 0]",1,-5.78463945928491,-1,1
1402,"[0, 5, 0, 2, 1, 3, 0, 3, 0, 1, 0, 2, 0, 0, 0, 0, 0, 1, 0, 0, 2, 0, 0, 0, 0, 0, 0, 0, 0, 0, 0, 0, 1, 1, 2, 2, 0, 0, 2, 0, 0, 1, 1, 0, 2, 2, 0, 1, 0, 0, 0, 0, 0, 0, 0, 2, 0, 0, 0, 0, 0, 0, 0, 2, 2, 2, 3, 2, 0, 1, 1, 4, 2, 5, 1, 6, 2, 4, 2, 1, 289, 0, 1, 0, 0, 0, 0]",2,0.4055304844645646,-1,0
1403,"[0, 5, 0, 2, 1, 3, 0, 3, 0, 1, 0, 2, 0, 0, 0, 0, 0, 1, 0, 0, 2, 0, 0, 0, 0, 0, 0, 0, 0, 0, 0, 0, 1, 1, 2, 2, 0, 0, 2, 0, 0, 1, 1, 0, 2, 2, 0, 1, 0, 0, 0, 0, 0, 0, 0, 2, 0, 0, 0, 0, 0, 0, 0, 2, 2, 2, 3, 2, 0, 1, 1, 4, 2, 5, 1, 6, 2, 4, 2, 1, 289, 0, 1, 0, 0, 1, 0]","[[0 0 0 1]
 [1 0 0 0]]",0.6559553495226556,-1,0
1404,"[1, 5, 0, 1, 0, 3, 0, 4, 0, 1, 0, 2, 0, 0, 0, 0, 0, 1, 0, 0, 2, 0, 0, 0, 0, 0, 0, 0, 0, 0, 0, 0, 1, 1, 2, 2, 0, 0, 2, 0, 0, 1, 1, 0, 2, 2, 0, 1, 0, 0, 0, 0, 0, 0, 0, 2, 0, 0, 0, 0, 0, 0, 0, 2, 2, 2, 3, 2, 0, 1, 1, 4, 2, 5, 1, 6, 2, 4, 2, 1, 289, 0, 0, 0, 0, 0, 0]",0,-0.1944695155354354,-1,1
1405,"[1, 5, 0, 1, 0, 3, 0, 4, 0, 1, 0, 2, 0, 0, 0, 0, 0, 1, 0, 0, 2, 0, 0, 0, 0, 0, 0, 0, 0, 0, 0, 0, 1, 1, 2, 2, 0, 0, 2, 0, 0, 1, 1, 0, 2, 2, 0, 1, 0, 0, 0, 0, 0, 0, 0, 2, 0, 0, 0, 0, 0, 0, 0, 2, 2, 2, 3, 2, 0, 1, 1, 4, 2, 5, 1, 6, 2, 4, 2, 1, 289, 0, 0, 0, 0, 0, 0]",0,0.3005052312951479,-1,0
1406,"[1, 5, 0, 1, 0, 3, 0, 4, 0, 1, 0, 2, 0, 0, 0, 0, 0, 1, 0, 0, 2, 0, 0, 0, 0, 0, 0, 0, 0, 0, 0, 0, 1, 1, 2, 2, 0, 0, 2, 0, 0, 1, 1, 0, 2, 2, 0, 1, 0, 0, 0, 0, 0, 0, 0, 2, 0, 0, 0, 0, 0, 0, 0, 2, 2, 2, 3, 2, 0, 1, 1, 4, 2, 5, 1, 6, 2, 4, 2, 1, 289, 0, 0, 0, 0, 0, 0]",-1,-0.0027788106305741533,-1,0
1407,"[1, 5, 0, 1, 0, 3, 0, 4, 0, 1, 0, 2, 0, 0, 0, 0, 0, 1, 0, 0, 2, 0, 0, 0, 0, 0, 0, 0, 0, 0, 0, 0, 1, 1, 2, 2, 0, 0, 2, 0, 0, 1, 1, 0, 2, 2, 0, 1, 0, 0, 0, 0, 0, 0, 0, 2, 0, 0, 0, 0, 0, 0, 0, 2, 2, 2, 3, 2, 0, 1, 1, 4, 2, 5, 1, 6, 2, 4, 2, 1, 289, 0, 0, 0, 0, 0, 0]",0,0.3005052312951479,-1,0
1408,"[1, 5, 0, 1, 0, 3, 0, 4, 0, 1, 0, 2, 0, 0, 0, 0, 0, 1, 0, 0, 2, 0, 0, 0, 0, 0, 0, 0, 0, 0, 0, 0, 1, 1, 2, 2, 0, 0, 2, 0, 0, 1, 1, 0, 2, 2, 0, 1, 0, 0, 0, 0, 0, 0, 0, 2, 0, 0, 0, 0, 0, 0, 0, 2, 2, 2, 3, 2, 0, 1, 1, 4, 2, 5, 1, 6, 2, 4, 2, 1, 289, 0, 0, 0, 0, 0, 0]",-1,-0.0027788106305741533,-1,0
1409,"[1, 5, 0, 1, 0, 3, 0, 4, 0, 1, 0, 2, 0, 0, 0, 0, 0, 1, 0, 0, 2, 0, 0, 0, 0, 0, 0, 0, 0, 0, 0, 0, 1, 1, 2, 2, 0, 0, 2, 0, 0, 1, 1, 0, 2, 2, 0, 1, 0, 0, 0, 0, 0, 0, 0, 2, 0, 0, 0, 0, 0, 0, 0, 2, 2, 2, 3, 2, 0, 1, 1, 4, 2, 5, 1, 6, 2, 4, 2, 1, 289, 0, 0, 0, 0, 0, 0]",0,0.3005052312951479,-1,0
1410,"[1, 5, 0, 1, 0, 3, 0, 4, 0, 1, 0, 2, 0, 0, 0, 0, 0, 1, 0, 0, 2, 0, 0, 0, 0, 0, 0, 0, 0, 0, 0, 0, 1, 1, 2, 2, 0, 0, 2, 0, 0, 1, 1, 0, 2, 2, 0, 1, 0, 0, 0, 0, 0, 0, 0, 2, 0, 0, 0, 0, 0, 0, 0, 2, 2, 2, 3, 2, 0, 1, 1, 4, 2, 5, 1, 6, 2, 4, 2, 1, 289, 0, 0, 0, 0, 0, 0]",-1,-0.0027788106305741533,-1,0
1411,"[1, 5, 0, 1, 0, 3, 0, 4, 0, 1, 0, 2, 0, 0, 0, 0, 0, 1, 0, 0, 2, 0, 0, 0, 0, 0, 0, 0, 0, 0, 0, 0, 1, 1, 2, 2, 0, 0, 2, 0, 0, 1, 1, 0, 2, 2, 0, 1, 0, 0, 0, 0, 0, 0, 0, 2, 0, 0, 0, 0, 0, 0, 0, 2, 2, 2, 3, 2, 0, 1, 1, 4, 2, 5, 1, 6, 2, 4, 2, 1, 289, 0, 0, 0, 0, 0, 0]",0,0.3005052312951479,-1,0
1412,"[1, 5, 0, 1, 0, 3, 0, 4, 0, 1, 0, 2, 0, 0, 0, 0, 0, 1, 0, 0, 2, 0, 0, 0, 0, 0, 0, 0, 0, 0, 0, 0, 1, 1, 2, 2, 0, 0, 2, 0, 0, 1, 1, 0, 2, 2, 0, 1, 0, 0, 0, 0, 0, 0, 0, 2, 0, 0, 0, 0, 0, 0, 0, 2, 2, 2, 3, 2, 0, 1, 1, 4, 2, 5, 1, 6, 2, 4, 2, 1, 289, 0, 0, 0, 0, 0, 0]",-1,-0.0027788106305741533,-1,0
1413,"[1, 5, 0, 1, 0, 3, 0, 4, 0, 1, 0, 2, 0, 0, 0, 0, 0, 1, 0, 0, 2, 0, 0, 0, 0, 0, 0, 0, 0, 0, 0, 0, 1, 1, 2, 2, 0, 0, 2, 0, 0, 1, 1, 0, 2, 2, 0, 1, 0, 0, 0, 0, 0, 0, 0, 2, 0, 0, 0, 0, 0, 0, 0, 2, 2, 2, 3, 2, 0, 1, 1, 4, 2, 5, 1, 6, 2, 4, 2, 1, 289, 0, 0, 0, 0, 0, 0]",0,0.3005052312951479,-1,0
1414,"[1, 5, 0, 1, 0, 3, 0, 4, 0, 1, 0, 2, 0, 0, 0, 0, 0, 1, 0, 0, 2, 0, 0, 0, 0, 0, 0, 0, 0, 0, 0, 0, 1, 1, 2, 2, 0, 0, 2, 0, 0, 1, 1, 0, 2, 2, 0, 1, 0, 0, 0, 0, 0, 0, 0, 2, 0, 0, 0, 0, 0, 0, 0, 2, 2, 2, 3, 2, 0, 1, 1, 4, 2, 5, 1, 6, 2, 4, 2, 1, 289, 0, 0, 0, 0, 0, 0]",-1,-0.0027788106305741533,-1,0
1415,"[1, 5, 0, 1, 0, 3, 0, 4, 0, 1, 0, 2, 0, 0, 0, 0, 0, 1, 0, 0, 2, 0, 0, 0, 0, 0, 0, 0, 0, 0, 0, 0, 1, 1, 2, 2, 0, 0, 2, 0, 0, 1, 1, 0, 2, 2, 0, 1, 0, 0, 0, 0, 0, 0, 0, 2, 0, 0, 0, 0, 0, 0, 0, 2, 2, 2, 3, 2, 0, 1, 1, 4, 2, 5, 1, 6, 2, 4, 2, 1, 289, 0, 0, 0, 0, 0, 0]",0,0.3005052312951479,-1,0
1416,"[1, 5, 0, 1, 0, 3, 0, 4, 0, 1, 0, 2, 0, 0, 0, 0, 0, 1, 0, 0, 2, 0, 0, 0, 0, 0, 0, 0, 0, 0, 0, 0, 1, 1, 2, 2, 0, 0, 2, 0, 0, 1, 1, 0, 2, 2, 0, 1, 0, 0, 0, 0, 0, 0, 0, 2, 0, 0, 0, 0, 0, 0, 0, 2, 2, 2, 3, 2, 0, 1, 1, 4, 2, 5, 1, 6, 2, 4, 2, 1, 289, 0, 0, 0, 0, 0, 0]",-1,-0.0027788106305741533,-1,0
1417,"[1, 5, 0, 1, 0, 3, 0, 4, 0, 1, 0, 2, 0, 0, 0, 0, 0, 1, 0, 0, 2, 0, 0, 0, 0, 0, 0, 0, 0, 0, 0, 0, 1, 1, 2, 2, 0, 0, 2, 0, 0, 1, 1, 0, 2, 2, 0, 1, 0, 0, 0, 0, 0, 0, 0, 2, 0, 0, 0, 0, 0, 0, 0, 2, 2, 2, 3, 2, 0, 1, 1, 4, 2, 5, 1, 6, 2, 4, 2, 1, 289, 0, 0, 0, 0, 0, 0]",0,0.3005052312951479,-1,0
1418,"[1, 5, 0, 1, 0, 3, 0, 4, 0, 1, 0, 2, 0, 0, 0, 0, 0, 1, 0, 0, 2, 0, 0, 0, 0, 0, 0, 0, 0, 0, 0, 0, 1, 1, 2, 2, 0, 0, 2, 0, 0, 1, 1, 0, 2, 2, 0, 1, 0, 0, 0, 0, 0, 0, 0, 2, 0, 0, 0, 0, 0, 0, 0, 2, 2, 2, 3, 2, 0, 1, 1, 4, 2, 5, 1, 6, 2, 4, 2, 1, 289, 0, 0, 0, 0, 0, 0]",-1,-0.0027788106305741533,-1,0
1419,"[1, 5, 0, 1, 0, 3, 0, 4, 0, 1, 0, 2, 0, 0, 0, 0, 0, 1, 0, 0, 2, 0, 0, 0, 0, 0, 0, 0, 0, 0, 0, 0, 1, 1, 2, 2, 0, 0, 2, 0, 0, 1, 1, 0, 2, 2, 0, 1, 0, 0, 0, 0, 0, 0, 0, 2, 0, 0, 0, 0, 0, 0, 0, 2, 2, 2, 3, 2, 0, 1, 1, 4, 2, 5, 1, 6, 2, 4, 2, 1, 289, 0, 0, 0, 0, 0, 0]",0,0.3005052312951479,-1,0
1420,"[1, 5, 0, 1, 0, 3, 0, 4, 0, 1, 0, 2, 0, 0, 0, 0, 0, 1, 0, 0, 2, 0, 0, 0, 0, 0, 0, 0, 0, 0, 0, 0, 1, 1, 2, 2, 0, 0, 2, 0, 0, 1, 1, 0, 2, 2, 0, 1, 0, 0, 0, 0, 0, 0, 0, 2, 0, 0, 0, 0, 0, 0, 0, 2, 2, 2, 3, 2, 0, 1, 1, 4, 2, 5, 1, 6, 2, 4, 2, 1, 289, 0, 0, 0, 0, 0, 0]",-1,-0.0027788106305741533,-1,0
1421,"[1, 5, 0, 1, 0, 3, 0, 4, 0, 1, 0, 2, 0, 0, 0, 0, 0, 1, 0, 0, 2, 0, 0, 0, 0, 0, 0, 0, 0, 0, 0, 0, 1, 1, 2, 2, 0, 0, 2, 0, 0, 1, 1, 0, 2, 2, 0, 1, 0, 0, 0, 0, 0, 0, 0, 2, 0, 0, 0, 0, 0, 0, 0, 2, 2, 2, 3, 2, 0, 1, 1, 4, 2, 5, 1, 6, 2, 4, 2, 1, 289, 0, 0, 0, 0, 0, 0]",1,0.6151545995641814,-1,0
1422,"[1, 5, 0, 1, 0, 3, 0, 4, 0, 1, 0, 2, 0, 0, 0, 0, 0, 1, 0, 0, 2, 0, 0, 0, 0, 0, 0, 0, 0, 0, 0, 0, 1, 1, 2, 2, 0, 0, 2, 0, 0, 1, 1, 0, 2, 2, 0, 1, 0, 0, 0, 0, 0, 0, 0, 2, 0, 0, 0, 0, 0, 0, 0, 2, 2, 2, 3, 2, 0, 1, 1, 4, 2, 5, 1, 6, 2, 4, 2, 1, 289, 0, 0, 0, 0, 0, 0]",-1,-0.0027788106305741533,-1,0
1423,"[1, 5, 0, 1, 0, 3, 0, 4, 0, 1, 0, 2, 0, 0, 0, 0, 0, 1, 0, 0, 2, 0, 0, 0, 0, 0, 0, 0, 0, 0, 0, 0, 1, 1, 2, 2, 0, 0, 2, 0, 0, 1, 1, 0, 2, 2, 0, 1, 0, 0, 0, 0, 0, 0, 0, 2, 0, 0, 0, 0, 0, 0, 0, 2, 2, 2, 3, 2, 0, 1, 1, 4, 2, 5, 1, 6, 2, 4, 2, 1, 290, 0, 0, 0, 0, 0, 0]",4,12.447500281369454,-1,0
1424,"[1, 6, 0, 1, 0, 4, 0, 4, 0, 1, 0, 2, 0, 0, 0, 0, 0, 1, 0, 0, 2, 0, 0, 0, 0, 0, 0, 0, 0, 0, 0, 0, 1, 1, 2, 2, 0, 0, 2, 0, 0, 1, 1, 0, 2, 2, 0, 1, 0, 0, 0, 0, 0, 0, 0, 2, 0, 0, 0, 0, 0, 0, 0, 2, 2, 2, 3, 2, 0, 1, 1, 4, 2, 5, 1, 6, 2, 4, 2, 1, 291, 0, 0, 0, 0, 0, 0]",4,13.871799671422165,-1,1
1425,"[1, 6, 0, 1, 0, 4, 0, 4, 0, 1, 0, 2, 0, 0, 0, 0, 0, 1, 0, 0, 2, 0, 0, 0, 0, 0, 0, 0, 0, 0, 0, 0, 1, 1, 2, 2, 0, 0, 2, 0, 0, 1, 1, 0, 2, 2, 0, 1, 0, 0, 0, 0, 0, 0, 0, 2, 0, 0, 0, 0, 0, 0, 0, 2, 2, 2, 3, 2, 0, 1, 1, 4, 2, 5, 1, 6, 2, 4, 2, 1, 291, 1, 0, 0, 0, 0, 0]",3,0.20511615766240154,-1,0
1426,"[1, 6, 0, 1, 0, 4, 0, 4, 0, 1, 0, 2, 0, 0, 0, 0, 0, 1, 0, 0, 2, 0, 0, 0, 0, 0, 0, 0, 0, 0, 0, 0, 1, 1, 2, 2, 0, 0, 2, 0, 0, 1, 1, 0, 2, 2, 0, 1, 0, 0, 0, 0, 0, 0, 0, 2, 0, 0, 0, 0, 0, 0, 0, 2, 2, 2, 3, 2, 0, 1, 1, 4, 2, 5, 1, 6, 2, 4, 2, 1, 291, 0, 0, 0, 0, 0, 0]",-1,-0.002723786493459493,-1,0
1427,"[1, 6, 0, 1, 0, 4, 0, 4, 0, 1, 0, 2, 0, 0, 0, 0, 0, 1, 0, 0, 2, 0, 0, 0, 0, 0, 0, 0, 0, 0, 0, 0, 1, 1, 2, 2, 0, 0, 2, 0, 0, 1, 1, 0, 2, 2, 0, 1, 0, 0, 0, 0, 0, 0, 0, 2, 0, 0, 0, 0, 0, 0, 0, 2, 2, 2, 3, 2, 0, 1, 1, 4, 2, 5, 1, 6, 2, 4, 2, 1, 291, 1, 0, 0, 0, 0, 0]",3,0.20511615766240154,-1,0
1428,"[1, 6, 0, 1, 0, 4, 0, 4, 0, 1, 0, 2, 0, 0, 0, 0, 0, 1, 0, 0, 2, 0, 0, 0, 0, 0, 0, 0, 0, 0, 0, 0, 1, 1, 2, 2, 0, 0, 2, 0, 0, 1, 1, 0, 2, 2, 0, 1, 0, 0, 0, 0, 0, 0, 0, 2, 0, 0, 0, 0, 0, 0, 0, 2, 2, 2, 3, 2, 0, 1, 1, 4, 2, 5, 1, 6, 2, 4, 2, 1, 291, 0, 0, 0, 0, 0, 0]",-1,-0.002723786493459493,-1,0
1429,"[1, 7, 0, 1, 0, 5, 0, 4, 0, 1, 0, 2, 0, 0, 0, 0, 0, 1, 0, 0, 2, 0, 0, 0, 0, 0, 0, 0, 0, 0, 0, 0, 1, 1, 2, 2, 0, 0, 2, 0, 0, 1, 1, 0, 2, 2, 0, 1, 0, 0, 0, 0, 0, 0, 0, 2, 0, 0, 0, 0, 0, 0, 0, 2, 2, 2, 3, 2, 0, 1, 1, 4, 2, 5, 1, 6, 2, 4, 2, 1, 292, 0, 0, 0, 0, 0, 0]",4,12.320358090636903,-1,0
1430,"[1, 8, 0, 1, 0, 6, 0, 4, 0, 1, 0, 2, 0, 0, 0, 0, 0, 1, 0, 0, 2, 0, 0, 0, 0, 0, 0, 0, 0, 0, 0, 0, 1, 1, 2, 2, 0, 0, 2, 0, 0, 1, 1, 0, 2, 2, 0, 1, 0, 0, 0, 0, 0, 0, 0, 2, 0, 0, 0, 0, 0, 0, 0, 2, 2, 2, 3, 2, 0, 1, 1, 4, 2, 5, 1, 6, 2, 4, 2, 1, 293, 0, 0, 0, 0, 0, 0]",4,13.825221946698274,-1,1
1431,"[1, 8, 0, 1, 0, 6, 0, 4, 0, 1, 0, 2, 0, 0, 0, 0, 0, 1, 0, 0, 2, 0, 0, 0, 0, 0, 0, 0, 0, 0, 0, 0, 1, 1, 2, 2, 0, 0, 2, 0, 0, 1, 1, 0, 2, 2, 0, 1, 0, 0, 0, 0, 0, 0, 0, 2, 0, 0, 0, 0, 0, 0, 0, 2, 2, 2, 3, 2, 0, 1, 1, 4, 2, 5, 1, 6, 2, 4, 2, 1, 293, 1, 0, 0, 0, 0, 0]",3,0.20473211563109225,-1,0
1432,"[1, 8, 0, 1, 0, 6, 0, 4, 0, 1, 0, 2, 0, 0, 0, 0, 0, 1, 0, 0, 2, 0, 0, 0, 0, 0, 0, 0, 0, 0, 0, 0, 1, 1, 2, 2, 0, 0, 2, 0, 0, 1, 1, 0, 2, 2, 0, 1, 0, 0, 0, 0, 0, 0, 0, 2, 0, 0, 0, 0, 0, 0, 0, 2, 2, 2, 3, 2, 0, 1, 1, 4, 2, 5, 1, 6, 2, 4, 2, 1, 293, 0, 0, 0, 0, 0, 0]",-1,-0.0026698519072598545,-1,0
1433,"[1, 8, 0, 1, 0, 6, 0, 4, 0, 1, 0, 2, 0, 0, 0, 0, 0, 1, 0, 0, 2, 0, 0, 0, 0, 0, 0, 0, 0, 0, 0, 0, 1, 1, 2, 2, 0, 0, 2, 0, 0, 1, 1, 0, 2, 2, 0, 1, 0, 0, 0, 0, 0, 0, 0, 2, 0, 0, 0, 0, 0, 0, 0, 2, 2, 2, 3, 2, 0, 1, 1, 4, 2, 5, 1, 6, 2, 4, 2, 1, 293, 0, 0, 0, 0, 0, 0]",1,0.614356230730709,-1,0
1434,"[1, 8, 0, 1, 0, 6, 0, 4, 0, 1, 0, 2, 0, 0, 0, 0, 0, 1, 0, 0, 2, 0, 0, 0, 0, 0, 0, 0, 0, 0, 0, 0, 1, 1, 2, 2, 0, 0, 2, 0, 0, 1, 1, 0, 2, 2, 0, 1, 0, 0, 0, 0, 0, 0, 0, 2, 0, 0, 0, 0, 0, 0, 0, 2, 2, 2, 3, 2, 0, 1, 1, 4, 2, 5, 1, 6, 2, 4, 2, 1, 293, 0, 0, 0, 0, 0, 0]",-1,-0.0026698519072598545,-1,0
1435,"[1, 8, 0, 1, 0, 6, 0, 4, 0, 1, 0, 2, 0, 0, 0, 0, 0, 1, 0, 0, 2, 0, 0, 0, 0, 0, 0, 0, 0, 0, 0, 0, 1, 1, 2, 2, 0, 0, 2, 0, 0, 1, 1, 0, 2, 2, 0, 1, 0, 0, 0, 0, 0, 0, 0, 2, 0, 0, 0, 0, 0, 0, 0, 2, 2, 2, 3, 2, 0, 1, 1, 4, 2, 5, 1, 6, 2, 4, 2, 1, 293, 0, 0, 0, 0, 0, 0]",1,0.614356230730709,-1,0
1436,"[1, 8, 0, 1, 0, 6, 0, 4, 0, 1, 0, 2, 0, 0, 0, 0, 0, 1, 0, 0, 2, 0, 0, 0, 0, 0, 0, 0, 0, 0, 0, 0, 1, 1, 2, 2, 0, 0, 2, 0, 0, 1, 1, 0, 2, 2, 0, 1, 0, 0, 0, 0, 0, 0, 0, 2, 0, 0, 0, 0, 0, 0, 0, 2, 2, 2, 3, 2, 0, 1, 1, 4, 2, 5, 1, 6, 2, 4, 2, 1, 293, 0, 0, 0, 0, 0, 0]",-1,-0.0026698519072598545,-1,0
1437,"[1, 8, 0, 1, 0, 6, 0, 4, 0, 1, 0, 2, 0, 0, 0, 0, 0, 1, 0, 0, 2, 0, 0, 0, 0, 0, 0, 0, 0, 0, 0, 0, 1, 1, 2, 2, 0, 0, 2, 0, 0, 1, 1, 0, 2, 2, 0, 1, 0, 0, 0, 0, 0, 0, 0, 2, 0, 0, 0, 0, 0, 0, 0, 2, 2, 2, 3, 2, 0, 1, 1, 4, 2, 5, 1, 6, 2, 4, 2, 1, 293, 0, 1, 0, 0, 0, 0]",2,0.40473211563109224,-1,0
1438,"[1, 8, 0, 1, 0, 6, 0, 4, 0, 1, 0, 2, 0, 0, 0, 0, 0, 1, 0, 0, 2, 0, 0, 0, 0, 0, 0, 0, 0, 0, 0, 0, 1, 1, 2, 2, 0, 0, 2, 0, 0, 1, 1, 0, 2, 2, 0, 1, 0, 0, 0, 0, 0, 0, 0, 2, 0, 0, 0, 0, 0, 0, 0, 2, 2, 2, 3, 2, 0, 1, 1, 4, 2, 5, 1, 6, 2, 4, 2, 1, 293, 0, 0, 0, 0, 0, 0]",-1,-0.0026698519072598545,-1,0
1439,"[1, 8, 0, 1, 0, 6, 0, 4, 0, 1, 0, 2, 0, 0, 0, 0, 0, 1, 0, 0, 2, 0, 0, 0, 0, 0, 0, 0, 0, 0, 0, 0, 1, 1, 2, 2, 0, 0, 2, 0, 0, 1, 1, 0, 2, 2, 0, 1, 0, 0, 0, 0, 0, 0, 0, 2, 0, 0, 0, 0, 0, 0, 0, 2, 2, 2, 3, 2, 0, 1, 1, 4, 2, 5, 1, 6, 2, 4, 2, 1, 293, 0, 1, 0, 0, 0, 0]",2,0.40473211563109224,-1,0
1440,"[1, 8, 0, 1, 0, 6, 0, 4, 0, 1, 0, 2, 0, 0, 0, 0, 0, 1, 0, 0, 2, 0, 0, 0, 0, 0, 0, 0, 0, 0, 0, 0, 1, 1, 2, 2, 0, 0, 2, 0, 0, 1, 1, 0, 2, 2, 0, 1, 0, 0, 0, 0, 0, 0, 0, 2, 0, 0, 0, 0, 0, 0, 0, 2, 2, 2, 3, 2, 0, 1, 1, 4, 2, 5, 1, 6, 2, 4, 2, 1, 293, 0, 0, 0, 0, 0, 0]",-1,-0.0026698519072598545,-1,0
1441,"[1, 8, 0, 1, 0, 6, 0, 4, 0, 1, 0, 2, 0, 0, 0, 0, 0, 1, 0, 0, 2, 0, 0, 0, 0, 0, 0, 0, 0, 0, 0, 0, 1, 1, 2, 2, 0, 0, 2, 0, 0, 1, 1, 0, 2, 2, 0, 1, 0, 0, 0, 0, 0, 0, 0, 2, 0, 0, 0, 0, 0, 0, 0, 2, 2, 2, 3, 2, 0, 1, 1, 4, 2, 5, 1, 6, 2, 4, 2, 1, 293, 0, 1, 0, 0, 0, 0]",2,0.40473211563109224,-1,0
1442,"[1, 8, 0, 1, 0, 6, 0, 4, 0, 1, 0, 2, 0, 0, 0, 0, 0, 1, 0, 0, 2, 0, 0, 0, 0, 0, 0, 0, 0, 0, 0, 0, 1, 1, 2, 2, 0, 0, 2, 0, 0, 1, 1, 0, 2, 2, 0, 1, 0, 0, 0, 0, 0, 0, 0, 2, 0, 0, 0, 0, 0, 0, 0, 2, 2, 2, 3, 2, 0, 1, 1, 4, 2, 5, 1, 6, 2, 4, 2, 1, 293, 0, 0, 0, 0, 0, 0]",-1,-0.0026698519072598545,-1,0
1443,"[1, 8, 0, 1, 0, 6, 0, 4, 0, 1, 0, 2, 0, 0, 0, 0, 0, 1, 0, 0, 2, 0, 0, 0, 0, 0, 0, 0, 0, 0, 0, 0, 1, 1, 2, 2, 0, 0, 2, 0, 0, 1, 1, 0, 2, 2, 0, 1, 0, 0, 0, 0, 0, 0, 0, 2, 0, 0, 0, 0, 0, 0, 0, 2, 2, 2, 3, 2, 0, 1, 1, 4, 2, 5, 1, 6, 2, 4, 2, 1, 293, 1, 0, 0, 0, 0, 0]",3,0.20473211563109225,-1,0
1444,"[1, 8, 0, 1, 0, 6, 0, 4, 0, 1, 0, 2, 0, 0, 0, 0, 0, 1, 0, 0, 2, 0, 0, 0, 0, 0, 0, 0, 0, 0, 0, 0, 1, 1, 2, 2, 0, 0, 2, 0, 0, 1, 1, 0, 2, 2, 0, 1, 0, 0, 0, 0, 0, 0, 0, 2, 0, 0, 0, 0, 0, 0, 0, 2, 2, 2, 3, 2, 0, 1, 1, 4, 2, 5, 1, 6, 2, 4, 2, 1, 293, 0, 0, 0, 0, 0, 0]",-1,-0.0026698519072598545,-1,0
1445,"[1, 8, 0, 1, 0, 6, 0, 4, 0, 1, 0, 2, 0, 0, 0, 0, 0, 1, 0, 0, 2, 0, 0, 0, 0, 0, 0, 0, 0, 0, 0, 0, 1, 1, 2, 2, 0, 0, 2, 0, 0, 1, 1, 0, 2, 2, 0, 1, 0, 0, 0, 0, 0, 0, 0, 2, 0, 0, 0, 0, 0, 0, 0, 2, 2, 2, 3, 2, 0, 1, 1, 4, 2, 5, 1, 6, 2, 4, 2, 1, 293, 0, 0, 0, 0, 0, 0]",1,0.614356230730709,-1,0
1446,"[1, 8, 0, 1, 0, 6, 0, 4, 0, 1, 0, 2, 0, 0, 0, 0, 0, 1, 0, 0, 2, 0, 0, 0, 0, 0, 0, 0, 0, 0, 0, 0, 1, 1, 2, 2, 0, 0, 2, 0, 0, 1, 1, 0, 2, 2, 0, 1, 0, 0, 0, 0, 0, 0, 0, 2, 0, 0, 0, 0, 0, 0, 0, 2, 2, 2, 3, 2, 0, 1, 1, 4, 2, 5, 1, 6, 2, 4, 2, 1, 293, 0, 0, 0, 0, 0, 0]",-1,-0.0026698519072598545,-1,0
1447,"[1, 8, 0, 1, 0, 6, 0, 4, 0, 1, 0, 2, 0, 0, 0, 0, 0, 1, 0, 0, 2, 0, 0, 0, 0, 0, 0, 0, 0, 0, 0, 0, 1, 1, 2, 2, 0, 0, 2, 0, 0, 1, 1, 0, 2, 2, 0, 1, 0, 0, 0, 0, 0, 0, 0, 2, 0, 0, 0, 0, 0, 0, 0, 2, 2, 2, 3, 2, 0, 1, 1, 4, 2, 5, 1, 6, 2, 4, 2, 1, 294, 0, 0, 0, 0, 0, 0]",4,12.280890337033437,-1,0
1448,"[1, 8, 0, 1, 0, 6, 0, 4, 0, 1, 0, 2, 0, 0, 0, 0, 0, 1, 0, 0, 2, 0, 0, 0, 0, 0, 0, 0, 0, 0, 0, 0, 1, 1, 2, 2, 0, 0, 2, 0, 0, 1, 1, 0, 2, 2, 0, 1, 0, 0, 0, 0, 0, 0, 0, 2, 0, 0, 0, 0, 0, 0, 0, 2, 2, 2, 3, 2, 0, 1, 1, 4, 2, 5, 1, 6, 2, 4, 2, 1, 294, 0, 1, 0, 0, 0, 0]",2,0.4045507886925608,-1,1
1449,"[1, 8, 0, 1, 0, 6, 0, 4, 0, 1, 0, 2, 0, 0, 0, 0, 0, 1, 0, 0, 2, 0, 0, 0, 0, 0, 0, 0, 0, 0, 0, 0, 1, 1, 2, 2, 0, 0, 2, 0, 0, 1, 1, 0, 2, 2, 0, 1, 0, 0, 0, 0, 0, 0, 0, 2, 0, 0, 0, 0, 0, 0, 0, 2, 2, 2, 3, 2, 0, 1, 1, 4, 2, 5, 1, 6, 2, 4, 2, 1, 294, 0, 1, 0, 0, 1, 0]","[[0 1 0 0]
 [1 0 0 0]]",0.6549756537506517,-1,1
1450,"[0, 9, 0, 1, 1, 5, 0, 4, 0, 1, 0, 2, 0, 0, 0, 0, 0, 1, 0, 0, 2, 0, 0, 0, 0, 0, 0, 0, 0, 0, 0, 0, 1, 1, 2, 2, 0, 0, 2, 0, 0, 1, 1, 0, 2, 2, 0, 1, 0, 0, 0, 0, 0, 0, 0, 2, 0, 0, 0, 0, 0, 0, 0, 2, 2, 2, 3, 2, 0, 1, 1, 4, 2, 5, 1, 6, 2, 4, 2, 1, 294, 0, 0, 0, 0, 0, 0]",0,-0.1954492113074392,-1,0
1451,"[0, 9, 0, 1, 1, 5, 0, 4, 0, 1, 0, 2, 0, 0, 0, 0, 0, 1, 0, 0, 2, 0, 0, 0, 0, 0, 0, 0, 0, 0, 0, 0, 1, 1, 2, 2, 0, 0, 2, 0, 0, 1, 1, 0, 2, 2, 0, 1, 0, 0, 0, 0, 0, 0, 0, 2, 0, 0, 0, 0, 0, 0, 0, 2, 2, 2, 3, 2, 0, 1, 1, 4, 2, 5, 1, 6, 2, 4, 2, 1, 295, 0, 0, 0, 0, 0, 0]",4,13.966529633441716,-1,1
1452,"[0, 9, 0, 1, 1, 5, 0, 4, 0, 1, 0, 2, 0, 0, 0, 0, 0, 1, 0, 0, 2, 0, 0, 0, 0, 0, 0, 0, 0, 0, 0, 0, 1, 1, 2, 2, 0, 0, 2, 0, 0, 1, 1, 0, 2, 2, 0, 1, 0, 0, 0, 0, 0, 0, 0, 2, 0, 0, 0, 0, 0, 0, 0, 2, 2, 2, 3, 2, 0, 1, 1, 4, 2, 5, 1, 6, 2, 4, 2, 1, 295, 0, 1, 0, 0, 0, 0]",2,0.40437625418722606,-1,0
1453,"[0, 9, 0, 1, 1, 5, 0, 4, 0, 1, 0, 2, 0, 0, 0, 0, 0, 1, 0, 0, 2, 0, 0, 0, 0, 0, 0, 0, 0, 0, 0, 0, 1, 1, 2, 2, 0, 0, 2, 0, 0, 1, 1, 0, 2, 2, 0, 1, 0, 0, 0, 0, 0, 0, 0, 2, 0, 0, 0, 0, 0, 0, 0, 2, 2, 2, 3, 2, 0, 1, 1, 4, 2, 5, 1, 6, 2, 4, 2, 1, 295, 0, 1, 0, 0, 1, 0]","[[0 1 0 0]
 [1 0 0 0]]",0.6548011192453169,-1,0
1454,"[0, 9, 0, 1, 1, 5, 0, 4, 0, 1, 0, 2, 0, 0, 0, 0, 0, 1, 0, 0, 2, 0, 0, 0, 0, 0, 0, 0, 0, 0, 0, 0, 1, 1, 2, 2, 0, 0, 2, 0, 0, 1, 1, 0, 2, 2, 0, 1, 0, 0, 0, 0, 0, 0, 0, 2, 0, 0, 0, 0, 0, 0, 0, 2, 2, 2, 3, 2, 0, 1, 1, 4, 2, 5, 1, 6, 2, 4, 2, 1, 295, 0, 1, 0, 0, 0, 1]",2,-0.19562374581277392,-1,1
1455,"[0, 9, 0, 1, 1, 5, 0, 4, 0, 1, 0, 2, 0, 0, 0, 0, 0, 1, 0, 0, 2, 0, 0, 0, 0, 0, 0, 0, 0, 0, 0, 0, 1, 1, 2, 2, 0, 0, 2, 0, 0, 1, 1, 0, 2, 2, 0, 1, 0, 0, 0, 0, 0, 0, 0, 2, 0, 0, 0, 0, 0, 0, 0, 2, 2, 2, 3, 2, 0, 1, 1, 4, 2, 5, 1, 6, 2, 4, 2, 1, 295, 0, 0, 1, 0, 0, 0]","[[1 0 0 0]
 [0 1 0 0]]",-0.19562374581277392,-1,1
1456,"[0, 9, 0, 1, 1, 5, 0, 4, 0, 1, 0, 2, 0, 0, 0, 0, 0, 1, 0, 0, 2, 0, 0, 0, 0, 0, 0, 0, 0, 0, 0, 0, 1, 1, 2, 2, 0, 0, 2, 0, 0, 1, 1, 0, 2, 2, 0, 1, 0, 0, 0, 0, 0, 0, 0, 2, 0, 0, 0, 0, 0, 0, 0, 2, 2, 2, 3, 2, 0, 1, 1, 4, 2, 5, 1, 6, 2, 4, 2, 1, 295, 0, 0, 0, 0, 0, 0]",1,-2.7713680918022336,-1,0
1457,"[0, 9, 0, 1, 1, 5, 0, 4, 0, 1, 0, 2, 0, 0, 0, 0, 0, 1, 0, 0, 2, 0, 0, 0, 0, 0, 0, 0, 0, 0, 0, 0, 1, 1, 2, 2, 0, 0, 2, 0, 0, 1, 1, 0, 2, 2, 0, 1, 0, 0, 0, 0, 0, 0, 0, 2, 0, 0, 0, 0, 0, 0, 0, 2, 2, 2, 3, 2, 0, 1, 1, 4, 2, 5, 1, 6, 2, 4, 2, 1, 295, 1, 0, 0, 0, 0, 0]",3,0.2043762541872261,-1,0
1458,"[0, 9, 0, 1, 1, 5, 0, 4, 0, 1, 0, 2, 0, 0, 0, 0, 0, 1, 0, 0, 2, 0, 0, 0, 0, 0, 0, 0, 0, 0, 0, 0, 1, 1, 2, 2, 0, 0, 2, 0, 0, 1, 1, 0, 2, 2, 0, 1, 0, 0, 0, 0, 0, 0, 0, 2, 0, 0, 0, 0, 0, 0, 0, 2, 2, 2, 3, 2, 0, 1, 1, 4, 2, 5, 1, 6, 2, 4, 2, 1, 295, 0, 0, 0, 0, 0, 0]",-1,-0.002616985297421619,-1,0
1459,"[0, 10, 0, 1, 1, 6, 0, 4, 0, 1, 0, 2, 0, 0, 0, 0, 0, 1, 0, 0, 2, 0, 0, 0, 0, 0, 0, 0, 0, 0, 0, 0, 1, 1, 2, 2, 0, 0, 2, 0, 0, 1, 1, 0, 2, 2, 0, 1, 0, 0, 0, 0, 0, 0, 0, 2, 0, 0, 0, 0, 0, 0, 0, 2, 2, 2, 3, 2, 0, 1, 1, 4, 2, 5, 1, 6, 2, 4, 2, 1, 296, 0, 0, 0, 0, 0, 0]",4,12.12646408162362,-1,0
1460,"[0, 11, 0, 1, 1, 7, 0, 4, 0, 1, 0, 2, 0, 0, 0, 0, 0, 1, 0, 0, 2, 0, 0, 0, 0, 0, 0, 0, 0, 0, 0, 0, 1, 1, 2, 2, 0, 0, 2, 0, 0, 1, 1, 0, 2, 2, 0, 1, 0, 0, 0, 0, 0, 0, 0, 2, 0, 0, 0, 0, 0, 0, 0, 2, 2, 2, 3, 2, 0, 1, 1, 4, 2, 5, 1, 6, 2, 4, 2, 1, 297, 0, 0, 0, 0, 0, 0]",4,13.893826914339193,-1,1
1461,"[0, 11, 0, 1, 1, 7, 0, 4, 0, 1, 0, 2, 0, 0, 0, 0, 0, 1, 0, 0, 2, 0, 0, 0, 0, 0, 0, 0, 0, 0, 0, 0, 1, 1, 2, 2, 0, 0, 2, 0, 0, 1, 1, 0, 2, 2, 0, 1, 0, 0, 0, 0, 0, 0, 0, 2, 0, 0, 0, 0, 0, 0, 0, 2, 2, 2, 3, 2, 0, 1, 1, 4, 2, 5, 1, 6, 2, 4, 2, 1, 297, 1, 0, 0, 0, 0, 0]",3,0.2040465994191571,-1,0
1462,"[0, 11, 0, 1, 1, 7, 0, 4, 0, 1, 0, 2, 0, 0, 0, 0, 0, 1, 0, 0, 2, 0, 0, 0, 0, 0, 0, 0, 0, 0, 0, 0, 1, 1, 2, 2, 0, 0, 2, 0, 0, 1, 1, 0, 2, 2, 0, 1, 0, 0, 0, 0, 0, 0, 0, 2, 0, 0, 0, 0, 0, 0, 0, 2, 2, 2, 3, 2, 0, 1, 1, 4, 2, 5, 1, 6, 2, 4, 2, 1, 297, 0, 0, 0, 0, 0, 0]",-1,-0.0025651655165959556,-1,0
1463,"[0, 11, 0, 1, 1, 7, 0, 4, 0, 1, 0, 2, 0, 0, 0, 0, 0, 1, 0, 0, 2, 0, 0, 0, 0, 0, 0, 0, 0, 0, 0, 0, 1, 1, 2, 2, 0, 0, 2, 0, 0, 1, 1, 0, 2, 2, 0, 1, 0, 0, 0, 0, 0, 0, 0, 2, 0, 0, 0, 0, 0, 0, 0, 2, 2, 2, 3, 2, 0, 1, 1, 4, 2, 5, 1, 6, 2, 4, 2, 1, 297, 1, 0, 0, 0, 0, 0]",3,0.2040465994191571,-1,0
1464,"[0, 11, 0, 1, 1, 7, 0, 4, 0, 1, 0, 2, 0, 0, 0, 0, 0, 1, 0, 0, 2, 0, 0, 0, 0, 0, 0, 0, 0, 0, 0, 0, 1, 1, 2, 2, 0, 0, 2, 0, 0, 1, 1, 0, 2, 2, 0, 1, 0, 0, 0, 0, 0, 0, 0, 2, 0, 0, 0, 0, 0, 0, 0, 2, 2, 2, 3, 2, 0, 1, 1, 4, 2, 5, 1, 6, 2, 4, 2, 1, 297, 0, 0, 0, 0, 0, 0]",-1,-0.0025651655165959556,-1,0
1465,"[0, 11, 0, 1, 1, 7, 0, 4, 0, 1, 0, 2, 0, 0, 0, 0, 0, 1, 0, 0, 2, 0, 0, 0, 0, 0, 0, 0, 0, 0, 0, 0, 1, 1, 2, 2, 0, 0, 2, 0, 0, 1, 1, 0, 2, 2, 0, 1, 0, 0, 0, 0, 0, 0, 0, 2, 0, 0, 0, 0, 0, 0, 0, 2, 2, 2, 3, 2, 0, 1, 1, 4, 2, 5, 1, 6, 2, 4, 2, 1, 297, 0, 1, 0, 0, 0, 0]",2,0.40404659941915705,-1,0
1466,"[0, 11, 0, 1, 1, 7, 0, 4, 0, 1, 0, 2, 0, 0, 0, 0, 0, 1, 0, 0, 2, 0, 0, 0, 0, 0, 0, 0, 0, 0, 0, 0, 1, 1, 2, 2, 0, 0, 2, 0, 0, 1, 1, 0, 2, 2, 0, 1, 0, 0, 0, 0, 0, 0, 0, 2, 0, 0, 0, 0, 0, 0, 0, 2, 2, 2, 3, 2, 0, 1, 1, 4, 2, 5, 1, 6, 2, 4, 2, 1, 297, 0, 1, 0, 0, 1, 0]","[[0 1 0 0]
 [1 0 0 0]]",0.654471464477248,-1,0
1467,"[1, 10, 0, 1, 0, 8, 0, 4, 0, 1, 0, 2, 0, 0, 0, 0, 0, 1, 0, 0, 2, 0, 0, 0, 0, 0, 0, 0, 0, 0, 0, 0, 1, 1, 2, 2, 0, 0, 2, 0, 0, 1, 1, 0, 2, 2, 0, 1, 0, 0, 0, 0, 0, 0, 0, 2, 0, 0, 0, 0, 0, 0, 0, 2, 2, 2, 3, 2, 0, 1, 1, 4, 2, 5, 1, 6, 2, 4, 2, 1, 297, 0, 0, 0, 0, 0, 0]",0,-0.19595340058084293,-1,1
1468,"[1, 10, 0, 1, 0, 8, 0, 4, 0, 1, 0, 2, 0, 0, 0, 0, 0, 1, 0, 0, 2, 0, 0, 0, 0, 0, 0, 0, 0, 0, 0, 0, 1, 1, 2, 2, 0, 0, 2, 0, 0, 1, 1, 0, 2, 2, 0, 1, 0, 0, 0, 0, 0, 0, 0, 2, 0, 0, 0, 0, 0, 0, 0, 2, 2, 2, 3, 2, 0, 1, 1, 4, 2, 5, 1, 6, 2, 4, 2, 1, 297, 0, 0, 0, 0, 0, 0]",0,0.29902134624974036,-1,0
1469,"[1, 10, 0, 1, 0, 8, 0, 4, 0, 1, 0, 2, 0, 0, 0, 0, 0, 1, 0, 0, 2, 0, 0, 0, 0, 0, 0, 0, 0, 0, 0, 0, 1, 1, 2, 2, 0, 0, 2, 0, 0, 1, 1, 0, 2, 2, 0, 1, 0, 0, 0, 0, 0, 0, 0, 2, 0, 0, 0, 0, 0, 0, 0, 2, 2, 2, 3, 2, 0, 1, 1, 4, 2, 5, 1, 6, 2, 4, 2, 1, 297, 0, 0, 0, 0, 0, 0]",-1,-0.0025651655165959556,-1,0
1470,"[1, 10, 0, 1, 0, 8, 0, 4, 0, 1, 0, 2, 0, 0, 0, 0, 0, 1, 0, 0, 2, 0, 0, 0, 0, 0, 0, 0, 0, 0, 0, 0, 1, 1, 2, 2, 0, 0, 2, 0, 0, 1, 1, 0, 2, 2, 0, 1, 0, 0, 0, 0, 0, 0, 0, 2, 0, 0, 0, 0, 0, 0, 0, 2, 2, 2, 3, 2, 0, 1, 1, 4, 2, 5, 1, 6, 2, 4, 2, 1, 297, 0, 0, 0, 0, 0, 0]",0,0.29902134624974036,-1,0
1471,"[1, 10, 0, 1, 0, 8, 0, 4, 0, 1, 0, 2, 0, 0, 0, 0, 0, 1, 0, 0, 2, 0, 0, 0, 0, 0, 0, 0, 0, 0, 0, 0, 1, 1, 2, 2, 0, 0, 2, 0, 0, 1, 1, 0, 2, 2, 0, 1, 0, 0, 0, 0, 0, 0, 0, 2, 0, 0, 0, 0, 0, 0, 0, 2, 2, 2, 3, 2, 0, 1, 1, 4, 2, 5, 1, 6, 2, 4, 2, 1, 297, 0, 0, 0, 0, 0, 0]",-1,-0.0025651655165959556,-1,0
1472,"[1, 10, 0, 1, 0, 8, 0, 4, 0, 1, 0, 2, 0, 0, 0, 0, 0, 1, 0, 0, 2, 0, 0, 0, 0, 0, 0, 0, 0, 0, 0, 0, 1, 1, 2, 2, 0, 0, 2, 0, 0, 1, 1, 0, 2, 2, 0, 1, 0, 0, 0, 0, 0, 0, 0, 2, 0, 0, 0, 0, 0, 0, 0, 2, 2, 2, 3, 2, 0, 1, 1, 4, 2, 5, 1, 6, 2, 4, 2, 1, 297, 0, 0, 0, 0, 0, 0]",0,0.29902134624974036,-1,0
1473,"[1, 10, 0, 1, 0, 8, 0, 4, 0, 1, 0, 2, 0, 0, 0, 0, 0, 1, 0, 0, 2, 0, 0, 0, 0, 0, 0, 0, 0, 0, 0, 0, 1, 1, 2, 2, 0, 0, 2, 0, 0, 1, 1, 0, 2, 2, 0, 1, 0, 0, 0, 0, 0, 0, 0, 2, 0, 0, 0, 0, 0, 0, 0, 2, 2, 2, 3, 2, 0, 1, 1, 4, 2, 5, 1, 6, 2, 4, 2, 1, 297, 0, 0, 0, 0, 0, 0]",-1,-0.0025651655165959556,-1,0
1474,"[1, 10, 0, 1, 0, 8, 0, 4, 0, 1, 0, 2, 0, 0, 0, 0, 0, 1, 0, 0, 2, 0, 0, 0, 0, 0, 0, 0, 0, 0, 0, 0, 1, 1, 2, 2, 0, 0, 2, 0, 0, 1, 1, 0, 2, 2, 0, 1, 0, 0, 0, 0, 0, 0, 0, 2, 0, 0, 0, 0, 0, 0, 0, 2, 2, 2, 3, 2, 0, 1, 1, 4, 2, 5, 1, 6, 2, 4, 2, 1, 297, 0, 0, 0, 0, 0, 0]",0,0.29902134624974036,-1,0
1475,"[1, 10, 0, 1, 0, 8, 0, 4, 0, 1, 0, 2, 0, 0, 0, 0, 0, 1, 0, 0, 2, 0, 0, 0, 0, 0, 0, 0, 0, 0, 0, 0, 1, 1, 2, 2, 0, 0, 2, 0, 0, 1, 1, 0, 2, 2, 0, 1, 0, 0, 0, 0, 0, 0, 0, 2, 0, 0, 0, 0, 0, 0, 0, 2, 2, 2, 3, 2, 0, 1, 1, 4, 2, 5, 1, 6, 2, 4, 2, 1, 297, 0, 0, 0, 0, 0, 0]",-1,-0.0025651655165959556,-1,0
1476,"[1, 10, 0, 1, 0, 8, 0, 4, 0, 1, 0, 2, 0, 0, 0, 0, 0, 1, 0, 0, 2, 0, 0, 0, 0, 0, 0, 0, 0, 0, 0, 0, 1, 1, 2, 2, 0, 0, 2, 0, 0, 1, 1, 0, 2, 2, 0, 1, 0, 0, 0, 0, 0, 0, 0, 2, 0, 0, 0, 0, 0, 0, 0, 2, 2, 2, 3, 2, 0, 1, 1, 4, 2, 5, 1, 6, 2, 4, 2, 1, 297, 0, 0, 0, 0, 0, 0]",0,0.29902134624974036,-1,0
1477,"[1, 10, 0, 1, 0, 8, 0, 4, 0, 1, 0, 2, 0, 0, 0, 0, 0, 1, 0, 0, 2, 0, 0, 0, 0, 0, 0, 0, 0, 0, 0, 0, 1, 1, 2, 2, 0, 0, 2, 0, 0, 1, 1, 0, 2, 2, 0, 1, 0, 0, 0, 0, 0, 0, 0, 2, 0, 0, 0, 0, 0, 0, 0, 2, 2, 2, 3, 2, 0, 1, 1, 4, 2, 5, 1, 6, 2, 4, 2, 1, 297, 0, 0, 0, 0, 0, 0]",-1,-0.0025651655165959556,-1,0
1478,"[1, 10, 0, 1, 0, 8, 0, 4, 0, 1, 0, 2, 0, 0, 0, 0, 0, 1, 0, 0, 2, 0, 0, 0, 0, 0, 0, 0, 0, 0, 0, 0, 1, 1, 2, 2, 0, 0, 2, 0, 0, 1, 1, 0, 2, 2, 0, 1, 0, 0, 0, 0, 0, 0, 0, 2, 0, 0, 0, 0, 0, 0, 0, 2, 2, 2, 3, 2, 0, 1, 1, 4, 2, 5, 1, 6, 2, 4, 2, 1, 297, 0, 0, 0, 0, 0, 0]",0,0.29902134624974036,-1,0
1479,"[1, 10, 0, 1, 0, 8, 0, 4, 0, 1, 0, 2, 0, 0, 0, 0, 0, 1, 0, 0, 2, 0, 0, 0, 0, 0, 0, 0, 0, 0, 0, 0, 1, 1, 2, 2, 0, 0, 2, 0, 0, 1, 1, 0, 2, 2, 0, 1, 0, 0, 0, 0, 0, 0, 0, 2, 0, 0, 0, 0, 0, 0, 0, 2, 2, 2, 3, 2, 0, 1, 1, 4, 2, 5, 1, 6, 2, 4, 2, 1, 297, 0, 0, 0, 0, 0, 0]",-1,-0.0025651655165959556,-1,0
1480,"[1, 10, 0, 1, 0, 8, 0, 4, 0, 1, 0, 2, 0, 0, 0, 0, 0, 1, 0, 0, 2, 0, 0, 0, 0, 0, 0, 0, 0, 0, 0, 0, 1, 1, 2, 2, 0, 0, 2, 0, 0, 1, 1, 0, 2, 2, 0, 1, 0, 0, 0, 0, 0, 0, 0, 2, 0, 0, 0, 0, 0, 0, 0, 2, 2, 2, 3, 2, 0, 1, 1, 4, 2, 5, 1, 6, 2, 4, 2, 1, 297, 0, 0, 0, 0, 0, 0]",0,0.29902134624974036,-1,0
1481,"[1, 10, 0, 1, 0, 8, 0, 4, 0, 1, 0, 2, 0, 0, 0, 0, 0, 1, 0, 0, 2, 0, 0, 0, 0, 0, 0, 0, 0, 0, 0, 0, 1, 1, 2, 2, 0, 0, 2, 0, 0, 1, 1, 0, 2, 2, 0, 1, 0, 0, 0, 0, 0, 0, 0, 2, 0, 0, 0, 0, 0, 0, 0, 2, 2, 2, 3, 2, 0, 1, 1, 4, 2, 5, 1, 6, 2, 4, 2, 1, 297, 0, 0, 0, 0, 0, 0]",-1,-0.0025651655165959556,-1,0
1482,"[1, 10, 0, 1, 0, 8, 0, 4, 0, 1, 0, 2, 0, 0, 0, 0, 0, 1, 0, 0, 2, 0, 0, 0, 0, 0, 0, 0, 0, 0, 0, 0, 1, 1, 2, 2, 0, 0, 2, 0, 0, 1, 1, 0, 2, 2, 0, 1, 0, 0, 0, 0, 0, 0, 0, 2, 0, 0, 0, 0, 0, 0, 0, 2, 2, 2, 3, 2, 0, 1, 1, 4, 2, 5, 1, 6, 2, 4, 2, 1, 297, 0, 0, 0, 0, 0, 0]",0,0.29902134624974036,-1,0
1483,"[1, 10, 0, 1, 0, 8, 0, 4, 0, 1, 0, 2, 0, 0, 0, 0, 0, 1, 0, 0, 2, 0, 0, 0, 0, 0, 0, 0, 0, 0, 0, 0, 1, 1, 2, 2, 0, 0, 2, 0, 0, 1, 1, 0, 2, 2, 0, 1, 0, 0, 0, 0, 0, 0, 0, 2, 0, 0, 0, 0, 0, 0, 0, 2, 2, 2, 3, 2, 0, 1, 1, 4, 2, 5, 1, 6, 2, 4, 2, 1, 297, 0, 0, 0, 0, 0, 0]",-1,-0.0025651655165959556,-1,0
1484,"[1, 10, 0, 1, 0, 8, 0, 4, 0, 1, 0, 2, 0, 0, 0, 0, 0, 1, 0, 0, 2, 0, 0, 0, 0, 0, 0, 0, 0, 0, 0, 0, 1, 1, 2, 2, 0, 0, 2, 0, 0, 1, 1, 0, 2, 2, 0, 1, 0, 0, 0, 0, 0, 0, 0, 2, 0, 0, 0, 0, 0, 0, 0, 2, 2, 2, 3, 2, 0, 1, 1, 4, 2, 5, 1, 6, 2, 4, 2, 1, 297, 0, 0, 0, 0, 0, 0]",1,0.6136707145187739,-1,0
1485,"[1, 10, 0, 1, 0, 8, 0, 4, 0, 1, 0, 2, 0, 0, 0, 0, 0, 1, 0, 0, 2, 0, 0, 0, 0, 0, 0, 0, 0, 0, 0, 0, 1, 1, 2, 2, 0, 0, 2, 0, 0, 1, 1, 0, 2, 2, 0, 1, 0, 0, 0, 0, 0, 0, 0, 2, 0, 0, 0, 0, 0, 0, 0, 2, 2, 2, 3, 2, 0, 1, 1, 4, 2, 5, 1, 6, 2, 4, 2, 1, 297, 0, 0, 0, 0, 0, 0]",-1,-0.0025651655165959556,-1,0
1486,"[1, 10, 0, 1, 0, 8, 0, 4, 0, 1, 0, 2, 0, 0, 0, 0, 0, 1, 0, 0, 2, 0, 0, 0, 0, 0, 0, 0, 0, 0, 0, 0, 1, 1, 2, 2, 0, 0, 2, 0, 0, 1, 1, 0, 2, 2, 0, 1, 0, 0, 0, 0, 0, 0, 0, 2, 0, 0, 0, 0, 0, 0, 0, 2, 2, 2, 3, 2, 0, 1, 1, 4, 2, 5, 1, 6, 2, 4, 2, 1, 297, 0, 1, 0, 0, 0, 0]",2,0.40404659941915705,-1,0
1487,"[1, 10, 0, 1, 0, 8, 0, 4, 0, 1, 0, 2, 0, 0, 0, 0, 0, 1, 0, 0, 2, 0, 0, 0, 0, 0, 0, 0, 0, 0, 0, 0, 1, 1, 2, 2, 0, 0, 2, 0, 0, 1, 1, 0, 2, 2, 0, 1, 0, 0, 0, 0, 0, 0, 0, 2, 0, 0, 0, 0, 0, 0, 0, 2, 2, 2, 3, 2, 0, 1, 1, 4, 2, 5, 1, 6, 2, 4, 2, 1, 297, 0, 0, 0, 0, 0, 0]",-1,-0.0025651655165959556,-1,0
1488,"[1, 10, 0, 1, 0, 8, 0, 4, 0, 1, 0, 2, 0, 0, 0, 0, 0, 1, 0, 0, 2, 0, 0, 0, 0, 0, 0, 0, 0, 0, 0, 0, 1, 1, 2, 2, 0, 0, 2, 0, 0, 1, 1, 0, 2, 2, 0, 1, 0, 0, 0, 0, 0, 0, 0, 2, 0, 0, 0, 0, 0, 0, 0, 2, 2, 2, 3, 2, 0, 1, 1, 4, 2, 5, 1, 6, 2, 4, 2, 1, 297, 0, 1, 0, 0, 0, 0]",2,0.40404659941915705,-1,0
1489,"[1, 10, 0, 1, 0, 8, 0, 4, 0, 1, 0, 2, 0, 0, 0, 0, 0, 1, 0, 0, 2, 0, 0, 0, 0, 0, 0, 0, 0, 0, 0, 0, 1, 1, 2, 2, 0, 0, 2, 0, 0, 1, 1, 0, 2, 2, 0, 1, 0, 0, 0, 0, 0, 0, 0, 2, 0, 0, 0, 0, 0, 0, 0, 2, 2, 2, 3, 2, 0, 1, 1, 4, 2, 5, 1, 6, 2, 4, 2, 1, 297, 0, 0, 0, 0, 0, 0]",-1,-0.0025651655165959556,-1,0
1490,"[1, 10, 0, 1, 0, 8, 0, 4, 0, 1, 0, 2, 0, 0, 0, 0, 0, 1, 0, 0, 2, 0, 0, 0, 0, 0, 0, 0, 0, 0, 0, 0, 1, 1, 2, 2, 0, 0, 2, 0, 0, 1, 1, 0, 2, 2, 0, 1, 0, 0, 0, 0, 0, 0, 0, 2, 0, 0, 0, 0, 0, 0, 0, 2, 2, 2, 3, 2, 0, 1, 1, 4, 2, 5, 1, 6, 2, 4, 2, 1, 297, 1, 0, 0, 0, 0, 0]",3,0.2040465994191571,-1,0
1491,"[1, 10, 0, 1, 0, 8, 0, 4, 0, 1, 0, 2, 0, 0, 0, 0, 0, 1, 0, 0, 2, 0, 0, 0, 0, 0, 0, 0, 0, 0, 0, 0, 1, 1, 2, 2, 0, 0, 2, 0, 0, 1, 1, 0, 2, 2, 0, 1, 0, 0, 0, 0, 0, 0, 0, 2, 0, 0, 0, 0, 0, 0, 0, 2, 2, 2, 3, 2, 0, 1, 1, 4, 2, 5, 1, 6, 2, 4, 2, 1, 297, 0, 0, 0, 0, 0, 0]",-1,-0.0025651655165959556,-1,0
1492,"[1, 10, 0, 1, 0, 8, 0, 4, 0, 1, 0, 2, 0, 0, 0, 0, 0, 1, 0, 0, 2, 0, 0, 0, 0, 0, 0, 0, 0, 0, 0, 0, 1, 1, 2, 2, 0, 0, 2, 0, 0, 1, 1, 0, 2, 2, 0, 1, 0, 0, 0, 0, 0, 0, 0, 2, 0, 0, 0, 0, 0, 0, 0, 2, 2, 2, 3, 2, 0, 1, 1, 4, 2, 5, 1, 6, 2, 4, 2, 1, 297, 0, 1, 0, 0, 0, 0]",2,0.40404659941915705,-1,0
1493,"[1, 10, 0, 1, 0, 8, 0, 4, 0, 1, 0, 2, 0, 0, 0, 0, 0, 1, 0, 0, 2, 0, 0, 0, 0, 0, 0, 0, 0, 0, 0, 0, 1, 1, 2, 2, 0, 0, 2, 0, 0, 1, 1, 0, 2, 2, 0, 1, 0, 0, 0, 0, 0, 0, 0, 2, 0, 0, 0, 0, 0, 0, 0, 2, 2, 2, 3, 2, 0, 1, 1, 4, 2, 5, 1, 6, 2, 4, 2, 1, 297, 0, 0, 0, 0, 0, 0]",-1,-0.0025651655165959556,-1,0
1494,"[1, 10, 0, 1, 0, 8, 0, 4, 0, 1, 0, 2, 0, 0, 0, 0, 0, 1, 0, 0, 2, 0, 0, 0, 0, 0, 0, 0, 0, 0, 0, 0, 1, 1, 2, 2, 0, 0, 2, 0, 0, 1, 1, 0, 2, 2, 0, 1, 0, 0, 0, 0, 0, 0, 0, 2, 0, 0, 0, 0, 0, 0, 0, 2, 2, 2, 3, 2, 0, 1, 1, 4, 2, 5, 1, 6, 2, 4, 2, 1, 297, 0, 0, 0, 0, 0, 0]",1,0.6136707145187739,-1,0
1495,"[1, 10, 0, 1, 0, 8, 0, 4, 0, 1, 0, 2, 0, 0, 0, 0, 0, 1, 0, 0, 2, 0, 0, 0, 0, 0, 0, 0, 0, 0, 0, 0, 1, 1, 2, 2, 0, 0, 2, 0, 0, 1, 1, 0, 2, 2, 0, 1, 0, 0, 0, 0, 0, 0, 0, 2, 0, 0, 0, 0, 0, 0, 0, 2, 2, 2, 3, 2, 0, 1, 1, 4, 2, 5, 1, 6, 2, 4, 2, 1, 297, 0, 0, 0, 0, 0, 0]",-1,-0.0025651655165959556,-1,0
1496,"[1, 11, 0, 1, 0, 9, 0, 4, 0, 1, 0, 2, 0, 0, 0, 0, 0, 1, 0, 0, 2, 0, 0, 0, 0, 0, 0, 0, 0, 0, 0, 0, 1, 1, 2, 2, 0, 0, 2, 0, 0, 1, 1, 0, 2, 2, 0, 1, 0, 0, 0, 0, 0, 0, 0, 2, 0, 0, 0, 0, 0, 0, 0, 2, 2, 2, 3, 2, 0, 1, 1, 4, 2, 5, 1, 6, 2, 4, 2, 1, 298, 0, 0, 0, 0, 0, 0]",4,12.205919485488192,-1,0
1497,"[1, 11, 0, 1, 0, 9, 0, 4, 0, 1, 0, 2, 0, 0, 0, 0, 0, 1, 0, 0, 2, 0, 0, 0, 0, 0, 0, 0, 0, 0, 0, 0, 1, 1, 2, 2, 0, 0, 2, 0, 0, 1, 1, 0, 2, 2, 0, 1, 0, 0, 0, 0, 0, 0, 0, 2, 0, 0, 0, 0, 0, 0, 0, 2, 2, 2, 3, 2, 0, 1, 1, 4, 2, 5, 1, 6, 2, 4, 2, 1, 299, 0, 0, 0, 0, 0, 0]",4,13.750607780781934,-1,1
1498,"[1, 11, 0, 1, 0, 9, 0, 4, 0, 1, 0, 2, 0, 0, 0, 0, 0, 1, 0, 0, 2, 0, 0, 0, 0, 0, 0, 0, 0, 0, 0, 0, 1, 1, 2, 2, 0, 0, 2, 0, 0, 1, 1, 0, 2, 2, 0, 1, 0, 0, 0, 0, 0, 0, 0, 2, 0, 0, 0, 0, 0, 0, 0, 2, 2, 2, 3, 2, 0, 1, 1, 4, 2, 5, 1, 6, 2, 4, 2, 1, 299, 1, 0, 0, 0, 0, 0]",3,0.20374130199087093,-1,0
1499,"[1, 11, 0, 1, 0, 9, 0, 4, 0, 1, 0, 2, 0, 0, 0, 0, 0, 1, 0, 0, 2, 0, 0, 0, 0, 0, 0, 0, 0, 0, 0, 0, 1, 1, 2, 2, 0, 0, 2, 0, 0, 1, 1, 0, 2, 2, 0, 1, 0, 0, 0, 0, 0, 0, 0, 2, 0, 0, 0, 0, 0, 0, 0, 2, 2, 2, 3, 2, 0, 1, 1, 4, 2, 5, 1, 6, 2, 4, 2, 1, 299, 0, 0, 0, 0, 0, 0]",-1,-0.0025143718361795935,-1,0
1500,"[1, 11, 0, 1, 0, 9, 0, 4, 0, 1, 0, 2, 0, 0, 0, 0, 0, 1, 0, 0, 2, 0, 0, 0, 0, 0, 0, 0, 0, 0, 0, 0, 1, 1, 2, 2, 0, 0, 2, 0, 0, 1, 1, 0, 2, 2, 0, 1, 0, 0, 0, 0, 0, 0, 0, 2, 0, 0, 0, 0, 0, 0, 0, 2, 2, 2, 3, 2, 0, 1, 1, 4, 2, 5, 1, 6, 2, 4, 2, 1, 299, 0, 1, 0, 0, 0, 0]",2,0.4037413019908709,-1,0
1501,"[1, 11, 0, 1, 0, 9, 0, 4, 0, 1, 0, 2, 0, 0, 0, 0, 0, 1, 0, 0, 2, 0, 0, 0, 0, 0, 0, 0, 0, 0, 0, 0, 1, 1, 2, 2, 0, 0, 2, 0, 0, 1, 1, 0, 2, 2, 0, 1, 0, 0, 0, 0, 0, 0, 0, 2, 0, 0, 0, 0, 0, 0, 0, 2, 2, 2, 3, 2, 0, 1, 1, 4, 2, 5, 1, 6, 2, 4, 2, 1, 299, 0, 0, 0, 0, 0, 0]",-1,-0.0025143718361795935,-1,0
1502,"[1, 11, 0, 1, 0, 9, 0, 4, 0, 1, 0, 2, 0, 0, 0, 0, 0, 1, 0, 0, 2, 0, 0, 0, 0, 0, 0, 0, 0, 0, 0, 0, 1, 1, 2, 2, 0, 0, 2, 0, 0, 1, 1, 0, 2, 2, 0, 1, 0, 0, 0, 0, 0, 0, 0, 2, 0, 0, 0, 0, 0, 0, 0, 2, 2, 2, 3, 2, 0, 1, 1, 4, 2, 5, 1, 6, 2, 4, 2, 1, 300, 0, 0, 0, 0, 0, 0]",4,12.205524123206139,-1,0
1503,"[1, 11, 0, 1, 0, 9, 0, 4, 0, 1, 0, 2, 0, 0, 0, 0, 0, 1, 0, 0, 2, 0, 0, 0, 0, 0, 0, 0, 0, 0, 0, 0, 1, 1, 2, 2, 0, 0, 2, 0, 0, 1, 1, 0, 2, 2, 0, 1, 0, 0, 0, 0, 0, 0, 0, 2, 0, 0, 0, 0, 0, 0, 0, 2, 2, 2, 3, 2, 0, 1, 1, 4, 2, 5, 1, 6, 2, 4, 2, 1, 300, 0, 1, 0, 0, 0, 0]",2,0.4035972419924183,-1,1
1504,"[1, 11, 0, 1, 0, 9, 0, 4, 0, 1, 0, 2, 0, 0, 0, 0, 0, 1, 0, 0, 2, 0, 0, 0, 0, 0, 0, 0, 0, 0, 0, 0, 1, 1, 2, 2, 0, 0, 2, 0, 0, 1, 1, 0, 2, 2, 0, 1, 0, 0, 0, 0, 0, 0, 0, 2, 0, 0, 0, 0, 0, 0, 0, 2, 2, 2, 3, 2, 0, 1, 1, 4, 2, 5, 1, 6, 2, 4, 2, 1, 300, 0, 1, 0, 0, 1, 0]","[[0 1 0 0]
 [1 0 0 0]]",0.6540221070505092,-1,1
1505,"[0, 12, 0, 1, 1, 8, 0, 4, 0, 1, 0, 2, 0, 0, 0, 0, 0, 1, 0, 0, 2, 0, 0, 0, 0, 0, 0, 0, 0, 0, 0, 0, 1, 1, 2, 2, 0, 0, 2, 0, 0, 1, 1, 0, 2, 2, 0, 1, 0, 0, 0, 0, 0, 0, 0, 2, 0, 0, 0, 0, 0, 0, 0, 2, 2, 2, 3, 2, 0, 1, 1, 4, 2, 5, 1, 6, 2, 4, 2, 1, 300, 0, 0, 0, 0, 0, 0]",0,-0.1964027580075817,-1,0
1506,"[0, 13, 0, 1, 1, 9, 0, 4, 0, 1, 0, 2, 0, 0, 0, 0, 0, 1, 0, 0, 2, 0, 0, 0, 0, 0, 0, 0, 0, 0, 0, 0, 1, 1, 2, 2, 0, 0, 2, 0, 0, 1, 1, 0, 2, 2, 0, 1, 0, 0, 0, 0, 0, 0, 0, 2, 0, 0, 0, 0, 0, 0, 0, 2, 2, 2, 3, 2, 0, 1, 1, 4, 2, 5, 1, 6, 2, 4, 2, 1, 301, 0, 0, 0, 0, 0, 0]",4,13.831687802456651,-1,1
1507,"[0, 13, 0, 1, 1, 9, 0, 4, 0, 1, 0, 2, 0, 0, 0, 0, 0, 1, 0, 0, 2, 0, 0, 0, 0, 0, 0, 0, 0, 0, 0, 0, 1, 1, 2, 2, 0, 0, 2, 0, 0, 1, 1, 0, 2, 2, 0, 1, 0, 0, 0, 0, 0, 0, 0, 2, 0, 0, 0, 0, 0, 0, 0, 2, 2, 2, 3, 2, 0, 1, 1, 4, 2, 5, 1, 6, 2, 4, 2, 1, 301, 0, 0, 0, 0, 0, 0]",1,0.6130827464135978,-1,0
1508,"[0, 13, 0, 1, 1, 9, 0, 4, 0, 1, 0, 2, 0, 0, 0, 0, 0, 1, 0, 0, 2, 0, 0, 0, 0, 0, 0, 0, 0, 0, 0, 0, 1, 1, 2, 2, 0, 0, 2, 0, 0, 1, 1, 0, 2, 2, 0, 1, 0, 0, 0, 0, 0, 0, 0, 2, 0, 0, 0, 0, 0, 0, 0, 2, 2, 2, 3, 2, 0, 1, 1, 4, 2, 5, 1, 6, 2, 4, 2, 1, 301, 0, 0, 0, 0, 0, 0]",-1,-0.0024645839380231078,-1,0
1509,"[0, 6, 0, 1, 1, 4, 0, 2, 0, 1, 0, 2, 0, 0, 0, 0, 0, 1, 0, 0, 2, 0, 0, 0, 0, 0, 0, 0, 0, 0, 0, 0, 1, 1, 2, 2, 0, 0, 2, 0, 0, 1, 1, 0, 2, 2, 0, 1, 0, 0, 0, 0, 0, 0, 0, 2, 0, 0, 0, 0, 0, 0, 0, 2, 2, 2, 3, 2, 0, 1, 1, 4, 2, 5, 1, 6, 2, 4, 2, 2, 302, 0, 0, 0, 0, 0, 0]",4,14.036840521111268,-1,1
1510,"[0, 6, 0, 2, 1, 4, 0, 3, 0, 1, 0, 2, 0, 0, 0, 0, 0, 1, 0, 0, 2, 0, 0, 0, 0, 0, 0, 0, 0, 0, 0, 0, 1, 1, 2, 2, 0, 0, 2, 0, 0, 1, 1, 0, 2, 2, 0, 1, 0, 0, 0, 0, 0, 0, 0, 2, 0, 0, 0, 0, 0, 0, 0, 2, 2, 2, 3, 2, 0, 1, 1, 4, 2, 5, 1, 6, 2, 4, 2, 2, 303, 0, 0, 0, 0, 0, 0]",4,12.340832642463571,-1,0
1511,"[0, 6, 0, 2, 1, 4, 0, 3, 0, 1, 0, 2, 0, 0, 0, 0, 0, 1, 0, 0, 2, 0, 0, 0, 0, 0, 0, 0, 0, 0, 0, 0, 1, 1, 2, 2, 0, 0, 2, 0, 0, 1, 1, 0, 2, 2, 0, 1, 0, 0, 0, 0, 0, 0, 0, 2, 0, 0, 0, 0, 0, 0, 0, 2, 2, 2, 3, 2, 0, 1, 1, 4, 2, 5, 1, 6, 2, 4, 2, 2, 304, 0, 0, 0, 0, 0, 0]",4,14.028725516104565,-1,1
1512,"[0, 6, 0, 2, 1, 4, 0, 3, 0, 1, 0, 2, 0, 0, 0, 0, 0, 1, 0, 0, 2, 0, 0, 0, 0, 0, 0, 0, 0, 0, 0, 0, 1, 1, 2, 2, 0, 0, 2, 0, 0, 1, 1, 0, 2, 2, 0, 1, 0, 0, 0, 0, 0, 0, 0, 2, 0, 0, 0, 0, 0, 0, 0, 2, 2, 2, 3, 2, 0, 1, 1, 4, 2, 5, 1, 6, 2, 4, 2, 2, 304, 0, 1, 0, 0, 0, 0]",2,0.40307354111305504,-1,0
1513,"[0, 6, 0, 2, 1, 4, 0, 3, 0, 1, 0, 2, 0, 0, 0, 0, 0, 1, 0, 0, 2, 0, 0, 0, 0, 0, 0, 0, 0, 0, 0, 0, 1, 1, 2, 2, 0, 0, 2, 0, 0, 1, 1, 0, 2, 2, 0, 1, 0, 0, 0, 0, 0, 0, 0, 2, 0, 0, 0, 0, 0, 0, 0, 2, 2, 2, 3, 2, 0, 1, 1, 4, 2, 5, 1, 6, 2, 4, 2, 2, 304, 0, 1, 0, 0, 1, 0]","[[0 1 0 0]
 [1 0 0 0]]",0.653498406171146,-1,0
1514,"[0, 6, 0, 2, 1, 4, 0, 3, 0, 1, 0, 2, 0, 0, 0, 0, 0, 1, 0, 0, 2, 0, 0, 0, 0, 0, 0, 0, 0, 0, 0, 0, 1, 1, 2, 2, 0, 0, 2, 0, 0, 1, 1, 0, 2, 2, 0, 1, 0, 0, 0, 0, 0, 0, 0, 2, 0, 0, 0, 0, 0, 0, 0, 2, 2, 2, 3, 2, 0, 1, 1, 4, 2, 5, 1, 6, 2, 4, 2, 2, 304, 0, 1, 0, 0, 0, 1]",2,-0.1969264588869449,-1,1
1515,"[0, 6, 0, 2, 1, 4, 0, 3, 0, 1, 0, 2, 0, 0, 0, 0, 0, 1, 0, 0, 2, 0, 0, 0, 0, 0, 0, 0, 0, 0, 0, 0, 1, 1, 2, 2, 0, 0, 2, 0, 0, 1, 1, 0, 2, 2, 0, 1, 0, 0, 0, 0, 0, 0, 0, 2, 0, 0, 0, 0, 0, 0, 0, 2, 2, 2, 3, 2, 0, 1, 1, 4, 2, 5, 1, 6, 2, 4, 2, 2, 304, 0, 0, 1, 0, 0, 0]","[[1 0 0 0]
 [0 1 0 0]]",-0.1969264588869449,-1,1
1516,"[1, 5, 0, 2, 0, 5, 0, 3, 0, 1, 0, 2, 0, 0, 0, 0, 0, 1, 0, 0, 2, 0, 0, 0, 0, 0, 0, 0, 0, 0, 0, 0, 1, 1, 2, 2, 0, 0, 2, 0, 0, 1, 1, 0, 2, 2, 0, 1, 0, 0, 0, 0, 0, 0, 0, 2, 0, 0, 0, 0, 0, 0, 0, 2, 2, 2, 3, 2, 0, 1, 1, 4, 2, 5, 1, 6, 2, 4, 2, 2, 304, 0, 0, 0, 0, 0, 0]",0,-0.1969264588869449,-1,0
1517,"[1, 5, 0, 2, 0, 5, 0, 3, 0, 1, 0, 2, 0, 0, 0, 0, 0, 1, 0, 0, 2, 0, 0, 0, 0, 0, 0, 0, 0, 0, 0, 0, 1, 1, 2, 2, 0, 0, 2, 0, 0, 1, 1, 0, 2, 2, 0, 1, 0, 0, 0, 0, 0, 0, 0, 2, 0, 0, 0, 0, 0, 0, 0, 2, 2, 2, 3, 2, 0, 1, 1, 4, 2, 5, 1, 6, 2, 4, 2, 2, 304, 0, 0, 0, 0, 0, 0]",0,0.29804828794363836,-1,0
1518,"[1, 5, 0, 2, 0, 5, 0, 3, 0, 1, 0, 2, 0, 0, 0, 0, 0, 1, 0, 0, 2, 0, 0, 0, 0, 0, 0, 0, 0, 0, 0, 0, 1, 1, 2, 2, 0, 0, 2, 0, 0, 1, 1, 0, 2, 2, 0, 1, 0, 0, 0, 0, 0, 0, 0, 2, 0, 0, 0, 0, 0, 0, 0, 2, 2, 2, 3, 2, 0, 1, 1, 4, 2, 5, 1, 6, 2, 4, 2, 2, 304, 0, 0, 0, 0, 0, 0]",-1,-0.0023917444747099184,-1,0
1519,"[1, 5, 0, 2, 0, 5, 0, 3, 0, 1, 0, 2, 0, 0, 0, 0, 0, 1, 0, 0, 2, 0, 0, 0, 0, 0, 0, 0, 0, 0, 0, 0, 1, 1, 2, 2, 0, 0, 2, 0, 0, 1, 1, 0, 2, 2, 0, 1, 0, 0, 0, 0, 0, 0, 0, 2, 0, 0, 0, 0, 0, 0, 0, 2, 2, 2, 3, 2, 0, 1, 1, 4, 2, 5, 1, 6, 2, 4, 2, 2, 304, 0, 0, 0, 0, 0, 0]",0,0.29804828794363836,-1,0
1520,"[1, 5, 0, 2, 0, 5, 0, 3, 0, 1, 0, 2, 0, 0, 0, 0, 0, 1, 0, 0, 2, 0, 0, 0, 0, 0, 0, 0, 0, 0, 0, 0, 1, 1, 2, 2, 0, 0, 2, 0, 0, 1, 1, 0, 2, 2, 0, 1, 0, 0, 0, 0, 0, 0, 0, 2, 0, 0, 0, 0, 0, 0, 0, 2, 2, 2, 3, 2, 0, 1, 1, 4, 2, 5, 1, 6, 2, 4, 2, 2, 304, 0, 0, 0, 0, 0, 0]",-1,-0.0023917444747099184,-1,0
1521,"[1, 5, 0, 2, 0, 5, 0, 3, 0, 1, 0, 2, 0, 0, 0, 0, 0, 1, 0, 0, 2, 0, 0, 0, 0, 0, 0, 0, 0, 0, 0, 0, 1, 1, 2, 2, 0, 0, 2, 0, 0, 1, 1, 0, 2, 2, 0, 1, 0, 0, 0, 0, 0, 0, 0, 2, 0, 0, 0, 0, 0, 0, 0, 2, 2, 2, 3, 2, 0, 1, 1, 4, 2, 5, 1, 6, 2, 4, 2, 2, 304, 0, 0, 0, 0, 0, 0]",0,0.29804828794363836,-1,0
1522,"[1, 5, 0, 2, 0, 5, 0, 3, 0, 1, 0, 2, 0, 0, 0, 0, 0, 1, 0, 0, 2, 0, 0, 0, 0, 0, 0, 0, 0, 0, 0, 0, 1, 1, 2, 2, 0, 0, 2, 0, 0, 1, 1, 0, 2, 2, 0, 1, 0, 0, 0, 0, 0, 0, 0, 2, 0, 0, 0, 0, 0, 0, 0, 2, 2, 2, 3, 2, 0, 1, 1, 4, 2, 5, 1, 6, 2, 4, 2, 2, 304, 0, 0, 0, 0, 0, 0]",-1,-0.0023917444747099184,-1,0
1523,"[1, 5, 0, 2, 0, 5, 0, 3, 0, 1, 0, 2, 0, 0, 0, 0, 0, 1, 0, 0, 2, 0, 0, 0, 0, 0, 0, 0, 0, 0, 0, 0, 1, 1, 2, 2, 0, 0, 2, 0, 0, 1, 1, 0, 2, 2, 0, 1, 0, 0, 0, 0, 0, 0, 0, 2, 0, 0, 0, 0, 0, 0, 0, 2, 2, 2, 3, 2, 0, 1, 1, 4, 2, 5, 1, 6, 2, 4, 2, 2, 304, 0, 0, 0, 0, 0, 0]",0,0.29804828794363836,-1,0
1524,"[1, 5, 0, 2, 0, 5, 0, 3, 0, 1, 0, 2, 0, 0, 0, 0, 0, 1, 0, 0, 2, 0, 0, 0, 0, 0, 0, 0, 0, 0, 0, 0, 1, 1, 2, 2, 0, 0, 2, 0, 0, 1, 1, 0, 2, 2, 0, 1, 0, 0, 0, 0, 0, 0, 0, 2, 0, 0, 0, 0, 0, 0, 0, 2, 2, 2, 3, 2, 0, 1, 1, 4, 2, 5, 1, 6, 2, 4, 2, 2, 304, 0, 0, 0, 0, 0, 0]",-1,-0.0023917444747099184,-1,0
1525,"[1, 5, 0, 2, 0, 5, 0, 3, 0, 1, 0, 2, 0, 0, 0, 0, 0, 1, 0, 0, 2, 0, 0, 0, 0, 0, 0, 0, 0, 0, 0, 0, 1, 1, 2, 2, 0, 0, 2, 0, 0, 1, 1, 0, 2, 2, 0, 1, 0, 0, 0, 0, 0, 0, 0, 2, 0, 0, 0, 0, 0, 0, 0, 2, 2, 2, 3, 2, 0, 1, 1, 4, 2, 5, 1, 6, 2, 4, 2, 2, 304, 0, 0, 0, 0, 0, 0]",0,0.29804828794363836,-1,0
1526,"[1, 5, 0, 2, 0, 5, 0, 3, 0, 1, 0, 2, 0, 0, 0, 0, 0, 1, 0, 0, 2, 0, 0, 0, 0, 0, 0, 0, 0, 0, 0, 0, 1, 1, 2, 2, 0, 0, 2, 0, 0, 1, 1, 0, 2, 2, 0, 1, 0, 0, 0, 0, 0, 0, 0, 2, 0, 0, 0, 0, 0, 0, 0, 2, 2, 2, 3, 2, 0, 1, 1, 4, 2, 5, 1, 6, 2, 4, 2, 2, 304, 0, 0, 0, 0, 0, 0]",-1,-0.0023917444747099184,-1,0
1527,"[1, 5, 0, 2, 0, 5, 0, 3, 0, 1, 0, 2, 0, 0, 0, 0, 0, 1, 0, 0, 2, 0, 0, 0, 0, 0, 0, 0, 0, 0, 0, 0, 1, 1, 2, 2, 0, 0, 2, 0, 0, 1, 1, 0, 2, 2, 0, 1, 0, 0, 0, 0, 0, 0, 0, 2, 0, 0, 0, 0, 0, 0, 0, 2, 2, 2, 3, 2, 0, 1, 1, 4, 2, 5, 1, 6, 2, 4, 2, 2, 304, 0, 0, 0, 0, 0, 0]",0,0.29804828794363836,-1,0
1528,"[1, 5, 0, 2, 0, 5, 0, 3, 0, 1, 0, 2, 0, 0, 0, 0, 0, 1, 0, 0, 2, 0, 0, 0, 0, 0, 0, 0, 0, 0, 0, 0, 1, 1, 2, 2, 0, 0, 2, 0, 0, 1, 1, 0, 2, 2, 0, 1, 0, 0, 0, 0, 0, 0, 0, 2, 0, 0, 0, 0, 0, 0, 0, 2, 2, 2, 3, 2, 0, 1, 1, 4, 2, 5, 1, 6, 2, 4, 2, 2, 304, 0, 0, 0, 0, 0, 0]",-1,-0.0023917444747099184,-1,0
1529,"[1, 5, 0, 2, 0, 5, 0, 3, 0, 1, 0, 2, 0, 0, 0, 0, 0, 1, 0, 0, 2, 0, 0, 0, 0, 0, 0, 0, 0, 0, 0, 0, 1, 1, 2, 2, 0, 0, 2, 0, 0, 1, 1, 0, 2, 2, 0, 1, 0, 0, 0, 0, 0, 0, 0, 2, 0, 0, 0, 0, 0, 0, 0, 2, 2, 2, 3, 2, 0, 1, 1, 4, 2, 5, 1, 6, 2, 4, 2, 2, 304, 0, 0, 0, 0, 0, 0]",0,0.29804828794363836,-1,0
1530,"[1, 5, 0, 2, 0, 5, 0, 3, 0, 1, 0, 2, 0, 0, 0, 0, 0, 1, 0, 0, 2, 0, 0, 0, 0, 0, 0, 0, 0, 0, 0, 0, 1, 1, 2, 2, 0, 0, 2, 0, 0, 1, 1, 0, 2, 2, 0, 1, 0, 0, 0, 0, 0, 0, 0, 2, 0, 0, 0, 0, 0, 0, 0, 2, 2, 2, 3, 2, 0, 1, 1, 4, 2, 5, 1, 6, 2, 4, 2, 2, 304, 0, 0, 0, 0, 0, 0]",-1,-0.0023917444747099184,-1,0
1531,"[1, 5, 0, 2, 0, 5, 0, 3, 0, 1, 0, 2, 0, 0, 0, 0, 0, 1, 0, 0, 2, 0, 0, 0, 0, 0, 0, 0, 0, 0, 0, 0, 1, 1, 2, 2, 0, 0, 2, 0, 0, 1, 1, 0, 2, 2, 0, 1, 0, 0, 0, 0, 0, 0, 0, 2, 0, 0, 0, 0, 0, 0, 0, 2, 2, 2, 3, 2, 0, 1, 1, 4, 2, 5, 1, 6, 2, 4, 2, 2, 304, 0, 0, 0, 0, 0, 0]",0,0.29804828794363836,-1,0
1532,"[1, 5, 0, 2, 0, 5, 0, 3, 0, 1, 0, 2, 0, 0, 0, 0, 0, 1, 0, 0, 2, 0, 0, 0, 0, 0, 0, 0, 0, 0, 0, 0, 1, 1, 2, 2, 0, 0, 2, 0, 0, 1, 1, 0, 2, 2, 0, 1, 0, 0, 0, 0, 0, 0, 0, 2, 0, 0, 0, 0, 0, 0, 0, 2, 2, 2, 3, 2, 0, 1, 1, 4, 2, 5, 1, 6, 2, 4, 2, 2, 304, 0, 0, 0, 0, 0, 0]",-1,-0.0023917444747099184,-1,0
1533,"[1, 5, 0, 2, 0, 5, 0, 3, 0, 1, 0, 2, 0, 0, 0, 0, 0, 1, 0, 0, 2, 0, 0, 0, 0, 0, 0, 0, 0, 0, 0, 0, 1, 1, 2, 2, 0, 0, 2, 0, 0, 1, 1, 0, 2, 2, 0, 1, 0, 0, 0, 0, 0, 0, 0, 2, 0, 0, 0, 0, 0, 0, 0, 2, 2, 2, 3, 2, 0, 1, 1, 4, 2, 5, 1, 6, 2, 4, 2, 2, 304, 0, 0, 0, 0, 0, 0]",1,0.6126976562126718,-1,0
1534,"[1, 5, 0, 2, 0, 5, 0, 3, 0, 1, 0, 2, 0, 0, 0, 0, 0, 1, 0, 0, 2, 0, 0, 0, 0, 0, 0, 0, 0, 0, 0, 0, 1, 1, 2, 2, 0, 0, 2, 0, 0, 1, 1, 0, 2, 2, 0, 1, 0, 0, 0, 0, 0, 0, 0, 2, 0, 0, 0, 0, 0, 0, 0, 2, 2, 2, 3, 2, 0, 1, 1, 4, 2, 5, 1, 6, 2, 4, 2, 2, 304, 0, 0, 0, 0, 0, 0]",-1,-0.0023917444747099184,-1,0
1535,"[1, 2, 0, 1, 0, 2, 0, 1, 0, 1, 0, 2, 0, 0, 0, 0, 0, 1, 0, 0, 2, 0, 0, 0, 0, 0, 0, 0, 0, 0, 0, 0, 1, 1, 2, 2, 0, 0, 2, 0, 0, 1, 1, 0, 2, 2, 0, 1, 0, 0, 0, 0, 0, 0, 0, 2, 0, 0, 0, 0, 0, 0, 0, 2, 2, 2, 3, 2, 0, 1, 1, 4, 2, 5, 1, 6, 2, 4, 2, 6, 305, 0, 0, 0, 0, 0, 0]",4,12.981506858661916,-1,0
1536,"[1, 2, 0, 1, 0, 2, 0, 1, 0, 1, 0, 2, 0, 0, 0, 0, 0, 1, 0, 0, 2, 0, 0, 0, 0, 0, 0, 0, 0, 0, 0, 0, 1, 1, 2, 2, 0, 0, 2, 0, 0, 1, 1, 0, 2, 2, 0, 1, 0, 0, 0, 0, 0, 0, 0, 2, 0, 0, 0, 0, 0, 0, 0, 2, 2, 2, 3, 2, 0, 1, 1, 4, 2, 5, 1, 6, 2, 4, 2, 6, 305, 0, 1, 0, 0, 0, 0]",2,0.40295480633865455,-1,1
1537,"[1, 2, 0, 1, 0, 2, 0, 1, 0, 1, 0, 2, 0, 0, 0, 0, 0, 1, 0, 0, 2, 0, 0, 0, 0, 0, 0, 0, 0, 0, 0, 0, 1, 1, 2, 2, 0, 0, 2, 0, 0, 1, 1, 0, 2, 2, 0, 1, 0, 0, 0, 0, 0, 0, 0, 2, 0, 0, 0, 0, 0, 0, 0, 2, 2, 2, 3, 2, 0, 1, 1, 4, 2, 5, 1, 6, 2, 4, 2, 6, 305, 0, 1, 0, 0, 1, 0]","[[0 1 0 0]
 [1 0 0 0]]",0.6533796713967455,-1,1
1538,"[1, 2, 0, 1, 0, 2, 0, 1, 0, 1, 0, 2, 0, 0, 0, 0, 0, 1, 0, 0, 2, 0, 0, 0, 0, 0, 0, 0, 0, 0, 0, 0, 1, 1, 2, 2, 0, 0, 2, 0, 0, 1, 1, 0, 2, 2, 0, 1, 0, 0, 0, 0, 0, 0, 0, 2, 0, 0, 0, 0, 0, 0, 0, 2, 2, 2, 3, 2, 0, 1, 1, 4, 2, 5, 1, 6, 2, 4, 2, 6, 305, 0, 0, 0, 0, 0, 0]",1,-0.1970451936613454,-1,0
1539,"[1, 3, 0, 1, 0, 3, 0, 1, 0, 1, 0, 2, 0, 0, 0, 0, 0, 1, 0, 0, 2, 0, 0, 0, 0, 0, 0, 0, 0, 0, 0, 0, 1, 1, 2, 2, 0, 0, 2, 0, 0, 1, 1, 0, 2, 2, 0, 1, 0, 0, 0, 0, 0, 0, 0, 2, 0, 0, 0, 0, 0, 0, 0, 2, 2, 2, 3, 2, 0, 1, 1, 4, 2, 5, 1, 6, 2, 4, 2, 6, 306, 0, 0, 0, 0, 0, 0]",4,13.901051041986692,-1,1
1540,"[1, 3, 0, 1, 0, 3, 0, 1, 0, 1, 0, 2, 0, 0, 0, 0, 0, 1, 0, 0, 2, 0, 0, 0, 0, 0, 0, 0, 0, 0, 0, 0, 1, 1, 2, 2, 0, 0, 2, 0, 0, 1, 1, 0, 2, 2, 0, 1, 0, 0, 0, 0, 0, 0, 0, 2, 0, 0, 0, 0, 0, 0, 0, 2, 2, 2, 3, 2, 0, 1, 1, 4, 2, 5, 1, 6, 2, 4, 2, 6, 306, 0, 0, 0, 0, 0, 0]",1,0.6124647073741549,-1,0
1541,"[1, 3, 0, 1, 0, 3, 0, 1, 0, 1, 0, 2, 0, 0, 0, 0, 0, 1, 0, 0, 2, 0, 0, 0, 0, 0, 0, 0, 0, 0, 0, 0, 1, 1, 2, 2, 0, 0, 2, 0, 0, 1, 1, 0, 2, 2, 0, 1, 0, 0, 0, 0, 0, 0, 0, 2, 0, 0, 0, 0, 0, 0, 0, 2, 2, 2, 3, 2, 0, 1, 1, 4, 2, 5, 1, 6, 2, 4, 2, 6, 306, 0, 0, 0, 0, 0, 0]",-1,-0.0023443847609994246,-1,0
1542,"[1, 3, 0, 1, 1, 3, 0, 1, 0, 1, 0, 2, 0, 0, 0, 0, 0, 1, 0, 0, 2, 0, 0, 0, 0, 0, 0, 0, 0, 0, 0, 0, 1, 1, 2, 2, 0, 0, 2, 0, 0, 1, 1, 0, 2, 2, 0, 1, 0, 0, 0, 0, 0, 0, 0, 2, 0, 0, 0, 0, 0, 0, 0, 2, 2, 2, 3, 2, 0, 1, 1, 4, 2, 5, 1, 6, 2, 4, 2, 6, 307, 0, 0, 0, 0, 0, 0]",4,14.1203749676569,-1,1
1543,"[1, 3, 0, 1, 1, 3, 0, 1, 0, 1, 0, 2, 0, 0, 0, 0, 0, 1, 0, 0, 2, 0, 0, 0, 0, 0, 0, 0, 0, 0, 0, 0, 1, 1, 2, 2, 0, 0, 2, 0, 0, 1, 1, 0, 2, 2, 0, 1, 0, 0, 0, 0, 0, 0, 0, 2, 0, 0, 0, 0, 0, 0, 0, 2, 2, 2, 3, 2, 0, 1, 1, 4, 2, 5, 1, 6, 2, 4, 2, 6, 307, 0, 1, 0, 0, 0, 0]",2,0.40273073181947017,-1,0
1544,"[1, 3, 0, 1, 1, 3, 0, 1, 0, 1, 0, 2, 0, 0, 0, 0, 0, 1, 0, 0, 2, 0, 0, 0, 0, 0, 0, 0, 0, 0, 0, 0, 1, 1, 2, 2, 0, 0, 2, 0, 0, 1, 1, 0, 2, 2, 0, 1, 0, 0, 0, 0, 0, 0, 0, 2, 0, 0, 0, 0, 0, 0, 0, 2, 2, 2, 3, 2, 0, 1, 1, 4, 2, 5, 1, 6, 2, 4, 2, 6, 307, 0, 0, 0, 0, 0, 0]",-1,-0.0023210577428715625,-1,0
1545,"[1, 3, 0, 1, 1, 3, 0, 1, 0, 1, 0, 2, 0, 0, 0, 0, 0, 1, 0, 0, 2, 0, 0, 0, 0, 0, 0, 0, 0, 0, 0, 0, 1, 1, 2, 2, 0, 0, 2, 0, 0, 1, 1, 0, 2, 2, 0, 1, 0, 0, 0, 0, 0, 0, 0, 2, 0, 0, 0, 0, 0, 0, 0, 2, 2, 2, 3, 2, 0, 1, 1, 4, 2, 5, 1, 6, 2, 4, 2, 6, 307, 1, 0, 0, 0, 0, 0]",3,0.2027307318194702,-1,0
1546,"[1, 3, 0, 1, 1, 3, 0, 1, 0, 1, 0, 2, 0, 0, 0, 0, 0, 1, 0, 0, 2, 0, 0, 0, 0, 0, 0, 0, 0, 0, 0, 0, 1, 1, 2, 2, 0, 0, 2, 0, 0, 1, 1, 0, 2, 2, 0, 1, 0, 0, 0, 0, 0, 0, 0, 2, 0, 0, 0, 0, 0, 0, 0, 2, 2, 2, 3, 2, 0, 1, 1, 4, 2, 5, 1, 6, 2, 4, 2, 6, 307, 0, 0, 0, 0, 0, 0]",-1,-0.0023210577428715625,-1,0
1547,"[1, 3, 0, 1, 1, 3, 0, 1, 0, 1, 0, 2, 0, 0, 0, 0, 0, 1, 0, 0, 2, 0, 0, 0, 0, 0, 0, 0, 0, 0, 0, 0, 1, 1, 2, 2, 0, 0, 2, 0, 0, 1, 1, 0, 2, 2, 0, 1, 0, 0, 0, 0, 0, 0, 0, 2, 0, 0, 0, 0, 0, 0, 0, 2, 2, 2, 3, 2, 0, 1, 1, 4, 2, 5, 1, 6, 2, 4, 2, 6, 307, 1, 0, 0, 0, 0, 0]",3,0.2027307318194702,-1,0
1548,"[1, 3, 0, 1, 1, 3, 0, 1, 0, 1, 0, 2, 0, 0, 0, 0, 0, 1, 0, 0, 2, 0, 0, 0, 0, 0, 0, 0, 0, 0, 0, 0, 1, 1, 2, 2, 0, 0, 2, 0, 0, 1, 1, 0, 2, 2, 0, 1, 0, 0, 0, 0, 0, 0, 0, 2, 0, 0, 0, 0, 0, 0, 0, 2, 2, 2, 3, 2, 0, 1, 1, 4, 2, 5, 1, 6, 2, 4, 2, 6, 307, 0, 0, 0, 0, 0, 0]",-1,-0.0023210577428715625,-1,0
1549,"[1, 3, 0, 1, 1, 3, 0, 1, 0, 1, 0, 2, 0, 0, 0, 0, 0, 1, 0, 0, 2, 0, 0, 0, 0, 0, 0, 0, 0, 0, 0, 0, 1, 1, 2, 2, 0, 0, 2, 0, 0, 1, 1, 0, 2, 2, 0, 1, 0, 0, 0, 0, 0, 0, 0, 2, 0, 0, 0, 0, 0, 0, 0, 2, 2, 2, 3, 2, 0, 1, 1, 4, 2, 5, 1, 6, 2, 4, 2, 6, 307, 0, 0, 0, 0, 0, 0]",1,0.6123548469190869,-1,0
1550,"[1, 3, 0, 1, 1, 3, 0, 1, 0, 1, 0, 2, 0, 0, 0, 0, 0, 1, 0, 0, 2, 0, 0, 0, 0, 0, 0, 0, 0, 0, 0, 0, 1, 1, 2, 2, 0, 0, 2, 0, 0, 1, 1, 0, 2, 2, 0, 1, 0, 0, 0, 0, 0, 0, 0, 2, 0, 0, 0, 0, 0, 0, 0, 2, 2, 2, 3, 2, 0, 1, 1, 4, 2, 5, 1, 6, 2, 4, 2, 6, 307, 0, 0, 0, 0, 0, 0]",-1,-0.0023210577428715625,-1,0
1551,"[1, 3, 0, 1, 1, 3, 0, 1, 0, 1, 0, 2, 0, 0, 0, 0, 0, 1, 0, 0, 2, 0, 0, 0, 0, 0, 0, 0, 0, 0, 0, 0, 1, 1, 2, 2, 0, 0, 2, 0, 0, 1, 1, 0, 2, 2, 0, 1, 0, 0, 0, 0, 0, 0, 0, 2, 0, 0, 0, 0, 0, 0, 0, 2, 2, 2, 3, 2, 0, 1, 1, 4, 2, 5, 1, 6, 2, 4, 2, 6, 307, 0, 1, 0, 0, 0, 0]",2,0.40273073181947017,-1,0
1552,"[1, 3, 0, 1, 1, 3, 0, 1, 0, 1, 0, 2, 0, 0, 0, 0, 0, 1, 0, 0, 2, 0, 0, 0, 0, 0, 0, 0, 0, 0, 0, 0, 1, 1, 2, 2, 0, 0, 2, 0, 0, 1, 1, 0, 2, 2, 0, 1, 0, 0, 0, 0, 0, 0, 0, 2, 0, 0, 0, 0, 0, 0, 0, 2, 2, 2, 3, 2, 0, 1, 1, 4, 2, 5, 1, 6, 2, 4, 2, 6, 307, 0, 0, 0, 0, 0, 0]",-1,-0.0023210577428715625,-1,0
1553,"[1, 3, 0, 1, 1, 3, 0, 1, 0, 1, 0, 2, 0, 0, 0, 0, 0, 1, 0, 0, 2, 0, 0, 0, 0, 0, 0, 0, 0, 0, 0, 0, 1, 1, 2, 2, 0, 0, 2, 0, 0, 1, 1, 0, 2, 2, 0, 1, 0, 0, 0, 0, 0, 0, 0, 2, 0, 0, 0, 0, 0, 0, 0, 2, 2, 2, 3, 2, 0, 1, 1, 4, 2, 5, 1, 6, 2, 4, 2, 6, 307, 1, 0, 0, 0, 0, 0]",3,0.2027307318194702,-1,0
1554,"[1, 3, 0, 1, 1, 3, 0, 1, 0, 1, 0, 2, 0, 0, 0, 0, 0, 1, 0, 0, 2, 0, 0, 0, 0, 0, 0, 0, 0, 0, 0, 0, 1, 1, 2, 2, 0, 0, 2, 0, 0, 1, 1, 0, 2, 2, 0, 1, 0, 0, 0, 0, 0, 0, 0, 2, 0, 0, 0, 0, 0, 0, 0, 2, 2, 2, 3, 2, 0, 1, 1, 4, 2, 5, 1, 6, 2, 4, 2, 6, 307, 0, 0, 0, 0, 0, 0]",-1,-0.0023210577428715625,-1,0
1555,"[1, 3, 0, 1, 1, 3, 0, 1, 0, 1, 0, 2, 0, 0, 0, 0, 0, 1, 0, 0, 2, 0, 0, 0, 0, 0, 0, 0, 0, 0, 0, 0, 1, 1, 2, 2, 0, 0, 2, 0, 0, 1, 1, 0, 2, 2, 0, 1, 0, 0, 0, 0, 0, 0, 0, 2, 0, 0, 0, 0, 0, 0, 0, 2, 2, 2, 3, 2, 0, 1, 1, 4, 2, 5, 1, 6, 2, 4, 2, 6, 307, 0, 0, 0, 0, 0, 0]",1,0.6123548469190869,-1,0
1556,"[1, 3, 0, 1, 1, 3, 0, 1, 0, 1, 0, 2, 0, 0, 0, 0, 0, 1, 0, 0, 2, 0, 0, 0, 0, 0, 0, 0, 0, 0, 0, 0, 1, 1, 2, 2, 0, 0, 2, 0, 0, 1, 1, 0, 2, 2, 0, 1, 0, 0, 0, 0, 0, 0, 0, 2, 0, 0, 0, 0, 0, 0, 0, 2, 2, 2, 3, 2, 0, 1, 1, 4, 2, 5, 1, 6, 2, 4, 2, 6, 307, 0, 0, 0, 0, 0, 0]",-1,-0.0023210577428715625,-1,0
1557,"[1, 3, 0, 1, 1, 3, 0, 1, 0, 1, 0, 2, 0, 0, 0, 0, 0, 1, 0, 0, 2, 0, 0, 0, 0, 0, 0, 0, 0, 0, 0, 0, 1, 1, 2, 2, 0, 0, 2, 0, 0, 1, 1, 0, 2, 2, 0, 1, 0, 0, 0, 0, 0, 0, 0, 2, 0, 0, 0, 0, 0, 0, 0, 2, 2, 2, 3, 2, 0, 1, 1, 4, 2, 5, 1, 6, 2, 4, 2, 6, 307, 1, 0, 0, 0, 0, 0]",3,0.2027307318194702,-1,0
1558,"[1, 3, 0, 1, 1, 3, 0, 1, 0, 1, 0, 2, 0, 0, 0, 0, 0, 1, 0, 0, 2, 0, 0, 0, 0, 0, 0, 0, 0, 0, 0, 0, 1, 1, 2, 2, 0, 0, 2, 0, 0, 1, 1, 0, 2, 2, 0, 1, 0, 0, 0, 0, 0, 0, 0, 2, 0, 0, 0, 0, 0, 0, 0, 2, 2, 2, 3, 2, 0, 1, 1, 4, 2, 5, 1, 6, 2, 4, 2, 6, 307, 0, 0, 0, 0, 0, 0]",-1,-0.0023210577428715625,-1,0
1559,"[1, 3, 0, 1, 1, 3, 0, 1, 0, 1, 0, 2, 0, 0, 0, 0, 0, 1, 0, 0, 2, 0, 0, 0, 0, 0, 0, 0, 0, 0, 0, 0, 1, 1, 2, 2, 0, 0, 2, 0, 0, 1, 1, 0, 2, 2, 0, 1, 0, 0, 0, 0, 0, 0, 0, 2, 0, 0, 0, 0, 0, 0, 0, 2, 2, 2, 3, 2, 0, 1, 1, 4, 2, 5, 1, 6, 2, 4, 2, 6, 307, 0, 1, 0, 0, 0, 0]",2,0.40273073181947017,-1,0
1560,"[1, 3, 0, 1, 1, 3, 0, 1, 0, 1, 0, 2, 0, 0, 0, 0, 0, 1, 0, 0, 2, 0, 0, 0, 0, 0, 0, 0, 0, 0, 0, 0, 1, 1, 2, 2, 0, 0, 2, 0, 0, 1, 1, 0, 2, 2, 0, 1, 0, 0, 0, 0, 0, 0, 0, 2, 0, 0, 0, 0, 0, 0, 0, 2, 2, 2, 3, 2, 0, 1, 1, 4, 2, 5, 1, 6, 2, 4, 2, 6, 307, 0, 0, 0, 0, 0, 0]",-1,-0.0023210577428715625,-1,0
1561,"[1, 3, 0, 1, 1, 3, 0, 1, 0, 1, 0, 2, 0, 0, 0, 0, 0, 1, 0, 0, 2, 0, 0, 0, 0, 0, 0, 0, 0, 0, 0, 0, 1, 1, 2, 2, 0, 0, 2, 0, 0, 1, 1, 0, 2, 2, 0, 1, 0, 0, 0, 0, 0, 0, 0, 2, 0, 0, 0, 0, 0, 0, 0, 2, 2, 2, 3, 2, 0, 1, 1, 4, 2, 5, 1, 6, 2, 4, 2, 6, 307, 1, 0, 0, 0, 0, 0]",3,0.2027307318194702,-1,0
1562,"[1, 3, 0, 1, 1, 3, 0, 1, 0, 1, 0, 2, 0, 0, 0, 0, 0, 1, 0, 0, 2, 0, 0, 0, 0, 0, 0, 0, 0, 0, 0, 0, 1, 1, 2, 2, 0, 0, 2, 0, 0, 1, 1, 0, 2, 2, 0, 1, 0, 0, 0, 0, 0, 0, 0, 2, 0, 0, 0, 0, 0, 0, 0, 2, 2, 2, 3, 2, 0, 1, 1, 4, 2, 5, 1, 6, 2, 4, 2, 6, 307, 0, 0, 0, 0, 0, 0]",-1,-0.0023210577428715625,-1,0
1563,"[1, 3, 0, 1, 1, 3, 0, 1, 0, 1, 0, 2, 0, 0, 0, 0, 0, 1, 0, 0, 2, 0, 0, 0, 0, 0, 0, 0, 0, 0, 0, 0, 1, 1, 2, 2, 0, 0, 2, 0, 0, 1, 1, 0, 2, 2, 0, 1, 0, 0, 0, 0, 0, 0, 0, 2, 0, 0, 0, 0, 0, 0, 0, 2, 2, 2, 3, 2, 0, 1, 1, 4, 2, 5, 1, 6, 2, 4, 2, 6, 307, 1, 0, 0, 0, 0, 0]",3,0.2027307318194702,-1,0
1564,"[1, 3, 0, 1, 1, 3, 0, 1, 0, 1, 0, 2, 0, 0, 0, 0, 0, 1, 0, 0, 2, 0, 0, 0, 0, 0, 0, 0, 0, 0, 0, 0, 1, 1, 2, 2, 0, 0, 2, 0, 0, 1, 1, 0, 2, 2, 0, 1, 0, 0, 0, 0, 0, 0, 0, 2, 0, 0, 0, 0, 0, 0, 0, 2, 2, 2, 3, 2, 0, 1, 1, 4, 2, 5, 1, 6, 2, 4, 2, 6, 307, 0, 0, 0, 0, 0, 0]",-1,-0.0023210577428715625,-1,0
1565,"[1, 3, 0, 1, 1, 3, 0, 1, 0, 1, 0, 2, 0, 0, 0, 0, 0, 1, 0, 0, 2, 0, 0, 0, 0, 0, 0, 0, 0, 0, 0, 0, 1, 1, 2, 2, 0, 0, 2, 0, 0, 1, 1, 0, 2, 2, 0, 1, 0, 0, 0, 0, 0, 0, 0, 2, 0, 0, 0, 0, 0, 0, 0, 2, 2, 2, 3, 2, 0, 1, 1, 4, 2, 5, 1, 6, 2, 4, 2, 6, 307, 1, 0, 0, 0, 0, 0]",3,0.2027307318194702,-1,0
1566,"[1, 3, 0, 1, 1, 3, 0, 1, 0, 1, 0, 2, 0, 0, 0, 0, 0, 1, 0, 0, 2, 0, 0, 0, 0, 0, 0, 0, 0, 0, 0, 0, 1, 1, 2, 2, 0, 0, 2, 0, 0, 1, 1, 0, 2, 2, 0, 1, 0, 0, 0, 0, 0, 0, 0, 2, 0, 0, 0, 0, 0, 0, 0, 2, 2, 2, 3, 2, 0, 1, 1, 4, 2, 5, 1, 6, 2, 4, 2, 6, 307, 0, 0, 0, 0, 0, 0]",-1,-0.0023210577428715625,-1,0
1567,"[1, 3, 0, 1, 1, 3, 0, 1, 0, 1, 0, 2, 0, 0, 0, 0, 0, 1, 0, 0, 2, 0, 0, 0, 0, 0, 0, 0, 0, 0, 0, 0, 1, 1, 2, 2, 0, 0, 2, 0, 0, 1, 1, 0, 2, 2, 0, 1, 0, 0, 0, 0, 0, 0, 0, 2, 0, 0, 0, 0, 0, 0, 0, 2, 2, 2, 3, 2, 0, 1, 1, 4, 2, 5, 1, 6, 2, 4, 2, 6, 307, 0, 1, 0, 0, 0, 0]",2,0.40273073181947017,-1,0
1568,"[1, 3, 0, 1, 1, 3, 0, 1, 0, 1, 0, 2, 0, 0, 0, 0, 0, 1, 0, 0, 2, 0, 0, 0, 0, 0, 0, 0, 0, 0, 0, 0, 1, 1, 2, 2, 0, 0, 2, 0, 0, 1, 1, 0, 2, 2, 0, 1, 0, 0, 0, 0, 0, 0, 0, 2, 0, 0, 0, 0, 0, 0, 0, 2, 2, 2, 3, 2, 0, 1, 1, 4, 2, 5, 1, 6, 2, 4, 2, 6, 307, 0, 0, 0, 0, 0, 0]",-1,-0.0023210577428715625,-1,0
1569,"[1, 3, 0, 1, 1, 3, 0, 1, 0, 1, 0, 2, 0, 0, 0, 0, 0, 1, 0, 0, 2, 0, 0, 0, 0, 0, 0, 0, 0, 0, 0, 0, 1, 1, 2, 2, 0, 0, 2, 0, 0, 1, 1, 0, 2, 2, 0, 1, 0, 0, 0, 0, 0, 0, 0, 2, 0, 0, 0, 0, 0, 0, 0, 2, 2, 2, 3, 2, 0, 1, 1, 4, 2, 5, 1, 6, 2, 4, 2, 6, 307, 0, 0, 0, 0, 0, 0]",1,0.6123548469190869,-1,0
1570,"[1, 3, 0, 1, 1, 3, 0, 1, 0, 1, 0, 2, 0, 0, 0, 0, 0, 1, 0, 0, 2, 0, 0, 0, 0, 0, 0, 0, 0, 0, 0, 0, 1, 1, 2, 2, 0, 0, 2, 0, 0, 1, 1, 0, 2, 2, 0, 1, 0, 0, 0, 0, 0, 0, 0, 2, 0, 0, 0, 0, 0, 0, 0, 2, 2, 2, 3, 2, 0, 1, 1, 4, 2, 5, 1, 6, 2, 4, 2, 6, 307, 0, 0, 0, 0, 0, 0]",-1,-0.0023210577428715625,-1,0
1571,"[1, 3, 0, 1, 1, 3, 0, 1, 0, 1, 0, 2, 0, 0, 0, 0, 0, 1, 0, 0, 2, 0, 0, 0, 0, 0, 0, 0, 0, 0, 0, 0, 1, 1, 2, 2, 0, 0, 2, 0, 0, 1, 1, 0, 2, 2, 0, 1, 0, 0, 0, 0, 0, 0, 0, 2, 0, 0, 0, 0, 0, 0, 0, 2, 2, 2, 3, 2, 0, 1, 1, 4, 2, 5, 1, 6, 2, 4, 2, 6, 307, 0, 0, 0, 0, 0, 0]",1,0.6123548469190869,-1,0
1572,"[1, 3, 0, 1, 1, 3, 0, 1, 0, 1, 0, 2, 0, 0, 0, 0, 0, 1, 0, 0, 2, 0, 0, 0, 0, 0, 0, 0, 0, 0, 0, 0, 1, 1, 2, 2, 0, 0, 2, 0, 0, 1, 1, 0, 2, 2, 0, 1, 0, 0, 0, 0, 0, 0, 0, 2, 0, 0, 0, 0, 0, 0, 0, 2, 2, 2, 3, 2, 0, 1, 1, 4, 2, 5, 1, 6, 2, 4, 2, 6, 307, 0, 0, 0, 0, 0, 0]",-1,-0.0023210577428715625,-1,0
1573,"[1, 3, 0, 1, 1, 3, 0, 1, 0, 1, 0, 2, 0, 0, 0, 0, 0, 1, 0, 0, 2, 0, 0, 0, 0, 0, 0, 0, 0, 0, 0, 0, 1, 1, 2, 2, 0, 0, 2, 0, 0, 1, 1, 0, 2, 2, 0, 1, 0, 0, 0, 0, 0, 0, 0, 2, 0, 0, 0, 0, 0, 0, 0, 2, 2, 2, 3, 2, 0, 1, 1, 4, 2, 5, 1, 6, 2, 4, 2, 6, 307, 0, 0, 0, 0, 0, 0]",1,0.6123548469190869,-1,0
1574,"[1, 3, 0, 1, 1, 3, 0, 1, 0, 1, 0, 2, 0, 0, 0, 0, 0, 1, 0, 0, 2, 0, 0, 0, 0, 0, 0, 0, 0, 0, 0, 0, 1, 1, 2, 2, 0, 0, 2, 0, 0, 1, 1, 0, 2, 2, 0, 1, 0, 0, 0, 0, 0, 0, 0, 2, 0, 0, 0, 0, 0, 0, 0, 2, 2, 2, 3, 2, 0, 1, 1, 4, 2, 5, 1, 6, 2, 4, 2, 6, 307, 0, 0, 0, 0, 0, 0]",-1,-0.0023210577428715625,-1,0
1575,"[1, 3, 0, 1, 1, 3, 0, 1, 0, 1, 0, 2, 0, 0, 0, 0, 0, 1, 0, 0, 2, 0, 0, 0, 0, 0, 0, 0, 0, 0, 0, 0, 1, 1, 2, 2, 0, 0, 2, 0, 0, 1, 1, 0, 2, 2, 0, 1, 0, 0, 0, 0, 0, 0, 0, 2, 0, 0, 0, 0, 0, 0, 0, 2, 2, 2, 3, 2, 0, 1, 1, 4, 2, 5, 1, 6, 2, 4, 2, 6, 307, 0, 1, 0, 0, 0, 0]",2,0.40273073181947017,-1,0
1576,"[1, 3, 0, 1, 1, 3, 0, 1, 0, 1, 0, 2, 0, 0, 0, 0, 0, 1, 0, 0, 2, 0, 0, 0, 0, 0, 0, 0, 0, 0, 0, 0, 1, 1, 2, 2, 0, 0, 2, 0, 0, 1, 1, 0, 2, 2, 0, 1, 0, 0, 0, 0, 0, 0, 0, 2, 0, 0, 0, 0, 0, 0, 0, 2, 2, 2, 3, 2, 0, 1, 1, 4, 2, 5, 1, 6, 2, 4, 2, 6, 307, 0, 0, 0, 0, 0, 0]",-1,-0.0023210577428715625,-1,0
1577,"[1, 3, 0, 1, 1, 3, 0, 1, 0, 1, 0, 2, 0, 0, 0, 0, 0, 1, 0, 0, 2, 0, 0, 0, 0, 0, 0, 0, 0, 0, 0, 0, 1, 1, 2, 2, 0, 0, 2, 0, 0, 1, 1, 0, 2, 2, 0, 1, 0, 0, 0, 0, 0, 0, 0, 2, 0, 0, 0, 0, 0, 0, 0, 2, 2, 2, 3, 2, 0, 1, 1, 4, 2, 5, 1, 6, 2, 4, 2, 6, 307, 1, 0, 0, 0, 0, 0]",3,0.2027307318194702,-1,0
1578,"[1, 3, 0, 1, 1, 3, 0, 1, 0, 1, 0, 2, 0, 0, 0, 0, 0, 1, 0, 0, 2, 0, 0, 0, 0, 0, 0, 0, 0, 0, 0, 0, 1, 1, 2, 2, 0, 0, 2, 0, 0, 1, 1, 0, 2, 2, 0, 1, 0, 0, 0, 0, 0, 0, 0, 2, 0, 0, 0, 0, 0, 0, 0, 2, 2, 2, 3, 2, 0, 1, 1, 4, 2, 5, 1, 6, 2, 4, 2, 6, 307, 0, 0, 0, 0, 0, 0]",-1,-0.0023210577428715625,-1,0
1579,"[1, 3, 0, 1, 1, 3, 0, 1, 0, 1, 0, 2, 0, 0, 0, 0, 0, 1, 0, 0, 2, 0, 0, 0, 0, 0, 0, 0, 0, 0, 0, 0, 1, 1, 2, 2, 0, 0, 2, 0, 0, 1, 1, 0, 2, 2, 0, 1, 0, 0, 0, 0, 0, 0, 0, 2, 0, 0, 0, 0, 0, 0, 0, 2, 2, 2, 3, 2, 0, 1, 1, 4, 2, 5, 1, 6, 2, 4, 2, 6, 307, 0, 0, 0, 0, 0, 0]",1,0.6123548469190869,-1,0
1580,"[1, 3, 0, 1, 1, 3, 0, 1, 0, 1, 0, 2, 0, 0, 0, 0, 0, 1, 0, 0, 2, 0, 0, 0, 0, 0, 0, 0, 0, 0, 0, 0, 1, 1, 2, 2, 0, 0, 2, 0, 0, 1, 1, 0, 2, 2, 0, 1, 0, 0, 0, 0, 0, 0, 0, 2, 0, 0, 0, 0, 0, 0, 0, 2, 2, 2, 3, 2, 0, 1, 1, 4, 2, 5, 1, 6, 2, 4, 2, 6, 307, 0, 0, 0, 0, 0, 0]",-1,-0.0023210577428715625,-1,0
1581,"[1, 4, 0, 1, 1, 4, 0, 1, 0, 1, 0, 2, 0, 0, 0, 0, 0, 1, 0, 0, 2, 0, 0, 0, 0, 0, 0, 0, 0, 0, 0, 0, 1, 1, 2, 2, 0, 0, 2, 0, 0, 1, 1, 0, 2, 2, 0, 1, 0, 0, 0, 0, 0, 0, 0, 2, 0, 0, 0, 0, 0, 0, 0, 2, 2, 2, 3, 2, 0, 1, 1, 4, 2, 5, 1, 6, 2, 4, 2, 6, 308, 0, 0, 0, 0, 0, 0]",4,12.553035405742452,-1,0
1582,"[1, 4, 0, 1, 1, 4, 0, 1, 0, 1, 0, 2, 0, 0, 0, 0, 0, 1, 0, 0, 2, 0, 0, 0, 0, 0, 0, 0, 0, 0, 0, 0, 1, 1, 2, 2, 0, 0, 2, 0, 0, 1, 1, 0, 2, 2, 0, 1, 0, 0, 0, 0, 0, 0, 0, 2, 0, 0, 0, 0, 0, 0, 0, 2, 2, 2, 3, 2, 0, 1, 1, 4, 2, 5, 1, 6, 2, 4, 2, 6, 309, 0, 0, 0, 0, 0, 0]",4,13.952887584390062,-1,1
1583,"[1, 4, 0, 1, 1, 4, 0, 1, 0, 1, 0, 2, 0, 0, 0, 0, 0, 1, 0, 0, 2, 0, 0, 0, 0, 0, 0, 0, 0, 0, 0, 0, 1, 1, 2, 2, 0, 0, 2, 0, 0, 1, 1, 0, 2, 2, 0, 1, 0, 0, 0, 0, 0, 0, 0, 2, 0, 0, 0, 0, 0, 0, 0, 2, 2, 2, 3, 2, 0, 1, 1, 4, 2, 5, 1, 6, 2, 4, 2, 6, 309, 0, 0, 0, 0, 0, 0]",1,0.6121475472354845,-1,0
1584,"[1, 4, 0, 1, 1, 4, 0, 1, 0, 1, 0, 2, 0, 0, 0, 0, 0, 1, 0, 0, 2, 0, 0, 0, 0, 0, 0, 0, 0, 0, 0, 0, 1, 1, 2, 2, 0, 0, 2, 0, 0, 1, 1, 0, 2, 2, 0, 1, 0, 0, 0, 0, 0, 0, 0, 2, 0, 0, 0, 0, 0, 0, 0, 2, 2, 2, 3, 2, 0, 1, 1, 4, 2, 5, 1, 6, 2, 4, 2, 6, 309, 0, 0, 0, 0, 0, 0]",-1,-0.0022750977202310786,-1,0
1585,"[1, 4, 0, 1, 1, 4, 0, 1, 0, 1, 0, 2, 0, 0, 0, 0, 0, 1, 0, 0, 2, 0, 0, 0, 0, 0, 0, 0, 0, 0, 0, 0, 1, 1, 2, 2, 0, 0, 2, 0, 0, 1, 1, 0, 2, 2, 0, 1, 0, 0, 0, 0, 0, 0, 0, 2, 0, 0, 0, 0, 0, 0, 0, 2, 2, 2, 3, 2, 0, 1, 1, 4, 2, 5, 1, 6, 2, 4, 2, 6, 309, 0, 0, 0, 0, 0, 0]",1,0.6121475472354845,-1,0
1586,"[1, 4, 0, 1, 1, 4, 0, 1, 0, 1, 0, 2, 0, 0, 0, 0, 0, 1, 0, 0, 2, 0, 0, 0, 0, 0, 0, 0, 0, 0, 0, 0, 1, 1, 2, 2, 0, 0, 2, 0, 0, 1, 1, 0, 2, 2, 0, 1, 0, 0, 0, 0, 0, 0, 0, 2, 0, 0, 0, 0, 0, 0, 0, 2, 2, 2, 3, 2, 0, 1, 1, 4, 2, 5, 1, 6, 2, 4, 2, 6, 309, 0, 0, 0, 0, 0, 0]",-1,-0.0022750977202310786,-1,0
1587,"[1, 4, 0, 1, 1, 4, 0, 1, 0, 1, 0, 2, 0, 0, 0, 0, 0, 1, 0, 0, 2, 0, 0, 0, 0, 0, 0, 0, 0, 0, 0, 0, 1, 1, 2, 2, 0, 0, 2, 0, 0, 1, 1, 0, 2, 2, 0, 1, 0, 0, 0, 0, 0, 0, 0, 2, 0, 0, 0, 0, 0, 0, 0, 2, 2, 2, 3, 2, 0, 1, 1, 4, 2, 5, 1, 6, 2, 4, 2, 6, 309, 0, 1, 0, 0, 0, 0]",2,0.4025234321358677,-1,0
1588,"[1, 4, 0, 1, 1, 4, 0, 1, 0, 1, 0, 2, 0, 0, 0, 0, 0, 1, 0, 0, 2, 0, 0, 0, 0, 0, 0, 0, 0, 0, 0, 0, 1, 1, 2, 2, 0, 0, 2, 0, 0, 1, 1, 0, 2, 2, 0, 1, 0, 0, 0, 0, 0, 0, 0, 2, 0, 0, 0, 0, 0, 0, 0, 2, 2, 2, 3, 2, 0, 1, 1, 4, 2, 5, 1, 6, 2, 4, 2, 6, 309, 0, 0, 0, 0, 0, 0]",-1,-0.0022750977202310786,-1,0
1589,"[1, 4, 0, 1, 1, 4, 0, 1, 0, 1, 0, 2, 0, 0, 0, 0, 0, 1, 0, 0, 2, 0, 0, 0, 0, 0, 0, 0, 0, 0, 0, 0, 1, 1, 2, 2, 0, 0, 2, 0, 0, 1, 1, 0, 2, 2, 0, 1, 0, 0, 0, 0, 0, 0, 0, 2, 0, 0, 0, 0, 0, 0, 0, 2, 2, 2, 3, 2, 0, 1, 1, 4, 2, 5, 1, 6, 2, 4, 2, 6, 309, 0, 0, 0, 0, 0, 0]",1,0.6121475472354845,-1,0
1590,"[1, 4, 0, 1, 1, 4, 0, 1, 0, 1, 0, 2, 0, 0, 0, 0, 0, 1, 0, 0, 2, 0, 0, 0, 0, 0, 0, 0, 0, 0, 0, 0, 1, 1, 2, 2, 0, 0, 2, 0, 0, 1, 1, 0, 2, 2, 0, 1, 0, 0, 0, 0, 0, 0, 0, 2, 0, 0, 0, 0, 0, 0, 0, 2, 2, 2, 3, 2, 0, 1, 1, 4, 2, 5, 1, 6, 2, 4, 2, 6, 309, 0, 0, 0, 0, 0, 0]",-1,-0.0022750977202310786,-1,0
1591,"[1, 4, 0, 1, 1, 4, 0, 1, 0, 1, 0, 2, 0, 0, 0, 0, 0, 1, 0, 0, 2, 0, 0, 0, 0, 0, 0, 0, 0, 0, 0, 0, 1, 1, 2, 2, 0, 0, 2, 0, 0, 1, 1, 0, 2, 2, 0, 1, 0, 0, 0, 0, 0, 0, 0, 2, 0, 0, 0, 0, 0, 0, 0, 2, 2, 2, 3, 2, 0, 1, 1, 4, 2, 5, 1, 6, 2, 4, 2, 6, 309, 0, 1, 0, 0, 0, 0]",2,0.4025234321358677,-1,0
1592,"[1, 4, 0, 1, 1, 4, 0, 1, 0, 1, 0, 2, 0, 0, 0, 0, 0, 1, 0, 0, 2, 0, 0, 0, 0, 0, 0, 0, 0, 0, 0, 0, 1, 1, 2, 2, 0, 0, 2, 0, 0, 1, 1, 0, 2, 2, 0, 1, 0, 0, 0, 0, 0, 0, 0, 2, 0, 0, 0, 0, 0, 0, 0, 2, 2, 2, 3, 2, 0, 1, 1, 4, 2, 5, 1, 6, 2, 4, 2, 6, 309, 0, 0, 0, 0, 0, 0]",-1,-0.0022750977202310786,-1,0
1593,"[1, 4, 0, 1, 1, 4, 0, 1, 0, 1, 0, 2, 0, 0, 0, 0, 0, 1, 0, 0, 2, 0, 0, 0, 0, 0, 0, 0, 0, 0, 0, 0, 1, 1, 2, 2, 0, 0, 2, 0, 0, 1, 1, 0, 2, 2, 0, 1, 0, 0, 0, 0, 0, 0, 0, 2, 0, 0, 0, 0, 0, 0, 0, 2, 2, 2, 3, 2, 0, 1, 1, 4, 2, 5, 1, 6, 2, 4, 2, 6, 309, 0, 0, 0, 0, 0, 0]",1,0.6121475472354845,-1,0
1594,"[1, 4, 0, 1, 1, 4, 0, 1, 0, 1, 0, 2, 0, 0, 0, 0, 0, 1, 0, 0, 2, 0, 0, 0, 0, 0, 0, 0, 0, 0, 0, 0, 1, 1, 2, 2, 0, 0, 2, 0, 0, 1, 1, 0, 2, 2, 0, 1, 0, 0, 0, 0, 0, 0, 0, 2, 0, 0, 0, 0, 0, 0, 0, 2, 2, 2, 3, 2, 0, 1, 1, 4, 2, 5, 1, 6, 2, 4, 2, 6, 309, 0, 0, 0, 0, 0, 0]",-1,-0.0022750977202310786,-1,0
1595,"[1, 4, 0, 1, 1, 4, 0, 1, 0, 1, 0, 2, 0, 0, 0, 0, 0, 1, 0, 0, 2, 0, 0, 0, 0, 0, 0, 0, 0, 0, 0, 0, 1, 1, 2, 2, 0, 0, 2, 0, 0, 1, 1, 0, 2, 2, 0, 1, 0, 0, 0, 0, 0, 0, 0, 2, 0, 0, 0, 0, 0, 0, 0, 2, 2, 2, 3, 2, 0, 1, 1, 4, 2, 5, 1, 6, 2, 4, 2, 6, 309, 1, 0, 0, 0, 0, 0]",3,0.20252343213586774,-1,0
1596,"[1, 4, 0, 1, 1, 4, 0, 1, 0, 1, 0, 2, 0, 0, 0, 0, 0, 1, 0, 0, 2, 0, 0, 0, 0, 0, 0, 0, 0, 0, 0, 0, 1, 1, 2, 2, 0, 0, 2, 0, 0, 1, 1, 0, 2, 2, 0, 1, 0, 0, 0, 0, 0, 0, 0, 2, 0, 0, 0, 0, 0, 0, 0, 2, 2, 2, 3, 2, 0, 1, 1, 4, 2, 5, 1, 6, 2, 4, 2, 6, 309, 0, 0, 0, 0, 0, 0]",-1,-0.0022750977202310786,-1,0
1597,"[1, 4, 0, 2, 1, 4, 0, 2, 0, 1, 0, 2, 0, 0, 0, 0, 0, 1, 0, 0, 2, 0, 0, 0, 0, 0, 0, 0, 0, 0, 0, 0, 1, 1, 2, 2, 0, 0, 2, 0, 0, 1, 1, 0, 2, 2, 0, 1, 0, 0, 0, 0, 0, 0, 0, 2, 0, 0, 0, 0, 0, 0, 0, 2, 2, 2, 3, 2, 0, 1, 1, 4, 2, 5, 1, 6, 2, 4, 2, 6, 310, 0, 0, 0, 0, 0, 0]",4,12.635561964450963,-1,0
1598,"[1, 4, 0, 2, 1, 4, 0, 2, 0, 1, 0, 2, 0, 0, 0, 0, 0, 1, 0, 0, 2, 0, 0, 0, 0, 0, 0, 0, 0, 0, 0, 0, 1, 1, 2, 2, 0, 0, 2, 0, 0, 1, 1, 0, 2, 2, 0, 1, 0, 0, 0, 0, 0, 0, 0, 2, 0, 0, 0, 0, 0, 0, 0, 2, 2, 2, 3, 2, 0, 1, 1, 4, 2, 5, 1, 6, 2, 4, 2, 6, 310, 0, 1, 0, 0, 0, 0]",2,0.4024256869968548,-1,1
1599,"[1, 4, 0, 2, 1, 4, 0, 2, 0, 1, 0, 2, 0, 0, 0, 0, 0, 1, 0, 0, 2, 0, 0, 0, 0, 0, 0, 0, 0, 0, 0, 0, 1, 1, 2, 2, 0, 0, 2, 0, 0, 1, 1, 0, 2, 2, 0, 1, 0, 0, 0, 0, 0, 0, 0, 2, 0, 0, 0, 0, 0, 0, 0, 2, 2, 2, 3, 2, 0, 1, 1, 4, 2, 5, 1, 6, 2, 4, 2, 6, 310, 0, 1, 0, 0, 1, 0]","[[1 0 0 0]
 [0 1 0 0]]",0.6528505520549457,-1,1
1600,"[2, 3, 0, 2, 0, 5, 0, 2, 0, 1, 0, 2, 0, 0, 0, 0, 0, 1, 0, 0, 2, 0, 0, 0, 0, 0, 0, 0, 0, 0, 0, 0, 1, 1, 2, 2, 0, 0, 2, 0, 0, 1, 1, 0, 2, 2, 0, 1, 0, 0, 0, 0, 0, 0, 0, 2, 0, 0, 0, 0, 0, 0, 0, 2, 2, 2, 3, 2, 0, 1, 1, 4, 2, 5, 1, 6, 2, 4, 2, 6, 310, 0, 0, 0, 0, 0, 0]",0,-0.19757431300314515,-1,0
1601,"[2, 3, 0, 2, 0, 5, 0, 2, 0, 1, 0, 2, 0, 0, 0, 0, 0, 1, 0, 0, 2, 0, 0, 0, 0, 0, 0, 0, 0, 0, 0, 0, 1, 1, 2, 2, 0, 0, 2, 0, 0, 1, 1, 0, 2, 2, 0, 1, 0, 0, 0, 0, 0, 0, 0, 2, 0, 0, 0, 0, 0, 0, 0, 2, 2, 2, 3, 2, 0, 1, 1, 4, 2, 5, 1, 6, 2, 4, 2, 6, 311, 0, 0, 0, 0, 0, 0]",4,13.791807401877055,-1,1
1602,"[2, 3, 0, 2, 0, 5, 0, 2, 0, 1, 0, 2, 0, 0, 0, 0, 0, 1, 0, 0, 2, 0, 0, 0, 0, 0, 0, 0, 0, 0, 0, 0, 1, 1, 2, 2, 0, 0, 2, 0, 0, 1, 1, 0, 2, 2, 0, 1, 0, 0, 0, 0, 0, 0, 0, 2, 0, 0, 0, 0, 0, 0, 0, 2, 2, 2, 3, 2, 0, 1, 1, 4, 2, 5, 1, 6, 2, 4, 2, 6, 311, 0, 0, 0, 0, 0, 0]",1,0.6119557984105833,-1,0
1603,"[2, 3, 0, 2, 0, 5, 0, 2, 0, 1, 0, 2, 0, 0, 0, 0, 0, 1, 0, 0, 2, 0, 0, 0, 0, 0, 0, 0, 0, 0, 0, 0, 1, 1, 2, 2, 0, 0, 2, 0, 0, 1, 1, 0, 2, 2, 0, 1, 0, 0, 0, 0, 0, 0, 0, 2, 0, 0, 0, 0, 0, 0, 0, 2, 2, 2, 3, 2, 0, 1, 1, 4, 2, 5, 1, 6, 2, 4, 2, 6, 311, 0, 0, 0, 0, 0, 0]",-1,-0.002230047767013727,-1,0
1604,"[2, 4, 0, 2, 0, 6, 0, 2, 0, 1, 0, 2, 0, 0, 0, 0, 0, 1, 0, 0, 2, 0, 0, 0, 0, 0, 0, 0, 0, 0, 0, 0, 1, 1, 2, 2, 0, 0, 2, 0, 0, 1, 1, 0, 2, 2, 0, 1, 0, 0, 0, 0, 0, 0, 0, 2, 0, 0, 0, 0, 0, 0, 0, 2, 2, 2, 3, 2, 0, 1, 1, 4, 2, 5, 1, 6, 2, 4, 2, 6, 312, 0, 0, 0, 0, 0, 0]",4,13.739456927757324,-1,1
1605,"[2, 4, 0, 2, 0, 6, 0, 2, 0, 1, 0, 2, 0, 0, 0, 0, 0, 1, 0, 0, 2, 0, 0, 0, 0, 0, 0, 0, 0, 0, 0, 0, 1, 1, 2, 2, 0, 0, 2, 0, 0, 1, 1, 0, 2, 2, 0, 1, 0, 0, 0, 0, 0, 0, 0, 2, 0, 0, 0, 0, 0, 0, 0, 2, 2, 2, 3, 2, 0, 1, 1, 4, 2, 5, 1, 6, 2, 4, 2, 6, 312, 0, 0, 0, 0, 0, 0]",1,0.6118653963639853,-1,0
1606,"[2, 4, 0, 2, 0, 6, 0, 2, 0, 1, 0, 2, 0, 0, 0, 0, 0, 1, 0, 0, 2, 0, 0, 0, 0, 0, 0, 0, 0, 0, 0, 0, 1, 1, 2, 2, 0, 0, 2, 0, 0, 1, 1, 0, 2, 2, 0, 1, 0, 0, 0, 0, 0, 0, 0, 2, 0, 0, 0, 0, 0, 0, 0, 2, 2, 2, 3, 2, 0, 1, 1, 4, 2, 5, 1, 6, 2, 4, 2, 6, 312, 0, 0, 0, 0, 0, 0]",-1,-0.002207858420984643,-1,0
1607,"[2, 4, 0, 2, 0, 6, 0, 2, 0, 1, 0, 2, 0, 0, 0, 0, 0, 1, 0, 0, 2, 0, 0, 0, 0, 0, 0, 0, 0, 0, 0, 0, 1, 1, 2, 2, 0, 0, 2, 0, 0, 1, 1, 0, 2, 2, 0, 1, 0, 0, 0, 0, 0, 0, 0, 2, 0, 0, 0, 0, 0, 0, 0, 2, 2, 2, 3, 2, 0, 1, 1, 4, 2, 5, 1, 6, 2, 4, 2, 6, 312, 0, 0, 0, 0, 0, 0]",1,0.6118653963639853,-1,0
1608,"[2, 4, 0, 2, 0, 6, 0, 2, 0, 1, 0, 2, 0, 0, 0, 0, 0, 1, 0, 0, 2, 0, 0, 0, 0, 0, 0, 0, 0, 0, 0, 0, 1, 1, 2, 2, 0, 0, 2, 0, 0, 1, 1, 0, 2, 2, 0, 1, 0, 0, 0, 0, 0, 0, 0, 2, 0, 0, 0, 0, 0, 0, 0, 2, 2, 2, 3, 2, 0, 1, 1, 4, 2, 5, 1, 6, 2, 4, 2, 6, 312, 0, 0, 0, 0, 0, 0]",-1,-0.002207858420984643,-1,0
1609,"[2, 4, 0, 2, 0, 6, 0, 2, 0, 1, 0, 2, 0, 0, 0, 0, 0, 1, 0, 0, 2, 0, 0, 0, 0, 0, 0, 0, 0, 0, 0, 0, 1, 1, 2, 2, 0, 0, 2, 0, 0, 1, 1, 0, 2, 2, 0, 1, 0, 0, 0, 0, 0, 0, 0, 2, 0, 0, 0, 0, 0, 0, 0, 2, 2, 2, 3, 2, 0, 1, 1, 4, 2, 5, 1, 6, 2, 4, 2, 6, 312, 1, 0, 0, 0, 0, 0]",3,0.20224128126436858,-1,0
1610,"[0, 4, 0, 3, 0, 6, 0, 2, 0, 1, 0, 2, 0, 0, 0, 0, 0, 1, 0, 0, 2, 0, 0, 0, 0, 0, 0, 0, 0, 0, 0, 0, 1, 1, 2, 2, 0, 0, 2, 0, 0, 1, 1, 0, 2, 2, 0, 1, 0, 0, 0, 0, 0, 0, 0, 2, 0, 0, 0, 0, 0, 0, 0, 2, 2, 2, 3, 2, 0, 1, 1, 4, 2, 5, 1, 6, 2, 4, 2, 6, 312, 0, 0, 0, 0, 0, 0]","[[2 0 0 0]
 [0 0 0 1]]",-0.19630103682459038,-1,0
1611,"[0, 4, 0, 3, 0, 6, 0, 2, 0, 1, 0, 2, 0, 0, 0, 0, 0, 1, 0, 0, 2, 0, 0, 0, 0, 0, 0, 0, 0, 0, 0, 0, 1, 1, 2, 2, 0, 0, 2, 0, 0, 1, 1, 0, 2, 2, 0, 1, 0, 0, 0, 0, 0, 0, 0, 2, 0, 0, 0, 0, 0, 0, 0, 2, 2, 2, 3, 2, 0, 1, 1, 4, 2, 5, 1, 6, 2, 4, 2, 6, 312, 1, 0, 0, 0, 0, 0]",3,0.20224128126436858,-1,0
1612,"[0, 4, 0, 3, 0, 6, 0, 2, 0, 1, 0, 2, 0, 0, 0, 0, 0, 1, 0, 0, 2, 0, 0, 0, 0, 0, 0, 0, 0, 0, 0, 0, 1, 1, 2, 2, 0, 0, 2, 0, 0, 1, 1, 0, 2, 2, 0, 1, 0, 0, 0, 0, 0, 0, 0, 2, 0, 0, 0, 0, 0, 0, 0, 2, 2, 2, 3, 2, 0, 1, 1, 4, 2, 5, 1, 6, 2, 4, 2, 6, 312, 0, 0, 0, 0, 0, 0]",-1,-0.002207858420984643,-1,0
1613,"[0, 5, 0, 3, 0, 7, 0, 2, 0, 1, 0, 2, 0, 0, 0, 0, 0, 1, 0, 0, 2, 0, 0, 0, 0, 0, 0, 0, 0, 0, 0, 0, 1, 1, 2, 2, 0, 0, 2, 0, 0, 1, 1, 0, 2, 2, 0, 1, 0, 0, 0, 0, 0, 0, 0, 2, 0, 0, 0, 0, 0, 0, 0, 2, 2, 2, 3, 2, 0, 1, 1, 4, 2, 5, 1, 6, 2, 4, 2, 6, 313, 0, 0, 0, 0, 0, 0]",4,12.433088299302362,-1,0
1614,"[0, 6, 0, 3, 0, 8, 0, 2, 0, 1, 0, 2, 0, 0, 0, 0, 0, 1, 0, 0, 2, 0, 0, 0, 0, 0, 0, 0, 0, 0, 0, 0, 1, 1, 2, 2, 0, 0, 2, 0, 0, 1, 1, 0, 2, 2, 0, 1, 0, 0, 0, 0, 0, 0, 0, 2, 0, 0, 0, 0, 0, 0, 0, 2, 2, 2, 3, 2, 0, 1, 1, 4, 2, 5, 1, 6, 2, 4, 2, 6, 314, 0, 0, 0, 0, 0, 0]",4,13.659636877119103,-1,1
1615,"[0, 6, 0, 4, 0, 8, 0, 3, 0, 1, 0, 2, 0, 0, 0, 0, 0, 1, 0, 0, 2, 0, 0, 0, 0, 0, 0, 0, 0, 0, 0, 0, 1, 1, 2, 2, 0, 0, 2, 0, 0, 1, 1, 0, 2, 2, 0, 1, 0, 0, 0, 0, 0, 0, 0, 2, 0, 0, 0, 0, 0, 0, 0, 2, 2, 2, 3, 2, 0, 1, 1, 4, 2, 5, 1, 6, 2, 4, 2, 6, 315, 0, 0, 0, 0, 0, 0]",4,12.421415102500724,-1,0
1616,"[0, 6, 0, 4, 0, 8, 0, 3, 0, 1, 0, 2, 0, 0, 0, 0, 0, 1, 0, 0, 2, 0, 0, 0, 0, 0, 0, 0, 0, 0, 0, 0, 1, 1, 2, 2, 0, 0, 2, 0, 0, 1, 1, 0, 2, 2, 0, 1, 0, 0, 0, 0, 0, 0, 0, 2, 0, 0, 0, 0, 0, 0, 0, 2, 2, 2, 3, 2, 0, 1, 1, 4, 2, 5, 1, 6, 2, 4, 2, 6, 315, 0, 1, 0, 0, 0, 0]",2,0.4019903603733808,-1,1
1617,"[0, 6, 0, 4, 0, 8, 0, 3, 0, 1, 0, 2, 0, 0, 0, 0, 0, 1, 0, 0, 2, 0, 0, 0, 0, 0, 0, 0, 0, 0, 0, 0, 1, 1, 2, 2, 0, 0, 2, 0, 0, 1, 1, 0, 2, 2, 0, 1, 0, 0, 0, 0, 0, 0, 0, 2, 0, 0, 0, 0, 0, 0, 0, 2, 2, 2, 3, 2, 0, 1, 1, 4, 2, 5, 1, 6, 2, 4, 2, 6, 315, 0, 1, 0, 0, 1, 0]","[[0 1 0 0]
 [0 0 0 1]]",0.6524152254314717,-1,1
1618,"[0, 7, 0, 3, 0, 7, 0, 4, 0, 1, 0, 2, 0, 0, 0, 0, 0, 1, 0, 0, 2, 0, 0, 0, 0, 0, 0, 0, 0, 0, 0, 0, 1, 1, 2, 2, 0, 0, 2, 0, 0, 1, 1, 0, 2, 2, 0, 1, 0, 0, 0, 0, 0, 0, 0, 2, 0, 0, 0, 0, 0, 0, 0, 2, 2, 2, 3, 2, 0, 1, 1, 4, 2, 5, 1, 6, 2, 4, 2, 6, 315, 0, 0, 0, 0, 0, 0]",0,-0.19800963962661916,-1,0
1619,"[0, 8, 0, 3, 0, 8, 0, 4, 0, 1, 0, 2, 0, 0, 0, 0, 0, 1, 0, 0, 2, 0, 0, 0, 0, 0, 0, 0, 0, 0, 0, 0, 1, 1, 2, 2, 0, 0, 2, 0, 0, 1, 1, 0, 2, 2, 0, 1, 0, 0, 0, 0, 0, 0, 0, 2, 0, 0, 0, 0, 0, 0, 0, 2, 2, 2, 3, 2, 0, 1, 1, 4, 2, 5, 1, 6, 2, 4, 2, 6, 316, 0, 0, 0, 0, 0, 0]",4,13.770854695281873,-1,1
1620,"[0, 8, 0, 3, 0, 8, 0, 4, 0, 1, 0, 2, 0, 0, 0, 0, 0, 1, 0, 0, 2, 0, 0, 0, 0, 0, 0, 0, 0, 0, 0, 0, 1, 1, 2, 2, 0, 0, 2, 0, 0, 1, 1, 0, 2, 2, 0, 1, 0, 0, 0, 0, 0, 0, 0, 2, 0, 0, 0, 0, 0, 0, 0, 2, 2, 2, 3, 2, 0, 1, 1, 4, 2, 5, 1, 6, 2, 4, 2, 6, 316, 0, 1, 0, 0, 0, 0]",2,0.40191306373441826,-1,0
1621,"[0, 8, 0, 3, 0, 8, 0, 4, 0, 1, 0, 2, 0, 0, 0, 0, 0, 1, 0, 0, 2, 0, 0, 0, 0, 0, 0, 0, 0, 0, 0, 0, 1, 1, 2, 2, 0, 0, 2, 0, 0, 1, 1, 0, 2, 2, 0, 1, 0, 0, 0, 0, 0, 0, 0, 2, 0, 0, 0, 0, 0, 0, 0, 2, 2, 2, 3, 2, 0, 1, 1, 4, 2, 5, 1, 6, 2, 4, 2, 6, 316, 0, 0, 0, 0, 0, 0]",-1,-0.0021212870540255695,-1,0
1622,"[0, 8, 0, 3, 0, 8, 0, 4, 0, 1, 0, 2, 0, 0, 0, 0, 0, 1, 0, 0, 2, 0, 0, 0, 0, 0, 0, 0, 0, 0, 0, 0, 1, 1, 2, 2, 0, 0, 2, 0, 0, 1, 1, 0, 2, 2, 0, 1, 0, 0, 0, 0, 0, 0, 0, 2, 0, 0, 0, 0, 0, 0, 0, 2, 2, 2, 3, 2, 0, 1, 1, 4, 2, 5, 1, 6, 2, 4, 2, 6, 316, 0, 1, 0, 0, 0, 0]",2,0.40191306373441826,-1,0
1623,"[0, 8, 0, 3, 0, 8, 0, 4, 0, 1, 0, 2, 0, 0, 0, 0, 0, 1, 0, 0, 2, 0, 0, 0, 0, 0, 0, 0, 0, 0, 0, 0, 1, 1, 2, 2, 0, 0, 2, 0, 0, 1, 1, 0, 2, 2, 0, 1, 0, 0, 0, 0, 0, 0, 0, 2, 0, 0, 0, 0, 0, 0, 0, 2, 2, 2, 3, 2, 0, 1, 1, 4, 2, 5, 1, 6, 2, 4, 2, 6, 316, 0, 0, 0, 0, 0, 0]",-1,-0.0021212870540255695,-1,0
1624,"[0, 8, 0, 3, 0, 8, 0, 4, 0, 1, 0, 2, 0, 0, 0, 0, 0, 1, 0, 0, 2, 0, 0, 0, 0, 0, 0, 0, 0, 0, 0, 0, 1, 1, 2, 2, 0, 0, 2, 0, 0, 1, 1, 0, 2, 2, 0, 1, 0, 0, 0, 0, 0, 0, 0, 2, 0, 0, 0, 0, 0, 0, 0, 2, 2, 2, 3, 2, 0, 1, 1, 4, 2, 5, 1, 6, 2, 4, 2, 6, 316, 0, 1, 0, 0, 0, 0]",2,0.40191306373441826,-1,0
1625,"[0, 8, 0, 3, 0, 8, 0, 4, 0, 1, 0, 2, 0, 0, 0, 0, 0, 1, 0, 0, 2, 0, 0, 0, 0, 0, 0, 0, 0, 0, 0, 0, 1, 1, 2, 2, 0, 0, 2, 0, 0, 1, 1, 0, 2, 2, 0, 1, 0, 0, 0, 0, 0, 0, 0, 2, 0, 0, 0, 0, 0, 0, 0, 2, 2, 2, 3, 2, 0, 1, 1, 4, 2, 5, 1, 6, 2, 4, 2, 6, 316, 0, 0, 0, 0, 0, 0]",-1,-0.0021212870540255695,-1,0
1626,"[0, 8, 0, 4, 0, 8, 0, 5, 0, 1, 0, 2, 0, 0, 0, 0, 0, 1, 0, 0, 2, 0, 0, 0, 0, 0, 0, 0, 0, 0, 0, 0, 1, 1, 2, 2, 0, 0, 2, 0, 0, 1, 1, 0, 2, 2, 0, 1, 0, 0, 0, 0, 0, 0, 0, 2, 0, 0, 0, 0, 0, 0, 0, 2, 2, 2, 3, 2, 0, 1, 1, 4, 2, 5, 1, 6, 2, 4, 2, 6, 317, 0, 0, 0, 0, 0, 0]",4,12.37073773404226,-1,0
1627,"[0, 4, 0, 2, 0, 4, 0, 2, 0, 1, 0, 2, 0, 0, 0, 0, 0, 1, 0, 0, 2, 0, 0, 0, 0, 0, 0, 0, 0, 0, 0, 0, 1, 1, 2, 2, 0, 0, 2, 0, 0, 1, 1, 0, 2, 2, 0, 1, 0, 0, 0, 0, 0, 0, 0, 2, 0, 0, 0, 0, 0, 0, 0, 2, 2, 2, 3, 2, 0, 1, 1, 4, 2, 5, 1, 6, 2, 4, 2, 5, 318, 0, 0, 0, 0, 0, 0]",4,13.856674854322359,-1,1
1628,"[0, 4, 0, 2, 0, 4, 0, 2, 0, 1, 0, 2, 0, 0, 0, 0, 0, 1, 0, 0, 2, 0, 0, 0, 0, 0, 0, 0, 0, 0, 0, 0, 1, 1, 2, 2, 0, 0, 2, 0, 0, 1, 1, 0, 2, 2, 0, 1, 0, 0, 0, 0, 0, 0, 0, 2, 0, 0, 0, 0, 0, 0, 0, 2, 2, 2, 3, 2, 0, 1, 1, 4, 2, 5, 1, 6, 2, 4, 2, 5, 318, 0, 1, 0, 0, 0, 0]",2,0.4017672800921215,-1,0
1629,"[0, 4, 0, 2, 0, 4, 0, 2, 0, 1, 0, 2, 0, 0, 0, 0, 0, 1, 0, 0, 2, 0, 0, 0, 0, 0, 0, 0, 0, 0, 0, 0, 1, 1, 2, 2, 0, 0, 2, 0, 0, 1, 1, 0, 2, 2, 0, 1, 0, 0, 0, 0, 0, 0, 0, 2, 0, 0, 0, 0, 0, 0, 0, 2, 2, 2, 3, 2, 0, 1, 1, 4, 2, 5, 1, 6, 2, 4, 2, 5, 318, 0, 0, 0, 0, 0, 0]",-1,-0.002079282756058658,-1,0
1630,"[0, 4, 0, 2, 0, 4, 0, 2, 0, 1, 0, 2, 0, 0, 0, 0, 0, 1, 0, 0, 2, 0, 0, 0, 0, 0, 0, 0, 0, 0, 0, 0, 1, 1, 2, 2, 0, 0, 2, 0, 0, 1, 1, 0, 2, 2, 0, 1, 0, 0, 0, 0, 0, 0, 0, 2, 0, 0, 0, 0, 0, 0, 0, 2, 2, 2, 3, 2, 0, 1, 1, 4, 2, 5, 1, 6, 2, 4, 2, 5, 318, 0, 0, 0, 0, 0, 0]",0,0.2967420269227048,-1,0
1631,"[0, 4, 0, 2, 0, 4, 0, 2, 0, 1, 0, 2, 0, 0, 0, 0, 0, 1, 0, 0, 2, 0, 0, 0, 0, 0, 0, 0, 0, 0, 0, 0, 1, 1, 2, 2, 0, 0, 2, 0, 0, 1, 1, 0, 2, 2, 0, 1, 0, 0, 0, 0, 0, 0, 0, 2, 0, 0, 0, 0, 0, 0, 0, 2, 2, 2, 3, 2, 0, 1, 1, 4, 2, 5, 1, 6, 2, 4, 2, 5, 318, 0, 0, 0, 0, 0, 0]",-1,-0.002079282756058658,-1,0
1632,"[0, 4, 0, 2, 0, 4, 0, 2, 0, 1, 0, 2, 0, 0, 0, 0, 0, 1, 0, 0, 2, 0, 0, 0, 0, 0, 0, 0, 0, 0, 0, 0, 1, 1, 2, 2, 0, 0, 2, 0, 0, 1, 1, 0, 2, 2, 0, 1, 0, 0, 0, 0, 0, 0, 0, 2, 0, 0, 0, 0, 0, 0, 0, 2, 2, 2, 3, 2, 0, 1, 1, 4, 2, 5, 1, 6, 2, 4, 2, 5, 318, 1, 0, 0, 0, 0, 0]",3,0.20176728009212155,-1,0
1633,"[0, 4, 0, 2, 0, 4, 0, 2, 0, 1, 0, 2, 0, 0, 0, 0, 0, 1, 0, 0, 2, 0, 0, 0, 0, 0, 0, 0, 0, 0, 0, 0, 1, 1, 2, 2, 0, 0, 2, 0, 0, 1, 1, 0, 2, 2, 0, 1, 0, 0, 0, 0, 0, 0, 0, 2, 0, 0, 0, 0, 0, 0, 0, 2, 2, 2, 3, 2, 0, 1, 1, 4, 2, 5, 1, 6, 2, 4, 2, 5, 318, 0, 0, 0, 0, 0, 0]",-1,-0.002079282756058658,-1,0
1634,"[0, 4, 0, 2, 0, 4, 0, 2, 0, 1, 0, 2, 0, 0, 0, 0, 0, 1, 0, 0, 2, 0, 0, 0, 0, 0, 0, 0, 0, 0, 0, 0, 1, 1, 2, 2, 0, 0, 2, 0, 0, 1, 1, 0, 2, 2, 0, 1, 0, 0, 0, 0, 0, 0, 0, 2, 0, 0, 0, 0, 0, 0, 0, 2, 2, 2, 3, 2, 0, 1, 1, 4, 2, 5, 1, 6, 2, 4, 2, 5, 318, 0, 0, 0, 0, 0, 0]",0,0.2967420269227048,-1,0
1635,"[0, 4, 0, 2, 0, 4, 0, 2, 0, 1, 0, 2, 0, 0, 0, 0, 0, 1, 0, 0, 2, 0, 0, 0, 0, 0, 0, 0, 0, 0, 0, 0, 1, 1, 2, 2, 0, 0, 2, 0, 0, 1, 1, 0, 2, 2, 0, 1, 0, 0, 0, 0, 0, 0, 0, 2, 0, 0, 0, 0, 0, 0, 0, 2, 2, 2, 3, 2, 0, 1, 1, 4, 2, 5, 1, 6, 2, 4, 2, 5, 318, 0, 0, 0, 0, 0, 0]",-1,-0.002079282756058658,-1,0
1636,"[0, 4, 0, 2, 0, 4, 0, 2, 0, 1, 0, 2, 0, 0, 0, 0, 0, 1, 0, 0, 2, 0, 0, 0, 0, 0, 0, 0, 0, 0, 0, 0, 1, 1, 2, 2, 0, 0, 2, 0, 0, 1, 1, 0, 2, 2, 0, 1, 0, 0, 0, 0, 0, 0, 0, 2, 0, 0, 0, 0, 0, 0, 0, 2, 2, 2, 3, 2, 0, 1, 1, 4, 2, 5, 1, 6, 2, 4, 2, 5, 318, 0, 1, 0, 0, 0, 0]",2,0.4017672800921215,-1,0
1637,"[0, 4, 0, 2, 0, 4, 0, 2, 0, 1, 0, 2, 0, 0, 0, 0, 0, 1, 0, 0, 2, 0, 0, 0, 0, 0, 0, 0, 0, 0, 0, 0, 1, 1, 2, 2, 0, 0, 2, 0, 0, 1, 1, 0, 2, 2, 0, 1, 0, 0, 0, 0, 0, 0, 0, 2, 0, 0, 0, 0, 0, 0, 0, 2, 2, 2, 3, 2, 0, 1, 1, 4, 2, 5, 1, 6, 2, 4, 2, 5, 318, 0, 0, 0, 0, 0, 0]",-1,-0.002079282756058658,-1,0
1638,"[0, 5, 0, 2, 0, 5, 0, 2, 0, 1, 0, 2, 0, 0, 0, 0, 0, 1, 0, 0, 2, 0, 0, 0, 0, 0, 0, 0, 0, 0, 0, 0, 1, 1, 2, 2, 0, 0, 2, 0, 0, 1, 1, 0, 2, 2, 0, 1, 0, 0, 0, 0, 0, 0, 0, 2, 0, 0, 0, 0, 0, 0, 0, 2, 2, 2, 3, 2, 0, 1, 1, 4, 2, 5, 1, 6, 2, 4, 2, 5, 319, 0, 0, 0, 0, 0, 0]",4,12.39082793640918,-1,0
1639,"[0, 5, 0, 3, 0, 5, 0, 3, 0, 1, 0, 2, 0, 0, 0, 0, 0, 1, 0, 0, 2, 0, 0, 0, 0, 0, 0, 0, 0, 0, 0, 0, 1, 1, 2, 2, 0, 0, 2, 0, 0, 1, 1, 0, 2, 2, 0, 1, 0, 0, 0, 0, 0, 0, 0, 2, 0, 0, 0, 0, 0, 0, 0, 2, 2, 2, 3, 2, 0, 1, 1, 4, 2, 5, 1, 6, 2, 4, 2, 5, 320, 0, 0, 0, 0, 0, 0]",4,13.832267937775907,-1,1
1640,"[0, 5, 0, 3, 0, 5, 0, 3, 0, 1, 0, 2, 0, 0, 0, 0, 0, 1, 0, 0, 2, 0, 0, 0, 0, 0, 0, 0, 0, 0, 0, 0, 1, 1, 2, 2, 0, 0, 2, 0, 0, 1, 1, 0, 2, 2, 0, 1, 0, 0, 0, 0, 0, 0, 0, 2, 0, 0, 0, 0, 0, 0, 0, 2, 2, 2, 3, 2, 0, 1, 1, 4, 2, 5, 1, 6, 2, 4, 2, 5, 320, 0, 0, 0, 0, 0, 0]",0,0.29660726106121527,-1,0
1641,"[0, 5, 0, 3, 0, 5, 0, 3, 0, 1, 0, 2, 0, 0, 0, 0, 0, 1, 0, 0, 2, 0, 0, 0, 0, 0, 0, 0, 0, 0, 0, 0, 1, 1, 2, 2, 0, 0, 2, 0, 0, 1, 1, 0, 2, 2, 0, 1, 0, 0, 0, 0, 0, 0, 0, 2, 0, 0, 0, 0, 0, 0, 0, 2, 2, 2, 3, 2, 0, 1, 1, 4, 2, 5, 1, 6, 2, 4, 2, 5, 320, 0, 0, 0, 0, 0, 0]",-1,-0.0020381101989183107,-1,0
1642,"[0, 5, 0, 3, 0, 5, 0, 3, 0, 1, 0, 2, 0, 0, 0, 0, 0, 1, 0, 0, 2, 0, 0, 0, 0, 0, 0, 0, 0, 0, 0, 0, 1, 1, 2, 2, 0, 0, 2, 0, 0, 1, 1, 0, 2, 2, 0, 1, 0, 0, 0, 0, 0, 0, 0, 2, 0, 0, 0, 0, 0, 0, 0, 2, 2, 2, 3, 2, 0, 1, 1, 4, 2, 5, 1, 6, 2, 4, 2, 5, 320, 1, 0, 0, 0, 0, 0]",3,0.201632514230632,-1,0
1643,"[0, 5, 0, 3, 0, 5, 0, 3, 0, 1, 0, 2, 0, 0, 0, 0, 0, 1, 0, 0, 2, 0, 0, 0, 0, 0, 0, 0, 0, 0, 0, 0, 1, 1, 2, 2, 0, 0, 2, 0, 0, 1, 1, 0, 2, 2, 0, 1, 0, 0, 0, 0, 0, 0, 0, 2, 0, 0, 0, 0, 0, 0, 0, 2, 2, 2, 3, 2, 0, 1, 1, 4, 2, 5, 1, 6, 2, 4, 2, 5, 320, 0, 0, 0, 0, 0, 0]",-1,-0.0020381101989183107,-1,0
1644,"[0, 5, 0, 3, 0, 5, 0, 3, 0, 1, 0, 2, 0, 0, 0, 0, 0, 1, 0, 0, 2, 0, 0, 0, 0, 0, 0, 0, 0, 0, 0, 0, 1, 1, 2, 2, 0, 0, 2, 0, 0, 1, 1, 0, 2, 2, 0, 1, 0, 0, 0, 0, 0, 0, 0, 2, 0, 0, 0, 0, 0, 0, 0, 2, 2, 2, 3, 2, 0, 1, 1, 4, 2, 5, 1, 6, 2, 4, 2, 5, 320, 1, 0, 0, 0, 0, 0]",3,0.201632514230632,-1,0
1645,"[0, 5, 0, 3, 0, 5, 0, 3, 0, 1, 0, 2, 0, 0, 0, 0, 0, 1, 0, 0, 2, 0, 0, 0, 0, 0, 0, 0, 0, 0, 0, 0, 1, 1, 2, 2, 0, 0, 2, 0, 0, 1, 1, 0, 2, 2, 0, 1, 0, 0, 0, 0, 0, 0, 0, 2, 0, 0, 0, 0, 0, 0, 0, 2, 2, 2, 3, 2, 0, 1, 1, 4, 2, 5, 1, 6, 2, 4, 2, 5, 320, 0, 0, 0, 0, 0, 0]",-1,-0.0020381101989183107,-1,0
1646,"[0, 5, 0, 3, 0, 5, 0, 3, 0, 1, 0, 2, 0, 0, 0, 0, 0, 1, 0, 0, 2, 0, 0, 0, 0, 0, 0, 0, 0, 0, 0, 0, 1, 1, 2, 2, 0, 0, 2, 0, 0, 1, 1, 0, 2, 2, 0, 1, 0, 0, 0, 0, 0, 0, 0, 2, 0, 0, 0, 0, 0, 0, 0, 2, 2, 2, 3, 2, 0, 1, 1, 4, 2, 5, 1, 6, 2, 4, 2, 5, 320, 0, 1, 0, 0, 0, 0]",2,0.40163251423063195,-1,0
1647,"[0, 5, 0, 3, 0, 5, 0, 3, 0, 1, 0, 2, 0, 0, 0, 0, 0, 1, 0, 0, 2, 0, 0, 0, 0, 0, 0, 0, 0, 0, 0, 0, 1, 1, 2, 2, 0, 0, 2, 0, 0, 1, 1, 0, 2, 2, 0, 1, 0, 0, 0, 0, 0, 0, 0, 2, 0, 0, 0, 0, 0, 0, 0, 2, 2, 2, 3, 2, 0, 1, 1, 4, 2, 5, 1, 6, 2, 4, 2, 5, 320, 0, 0, 0, 0, 0, 0]",-1,-0.0020381101989183107,-1,0
1648,"[0, 5, 0, 3, 0, 5, 0, 3, 0, 1, 0, 2, 0, 0, 0, 0, 0, 1, 0, 0, 2, 0, 0, 0, 0, 0, 0, 0, 0, 0, 0, 0, 1, 1, 2, 2, 0, 0, 2, 0, 0, 1, 1, 0, 2, 2, 0, 1, 0, 0, 0, 0, 0, 0, 0, 2, 0, 0, 0, 0, 0, 0, 0, 2, 2, 2, 3, 2, 0, 1, 1, 4, 2, 5, 1, 6, 2, 4, 2, 5, 320, 0, 1, 0, 0, 0, 0]",2,0.40163251423063195,-1,0
1649,"[0, 5, 0, 3, 0, 5, 0, 3, 0, 1, 0, 2, 0, 0, 0, 0, 0, 1, 0, 0, 2, 0, 0, 0, 0, 0, 0, 0, 0, 0, 0, 0, 1, 1, 2, 2, 0, 0, 2, 0, 0, 1, 1, 0, 2, 2, 0, 1, 0, 0, 0, 0, 0, 0, 0, 2, 0, 0, 0, 0, 0, 0, 0, 2, 2, 2, 3, 2, 0, 1, 1, 4, 2, 5, 1, 6, 2, 4, 2, 5, 320, 0, 0, 0, 0, 0, 0]",-1,-0.0020381101989183107,-1,0
1650,"[0, 5, 0, 3, 0, 5, 0, 3, 0, 1, 0, 2, 0, 0, 0, 0, 0, 1, 0, 0, 2, 0, 0, 0, 0, 0, 0, 0, 0, 0, 0, 0, 1, 1, 2, 2, 0, 0, 2, 0, 0, 1, 1, 0, 2, 2, 0, 1, 0, 0, 0, 0, 0, 0, 0, 2, 0, 0, 0, 0, 0, 0, 0, 2, 2, 2, 3, 2, 0, 1, 1, 4, 2, 5, 1, 6, 2, 4, 2, 5, 320, 1, 0, 0, 0, 0, 0]",3,0.201632514230632,-1,0
1651,"[0, 5, 0, 3, 0, 5, 0, 3, 0, 1, 0, 2, 0, 0, 0, 0, 0, 1, 0, 0, 2, 0, 0, 0, 0, 0, 0, 0, 0, 0, 0, 0, 1, 1, 2, 2, 0, 0, 2, 0, 0, 1, 1, 0, 2, 2, 0, 1, 0, 0, 0, 0, 0, 0, 0, 2, 0, 0, 0, 0, 0, 0, 0, 2, 2, 2, 3, 2, 0, 1, 1, 4, 2, 5, 1, 6, 2, 4, 2, 5, 320, 0, 0, 0, 0, 0, 0]",-1,-0.0020381101989183107,-1,0
1652,"[0, 5, 0, 3, 0, 5, 0, 3, 0, 1, 0, 2, 0, 0, 0, 0, 0, 1, 0, 0, 2, 0, 0, 0, 0, 0, 0, 0, 0, 0, 0, 0, 1, 1, 2, 2, 0, 0, 2, 0, 0, 1, 1, 0, 2, 2, 0, 1, 0, 0, 0, 0, 0, 0, 0, 2, 0, 0, 0, 0, 0, 0, 0, 2, 2, 2, 3, 2, 0, 1, 1, 4, 2, 5, 1, 6, 2, 4, 2, 5, 320, 1, 0, 0, 0, 0, 0]",3,0.201632514230632,-1,0
1653,"[0, 5, 0, 3, 0, 5, 0, 3, 0, 1, 0, 2, 0, 0, 0, 0, 0, 1, 0, 0, 2, 0, 0, 0, 0, 0, 0, 0, 0, 0, 0, 0, 1, 1, 2, 2, 0, 0, 2, 0, 0, 1, 1, 0, 2, 2, 0, 1, 0, 0, 0, 0, 0, 0, 0, 2, 0, 0, 0, 0, 0, 0, 0, 2, 2, 2, 3, 2, 0, 1, 1, 4, 2, 5, 1, 6, 2, 4, 2, 5, 320, 0, 0, 0, 0, 0, 0]",-1,-0.0020381101989183107,-1,0
1654,"[0, 6, 0, 3, 0, 6, 0, 3, 0, 1, 0, 2, 0, 0, 0, 0, 0, 1, 0, 0, 2, 0, 0, 0, 0, 0, 0, 0, 0, 0, 0, 0, 1, 1, 2, 2, 0, 0, 2, 0, 0, 1, 1, 0, 2, 2, 0, 1, 0, 0, 0, 0, 0, 0, 0, 2, 0, 0, 0, 0, 0, 0, 0, 2, 2, 2, 3, 2, 0, 1, 1, 4, 2, 5, 1, 6, 2, 4, 2, 5, 321, 0, 0, 0, 0, 0, 0]",4,12.392405838851152,-1,0
1655,"[0, 6, 0, 3, 0, 6, 0, 3, 0, 1, 0, 2, 0, 0, 0, 0, 0, 1, 0, 0, 2, 0, 0, 0, 0, 0, 0, 0, 0, 0, 0, 0, 1, 1, 2, 2, 0, 0, 2, 0, 0, 1, 1, 0, 2, 2, 0, 1, 0, 0, 0, 0, 0, 0, 0, 2, 0, 0, 0, 0, 0, 0, 0, 2, 2, 2, 3, 2, 0, 1, 1, 4, 2, 5, 1, 6, 2, 4, 2, 5, 321, 0, 1, 0, 0, 0, 0]",2,0.40156900460609113,-1,1
1656,"[0, 6, 0, 3, 0, 6, 0, 3, 0, 1, 0, 2, 0, 0, 0, 0, 0, 1, 0, 0, 2, 0, 0, 0, 0, 0, 0, 0, 0, 0, 0, 0, 1, 1, 2, 2, 0, 0, 2, 0, 0, 1, 1, 0, 2, 2, 0, 1, 0, 0, 0, 0, 0, 0, 0, 2, 0, 0, 0, 0, 0, 0, 0, 2, 2, 2, 3, 2, 0, 1, 1, 4, 2, 5, 1, 6, 2, 4, 2, 5, 321, 0, 1, 0, 0, 1, 0]","[[0 1 0 0]
 [0 0 0 1]]",0.651993869664182,-1,1
1657,"[0, 7, 0, 2, 0, 5, 0, 4, 0, 1, 0, 2, 0, 0, 0, 0, 0, 1, 0, 0, 2, 0, 0, 0, 0, 0, 0, 0, 0, 0, 0, 0, 1, 1, 2, 2, 0, 0, 2, 0, 0, 1, 1, 0, 2, 2, 0, 1, 0, 0, 0, 0, 0, 0, 0, 2, 0, 0, 0, 0, 0, 0, 0, 2, 2, 2, 3, 2, 0, 1, 1, 4, 2, 5, 1, 6, 2, 4, 2, 5, 321, 0, 0, 0, 0, 0, 0]",0,-0.19843099539390888,-1,0
1658,"[0, 7, 0, 2, 0, 5, 0, 4, 0, 1, 0, 2, 0, 0, 0, 0, 0, 1, 0, 0, 2, 0, 0, 0, 0, 0, 0, 0, 0, 0, 0, 0, 1, 1, 2, 2, 0, 0, 2, 0, 0, 1, 1, 0, 2, 2, 0, 1, 0, 0, 0, 0, 0, 0, 0, 2, 0, 0, 0, 0, 0, 0, 0, 2, 2, 2, 3, 2, 0, 1, 1, 4, 2, 5, 1, 6, 2, 4, 2, 5, 322, 0, 0, 0, 0, 0, 0]",4,13.845885549230054,-1,1
1659,"[0, 7, 0, 2, 0, 5, 0, 4, 0, 1, 0, 2, 0, 0, 0, 0, 0, 1, 0, 0, 2, 0, 0, 0, 0, 0, 0, 0, 0, 0, 0, 0, 1, 1, 2, 2, 0, 0, 2, 0, 0, 1, 1, 0, 2, 2, 0, 1, 0, 0, 0, 0, 0, 0, 0, 2, 0, 0, 0, 0, 0, 0, 0, 2, 2, 2, 3, 2, 0, 1, 1, 4, 2, 5, 1, 6, 2, 4, 2, 5, 322, 0, 1, 0, 0, 0, 0]",2,0.4015079469116747,-1,0
1660,"[0, 7, 0, 2, 0, 5, 0, 4, 0, 1, 0, 2, 0, 0, 0, 0, 0, 1, 0, 0, 2, 0, 0, 0, 0, 0, 0, 0, 0, 0, 0, 0, 1, 1, 2, 2, 0, 0, 2, 0, 0, 1, 1, 0, 2, 2, 0, 1, 0, 0, 0, 0, 0, 0, 0, 2, 0, 0, 0, 0, 0, 0, 0, 2, 2, 2, 3, 2, 0, 1, 1, 4, 2, 5, 1, 6, 2, 4, 2, 5, 322, 0, 0, 0, 0, 0, 0]",-1,-0.001997752913032695,-1,0
1661,"[0, 8, 0, 2, 0, 6, 0, 4, 0, 1, 0, 2, 0, 0, 0, 0, 0, 1, 0, 0, 2, 0, 0, 0, 0, 0, 0, 0, 0, 0, 0, 0, 1, 1, 2, 2, 0, 0, 2, 0, 0, 1, 1, 0, 2, 2, 0, 1, 0, 0, 0, 0, 0, 0, 0, 2, 0, 0, 0, 0, 0, 0, 0, 2, 2, 2, 3, 2, 0, 1, 1, 4, 2, 5, 1, 6, 2, 4, 2, 5, 323, 0, 0, 0, 0, 0, 0]",4,12.25863910363284,-1,0
1662,"[0, 8, 0, 3, 0, 6, 0, 5, 0, 1, 0, 2, 0, 0, 0, 0, 0, 1, 0, 0, 2, 0, 0, 0, 0, 0, 0, 0, 0, 0, 0, 0, 1, 1, 2, 2, 0, 0, 2, 0, 0, 1, 1, 0, 2, 2, 0, 1, 0, 0, 0, 0, 0, 0, 0, 2, 0, 0, 0, 0, 0, 0, 0, 2, 2, 2, 3, 2, 0, 1, 1, 4, 2, 5, 1, 6, 2, 4, 2, 5, 324, 0, 0, 0, 0, 0, 0]",4,13.831457991931087,-1,1
1663,"[0, 8, 0, 3, 0, 6, 0, 5, 0, 1, 0, 2, 0, 0, 0, 0, 0, 1, 0, 0, 2, 0, 0, 0, 0, 0, 0, 0, 0, 0, 0, 0, 1, 1, 2, 2, 0, 0, 2, 0, 0, 1, 1, 0, 2, 2, 0, 1, 0, 0, 0, 0, 0, 0, 0, 2, 0, 0, 0, 0, 0, 0, 0, 2, 2, 2, 3, 2, 0, 1, 1, 4, 2, 5, 1, 6, 2, 4, 2, 5, 324, 1, 0, 0, 0, 0, 0]",3,0.20139281783555243,-1,0
1664,"[0, 8, 0, 3, 0, 6, 0, 5, 0, 1, 0, 2, 0, 0, 0, 0, 0, 1, 0, 0, 2, 0, 0, 0, 0, 0, 0, 0, 0, 0, 0, 0, 1, 1, 2, 2, 0, 0, 2, 0, 0, 1, 1, 0, 2, 2, 0, 1, 0, 0, 0, 0, 0, 0, 0, 2, 0, 0, 0, 0, 0, 0, 0, 2, 2, 2, 3, 2, 0, 1, 1, 4, 2, 5, 1, 6, 2, 4, 2, 5, 324, 0, 0, 0, 0, 0, 0]",-1,-0.0019581947549493534,-1,0
1665,"[0, 8, 0, 3, 0, 6, 0, 5, 0, 1, 0, 2, 0, 0, 0, 0, 0, 1, 0, 0, 2, 0, 0, 0, 0, 0, 0, 0, 0, 0, 0, 0, 1, 1, 2, 2, 0, 0, 2, 0, 0, 1, 1, 0, 2, 2, 0, 1, 0, 0, 0, 0, 0, 0, 0, 2, 0, 0, 0, 0, 0, 0, 0, 2, 2, 2, 3, 2, 0, 1, 1, 4, 2, 5, 1, 6, 2, 4, 2, 5, 324, 1, 0, 0, 0, 0, 0]",3,0.20139281783555243,-1,0
1666,"[0, 8, 0, 3, 0, 6, 0, 5, 0, 1, 0, 2, 0, 0, 0, 0, 0, 1, 0, 0, 2, 0, 0, 0, 0, 0, 0, 0, 0, 0, 0, 0, 1, 1, 2, 2, 0, 0, 2, 0, 0, 1, 1, 0, 2, 2, 0, 1, 0, 0, 0, 0, 0, 0, 0, 2, 0, 0, 0, 0, 0, 0, 0, 2, 2, 2, 3, 2, 0, 1, 1, 4, 2, 5, 1, 6, 2, 4, 2, 5, 324, 0, 0, 0, 0, 0, 0]",-1,-0.0019581947549493534,-1,0
1667,"[0, 8, 0, 3, 0, 6, 0, 5, 0, 1, 0, 2, 0, 0, 0, 0, 0, 1, 0, 0, 2, 0, 0, 0, 0, 0, 0, 0, 0, 0, 0, 0, 1, 1, 2, 2, 0, 0, 2, 0, 0, 1, 1, 0, 2, 2, 0, 1, 0, 0, 0, 0, 0, 0, 0, 2, 0, 0, 0, 0, 0, 0, 0, 2, 2, 2, 3, 2, 0, 1, 1, 4, 2, 5, 1, 6, 2, 4, 2, 5, 324, 0, 0, 0, 0, 0, 0]",0,0.2963675646661357,-1,0
1668,"[0, 8, 0, 3, 0, 6, 0, 5, 0, 1, 0, 2, 0, 0, 0, 0, 0, 1, 0, 0, 2, 0, 0, 0, 0, 0, 0, 0, 0, 0, 0, 0, 1, 1, 2, 2, 0, 0, 2, 0, 0, 1, 1, 0, 2, 2, 0, 1, 0, 0, 0, 0, 0, 0, 0, 2, 0, 0, 0, 0, 0, 0, 0, 2, 2, 2, 3, 2, 0, 1, 1, 4, 2, 5, 1, 6, 2, 4, 2, 5, 324, 0, 0, 0, 0, 0, 0]",-1,-0.0019581947549493534,-1,0
1669,"[0, 8, 0, 3, 0, 6, 0, 5, 0, 1, 0, 2, 0, 0, 0, 0, 0, 1, 0, 0, 2, 0, 0, 0, 0, 0, 0, 0, 0, 0, 0, 0, 1, 1, 2, 2, 0, 0, 2, 0, 0, 1, 1, 0, 2, 2, 0, 1, 0, 0, 0, 0, 0, 0, 0, 2, 0, 0, 0, 0, 0, 0, 0, 2, 2, 2, 3, 2, 0, 1, 1, 4, 2, 5, 1, 6, 2, 4, 2, 5, 325, 0, 0, 0, 0, 0, 0]",4,12.326829630005525,-1,0
1670,"[0, 8, 0, 3, 0, 6, 0, 5, 0, 1, 0, 2, 0, 0, 0, 0, 0, 1, 0, 0, 2, 0, 0, 0, 0, 0, 0, 0, 0, 0, 0, 0, 1, 1, 2, 2, 0, 0, 2, 0, 0, 1, 1, 0, 2, 2, 0, 1, 0, 0, 0, 0, 0, 0, 0, 2, 0, 0, 0, 0, 0, 0, 0, 2, 2, 2, 3, 2, 0, 1, 1, 4, 2, 5, 1, 6, 2, 4, 2, 5, 326, 0, 0, 0, 0, 0, 0]",4,13.831273266693252,-1,1
1671,"[0, 8, 0, 3, 0, 6, 0, 5, 0, 1, 0, 2, 0, 0, 0, 0, 0, 1, 0, 0, 2, 0, 0, 0, 0, 0, 0, 0, 0, 0, 0, 0, 1, 1, 2, 2, 0, 0, 2, 0, 0, 1, 1, 0, 2, 2, 0, 1, 0, 0, 0, 0, 0, 0, 0, 2, 0, 0, 0, 0, 0, 0, 0, 2, 2, 2, 3, 2, 0, 1, 1, 4, 2, 5, 1, 6, 2, 4, 2, 5, 327, 0, 0, 0, 0, 0, 0]",4,12.326649802290847,-1,0
1672,"[0, 8, 0, 3, 0, 6, 0, 5, 0, 1, 0, 2, 0, 0, 0, 0, 0, 1, 0, 0, 2, 0, 0, 0, 0, 0, 0, 0, 0, 0, 0, 0, 1, 1, 2, 2, 0, 0, 2, 0, 0, 1, 1, 0, 2, 2, 0, 1, 0, 0, 0, 0, 0, 0, 0, 2, 0, 0, 0, 0, 0, 0, 0, 2, 2, 2, 3, 2, 0, 1, 1, 4, 2, 5, 1, 6, 2, 4, 2, 5, 327, 0, 1, 0, 0, 0, 0]",2,0.4012362921783222,-1,1
1673,"[0, 8, 0, 3, 0, 6, 0, 5, 0, 1, 0, 2, 0, 0, 0, 0, 0, 1, 0, 0, 2, 0, 0, 0, 0, 0, 0, 0, 0, 0, 0, 0, 1, 1, 2, 2, 0, 0, 2, 0, 0, 1, 1, 0, 2, 2, 0, 1, 0, 0, 0, 0, 0, 0, 0, 2, 0, 0, 0, 0, 0, 0, 0, 2, 2, 2, 3, 2, 0, 1, 1, 4, 2, 5, 1, 6, 2, 4, 2, 5, 327, 0, 1, 0, 0, 1, 0]","[[0 1 0 0]
 [0 0 0 1]]",0.651661157236413,-1,1
1674,"[0, 8, 0, 3, 0, 6, 0, 5, 0, 1, 0, 2, 0, 0, 0, 0, 0, 1, 0, 0, 2, 0, 0, 0, 0, 0, 0, 0, 0, 0, 0, 0, 1, 1, 2, 2, 0, 0, 2, 0, 0, 1, 1, 0, 2, 2, 0, 1, 0, 0, 0, 0, 0, 0, 0, 2, 0, 0, 0, 0, 0, 0, 0, 2, 2, 2, 3, 2, 0, 1, 1, 4, 2, 5, 1, 6, 2, 4, 2, 5, 327, 0, 0, 0, 0, 0, 0]",1,-0.1987637078216778,-1,0
1675,"[0, 9, 0, 3, 0, 7, 0, 5, 0, 1, 0, 2, 0, 0, 0, 0, 0, 1, 0, 0, 2, 0, 0, 0, 0, 0, 0, 0, 0, 0, 0, 0, 1, 1, 2, 2, 0, 0, 2, 0, 0, 1, 1, 0, 2, 2, 0, 1, 0, 0, 0, 0, 0, 0, 0, 2, 0, 0, 0, 0, 0, 0, 0, 2, 2, 2, 3, 2, 0, 1, 1, 4, 2, 5, 1, 6, 2, 4, 2, 5, 328, 0, 0, 0, 0, 0, 0]",4,13.815016350950694,-1,1
1676,"[0, 9, 0, 3, 0, 7, 0, 5, 0, 1, 0, 2, 0, 0, 0, 0, 0, 1, 0, 0, 2, 0, 0, 0, 0, 0, 0, 0, 0, 0, 0, 0, 1, 1, 2, 2, 0, 0, 2, 0, 0, 1, 1, 0, 2, 2, 0, 1, 0, 0, 0, 0, 0, 0, 0, 2, 0, 0, 0, 0, 0, 0, 0, 2, 2, 2, 3, 2, 0, 1, 1, 4, 2, 5, 1, 6, 2, 4, 2, 5, 328, 0, 1, 0, 0, 0, 0]",2,0.401188104439668,-1,0
1677,"[0, 9, 0, 3, 0, 7, 0, 5, 0, 1, 0, 2, 0, 0, 0, 0, 0, 1, 0, 0, 2, 0, 0, 0, 0, 0, 0, 0, 0, 0, 0, 0, 1, 1, 2, 2, 0, 0, 2, 0, 0, 1, 1, 0, 2, 2, 0, 1, 0, 0, 0, 0, 0, 0, 0, 2, 0, 0, 0, 0, 0, 0, 0, 2, 2, 2, 3, 2, 0, 1, 1, 4, 2, 5, 1, 6, 2, 4, 2, 5, 328, 0, 0, 0, 0, 0, 0]",-1,-0.0018814128403588102,-1,0
1678,"[0, 9, 0, 3, 0, 7, 0, 5, 0, 1, 0, 2, 0, 0, 0, 0, 0, 1, 0, 0, 2, 0, 0, 0, 0, 0, 0, 0, 0, 0, 0, 0, 1, 1, 2, 2, 0, 0, 2, 0, 0, 1, 1, 0, 2, 2, 0, 1, 0, 0, 0, 0, 0, 0, 0, 2, 0, 0, 0, 0, 0, 0, 0, 2, 2, 2, 3, 2, 0, 1, 1, 4, 2, 5, 1, 6, 2, 4, 2, 5, 328, 0, 0, 0, 0, 0, 0]",0,0.2961628512702513,-1,0
1679,"[0, 9, 0, 3, 0, 7, 0, 5, 0, 1, 0, 2, 0, 0, 0, 0, 0, 1, 0, 0, 2, 0, 0, 0, 0, 0, 0, 0, 0, 0, 0, 0, 1, 1, 2, 2, 0, 0, 2, 0, 0, 1, 1, 0, 2, 2, 0, 1, 0, 0, 0, 0, 0, 0, 0, 2, 0, 0, 0, 0, 0, 0, 0, 2, 2, 2, 3, 2, 0, 1, 1, 4, 2, 5, 1, 6, 2, 4, 2, 5, 328, 0, 0, 0, 0, 0, 0]",-1,-0.0018814128403588102,-1,0
1680,"[0, 9, 0, 3, 0, 7, 0, 5, 0, 1, 0, 2, 0, 0, 0, 0, 0, 1, 0, 0, 2, 0, 0, 0, 0, 0, 0, 0, 0, 0, 0, 0, 1, 1, 2, 2, 0, 0, 2, 0, 0, 1, 1, 0, 2, 2, 0, 1, 0, 0, 0, 0, 0, 0, 0, 2, 0, 0, 0, 0, 0, 0, 0, 2, 2, 2, 3, 2, 0, 1, 1, 4, 2, 5, 1, 6, 2, 4, 2, 5, 328, 1, 0, 0, 0, 0, 0]",3,0.20118810443966806,-1,0
1681,"[0, 9, 0, 3, 0, 7, 0, 5, 0, 1, 0, 2, 0, 0, 0, 0, 0, 1, 0, 0, 2, 0, 0, 0, 0, 0, 0, 0, 0, 0, 0, 0, 1, 1, 2, 2, 0, 0, 2, 0, 0, 1, 1, 0, 2, 2, 0, 1, 0, 0, 0, 0, 0, 0, 0, 2, 0, 0, 0, 0, 0, 0, 0, 2, 2, 2, 3, 2, 0, 1, 1, 4, 2, 5, 1, 6, 2, 4, 2, 5, 328, 0, 0, 0, 0, 0, 0]",-1,-0.0018814128403588102,-1,0
1682,"[0, 10, 0, 3, 0, 8, 0, 5, 0, 1, 0, 2, 0, 0, 0, 0, 0, 1, 0, 0, 2, 0, 0, 0, 0, 0, 0, 0, 0, 0, 0, 0, 1, 1, 2, 2, 0, 0, 2, 0, 0, 1, 1, 0, 2, 2, 0, 1, 0, 0, 0, 0, 0, 0, 0, 2, 0, 0, 0, 0, 0, 0, 0, 2, 2, 2, 3, 2, 0, 1, 1, 4, 2, 5, 1, 6, 2, 4, 2, 5, 329, 0, 0, 0, 0, 0, 0]",4,12.276870054961787,-1,0
1683,"[0, 10, 0, 3, 0, 8, 0, 5, 0, 1, 0, 2, 0, 0, 0, 0, 0, 1, 0, 0, 2, 0, 0, 0, 0, 0, 0, 0, 0, 0, 0, 0, 1, 1, 2, 2, 0, 0, 2, 0, 0, 1, 1, 0, 2, 2, 0, 1, 0, 0, 0, 0, 0, 0, 0, 2, 0, 0, 0, 0, 0, 0, 0, 2, 2, 2, 3, 2, 0, 1, 1, 4, 2, 5, 1, 6, 2, 4, 2, 5, 330, 0, 0, 0, 0, 0, 0]",4,13.79693167247206,-1,1
1684,"[0, 10, 0, 3, 0, 8, 0, 5, 0, 1, 0, 2, 0, 0, 0, 0, 0, 1, 0, 0, 2, 0, 0, 0, 0, 0, 0, 0, 0, 0, 0, 0, 1, 1, 2, 2, 0, 0, 2, 0, 0, 1, 1, 0, 2, 2, 0, 1, 0, 0, 0, 0, 0, 0, 0, 2, 0, 0, 0, 0, 0, 0, 0, 2, 2, 2, 3, 2, 0, 1, 1, 4, 2, 5, 1, 6, 2, 4, 2, 5, 330, 1, 0, 0, 0, 0, 0]",3,0.20109725977989013,-1,0
1685,"[0, 10, 0, 3, 0, 8, 0, 5, 0, 1, 0, 2, 0, 0, 0, 0, 0, 1, 0, 0, 2, 0, 0, 0, 0, 0, 0, 0, 0, 0, 0, 0, 1, 1, 2, 2, 0, 0, 2, 0, 0, 1, 1, 0, 2, 2, 0, 1, 0, 0, 0, 0, 0, 0, 0, 2, 0, 0, 0, 0, 0, 0, 0, 2, 2, 2, 3, 2, 0, 1, 1, 4, 2, 5, 1, 6, 2, 4, 2, 5, 330, 0, 0, 0, 0, 0, 0]",-1,-0.0018441583700619997,-1,0
1686,"[0, 10, 0, 3, 0, 8, 0, 5, 0, 1, 0, 2, 0, 0, 0, 0, 0, 1, 0, 0, 2, 0, 0, 0, 0, 0, 0, 0, 0, 0, 0, 0, 1, 1, 2, 2, 0, 0, 2, 0, 0, 1, 1, 0, 2, 2, 0, 1, 0, 0, 0, 0, 0, 0, 0, 2, 0, 0, 0, 0, 0, 0, 0, 2, 2, 2, 3, 2, 0, 1, 1, 4, 2, 5, 1, 6, 2, 4, 2, 5, 331, 0, 0, 0, 0, 0, 0]",4,12.276708224311177,-1,0
1687,"[0, 11, 0, 3, 0, 9, 0, 5, 0, 1, 0, 2, 0, 0, 0, 0, 0, 1, 0, 0, 2, 0, 0, 0, 0, 0, 0, 0, 0, 0, 0, 0, 1, 1, 2, 2, 0, 0, 2, 0, 0, 1, 1, 0, 2, 2, 0, 1, 0, 0, 0, 0, 0, 0, 0, 2, 0, 0, 0, 0, 0, 0, 0, 2, 2, 2, 3, 2, 0, 1, 1, 4, 2, 5, 1, 6, 2, 4, 2, 5, 332, 0, 0, 0, 0, 0, 0]",4,13.778470364609356,-1,1
1688,"[0, 11, 0, 3, 0, 9, 0, 5, 0, 1, 0, 2, 0, 0, 0, 0, 0, 1, 0, 0, 2, 0, 0, 0, 0, 0, 0, 0, 0, 0, 0, 0, 1, 1, 2, 2, 0, 0, 2, 0, 0, 1, 1, 0, 2, 2, 0, 1, 0, 0, 0, 0, 0, 0, 0, 2, 0, 0, 0, 0, 0, 0, 0, 2, 2, 2, 3, 2, 0, 1, 1, 4, 2, 5, 1, 6, 2, 4, 2, 5, 332, 0, 1, 0, 0, 0, 0]",2,0.40101332586669325,-1,0
1689,"[0, 11, 0, 3, 0, 9, 0, 5, 0, 1, 0, 2, 0, 0, 0, 0, 0, 1, 0, 0, 2, 0, 0, 0, 0, 0, 0, 0, 0, 0, 0, 0, 1, 1, 2, 2, 0, 0, 2, 0, 0, 1, 1, 0, 2, 2, 0, 1, 0, 0, 0, 0, 0, 0, 0, 2, 0, 0, 0, 0, 0, 0, 0, 2, 2, 2, 3, 2, 0, 1, 1, 4, 2, 5, 1, 6, 2, 4, 2, 5, 332, 0, 0, 0, 0, 0, 0]",-1,-0.0018076415877023206,-1,0
1690,"[0, 11, 0, 4, 0, 9, 0, 6, 0, 1, 0, 2, 0, 0, 0, 0, 0, 1, 0, 0, 2, 0, 0, 0, 0, 0, 0, 0, 0, 0, 0, 0, 1, 1, 2, 2, 0, 0, 2, 0, 0, 1, 1, 0, 2, 2, 0, 1, 0, 0, 0, 0, 0, 0, 0, 2, 0, 0, 0, 0, 0, 0, 0, 2, 2, 2, 3, 2, 0, 1, 1, 4, 2, 5, 1, 6, 2, 4, 2, 5, 333, 0, 0, 0, 0, 0, 0]",4,12.3063564573105,-1,0
1691,"[0, 11, 0, 4, 0, 9, 0, 6, 0, 1, 0, 2, 0, 0, 0, 0, 0, 1, 0, 0, 2, 0, 0, 0, 0, 0, 0, 0, 0, 0, 0, 0, 1, 1, 2, 2, 0, 0, 2, 0, 0, 1, 1, 0, 2, 2, 0, 1, 0, 0, 0, 0, 0, 0, 0, 2, 0, 0, 0, 0, 0, 0, 0, 2, 2, 2, 3, 2, 0, 1, 1, 4, 2, 5, 1, 6, 2, 4, 2, 5, 333, 0, 1, 0, 0, 0, 0]",2,0.4009737862487517,-1,1
1692,"[0, 11, 0, 4, 0, 9, 0, 6, 0, 1, 0, 2, 0, 0, 0, 0, 0, 1, 0, 0, 2, 0, 0, 0, 0, 0, 0, 0, 0, 0, 0, 0, 1, 1, 2, 2, 0, 0, 2, 0, 0, 1, 1, 0, 2, 2, 0, 1, 0, 0, 0, 0, 0, 0, 0, 2, 0, 0, 0, 0, 0, 0, 0, 2, 2, 2, 3, 2, 0, 1, 1, 4, 2, 5, 1, 6, 2, 4, 2, 5, 333, 0, 1, 0, 0, 1, 0]","[[0 1 0 0]
 [0 0 0 1]]",0.6513986513068426,-1,1
1693,"[0, 12, 0, 3, 0, 8, 0, 7, 0, 1, 0, 2, 0, 0, 0, 0, 0, 1, 0, 0, 2, 0, 0, 0, 0, 0, 0, 0, 0, 0, 0, 0, 1, 1, 2, 2, 0, 0, 2, 0, 0, 1, 1, 0, 2, 2, 0, 1, 0, 0, 0, 0, 0, 0, 0, 2, 0, 0, 0, 0, 0, 0, 0, 2, 2, 2, 3, 2, 0, 1, 1, 4, 2, 5, 1, 6, 2, 4, 2, 5, 333, 0, 0, 0, 0, 0, 0]",0,-0.1990262137512483,-1,0
1694,"[0, 13, 0, 3, 0, 9, 0, 7, 0, 1, 0, 2, 0, 0, 0, 0, 0, 1, 0, 0, 2, 0, 0, 0, 0, 0, 0, 0, 0, 0, 0, 0, 1, 1, 2, 2, 0, 0, 2, 0, 0, 1, 1, 0, 2, 2, 0, 1, 0, 0, 0, 0, 0, 0, 0, 2, 0, 0, 0, 0, 0, 0, 0, 2, 2, 2, 3, 2, 0, 1, 1, 4, 2, 5, 1, 6, 2, 4, 2, 5, 334, 0, 0, 0, 0, 0, 0]",4,13.811402504037016,-1,1
1695,"[0, 13, 0, 3, 0, 9, 0, 7, 0, 1, 0, 2, 0, 0, 0, 0, 0, 1, 0, 0, 2, 0, 0, 0, 0, 0, 0, 0, 0, 0, 0, 0, 1, 1, 2, 2, 0, 0, 2, 0, 0, 1, 1, 0, 2, 2, 0, 1, 0, 0, 0, 0, 0, 0, 0, 2, 0, 0, 0, 0, 0, 0, 0, 2, 2, 2, 3, 2, 0, 1, 1, 4, 2, 5, 1, 6, 2, 4, 2, 5, 334, 1, 0, 0, 0, 0, 0]",3,0.20093578219727015,-1,0
1696,"[0, 13, 0, 3, 0, 9, 0, 7, 0, 1, 0, 2, 0, 0, 0, 0, 0, 1, 0, 0, 2, 0, 0, 0, 0, 0, 0, 0, 0, 0, 0, 0, 1, 1, 2, 2, 0, 0, 2, 0, 0, 1, 1, 0, 2, 2, 0, 1, 0, 0, 0, 0, 0, 0, 0, 2, 0, 0, 0, 0, 0, 0, 0, 2, 2, 2, 3, 2, 0, 1, 1, 4, 2, 5, 1, 6, 2, 4, 2, 5, 334, 0, 0, 0, 0, 0, 0]",-1,-0.001771847886079932,-1,0
1697,"[0, 13, 0, 3, 0, 9, 0, 7, 0, 1, 0, 2, 0, 0, 0, 0, 0, 1, 0, 0, 2, 0, 0, 0, 0, 0, 0, 0, 0, 0, 0, 0, 1, 1, 2, 2, 0, 0, 2, 0, 0, 1, 1, 0, 2, 2, 0, 1, 0, 0, 0, 0, 0, 0, 0, 2, 0, 0, 0, 0, 0, 0, 0, 2, 2, 2, 3, 2, 0, 1, 1, 4, 2, 5, 1, 6, 2, 4, 2, 5, 335, 0, 0, 0, 0, 0, 0]",4,13.81133036173733,-1,1
1698,"[0, 13, 0, 3, 0, 9, 0, 7, 0, 1, 0, 2, 0, 0, 0, 0, 0, 1, 0, 0, 2, 0, 0, 0, 0, 0, 0, 0, 0, 0, 0, 0, 1, 1, 2, 2, 0, 0, 2, 0, 0, 1, 1, 0, 2, 2, 0, 1, 0, 0, 0, 0, 0, 0, 0, 2, 0, 0, 0, 0, 0, 0, 0, 2, 2, 2, 3, 2, 0, 1, 1, 4, 2, 5, 1, 6, 2, 4, 2, 5, 335, 0, 0, 0, 0, 0, 0]",0,0.29587400146277154,-1,0
1699,"[0, 13, 0, 3, 0, 9, 0, 7, 0, 1, 0, 2, 0, 0, 0, 0, 0, 1, 0, 0, 2, 0, 0, 0, 0, 0, 0, 0, 0, 0, 0, 0, 1, 1, 2, 2, 0, 0, 2, 0, 0, 1, 1, 0, 2, 2, 0, 1, 0, 0, 0, 0, 0, 0, 0, 2, 0, 0, 0, 0, 0, 0, 0, 2, 2, 2, 3, 2, 0, 1, 1, 4, 2, 5, 1, 6, 2, 4, 2, 5, 335, 0, 0, 0, 0, 0, 0]",-1,-0.0017542177050422513,-1,0
1700,"[0, 13, 0, 3, 0, 9, 0, 7, 0, 1, 0, 2, 0, 0, 0, 0, 0, 1, 0, 0, 2, 0, 0, 0, 0, 0, 0, 0, 0, 0, 0, 0, 1, 1, 2, 2, 0, 0, 2, 0, 0, 1, 1, 0, 2, 2, 0, 1, 0, 0, 0, 0, 0, 0, 0, 2, 0, 0, 0, 0, 0, 0, 0, 2, 2, 2, 3, 2, 0, 1, 1, 4, 2, 5, 1, 6, 2, 4, 2, 5, 336, 0, 0, 0, 0, 0, 0]",4,12.223720222563356,-1,0
1701,"[0, 13, 0, 3, 0, 9, 0, 7, 0, 1, 0, 2, 0, 0, 0, 0, 0, 1, 0, 0, 2, 0, 0, 0, 0, 0, 0, 0, 0, 0, 0, 0, 1, 1, 2, 2, 0, 0, 2, 0, 0, 1, 1, 0, 2, 2, 0, 1, 0, 0, 0, 0, 0, 0, 0, 2, 0, 0, 0, 0, 0, 0, 0, 2, 2, 2, 3, 2, 0, 1, 1, 4, 2, 5, 1, 6, 2, 4, 2, 5, 337, 0, 0, 0, 0, 0, 0]",4,13.811191340940175,-1,1
1702,"[0, 14, 0, 3, 0, 10, 0, 7, 0, 1, 0, 2, 0, 0, 0, 0, 0, 1, 0, 0, 2, 0, 0, 0, 0, 0, 0, 0, 0, 0, 0, 0, 1, 1, 2, 2, 0, 0, 2, 0, 0, 1, 1, 0, 2, 2, 0, 1, 0, 0, 0, 0, 0, 0, 0, 2, 0, 0, 0, 0, 0, 0, 0, 2, 2, 2, 3, 2, 0, 1, 1, 4, 2, 5, 1, 6, 2, 4, 2, 5, 338, 0, 0, 0, 0, 0, 0]",4,12.209963440485058,-1,0
1703,"[0, 14, 0, 3, 0, 10, 0, 7, 0, 1, 0, 2, 0, 0, 0, 0, 0, 1, 0, 0, 2, 0, 0, 0, 0, 0, 0, 0, 0, 0, 0, 0, 1, 1, 2, 2, 0, 0, 2, 0, 0, 1, 1, 0, 2, 2, 0, 1, 0, 0, 0, 0, 0, 0, 0, 2, 0, 0, 0, 0, 0, 0, 0, 2, 2, 2, 3, 2, 0, 1, 1, 4, 2, 5, 1, 6, 2, 4, 2, 5, 338, 0, 1, 0, 0, 0, 0]",2,0.4007979730297988,-1,1
1704,"[0, 14, 0, 3, 0, 10, 0, 7, 0, 1, 0, 2, 0, 0, 0, 0, 0, 1, 0, 0, 2, 0, 0, 0, 0, 0, 0, 0, 0, 0, 0, 0, 1, 1, 2, 2, 0, 0, 2, 0, 0, 1, 1, 0, 2, 2, 0, 1, 0, 0, 0, 0, 0, 0, 0, 2, 0, 0, 0, 0, 0, 0, 0, 2, 2, 2, 3, 2, 0, 1, 1, 4, 2, 5, 1, 6, 2, 4, 2, 5, 338, 0, 1, 0, 0, 1, 0]","[[0 1 0 0]
 [0 0 0 1]]",0.6512228380878897,-1,1
1705,"[0, 15, 0, 2, 0, 9, 0, 8, 0, 1, 0, 2, 0, 0, 0, 0, 0, 1, 0, 0, 2, 0, 0, 0, 0, 0, 0, 0, 0, 0, 0, 0, 1, 1, 2, 2, 0, 0, 2, 0, 0, 1, 1, 0, 2, 2, 0, 1, 0, 0, 0, 0, 0, 0, 0, 2, 0, 0, 0, 0, 0, 0, 0, 2, 2, 2, 3, 2, 0, 1, 1, 4, 2, 5, 1, 6, 2, 4, 2, 5, 338, 0, 0, 0, 0, 0, 0]",0,-0.1992020269702012,-1,0
1706,"[0, 7, 0, 1, 0, 4, 0, 4, 0, 1, 0, 2, 0, 0, 0, 0, 0, 1, 0, 0, 2, 0, 0, 0, 0, 0, 0, 0, 0, 0, 0, 0, 1, 1, 2, 2, 0, 0, 2, 0, 0, 1, 1, 0, 2, 2, 0, 1, 0, 0, 0, 0, 0, 0, 0, 2, 0, 0, 0, 0, 0, 0, 0, 2, 2, 2, 3, 2, 0, 1, 1, 4, 2, 5, 1, 6, 2, 4, 2, 4, 339, 0, 0, 0, 0, 0, 0]",4,13.86535274124988,-1,1
1707,"[0, 3, 0, 1, 0, 2, 0, 2, 0, 1, 0, 2, 0, 0, 0, 0, 0, 1, 0, 0, 2, 0, 0, 0, 0, 0, 0, 0, 0, 0, 0, 0, 1, 1, 2, 2, 0, 0, 2, 0, 0, 1, 1, 0, 2, 2, 0, 1, 0, 0, 0, 0, 0, 0, 0, 2, 0, 0, 0, 0, 0, 0, 0, 2, 2, 2, 3, 2, 0, 1, 1, 4, 2, 5, 1, 6, 2, 4, 2, 1, 340, 0, 0, 0, 0, 0, 0]",4,12.497582272942884,-1,0
1708,"[0, 4, 0, 1, 0, 3, 0, 2, 0, 1, 0, 2, 0, 0, 0, 0, 0, 1, 0, 0, 2, 0, 0, 0, 0, 0, 0, 0, 0, 0, 0, 0, 1, 1, 2, 2, 0, 0, 2, 0, 0, 1, 1, 0, 2, 2, 0, 1, 0, 0, 0, 0, 0, 0, 0, 2, 0, 0, 0, 0, 0, 0, 0, 2, 2, 2, 3, 2, 0, 1, 1, 4, 2, 5, 1, 6, 2, 4, 2, 1, 341, 0, 0, 0, 0, 0, 0]",4,13.934963342439886,-1,1
1709,"[0, 4, 0, 1, 0, 3, 0, 2, 0, 1, 0, 2, 0, 0, 0, 0, 0, 1, 0, 0, 2, 0, 0, 0, 0, 0, 0, 0, 0, 0, 0, 0, 1, 1, 2, 2, 0, 0, 2, 0, 0, 1, 1, 0, 2, 2, 0, 1, 0, 0, 0, 0, 0, 0, 0, 2, 0, 0, 0, 0, 0, 0, 0, 2, 2, 2, 3, 2, 0, 1, 1, 4, 2, 5, 1, 6, 2, 4, 2, 1, 341, 0, 1, 0, 0, 0, 0]",2,0.4007080580441893,-1,0
1710,"[0, 4, 0, 1, 0, 3, 0, 2, 0, 1, 0, 2, 0, 0, 0, 0, 0, 1, 0, 0, 2, 0, 0, 0, 0, 0, 0, 0, 0, 0, 0, 0, 1, 1, 2, 2, 0, 0, 2, 0, 0, 1, 1, 0, 2, 2, 0, 1, 0, 0, 0, 0, 0, 0, 0, 2, 0, 0, 0, 0, 0, 0, 0, 2, 2, 2, 3, 2, 0, 1, 1, 4, 2, 5, 1, 6, 2, 4, 2, 1, 341, 0, 0, 0, 0, 0, 0]",-1,-0.0016520600187943466,-1,0
1711,"[0, 4, 0, 1, 0, 3, 0, 2, 0, 1, 0, 2, 0, 0, 0, 0, 0, 1, 0, 0, 2, 0, 0, 0, 0, 0, 0, 0, 0, 0, 0, 0, 1, 1, 2, 2, 0, 0, 2, 0, 0, 1, 1, 0, 2, 2, 0, 1, 0, 0, 0, 0, 0, 0, 0, 2, 0, 0, 0, 0, 0, 0, 0, 2, 2, 2, 3, 2, 0, 1, 1, 4, 2, 5, 1, 6, 2, 4, 2, 1, 341, 1, 0, 0, 0, 0, 0]",3,0.2007080580441893,-1,0
1712,"[0, 4, 0, 1, 0, 3, 0, 2, 0, 1, 0, 2, 0, 0, 0, 0, 0, 1, 0, 0, 2, 0, 0, 0, 0, 0, 0, 0, 0, 0, 0, 0, 1, 1, 2, 2, 0, 0, 2, 0, 0, 1, 1, 0, 2, 2, 0, 1, 0, 0, 0, 0, 0, 0, 0, 2, 0, 0, 0, 0, 0, 0, 0, 2, 2, 2, 3, 2, 0, 1, 1, 4, 2, 5, 1, 6, 2, 4, 2, 1, 341, 0, 0, 0, 0, 0, 0]",-1,-0.0016520600187943466,-1,0
1713,"[0, 5, 0, 1, 0, 4, 0, 2, 0, 1, 0, 2, 0, 0, 0, 0, 0, 1, 0, 0, 2, 0, 0, 0, 0, 0, 0, 0, 0, 0, 0, 0, 1, 1, 2, 2, 0, 0, 2, 0, 0, 1, 1, 0, 2, 2, 0, 1, 0, 0, 0, 0, 0, 0, 0, 2, 0, 0, 0, 0, 0, 0, 0, 2, 2, 2, 3, 2, 0, 1, 1, 4, 2, 5, 1, 6, 2, 4, 2, 1, 342, 0, 0, 0, 0, 0, 0]",4,12.279550254475035,-1,0
1714,"[0, 5, 0, 1, 0, 4, 0, 2, 0, 1, 0, 2, 0, 0, 0, 0, 0, 1, 0, 0, 2, 0, 0, 0, 0, 0, 0, 0, 0, 0, 0, 0, 1, 1, 2, 2, 0, 0, 2, 0, 0, 1, 1, 0, 2, 2, 0, 1, 0, 0, 0, 0, 0, 0, 0, 2, 0, 0, 0, 0, 0, 0, 0, 2, 2, 2, 3, 2, 0, 1, 1, 4, 2, 5, 1, 6, 2, 4, 2, 1, 343, 0, 0, 0, 0, 0, 0]",4,13.854632255846122,-1,1
1715,"[0, 6, 0, 1, 0, 5, 0, 2, 0, 1, 0, 2, 0, 0, 0, 0, 0, 1, 0, 0, 2, 0, 0, 0, 0, 0, 0, 0, 0, 0, 0, 0, 1, 1, 2, 2, 0, 0, 2, 0, 0, 1, 1, 0, 2, 2, 0, 1, 0, 0, 0, 0, 0, 0, 0, 2, 0, 0, 0, 0, 0, 0, 0, 2, 2, 2, 3, 2, 0, 1, 1, 4, 2, 5, 1, 6, 2, 4, 2, 1, 344, 0, 0, 0, 0, 0, 0]",4,12.22381898207553,-1,0
1716,"[0, 6, 0, 1, 0, 5, 0, 2, 0, 1, 0, 2, 0, 0, 0, 0, 0, 1, 0, 0, 2, 0, 0, 0, 0, 0, 0, 0, 0, 0, 0, 0, 1, 1, 2, 2, 0, 0, 2, 0, 0, 1, 1, 0, 2, 2, 0, 1, 0, 0, 0, 0, 0, 0, 0, 2, 0, 0, 0, 0, 0, 0, 0, 2, 2, 2, 3, 2, 0, 1, 1, 4, 2, 5, 1, 6, 2, 4, 2, 1, 344, 0, 1, 0, 0, 0, 0]",2,0.40062824265696584,-1,1
1717,"[0, 6, 0, 1, 0, 5, 0, 2, 0, 1, 0, 2, 0, 0, 0, 0, 0, 1, 0, 0, 2, 0, 0, 0, 0, 0, 0, 0, 0, 0, 0, 0, 1, 1, 2, 2, 0, 0, 2, 0, 0, 1, 1, 0, 2, 2, 0, 1, 0, 0, 0, 0, 0, 0, 0, 2, 0, 0, 0, 0, 0, 0, 0, 2, 2, 2, 3, 2, 0, 1, 1, 4, 2, 5, 1, 6, 2, 4, 2, 1, 344, 0, 1, 0, 0, 1, 0]","[[0 1 0 0]
 [0 0 0 1]]",0.6510531077150568,-1,1
1718,"[0, 7, 0, 0, 0, 4, 0, 3, 0, 1, 0, 2, 0, 0, 0, 0, 0, 1, 0, 0, 2, 0, 0, 0, 0, 0, 0, 0, 0, 0, 0, 0, 1, 1, 2, 2, 0, 0, 2, 0, 0, 1, 1, 0, 2, 2, 0, 1, 0, 0, 0, 0, 0, 0, 0, 2, 0, 0, 0, 0, 0, 0, 0, 2, 2, 2, 3, 2, 0, 1, 1, 4, 2, 5, 1, 6, 2, 4, 2, 1, 344, 0, 0, 0, 0, 0, 0]",0,-0.19937175734303414,-1,0
1719,"[0, 8, 0, 0, 0, 5, 0, 3, 0, 1, 0, 2, 0, 0, 0, 0, 0, 1, 0, 0, 2, 0, 0, 0, 0, 0, 0, 0, 0, 0, 0, 0, 1, 1, 2, 2, 0, 0, 2, 0, 0, 1, 1, 0, 2, 2, 0, 1, 0, 0, 0, 0, 0, 0, 0, 2, 0, 0, 0, 0, 0, 0, 0, 2, 2, 2, 3, 2, 0, 1, 1, 4, 2, 5, 1, 6, 2, 4, 2, 1, 345, 0, 0, 0, 0, 0, 0]",4,13.830328388249095,-1,1
1720,"[0, 8, 0, 0, 0, 5, 0, 3, 0, 1, 0, 2, 0, 0, 0, 0, 0, 1, 0, 0, 2, 0, 0, 0, 0, 0, 0, 0, 0, 0, 0, 0, 1, 1, 2, 2, 0, 0, 2, 0, 0, 1, 1, 0, 2, 2, 0, 1, 0, 0, 0, 0, 0, 0, 0, 2, 0, 0, 0, 0, 0, 0, 0, 2, 2, 2, 3, 2, 0, 1, 1, 4, 2, 5, 1, 6, 2, 4, 2, 1, 345, 0, 1, 0, 0, 0, 0]",2,0.40060368326494167,-1,0
1721,"[0, 8, 0, 0, 0, 5, 0, 3, 0, 1, 0, 2, 0, 0, 0, 0, 0, 1, 0, 0, 2, 0, 0, 0, 0, 0, 0, 0, 0, 0, 0, 0, 1, 1, 2, 2, 0, 0, 2, 0, 0, 1, 1, 0, 2, 2, 0, 1, 0, 0, 0, 0, 0, 0, 0, 2, 0, 0, 0, 0, 0, 0, 0, 2, 2, 2, 3, 2, 0, 1, 1, 4, 2, 5, 1, 6, 2, 4, 2, 1, 345, 0, 1, 0, 0, 1, 0]","[[0 1 0 0]
 [0 0 0 1]]",0.6510285483230326,-1,0
1722,"[0, 8, 0, 0, 0, 5, 0, 3, 0, 1, 0, 2, 0, 0, 0, 0, 0, 1, 0, 0, 2, 0, 0, 0, 0, 0, 0, 0, 0, 0, 0, 0, 1, 1, 2, 2, 0, 0, 2, 0, 0, 1, 1, 0, 2, 2, 0, 1, 0, 0, 0, 0, 0, 0, 0, 2, 0, 0, 0, 0, 0, 0, 0, 2, 2, 2, 3, 2, 0, 1, 1, 4, 2, 5, 1, 6, 2, 4, 2, 1, 345, 0, 0, 0, 0, 0, 0]",1,-7.547865545084593,-1,1
1723,"[0, 8, 0, 0, 0, 5, 0, 3, 0, 1, 0, 2, 0, 0, 0, 0, 0, 1, 0, 0, 2, 0, 0, 0, 0, 0, 0, 0, 0, 0, 0, 0, 1, 1, 2, 2, 0, 0, 2, 0, 0, 1, 1, 0, 2, 2, 0, 1, 0, 0, 0, 0, 0, 0, 0, 2, 0, 0, 0, 0, 0, 0, 0, 2, 2, 2, 3, 2, 0, 1, 1, 4, 2, 5, 1, 6, 2, 4, 2, 1, 345, 0, 0, 0, 0, 0, 0]",0,0.295578430095525,-1,0
1724,"[0, 8, 0, 0, 0, 5, 0, 3, 0, 1, 0, 2, 0, 0, 0, 0, 0, 1, 0, 0, 2, 0, 0, 0, 0, 0, 0, 0, 0, 0, 0, 0, 1, 1, 2, 2, 0, 0, 2, 0, 0, 1, 1, 0, 2, 2, 0, 1, 0, 0, 0, 0, 0, 0, 0, 2, 0, 0, 0, 0, 0, 0, 0, 2, 2, 2, 3, 2, 0, 1, 1, 4, 2, 5, 1, 6, 2, 4, 2, 1, 345, 0, 0, 0, 0, 0, 0]",-1,-0.001587281818903397,-1,0
1725,"[0, 8, 0, 0, 0, 5, 0, 3, 0, 1, 0, 2, 0, 0, 0, 0, 0, 1, 0, 0, 2, 0, 0, 0, 0, 0, 0, 0, 0, 0, 0, 0, 1, 1, 2, 2, 0, 0, 2, 0, 0, 1, 1, 0, 2, 2, 0, 1, 0, 0, 0, 0, 0, 0, 0, 2, 0, 0, 0, 0, 0, 0, 0, 2, 2, 2, 3, 2, 0, 1, 1, 4, 2, 5, 1, 6, 2, 4, 2, 1, 345, 0, 1, 0, 0, 0, 0]",2,0.40060368326494167,-1,0
1726,"[0, 8, 0, 0, 0, 5, 0, 3, 0, 1, 0, 2, 0, 0, 0, 0, 0, 1, 0, 0, 2, 0, 0, 0, 0, 0, 0, 0, 0, 0, 0, 0, 1, 1, 2, 2, 0, 0, 2, 0, 0, 1, 1, 0, 2, 2, 0, 1, 0, 0, 0, 0, 0, 0, 0, 2, 0, 0, 0, 0, 0, 0, 0, 2, 2, 2, 3, 2, 0, 1, 1, 4, 2, 5, 1, 6, 2, 4, 2, 1, 345, 0, 1, 0, 0, 1, 0]","[[0 1 0 0]
 [0 0 0 1]]",0.6510285483230326,-1,0
1727,"[0, 8, 0, 0, 0, 5, 0, 3, 0, 1, 0, 2, 0, 0, 0, 0, 0, 1, 0, 0, 2, 0, 0, 0, 0, 0, 0, 0, 0, 0, 0, 0, 1, 1, 2, 2, 0, 0, 2, 0, 0, 1, 1, 0, 2, 2, 0, 1, 0, 0, 0, 0, 0, 0, 0, 2, 0, 0, 0, 0, 0, 0, 0, 2, 2, 2, 3, 2, 0, 1, 1, 4, 2, 5, 1, 6, 2, 4, 2, 1, 345, 0, 1, 0, 0, 0, 1]",2,-0.19939631673505834,-1,1
1728,"[0, 8, 0, 0, 0, 5, 0, 3, 0, 1, 0, 2, 0, 0, 0, 0, 0, 1, 0, 0, 2, 0, 0, 0, 0, 0, 0, 0, 0, 0, 0, 0, 1, 1, 2, 2, 0, 0, 2, 0, 0, 1, 1, 0, 2, 2, 0, 1, 0, 0, 0, 0, 0, 0, 0, 2, 0, 0, 0, 0, 0, 0, 0, 2, 2, 2, 3, 2, 0, 1, 1, 4, 2, 5, 1, 6, 2, 4, 2, 1, 345, 0, 0, 1, 0, 0, 0]","[[0 0 0 1]
 [0 2 0 0]]",-0.19939631673505834,-1,1
1729,"[0, 8, 0, 0, 0, 5, 0, 3, 0, 1, 0, 2, 0, 0, 0, 0, 0, 1, 0, 0, 2, 0, 0, 0, 0, 0, 0, 0, 0, 0, 0, 0, 1, 1, 2, 2, 0, 0, 2, 0, 0, 1, 1, 0, 2, 2, 0, 1, 0, 0, 0, 0, 0, 0, 0, 2, 0, 0, 0, 0, 0, 0, 0, 2, 2, 2, 3, 2, 0, 1, 1, 4, 2, 5, 1, 6, 2, 4, 2, 1, 345, 0, 0, 0, 0, 0, 0]",1,-3.2985199560836174,-1,0
1730,"[0, 8, 0, 0, 0, 5, 0, 3, 0, 1, 0, 2, 0, 0, 0, 0, 0, 1, 0, 0, 2, 0, 0, 0, 0, 0, 0, 0, 0, 0, 0, 0, 1, 1, 2, 2, 0, 0, 2, 0, 0, 1, 1, 0, 2, 2, 0, 1, 0, 0, 0, 0, 0, 0, 0, 2, 0, 0, 0, 0, 0, 0, 0, 2, 2, 2, 3, 2, 0, 1, 1, 4, 2, 5, 1, 6, 2, 4, 2, 1, 345, 0, 1, 0, 0, 0, 0]",2,0.40060368326494167,-1,0
1731,"[0, 8, 0, 0, 0, 5, 0, 3, 0, 1, 0, 2, 0, 0, 0, 0, 0, 1, 0, 0, 2, 0, 0, 0, 0, 0, 0, 0, 0, 0, 0, 0, 1, 1, 2, 2, 0, 0, 2, 0, 0, 1, 1, 0, 2, 2, 0, 1, 0, 0, 0, 0, 0, 0, 0, 2, 0, 0, 0, 0, 0, 0, 0, 2, 2, 2, 3, 2, 0, 1, 1, 4, 2, 5, 1, 6, 2, 4, 2, 1, 345, 0, 1, 0, 0, 1, 0]","[[0 1 0 0]
 [0 0 0 1]]",0.6510285483230326,-1,0
1732,"[0, 7, 0, 1, 0, 6, 0, 2, 0, 1, 0, 2, 0, 0, 0, 0, 0, 1, 0, 0, 2, 0, 0, 0, 0, 0, 0, 0, 0, 0, 0, 0, 1, 1, 2, 2, 0, 0, 2, 0, 0, 1, 1, 0, 2, 2, 0, 1, 0, 0, 0, 0, 0, 0, 0, 2, 0, 0, 0, 0, 0, 0, 0, 2, 2, 2, 3, 2, 0, 1, 1, 4, 2, 5, 1, 6, 2, 4, 2, 1, 345, 0, 0, 0, 0, 0, 0]",0,-0.19939631673505834,-1,1
1733,"[0, 7, 0, 1, 0, 6, 0, 2, 0, 1, 0, 2, 0, 0, 0, 0, 0, 1, 0, 0, 2, 0, 0, 0, 0, 0, 0, 0, 0, 0, 0, 0, 1, 1, 2, 2, 0, 0, 2, 0, 0, 1, 1, 0, 2, 2, 0, 1, 0, 0, 0, 0, 0, 0, 0, 2, 0, 0, 0, 0, 0, 0, 0, 2, 2, 2, 3, 2, 0, 1, 1, 4, 2, 5, 1, 6, 2, 4, 2, 1, 345, 0, 1, 0, 0, 0, 0]",2,0.40060368326494167,-1,0
1734,"[0, 7, 0, 1, 0, 6, 0, 2, 0, 1, 0, 2, 0, 0, 0, 0, 0, 1, 0, 0, 2, 0, 0, 0, 0, 0, 0, 0, 0, 0, 0, 0, 1, 1, 2, 2, 0, 0, 2, 0, 0, 1, 1, 0, 2, 2, 0, 1, 0, 0, 0, 0, 0, 0, 0, 2, 0, 0, 0, 0, 0, 0, 0, 2, 2, 2, 3, 2, 0, 1, 1, 4, 2, 5, 1, 6, 2, 4, 2, 1, 345, 0, 0, 0, 0, 0, 0]",-1,-0.001587281818903397,-1,0
1735,"[0, 7, 0, 1, 0, 6, 0, 2, 0, 1, 0, 2, 0, 0, 0, 0, 0, 1, 0, 0, 2, 0, 0, 0, 0, 0, 0, 0, 0, 0, 0, 0, 1, 1, 2, 2, 0, 0, 2, 0, 0, 1, 1, 0, 2, 2, 0, 1, 0, 0, 0, 0, 0, 0, 0, 2, 0, 0, 0, 0, 0, 0, 0, 2, 2, 2, 3, 2, 0, 1, 1, 4, 2, 5, 1, 6, 2, 4, 2, 1, 346, 0, 0, 0, 0, 0, 0]",4,12.185414028074108,-1,0
1736,"[0, 7, 0, 1, 1, 6, 0, 2, 0, 1, 0, 2, 0, 0, 0, 0, 0, 1, 0, 0, 2, 0, 0, 0, 0, 0, 0, 0, 0, 0, 0, 0, 1, 1, 2, 2, 0, 0, 2, 0, 0, 1, 1, 0, 2, 2, 0, 1, 0, 0, 0, 0, 0, 0, 0, 2, 0, 0, 0, 0, 0, 0, 0, 2, 2, 2, 3, 2, 0, 1, 1, 4, 2, 5, 1, 6, 2, 4, 2, 1, 347, 0, 0, 0, 0, 0, 0]",4,13.862012993173279,-1,1
1737,"[0, 7, 0, 1, 1, 6, 0, 2, 0, 1, 0, 2, 0, 0, 0, 0, 0, 1, 0, 0, 2, 0, 0, 0, 0, 0, 0, 0, 0, 0, 0, 0, 1, 1, 2, 2, 0, 0, 2, 0, 0, 1, 1, 0, 2, 2, 0, 1, 0, 0, 0, 0, 0, 0, 0, 2, 0, 0, 0, 0, 0, 0, 0, 2, 2, 2, 3, 2, 0, 1, 1, 4, 2, 5, 1, 6, 2, 4, 2, 1, 347, 0, 0, 0, 0, 0, 0]",0,0.2955321460743917,-1,0
1738,"[0, 7, 0, 1, 1, 6, 0, 2, 0, 1, 0, 2, 0, 0, 0, 0, 0, 1, 0, 0, 2, 0, 0, 0, 0, 0, 0, 0, 0, 0, 0, 0, 1, 1, 2, 2, 0, 0, 2, 0, 0, 1, 1, 0, 2, 2, 0, 1, 0, 0, 0, 0, 0, 0, 0, 2, 0, 0, 0, 0, 0, 0, 0, 2, 2, 2, 3, 2, 0, 1, 1, 4, 2, 5, 1, 6, 2, 4, 2, 1, 347, 0, 0, 0, 0, 0, 0]",-1,-0.0015558515330530431,-1,0
1739,"[0, 7, 0, 1, 1, 6, 0, 2, 0, 1, 0, 2, 0, 0, 0, 0, 0, 1, 0, 0, 2, 0, 0, 0, 0, 0, 0, 0, 0, 0, 0, 0, 1, 1, 2, 2, 0, 0, 2, 0, 0, 1, 1, 0, 2, 2, 0, 1, 0, 0, 0, 0, 0, 0, 0, 2, 0, 0, 0, 0, 0, 0, 0, 2, 2, 2, 3, 2, 0, 1, 1, 4, 2, 5, 1, 6, 2, 4, 2, 1, 347, 1, 0, 0, 0, 0, 0]",3,0.20055739924380844,-1,0
1740,"[0, 7, 0, 1, 1, 6, 0, 2, 0, 1, 0, 2, 0, 0, 0, 0, 0, 1, 0, 0, 2, 0, 0, 0, 0, 0, 0, 0, 0, 0, 0, 0, 1, 1, 2, 2, 0, 0, 2, 0, 0, 1, 1, 0, 2, 2, 0, 1, 0, 0, 0, 0, 0, 0, 0, 2, 0, 0, 0, 0, 0, 0, 0, 2, 2, 2, 3, 2, 0, 1, 1, 4, 2, 5, 1, 6, 2, 4, 2, 1, 347, 0, 0, 0, 0, 0, 0]",-1,-0.0015558515330530431,-1,0
1741,"[0, 7, 0, 1, 1, 6, 0, 2, 0, 1, 0, 2, 0, 0, 0, 0, 0, 1, 0, 0, 2, 0, 0, 0, 0, 0, 0, 0, 0, 0, 0, 0, 1, 1, 2, 2, 0, 0, 2, 0, 0, 1, 1, 0, 2, 2, 0, 1, 0, 0, 0, 0, 0, 0, 0, 2, 0, 0, 0, 0, 0, 0, 0, 2, 2, 2, 3, 2, 0, 1, 1, 4, 2, 5, 1, 6, 2, 4, 2, 1, 347, 1, 0, 0, 0, 0, 0]",3,0.20055739924380844,-1,0
1742,"[0, 7, 0, 1, 1, 6, 0, 2, 0, 1, 0, 2, 0, 0, 0, 0, 0, 1, 0, 0, 2, 0, 0, 0, 0, 0, 0, 0, 0, 0, 0, 0, 1, 1, 2, 2, 0, 0, 2, 0, 0, 1, 1, 0, 2, 2, 0, 1, 0, 0, 0, 0, 0, 0, 0, 2, 0, 0, 0, 0, 0, 0, 0, 2, 2, 2, 3, 2, 0, 1, 1, 4, 2, 5, 1, 6, 2, 4, 2, 1, 347, 0, 0, 0, 0, 0, 0]",-1,-0.0015558515330530431,-1,0
1743,"[0, 7, 0, 1, 1, 6, 0, 2, 0, 1, 0, 2, 0, 0, 0, 0, 0, 1, 0, 0, 2, 0, 0, 0, 0, 0, 0, 0, 0, 0, 0, 0, 1, 1, 2, 2, 0, 0, 2, 0, 0, 1, 1, 0, 2, 2, 0, 1, 0, 0, 0, 0, 0, 0, 0, 2, 0, 0, 0, 0, 0, 0, 0, 2, 2, 2, 3, 2, 0, 1, 1, 4, 2, 5, 1, 6, 2, 4, 2, 1, 348, 0, 0, 0, 0, 0, 0]",4,12.185306688179294,-1,0
1744,"[0, 8, 0, 1, 1, 7, 0, 2, 0, 1, 0, 2, 0, 0, 0, 0, 0, 1, 0, 0, 2, 0, 0, 0, 0, 0, 0, 0, 0, 0, 0, 0, 1, 1, 2, 2, 0, 0, 2, 0, 0, 1, 1, 0, 2, 2, 0, 1, 0, 0, 0, 0, 0, 0, 0, 2, 0, 0, 0, 0, 0, 0, 0, 2, 2, 2, 3, 2, 0, 1, 1, 4, 2, 5, 1, 6, 2, 4, 2, 1, 349, 0, 0, 0, 0, 0, 0]",4,13.80408920363789,-1,1
1745,"[0, 8, 0, 1, 1, 7, 0, 2, 0, 1, 0, 2, 0, 0, 0, 0, 0, 1, 0, 0, 2, 0, 0, 0, 0, 0, 0, 0, 0, 0, 0, 0, 1, 1, 2, 2, 0, 0, 2, 0, 0, 1, 1, 0, 2, 2, 0, 1, 0, 0, 0, 0, 0, 0, 0, 2, 0, 0, 0, 0, 0, 0, 0, 2, 2, 2, 3, 2, 0, 1, 1, 4, 2, 5, 1, 6, 2, 4, 2, 1, 349, 1, 0, 0, 0, 0, 0]",3,0.20051465463076207,-1,0
1746,"[0, 8, 0, 1, 1, 7, 0, 2, 0, 1, 0, 2, 0, 0, 0, 0, 0, 1, 0, 0, 2, 0, 0, 0, 0, 0, 0, 0, 0, 0, 0, 0, 1, 1, 2, 2, 0, 0, 2, 0, 0, 1, 1, 0, 2, 2, 0, 1, 0, 0, 0, 0, 0, 0, 0, 2, 0, 0, 0, 0, 0, 0, 0, 2, 2, 2, 3, 2, 0, 1, 1, 4, 2, 5, 1, 6, 2, 4, 2, 1, 349, 0, 0, 0, 0, 0, 0]",-1,-0.0015250436085608742,-1,0
1747,"[0, 8, 0, 1, 2, 7, 0, 2, 0, 1, 0, 2, 0, 0, 0, 0, 0, 1, 0, 0, 2, 0, 0, 0, 0, 0, 0, 0, 0, 0, 0, 0, 1, 1, 2, 2, 0, 0, 2, 0, 0, 1, 1, 0, 2, 2, 0, 1, 0, 0, 0, 0, 0, 0, 0, 2, 0, 0, 0, 0, 0, 0, 0, 2, 2, 2, 3, 2, 0, 1, 1, 4, 2, 5, 1, 6, 2, 4, 2, 1, 350, 0, 0, 0, 0, 0, 0]",4,12.157601729789285,-1,0
1748,"[0, 8, 0, 1, 2, 7, 0, 2, 0, 1, 0, 2, 0, 0, 0, 0, 0, 1, 0, 0, 2, 0, 0, 0, 0, 0, 0, 0, 0, 0, 0, 0, 1, 1, 2, 2, 0, 0, 2, 0, 0, 1, 1, 0, 2, 2, 0, 1, 0, 0, 0, 0, 0, 0, 0, 2, 0, 0, 0, 0, 0, 0, 0, 2, 2, 2, 3, 2, 0, 1, 1, 4, 2, 5, 1, 6, 2, 4, 2, 1, 350, 0, 1, 0, 0, 0, 0]",2,0.4004945246313269,-1,1
1749,"[0, 8, 0, 1, 2, 7, 0, 2, 0, 1, 0, 2, 0, 0, 0, 0, 0, 1, 0, 0, 2, 0, 0, 0, 0, 0, 0, 0, 0, 0, 0, 0, 1, 1, 2, 2, 0, 0, 2, 0, 0, 1, 1, 0, 2, 2, 0, 1, 0, 0, 0, 0, 0, 0, 0, 2, 0, 0, 0, 0, 0, 0, 0, 2, 2, 2, 3, 2, 0, 1, 1, 4, 2, 5, 1, 6, 2, 4, 2, 1, 350, 0, 1, 0, 0, 1, 0]","[[1 0 0 0]
 [0 1 0 0]]",0.6509193896894179,-1,1
1750,"[1, 7, 0, 1, 1, 8, 0, 2, 0, 1, 0, 2, 0, 0, 0, 0, 0, 1, 0, 0, 2, 0, 0, 0, 0, 0, 0, 0, 0, 0, 0, 0, 1, 1, 2, 2, 0, 0, 2, 0, 0, 1, 1, 0, 2, 2, 0, 1, 0, 0, 0, 0, 0, 0, 0, 2, 0, 0, 0, 0, 0, 0, 0, 2, 2, 2, 3, 2, 0, 1, 1, 4, 2, 5, 1, 6, 2, 4, 2, 1, 350, 0, 0, 0, 0, 0, 0]",0,-0.19950547536867308,-1,0
1751,"[1, 8, 0, 1, 1, 9, 0, 2, 0, 1, 0, 2, 0, 0, 0, 0, 0, 1, 0, 0, 2, 0, 0, 0, 0, 0, 0, 0, 0, 0, 0, 0, 1, 1, 2, 2, 0, 0, 2, 0, 0, 1, 1, 0, 2, 2, 0, 1, 0, 0, 0, 0, 0, 0, 0, 2, 0, 0, 0, 0, 0, 0, 0, 2, 2, 2, 3, 2, 0, 1, 1, 4, 2, 5, 1, 6, 2, 4, 2, 1, 351, 0, 0, 0, 0, 0, 0]",4,13.725781831075496,-1,1
1752,"[1, 8, 0, 1, 1, 9, 0, 2, 0, 1, 0, 2, 0, 0, 0, 0, 0, 1, 0, 0, 2, 0, 0, 0, 0, 0, 0, 0, 0, 0, 0, 0, 1, 1, 2, 2, 0, 0, 2, 0, 0, 1, 1, 0, 2, 2, 0, 1, 0, 0, 0, 0, 0, 0, 0, 2, 0, 0, 0, 0, 0, 0, 0, 2, 2, 2, 3, 2, 0, 1, 1, 4, 2, 5, 1, 6, 2, 4, 2, 1, 351, 0, 0, 0, 0, 0, 0]",0,0.2954499269438723,-1,0
1753,"[1, 8, 0, 1, 1, 9, 0, 2, 0, 1, 0, 2, 0, 0, 0, 0, 0, 1, 0, 0, 2, 0, 0, 0, 0, 0, 0, 0, 0, 0, 0, 0, 1, 1, 2, 2, 0, 0, 2, 0, 0, 1, 1, 0, 2, 2, 0, 1, 0, 0, 0, 0, 0, 0, 0, 2, 0, 0, 0, 0, 0, 0, 0, 2, 2, 2, 3, 2, 0, 1, 1, 4, 2, 5, 1, 6, 2, 4, 2, 1, 351, 0, 0, 0, 0, 0, 0]",-1,-0.0014948457218463154,-1,0
1754,"[1, 9, 0, 1, 1, 10, 0, 2, 0, 1, 0, 2, 0, 0, 0, 0, 0, 1, 0, 0, 2, 0, 0, 0, 0, 0, 0, 0, 0, 0, 0, 0, 1, 1, 2, 2, 0, 0, 2, 0, 0, 1, 1, 0, 2, 2, 0, 1, 0, 0, 0, 0, 0, 0, 0, 2, 0, 0, 0, 0, 0, 0, 0, 2, 2, 2, 3, 2, 0, 1, 1, 4, 2, 5, 1, 6, 2, 4, 2, 1, 352, 0, 0, 0, 0, 0, 0]",4,13.697672404182445,-1,1
1755,"[1, 9, 0, 1, 1, 10, 0, 2, 0, 1, 0, 2, 0, 0, 0, 0, 0, 1, 0, 0, 2, 0, 0, 0, 0, 0, 0, 0, 0, 0, 0, 0, 1, 1, 2, 2, 0, 0, 2, 0, 0, 1, 1, 0, 2, 2, 0, 1, 0, 0, 0, 0, 0, 0, 0, 2, 0, 0, 0, 0, 0, 0, 0, 2, 2, 2, 3, 2, 0, 1, 1, 4, 2, 5, 1, 6, 2, 4, 2, 1, 352, 0, 0, 0, 0, 0, 0]",0,0.2954313374012839,-1,0
1756,"[1, 9, 0, 1, 1, 10, 0, 2, 0, 1, 0, 2, 0, 0, 0, 0, 0, 1, 0, 0, 2, 0, 0, 0, 0, 0, 0, 0, 0, 0, 0, 0, 1, 1, 2, 2, 0, 0, 2, 0, 0, 1, 1, 0, 2, 2, 0, 1, 0, 0, 0, 0, 0, 0, 0, 2, 0, 0, 0, 0, 0, 0, 0, 2, 2, 2, 3, 2, 0, 1, 1, 4, 2, 5, 1, 6, 2, 4, 2, 1, 352, 0, 0, 0, 0, 0, 0]",-1,-0.0014799717583946,-1,0
1757,"[1, 9, 0, 1, 1, 10, 0, 2, 0, 1, 0, 2, 0, 0, 0, 0, 0, 1, 0, 0, 2, 0, 0, 0, 0, 0, 0, 0, 0, 0, 0, 0, 1, 1, 2, 2, 0, 0, 2, 0, 0, 1, 1, 0, 2, 2, 0, 1, 0, 0, 0, 0, 0, 0, 0, 2, 0, 0, 0, 0, 0, 0, 0, 2, 2, 2, 3, 2, 0, 1, 1, 4, 2, 5, 1, 6, 2, 4, 2, 1, 352, 0, 0, 0, 0, 0, 0]",0,0.2954313374012839,-1,0
1758,"[1, 9, 0, 1, 1, 10, 0, 2, 0, 1, 0, 2, 0, 0, 0, 0, 0, 1, 0, 0, 2, 0, 0, 0, 0, 0, 0, 0, 0, 0, 0, 0, 1, 1, 2, 2, 0, 0, 2, 0, 0, 1, 1, 0, 2, 2, 0, 1, 0, 0, 0, 0, 0, 0, 0, 2, 0, 0, 0, 0, 0, 0, 0, 2, 2, 2, 3, 2, 0, 1, 1, 4, 2, 5, 1, 6, 2, 4, 2, 1, 352, 0, 0, 0, 0, 0, 0]",-1,-0.0014799717583946,-1,0
1759,"[1, 9, 0, 1, 1, 10, 0, 2, 0, 1, 0, 2, 0, 0, 0, 0, 0, 1, 0, 0, 2, 0, 0, 0, 0, 0, 0, 0, 0, 0, 0, 0, 1, 1, 2, 2, 0, 0, 2, 0, 0, 1, 1, 0, 2, 2, 0, 1, 0, 0, 0, 0, 0, 0, 0, 2, 0, 0, 0, 0, 0, 0, 0, 2, 2, 2, 3, 2, 0, 1, 1, 4, 2, 5, 1, 6, 2, 4, 2, 1, 352, 0, 0, 0, 0, 0, 0]",0,0.2954313374012839,-1,0
1760,"[1, 9, 0, 1, 1, 10, 0, 2, 0, 1, 0, 2, 0, 0, 0, 0, 0, 1, 0, 0, 2, 0, 0, 0, 0, 0, 0, 0, 0, 0, 0, 0, 1, 1, 2, 2, 0, 0, 2, 0, 0, 1, 1, 0, 2, 2, 0, 1, 0, 0, 0, 0, 0, 0, 0, 2, 0, 0, 0, 0, 0, 0, 0, 2, 2, 2, 3, 2, 0, 1, 1, 4, 2, 5, 1, 6, 2, 4, 2, 1, 352, 0, 0, 0, 0, 0, 0]",-1,-0.0014799717583946,-1,0
1761,"[1, 9, 0, 1, 1, 10, 0, 2, 0, 1, 0, 2, 0, 0, 0, 0, 0, 1, 0, 0, 2, 0, 0, 0, 0, 0, 0, 0, 0, 0, 0, 0, 1, 1, 2, 2, 0, 0, 2, 0, 0, 1, 1, 0, 2, 2, 0, 1, 0, 0, 0, 0, 0, 0, 0, 2, 0, 0, 0, 0, 0, 0, 0, 2, 2, 2, 3, 2, 0, 1, 1, 4, 2, 5, 1, 6, 2, 4, 2, 1, 352, 0, 0, 0, 0, 0, 0]",0,0.2954313374012839,-1,0
1762,"[1, 9, 0, 1, 1, 10, 0, 2, 0, 1, 0, 2, 0, 0, 0, 0, 0, 1, 0, 0, 2, 0, 0, 0, 0, 0, 0, 0, 0, 0, 0, 0, 1, 1, 2, 2, 0, 0, 2, 0, 0, 1, 1, 0, 2, 2, 0, 1, 0, 0, 0, 0, 0, 0, 0, 2, 0, 0, 0, 0, 0, 0, 0, 2, 2, 2, 3, 2, 0, 1, 1, 4, 2, 5, 1, 6, 2, 4, 2, 1, 352, 0, 0, 0, 0, 0, 0]",-1,-0.0014799717583946,-1,0
1763,"[1, 9, 0, 1, 1, 10, 0, 2, 0, 1, 0, 2, 0, 0, 0, 0, 0, 1, 0, 0, 2, 0, 0, 0, 0, 0, 0, 0, 0, 0, 0, 0, 1, 1, 2, 2, 0, 0, 2, 0, 0, 1, 1, 0, 2, 2, 0, 1, 0, 0, 0, 0, 0, 0, 0, 2, 0, 0, 0, 0, 0, 0, 0, 2, 2, 2, 3, 2, 0, 1, 1, 4, 2, 5, 1, 6, 2, 4, 2, 1, 352, 0, 0, 0, 0, 0, 0]",0,0.2954313374012839,-1,0
1764,"[1, 9, 0, 1, 1, 10, 0, 2, 0, 1, 0, 2, 0, 0, 0, 0, 0, 1, 0, 0, 2, 0, 0, 0, 0, 0, 0, 0, 0, 0, 0, 0, 1, 1, 2, 2, 0, 0, 2, 0, 0, 1, 1, 0, 2, 2, 0, 1, 0, 0, 0, 0, 0, 0, 0, 2, 0, 0, 0, 0, 0, 0, 0, 2, 2, 2, 3, 2, 0, 1, 1, 4, 2, 5, 1, 6, 2, 4, 2, 1, 352, 0, 0, 0, 0, 0, 0]",-1,-0.0014799717583946,-1,0
1765,"[1, 9, 0, 1, 1, 10, 0, 2, 0, 1, 0, 2, 0, 0, 0, 0, 0, 1, 0, 0, 2, 0, 0, 0, 0, 0, 0, 0, 0, 0, 0, 0, 1, 1, 2, 2, 0, 0, 2, 0, 0, 1, 1, 0, 2, 2, 0, 1, 0, 0, 0, 0, 0, 0, 0, 2, 0, 0, 0, 0, 0, 0, 0, 2, 2, 2, 3, 2, 0, 1, 1, 4, 2, 5, 1, 6, 2, 4, 2, 1, 352, 0, 0, 0, 0, 0, 0]",0,0.2954313374012839,-1,0
1766,"[1, 9, 0, 1, 1, 10, 0, 2, 0, 1, 0, 2, 0, 0, 0, 0, 0, 1, 0, 0, 2, 0, 0, 0, 0, 0, 0, 0, 0, 0, 0, 0, 1, 1, 2, 2, 0, 0, 2, 0, 0, 1, 1, 0, 2, 2, 0, 1, 0, 0, 0, 0, 0, 0, 0, 2, 0, 0, 0, 0, 0, 0, 0, 2, 2, 2, 3, 2, 0, 1, 1, 4, 2, 5, 1, 6, 2, 4, 2, 1, 352, 0, 0, 0, 0, 0, 0]",-1,-0.0014799717583946,-1,0
1767,"[1, 9, 0, 1, 1, 10, 0, 2, 0, 1, 0, 2, 0, 0, 0, 0, 0, 1, 0, 0, 2, 0, 0, 0, 0, 0, 0, 0, 0, 0, 0, 0, 1, 1, 2, 2, 0, 0, 2, 0, 0, 1, 1, 0, 2, 2, 0, 1, 0, 0, 0, 0, 0, 0, 0, 2, 0, 0, 0, 0, 0, 0, 0, 2, 2, 2, 3, 2, 0, 1, 1, 4, 2, 5, 1, 6, 2, 4, 2, 1, 352, 0, 0, 0, 0, 0, 0]",0,0.2954313374012839,-1,0
1768,"[1, 9, 0, 1, 1, 10, 0, 2, 0, 1, 0, 2, 0, 0, 0, 0, 0, 1, 0, 0, 2, 0, 0, 0, 0, 0, 0, 0, 0, 0, 0, 0, 1, 1, 2, 2, 0, 0, 2, 0, 0, 1, 1, 0, 2, 2, 0, 1, 0, 0, 0, 0, 0, 0, 0, 2, 0, 0, 0, 0, 0, 0, 0, 2, 2, 2, 3, 2, 0, 1, 1, 4, 2, 5, 1, 6, 2, 4, 2, 1, 352, 0, 0, 0, 0, 0, 0]",-1,-0.0014799717583946,-1,0
1769,"[1, 9, 0, 1, 1, 10, 0, 2, 0, 1, 0, 2, 0, 0, 0, 0, 0, 1, 0, 0, 2, 0, 0, 0, 0, 0, 0, 0, 0, 0, 0, 0, 1, 1, 2, 2, 0, 0, 2, 0, 0, 1, 1, 0, 2, 2, 0, 1, 0, 0, 0, 0, 0, 0, 0, 2, 0, 0, 0, 0, 0, 0, 0, 2, 2, 2, 3, 2, 0, 1, 1, 4, 2, 5, 1, 6, 2, 4, 2, 1, 352, 1, 0, 0, 0, 0, 0]",3,0.20045659057070062,-1,0
1770,"[1, 9, 0, 1, 1, 10, 0, 2, 0, 1, 0, 2, 0, 0, 0, 0, 0, 1, 0, 0, 2, 0, 0, 0, 0, 0, 0, 0, 0, 0, 0, 0, 1, 1, 2, 2, 0, 0, 2, 0, 0, 1, 1, 0, 2, 2, 0, 1, 0, 0, 0, 0, 0, 0, 0, 2, 0, 0, 0, 0, 0, 0, 0, 2, 2, 2, 3, 2, 0, 1, 1, 4, 2, 5, 1, 6, 2, 4, 2, 1, 352, 0, 0, 0, 0, 0, 0]",-1,-0.0014799717583946,-1,0
1771,"[1, 9, 0, 1, 1, 10, 0, 2, 0, 1, 0, 2, 0, 0, 0, 0, 0, 1, 0, 0, 2, 0, 0, 0, 0, 0, 0, 0, 0, 0, 0, 0, 1, 1, 2, 2, 0, 0, 2, 0, 0, 1, 1, 0, 2, 2, 0, 1, 0, 0, 0, 0, 0, 0, 0, 2, 0, 0, 0, 0, 0, 0, 0, 2, 2, 2, 3, 2, 0, 1, 1, 4, 2, 5, 1, 6, 2, 4, 2, 1, 352, 0, 1, 0, 0, 0, 0]",2,0.4004565905707006,-1,0
1772,"[1, 9, 0, 1, 1, 10, 0, 2, 0, 1, 0, 2, 0, 0, 0, 0, 0, 1, 0, 0, 2, 0, 0, 0, 0, 0, 0, 0, 0, 0, 0, 0, 1, 1, 2, 2, 0, 0, 2, 0, 0, 1, 1, 0, 2, 2, 0, 1, 0, 0, 0, 0, 0, 0, 0, 2, 0, 0, 0, 0, 0, 0, 0, 2, 2, 2, 3, 2, 0, 1, 1, 4, 2, 5, 1, 6, 2, 4, 2, 1, 352, 0, 0, 0, 0, 0, 0]",-1,-0.0014799717583946,-1,0
1773,"[1, 9, 0, 1, 1, 10, 0, 2, 0, 1, 0, 2, 0, 0, 0, 0, 0, 1, 0, 0, 2, 0, 0, 0, 0, 0, 0, 0, 0, 0, 0, 0, 1, 1, 2, 2, 0, 0, 2, 0, 0, 1, 1, 0, 2, 2, 0, 1, 0, 0, 0, 0, 0, 0, 0, 2, 0, 0, 0, 0, 0, 0, 0, 2, 2, 2, 3, 2, 0, 1, 1, 4, 2, 5, 1, 6, 2, 4, 2, 1, 352, 0, 1, 0, 0, 0, 0]",2,0.4004565905707006,-1,0
1774,"[1, 9, 0, 1, 1, 10, 0, 2, 0, 1, 0, 2, 0, 0, 0, 0, 0, 1, 0, 0, 2, 0, 0, 0, 0, 0, 0, 0, 0, 0, 0, 0, 1, 1, 2, 2, 0, 0, 2, 0, 0, 1, 1, 0, 2, 2, 0, 1, 0, 0, 0, 0, 0, 0, 0, 2, 0, 0, 0, 0, 0, 0, 0, 2, 2, 2, 3, 2, 0, 1, 1, 4, 2, 5, 1, 6, 2, 4, 2, 1, 352, 0, 0, 0, 0, 0, 0]",-1,-0.0014799717583946,-1,0
1775,"[1, 9, 0, 1, 1, 10, 0, 2, 0, 1, 0, 2, 0, 0, 0, 0, 0, 1, 0, 0, 2, 0, 0, 0, 0, 0, 0, 0, 0, 0, 0, 0, 1, 1, 2, 2, 0, 0, 2, 0, 0, 1, 1, 0, 2, 2, 0, 1, 0, 0, 0, 0, 0, 0, 0, 2, 0, 0, 0, 0, 0, 0, 0, 2, 2, 2, 3, 2, 0, 1, 1, 4, 2, 5, 1, 6, 2, 4, 2, 1, 352, 0, 1, 0, 0, 0, 0]",2,0.4004565905707006,-1,0
1776,"[1, 9, 0, 1, 1, 10, 0, 2, 0, 1, 0, 2, 0, 0, 0, 0, 0, 1, 0, 0, 2, 0, 0, 0, 0, 0, 0, 0, 0, 0, 0, 0, 1, 1, 2, 2, 0, 0, 2, 0, 0, 1, 1, 0, 2, 2, 0, 1, 0, 0, 0, 0, 0, 0, 0, 2, 0, 0, 0, 0, 0, 0, 0, 2, 2, 2, 3, 2, 0, 1, 1, 4, 2, 5, 1, 6, 2, 4, 2, 1, 352, 0, 0, 0, 0, 0, 0]",-1,-0.0014799717583946,-1,0
1777,"[1, 9, 0, 1, 1, 10, 0, 2, 0, 1, 0, 2, 0, 0, 0, 0, 0, 1, 0, 0, 2, 0, 0, 0, 0, 0, 0, 0, 0, 0, 0, 0, 1, 1, 2, 2, 0, 0, 2, 0, 0, 1, 1, 0, 2, 2, 0, 1, 0, 0, 0, 0, 0, 0, 0, 2, 0, 0, 0, 0, 0, 0, 0, 2, 2, 2, 3, 2, 0, 1, 1, 4, 2, 5, 1, 6, 2, 4, 2, 1, 352, 0, 1, 0, 0, 0, 0]",2,0.4004565905707006,-1,0
1778,"[1, 9, 0, 1, 1, 10, 0, 2, 0, 1, 0, 2, 0, 0, 0, 0, 0, 1, 0, 0, 2, 0, 0, 0, 0, 0, 0, 0, 0, 0, 0, 0, 1, 1, 2, 2, 0, 0, 2, 0, 0, 1, 1, 0, 2, 2, 0, 1, 0, 0, 0, 0, 0, 0, 0, 2, 0, 0, 0, 0, 0, 0, 0, 2, 2, 2, 3, 2, 0, 1, 1, 4, 2, 5, 1, 6, 2, 4, 2, 1, 352, 0, 0, 0, 0, 0, 0]",-1,-0.0014799717583946,-1,0
1779,"[1, 9, 0, 1, 1, 10, 0, 2, 0, 1, 0, 2, 0, 0, 0, 0, 0, 1, 0, 0, 2, 0, 0, 0, 0, 0, 0, 0, 0, 0, 0, 0, 1, 1, 2, 2, 0, 0, 2, 0, 0, 1, 1, 0, 2, 2, 0, 1, 0, 0, 0, 0, 0, 0, 0, 2, 0, 0, 0, 0, 0, 0, 0, 2, 2, 2, 3, 2, 0, 1, 1, 4, 2, 5, 1, 6, 2, 4, 2, 1, 352, 1, 0, 0, 0, 0, 0]",3,0.20045659057070062,-1,0
1780,"[1, 9, 0, 1, 1, 10, 0, 2, 0, 1, 0, 2, 0, 0, 0, 0, 0, 1, 0, 0, 2, 0, 0, 0, 0, 0, 0, 0, 0, 0, 0, 0, 1, 1, 2, 2, 0, 0, 2, 0, 0, 1, 1, 0, 2, 2, 0, 1, 0, 0, 0, 0, 0, 0, 0, 2, 0, 0, 0, 0, 0, 0, 0, 2, 2, 2, 3, 2, 0, 1, 1, 4, 2, 5, 1, 6, 2, 4, 2, 1, 352, 0, 0, 0, 0, 0, 0]",-1,-0.0014799717583946,-1,0
1781,"[1, 9, 0, 1, 1, 10, 0, 2, 0, 1, 0, 2, 0, 0, 0, 0, 0, 1, 0, 0, 2, 0, 0, 0, 0, 0, 0, 0, 0, 0, 0, 0, 1, 1, 2, 2, 0, 0, 2, 0, 0, 1, 1, 0, 2, 2, 0, 1, 0, 0, 0, 0, 0, 0, 0, 2, 0, 0, 0, 0, 0, 0, 0, 2, 2, 2, 3, 2, 0, 1, 1, 4, 2, 5, 1, 6, 2, 4, 2, 1, 352, 1, 0, 0, 0, 0, 0]",3,0.20045659057070062,-1,0
1782,"[1, 9, 0, 1, 1, 10, 0, 2, 0, 1, 0, 2, 0, 0, 0, 0, 0, 1, 0, 0, 2, 0, 0, 0, 0, 0, 0, 0, 0, 0, 0, 0, 1, 1, 2, 2, 0, 0, 2, 0, 0, 1, 1, 0, 2, 2, 0, 1, 0, 0, 0, 0, 0, 0, 0, 2, 0, 0, 0, 0, 0, 0, 0, 2, 2, 2, 3, 2, 0, 1, 1, 4, 2, 5, 1, 6, 2, 4, 2, 1, 352, 0, 0, 0, 0, 0, 0]",-1,-0.0014799717583946,-1,0
1783,"[1, 9, 0, 1, 1, 10, 0, 2, 0, 1, 0, 2, 0, 0, 0, 0, 0, 1, 0, 0, 2, 0, 0, 0, 0, 0, 0, 0, 0, 0, 0, 0, 1, 1, 2, 2, 0, 0, 2, 0, 0, 1, 1, 0, 2, 2, 0, 1, 0, 0, 0, 0, 0, 0, 0, 2, 0, 0, 0, 0, 0, 0, 0, 2, 2, 2, 3, 2, 0, 1, 1, 4, 2, 5, 1, 6, 2, 4, 2, 1, 352, 0, 0, 0, 0, 0, 0]",1,0.6100807056703174,-1,0
1784,"[1, 9, 0, 1, 1, 10, 0, 2, 0, 1, 0, 2, 0, 0, 0, 0, 0, 1, 0, 0, 2, 0, 0, 0, 0, 0, 0, 0, 0, 0, 0, 0, 1, 1, 2, 2, 0, 0, 2, 0, 0, 1, 1, 0, 2, 2, 0, 1, 0, 0, 0, 0, 0, 0, 0, 2, 0, 0, 0, 0, 0, 0, 0, 2, 2, 2, 3, 2, 0, 1, 1, 4, 2, 5, 1, 6, 2, 4, 2, 1, 352, 0, 0, 0, 0, 0, 0]",-1,-0.0014799717583946,-1,0
1785,"[1, 9, 0, 1, 1, 10, 0, 2, 0, 1, 0, 2, 0, 0, 0, 0, 0, 1, 0, 0, 2, 0, 0, 0, 0, 0, 0, 0, 0, 0, 0, 0, 1, 1, 2, 2, 0, 0, 2, 0, 0, 1, 1, 0, 2, 2, 0, 1, 0, 0, 0, 0, 0, 0, 0, 2, 0, 0, 0, 0, 0, 0, 0, 2, 2, 2, 3, 2, 0, 1, 1, 4, 2, 5, 1, 6, 2, 4, 2, 1, 352, 0, 0, 0, 0, 0, 0]",1,0.6100807056703174,-1,0
1786,"[1, 9, 0, 1, 1, 10, 0, 2, 0, 1, 0, 2, 0, 0, 0, 0, 0, 1, 0, 0, 2, 0, 0, 0, 0, 0, 0, 0, 0, 0, 0, 0, 1, 1, 2, 2, 0, 0, 2, 0, 0, 1, 1, 0, 2, 2, 0, 1, 0, 0, 0, 0, 0, 0, 0, 2, 0, 0, 0, 0, 0, 0, 0, 2, 2, 2, 3, 2, 0, 1, 1, 4, 2, 5, 1, 6, 2, 4, 2, 1, 352, 0, 0, 0, 0, 0, 0]",-1,-0.0014799717583946,-1,0
1787,"[1, 9, 0, 1, 1, 10, 0, 2, 0, 1, 0, 2, 0, 0, 0, 0, 0, 1, 0, 0, 2, 0, 0, 0, 0, 0, 0, 0, 0, 0, 0, 0, 1, 1, 2, 2, 0, 0, 2, 0, 0, 1, 1, 0, 2, 2, 0, 1, 0, 0, 0, 0, 0, 0, 0, 2, 0, 0, 0, 0, 0, 0, 0, 2, 2, 2, 3, 2, 0, 1, 1, 4, 2, 5, 1, 6, 2, 4, 2, 1, 352, 0, 0, 0, 0, 0, 0]",1,0.6100807056703174,-1,0
1788,"[1, 9, 0, 1, 1, 10, 0, 2, 0, 1, 0, 2, 0, 0, 0, 0, 0, 1, 0, 0, 2, 0, 0, 0, 0, 0, 0, 0, 0, 0, 0, 0, 1, 1, 2, 2, 0, 0, 2, 0, 0, 1, 1, 0, 2, 2, 0, 1, 0, 0, 0, 0, 0, 0, 0, 2, 0, 0, 0, 0, 0, 0, 0, 2, 2, 2, 3, 2, 0, 1, 1, 4, 2, 5, 1, 6, 2, 4, 2, 1, 352, 0, 0, 0, 0, 0, 0]",-1,-0.0014799717583946,-1,0
1789,"[1, 4, 0, 1, 1, 5, 0, 1, 0, 1, 0, 2, 0, 0, 0, 0, 0, 1, 0, 0, 2, 0, 0, 0, 0, 0, 0, 0, 0, 0, 0, 0, 1, 1, 2, 2, 0, 0, 2, 0, 0, 1, 1, 0, 2, 2, 0, 1, 0, 0, 0, 0, 0, 0, 0, 2, 0, 0, 0, 0, 0, 0, 0, 2, 2, 2, 3, 2, 0, 1, 1, 4, 2, 5, 1, 6, 2, 4, 2, 0, 353, 0, 0, 0, 0, 0, 0]",4,12.54916689677742,-1,0
1790,"[1, 2, 0, 1, 1, 2, 0, 1, 0, 1, 0, 2, 0, 0, 0, 0, 0, 1, 0, 0, 2, 0, 0, 0, 0, 0, 0, 0, 0, 0, 0, 0, 1, 1, 2, 2, 0, 0, 2, 0, 0, 1, 1, 0, 2, 2, 0, 1, 0, 0, 0, 0, 0, 0, 0, 2, 0, 0, 0, 0, 0, 0, 0, 2, 2, 2, 3, 2, 0, 1, 1, 4, 2, 5, 1, 6, 2, 4, 2, 0, 354, 0, 0, 0, 0, 0, 0]",4,14.377120615172956,-1,1
1791,"[1, 2, 0, 1, 1, 2, 0, 1, 0, 1, 0, 2, 0, 0, 0, 0, 0, 1, 0, 0, 2, 0, 0, 0, 0, 0, 0, 0, 0, 0, 0, 0, 1, 1, 2, 2, 0, 0, 2, 0, 0, 1, 1, 0, 2, 2, 0, 1, 0, 0, 0, 0, 0, 0, 0, 2, 0, 0, 0, 0, 0, 0, 0, 2, 2, 2, 3, 2, 0, 1, 1, 4, 2, 5, 1, 6, 2, 4, 2, 0, 354, 0, 0, 0, 0, 0, 0]",1,0.6100456753120254,-1,0
1792,"[1, 2, 0, 1, 1, 2, 0, 1, 0, 1, 0, 2, 0, 0, 0, 0, 0, 1, 0, 0, 2, 0, 0, 0, 0, 0, 0, 0, 0, 0, 0, 0, 1, 1, 2, 2, 0, 0, 2, 0, 0, 1, 1, 0, 2, 2, 0, 1, 0, 0, 0, 0, 0, 0, 0, 2, 0, 0, 0, 0, 0, 0, 0, 2, 2, 2, 3, 2, 0, 1, 1, 4, 2, 5, 1, 6, 2, 4, 2, 0, 354, 0, 0, 0, 0, 0, 0]",-1,-0.0014506663541098527,-1,0
1793,"[1, 2, 0, 1, 1, 2, 0, 1, 0, 1, 0, 2, 0, 0, 0, 0, 0, 1, 0, 0, 2, 0, 0, 0, 0, 0, 0, 0, 0, 0, 0, 0, 1, 1, 2, 2, 0, 0, 2, 0, 0, 1, 1, 0, 2, 2, 0, 1, 0, 0, 0, 0, 0, 0, 0, 2, 0, 0, 0, 0, 0, 0, 0, 2, 2, 2, 3, 2, 0, 1, 1, 4, 2, 5, 1, 6, 2, 4, 2, 0, 354, 1, 0, 0, 0, 0, 0]",3,0.20042156021240867,-1,0
1794,"[1, 2, 0, 1, 1, 2, 0, 1, 0, 1, 0, 2, 0, 0, 0, 0, 0, 1, 0, 0, 2, 0, 0, 0, 0, 0, 0, 0, 0, 0, 0, 0, 1, 1, 2, 2, 0, 0, 2, 0, 0, 1, 1, 0, 2, 2, 0, 1, 0, 0, 0, 0, 0, 0, 0, 2, 0, 0, 0, 0, 0, 0, 0, 2, 2, 2, 3, 2, 0, 1, 1, 4, 2, 5, 1, 6, 2, 4, 2, 0, 354, 0, 0, 0, 0, 0, 0]",-1,-0.0014506663541098527,-1,0
1795,"[1, 2, 0, 1, 1, 2, 0, 1, 0, 1, 0, 2, 0, 0, 0, 0, 0, 1, 0, 0, 2, 0, 0, 0, 0, 0, 0, 0, 0, 0, 0, 0, 1, 1, 2, 2, 0, 0, 2, 0, 0, 1, 1, 0, 2, 2, 0, 1, 0, 0, 0, 0, 0, 0, 0, 2, 0, 0, 0, 0, 0, 0, 0, 2, 2, 2, 3, 2, 0, 1, 1, 4, 2, 5, 1, 6, 2, 4, 2, 0, 354, 0, 1, 0, 0, 0, 0]",2,0.4004215602124086,-1,0
1796,"[1, 2, 0, 1, 1, 2, 0, 1, 0, 1, 0, 2, 0, 0, 0, 0, 0, 1, 0, 0, 2, 0, 0, 0, 0, 0, 0, 0, 0, 0, 0, 0, 1, 1, 2, 2, 0, 0, 2, 0, 0, 1, 1, 0, 2, 2, 0, 1, 0, 0, 0, 0, 0, 0, 0, 2, 0, 0, 0, 0, 0, 0, 0, 2, 2, 2, 3, 2, 0, 1, 1, 4, 2, 5, 1, 6, 2, 4, 2, 0, 354, 0, 0, 0, 0, 0, 0]",-1,-0.0014506663541098527,-1,0
1797,"[1, 2, 0, 1, 1, 2, 0, 1, 0, 1, 0, 2, 0, 0, 0, 0, 0, 1, 0, 0, 2, 0, 0, 0, 0, 0, 0, 0, 0, 0, 0, 0, 1, 1, 2, 2, 0, 0, 2, 0, 0, 1, 1, 0, 2, 2, 0, 1, 0, 0, 0, 0, 0, 0, 0, 2, 0, 0, 0, 0, 0, 0, 0, 2, 2, 2, 3, 2, 0, 1, 1, 4, 2, 5, 1, 6, 2, 4, 2, 0, 354, 1, 0, 0, 0, 0, 0]",3,0.20042156021240867,-1,0
1798,"[1, 2, 0, 1, 1, 2, 0, 1, 0, 1, 0, 2, 0, 0, 0, 0, 0, 1, 0, 0, 2, 0, 0, 0, 0, 0, 0, 0, 0, 0, 0, 0, 1, 1, 2, 2, 0, 0, 2, 0, 0, 1, 1, 0, 2, 2, 0, 1, 0, 0, 0, 0, 0, 0, 0, 2, 0, 0, 0, 0, 0, 0, 0, 2, 2, 2, 3, 2, 0, 1, 1, 4, 2, 5, 1, 6, 2, 4, 2, 0, 354, 0, 0, 0, 0, 0, 0]",-1,-0.0014506663541098527,-1,0
1799,"[1, 2, 0, 1, 1, 2, 0, 1, 0, 1, 0, 2, 0, 0, 0, 0, 0, 1, 0, 0, 2, 0, 0, 0, 0, 0, 0, 0, 0, 0, 0, 0, 1, 1, 2, 2, 0, 0, 2, 0, 0, 1, 1, 0, 2, 2, 0, 1, 0, 0, 0, 0, 0, 0, 0, 2, 0, 0, 0, 0, 0, 0, 0, 2, 2, 2, 3, 2, 0, 1, 1, 4, 2, 5, 1, 6, 2, 4, 2, 0, 354, 1, 0, 0, 0, 0, 0]",3,0.20042156021240867,-1,0
1800,"[1, 2, 0, 1, 1, 2, 0, 1, 0, 1, 0, 2, 0, 0, 0, 0, 0, 1, 0, 0, 2, 0, 0, 0, 0, 0, 0, 0, 0, 0, 0, 0, 1, 1, 2, 2, 0, 0, 2, 0, 0, 1, 1, 0, 2, 2, 0, 1, 0, 0, 0, 0, 0, 0, 0, 2, 0, 0, 0, 0, 0, 0, 0, 2, 2, 2, 3, 2, 0, 1, 1, 4, 2, 5, 1, 6, 2, 4, 2, 0, 354, 0, 0, 0, 0, 0, 0]",-1,-0.0014506663541098527,-1,0
1801,"[1, 2, 0, 1, 1, 2, 0, 1, 0, 1, 0, 2, 0, 0, 0, 0, 0, 1, 0, 0, 2, 0, 0, 0, 0, 0, 0, 0, 0, 0, 0, 0, 1, 1, 2, 2, 0, 0, 2, 0, 0, 1, 1, 0, 2, 2, 0, 1, 0, 0, 0, 0, 0, 0, 0, 2, 0, 0, 0, 0, 0, 0, 0, 2, 2, 2, 3, 2, 0, 1, 1, 4, 2, 5, 1, 6, 2, 4, 2, 0, 354, 1, 0, 0, 0, 0, 0]",3,0.20042156021240867,-1,0
1802,"[1, 2, 0, 1, 1, 2, 0, 1, 0, 1, 0, 2, 0, 0, 0, 0, 0, 1, 0, 0, 2, 0, 0, 0, 0, 0, 0, 0, 0, 0, 0, 0, 1, 1, 2, 2, 0, 0, 2, 0, 0, 1, 1, 0, 2, 2, 0, 1, 0, 0, 0, 0, 0, 0, 0, 2, 0, 0, 0, 0, 0, 0, 0, 2, 2, 2, 3, 2, 0, 1, 1, 4, 2, 5, 1, 6, 2, 4, 2, 0, 354, 0, 0, 0, 0, 0, 0]",-1,-0.0014506663541098527,-1,0
1803,"[1, 2, 0, 2, 1, 2, 0, 2, 0, 1, 0, 2, 0, 0, 0, 0, 0, 1, 0, 0, 2, 0, 0, 0, 0, 0, 0, 0, 0, 0, 0, 0, 1, 1, 2, 2, 0, 0, 2, 0, 0, 1, 1, 0, 2, 2, 0, 1, 0, 0, 0, 0, 0, 0, 0, 2, 0, 0, 0, 0, 0, 0, 0, 2, 2, 2, 3, 2, 0, 1, 1, 4, 2, 5, 1, 6, 2, 4, 2, 0, 355, 0, 0, 0, 0, 0, 0]",4,12.875747900720745,-1,0
1804,"[1, 2, 0, 2, 1, 2, 0, 2, 0, 1, 0, 2, 0, 0, 0, 0, 0, 1, 0, 0, 2, 0, 0, 0, 0, 0, 0, 0, 0, 0, 0, 0, 1, 1, 2, 2, 0, 0, 2, 0, 0, 1, 1, 0, 2, 2, 0, 1, 0, 0, 0, 0, 0, 0, 0, 2, 0, 0, 0, 0, 0, 0, 0, 2, 2, 2, 3, 2, 0, 1, 1, 4, 2, 5, 1, 6, 2, 4, 2, 0, 355, 0, 1, 0, 0, 0, 0]",2,0.40040506407780996,-1,1
1805,"[1, 2, 0, 2, 1, 2, 0, 2, 0, 1, 0, 2, 0, 0, 0, 0, 0, 1, 0, 0, 2, 0, 0, 0, 0, 0, 0, 0, 0, 0, 0, 0, 1, 1, 2, 2, 0, 0, 2, 0, 0, 1, 1, 0, 2, 2, 0, 1, 0, 0, 0, 0, 0, 0, 0, 2, 0, 0, 0, 0, 0, 0, 0, 2, 2, 2, 3, 2, 0, 1, 1, 4, 2, 5, 1, 6, 2, 4, 2, 0, 355, 0, 1, 0, 0, 1, 0]","[[1 0 0 0]
 [0 1 0 0]]",0.6508299291359009,-1,1
1806,"[1, 2, 0, 2, 1, 2, 0, 2, 0, 1, 0, 2, 0, 0, 0, 0, 0, 1, 0, 0, 2, 0, 0, 0, 0, 0, 0, 0, 0, 0, 0, 0, 1, 1, 2, 2, 0, 0, 2, 0, 0, 1, 1, 0, 2, 2, 0, 1, 0, 0, 0, 0, 0, 0, 0, 2, 0, 0, 0, 0, 0, 0, 0, 2, 2, 2, 3, 2, 0, 1, 1, 4, 2, 5, 1, 6, 2, 4, 2, 0, 355, 0, 0, 0, 0, 0, 0]",1,-0.19959493592219002,-1,0
1807,"[1, 2, 0, 3, 1, 2, 0, 3, 0, 1, 0, 2, 0, 0, 0, 0, 0, 1, 0, 0, 2, 0, 0, 0, 0, 0, 0, 0, 0, 0, 0, 0, 1, 1, 2, 2, 0, 0, 2, 0, 0, 1, 1, 0, 2, 2, 0, 1, 0, 0, 0, 0, 0, 0, 0, 2, 0, 0, 0, 0, 0, 0, 0, 2, 2, 2, 3, 2, 0, 1, 1, 4, 2, 5, 1, 6, 2, 4, 2, 0, 356, 0, 0, 0, 0, 0, 0]",4,14.145516144776954,-1,1
1808,"[1, 2, 0, 3, 1, 2, 0, 3, 0, 1, 0, 2, 0, 0, 0, 0, 0, 1, 0, 0, 2, 0, 0, 0, 0, 0, 0, 0, 0, 0, 0, 0, 1, 1, 2, 2, 0, 0, 2, 0, 0, 1, 1, 0, 2, 2, 0, 1, 0, 0, 0, 0, 0, 0, 0, 2, 0, 0, 0, 0, 0, 0, 0, 2, 2, 2, 3, 2, 0, 1, 1, 4, 2, 5, 1, 6, 2, 4, 2, 0, 356, 1, 0, 0, 0, 0, 0]",3,0.20038921219701714,-1,0
1809,"[1, 2, 0, 3, 1, 2, 0, 3, 0, 1, 0, 2, 0, 0, 0, 0, 0, 1, 0, 0, 2, 0, 0, 0, 0, 0, 0, 0, 0, 0, 0, 0, 1, 1, 2, 2, 0, 0, 2, 0, 0, 1, 1, 0, 2, 2, 0, 1, 0, 0, 0, 0, 0, 0, 0, 2, 0, 0, 0, 0, 0, 0, 0, 2, 2, 2, 3, 2, 0, 1, 1, 4, 2, 5, 1, 6, 2, 4, 2, 0, 356, 0, 0, 0, 0, 0, 0]",-1,-0.0014219412357092253,-1,0
1810,"[1, 1, 0, 1, 1, 1, 0, 1, 0, 1, 0, 2, 0, 0, 0, 0, 0, 1, 0, 0, 2, 0, 0, 0, 0, 0, 0, 0, 0, 0, 0, 0, 1, 1, 2, 2, 0, 0, 2, 0, 0, 1, 1, 0, 2, 2, 0, 1, 0, 0, 0, 0, 0, 0, 0, 2, 0, 0, 0, 0, 0, 0, 0, 2, 2, 2, 3, 2, 0, 1, 1, 4, 2, 5, 1, 6, 2, 4, 2, 5, 357, 0, 0, 0, 0, 0, 0]",4,14.536611145986962,-1,1
1811,"[1, 1, 0, 1, 1, 1, 0, 1, 0, 1, 0, 2, 0, 0, 0, 0, 0, 1, 0, 0, 2, 0, 0, 0, 0, 0, 0, 0, 0, 0, 0, 0, 1, 1, 2, 2, 0, 0, 2, 0, 0, 1, 1, 0, 2, 2, 0, 1, 0, 0, 0, 0, 0, 0, 0, 2, 0, 0, 0, 0, 0, 0, 0, 2, 2, 2, 3, 2, 0, 1, 1, 4, 2, 5, 1, 6, 2, 4, 2, 5, 357, 0, 1, 0, 0, 0, 0]",2,0.40037397950541675,-1,0
1812,"[1, 1, 0, 1, 1, 1, 0, 1, 0, 1, 0, 2, 0, 0, 0, 0, 0, 1, 0, 0, 2, 0, 0, 0, 0, 0, 0, 0, 0, 0, 0, 0, 1, 1, 2, 2, 0, 0, 2, 0, 0, 1, 1, 0, 2, 2, 0, 1, 0, 0, 0, 0, 0, 0, 0, 2, 0, 0, 0, 0, 0, 0, 0, 2, 2, 2, 3, 2, 0, 1, 1, 4, 2, 5, 1, 6, 2, 4, 2, 5, 357, 0, 0, 0, 0, 0, 0]",-1,-0.001407792684015005,-1,0
1813,"[1, 1, 0, 1, 1, 1, 0, 1, 0, 1, 0, 2, 0, 0, 0, 0, 0, 1, 0, 0, 2, 0, 0, 0, 0, 0, 0, 0, 0, 0, 0, 0, 1, 1, 2, 2, 0, 0, 2, 0, 0, 1, 1, 0, 2, 2, 0, 1, 0, 0, 0, 0, 0, 0, 0, 2, 0, 0, 0, 0, 0, 0, 0, 2, 2, 2, 3, 2, 0, 1, 1, 4, 2, 5, 1, 6, 2, 4, 2, 1, 358, 0, 0, 0, 0, 0, 0]",4,13.13656821128427,-1,0
1814,"[1, 1, 0, 1, 1, 1, 0, 1, 0, 1, 0, 2, 0, 0, 0, 0, 0, 1, 0, 0, 2, 0, 0, 0, 0, 0, 0, 0, 0, 0, 0, 0, 1, 1, 2, 2, 0, 0, 2, 0, 0, 1, 1, 0, 2, 2, 0, 1, 0, 0, 0, 0, 0, 0, 0, 2, 0, 0, 0, 0, 0, 0, 0, 2, 2, 2, 3, 2, 0, 1, 1, 4, 2, 5, 1, 6, 2, 4, 2, 1, 359, 0, 0, 0, 0, 0, 0]",4,14.536526130068797,-1,1
1815,"[1, 1, 0, 1, 1, 1, 0, 1, 0, 1, 0, 2, 0, 0, 0, 0, 0, 1, 0, 0, 2, 0, 0, 0, 0, 0, 0, 0, 0, 0, 0, 0, 1, 1, 2, 2, 0, 0, 2, 0, 0, 1, 1, 0, 2, 2, 0, 1, 0, 0, 0, 0, 0, 0, 0, 2, 0, 0, 0, 0, 0, 0, 0, 2, 2, 2, 3, 2, 0, 1, 1, 4, 2, 5, 1, 6, 2, 4, 2, 1, 359, 0, 0, 0, 0, 0, 0]",1,0.6099693913327642,-1,0
1816,"[1, 1, 0, 1, 1, 1, 0, 1, 0, 1, 0, 2, 0, 0, 0, 0, 0, 1, 0, 0, 2, 0, 0, 0, 0, 0, 0, 0, 0, 0, 0, 0, 1, 1, 2, 2, 0, 0, 2, 0, 0, 1, 1, 0, 2, 2, 0, 1, 0, 0, 0, 0, 0, 0, 0, 2, 0, 0, 0, 0, 0, 0, 0, 2, 2, 2, 3, 2, 0, 1, 1, 4, 2, 5, 1, 6, 2, 4, 2, 1, 359, 0, 0, 0, 0, 0, 0]",-1,-0.0013799165211624644,-1,0
1817,"[1, 1, 0, 1, 1, 1, 0, 1, 0, 1, 0, 2, 0, 0, 0, 0, 0, 1, 0, 0, 2, 0, 0, 0, 0, 0, 0, 0, 0, 0, 0, 0, 1, 1, 2, 2, 0, 0, 2, 0, 0, 1, 1, 0, 2, 2, 0, 1, 0, 0, 0, 0, 0, 0, 0, 2, 0, 0, 0, 0, 0, 0, 0, 2, 2, 2, 3, 2, 0, 1, 1, 4, 2, 5, 1, 6, 2, 4, 2, 1, 359, 0, 0, 0, 0, 0, 0]",1,0.6099693913327642,-1,0
1818,"[1, 1, 0, 1, 1, 1, 0, 1, 0, 1, 0, 2, 0, 0, 0, 0, 0, 1, 0, 0, 2, 0, 0, 0, 0, 0, 0, 0, 0, 0, 0, 0, 1, 1, 2, 2, 0, 0, 2, 0, 0, 1, 1, 0, 2, 2, 0, 1, 0, 0, 0, 0, 0, 0, 0, 2, 0, 0, 0, 0, 0, 0, 0, 2, 2, 2, 3, 2, 0, 1, 1, 4, 2, 5, 1, 6, 2, 4, 2, 1, 359, 0, 0, 0, 0, 0, 0]",-1,-0.0013799165211624644,-1,0
1819,"[1, 1, 0, 1, 1, 1, 0, 1, 0, 1, 0, 2, 0, 0, 0, 0, 0, 1, 0, 0, 2, 0, 0, 0, 0, 0, 0, 0, 0, 0, 0, 0, 1, 1, 2, 2, 0, 0, 2, 0, 0, 1, 1, 0, 2, 2, 0, 1, 0, 0, 0, 0, 0, 0, 0, 2, 0, 0, 0, 0, 0, 0, 0, 2, 2, 2, 3, 2, 0, 1, 1, 4, 2, 5, 1, 6, 2, 4, 2, 1, 359, 1, 0, 0, 0, 0, 0]",3,0.20034527623314746,-1,0
1820,"[1, 1, 0, 1, 1, 1, 0, 1, 0, 1, 0, 2, 0, 0, 0, 0, 0, 1, 0, 0, 2, 0, 0, 0, 0, 0, 0, 0, 0, 0, 0, 0, 1, 1, 2, 2, 0, 0, 2, 0, 0, 1, 1, 0, 2, 2, 0, 1, 0, 0, 0, 0, 0, 0, 0, 2, 0, 0, 0, 0, 0, 0, 0, 2, 2, 2, 3, 2, 0, 1, 1, 4, 2, 5, 1, 6, 2, 4, 2, 1, 359, 0, 0, 0, 0, 0, 0]",-1,-0.0013799165211624644,-1,0
1821,"[1, 1, 0, 1, 1, 1, 0, 1, 0, 1, 0, 2, 0, 0, 0, 0, 0, 1, 0, 0, 2, 0, 0, 0, 0, 0, 0, 0, 0, 0, 0, 0, 1, 1, 2, 2, 0, 0, 2, 0, 0, 1, 1, 0, 2, 2, 0, 1, 0, 0, 0, 0, 0, 0, 0, 2, 0, 0, 0, 0, 0, 0, 0, 2, 2, 2, 3, 2, 0, 1, 1, 4, 2, 5, 1, 6, 2, 4, 2, 1, 359, 0, 0, 0, 0, 0, 0]",1,0.6099693913327642,-1,0
1822,"[1, 1, 0, 1, 1, 1, 0, 1, 0, 1, 0, 2, 0, 0, 0, 0, 0, 1, 0, 0, 2, 0, 0, 0, 0, 0, 0, 0, 0, 0, 0, 0, 1, 1, 2, 2, 0, 0, 2, 0, 0, 1, 1, 0, 2, 2, 0, 1, 0, 0, 0, 0, 0, 0, 0, 2, 0, 0, 0, 0, 0, 0, 0, 2, 2, 2, 3, 2, 0, 1, 1, 4, 2, 5, 1, 6, 2, 4, 2, 1, 359, 0, 0, 0, 0, 0, 0]",-1,-0.0013799165211624644,-1,0
1823,"[1, 1, 0, 1, 1, 1, 0, 1, 0, 1, 0, 2, 0, 0, 0, 0, 0, 1, 0, 0, 2, 0, 0, 0, 0, 0, 0, 0, 0, 0, 0, 0, 1, 1, 2, 2, 0, 0, 2, 0, 0, 1, 1, 0, 2, 2, 0, 1, 0, 0, 0, 0, 0, 0, 0, 2, 0, 0, 0, 0, 0, 0, 0, 2, 2, 2, 3, 2, 0, 1, 1, 4, 2, 5, 1, 6, 2, 4, 2, 1, 359, 0, 0, 0, 0, 0, 0]",1,0.6099693913327642,-1,0
1824,"[1, 1, 0, 1, 1, 1, 0, 1, 0, 1, 0, 2, 0, 0, 0, 0, 0, 1, 0, 0, 2, 0, 0, 0, 0, 0, 0, 0, 0, 0, 0, 0, 1, 1, 2, 2, 0, 0, 2, 0, 0, 1, 1, 0, 2, 2, 0, 1, 0, 0, 0, 0, 0, 0, 0, 2, 0, 0, 0, 0, 0, 0, 0, 2, 2, 2, 3, 2, 0, 1, 1, 4, 2, 5, 1, 6, 2, 4, 2, 1, 359, 0, 0, 0, 0, 0, 0]",-1,-0.0013799165211624644,-1,0
1825,"[1, 1, 0, 1, 1, 1, 0, 1, 0, 1, 0, 2, 0, 0, 0, 0, 0, 1, 0, 0, 2, 0, 0, 0, 0, 0, 0, 0, 0, 0, 0, 0, 1, 1, 2, 2, 0, 0, 2, 0, 0, 1, 1, 0, 2, 2, 0, 1, 0, 0, 0, 0, 0, 0, 0, 2, 0, 0, 0, 0, 0, 0, 0, 2, 2, 2, 3, 2, 0, 1, 1, 4, 2, 5, 1, 6, 2, 4, 2, 1, 359, 1, 0, 0, 0, 0, 0]",3,0.20034527623314746,-1,0
1826,"[1, 1, 0, 1, 1, 1, 0, 1, 0, 1, 0, 2, 0, 0, 0, 0, 0, 1, 0, 0, 2, 0, 0, 0, 0, 0, 0, 0, 0, 0, 0, 0, 1, 1, 2, 2, 0, 0, 2, 0, 0, 1, 1, 0, 2, 2, 0, 1, 0, 0, 0, 0, 0, 0, 0, 2, 0, 0, 0, 0, 0, 0, 0, 2, 2, 2, 3, 2, 0, 1, 1, 4, 2, 5, 1, 6, 2, 4, 2, 1, 359, 0, 0, 0, 0, 0, 0]",-1,-0.0013799165211624644,-1,0
1827,"[1, 1, 0, 1, 1, 1, 0, 1, 0, 1, 0, 2, 0, 0, 0, 0, 0, 1, 0, 0, 2, 0, 0, 0, 0, 0, 0, 0, 0, 0, 0, 0, 1, 1, 2, 2, 0, 0, 2, 0, 0, 1, 1, 0, 2, 2, 0, 1, 0, 0, 0, 0, 0, 0, 0, 2, 0, 0, 0, 0, 0, 0, 0, 2, 2, 2, 3, 2, 0, 1, 1, 4, 2, 5, 1, 6, 2, 4, 2, 1, 359, 0, 1, 0, 0, 0, 0]",2,0.4003452762331474,-1,0
1828,"[1, 1, 0, 1, 1, 1, 0, 1, 0, 1, 0, 2, 0, 0, 0, 0, 0, 1, 0, 0, 2, 0, 0, 0, 0, 0, 0, 0, 0, 0, 0, 0, 1, 1, 2, 2, 0, 0, 2, 0, 0, 1, 1, 0, 2, 2, 0, 1, 0, 0, 0, 0, 0, 0, 0, 2, 0, 0, 0, 0, 0, 0, 0, 2, 2, 2, 3, 2, 0, 1, 1, 4, 2, 5, 1, 6, 2, 4, 2, 1, 359, 0, 0, 0, 0, 0, 0]",-1,-0.0013799165211624644,-1,0
1829,"[1, 1, 0, 1, 1, 1, 0, 1, 0, 1, 0, 2, 0, 0, 0, 0, 0, 1, 0, 0, 2, 0, 0, 0, 0, 0, 0, 0, 0, 0, 0, 0, 1, 1, 2, 2, 0, 0, 2, 0, 0, 1, 1, 0, 2, 2, 0, 1, 0, 0, 0, 0, 0, 0, 0, 2, 0, 0, 0, 0, 0, 0, 0, 2, 2, 2, 3, 2, 0, 1, 1, 4, 2, 5, 1, 6, 2, 4, 2, 1, 359, 1, 0, 0, 0, 0, 0]",3,0.20034527623314746,-1,0
1830,"[1, 1, 0, 1, 1, 1, 0, 1, 0, 1, 0, 2, 0, 0, 0, 0, 0, 1, 0, 0, 2, 0, 0, 0, 0, 0, 0, 0, 0, 0, 0, 0, 1, 1, 2, 2, 0, 0, 2, 0, 0, 1, 1, 0, 2, 2, 0, 1, 0, 0, 0, 0, 0, 0, 0, 2, 0, 0, 0, 0, 0, 0, 0, 2, 2, 2, 3, 2, 0, 1, 1, 4, 2, 5, 1, 6, 2, 4, 2, 1, 359, 0, 0, 0, 0, 0, 0]",-1,-0.0013799165211624644,-1,0
1831,"[1, 1, 0, 1, 1, 1, 0, 1, 0, 1, 0, 2, 0, 0, 0, 0, 0, 1, 0, 0, 2, 0, 0, 0, 0, 0, 0, 0, 0, 0, 0, 0, 1, 1, 2, 2, 0, 0, 2, 0, 0, 1, 1, 0, 2, 2, 0, 1, 0, 0, 0, 0, 0, 0, 0, 2, 0, 0, 0, 0, 0, 0, 0, 2, 2, 2, 3, 2, 0, 1, 1, 4, 2, 5, 1, 6, 2, 4, 2, 1, 359, 1, 0, 0, 0, 0, 0]",3,0.20034527623314746,-1,0
1832,"[1, 1, 0, 1, 1, 1, 0, 1, 0, 1, 0, 2, 0, 0, 0, 0, 0, 1, 0, 0, 2, 0, 0, 0, 0, 0, 0, 0, 0, 0, 0, 0, 1, 1, 2, 2, 0, 0, 2, 0, 0, 1, 1, 0, 2, 2, 0, 1, 0, 0, 0, 0, 0, 0, 0, 2, 0, 0, 0, 0, 0, 0, 0, 2, 2, 2, 3, 2, 0, 1, 1, 4, 2, 5, 1, 6, 2, 4, 2, 1, 359, 0, 0, 0, 0, 0, 0]",-1,-0.0013799165211624644,-1,0
1833,"[1, 1, 0, 1, 1, 1, 0, 1, 0, 1, 0, 2, 0, 0, 0, 0, 0, 1, 0, 0, 2, 0, 0, 0, 0, 0, 0, 0, 0, 0, 0, 0, 1, 1, 2, 2, 0, 0, 2, 0, 0, 1, 1, 0, 2, 2, 0, 1, 0, 0, 0, 0, 0, 0, 0, 2, 0, 0, 0, 0, 0, 0, 0, 2, 2, 2, 3, 2, 0, 1, 1, 4, 2, 5, 1, 6, 2, 4, 2, 1, 359, 0, 1, 0, 0, 0, 0]",2,0.4003452762331474,-1,0
1834,"[1, 1, 0, 1, 1, 1, 0, 1, 0, 1, 0, 2, 0, 0, 0, 0, 0, 1, 0, 0, 2, 0, 0, 0, 0, 0, 0, 0, 0, 0, 0, 0, 1, 1, 2, 2, 0, 0, 2, 0, 0, 1, 1, 0, 2, 2, 0, 1, 0, 0, 0, 0, 0, 0, 0, 2, 0, 0, 0, 0, 0, 0, 0, 2, 2, 2, 3, 2, 0, 1, 1, 4, 2, 5, 1, 6, 2, 4, 2, 1, 359, 0, 0, 0, 0, 0, 0]",-1,-0.0013799165211624644,-1,0
1835,"[1, 1, 0, 1, 1, 1, 0, 1, 0, 1, 0, 2, 0, 0, 0, 0, 0, 1, 0, 0, 2, 0, 0, 0, 0, 0, 0, 0, 0, 0, 0, 0, 1, 1, 2, 2, 0, 0, 2, 0, 0, 1, 1, 0, 2, 2, 0, 1, 0, 0, 0, 0, 0, 0, 0, 2, 0, 0, 0, 0, 0, 0, 0, 2, 2, 2, 3, 2, 0, 1, 1, 4, 2, 5, 1, 6, 2, 4, 2, 1, 359, 0, 1, 0, 0, 0, 0]",2,0.4003452762331474,-1,0
1836,"[1, 1, 0, 1, 1, 1, 0, 1, 0, 1, 0, 2, 0, 0, 0, 0, 0, 1, 0, 0, 2, 0, 0, 0, 0, 0, 0, 0, 0, 0, 0, 0, 1, 1, 2, 2, 0, 0, 2, 0, 0, 1, 1, 0, 2, 2, 0, 1, 0, 0, 0, 0, 0, 0, 0, 2, 0, 0, 0, 0, 0, 0, 0, 2, 2, 2, 3, 2, 0, 1, 1, 4, 2, 5, 1, 6, 2, 4, 2, 1, 359, 0, 0, 0, 0, 0, 0]",-1,-0.0013799165211624644,-1,0
1837,"[1, 1, 0, 1, 1, 1, 0, 1, 0, 1, 0, 2, 0, 0, 0, 0, 0, 1, 0, 0, 2, 0, 0, 0, 0, 0, 0, 0, 0, 0, 0, 0, 1, 1, 2, 2, 0, 0, 2, 0, 0, 1, 1, 0, 2, 2, 0, 1, 0, 0, 0, 0, 0, 0, 0, 2, 0, 0, 0, 0, 0, 0, 0, 2, 2, 2, 3, 2, 0, 1, 1, 4, 2, 5, 1, 6, 2, 4, 2, 1, 359, 1, 0, 0, 0, 0, 0]",3,0.20034527623314746,-1,0
1838,"[1, 1, 0, 1, 1, 1, 0, 1, 0, 1, 0, 2, 0, 0, 0, 0, 0, 1, 0, 0, 2, 0, 0, 0, 0, 0, 0, 0, 0, 0, 0, 0, 1, 1, 2, 2, 0, 0, 2, 0, 0, 1, 1, 0, 2, 2, 0, 1, 0, 0, 0, 0, 0, 0, 0, 2, 0, 0, 0, 0, 0, 0, 0, 2, 2, 2, 3, 2, 0, 1, 1, 4, 2, 5, 1, 6, 2, 4, 2, 1, 359, 0, 0, 0, 0, 0, 0]",-1,-0.0013799165211624644,-1,0
1839,"[1, 1, 0, 1, 1, 1, 0, 1, 0, 1, 0, 2, 0, 0, 0, 0, 0, 1, 0, 0, 2, 0, 0, 0, 0, 0, 0, 0, 0, 0, 0, 0, 1, 1, 2, 2, 0, 0, 2, 0, 0, 1, 1, 0, 2, 2, 0, 1, 0, 0, 0, 0, 0, 0, 0, 2, 0, 0, 0, 0, 0, 0, 0, 2, 2, 2, 3, 2, 0, 1, 1, 4, 2, 5, 1, 6, 2, 4, 2, 1, 359, 0, 0, 0, 0, 0, 0]",1,0.6099693913327642,-1,0
1840,"[1, 1, 0, 1, 1, 1, 0, 1, 0, 1, 0, 2, 0, 0, 0, 0, 0, 1, 0, 0, 2, 0, 0, 0, 0, 0, 0, 0, 0, 0, 0, 0, 1, 1, 2, 2, 0, 0, 2, 0, 0, 1, 1, 0, 2, 2, 0, 1, 0, 0, 0, 0, 0, 0, 0, 2, 0, 0, 0, 0, 0, 0, 0, 2, 2, 2, 3, 2, 0, 1, 1, 4, 2, 5, 1, 6, 2, 4, 2, 1, 359, 0, 0, 0, 0, 0, 0]",-1,-0.0013799165211624644,-1,0
1841,"[1, 1, 0, 1, 2, 1, 0, 1, 0, 1, 0, 2, 0, 0, 0, 0, 0, 1, 0, 0, 2, 0, 0, 0, 0, 0, 0, 0, 0, 0, 0, 0, 1, 1, 2, 2, 0, 0, 2, 0, 0, 1, 1, 0, 2, 2, 0, 1, 0, 0, 0, 0, 0, 0, 0, 2, 0, 0, 0, 0, 0, 0, 0, 2, 2, 2, 3, 2, 0, 1, 1, 4, 2, 5, 1, 6, 2, 4, 2, 1, 360, 0, 0, 0, 0, 0, 0]",4,13.136484877268483,-1,0
1842,"[1, 1, 0, 1, 2, 1, 0, 1, 0, 1, 0, 2, 0, 0, 0, 0, 0, 1, 0, 0, 2, 0, 0, 0, 0, 0, 0, 0, 0, 0, 0, 0, 1, 1, 2, 2, 0, 0, 2, 0, 0, 1, 1, 0, 2, 2, 0, 1, 0, 0, 0, 0, 0, 0, 0, 2, 0, 0, 0, 0, 0, 0, 0, 2, 2, 2, 3, 2, 0, 1, 1, 4, 2, 5, 1, 6, 2, 4, 2, 1, 360, 0, 1, 0, 0, 0, 0]",2,0.4003317602160349,-1,1
1843,"[1, 1, 0, 1, 2, 1, 0, 1, 0, 1, 0, 2, 0, 0, 0, 0, 0, 1, 0, 0, 2, 0, 0, 0, 0, 0, 0, 0, 0, 0, 0, 0, 1, 1, 2, 2, 0, 0, 2, 0, 0, 1, 1, 0, 2, 2, 0, 1, 0, 0, 0, 0, 0, 0, 0, 2, 0, 0, 0, 0, 0, 0, 0, 2, 2, 2, 3, 2, 0, 1, 1, 4, 2, 5, 1, 6, 2, 4, 2, 1, 360, 0, 1, 0, 0, 1, 0]","[[1 0 0 0]
 [0 1 0 0]]",0.6507566252741258,-1,1
1844,"[1, 1, 0, 1, 2, 1, 0, 1, 0, 1, 0, 2, 0, 0, 0, 0, 0, 1, 0, 0, 2, 0, 0, 0, 0, 0, 0, 0, 0, 0, 0, 0, 1, 1, 2, 2, 0, 0, 2, 0, 0, 1, 1, 0, 2, 2, 0, 1, 0, 0, 0, 0, 0, 0, 0, 2, 0, 0, 0, 0, 0, 0, 0, 2, 2, 2, 3, 2, 0, 1, 1, 4, 2, 5, 1, 6, 2, 4, 2, 1, 360, 0, 0, 0, 0, 0, 0]",1,-0.1996682397839651,-1,0
1845,"[1, 1, 0, 1, 3, 1, 0, 1, 0, 1, 0, 2, 0, 0, 0, 0, 0, 1, 0, 0, 2, 0, 0, 0, 0, 0, 0, 0, 0, 0, 0, 0, 1, 1, 2, 2, 0, 0, 2, 0, 0, 1, 1, 0, 2, 2, 0, 1, 0, 0, 0, 0, 0, 0, 0, 2, 0, 0, 0, 0, 0, 0, 0, 2, 2, 2, 3, 2, 0, 1, 1, 4, 2, 5, 1, 6, 2, 4, 2, 1, 361, 0, 0, 0, 0, 0, 0]",4,14.11600661100582,-1,1
1846,"[1, 1, 0, 1, 3, 1, 0, 1, 0, 1, 0, 2, 0, 0, 0, 0, 0, 1, 0, 0, 2, 0, 0, 0, 0, 0, 0, 0, 0, 0, 0, 0, 1, 1, 2, 2, 0, 0, 2, 0, 0, 1, 1, 0, 2, 2, 0, 1, 0, 0, 0, 0, 0, 0, 0, 2, 0, 0, 0, 0, 0, 0, 0, 2, 2, 2, 3, 2, 0, 1, 1, 4, 2, 5, 1, 6, 2, 4, 2, 1, 361, 0, 1, 0, 0, 0, 0]",2,0.40031877244566055,-1,0
1847,"[1, 1, 0, 1, 3, 1, 0, 1, 0, 1, 0, 2, 0, 0, 0, 0, 0, 1, 0, 0, 2, 0, 0, 0, 0, 0, 0, 0, 0, 0, 0, 0, 1, 1, 2, 2, 0, 0, 2, 0, 0, 1, 1, 0, 2, 2, 0, 1, 0, 0, 0, 0, 0, 0, 0, 2, 0, 0, 0, 0, 0, 0, 0, 2, 2, 2, 3, 2, 0, 1, 1, 4, 2, 5, 1, 6, 2, 4, 2, 1, 361, 0, 0, 0, 0, 0, 0]",-1,-0.0013525923433175208,-1,0
1848,"[1, 1, 0, 1, 4, 1, 0, 1, 0, 1, 0, 2, 0, 0, 0, 0, 0, 1, 0, 0, 2, 0, 0, 0, 0, 0, 0, 0, 0, 0, 0, 0, 1, 1, 2, 2, 0, 0, 2, 0, 0, 1, 1, 0, 2, 2, 0, 1, 0, 0, 0, 0, 0, 0, 0, 2, 0, 0, 0, 0, 0, 0, 0, 2, 2, 2, 3, 2, 0, 1, 1, 4, 2, 5, 1, 6, 2, 4, 2, 1, 362, 0, 0, 0, 0, 0, 0]",4,13.13640476103816,-1,0
1849,"[1, 1, 0, 1, 2, 1, 0, 1, 0, 1, 0, 2, 0, 0, 0, 0, 0, 1, 0, 0, 2, 0, 0, 0, 0, 0, 0, 0, 0, 0, 0, 0, 1, 1, 2, 2, 0, 0, 2, 0, 0, 1, 1, 0, 2, 2, 0, 1, 0, 0, 0, 0, 0, 0, 0, 2, 0, 0, 0, 0, 0, 0, 0, 2, 2, 2, 3, 2, 0, 1, 1, 4, 2, 5, 1, 6, 2, 4, 2, 5, 363, 0, 0, 0, 0, 0, 0]",4,14.376741131142586,-1,1
1850,"[1, 1, 0, 1, 2, 1, 0, 1, 0, 1, 0, 2, 0, 0, 0, 0, 0, 1, 0, 0, 2, 0, 0, 0, 0, 0, 0, 0, 0, 0, 0, 0, 1, 1, 2, 2, 0, 0, 2, 0, 0, 1, 1, 0, 2, 2, 0, 1, 0, 0, 0, 0, 0, 0, 0, 2, 0, 0, 0, 0, 0, 0, 0, 2, 2, 2, 3, 2, 0, 1, 1, 4, 2, 5, 1, 6, 2, 4, 2, 5, 363, 0, 0, 0, 0, 0, 0]",1,0.6099184152190946,-1,0
1851,"[1, 1, 0, 1, 2, 1, 0, 1, 0, 1, 0, 2, 0, 0, 0, 0, 0, 1, 0, 0, 2, 0, 0, 0, 0, 0, 0, 0, 0, 0, 0, 0, 1, 1, 2, 2, 0, 0, 2, 0, 0, 1, 1, 0, 2, 2, 0, 1, 0, 0, 0, 0, 0, 0, 0, 2, 0, 0, 0, 0, 0, 0, 0, 2, 2, 2, 3, 2, 0, 1, 1, 4, 2, 5, 1, 6, 2, 4, 2, 5, 363, 0, 0, 0, 0, 0, 0]",-1,-0.0013258092204447092,-1,0
1852,"[1, 1, 0, 1, 2, 1, 0, 1, 0, 1, 0, 2, 0, 0, 0, 0, 0, 1, 0, 0, 2, 0, 0, 0, 0, 0, 0, 0, 0, 0, 0, 0, 1, 1, 2, 2, 0, 0, 2, 0, 0, 1, 1, 0, 2, 2, 0, 1, 0, 0, 0, 0, 0, 0, 0, 2, 0, 0, 0, 0, 0, 0, 0, 2, 2, 2, 3, 2, 0, 1, 1, 4, 2, 5, 1, 6, 2, 4, 2, 5, 363, 1, 0, 0, 0, 0, 0]",3,0.20029430011947794,-1,0
1853,"[1, 1, 0, 1, 2, 1, 0, 1, 0, 1, 0, 2, 0, 0, 0, 0, 0, 1, 0, 0, 2, 0, 0, 0, 0, 0, 0, 0, 0, 0, 0, 0, 1, 1, 2, 2, 0, 0, 2, 0, 0, 1, 1, 0, 2, 2, 0, 1, 0, 0, 0, 0, 0, 0, 0, 2, 0, 0, 0, 0, 0, 0, 0, 2, 2, 2, 3, 2, 0, 1, 1, 4, 2, 5, 1, 6, 2, 4, 2, 5, 363, 0, 0, 0, 0, 0, 0]",-1,-0.0013258092204447092,-1,0
1854,"[1, 1, 0, 1, 2, 1, 0, 1, 0, 1, 0, 2, 0, 0, 0, 0, 0, 1, 0, 0, 2, 0, 0, 0, 0, 0, 0, 0, 0, 0, 0, 0, 1, 1, 2, 2, 0, 0, 2, 0, 0, 1, 1, 0, 2, 2, 0, 1, 0, 0, 0, 0, 0, 0, 0, 2, 0, 0, 0, 0, 0, 0, 0, 2, 2, 2, 3, 2, 0, 1, 1, 4, 2, 5, 1, 6, 2, 4, 2, 5, 363, 0, 1, 0, 0, 0, 0]",2,0.40029430011947786,-1,0
1855,"[1, 1, 0, 1, 2, 1, 0, 1, 0, 1, 0, 2, 0, 0, 0, 0, 0, 1, 0, 0, 2, 0, 0, 0, 0, 0, 0, 0, 0, 0, 0, 0, 1, 1, 2, 2, 0, 0, 2, 0, 0, 1, 1, 0, 2, 2, 0, 1, 0, 0, 0, 0, 0, 0, 0, 2, 0, 0, 0, 0, 0, 0, 0, 2, 2, 2, 3, 2, 0, 1, 1, 4, 2, 5, 1, 6, 2, 4, 2, 5, 363, 0, 0, 0, 0, 0, 0]",-1,-0.0013258092204447092,-1,0
1856,"[1, 1, 0, 1, 2, 1, 0, 1, 0, 1, 0, 2, 0, 0, 0, 0, 0, 1, 0, 0, 2, 0, 0, 0, 0, 0, 0, 0, 0, 0, 0, 0, 1, 1, 2, 2, 0, 0, 2, 0, 0, 1, 1, 0, 2, 2, 0, 1, 0, 0, 0, 0, 0, 0, 0, 2, 0, 0, 0, 0, 0, 0, 0, 2, 2, 2, 3, 2, 0, 1, 1, 4, 2, 5, 1, 6, 2, 4, 2, 5, 363, 0, 0, 0, 0, 0, 0]",1,0.6099184152190946,-1,0
1857,"[1, 1, 0, 1, 2, 1, 0, 1, 0, 1, 0, 2, 0, 0, 0, 0, 0, 1, 0, 0, 2, 0, 0, 0, 0, 0, 0, 0, 0, 0, 0, 0, 1, 1, 2, 2, 0, 0, 2, 0, 0, 1, 1, 0, 2, 2, 0, 1, 0, 0, 0, 0, 0, 0, 0, 2, 0, 0, 0, 0, 0, 0, 0, 2, 2, 2, 3, 2, 0, 1, 1, 4, 2, 5, 1, 6, 2, 4, 2, 5, 363, 0, 0, 0, 0, 0, 0]",-1,-0.0013258092204447092,-1,0
1858,"[1, 1, 0, 1, 2, 1, 0, 1, 0, 1, 0, 2, 0, 0, 0, 0, 0, 1, 0, 0, 2, 0, 0, 0, 0, 0, 0, 0, 0, 0, 0, 0, 1, 1, 2, 2, 0, 0, 2, 0, 0, 1, 1, 0, 2, 2, 0, 1, 0, 0, 0, 0, 0, 0, 0, 2, 0, 0, 0, 0, 0, 0, 0, 2, 2, 2, 3, 2, 0, 1, 1, 4, 2, 5, 1, 6, 2, 4, 2, 5, 363, 0, 1, 0, 0, 0, 0]",2,0.40029430011947786,-1,0
1859,"[1, 1, 0, 1, 2, 1, 0, 1, 0, 1, 0, 2, 0, 0, 0, 0, 0, 1, 0, 0, 2, 0, 0, 0, 0, 0, 0, 0, 0, 0, 0, 0, 1, 1, 2, 2, 0, 0, 2, 0, 0, 1, 1, 0, 2, 2, 0, 1, 0, 0, 0, 0, 0, 0, 0, 2, 0, 0, 0, 0, 0, 0, 0, 2, 2, 2, 3, 2, 0, 1, 1, 4, 2, 5, 1, 6, 2, 4, 2, 5, 363, 0, 0, 0, 0, 0, 0]",-1,-0.0013258092204447092,-1,0
1860,"[1, 1, 0, 1, 1, 1, 0, 1, 0, 1, 0, 2, 0, 0, 0, 0, 0, 1, 0, 0, 2, 0, 0, 0, 0, 0, 0, 0, 0, 0, 0, 0, 1, 1, 2, 2, 0, 0, 2, 0, 0, 1, 1, 0, 2, 2, 0, 1, 0, 0, 0, 0, 0, 0, 0, 2, 0, 0, 0, 0, 0, 0, 0, 2, 2, 2, 3, 2, 0, 1, 1, 4, 2, 5, 1, 6, 2, 4, 2, 1, 364, 0, 0, 0, 0, 0, 0]",4,13.136327679213506,-1,0
1861,"[1, 1, 0, 1, 1, 1, 0, 1, 0, 1, 0, 2, 0, 0, 0, 0, 0, 1, 0, 0, 2, 0, 0, 0, 0, 0, 0, 0, 0, 0, 0, 0, 1, 1, 2, 2, 0, 0, 2, 0, 0, 1, 1, 0, 2, 2, 0, 1, 0, 0, 0, 0, 0, 0, 0, 2, 0, 0, 0, 0, 0, 0, 0, 2, 2, 2, 3, 2, 0, 1, 1, 4, 2, 5, 1, 6, 2, 4, 2, 1, 365, 0, 0, 0, 0, 0, 0]",4,14.53629022239678,-1,1
1862,"[1, 1, 0, 1, 1, 1, 0, 1, 0, 1, 0, 2, 0, 0, 0, 0, 0, 1, 0, 0, 2, 0, 0, 0, 0, 0, 0, 0, 0, 0, 0, 0, 1, 1, 2, 2, 0, 0, 2, 0, 0, 1, 1, 0, 2, 2, 0, 1, 0, 0, 0, 0, 0, 0, 0, 2, 0, 0, 0, 0, 0, 0, 0, 2, 2, 2, 3, 2, 0, 1, 1, 4, 2, 5, 1, 6, 2, 4, 2, 1, 365, 1, 0, 0, 0, 0, 0]",3,0.2002717039900858,-1,0
1863,"[1, 1, 0, 1, 1, 1, 0, 1, 0, 1, 0, 2, 0, 0, 0, 0, 0, 1, 0, 0, 2, 0, 0, 0, 0, 0, 0, 0, 0, 0, 0, 0, 1, 1, 2, 2, 0, 0, 2, 0, 0, 1, 1, 0, 2, 2, 0, 1, 0, 0, 0, 0, 0, 0, 0, 2, 0, 0, 0, 0, 0, 0, 0, 2, 2, 2, 3, 2, 0, 1, 1, 4, 2, 5, 1, 6, 2, 4, 2, 1, 365, 0, 0, 0, 0, 0, 0]",-1,-0.0012995564389377675,-1,0
1864,"[1, 1, 0, 1, 1, 1, 0, 1, 0, 1, 0, 2, 0, 0, 0, 0, 0, 1, 0, 0, 2, 0, 0, 0, 0, 0, 0, 0, 0, 0, 0, 0, 1, 1, 2, 2, 0, 0, 2, 0, 0, 1, 1, 0, 2, 2, 0, 1, 0, 0, 0, 0, 0, 0, 0, 2, 0, 0, 0, 0, 0, 0, 0, 2, 2, 2, 3, 2, 0, 1, 1, 4, 2, 5, 1, 6, 2, 4, 2, 1, 365, 1, 0, 0, 0, 0, 0]",3,0.2002717039900858,-1,0
1865,"[1, 1, 0, 1, 1, 1, 0, 1, 0, 1, 0, 2, 0, 0, 0, 0, 0, 1, 0, 0, 2, 0, 0, 0, 0, 0, 0, 0, 0, 0, 0, 0, 1, 1, 2, 2, 0, 0, 2, 0, 0, 1, 1, 0, 2, 2, 0, 1, 0, 0, 0, 0, 0, 0, 0, 2, 0, 0, 0, 0, 0, 0, 0, 2, 2, 2, 3, 2, 0, 1, 1, 4, 2, 5, 1, 6, 2, 4, 2, 1, 365, 0, 0, 0, 0, 0, 0]",-1,-0.0012995564389377675,-1,0
1866,"[1, 1, 0, 1, 1, 1, 0, 1, 0, 1, 0, 2, 0, 0, 0, 0, 0, 1, 0, 0, 2, 0, 0, 0, 0, 0, 0, 0, 0, 0, 0, 0, 1, 1, 2, 2, 0, 0, 2, 0, 0, 1, 1, 0, 2, 2, 0, 1, 0, 0, 0, 0, 0, 0, 0, 2, 0, 0, 0, 0, 0, 0, 0, 2, 2, 2, 3, 2, 0, 1, 1, 4, 2, 5, 1, 6, 2, 4, 2, 1, 366, 0, 0, 0, 0, 0, 0]",4,13.136253461118706,-1,0
1867,"[1, 1, 0, 1, 1, 1, 0, 1, 0, 1, 0, 2, 0, 0, 0, 0, 0, 1, 0, 0, 2, 0, 0, 0, 0, 0, 0, 0, 0, 0, 0, 0, 1, 1, 2, 2, 0, 0, 2, 0, 0, 1, 1, 0, 2, 2, 0, 1, 0, 0, 0, 0, 0, 0, 0, 2, 0, 0, 0, 0, 0, 0, 0, 2, 2, 2, 3, 2, 0, 1, 1, 4, 2, 5, 1, 6, 2, 4, 2, 1, 366, 0, 1, 0, 0, 0, 0]",2,0.40026106423070534,-1,1
1868,"[1, 1, 0, 1, 1, 1, 0, 1, 0, 1, 0, 2, 0, 0, 0, 0, 0, 1, 0, 0, 2, 0, 0, 0, 0, 0, 0, 0, 0, 0, 0, 0, 1, 1, 2, 2, 0, 0, 2, 0, 0, 1, 1, 0, 2, 2, 0, 1, 0, 0, 0, 0, 0, 0, 0, 2, 0, 0, 0, 0, 0, 0, 0, 2, 2, 2, 3, 2, 0, 1, 1, 4, 2, 5, 1, 6, 2, 4, 2, 1, 366, 0, 1, 0, 0, 1, 0]","[[1 0 0 0]
 [0 1 0 0]]",0.6506859292887963,-1,1
1869,"[2, 0, 0, 1, 0, 2, 0, 1, 0, 1, 0, 2, 0, 0, 0, 0, 0, 1, 0, 0, 2, 0, 0, 0, 0, 0, 0, 0, 0, 0, 0, 0, 1, 1, 2, 2, 0, 0, 2, 0, 0, 1, 1, 0, 2, 2, 0, 1, 0, 0, 0, 0, 0, 0, 0, 2, 0, 0, 0, 0, 0, 0, 0, 2, 2, 2, 3, 2, 0, 1, 1, 4, 2, 5, 1, 6, 2, 4, 2, 1, 366, 0, 0, 0, 0, 0, 0]",0,-0.19973893576929463,-1,0
1870,"[2, 0, 0, 1, 1, 2, 0, 1, 0, 1, 0, 2, 0, 0, 0, 0, 0, 1, 0, 0, 2, 0, 0, 0, 0, 0, 0, 0, 0, 0, 0, 0, 1, 1, 2, 2, 0, 0, 2, 0, 0, 1, 1, 0, 2, 2, 0, 1, 0, 0, 0, 0, 0, 0, 0, 2, 0, 0, 0, 0, 0, 0, 0, 2, 2, 2, 3, 2, 0, 1, 1, 4, 2, 5, 1, 6, 2, 4, 2, 1, 367, 0, 0, 0, 0, 0, 0]",4,14.376592655240898,-1,1
1871,"[2, 0, 0, 1, 2, 2, 0, 1, 0, 1, 0, 2, 0, 0, 0, 0, 0, 1, 0, 0, 2, 0, 0, 0, 0, 0, 0, 0, 0, 0, 0, 0, 1, 1, 2, 2, 0, 0, 2, 0, 0, 1, 1, 0, 2, 2, 0, 1, 0, 0, 0, 0, 0, 0, 0, 2, 0, 0, 0, 0, 0, 0, 0, 2, 2, 2, 3, 2, 0, 1, 1, 4, 2, 5, 1, 6, 2, 4, 2, 1, 368, 0, 0, 0, 0, 0, 0]",4,12.658457305661408,-1,0
1872,"[2, 0, 0, 1, 2, 2, 0, 1, 0, 1, 0, 2, 0, 0, 0, 0, 0, 1, 0, 0, 2, 0, 0, 0, 0, 0, 0, 0, 0, 0, 0, 0, 1, 1, 2, 2, 0, 0, 2, 0, 0, 1, 1, 0, 2, 2, 0, 1, 0, 0, 0, 0, 0, 0, 0, 2, 0, 0, 0, 0, 0, 0, 0, 2, 2, 2, 3, 2, 0, 1, 1, 4, 2, 5, 1, 6, 2, 4, 2, 1, 369, 0, 0, 0, 0, 0, 0]",4,14.275195378801762,-1,1
1873,"[2, 0, 0, 1, 2, 2, 0, 1, 0, 1, 0, 2, 0, 0, 0, 0, 0, 1, 0, 0, 2, 0, 0, 0, 0, 0, 0, 0, 0, 0, 0, 0, 1, 1, 2, 2, 0, 0, 2, 0, 0, 1, 1, 0, 2, 2, 0, 1, 0, 0, 0, 0, 0, 0, 0, 2, 0, 0, 0, 0, 0, 0, 0, 2, 2, 2, 3, 2, 0, 1, 1, 4, 2, 5, 1, 6, 2, 4, 2, 1, 370, 0, 0, 0, 0, 0, 0]",4,12.658388349230783,-1,0
1874,"[1, 0, 0, 1, 1, 1, 0, 1, 0, 1, 0, 2, 0, 0, 0, 0, 0, 1, 0, 0, 2, 0, 0, 0, 0, 0, 0, 0, 0, 0, 0, 0, 1, 1, 2, 2, 0, 0, 2, 0, 0, 1, 1, 0, 2, 2, 0, 1, 0, 0, 0, 0, 0, 0, 0, 2, 0, 0, 0, 0, 0, 0, 0, 2, 2, 2, 3, 2, 0, 1, 1, 4, 2, 5, 1, 6, 2, 4, 2, 2, 371, 0, 0, 0, 0, 0, 0]",4,14.536079428557647,-1,1
1875,"[1, 0, 0, 1, 1, 1, 0, 1, 0, 1, 0, 2, 0, 0, 0, 0, 0, 1, 0, 0, 2, 0, 0, 0, 0, 0, 0, 0, 0, 0, 0, 0, 1, 1, 2, 2, 0, 0, 2, 0, 0, 1, 1, 0, 2, 2, 0, 1, 0, 0, 0, 0, 0, 0, 0, 2, 0, 0, 0, 0, 0, 0, 0, 2, 2, 2, 3, 2, 0, 1, 1, 4, 2, 5, 1, 6, 2, 4, 2, 2, 371, 1, 0, 0, 0, 0, 0]",3,0.2002137919004884,-1,0
1876,"[1, 0, 0, 1, 1, 1, 0, 1, 0, 1, 0, 2, 0, 0, 0, 0, 0, 1, 0, 0, 2, 0, 0, 0, 0, 0, 0, 0, 0, 0, 0, 0, 1, 1, 2, 2, 0, 0, 2, 0, 0, 1, 1, 0, 2, 2, 0, 1, 0, 0, 0, 0, 0, 0, 0, 2, 0, 0, 0, 0, 0, 0, 0, 2, 2, 2, 3, 2, 0, 1, 1, 4, 2, 5, 1, 6, 2, 4, 2, 2, 371, 0, 0, 0, 0, 0, 0]",-1,-0.0012238761635826336,-1,0
1877,"[1, 0, 0, 1, 1, 1, 0, 1, 0, 1, 0, 2, 0, 0, 0, 0, 0, 1, 0, 0, 2, 0, 0, 0, 0, 0, 0, 0, 0, 0, 0, 0, 1, 1, 2, 2, 0, 0, 2, 0, 0, 1, 1, 0, 2, 2, 0, 1, 0, 0, 0, 0, 0, 0, 0, 2, 0, 0, 0, 0, 0, 0, 0, 2, 2, 2, 3, 2, 0, 1, 1, 4, 2, 5, 1, 6, 2, 4, 2, 2, 371, 0, 1, 0, 0, 0, 0]",2,0.40021379190048834,-1,1
1878,"[1, 0, 0, 1, 1, 1, 0, 1, 0, 1, 0, 2, 0, 0, 0, 0, 0, 1, 0, 0, 2, 0, 0, 0, 0, 0, 0, 0, 0, 0, 0, 0, 1, 1, 2, 2, 0, 0, 2, 0, 0, 1, 1, 0, 2, 2, 0, 1, 0, 0, 0, 0, 0, 0, 0, 2, 0, 0, 0, 0, 0, 0, 0, 2, 2, 2, 3, 2, 0, 1, 1, 4, 2, 5, 1, 6, 2, 4, 2, 2, 371, 0, 1, 0, 0, 1, 0]","[[1 0 0 0]
 [0 0 0 1]]",0.6506386569585793,-1,1
1879,"[2, 0, 0, 0, 0, 1, 0, 2, 0, 1, 0, 2, 0, 0, 0, 0, 0, 1, 0, 0, 2, 0, 0, 0, 0, 0, 0, 0, 0, 0, 0, 0, 1, 1, 2, 2, 0, 0, 2, 0, 0, 1, 1, 0, 2, 2, 0, 1, 0, 0, 0, 0, 0, 0, 0, 2, 0, 0, 0, 0, 0, 0, 0, 2, 2, 2, 3, 2, 0, 1, 1, 4, 2, 5, 1, 6, 2, 4, 2, 2, 371, 0, 0, 0, 0, 0, 0]",0,-0.19978620809951161,-1,0
1880,"[2, 0, 0, 1, 0, 1, 0, 3, 0, 1, 0, 2, 0, 0, 0, 0, 0, 1, 0, 0, 2, 0, 0, 0, 0, 0, 0, 0, 0, 0, 0, 0, 1, 1, 2, 2, 0, 0, 2, 0, 0, 1, 1, 0, 2, 2, 0, 1, 0, 0, 0, 0, 0, 0, 0, 2, 0, 0, 0, 0, 0, 0, 0, 2, 2, 2, 3, 2, 0, 1, 1, 4, 2, 5, 1, 6, 2, 4, 2, 2, 372, 0, 0, 0, 0, 0, 0]",4,13.896127727210347,-1,1
1881,"[2, 0, 0, 1, 0, 1, 0, 3, 0, 1, 0, 2, 0, 0, 0, 0, 0, 1, 0, 0, 2, 0, 0, 0, 0, 0, 0, 0, 0, 0, 0, 0, 1, 1, 2, 2, 0, 0, 2, 0, 0, 1, 1, 0, 2, 2, 0, 1, 0, 0, 0, 0, 0, 0, 0, 2, 0, 0, 0, 0, 0, 0, 0, 2, 2, 2, 3, 2, 0, 1, 1, 4, 2, 5, 1, 6, 2, 4, 2, 2, 373, 0, 0, 0, 0, 0, 0]",4,12.658289409623658,-1,0
1882,"[1, 0, 0, 1, 0, 1, 0, 1, 0, 1, 0, 2, 0, 0, 0, 0, 0, 1, 0, 0, 2, 0, 0, 0, 0, 0, 0, 0, 0, 0, 0, 0, 1, 1, 2, 2, 0, 0, 2, 0, 0, 1, 1, 0, 2, 2, 0, 1, 0, 0, 0, 0, 0, 0, 0, 2, 0, 0, 0, 0, 0, 0, 0, 2, 2, 2, 3, 2, 0, 1, 1, 4, 2, 5, 1, 6, 2, 4, 2, 3, 374, 0, 0, 0, 0, 0, 0]",4,14.262052094206318,-1,1
1883,"[1, 0, 0, 1, 0, 1, 0, 1, 0, 1, 0, 2, 0, 0, 0, 0, 0, 1, 0, 0, 2, 0, 0, 0, 0, 0, 0, 0, 0, 0, 0, 0, 1, 1, 2, 2, 0, 0, 2, 0, 0, 1, 1, 0, 2, 2, 0, 1, 0, 0, 0, 0, 0, 0, 0, 2, 0, 0, 0, 0, 0, 0, 0, 2, 2, 2, 3, 2, 0, 1, 1, 4, 2, 5, 1, 6, 2, 4, 2, 3, 374, 0, 1, 0, 0, 0, 0]",2,0.40018963932887075,-1,0
1884,"[1, 0, 0, 1, 0, 1, 0, 1, 0, 1, 0, 2, 0, 0, 0, 0, 0, 1, 0, 0, 2, 0, 0, 0, 0, 0, 0, 0, 0, 0, 0, 0, 1, 1, 2, 2, 0, 0, 2, 0, 0, 1, 1, 0, 2, 2, 0, 1, 0, 0, 0, 0, 0, 0, 0, 2, 0, 0, 0, 0, 0, 0, 0, 2, 2, 2, 3, 2, 0, 1, 1, 4, 2, 5, 1, 6, 2, 4, 2, 3, 374, 0, 1, 0, 0, 1, 0]","[[1 0 0 0]
 [0 1 0 0]]",0.6506145043869617,-1,0
1885,"[1, 0, 0, 1, 0, 1, 0, 1, 0, 1, 0, 2, 0, 0, 0, 0, 0, 1, 0, 0, 2, 0, 0, 0, 0, 0, 0, 0, 0, 0, 0, 0, 1, 1, 2, 2, 0, 0, 2, 0, 0, 1, 1, 0, 2, 2, 0, 1, 0, 0, 0, 0, 0, 0, 0, 2, 0, 0, 0, 0, 0, 0, 0, 2, 2, 2, 3, 2, 0, 1, 1, 4, 2, 5, 1, 6, 2, 4, 2, 3, 374, 0, 0, 0, 0, 0, 0]",1,-9.459939949397198,-1,1
1886,"[1, 0, 0, 1, 0, 1, 0, 1, 0, 1, 0, 2, 0, 0, 0, 0, 0, 1, 0, 0, 2, 0, 0, 0, 0, 0, 0, 0, 0, 0, 0, 0, 1, 1, 2, 2, 0, 0, 2, 0, 0, 1, 1, 0, 2, 2, 0, 1, 0, 0, 0, 0, 0, 0, 0, 2, 0, 0, 0, 0, 0, 0, 0, 2, 2, 2, 3, 2, 0, 1, 1, 4, 2, 5, 1, 6, 2, 4, 2, 3, 374, 0, 1, 0, 0, 0, 0]",2,0.40018963932887075,-1,0
1887,"[1, 0, 0, 1, 0, 1, 0, 1, 0, 1, 0, 2, 0, 0, 0, 0, 0, 1, 0, 0, 2, 0, 0, 0, 0, 0, 0, 0, 0, 0, 0, 0, 1, 1, 2, 2, 0, 0, 2, 0, 0, 1, 1, 0, 2, 2, 0, 1, 0, 0, 0, 0, 0, 0, 0, 2, 0, 0, 0, 0, 0, 0, 0, 2, 2, 2, 3, 2, 0, 1, 1, 4, 2, 5, 1, 6, 2, 4, 2, 3, 374, 0, 1, 0, 0, 1, 0]","[[1 0 0 0]
 [0 1 0 0]]",0.6506145043869617,-1,0
1888,"[1, 0, 0, 1, 0, 1, 0, 1, 0, 1, 0, 2, 0, 0, 0, 0, 0, 1, 0, 0, 2, 0, 0, 0, 0, 0, 0, 0, 0, 0, 0, 0, 1, 1, 2, 2, 0, 0, 2, 0, 0, 1, 1, 0, 2, 2, 0, 1, 0, 0, 0, 0, 0, 0, 0, 2, 0, 0, 0, 0, 0, 0, 0, 2, 2, 2, 3, 2, 0, 1, 1, 4, 2, 5, 1, 6, 2, 4, 2, 3, 374, 0, 0, 0, 0, 0, 0]",1,-9.459939949397198,-1,1
1889,"[1, 0, 0, 1, 0, 1, 0, 1, 0, 1, 0, 2, 0, 0, 0, 0, 0, 1, 0, 0, 2, 0, 0, 0, 0, 0, 0, 0, 0, 0, 0, 0, 1, 1, 2, 2, 0, 0, 2, 0, 0, 1, 1, 0, 2, 2, 0, 1, 0, 0, 0, 0, 0, 0, 0, 2, 0, 0, 0, 0, 0, 0, 0, 2, 2, 2, 3, 2, 0, 1, 1, 4, 2, 5, 1, 6, 2, 4, 2, 0, 375, 0, 0, 0, 0, 0, 0]",4,12.862020791845787,-1,0
1890,"[1, 0, 0, 1, 0, 1, 0, 1, 0, 1, 0, 2, 0, 0, 0, 0, 0, 1, 0, 0, 2, 0, 0, 0, 0, 0, 0, 0, 0, 0, 0, 0, 1, 1, 2, 2, 0, 0, 2, 0, 0, 1, 1, 0, 2, 2, 0, 1, 0, 0, 0, 0, 0, 0, 0, 2, 0, 0, 0, 0, 0, 0, 0, 2, 2, 2, 3, 2, 0, 1, 1, 4, 2, 5, 1, 6, 2, 4, 2, 0, 376, 0, 0, 0, 0, 0, 0]",4,14.261990017806664,-1,1
1891,"[1, 0, 0, 1, 0, 1, 0, 1, 0, 1, 0, 2, 0, 0, 0, 0, 0, 1, 0, 0, 2, 0, 0, 0, 0, 0, 0, 0, 0, 0, 0, 0, 1, 1, 2, 2, 0, 0, 2, 0, 0, 1, 1, 0, 2, 2, 0, 1, 0, 0, 0, 0, 0, 0, 0, 2, 0, 0, 0, 0, 0, 0, 0, 2, 2, 2, 3, 2, 0, 1, 1, 4, 2, 5, 1, 6, 2, 4, 2, 0, 376, 0, 1, 0, 0, 0, 0]",2,0.40017507192728585,-1,0
1892,"[1, 0, 0, 1, 0, 1, 0, 1, 0, 1, 0, 2, 0, 0, 0, 0, 0, 1, 0, 0, 2, 0, 0, 0, 0, 0, 0, 0, 0, 0, 0, 0, 1, 1, 2, 2, 0, 0, 2, 0, 0, 1, 1, 0, 2, 2, 0, 1, 0, 0, 0, 0, 0, 0, 0, 2, 0, 0, 0, 0, 0, 0, 0, 2, 2, 2, 3, 2, 0, 1, 1, 4, 2, 5, 1, 6, 2, 4, 2, 0, 376, 0, 1, 0, 0, 1, 0]","[[1 0 0 0]
 [0 1 0 0]]",0.6505999369853768,-1,0
1893,"[1, 0, 0, 1, 0, 1, 0, 1, 0, 1, 0, 2, 0, 0, 0, 0, 0, 1, 0, 0, 2, 0, 0, 0, 0, 0, 0, 0, 0, 0, 0, 0, 1, 1, 2, 2, 0, 0, 2, 0, 0, 1, 1, 0, 2, 2, 0, 1, 0, 0, 0, 0, 0, 0, 0, 2, 0, 0, 0, 0, 0, 0, 0, 2, 2, 2, 3, 2, 0, 1, 1, 4, 2, 5, 1, 6, 2, 4, 2, 0, 376, 0, 0, 0, 0, 0, 0]",1,-9.459954516798781,-1,1
1894,"[1, 0, 0, 1, 1, 1, 0, 1, 0, 1, 0, 2, 0, 0, 0, 0, 0, 1, 0, 0, 2, 0, 0, 0, 0, 0, 0, 0, 0, 0, 0, 0, 1, 1, 2, 2, 0, 0, 2, 0, 0, 1, 1, 0, 2, 2, 0, 1, 0, 0, 0, 0, 0, 0, 0, 2, 0, 0, 0, 0, 0, 0, 0, 2, 2, 2, 3, 2, 0, 1, 1, 4, 2, 5, 1, 6, 2, 4, 2, 0, 377, 0, 0, 0, 0, 0, 0]",4,12.861959758363728,-1,0
1895,"[1, 0, 0, 1, 1, 1, 0, 1, 0, 1, 0, 2, 0, 0, 0, 0, 0, 1, 0, 0, 2, 0, 0, 0, 0, 0, 0, 0, 0, 0, 0, 0, 1, 1, 2, 2, 0, 0, 2, 0, 0, 1, 1, 0, 2, 2, 0, 1, 0, 0, 0, 0, 0, 0, 0, 2, 0, 0, 0, 0, 0, 0, 0, 2, 2, 2, 3, 2, 0, 1, 1, 4, 2, 5, 1, 6, 2, 4, 2, 0, 377, 0, 1, 0, 0, 0, 0]",2,0.40016821303246175,-1,1
1896,"[1, 0, 0, 1, 1, 1, 0, 1, 0, 1, 0, 2, 0, 0, 0, 0, 0, 1, 0, 0, 2, 0, 0, 0, 0, 0, 0, 0, 0, 0, 0, 0, 1, 1, 2, 2, 0, 0, 2, 0, 0, 1, 1, 0, 2, 2, 0, 1, 0, 0, 0, 0, 0, 0, 0, 2, 0, 0, 0, 0, 0, 0, 0, 2, 2, 2, 3, 2, 0, 1, 1, 4, 2, 5, 1, 6, 2, 4, 2, 0, 377, 0, 1, 0, 0, 1, 0]","[[0 1 0 0]
 [1 0 0 0]]",0.6505930780905527,-1,1
1897,"[0, 1, 0, 1, 2, 0, 0, 1, 0, 1, 0, 2, 0, 0, 0, 0, 0, 1, 0, 0, 2, 0, 0, 0, 0, 0, 0, 0, 0, 0, 0, 0, 1, 1, 2, 2, 0, 0, 2, 0, 0, 1, 1, 0, 2, 2, 0, 1, 0, 0, 0, 0, 0, 0, 0, 2, 0, 0, 0, 0, 0, 0, 0, 2, 2, 2, 3, 2, 0, 1, 1, 4, 2, 5, 1, 6, 2, 4, 2, 0, 377, 0, 0, 0, 0, 0, 0]",0,-0.19983178696753823,-1,0
1898,"[0, 1, 0, 1, 3, 0, 0, 1, 0, 1, 0, 2, 0, 0, 0, 0, 0, 1, 0, 0, 2, 0, 0, 0, 0, 0, 0, 0, 0, 0, 0, 0, 1, 1, 2, 2, 0, 0, 2, 0, 0, 1, 1, 0, 2, 2, 0, 1, 0, 0, 0, 0, 0, 0, 0, 2, 0, 0, 0, 0, 0, 0, 0, 2, 2, 2, 3, 2, 0, 1, 1, 4, 2, 5, 1, 6, 2, 4, 2, 0, 378, 0, 0, 0, 0, 0, 0]",4,13.895941386236974,-1,1
1899,"[0, 1, 0, 1, 3, 0, 0, 1, 0, 1, 0, 2, 0, 0, 0, 0, 0, 1, 0, 0, 2, 0, 0, 0, 0, 0, 0, 0, 0, 0, 0, 0, 1, 1, 2, 2, 0, 0, 2, 0, 0, 1, 1, 0, 2, 2, 0, 1, 0, 0, 0, 0, 0, 0, 0, 2, 0, 0, 0, 0, 0, 0, 0, 2, 2, 2, 3, 2, 0, 1, 1, 4, 2, 5, 1, 6, 2, 4, 2, 0, 378, 0, 1, 0, 0, 0, 0]",2,0.40016162263521116,-1,0
1900,"[0, 1, 0, 1, 3, 0, 0, 1, 0, 1, 0, 2, 0, 0, 0, 0, 0, 1, 0, 0, 2, 0, 0, 0, 0, 0, 0, 0, 0, 0, 0, 0, 1, 1, 2, 2, 0, 0, 2, 0, 0, 1, 1, 0, 2, 2, 0, 1, 0, 0, 0, 0, 0, 0, 0, 2, 0, 0, 0, 0, 0, 0, 0, 2, 2, 2, 3, 2, 0, 1, 1, 4, 2, 5, 1, 6, 2, 4, 2, 0, 378, 0, 1, 0, 0, 1, 0]","[[0 0 0 1]
 [1 0 0 0]]",0.6505864876933021,-1,0
1901,"[0, 1, 0, 1, 3, 0, 0, 1, 0, 1, 0, 2, 0, 0, 0, 0, 0, 1, 0, 0, 2, 0, 0, 0, 0, 0, 0, 0, 0, 0, 0, 0, 1, 1, 2, 2, 0, 0, 2, 0, 0, 1, 1, 0, 2, 2, 0, 1, 0, 0, 0, 0, 0, 0, 0, 2, 0, 0, 0, 0, 0, 0, 0, 2, 2, 2, 3, 2, 0, 1, 1, 4, 2, 5, 1, 6, 2, 4, 2, 0, 378, 0, 1, 0, 0, 0, 1]",2,-0.1998383773647888,-1,1
1902,"[0, 1, 0, 1, 3, 0, 0, 1, 0, 1, 0, 2, 0, 0, 0, 0, 0, 1, 0, 0, 2, 0, 0, 0, 0, 0, 0, 0, 0, 0, 0, 0, 1, 1, 2, 2, 0, 0, 2, 0, 0, 1, 1, 0, 2, 2, 0, 1, 0, 0, 0, 0, 0, 0, 0, 2, 0, 0, 0, 0, 0, 0, 0, 2, 2, 2, 3, 2, 0, 1, 1, 4, 2, 5, 1, 6, 2, 4, 2, 0, 378, 0, 0, 1, 0, 0, 0]","[[1 0 0 0]
 [0 1 0 0]]",-0.1998383773647888,-1,1
1903,"[1, 0, 0, 1, 2, 1, 0, 1, 0, 1, 0, 2, 0, 0, 0, 0, 0, 1, 0, 0, 2, 0, 0, 0, 0, 0, 0, 0, 0, 0, 0, 0, 1, 1, 2, 2, 0, 0, 2, 0, 0, 1, 1, 0, 2, 2, 0, 1, 0, 0, 0, 0, 0, 0, 0, 2, 0, 0, 0, 0, 0, 0, 0, 2, 2, 2, 3, 2, 0, 1, 1, 4, 2, 5, 1, 6, 2, 4, 2, 0, 378, 0, 0, 0, 0, 0, 0]",0,-0.1998383773647888,-1,0
1904,"[1, 0, 0, 1, 2, 1, 0, 1, 0, 1, 0, 2, 0, 0, 0, 0, 0, 1, 0, 0, 2, 0, 0, 0, 0, 0, 0, 0, 0, 0, 0, 0, 1, 1, 2, 2, 0, 0, 2, 0, 0, 1, 1, 0, 2, 2, 0, 1, 0, 0, 0, 0, 0, 0, 0, 2, 0, 0, 0, 0, 0, 0, 0, 2, 2, 2, 3, 2, 0, 1, 1, 4, 2, 5, 1, 6, 2, 4, 2, 0, 378, 0, 1, 0, 0, 0, 0]",2,0.40016162263521116,-1,0
1905,"[1, 0, 0, 1, 2, 1, 0, 1, 0, 1, 0, 2, 0, 0, 0, 0, 0, 1, 0, 0, 2, 0, 0, 0, 0, 0, 0, 0, 0, 0, 0, 0, 1, 1, 2, 2, 0, 0, 2, 0, 0, 1, 1, 0, 2, 2, 0, 1, 0, 0, 0, 0, 0, 0, 0, 2, 0, 0, 0, 0, 0, 0, 0, 2, 2, 2, 3, 2, 0, 1, 1, 4, 2, 5, 1, 6, 2, 4, 2, 0, 378, 0, 1, 0, 0, 1, 0]","[[0 0 0 1]
 [0 1 0 0]]",0.6505864876933021,-1,0
1906,"[1, 0, 0, 1, 2, 1, 0, 1, 0, 1, 0, 2, 0, 0, 0, 0, 0, 1, 0, 0, 2, 0, 0, 0, 0, 0, 0, 0, 0, 0, 0, 0, 1, 1, 2, 2, 0, 0, 2, 0, 0, 1, 1, 0, 2, 2, 0, 1, 0, 0, 0, 0, 0, 0, 0, 2, 0, 0, 0, 0, 0, 0, 0, 2, 2, 2, 3, 2, 0, 1, 1, 4, 2, 5, 1, 6, 2, 4, 2, 0, 378, 0, 1, 0, 0, 0, 1]",2,-0.1998383773647888,-1,1
1907,"[1, 0, 0, 1, 2, 1, 0, 1, 0, 1, 0, 2, 0, 0, 0, 0, 0, 1, 0, 0, 2, 0, 0, 0, 0, 0, 0, 0, 0, 0, 0, 0, 1, 1, 2, 2, 0, 0, 2, 0, 0, 1, 1, 0, 2, 2, 0, 1, 0, 0, 0, 0, 0, 0, 0, 2, 0, 0, 0, 0, 0, 0, 0, 2, 2, 2, 3, 2, 0, 1, 1, 4, 2, 5, 1, 6, 2, 4, 2, 0, 378, 0, 0, 1, 0, 0, 0]","[[0 1 0 0]
 [1 0 0 0]]",-0.1998383773647888,-1,1
1908,"[1, 0, 0, 1, 2, 1, 0, 1, 0, 1, 0, 2, 0, 0, 0, 0, 0, 1, 0, 0, 2, 0, 0, 0, 0, 0, 0, 0, 0, 0, 0, 0, 1, 1, 2, 2, 0, 0, 2, 0, 0, 1, 1, 0, 2, 2, 0, 1, 0, 0, 0, 0, 0, 0, 0, 2, 0, 0, 0, 0, 0, 0, 0, 2, 2, 2, 3, 2, 0, 1, 1, 4, 2, 5, 1, 6, 2, 4, 2, 0, 378, 0, 0, 0, 0, 0, 0]",1,-3.837558136989744,-1,0
1909,"[1, 0, 0, 1, 2, 1, 0, 1, 0, 1, 0, 2, 0, 0, 0, 0, 0, 1, 0, 0, 2, 0, 0, 0, 0, 0, 0, 0, 0, 0, 0, 0, 1, 1, 2, 2, 0, 0, 2, 0, 0, 1, 1, 0, 2, 2, 0, 1, 0, 0, 0, 0, 0, 0, 0, 2, 0, 0, 0, 0, 0, 0, 0, 2, 2, 2, 3, 2, 0, 1, 1, 4, 2, 5, 1, 6, 2, 4, 2, 0, 379, 0, 0, 0, 0, 0, 0]",4,12.861900730677942,-1,0
1910,"[1, 0, 0, 1, 1, 1, 0, 1, 0, 1, 0, 2, 0, 0, 0, 0, 0, 1, 0, 0, 2, 0, 0, 0, 0, 0, 0, 0, 0, 0, 0, 0, 1, 1, 2, 2, 0, 0, 2, 0, 0, 1, 1, 0, 2, 2, 0, 1, 0, 0, 0, 0, 0, 0, 0, 2, 0, 0, 0, 0, 0, 0, 0, 2, 2, 2, 3, 2, 0, 1, 1, 4, 2, 5, 1, 6, 2, 4, 2, 0, 380, 0, 0, 0, 0, 0, 0]",4,14.535802049962005,-1,1
1911,"[1, 0, 0, 1, 1, 1, 0, 1, 0, 1, 0, 2, 0, 0, 0, 0, 0, 1, 0, 0, 2, 0, 0, 0, 0, 0, 0, 0, 0, 0, 0, 0, 1, 1, 2, 2, 0, 0, 2, 0, 0, 1, 1, 0, 2, 2, 0, 1, 0, 0, 0, 0, 0, 0, 0, 2, 0, 0, 0, 0, 0, 0, 0, 2, 2, 2, 3, 2, 0, 1, 1, 4, 2, 5, 1, 6, 2, 4, 2, 0, 380, 0, 0, 0, 0, 0, 0]",1,0.609773320866384,-1,0
1912,"[1, 0, 0, 1, 1, 1, 0, 1, 0, 1, 0, 2, 0, 0, 0, 0, 0, 1, 0, 0, 2, 0, 0, 0, 0, 0, 0, 0, 0, 0, 0, 0, 1, 1, 2, 2, 0, 0, 2, 0, 0, 1, 1, 0, 2, 2, 0, 1, 0, 0, 0, 0, 0, 0, 0, 2, 0, 0, 0, 0, 0, 0, 0, 2, 2, 2, 3, 2, 0, 1, 1, 4, 2, 5, 1, 6, 2, 4, 2, 0, 380, 0, 0, 0, 0, 0, 0]",-1,-0.0011185385928082795,-1,0
1913,"[1, 0, 0, 1, 1, 1, 0, 1, 0, 1, 0, 2, 0, 0, 0, 0, 0, 1, 0, 0, 2, 0, 0, 0, 0, 0, 0, 0, 0, 0, 0, 0, 1, 1, 2, 2, 0, 0, 2, 0, 0, 1, 1, 0, 2, 2, 0, 1, 0, 0, 0, 0, 0, 0, 0, 2, 0, 0, 0, 0, 0, 0, 0, 2, 2, 2, 3, 2, 0, 1, 1, 4, 2, 5, 1, 6, 2, 4, 2, 0, 380, 0, 0, 0, 0, 0, 0]",1,0.609773320866384,-1,0
1914,"[1, 0, 0, 1, 1, 1, 0, 1, 0, 1, 0, 2, 0, 0, 0, 0, 0, 1, 0, 0, 2, 0, 0, 0, 0, 0, 0, 0, 0, 0, 0, 0, 1, 1, 2, 2, 0, 0, 2, 0, 0, 1, 1, 0, 2, 2, 0, 1, 0, 0, 0, 0, 0, 0, 0, 2, 0, 0, 0, 0, 0, 0, 0, 2, 2, 2, 3, 2, 0, 1, 1, 4, 2, 5, 1, 6, 2, 4, 2, 0, 380, 0, 0, 0, 0, 0, 0]",-1,-0.0011185385928082795,-1,0
1915,"[1, 0, 0, 1, 1, 1, 0, 1, 0, 1, 0, 2, 0, 0, 0, 0, 0, 1, 0, 0, 2, 0, 0, 0, 0, 0, 0, 0, 0, 0, 0, 0, 1, 1, 2, 2, 0, 0, 2, 0, 0, 1, 1, 0, 2, 2, 0, 1, 0, 0, 0, 0, 0, 0, 0, 2, 0, 0, 0, 0, 0, 0, 0, 2, 2, 2, 3, 2, 0, 1, 1, 4, 2, 5, 1, 6, 2, 4, 2, 0, 380, 0, 0, 0, 0, 0, 0]",0,0.2951239525973506,-1,0
1916,"[1, 0, 0, 1, 1, 1, 0, 1, 0, 1, 0, 2, 0, 0, 0, 0, 0, 1, 0, 0, 2, 0, 0, 0, 0, 0, 0, 0, 0, 0, 0, 0, 1, 1, 2, 2, 0, 0, 2, 0, 0, 1, 1, 0, 2, 2, 0, 1, 0, 0, 0, 0, 0, 0, 0, 2, 0, 0, 0, 0, 0, 0, 0, 2, 2, 2, 3, 2, 0, 1, 1, 4, 2, 5, 1, 6, 2, 4, 2, 0, 380, 0, 0, 0, 0, 0, 0]",-1,-0.0011185385928082795,-1,0
1917,"[1, 0, 0, 1, 1, 1, 0, 1, 0, 1, 0, 2, 0, 0, 0, 0, 0, 1, 0, 0, 2, 0, 0, 0, 0, 0, 0, 0, 0, 0, 0, 0, 1, 1, 2, 2, 0, 0, 2, 0, 0, 1, 1, 0, 2, 2, 0, 1, 0, 0, 0, 0, 0, 0, 0, 2, 0, 0, 0, 0, 0, 0, 0, 2, 2, 2, 3, 2, 0, 1, 1, 4, 2, 5, 1, 6, 2, 4, 2, 0, 380, 0, 1, 0, 0, 0, 0]",2,0.40014920576676727,-1,0
1918,"[1, 0, 0, 1, 1, 1, 0, 1, 0, 1, 0, 2, 0, 0, 0, 0, 0, 1, 0, 0, 2, 0, 0, 0, 0, 0, 0, 0, 0, 0, 0, 0, 1, 1, 2, 2, 0, 0, 2, 0, 0, 1, 1, 0, 2, 2, 0, 1, 0, 0, 0, 0, 0, 0, 0, 2, 0, 0, 0, 0, 0, 0, 0, 2, 2, 2, 3, 2, 0, 1, 1, 4, 2, 5, 1, 6, 2, 4, 2, 0, 380, 0, 1, 0, 0, 1, 0]","[[0 0 0 1]
 [0 1 0 0]]",0.6505740708248582,-1,0
1919,"[1, 0, 0, 1, 1, 1, 0, 1, 0, 1, 0, 2, 0, 0, 0, 0, 0, 1, 0, 0, 2, 0, 0, 0, 0, 0, 0, 0, 0, 0, 0, 0, 1, 1, 2, 2, 0, 0, 2, 0, 0, 1, 1, 0, 2, 2, 0, 1, 0, 0, 0, 0, 0, 0, 0, 2, 0, 0, 0, 0, 0, 0, 0, 2, 2, 2, 3, 2, 0, 1, 1, 4, 2, 5, 1, 6, 2, 4, 2, 0, 380, 0, 0, 0, 0, 0, 0]",1,-11.513559293217995,-1,1
1920,"[1, 0, 0, 2, 1, 1, 0, 2, 0, 1, 0, 2, 0, 0, 0, 0, 0, 1, 0, 0, 2, 0, 0, 0, 0, 0, 0, 0, 0, 0, 0, 0, 1, 1, 2, 2, 0, 0, 2, 0, 0, 1, 1, 0, 2, 2, 0, 1, 0, 0, 0, 0, 0, 0, 0, 2, 0, 0, 0, 0, 0, 0, 0, 2, 2, 2, 3, 2, 0, 1, 1, 4, 2, 5, 1, 6, 2, 4, 2, 0, 381, 0, 0, 0, 0, 0, 0]",4,12.658049078524154,-1,0
1921,"[1, 1, 0, 2, 1, 2, 0, 2, 0, 1, 0, 2, 0, 0, 0, 0, 0, 1, 0, 0, 2, 0, 0, 0, 0, 0, 0, 0, 0, 0, 0, 0, 1, 1, 2, 2, 0, 0, 2, 0, 0, 1, 1, 0, 2, 2, 0, 1, 0, 0, 0, 0, 0, 0, 0, 2, 0, 0, 0, 0, 0, 0, 0, 2, 2, 2, 3, 2, 0, 1, 1, 4, 2, 5, 1, 6, 2, 4, 2, 0, 382, 0, 0, 0, 0, 0, 0]",4,14.274794064013234,-1,1
1922,"[1, 1, 0, 2, 1, 2, 0, 2, 0, 1, 0, 2, 0, 0, 0, 0, 0, 1, 0, 0, 2, 0, 0, 0, 0, 0, 0, 0, 0, 0, 0, 0, 1, 1, 2, 2, 0, 0, 2, 0, 0, 1, 1, 0, 2, 2, 0, 1, 0, 0, 0, 0, 0, 0, 0, 2, 0, 0, 0, 0, 0, 0, 0, 2, 2, 2, 3, 2, 0, 1, 1, 4, 2, 5, 1, 6, 2, 4, 2, 0, 382, 0, 0, 0, 0, 0, 0]",0,0.2951124890133979,-1,0
1923,"[1, 1, 0, 2, 1, 2, 0, 2, 0, 1, 0, 2, 0, 0, 0, 0, 0, 1, 0, 0, 2, 0, 0, 0, 0, 0, 0, 0, 0, 0, 0, 0, 1, 1, 2, 2, 0, 0, 2, 0, 0, 1, 1, 0, 2, 2, 0, 1, 0, 0, 0, 0, 0, 0, 0, 2, 0, 0, 0, 0, 0, 0, 0, 2, 2, 2, 3, 2, 0, 1, 1, 4, 2, 5, 1, 6, 2, 4, 2, 0, 382, 0, 0, 0, 0, 0, 0]",-1,-0.0010963900447130805,-1,0
1924,"[1, 1, 0, 2, 1, 2, 0, 2, 0, 1, 0, 2, 0, 0, 0, 0, 0, 1, 0, 0, 2, 0, 0, 0, 0, 0, 0, 0, 0, 0, 0, 0, 1, 1, 2, 2, 0, 0, 2, 0, 0, 1, 1, 0, 2, 2, 0, 1, 0, 0, 0, 0, 0, 0, 0, 2, 0, 0, 0, 0, 0, 0, 0, 2, 2, 2, 3, 2, 0, 1, 1, 4, 2, 5, 1, 6, 2, 4, 2, 0, 382, 0, 0, 0, 0, 0, 0]",0,0.2951124890133979,-1,0
1925,"[1, 1, 0, 2, 1, 2, 0, 2, 0, 1, 0, 2, 0, 0, 0, 0, 0, 1, 0, 0, 2, 0, 0, 0, 0, 0, 0, 0, 0, 0, 0, 0, 1, 1, 2, 2, 0, 0, 2, 0, 0, 1, 1, 0, 2, 2, 0, 1, 0, 0, 0, 0, 0, 0, 0, 2, 0, 0, 0, 0, 0, 0, 0, 2, 2, 2, 3, 2, 0, 1, 1, 4, 2, 5, 1, 6, 2, 4, 2, 0, 382, 0, 0, 0, 0, 0, 0]",-1,-0.0010963900447130805,-1,0
1926,"[1, 1, 0, 2, 1, 2, 0, 2, 0, 1, 0, 2, 0, 0, 0, 0, 0, 1, 0, 0, 2, 0, 0, 0, 0, 0, 0, 0, 0, 0, 0, 0, 1, 1, 2, 2, 0, 0, 2, 0, 0, 1, 1, 0, 2, 2, 0, 1, 0, 0, 0, 0, 0, 0, 0, 2, 0, 0, 0, 0, 0, 0, 0, 2, 2, 2, 3, 2, 0, 1, 1, 4, 2, 5, 1, 6, 2, 4, 2, 0, 382, 0, 0, 0, 0, 0, 0]",0,0.2951124890133979,-1,0
1927,"[1, 1, 0, 2, 1, 2, 0, 2, 0, 1, 0, 2, 0, 0, 0, 0, 0, 1, 0, 0, 2, 0, 0, 0, 0, 0, 0, 0, 0, 0, 0, 0, 1, 1, 2, 2, 0, 0, 2, 0, 0, 1, 1, 0, 2, 2, 0, 1, 0, 0, 0, 0, 0, 0, 0, 2, 0, 0, 0, 0, 0, 0, 0, 2, 2, 2, 3, 2, 0, 1, 1, 4, 2, 5, 1, 6, 2, 4, 2, 0, 382, 0, 0, 0, 0, 0, 0]",-1,-0.0010963900447130805,-1,0
1928,"[1, 1, 0, 2, 1, 2, 0, 2, 0, 1, 0, 2, 0, 0, 0, 0, 0, 1, 0, 0, 2, 0, 0, 0, 0, 0, 0, 0, 0, 0, 0, 0, 1, 1, 2, 2, 0, 0, 2, 0, 0, 1, 1, 0, 2, 2, 0, 1, 0, 0, 0, 0, 0, 0, 0, 2, 0, 0, 0, 0, 0, 0, 0, 2, 2, 2, 3, 2, 0, 1, 1, 4, 2, 5, 1, 6, 2, 4, 2, 0, 382, 0, 0, 0, 0, 0, 0]",0,0.2951124890133979,-1,0
1929,"[1, 1, 0, 2, 1, 2, 0, 2, 0, 1, 0, 2, 0, 0, 0, 0, 0, 1, 0, 0, 2, 0, 0, 0, 0, 0, 0, 0, 0, 0, 0, 0, 1, 1, 2, 2, 0, 0, 2, 0, 0, 1, 1, 0, 2, 2, 0, 1, 0, 0, 0, 0, 0, 0, 0, 2, 0, 0, 0, 0, 0, 0, 0, 2, 2, 2, 3, 2, 0, 1, 1, 4, 2, 5, 1, 6, 2, 4, 2, 0, 382, 0, 0, 0, 0, 0, 0]",-1,-0.0010963900447130805,-1,0
1930,"[1, 1, 0, 2, 1, 2, 0, 2, 0, 1, 0, 2, 0, 0, 0, 0, 0, 1, 0, 0, 2, 0, 0, 0, 0, 0, 0, 0, 0, 0, 0, 0, 1, 1, 2, 2, 0, 0, 2, 0, 0, 1, 1, 0, 2, 2, 0, 1, 0, 0, 0, 0, 0, 0, 0, 2, 0, 0, 0, 0, 0, 0, 0, 2, 2, 2, 3, 2, 0, 1, 1, 4, 2, 5, 1, 6, 2, 4, 2, 0, 382, 0, 0, 0, 0, 0, 0]",0,0.2951124890133979,-1,0
1931,"[1, 1, 0, 2, 1, 2, 0, 2, 0, 1, 0, 2, 0, 0, 0, 0, 0, 1, 0, 0, 2, 0, 0, 0, 0, 0, 0, 0, 0, 0, 0, 0, 1, 1, 2, 2, 0, 0, 2, 0, 0, 1, 1, 0, 2, 2, 0, 1, 0, 0, 0, 0, 0, 0, 0, 2, 0, 0, 0, 0, 0, 0, 0, 2, 2, 2, 3, 2, 0, 1, 1, 4, 2, 5, 1, 6, 2, 4, 2, 0, 382, 0, 0, 0, 0, 0, 0]",-1,-0.0010963900447130805,-1,0
1932,"[1, 1, 0, 2, 1, 2, 0, 2, 0, 1, 0, 2, 0, 0, 0, 0, 0, 1, 0, 0, 2, 0, 0, 0, 0, 0, 0, 0, 0, 0, 0, 0, 1, 1, 2, 2, 0, 0, 2, 0, 0, 1, 1, 0, 2, 2, 0, 1, 0, 0, 0, 0, 0, 0, 0, 2, 0, 0, 0, 0, 0, 0, 0, 2, 2, 2, 3, 2, 0, 1, 1, 4, 2, 5, 1, 6, 2, 4, 2, 0, 382, 0, 0, 0, 0, 0, 0]",0,0.2951124890133979,-1,0
1933,"[1, 1, 0, 2, 1, 2, 0, 2, 0, 1, 0, 2, 0, 0, 0, 0, 0, 1, 0, 0, 2, 0, 0, 0, 0, 0, 0, 0, 0, 0, 0, 0, 1, 1, 2, 2, 0, 0, 2, 0, 0, 1, 1, 0, 2, 2, 0, 1, 0, 0, 0, 0, 0, 0, 0, 2, 0, 0, 0, 0, 0, 0, 0, 2, 2, 2, 3, 2, 0, 1, 1, 4, 2, 5, 1, 6, 2, 4, 2, 0, 382, 0, 0, 0, 0, 0, 0]",-1,-0.0010963900447130805,-1,0
1934,"[1, 1, 0, 2, 1, 2, 0, 2, 0, 1, 0, 2, 0, 0, 0, 0, 0, 1, 0, 0, 2, 0, 0, 0, 0, 0, 0, 0, 0, 0, 0, 0, 1, 1, 2, 2, 0, 0, 2, 0, 0, 1, 1, 0, 2, 2, 0, 1, 0, 0, 0, 0, 0, 0, 0, 2, 0, 0, 0, 0, 0, 0, 0, 2, 2, 2, 3, 2, 0, 1, 1, 4, 2, 5, 1, 6, 2, 4, 2, 0, 382, 0, 0, 0, 0, 0, 0]",0,0.2951124890133979,-1,0
1935,"[1, 1, 0, 2, 1, 2, 0, 2, 0, 1, 0, 2, 0, 0, 0, 0, 0, 1, 0, 0, 2, 0, 0, 0, 0, 0, 0, 0, 0, 0, 0, 0, 1, 1, 2, 2, 0, 0, 2, 0, 0, 1, 1, 0, 2, 2, 0, 1, 0, 0, 0, 0, 0, 0, 0, 2, 0, 0, 0, 0, 0, 0, 0, 2, 2, 2, 3, 2, 0, 1, 1, 4, 2, 5, 1, 6, 2, 4, 2, 0, 382, 0, 0, 0, 0, 0, 0]",-1,-0.0010963900447130805,-1,0
1936,"[1, 1, 0, 2, 1, 2, 0, 2, 0, 1, 0, 2, 0, 0, 0, 0, 0, 1, 0, 0, 2, 0, 0, 0, 0, 0, 0, 0, 0, 0, 0, 0, 1, 1, 2, 2, 0, 0, 2, 0, 0, 1, 1, 0, 2, 2, 0, 1, 0, 0, 0, 0, 0, 0, 0, 2, 0, 0, 0, 0, 0, 0, 0, 2, 2, 2, 3, 2, 0, 1, 1, 4, 2, 5, 1, 6, 2, 4, 2, 0, 382, 0, 0, 0, 0, 0, 0]",0,0.2951124890133979,-1,0
1937,"[1, 1, 0, 2, 1, 2, 0, 2, 0, 1, 0, 2, 0, 0, 0, 0, 0, 1, 0, 0, 2, 0, 0, 0, 0, 0, 0, 0, 0, 0, 0, 0, 1, 1, 2, 2, 0, 0, 2, 0, 0, 1, 1, 0, 2, 2, 0, 1, 0, 0, 0, 0, 0, 0, 0, 2, 0, 0, 0, 0, 0, 0, 0, 2, 2, 2, 3, 2, 0, 1, 1, 4, 2, 5, 1, 6, 2, 4, 2, 0, 382, 0, 0, 0, 0, 0, 0]",-1,-0.0010963900447130805,-1,0
1938,"[1, 1, 0, 2, 1, 2, 0, 2, 0, 1, 0, 2, 0, 0, 0, 0, 0, 1, 0, 0, 2, 0, 0, 0, 0, 0, 0, 0, 0, 0, 0, 0, 1, 1, 2, 2, 0, 0, 2, 0, 0, 1, 1, 0, 2, 2, 0, 1, 0, 0, 0, 0, 0, 0, 0, 2, 0, 0, 0, 0, 0, 0, 0, 2, 2, 2, 3, 2, 0, 1, 1, 4, 2, 5, 1, 6, 2, 4, 2, 0, 382, 1, 0, 0, 0, 0, 0]",3,0.20013774218281466,-1,0
1939,"[1, 1, 0, 2, 1, 2, 0, 2, 0, 1, 0, 2, 0, 0, 0, 0, 0, 1, 0, 0, 2, 0, 0, 0, 0, 0, 0, 0, 0, 0, 0, 0, 1, 1, 2, 2, 0, 0, 2, 0, 0, 1, 1, 0, 2, 2, 0, 1, 0, 0, 0, 0, 0, 0, 0, 2, 0, 0, 0, 0, 0, 0, 0, 2, 2, 2, 3, 2, 0, 1, 1, 4, 2, 5, 1, 6, 2, 4, 2, 0, 382, 0, 0, 0, 0, 0, 0]",-1,-0.0010963900447130805,-1,0
1940,"[1, 1, 0, 2, 1, 2, 0, 2, 0, 1, 0, 2, 0, 0, 0, 0, 0, 1, 0, 0, 2, 0, 0, 0, 0, 0, 0, 0, 0, 0, 0, 0, 1, 1, 2, 2, 0, 0, 2, 0, 0, 1, 1, 0, 2, 2, 0, 1, 0, 0, 0, 0, 0, 0, 0, 2, 0, 0, 0, 0, 0, 0, 0, 2, 2, 2, 3, 2, 0, 1, 1, 4, 2, 5, 1, 6, 2, 4, 2, 0, 382, 1, 0, 0, 0, 0, 0]",3,0.20013774218281466,-1,0
1941,"[1, 1, 0, 2, 1, 2, 0, 2, 0, 1, 0, 2, 0, 0, 0, 0, 0, 1, 0, 0, 2, 0, 0, 0, 0, 0, 0, 0, 0, 0, 0, 0, 1, 1, 2, 2, 0, 0, 2, 0, 0, 1, 1, 0, 2, 2, 0, 1, 0, 0, 0, 0, 0, 0, 0, 2, 0, 0, 0, 0, 0, 0, 0, 2, 2, 2, 3, 2, 0, 1, 1, 4, 2, 5, 1, 6, 2, 4, 2, 0, 382, 0, 0, 0, 0, 0, 0]",-1,-0.0010963900447130805,-1,0
1942,"[1, 1, 0, 2, 1, 2, 0, 2, 0, 1, 0, 2, 0, 0, 0, 0, 0, 1, 0, 0, 2, 0, 0, 0, 0, 0, 0, 0, 0, 0, 0, 0, 1, 1, 2, 2, 0, 0, 2, 0, 0, 1, 1, 0, 2, 2, 0, 1, 0, 0, 0, 0, 0, 0, 0, 2, 0, 0, 0, 0, 0, 0, 0, 2, 2, 2, 3, 2, 0, 1, 1, 4, 2, 5, 1, 6, 2, 4, 2, 0, 382, 0, 1, 0, 0, 0, 0]",2,0.4001377421828146,-1,0
1943,"[1, 1, 0, 2, 1, 2, 0, 2, 0, 1, 0, 2, 0, 0, 0, 0, 0, 1, 0, 0, 2, 0, 0, 0, 0, 0, 0, 0, 0, 0, 0, 0, 1, 1, 2, 2, 0, 0, 2, 0, 0, 1, 1, 0, 2, 2, 0, 1, 0, 0, 0, 0, 0, 0, 0, 2, 0, 0, 0, 0, 0, 0, 0, 2, 2, 2, 3, 2, 0, 1, 1, 4, 2, 5, 1, 6, 2, 4, 2, 0, 382, 0, 0, 0, 0, 0, 0]",-1,-0.0010963900447130805,-1,0
1944,"[1, 1, 0, 2, 1, 2, 0, 2, 0, 1, 0, 2, 0, 0, 0, 0, 0, 1, 0, 0, 2, 0, 0, 0, 0, 0, 0, 0, 0, 0, 0, 0, 1, 1, 2, 2, 0, 0, 2, 0, 0, 1, 1, 0, 2, 2, 0, 1, 0, 0, 0, 0, 0, 0, 0, 2, 0, 0, 0, 0, 0, 0, 0, 2, 2, 2, 3, 2, 0, 1, 1, 4, 2, 5, 1, 6, 2, 4, 2, 0, 383, 0, 0, 0, 0, 0, 0]",4,12.976093688271781,-1,0
1945,"[1, 1, 0, 2, 1, 2, 0, 2, 0, 1, 0, 2, 0, 0, 0, 0, 0, 1, 0, 0, 2, 0, 0, 0, 0, 0, 0, 0, 0, 0, 0, 0, 1, 1, 2, 2, 0, 0, 2, 0, 0, 1, 1, 0, 2, 2, 0, 1, 0, 0, 0, 0, 0, 0, 0, 2, 0, 0, 0, 0, 0, 0, 0, 2, 2, 2, 3, 2, 0, 1, 1, 4, 2, 5, 1, 6, 2, 4, 2, 0, 383, 0, 1, 0, 0, 0, 0]",2,0.40013234480851134,-1,1
1946,"[1, 1, 0, 2, 1, 2, 0, 2, 0, 1, 0, 2, 0, 0, 0, 0, 0, 1, 0, 0, 2, 0, 0, 0, 0, 0, 0, 0, 0, 0, 0, 0, 1, 1, 2, 2, 0, 0, 2, 0, 0, 1, 1, 0, 2, 2, 0, 1, 0, 0, 0, 0, 0, 0, 0, 2, 0, 0, 0, 0, 0, 0, 0, 2, 2, 2, 3, 2, 0, 1, 1, 4, 2, 5, 1, 6, 2, 4, 2, 0, 383, 0, 1, 0, 0, 1, 0]","[[1 0 0 0]
 [0 1 0 0]]",0.6505572098666023,-1,1
1947,"[1, 1, 0, 2, 1, 2, 0, 2, 0, 1, 0, 2, 0, 0, 0, 0, 0, 1, 0, 0, 2, 0, 0, 0, 0, 0, 0, 0, 0, 0, 0, 0, 1, 1, 2, 2, 0, 0, 2, 0, 0, 1, 1, 0, 2, 2, 0, 1, 0, 0, 0, 0, 0, 0, 0, 2, 0, 0, 0, 0, 0, 0, 0, 2, 2, 2, 3, 2, 0, 1, 1, 4, 2, 5, 1, 6, 2, 4, 2, 0, 383, 0, 0, 0, 0, 0, 0]",1,-0.1998676551914886,-1,0
1948,"[1, 1, 0, 2, 1, 2, 0, 2, 0, 1, 0, 2, 0, 0, 0, 0, 0, 1, 0, 0, 2, 0, 0, 0, 0, 0, 0, 0, 0, 0, 0, 0, 1, 1, 2, 2, 0, 0, 2, 0, 0, 1, 1, 0, 2, 2, 0, 1, 0, 0, 0, 0, 0, 0, 0, 2, 0, 0, 0, 0, 0, 0, 0, 2, 2, 2, 3, 2, 0, 1, 1, 4, 2, 5, 1, 6, 2, 4, 2, 0, 384, 0, 0, 0, 0, 0, 0]",4,14.27473962429138,-1,1
1949,"[1, 1, 0, 2, 1, 2, 0, 2, 0, 1, 0, 2, 0, 0, 0, 0, 0, 1, 0, 0, 2, 0, 0, 0, 0, 0, 0, 0, 0, 0, 0, 0, 1, 1, 2, 2, 0, 0, 2, 0, 0, 1, 1, 0, 2, 2, 0, 1, 0, 0, 0, 0, 0, 0, 0, 2, 0, 0, 0, 0, 0, 0, 0, 2, 2, 2, 3, 2, 0, 1, 1, 4, 2, 5, 1, 6, 2, 4, 2, 0, 384, 0, 0, 0, 0, 0, 0]",1,0.6097512738932958,-1,0
1950,"[1, 1, 0, 2, 1, 2, 0, 2, 0, 1, 0, 2, 0, 0, 0, 0, 0, 1, 0, 0, 2, 0, 0, 0, 0, 0, 0, 0, 0, 0, 0, 0, 1, 1, 2, 2, 0, 0, 2, 0, 0, 1, 1, 0, 2, 2, 0, 1, 0, 0, 0, 0, 0, 0, 0, 2, 0, 0, 0, 0, 0, 0, 0, 2, 2, 2, 3, 2, 0, 1, 1, 4, 2, 5, 1, 6, 2, 4, 2, 0, 384, 0, 0, 0, 0, 0, 0]",-1,-0.0010746800672544962,-1,0
1951,"[1, 1, 0, 2, 1, 2, 0, 2, 0, 1, 0, 2, 0, 0, 0, 0, 0, 1, 0, 0, 2, 0, 0, 0, 0, 0, 0, 0, 0, 0, 0, 0, 1, 1, 2, 2, 0, 0, 2, 0, 0, 1, 1, 0, 2, 2, 0, 1, 0, 0, 0, 0, 0, 0, 0, 2, 0, 0, 0, 0, 0, 0, 0, 2, 2, 2, 3, 2, 0, 1, 1, 4, 2, 5, 1, 6, 2, 4, 2, 0, 385, 0, 0, 0, 0, 0, 0]",4,14.274713039941112,-1,1
1952,"[1, 1, 0, 2, 1, 2, 0, 2, 0, 1, 0, 2, 0, 0, 0, 0, 0, 1, 0, 0, 2, 0, 0, 0, 0, 0, 0, 0, 0, 0, 0, 0, 1, 1, 2, 2, 0, 0, 2, 0, 0, 1, 1, 0, 2, 2, 0, 1, 0, 0, 0, 0, 0, 0, 0, 2, 0, 0, 0, 0, 0, 0, 0, 2, 2, 2, 3, 2, 0, 1, 1, 4, 2, 5, 1, 6, 2, 4, 2, 0, 385, 0, 1, 0, 0, 0, 0]",2,0.4001221758718868,-1,0
1953,"[1, 1, 0, 2, 1, 2, 0, 2, 0, 1, 0, 2, 0, 0, 0, 0, 0, 1, 0, 0, 2, 0, 0, 0, 0, 0, 0, 0, 0, 0, 0, 0, 1, 1, 2, 2, 0, 0, 2, 0, 0, 1, 1, 0, 2, 2, 0, 1, 0, 0, 0, 0, 0, 0, 0, 2, 0, 0, 0, 0, 0, 0, 0, 2, 2, 2, 3, 2, 0, 1, 1, 4, 2, 5, 1, 6, 2, 4, 2, 0, 385, 0, 0, 0, 0, 0, 0]",-1,-0.0010639868219188585,-1,0
1954,"[1, 1, 0, 2, 1, 2, 0, 2, 0, 1, 0, 2, 0, 0, 0, 0, 0, 1, 0, 0, 2, 0, 0, 0, 0, 0, 0, 0, 0, 0, 0, 0, 1, 1, 2, 2, 0, 0, 2, 0, 0, 1, 1, 0, 2, 2, 0, 1, 0, 0, 0, 0, 0, 0, 0, 2, 0, 0, 0, 0, 0, 0, 0, 2, 2, 2, 3, 2, 0, 1, 1, 4, 2, 5, 1, 6, 2, 4, 2, 0, 385, 0, 1, 0, 0, 0, 0]",2,0.4001221758718868,-1,0
1955,"[1, 1, 0, 2, 1, 2, 0, 2, 0, 1, 0, 2, 0, 0, 0, 0, 0, 1, 0, 0, 2, 0, 0, 0, 0, 0, 0, 0, 0, 0, 0, 0, 1, 1, 2, 2, 0, 0, 2, 0, 0, 1, 1, 0, 2, 2, 0, 1, 0, 0, 0, 0, 0, 0, 0, 2, 0, 0, 0, 0, 0, 0, 0, 2, 2, 2, 3, 2, 0, 1, 1, 4, 2, 5, 1, 6, 2, 4, 2, 0, 385, 0, 0, 0, 0, 0, 0]",-1,-0.0010639868219188585,-1,0
1956,"[1, 1, 0, 2, 1, 2, 0, 2, 0, 1, 0, 2, 0, 0, 0, 0, 0, 1, 0, 0, 2, 0, 0, 0, 0, 0, 0, 0, 0, 0, 0, 0, 1, 1, 2, 2, 0, 0, 2, 0, 0, 1, 1, 0, 2, 2, 0, 1, 0, 0, 0, 0, 0, 0, 0, 2, 0, 0, 0, 0, 0, 0, 0, 2, 2, 2, 3, 2, 0, 1, 1, 4, 2, 5, 1, 6, 2, 4, 2, 0, 385, 0, 1, 0, 0, 0, 0]",2,0.4001221758718868,-1,0
1957,"[1, 1, 0, 2, 1, 2, 0, 2, 0, 1, 0, 2, 0, 0, 0, 0, 0, 1, 0, 0, 2, 0, 0, 0, 0, 0, 0, 0, 0, 0, 0, 0, 1, 1, 2, 2, 0, 0, 2, 0, 0, 1, 1, 0, 2, 2, 0, 1, 0, 0, 0, 0, 0, 0, 0, 2, 0, 0, 0, 0, 0, 0, 0, 2, 2, 2, 3, 2, 0, 1, 1, 4, 2, 5, 1, 6, 2, 4, 2, 0, 385, 0, 0, 0, 0, 0, 0]",-1,-0.0010639868219188585,-1,0
1958,"[1, 1, 0, 2, 1, 2, 0, 2, 0, 1, 0, 2, 0, 0, 0, 0, 0, 1, 0, 0, 2, 0, 0, 0, 0, 0, 0, 0, 0, 0, 0, 0, 1, 1, 2, 2, 0, 0, 2, 0, 0, 1, 1, 0, 2, 2, 0, 1, 0, 0, 0, 0, 0, 0, 0, 2, 0, 0, 0, 0, 0, 0, 0, 2, 2, 2, 3, 2, 0, 1, 1, 4, 2, 5, 1, 6, 2, 4, 2, 0, 385, 0, 0, 0, 0, 0, 0]",1,0.6097462909715036,-1,0
1959,"[1, 1, 0, 2, 1, 2, 0, 2, 0, 1, 0, 2, 0, 0, 0, 0, 0, 1, 0, 0, 2, 0, 0, 0, 0, 0, 0, 0, 0, 0, 0, 0, 1, 1, 2, 2, 0, 0, 2, 0, 0, 1, 1, 0, 2, 2, 0, 1, 0, 0, 0, 0, 0, 0, 0, 2, 0, 0, 0, 0, 0, 0, 0, 2, 2, 2, 3, 2, 0, 1, 1, 4, 2, 5, 1, 6, 2, 4, 2, 0, 385, 0, 0, 0, 0, 0, 0]",-1,-0.0010639868219188585,-1,0
1960,"[1, 1, 0, 2, 1, 2, 0, 2, 0, 1, 0, 2, 0, 0, 0, 0, 0, 1, 0, 0, 2, 0, 0, 0, 0, 0, 0, 0, 0, 0, 0, 0, 1, 1, 2, 2, 0, 0, 2, 0, 0, 1, 1, 0, 2, 2, 0, 1, 0, 0, 0, 0, 0, 0, 0, 2, 0, 0, 0, 0, 0, 0, 0, 2, 2, 2, 3, 2, 0, 1, 1, 4, 2, 5, 1, 6, 2, 4, 2, 0, 385, 1, 0, 0, 0, 0, 0]",3,0.20012217587188688,-1,0
1961,"[1, 1, 0, 2, 1, 2, 0, 2, 0, 1, 0, 2, 0, 0, 0, 0, 0, 1, 0, 0, 2, 0, 0, 0, 0, 0, 0, 0, 0, 0, 0, 0, 1, 1, 2, 2, 0, 0, 2, 0, 0, 1, 1, 0, 2, 2, 0, 1, 0, 0, 0, 0, 0, 0, 0, 2, 0, 0, 0, 0, 0, 0, 0, 2, 2, 2, 3, 2, 0, 1, 1, 4, 2, 5, 1, 6, 2, 4, 2, 0, 385, 0, 0, 0, 0, 0, 0]",-1,-0.0010639868219188585,-1,0
1962,"[1, 2, 0, 2, 1, 3, 0, 2, 0, 1, 0, 2, 0, 0, 0, 0, 0, 1, 0, 0, 2, 0, 0, 0, 0, 0, 0, 0, 0, 0, 0, 0, 1, 1, 2, 2, 0, 0, 2, 0, 0, 1, 1, 0, 2, 2, 0, 1, 0, 0, 0, 0, 0, 0, 0, 2, 0, 0, 0, 0, 0, 0, 0, 2, 2, 2, 3, 2, 0, 1, 1, 4, 2, 5, 1, 6, 2, 4, 2, 0, 386, 0, 0, 0, 0, 0, 0]",4,12.87468686567777,-1,0
1963,"[1, 2, 0, 3, 1, 3, 0, 3, 0, 1, 0, 2, 0, 0, 0, 0, 0, 1, 0, 0, 2, 0, 0, 0, 0, 0, 0, 0, 0, 0, 0, 0, 1, 1, 2, 2, 0, 0, 2, 0, 0, 1, 1, 0, 2, 2, 0, 1, 0, 0, 0, 0, 0, 0, 0, 2, 0, 0, 0, 0, 0, 0, 0, 2, 2, 2, 3, 2, 0, 1, 1, 4, 2, 5, 1, 6, 2, 4, 2, 0, 387, 0, 0, 0, 0, 0, 0]",4,14.0891781584882,-1,1
1964,"[1, 2, 0, 3, 1, 3, 0, 3, 0, 1, 0, 2, 0, 0, 0, 0, 0, 1, 0, 0, 2, 0, 0, 0, 0, 0, 0, 0, 0, 0, 0, 0, 1, 1, 2, 2, 0, 0, 2, 0, 0, 1, 1, 0, 2, 2, 0, 1, 0, 0, 0, 0, 0, 0, 0, 2, 0, 0, 0, 0, 0, 0, 0, 2, 2, 2, 3, 2, 0, 1, 1, 4, 2, 5, 1, 6, 2, 4, 2, 0, 387, 1, 0, 0, 0, 0, 0]",3,0.20011278784173844,-1,0
1965,"[1, 2, 0, 3, 1, 3, 0, 3, 0, 1, 0, 2, 0, 0, 0, 0, 0, 1, 0, 0, 2, 0, 0, 0, 0, 0, 0, 0, 0, 0, 0, 0, 1, 1, 2, 2, 0, 0, 2, 0, 0, 1, 1, 0, 2, 2, 0, 1, 0, 0, 0, 0, 0, 0, 0, 2, 0, 0, 0, 0, 0, 0, 0, 2, 2, 2, 3, 2, 0, 1, 1, 4, 2, 5, 1, 6, 2, 4, 2, 0, 387, 0, 0, 0, 0, 0, 0]",-1,-0.001042918471260736,-1,0
1966,"[1, 2, 0, 3, 1, 3, 0, 3, 0, 1, 0, 2, 0, 0, 0, 0, 0, 1, 0, 0, 2, 0, 0, 0, 0, 0, 0, 0, 0, 0, 0, 0, 1, 1, 2, 2, 0, 0, 2, 0, 0, 1, 1, 0, 2, 2, 0, 1, 0, 0, 0, 0, 0, 0, 0, 2, 0, 0, 0, 0, 0, 0, 0, 2, 2, 2, 3, 2, 0, 1, 1, 4, 2, 5, 1, 6, 2, 4, 2, 0, 387, 0, 1, 0, 0, 0, 0]",2,0.4001127878417384,-1,0
1967,"[1, 2, 0, 3, 1, 3, 0, 3, 0, 1, 0, 2, 0, 0, 0, 0, 0, 1, 0, 0, 2, 0, 0, 0, 0, 0, 0, 0, 0, 0, 0, 0, 1, 1, 2, 2, 0, 0, 2, 0, 0, 1, 1, 0, 2, 2, 0, 1, 0, 0, 0, 0, 0, 0, 0, 2, 0, 0, 0, 0, 0, 0, 0, 2, 2, 2, 3, 2, 0, 1, 1, 4, 2, 5, 1, 6, 2, 4, 2, 0, 387, 0, 0, 0, 0, 0, 0]",-1,-0.001042918471260736,-1,0
1968,"[1, 3, 0, 3, 1, 4, 0, 3, 0, 1, 0, 2, 0, 0, 0, 0, 0, 1, 0, 0, 2, 0, 0, 0, 0, 0, 0, 0, 0, 0, 0, 0, 1, 1, 2, 2, 0, 0, 2, 0, 0, 1, 1, 0, 2, 2, 0, 1, 0, 0, 0, 0, 0, 0, 0, 2, 0, 0, 0, 0, 0, 0, 0, 2, 2, 2, 3, 2, 0, 1, 1, 4, 2, 5, 1, 6, 2, 4, 2, 0, 388, 0, 0, 0, 0, 0, 0]",4,12.689152775400153,-1,0
1969,"[1, 3, 0, 3, 1, 4, 0, 3, 0, 1, 0, 2, 0, 0, 0, 0, 0, 1, 0, 0, 2, 0, 0, 0, 0, 0, 0, 0, 0, 0, 0, 0, 1, 1, 2, 2, 0, 0, 2, 0, 0, 1, 1, 0, 2, 2, 0, 1, 0, 0, 0, 0, 0, 0, 0, 2, 0, 0, 0, 0, 0, 0, 0, 2, 2, 2, 3, 2, 0, 1, 1, 4, 2, 5, 1, 6, 2, 4, 2, 0, 388, 0, 1, 0, 0, 0, 0]",2,0.40010836776347547,-1,1
1970,"[1, 3, 0, 3, 1, 4, 0, 3, 0, 1, 0, 2, 0, 0, 0, 0, 0, 1, 0, 0, 2, 0, 0, 0, 0, 0, 0, 0, 0, 0, 0, 0, 1, 1, 2, 2, 0, 0, 2, 0, 0, 1, 1, 0, 2, 2, 0, 1, 0, 0, 0, 0, 0, 0, 0, 2, 0, 0, 0, 0, 0, 0, 0, 2, 2, 2, 3, 2, 0, 1, 1, 4, 2, 5, 1, 6, 2, 4, 2, 0, 388, 0, 1, 0, 0, 1, 0]","[[1 0 0 0]
 [0 1 0 0]]",0.6505332328215664,-1,1
1971,"[2, 2, 0, 3, 0, 5, 0, 3, 0, 1, 0, 2, 0, 0, 0, 0, 0, 1, 0, 0, 2, 0, 0, 0, 0, 0, 0, 0, 0, 0, 0, 0, 1, 1, 2, 2, 0, 0, 2, 0, 0, 1, 1, 0, 2, 2, 0, 1, 0, 0, 0, 0, 0, 0, 0, 2, 0, 0, 0, 0, 0, 0, 0, 2, 2, 2, 3, 2, 0, 1, 1, 4, 2, 5, 1, 6, 2, 4, 2, 0, 388, 0, 0, 0, 0, 0, 0]",0,-0.19989163223652454,-1,0
1972,"[1, 1, 0, 1, 0, 2, 0, 1, 0, 1, 0, 2, 0, 0, 0, 0, 0, 1, 0, 0, 2, 0, 0, 0, 0, 0, 0, 0, 0, 0, 0, 0, 1, 1, 2, 2, 0, 0, 2, 0, 0, 1, 1, 0, 2, 2, 0, 1, 0, 0, 0, 0, 0, 0, 0, 2, 0, 0, 0, 0, 0, 0, 0, 2, 2, 2, 3, 2, 0, 1, 1, 4, 2, 5, 1, 6, 2, 4, 2, 5, 389, 0, 0, 0, 0, 0, 0]",4,14.057837845152978,-1,1
1973,"[1, 1, 0, 1, 0, 2, 0, 1, 0, 1, 0, 2, 0, 0, 0, 0, 0, 1, 0, 0, 2, 0, 0, 0, 0, 0, 0, 0, 0, 0, 0, 0, 1, 1, 2, 2, 0, 0, 2, 0, 0, 1, 1, 0, 2, 2, 0, 1, 0, 0, 0, 0, 0, 0, 0, 2, 0, 0, 0, 0, 0, 0, 0, 2, 2, 2, 3, 2, 0, 1, 1, 4, 2, 5, 1, 6, 2, 4, 2, 5, 389, 0, 1, 0, 0, 0, 0]",2,0.40010412081482216,-1,0
1974,"[1, 1, 0, 1, 0, 2, 0, 1, 0, 1, 0, 2, 0, 0, 0, 0, 0, 1, 0, 0, 2, 0, 0, 0, 0, 0, 0, 0, 0, 0, 0, 0, 1, 1, 2, 2, 0, 0, 2, 0, 0, 1, 1, 0, 2, 2, 0, 1, 0, 0, 0, 0, 0, 0, 0, 2, 0, 0, 0, 0, 0, 0, 0, 2, 2, 2, 3, 2, 0, 1, 1, 4, 2, 5, 1, 6, 2, 4, 2, 5, 389, 0, 0, 0, 0, 0, 0]",-1,-0.0010222673018968826,-1,0
1975,"[1, 1, 0, 1, 0, 2, 0, 1, 0, 1, 0, 2, 0, 0, 0, 0, 0, 1, 0, 0, 2, 0, 0, 0, 0, 0, 0, 0, 0, 0, 0, 0, 1, 1, 2, 2, 0, 0, 2, 0, 0, 1, 1, 0, 2, 2, 0, 1, 0, 0, 0, 0, 0, 0, 0, 2, 0, 0, 0, 0, 0, 0, 0, 2, 2, 2, 3, 2, 0, 1, 1, 4, 2, 5, 1, 6, 2, 4, 2, 5, 389, 0, 1, 0, 0, 0, 0]",2,0.40010412081482216,-1,0
1976,"[1, 1, 0, 1, 0, 2, 0, 1, 0, 1, 0, 2, 0, 0, 0, 0, 0, 1, 0, 0, 2, 0, 0, 0, 0, 0, 0, 0, 0, 0, 0, 0, 1, 1, 2, 2, 0, 0, 2, 0, 0, 1, 1, 0, 2, 2, 0, 1, 0, 0, 0, 0, 0, 0, 0, 2, 0, 0, 0, 0, 0, 0, 0, 2, 2, 2, 3, 2, 0, 1, 1, 4, 2, 5, 1, 6, 2, 4, 2, 5, 389, 0, 0, 0, 0, 0, 0]",-1,-0.0010222673018968826,-1,0
1977,"[1, 1, 0, 1, 0, 2, 0, 1, 0, 1, 0, 2, 0, 0, 0, 0, 0, 1, 0, 0, 2, 0, 0, 0, 0, 0, 0, 0, 0, 0, 0, 0, 1, 1, 2, 2, 0, 0, 2, 0, 0, 1, 1, 0, 2, 2, 0, 1, 0, 0, 0, 0, 0, 0, 0, 2, 0, 0, 0, 0, 0, 0, 0, 2, 2, 2, 3, 2, 0, 1, 1, 4, 2, 5, 1, 6, 2, 4, 2, 5, 390, 0, 0, 0, 0, 0, 0]",4,13.135537858835335,-1,0
1978,"[1, 1, 0, 2, 0, 2, 0, 2, 0, 1, 0, 2, 0, 0, 0, 0, 0, 1, 0, 0, 2, 0, 0, 0, 0, 0, 0, 0, 0, 0, 0, 0, 1, 1, 2, 2, 0, 0, 2, 0, 0, 1, 1, 0, 2, 2, 0, 1, 0, 0, 0, 0, 0, 0, 0, 2, 0, 0, 0, 0, 0, 0, 0, 2, 2, 2, 3, 2, 0, 1, 1, 4, 2, 5, 1, 6, 2, 4, 2, 5, 391, 0, 0, 0, 0, 0, 0]",4,14.018182979559192,-1,1
1979,"[1, 1, 0, 2, 0, 2, 0, 2, 0, 1, 0, 2, 0, 0, 0, 0, 0, 1, 0, 0, 2, 0, 0, 0, 0, 0, 0, 0, 0, 0, 0, 0, 1, 1, 2, 2, 0, 0, 2, 0, 0, 1, 1, 0, 2, 2, 0, 1, 0, 0, 0, 0, 0, 0, 0, 2, 0, 0, 0, 0, 0, 0, 0, 2, 2, 2, 3, 2, 0, 1, 1, 4, 2, 5, 1, 6, 2, 4, 2, 5, 392, 0, 0, 0, 0, 0, 0]",4,12.975864965795315,-1,0
1980,"[1, 1, 0, 3, 0, 2, 0, 3, 0, 1, 0, 2, 0, 0, 0, 0, 0, 1, 0, 0, 2, 0, 0, 0, 0, 0, 0, 0, 0, 0, 0, 0, 1, 1, 2, 2, 0, 0, 2, 0, 0, 1, 1, 0, 2, 2, 0, 1, 0, 0, 0, 0, 0, 0, 0, 2, 0, 0, 0, 0, 0, 0, 0, 2, 2, 2, 3, 2, 0, 1, 1, 4, 2, 5, 1, 6, 2, 4, 2, 5, 393, 0, 0, 0, 0, 0, 0]",4,13.932990799609916,-1,1
1981,"[1, 1, 0, 3, 0, 2, 0, 3, 0, 1, 0, 2, 0, 0, 0, 0, 0, 1, 0, 0, 2, 0, 0, 0, 0, 0, 0, 0, 0, 0, 0, 0, 1, 1, 2, 2, 0, 0, 2, 0, 0, 1, 1, 0, 2, 2, 0, 1, 0, 0, 0, 0, 0, 0, 0, 2, 0, 0, 0, 0, 0, 0, 0, 2, 2, 2, 3, 2, 0, 1, 1, 4, 2, 5, 1, 6, 2, 4, 2, 5, 393, 1, 0, 0, 0, 0, 0]",3,0.20008873273581487,-1,0
1982,"[1, 1, 0, 3, 0, 2, 0, 3, 0, 1, 0, 2, 0, 0, 0, 0, 0, 1, 0, 0, 2, 0, 0, 0, 0, 0, 0, 0, 0, 0, 0, 0, 1, 1, 2, 2, 0, 0, 2, 0, 0, 1, 1, 0, 2, 2, 0, 1, 0, 0, 0, 0, 0, 0, 0, 2, 0, 0, 0, 0, 0, 0, 0, 2, 2, 2, 3, 2, 0, 1, 1, 4, 2, 5, 1, 6, 2, 4, 2, 5, 393, 0, 0, 0, 0, 0, 0]",-1,-0.0009821836276532646,-1,0
1983,"[1, 1, 0, 3, 0, 2, 0, 3, 0, 1, 0, 2, 0, 0, 0, 0, 0, 1, 0, 0, 2, 0, 0, 0, 0, 0, 0, 0, 0, 0, 0, 0, 1, 1, 2, 2, 0, 0, 2, 0, 0, 1, 1, 0, 2, 2, 0, 1, 0, 0, 0, 0, 0, 0, 0, 2, 0, 0, 0, 0, 0, 0, 0, 2, 2, 2, 3, 2, 0, 1, 1, 4, 2, 5, 1, 6, 2, 4, 2, 5, 393, 0, 0, 0, 0, 0, 0]",1,0.6097128478354316,-1,0
1984,"[1, 1, 0, 3, 0, 2, 0, 3, 0, 1, 0, 2, 0, 0, 0, 0, 0, 1, 0, 0, 2, 0, 0, 0, 0, 0, 0, 0, 0, 0, 0, 0, 1, 1, 2, 2, 0, 0, 2, 0, 0, 1, 1, 0, 2, 2, 0, 1, 0, 0, 0, 0, 0, 0, 0, 2, 0, 0, 0, 0, 0, 0, 0, 2, 2, 2, 3, 2, 0, 1, 1, 4, 2, 5, 1, 6, 2, 4, 2, 5, 393, 0, 0, 0, 0, 0, 0]",-1,-0.0009821836276532646,-1,0
1985,"[1, 1, 0, 4, 0, 2, 0, 4, 0, 1, 0, 2, 0, 0, 0, 0, 0, 1, 0, 0, 2, 0, 0, 0, 0, 0, 0, 0, 0, 0, 0, 0, 1, 1, 2, 2, 0, 0, 2, 0, 0, 1, 1, 0, 2, 2, 0, 1, 0, 0, 0, 0, 0, 0, 0, 2, 0, 0, 0, 0, 0, 0, 0, 2, 2, 2, 3, 2, 0, 1, 1, 4, 2, 5, 1, 6, 2, 4, 2, 5, 394, 0, 0, 0, 0, 0, 0]",4,12.547817848803195,-1,0
1986,"[1, 1, 0, 4, 0, 2, 0, 4, 0, 1, 0, 2, 0, 0, 0, 0, 0, 1, 0, 0, 2, 0, 0, 0, 0, 0, 0, 0, 0, 0, 0, 0, 1, 1, 2, 2, 0, 0, 2, 0, 0, 1, 1, 0, 2, 2, 0, 1, 0, 0, 0, 0, 0, 0, 0, 2, 0, 0, 0, 0, 0, 0, 0, 2, 2, 2, 3, 2, 0, 1, 1, 4, 2, 5, 1, 6, 2, 4, 2, 5, 394, 0, 1, 0, 0, 0, 0]",2,0.400085254958599,-1,1
1987,"[1, 1, 0, 4, 0, 2, 0, 4, 0, 1, 0, 2, 0, 0, 0, 0, 0, 1, 0, 0, 2, 0, 0, 0, 0, 0, 0, 0, 0, 0, 0, 0, 1, 1, 2, 2, 0, 0, 2, 0, 0, 1, 1, 0, 2, 2, 0, 1, 0, 0, 0, 0, 0, 0, 0, 2, 0, 0, 0, 0, 0, 0, 0, 2, 2, 2, 3, 2, 0, 1, 1, 4, 2, 5, 1, 6, 2, 4, 2, 5, 394, 0, 1, 0, 0, 1, 0]","[[0 1 0 0]
 [1 0 0 0]]",0.6505101200166898,-1,1
1988,"[0, 2, 0, 4, 1, 1, 0, 4, 0, 1, 0, 2, 0, 0, 0, 0, 0, 1, 0, 0, 2, 0, 0, 0, 0, 0, 0, 0, 0, 0, 0, 0, 1, 1, 2, 2, 0, 0, 2, 0, 0, 1, 1, 0, 2, 2, 0, 1, 0, 0, 0, 0, 0, 0, 0, 2, 0, 0, 0, 0, 0, 0, 0, 2, 2, 2, 3, 2, 0, 1, 1, 4, 2, 5, 1, 6, 2, 4, 2, 5, 394, 0, 0, 0, 0, 0, 0]",0,-0.199914745041401,-1,0
1989,"[0, 2, 0, 4, 1, 1, 0, 4, 0, 1, 0, 2, 0, 0, 0, 0, 0, 1, 0, 0, 2, 0, 0, 0, 0, 0, 0, 0, 0, 0, 0, 0, 1, 1, 2, 2, 0, 0, 2, 0, 0, 1, 1, 0, 2, 2, 0, 1, 0, 0, 0, 0, 0, 0, 0, 2, 0, 0, 0, 0, 0, 0, 0, 2, 2, 2, 3, 2, 0, 1, 1, 4, 2, 5, 1, 6, 2, 4, 2, 5, 395, 0, 0, 0, 0, 0, 0]",4,13.947794961496825,-1,1
1990,"[0, 2, 0, 4, 1, 1, 0, 4, 0, 1, 0, 2, 0, 0, 0, 0, 0, 1, 0, 0, 2, 0, 0, 0, 0, 0, 0, 0, 0, 0, 0, 0, 1, 1, 2, 2, 0, 0, 2, 0, 0, 1, 1, 0, 2, 2, 0, 1, 0, 0, 0, 0, 0, 0, 0, 2, 0, 0, 0, 0, 0, 0, 0, 2, 2, 2, 3, 2, 0, 1, 1, 4, 2, 5, 1, 6, 2, 4, 2, 5, 396, 0, 0, 0, 0, 0, 0]",4,12.452711387442697,-1,0
1991,"[0, 2, 0, 4, 1, 1, 0, 4, 0, 1, 0, 2, 0, 0, 0, 0, 0, 1, 0, 0, 2, 0, 0, 0, 0, 0, 0, 0, 0, 0, 0, 0, 1, 1, 2, 2, 0, 0, 2, 0, 0, 1, 1, 0, 2, 2, 0, 1, 0, 0, 0, 0, 0, 0, 0, 2, 0, 0, 0, 0, 0, 0, 0, 2, 2, 2, 3, 2, 0, 1, 1, 4, 2, 5, 1, 6, 2, 4, 2, 5, 397, 0, 0, 0, 0, 0, 0]",4,13.947750156028576,-1,1
1992,"[0, 2, 0, 4, 1, 1, 0, 4, 0, 1, 0, 2, 0, 0, 0, 0, 0, 1, 0, 0, 2, 0, 0, 0, 0, 0, 0, 0, 0, 0, 0, 0, 1, 1, 2, 2, 0, 0, 2, 0, 0, 1, 1, 0, 2, 2, 0, 1, 0, 0, 0, 0, 0, 0, 0, 2, 0, 0, 0, 0, 0, 0, 0, 2, 2, 2, 3, 2, 0, 1, 1, 4, 2, 5, 1, 6, 2, 4, 2, 5, 397, 0, 1, 0, 0, 0, 0]",2,0.40007561801012537,-1,0
1993,"[0, 2, 0, 4, 1, 1, 0, 4, 0, 1, 0, 2, 0, 0, 0, 0, 0, 1, 0, 0, 2, 0, 0, 0, 0, 0, 0, 0, 0, 0, 0, 0, 1, 1, 2, 2, 0, 0, 2, 0, 0, 1, 1, 0, 2, 2, 0, 1, 0, 0, 0, 0, 0, 0, 0, 2, 0, 0, 0, 0, 0, 0, 0, 2, 2, 2, 3, 2, 0, 1, 1, 4, 2, 5, 1, 6, 2, 4, 2, 5, 397, 0, 1, 0, 0, 1, 0]","[[0 0 0 1]
 [1 0 0 0]]",0.6505004830682163,-1,0
1994,"[1, 2, 0, 3, 0, 1, 0, 5, 0, 1, 0, 2, 0, 0, 0, 0, 0, 1, 0, 0, 2, 0, 0, 0, 0, 0, 0, 0, 0, 0, 0, 0, 1, 1, 2, 2, 0, 0, 2, 0, 0, 1, 1, 0, 2, 2, 0, 1, 0, 0, 0, 0, 0, 0, 0, 2, 0, 0, 0, 0, 0, 0, 0, 2, 2, 2, 3, 2, 0, 1, 1, 4, 2, 5, 1, 6, 2, 4, 2, 5, 397, 0, 0, 0, 0, 0, 0]",0,-0.1999243819898746,-1,1
1995,"[1, 2, 0, 3, 0, 1, 0, 5, 0, 1, 0, 2, 0, 0, 0, 0, 0, 1, 0, 0, 2, 0, 0, 0, 0, 0, 0, 0, 0, 0, 0, 0, 1, 1, 2, 2, 0, 0, 2, 0, 0, 1, 1, 0, 2, 2, 0, 1, 0, 0, 0, 0, 0, 0, 0, 2, 0, 0, 0, 0, 0, 0, 0, 2, 2, 2, 3, 2, 0, 1, 1, 4, 2, 5, 1, 6, 2, 4, 2, 5, 397, 0, 0, 0, 0, 0, 0]",0,0.2950503648407087,-1,0
1996,"[1, 2, 0, 3, 0, 1, 0, 5, 0, 1, 0, 2, 0, 0, 0, 0, 0, 1, 0, 0, 2, 0, 0, 0, 0, 0, 0, 0, 0, 0, 0, 0, 1, 1, 2, 2, 0, 0, 2, 0, 0, 1, 1, 0, 2, 2, 0, 1, 0, 0, 0, 0, 0, 0, 0, 2, 0, 0, 0, 0, 0, 0, 0, 2, 2, 2, 3, 2, 0, 1, 1, 4, 2, 5, 1, 6, 2, 4, 2, 5, 397, 0, 0, 0, 0, 0, 0]",-1,-0.0009436716567575743,-1,0
1997,"[1, 2, 0, 3, 0, 1, 0, 5, 0, 1, 0, 2, 0, 0, 0, 0, 0, 1, 0, 0, 2, 0, 0, 0, 0, 0, 0, 0, 0, 0, 0, 0, 1, 1, 2, 2, 0, 0, 2, 0, 0, 1, 1, 0, 2, 2, 0, 1, 0, 0, 0, 0, 0, 0, 0, 2, 0, 0, 0, 0, 0, 0, 0, 2, 2, 2, 3, 2, 0, 1, 1, 4, 2, 5, 1, 6, 2, 4, 2, 5, 397, 0, 0, 0, 0, 0, 0]",0,0.2950503648407087,-1,0
1998,"[1, 2, 0, 3, 0, 1, 0, 5, 0, 1, 0, 2, 0, 0, 0, 0, 0, 1, 0, 0, 2, 0, 0, 0, 0, 0, 0, 0, 0, 0, 0, 0, 1, 1, 2, 2, 0, 0, 2, 0, 0, 1, 1, 0, 2, 2, 0, 1, 0, 0, 0, 0, 0, 0, 0, 2, 0, 0, 0, 0, 0, 0, 0, 2, 2, 2, 3, 2, 0, 1, 1, 4, 2, 5, 1, 6, 2, 4, 2, 5, 397, 0, 0, 0, 0, 0, 0]",-1,-0.0009436716567575743,-1,0
1999,"[1, 2, 0, 3, 0, 1, 0, 5, 0, 1, 0, 2, 0, 0, 0, 0, 0, 1, 0, 0, 2, 0, 0, 0, 0, 0, 0, 0, 0, 0, 0, 0, 1, 1, 2, 2, 0, 0, 2, 0, 0, 1, 1, 0, 2, 2, 0, 1, 0, 0, 0, 0, 0, 0, 0, 2, 0, 0, 0, 0, 0, 0, 0, 2, 2, 2, 3, 2, 0, 1, 1, 4, 2, 5, 1, 6, 2, 4, 2, 5, 397, 0, 0, 0, 0, 0, 0]",0,0.2950503648407087,-1,0
2000,"[1, 2, 0, 3, 0, 1, 0, 5, 0, 1, 0, 2, 0, 0, 0, 0, 0, 1, 0, 0, 2, 0, 0, 0, 0, 0, 0, 0, 0, 0, 0, 0, 1, 1, 2, 2, 0, 0, 2, 0, 0, 1, 1, 0, 2, 2, 0, 1, 0, 0, 0, 0, 0, 0, 0, 2, 0, 0, 0, 0, 0, 0, 0, 2, 2, 2, 3, 2, 0, 1, 1, 4, 2, 5, 1, 6, 2, 4, 2, 5, 397, 0, 0, 0, 0, 0, 0]",-1,-0.0009436716567575743,-1,0
2001,"[1, 2, 0, 3, 0, 1, 0, 5, 0, 1, 0, 2, 0, 0, 0, 0, 0, 1, 0, 0, 2, 0, 0, 0, 0, 0, 0, 0, 0, 0, 0, 0, 1, 1, 2, 2, 0, 0, 2, 0, 0, 1, 1, 0, 2, 2, 0, 1, 0, 0, 0, 0, 0, 0, 0, 2, 0, 0, 0, 0, 0, 0, 0, 2, 2, 2, 3, 2, 0, 1, 1, 4, 2, 5, 1, 6, 2, 4, 2, 5, 397, 0, 0, 0, 0, 0, 0]",0,0.2950503648407087,-1,0
2002,"[1, 2, 0, 3, 0, 1, 0, 5, 0, 1, 0, 2, 0, 0, 0, 0, 0, 1, 0, 0, 2, 0, 0, 0, 0, 0, 0, 0, 0, 0, 0, 0, 1, 1, 2, 2, 0, 0, 2, 0, 0, 1, 1, 0, 2, 2, 0, 1, 0, 0, 0, 0, 0, 0, 0, 2, 0, 0, 0, 0, 0, 0, 0, 2, 2, 2, 3, 2, 0, 1, 1, 4, 2, 5, 1, 6, 2, 4, 2, 5, 397, 0, 0, 0, 0, 0, 0]",-1,-0.0009436716567575743,-1,0
2003,"[1, 2, 0, 3, 0, 1, 0, 5, 0, 1, 0, 2, 0, 0, 0, 0, 0, 1, 0, 0, 2, 0, 0, 0, 0, 0, 0, 0, 0, 0, 0, 0, 1, 1, 2, 2, 0, 0, 2, 0, 0, 1, 1, 0, 2, 2, 0, 1, 0, 0, 0, 0, 0, 0, 0, 2, 0, 0, 0, 0, 0, 0, 0, 2, 2, 2, 3, 2, 0, 1, 1, 4, 2, 5, 1, 6, 2, 4, 2, 5, 397, 0, 0, 0, 0, 0, 0]",0,0.2950503648407087,-1,0
2004,"[1, 2, 0, 3, 0, 1, 0, 5, 0, 1, 0, 2, 0, 0, 0, 0, 0, 1, 0, 0, 2, 0, 0, 0, 0, 0, 0, 0, 0, 0, 0, 0, 1, 1, 2, 2, 0, 0, 2, 0, 0, 1, 1, 0, 2, 2, 0, 1, 0, 0, 0, 0, 0, 0, 0, 2, 0, 0, 0, 0, 0, 0, 0, 2, 2, 2, 3, 2, 0, 1, 1, 4, 2, 5, 1, 6, 2, 4, 2, 5, 397, 0, 0, 0, 0, 0, 0]",-1,-0.0009436716567575743,-1,0
2005,"[1, 2, 0, 3, 0, 1, 0, 5, 0, 1, 0, 2, 0, 0, 0, 0, 0, 1, 0, 0, 2, 0, 0, 0, 0, 0, 0, 0, 0, 0, 0, 0, 1, 1, 2, 2, 0, 0, 2, 0, 0, 1, 1, 0, 2, 2, 0, 1, 0, 0, 0, 0, 0, 0, 0, 2, 0, 0, 0, 0, 0, 0, 0, 2, 2, 2, 3, 2, 0, 1, 1, 4, 2, 5, 1, 6, 2, 4, 2, 5, 397, 0, 0, 0, 0, 0, 0]",0,0.2950503648407087,-1,0
2006,"[1, 2, 0, 3, 0, 1, 0, 5, 0, 1, 0, 2, 0, 0, 0, 0, 0, 1, 0, 0, 2, 0, 0, 0, 0, 0, 0, 0, 0, 0, 0, 0, 1, 1, 2, 2, 0, 0, 2, 0, 0, 1, 1, 0, 2, 2, 0, 1, 0, 0, 0, 0, 0, 0, 0, 2, 0, 0, 0, 0, 0, 0, 0, 2, 2, 2, 3, 2, 0, 1, 1, 4, 2, 5, 1, 6, 2, 4, 2, 5, 397, 0, 0, 0, 0, 0, 0]",-1,-0.0009436716567575743,-1,0
2007,"[1, 2, 0, 3, 0, 1, 0, 5, 0, 1, 0, 2, 0, 0, 0, 0, 0, 1, 0, 0, 2, 0, 0, 0, 0, 0, 0, 0, 0, 0, 0, 0, 1, 1, 2, 2, 0, 0, 2, 0, 0, 1, 1, 0, 2, 2, 0, 1, 0, 0, 0, 0, 0, 0, 0, 2, 0, 0, 0, 0, 0, 0, 0, 2, 2, 2, 3, 2, 0, 1, 1, 4, 2, 5, 1, 6, 2, 4, 2, 5, 397, 0, 0, 0, 0, 0, 0]",0,0.2950503648407087,-1,0
2008,"[1, 2, 0, 3, 0, 1, 0, 5, 0, 1, 0, 2, 0, 0, 0, 0, 0, 1, 0, 0, 2, 0, 0, 0, 0, 0, 0, 0, 0, 0, 0, 0, 1, 1, 2, 2, 0, 0, 2, 0, 0, 1, 1, 0, 2, 2, 0, 1, 0, 0, 0, 0, 0, 0, 0, 2, 0, 0, 0, 0, 0, 0, 0, 2, 2, 2, 3, 2, 0, 1, 1, 4, 2, 5, 1, 6, 2, 4, 2, 5, 397, 0, 0, 0, 0, 0, 0]",-1,-0.0009436716567575743,-1,0
2009,"[1, 2, 0, 3, 0, 1, 0, 5, 0, 1, 0, 2, 0, 0, 0, 0, 0, 1, 0, 0, 2, 0, 0, 0, 0, 0, 0, 0, 0, 0, 0, 0, 1, 1, 2, 2, 0, 0, 2, 0, 0, 1, 1, 0, 2, 2, 0, 1, 0, 0, 0, 0, 0, 0, 0, 2, 0, 0, 0, 0, 0, 0, 0, 2, 2, 2, 3, 2, 0, 1, 1, 4, 2, 5, 1, 6, 2, 4, 2, 5, 397, 0, 0, 0, 0, 0, 0]",0,0.2950503648407087,-1,0
2010,"[1, 2, 0, 3, 0, 1, 0, 5, 0, 1, 0, 2, 0, 0, 0, 0, 0, 1, 0, 0, 2, 0, 0, 0, 0, 0, 0, 0, 0, 0, 0, 0, 1, 1, 2, 2, 0, 0, 2, 0, 0, 1, 1, 0, 2, 2, 0, 1, 0, 0, 0, 0, 0, 0, 0, 2, 0, 0, 0, 0, 0, 0, 0, 2, 2, 2, 3, 2, 0, 1, 1, 4, 2, 5, 1, 6, 2, 4, 2, 5, 397, 0, 0, 0, 0, 0, 0]",-1,-0.0009436716567575743,-1,0
2011,"[1, 2, 0, 3, 0, 1, 0, 5, 0, 1, 0, 2, 0, 0, 0, 0, 0, 1, 0, 0, 2, 0, 0, 0, 0, 0, 0, 0, 0, 0, 0, 0, 1, 1, 2, 2, 0, 0, 2, 0, 0, 1, 1, 0, 2, 2, 0, 1, 0, 0, 0, 0, 0, 0, 0, 2, 0, 0, 0, 0, 0, 0, 0, 2, 2, 2, 3, 2, 0, 1, 1, 4, 2, 5, 1, 6, 2, 4, 2, 5, 398, 0, 0, 0, 0, 0, 0]",4,12.744214465990671,-1,0
2012,"[1, 3, 0, 3, 0, 2, 0, 5, 0, 1, 0, 2, 0, 0, 0, 0, 0, 1, 0, 0, 2, 0, 0, 0, 0, 0, 0, 0, 0, 0, 0, 0, 1, 1, 2, 2, 0, 0, 2, 0, 0, 1, 1, 0, 2, 2, 0, 1, 0, 0, 0, 0, 0, 0, 0, 2, 0, 0, 0, 0, 0, 0, 0, 2, 2, 2, 3, 2, 0, 1, 1, 4, 2, 5, 1, 6, 2, 4, 2, 5, 399, 0, 0, 0, 0, 0, 0]",4,13.786909168510928,-1,1
2013,"[1, 3, 0, 3, 0, 2, 0, 5, 0, 1, 0, 2, 0, 0, 0, 0, 0, 1, 0, 0, 2, 0, 0, 0, 0, 0, 0, 0, 0, 0, 0, 0, 1, 1, 2, 2, 0, 0, 2, 0, 0, 1, 1, 0, 2, 2, 0, 1, 0, 0, 0, 0, 0, 0, 0, 2, 0, 0, 0, 0, 0, 0, 0, 2, 2, 2, 3, 2, 0, 1, 1, 4, 2, 5, 1, 6, 2, 4, 2, 5, 400, 0, 0, 0, 0, 0, 0]",4,12.688875612132232,-1,0
2014,"[1, 3, 0, 3, 0, 2, 0, 5, 0, 1, 0, 2, 0, 0, 0, 0, 0, 1, 0, 0, 2, 0, 0, 0, 0, 0, 0, 0, 0, 0, 0, 0, 1, 1, 2, 2, 0, 0, 2, 0, 0, 1, 1, 0, 2, 2, 0, 1, 0, 0, 0, 0, 0, 0, 0, 2, 0, 0, 0, 0, 0, 0, 0, 2, 2, 2, 3, 2, 0, 1, 1, 4, 2, 5, 1, 6, 2, 4, 2, 5, 400, 0, 1, 0, 0, 0, 0]",2,0.4000670700260932,-1,1
2015,"[1, 3, 0, 3, 0, 2, 0, 5, 0, 1, 0, 2, 0, 0, 0, 0, 0, 1, 0, 0, 2, 0, 0, 0, 0, 0, 0, 0, 0, 0, 0, 0, 1, 1, 2, 2, 0, 0, 2, 0, 0, 1, 1, 0, 2, 2, 0, 1, 0, 0, 0, 0, 0, 0, 0, 2, 0, 0, 0, 0, 0, 0, 0, 2, 2, 2, 3, 2, 0, 1, 1, 4, 2, 5, 1, 6, 2, 4, 2, 5, 400, 0, 1, 0, 0, 1, 0]","[[0 1 0 0]
 [1 0 0 0]]",0.6504919350841841,-1,1
2016,"[1, 3, 0, 3, 0, 2, 0, 5, 0, 1, 0, 2, 0, 0, 0, 0, 0, 1, 0, 0, 2, 0, 0, 0, 0, 0, 0, 0, 0, 0, 0, 0, 1, 1, 2, 2, 0, 0, 2, 0, 0, 1, 1, 0, 2, 2, 0, 1, 0, 0, 0, 0, 0, 0, 0, 2, 0, 0, 0, 0, 0, 0, 0, 2, 2, 2, 3, 2, 0, 1, 1, 4, 2, 5, 1, 6, 2, 4, 2, 5, 400, 0, 0, 0, 0, 0, 0]",1,-0.19993292997390674,-1,0
2017,"[1, 4, 0, 3, 0, 3, 0, 5, 0, 1, 0, 2, 0, 0, 0, 0, 0, 1, 0, 0, 2, 0, 0, 0, 0, 0, 0, 0, 0, 0, 0, 0, 1, 1, 2, 2, 0, 0, 2, 0, 0, 1, 1, 0, 2, 2, 0, 1, 0, 0, 0, 0, 0, 0, 0, 2, 0, 0, 0, 0, 0, 0, 0, 2, 2, 2, 3, 2, 0, 1, 1, 4, 2, 5, 1, 6, 2, 4, 2, 5, 401, 0, 0, 0, 0, 0, 0]",4,13.828414241360345,-1,1
2018,"[1, 4, 0, 3, 0, 3, 0, 5, 0, 1, 0, 2, 0, 0, 0, 0, 0, 1, 0, 0, 2, 0, 0, 0, 0, 0, 0, 0, 0, 0, 0, 0, 1, 1, 2, 2, 0, 0, 2, 0, 0, 1, 1, 0, 2, 2, 0, 1, 0, 0, 0, 0, 0, 0, 0, 2, 0, 0, 0, 0, 0, 0, 0, 2, 2, 2, 3, 2, 0, 1, 1, 4, 2, 5, 1, 6, 2, 4, 2, 5, 401, 1, 0, 0, 0, 0, 0]",3,0.20006444102010626,-1,0
2019,"[1, 4, 0, 3, 0, 3, 0, 5, 0, 1, 0, 2, 0, 0, 0, 0, 0, 1, 0, 0, 2, 0, 0, 0, 0, 0, 0, 0, 0, 0, 0, 0, 1, 1, 2, 2, 0, 0, 2, 0, 0, 1, 1, 0, 2, 2, 0, 1, 0, 0, 0, 0, 0, 0, 0, 2, 0, 0, 0, 0, 0, 0, 0, 2, 2, 2, 3, 2, 0, 1, 1, 4, 2, 5, 1, 6, 2, 4, 2, 5, 401, 0, 0, 0, 0, 0, 0]",-1,-0.0009066697618400539,-1,0
2020,"[1, 5, 0, 3, 0, 4, 0, 5, 0, 1, 0, 2, 0, 0, 0, 0, 0, 1, 0, 0, 2, 0, 0, 0, 0, 0, 0, 0, 0, 0, 0, 0, 1, 1, 2, 2, 0, 0, 2, 0, 0, 1, 1, 0, 2, 2, 0, 1, 0, 0, 0, 0, 0, 0, 0, 2, 0, 0, 0, 0, 0, 0, 0, 2, 2, 2, 3, 2, 0, 1, 1, 4, 2, 5, 1, 6, 2, 4, 2, 5, 402, 0, 0, 0, 0, 0, 0]",4,13.842217195548647,-1,1
2021,"[1, 5, 0, 3, 0, 4, 0, 5, 0, 1, 0, 2, 0, 0, 0, 0, 0, 1, 0, 0, 2, 0, 0, 0, 0, 0, 0, 0, 0, 0, 0, 0, 1, 1, 2, 2, 0, 0, 2, 0, 0, 1, 1, 0, 2, 2, 0, 1, 0, 0, 0, 0, 0, 0, 0, 2, 0, 0, 0, 0, 0, 0, 0, 2, 2, 2, 3, 2, 0, 1, 1, 4, 2, 5, 1, 6, 2, 4, 2, 5, 402, 1, 0, 0, 0, 0, 0]",3,0.20006191503379112,-1,0
2022,"[1, 5, 0, 3, 0, 4, 0, 5, 0, 1, 0, 2, 0, 0, 0, 0, 0, 1, 0, 0, 2, 0, 0, 0, 0, 0, 0, 0, 0, 0, 0, 0, 1, 1, 2, 2, 0, 0, 2, 0, 0, 1, 1, 0, 2, 2, 0, 1, 0, 0, 0, 0, 0, 0, 0, 2, 0, 0, 0, 0, 0, 0, 0, 2, 2, 2, 3, 2, 0, 1, 1, 4, 2, 5, 1, 6, 2, 4, 2, 5, 402, 0, 0, 0, 0, 0, 0]",-1,-0.0008976482469751425,-1,0
2023,"[1, 5, 0, 3, 0, 4, 0, 5, 0, 1, 0, 2, 0, 0, 0, 0, 0, 1, 0, 0, 2, 0, 0, 0, 0, 0, 0, 0, 0, 0, 0, 0, 1, 1, 2, 2, 0, 0, 2, 0, 0, 1, 1, 0, 2, 2, 0, 1, 0, 0, 0, 0, 0, 0, 0, 2, 0, 0, 0, 0, 0, 0, 0, 2, 2, 2, 3, 2, 0, 1, 1, 4, 2, 5, 1, 6, 2, 4, 2, 5, 402, 0, 0, 0, 0, 0, 0]",1,0.6096860301334078,-1,0
2024,"[1, 5, 0, 3, 0, 4, 0, 5, 0, 1, 0, 2, 0, 0, 0, 0, 0, 1, 0, 0, 2, 0, 0, 0, 0, 0, 0, 0, 0, 0, 0, 0, 1, 1, 2, 2, 0, 0, 2, 0, 0, 1, 1, 0, 2, 2, 0, 1, 0, 0, 0, 0, 0, 0, 0, 2, 0, 0, 0, 0, 0, 0, 0, 2, 2, 2, 3, 2, 0, 1, 1, 4, 2, 5, 1, 6, 2, 4, 2, 5, 402, 0, 0, 0, 0, 0, 0]",-1,-0.0008976482469751425,-1,0
2025,"[1, 5, 0, 3, 0, 4, 0, 5, 0, 1, 0, 2, 0, 0, 0, 0, 0, 1, 0, 0, 2, 0, 0, 0, 0, 0, 0, 0, 0, 0, 0, 0, 1, 1, 2, 2, 0, 0, 2, 0, 0, 1, 1, 0, 2, 2, 0, 1, 0, 0, 0, 0, 0, 0, 0, 2, 0, 0, 0, 0, 0, 0, 0, 2, 2, 2, 3, 2, 0, 1, 1, 4, 2, 5, 1, 6, 2, 4, 2, 5, 402, 1, 0, 0, 0, 0, 0]",3,0.20006191503379112,-1,0
2026,"[1, 5, 0, 3, 0, 4, 0, 5, 0, 1, 0, 2, 0, 0, 0, 0, 0, 1, 0, 0, 2, 0, 0, 0, 0, 0, 0, 0, 0, 0, 0, 0, 1, 1, 2, 2, 0, 0, 2, 0, 0, 1, 1, 0, 2, 2, 0, 1, 0, 0, 0, 0, 0, 0, 0, 2, 0, 0, 0, 0, 0, 0, 0, 2, 2, 2, 3, 2, 0, 1, 1, 4, 2, 5, 1, 6, 2, 4, 2, 5, 402, 0, 0, 0, 0, 0, 0]",-1,-0.0008976482469751425,-1,0
2027,"[1, 5, 0, 3, 0, 4, 0, 5, 0, 1, 0, 2, 0, 0, 0, 0, 0, 1, 0, 0, 2, 0, 0, 0, 0, 0, 0, 0, 0, 0, 0, 0, 1, 1, 2, 2, 0, 0, 2, 0, 0, 1, 1, 0, 2, 2, 0, 1, 0, 0, 0, 0, 0, 0, 0, 2, 0, 0, 0, 0, 0, 0, 0, 2, 2, 2, 3, 2, 0, 1, 1, 4, 2, 5, 1, 6, 2, 4, 2, 5, 402, 1, 0, 0, 0, 0, 0]",3,0.20006191503379112,-1,0
2028,"[1, 5, 0, 3, 0, 4, 0, 5, 0, 1, 0, 2, 0, 0, 0, 0, 0, 1, 0, 0, 2, 0, 0, 0, 0, 0, 0, 0, 0, 0, 0, 0, 1, 1, 2, 2, 0, 0, 2, 0, 0, 1, 1, 0, 2, 2, 0, 1, 0, 0, 0, 0, 0, 0, 0, 2, 0, 0, 0, 0, 0, 0, 0, 2, 2, 2, 3, 2, 0, 1, 1, 4, 2, 5, 1, 6, 2, 4, 2, 5, 402, 0, 0, 0, 0, 0, 0]",-1,-0.0008976482469751425,-1,0
2029,"[1, 5, 0, 3, 0, 4, 0, 5, 0, 1, 0, 2, 0, 0, 0, 0, 0, 1, 0, 0, 2, 0, 0, 0, 0, 0, 0, 0, 0, 0, 0, 0, 1, 1, 2, 2, 0, 0, 2, 0, 0, 1, 1, 0, 2, 2, 0, 1, 0, 0, 0, 0, 0, 0, 0, 2, 0, 0, 0, 0, 0, 0, 0, 2, 2, 2, 3, 2, 0, 1, 1, 4, 2, 5, 1, 6, 2, 4, 2, 5, 402, 0, 1, 0, 0, 0, 0]",2,0.40006191503379107,-1,0
2030,"[1, 5, 0, 3, 0, 4, 0, 5, 0, 1, 0, 2, 0, 0, 0, 0, 0, 1, 0, 0, 2, 0, 0, 0, 0, 0, 0, 0, 0, 0, 0, 0, 1, 1, 2, 2, 0, 0, 2, 0, 0, 1, 1, 0, 2, 2, 0, 1, 0, 0, 0, 0, 0, 0, 0, 2, 0, 0, 0, 0, 0, 0, 0, 2, 2, 2, 3, 2, 0, 1, 1, 4, 2, 5, 1, 6, 2, 4, 2, 5, 402, 0, 0, 0, 0, 0, 0]",-1,-0.0008976482469751425,-1,0
2031,"[1, 5, 0, 3, 0, 4, 0, 5, 0, 1, 0, 2, 0, 0, 0, 0, 0, 1, 0, 0, 2, 0, 0, 0, 0, 0, 0, 0, 0, 0, 0, 0, 1, 1, 2, 2, 0, 0, 2, 0, 0, 1, 1, 0, 2, 2, 0, 1, 0, 0, 0, 0, 0, 0, 0, 2, 0, 0, 0, 0, 0, 0, 0, 2, 2, 2, 3, 2, 0, 1, 1, 4, 2, 5, 1, 6, 2, 4, 2, 5, 403, 0, 0, 0, 0, 0, 0]",4,12.560216935826695,-1,0
2032,"[1, 5, 0, 4, 0, 4, 0, 6, 0, 1, 0, 2, 0, 0, 0, 0, 0, 1, 0, 0, 2, 0, 0, 0, 0, 0, 0, 0, 0, 0, 0, 0, 1, 1, 2, 2, 0, 0, 2, 0, 0, 1, 1, 0, 2, 2, 0, 1, 0, 0, 0, 0, 0, 0, 0, 2, 0, 0, 0, 0, 0, 0, 0, 2, 2, 2, 3, 2, 0, 1, 1, 4, 2, 5, 1, 6, 2, 4, 2, 5, 404, 0, 0, 0, 0, 0, 0]",4,13.81693105147268,-1,1
2033,"[1, 5, 0, 4, 0, 4, 0, 6, 0, 1, 0, 2, 0, 0, 0, 0, 0, 1, 0, 0, 2, 0, 0, 0, 0, 0, 0, 0, 0, 0, 0, 0, 1, 1, 2, 2, 0, 0, 2, 0, 0, 1, 1, 0, 2, 2, 0, 1, 0, 0, 0, 0, 0, 0, 0, 2, 0, 0, 0, 0, 0, 0, 0, 2, 2, 2, 3, 2, 0, 1, 1, 4, 2, 5, 1, 6, 2, 4, 2, 5, 404, 0, 0, 0, 0, 0, 0]",1,0.6096812712397851,-1,0
2034,"[1, 5, 0, 4, 0, 4, 0, 6, 0, 1, 0, 2, 0, 0, 0, 0, 0, 1, 0, 0, 2, 0, 0, 0, 0, 0, 0, 0, 0, 0, 0, 0, 1, 1, 2, 2, 0, 0, 2, 0, 0, 1, 1, 0, 2, 2, 0, 1, 0, 0, 0, 0, 0, 0, 0, 2, 0, 0, 0, 0, 0, 0, 0, 2, 2, 2, 3, 2, 0, 1, 1, 4, 2, 5, 1, 6, 2, 4, 2, 5, 404, 0, 0, 0, 0, 0, 0]",-1,-0.0008798736207811697,-1,0
2035,"[1, 5, 0, 5, 0, 4, 0, 7, 0, 1, 0, 2, 0, 0, 0, 0, 0, 1, 0, 0, 2, 0, 0, 0, 0, 0, 0, 0, 0, 0, 0, 0, 1, 1, 2, 2, 0, 0, 2, 0, 0, 1, 1, 0, 2, 2, 0, 1, 0, 0, 0, 0, 0, 0, 0, 2, 0, 0, 0, 0, 0, 0, 0, 2, 2, 2, 3, 2, 0, 1, 1, 4, 2, 5, 1, 6, 2, 4, 2, 5, 405, 0, 0, 0, 0, 0, 0]",4,12.544177136665127,-1,0
2036,"[1, 5, 0, 5, 0, 4, 0, 7, 0, 1, 0, 2, 0, 0, 0, 0, 0, 1, 0, 0, 2, 0, 0, 0, 0, 0, 0, 0, 0, 0, 0, 0, 1, 1, 2, 2, 0, 0, 2, 0, 0, 1, 1, 0, 2, 2, 0, 1, 0, 0, 0, 0, 0, 0, 0, 2, 0, 0, 0, 0, 0, 0, 0, 2, 2, 2, 3, 2, 0, 1, 1, 4, 2, 5, 1, 6, 2, 4, 2, 5, 405, 0, 1, 0, 0, 0, 0]",2,0.40005491563122025,-1,1
2037,"[1, 5, 0, 5, 0, 4, 0, 7, 0, 1, 0, 2, 0, 0, 0, 0, 0, 1, 0, 0, 2, 0, 0, 0, 0, 0, 0, 0, 0, 0, 0, 0, 1, 1, 2, 2, 0, 0, 2, 0, 0, 1, 1, 0, 2, 2, 0, 1, 0, 0, 0, 0, 0, 0, 0, 2, 0, 0, 0, 0, 0, 0, 0, 2, 2, 2, 3, 2, 0, 1, 1, 4, 2, 5, 1, 6, 2, 4, 2, 5, 405, 0, 1, 0, 0, 1, 0]","[[0 1 0 0]
 [1 0 0 0]]",0.6504797806893112,-1,1
2038,"[0, 6, 0, 5, 1, 3, 0, 7, 0, 1, 0, 2, 0, 0, 0, 0, 0, 1, 0, 0, 2, 0, 0, 0, 0, 0, 0, 0, 0, 0, 0, 0, 1, 1, 2, 2, 0, 0, 2, 0, 0, 1, 1, 0, 2, 2, 0, 1, 0, 0, 0, 0, 0, 0, 0, 2, 0, 0, 0, 0, 0, 0, 0, 2, 2, 2, 3, 2, 0, 1, 1, 4, 2, 5, 1, 6, 2, 4, 2, 5, 405, 0, 0, 0, 0, 0, 0]",0,-0.19994508436877972,-1,0
2039,"[0, 3, 0, 2, 1, 1, 0, 3, 0, 1, 0, 2, 0, 0, 0, 0, 0, 1, 0, 0, 2, 0, 0, 0, 0, 0, 0, 0, 0, 0, 0, 0, 1, 1, 2, 2, 0, 0, 2, 0, 0, 1, 1, 0, 2, 2, 0, 1, 0, 0, 0, 0, 0, 0, 0, 2, 0, 0, 0, 0, 0, 0, 0, 2, 2, 2, 3, 2, 0, 1, 1, 4, 2, 5, 1, 6, 2, 4, 2, 3, 406, 0, 0, 0, 0, 0, 0]",4,14.114750466705965,-1,1
2040,"[0, 3, 0, 2, 1, 1, 0, 3, 0, 1, 0, 2, 0, 0, 0, 0, 0, 1, 0, 0, 2, 0, 0, 0, 0, 0, 0, 0, 0, 0, 0, 0, 1, 1, 2, 2, 0, 0, 2, 0, 0, 1, 1, 0, 2, 2, 0, 1, 0, 0, 0, 0, 0, 0, 0, 2, 0, 0, 0, 0, 0, 0, 0, 2, 2, 2, 3, 2, 0, 1, 1, 4, 2, 5, 1, 6, 2, 4, 2, 3, 406, 0, 0, 0, 0, 0, 0]",1,0.6096768780262024,-1,0
2041,"[0, 3, 0, 2, 1, 1, 0, 3, 0, 1, 0, 2, 0, 0, 0, 0, 0, 1, 0, 0, 2, 0, 0, 0, 0, 0, 0, 0, 0, 0, 0, 0, 1, 1, 2, 2, 0, 0, 2, 0, 0, 1, 1, 0, 2, 2, 0, 1, 0, 0, 0, 0, 0, 0, 0, 2, 0, 0, 0, 0, 0, 0, 0, 2, 2, 2, 3, 2, 0, 1, 1, 4, 2, 5, 1, 6, 2, 4, 2, 3, 406, 0, 0, 0, 0, 0, 0]",-1,-0.0008624509557673132,-1,0
2042,"[0, 3, 0, 3, 1, 1, 0, 4, 0, 1, 0, 2, 0, 0, 0, 0, 0, 1, 0, 0, 2, 0, 0, 0, 0, 0, 0, 0, 0, 0, 0, 0, 1, 1, 2, 2, 0, 0, 2, 0, 0, 1, 1, 0, 2, 2, 0, 1, 0, 0, 0, 0, 0, 0, 0, 2, 0, 0, 0, 0, 0, 0, 0, 2, 2, 2, 3, 2, 0, 1, 1, 4, 2, 5, 1, 6, 2, 4, 2, 3, 407, 0, 0, 0, 0, 0, 0]",4,13.947543823087868,-1,1
2043,"[0, 3, 0, 3, 1, 1, 0, 4, 0, 1, 0, 2, 0, 0, 0, 0, 0, 1, 0, 0, 2, 0, 0, 0, 0, 0, 0, 0, 0, 0, 0, 0, 1, 1, 2, 2, 0, 0, 2, 0, 0, 1, 1, 0, 2, 2, 0, 1, 0, 0, 0, 0, 0, 0, 0, 2, 0, 0, 0, 0, 0, 0, 0, 2, 2, 2, 3, 2, 0, 1, 1, 4, 2, 5, 1, 6, 2, 4, 2, 3, 407, 1, 0, 0, 0, 0, 0]",3,0.2000506945870433,-1,0
2044,"[0, 3, 0, 3, 1, 1, 0, 4, 0, 1, 0, 2, 0, 0, 0, 0, 0, 1, 0, 0, 2, 0, 0, 0, 0, 0, 0, 0, 0, 0, 0, 0, 1, 1, 2, 2, 0, 0, 2, 0, 0, 1, 1, 0, 2, 2, 0, 1, 0, 0, 0, 0, 0, 0, 0, 2, 0, 0, 0, 0, 0, 0, 0, 2, 2, 2, 3, 2, 0, 1, 1, 4, 2, 5, 1, 6, 2, 4, 2, 3, 407, 0, 0, 0, 0, 0, 0]",-1,-0.0008538694253742397,-1,0
2045,"[0, 3, 0, 3, 1, 1, 0, 4, 0, 1, 0, 2, 0, 0, 0, 0, 0, 1, 0, 0, 2, 0, 0, 0, 0, 0, 0, 0, 0, 0, 0, 0, 1, 1, 2, 2, 0, 0, 2, 0, 0, 1, 1, 0, 2, 2, 0, 1, 0, 0, 0, 0, 0, 0, 0, 2, 0, 0, 0, 0, 0, 0, 0, 2, 2, 2, 3, 2, 0, 1, 1, 4, 2, 5, 1, 6, 2, 4, 2, 3, 407, 0, 0, 0, 0, 0, 0]",1,0.60967480968666,-1,0
2046,"[0, 3, 0, 3, 1, 1, 0, 4, 0, 1, 0, 2, 0, 0, 0, 0, 0, 1, 0, 0, 2, 0, 0, 0, 0, 0, 0, 0, 0, 0, 0, 0, 1, 1, 2, 2, 0, 0, 2, 0, 0, 1, 1, 0, 2, 2, 0, 1, 0, 0, 0, 0, 0, 0, 0, 2, 0, 0, 0, 0, 0, 0, 0, 2, 2, 2, 3, 2, 0, 1, 1, 4, 2, 5, 1, 6, 2, 4, 2, 3, 407, 0, 0, 0, 0, 0, 0]",-1,-0.0008538694253742397,-1,0
2047,"[0, 3, 0, 3, 1, 1, 0, 4, 0, 1, 0, 2, 0, 0, 0, 0, 0, 1, 0, 0, 2, 0, 0, 0, 0, 0, 0, 0, 0, 0, 0, 0, 1, 1, 2, 2, 0, 0, 2, 0, 0, 1, 1, 0, 2, 2, 0, 1, 0, 0, 0, 0, 0, 0, 0, 2, 0, 0, 0, 0, 0, 0, 0, 2, 2, 2, 3, 2, 0, 1, 1, 4, 2, 5, 1, 6, 2, 4, 2, 3, 407, 1, 0, 0, 0, 0, 0]",3,0.2000506945870433,-1,0
2048,"[0, 3, 0, 3, 1, 1, 0, 4, 0, 1, 0, 2, 0, 0, 0, 0, 0, 1, 0, 0, 2, 0, 0, 0, 0, 0, 0, 0, 0, 0, 0, 0, 1, 1, 2, 2, 0, 0, 2, 0, 0, 1, 1, 0, 2, 2, 0, 1, 0, 0, 0, 0, 0, 0, 0, 2, 0, 0, 0, 0, 0, 0, 0, 2, 2, 2, 3, 2, 0, 1, 1, 4, 2, 5, 1, 6, 2, 4, 2, 3, 407, 0, 0, 0, 0, 0, 0]",-1,-0.0008538694253742397,-1,0
2049,"[0, 3, 0, 3, 2, 1, 0, 4, 0, 1, 0, 2, 0, 0, 0, 0, 0, 1, 0, 0, 2, 0, 0, 0, 0, 0, 0, 0, 0, 0, 0, 0, 1, 1, 2, 2, 0, 0, 2, 0, 0, 1, 1, 0, 2, 2, 0, 1, 0, 0, 0, 0, 0, 0, 0, 2, 0, 0, 0, 0, 0, 0, 0, 2, 2, 2, 3, 2, 0, 1, 1, 4, 2, 5, 1, 6, 2, 4, 2, 3, 408, 0, 0, 0, 0, 0, 0]",4,12.511830808790224,-1,0
2050,"[0, 4, 0, 3, 2, 2, 0, 4, 0, 1, 0, 2, 0, 0, 0, 0, 0, 1, 0, 0, 2, 0, 0, 0, 0, 0, 0, 0, 0, 0, 0, 0, 1, 1, 2, 2, 0, 0, 2, 0, 0, 1, 1, 0, 2, 2, 0, 1, 0, 0, 0, 0, 0, 0, 0, 2, 0, 0, 0, 0, 0, 0, 0, 2, 2, 2, 3, 2, 0, 1, 1, 4, 2, 5, 1, 6, 2, 4, 2, 3, 409, 0, 0, 0, 0, 0, 0]",4,14.159193741054077,-1,1
2051,"[0, 4, 0, 4, 2, 2, 0, 5, 0, 1, 0, 2, 0, 0, 0, 0, 0, 1, 0, 0, 2, 0, 0, 0, 0, 0, 0, 0, 0, 0, 0, 0, 1, 1, 2, 2, 0, 0, 2, 0, 0, 1, 1, 0, 2, 2, 0, 1, 0, 0, 0, 0, 0, 0, 0, 2, 0, 0, 0, 0, 0, 0, 0, 2, 2, 2, 3, 2, 0, 1, 1, 4, 2, 5, 1, 6, 2, 4, 2, 3, 410, 0, 0, 0, 0, 0, 0]",4,12.462900078464026,-1,0
2052,"[0, 4, 0, 4, 2, 2, 0, 5, 0, 1, 0, 2, 0, 0, 0, 0, 0, 1, 0, 0, 2, 0, 0, 0, 0, 0, 0, 0, 0, 0, 0, 0, 1, 1, 2, 2, 0, 0, 2, 0, 0, 1, 1, 0, 2, 2, 0, 1, 0, 0, 0, 0, 0, 0, 0, 2, 0, 0, 0, 0, 0, 0, 0, 2, 2, 2, 3, 2, 0, 1, 1, 4, 2, 5, 1, 6, 2, 4, 2, 3, 410, 0, 1, 0, 0, 0, 0]",2,0.4000449633540466,-1,1
2053,"[0, 4, 0, 4, 2, 2, 0, 5, 0, 1, 0, 2, 0, 0, 0, 0, 0, 1, 0, 0, 2, 0, 0, 0, 0, 0, 0, 0, 0, 0, 0, 0, 1, 1, 2, 2, 0, 0, 2, 0, 0, 1, 1, 0, 2, 2, 0, 1, 0, 0, 0, 0, 0, 0, 0, 2, 0, 0, 0, 0, 0, 0, 0, 2, 2, 2, 3, 2, 0, 1, 1, 4, 2, 5, 1, 6, 2, 4, 2, 3, 410, 0, 1, 0, 0, 1, 0]","[[1 0 0 0]
 [0 1 0 0]]",0.6504698284121375,-1,1
2054,"[0, 4, 0, 4, 2, 2, 0, 5, 0, 1, 0, 2, 0, 0, 0, 0, 0, 1, 0, 0, 2, 0, 0, 0, 0, 0, 0, 0, 0, 0, 0, 0, 1, 1, 2, 2, 0, 0, 2, 0, 0, 1, 1, 0, 2, 2, 0, 1, 0, 0, 0, 0, 0, 0, 0, 2, 0, 0, 0, 0, 0, 0, 0, 2, 2, 2, 3, 2, 0, 1, 1, 4, 2, 5, 1, 6, 2, 4, 2, 3, 410, 0, 0, 0, 0, 0, 0]",1,-0.19995503664595335,-1,0
2055,"[0, 5, 0, 4, 2, 3, 0, 5, 0, 1, 0, 2, 0, 0, 0, 0, 0, 1, 0, 0, 2, 0, 0, 0, 0, 0, 0, 0, 0, 0, 0, 0, 1, 1, 2, 2, 0, 0, 2, 0, 0, 1, 1, 0, 2, 2, 0, 1, 0, 0, 0, 0, 0, 0, 0, 2, 0, 0, 0, 0, 0, 0, 0, 2, 2, 2, 3, 2, 0, 1, 1, 4, 2, 5, 1, 6, 2, 4, 2, 3, 411, 0, 0, 0, 0, 0, 0]",4,14.058249683699323,-1,1
2056,"[0, 5, 0, 4, 2, 3, 0, 5, 0, 1, 0, 2, 0, 0, 0, 0, 0, 1, 0, 0, 2, 0, 0, 0, 0, 0, 0, 0, 0, 0, 0, 0, 1, 1, 2, 2, 0, 0, 2, 0, 0, 1, 1, 0, 2, 2, 0, 1, 0, 0, 0, 0, 0, 0, 0, 2, 0, 0, 0, 0, 0, 0, 0, 2, 2, 2, 3, 2, 0, 1, 1, 4, 2, 5, 1, 6, 2, 4, 2, 3, 411, 0, 1, 0, 0, 0, 0]",2,0.4000432006965393,-1,0
2057,"[0, 5, 0, 4, 2, 3, 0, 5, 0, 1, 0, 2, 0, 0, 0, 0, 0, 1, 0, 0, 2, 0, 0, 0, 0, 0, 0, 0, 0, 0, 0, 0, 1, 1, 2, 2, 0, 0, 2, 0, 0, 1, 1, 0, 2, 2, 0, 1, 0, 0, 0, 0, 0, 0, 0, 2, 0, 0, 0, 0, 0, 0, 0, 2, 2, 2, 3, 2, 0, 1, 1, 4, 2, 5, 1, 6, 2, 4, 2, 3, 411, 0, 1, 0, 0, 1, 0]","[[0 0 0 1]
 [1 0 0 0]]",0.6504680657546302,-1,0
2058,"[0, 5, 0, 4, 2, 3, 0, 5, 0, 1, 0, 2, 0, 0, 0, 0, 0, 1, 0, 0, 2, 0, 0, 0, 0, 0, 0, 0, 0, 0, 0, 0, 1, 1, 2, 2, 0, 0, 2, 0, 0, 1, 1, 0, 2, 2, 0, 1, 0, 0, 0, 0, 0, 0, 0, 2, 0, 0, 0, 0, 0, 0, 0, 2, 2, 2, 3, 2, 0, 1, 1, 4, 2, 5, 1, 6, 2, 4, 2, 3, 411, 0, 0, 0, 0, 0, 0]",1,-11.513665298288222,-1,1
2059,"[0, 5, 0, 4, 2, 3, 0, 5, 0, 1, 0, 2, 0, 0, 0, 0, 0, 1, 0, 0, 2, 0, 0, 0, 0, 0, 0, 0, 0, 0, 0, 0, 1, 1, 2, 2, 0, 0, 2, 0, 0, 1, 1, 0, 2, 2, 0, 1, 0, 0, 0, 0, 0, 0, 0, 2, 0, 0, 0, 0, 0, 0, 0, 2, 2, 2, 3, 2, 0, 1, 1, 4, 2, 5, 1, 6, 2, 4, 2, 3, 411, 0, 1, 0, 0, 0, 0]",2,0.4000432006965393,-1,0
2060,"[0, 5, 0, 4, 2, 3, 0, 5, 0, 1, 0, 2, 0, 0, 0, 0, 0, 1, 0, 0, 2, 0, 0, 0, 0, 0, 0, 0, 0, 0, 0, 0, 1, 1, 2, 2, 0, 0, 2, 0, 0, 1, 1, 0, 2, 2, 0, 1, 0, 0, 0, 0, 0, 0, 0, 2, 0, 0, 0, 0, 0, 0, 0, 2, 2, 2, 3, 2, 0, 1, 1, 4, 2, 5, 1, 6, 2, 4, 2, 3, 411, 0, 1, 0, 0, 1, 0]","[[0 0 0 1]
 [1 0 0 0]]",0.6504680657546302,-1,0
2061,"[0, 5, 0, 4, 2, 3, 0, 5, 0, 1, 0, 2, 0, 0, 0, 0, 0, 1, 0, 0, 2, 0, 0, 0, 0, 0, 0, 0, 0, 0, 0, 0, 1, 1, 2, 2, 0, 0, 2, 0, 0, 1, 1, 0, 2, 2, 0, 1, 0, 0, 0, 0, 0, 0, 0, 2, 0, 0, 0, 0, 0, 0, 0, 2, 2, 2, 3, 2, 0, 1, 1, 4, 2, 5, 1, 6, 2, 4, 2, 3, 411, 0, 0, 0, 0, 0, 0]",1,-11.513665298288222,-1,1
2062,"[0, 5, 0, 5, 2, 3, 0, 6, 0, 1, 0, 2, 0, 0, 0, 0, 0, 1, 0, 0, 2, 0, 0, 0, 0, 0, 0, 0, 0, 0, 0, 0, 1, 1, 2, 2, 0, 0, 2, 0, 0, 1, 1, 0, 2, 2, 0, 1, 0, 0, 0, 0, 0, 0, 0, 2, 0, 0, 0, 0, 0, 0, 0, 2, 2, 2, 3, 2, 0, 1, 1, 4, 2, 5, 1, 6, 2, 4, 2, 3, 412, 0, 0, 0, 0, 0, 0]",4,12.439411718765088,-1,0
2063,"[0, 5, 0, 5, 3, 3, 0, 6, 0, 1, 0, 2, 0, 0, 0, 0, 0, 1, 0, 0, 2, 0, 0, 0, 0, 0, 0, 0, 0, 0, 0, 0, 1, 1, 2, 2, 0, 0, 2, 0, 0, 1, 1, 0, 2, 2, 0, 1, 0, 0, 0, 0, 0, 0, 0, 2, 0, 0, 0, 0, 0, 0, 0, 2, 2, 2, 3, 2, 0, 1, 1, 4, 2, 5, 1, 6, 2, 4, 2, 3, 413, 0, 0, 0, 0, 0, 0]",4,14.063660562995622,-1,1
2064,"[0, 5, 0, 5, 3, 3, 0, 6, 0, 1, 0, 2, 0, 0, 0, 0, 0, 1, 0, 0, 2, 0, 0, 0, 0, 0, 0, 0, 0, 0, 0, 0, 1, 1, 2, 2, 0, 0, 2, 0, 0, 1, 1, 0, 2, 2, 0, 1, 0, 0, 0, 0, 0, 0, 0, 2, 0, 0, 0, 0, 0, 0, 0, 2, 2, 2, 3, 2, 0, 1, 1, 4, 2, 5, 1, 6, 2, 4, 2, 3, 413, 1, 0, 0, 0, 0, 0]",3,0.20003987993144223,-1,0
2065,"[0, 5, 0, 5, 3, 3, 0, 6, 0, 1, 0, 2, 0, 0, 0, 0, 0, 1, 0, 0, 2, 0, 0, 0, 0, 0, 0, 0, 0, 0, 0, 0, 1, 1, 2, 2, 0, 0, 2, 0, 0, 1, 1, 0, 2, 2, 0, 1, 0, 0, 0, 0, 0, 0, 0, 2, 0, 0, 0, 0, 0, 0, 0, 2, 2, 2, 3, 2, 0, 1, 1, 4, 2, 5, 1, 6, 2, 4, 2, 3, 413, 0, 0, 0, 0, 0, 0]",-1,-0.0008041439411294217,-1,0
2066,"[0, 6, 0, 5, 3, 4, 0, 6, 0, 1, 0, 2, 0, 0, 0, 0, 0, 1, 0, 0, 2, 0, 0, 0, 0, 0, 0, 0, 0, 0, 0, 0, 1, 1, 2, 2, 0, 0, 2, 0, 0, 1, 1, 0, 2, 2, 0, 1, 0, 0, 0, 0, 0, 0, 0, 2, 0, 0, 0, 0, 0, 0, 0, 2, 2, 2, 3, 2, 0, 1, 1, 4, 2, 5, 1, 6, 2, 4, 2, 3, 414, 0, 0, 0, 0, 0, 0]",4,12.427756028615498,-1,0
2067,"[0, 6, 0, 5, 4, 4, 0, 6, 0, 1, 0, 2, 0, 0, 0, 0, 0, 1, 0, 0, 2, 0, 0, 0, 0, 0, 0, 0, 0, 0, 0, 0, 1, 1, 2, 2, 0, 0, 2, 0, 0, 1, 1, 0, 2, 2, 0, 1, 0, 0, 0, 0, 0, 0, 0, 2, 0, 0, 0, 0, 0, 0, 0, 2, 2, 2, 3, 2, 0, 1, 1, 4, 2, 5, 1, 6, 2, 4, 2, 3, 415, 0, 0, 0, 0, 0, 0]",4,14.087035571003229,-1,1
2068,"[0, 6, 0, 5, 4, 4, 0, 6, 0, 1, 0, 2, 0, 0, 0, 0, 0, 1, 0, 0, 2, 0, 0, 0, 0, 0, 0, 0, 0, 0, 0, 0, 1, 1, 2, 2, 0, 0, 2, 0, 0, 1, 1, 0, 2, 2, 0, 1, 0, 0, 0, 0, 0, 0, 0, 2, 0, 0, 0, 0, 0, 0, 0, 2, 2, 2, 3, 2, 0, 1, 1, 4, 2, 5, 1, 6, 2, 4, 2, 3, 415, 1, 0, 0, 0, 0, 0]",3,0.2000368143809927,-1,0
2069,"[0, 6, 0, 5, 4, 4, 0, 6, 0, 1, 0, 2, 0, 0, 0, 0, 0, 1, 0, 0, 2, 0, 0, 0, 0, 0, 0, 0, 0, 0, 0, 0, 1, 1, 2, 2, 0, 0, 2, 0, 0, 1, 1, 0, 2, 2, 0, 1, 0, 0, 0, 0, 0, 0, 0, 2, 0, 0, 0, 0, 0, 0, 0, 2, 2, 2, 3, 2, 0, 1, 1, 4, 2, 5, 1, 6, 2, 4, 2, 3, 415, 0, 0, 0, 0, 0, 0]",-1,-0.0007882208242427244,-1,0
2070,"[0, 6, 0, 5, 4, 4, 0, 6, 0, 1, 0, 2, 0, 0, 0, 0, 0, 1, 0, 0, 2, 0, 0, 0, 0, 0, 0, 0, 0, 0, 0, 0, 1, 1, 2, 2, 0, 0, 2, 0, 0, 1, 1, 0, 2, 2, 0, 1, 0, 0, 0, 0, 0, 0, 0, 2, 0, 0, 0, 0, 0, 0, 0, 2, 2, 2, 3, 2, 0, 1, 1, 4, 2, 5, 1, 6, 2, 4, 2, 3, 415, 1, 0, 0, 0, 0, 0]",3,0.2000368143809927,-1,0
2071,"[0, 6, 0, 5, 4, 4, 0, 6, 0, 1, 0, 2, 0, 0, 0, 0, 0, 1, 0, 0, 2, 0, 0, 0, 0, 0, 0, 0, 0, 0, 0, 0, 1, 1, 2, 2, 0, 0, 2, 0, 0, 1, 1, 0, 2, 2, 0, 1, 0, 0, 0, 0, 0, 0, 0, 2, 0, 0, 0, 0, 0, 0, 0, 2, 2, 2, 3, 2, 0, 1, 1, 4, 2, 5, 1, 6, 2, 4, 2, 3, 415, 0, 0, 0, 0, 0, 0]",-1,-0.0007882208242427244,-1,0
2072,"[0, 6, 0, 5, 4, 4, 0, 6, 0, 1, 0, 2, 0, 0, 0, 0, 0, 1, 0, 0, 2, 0, 0, 0, 0, 0, 0, 0, 0, 0, 0, 0, 1, 1, 2, 2, 0, 0, 2, 0, 0, 1, 1, 0, 2, 2, 0, 1, 0, 0, 0, 0, 0, 0, 0, 2, 0, 0, 0, 0, 0, 0, 0, 2, 2, 2, 3, 2, 0, 1, 1, 4, 2, 5, 1, 6, 2, 4, 2, 3, 415, 0, 1, 0, 0, 0, 0]",2,0.40003681438099264,-1,0
2073,"[0, 6, 0, 5, 4, 4, 0, 6, 0, 1, 0, 2, 0, 0, 0, 0, 0, 1, 0, 0, 2, 0, 0, 0, 0, 0, 0, 0, 0, 0, 0, 0, 1, 1, 2, 2, 0, 0, 2, 0, 0, 1, 1, 0, 2, 2, 0, 1, 0, 0, 0, 0, 0, 0, 0, 2, 0, 0, 0, 0, 0, 0, 0, 2, 2, 2, 3, 2, 0, 1, 1, 4, 2, 5, 1, 6, 2, 4, 2, 3, 415, 0, 1, 0, 0, 1, 0]","[[0 0 0 1]
 [1 0 0 0]]",0.6504616794390836,-1,0
2074,"[0, 6, 0, 5, 4, 4, 0, 6, 0, 1, 0, 2, 0, 0, 0, 0, 0, 1, 0, 0, 2, 0, 0, 0, 0, 0, 0, 0, 0, 0, 0, 0, 1, 1, 2, 2, 0, 0, 2, 0, 0, 1, 1, 0, 2, 2, 0, 1, 0, 0, 0, 0, 0, 0, 0, 2, 0, 0, 0, 0, 0, 0, 0, 2, 2, 2, 3, 2, 0, 1, 1, 4, 2, 5, 1, 6, 2, 4, 2, 3, 415, 0, 1, 0, 0, 0, 1]",2,-0.19996318561900733,-1,1
2075,"[0, 6, 0, 5, 4, 4, 0, 6, 0, 1, 0, 2, 0, 0, 0, 0, 0, 1, 0, 0, 2, 0, 0, 0, 0, 0, 0, 0, 0, 0, 0, 0, 1, 1, 2, 2, 0, 0, 2, 0, 0, 1, 1, 0, 2, 2, 0, 1, 0, 0, 0, 0, 0, 0, 0, 2, 0, 0, 0, 0, 0, 0, 0, 2, 2, 2, 3, 2, 0, 1, 1, 4, 2, 5, 1, 6, 2, 4, 2, 3, 415, 0, 0, 1, 0, 0, 0]","[[1 0 0 0]
 [0 0 0 1]]",-0.19996318561900733,-1,1
2076,"[1, 6, 0, 4, 3, 4, 0, 7, 0, 1, 0, 2, 0, 0, 0, 0, 0, 1, 0, 0, 2, 0, 0, 0, 0, 0, 0, 0, 0, 0, 0, 0, 1, 1, 2, 2, 0, 0, 2, 0, 0, 1, 1, 0, 2, 2, 0, 1, 0, 0, 0, 0, 0, 0, 0, 2, 0, 0, 0, 0, 0, 0, 0, 2, 2, 2, 3, 2, 0, 1, 1, 4, 2, 5, 1, 6, 2, 4, 2, 3, 415, 0, 0, 0, 0, 0, 0]",0,-0.19996318561900733,-1,0
2077,"[1, 6, 0, 4, 3, 4, 0, 7, 0, 1, 0, 2, 0, 0, 0, 0, 0, 1, 0, 0, 2, 0, 0, 0, 0, 0, 0, 0, 0, 0, 0, 0, 1, 1, 2, 2, 0, 0, 2, 0, 0, 1, 1, 0, 2, 2, 0, 1, 0, 0, 0, 0, 0, 0, 0, 2, 0, 0, 0, 0, 0, 0, 0, 2, 2, 2, 3, 2, 0, 1, 1, 4, 2, 5, 1, 6, 2, 4, 2, 3, 415, 0, 0, 0, 0, 0, 0]",0,0.29501156121157596,-1,0
2078,"[1, 6, 0, 4, 3, 4, 0, 7, 0, 1, 0, 2, 0, 0, 0, 0, 0, 1, 0, 0, 2, 0, 0, 0, 0, 0, 0, 0, 0, 0, 0, 0, 1, 1, 2, 2, 0, 0, 2, 0, 0, 1, 1, 0, 2, 2, 0, 1, 0, 0, 0, 0, 0, 0, 0, 2, 0, 0, 0, 0, 0, 0, 0, 2, 2, 2, 3, 2, 0, 1, 1, 4, 2, 5, 1, 6, 2, 4, 2, 3, 415, 0, 0, 0, 0, 0, 0]",-1,-0.0007882208242427244,-1,0
2079,"[1, 6, 0, 4, 3, 4, 0, 7, 0, 1, 0, 2, 0, 0, 0, 0, 0, 1, 0, 0, 2, 0, 0, 0, 0, 0, 0, 0, 0, 0, 0, 0, 1, 1, 2, 2, 0, 0, 2, 0, 0, 1, 1, 0, 2, 2, 0, 1, 0, 0, 0, 0, 0, 0, 0, 2, 0, 0, 0, 0, 0, 0, 0, 2, 2, 2, 3, 2, 0, 1, 1, 4, 2, 5, 1, 6, 2, 4, 2, 3, 415, 0, 0, 0, 0, 0, 0]",0,0.29501156121157596,-1,0
2080,"[1, 6, 0, 4, 3, 4, 0, 7, 0, 1, 0, 2, 0, 0, 0, 0, 0, 1, 0, 0, 2, 0, 0, 0, 0, 0, 0, 0, 0, 0, 0, 0, 1, 1, 2, 2, 0, 0, 2, 0, 0, 1, 1, 0, 2, 2, 0, 1, 0, 0, 0, 0, 0, 0, 0, 2, 0, 0, 0, 0, 0, 0, 0, 2, 2, 2, 3, 2, 0, 1, 1, 4, 2, 5, 1, 6, 2, 4, 2, 3, 415, 0, 0, 0, 0, 0, 0]",-1,-0.0007882208242427244,-1,0
2081,"[1, 6, 0, 4, 3, 4, 0, 7, 0, 1, 0, 2, 0, 0, 0, 0, 0, 1, 0, 0, 2, 0, 0, 0, 0, 0, 0, 0, 0, 0, 0, 0, 1, 1, 2, 2, 0, 0, 2, 0, 0, 1, 1, 0, 2, 2, 0, 1, 0, 0, 0, 0, 0, 0, 0, 2, 0, 0, 0, 0, 0, 0, 0, 2, 2, 2, 3, 2, 0, 1, 1, 4, 2, 5, 1, 6, 2, 4, 2, 3, 415, 0, 0, 0, 0, 0, 0]",0,0.29501156121157596,-1,0
2082,"[1, 6, 0, 4, 3, 4, 0, 7, 0, 1, 0, 2, 0, 0, 0, 0, 0, 1, 0, 0, 2, 0, 0, 0, 0, 0, 0, 0, 0, 0, 0, 0, 1, 1, 2, 2, 0, 0, 2, 0, 0, 1, 1, 0, 2, 2, 0, 1, 0, 0, 0, 0, 0, 0, 0, 2, 0, 0, 0, 0, 0, 0, 0, 2, 2, 2, 3, 2, 0, 1, 1, 4, 2, 5, 1, 6, 2, 4, 2, 3, 415, 0, 0, 0, 0, 0, 0]",-1,-0.0007882208242427244,-1,0
2083,"[1, 6, 0, 4, 3, 4, 0, 7, 0, 1, 0, 2, 0, 0, 0, 0, 0, 1, 0, 0, 2, 0, 0, 0, 0, 0, 0, 0, 0, 0, 0, 0, 1, 1, 2, 2, 0, 0, 2, 0, 0, 1, 1, 0, 2, 2, 0, 1, 0, 0, 0, 0, 0, 0, 0, 2, 0, 0, 0, 0, 0, 0, 0, 2, 2, 2, 3, 2, 0, 1, 1, 4, 2, 5, 1, 6, 2, 4, 2, 3, 415, 0, 0, 0, 0, 0, 0]",0,0.29501156121157596,-1,0
2084,"[1, 6, 0, 4, 3, 4, 0, 7, 0, 1, 0, 2, 0, 0, 0, 0, 0, 1, 0, 0, 2, 0, 0, 0, 0, 0, 0, 0, 0, 0, 0, 0, 1, 1, 2, 2, 0, 0, 2, 0, 0, 1, 1, 0, 2, 2, 0, 1, 0, 0, 0, 0, 0, 0, 0, 2, 0, 0, 0, 0, 0, 0, 0, 2, 2, 2, 3, 2, 0, 1, 1, 4, 2, 5, 1, 6, 2, 4, 2, 3, 415, 0, 0, 0, 0, 0, 0]",-1,-0.0007882208242427244,-1,0
2085,"[1, 6, 0, 4, 3, 4, 0, 7, 0, 1, 0, 2, 0, 0, 0, 0, 0, 1, 0, 0, 2, 0, 0, 0, 0, 0, 0, 0, 0, 0, 0, 0, 1, 1, 2, 2, 0, 0, 2, 0, 0, 1, 1, 0, 2, 2, 0, 1, 0, 0, 0, 0, 0, 0, 0, 2, 0, 0, 0, 0, 0, 0, 0, 2, 2, 2, 3, 2, 0, 1, 1, 4, 2, 5, 1, 6, 2, 4, 2, 3, 415, 0, 0, 0, 0, 0, 0]",0,0.29501156121157596,-1,0
2086,"[1, 6, 0, 4, 3, 4, 0, 7, 0, 1, 0, 2, 0, 0, 0, 0, 0, 1, 0, 0, 2, 0, 0, 0, 0, 0, 0, 0, 0, 0, 0, 0, 1, 1, 2, 2, 0, 0, 2, 0, 0, 1, 1, 0, 2, 2, 0, 1, 0, 0, 0, 0, 0, 0, 0, 2, 0, 0, 0, 0, 0, 0, 0, 2, 2, 2, 3, 2, 0, 1, 1, 4, 2, 5, 1, 6, 2, 4, 2, 3, 415, 0, 0, 0, 0, 0, 0]",-1,-0.0007882208242427244,-1,0
2087,"[1, 6, 0, 4, 3, 4, 0, 7, 0, 1, 0, 2, 0, 0, 0, 0, 0, 1, 0, 0, 2, 0, 0, 0, 0, 0, 0, 0, 0, 0, 0, 0, 1, 1, 2, 2, 0, 0, 2, 0, 0, 1, 1, 0, 2, 2, 0, 1, 0, 0, 0, 0, 0, 0, 0, 2, 0, 0, 0, 0, 0, 0, 0, 2, 2, 2, 3, 2, 0, 1, 1, 4, 2, 5, 1, 6, 2, 4, 2, 3, 415, 0, 0, 0, 0, 0, 0]",0,0.29501156121157596,-1,0
2088,"[1, 6, 0, 4, 3, 4, 0, 7, 0, 1, 0, 2, 0, 0, 0, 0, 0, 1, 0, 0, 2, 0, 0, 0, 0, 0, 0, 0, 0, 0, 0, 0, 1, 1, 2, 2, 0, 0, 2, 0, 0, 1, 1, 0, 2, 2, 0, 1, 0, 0, 0, 0, 0, 0, 0, 2, 0, 0, 0, 0, 0, 0, 0, 2, 2, 2, 3, 2, 0, 1, 1, 4, 2, 5, 1, 6, 2, 4, 2, 3, 415, 0, 0, 0, 0, 0, 0]",-1,-0.0007882208242427244,-1,0
2089,"[1, 6, 0, 4, 3, 4, 0, 7, 0, 1, 0, 2, 0, 0, 0, 0, 0, 1, 0, 0, 2, 0, 0, 0, 0, 0, 0, 0, 0, 0, 0, 0, 1, 1, 2, 2, 0, 0, 2, 0, 0, 1, 1, 0, 2, 2, 0, 1, 0, 0, 0, 0, 0, 0, 0, 2, 0, 0, 0, 0, 0, 0, 0, 2, 2, 2, 3, 2, 0, 1, 1, 4, 2, 5, 1, 6, 2, 4, 2, 3, 415, 0, 0, 0, 0, 0, 0]",0,0.29501156121157596,-1,0
2090,"[1, 6, 0, 4, 3, 4, 0, 7, 0, 1, 0, 2, 0, 0, 0, 0, 0, 1, 0, 0, 2, 0, 0, 0, 0, 0, 0, 0, 0, 0, 0, 0, 1, 1, 2, 2, 0, 0, 2, 0, 0, 1, 1, 0, 2, 2, 0, 1, 0, 0, 0, 0, 0, 0, 0, 2, 0, 0, 0, 0, 0, 0, 0, 2, 2, 2, 3, 2, 0, 1, 1, 4, 2, 5, 1, 6, 2, 4, 2, 3, 415, 0, 0, 0, 0, 0, 0]",-1,-0.0007882208242427244,-1,0
2091,"[1, 6, 0, 4, 3, 4, 0, 7, 0, 1, 0, 2, 0, 0, 0, 0, 0, 1, 0, 0, 2, 0, 0, 0, 0, 0, 0, 0, 0, 0, 0, 0, 1, 1, 2, 2, 0, 0, 2, 0, 0, 1, 1, 0, 2, 2, 0, 1, 0, 0, 0, 0, 0, 0, 0, 2, 0, 0, 0, 0, 0, 0, 0, 2, 2, 2, 3, 2, 0, 1, 1, 4, 2, 5, 1, 6, 2, 4, 2, 3, 415, 0, 0, 0, 0, 0, 0]",0,0.29501156121157596,-1,0
2092,"[1, 6, 0, 4, 3, 4, 0, 7, 0, 1, 0, 2, 0, 0, 0, 0, 0, 1, 0, 0, 2, 0, 0, 0, 0, 0, 0, 0, 0, 0, 0, 0, 1, 1, 2, 2, 0, 0, 2, 0, 0, 1, 1, 0, 2, 2, 0, 1, 0, 0, 0, 0, 0, 0, 0, 2, 0, 0, 0, 0, 0, 0, 0, 2, 2, 2, 3, 2, 0, 1, 1, 4, 2, 5, 1, 6, 2, 4, 2, 3, 415, 0, 0, 0, 0, 0, 0]",-1,-0.0007882208242427244,-1,0
2093,"[1, 6, 0, 4, 3, 4, 0, 7, 0, 1, 0, 2, 0, 0, 0, 0, 0, 1, 0, 0, 2, 0, 0, 0, 0, 0, 0, 0, 0, 0, 0, 0, 1, 1, 2, 2, 0, 0, 2, 0, 0, 1, 1, 0, 2, 2, 0, 1, 0, 0, 0, 0, 0, 0, 0, 2, 0, 0, 0, 0, 0, 0, 0, 2, 2, 2, 3, 2, 0, 1, 1, 4, 2, 5, 1, 6, 2, 4, 2, 3, 415, 1, 0, 0, 0, 0, 0]",3,0.2000368143809927,-1,0
2094,"[1, 6, 0, 4, 3, 4, 0, 7, 0, 1, 0, 2, 0, 0, 0, 0, 0, 1, 0, 0, 2, 0, 0, 0, 0, 0, 0, 0, 0, 0, 0, 0, 1, 1, 2, 2, 0, 0, 2, 0, 0, 1, 1, 0, 2, 2, 0, 1, 0, 0, 0, 0, 0, 0, 0, 2, 0, 0, 0, 0, 0, 0, 0, 2, 2, 2, 3, 2, 0, 1, 1, 4, 2, 5, 1, 6, 2, 4, 2, 3, 415, 0, 0, 0, 0, 0, 0]",-1,-0.0007882208242427244,-1,0
2095,"[1, 6, 0, 4, 3, 4, 0, 7, 0, 1, 0, 2, 0, 0, 0, 0, 0, 1, 0, 0, 2, 0, 0, 0, 0, 0, 0, 0, 0, 0, 0, 0, 1, 1, 2, 2, 0, 0, 2, 0, 0, 1, 1, 0, 2, 2, 0, 1, 0, 0, 0, 0, 0, 0, 0, 2, 0, 0, 0, 0, 0, 0, 0, 2, 2, 2, 3, 2, 0, 1, 1, 4, 2, 5, 1, 6, 2, 4, 2, 3, 415, 0, 1, 0, 0, 0, 0]",2,0.40003681438099264,-1,0
2096,"[1, 6, 0, 4, 3, 4, 0, 7, 0, 1, 0, 2, 0, 0, 0, 0, 0, 1, 0, 0, 2, 0, 0, 0, 0, 0, 0, 0, 0, 0, 0, 0, 1, 1, 2, 2, 0, 0, 2, 0, 0, 1, 1, 0, 2, 2, 0, 1, 0, 0, 0, 0, 0, 0, 0, 2, 0, 0, 0, 0, 0, 0, 0, 2, 2, 2, 3, 2, 0, 1, 1, 4, 2, 5, 1, 6, 2, 4, 2, 3, 415, 0, 0, 0, 0, 0, 0]",-1,-0.0007882208242427244,-1,0
2097,"[1, 6, 0, 4, 3, 4, 0, 7, 0, 1, 0, 2, 0, 0, 0, 0, 0, 1, 0, 0, 2, 0, 0, 0, 0, 0, 0, 0, 0, 0, 0, 0, 1, 1, 2, 2, 0, 0, 2, 0, 0, 1, 1, 0, 2, 2, 0, 1, 0, 0, 0, 0, 0, 0, 0, 2, 0, 0, 0, 0, 0, 0, 0, 2, 2, 2, 3, 2, 0, 1, 1, 4, 2, 5, 1, 6, 2, 4, 2, 3, 415, 0, 1, 0, 0, 0, 0]",2,0.40003681438099264,-1,0
2098,"[1, 6, 0, 4, 3, 4, 0, 7, 0, 1, 0, 2, 0, 0, 0, 0, 0, 1, 0, 0, 2, 0, 0, 0, 0, 0, 0, 0, 0, 0, 0, 0, 1, 1, 2, 2, 0, 0, 2, 0, 0, 1, 1, 0, 2, 2, 0, 1, 0, 0, 0, 0, 0, 0, 0, 2, 0, 0, 0, 0, 0, 0, 0, 2, 2, 2, 3, 2, 0, 1, 1, 4, 2, 5, 1, 6, 2, 4, 2, 3, 415, 0, 0, 0, 0, 0, 0]",-1,-0.0007882208242427244,-1,0
2099,"[1, 6, 0, 4, 3, 4, 0, 7, 0, 1, 0, 2, 0, 0, 0, 0, 0, 1, 0, 0, 2, 0, 0, 0, 0, 0, 0, 0, 0, 0, 0, 0, 1, 1, 2, 2, 0, 0, 2, 0, 0, 1, 1, 0, 2, 2, 0, 1, 0, 0, 0, 0, 0, 0, 0, 2, 0, 0, 0, 0, 0, 0, 0, 2, 2, 2, 3, 2, 0, 1, 1, 4, 2, 5, 1, 6, 2, 4, 2, 3, 415, 0, 1, 0, 0, 0, 0]",2,0.40003681438099264,-1,0
2100,"[1, 6, 0, 4, 3, 4, 0, 7, 0, 1, 0, 2, 0, 0, 0, 0, 0, 1, 0, 0, 2, 0, 0, 0, 0, 0, 0, 0, 0, 0, 0, 0, 1, 1, 2, 2, 0, 0, 2, 0, 0, 1, 1, 0, 2, 2, 0, 1, 0, 0, 0, 0, 0, 0, 0, 2, 0, 0, 0, 0, 0, 0, 0, 2, 2, 2, 3, 2, 0, 1, 1, 4, 2, 5, 1, 6, 2, 4, 2, 3, 415, 0, 0, 0, 0, 0, 0]",-1,-0.0007882208242427244,-1,0
2101,"[1, 6, 0, 4, 3, 4, 0, 7, 0, 1, 0, 2, 0, 0, 0, 0, 0, 1, 0, 0, 2, 0, 0, 0, 0, 0, 0, 0, 0, 0, 0, 0, 1, 1, 2, 2, 0, 0, 2, 0, 0, 1, 1, 0, 2, 2, 0, 1, 0, 0, 0, 0, 0, 0, 0, 2, 0, 0, 0, 0, 0, 0, 0, 2, 2, 2, 3, 2, 0, 1, 1, 4, 2, 5, 1, 6, 2, 4, 2, 3, 415, 1, 0, 0, 0, 0, 0]",3,0.2000368143809927,-1,0
2102,"[1, 6, 0, 4, 3, 4, 0, 7, 0, 1, 0, 2, 0, 0, 0, 0, 0, 1, 0, 0, 2, 0, 0, 0, 0, 0, 0, 0, 0, 0, 0, 0, 1, 1, 2, 2, 0, 0, 2, 0, 0, 1, 1, 0, 2, 2, 0, 1, 0, 0, 0, 0, 0, 0, 0, 2, 0, 0, 0, 0, 0, 0, 0, 2, 2, 2, 3, 2, 0, 1, 1, 4, 2, 5, 1, 6, 2, 4, 2, 3, 415, 0, 0, 0, 0, 0, 0]",-1,-0.0007882208242427244,-1,0
2103,"[1, 6, 0, 4, 3, 4, 0, 7, 0, 1, 0, 2, 0, 0, 0, 0, 0, 1, 0, 0, 2, 0, 0, 0, 0, 0, 0, 0, 0, 0, 0, 0, 1, 1, 2, 2, 0, 0, 2, 0, 0, 1, 1, 0, 2, 2, 0, 1, 0, 0, 0, 0, 0, 0, 0, 2, 0, 0, 0, 0, 0, 0, 0, 2, 2, 2, 3, 2, 0, 1, 1, 4, 2, 5, 1, 6, 2, 4, 2, 3, 415, 1, 0, 0, 0, 0, 0]",3,0.2000368143809927,-1,0
2104,"[1, 6, 0, 4, 3, 4, 0, 7, 0, 1, 0, 2, 0, 0, 0, 0, 0, 1, 0, 0, 2, 0, 0, 0, 0, 0, 0, 0, 0, 0, 0, 0, 1, 1, 2, 2, 0, 0, 2, 0, 0, 1, 1, 0, 2, 2, 0, 1, 0, 0, 0, 0, 0, 0, 0, 2, 0, 0, 0, 0, 0, 0, 0, 2, 2, 2, 3, 2, 0, 1, 1, 4, 2, 5, 1, 6, 2, 4, 2, 3, 415, 0, 0, 0, 0, 0, 0]",-1,-0.0007882208242427244,-1,0
2105,"[1, 6, 0, 4, 3, 4, 0, 7, 0, 1, 0, 2, 0, 0, 0, 0, 0, 1, 0, 0, 2, 0, 0, 0, 0, 0, 0, 0, 0, 0, 0, 0, 1, 1, 2, 2, 0, 0, 2, 0, 0, 1, 1, 0, 2, 2, 0, 1, 0, 0, 0, 0, 0, 0, 0, 2, 0, 0, 0, 0, 0, 0, 0, 2, 2, 2, 3, 2, 0, 1, 1, 4, 2, 5, 1, 6, 2, 4, 2, 3, 415, 0, 0, 0, 0, 0, 0]",1,0.6096609294806095,-1,0
2106,"[1, 6, 0, 4, 3, 4, 0, 7, 0, 1, 0, 2, 0, 0, 0, 0, 0, 1, 0, 0, 2, 0, 0, 0, 0, 0, 0, 0, 0, 0, 0, 0, 1, 1, 2, 2, 0, 0, 2, 0, 0, 1, 1, 0, 2, 2, 0, 1, 0, 0, 0, 0, 0, 0, 0, 2, 0, 0, 0, 0, 0, 0, 0, 2, 2, 2, 3, 2, 0, 1, 1, 4, 2, 5, 1, 6, 2, 4, 2, 3, 415, 0, 0, 0, 0, 0, 0]",-1,-0.0007882208242427244,-1,0
2107,"[1, 7, 0, 4, 3, 5, 0, 7, 0, 1, 0, 2, 0, 0, 0, 0, 0, 1, 0, 0, 2, 0, 0, 0, 0, 0, 0, 0, 0, 0, 0, 0, 1, 1, 2, 2, 0, 0, 2, 0, 0, 1, 1, 0, 2, 2, 0, 1, 0, 0, 0, 0, 0, 0, 0, 2, 0, 0, 0, 0, 0, 0, 0, 2, 2, 2, 3, 2, 0, 1, 1, 4, 2, 5, 1, 6, 2, 4, 2, 3, 416, 0, 0, 0, 0, 0, 0]",4,12.486210235975008,-1,0
2108,"[1, 7, 0, 4, 3, 5, 0, 7, 0, 1, 0, 2, 0, 0, 0, 0, 0, 1, 0, 0, 2, 0, 0, 0, 0, 0, 0, 0, 0, 0, 0, 0, 1, 1, 2, 2, 0, 0, 2, 0, 0, 1, 1, 0, 2, 2, 0, 1, 0, 0, 0, 0, 0, 0, 0, 2, 0, 0, 0, 0, 0, 0, 0, 2, 2, 2, 3, 2, 0, 1, 1, 4, 2, 5, 1, 6, 2, 4, 2, 3, 416, 0, 1, 0, 0, 0, 0]",2,0.40003537112376,-1,1
2109,"[1, 7, 0, 4, 3, 5, 0, 7, 0, 1, 0, 2, 0, 0, 0, 0, 0, 1, 0, 0, 2, 0, 0, 0, 0, 0, 0, 0, 0, 0, 0, 0, 1, 1, 2, 2, 0, 0, 2, 0, 0, 1, 1, 0, 2, 2, 0, 1, 0, 0, 0, 0, 0, 0, 0, 2, 0, 0, 0, 0, 0, 0, 0, 2, 2, 2, 3, 2, 0, 1, 1, 4, 2, 5, 1, 6, 2, 4, 2, 3, 416, 0, 1, 0, 0, 1, 0]","[[1 0 0 0]
 [0 0 0 1]]",0.6504602361818509,-1,1
2110,"[1, 7, 0, 4, 3, 5, 0, 7, 0, 1, 0, 2, 0, 0, 0, 0, 0, 1, 0, 0, 2, 0, 0, 0, 0, 0, 0, 0, 0, 0, 0, 0, 1, 1, 2, 2, 0, 0, 2, 0, 0, 1, 1, 0, 2, 2, 0, 1, 0, 0, 0, 0, 0, 0, 0, 2, 0, 0, 0, 0, 0, 0, 0, 2, 2, 2, 3, 2, 0, 1, 1, 4, 2, 5, 1, 6, 2, 4, 2, 3, 416, 0, 0, 0, 0, 0, 0]",1,-0.19996462887624003,-1,0
2111,"[1, 7, 0, 4, 3, 5, 0, 7, 0, 1, 0, 2, 0, 0, 0, 0, 0, 1, 0, 0, 2, 0, 0, 0, 0, 0, 0, 0, 0, 0, 0, 0, 1, 1, 2, 2, 0, 0, 2, 0, 0, 1, 1, 0, 2, 2, 0, 1, 0, 0, 0, 0, 0, 0, 0, 2, 0, 0, 0, 0, 0, 0, 0, 2, 2, 2, 3, 2, 0, 1, 1, 4, 2, 5, 1, 6, 2, 4, 2, 3, 417, 0, 0, 0, 0, 0, 0]",4,14.020437597429662,-1,1
2112,"[1, 7, 0, 4, 3, 5, 0, 7, 0, 1, 0, 2, 0, 0, 0, 0, 0, 1, 0, 0, 2, 0, 0, 0, 0, 0, 0, 0, 0, 0, 0, 0, 1, 1, 2, 2, 0, 0, 2, 0, 0, 1, 1, 0, 2, 2, 0, 1, 0, 0, 0, 0, 0, 0, 0, 2, 0, 0, 0, 0, 0, 0, 0, 2, 2, 2, 3, 2, 0, 1, 1, 4, 2, 5, 1, 6, 2, 4, 2, 3, 417, 0, 0, 0, 0, 0, 0]",1,0.609658099537445,-1,0
2113,"[1, 7, 0, 4, 3, 5, 0, 7, 0, 1, 0, 2, 0, 0, 0, 0, 0, 1, 0, 0, 2, 0, 0, 0, 0, 0, 0, 0, 0, 0, 0, 0, 1, 1, 2, 2, 0, 0, 2, 0, 0, 1, 1, 0, 2, 2, 0, 1, 0, 0, 0, 0, 0, 0, 0, 2, 0, 0, 0, 0, 0, 0, 0, 2, 2, 2, 3, 2, 0, 1, 1, 4, 2, 5, 1, 6, 2, 4, 2, 3, 417, 0, 0, 0, 0, 0, 0]",-1,-0.0007726130061954758,-1,0
2114,"[1, 3, 0, 2, 1, 2, 0, 3, 0, 1, 0, 2, 0, 0, 0, 0, 0, 1, 0, 0, 2, 0, 0, 0, 0, 0, 0, 0, 0, 0, 0, 0, 1, 1, 2, 2, 0, 0, 2, 0, 0, 1, 1, 0, 2, 2, 0, 1, 0, 0, 0, 0, 0, 0, 0, 2, 0, 0, 0, 0, 0, 0, 0, 2, 2, 2, 3, 2, 0, 1, 1, 4, 2, 5, 1, 6, 2, 4, 2, 5, 418, 0, 0, 0, 0, 0, 0]",4,14.143832346733419,-1,1
2115,"[1, 3, 0, 2, 1, 2, 0, 3, 0, 1, 0, 2, 0, 0, 0, 0, 0, 1, 0, 0, 2, 0, 0, 0, 0, 0, 0, 0, 0, 0, 0, 0, 1, 1, 2, 2, 0, 0, 2, 0, 0, 1, 1, 0, 2, 2, 0, 1, 0, 0, 0, 0, 0, 0, 0, 2, 0, 0, 0, 0, 0, 0, 0, 2, 2, 2, 3, 2, 0, 1, 1, 4, 2, 5, 1, 6, 2, 4, 2, 5, 418, 0, 1, 0, 0, 0, 0]",2,0.4000326521065136,-1,0
2116,"[1, 3, 0, 2, 1, 2, 0, 3, 0, 1, 0, 2, 0, 0, 0, 0, 0, 1, 0, 0, 2, 0, 0, 0, 0, 0, 0, 0, 0, 0, 0, 0, 1, 1, 2, 2, 0, 0, 2, 0, 0, 1, 1, 0, 2, 2, 0, 1, 0, 0, 0, 0, 0, 0, 0, 2, 0, 0, 0, 0, 0, 0, 0, 2, 2, 2, 3, 2, 0, 1, 1, 4, 2, 5, 1, 6, 2, 4, 2, 5, 418, 0, 0, 0, 0, 0, 0]",-1,-0.000764925378336276,-1,0
2117,"[1, 3, 0, 2, 1, 2, 0, 3, 0, 1, 0, 2, 0, 0, 0, 0, 0, 1, 0, 0, 2, 0, 0, 0, 0, 0, 0, 0, 0, 0, 0, 0, 1, 1, 2, 2, 0, 0, 2, 0, 0, 1, 1, 0, 2, 2, 0, 1, 0, 0, 0, 0, 0, 0, 0, 2, 0, 0, 0, 0, 0, 0, 0, 2, 2, 2, 3, 2, 0, 1, 1, 4, 2, 5, 1, 6, 2, 4, 2, 5, 418, 0, 1, 0, 0, 0, 0]",2,0.4000326521065136,-1,0
2118,"[1, 3, 0, 2, 1, 2, 0, 3, 0, 1, 0, 2, 0, 0, 0, 0, 0, 1, 0, 0, 2, 0, 0, 0, 0, 0, 0, 0, 0, 0, 0, 0, 1, 1, 2, 2, 0, 0, 2, 0, 0, 1, 1, 0, 2, 2, 0, 1, 0, 0, 0, 0, 0, 0, 0, 2, 0, 0, 0, 0, 0, 0, 0, 2, 2, 2, 3, 2, 0, 1, 1, 4, 2, 5, 1, 6, 2, 4, 2, 5, 418, 0, 0, 0, 0, 0, 0]",-1,-0.000764925378336276,-1,0
2119,"[1, 3, 0, 2, 1, 2, 0, 3, 0, 1, 0, 2, 0, 0, 0, 0, 0, 1, 0, 0, 2, 0, 0, 0, 0, 0, 0, 0, 0, 0, 0, 0, 1, 1, 2, 2, 0, 0, 2, 0, 0, 1, 1, 0, 2, 2, 0, 1, 0, 0, 0, 0, 0, 0, 0, 2, 0, 0, 0, 0, 0, 0, 0, 2, 2, 2, 3, 2, 0, 1, 1, 4, 2, 5, 1, 6, 2, 4, 2, 5, 418, 0, 1, 0, 0, 0, 0]",2,0.4000326521065136,-1,0
2120,"[1, 3, 0, 2, 1, 2, 0, 3, 0, 1, 0, 2, 0, 0, 0, 0, 0, 1, 0, 0, 2, 0, 0, 0, 0, 0, 0, 0, 0, 0, 0, 0, 1, 1, 2, 2, 0, 0, 2, 0, 0, 1, 1, 0, 2, 2, 0, 1, 0, 0, 0, 0, 0, 0, 0, 2, 0, 0, 0, 0, 0, 0, 0, 2, 2, 2, 3, 2, 0, 1, 1, 4, 2, 5, 1, 6, 2, 4, 2, 5, 418, 0, 0, 0, 0, 0, 0]",-1,-0.000764925378336276,-1,0
2121,"[1, 3, 0, 2, 1, 2, 0, 3, 0, 1, 0, 2, 0, 0, 0, 0, 0, 1, 0, 0, 2, 0, 0, 0, 0, 0, 0, 0, 0, 0, 0, 0, 1, 1, 2, 2, 0, 0, 2, 0, 0, 1, 1, 0, 2, 2, 0, 1, 0, 0, 0, 0, 0, 0, 0, 2, 0, 0, 0, 0, 0, 0, 0, 2, 2, 2, 3, 2, 0, 1, 1, 4, 2, 5, 1, 6, 2, 4, 2, 5, 418, 0, 0, 0, 0, 0, 0]",1,0.6096567672061304,-1,0
2122,"[1, 3, 0, 2, 1, 2, 0, 3, 0, 1, 0, 2, 0, 0, 0, 0, 0, 1, 0, 0, 2, 0, 0, 0, 0, 0, 0, 0, 0, 0, 0, 0, 1, 1, 2, 2, 0, 0, 2, 0, 0, 1, 1, 0, 2, 2, 0, 1, 0, 0, 0, 0, 0, 0, 0, 2, 0, 0, 0, 0, 0, 0, 0, 2, 2, 2, 3, 2, 0, 1, 1, 4, 2, 5, 1, 6, 2, 4, 2, 5, 418, 0, 0, 0, 0, 0, 0]",-1,-0.000764925378336276,-1,0
2123,"[1, 3, 0, 2, 1, 2, 0, 3, 0, 1, 0, 2, 0, 0, 0, 0, 0, 1, 0, 0, 2, 0, 0, 0, 0, 0, 0, 0, 0, 0, 0, 0, 1, 1, 2, 2, 0, 0, 2, 0, 0, 1, 1, 0, 2, 2, 0, 1, 0, 0, 0, 0, 0, 0, 0, 2, 0, 0, 0, 0, 0, 0, 0, 2, 2, 2, 3, 2, 0, 1, 1, 4, 2, 5, 1, 6, 2, 4, 2, 5, 418, 0, 1, 0, 0, 0, 0]",2,0.4000326521065136,-1,0
2124,"[1, 3, 0, 2, 1, 2, 0, 3, 0, 1, 0, 2, 0, 0, 0, 0, 0, 1, 0, 0, 2, 0, 0, 0, 0, 0, 0, 0, 0, 0, 0, 0, 1, 1, 2, 2, 0, 0, 2, 0, 0, 1, 1, 0, 2, 2, 0, 1, 0, 0, 0, 0, 0, 0, 0, 2, 0, 0, 0, 0, 0, 0, 0, 2, 2, 2, 3, 2, 0, 1, 1, 4, 2, 5, 1, 6, 2, 4, 2, 5, 418, 0, 0, 0, 0, 0, 0]",-1,-0.000764925378336276,-1,0
2125,"[1, 3, 0, 2, 1, 2, 0, 3, 0, 1, 0, 2, 0, 0, 0, 0, 0, 1, 0, 0, 2, 0, 0, 0, 0, 0, 0, 0, 0, 0, 0, 0, 1, 1, 2, 2, 0, 0, 2, 0, 0, 1, 1, 0, 2, 2, 0, 1, 0, 0, 0, 0, 0, 0, 0, 2, 0, 0, 0, 0, 0, 0, 0, 2, 2, 2, 3, 2, 0, 1, 1, 4, 2, 5, 1, 6, 2, 4, 2, 5, 418, 0, 0, 0, 0, 0, 0]",1,0.6096567672061304,-1,0
2126,"[1, 3, 0, 2, 1, 2, 0, 3, 0, 1, 0, 2, 0, 0, 0, 0, 0, 1, 0, 0, 2, 0, 0, 0, 0, 0, 0, 0, 0, 0, 0, 0, 1, 1, 2, 2, 0, 0, 2, 0, 0, 1, 1, 0, 2, 2, 0, 1, 0, 0, 0, 0, 0, 0, 0, 2, 0, 0, 0, 0, 0, 0, 0, 2, 2, 2, 3, 2, 0, 1, 1, 4, 2, 5, 1, 6, 2, 4, 2, 5, 418, 0, 0, 0, 0, 0, 0]",-1,-0.000764925378336276,-1,0
2127,"[1, 3, 0, 2, 1, 2, 0, 3, 0, 1, 0, 2, 0, 0, 0, 0, 0, 1, 0, 0, 2, 0, 0, 0, 0, 0, 0, 0, 0, 0, 0, 0, 1, 1, 2, 2, 0, 0, 2, 0, 0, 1, 1, 0, 2, 2, 0, 1, 0, 0, 0, 0, 0, 0, 0, 2, 0, 0, 0, 0, 0, 0, 0, 2, 2, 2, 3, 2, 0, 1, 1, 4, 2, 5, 1, 6, 2, 4, 2, 5, 419, 0, 0, 0, 0, 0, 0]",4,12.743815691371118,-1,0
2128,"[1, 1, 0, 1, 1, 1, 0, 1, 0, 1, 0, 2, 0, 0, 0, 0, 0, 1, 0, 0, 2, 0, 0, 0, 0, 0, 0, 0, 0, 0, 0, 0, 1, 1, 2, 2, 0, 0, 2, 0, 0, 1, 1, 0, 2, 2, 0, 1, 0, 0, 0, 0, 0, 0, 0, 2, 0, 0, 0, 0, 0, 0, 0, 2, 2, 2, 3, 2, 0, 1, 1, 4, 2, 5, 1, 6, 2, 4, 2, 4, 420, 0, 0, 0, 0, 0, 0]",4,14.534938054569043,-1,1
2129,"[1, 1, 0, 2, 1, 1, 0, 2, 0, 1, 0, 2, 0, 0, 0, 0, 0, 1, 0, 0, 2, 0, 0, 0, 0, 0, 0, 0, 0, 0, 0, 0, 1, 1, 2, 2, 0, 0, 2, 0, 0, 1, 1, 0, 2, 2, 0, 1, 0, 0, 0, 0, 0, 0, 0, 2, 0, 0, 0, 0, 0, 0, 0, 2, 2, 2, 3, 2, 0, 1, 1, 4, 2, 5, 1, 6, 2, 4, 2, 4, 421, 0, 0, 0, 0, 0, 0]",4,12.975297081411108,-1,0
2130,"[1, 1, 0, 2, 1, 1, 0, 2, 0, 1, 0, 2, 0, 0, 0, 0, 0, 1, 0, 0, 2, 0, 0, 0, 0, 0, 0, 0, 0, 0, 0, 0, 1, 1, 2, 2, 0, 0, 2, 0, 0, 1, 1, 0, 2, 2, 0, 1, 0, 0, 0, 0, 0, 0, 0, 2, 0, 0, 0, 0, 0, 0, 0, 2, 2, 2, 3, 2, 0, 1, 1, 4, 2, 5, 1, 6, 2, 4, 2, 4, 421, 0, 1, 0, 0, 0, 0]",2,0.4000289603552183,-1,1
2131,"[1, 1, 0, 2, 1, 1, 0, 2, 0, 1, 0, 2, 0, 0, 0, 0, 0, 1, 0, 0, 2, 0, 0, 0, 0, 0, 0, 0, 0, 0, 0, 0, 1, 1, 2, 2, 0, 0, 2, 0, 0, 1, 1, 0, 2, 2, 0, 1, 0, 0, 0, 0, 0, 0, 0, 2, 0, 0, 0, 0, 0, 0, 0, 2, 2, 2, 3, 2, 0, 1, 1, 4, 2, 5, 1, 6, 2, 4, 2, 4, 421, 0, 1, 0, 0, 1, 0]","[[1 0 0 0]
 [0 0 0 1]]",0.6504538254133092,-1,1
2132,"[2, 1, 0, 1, 0, 1, 0, 3, 0, 1, 0, 2, 0, 0, 0, 0, 0, 1, 0, 0, 2, 0, 0, 0, 0, 0, 0, 0, 0, 0, 0, 0, 1, 1, 2, 2, 0, 0, 2, 0, 0, 1, 1, 0, 2, 2, 0, 1, 0, 0, 0, 0, 0, 0, 0, 2, 0, 0, 0, 0, 0, 0, 0, 2, 2, 2, 3, 2, 0, 1, 1, 4, 2, 5, 1, 6, 2, 4, 2, 4, 421, 0, 0, 0, 0, 0, 0]",0,-0.19997103964478166,-1,0
2133,"[1, 1, 0, 1, 0, 1, 0, 1, 0, 1, 0, 2, 0, 0, 0, 0, 0, 1, 0, 0, 2, 0, 0, 0, 0, 0, 0, 0, 0, 0, 0, 0, 1, 1, 2, 2, 0, 0, 2, 0, 0, 1, 1, 0, 2, 2, 0, 1, 0, 0, 0, 0, 0, 0, 0, 2, 0, 0, 0, 0, 0, 0, 0, 2, 2, 2, 3, 2, 0, 1, 1, 4, 2, 5, 1, 6, 2, 4, 2, 3, 422, 0, 0, 0, 0, 0, 0]",4,14.260975633089016,-1,1
2134,"[1, 1, 0, 1, 0, 1, 0, 1, 0, 1, 0, 2, 0, 0, 0, 0, 0, 1, 0, 0, 2, 0, 0, 0, 0, 0, 0, 0, 0, 0, 0, 0, 1, 1, 2, 2, 0, 0, 2, 0, 0, 1, 1, 0, 2, 2, 0, 1, 0, 0, 0, 0, 0, 0, 0, 2, 0, 0, 0, 0, 0, 0, 0, 2, 2, 2, 3, 2, 0, 1, 1, 4, 2, 5, 1, 6, 2, 4, 2, 3, 422, 0, 0, 0, 0, 0, 0]",1,0.6096519400610481,-1,0
2135,"[1, 1, 0, 1, 0, 1, 0, 1, 0, 1, 0, 2, 0, 0, 0, 0, 0, 1, 0, 0, 2, 0, 0, 0, 0, 0, 0, 0, 0, 0, 0, 0, 1, 1, 2, 2, 0, 0, 2, 0, 0, 1, 1, 0, 2, 2, 0, 1, 0, 0, 0, 0, 0, 0, 0, 2, 0, 0, 0, 0, 0, 0, 0, 2, 2, 2, 3, 2, 0, 1, 1, 4, 2, 5, 1, 6, 2, 4, 2, 3, 422, 0, 0, 0, 0, 0, 0]",-1,-0.0007349322252450893,-1,0
2136,"[1, 1, 0, 2, 0, 1, 0, 2, 0, 1, 0, 2, 0, 0, 0, 0, 0, 1, 0, 0, 2, 0, 0, 0, 0, 0, 0, 0, 0, 0, 0, 0, 1, 1, 2, 2, 0, 0, 2, 0, 0, 1, 1, 0, 2, 2, 0, 1, 0, 0, 0, 0, 0, 0, 0, 2, 0, 0, 0, 0, 0, 0, 0, 2, 2, 2, 3, 2, 0, 1, 1, 4, 2, 5, 1, 6, 2, 4, 2, 3, 423, 0, 0, 0, 0, 0, 0]",4,14.0571652403454,-1,1
2137,"[1, 1, 0, 2, 0, 1, 0, 2, 0, 1, 0, 2, 0, 0, 0, 0, 0, 1, 0, 0, 2, 0, 0, 0, 0, 0, 0, 0, 0, 0, 0, 0, 1, 1, 2, 2, 0, 0, 2, 0, 0, 1, 1, 0, 2, 2, 0, 1, 0, 0, 0, 0, 0, 0, 0, 2, 0, 0, 0, 0, 0, 0, 0, 2, 2, 2, 3, 2, 0, 1, 1, 4, 2, 5, 1, 6, 2, 4, 2, 3, 423, 0, 0, 0, 0, 0, 0]",1,0.6096508491745434,-1,0
2138,"[1, 1, 0, 2, 0, 1, 0, 2, 0, 1, 0, 2, 0, 0, 0, 0, 0, 1, 0, 0, 2, 0, 0, 0, 0, 0, 0, 0, 0, 0, 0, 0, 1, 1, 2, 2, 0, 0, 2, 0, 0, 1, 1, 0, 2, 2, 0, 1, 0, 0, 0, 0, 0, 0, 0, 2, 0, 0, 0, 0, 0, 0, 0, 2, 2, 2, 3, 2, 0, 1, 1, 4, 2, 5, 1, 6, 2, 4, 2, 3, 423, 0, 0, 0, 0, 0, 0]",-1,-0.0007276195274208062,-1,0
2139,"[1, 2, 0, 2, 0, 2, 0, 2, 0, 1, 0, 2, 0, 0, 0, 0, 0, 1, 0, 0, 2, 0, 0, 0, 0, 0, 0, 0, 0, 0, 0, 0, 1, 1, 2, 2, 0, 0, 2, 0, 0, 1, 1, 0, 2, 2, 0, 1, 0, 0, 0, 0, 0, 0, 0, 2, 0, 0, 0, 0, 0, 0, 0, 2, 2, 2, 3, 2, 0, 1, 1, 4, 2, 5, 1, 6, 2, 4, 2, 3, 424, 0, 0, 0, 0, 0, 0]",4,12.87392242894104,-1,0
2140,"[1, 3, 0, 2, 0, 3, 0, 2, 0, 1, 0, 2, 0, 0, 0, 0, 0, 1, 0, 0, 2, 0, 0, 0, 0, 0, 0, 0, 0, 0, 0, 0, 1, 1, 2, 2, 0, 0, 2, 0, 0, 1, 1, 0, 2, 2, 0, 1, 0, 0, 0, 0, 0, 0, 0, 2, 0, 0, 0, 0, 0, 0, 0, 2, 2, 2, 3, 2, 0, 1, 1, 4, 2, 5, 1, 6, 2, 4, 2, 3, 425, 0, 0, 0, 0, 0, 0]",4,13.932383395499171,-1,1
2141,"[1, 3, 0, 2, 0, 3, 0, 2, 0, 1, 0, 2, 0, 0, 0, 0, 0, 1, 0, 0, 2, 0, 0, 0, 0, 0, 0, 0, 0, 0, 0, 0, 1, 1, 2, 2, 0, 0, 2, 0, 0, 1, 1, 0, 2, 2, 0, 1, 0, 0, 0, 0, 0, 0, 0, 2, 0, 0, 0, 0, 0, 0, 0, 2, 2, 2, 3, 2, 0, 1, 1, 4, 2, 5, 1, 6, 2, 4, 2, 3, 425, 1, 0, 0, 0, 0, 0]",3,0.20002467891519726,-1,0
2142,"[1, 3, 0, 2, 0, 3, 0, 2, 0, 1, 0, 2, 0, 0, 0, 0, 0, 1, 0, 0, 2, 0, 0, 0, 0, 0, 0, 0, 0, 0, 0, 0, 1, 1, 2, 2, 0, 0, 2, 0, 0, 1, 1, 0, 2, 2, 0, 1, 0, 0, 0, 0, 0, 0, 0, 2, 0, 0, 0, 0, 0, 0, 0, 2, 2, 2, 3, 2, 0, 1, 1, 4, 2, 5, 1, 6, 2, 4, 2, 3, 425, 0, 0, 0, 0, 0, 0]",-1,-0.0007132116954499629,-1,0
2143,"[1, 3, 0, 2, 0, 3, 0, 2, 0, 1, 0, 2, 0, 0, 0, 0, 0, 1, 0, 0, 2, 0, 0, 0, 0, 0, 0, 0, 0, 0, 0, 0, 1, 1, 2, 2, 0, 0, 2, 0, 0, 1, 1, 0, 2, 2, 0, 1, 0, 0, 0, 0, 0, 0, 0, 2, 0, 0, 0, 0, 0, 0, 0, 2, 2, 2, 3, 2, 0, 1, 1, 4, 2, 5, 1, 6, 2, 4, 2, 3, 425, 0, 1, 0, 0, 0, 0]",2,0.4000246789151972,-1,0
2144,"[1, 3, 0, 2, 0, 3, 0, 2, 0, 1, 0, 2, 0, 0, 0, 0, 0, 1, 0, 0, 2, 0, 0, 0, 0, 0, 0, 0, 0, 0, 0, 0, 1, 1, 2, 2, 0, 0, 2, 0, 0, 1, 1, 0, 2, 2, 0, 1, 0, 0, 0, 0, 0, 0, 0, 2, 0, 0, 0, 0, 0, 0, 0, 2, 2, 2, 3, 2, 0, 1, 1, 4, 2, 5, 1, 6, 2, 4, 2, 3, 425, 0, 0, 0, 0, 0, 0]",-1,-0.0007132116954499629,-1,0
2145,"[1, 1, 0, 1, 0, 1, 0, 1, 0, 1, 0, 2, 0, 0, 0, 0, 0, 1, 0, 0, 2, 0, 0, 0, 0, 0, 0, 0, 0, 0, 0, 0, 1, 1, 2, 2, 0, 0, 2, 0, 0, 1, 1, 0, 2, 2, 0, 1, 0, 0, 0, 0, 0, 0, 0, 2, 0, 0, 0, 0, 0, 0, 0, 2, 2, 2, 3, 2, 0, 1, 1, 4, 2, 5, 1, 6, 2, 4, 2, 2, 426, 0, 0, 0, 0, 0, 0]",4,13.13484341875684,-1,0
2146,"[1, 1, 0, 1, 0, 1, 0, 1, 0, 1, 0, 2, 0, 0, 0, 0, 0, 1, 0, 0, 2, 0, 0, 0, 0, 0, 0, 0, 0, 0, 0, 0, 1, 1, 2, 2, 0, 0, 2, 0, 0, 1, 1, 0, 2, 2, 0, 1, 0, 0, 0, 0, 0, 0, 0, 2, 0, 0, 0, 0, 0, 0, 0, 2, 2, 2, 3, 2, 0, 1, 1, 4, 2, 5, 1, 6, 2, 4, 2, 2, 426, 0, 1, 0, 0, 0, 0]",2,0.40002371135581555,-1,1
2147,"[1, 1, 0, 1, 0, 1, 0, 1, 0, 1, 0, 2, 0, 0, 0, 0, 0, 1, 0, 0, 2, 0, 0, 0, 0, 0, 0, 0, 0, 0, 0, 0, 1, 1, 2, 2, 0, 0, 2, 0, 0, 1, 1, 0, 2, 2, 0, 1, 0, 0, 0, 0, 0, 0, 0, 2, 0, 0, 0, 0, 0, 0, 0, 2, 2, 2, 3, 2, 0, 1, 1, 4, 2, 5, 1, 6, 2, 4, 2, 2, 426, 0, 1, 0, 0, 1, 0]","[[0 1 0 0]
 [1 0 0 0]]",0.6504485764139065,-1,1
2148,"[0, 2, 0, 1, 1, 0, 0, 1, 0, 1, 0, 2, 0, 0, 0, 0, 0, 1, 0, 0, 2, 0, 0, 0, 0, 0, 0, 0, 0, 0, 0, 0, 1, 1, 2, 2, 0, 0, 2, 0, 0, 1, 1, 0, 2, 2, 0, 1, 0, 0, 0, 0, 0, 0, 0, 2, 0, 0, 0, 0, 0, 0, 0, 2, 2, 2, 3, 2, 0, 1, 1, 4, 2, 5, 1, 6, 2, 4, 2, 2, 426, 0, 0, 0, 0, 0, 0]",0,-0.19997628864418443,-1,0
2149,"[0, 3, 0, 1, 1, 1, 0, 1, 0, 1, 0, 2, 0, 0, 0, 0, 0, 1, 0, 0, 2, 0, 0, 0, 0, 0, 0, 0, 0, 0, 0, 0, 1, 1, 2, 2, 0, 0, 2, 0, 0, 1, 1, 0, 2, 2, 0, 1, 0, 0, 0, 0, 0, 0, 0, 2, 0, 0, 0, 0, 0, 0, 0, 2, 2, 2, 3, 2, 0, 1, 1, 4, 2, 5, 1, 6, 2, 4, 2, 2, 427, 0, 0, 0, 0, 0, 0]",4,14.534828295977302,-1,1
2150,"[0, 3, 0, 1, 1, 1, 0, 1, 0, 1, 0, 2, 0, 0, 0, 0, 0, 1, 0, 0, 2, 0, 0, 0, 0, 0, 0, 0, 0, 0, 0, 0, 1, 1, 2, 2, 0, 0, 2, 0, 0, 1, 1, 0, 2, 2, 0, 1, 0, 0, 0, 0, 0, 0, 0, 2, 0, 0, 0, 0, 0, 0, 0, 2, 2, 2, 3, 2, 0, 1, 1, 4, 2, 5, 1, 6, 2, 4, 2, 2, 428, 0, 0, 0, 0, 0, 0]",4,12.494894624128037,-1,0
2151,"[0, 3, 0, 2, 1, 1, 0, 2, 0, 1, 0, 2, 0, 0, 0, 0, 0, 1, 0, 0, 2, 0, 0, 0, 0, 0, 0, 0, 0, 0, 0, 0, 1, 1, 2, 2, 0, 0, 2, 0, 0, 1, 1, 0, 2, 2, 0, 1, 0, 0, 0, 0, 0, 0, 0, 2, 0, 0, 0, 0, 0, 0, 0, 2, 2, 2, 3, 2, 0, 1, 1, 4, 2, 5, 1, 6, 2, 4, 2, 2, 429, 0, 0, 0, 0, 0, 0]",4,14.375173859950486,-1,1
2152,"[0, 3, 0, 2, 1, 1, 0, 2, 0, 1, 0, 2, 0, 0, 0, 0, 0, 1, 0, 0, 2, 0, 0, 0, 0, 0, 0, 0, 0, 0, 0, 0, 1, 1, 2, 2, 0, 0, 2, 0, 0, 1, 1, 0, 2, 2, 0, 1, 0, 0, 0, 0, 0, 0, 0, 2, 0, 0, 0, 0, 0, 0, 0, 2, 2, 2, 3, 2, 0, 1, 1, 4, 2, 5, 1, 6, 2, 4, 2, 2, 430, 0, 0, 0, 0, 0, 0]",4,12.53230865576818,-1,0
2153,"[0, 3, 0, 3, 1, 1, 0, 3, 0, 1, 0, 2, 0, 0, 0, 0, 0, 1, 0, 0, 2, 0, 0, 0, 0, 0, 0, 0, 0, 0, 0, 0, 1, 1, 2, 2, 0, 0, 2, 0, 0, 1, 1, 0, 2, 2, 0, 1, 0, 0, 0, 0, 0, 0, 0, 2, 0, 0, 0, 0, 0, 0, 0, 2, 2, 2, 3, 2, 0, 1, 1, 4, 2, 5, 1, 6, 2, 4, 2, 2, 431, 0, 0, 0, 0, 0, 0]",4,14.114331735850067,-1,1
2154,"[0, 3, 0, 3, 1, 1, 0, 3, 0, 1, 0, 2, 0, 0, 0, 0, 0, 1, 0, 0, 2, 0, 0, 0, 0, 0, 0, 0, 0, 0, 0, 0, 1, 1, 2, 2, 0, 0, 2, 0, 0, 1, 1, 0, 2, 2, 0, 1, 0, 0, 0, 0, 0, 0, 0, 2, 0, 0, 0, 0, 0, 0, 0, 2, 2, 2, 3, 2, 0, 1, 1, 4, 2, 5, 1, 6, 2, 4, 2, 2, 431, 1, 0, 0, 0, 0, 0]",3,0.20001941363341594,-1,0
2155,"[0, 3, 0, 3, 1, 1, 0, 3, 0, 1, 0, 2, 0, 0, 0, 0, 0, 1, 0, 0, 2, 0, 0, 0, 0, 0, 0, 0, 0, 0, 0, 0, 1, 1, 2, 2, 0, 0, 2, 0, 0, 1, 1, 0, 2, 2, 0, 1, 0, 0, 0, 0, 0, 0, 0, 2, 0, 0, 0, 0, 0, 0, 0, 2, 2, 2, 3, 2, 0, 1, 1, 4, 2, 5, 1, 6, 2, 4, 2, 2, 431, 0, 0, 0, 0, 0, 0]",-1,-0.0006716774797122651,-1,0
2156,"[0, 3, 0, 3, 1, 1, 0, 3, 0, 1, 0, 2, 0, 0, 0, 0, 0, 1, 0, 0, 2, 0, 0, 0, 0, 0, 0, 0, 0, 0, 0, 0, 1, 1, 2, 2, 0, 0, 2, 0, 0, 1, 1, 0, 2, 2, 0, 1, 0, 0, 0, 0, 0, 0, 0, 2, 0, 0, 0, 0, 0, 0, 0, 2, 2, 2, 3, 2, 0, 1, 1, 4, 2, 5, 1, 6, 2, 4, 2, 2, 431, 0, 1, 0, 0, 0, 0]",2,0.40001941363341587,-1,1
2157,"[0, 3, 0, 3, 1, 1, 0, 3, 0, 1, 0, 2, 0, 0, 0, 0, 0, 1, 0, 0, 2, 0, 0, 0, 0, 0, 0, 0, 0, 0, 0, 0, 1, 1, 2, 2, 0, 0, 2, 0, 0, 1, 1, 0, 2, 2, 0, 1, 0, 0, 0, 0, 0, 0, 0, 2, 0, 0, 0, 0, 0, 0, 0, 2, 2, 2, 3, 2, 0, 1, 1, 4, 2, 5, 1, 6, 2, 4, 2, 2, 431, 0, 1, 0, 0, 1, 0]","[[1 0 0 0]
 [0 1 0 0]]",0.6504442786915068,-1,1
2158,"[1, 2, 0, 3, 0, 2, 0, 3, 0, 1, 0, 2, 0, 0, 0, 0, 0, 1, 0, 0, 2, 0, 0, 0, 0, 0, 0, 0, 0, 0, 0, 0, 1, 1, 2, 2, 0, 0, 2, 0, 0, 1, 1, 0, 2, 2, 0, 1, 0, 0, 0, 0, 0, 0, 0, 2, 0, 0, 0, 0, 0, 0, 0, 2, 2, 2, 3, 2, 0, 1, 1, 4, 2, 5, 1, 6, 2, 4, 2, 2, 431, 0, 0, 0, 0, 0, 0]",0,-0.19998058636658408,-1,0
2159,"[1, 2, 0, 3, 0, 2, 0, 3, 0, 1, 0, 2, 0, 0, 0, 0, 0, 1, 0, 0, 2, 0, 0, 0, 0, 0, 0, 0, 0, 0, 0, 0, 1, 1, 2, 2, 0, 0, 2, 0, 0, 1, 1, 0, 2, 2, 0, 1, 0, 0, 0, 0, 0, 0, 0, 2, 0, 0, 0, 0, 0, 0, 0, 2, 2, 2, 3, 2, 0, 1, 1, 4, 2, 5, 1, 6, 2, 4, 2, 2, 432, 0, 0, 0, 0, 0, 0]",4,13.932279964844042,-1,1
2160,"[1, 2, 0, 3, 0, 2, 0, 3, 0, 1, 0, 2, 0, 0, 0, 0, 0, 1, 0, 0, 2, 0, 0, 0, 0, 0, 0, 0, 0, 0, 0, 0, 1, 1, 2, 2, 0, 0, 2, 0, 0, 1, 1, 0, 2, 2, 0, 1, 0, 0, 0, 0, 0, 0, 0, 2, 0, 0, 0, 0, 0, 0, 0, 2, 2, 2, 3, 2, 0, 1, 1, 4, 2, 5, 1, 6, 2, 4, 2, 2, 432, 0, 0, 0, 0, 0, 0]",0,0.29499339931553803,-1,0
2161,"[1, 2, 0, 3, 0, 2, 0, 3, 0, 1, 0, 2, 0, 0, 0, 0, 0, 1, 0, 0, 2, 0, 0, 0, 0, 0, 0, 0, 0, 0, 0, 0, 1, 1, 2, 2, 0, 0, 2, 0, 0, 1, 1, 0, 2, 2, 0, 1, 0, 0, 0, 0, 0, 0, 0, 2, 0, 0, 0, 0, 0, 0, 0, 2, 2, 2, 3, 2, 0, 1, 1, 4, 2, 5, 1, 6, 2, 4, 2, 2, 432, 0, 0, 0, 0, 0, 0]",-1,-0.0006649941771221884,-1,0
2162,"[1, 2, 0, 3, 1, 2, 0, 3, 0, 1, 0, 2, 0, 0, 0, 0, 0, 1, 0, 0, 2, 0, 0, 0, 0, 0, 0, 0, 0, 0, 0, 0, 1, 1, 2, 2, 0, 0, 2, 0, 0, 1, 1, 0, 2, 2, 0, 1, 0, 0, 0, 0, 0, 0, 0, 2, 0, 0, 0, 0, 0, 0, 0, 2, 2, 2, 3, 2, 0, 1, 1, 4, 2, 5, 1, 6, 2, 4, 2, 2, 433, 0, 0, 0, 0, 0, 0]",4,14.143602378144852,-1,1
2163,"[1, 2, 0, 3, 1, 2, 0, 3, 0, 1, 0, 2, 0, 0, 0, 0, 0, 1, 0, 0, 2, 0, 0, 0, 0, 0, 0, 0, 0, 0, 0, 0, 1, 1, 2, 2, 0, 0, 2, 0, 0, 1, 1, 0, 2, 2, 0, 1, 0, 0, 0, 0, 0, 0, 0, 2, 0, 0, 0, 0, 0, 0, 0, 2, 2, 2, 3, 2, 0, 1, 1, 4, 2, 5, 1, 6, 2, 4, 2, 2, 433, 0, 0, 0, 0, 0, 0]",0,0.29499266800667723,-1,0
2164,"[1, 2, 0, 3, 1, 2, 0, 3, 0, 1, 0, 2, 0, 0, 0, 0, 0, 1, 0, 0, 2, 0, 0, 0, 0, 0, 0, 0, 0, 0, 0, 0, 1, 1, 2, 2, 0, 0, 2, 0, 0, 1, 1, 0, 2, 2, 0, 1, 0, 0, 0, 0, 0, 0, 0, 2, 0, 0, 0, 0, 0, 0, 0, 2, 2, 2, 3, 2, 0, 1, 1, 4, 2, 5, 1, 6, 2, 4, 2, 2, 433, 0, 0, 0, 0, 0, 0]",-1,-0.0006583773745039876,-1,0
2165,"[1, 2, 0, 3, 1, 2, 0, 3, 0, 1, 0, 2, 0, 0, 0, 0, 0, 1, 0, 0, 2, 0, 0, 0, 0, 0, 0, 0, 0, 0, 0, 0, 1, 1, 2, 2, 0, 0, 2, 0, 0, 1, 1, 0, 2, 2, 0, 1, 0, 0, 0, 0, 0, 0, 0, 2, 0, 0, 0, 0, 0, 0, 0, 2, 2, 2, 3, 2, 0, 1, 1, 4, 2, 5, 1, 6, 2, 4, 2, 2, 433, 0, 0, 0, 0, 0, 0]",0,0.29499266800667723,-1,0
2166,"[1, 2, 0, 3, 1, 2, 0, 3, 0, 1, 0, 2, 0, 0, 0, 0, 0, 1, 0, 0, 2, 0, 0, 0, 0, 0, 0, 0, 0, 0, 0, 0, 1, 1, 2, 2, 0, 0, 2, 0, 0, 1, 1, 0, 2, 2, 0, 1, 0, 0, 0, 0, 0, 0, 0, 2, 0, 0, 0, 0, 0, 0, 0, 2, 2, 2, 3, 2, 0, 1, 1, 4, 2, 5, 1, 6, 2, 4, 2, 2, 433, 0, 0, 0, 0, 0, 0]",-1,-0.0006583773745039876,-1,0
2167,"[1, 2, 0, 3, 1, 2, 0, 3, 0, 1, 0, 2, 0, 0, 0, 0, 0, 1, 0, 0, 2, 0, 0, 0, 0, 0, 0, 0, 0, 0, 0, 0, 1, 1, 2, 2, 0, 0, 2, 0, 0, 1, 1, 0, 2, 2, 0, 1, 0, 0, 0, 0, 0, 0, 0, 2, 0, 0, 0, 0, 0, 0, 0, 2, 2, 2, 3, 2, 0, 1, 1, 4, 2, 5, 1, 6, 2, 4, 2, 2, 433, 0, 0, 0, 0, 0, 0]",0,0.29499266800667723,-1,0
2168,"[1, 2, 0, 3, 1, 2, 0, 3, 0, 1, 0, 2, 0, 0, 0, 0, 0, 1, 0, 0, 2, 0, 0, 0, 0, 0, 0, 0, 0, 0, 0, 0, 1, 1, 2, 2, 0, 0, 2, 0, 0, 1, 1, 0, 2, 2, 0, 1, 0, 0, 0, 0, 0, 0, 0, 2, 0, 0, 0, 0, 0, 0, 0, 2, 2, 2, 3, 2, 0, 1, 1, 4, 2, 5, 1, 6, 2, 4, 2, 2, 433, 0, 0, 0, 0, 0, 0]",-1,-0.0006583773745039876,-1,0
2169,"[1, 2, 0, 3, 1, 2, 0, 3, 0, 1, 0, 2, 0, 0, 0, 0, 0, 1, 0, 0, 2, 0, 0, 0, 0, 0, 0, 0, 0, 0, 0, 0, 1, 1, 2, 2, 0, 0, 2, 0, 0, 1, 1, 0, 2, 2, 0, 1, 0, 0, 0, 0, 0, 0, 0, 2, 0, 0, 0, 0, 0, 0, 0, 2, 2, 2, 3, 2, 0, 1, 1, 4, 2, 5, 1, 6, 2, 4, 2, 2, 433, 0, 0, 0, 0, 0, 0]",0,0.29499266800667723,-1,0
2170,"[1, 2, 0, 3, 1, 2, 0, 3, 0, 1, 0, 2, 0, 0, 0, 0, 0, 1, 0, 0, 2, 0, 0, 0, 0, 0, 0, 0, 0, 0, 0, 0, 1, 1, 2, 2, 0, 0, 2, 0, 0, 1, 1, 0, 2, 2, 0, 1, 0, 0, 0, 0, 0, 0, 0, 2, 0, 0, 0, 0, 0, 0, 0, 2, 2, 2, 3, 2, 0, 1, 1, 4, 2, 5, 1, 6, 2, 4, 2, 2, 433, 0, 0, 0, 0, 0, 0]",-1,-0.0006583773745039876,-1,0
2171,"[1, 2, 0, 3, 1, 2, 0, 3, 0, 1, 0, 2, 0, 0, 0, 0, 0, 1, 0, 0, 2, 0, 0, 0, 0, 0, 0, 0, 0, 0, 0, 0, 1, 1, 2, 2, 0, 0, 2, 0, 0, 1, 1, 0, 2, 2, 0, 1, 0, 0, 0, 0, 0, 0, 0, 2, 0, 0, 0, 0, 0, 0, 0, 2, 2, 2, 3, 2, 0, 1, 1, 4, 2, 5, 1, 6, 2, 4, 2, 2, 433, 0, 0, 0, 0, 0, 0]",0,0.29499266800667723,-1,0
2172,"[1, 2, 0, 3, 1, 2, 0, 3, 0, 1, 0, 2, 0, 0, 0, 0, 0, 1, 0, 0, 2, 0, 0, 0, 0, 0, 0, 0, 0, 0, 0, 0, 1, 1, 2, 2, 0, 0, 2, 0, 0, 1, 1, 0, 2, 2, 0, 1, 0, 0, 0, 0, 0, 0, 0, 2, 0, 0, 0, 0, 0, 0, 0, 2, 2, 2, 3, 2, 0, 1, 1, 4, 2, 5, 1, 6, 2, 4, 2, 2, 433, 0, 0, 0, 0, 0, 0]",-1,-0.0006583773745039876,-1,0
2173,"[1, 2, 0, 3, 1, 2, 0, 3, 0, 1, 0, 2, 0, 0, 0, 0, 0, 1, 0, 0, 2, 0, 0, 0, 0, 0, 0, 0, 0, 0, 0, 0, 1, 1, 2, 2, 0, 0, 2, 0, 0, 1, 1, 0, 2, 2, 0, 1, 0, 0, 0, 0, 0, 0, 0, 2, 0, 0, 0, 0, 0, 0, 0, 2, 2, 2, 3, 2, 0, 1, 1, 4, 2, 5, 1, 6, 2, 4, 2, 2, 433, 0, 0, 0, 0, 0, 0]",0,0.29499266800667723,-1,0
2174,"[1, 2, 0, 3, 1, 2, 0, 3, 0, 1, 0, 2, 0, 0, 0, 0, 0, 1, 0, 0, 2, 0, 0, 0, 0, 0, 0, 0, 0, 0, 0, 0, 1, 1, 2, 2, 0, 0, 2, 0, 0, 1, 1, 0, 2, 2, 0, 1, 0, 0, 0, 0, 0, 0, 0, 2, 0, 0, 0, 0, 0, 0, 0, 2, 2, 2, 3, 2, 0, 1, 1, 4, 2, 5, 1, 6, 2, 4, 2, 2, 433, 0, 0, 0, 0, 0, 0]",-1,-0.0006583773745039876,-1,0
2175,"[1, 2, 0, 3, 1, 2, 0, 3, 0, 1, 0, 2, 0, 0, 0, 0, 0, 1, 0, 0, 2, 0, 0, 0, 0, 0, 0, 0, 0, 0, 0, 0, 1, 1, 2, 2, 0, 0, 2, 0, 0, 1, 1, 0, 2, 2, 0, 1, 0, 0, 0, 0, 0, 0, 0, 2, 0, 0, 0, 0, 0, 0, 0, 2, 2, 2, 3, 2, 0, 1, 1, 4, 2, 5, 1, 6, 2, 4, 2, 2, 433, 0, 0, 0, 0, 0, 0]",0,0.29499266800667723,-1,0
2176,"[1, 2, 0, 3, 1, 2, 0, 3, 0, 1, 0, 2, 0, 0, 0, 0, 0, 1, 0, 0, 2, 0, 0, 0, 0, 0, 0, 0, 0, 0, 0, 0, 1, 1, 2, 2, 0, 0, 2, 0, 0, 1, 1, 0, 2, 2, 0, 1, 0, 0, 0, 0, 0, 0, 0, 2, 0, 0, 0, 0, 0, 0, 0, 2, 2, 2, 3, 2, 0, 1, 1, 4, 2, 5, 1, 6, 2, 4, 2, 2, 433, 0, 0, 0, 0, 0, 0]",-1,-0.0006583773745039876,-1,0
2177,"[1, 2, 0, 3, 1, 2, 0, 3, 0, 1, 0, 2, 0, 0, 0, 0, 0, 1, 0, 0, 2, 0, 0, 0, 0, 0, 0, 0, 0, 0, 0, 0, 1, 1, 2, 2, 0, 0, 2, 0, 0, 1, 1, 0, 2, 2, 0, 1, 0, 0, 0, 0, 0, 0, 0, 2, 0, 0, 0, 0, 0, 0, 0, 2, 2, 2, 3, 2, 0, 1, 1, 4, 2, 5, 1, 6, 2, 4, 2, 2, 433, 0, 0, 0, 0, 0, 0]",1,0.6096420362757107,-1,0
2178,"[1, 2, 0, 3, 1, 2, 0, 3, 0, 1, 0, 2, 0, 0, 0, 0, 0, 1, 0, 0, 2, 0, 0, 0, 0, 0, 0, 0, 0, 0, 0, 0, 1, 1, 2, 2, 0, 0, 2, 0, 0, 1, 1, 0, 2, 2, 0, 1, 0, 0, 0, 0, 0, 0, 0, 2, 0, 0, 0, 0, 0, 0, 0, 2, 2, 2, 3, 2, 0, 1, 1, 4, 2, 5, 1, 6, 2, 4, 2, 2, 433, 0, 0, 0, 0, 0, 0]",-1,-0.0006583773745039876,-1,0
2179,"[1, 2, 0, 3, 1, 2, 0, 3, 0, 1, 0, 2, 0, 0, 0, 0, 0, 1, 0, 0, 2, 0, 0, 0, 0, 0, 0, 0, 0, 0, 0, 0, 1, 1, 2, 2, 0, 0, 2, 0, 0, 1, 1, 0, 2, 2, 0, 1, 0, 0, 0, 0, 0, 0, 0, 2, 0, 0, 0, 0, 0, 0, 0, 2, 2, 2, 3, 2, 0, 1, 1, 4, 2, 5, 1, 6, 2, 4, 2, 2, 433, 1, 0, 0, 0, 0, 0]",3,0.20001792117609393,-1,0
2180,"[1, 2, 0, 3, 1, 2, 0, 3, 0, 1, 0, 2, 0, 0, 0, 0, 0, 1, 0, 0, 2, 0, 0, 0, 0, 0, 0, 0, 0, 0, 0, 0, 1, 1, 2, 2, 0, 0, 2, 0, 0, 1, 1, 0, 2, 2, 0, 1, 0, 0, 0, 0, 0, 0, 0, 2, 0, 0, 0, 0, 0, 0, 0, 2, 2, 2, 3, 2, 0, 1, 1, 4, 2, 5, 1, 6, 2, 4, 2, 2, 433, 0, 0, 0, 0, 0, 0]",-1,-0.0006583773745039876,-1,0
2181,"[1, 2, 0, 3, 1, 2, 0, 3, 0, 1, 0, 2, 0, 0, 0, 0, 0, 1, 0, 0, 2, 0, 0, 0, 0, 0, 0, 0, 0, 0, 0, 0, 1, 1, 2, 2, 0, 0, 2, 0, 0, 1, 1, 0, 2, 2, 0, 1, 0, 0, 0, 0, 0, 0, 0, 2, 0, 0, 0, 0, 0, 0, 0, 2, 2, 2, 3, 2, 0, 1, 1, 4, 2, 5, 1, 6, 2, 4, 2, 2, 433, 1, 0, 0, 0, 0, 0]",3,0.20001792117609393,-1,0
2182,"[1, 2, 0, 3, 1, 2, 0, 3, 0, 1, 0, 2, 0, 0, 0, 0, 0, 1, 0, 0, 2, 0, 0, 0, 0, 0, 0, 0, 0, 0, 0, 0, 1, 1, 2, 2, 0, 0, 2, 0, 0, 1, 1, 0, 2, 2, 0, 1, 0, 0, 0, 0, 0, 0, 0, 2, 0, 0, 0, 0, 0, 0, 0, 2, 2, 2, 3, 2, 0, 1, 1, 4, 2, 5, 1, 6, 2, 4, 2, 2, 433, 0, 0, 0, 0, 0, 0]",-1,-0.0006583773745039876,-1,0
2183,"[1, 2, 0, 3, 1, 2, 0, 3, 0, 1, 0, 2, 0, 0, 0, 0, 0, 1, 0, 0, 2, 0, 0, 0, 0, 0, 0, 0, 0, 0, 0, 0, 1, 1, 2, 2, 0, 0, 2, 0, 0, 1, 1, 0, 2, 2, 0, 1, 0, 0, 0, 0, 0, 0, 0, 2, 0, 0, 0, 0, 0, 0, 0, 2, 2, 2, 3, 2, 0, 1, 1, 4, 2, 5, 1, 6, 2, 4, 2, 2, 433, 0, 0, 0, 0, 0, 0]",1,0.6096420362757107,-1,0
2184,"[1, 2, 0, 3, 1, 2, 0, 3, 0, 1, 0, 2, 0, 0, 0, 0, 0, 1, 0, 0, 2, 0, 0, 0, 0, 0, 0, 0, 0, 0, 0, 0, 1, 1, 2, 2, 0, 0, 2, 0, 0, 1, 1, 0, 2, 2, 0, 1, 0, 0, 0, 0, 0, 0, 0, 2, 0, 0, 0, 0, 0, 0, 0, 2, 2, 2, 3, 2, 0, 1, 1, 4, 2, 5, 1, 6, 2, 4, 2, 2, 433, 0, 0, 0, 0, 0, 0]",-1,-0.0006583773745039876,-1,0
2185,"[1, 2, 0, 3, 1, 2, 0, 3, 0, 1, 0, 2, 0, 0, 0, 0, 0, 1, 0, 0, 2, 0, 0, 0, 0, 0, 0, 0, 0, 0, 0, 0, 1, 1, 2, 2, 0, 0, 2, 0, 0, 1, 1, 0, 2, 2, 0, 1, 0, 0, 0, 0, 0, 0, 0, 2, 0, 0, 0, 0, 0, 0, 0, 2, 2, 2, 3, 2, 0, 1, 1, 4, 2, 5, 1, 6, 2, 4, 2, 2, 433, 0, 0, 0, 0, 0, 0]",1,0.6096420362757107,-1,0
2186,"[1, 2, 0, 3, 1, 2, 0, 3, 0, 1, 0, 2, 0, 0, 0, 0, 0, 1, 0, 0, 2, 0, 0, 0, 0, 0, 0, 0, 0, 0, 0, 0, 1, 1, 2, 2, 0, 0, 2, 0, 0, 1, 1, 0, 2, 2, 0, 1, 0, 0, 0, 0, 0, 0, 0, 2, 0, 0, 0, 0, 0, 0, 0, 2, 2, 2, 3, 2, 0, 1, 1, 4, 2, 5, 1, 6, 2, 4, 2, 2, 433, 0, 0, 0, 0, 0, 0]",-1,-0.0006583773745039876,-1,0
2187,"[1, 2, 0, 3, 1, 2, 0, 3, 0, 1, 0, 2, 0, 0, 0, 0, 0, 1, 0, 0, 2, 0, 0, 0, 0, 0, 0, 0, 0, 0, 0, 0, 1, 1, 2, 2, 0, 0, 2, 0, 0, 1, 1, 0, 2, 2, 0, 1, 0, 0, 0, 0, 0, 0, 0, 2, 0, 0, 0, 0, 0, 0, 0, 2, 2, 2, 3, 2, 0, 1, 1, 4, 2, 5, 1, 6, 2, 4, 2, 2, 433, 1, 0, 0, 0, 0, 0]",3,0.20001792117609393,-1,0
2188,"[1, 2, 0, 3, 1, 2, 0, 3, 0, 1, 0, 2, 0, 0, 0, 0, 0, 1, 0, 0, 2, 0, 0, 0, 0, 0, 0, 0, 0, 0, 0, 0, 1, 1, 2, 2, 0, 0, 2, 0, 0, 1, 1, 0, 2, 2, 0, 1, 0, 0, 0, 0, 0, 0, 0, 2, 0, 0, 0, 0, 0, 0, 0, 2, 2, 2, 3, 2, 0, 1, 1, 4, 2, 5, 1, 6, 2, 4, 2, 2, 433, 0, 0, 0, 0, 0, 0]",-1,-0.0006583773745039876,-1,0
2189,"[1, 2, 0, 3, 1, 2, 0, 3, 0, 1, 0, 2, 0, 0, 0, 0, 0, 1, 0, 0, 2, 0, 0, 0, 0, 0, 0, 0, 0, 0, 0, 0, 1, 1, 2, 2, 0, 0, 2, 0, 0, 1, 1, 0, 2, 2, 0, 1, 0, 0, 0, 0, 0, 0, 0, 2, 0, 0, 0, 0, 0, 0, 0, 2, 2, 2, 3, 2, 0, 1, 1, 4, 2, 5, 1, 6, 2, 4, 2, 2, 433, 0, 0, 0, 0, 0, 0]",1,0.6096420362757107,-1,0
2190,"[1, 2, 0, 3, 1, 2, 0, 3, 0, 1, 0, 2, 0, 0, 0, 0, 0, 1, 0, 0, 2, 0, 0, 0, 0, 0, 0, 0, 0, 0, 0, 0, 1, 1, 2, 2, 0, 0, 2, 0, 0, 1, 1, 0, 2, 2, 0, 1, 0, 0, 0, 0, 0, 0, 0, 2, 0, 0, 0, 0, 0, 0, 0, 2, 2, 2, 3, 2, 0, 1, 1, 4, 2, 5, 1, 6, 2, 4, 2, 2, 433, 0, 0, 0, 0, 0, 0]",-1,-0.0006583773745039876,-1,0
2191,"[1, 2, 0, 3, 1, 2, 0, 3, 0, 1, 0, 2, 0, 0, 0, 0, 0, 1, 0, 0, 2, 0, 0, 0, 0, 0, 0, 0, 0, 0, 0, 0, 1, 1, 2, 2, 0, 0, 2, 0, 0, 1, 1, 0, 2, 2, 0, 1, 0, 0, 0, 0, 0, 0, 0, 2, 0, 0, 0, 0, 0, 0, 0, 2, 2, 2, 3, 2, 0, 1, 1, 4, 2, 5, 1, 6, 2, 4, 2, 2, 433, 0, 1, 0, 0, 0, 0]",2,0.4000179211760939,-1,0
2192,"[1, 2, 0, 3, 1, 2, 0, 3, 0, 1, 0, 2, 0, 0, 0, 0, 0, 1, 0, 0, 2, 0, 0, 0, 0, 0, 0, 0, 0, 0, 0, 0, 1, 1, 2, 2, 0, 0, 2, 0, 0, 1, 1, 0, 2, 2, 0, 1, 0, 0, 0, 0, 0, 0, 0, 2, 0, 0, 0, 0, 0, 0, 0, 2, 2, 2, 3, 2, 0, 1, 1, 4, 2, 5, 1, 6, 2, 4, 2, 2, 433, 0, 0, 0, 0, 0, 0]",-1,-0.0006583773745039876,-1,0
2193,"[1, 2, 0, 3, 1, 2, 0, 3, 0, 1, 0, 2, 0, 0, 0, 0, 0, 1, 0, 0, 2, 0, 0, 0, 0, 0, 0, 0, 0, 0, 0, 0, 1, 1, 2, 2, 0, 0, 2, 0, 0, 1, 1, 0, 2, 2, 0, 1, 0, 0, 0, 0, 0, 0, 0, 2, 0, 0, 0, 0, 0, 0, 0, 2, 2, 2, 3, 2, 0, 1, 1, 4, 2, 5, 1, 6, 2, 4, 2, 2, 433, 0, 0, 0, 0, 0, 0]",1,0.6096420362757107,-1,0
2194,"[1, 2, 0, 3, 1, 2, 0, 3, 0, 1, 0, 2, 0, 0, 0, 0, 0, 1, 0, 0, 2, 0, 0, 0, 0, 0, 0, 0, 0, 0, 0, 0, 1, 1, 2, 2, 0, 0, 2, 0, 0, 1, 1, 0, 2, 2, 0, 1, 0, 0, 0, 0, 0, 0, 0, 2, 0, 0, 0, 0, 0, 0, 0, 2, 2, 2, 3, 2, 0, 1, 1, 4, 2, 5, 1, 6, 2, 4, 2, 2, 433, 0, 0, 0, 0, 0, 0]",-1,-0.0006583773745039876,-1,0
2195,"[1, 1, 0, 1, 1, 1, 0, 1, 0, 1, 0, 2, 0, 0, 0, 0, 0, 1, 0, 0, 2, 0, 0, 0, 0, 0, 0, 0, 0, 0, 0, 0, 1, 1, 2, 2, 0, 0, 2, 0, 0, 1, 1, 0, 2, 2, 0, 1, 0, 0, 0, 0, 0, 0, 0, 2, 0, 0, 0, 0, 0, 0, 0, 2, 2, 2, 3, 2, 0, 1, 1, 4, 2, 5, 1, 6, 2, 4, 2, 2, 434, 0, 0, 0, 0, 0, 0]",4,13.134727257296358,-1,0
2196,"[1, 1, 0, 1, 1, 1, 0, 1, 0, 1, 0, 2, 0, 0, 0, 0, 0, 1, 0, 0, 2, 0, 0, 0, 0, 0, 0, 0, 0, 0, 0, 0, 1, 1, 2, 2, 0, 0, 2, 0, 0, 1, 1, 0, 2, 2, 0, 1, 0, 0, 0, 0, 0, 0, 0, 2, 0, 0, 0, 0, 0, 0, 0, 2, 2, 2, 3, 2, 0, 1, 1, 4, 2, 5, 1, 6, 2, 4, 2, 2, 435, 0, 0, 0, 0, 0, 0]",4,14.53471348027504,-1,1
2197,"[1, 1, 0, 1, 1, 1, 0, 1, 0, 1, 0, 2, 0, 0, 0, 0, 0, 1, 0, 0, 2, 0, 0, 0, 0, 0, 0, 0, 0, 0, 0, 0, 1, 1, 2, 2, 0, 0, 2, 0, 0, 1, 1, 0, 2, 2, 0, 1, 0, 0, 0, 0, 0, 0, 0, 2, 0, 0, 0, 0, 0, 0, 0, 2, 2, 2, 3, 2, 0, 1, 1, 4, 2, 5, 1, 6, 2, 4, 2, 2, 435, 1, 0, 0, 0, 0, 0]",3,0.20001654344457032,-1,0
2198,"[1, 1, 0, 1, 1, 1, 0, 1, 0, 1, 0, 2, 0, 0, 0, 0, 0, 1, 0, 0, 2, 0, 0, 0, 0, 0, 0, 0, 0, 0, 0, 0, 1, 1, 2, 2, 0, 0, 2, 0, 0, 1, 1, 0, 2, 2, 0, 1, 0, 0, 0, 0, 0, 0, 0, 2, 0, 0, 0, 0, 0, 0, 0, 2, 2, 2, 3, 2, 0, 1, 1, 4, 2, 5, 1, 6, 2, 4, 2, 2, 435, 0, 0, 0, 0, 0, 0]",-1,-0.0006453406290239932,-1,0
2199,"[1, 1, 0, 1, 1, 1, 0, 1, 0, 1, 0, 2, 0, 0, 0, 0, 0, 1, 0, 0, 2, 0, 0, 0, 0, 0, 0, 0, 0, 0, 0, 0, 1, 1, 2, 2, 0, 0, 2, 0, 0, 1, 1, 0, 2, 2, 0, 1, 0, 0, 0, 0, 0, 0, 0, 2, 0, 0, 0, 0, 0, 0, 0, 2, 2, 2, 3, 2, 0, 1, 1, 4, 2, 5, 1, 6, 2, 4, 2, 2, 435, 1, 0, 0, 0, 0, 0]",3,0.20001654344457032,-1,0
2200,"[1, 1, 0, 1, 1, 1, 0, 1, 0, 1, 0, 2, 0, 0, 0, 0, 0, 1, 0, 0, 2, 0, 0, 0, 0, 0, 0, 0, 0, 0, 0, 0, 1, 1, 2, 2, 0, 0, 2, 0, 0, 1, 1, 0, 2, 2, 0, 1, 0, 0, 0, 0, 0, 0, 0, 2, 0, 0, 0, 0, 0, 0, 0, 2, 2, 2, 3, 2, 0, 1, 1, 4, 2, 5, 1, 6, 2, 4, 2, 2, 435, 0, 0, 0, 0, 0, 0]",-1,-0.0006453406290239932,-1,0
2201,"[1, 1, 0, 1, 1, 1, 0, 1, 0, 1, 0, 2, 0, 0, 0, 0, 0, 1, 0, 0, 2, 0, 0, 0, 0, 0, 0, 0, 0, 0, 0, 0, 1, 1, 2, 2, 0, 0, 2, 0, 0, 1, 1, 0, 2, 2, 0, 1, 0, 0, 0, 0, 0, 0, 0, 2, 0, 0, 0, 0, 0, 0, 0, 2, 2, 2, 3, 2, 0, 1, 1, 4, 2, 5, 1, 6, 2, 4, 2, 2, 435, 1, 0, 0, 0, 0, 0]",3,0.20001654344457032,-1,0
2202,"[1, 1, 0, 1, 1, 1, 0, 1, 0, 1, 0, 2, 0, 0, 0, 0, 0, 1, 0, 0, 2, 0, 0, 0, 0, 0, 0, 0, 0, 0, 0, 0, 1, 1, 2, 2, 0, 0, 2, 0, 0, 1, 1, 0, 2, 2, 0, 1, 0, 0, 0, 0, 0, 0, 0, 2, 0, 0, 0, 0, 0, 0, 0, 2, 2, 2, 3, 2, 0, 1, 1, 4, 2, 5, 1, 6, 2, 4, 2, 2, 435, 0, 0, 0, 0, 0, 0]",-1,-0.0006453406290239932,-1,0
2203,"[1, 1, 0, 1, 1, 1, 0, 1, 0, 1, 0, 2, 0, 0, 0, 0, 0, 1, 0, 0, 2, 0, 0, 0, 0, 0, 0, 0, 0, 0, 0, 0, 1, 1, 2, 2, 0, 0, 2, 0, 0, 1, 1, 0, 2, 2, 0, 1, 0, 0, 0, 0, 0, 0, 0, 2, 0, 0, 0, 0, 0, 0, 0, 2, 2, 2, 3, 2, 0, 1, 1, 4, 2, 5, 1, 6, 2, 4, 2, 2, 435, 0, 0, 0, 0, 0, 0]",1,0.609640658544187,-1,0
2204,"[1, 1, 0, 1, 1, 1, 0, 1, 0, 1, 0, 2, 0, 0, 0, 0, 0, 1, 0, 0, 2, 0, 0, 0, 0, 0, 0, 0, 0, 0, 0, 0, 1, 1, 2, 2, 0, 0, 2, 0, 0, 1, 1, 0, 2, 2, 0, 1, 0, 0, 0, 0, 0, 0, 0, 2, 0, 0, 0, 0, 0, 0, 0, 2, 2, 2, 3, 2, 0, 1, 1, 4, 2, 5, 1, 6, 2, 4, 2, 2, 435, 0, 0, 0, 0, 0, 0]",-1,-0.0006453406290239932,-1,0
2205,"[1, 1, 0, 1, 1, 1, 0, 1, 0, 1, 0, 2, 0, 0, 0, 0, 0, 1, 0, 0, 2, 0, 0, 0, 0, 0, 0, 0, 0, 0, 0, 0, 1, 1, 2, 2, 0, 0, 2, 0, 0, 1, 1, 0, 2, 2, 0, 1, 0, 0, 0, 0, 0, 0, 0, 2, 0, 0, 0, 0, 0, 0, 0, 2, 2, 2, 3, 2, 0, 1, 1, 4, 2, 5, 1, 6, 2, 4, 2, 2, 436, 0, 0, 0, 0, 0, 0]",4,13.134699860086556,-1,0
2206,"[1, 1, 0, 1, 1, 1, 0, 1, 0, 1, 0, 2, 0, 0, 0, 0, 0, 1, 0, 0, 2, 0, 0, 0, 0, 0, 0, 0, 0, 0, 0, 0, 1, 1, 2, 2, 0, 0, 2, 0, 0, 1, 1, 0, 2, 2, 0, 1, 0, 0, 0, 0, 0, 0, 0, 2, 0, 0, 0, 0, 0, 0, 0, 2, 2, 2, 3, 2, 0, 1, 1, 4, 2, 5, 1, 6, 2, 4, 2, 2, 436, 0, 1, 0, 0, 0, 0]",2,0.4000158948183834,-1,1
2207,"[1, 1, 0, 1, 1, 1, 0, 1, 0, 1, 0, 2, 0, 0, 0, 0, 0, 1, 0, 0, 2, 0, 0, 0, 0, 0, 0, 0, 0, 0, 0, 0, 1, 1, 2, 2, 0, 0, 2, 0, 0, 1, 1, 0, 2, 2, 0, 1, 0, 0, 0, 0, 0, 0, 0, 2, 0, 0, 0, 0, 0, 0, 0, 2, 2, 2, 3, 2, 0, 1, 1, 4, 2, 5, 1, 6, 2, 4, 2, 2, 436, 0, 1, 0, 0, 1, 0]","[[1 0 0 0]
 [0 1 0 0]]",0.6504407598764743,-1,1
2208,"[2, 0, 0, 1, 0, 2, 0, 1, 0, 1, 0, 2, 0, 0, 0, 0, 0, 1, 0, 0, 2, 0, 0, 0, 0, 0, 0, 0, 0, 0, 0, 0, 1, 1, 2, 2, 0, 0, 2, 0, 0, 1, 1, 0, 2, 2, 0, 1, 0, 0, 0, 0, 0, 0, 0, 2, 0, 0, 0, 0, 0, 0, 0, 2, 2, 2, 3, 2, 0, 1, 1, 4, 2, 5, 1, 6, 2, 4, 2, 2, 436, 0, 0, 0, 0, 0, 0]",0,-0.19998410518161655,-1,0
2209,"[1, 0, 0, 1, 0, 1, 0, 1, 0, 1, 0, 2, 0, 0, 0, 0, 0, 1, 0, 0, 2, 0, 0, 0, 0, 0, 0, 0, 0, 0, 0, 0, 1, 1, 2, 2, 0, 0, 2, 0, 0, 1, 1, 0, 2, 2, 0, 1, 0, 0, 0, 0, 0, 0, 0, 2, 0, 0, 0, 0, 0, 0, 0, 2, 2, 2, 3, 2, 0, 1, 1, 4, 2, 5, 1, 6, 2, 4, 2, 1, 437, 0, 0, 0, 0, 0, 0]",4,14.260756281679962,-1,1
2210,"[1, 0, 0, 1, 0, 1, 0, 1, 0, 1, 0, 2, 0, 0, 0, 0, 0, 1, 0, 0, 2, 0, 0, 0, 0, 0, 0, 0, 0, 0, 0, 0, 1, 1, 2, 2, 0, 0, 2, 0, 0, 1, 1, 0, 2, 2, 0, 1, 0, 0, 0, 0, 0, 0, 0, 2, 0, 0, 0, 0, 0, 0, 0, 2, 2, 2, 3, 2, 0, 1, 1, 4, 2, 5, 1, 6, 2, 4, 2, 1, 437, 0, 0, 0, 0, 0, 0]",1,0.6096393867208465,-1,0
2211,"[1, 0, 0, 1, 0, 1, 0, 1, 0, 1, 0, 2, 0, 0, 0, 0, 0, 1, 0, 0, 2, 0, 0, 0, 0, 0, 0, 0, 0, 0, 0, 0, 1, 1, 2, 2, 0, 0, 2, 0, 0, 1, 1, 0, 2, 2, 0, 1, 0, 0, 0, 0, 0, 0, 0, 2, 0, 0, 0, 0, 0, 0, 0, 2, 2, 2, 3, 2, 0, 1, 1, 4, 2, 5, 1, 6, 2, 4, 2, 1, 437, 0, 0, 0, 0, 0, 0]",-1,-0.0006325620284002654,-1,0
2212,"[1, 0, 0, 1, 1, 1, 0, 1, 0, 1, 0, 2, 0, 0, 0, 0, 0, 1, 0, 0, 2, 0, 0, 0, 0, 0, 0, 0, 0, 0, 0, 0, 1, 1, 2, 2, 0, 0, 2, 0, 0, 1, 1, 0, 2, 2, 0, 1, 0, 0, 0, 0, 0, 0, 0, 2, 0, 0, 0, 0, 0, 0, 0, 2, 2, 2, 3, 2, 0, 1, 1, 4, 2, 5, 1, 6, 2, 4, 2, 1, 438, 0, 0, 0, 0, 0, 0]",4,14.534673080923254,-1,1
2213,"[1, 1, 0, 1, 1, 2, 0, 1, 0, 1, 0, 2, 0, 0, 0, 0, 0, 1, 0, 0, 2, 0, 0, 0, 0, 0, 0, 0, 0, 0, 0, 0, 1, 1, 2, 2, 0, 0, 2, 0, 0, 1, 1, 0, 2, 2, 0, 1, 0, 0, 0, 0, 0, 0, 0, 2, 0, 0, 0, 0, 0, 0, 0, 2, 2, 2, 3, 2, 0, 1, 1, 4, 2, 5, 1, 6, 2, 4, 2, 1, 439, 0, 0, 0, 0, 0, 0]",4,13.134659917438189,-1,0
2214,"[1, 1, 0, 1, 1, 2, 0, 1, 0, 1, 0, 2, 0, 0, 0, 0, 0, 1, 0, 0, 2, 0, 0, 0, 0, 0, 0, 0, 0, 0, 0, 0, 1, 1, 2, 2, 0, 0, 2, 0, 0, 1, 1, 0, 2, 2, 0, 1, 0, 0, 0, 0, 0, 0, 0, 2, 0, 0, 0, 0, 0, 0, 0, 2, 2, 2, 3, 2, 0, 1, 1, 4, 2, 5, 1, 6, 2, 4, 2, 1, 440, 0, 0, 0, 0, 0, 0]",4,14.37502218112581,-1,1
2215,"[1, 1, 0, 1, 1, 2, 0, 1, 0, 1, 0, 2, 0, 0, 0, 0, 0, 1, 0, 0, 2, 0, 0, 0, 0, 0, 0, 0, 0, 0, 0, 0, 1, 1, 2, 2, 0, 0, 2, 0, 0, 1, 1, 0, 2, 2, 0, 1, 0, 0, 0, 0, 0, 0, 0, 2, 0, 0, 0, 0, 0, 0, 0, 2, 2, 2, 3, 2, 0, 1, 1, 4, 2, 5, 1, 6, 2, 4, 2, 1, 440, 0, 0, 0, 0, 0, 0]",0,0.2949882916605072,-1,0
2216,"[1, 1, 0, 1, 1, 2, 0, 1, 0, 1, 0, 2, 0, 0, 0, 0, 0, 1, 0, 0, 2, 0, 0, 0, 0, 0, 0, 0, 0, 0, 0, 0, 1, 1, 2, 2, 0, 0, 2, 0, 0, 1, 1, 0, 2, 2, 0, 1, 0, 0, 0, 0, 0, 0, 0, 2, 0, 0, 0, 0, 0, 0, 0, 2, 2, 2, 3, 2, 0, 1, 1, 4, 2, 5, 1, 6, 2, 4, 2, 1, 440, 0, 0, 0, 0, 0, 0]",-1,-0.0006138669951534218,-1,0
2217,"[1, 1, 0, 1, 1, 2, 0, 1, 0, 1, 0, 2, 0, 0, 0, 0, 0, 1, 0, 0, 2, 0, 0, 0, 0, 0, 0, 0, 0, 0, 0, 0, 1, 1, 2, 2, 0, 0, 2, 0, 0, 1, 1, 0, 2, 2, 0, 1, 0, 0, 0, 0, 0, 0, 0, 2, 0, 0, 0, 0, 0, 0, 0, 2, 2, 2, 3, 2, 0, 1, 1, 4, 2, 5, 1, 6, 2, 4, 2, 1, 440, 0, 0, 0, 0, 0, 0]",0,0.2949882916605072,-1,0
2218,"[1, 1, 0, 1, 1, 2, 0, 1, 0, 1, 0, 2, 0, 0, 0, 0, 0, 1, 0, 0, 2, 0, 0, 0, 0, 0, 0, 0, 0, 0, 0, 0, 1, 1, 2, 2, 0, 0, 2, 0, 0, 1, 1, 0, 2, 2, 0, 1, 0, 0, 0, 0, 0, 0, 0, 2, 0, 0, 0, 0, 0, 0, 0, 2, 2, 2, 3, 2, 0, 1, 1, 4, 2, 5, 1, 6, 2, 4, 2, 1, 440, 0, 0, 0, 0, 0, 0]",-1,-0.0006138669951534218,-1,0
2219,"[1, 1, 0, 1, 1, 2, 0, 1, 0, 1, 0, 2, 0, 0, 0, 0, 0, 1, 0, 0, 2, 0, 0, 0, 0, 0, 0, 0, 0, 0, 0, 0, 1, 1, 2, 2, 0, 0, 2, 0, 0, 1, 1, 0, 2, 2, 0, 1, 0, 0, 0, 0, 0, 0, 0, 2, 0, 0, 0, 0, 0, 0, 0, 2, 2, 2, 3, 2, 0, 1, 1, 4, 2, 5, 1, 6, 2, 4, 2, 1, 440, 0, 0, 0, 0, 0, 0]",0,0.2949882916605072,-1,0
2220,"[1, 1, 0, 1, 1, 2, 0, 1, 0, 1, 0, 2, 0, 0, 0, 0, 0, 1, 0, 0, 2, 0, 0, 0, 0, 0, 0, 0, 0, 0, 0, 0, 1, 1, 2, 2, 0, 0, 2, 0, 0, 1, 1, 0, 2, 2, 0, 1, 0, 0, 0, 0, 0, 0, 0, 2, 0, 0, 0, 0, 0, 0, 0, 2, 2, 2, 3, 2, 0, 1, 1, 4, 2, 5, 1, 6, 2, 4, 2, 1, 440, 0, 0, 0, 0, 0, 0]",-1,-0.0006138669951534218,-1,0
2221,"[1, 1, 0, 1, 1, 2, 0, 1, 0, 1, 0, 2, 0, 0, 0, 0, 0, 1, 0, 0, 2, 0, 0, 0, 0, 0, 0, 0, 0, 0, 0, 0, 1, 1, 2, 2, 0, 0, 2, 0, 0, 1, 1, 0, 2, 2, 0, 1, 0, 0, 0, 0, 0, 0, 0, 2, 0, 0, 0, 0, 0, 0, 0, 2, 2, 2, 3, 2, 0, 1, 1, 4, 2, 5, 1, 6, 2, 4, 2, 1, 440, 0, 0, 0, 0, 0, 0]",0,0.2949882916605072,-1,0
2222,"[1, 1, 0, 1, 1, 2, 0, 1, 0, 1, 0, 2, 0, 0, 0, 0, 0, 1, 0, 0, 2, 0, 0, 0, 0, 0, 0, 0, 0, 0, 0, 0, 1, 1, 2, 2, 0, 0, 2, 0, 0, 1, 1, 0, 2, 2, 0, 1, 0, 0, 0, 0, 0, 0, 0, 2, 0, 0, 0, 0, 0, 0, 0, 2, 2, 2, 3, 2, 0, 1, 1, 4, 2, 5, 1, 6, 2, 4, 2, 1, 440, 0, 0, 0, 0, 0, 0]",-1,-0.0006138669951534218,-1,0
2223,"[1, 1, 0, 1, 1, 2, 0, 1, 0, 1, 0, 2, 0, 0, 0, 0, 0, 1, 0, 0, 2, 0, 0, 0, 0, 0, 0, 0, 0, 0, 0, 0, 1, 1, 2, 2, 0, 0, 2, 0, 0, 1, 1, 0, 2, 2, 0, 1, 0, 0, 0, 0, 0, 0, 0, 2, 0, 0, 0, 0, 0, 0, 0, 2, 2, 2, 3, 2, 0, 1, 1, 4, 2, 5, 1, 6, 2, 4, 2, 1, 440, 0, 0, 0, 0, 0, 0]",0,0.2949882916605072,-1,0
2224,"[1, 1, 0, 1, 1, 2, 0, 1, 0, 1, 0, 2, 0, 0, 0, 0, 0, 1, 0, 0, 2, 0, 0, 0, 0, 0, 0, 0, 0, 0, 0, 0, 1, 1, 2, 2, 0, 0, 2, 0, 0, 1, 1, 0, 2, 2, 0, 1, 0, 0, 0, 0, 0, 0, 0, 2, 0, 0, 0, 0, 0, 0, 0, 2, 2, 2, 3, 2, 0, 1, 1, 4, 2, 5, 1, 6, 2, 4, 2, 1, 440, 0, 0, 0, 0, 0, 0]",-1,-0.0006138669951534218,-1,0
2225,"[1, 1, 0, 1, 1, 2, 0, 1, 0, 1, 0, 2, 0, 0, 0, 0, 0, 1, 0, 0, 2, 0, 0, 0, 0, 0, 0, 0, 0, 0, 0, 0, 1, 1, 2, 2, 0, 0, 2, 0, 0, 1, 1, 0, 2, 2, 0, 1, 0, 0, 0, 0, 0, 0, 0, 2, 0, 0, 0, 0, 0, 0, 0, 2, 2, 2, 3, 2, 0, 1, 1, 4, 2, 5, 1, 6, 2, 4, 2, 1, 440, 0, 0, 0, 0, 0, 0]",0,0.2949882916605072,-1,0
2226,"[1, 1, 0, 1, 1, 2, 0, 1, 0, 1, 0, 2, 0, 0, 0, 0, 0, 1, 0, 0, 2, 0, 0, 0, 0, 0, 0, 0, 0, 0, 0, 0, 1, 1, 2, 2, 0, 0, 2, 0, 0, 1, 1, 0, 2, 2, 0, 1, 0, 0, 0, 0, 0, 0, 0, 2, 0, 0, 0, 0, 0, 0, 0, 2, 2, 2, 3, 2, 0, 1, 1, 4, 2, 5, 1, 6, 2, 4, 2, 1, 440, 0, 0, 0, 0, 0, 0]",-1,-0.0006138669951534218,-1,0
2227,"[1, 1, 0, 1, 1, 2, 0, 1, 0, 1, 0, 2, 0, 0, 0, 0, 0, 1, 0, 0, 2, 0, 0, 0, 0, 0, 0, 0, 0, 0, 0, 0, 1, 1, 2, 2, 0, 0, 2, 0, 0, 1, 1, 0, 2, 2, 0, 1, 0, 0, 0, 0, 0, 0, 0, 2, 0, 0, 0, 0, 0, 0, 0, 2, 2, 2, 3, 2, 0, 1, 1, 4, 2, 5, 1, 6, 2, 4, 2, 1, 440, 0, 0, 0, 0, 0, 0]",0,0.2949882916605072,-1,0
2228,"[1, 1, 0, 1, 1, 2, 0, 1, 0, 1, 0, 2, 0, 0, 0, 0, 0, 1, 0, 0, 2, 0, 0, 0, 0, 0, 0, 0, 0, 0, 0, 0, 1, 1, 2, 2, 0, 0, 2, 0, 0, 1, 1, 0, 2, 2, 0, 1, 0, 0, 0, 0, 0, 0, 0, 2, 0, 0, 0, 0, 0, 0, 0, 2, 2, 2, 3, 2, 0, 1, 1, 4, 2, 5, 1, 6, 2, 4, 2, 1, 440, 0, 0, 0, 0, 0, 0]",-1,-0.0006138669951534218,-1,0
2229,"[1, 1, 0, 1, 1, 2, 0, 1, 0, 1, 0, 2, 0, 0, 0, 0, 0, 1, 0, 0, 2, 0, 0, 0, 0, 0, 0, 0, 0, 0, 0, 0, 1, 1, 2, 2, 0, 0, 2, 0, 0, 1, 1, 0, 2, 2, 0, 1, 0, 0, 0, 0, 0, 0, 0, 2, 0, 0, 0, 0, 0, 0, 0, 2, 2, 2, 3, 2, 0, 1, 1, 4, 2, 5, 1, 6, 2, 4, 2, 1, 440, 0, 0, 0, 0, 0, 0]",0,0.2949882916605072,-1,0
2230,"[1, 1, 0, 1, 1, 2, 0, 1, 0, 1, 0, 2, 0, 0, 0, 0, 0, 1, 0, 0, 2, 0, 0, 0, 0, 0, 0, 0, 0, 0, 0, 0, 1, 1, 2, 2, 0, 0, 2, 0, 0, 1, 1, 0, 2, 2, 0, 1, 0, 0, 0, 0, 0, 0, 0, 2, 0, 0, 0, 0, 0, 0, 0, 2, 2, 2, 3, 2, 0, 1, 1, 4, 2, 5, 1, 6, 2, 4, 2, 1, 440, 0, 0, 0, 0, 0, 0]",-1,-0.0006138669951534218,-1,0
2231,"[1, 1, 0, 1, 1, 2, 0, 1, 0, 1, 0, 2, 0, 0, 0, 0, 0, 1, 0, 0, 2, 0, 0, 0, 0, 0, 0, 0, 0, 0, 0, 0, 1, 1, 2, 2, 0, 0, 2, 0, 0, 1, 1, 0, 2, 2, 0, 1, 0, 0, 0, 0, 0, 0, 0, 2, 0, 0, 0, 0, 0, 0, 0, 2, 2, 2, 3, 2, 0, 1, 1, 4, 2, 5, 1, 6, 2, 4, 2, 1, 440, 1, 0, 0, 0, 0, 0]",3,0.20001354482992395,-1,0
2232,"[1, 1, 0, 1, 1, 2, 0, 1, 0, 1, 0, 2, 0, 0, 0, 0, 0, 1, 0, 0, 2, 0, 0, 0, 0, 0, 0, 0, 0, 0, 0, 0, 1, 1, 2, 2, 0, 0, 2, 0, 0, 1, 1, 0, 2, 2, 0, 1, 0, 0, 0, 0, 0, 0, 0, 2, 0, 0, 0, 0, 0, 0, 0, 2, 2, 2, 3, 2, 0, 1, 1, 4, 2, 5, 1, 6, 2, 4, 2, 1, 440, 0, 0, 0, 0, 0, 0]",-1,-0.0006138669951534218,-1,0
2233,"[1, 1, 0, 1, 1, 2, 0, 1, 0, 1, 0, 2, 0, 0, 0, 0, 0, 1, 0, 0, 2, 0, 0, 0, 0, 0, 0, 0, 0, 0, 0, 0, 1, 1, 2, 2, 0, 0, 2, 0, 0, 1, 1, 0, 2, 2, 0, 1, 0, 0, 0, 0, 0, 0, 0, 2, 0, 0, 0, 0, 0, 0, 0, 2, 2, 2, 3, 2, 0, 1, 1, 4, 2, 5, 1, 6, 2, 4, 2, 1, 440, 1, 0, 0, 0, 0, 0]",3,0.20001354482992395,-1,0
2234,"[1, 1, 0, 1, 1, 2, 0, 1, 0, 1, 0, 2, 0, 0, 0, 0, 0, 1, 0, 0, 2, 0, 0, 0, 0, 0, 0, 0, 0, 0, 0, 0, 1, 1, 2, 2, 0, 0, 2, 0, 0, 1, 1, 0, 2, 2, 0, 1, 0, 0, 0, 0, 0, 0, 0, 2, 0, 0, 0, 0, 0, 0, 0, 2, 2, 2, 3, 2, 0, 1, 1, 4, 2, 5, 1, 6, 2, 4, 2, 1, 440, 0, 0, 0, 0, 0, 0]",-1,-0.0006138669951534218,-1,0
2235,"[1, 1, 0, 1, 1, 2, 0, 1, 0, 1, 0, 2, 0, 0, 0, 0, 0, 1, 0, 0, 2, 0, 0, 0, 0, 0, 0, 0, 0, 0, 0, 0, 1, 1, 2, 2, 0, 0, 2, 0, 0, 1, 1, 0, 2, 2, 0, 1, 0, 0, 0, 0, 0, 0, 0, 2, 0, 0, 0, 0, 0, 0, 0, 2, 2, 2, 3, 2, 0, 1, 1, 4, 2, 5, 1, 6, 2, 4, 2, 1, 440, 1, 0, 0, 0, 0, 0]",3,0.20001354482992395,-1,0
2236,"[1, 1, 0, 1, 1, 2, 0, 1, 0, 1, 0, 2, 0, 0, 0, 0, 0, 1, 0, 0, 2, 0, 0, 0, 0, 0, 0, 0, 0, 0, 0, 0, 1, 1, 2, 2, 0, 0, 2, 0, 0, 1, 1, 0, 2, 2, 0, 1, 0, 0, 0, 0, 0, 0, 0, 2, 0, 0, 0, 0, 0, 0, 0, 2, 2, 2, 3, 2, 0, 1, 1, 4, 2, 5, 1, 6, 2, 4, 2, 1, 440, 0, 0, 0, 0, 0, 0]",-1,-0.0006138669951534218,-1,0
2237,"[1, 1, 0, 1, 1, 2, 0, 1, 0, 1, 0, 2, 0, 0, 0, 0, 0, 1, 0, 0, 2, 0, 0, 0, 0, 0, 0, 0, 0, 0, 0, 0, 1, 1, 2, 2, 0, 0, 2, 0, 0, 1, 1, 0, 2, 2, 0, 1, 0, 0, 0, 0, 0, 0, 0, 2, 0, 0, 0, 0, 0, 0, 0, 2, 2, 2, 3, 2, 0, 1, 1, 4, 2, 5, 1, 6, 2, 4, 2, 1, 440, 1, 0, 0, 0, 0, 0]",3,0.20001354482992395,-1,0
2238,"[1, 1, 0, 1, 1, 2, 0, 1, 0, 1, 0, 2, 0, 0, 0, 0, 0, 1, 0, 0, 2, 0, 0, 0, 0, 0, 0, 0, 0, 0, 0, 0, 1, 1, 2, 2, 0, 0, 2, 0, 0, 1, 1, 0, 2, 2, 0, 1, 0, 0, 0, 0, 0, 0, 0, 2, 0, 0, 0, 0, 0, 0, 0, 2, 2, 2, 3, 2, 0, 1, 1, 4, 2, 5, 1, 6, 2, 4, 2, 1, 440, 0, 0, 0, 0, 0, 0]",-1,-0.0006138669951534218,-1,0
2239,"[1, 1, 0, 1, 1, 2, 0, 1, 0, 1, 0, 2, 0, 0, 0, 0, 0, 1, 0, 0, 2, 0, 0, 0, 0, 0, 0, 0, 0, 0, 0, 0, 1, 1, 2, 2, 0, 0, 2, 0, 0, 1, 1, 0, 2, 2, 0, 1, 0, 0, 0, 0, 0, 0, 0, 2, 0, 0, 0, 0, 0, 0, 0, 2, 2, 2, 3, 2, 0, 1, 1, 4, 2, 5, 1, 6, 2, 4, 2, 1, 440, 1, 0, 0, 0, 0, 0]",3,0.20001354482992395,-1,0
2240,"[1, 1, 0, 1, 1, 2, 0, 1, 0, 1, 0, 2, 0, 0, 0, 0, 0, 1, 0, 0, 2, 0, 0, 0, 0, 0, 0, 0, 0, 0, 0, 0, 1, 1, 2, 2, 0, 0, 2, 0, 0, 1, 1, 0, 2, 2, 0, 1, 0, 0, 0, 0, 0, 0, 0, 2, 0, 0, 0, 0, 0, 0, 0, 2, 2, 2, 3, 2, 0, 1, 1, 4, 2, 5, 1, 6, 2, 4, 2, 1, 440, 0, 0, 0, 0, 0, 0]",-1,-0.0006138669951534218,-1,0
2241,"[1, 1, 0, 1, 1, 2, 0, 1, 0, 1, 0, 2, 0, 0, 0, 0, 0, 1, 0, 0, 2, 0, 0, 0, 0, 0, 0, 0, 0, 0, 0, 0, 1, 1, 2, 2, 0, 0, 2, 0, 0, 1, 1, 0, 2, 2, 0, 1, 0, 0, 0, 0, 0, 0, 0, 2, 0, 0, 0, 0, 0, 0, 0, 2, 2, 2, 3, 2, 0, 1, 1, 4, 2, 5, 1, 6, 2, 4, 2, 1, 440, 0, 1, 0, 0, 0, 0]",2,0.4000135448299239,-1,0
2242,"[1, 1, 0, 1, 1, 2, 0, 1, 0, 1, 0, 2, 0, 0, 0, 0, 0, 1, 0, 0, 2, 0, 0, 0, 0, 0, 0, 0, 0, 0, 0, 0, 1, 1, 2, 2, 0, 0, 2, 0, 0, 1, 1, 0, 2, 2, 0, 1, 0, 0, 0, 0, 0, 0, 0, 2, 0, 0, 0, 0, 0, 0, 0, 2, 2, 2, 3, 2, 0, 1, 1, 4, 2, 5, 1, 6, 2, 4, 2, 1, 440, 0, 0, 0, 0, 0, 0]",-1,-0.0006138669951534218,-1,0
2243,"[1, 1, 0, 1, 1, 2, 0, 1, 0, 1, 0, 2, 0, 0, 0, 0, 0, 1, 0, 0, 2, 0, 0, 0, 0, 0, 0, 0, 0, 0, 0, 0, 1, 1, 2, 2, 0, 0, 2, 0, 0, 1, 1, 0, 2, 2, 0, 1, 0, 0, 0, 0, 0, 0, 0, 2, 0, 0, 0, 0, 0, 0, 0, 2, 2, 2, 3, 2, 0, 1, 1, 4, 2, 5, 1, 6, 2, 4, 2, 1, 440, 0, 0, 0, 0, 0, 0]",1,0.6096376599295407,-1,0
2244,"[1, 1, 0, 1, 1, 2, 0, 1, 0, 1, 0, 2, 0, 0, 0, 0, 0, 1, 0, 0, 2, 0, 0, 0, 0, 0, 0, 0, 0, 0, 0, 0, 1, 1, 2, 2, 0, 0, 2, 0, 0, 1, 1, 0, 2, 2, 0, 1, 0, 0, 0, 0, 0, 0, 0, 2, 0, 0, 0, 0, 0, 0, 0, 2, 2, 2, 3, 2, 0, 1, 1, 4, 2, 5, 1, 6, 2, 4, 2, 1, 440, 0, 0, 0, 0, 0, 0]",-1,-0.0006138669951534218,-1,0
2245,"[1, 1, 0, 1, 1, 2, 0, 1, 0, 1, 0, 2, 0, 0, 0, 0, 0, 1, 0, 0, 2, 0, 0, 0, 0, 0, 0, 0, 0, 0, 0, 0, 1, 1, 2, 2, 0, 0, 2, 0, 0, 1, 1, 0, 2, 2, 0, 1, 0, 0, 0, 0, 0, 0, 0, 2, 0, 0, 0, 0, 0, 0, 0, 2, 2, 2, 3, 2, 0, 1, 1, 4, 2, 5, 1, 6, 2, 4, 2, 1, 440, 0, 1, 0, 0, 0, 0]",2,0.4000135448299239,-1,0
2246,"[1, 1, 0, 1, 1, 2, 0, 1, 0, 1, 0, 2, 0, 0, 0, 0, 0, 1, 0, 0, 2, 0, 0, 0, 0, 0, 0, 0, 0, 0, 0, 0, 1, 1, 2, 2, 0, 0, 2, 0, 0, 1, 1, 0, 2, 2, 0, 1, 0, 0, 0, 0, 0, 0, 0, 2, 0, 0, 0, 0, 0, 0, 0, 2, 2, 2, 3, 2, 0, 1, 1, 4, 2, 5, 1, 6, 2, 4, 2, 1, 440, 0, 0, 0, 0, 0, 0]",-1,-0.0006138669951534218,-1,0
2247,"[1, 1, 0, 1, 1, 2, 0, 1, 0, 1, 0, 2, 0, 0, 0, 0, 0, 1, 0, 0, 2, 0, 0, 0, 0, 0, 0, 0, 0, 0, 0, 0, 1, 1, 2, 2, 0, 0, 2, 0, 0, 1, 1, 0, 2, 2, 0, 1, 0, 0, 0, 0, 0, 0, 0, 2, 0, 0, 0, 0, 0, 0, 0, 2, 2, 2, 3, 2, 0, 1, 1, 4, 2, 5, 1, 6, 2, 4, 2, 1, 440, 0, 0, 0, 0, 0, 0]",1,0.6096376599295407,-1,0
2248,"[1, 1, 0, 1, 1, 2, 0, 1, 0, 1, 0, 2, 0, 0, 0, 0, 0, 1, 0, 0, 2, 0, 0, 0, 0, 0, 0, 0, 0, 0, 0, 0, 1, 1, 2, 2, 0, 0, 2, 0, 0, 1, 1, 0, 2, 2, 0, 1, 0, 0, 0, 0, 0, 0, 0, 2, 0, 0, 0, 0, 0, 0, 0, 2, 2, 2, 3, 2, 0, 1, 1, 4, 2, 5, 1, 6, 2, 4, 2, 1, 440, 0, 0, 0, 0, 0, 0]",-1,-0.0006138669951534218,-1,0
2249,"[1, 1, 0, 1, 1, 2, 0, 1, 0, 1, 0, 2, 0, 0, 0, 0, 0, 1, 0, 0, 2, 0, 0, 0, 0, 0, 0, 0, 0, 0, 0, 0, 1, 1, 2, 2, 0, 0, 2, 0, 0, 1, 1, 0, 2, 2, 0, 1, 0, 0, 0, 0, 0, 0, 0, 2, 0, 0, 0, 0, 0, 0, 0, 2, 2, 2, 3, 2, 0, 1, 1, 4, 2, 5, 1, 6, 2, 4, 2, 1, 441, 0, 0, 0, 0, 0, 0]",4,13.134634031764536,-1,0
2250,"[1, 1, 0, 1, 1, 2, 0, 1, 0, 1, 0, 2, 0, 0, 0, 0, 0, 1, 0, 0, 2, 0, 0, 0, 0, 0, 0, 0, 0, 0, 0, 0, 1, 1, 2, 2, 0, 0, 2, 0, 0, 1, 1, 0, 2, 2, 0, 1, 0, 0, 0, 0, 0, 0, 0, 2, 0, 0, 0, 0, 0, 0, 0, 2, 2, 2, 3, 2, 0, 1, 1, 4, 2, 5, 1, 6, 2, 4, 2, 1, 441, 0, 1, 0, 0, 0, 0]",2,0.4000130137641041,-1,1
2251,"[1, 1, 0, 1, 1, 2, 0, 1, 0, 1, 0, 2, 0, 0, 0, 0, 0, 1, 0, 0, 2, 0, 0, 0, 0, 0, 0, 0, 0, 0, 0, 0, 1, 1, 2, 2, 0, 0, 2, 0, 0, 1, 1, 0, 2, 2, 0, 1, 0, 0, 0, 0, 0, 0, 0, 2, 0, 0, 0, 0, 0, 0, 0, 2, 2, 2, 3, 2, 0, 1, 1, 4, 2, 5, 1, 6, 2, 4, 2, 1, 441, 0, 1, 0, 0, 1, 0]","[[1 0 0 0]
 [0 1 0 0]]",0.650437878822195,-1,1
2252,"[2, 0, 0, 1, 0, 3, 0, 1, 0, 1, 0, 2, 0, 0, 0, 0, 0, 1, 0, 0, 2, 0, 0, 0, 0, 0, 0, 0, 0, 0, 0, 0, 1, 1, 2, 2, 0, 0, 2, 0, 0, 1, 1, 0, 2, 2, 0, 1, 0, 0, 0, 0, 0, 0, 0, 2, 0, 0, 0, 0, 0, 0, 0, 2, 2, 2, 3, 2, 0, 1, 1, 4, 2, 5, 1, 6, 2, 4, 2, 1, 441, 0, 0, 0, 0, 0, 0]",0,-0.1999869862358959,-1,0
2253,"[1, 0, 0, 1, 0, 1, 0, 1, 0, 1, 0, 2, 0, 0, 0, 0, 0, 1, 0, 0, 2, 0, 0, 0, 0, 0, 0, 0, 0, 0, 0, 0, 1, 1, 2, 2, 0, 0, 2, 0, 0, 1, 1, 0, 2, 2, 0, 1, 0, 0, 0, 0, 0, 0, 0, 2, 0, 0, 0, 0, 0, 0, 0, 2, 2, 2, 3, 2, 0, 1, 1, 4, 2, 5, 1, 6, 2, 4, 2, 2, 442, 0, 0, 0, 0, 0, 0]",4,14.260691192645783,-1,1
2254,"[1, 0, 0, 1, 0, 1, 0, 1, 0, 1, 0, 2, 0, 0, 0, 0, 0, 1, 0, 0, 2, 0, 0, 0, 0, 0, 0, 0, 0, 0, 0, 0, 1, 1, 2, 2, 0, 0, 2, 0, 0, 1, 1, 0, 2, 2, 0, 1, 0, 0, 0, 0, 0, 0, 0, 2, 0, 0, 0, 0, 0, 0, 0, 2, 2, 2, 3, 2, 0, 1, 1, 4, 2, 5, 1, 6, 2, 4, 2, 2, 442, 0, 1, 0, 0, 0, 0]",2,0.4000125035190161,-1,0
2255,"[1, 0, 0, 1, 0, 1, 0, 1, 0, 1, 0, 2, 0, 0, 0, 0, 0, 1, 0, 0, 2, 0, 0, 0, 0, 0, 0, 0, 0, 0, 0, 0, 1, 1, 2, 2, 0, 0, 2, 0, 0, 1, 1, 0, 2, 2, 0, 1, 0, 0, 0, 0, 0, 0, 0, 2, 0, 0, 0, 0, 0, 0, 0, 2, 2, 2, 3, 2, 0, 1, 1, 4, 2, 5, 1, 6, 2, 4, 2, 2, 442, 0, 1, 0, 0, 1, 0]","[[0 0 0 1]
 [0 1 0 0]]",0.650437368577107,-1,0
2256,"[1, 0, 0, 1, 0, 1, 0, 1, 0, 1, 0, 2, 0, 0, 0, 0, 0, 1, 0, 0, 2, 0, 0, 0, 0, 0, 0, 0, 0, 0, 0, 0, 1, 1, 2, 2, 0, 0, 2, 0, 0, 1, 1, 0, 2, 2, 0, 1, 0, 0, 0, 0, 0, 0, 0, 2, 0, 0, 0, 0, 0, 0, 0, 2, 2, 2, 3, 2, 0, 1, 1, 4, 2, 5, 1, 6, 2, 4, 2, 2, 442, 0, 0, 0, 0, 0, 0]",1,-11.513695995465746,-1,1
2257,"[1, 0, 0, 2, 0, 1, 0, 2, 0, 1, 0, 2, 0, 0, 0, 0, 0, 1, 0, 0, 2, 0, 0, 0, 0, 0, 0, 0, 0, 0, 0, 0, 1, 1, 2, 2, 0, 0, 2, 0, 0, 1, 1, 0, 2, 2, 0, 1, 0, 0, 0, 0, 0, 0, 0, 2, 0, 0, 0, 0, 0, 0, 0, 2, 2, 2, 3, 2, 0, 1, 1, 4, 2, 5, 1, 6, 2, 4, 2, 2, 443, 0, 0, 0, 0, 0, 0]",4,12.656884078326929,-1,0
2258,"[1, 0, 0, 3, 0, 1, 0, 3, 0, 1, 0, 2, 0, 0, 0, 0, 0, 1, 0, 0, 2, 0, 0, 0, 0, 0, 0, 0, 0, 0, 0, 0, 1, 1, 2, 2, 0, 0, 2, 0, 0, 1, 1, 0, 2, 2, 0, 1, 0, 0, 0, 0, 0, 0, 0, 2, 0, 0, 0, 0, 0, 0, 0, 2, 2, 2, 3, 2, 0, 1, 1, 4, 2, 5, 1, 6, 2, 4, 2, 2, 444, 0, 0, 0, 0, 0, 0]",4,13.894677548498588,-1,1
2259,"[1, 0, 0, 3, 0, 1, 0, 3, 0, 1, 0, 2, 0, 0, 0, 0, 0, 1, 0, 0, 2, 0, 0, 0, 0, 0, 0, 0, 0, 0, 0, 0, 1, 1, 2, 2, 0, 0, 2, 0, 0, 1, 1, 0, 2, 2, 0, 1, 0, 0, 0, 0, 0, 0, 0, 2, 0, 0, 0, 0, 0, 0, 0, 2, 2, 2, 3, 2, 0, 1, 1, 4, 2, 5, 1, 6, 2, 4, 2, 2, 444, 1, 0, 0, 0, 0, 0]",3,0.20001154225826998,-1,0
2260,"[1, 0, 0, 3, 0, 1, 0, 3, 0, 1, 0, 2, 0, 0, 0, 0, 0, 1, 0, 0, 2, 0, 0, 0, 0, 0, 0, 0, 0, 0, 0, 0, 1, 1, 2, 2, 0, 0, 2, 0, 0, 1, 1, 0, 2, 2, 0, 1, 0, 0, 0, 0, 0, 0, 0, 2, 0, 0, 0, 0, 0, 0, 0, 2, 2, 2, 3, 2, 0, 1, 1, 4, 2, 5, 1, 6, 2, 4, 2, 2, 444, 0, 0, 0, 0, 0, 0]",-1,-0.0005897969259875781,-1,0
2261,"[1, 0, 0, 3, 0, 1, 0, 3, 0, 1, 0, 2, 0, 0, 0, 0, 0, 1, 0, 0, 2, 0, 0, 0, 0, 0, 0, 0, 0, 0, 0, 0, 1, 1, 2, 2, 0, 0, 2, 0, 0, 1, 1, 0, 2, 2, 0, 1, 0, 0, 0, 0, 0, 0, 0, 2, 0, 0, 0, 0, 0, 0, 0, 2, 2, 2, 3, 2, 0, 1, 1, 4, 2, 5, 1, 6, 2, 4, 2, 2, 444, 0, 1, 0, 0, 0, 0]",2,0.40001154225826996,-1,0
2262,"[1, 0, 0, 3, 0, 1, 0, 3, 0, 1, 0, 2, 0, 0, 0, 0, 0, 1, 0, 0, 2, 0, 0, 0, 0, 0, 0, 0, 0, 0, 0, 0, 1, 1, 2, 2, 0, 0, 2, 0, 0, 1, 1, 0, 2, 2, 0, 1, 0, 0, 0, 0, 0, 0, 0, 2, 0, 0, 0, 0, 0, 0, 0, 2, 2, 2, 3, 2, 0, 1, 1, 4, 2, 5, 1, 6, 2, 4, 2, 2, 444, 0, 1, 0, 0, 1, 0]","[[1 0 0 0]
 [0 1 0 0]]",0.6504364073163609,-1,0
2263,"[0, 1, 0, 3, 1, 0, 0, 3, 0, 1, 0, 2, 0, 0, 0, 0, 0, 1, 0, 0, 2, 0, 0, 0, 0, 0, 0, 0, 0, 0, 0, 0, 1, 1, 2, 2, 0, 0, 2, 0, 0, 1, 1, 0, 2, 2, 0, 1, 0, 0, 0, 0, 0, 0, 0, 2, 0, 0, 0, 0, 0, 0, 0, 2, 2, 2, 3, 2, 0, 1, 1, 4, 2, 5, 1, 6, 2, 4, 2, 2, 444, 0, 0, 0, 0, 0, 0]",0,-0.19998845774173005,-1,1
2264,"[0, 1, 0, 3, 1, 0, 0, 3, 0, 1, 0, 2, 0, 0, 0, 0, 0, 1, 0, 0, 2, 0, 0, 0, 0, 0, 0, 0, 0, 0, 0, 0, 1, 1, 2, 2, 0, 0, 2, 0, 0, 1, 1, 0, 2, 2, 0, 1, 0, 0, 0, 0, 0, 0, 0, 2, 0, 0, 0, 0, 0, 0, 0, 2, 2, 2, 3, 2, 0, 1, 1, 4, 2, 5, 1, 6, 2, 4, 2, 2, 444, 0, 1, 0, 0, 0, 0]",2,0.40001154225826996,-1,0
2265,"[0, 1, 0, 3, 1, 0, 0, 3, 0, 1, 0, 2, 0, 0, 0, 0, 0, 1, 0, 0, 2, 0, 0, 0, 0, 0, 0, 0, 0, 0, 0, 0, 1, 1, 2, 2, 0, 0, 2, 0, 0, 1, 1, 0, 2, 2, 0, 1, 0, 0, 0, 0, 0, 0, 0, 2, 0, 0, 0, 0, 0, 0, 0, 2, 2, 2, 3, 2, 0, 1, 1, 4, 2, 5, 1, 6, 2, 4, 2, 2, 444, 0, 1, 0, 0, 1, 0]","[[0 1 0 0]
 [1 0 0 0]]",0.6504364073163609,-1,0
2266,"[0, 1, 0, 3, 1, 0, 0, 3, 0, 1, 0, 2, 0, 0, 0, 0, 0, 1, 0, 0, 2, 0, 0, 0, 0, 0, 0, 0, 0, 0, 0, 0, 1, 1, 2, 2, 0, 0, 2, 0, 0, 1, 1, 0, 2, 2, 0, 1, 0, 0, 0, 0, 0, 0, 0, 2, 0, 0, 0, 0, 0, 0, 0, 2, 2, 2, 3, 2, 0, 1, 1, 4, 2, 5, 1, 6, 2, 4, 2, 2, 444, 0, 1, 0, 0, 0, 1]",2,-0.19998845774173005,-1,1
2267,"[0, 1, 0, 3, 1, 0, 0, 3, 0, 1, 0, 2, 0, 0, 0, 0, 0, 1, 0, 0, 2, 0, 0, 0, 0, 0, 0, 0, 0, 0, 0, 0, 1, 1, 2, 2, 0, 0, 2, 0, 0, 1, 1, 0, 2, 2, 0, 1, 0, 0, 0, 0, 0, 0, 0, 2, 0, 0, 0, 0, 0, 0, 0, 2, 2, 2, 3, 2, 0, 1, 1, 4, 2, 5, 1, 6, 2, 4, 2, 2, 444, 0, 0, 1, 0, 0, 0]","[[1 0 0 0]
 [0 0 0 1]]",-0.19998845774173005,-1,1
2268,"[0, 1, 0, 3, 1, 0, 0, 3, 0, 1, 0, 2, 0, 0, 0, 0, 0, 1, 0, 0, 2, 0, 0, 0, 0, 0, 0, 0, 0, 0, 0, 0, 1, 1, 2, 2, 0, 0, 2, 0, 0, 1, 1, 0, 2, 2, 0, 1, 0, 0, 0, 0, 0, 0, 0, 2, 0, 0, 0, 0, 0, 0, 0, 2, 2, 2, 3, 2, 0, 1, 1, 4, 2, 5, 1, 6, 2, 4, 2, 2, 444, 0, 0, 0, 0, 0, 0]",1,-4.3899715073132,-1,0
2269,"[0, 1, 0, 3, 2, 0, 0, 3, 0, 1, 0, 2, 0, 0, 0, 0, 0, 1, 0, 0, 2, 0, 0, 0, 0, 0, 0, 0, 0, 0, 0, 0, 1, 1, 2, 2, 0, 0, 2, 0, 0, 1, 1, 0, 2, 2, 0, 1, 0, 0, 0, 0, 0, 0, 0, 2, 0, 0, 0, 0, 0, 0, 0, 2, 2, 2, 3, 2, 0, 1, 1, 4, 2, 5, 1, 6, 2, 4, 2, 2, 445, 0, 0, 0, 0, 0, 0]",4,12.494665240829958,-1,0
2270,"[0, 1, 0, 3, 2, 0, 0, 3, 0, 1, 0, 2, 0, 0, 0, 0, 0, 1, 0, 0, 2, 0, 0, 0, 0, 0, 0, 0, 0, 0, 0, 0, 1, 1, 2, 2, 0, 0, 2, 0, 0, 1, 1, 0, 2, 2, 0, 1, 0, 0, 0, 0, 0, 0, 0, 2, 0, 0, 0, 0, 0, 0, 0, 2, 2, 2, 3, 2, 0, 1, 1, 4, 2, 5, 1, 6, 2, 4, 2, 2, 446, 0, 0, 0, 0, 0, 0]",4,13.932096468991263,-1,1
2271,"[0, 1, 0, 4, 2, 0, 0, 4, 0, 1, 0, 2, 0, 0, 0, 0, 0, 1, 0, 0, 2, 0, 0, 0, 0, 0, 0, 0, 0, 0, 0, 0, 1, 1, 2, 2, 0, 0, 2, 0, 0, 1, 1, 0, 2, 2, 0, 1, 0, 0, 0, 0, 0, 0, 0, 2, 0, 0, 0, 0, 0, 0, 0, 2, 2, 2, 3, 2, 0, 1, 1, 4, 2, 5, 1, 6, 2, 4, 2, 2, 447, 0, 0, 0, 0, 0, 0]",4,12.361204719672166,-1,0
2272,"[0, 1, 0, 4, 2, 0, 0, 4, 0, 1, 0, 2, 0, 0, 0, 0, 0, 1, 0, 0, 2, 0, 0, 0, 0, 0, 0, 0, 0, 0, 0, 0, 1, 1, 2, 2, 0, 0, 2, 0, 0, 1, 1, 0, 2, 2, 0, 1, 0, 0, 0, 0, 0, 0, 0, 2, 0, 0, 0, 0, 0, 0, 0, 2, 2, 2, 3, 2, 0, 1, 1, 4, 2, 5, 1, 6, 2, 4, 2, 2, 447, 0, 1, 0, 0, 0, 0]",2,0.40001023713155265,-1,1
2273,"[0, 1, 0, 4, 2, 0, 0, 4, 0, 1, 0, 2, 0, 0, 0, 0, 0, 1, 0, 0, 2, 0, 0, 0, 0, 0, 0, 0, 0, 0, 0, 0, 1, 1, 2, 2, 0, 0, 2, 0, 0, 1, 1, 0, 2, 2, 0, 1, 0, 0, 0, 0, 0, 0, 0, 2, 0, 0, 0, 0, 0, 0, 0, 2, 2, 2, 3, 2, 0, 1, 1, 4, 2, 5, 1, 6, 2, 4, 2, 2, 447, 0, 1, 0, 0, 1, 0]","[[1 0 0 0]
 [0 0 0 1]]",0.6504351021896435,-1,1
2274,"[1, 1, 0, 3, 1, 0, 0, 5, 0, 1, 0, 2, 0, 0, 0, 0, 0, 1, 0, 0, 2, 0, 0, 0, 0, 0, 0, 0, 0, 0, 0, 0, 1, 1, 2, 2, 0, 0, 2, 0, 0, 1, 1, 0, 2, 2, 0, 1, 0, 0, 0, 0, 0, 0, 0, 2, 0, 0, 0, 0, 0, 0, 0, 2, 2, 2, 3, 2, 0, 1, 1, 4, 2, 5, 1, 6, 2, 4, 2, 2, 447, 0, 0, 0, 0, 0, 0]",0,-0.19998976286844733,-1,0
2275,"[1, 1, 0, 4, 1, 0, 0, 6, 0, 1, 0, 2, 0, 0, 0, 0, 0, 1, 0, 0, 2, 0, 0, 0, 0, 0, 0, 0, 0, 0, 0, 0, 1, 1, 2, 2, 0, 0, 2, 0, 0, 1, 1, 0, 2, 2, 0, 1, 0, 0, 0, 0, 0, 0, 0, 2, 0, 0, 0, 0, 0, 0, 0, 2, 2, 2, 3, 2, 0, 1, 1, 4, 2, 5, 1, 6, 2, 4, 2, 2, 448, 0, 0, 0, 0, 0, 0]",4,13.621106612673946,-1,1
2276,"[1, 1, 0, 4, 1, 0, 0, 6, 0, 1, 0, 2, 0, 0, 0, 0, 0, 1, 0, 0, 2, 0, 0, 0, 0, 0, 0, 0, 0, 0, 0, 0, 1, 1, 2, 2, 0, 0, 2, 0, 0, 1, 1, 0, 2, 2, 0, 1, 0, 0, 0, 0, 0, 0, 0, 2, 0, 0, 0, 0, 0, 0, 0, 2, 2, 2, 3, 2, 0, 1, 1, 4, 2, 5, 1, 6, 2, 4, 2, 2, 448, 0, 0, 0, 0, 0, 0]",0,0.2949845825782068,-1,0
2277,"[1, 1, 0, 4, 1, 0, 0, 6, 0, 1, 0, 2, 0, 0, 0, 0, 0, 1, 0, 0, 2, 0, 0, 0, 0, 0, 0, 0, 0, 0, 0, 0, 1, 1, 2, 2, 0, 0, 2, 0, 0, 1, 1, 0, 2, 2, 0, 1, 0, 0, 0, 0, 0, 0, 0, 2, 0, 0, 0, 0, 0, 0, 0, 2, 2, 2, 3, 2, 0, 1, 1, 4, 2, 5, 1, 6, 2, 4, 2, 2, 448, 0, 0, 0, 0, 0, 0]",-1,-0.0005666706577333694,-1,0
2278,"[1, 1, 0, 5, 1, 0, 0, 7, 0, 1, 0, 2, 0, 0, 0, 0, 0, 1, 0, 0, 2, 0, 0, 0, 0, 0, 0, 0, 0, 0, 0, 0, 1, 1, 2, 2, 0, 0, 2, 0, 0, 1, 1, 0, 2, 2, 0, 1, 0, 0, 0, 0, 0, 0, 0, 2, 0, 0, 0, 0, 0, 0, 0, 2, 2, 2, 3, 2, 0, 1, 1, 4, 2, 5, 1, 6, 2, 4, 2, 2, 449, 0, 0, 0, 0, 0, 0]",4,13.582802174692077,-1,1
2279,"[1, 1, 0, 5, 1, 0, 0, 7, 0, 1, 0, 2, 0, 0, 0, 0, 0, 1, 0, 0, 2, 0, 0, 0, 0, 0, 0, 0, 0, 0, 0, 0, 1, 1, 2, 2, 0, 0, 2, 0, 0, 1, 1, 0, 2, 2, 0, 1, 0, 0, 0, 0, 0, 0, 0, 2, 0, 0, 0, 0, 0, 0, 0, 2, 2, 2, 3, 2, 0, 1, 1, 4, 2, 5, 1, 6, 2, 4, 2, 2, 449, 0, 0, 0, 0, 0, 0]",0,0.29498419693124905,-1,0
2280,"[1, 1, 0, 5, 1, 0, 0, 7, 0, 1, 0, 2, 0, 0, 0, 0, 0, 1, 0, 0, 2, 0, 0, 0, 0, 0, 0, 0, 0, 0, 0, 0, 1, 1, 2, 2, 0, 0, 2, 0, 0, 1, 1, 0, 2, 2, 0, 1, 0, 0, 0, 0, 0, 0, 0, 2, 0, 0, 0, 0, 0, 0, 0, 2, 2, 2, 3, 2, 0, 1, 1, 4, 2, 5, 1, 6, 2, 4, 2, 2, 449, 0, 0, 0, 0, 0, 0]",-1,-0.0005610321904794542,-1,0
2281,"[1, 1, 0, 5, 1, 0, 0, 7, 0, 1, 0, 2, 0, 0, 0, 0, 0, 1, 0, 0, 2, 0, 0, 0, 0, 0, 0, 0, 0, 0, 0, 0, 1, 1, 2, 2, 0, 0, 2, 0, 0, 1, 1, 0, 2, 2, 0, 1, 0, 0, 0, 0, 0, 0, 0, 2, 0, 0, 0, 0, 0, 0, 0, 2, 2, 2, 3, 2, 0, 1, 1, 4, 2, 5, 1, 6, 2, 4, 2, 2, 449, 0, 0, 0, 0, 0, 0]",0,0.29498419693124905,-1,0
2282,"[1, 1, 0, 5, 1, 0, 0, 7, 0, 1, 0, 2, 0, 0, 0, 0, 0, 1, 0, 0, 2, 0, 0, 0, 0, 0, 0, 0, 0, 0, 0, 0, 1, 1, 2, 2, 0, 0, 2, 0, 0, 1, 1, 0, 2, 2, 0, 1, 0, 0, 0, 0, 0, 0, 0, 2, 0, 0, 0, 0, 0, 0, 0, 2, 2, 2, 3, 2, 0, 1, 1, 4, 2, 5, 1, 6, 2, 4, 2, 2, 449, 0, 0, 0, 0, 0, 0]",-1,-0.0005610321904794542,-1,0
2283,"[1, 1, 0, 5, 1, 0, 0, 7, 0, 1, 0, 2, 0, 0, 0, 0, 0, 1, 0, 0, 2, 0, 0, 0, 0, 0, 0, 0, 0, 0, 0, 0, 1, 1, 2, 2, 0, 0, 2, 0, 0, 1, 1, 0, 2, 2, 0, 1, 0, 0, 0, 0, 0, 0, 0, 2, 0, 0, 0, 0, 0, 0, 0, 2, 2, 2, 3, 2, 0, 1, 1, 4, 2, 5, 1, 6, 2, 4, 2, 2, 449, 0, 0, 0, 0, 0, 0]",0,0.29498419693124905,-1,0
2284,"[1, 1, 0, 5, 1, 0, 0, 7, 0, 1, 0, 2, 0, 0, 0, 0, 0, 1, 0, 0, 2, 0, 0, 0, 0, 0, 0, 0, 0, 0, 0, 0, 1, 1, 2, 2, 0, 0, 2, 0, 0, 1, 1, 0, 2, 2, 0, 1, 0, 0, 0, 0, 0, 0, 0, 2, 0, 0, 0, 0, 0, 0, 0, 2, 2, 2, 3, 2, 0, 1, 1, 4, 2, 5, 1, 6, 2, 4, 2, 2, 449, 0, 0, 0, 0, 0, 0]",-1,-0.0005610321904794542,-1,0
2285,"[1, 1, 0, 5, 1, 0, 0, 7, 0, 1, 0, 2, 0, 0, 0, 0, 0, 1, 0, 0, 2, 0, 0, 0, 0, 0, 0, 0, 0, 0, 0, 0, 1, 1, 2, 2, 0, 0, 2, 0, 0, 1, 1, 0, 2, 2, 0, 1, 0, 0, 0, 0, 0, 0, 0, 2, 0, 0, 0, 0, 0, 0, 0, 2, 2, 2, 3, 2, 0, 1, 1, 4, 2, 5, 1, 6, 2, 4, 2, 2, 449, 0, 0, 0, 0, 0, 0]",0,0.29498419693124905,-1,0
2286,"[1, 1, 0, 5, 1, 0, 0, 7, 0, 1, 0, 2, 0, 0, 0, 0, 0, 1, 0, 0, 2, 0, 0, 0, 0, 0, 0, 0, 0, 0, 0, 0, 1, 1, 2, 2, 0, 0, 2, 0, 0, 1, 1, 0, 2, 2, 0, 1, 0, 0, 0, 0, 0, 0, 0, 2, 0, 0, 0, 0, 0, 0, 0, 2, 2, 2, 3, 2, 0, 1, 1, 4, 2, 5, 1, 6, 2, 4, 2, 2, 449, 0, 0, 0, 0, 0, 0]",-1,-0.0005610321904794542,-1,0
2287,"[1, 1, 0, 5, 1, 0, 0, 7, 0, 1, 0, 2, 0, 0, 0, 0, 0, 1, 0, 0, 2, 0, 0, 0, 0, 0, 0, 0, 0, 0, 0, 0, 1, 1, 2, 2, 0, 0, 2, 0, 0, 1, 1, 0, 2, 2, 0, 1, 0, 0, 0, 0, 0, 0, 0, 2, 0, 0, 0, 0, 0, 0, 0, 2, 2, 2, 3, 2, 0, 1, 1, 4, 2, 5, 1, 6, 2, 4, 2, 2, 449, 0, 0, 0, 0, 0, 0]",0,0.29498419693124905,-1,0
2288,"[1, 1, 0, 5, 1, 0, 0, 7, 0, 1, 0, 2, 0, 0, 0, 0, 0, 1, 0, 0, 2, 0, 0, 0, 0, 0, 0, 0, 0, 0, 0, 0, 1, 1, 2, 2, 0, 0, 2, 0, 0, 1, 1, 0, 2, 2, 0, 1, 0, 0, 0, 0, 0, 0, 0, 2, 0, 0, 0, 0, 0, 0, 0, 2, 2, 2, 3, 2, 0, 1, 1, 4, 2, 5, 1, 6, 2, 4, 2, 2, 449, 0, 0, 0, 0, 0, 0]",-1,-0.0005610321904794542,-1,0
2289,"[1, 1, 0, 5, 1, 0, 0, 7, 0, 1, 0, 2, 0, 0, 0, 0, 0, 1, 0, 0, 2, 0, 0, 0, 0, 0, 0, 0, 0, 0, 0, 0, 1, 1, 2, 2, 0, 0, 2, 0, 0, 1, 1, 0, 2, 2, 0, 1, 0, 0, 0, 0, 0, 0, 0, 2, 0, 0, 0, 0, 0, 0, 0, 2, 2, 2, 3, 2, 0, 1, 1, 4, 2, 5, 1, 6, 2, 4, 2, 2, 449, 0, 0, 0, 0, 0, 0]",0,0.29498419693124905,-1,0
2290,"[1, 1, 0, 5, 1, 0, 0, 7, 0, 1, 0, 2, 0, 0, 0, 0, 0, 1, 0, 0, 2, 0, 0, 0, 0, 0, 0, 0, 0, 0, 0, 0, 1, 1, 2, 2, 0, 0, 2, 0, 0, 1, 1, 0, 2, 2, 0, 1, 0, 0, 0, 0, 0, 0, 0, 2, 0, 0, 0, 0, 0, 0, 0, 2, 2, 2, 3, 2, 0, 1, 1, 4, 2, 5, 1, 6, 2, 4, 2, 2, 449, 0, 0, 0, 0, 0, 0]",-1,-0.0005610321904794542,-1,0
2291,"[1, 1, 0, 5, 1, 0, 0, 7, 0, 1, 0, 2, 0, 0, 0, 0, 0, 1, 0, 0, 2, 0, 0, 0, 0, 0, 0, 0, 0, 0, 0, 0, 1, 1, 2, 2, 0, 0, 2, 0, 0, 1, 1, 0, 2, 2, 0, 1, 0, 0, 0, 0, 0, 0, 0, 2, 0, 0, 0, 0, 0, 0, 0, 2, 2, 2, 3, 2, 0, 1, 1, 4, 2, 5, 1, 6, 2, 4, 2, 2, 449, 0, 0, 0, 0, 0, 0]",1,0.6096335652002824,-1,0
2292,"[1, 1, 0, 5, 1, 0, 0, 7, 0, 1, 0, 2, 0, 0, 0, 0, 0, 1, 0, 0, 2, 0, 0, 0, 0, 0, 0, 0, 0, 0, 0, 0, 1, 1, 2, 2, 0, 0, 2, 0, 0, 1, 1, 0, 2, 2, 0, 1, 0, 0, 0, 0, 0, 0, 0, 2, 0, 0, 0, 0, 0, 0, 0, 2, 2, 2, 3, 2, 0, 1, 1, 4, 2, 5, 1, 6, 2, 4, 2, 2, 449, 0, 0, 0, 0, 0, 0]",-1,-0.0005610321904794542,-1,0
2293,"[1, 1, 0, 5, 1, 0, 0, 7, 0, 1, 0, 2, 0, 0, 0, 0, 0, 1, 0, 0, 2, 0, 0, 0, 0, 0, 0, 0, 0, 0, 0, 0, 1, 1, 2, 2, 0, 0, 2, 0, 0, 1, 1, 0, 2, 2, 0, 1, 0, 0, 0, 0, 0, 0, 0, 2, 0, 0, 0, 0, 0, 0, 0, 2, 2, 2, 3, 2, 0, 1, 1, 4, 2, 5, 1, 6, 2, 4, 2, 2, 449, 1, 0, 0, 0, 0, 0]",3,0.2000094501006658,-1,0
2294,"[1, 1, 0, 5, 1, 0, 0, 7, 0, 1, 0, 2, 0, 0, 0, 0, 0, 1, 0, 0, 2, 0, 0, 0, 0, 0, 0, 0, 0, 0, 0, 0, 1, 1, 2, 2, 0, 0, 2, 0, 0, 1, 1, 0, 2, 2, 0, 1, 0, 0, 0, 0, 0, 0, 0, 2, 0, 0, 0, 0, 0, 0, 0, 2, 2, 2, 3, 2, 0, 1, 1, 4, 2, 5, 1, 6, 2, 4, 2, 2, 449, 0, 0, 0, 0, 0, 0]",-1,-0.0005610321904794542,-1,0
2295,"[1, 1, 0, 5, 2, 0, 0, 7, 0, 1, 0, 2, 0, 0, 0, 0, 0, 1, 0, 0, 2, 0, 0, 0, 0, 0, 0, 0, 0, 0, 0, 0, 1, 1, 2, 2, 0, 0, 2, 0, 0, 1, 1, 0, 2, 2, 0, 1, 0, 0, 0, 0, 0, 0, 0, 2, 0, 0, 0, 0, 0, 0, 0, 2, 2, 2, 3, 2, 0, 1, 1, 4, 2, 5, 1, 6, 2, 4, 2, 2, 450, 0, 0, 0, 0, 0, 0]",4,12.437754405347633,-1,0
2296,"[1, 1, 0, 2, 1, 0, 0, 3, 0, 1, 0, 2, 0, 0, 0, 0, 0, 1, 0, 0, 2, 0, 0, 0, 0, 0, 0, 0, 0, 0, 0, 0, 1, 1, 2, 2, 0, 0, 2, 0, 0, 1, 1, 0, 2, 2, 0, 1, 0, 0, 0, 0, 0, 0, 0, 2, 0, 0, 0, 0, 0, 0, 0, 2, 2, 2, 3, 2, 0, 1, 1, 4, 2, 5, 1, 6, 2, 4, 2, 6, 451, 0, 0, 0, 0, 0, 0]",4,13.894594180500953,-1,1
2297,"[1, 1, 0, 2, 1, 0, 0, 3, 0, 1, 0, 2, 0, 0, 0, 0, 0, 1, 0, 0, 2, 0, 0, 0, 0, 0, 0, 0, 0, 0, 0, 0, 1, 1, 2, 2, 0, 0, 2, 0, 0, 1, 1, 0, 2, 2, 0, 1, 0, 0, 0, 0, 0, 0, 0, 2, 0, 0, 0, 0, 0, 0, 0, 2, 2, 2, 3, 2, 0, 1, 1, 4, 2, 5, 1, 6, 2, 4, 2, 6, 451, 0, 0, 0, 0, 0, 0]",1,0.6096328386737072,-1,0
2298,"[1, 1, 0, 2, 1, 0, 0, 3, 0, 1, 0, 2, 0, 0, 0, 0, 0, 1, 0, 0, 2, 0, 0, 0, 0, 0, 0, 0, 0, 0, 0, 0, 1, 1, 2, 2, 0, 0, 2, 0, 0, 1, 1, 0, 2, 2, 0, 1, 0, 0, 0, 0, 0, 0, 0, 2, 0, 0, 0, 0, 0, 0, 0, 2, 2, 2, 3, 2, 0, 1, 1, 4, 2, 5, 1, 6, 2, 4, 2, 6, 451, 0, 0, 0, 0, 0, 0]",-1,-0.0005499230087903441,-1,0
2299,"[1, 1, 0, 3, 1, 0, 0, 4, 0, 1, 0, 2, 0, 0, 0, 0, 0, 1, 0, 0, 2, 0, 0, 0, 0, 0, 0, 0, 0, 0, 0, 0, 1, 1, 2, 2, 0, 0, 2, 0, 0, 1, 1, 0, 2, 2, 0, 1, 0, 0, 0, 0, 0, 0, 0, 2, 0, 0, 0, 0, 0, 0, 0, 2, 2, 2, 3, 2, 0, 1, 1, 4, 2, 5, 1, 6, 2, 4, 2, 6, 452, 0, 0, 0, 0, 0, 0]",4,12.714063693865205,-1,0
2300,"[1, 1, 0, 3, 1, 0, 0, 4, 0, 1, 0, 2, 0, 0, 0, 0, 0, 1, 0, 0, 2, 0, 0, 0, 0, 0, 0, 0, 0, 0, 0, 0, 1, 1, 2, 2, 0, 0, 2, 0, 0, 1, 1, 0, 2, 2, 0, 1, 0, 0, 0, 0, 0, 0, 0, 2, 0, 0, 0, 0, 0, 0, 0, 2, 2, 2, 3, 2, 0, 1, 1, 4, 2, 5, 1, 6, 2, 4, 2, 6, 452, 0, 1, 0, 0, 0, 0]",2,0.40000838153219254,-1,1
2301,"[1, 1, 0, 3, 1, 0, 0, 4, 0, 1, 0, 2, 0, 0, 0, 0, 0, 1, 0, 0, 2, 0, 0, 0, 0, 0, 0, 0, 0, 0, 0, 0, 1, 1, 2, 2, 0, 0, 2, 0, 0, 1, 1, 0, 2, 2, 0, 1, 0, 0, 0, 0, 0, 0, 0, 2, 0, 0, 0, 0, 0, 0, 0, 2, 2, 2, 3, 2, 0, 1, 1, 4, 2, 5, 1, 6, 2, 4, 2, 6, 452, 0, 1, 0, 0, 1, 0]","[[1 0 0 0]
 [0 1 0 0]]",0.6504332465902835,-1,1
2302,"[2, 0, 0, 3, 0, 1, 0, 4, 0, 1, 0, 2, 0, 0, 0, 0, 0, 1, 0, 0, 2, 0, 0, 0, 0, 0, 0, 0, 0, 0, 0, 0, 1, 1, 2, 2, 0, 0, 2, 0, 0, 1, 1, 0, 2, 2, 0, 1, 0, 0, 0, 0, 0, 0, 0, 2, 0, 0, 0, 0, 0, 0, 0, 2, 2, 2, 3, 2, 0, 1, 1, 4, 2, 5, 1, 6, 2, 4, 2, 6, 452, 0, 0, 0, 0, 0, 0]",0,-0.19999161846780744,-1,0
2303,"[2, 1, 0, 3, 0, 2, 0, 4, 0, 1, 0, 2, 0, 0, 0, 0, 0, 1, 0, 0, 2, 0, 0, 0, 0, 0, 0, 0, 0, 0, 0, 0, 1, 1, 2, 2, 0, 0, 2, 0, 0, 1, 1, 0, 2, 2, 0, 1, 0, 0, 0, 0, 0, 0, 0, 2, 0, 0, 0, 0, 0, 0, 0, 2, 2, 2, 3, 2, 0, 1, 1, 4, 2, 5, 1, 6, 2, 4, 2, 6, 453, 0, 0, 0, 0, 0, 0]",4,13.851804169707595,-1,1
2304,"[2, 1, 0, 3, 0, 2, 0, 4, 0, 1, 0, 2, 0, 0, 0, 0, 0, 1, 0, 0, 2, 0, 0, 0, 0, 0, 0, 0, 0, 0, 0, 0, 1, 1, 2, 2, 0, 0, 2, 0, 0, 1, 1, 0, 2, 2, 0, 1, 0, 0, 0, 0, 0, 0, 0, 2, 0, 0, 0, 0, 0, 0, 0, 2, 2, 2, 3, 2, 0, 1, 1, 4, 2, 5, 1, 6, 2, 4, 2, 6, 453, 1, 0, 0, 0, 0, 0]",3,0.20000805290084728,-1,0
2305,"[0, 1, 0, 4, 0, 2, 0, 4, 0, 1, 0, 2, 0, 0, 0, 0, 0, 1, 0, 0, 2, 0, 0, 0, 0, 0, 0, 0, 0, 0, 0, 0, 1, 1, 2, 2, 0, 0, 2, 0, 0, 1, 1, 0, 2, 2, 0, 1, 0, 0, 0, 0, 0, 0, 0, 2, 0, 0, 0, 0, 0, 0, 0, 2, 2, 2, 3, 2, 0, 1, 1, 4, 2, 5, 1, 6, 2, 4, 2, 6, 453, 0, 0, 0, 0, 0, 0]","[[2 0 0 0]
 [0 0 0 1]]",-0.19853426518811168,-1,0
2306,"[0, 1, 0, 4, 0, 2, 0, 4, 0, 1, 0, 2, 0, 0, 0, 0, 0, 1, 0, 0, 2, 0, 0, 0, 0, 0, 0, 0, 0, 0, 0, 0, 1, 1, 2, 2, 0, 0, 2, 0, 0, 1, 1, 0, 2, 2, 0, 1, 0, 0, 0, 0, 0, 0, 0, 2, 0, 0, 0, 0, 0, 0, 0, 2, 2, 2, 3, 2, 0, 1, 1, 4, 2, 5, 1, 6, 2, 4, 2, 6, 453, 0, 0, 0, 0, 0, 0]",1,0.6096321680004639,-1,0
2307,"[0, 1, 0, 4, 0, 2, 0, 4, 0, 1, 0, 2, 0, 0, 0, 0, 0, 1, 0, 0, 2, 0, 0, 0, 0, 0, 0, 0, 0, 0, 0, 0, 1, 1, 2, 2, 0, 0, 2, 0, 0, 1, 1, 0, 2, 2, 0, 1, 0, 0, 0, 0, 0, 0, 0, 2, 0, 0, 0, 0, 0, 0, 0, 2, 2, 2, 3, 2, 0, 1, 1, 4, 2, 5, 1, 6, 2, 4, 2, 6, 453, 0, 0, 0, 0, 0, 0]",-1,-0.0005390338036371542,-1,0
2308,"[0, 1, 0, 2, 0, 1, 0, 2, 0, 1, 0, 2, 0, 0, 0, 0, 0, 1, 0, 0, 2, 0, 0, 0, 0, 0, 0, 0, 0, 0, 0, 0, 1, 1, 2, 2, 0, 0, 2, 0, 0, 1, 1, 0, 2, 2, 0, 1, 0, 0, 0, 0, 0, 0, 0, 2, 0, 0, 0, 0, 0, 0, 0, 2, 2, 2, 3, 2, 0, 1, 1, 4, 2, 5, 1, 6, 2, 4, 2, 2, 454, 0, 0, 0, 0, 0, 0]",4,14.056754446581563,-1,1
2309,"[0, 2, 0, 2, 0, 2, 0, 2, 0, 1, 0, 2, 0, 0, 0, 0, 0, 1, 0, 0, 2, 0, 0, 0, 0, 0, 0, 0, 0, 0, 0, 0, 1, 1, 2, 2, 0, 0, 2, 0, 0, 1, 1, 0, 2, 2, 0, 1, 0, 0, 0, 0, 0, 0, 0, 2, 0, 0, 0, 0, 0, 0, 0, 2, 2, 2, 3, 2, 0, 1, 1, 4, 2, 5, 1, 6, 2, 4, 2, 2, 455, 0, 0, 0, 0, 0, 0]",4,12.617137443383951,-1,0
2310,"[0, 2, 0, 3, 0, 2, 0, 3, 0, 1, 0, 2, 0, 0, 0, 0, 0, 1, 0, 0, 2, 0, 0, 0, 0, 0, 0, 0, 0, 0, 0, 0, 1, 1, 2, 2, 0, 0, 2, 0, 0, 1, 1, 0, 2, 2, 0, 1, 0, 0, 0, 0, 0, 0, 0, 2, 0, 0, 0, 0, 0, 0, 0, 2, 2, 2, 3, 2, 0, 1, 1, 4, 2, 5, 1, 6, 2, 4, 2, 2, 456, 0, 0, 0, 0, 0, 0]",4,13.931981820152904,-1,1
2311,"[0, 2, 0, 3, 0, 2, 0, 3, 0, 1, 0, 2, 0, 0, 0, 0, 0, 1, 0, 0, 2, 0, 0, 0, 0, 0, 0, 0, 0, 0, 0, 0, 1, 1, 2, 2, 0, 0, 2, 0, 0, 1, 1, 0, 2, 2, 0, 1, 0, 0, 0, 0, 0, 0, 0, 2, 0, 0, 0, 0, 0, 0, 0, 2, 2, 2, 3, 2, 0, 1, 1, 4, 2, 5, 1, 6, 2, 4, 2, 2, 456, 0, 1, 0, 0, 0, 0]",2,0.40000714231485585,-1,0
2312,"[0, 2, 0, 3, 0, 2, 0, 3, 0, 1, 0, 2, 0, 0, 0, 0, 0, 1, 0, 0, 2, 0, 0, 0, 0, 0, 0, 0, 0, 0, 0, 0, 1, 1, 2, 2, 0, 0, 2, 0, 0, 1, 1, 0, 2, 2, 0, 1, 0, 0, 0, 0, 0, 0, 0, 2, 0, 0, 0, 0, 0, 0, 0, 2, 2, 2, 3, 2, 0, 1, 1, 4, 2, 5, 1, 6, 2, 4, 2, 2, 456, 0, 0, 0, 0, 0, 0]",-1,-0.0005231029471713397,-1,0
2313,"[0, 2, 0, 3, 0, 2, 0, 3, 0, 1, 0, 2, 0, 0, 0, 0, 0, 1, 0, 0, 2, 0, 0, 0, 0, 0, 0, 0, 0, 0, 0, 0, 1, 1, 2, 2, 0, 0, 2, 0, 0, 1, 1, 0, 2, 2, 0, 1, 0, 0, 0, 0, 0, 0, 0, 2, 0, 0, 0, 0, 0, 0, 0, 2, 2, 2, 3, 2, 0, 1, 1, 4, 2, 5, 1, 6, 2, 4, 2, 2, 456, 0, 1, 0, 0, 0, 0]",2,0.40000714231485585,-1,0
2314,"[0, 2, 0, 3, 0, 2, 0, 3, 0, 1, 0, 2, 0, 0, 0, 0, 0, 1, 0, 0, 2, 0, 0, 0, 0, 0, 0, 0, 0, 0, 0, 0, 1, 1, 2, 2, 0, 0, 2, 0, 0, 1, 1, 0, 2, 2, 0, 1, 0, 0, 0, 0, 0, 0, 0, 2, 0, 0, 0, 0, 0, 0, 0, 2, 2, 2, 3, 2, 0, 1, 1, 4, 2, 5, 1, 6, 2, 4, 2, 2, 456, 0, 0, 0, 0, 0, 0]",-1,-0.0005231029471713397,-1,0
2315,"[0, 2, 0, 3, 1, 2, 0, 3, 0, 1, 0, 2, 0, 0, 0, 0, 0, 1, 0, 0, 2, 0, 0, 0, 0, 0, 0, 0, 0, 0, 0, 0, 1, 1, 2, 2, 0, 0, 2, 0, 0, 1, 1, 0, 2, 2, 0, 1, 0, 0, 0, 0, 0, 0, 0, 2, 0, 0, 0, 0, 0, 0, 0, 2, 2, 2, 3, 2, 0, 1, 1, 4, 2, 5, 1, 6, 2, 4, 2, 2, 457, 0, 0, 0, 0, 0, 0]",4,12.5319710255643,-1,0
2316,"[0, 2, 0, 3, 1, 2, 0, 3, 0, 1, 0, 2, 0, 0, 0, 0, 0, 1, 0, 0, 2, 0, 0, 0, 0, 0, 0, 0, 0, 0, 0, 0, 1, 1, 2, 2, 0, 0, 2, 0, 0, 1, 1, 0, 2, 2, 0, 1, 0, 0, 0, 0, 0, 0, 0, 2, 0, 0, 0, 0, 0, 0, 0, 2, 2, 2, 3, 2, 0, 1, 1, 4, 2, 5, 1, 6, 2, 4, 2, 2, 457, 0, 1, 0, 0, 0, 0]",2,0.40000686227029364,-1,1
2317,"[0, 2, 0, 3, 1, 2, 0, 3, 0, 1, 0, 2, 0, 0, 0, 0, 0, 1, 0, 0, 2, 0, 0, 0, 0, 0, 0, 0, 0, 0, 0, 0, 1, 1, 2, 2, 0, 0, 2, 0, 0, 1, 1, 0, 2, 2, 0, 1, 0, 0, 0, 0, 0, 0, 0, 2, 0, 0, 0, 0, 0, 0, 0, 2, 2, 2, 3, 2, 0, 1, 1, 4, 2, 5, 1, 6, 2, 4, 2, 2, 457, 0, 1, 0, 0, 1, 0]","[[1 0 0 0]
 [0 1 0 0]]",0.6504317273283846,-1,1
2318,"[1, 1, 0, 3, 0, 3, 0, 3, 0, 1, 0, 2, 0, 0, 0, 0, 0, 1, 0, 0, 2, 0, 0, 0, 0, 0, 0, 0, 0, 0, 0, 0, 1, 1, 2, 2, 0, 0, 2, 0, 0, 1, 1, 0, 2, 2, 0, 1, 0, 0, 0, 0, 0, 0, 0, 2, 0, 0, 0, 0, 0, 0, 0, 2, 2, 2, 3, 2, 0, 1, 1, 4, 2, 5, 1, 6, 2, 4, 2, 2, 457, 0, 0, 0, 0, 0, 0]",0,-0.19999313772970634,-1,0
2319,"[1, 1, 0, 3, 1, 3, 0, 3, 0, 1, 0, 2, 0, 0, 0, 0, 0, 1, 0, 0, 2, 0, 0, 0, 0, 0, 0, 0, 0, 0, 0, 0, 1, 1, 2, 2, 0, 0, 2, 0, 0, 1, 1, 0, 2, 2, 0, 1, 0, 0, 0, 0, 0, 0, 0, 2, 0, 0, 0, 0, 0, 0, 0, 2, 2, 2, 3, 2, 0, 1, 1, 4, 2, 5, 1, 6, 2, 4, 2, 2, 458, 0, 0, 0, 0, 0, 0]",4,14.088000959871616,-1,1
2320,"[1, 1, 0, 3, 1, 3, 0, 3, 0, 1, 0, 2, 0, 0, 0, 0, 0, 1, 0, 0, 2, 0, 0, 0, 0, 0, 0, 0, 0, 0, 0, 0, 1, 1, 2, 2, 0, 0, 2, 0, 0, 1, 1, 0, 2, 2, 0, 1, 0, 0, 0, 0, 0, 0, 0, 2, 0, 0, 0, 0, 0, 0, 0, 2, 2, 2, 3, 2, 0, 1, 1, 4, 2, 5, 1, 6, 2, 4, 2, 2, 458, 0, 0, 0, 0, 0, 0]",0,0.2949813400362804,-1,0
2321,"[1, 1, 0, 3, 1, 3, 0, 3, 0, 1, 0, 2, 0, 0, 0, 0, 0, 1, 0, 0, 2, 0, 0, 0, 0, 0, 0, 0, 0, 0, 0, 0, 1, 1, 2, 2, 0, 0, 2, 0, 0, 1, 1, 0, 2, 2, 0, 1, 0, 0, 0, 0, 0, 0, 0, 2, 0, 0, 0, 0, 0, 0, 0, 2, 2, 2, 3, 2, 0, 1, 1, 4, 2, 5, 1, 6, 2, 4, 2, 2, 458, 0, 0, 0, 0, 0, 0]",-1,-0.0005127448148202011,-1,0
2322,"[1, 1, 0, 3, 1, 3, 0, 3, 0, 1, 0, 2, 0, 0, 0, 0, 0, 1, 0, 0, 2, 0, 0, 0, 0, 0, 0, 0, 0, 0, 0, 0, 1, 1, 2, 2, 0, 0, 2, 0, 0, 1, 1, 0, 2, 2, 0, 1, 0, 0, 0, 0, 0, 0, 0, 2, 0, 0, 0, 0, 0, 0, 0, 2, 2, 2, 3, 2, 0, 1, 1, 4, 2, 5, 1, 6, 2, 4, 2, 2, 459, 0, 0, 0, 0, 0, 0]",4,14.087990395014389,-1,1
2323,"[1, 1, 0, 3, 1, 3, 0, 3, 0, 1, 0, 2, 0, 0, 0, 0, 0, 1, 0, 0, 2, 0, 0, 0, 0, 0, 0, 0, 0, 0, 0, 0, 1, 1, 2, 2, 0, 0, 2, 0, 0, 1, 1, 0, 2, 2, 0, 1, 0, 0, 0, 0, 0, 0, 0, 2, 0, 0, 0, 0, 0, 0, 0, 2, 2, 2, 3, 2, 0, 1, 1, 4, 2, 5, 1, 6, 2, 4, 2, 2, 459, 0, 0, 0, 0, 0, 0]",0,0.2949810815211755,-1,0
2324,"[1, 1, 0, 3, 1, 3, 0, 3, 0, 1, 0, 2, 0, 0, 0, 0, 0, 1, 0, 0, 2, 0, 0, 0, 0, 0, 0, 0, 0, 0, 0, 0, 1, 1, 2, 2, 0, 0, 2, 0, 0, 1, 1, 0, 2, 2, 0, 1, 0, 0, 0, 0, 0, 0, 0, 2, 0, 0, 0, 0, 0, 0, 0, 2, 2, 2, 3, 2, 0, 1, 1, 4, 2, 5, 1, 6, 2, 4, 2, 2, 459, 0, 0, 0, 0, 0, 0]",-1,-0.0005076429186684882,-1,0
2325,"[1, 1, 0, 3, 1, 3, 0, 3, 0, 1, 0, 2, 0, 0, 0, 0, 0, 1, 0, 0, 2, 0, 0, 0, 0, 0, 0, 0, 0, 0, 0, 0, 1, 1, 2, 2, 0, 0, 2, 0, 0, 1, 1, 0, 2, 2, 0, 1, 0, 0, 0, 0, 0, 0, 0, 2, 0, 0, 0, 0, 0, 0, 0, 2, 2, 2, 3, 2, 0, 1, 1, 4, 2, 5, 1, 6, 2, 4, 2, 2, 459, 0, 0, 0, 0, 0, 0]",0,0.2949810815211755,-1,0
2326,"[1, 1, 0, 3, 1, 3, 0, 3, 0, 1, 0, 2, 0, 0, 0, 0, 0, 1, 0, 0, 2, 0, 0, 0, 0, 0, 0, 0, 0, 0, 0, 0, 1, 1, 2, 2, 0, 0, 2, 0, 0, 1, 1, 0, 2, 2, 0, 1, 0, 0, 0, 0, 0, 0, 0, 2, 0, 0, 0, 0, 0, 0, 0, 2, 2, 2, 3, 2, 0, 1, 1, 4, 2, 5, 1, 6, 2, 4, 2, 2, 459, 0, 0, 0, 0, 0, 0]",-1,-0.0005076429186684882,-1,0
2327,"[1, 1, 0, 3, 1, 3, 0, 3, 0, 1, 0, 2, 0, 0, 0, 0, 0, 1, 0, 0, 2, 0, 0, 0, 0, 0, 0, 0, 0, 0, 0, 0, 1, 1, 2, 2, 0, 0, 2, 0, 0, 1, 1, 0, 2, 2, 0, 1, 0, 0, 0, 0, 0, 0, 0, 2, 0, 0, 0, 0, 0, 0, 0, 2, 2, 2, 3, 2, 0, 1, 1, 4, 2, 5, 1, 6, 2, 4, 2, 2, 459, 0, 0, 0, 0, 0, 0]",0,0.2949810815211755,-1,0
2328,"[1, 1, 0, 3, 1, 3, 0, 3, 0, 1, 0, 2, 0, 0, 0, 0, 0, 1, 0, 0, 2, 0, 0, 0, 0, 0, 0, 0, 0, 0, 0, 0, 1, 1, 2, 2, 0, 0, 2, 0, 0, 1, 1, 0, 2, 2, 0, 1, 0, 0, 0, 0, 0, 0, 0, 2, 0, 0, 0, 0, 0, 0, 0, 2, 2, 2, 3, 2, 0, 1, 1, 4, 2, 5, 1, 6, 2, 4, 2, 2, 459, 0, 0, 0, 0, 0, 0]",-1,-0.0005076429186684882,-1,0
2329,"[1, 1, 0, 3, 1, 3, 0, 3, 0, 1, 0, 2, 0, 0, 0, 0, 0, 1, 0, 0, 2, 0, 0, 0, 0, 0, 0, 0, 0, 0, 0, 0, 1, 1, 2, 2, 0, 0, 2, 0, 0, 1, 1, 0, 2, 2, 0, 1, 0, 0, 0, 0, 0, 0, 0, 2, 0, 0, 0, 0, 0, 0, 0, 2, 2, 2, 3, 2, 0, 1, 1, 4, 2, 5, 1, 6, 2, 4, 2, 2, 459, 0, 0, 0, 0, 0, 0]",0,0.2949810815211755,-1,0
2330,"[1, 1, 0, 3, 1, 3, 0, 3, 0, 1, 0, 2, 0, 0, 0, 0, 0, 1, 0, 0, 2, 0, 0, 0, 0, 0, 0, 0, 0, 0, 0, 0, 1, 1, 2, 2, 0, 0, 2, 0, 0, 1, 1, 0, 2, 2, 0, 1, 0, 0, 0, 0, 0, 0, 0, 2, 0, 0, 0, 0, 0, 0, 0, 2, 2, 2, 3, 2, 0, 1, 1, 4, 2, 5, 1, 6, 2, 4, 2, 2, 459, 0, 0, 0, 0, 0, 0]",-1,-0.0005076429186684882,-1,0
2331,"[1, 1, 0, 3, 1, 3, 0, 3, 0, 1, 0, 2, 0, 0, 0, 0, 0, 1, 0, 0, 2, 0, 0, 0, 0, 0, 0, 0, 0, 0, 0, 0, 1, 1, 2, 2, 0, 0, 2, 0, 0, 1, 1, 0, 2, 2, 0, 1, 0, 0, 0, 0, 0, 0, 0, 2, 0, 0, 0, 0, 0, 0, 0, 2, 2, 2, 3, 2, 0, 1, 1, 4, 2, 5, 1, 6, 2, 4, 2, 2, 459, 0, 0, 0, 0, 0, 0]",0,0.2949810815211755,-1,0
2332,"[1, 1, 0, 3, 1, 3, 0, 3, 0, 1, 0, 2, 0, 0, 0, 0, 0, 1, 0, 0, 2, 0, 0, 0, 0, 0, 0, 0, 0, 0, 0, 0, 1, 1, 2, 2, 0, 0, 2, 0, 0, 1, 1, 0, 2, 2, 0, 1, 0, 0, 0, 0, 0, 0, 0, 2, 0, 0, 0, 0, 0, 0, 0, 2, 2, 2, 3, 2, 0, 1, 1, 4, 2, 5, 1, 6, 2, 4, 2, 2, 459, 0, 0, 0, 0, 0, 0]",-1,-0.0005076429186684882,-1,0
2333,"[1, 1, 0, 3, 1, 3, 0, 3, 0, 1, 0, 2, 0, 0, 0, 0, 0, 1, 0, 0, 2, 0, 0, 0, 0, 0, 0, 0, 0, 0, 0, 0, 1, 1, 2, 2, 0, 0, 2, 0, 0, 1, 1, 0, 2, 2, 0, 1, 0, 0, 0, 0, 0, 0, 0, 2, 0, 0, 0, 0, 0, 0, 0, 2, 2, 2, 3, 2, 0, 1, 1, 4, 2, 5, 1, 6, 2, 4, 2, 2, 459, 0, 0, 0, 0, 0, 0]",0,0.2949810815211755,-1,0
2334,"[1, 1, 0, 3, 1, 3, 0, 3, 0, 1, 0, 2, 0, 0, 0, 0, 0, 1, 0, 0, 2, 0, 0, 0, 0, 0, 0, 0, 0, 0, 0, 0, 1, 1, 2, 2, 0, 0, 2, 0, 0, 1, 1, 0, 2, 2, 0, 1, 0, 0, 0, 0, 0, 0, 0, 2, 0, 0, 0, 0, 0, 0, 0, 2, 2, 2, 3, 2, 0, 1, 1, 4, 2, 5, 1, 6, 2, 4, 2, 2, 459, 0, 0, 0, 0, 0, 0]",-1,-0.0005076429186684882,-1,0
2335,"[1, 1, 0, 3, 1, 3, 0, 3, 0, 1, 0, 2, 0, 0, 0, 0, 0, 1, 0, 0, 2, 0, 0, 0, 0, 0, 0, 0, 0, 0, 0, 0, 1, 1, 2, 2, 0, 0, 2, 0, 0, 1, 1, 0, 2, 2, 0, 1, 0, 0, 0, 0, 0, 0, 0, 2, 0, 0, 0, 0, 0, 0, 0, 2, 2, 2, 3, 2, 0, 1, 1, 4, 2, 5, 1, 6, 2, 4, 2, 2, 459, 0, 0, 0, 0, 0, 0]",0,0.2949810815211755,-1,0
2336,"[1, 1, 0, 3, 1, 3, 0, 3, 0, 1, 0, 2, 0, 0, 0, 0, 0, 1, 0, 0, 2, 0, 0, 0, 0, 0, 0, 0, 0, 0, 0, 0, 1, 1, 2, 2, 0, 0, 2, 0, 0, 1, 1, 0, 2, 2, 0, 1, 0, 0, 0, 0, 0, 0, 0, 2, 0, 0, 0, 0, 0, 0, 0, 2, 2, 2, 3, 2, 0, 1, 1, 4, 2, 5, 1, 6, 2, 4, 2, 2, 459, 0, 0, 0, 0, 0, 0]",-1,-0.0005076429186684882,-1,0
2337,"[1, 1, 0, 3, 1, 3, 0, 3, 0, 1, 0, 2, 0, 0, 0, 0, 0, 1, 0, 0, 2, 0, 0, 0, 0, 0, 0, 0, 0, 0, 0, 0, 1, 1, 2, 2, 0, 0, 2, 0, 0, 1, 1, 0, 2, 2, 0, 1, 0, 0, 0, 0, 0, 0, 0, 2, 0, 0, 0, 0, 0, 0, 0, 2, 2, 2, 3, 2, 0, 1, 1, 4, 2, 5, 1, 6, 2, 4, 2, 2, 459, 0, 0, 0, 0, 0, 0]",1,0.609630449790209,-1,0
2338,"[1, 1, 0, 3, 1, 3, 0, 3, 0, 1, 0, 2, 0, 0, 0, 0, 0, 1, 0, 0, 2, 0, 0, 0, 0, 0, 0, 0, 0, 0, 0, 0, 1, 1, 2, 2, 0, 0, 2, 0, 0, 1, 1, 0, 2, 2, 0, 1, 0, 0, 0, 0, 0, 0, 0, 2, 0, 0, 0, 0, 0, 0, 0, 2, 2, 2, 3, 2, 0, 1, 1, 4, 2, 5, 1, 6, 2, 4, 2, 2, 459, 0, 0, 0, 0, 0, 0]",-1,-0.0005076429186684882,-1,0
2339,"[1, 1, 0, 3, 1, 3, 0, 3, 0, 1, 0, 2, 0, 0, 0, 0, 0, 1, 0, 0, 2, 0, 0, 0, 0, 0, 0, 0, 0, 0, 0, 0, 1, 1, 2, 2, 0, 0, 2, 0, 0, 1, 1, 0, 2, 2, 0, 1, 0, 0, 0, 0, 0, 0, 0, 2, 0, 0, 0, 0, 0, 0, 0, 2, 2, 2, 3, 2, 0, 1, 1, 4, 2, 5, 1, 6, 2, 4, 2, 2, 459, 0, 0, 0, 0, 0, 0]",1,0.609630449790209,-1,0
2340,"[1, 1, 0, 3, 1, 3, 0, 3, 0, 1, 0, 2, 0, 0, 0, 0, 0, 1, 0, 0, 2, 0, 0, 0, 0, 0, 0, 0, 0, 0, 0, 0, 1, 1, 2, 2, 0, 0, 2, 0, 0, 1, 1, 0, 2, 2, 0, 1, 0, 0, 0, 0, 0, 0, 0, 2, 0, 0, 0, 0, 0, 0, 0, 2, 2, 2, 3, 2, 0, 1, 1, 4, 2, 5, 1, 6, 2, 4, 2, 2, 459, 0, 0, 0, 0, 0, 0]",-1,-0.0005076429186684882,-1,0
2341,"[1, 1, 0, 3, 1, 3, 0, 3, 0, 1, 0, 2, 0, 0, 0, 0, 0, 1, 0, 0, 2, 0, 0, 0, 0, 0, 0, 0, 0, 0, 0, 0, 1, 1, 2, 2, 0, 0, 2, 0, 0, 1, 1, 0, 2, 2, 0, 1, 0, 0, 0, 0, 0, 0, 0, 2, 0, 0, 0, 0, 0, 0, 0, 2, 2, 2, 3, 2, 0, 1, 1, 4, 2, 5, 1, 6, 2, 4, 2, 2, 459, 1, 0, 0, 0, 0, 0]",3,0.20000633469059223,-1,0
2342,"[1, 1, 0, 3, 1, 3, 0, 3, 0, 1, 0, 2, 0, 0, 0, 0, 0, 1, 0, 0, 2, 0, 0, 0, 0, 0, 0, 0, 0, 0, 0, 0, 1, 1, 2, 2, 0, 0, 2, 0, 0, 1, 1, 0, 2, 2, 0, 1, 0, 0, 0, 0, 0, 0, 0, 2, 0, 0, 0, 0, 0, 0, 0, 2, 2, 2, 3, 2, 0, 1, 1, 4, 2, 5, 1, 6, 2, 4, 2, 2, 459, 0, 0, 0, 0, 0, 0]",-1,-0.0005076429186684882,-1,0
2343,"[1, 1, 0, 4, 1, 3, 0, 4, 0, 1, 0, 2, 0, 0, 0, 0, 0, 1, 0, 0, 2, 0, 0, 0, 0, 0, 0, 0, 0, 0, 0, 0, 1, 1, 2, 2, 0, 0, 2, 0, 0, 1, 1, 0, 2, 2, 0, 1, 0, 0, 0, 0, 0, 0, 0, 2, 0, 0, 0, 0, 0, 0, 0, 2, 2, 2, 3, 2, 0, 1, 1, 4, 2, 5, 1, 6, 2, 4, 2, 2, 460, 0, 0, 0, 0, 0, 0]",4,12.546789598738007,-1,0
2344,"[1, 2, 0, 4, 1, 4, 0, 4, 0, 1, 0, 2, 0, 0, 0, 0, 0, 1, 0, 0, 2, 0, 0, 0, 0, 0, 0, 0, 0, 0, 0, 0, 1, 1, 2, 2, 0, 0, 2, 0, 0, 1, 1, 0, 2, 2, 0, 1, 0, 0, 0, 0, 0, 0, 0, 2, 0, 0, 0, 0, 0, 0, 0, 2, 2, 2, 3, 2, 0, 1, 1, 4, 2, 5, 1, 6, 2, 4, 2, 2, 461, 0, 0, 0, 0, 0, 0]",4,13.99382322420428,-1,1
2345,"[1, 2, 0, 4, 1, 4, 0, 4, 0, 1, 0, 2, 0, 0, 0, 0, 0, 1, 0, 0, 2, 0, 0, 0, 0, 0, 0, 0, 0, 0, 0, 0, 1, 1, 2, 2, 0, 0, 2, 0, 0, 1, 1, 0, 2, 2, 0, 1, 0, 0, 0, 0, 0, 0, 0, 2, 0, 0, 0, 0, 0, 0, 0, 2, 2, 2, 3, 2, 0, 1, 1, 4, 2, 5, 1, 6, 2, 4, 2, 2, 461, 1, 0, 0, 0, 0, 0]",3,0.20000584767067509,-1,0
2346,"[1, 2, 0, 4, 1, 4, 0, 4, 0, 1, 0, 2, 0, 0, 0, 0, 0, 1, 0, 0, 2, 0, 0, 0, 0, 0, 0, 0, 0, 0, 0, 0, 1, 1, 2, 2, 0, 0, 2, 0, 0, 1, 1, 0, 2, 2, 0, 1, 0, 0, 0, 0, 0, 0, 0, 2, 0, 0, 0, 0, 0, 0, 0, 2, 2, 2, 3, 2, 0, 1, 1, 4, 2, 5, 1, 6, 2, 4, 2, 2, 461, 0, 0, 0, 0, 0, 0]",-1,-0.0004975909153924211,-1,0
2347,"[1, 2, 0, 4, 2, 4, 0, 4, 0, 1, 0, 2, 0, 0, 0, 0, 0, 1, 0, 0, 2, 0, 0, 0, 0, 0, 0, 0, 0, 0, 0, 0, 1, 1, 2, 2, 0, 0, 2, 0, 0, 1, 1, 0, 2, 2, 0, 1, 0, 0, 0, 0, 0, 0, 0, 2, 0, 0, 0, 0, 0, 0, 0, 2, 2, 2, 3, 2, 0, 1, 1, 4, 2, 5, 1, 6, 2, 4, 2, 2, 462, 0, 0, 0, 0, 0, 0]",4,12.629586882231099,-1,0
2348,"[1, 2, 0, 4, 2, 4, 0, 4, 0, 1, 0, 2, 0, 0, 0, 0, 0, 1, 0, 0, 2, 0, 0, 0, 0, 0, 0, 0, 0, 0, 0, 0, 1, 1, 2, 2, 0, 0, 2, 0, 0, 1, 1, 0, 2, 2, 0, 1, 0, 0, 0, 0, 0, 0, 0, 2, 0, 0, 0, 0, 0, 0, 0, 2, 2, 2, 3, 2, 0, 1, 1, 4, 2, 5, 1, 6, 2, 4, 2, 2, 462, 0, 1, 0, 0, 0, 0]",2,0.4000056183866694,-1,1
2349,"[1, 2, 0, 4, 2, 4, 0, 4, 0, 1, 0, 2, 0, 0, 0, 0, 0, 1, 0, 0, 2, 0, 0, 0, 0, 0, 0, 0, 0, 0, 0, 0, 1, 1, 2, 2, 0, 0, 2, 0, 0, 1, 1, 0, 2, 2, 0, 1, 0, 0, 0, 0, 0, 0, 0, 2, 0, 0, 0, 0, 0, 0, 0, 2, 2, 2, 3, 2, 0, 1, 1, 4, 2, 5, 1, 6, 2, 4, 2, 2, 462, 0, 1, 0, 0, 1, 0]","[[1 0 0 0]
 [0 1 0 0]]",0.6504304834447603,-1,1
2350,"[2, 1, 0, 4, 1, 5, 0, 4, 0, 1, 0, 2, 0, 0, 0, 0, 0, 1, 0, 0, 2, 0, 0, 0, 0, 0, 0, 0, 0, 0, 0, 0, 1, 1, 2, 2, 0, 0, 2, 0, 0, 1, 1, 0, 2, 2, 0, 1, 0, 0, 0, 0, 0, 0, 0, 2, 0, 0, 0, 0, 0, 0, 0, 2, 2, 2, 3, 2, 0, 1, 1, 4, 2, 5, 1, 6, 2, 4, 2, 2, 462, 0, 0, 0, 0, 0, 0]",0,-0.19999438161333055,-1,0
2351,"[1, 1, 0, 2, 1, 2, 0, 2, 0, 1, 0, 2, 0, 0, 0, 0, 0, 1, 0, 0, 2, 0, 0, 0, 0, 0, 0, 0, 0, 0, 0, 0, 1, 1, 2, 2, 0, 0, 2, 0, 0, 1, 1, 0, 2, 2, 0, 1, 0, 0, 0, 0, 0, 0, 0, 2, 0, 0, 0, 0, 0, 0, 0, 2, 2, 2, 3, 2, 0, 1, 1, 4, 2, 5, 1, 6, 2, 4, 2, 5, 463, 0, 0, 0, 0, 0, 0]",4,14.273432181633359,-1,1
2352,"[1, 1, 0, 2, 1, 2, 0, 2, 0, 1, 0, 2, 0, 0, 0, 0, 0, 1, 0, 0, 2, 0, 0, 0, 0, 0, 0, 0, 0, 0, 0, 0, 1, 1, 2, 2, 0, 0, 2, 0, 0, 1, 1, 0, 2, 2, 0, 1, 0, 0, 0, 0, 0, 0, 0, 2, 0, 0, 0, 0, 0, 0, 0, 2, 2, 2, 3, 2, 0, 1, 1, 4, 2, 5, 1, 6, 2, 4, 2, 5, 463, 0, 0, 0, 0, 0, 0]",1,0.6096295131921399,-1,0
2353,"[1, 1, 0, 2, 1, 2, 0, 2, 0, 1, 0, 2, 0, 0, 0, 0, 0, 1, 0, 0, 2, 0, 0, 0, 0, 0, 0, 0, 0, 0, 0, 0, 1, 1, 2, 2, 0, 0, 2, 0, 0, 1, 1, 0, 2, 2, 0, 1, 0, 0, 0, 0, 0, 0, 0, 2, 0, 0, 0, 0, 0, 0, 0, 2, 2, 2, 3, 2, 0, 1, 1, 4, 2, 5, 1, 6, 2, 4, 2, 5, 463, 0, 0, 0, 0, 0, 0]",-1,-0.0004877379551171452,-1,0
2354,"[1, 1, 0, 3, 1, 2, 0, 3, 0, 1, 0, 2, 0, 0, 0, 0, 0, 1, 0, 0, 2, 0, 0, 0, 0, 0, 0, 0, 0, 0, 0, 0, 1, 1, 2, 2, 0, 0, 2, 0, 0, 1, 1, 0, 2, 2, 0, 1, 0, 0, 0, 0, 0, 0, 0, 2, 0, 0, 0, 0, 0, 0, 0, 2, 2, 2, 3, 2, 0, 1, 1, 4, 2, 5, 1, 6, 2, 4, 2, 5, 464, 0, 0, 0, 0, 0, 0]",4,14.143235130960523,-1,1
2355,"[1, 1, 0, 1, 1, 1, 0, 1, 0, 1, 0, 2, 0, 0, 0, 0, 0, 1, 0, 0, 2, 0, 0, 0, 0, 0, 0, 0, 0, 0, 0, 0, 1, 1, 2, 2, 0, 0, 2, 0, 0, 1, 1, 0, 2, 2, 0, 1, 0, 0, 0, 0, 0, 0, 0, 2, 0, 0, 0, 0, 0, 0, 0, 2, 2, 2, 3, 2, 0, 1, 1, 4, 2, 5, 1, 6, 2, 4, 2, 5, 465, 0, 0, 0, 0, 0, 0]",4,13.134364036850666,-1,0
2356,"[1, 2, 0, 1, 1, 2, 0, 1, 0, 1, 0, 2, 0, 0, 0, 0, 0, 1, 0, 0, 2, 0, 0, 0, 0, 0, 0, 0, 0, 0, 0, 0, 1, 1, 2, 2, 0, 0, 2, 0, 0, 1, 1, 0, 2, 2, 0, 1, 0, 0, 0, 0, 0, 0, 0, 2, 0, 0, 0, 0, 0, 0, 0, 2, 2, 2, 3, 2, 0, 1, 1, 4, 2, 5, 1, 6, 2, 4, 2, 5, 466, 0, 0, 0, 0, 0, 0]",4,14.374729511260087,-1,1
2357,"[1, 3, 0, 1, 1, 3, 0, 1, 0, 1, 0, 2, 0, 0, 0, 0, 0, 1, 0, 0, 2, 0, 0, 0, 0, 0, 0, 0, 0, 0, 0, 0, 1, 1, 2, 2, 0, 0, 2, 0, 0, 1, 1, 0, 2, 2, 0, 1, 0, 0, 0, 0, 0, 0, 0, 2, 0, 0, 0, 0, 0, 0, 0, 2, 2, 2, 3, 2, 0, 1, 1, 4, 2, 5, 1, 6, 2, 4, 2, 5, 467, 0, 0, 0, 0, 0, 0]",4,12.713906712524976,-1,0
2358,"[1, 3, 0, 1, 1, 3, 0, 1, 0, 1, 0, 2, 0, 0, 0, 0, 0, 1, 0, 0, 2, 0, 0, 0, 0, 0, 0, 0, 0, 0, 0, 0, 1, 1, 2, 2, 0, 0, 2, 0, 0, 1, 1, 0, 2, 2, 0, 1, 0, 0, 0, 0, 0, 0, 0, 2, 0, 0, 0, 0, 0, 0, 0, 2, 2, 2, 3, 2, 0, 1, 1, 4, 2, 5, 1, 6, 2, 4, 2, 5, 467, 0, 1, 0, 0, 0, 0]",2,0.40000459996937293,-1,1
2359,"[1, 3, 0, 1, 1, 3, 0, 1, 0, 1, 0, 2, 0, 0, 0, 0, 0, 1, 0, 0, 2, 0, 0, 0, 0, 0, 0, 0, 0, 0, 0, 0, 1, 1, 2, 2, 0, 0, 2, 0, 0, 1, 1, 0, 2, 2, 0, 1, 0, 0, 0, 0, 0, 0, 0, 2, 0, 0, 0, 0, 0, 0, 0, 2, 2, 2, 3, 2, 0, 1, 1, 4, 2, 5, 1, 6, 2, 4, 2, 5, 467, 0, 1, 0, 0, 1, 0]","[[1 0 0 0]
 [0 1 0 0]]",0.6504294650274638,-1,1
2360,"[1, 3, 0, 1, 1, 3, 0, 1, 0, 1, 0, 2, 0, 0, 0, 0, 0, 1, 0, 0, 2, 0, 0, 0, 0, 0, 0, 0, 0, 0, 0, 0, 1, 1, 2, 2, 0, 0, 2, 0, 0, 1, 1, 0, 2, 2, 0, 1, 0, 0, 0, 0, 0, 0, 0, 2, 0, 0, 0, 0, 0, 0, 0, 2, 2, 2, 3, 2, 0, 1, 1, 4, 2, 5, 1, 6, 2, 4, 2, 5, 467, 0, 0, 0, 0, 0, 0]",1,-0.19999540003062705,-1,0
2361,"[1, 1, 0, 1, 1, 1, 0, 1, 0, 1, 0, 2, 0, 0, 0, 0, 0, 1, 0, 0, 2, 0, 0, 0, 0, 0, 0, 0, 0, 0, 0, 0, 1, 1, 2, 2, 0, 0, 2, 0, 0, 1, 1, 0, 2, 2, 0, 1, 0, 0, 0, 0, 0, 0, 0, 2, 0, 0, 0, 0, 0, 0, 0, 2, 2, 2, 3, 2, 0, 1, 1, 4, 2, 5, 1, 6, 2, 4, 2, 4, 468, 0, 0, 0, 0, 0, 0]",4,14.534334930568805,-1,1
2362,"[1, 1, 0, 1, 1, 1, 0, 1, 0, 1, 0, 2, 0, 0, 0, 0, 0, 1, 0, 0, 2, 0, 0, 0, 0, 0, 0, 0, 0, 0, 0, 0, 1, 1, 2, 2, 0, 0, 2, 0, 0, 1, 1, 0, 2, 2, 0, 1, 0, 0, 0, 0, 0, 0, 0, 2, 0, 0, 0, 0, 0, 0, 0, 2, 2, 2, 3, 2, 0, 1, 1, 4, 2, 5, 1, 6, 2, 4, 2, 4, 468, 0, 1, 0, 0, 0, 0]",2,0.40000441960597966,-1,0
2363,"[1, 1, 0, 1, 1, 1, 0, 1, 0, 1, 0, 2, 0, 0, 0, 0, 0, 1, 0, 0, 2, 0, 0, 0, 0, 0, 0, 0, 0, 0, 0, 0, 1, 1, 2, 2, 0, 0, 2, 0, 0, 1, 1, 0, 2, 2, 0, 1, 0, 0, 0, 0, 0, 0, 0, 2, 0, 0, 0, 0, 0, 0, 0, 2, 2, 2, 3, 2, 0, 1, 1, 4, 2, 5, 1, 6, 2, 4, 2, 4, 468, 0, 0, 0, 0, 0, 0]",-1,-0.0004639506943532372,-1,0
2364,"[1, 1, 0, 1, 1, 1, 0, 1, 0, 1, 0, 2, 0, 0, 0, 0, 0, 1, 0, 0, 2, 0, 0, 0, 0, 0, 0, 0, 0, 0, 0, 0, 1, 1, 2, 2, 0, 0, 2, 0, 0, 1, 1, 0, 2, 2, 0, 1, 0, 0, 0, 0, 0, 0, 0, 2, 0, 0, 0, 0, 0, 0, 0, 2, 2, 2, 3, 2, 0, 1, 1, 4, 2, 5, 1, 6, 2, 4, 2, 4, 468, 0, 1, 0, 0, 0, 0]",2,0.40000441960597966,-1,0
2365,"[1, 1, 0, 1, 1, 1, 0, 1, 0, 1, 0, 2, 0, 0, 0, 0, 0, 1, 0, 0, 2, 0, 0, 0, 0, 0, 0, 0, 0, 0, 0, 0, 1, 1, 2, 2, 0, 0, 2, 0, 0, 1, 1, 0, 2, 2, 0, 1, 0, 0, 0, 0, 0, 0, 0, 2, 0, 0, 0, 0, 0, 0, 0, 2, 2, 2, 3, 2, 0, 1, 1, 4, 2, 5, 1, 6, 2, 4, 2, 4, 468, 0, 0, 0, 0, 0, 0]",-1,-0.0004639506943532372,-1,0
2366,"[1, 1, 0, 1, 1, 1, 0, 1, 0, 1, 0, 2, 0, 0, 0, 0, 0, 1, 0, 0, 2, 0, 0, 0, 0, 0, 0, 0, 0, 0, 0, 0, 1, 1, 2, 2, 0, 0, 2, 0, 0, 1, 1, 0, 2, 2, 0, 1, 0, 0, 0, 0, 0, 0, 0, 2, 0, 0, 0, 0, 0, 0, 0, 2, 2, 2, 3, 2, 0, 1, 1, 4, 2, 5, 1, 6, 2, 4, 2, 4, 468, 1, 0, 0, 0, 0, 0]",3,0.2000044196059797,-1,0
2367,"[1, 1, 0, 1, 1, 1, 0, 1, 0, 1, 0, 2, 0, 0, 0, 0, 0, 1, 0, 0, 2, 0, 0, 0, 0, 0, 0, 0, 0, 0, 0, 0, 1, 1, 2, 2, 0, 0, 2, 0, 0, 1, 1, 0, 2, 2, 0, 1, 0, 0, 0, 0, 0, 0, 0, 2, 0, 0, 0, 0, 0, 0, 0, 2, 2, 2, 3, 2, 0, 1, 1, 4, 2, 5, 1, 6, 2, 4, 2, 4, 468, 0, 0, 0, 0, 0, 0]",-1,-0.0004639506943532372,-1,0
2368,"[1, 1, 0, 1, 1, 1, 0, 1, 0, 1, 0, 2, 0, 0, 0, 0, 0, 1, 0, 0, 2, 0, 0, 0, 0, 0, 0, 0, 0, 0, 0, 0, 1, 1, 2, 2, 0, 0, 2, 0, 0, 1, 1, 0, 2, 2, 0, 1, 0, 0, 0, 0, 0, 0, 0, 2, 0, 0, 0, 0, 0, 0, 0, 2, 2, 2, 3, 2, 0, 1, 1, 4, 2, 5, 1, 6, 2, 4, 2, 6, 469, 0, 0, 0, 0, 0, 0]",4,13.134325431713261,-1,0
2369,"[1, 2, 0, 1, 1, 2, 0, 1, 0, 1, 0, 2, 0, 0, 0, 0, 0, 1, 0, 0, 2, 0, 0, 0, 0, 0, 0, 0, 0, 0, 0, 0, 1, 1, 2, 2, 0, 0, 2, 0, 0, 1, 1, 0, 2, 2, 0, 1, 0, 0, 0, 0, 0, 0, 0, 2, 0, 0, 0, 0, 0, 0, 0, 2, 2, 2, 3, 2, 0, 1, 1, 4, 2, 5, 1, 6, 2, 4, 2, 6, 470, 0, 0, 0, 0, 0, 0]",4,14.374691311806922,-1,1
2370,"[1, 2, 0, 1, 1, 2, 0, 1, 0, 1, 0, 2, 0, 0, 0, 0, 0, 1, 0, 0, 2, 0, 0, 0, 0, 0, 0, 0, 0, 0, 0, 0, 1, 1, 2, 2, 0, 0, 2, 0, 0, 1, 1, 0, 2, 2, 0, 1, 0, 0, 0, 0, 0, 0, 0, 2, 0, 0, 0, 0, 0, 0, 0, 2, 2, 2, 3, 2, 0, 1, 1, 4, 2, 5, 1, 6, 2, 4, 2, 6, 470, 0, 1, 0, 0, 0, 0]",2,0.40000407981745595,-1,0
2371,"[1, 2, 0, 1, 1, 2, 0, 1, 0, 1, 0, 2, 0, 0, 0, 0, 0, 1, 0, 0, 2, 0, 0, 0, 0, 0, 0, 0, 0, 0, 0, 0, 1, 1, 2, 2, 0, 0, 2, 0, 0, 1, 1, 0, 2, 2, 0, 1, 0, 0, 0, 0, 0, 0, 0, 2, 0, 0, 0, 0, 0, 0, 0, 2, 2, 2, 3, 2, 0, 1, 1, 4, 2, 5, 1, 6, 2, 4, 2, 6, 470, 0, 0, 0, 0, 0, 0]",-1,-0.0004547638550847908,-1,0
2372,"[1, 2, 0, 1, 1, 2, 0, 1, 0, 1, 0, 2, 0, 0, 0, 0, 0, 1, 0, 0, 2, 0, 0, 0, 0, 0, 0, 0, 0, 0, 0, 0, 1, 1, 2, 2, 0, 0, 2, 0, 0, 1, 1, 0, 2, 2, 0, 1, 0, 0, 0, 0, 0, 0, 0, 2, 0, 0, 0, 0, 0, 0, 0, 2, 2, 2, 3, 2, 0, 1, 1, 4, 2, 5, 1, 6, 2, 4, 2, 6, 470, 1, 0, 0, 0, 0, 0]",3,0.200004079817456,-1,0
2373,"[1, 2, 0, 1, 1, 2, 0, 1, 0, 1, 0, 2, 0, 0, 0, 0, 0, 1, 0, 0, 2, 0, 0, 0, 0, 0, 0, 0, 0, 0, 0, 0, 1, 1, 2, 2, 0, 0, 2, 0, 0, 1, 1, 0, 2, 2, 0, 1, 0, 0, 0, 0, 0, 0, 0, 2, 0, 0, 0, 0, 0, 0, 0, 2, 2, 2, 3, 2, 0, 1, 1, 4, 2, 5, 1, 6, 2, 4, 2, 6, 470, 0, 0, 0, 0, 0, 0]",-1,-0.0004547638550847908,-1,0
2374,"[1, 2, 0, 1, 1, 2, 0, 1, 0, 1, 0, 2, 0, 0, 0, 0, 0, 1, 0, 0, 2, 0, 0, 0, 0, 0, 0, 0, 0, 0, 0, 0, 1, 1, 2, 2, 0, 0, 2, 0, 0, 1, 1, 0, 2, 2, 0, 1, 0, 0, 0, 0, 0, 0, 0, 2, 0, 0, 0, 0, 0, 0, 0, 2, 2, 2, 3, 2, 0, 1, 1, 4, 2, 5, 1, 6, 2, 4, 2, 6, 470, 0, 0, 0, 0, 0, 0]",1,0.6096281949170728,-1,0
2375,"[1, 2, 0, 1, 1, 2, 0, 1, 0, 1, 0, 2, 0, 0, 0, 0, 0, 1, 0, 0, 2, 0, 0, 0, 0, 0, 0, 0, 0, 0, 0, 0, 1, 1, 2, 2, 0, 0, 2, 0, 0, 1, 1, 0, 2, 2, 0, 1, 0, 0, 0, 0, 0, 0, 0, 2, 0, 0, 0, 0, 0, 0, 0, 2, 2, 2, 3, 2, 0, 1, 1, 4, 2, 5, 1, 6, 2, 4, 2, 6, 470, 0, 0, 0, 0, 0, 0]",-1,-0.0004547638550847908,-1,0
2376,"[1, 2, 0, 1, 1, 2, 0, 1, 0, 1, 0, 2, 0, 0, 0, 0, 0, 1, 0, 0, 2, 0, 0, 0, 0, 0, 0, 0, 0, 0, 0, 0, 1, 1, 2, 2, 0, 0, 2, 0, 0, 1, 1, 0, 2, 2, 0, 1, 0, 0, 0, 0, 0, 0, 0, 2, 0, 0, 0, 0, 0, 0, 0, 2, 2, 2, 3, 2, 0, 1, 1, 4, 2, 5, 1, 6, 2, 4, 2, 6, 470, 0, 0, 0, 0, 0, 0]",1,0.6096281949170728,-1,0
2377,"[1, 2, 0, 1, 1, 2, 0, 1, 0, 1, 0, 2, 0, 0, 0, 0, 0, 1, 0, 0, 2, 0, 0, 0, 0, 0, 0, 0, 0, 0, 0, 0, 1, 1, 2, 2, 0, 0, 2, 0, 0, 1, 1, 0, 2, 2, 0, 1, 0, 0, 0, 0, 0, 0, 0, 2, 0, 0, 0, 0, 0, 0, 0, 2, 2, 2, 3, 2, 0, 1, 1, 4, 2, 5, 1, 6, 2, 4, 2, 6, 470, 0, 0, 0, 0, 0, 0]",-1,-0.0004547638550847908,-1,0
2378,"[1, 3, 0, 1, 1, 3, 0, 1, 0, 1, 0, 2, 0, 0, 0, 0, 0, 1, 0, 0, 2, 0, 0, 0, 0, 0, 0, 0, 0, 0, 0, 0, 1, 1, 2, 2, 0, 0, 2, 0, 0, 1, 1, 0, 2, 2, 0, 1, 0, 0, 0, 0, 0, 0, 0, 2, 0, 0, 0, 0, 0, 0, 0, 2, 2, 2, 3, 2, 0, 1, 1, 4, 2, 5, 1, 6, 2, 4, 2, 6, 471, 0, 0, 0, 0, 0, 0]",4,12.713868913874261,-1,0
2379,"[1, 1, 0, 1, 1, 1, 0, 1, 0, 1, 0, 2, 0, 0, 0, 0, 0, 1, 0, 0, 2, 0, 0, 0, 0, 0, 0, 0, 0, 0, 0, 0, 1, 1, 2, 2, 0, 0, 2, 0, 0, 1, 1, 0, 2, 2, 0, 1, 0, 0, 0, 0, 0, 0, 0, 2, 0, 0, 0, 0, 0, 0, 0, 2, 2, 2, 3, 2, 0, 1, 1, 4, 2, 5, 1, 6, 2, 4, 2, 6, 472, 0, 0, 0, 0, 0, 0]",4,14.53429752792046,-1,1
2380,"[1, 2, 0, 1, 1, 2, 0, 1, 0, 1, 0, 2, 0, 0, 0, 0, 0, 1, 0, 0, 2, 0, 0, 0, 0, 0, 0, 0, 0, 0, 0, 0, 1, 1, 2, 2, 0, 0, 2, 0, 0, 1, 1, 0, 2, 2, 0, 1, 0, 0, 0, 0, 0, 0, 0, 2, 0, 0, 0, 0, 0, 0, 0, 2, 2, 2, 3, 2, 0, 1, 1, 4, 2, 5, 1, 6, 2, 4, 2, 6, 473, 0, 0, 0, 0, 0, 0]",4,12.974663699710513,-1,0
2381,"[1, 2, 0, 1, 1, 2, 0, 1, 0, 1, 0, 2, 0, 0, 0, 0, 0, 1, 0, 0, 2, 0, 0, 0, 0, 0, 0, 0, 0, 0, 0, 0, 1, 1, 2, 2, 0, 0, 2, 0, 0, 1, 1, 0, 2, 2, 0, 1, 0, 0, 0, 0, 0, 0, 0, 2, 0, 0, 0, 0, 0, 0, 0, 2, 2, 2, 3, 2, 0, 1, 1, 4, 2, 5, 1, 6, 2, 4, 2, 6, 473, 0, 1, 0, 0, 0, 0]",2,0.40000361848182664,-1,1
2382,"[1, 2, 0, 1, 1, 2, 0, 1, 0, 1, 0, 2, 0, 0, 0, 0, 0, 1, 0, 0, 2, 0, 0, 0, 0, 0, 0, 0, 0, 0, 0, 0, 1, 1, 2, 2, 0, 0, 2, 0, 0, 1, 1, 0, 2, 2, 0, 1, 0, 0, 0, 0, 0, 0, 0, 2, 0, 0, 0, 0, 0, 0, 0, 2, 2, 2, 3, 2, 0, 1, 1, 4, 2, 5, 1, 6, 2, 4, 2, 6, 473, 0, 1, 0, 0, 1, 0]","[[1 0 0 0]
 [0 1 0 0]]",0.6504284835399176,-1,1
2383,"[1, 2, 0, 1, 1, 2, 0, 1, 0, 1, 0, 2, 0, 0, 0, 0, 0, 1, 0, 0, 2, 0, 0, 0, 0, 0, 0, 0, 0, 0, 0, 0, 1, 1, 2, 2, 0, 0, 2, 0, 0, 1, 1, 0, 2, 2, 0, 1, 0, 0, 0, 0, 0, 0, 0, 2, 0, 0, 0, 0, 0, 0, 0, 2, 2, 2, 3, 2, 0, 1, 1, 4, 2, 5, 1, 6, 2, 4, 2, 6, 473, 0, 0, 0, 0, 0, 0]",1,-0.19999638151817337,-1,0
2384,"[1, 2, 0, 2, 1, 2, 0, 2, 0, 1, 0, 2, 0, 0, 0, 0, 0, 1, 0, 0, 2, 0, 0, 0, 0, 0, 0, 0, 0, 0, 0, 0, 1, 1, 2, 2, 0, 0, 2, 0, 0, 1, 1, 0, 2, 2, 0, 1, 0, 0, 0, 0, 0, 0, 0, 2, 0, 0, 0, 0, 0, 0, 0, 2, 2, 2, 3, 2, 0, 1, 1, 4, 2, 5, 1, 6, 2, 4, 2, 6, 474, 0, 0, 0, 0, 0, 0]",4,14.27332762764028,-1,1
2385,"[1, 2, 0, 2, 1, 2, 0, 2, 0, 1, 0, 2, 0, 0, 0, 0, 0, 1, 0, 0, 2, 0, 0, 0, 0, 0, 0, 0, 0, 0, 0, 0, 1, 1, 2, 2, 0, 0, 2, 0, 0, 1, 1, 0, 2, 2, 0, 1, 0, 0, 0, 0, 0, 0, 0, 2, 0, 0, 0, 0, 0, 0, 0, 2, 2, 2, 3, 2, 0, 1, 1, 4, 2, 5, 1, 6, 2, 4, 2, 6, 474, 0, 0, 0, 0, 0, 0]",1,0.6096275917012078,-1,0
2386,"[1, 2, 0, 2, 1, 2, 0, 2, 0, 1, 0, 2, 0, 0, 0, 0, 0, 1, 0, 0, 2, 0, 0, 0, 0, 0, 0, 0, 0, 0, 0, 0, 1, 1, 2, 2, 0, 0, 2, 0, 0, 1, 1, 0, 2, 2, 0, 1, 0, 0, 0, 0, 0, 0, 0, 2, 0, 0, 0, 0, 0, 0, 0, 2, 2, 2, 3, 2, 0, 1, 1, 4, 2, 5, 1, 6, 2, 4, 2, 6, 474, 0, 0, 0, 0, 0, 0]",-1,-0.0004369323092736645,-1,0
2387,"[1, 3, 0, 2, 1, 3, 0, 2, 0, 1, 0, 2, 0, 0, 0, 0, 0, 1, 0, 0, 2, 0, 0, 0, 0, 0, 0, 0, 0, 0, 0, 0, 1, 1, 2, 2, 0, 0, 2, 0, 0, 1, 1, 0, 2, 2, 0, 1, 0, 0, 0, 0, 0, 0, 0, 2, 0, 0, 0, 0, 0, 0, 0, 2, 2, 2, 3, 2, 0, 1, 1, 4, 2, 5, 1, 6, 2, 4, 2, 6, 475, 0, 0, 0, 0, 0, 0]",4,14.14313167351743,-1,1
2388,"[1, 3, 0, 2, 1, 3, 0, 2, 0, 1, 0, 2, 0, 0, 0, 0, 0, 1, 0, 0, 2, 0, 0, 0, 0, 0, 0, 0, 0, 0, 0, 0, 1, 1, 2, 2, 0, 0, 2, 0, 0, 1, 1, 0, 2, 2, 0, 1, 0, 0, 0, 0, 0, 0, 0, 2, 0, 0, 0, 0, 0, 0, 0, 2, 2, 2, 3, 2, 0, 1, 1, 4, 2, 5, 1, 6, 2, 4, 2, 6, 475, 1, 0, 0, 0, 0, 0]",3,0.2000033402843696,-1,0
2389,"[1, 3, 0, 2, 1, 3, 0, 2, 0, 1, 0, 2, 0, 0, 0, 0, 0, 1, 0, 0, 2, 0, 0, 0, 0, 0, 0, 0, 0, 0, 0, 0, 1, 1, 2, 2, 0, 0, 2, 0, 0, 1, 1, 0, 2, 2, 0, 1, 0, 0, 0, 0, 0, 0, 0, 2, 0, 0, 0, 0, 0, 0, 0, 2, 2, 2, 3, 2, 0, 1, 1, 4, 2, 5, 1, 6, 2, 4, 2, 6, 475, 0, 0, 0, 0, 0, 0]",-1,-0.0004325847601560317,-1,0
2390,"[1, 1, 0, 1, 1, 1, 0, 1, 0, 1, 0, 2, 0, 0, 0, 0, 0, 1, 0, 0, 2, 0, 0, 0, 0, 0, 0, 0, 0, 0, 0, 0, 1, 1, 2, 2, 0, 0, 2, 0, 0, 1, 1, 0, 2, 2, 0, 1, 0, 0, 0, 0, 0, 0, 0, 2, 0, 0, 0, 0, 0, 0, 0, 2, 2, 2, 3, 2, 0, 1, 1, 4, 2, 5, 1, 6, 2, 4, 2, 1, 476, 0, 0, 0, 0, 0, 0]",4,13.134261662842484,-1,0
2391,"[1, 1, 0, 1, 1, 1, 0, 1, 0, 1, 0, 2, 0, 0, 0, 0, 0, 1, 0, 0, 2, 0, 0, 0, 0, 0, 0, 0, 0, 0, 0, 0, 1, 1, 2, 2, 0, 0, 2, 0, 0, 1, 1, 0, 2, 2, 0, 1, 0, 0, 0, 0, 0, 0, 0, 2, 0, 0, 0, 0, 0, 0, 0, 2, 2, 2, 3, 2, 0, 1, 1, 4, 2, 5, 1, 6, 2, 4, 2, 4, 477, 0, 0, 0, 0, 0, 0]",4,14.534252928424937,-1,1
2392,"[1, 2, 0, 1, 1, 2, 0, 1, 0, 1, 0, 2, 0, 0, 0, 0, 0, 1, 0, 0, 2, 0, 0, 0, 0, 0, 0, 0, 0, 0, 0, 0, 1, 1, 2, 2, 0, 0, 2, 0, 0, 1, 1, 0, 2, 2, 0, 1, 0, 0, 0, 0, 0, 0, 0, 2, 0, 0, 0, 0, 0, 0, 0, 2, 2, 2, 3, 2, 0, 1, 1, 4, 2, 5, 1, 6, 2, 4, 2, 4, 478, 0, 0, 0, 0, 0, 0]",4,12.974619563961905,-1,0
2393,"[1, 2, 0, 1, 1, 2, 0, 1, 0, 1, 0, 2, 0, 0, 0, 0, 0, 1, 0, 0, 2, 0, 0, 0, 0, 0, 0, 0, 0, 0, 0, 0, 1, 1, 2, 2, 0, 0, 2, 0, 0, 1, 1, 0, 2, 2, 0, 1, 0, 0, 0, 0, 0, 0, 0, 2, 0, 0, 0, 0, 0, 0, 0, 2, 2, 2, 3, 2, 0, 1, 1, 4, 2, 5, 1, 6, 2, 4, 2, 4, 478, 0, 1, 0, 0, 0, 0]",2,0.4000029625720669,-1,1
2394,"[1, 2, 0, 1, 1, 2, 0, 1, 0, 1, 0, 2, 0, 0, 0, 0, 0, 1, 0, 0, 2, 0, 0, 0, 0, 0, 0, 0, 0, 0, 0, 0, 1, 1, 2, 2, 0, 0, 2, 0, 0, 1, 1, 0, 2, 2, 0, 1, 0, 0, 0, 0, 0, 0, 0, 2, 0, 0, 0, 0, 0, 0, 0, 2, 2, 2, 3, 2, 0, 1, 1, 4, 2, 5, 1, 6, 2, 4, 2, 4, 478, 0, 1, 0, 0, 1, 0]","[[1 0 0 0]
 [0 1 0 0]]",0.6504278276301578,-1,1
2395,"[2, 1, 0, 1, 0, 3, 0, 1, 0, 1, 0, 2, 0, 0, 0, 0, 0, 1, 0, 0, 2, 0, 0, 0, 0, 0, 0, 0, 0, 0, 0, 0, 1, 1, 2, 2, 0, 0, 2, 0, 0, 1, 1, 0, 2, 2, 0, 1, 0, 0, 0, 0, 0, 0, 0, 2, 0, 0, 0, 0, 0, 0, 0, 2, 2, 2, 3, 2, 0, 1, 1, 4, 2, 5, 1, 6, 2, 4, 2, 4, 478, 0, 0, 0, 0, 0, 0]",0,-0.19999703742793307,-1,0
2396,"[2, 2, 0, 1, 0, 4, 0, 1, 0, 1, 0, 2, 0, 0, 0, 0, 0, 1, 0, 0, 2, 0, 0, 0, 0, 0, 0, 0, 0, 0, 0, 0, 1, 1, 2, 2, 0, 0, 2, 0, 0, 1, 1, 0, 2, 2, 0, 1, 0, 0, 0, 0, 0, 0, 0, 2, 0, 0, 0, 0, 0, 0, 0, 2, 2, 2, 3, 2, 0, 1, 1, 4, 2, 5, 1, 6, 2, 4, 2, 4, 479, 0, 0, 0, 0, 0, 0]",4,13.760880692518224,-1,1
2397,"[2, 2, 0, 2, 0, 4, 0, 2, 0, 1, 0, 2, 0, 0, 0, 0, 0, 1, 0, 0, 2, 0, 0, 0, 0, 0, 0, 0, 0, 0, 0, 0, 1, 1, 2, 2, 0, 0, 2, 0, 0, 1, 1, 0, 2, 2, 0, 1, 0, 0, 0, 0, 0, 0, 0, 2, 0, 0, 0, 0, 0, 0, 0, 2, 2, 2, 3, 2, 0, 1, 1, 4, 2, 5, 1, 6, 2, 4, 2, 4, 480, 0, 0, 0, 0, 0, 0]",4,12.917029823650605,-1,0
2398,"[2, 3, 0, 2, 0, 5, 0, 2, 0, 1, 0, 2, 0, 0, 0, 0, 0, 1, 0, 0, 2, 0, 0, 0, 0, 0, 0, 0, 0, 0, 0, 0, 1, 1, 2, 2, 0, 0, 2, 0, 0, 1, 1, 0, 2, 2, 0, 1, 0, 0, 0, 0, 0, 0, 0, 2, 0, 0, 0, 0, 0, 0, 0, 2, 2, 2, 3, 2, 0, 1, 1, 4, 2, 5, 1, 6, 2, 4, 2, 4, 481, 0, 0, 0, 0, 0, 0]",4,13.785796400601749,-1,1
2399,"[2, 3, 0, 2, 0, 5, 0, 2, 0, 1, 0, 2, 0, 0, 0, 0, 0, 1, 0, 0, 2, 0, 0, 0, 0, 0, 0, 0, 0, 0, 0, 0, 1, 1, 2, 2, 0, 0, 2, 0, 0, 1, 1, 0, 2, 2, 0, 1, 0, 0, 0, 0, 0, 0, 0, 2, 0, 0, 0, 0, 0, 0, 0, 2, 2, 2, 3, 2, 0, 1, 1, 4, 2, 5, 1, 6, 2, 4, 2, 4, 481, 0, 1, 0, 0, 0, 0]",2,0.4000026275701126,-1,0
2400,"[2, 3, 0, 2, 0, 5, 0, 2, 0, 1, 0, 2, 0, 0, 0, 0, 0, 1, 0, 0, 2, 0, 0, 0, 0, 0, 0, 0, 0, 0, 0, 0, 1, 1, 2, 2, 0, 0, 2, 0, 0, 1, 1, 0, 2, 2, 0, 1, 0, 0, 0, 0, 0, 0, 0, 2, 0, 0, 0, 0, 0, 0, 0, 2, 2, 2, 3, 2, 0, 1, 1, 4, 2, 5, 1, 6, 2, 4, 2, 4, 481, 0, 0, 0, 0, 0, 0]",-1,-0.00040739298488399914,-1,0
2401,"[2, 3, 0, 2, 0, 5, 0, 2, 0, 1, 0, 2, 0, 0, 0, 0, 0, 1, 0, 0, 2, 0, 0, 0, 0, 0, 0, 0, 0, 0, 0, 0, 1, 1, 2, 2, 0, 0, 2, 0, 0, 1, 1, 0, 2, 2, 0, 1, 0, 0, 0, 0, 0, 0, 0, 2, 0, 0, 0, 0, 0, 0, 0, 2, 2, 2, 3, 2, 0, 1, 1, 4, 2, 5, 1, 6, 2, 4, 2, 4, 481, 0, 0, 0, 0, 0, 0]",1,0.6096267426697294,-1,0
2402,"[2, 3, 0, 2, 0, 5, 0, 2, 0, 1, 0, 2, 0, 0, 0, 0, 0, 1, 0, 0, 2, 0, 0, 0, 0, 0, 0, 0, 0, 0, 0, 0, 1, 1, 2, 2, 0, 0, 2, 0, 0, 1, 1, 0, 2, 2, 0, 1, 0, 0, 0, 0, 0, 0, 0, 2, 0, 0, 0, 0, 0, 0, 0, 2, 2, 2, 3, 2, 0, 1, 1, 4, 2, 5, 1, 6, 2, 4, 2, 4, 481, 0, 0, 0, 0, 0, 0]",-1,-0.00040739298488399914,-1,0
2403,"[2, 3, 0, 2, 0, 5, 0, 2, 0, 1, 0, 2, 0, 0, 0, 0, 0, 1, 0, 0, 2, 0, 0, 0, 0, 0, 0, 0, 0, 0, 0, 0, 1, 1, 2, 2, 0, 0, 2, 0, 0, 1, 1, 0, 2, 2, 0, 1, 0, 0, 0, 0, 0, 0, 0, 2, 0, 0, 0, 0, 0, 0, 0, 2, 2, 2, 3, 2, 0, 1, 1, 4, 2, 5, 1, 6, 2, 4, 2, 4, 481, 0, 0, 0, 0, 0, 0]",1,0.6096267426697294,-1,0
2404,"[2, 3, 0, 2, 0, 5, 0, 2, 0, 1, 0, 2, 0, 0, 0, 0, 0, 1, 0, 0, 2, 0, 0, 0, 0, 0, 0, 0, 0, 0, 0, 0, 1, 1, 2, 2, 0, 0, 2, 0, 0, 1, 1, 0, 2, 2, 0, 1, 0, 0, 0, 0, 0, 0, 0, 2, 0, 0, 0, 0, 0, 0, 0, 2, 2, 2, 3, 2, 0, 1, 1, 4, 2, 5, 1, 6, 2, 4, 2, 4, 481, 0, 0, 0, 0, 0, 0]",-1,-0.00040739298488399914,-1,0
2405,"[2, 3, 0, 2, 0, 5, 0, 2, 0, 1, 0, 2, 0, 0, 0, 0, 0, 1, 0, 0, 2, 0, 0, 0, 0, 0, 0, 0, 0, 0, 0, 0, 1, 1, 2, 2, 0, 0, 2, 0, 0, 1, 1, 0, 2, 2, 0, 1, 0, 0, 0, 0, 0, 0, 0, 2, 0, 0, 0, 0, 0, 0, 0, 2, 2, 2, 3, 2, 0, 1, 1, 4, 2, 5, 1, 6, 2, 4, 2, 4, 481, 0, 1, 0, 0, 0, 0]",2,0.4000026275701126,-1,0
2406,"[2, 3, 0, 2, 0, 5, 0, 2, 0, 1, 0, 2, 0, 0, 0, 0, 0, 1, 0, 0, 2, 0, 0, 0, 0, 0, 0, 0, 0, 0, 0, 0, 1, 1, 2, 2, 0, 0, 2, 0, 0, 1, 1, 0, 2, 2, 0, 1, 0, 0, 0, 0, 0, 0, 0, 2, 0, 0, 0, 0, 0, 0, 0, 2, 2, 2, 3, 2, 0, 1, 1, 4, 2, 5, 1, 6, 2, 4, 2, 4, 481, 0, 0, 0, 0, 0, 0]",-1,-0.00040739298488399914,-1,0
2407,"[2, 3, 0, 2, 0, 5, 0, 2, 0, 1, 0, 2, 0, 0, 0, 0, 0, 1, 0, 0, 2, 0, 0, 0, 0, 0, 0, 0, 0, 0, 0, 0, 1, 1, 2, 2, 0, 0, 2, 0, 0, 1, 1, 0, 2, 2, 0, 1, 0, 0, 0, 0, 0, 0, 0, 2, 0, 0, 0, 0, 0, 0, 0, 2, 2, 2, 3, 2, 0, 1, 1, 4, 2, 5, 1, 6, 2, 4, 2, 4, 481, 0, 0, 0, 0, 0, 0]",1,0.6096267426697294,-1,0
2408,"[2, 3, 0, 2, 0, 5, 0, 2, 0, 1, 0, 2, 0, 0, 0, 0, 0, 1, 0, 0, 2, 0, 0, 0, 0, 0, 0, 0, 0, 0, 0, 0, 1, 1, 2, 2, 0, 0, 2, 0, 0, 1, 1, 0, 2, 2, 0, 1, 0, 0, 0, 0, 0, 0, 0, 2, 0, 0, 0, 0, 0, 0, 0, 2, 2, 2, 3, 2, 0, 1, 1, 4, 2, 5, 1, 6, 2, 4, 2, 4, 481, 0, 0, 0, 0, 0, 0]",-1,-0.00040739298488399914,-1,0
2409,"[2, 3, 0, 2, 0, 5, 0, 2, 0, 1, 0, 2, 0, 0, 0, 0, 0, 1, 0, 0, 2, 0, 0, 0, 0, 0, 0, 0, 0, 0, 0, 0, 1, 1, 2, 2, 0, 0, 2, 0, 0, 1, 1, 0, 2, 2, 0, 1, 0, 0, 0, 0, 0, 0, 0, 2, 0, 0, 0, 0, 0, 0, 0, 2, 2, 2, 3, 2, 0, 1, 1, 4, 2, 5, 1, 6, 2, 4, 2, 4, 481, 0, 1, 0, 0, 0, 0]",2,0.4000026275701126,-1,0
2410,"[2, 3, 0, 2, 0, 5, 0, 2, 0, 1, 0, 2, 0, 0, 0, 0, 0, 1, 0, 0, 2, 0, 0, 0, 0, 0, 0, 0, 0, 0, 0, 0, 1, 1, 2, 2, 0, 0, 2, 0, 0, 1, 1, 0, 2, 2, 0, 1, 0, 0, 0, 0, 0, 0, 0, 2, 0, 0, 0, 0, 0, 0, 0, 2, 2, 2, 3, 2, 0, 1, 1, 4, 2, 5, 1, 6, 2, 4, 2, 4, 481, 0, 0, 0, 0, 0, 0]",-1,-0.00040739298488399914,-1,0
2411,"[2, 3, 0, 3, 0, 5, 0, 3, 0, 1, 0, 2, 0, 0, 0, 0, 0, 1, 0, 0, 2, 0, 0, 0, 0, 0, 0, 0, 0, 0, 0, 0, 1, 1, 2, 2, 0, 0, 2, 0, 0, 1, 1, 0, 2, 2, 0, 1, 0, 0, 0, 0, 0, 0, 0, 2, 0, 0, 0, 0, 0, 0, 0, 2, 2, 2, 3, 2, 0, 1, 1, 4, 2, 5, 1, 6, 2, 4, 2, 4, 482, 0, 0, 0, 0, 0, 0]",4,12.812407418796523,-1,0
2412,"[2, 3, 0, 3, 1, 5, 0, 3, 0, 1, 0, 2, 0, 0, 0, 0, 0, 1, 0, 0, 2, 0, 0, 0, 0, 0, 0, 0, 0, 0, 0, 0, 1, 1, 2, 2, 0, 0, 2, 0, 0, 1, 1, 0, 2, 2, 0, 1, 0, 0, 0, 0, 0, 0, 0, 2, 0, 0, 0, 0, 0, 0, 0, 2, 2, 2, 3, 2, 0, 1, 1, 4, 2, 5, 1, 6, 2, 4, 2, 4, 483, 0, 0, 0, 0, 0, 0]",4,13.959171255569332,-1,1
2413,"[2, 3, 0, 4, 1, 5, 0, 4, 0, 1, 0, 2, 0, 0, 0, 0, 0, 1, 0, 0, 2, 0, 0, 0, 0, 0, 0, 0, 0, 0, 0, 0, 1, 1, 2, 2, 0, 0, 2, 0, 0, 1, 1, 0, 2, 2, 0, 1, 0, 0, 0, 0, 0, 0, 0, 2, 0, 0, 0, 0, 0, 0, 0, 2, 2, 2, 3, 2, 0, 1, 1, 4, 2, 5, 1, 6, 2, 4, 2, 4, 484, 0, 0, 0, 0, 0, 0]",4,12.731447095350111,-1,0
2414,"[2, 3, 0, 4, 1, 5, 0, 4, 0, 1, 0, 2, 0, 0, 0, 0, 0, 1, 0, 0, 2, 0, 0, 0, 0, 0, 0, 0, 0, 0, 0, 0, 1, 1, 2, 2, 0, 0, 2, 0, 0, 1, 1, 0, 2, 2, 0, 1, 0, 0, 0, 0, 0, 0, 0, 2, 0, 0, 0, 0, 0, 0, 0, 2, 2, 2, 3, 2, 0, 1, 1, 4, 2, 5, 1, 6, 2, 4, 2, 4, 484, 0, 1, 0, 0, 0, 0]",2,0.400002330449094,-1,1
2415,"[2, 3, 0, 4, 1, 5, 0, 4, 0, 1, 0, 2, 0, 0, 0, 0, 0, 1, 0, 0, 2, 0, 0, 0, 0, 0, 0, 0, 0, 0, 0, 0, 1, 1, 2, 2, 0, 0, 2, 0, 0, 1, 1, 0, 2, 2, 0, 1, 0, 0, 0, 0, 0, 0, 0, 2, 0, 0, 0, 0, 0, 0, 0, 2, 2, 2, 3, 2, 0, 1, 1, 4, 2, 5, 1, 6, 2, 4, 2, 4, 484, 0, 1, 0, 0, 1, 0]","[[1 0 0 0]
 [0 1 0 0]]",0.650427195507185,-1,1
2416,"[3, 2, 0, 4, 0, 6, 0, 4, 0, 1, 0, 2, 0, 0, 0, 0, 0, 1, 0, 0, 2, 0, 0, 0, 0, 0, 0, 0, 0, 0, 0, 0, 1, 1, 2, 2, 0, 0, 2, 0, 0, 1, 1, 0, 2, 2, 0, 1, 0, 0, 0, 0, 0, 0, 0, 2, 0, 0, 0, 0, 0, 0, 0, 2, 2, 2, 3, 2, 0, 1, 1, 4, 2, 5, 1, 6, 2, 4, 2, 4, 484, 0, 0, 0, 0, 0, 0]",0,-0.19999766955090598,-1,0
2417,"[1, 1, 0, 2, 0, 3, 0, 2, 0, 1, 0, 2, 0, 0, 0, 0, 0, 1, 0, 0, 2, 0, 0, 0, 0, 0, 0, 0, 0, 0, 0, 0, 1, 1, 2, 2, 0, 0, 2, 0, 0, 1, 1, 0, 2, 2, 0, 1, 0, 0, 0, 0, 0, 0, 0, 2, 0, 0, 0, 0, 0, 0, 0, 2, 2, 2, 3, 2, 0, 1, 1, 4, 2, 5, 1, 6, 2, 4, 2, 0, 485, 0, 0, 0, 0, 0, 0]",4,13.931710901876723,-1,1
2418,"[1, 1, 0, 2, 1, 3, 0, 2, 0, 1, 0, 2, 0, 0, 0, 0, 0, 1, 0, 0, 2, 0, 0, 0, 0, 0, 0, 0, 0, 0, 0, 0, 1, 1, 2, 2, 0, 0, 2, 0, 0, 1, 1, 0, 2, 2, 0, 1, 0, 0, 0, 0, 0, 0, 0, 2, 0, 0, 0, 0, 0, 0, 0, 2, 2, 2, 3, 2, 0, 1, 1, 4, 2, 5, 1, 6, 2, 4, 2, 0, 486, 0, 0, 0, 0, 0, 0]",4,12.974553552406345,-1,0
2419,"[1, 1, 0, 3, 1, 3, 0, 3, 0, 1, 0, 2, 0, 0, 0, 0, 0, 1, 0, 0, 2, 0, 0, 0, 0, 0, 0, 0, 0, 0, 0, 0, 1, 1, 2, 2, 0, 0, 2, 0, 0, 1, 1, 0, 2, 2, 0, 1, 0, 0, 0, 0, 0, 0, 0, 2, 0, 0, 0, 0, 0, 0, 0, 2, 2, 2, 3, 2, 0, 1, 1, 4, 2, 5, 1, 6, 2, 4, 2, 0, 487, 0, 0, 0, 0, 0, 0]",4,14.087735686008923,-1,1
2420,"[1, 1, 0, 3, 1, 3, 0, 3, 0, 1, 0, 2, 0, 0, 0, 0, 0, 1, 0, 0, 2, 0, 0, 0, 0, 0, 0, 0, 0, 0, 0, 0, 1, 1, 2, 2, 0, 0, 2, 0, 0, 1, 1, 0, 2, 2, 0, 1, 0, 0, 0, 0, 0, 0, 0, 2, 0, 0, 0, 0, 0, 0, 0, 2, 2, 2, 3, 2, 0, 1, 1, 4, 2, 5, 1, 6, 2, 4, 2, 0, 487, 0, 0, 0, 0, 0, 0]",1,0.6096261820252684,-1,0
2421,"[1, 1, 0, 3, 1, 3, 0, 3, 0, 1, 0, 2, 0, 0, 0, 0, 0, 1, 0, 0, 2, 0, 0, 0, 0, 0, 0, 0, 0, 0, 0, 0, 1, 1, 2, 2, 0, 0, 2, 0, 0, 1, 1, 0, 2, 2, 0, 1, 0, 0, 0, 0, 0, 0, 0, 2, 0, 0, 0, 0, 0, 0, 0, 2, 2, 2, 3, 2, 0, 1, 1, 4, 2, 5, 1, 6, 2, 4, 2, 0, 487, 0, 0, 0, 0, 0, 0]",-1,-0.0003836682643947745,-1,0
2422,"[1, 1, 0, 4, 1, 3, 0, 4, 0, 1, 0, 2, 0, 0, 0, 0, 0, 1, 0, 0, 2, 0, 0, 0, 0, 0, 0, 0, 0, 0, 0, 0, 1, 1, 2, 2, 0, 0, 2, 0, 0, 1, 1, 0, 2, 2, 0, 1, 0, 0, 0, 0, 0, 0, 0, 2, 0, 0, 0, 0, 0, 0, 0, 2, 2, 2, 3, 2, 0, 1, 1, 4, 2, 5, 1, 6, 2, 4, 2, 0, 488, 0, 0, 0, 0, 0, 0]",4,14.021589733588836,-1,1
2423,"[1, 1, 0, 4, 1, 3, 0, 4, 0, 1, 0, 2, 0, 0, 0, 0, 0, 1, 0, 0, 2, 0, 0, 0, 0, 0, 0, 0, 0, 0, 0, 0, 1, 1, 2, 2, 0, 0, 2, 0, 0, 1, 1, 0, 2, 2, 0, 1, 0, 0, 0, 0, 0, 0, 0, 2, 0, 0, 0, 0, 0, 0, 0, 2, 2, 2, 3, 2, 0, 1, 1, 4, 2, 5, 1, 6, 2, 4, 2, 0, 488, 0, 0, 0, 0, 0, 0]",1,0.6096261009807591,-1,0
2424,"[1, 1, 0, 4, 1, 3, 0, 4, 0, 1, 0, 2, 0, 0, 0, 0, 0, 1, 0, 0, 2, 0, 0, 0, 0, 0, 0, 0, 0, 0, 0, 0, 1, 1, 2, 2, 0, 0, 2, 0, 0, 1, 1, 0, 2, 2, 0, 1, 0, 0, 0, 0, 0, 0, 0, 2, 0, 0, 0, 0, 0, 0, 0, 2, 2, 2, 3, 2, 0, 1, 1, 4, 2, 5, 1, 6, 2, 4, 2, 0, 488, 0, 0, 0, 0, 0, 0]",-1,-0.00037985070137887836,-1,0
2425,"[1, 1, 0, 4, 1, 3, 0, 4, 0, 1, 0, 2, 0, 0, 0, 0, 0, 1, 0, 0, 2, 0, 0, 0, 0, 0, 0, 0, 0, 0, 0, 0, 1, 1, 2, 2, 0, 0, 2, 0, 0, 1, 1, 0, 2, 2, 0, 1, 0, 0, 0, 0, 0, 0, 0, 2, 0, 0, 0, 0, 0, 0, 0, 2, 2, 2, 3, 2, 0, 1, 1, 4, 2, 5, 1, 6, 2, 4, 2, 0, 488, 0, 1, 0, 0, 0, 0]",2,0.40000198588114233,-1,0
2426,"[1, 1, 0, 4, 1, 3, 0, 4, 0, 1, 0, 2, 0, 0, 0, 0, 0, 1, 0, 0, 2, 0, 0, 0, 0, 0, 0, 0, 0, 0, 0, 0, 1, 1, 2, 2, 0, 0, 2, 0, 0, 1, 1, 0, 2, 2, 0, 1, 0, 0, 0, 0, 0, 0, 0, 2, 0, 0, 0, 0, 0, 0, 0, 2, 2, 2, 3, 2, 0, 1, 1, 4, 2, 5, 1, 6, 2, 4, 2, 0, 488, 0, 0, 0, 0, 0, 0]",-1,-0.00037985070137887836,-1,0
2427,"[1, 1, 0, 4, 1, 3, 0, 4, 0, 1, 0, 2, 0, 0, 0, 0, 0, 1, 0, 0, 2, 0, 0, 0, 0, 0, 0, 0, 0, 0, 0, 0, 1, 1, 2, 2, 0, 0, 2, 0, 0, 1, 1, 0, 2, 2, 0, 1, 0, 0, 0, 0, 0, 0, 0, 2, 0, 0, 0, 0, 0, 0, 0, 2, 2, 2, 3, 2, 0, 1, 1, 4, 2, 5, 1, 6, 2, 4, 2, 0, 488, 0, 1, 0, 0, 0, 0]",2,0.40000198588114233,-1,0
2428,"[1, 1, 0, 4, 1, 3, 0, 4, 0, 1, 0, 2, 0, 0, 0, 0, 0, 1, 0, 0, 2, 0, 0, 0, 0, 0, 0, 0, 0, 0, 0, 0, 1, 1, 2, 2, 0, 0, 2, 0, 0, 1, 1, 0, 2, 2, 0, 1, 0, 0, 0, 0, 0, 0, 0, 2, 0, 0, 0, 0, 0, 0, 0, 2, 2, 2, 3, 2, 0, 1, 1, 4, 2, 5, 1, 6, 2, 4, 2, 0, 488, 0, 0, 0, 0, 0, 0]",-1,-0.00037985070137887836,-1,0
2429,"[1, 1, 0, 4, 1, 3, 0, 4, 0, 1, 0, 2, 0, 0, 0, 0, 0, 1, 0, 0, 2, 0, 0, 0, 0, 0, 0, 0, 0, 0, 0, 0, 1, 1, 2, 2, 0, 0, 2, 0, 0, 1, 1, 0, 2, 2, 0, 1, 0, 0, 0, 0, 0, 0, 0, 2, 0, 0, 0, 0, 0, 0, 0, 2, 2, 2, 3, 2, 0, 1, 1, 4, 2, 5, 1, 6, 2, 4, 2, 0, 488, 0, 0, 0, 0, 0, 0]",1,0.6096261009807591,-1,0
2430,"[1, 1, 0, 4, 1, 3, 0, 4, 0, 1, 0, 2, 0, 0, 0, 0, 0, 1, 0, 0, 2, 0, 0, 0, 0, 0, 0, 0, 0, 0, 0, 0, 1, 1, 2, 2, 0, 0, 2, 0, 0, 1, 1, 0, 2, 2, 0, 1, 0, 0, 0, 0, 0, 0, 0, 2, 0, 0, 0, 0, 0, 0, 0, 2, 2, 2, 3, 2, 0, 1, 1, 4, 2, 5, 1, 6, 2, 4, 2, 0, 488, 0, 0, 0, 0, 0, 0]",-1,-0.00037985070137887836,-1,0
2431,"[1, 1, 0, 4, 1, 3, 0, 4, 0, 1, 0, 2, 0, 0, 0, 0, 0, 1, 0, 0, 2, 0, 0, 0, 0, 0, 0, 0, 0, 0, 0, 0, 1, 1, 2, 2, 0, 0, 2, 0, 0, 1, 1, 0, 2, 2, 0, 1, 0, 0, 0, 0, 0, 0, 0, 2, 0, 0, 0, 0, 0, 0, 0, 2, 2, 2, 3, 2, 0, 1, 1, 4, 2, 5, 1, 6, 2, 4, 2, 0, 488, 0, 0, 0, 0, 0, 0]",1,0.6096261009807591,-1,0
2432,"[1, 1, 0, 4, 1, 3, 0, 4, 0, 1, 0, 2, 0, 0, 0, 0, 0, 1, 0, 0, 2, 0, 0, 0, 0, 0, 0, 0, 0, 0, 0, 0, 1, 1, 2, 2, 0, 0, 2, 0, 0, 1, 1, 0, 2, 2, 0, 1, 0, 0, 0, 0, 0, 0, 0, 2, 0, 0, 0, 0, 0, 0, 0, 2, 2, 2, 3, 2, 0, 1, 1, 4, 2, 5, 1, 6, 2, 4, 2, 0, 488, 0, 0, 0, 0, 0, 0]",-1,-0.00037985070137887836,-1,0
2433,"[1, 2, 0, 4, 1, 4, 0, 4, 0, 1, 0, 2, 0, 0, 0, 0, 0, 1, 0, 0, 2, 0, 0, 0, 0, 0, 0, 0, 0, 0, 0, 0, 1, 1, 2, 2, 0, 0, 2, 0, 0, 1, 1, 0, 2, 2, 0, 1, 0, 0, 0, 0, 0, 0, 0, 2, 0, 0, 0, 0, 0, 0, 0, 2, 2, 2, 3, 2, 0, 1, 1, 4, 2, 5, 1, 6, 2, 4, 2, 0, 489, 0, 0, 0, 0, 0, 0]",4,12.629347691430775,-1,0
2434,"[1, 2, 0, 4, 1, 4, 0, 4, 0, 1, 0, 2, 0, 0, 0, 0, 0, 1, 0, 0, 2, 0, 0, 0, 0, 0, 0, 0, 0, 0, 0, 0, 1, 1, 2, 2, 0, 0, 2, 0, 0, 1, 1, 0, 2, 2, 0, 1, 0, 0, 0, 0, 0, 0, 0, 2, 0, 0, 0, 0, 0, 0, 0, 2, 2, 2, 3, 2, 0, 1, 1, 4, 2, 5, 1, 6, 2, 4, 2, 0, 489, 0, 1, 0, 0, 0, 0]",2,0.4000019080143718,-1,1
2435,"[1, 2, 0, 4, 1, 4, 0, 4, 0, 1, 0, 2, 0, 0, 0, 0, 0, 1, 0, 0, 2, 0, 0, 0, 0, 0, 0, 0, 0, 0, 0, 0, 1, 1, 2, 2, 0, 0, 2, 0, 0, 1, 1, 0, 2, 2, 0, 1, 0, 0, 0, 0, 0, 0, 0, 2, 0, 0, 0, 0, 0, 0, 0, 2, 2, 2, 3, 2, 0, 1, 1, 4, 2, 5, 1, 6, 2, 4, 2, 0, 489, 0, 1, 0, 0, 1, 0]","[[1 0 0 0]
 [0 1 0 0]]",0.6504267730724627,-1,1
2436,"[2, 1, 0, 4, 0, 5, 0, 4, 0, 1, 0, 2, 0, 0, 0, 0, 0, 1, 0, 0, 2, 0, 0, 0, 0, 0, 0, 0, 0, 0, 0, 0, 1, 1, 2, 2, 0, 0, 2, 0, 0, 1, 1, 0, 2, 2, 0, 1, 0, 0, 0, 0, 0, 0, 0, 2, 0, 0, 0, 0, 0, 0, 0, 2, 2, 2, 3, 2, 0, 1, 1, 4, 2, 5, 1, 6, 2, 4, 2, 0, 489, 0, 0, 0, 0, 0, 0]",0,-0.19999809198562818,-1,0
2437,"[2, 1, 0, 4, 1, 5, 0, 4, 0, 1, 0, 2, 0, 0, 0, 0, 0, 1, 0, 0, 2, 0, 0, 0, 0, 0, 0, 0, 0, 0, 0, 0, 1, 1, 2, 2, 0, 0, 2, 0, 0, 1, 1, 0, 2, 2, 0, 1, 0, 0, 0, 0, 0, 0, 0, 2, 0, 0, 0, 0, 0, 0, 0, 2, 2, 2, 3, 2, 0, 1, 1, 4, 2, 5, 1, 6, 2, 4, 2, 0, 490, 0, 0, 0, 0, 0, 0]",4,13.957620781828899,-1,1
2438,"[1, 1, 0, 2, 1, 2, 0, 2, 0, 1, 0, 2, 0, 0, 0, 0, 0, 1, 0, 0, 2, 0, 0, 0, 0, 0, 0, 0, 0, 0, 0, 0, 1, 1, 2, 2, 0, 0, 2, 0, 0, 1, 1, 0, 2, 2, 0, 1, 0, 0, 0, 0, 0, 0, 0, 2, 0, 0, 0, 0, 0, 0, 0, 2, 2, 2, 3, 2, 0, 1, 1, 4, 2, 5, 1, 6, 2, 4, 2, 6, 491, 0, 0, 0, 0, 0, 0]",4,12.974514983001482,-1,0
2439,"[1, 1, 0, 2, 1, 2, 0, 2, 0, 1, 0, 2, 0, 0, 0, 0, 0, 1, 0, 0, 2, 0, 0, 0, 0, 0, 0, 0, 0, 0, 0, 0, 1, 1, 2, 2, 0, 0, 2, 0, 0, 1, 1, 0, 2, 2, 0, 1, 0, 0, 0, 0, 0, 0, 0, 2, 0, 0, 0, 0, 0, 0, 0, 2, 2, 2, 3, 2, 0, 1, 1, 4, 2, 5, 1, 6, 2, 4, 2, 6, 492, 0, 0, 0, 0, 0, 0]",4,14.273180445026618,-1,1
2440,"[1, 1, 0, 2, 1, 2, 0, 2, 0, 1, 0, 2, 0, 0, 0, 0, 0, 1, 0, 0, 2, 0, 0, 0, 0, 0, 0, 0, 0, 0, 0, 0, 1, 1, 2, 2, 0, 0, 2, 0, 0, 1, 1, 0, 2, 2, 0, 1, 0, 0, 0, 0, 0, 0, 0, 2, 0, 0, 0, 0, 0, 0, 0, 2, 2, 2, 3, 2, 0, 1, 1, 4, 2, 5, 1, 6, 2, 4, 2, 6, 492, 0, 1, 0, 0, 0, 0]",2,0.4000016922587655,-1,0
2441,"[1, 1, 0, 2, 1, 2, 0, 2, 0, 1, 0, 2, 0, 0, 0, 0, 0, 1, 0, 0, 2, 0, 0, 0, 0, 0, 0, 0, 0, 0, 0, 0, 1, 1, 2, 2, 0, 0, 2, 0, 0, 1, 1, 0, 2, 2, 0, 1, 0, 0, 0, 0, 0, 0, 0, 2, 0, 0, 0, 0, 0, 0, 0, 2, 2, 2, 3, 2, 0, 1, 1, 4, 2, 5, 1, 6, 2, 4, 2, 6, 492, 0, 0, 0, 0, 0, 0]",-1,-0.00036495654233942916,-1,0
2442,"[1, 1, 0, 2, 1, 2, 0, 2, 0, 1, 0, 2, 0, 0, 0, 0, 0, 1, 0, 0, 2, 0, 0, 0, 0, 0, 0, 0, 0, 0, 0, 0, 1, 1, 2, 2, 0, 0, 2, 0, 0, 1, 1, 0, 2, 2, 0, 1, 0, 0, 0, 0, 0, 0, 0, 2, 0, 0, 0, 0, 0, 0, 0, 2, 2, 2, 3, 2, 0, 1, 1, 4, 2, 5, 1, 6, 2, 4, 2, 6, 492, 0, 1, 0, 0, 0, 0]",2,0.4000016922587655,-1,0
2443,"[1, 1, 0, 2, 1, 2, 0, 2, 0, 1, 0, 2, 0, 0, 0, 0, 0, 1, 0, 0, 2, 0, 0, 0, 0, 0, 0, 0, 0, 0, 0, 0, 1, 1, 2, 2, 0, 0, 2, 0, 0, 1, 1, 0, 2, 2, 0, 1, 0, 0, 0, 0, 0, 0, 0, 2, 0, 0, 0, 0, 0, 0, 0, 2, 2, 2, 3, 2, 0, 1, 1, 4, 2, 5, 1, 6, 2, 4, 2, 6, 492, 0, 0, 0, 0, 0, 0]",-1,-0.00036495654233942916,-1,0
2444,"[1, 1, 0, 3, 1, 2, 0, 3, 0, 1, 0, 2, 0, 0, 0, 0, 0, 1, 0, 0, 2, 0, 0, 0, 0, 0, 0, 0, 0, 0, 0, 0, 1, 1, 2, 2, 0, 0, 2, 0, 0, 1, 1, 0, 2, 2, 0, 1, 0, 0, 0, 0, 0, 0, 0, 2, 0, 0, 0, 0, 0, 0, 0, 2, 2, 2, 3, 2, 0, 1, 1, 4, 2, 5, 1, 6, 2, 4, 2, 6, 493, 0, 0, 0, 0, 0, 0]",4,12.713687005305001,-1,0
2445,"[1, 2, 0, 3, 1, 3, 0, 3, 0, 1, 0, 2, 0, 0, 0, 0, 0, 1, 0, 0, 2, 0, 0, 0, 0, 0, 0, 0, 0, 0, 0, 0, 1, 1, 2, 2, 0, 0, 2, 0, 0, 1, 1, 0, 2, 2, 0, 1, 0, 0, 0, 0, 0, 0, 0, 2, 0, 0, 0, 0, 0, 0, 0, 2, 2, 2, 3, 2, 0, 1, 1, 4, 2, 5, 1, 6, 2, 4, 2, 6, 494, 0, 0, 0, 0, 0, 0]",4,14.08768278317504,-1,1
2446,"[1, 3, 0, 3, 1, 4, 0, 3, 0, 1, 0, 2, 0, 0, 0, 0, 0, 1, 0, 0, 2, 0, 0, 0, 0, 0, 0, 0, 0, 0, 0, 0, 1, 1, 2, 2, 0, 0, 2, 0, 0, 1, 1, 0, 2, 2, 0, 1, 0, 0, 0, 0, 0, 0, 0, 2, 0, 0, 0, 0, 0, 0, 0, 2, 2, 2, 3, 2, 0, 1, 1, 4, 2, 5, 1, 6, 2, 4, 2, 6, 495, 0, 0, 0, 0, 0, 0]",4,12.687675531431708,-1,0
2447,"[1, 3, 0, 3, 1, 4, 0, 3, 0, 1, 0, 2, 0, 0, 0, 0, 0, 1, 0, 0, 2, 0, 0, 0, 0, 0, 0, 0, 0, 0, 0, 0, 1, 1, 2, 2, 0, 0, 2, 0, 0, 1, 1, 0, 2, 2, 0, 1, 0, 0, 0, 0, 0, 0, 0, 2, 0, 0, 0, 0, 0, 0, 0, 2, 2, 2, 3, 2, 0, 1, 1, 4, 2, 5, 1, 6, 2, 4, 2, 6, 495, 0, 1, 0, 0, 0, 0]",2,0.4000015009003194,-1,1
2448,"[1, 3, 0, 3, 1, 4, 0, 3, 0, 1, 0, 2, 0, 0, 0, 0, 0, 1, 0, 0, 2, 0, 0, 0, 0, 0, 0, 0, 0, 0, 0, 0, 1, 1, 2, 2, 0, 0, 2, 0, 0, 1, 1, 0, 2, 2, 0, 1, 0, 0, 0, 0, 0, 0, 0, 2, 0, 0, 0, 0, 0, 0, 0, 2, 2, 2, 3, 2, 0, 1, 1, 4, 2, 5, 1, 6, 2, 4, 2, 6, 495, 0, 1, 0, 0, 1, 0]","[[1 0 0 0]
 [0 1 0 0]]",0.6504263659584103,-1,1
2449,"[2, 2, 0, 3, 0, 5, 0, 3, 0, 1, 0, 2, 0, 0, 0, 0, 0, 1, 0, 0, 2, 0, 0, 0, 0, 0, 0, 0, 0, 0, 0, 0, 1, 1, 2, 2, 0, 0, 2, 0, 0, 1, 1, 0, 2, 2, 0, 1, 0, 0, 0, 0, 0, 0, 0, 2, 0, 0, 0, 0, 0, 0, 0, 2, 2, 2, 3, 2, 0, 1, 1, 4, 2, 5, 1, 6, 2, 4, 2, 6, 495, 0, 0, 0, 0, 0, 0]",0,-0.1999984990996806,-1,0
2450,"[2, 2, 0, 4, 0, 5, 0, 4, 0, 1, 0, 2, 0, 0, 0, 0, 0, 1, 0, 0, 2, 0, 0, 0, 0, 0, 0, 0, 0, 0, 0, 0, 1, 1, 2, 2, 0, 0, 2, 0, 0, 1, 1, 0, 2, 2, 0, 1, 0, 0, 0, 0, 0, 0, 0, 2, 0, 0, 0, 0, 0, 0, 0, 2, 2, 2, 3, 2, 0, 1, 1, 4, 2, 5, 1, 6, 2, 4, 2, 6, 496, 0, 0, 0, 0, 0, 0]",4,13.841051723933681,-1,1
2451,"[1, 1, 0, 2, 0, 2, 0, 2, 0, 1, 0, 2, 0, 0, 0, 0, 0, 1, 0, 0, 2, 0, 0, 0, 0, 0, 0, 0, 0, 0, 0, 0, 1, 1, 2, 2, 0, 0, 2, 0, 0, 1, 1, 0, 2, 2, 0, 1, 0, 0, 0, 0, 0, 0, 0, 2, 0, 0, 0, 0, 0, 0, 0, 2, 2, 2, 3, 2, 0, 1, 1, 4, 2, 5, 1, 6, 2, 4, 2, 2, 497, 0, 0, 0, 0, 0, 0]",4,12.974471241663519,-1,0
2452,"[1, 1, 0, 1, 0, 1, 0, 1, 0, 1, 0, 2, 0, 0, 0, 0, 0, 1, 0, 0, 2, 0, 0, 0, 0, 0, 0, 0, 0, 0, 0, 0, 1, 1, 2, 2, 0, 0, 2, 0, 0, 1, 1, 0, 2, 2, 0, 1, 0, 0, 0, 0, 0, 0, 0, 2, 0, 0, 0, 0, 0, 0, 0, 2, 2, 2, 3, 2, 0, 1, 1, 4, 2, 5, 1, 6, 2, 4, 2, 0, 498, 0, 0, 0, 0, 0, 0]",4,14.260158817277548,-1,1
2453,"[1, 1, 0, 1, 0, 1, 0, 1, 0, 1, 0, 2, 0, 0, 0, 0, 0, 1, 0, 0, 2, 0, 0, 0, 0, 0, 0, 0, 0, 0, 0, 0, 1, 1, 2, 2, 0, 0, 2, 0, 0, 1, 1, 0, 2, 2, 0, 1, 0, 0, 0, 0, 0, 0, 0, 2, 0, 0, 0, 0, 0, 0, 0, 2, 2, 2, 3, 2, 0, 1, 1, 4, 2, 5, 1, 6, 2, 4, 2, 0, 498, 1, 0, 0, 0, 0, 0]",3,0.20000133118029642,-1,0
2454,"[1, 1, 0, 1, 0, 1, 0, 1, 0, 1, 0, 2, 0, 0, 0, 0, 0, 1, 0, 0, 2, 0, 0, 0, 0, 0, 0, 0, 0, 0, 0, 0, 1, 1, 2, 2, 0, 0, 2, 0, 0, 1, 1, 0, 2, 2, 0, 1, 0, 0, 0, 0, 0, 0, 0, 2, 0, 0, 0, 0, 0, 0, 0, 2, 2, 2, 3, 2, 0, 1, 1, 4, 2, 5, 1, 6, 2, 4, 2, 0, 498, 0, 0, 0, 0, 0, 0]",-1,-0.00034370312787481246,-1,0
2455,"[1, 2, 0, 1, 0, 2, 0, 1, 0, 1, 0, 2, 0, 0, 0, 0, 0, 1, 0, 0, 2, 0, 0, 0, 0, 0, 0, 0, 0, 0, 0, 0, 1, 1, 2, 2, 0, 0, 2, 0, 0, 1, 1, 0, 2, 2, 0, 1, 0, 0, 0, 0, 0, 0, 0, 2, 0, 0, 0, 0, 0, 0, 0, 2, 2, 2, 3, 2, 0, 1, 1, 4, 2, 5, 1, 6, 2, 4, 2, 0, 499, 0, 0, 0, 0, 0, 0]",4,14.056357327060038,-1,1
2456,"[1, 3, 0, 1, 0, 3, 0, 1, 0, 1, 0, 2, 0, 0, 0, 0, 0, 1, 0, 0, 2, 0, 0, 0, 0, 0, 0, 0, 0, 0, 0, 0, 1, 1, 2, 2, 0, 0, 2, 0, 0, 1, 1, 0, 2, 2, 0, 1, 0, 0, 0, 0, 0, 0, 0, 2, 0, 0, 0, 0, 0, 0, 0, 2, 2, 2, 3, 2, 0, 1, 1, 4, 2, 5, 1, 6, 2, 4, 2, 0, 500, 0, 0, 0, 0, 0, 0]",4,12.713637261599574,-1,0
2457,"[1, 3, 0, 1, 0, 3, 0, 1, 0, 1, 0, 2, 0, 0, 0, 0, 0, 1, 0, 0, 2, 0, 0, 0, 0, 0, 0, 0, 0, 0, 0, 0, 1, 1, 2, 2, 0, 0, 2, 0, 0, 1, 1, 0, 2, 2, 0, 1, 0, 0, 0, 0, 0, 0, 0, 2, 0, 0, 0, 0, 0, 0, 0, 2, 2, 2, 3, 2, 0, 1, 1, 4, 2, 5, 1, 6, 2, 4, 2, 0, 500, 0, 1, 0, 0, 0, 0]",2,0.4000012288349204,-1,1
2458,"[1, 3, 0, 1, 0, 3, 0, 1, 0, 1, 0, 2, 0, 0, 0, 0, 0, 1, 0, 0, 2, 0, 0, 0, 0, 0, 0, 0, 0, 0, 0, 0, 1, 1, 2, 2, 0, 0, 2, 0, 0, 1, 1, 0, 2, 2, 0, 1, 0, 0, 0, 0, 0, 0, 0, 2, 0, 0, 0, 0, 0, 0, 0, 2, 2, 2, 3, 2, 0, 1, 1, 4, 2, 5, 1, 6, 2, 4, 2, 0, 500, 0, 1, 0, 0, 1, 0]","[[0 1 0 0]
 [1 0 0 0]]",0.6504260938930113,-1,1
2459,"[0, 4, 0, 1, 1, 2, 0, 1, 0, 1, 0, 2, 0, 0, 0, 0, 0, 1, 0, 0, 2, 0, 0, 0, 0, 0, 0, 0, 0, 0, 0, 0, 1, 1, 2, 2, 0, 0, 2, 0, 0, 1, 1, 0, 2, 2, 0, 1, 0, 0, 0, 0, 0, 0, 0, 2, 0, 0, 0, 0, 0, 0, 0, 2, 2, 2, 3, 2, 0, 1, 1, 4, 2, 5, 1, 6, 2, 4, 2, 0, 500, 0, 0, 0, 0, 0, 0]",0,-0.19999877116507955,-1,0
2460,"[0, 4, 0, 2, 1, 2, 0, 2, 0, 1, 0, 2, 0, 0, 0, 0, 0, 1, 0, 0, 2, 0, 0, 0, 0, 0, 0, 0, 0, 0, 0, 0, 1, 1, 2, 2, 0, 0, 2, 0, 0, 1, 1, 0, 2, 2, 0, 1, 0, 0, 0, 0, 0, 0, 0, 2, 0, 0, 0, 0, 0, 0, 0, 2, 2, 2, 3, 2, 0, 1, 1, 4, 2, 5, 1, 6, 2, 4, 2, 0, 501, 0, 0, 0, 0, 0, 0]",4,14.273116479286523,-1,1
2461,"[0, 4, 0, 2, 1, 2, 0, 2, 0, 1, 0, 2, 0, 0, 0, 0, 0, 1, 0, 0, 2, 0, 0, 0, 0, 0, 0, 0, 0, 0, 0, 0, 1, 1, 2, 2, 0, 0, 2, 0, 0, 1, 1, 0, 2, 2, 0, 1, 0, 0, 0, 0, 0, 0, 0, 2, 0, 0, 0, 0, 0, 0, 0, 2, 2, 2, 3, 2, 0, 1, 1, 4, 2, 5, 1, 6, 2, 4, 2, 0, 502, 0, 0, 0, 0, 0, 0]",4,12.451375439128654,-1,0
2462,"[0, 4, 0, 2, 2, 2, 0, 2, 0, 1, 0, 2, 0, 0, 0, 0, 0, 1, 0, 0, 2, 0, 0, 0, 0, 0, 0, 0, 0, 0, 0, 0, 1, 1, 2, 2, 0, 0, 2, 0, 0, 1, 1, 0, 2, 2, 0, 1, 0, 0, 0, 0, 0, 0, 0, 2, 0, 0, 0, 0, 0, 0, 0, 2, 2, 2, 3, 2, 0, 1, 1, 4, 2, 5, 1, 6, 2, 4, 2, 0, 503, 0, 0, 0, 0, 0, 0]",4,14.31685738566109,-1,1
2463,"[0, 4, 0, 2, 2, 2, 0, 2, 0, 1, 0, 2, 0, 0, 0, 0, 0, 1, 0, 0, 2, 0, 0, 0, 0, 0, 0, 0, 0, 0, 0, 0, 1, 1, 2, 2, 0, 0, 2, 0, 0, 1, 1, 0, 2, 2, 0, 1, 0, 0, 0, 0, 0, 0, 0, 2, 0, 0, 0, 0, 0, 0, 0, 2, 2, 2, 3, 2, 0, 1, 1, 4, 2, 5, 1, 6, 2, 4, 2, 0, 503, 0, 0, 0, 0, 0, 0]",1,0.6096252049791783,-1,0
2464,"[0, 4, 0, 2, 2, 2, 0, 2, 0, 1, 0, 2, 0, 0, 0, 0, 0, 1, 0, 0, 2, 0, 0, 0, 0, 0, 0, 0, 0, 0, 0, 0, 1, 1, 2, 2, 0, 0, 2, 0, 0, 1, 1, 0, 2, 2, 0, 1, 0, 0, 0, 0, 0, 0, 0, 2, 0, 0, 0, 0, 0, 0, 0, 2, 2, 2, 3, 2, 0, 1, 1, 4, 2, 5, 1, 6, 2, 4, 2, 0, 503, 0, 0, 0, 0, 0, 0]",-1,-0.0003269405285274532,-1,0
2465,"[0, 4, 0, 2, 3, 2, 0, 2, 0, 1, 0, 2, 0, 0, 0, 0, 0, 1, 0, 0, 2, 0, 0, 0, 0, 0, 0, 0, 0, 0, 0, 0, 1, 1, 2, 2, 0, 0, 2, 0, 0, 1, 1, 0, 2, 2, 0, 1, 0, 0, 0, 0, 0, 0, 0, 2, 0, 0, 0, 0, 0, 0, 0, 2, 2, 2, 3, 2, 0, 1, 1, 4, 2, 5, 1, 6, 2, 4, 2, 0, 504, 0, 0, 0, 0, 0, 0]",4,14.244508260689877,-1,1
2466,"[0, 4, 0, 2, 3, 2, 0, 2, 0, 1, 0, 2, 0, 0, 0, 0, 0, 1, 0, 0, 2, 0, 0, 0, 0, 0, 0, 0, 0, 0, 0, 0, 1, 1, 2, 2, 0, 0, 2, 0, 0, 1, 1, 0, 2, 2, 0, 1, 0, 0, 0, 0, 0, 0, 0, 2, 0, 0, 0, 0, 0, 0, 0, 2, 2, 2, 3, 2, 0, 1, 1, 4, 2, 5, 1, 6, 2, 4, 2, 0, 504, 0, 0, 0, 0, 0, 0]",1,0.6096251622446132,-1,0
2467,"[0, 4, 0, 2, 3, 2, 0, 2, 0, 1, 0, 2, 0, 0, 0, 0, 0, 1, 0, 0, 2, 0, 0, 0, 0, 0, 0, 0, 0, 0, 0, 0, 1, 1, 2, 2, 0, 0, 2, 0, 0, 1, 1, 0, 2, 2, 0, 1, 0, 0, 0, 0, 0, 0, 0, 2, 0, 0, 0, 0, 0, 0, 0, 2, 2, 2, 3, 2, 0, 1, 1, 4, 2, 5, 1, 6, 2, 4, 2, 0, 504, 0, 0, 0, 0, 0, 0]",-1,-0.00032368741591447026,-1,0
2468,"[0, 2, 0, 1, 1, 1, 0, 1, 0, 1, 0, 2, 0, 0, 0, 0, 0, 1, 0, 0, 2, 0, 0, 0, 0, 0, 0, 0, 0, 0, 0, 0, 1, 1, 2, 2, 0, 0, 2, 0, 0, 1, 1, 0, 2, 2, 0, 1, 0, 0, 0, 0, 0, 0, 0, 2, 0, 0, 0, 0, 0, 0, 0, 2, 2, 2, 3, 2, 0, 1, 1, 4, 2, 5, 1, 6, 2, 4, 2, 5, 505, 0, 0, 0, 0, 0, 0]",4,12.656317022737872,-1,0
2469,"[0, 2, 0, 1, 1, 1, 0, 1, 0, 1, 0, 2, 0, 0, 0, 0, 0, 1, 0, 0, 2, 0, 0, 0, 0, 0, 0, 0, 0, 0, 0, 0, 1, 1, 2, 2, 0, 0, 2, 0, 0, 1, 1, 0, 2, 2, 0, 1, 0, 0, 0, 0, 0, 0, 0, 2, 0, 0, 0, 0, 0, 0, 0, 2, 2, 2, 3, 2, 0, 1, 1, 4, 2, 5, 1, 6, 2, 4, 2, 5, 505, 0, 1, 0, 0, 0, 0]",2,0.4000010060860603,-1,1
2470,"[0, 2, 0, 1, 1, 1, 0, 1, 0, 1, 0, 2, 0, 0, 0, 0, 0, 1, 0, 0, 2, 0, 0, 0, 0, 0, 0, 0, 0, 0, 0, 0, 1, 1, 2, 2, 0, 0, 2, 0, 0, 1, 1, 0, 2, 2, 0, 1, 0, 0, 0, 0, 0, 0, 0, 2, 0, 0, 0, 0, 0, 0, 0, 2, 2, 2, 3, 2, 0, 1, 1, 4, 2, 5, 1, 6, 2, 4, 2, 5, 505, 0, 1, 0, 0, 1, 0]","[[1 0 0 0]
 [0 1 0 0]]",0.6504258711441513,-1,1
2471,"[1, 1, 0, 1, 0, 2, 0, 1, 0, 1, 0, 2, 0, 0, 0, 0, 0, 1, 0, 0, 2, 0, 0, 0, 0, 0, 0, 0, 0, 0, 0, 0, 1, 1, 2, 2, 0, 0, 2, 0, 0, 1, 1, 0, 2, 2, 0, 1, 0, 0, 0, 0, 0, 0, 0, 2, 0, 0, 0, 0, 0, 0, 0, 2, 2, 2, 3, 2, 0, 1, 1, 4, 2, 5, 1, 6, 2, 4, 2, 5, 505, 0, 0, 0, 0, 0, 0]",0,-0.19999899391393966,-1,0
2472,"[1, 2, 0, 1, 0, 3, 0, 1, 0, 1, 0, 2, 0, 0, 0, 0, 0, 1, 0, 0, 2, 0, 0, 0, 0, 0, 0, 0, 0, 0, 0, 0, 1, 1, 2, 2, 0, 0, 2, 0, 0, 1, 1, 0, 2, 2, 0, 1, 0, 0, 0, 0, 0, 0, 0, 2, 0, 0, 0, 0, 0, 0, 0, 2, 2, 2, 3, 2, 0, 1, 1, 4, 2, 5, 1, 6, 2, 4, 2, 5, 506, 0, 0, 0, 0, 0, 0]",4,13.894116457254716,-1,1
2473,"[1, 2, 0, 1, 0, 3, 0, 1, 0, 1, 0, 2, 0, 0, 0, 0, 0, 1, 0, 0, 2, 0, 0, 0, 0, 0, 0, 0, 0, 0, 0, 0, 1, 1, 2, 2, 0, 0, 2, 0, 0, 1, 1, 0, 2, 2, 0, 1, 0, 0, 0, 0, 0, 0, 0, 2, 0, 0, 0, 0, 0, 0, 0, 2, 2, 2, 3, 2, 0, 1, 1, 4, 2, 5, 1, 6, 2, 4, 2, 5, 506, 0, 0, 0, 0, 0, 0]",0,0.2949757134676356,-1,0
2474,"[1, 2, 0, 1, 0, 3, 0, 1, 0, 1, 0, 2, 0, 0, 0, 0, 0, 1, 0, 0, 2, 0, 0, 0, 0, 0, 0, 0, 0, 0, 0, 0, 1, 1, 2, 2, 0, 0, 2, 0, 0, 1, 1, 0, 2, 2, 0, 1, 0, 0, 0, 0, 0, 0, 0, 2, 0, 0, 0, 0, 0, 0, 0, 2, 2, 2, 3, 2, 0, 1, 1, 4, 2, 5, 1, 6, 2, 4, 2, 5, 506, 0, 0, 0, 0, 0, 0]",-1,-0.0003172779756454555,-1,0
2475,"[1, 1, 0, 1, 0, 1, 0, 1, 0, 1, 0, 2, 0, 0, 0, 0, 0, 1, 0, 0, 2, 0, 0, 0, 0, 0, 0, 0, 0, 0, 0, 0, 1, 1, 2, 2, 0, 0, 2, 0, 0, 1, 1, 0, 2, 2, 0, 1, 0, 0, 0, 0, 0, 0, 0, 2, 0, 0, 0, 0, 0, 0, 0, 2, 2, 2, 3, 2, 0, 1, 1, 4, 2, 5, 1, 6, 2, 4, 2, 2, 507, 0, 0, 0, 0, 0, 0]",4,14.260098655979915,-1,1
2476,"[1, 1, 0, 1, 0, 1, 0, 1, 0, 1, 0, 2, 0, 0, 0, 0, 0, 1, 0, 0, 2, 0, 0, 0, 0, 0, 0, 0, 0, 0, 0, 0, 1, 1, 2, 2, 0, 0, 2, 0, 0, 1, 1, 0, 2, 2, 0, 1, 0, 0, 0, 0, 0, 0, 0, 2, 0, 0, 0, 0, 0, 0, 0, 2, 2, 2, 3, 2, 0, 1, 1, 4, 2, 5, 1, 6, 2, 4, 2, 2, 507, 0, 0, 0, 0, 0, 0]",0,0.2949756755654307,-1,0
2477,"[1, 1, 0, 1, 0, 1, 0, 1, 0, 1, 0, 2, 0, 0, 0, 0, 0, 1, 0, 0, 2, 0, 0, 0, 0, 0, 0, 0, 0, 0, 0, 0, 1, 1, 2, 2, 0, 0, 2, 0, 0, 1, 1, 0, 2, 2, 0, 1, 0, 0, 0, 0, 0, 0, 0, 2, 0, 0, 0, 0, 0, 0, 0, 2, 2, 2, 3, 2, 0, 1, 1, 4, 2, 5, 1, 6, 2, 4, 2, 2, 507, 0, 0, 0, 0, 0, 0]",-1,-0.0003141210070400559,-1,0
2478,"[1, 1, 0, 1, 0, 1, 0, 1, 0, 1, 0, 2, 0, 0, 0, 0, 0, 1, 0, 0, 2, 0, 0, 0, 0, 0, 0, 0, 0, 0, 0, 0, 1, 1, 2, 2, 0, 0, 2, 0, 0, 1, 1, 0, 2, 2, 0, 1, 0, 0, 0, 0, 0, 0, 0, 2, 0, 0, 0, 0, 0, 0, 0, 2, 2, 2, 3, 2, 0, 1, 1, 4, 2, 5, 1, 6, 2, 4, 2, 2, 507, 0, 0, 0, 0, 0, 0]",0,0.2949756755654307,-1,0
2479,"[1, 1, 0, 1, 0, 1, 0, 1, 0, 1, 0, 2, 0, 0, 0, 0, 0, 1, 0, 0, 2, 0, 0, 0, 0, 0, 0, 0, 0, 0, 0, 0, 1, 1, 2, 2, 0, 0, 2, 0, 0, 1, 1, 0, 2, 2, 0, 1, 0, 0, 0, 0, 0, 0, 0, 2, 0, 0, 0, 0, 0, 0, 0, 2, 2, 2, 3, 2, 0, 1, 1, 4, 2, 5, 1, 6, 2, 4, 2, 2, 507, 0, 0, 0, 0, 0, 0]",-1,-0.0003141210070400559,-1,0
2480,"[1, 1, 0, 1, 0, 1, 0, 1, 0, 1, 0, 2, 0, 0, 0, 0, 0, 1, 0, 0, 2, 0, 0, 0, 0, 0, 0, 0, 0, 0, 0, 0, 1, 1, 2, 2, 0, 0, 2, 0, 0, 1, 1, 0, 2, 2, 0, 1, 0, 0, 0, 0, 0, 0, 0, 2, 0, 0, 0, 0, 0, 0, 0, 2, 2, 2, 3, 2, 0, 1, 1, 4, 2, 5, 1, 6, 2, 4, 2, 2, 507, 0, 0, 0, 0, 0, 0]",0,0.2949756755654307,-1,0
2481,"[1, 1, 0, 1, 0, 1, 0, 1, 0, 1, 0, 2, 0, 0, 0, 0, 0, 1, 0, 0, 2, 0, 0, 0, 0, 0, 0, 0, 0, 0, 0, 0, 1, 1, 2, 2, 0, 0, 2, 0, 0, 1, 1, 0, 2, 2, 0, 1, 0, 0, 0, 0, 0, 0, 0, 2, 0, 0, 0, 0, 0, 0, 0, 2, 2, 2, 3, 2, 0, 1, 1, 4, 2, 5, 1, 6, 2, 4, 2, 2, 507, 0, 0, 0, 0, 0, 0]",-1,-0.0003141210070400559,-1,0
2482,"[1, 1, 0, 1, 0, 1, 0, 1, 0, 1, 0, 2, 0, 0, 0, 0, 0, 1, 0, 0, 2, 0, 0, 0, 0, 0, 0, 0, 0, 0, 0, 0, 1, 1, 2, 2, 0, 0, 2, 0, 0, 1, 1, 0, 2, 2, 0, 1, 0, 0, 0, 0, 0, 0, 0, 2, 0, 0, 0, 0, 0, 0, 0, 2, 2, 2, 3, 2, 0, 1, 1, 4, 2, 5, 1, 6, 2, 4, 2, 2, 507, 0, 0, 0, 0, 0, 0]",0,0.2949756755654307,-1,0
2483,"[1, 1, 0, 1, 0, 1, 0, 1, 0, 1, 0, 2, 0, 0, 0, 0, 0, 1, 0, 0, 2, 0, 0, 0, 0, 0, 0, 0, 0, 0, 0, 0, 1, 1, 2, 2, 0, 0, 2, 0, 0, 1, 1, 0, 2, 2, 0, 1, 0, 0, 0, 0, 0, 0, 0, 2, 0, 0, 0, 0, 0, 0, 0, 2, 2, 2, 3, 2, 0, 1, 1, 4, 2, 5, 1, 6, 2, 4, 2, 2, 507, 0, 0, 0, 0, 0, 0]",-1,-0.0003141210070400559,-1,0
2484,"[1, 1, 0, 1, 0, 1, 0, 1, 0, 1, 0, 2, 0, 0, 0, 0, 0, 1, 0, 0, 2, 0, 0, 0, 0, 0, 0, 0, 0, 0, 0, 0, 1, 1, 2, 2, 0, 0, 2, 0, 0, 1, 1, 0, 2, 2, 0, 1, 0, 0, 0, 0, 0, 0, 0, 2, 0, 0, 0, 0, 0, 0, 0, 2, 2, 2, 3, 2, 0, 1, 1, 4, 2, 5, 1, 6, 2, 4, 2, 2, 507, 0, 0, 0, 0, 0, 0]",0,0.2949756755654307,-1,0
2485,"[1, 1, 0, 1, 0, 1, 0, 1, 0, 1, 0, 2, 0, 0, 0, 0, 0, 1, 0, 0, 2, 0, 0, 0, 0, 0, 0, 0, 0, 0, 0, 0, 1, 1, 2, 2, 0, 0, 2, 0, 0, 1, 1, 0, 2, 2, 0, 1, 0, 0, 0, 0, 0, 0, 0, 2, 0, 0, 0, 0, 0, 0, 0, 2, 2, 2, 3, 2, 0, 1, 1, 4, 2, 5, 1, 6, 2, 4, 2, 2, 507, 0, 0, 0, 0, 0, 0]",-1,-0.0003141210070400559,-1,0
2486,"[1, 1, 0, 1, 0, 1, 0, 1, 0, 1, 0, 2, 0, 0, 0, 0, 0, 1, 0, 0, 2, 0, 0, 0, 0, 0, 0, 0, 0, 0, 0, 0, 1, 1, 2, 2, 0, 0, 2, 0, 0, 1, 1, 0, 2, 2, 0, 1, 0, 0, 0, 0, 0, 0, 0, 2, 0, 0, 0, 0, 0, 0, 0, 2, 2, 2, 3, 2, 0, 1, 1, 4, 2, 5, 1, 6, 2, 4, 2, 2, 507, 0, 0, 0, 0, 0, 0]",0,0.2949756755654307,-1,0
2487,"[1, 1, 0, 1, 0, 1, 0, 1, 0, 1, 0, 2, 0, 0, 0, 0, 0, 1, 0, 0, 2, 0, 0, 0, 0, 0, 0, 0, 0, 0, 0, 0, 1, 1, 2, 2, 0, 0, 2, 0, 0, 1, 1, 0, 2, 2, 0, 1, 0, 0, 0, 0, 0, 0, 0, 2, 0, 0, 0, 0, 0, 0, 0, 2, 2, 2, 3, 2, 0, 1, 1, 4, 2, 5, 1, 6, 2, 4, 2, 2, 507, 0, 0, 0, 0, 0, 0]",-1,-0.0003141210070400559,-1,0
2488,"[1, 1, 0, 1, 0, 1, 0, 1, 0, 1, 0, 2, 0, 0, 0, 0, 0, 1, 0, 0, 2, 0, 0, 0, 0, 0, 0, 0, 0, 0, 0, 0, 1, 1, 2, 2, 0, 0, 2, 0, 0, 1, 1, 0, 2, 2, 0, 1, 0, 0, 0, 0, 0, 0, 0, 2, 0, 0, 0, 0, 0, 0, 0, 2, 2, 2, 3, 2, 0, 1, 1, 4, 2, 5, 1, 6, 2, 4, 2, 2, 507, 0, 0, 0, 0, 0, 0]",0,0.2949756755654307,-1,0
2489,"[1, 1, 0, 1, 0, 1, 0, 1, 0, 1, 0, 2, 0, 0, 0, 0, 0, 1, 0, 0, 2, 0, 0, 0, 0, 0, 0, 0, 0, 0, 0, 0, 1, 1, 2, 2, 0, 0, 2, 0, 0, 1, 1, 0, 2, 2, 0, 1, 0, 0, 0, 0, 0, 0, 0, 2, 0, 0, 0, 0, 0, 0, 0, 2, 2, 2, 3, 2, 0, 1, 1, 4, 2, 5, 1, 6, 2, 4, 2, 2, 507, 0, 0, 0, 0, 0, 0]",-1,-0.0003141210070400559,-1,0
2490,"[1, 1, 0, 1, 0, 1, 0, 1, 0, 1, 0, 2, 0, 0, 0, 0, 0, 1, 0, 0, 2, 0, 0, 0, 0, 0, 0, 0, 0, 0, 0, 0, 1, 1, 2, 2, 0, 0, 2, 0, 0, 1, 1, 0, 2, 2, 0, 1, 0, 0, 0, 0, 0, 0, 0, 2, 0, 0, 0, 0, 0, 0, 0, 2, 2, 2, 3, 2, 0, 1, 1, 4, 2, 5, 1, 6, 2, 4, 2, 2, 507, 0, 0, 0, 0, 0, 0]",1,0.6096250438344641,-1,0
2491,"[1, 1, 0, 1, 0, 1, 0, 1, 0, 1, 0, 2, 0, 0, 0, 0, 0, 1, 0, 0, 2, 0, 0, 0, 0, 0, 0, 0, 0, 0, 0, 0, 1, 1, 2, 2, 0, 0, 2, 0, 0, 1, 1, 0, 2, 2, 0, 1, 0, 0, 0, 0, 0, 0, 0, 2, 0, 0, 0, 0, 0, 0, 0, 2, 2, 2, 3, 2, 0, 1, 1, 4, 2, 5, 1, 6, 2, 4, 2, 2, 507, 0, 0, 0, 0, 0, 0]",-1,-0.0003141210070400559,-1,0
2492,"[1, 1, 0, 1, 0, 1, 0, 1, 0, 1, 0, 2, 0, 0, 0, 0, 0, 1, 0, 0, 2, 0, 0, 0, 0, 0, 0, 0, 0, 0, 0, 0, 1, 1, 2, 2, 0, 0, 2, 0, 0, 1, 1, 0, 2, 2, 0, 1, 0, 0, 0, 0, 0, 0, 0, 2, 0, 0, 0, 0, 0, 0, 0, 2, 2, 2, 3, 2, 0, 1, 1, 4, 2, 5, 1, 6, 2, 4, 2, 2, 507, 0, 0, 0, 0, 0, 0]",1,0.6096250438344641,-1,0
2493,"[1, 1, 0, 1, 0, 1, 0, 1, 0, 1, 0, 2, 0, 0, 0, 0, 0, 1, 0, 0, 2, 0, 0, 0, 0, 0, 0, 0, 0, 0, 0, 0, 1, 1, 2, 2, 0, 0, 2, 0, 0, 1, 1, 0, 2, 2, 0, 1, 0, 0, 0, 0, 0, 0, 0, 2, 0, 0, 0, 0, 0, 0, 0, 2, 2, 2, 3, 2, 0, 1, 1, 4, 2, 5, 1, 6, 2, 4, 2, 2, 507, 0, 0, 0, 0, 0, 0]",-1,-0.0003141210070400559,-1,0
2494,"[1, 1, 0, 1, 0, 1, 0, 1, 0, 1, 0, 2, 0, 0, 0, 0, 0, 1, 0, 0, 2, 0, 0, 0, 0, 0, 0, 0, 0, 0, 0, 0, 1, 1, 2, 2, 0, 0, 2, 0, 0, 1, 1, 0, 2, 2, 0, 1, 0, 0, 0, 0, 0, 0, 0, 2, 0, 0, 0, 0, 0, 0, 0, 2, 2, 2, 3, 2, 0, 1, 1, 4, 2, 5, 1, 6, 2, 4, 2, 2, 507, 0, 0, 0, 0, 0, 0]",1,0.6096250438344641,-1,0
2495,"[1, 1, 0, 1, 0, 1, 0, 1, 0, 1, 0, 2, 0, 0, 0, 0, 0, 1, 0, 0, 2, 0, 0, 0, 0, 0, 0, 0, 0, 0, 0, 0, 1, 1, 2, 2, 0, 0, 2, 0, 0, 1, 1, 0, 2, 2, 0, 1, 0, 0, 0, 0, 0, 0, 0, 2, 0, 0, 0, 0, 0, 0, 0, 2, 2, 2, 3, 2, 0, 1, 1, 4, 2, 5, 1, 6, 2, 4, 2, 2, 507, 0, 0, 0, 0, 0, 0]",-1,-0.0003141210070400559,-1,0
2496,"[1, 1, 0, 1, 0, 1, 0, 1, 0, 1, 0, 2, 0, 0, 0, 0, 0, 1, 0, 0, 2, 0, 0, 0, 0, 0, 0, 0, 0, 0, 0, 0, 1, 1, 2, 2, 0, 0, 2, 0, 0, 1, 1, 0, 2, 2, 0, 1, 0, 0, 0, 0, 0, 0, 0, 2, 0, 0, 0, 0, 0, 0, 0, 2, 2, 2, 3, 2, 0, 1, 1, 4, 2, 5, 1, 6, 2, 4, 2, 2, 507, 0, 0, 0, 0, 0, 0]",1,0.6096250438344641,-1,0
2497,"[1, 1, 0, 1, 0, 1, 0, 1, 0, 1, 0, 2, 0, 0, 0, 0, 0, 1, 0, 0, 2, 0, 0, 0, 0, 0, 0, 0, 0, 0, 0, 0, 1, 1, 2, 2, 0, 0, 2, 0, 0, 1, 1, 0, 2, 2, 0, 1, 0, 0, 0, 0, 0, 0, 0, 2, 0, 0, 0, 0, 0, 0, 0, 2, 2, 2, 3, 2, 0, 1, 1, 4, 2, 5, 1, 6, 2, 4, 2, 2, 507, 0, 0, 0, 0, 0, 0]",-1,-0.0003141210070400559,-1,0
2498,"[1, 1, 0, 1, 0, 1, 0, 1, 0, 1, 0, 2, 0, 0, 0, 0, 0, 1, 0, 0, 2, 0, 0, 0, 0, 0, 0, 0, 0, 0, 0, 0, 1, 1, 2, 2, 0, 0, 2, 0, 0, 1, 1, 0, 2, 2, 0, 1, 0, 0, 0, 0, 0, 0, 0, 2, 0, 0, 0, 0, 0, 0, 0, 2, 2, 2, 3, 2, 0, 1, 1, 4, 2, 5, 1, 6, 2, 4, 2, 2, 507, 0, 0, 0, 0, 0, 0]",1,0.6096250438344641,-1,0
2499,"[1, 1, 0, 1, 0, 1, 0, 1, 0, 1, 0, 2, 0, 0, 0, 0, 0, 1, 0, 0, 2, 0, 0, 0, 0, 0, 0, 0, 0, 0, 0, 0, 1, 1, 2, 2, 0, 0, 2, 0, 0, 1, 1, 0, 2, 2, 0, 1, 0, 0, 0, 0, 0, 0, 0, 2, 0, 0, 0, 0, 0, 0, 0, 2, 2, 2, 3, 2, 0, 1, 1, 4, 2, 5, 1, 6, 2, 4, 2, 2, 507, 0, 0, 0, 0, 0, 0]",-1,-0.0003141210070400559,-1,0
2500,"[1, 1, 0, 1, 0, 1, 0, 1, 0, 1, 0, 2, 0, 0, 0, 0, 0, 1, 0, 0, 2, 0, 0, 0, 0, 0, 0, 0, 0, 0, 0, 0, 1, 1, 2, 2, 0, 0, 2, 0, 0, 1, 1, 0, 2, 2, 0, 1, 0, 0, 0, 0, 0, 0, 0, 2, 0, 0, 0, 0, 0, 0, 0, 2, 2, 2, 3, 2, 0, 1, 1, 4, 2, 5, 1, 6, 2, 4, 2, 2, 507, 1, 0, 0, 0, 0, 0]",3,0.2000009287348474,-1,0
2501,"[1, 1, 0, 1, 0, 1, 0, 1, 0, 1, 0, 2, 0, 0, 0, 0, 0, 1, 0, 0, 2, 0, 0, 0, 0, 0, 0, 0, 0, 0, 0, 0, 1, 1, 2, 2, 0, 0, 2, 0, 0, 1, 1, 0, 2, 2, 0, 1, 0, 0, 0, 0, 0, 0, 0, 2, 0, 0, 0, 0, 0, 0, 0, 2, 2, 2, 3, 2, 0, 1, 1, 4, 2, 5, 1, 6, 2, 4, 2, 2, 507, 0, 0, 0, 0, 0, 0]",-1,-0.0003141210070400559,-1,0
2502,"[1, 1, 0, 1, 1, 1, 0, 1, 0, 1, 0, 2, 0, 0, 0, 0, 0, 1, 0, 0, 2, 0, 0, 0, 0, 0, 0, 0, 0, 0, 0, 0, 1, 1, 2, 2, 0, 0, 2, 0, 0, 1, 1, 0, 2, 2, 0, 1, 0, 0, 0, 0, 0, 0, 0, 2, 0, 0, 0, 0, 0, 0, 0, 2, 2, 2, 3, 2, 0, 1, 1, 4, 2, 5, 1, 6, 2, 4, 2, 2, 508, 0, 0, 0, 0, 0, 0]",4,13.134022418343001,-1,0
2503,"[1, 1, 0, 1, 2, 1, 0, 1, 0, 1, 0, 2, 0, 0, 0, 0, 0, 1, 0, 0, 2, 0, 0, 0, 0, 0, 0, 0, 0, 0, 0, 0, 1, 1, 2, 2, 0, 0, 2, 0, 0, 1, 1, 0, 2, 2, 0, 1, 0, 0, 0, 0, 0, 0, 0, 2, 0, 0, 0, 0, 0, 0, 0, 2, 2, 2, 3, 2, 0, 1, 1, 4, 2, 5, 1, 6, 2, 4, 2, 2, 509, 0, 0, 0, 0, 0, 0]",4,14.374391411606062,-1,1
2504,"[1, 1, 0, 1, 2, 1, 0, 1, 0, 1, 0, 2, 0, 0, 0, 0, 0, 1, 0, 0, 2, 0, 0, 0, 0, 0, 0, 0, 0, 0, 0, 0, 1, 1, 2, 2, 0, 0, 2, 0, 0, 1, 1, 0, 2, 2, 0, 1, 0, 0, 0, 0, 0, 0, 0, 2, 0, 0, 0, 0, 0, 0, 0, 2, 2, 2, 3, 2, 0, 1, 1, 4, 2, 5, 1, 6, 2, 4, 2, 2, 509, 0, 1, 0, 0, 0, 0]",2,0.4000008573306251,-1,0
2505,"[1, 1, 0, 1, 2, 1, 0, 1, 0, 1, 0, 2, 0, 0, 0, 0, 0, 1, 0, 0, 2, 0, 0, 0, 0, 0, 0, 0, 0, 0, 0, 0, 1, 1, 2, 2, 0, 0, 2, 0, 0, 1, 1, 0, 2, 2, 0, 1, 0, 0, 0, 0, 0, 0, 0, 2, 0, 0, 0, 0, 0, 0, 0, 2, 2, 2, 3, 2, 0, 1, 1, 4, 2, 5, 1, 6, 2, 4, 2, 2, 509, 0, 0, 0, 0, 0, 0]",-1,-0.00030790099435844487,-1,0
2506,"[1, 1, 0, 1, 2, 1, 0, 1, 0, 1, 0, 2, 0, 0, 0, 0, 0, 1, 0, 0, 2, 0, 0, 0, 0, 0, 0, 0, 0, 0, 0, 0, 1, 1, 2, 2, 0, 0, 2, 0, 0, 1, 1, 0, 2, 2, 0, 1, 0, 0, 0, 0, 0, 0, 0, 2, 0, 0, 0, 0, 0, 0, 0, 2, 2, 2, 3, 2, 0, 1, 1, 4, 2, 5, 1, 6, 2, 4, 2, 2, 510, 0, 0, 0, 0, 0, 0]",4,13.13400990971319,-1,0
2507,"[1, 1, 0, 1, 2, 1, 0, 1, 0, 1, 0, 2, 0, 0, 0, 0, 0, 1, 0, 0, 2, 0, 0, 0, 0, 0, 0, 0, 0, 0, 0, 0, 1, 1, 2, 2, 0, 0, 2, 0, 0, 1, 1, 0, 2, 2, 0, 1, 0, 0, 0, 0, 0, 0, 0, 2, 0, 0, 0, 0, 0, 0, 0, 2, 2, 2, 3, 2, 0, 1, 1, 4, 2, 5, 1, 6, 2, 4, 2, 2, 510, 0, 1, 0, 0, 0, 0]",2,0.400000823714349,-1,1
2508,"[1, 1, 0, 1, 2, 1, 0, 1, 0, 1, 0, 2, 0, 0, 0, 0, 0, 1, 0, 0, 2, 0, 0, 0, 0, 0, 0, 0, 0, 0, 0, 0, 1, 1, 2, 2, 0, 0, 2, 0, 0, 1, 1, 0, 2, 2, 0, 1, 0, 0, 0, 0, 0, 0, 0, 2, 0, 0, 0, 0, 0, 0, 0, 2, 2, 2, 3, 2, 0, 1, 1, 4, 2, 5, 1, 6, 2, 4, 2, 2, 510, 0, 1, 0, 0, 1, 0]","[[1 0 0 0]
 [0 1 0 0]]",0.6504256887724399,-1,1
2509,"[1, 1, 0, 1, 2, 1, 0, 1, 0, 1, 0, 2, 0, 0, 0, 0, 0, 1, 0, 0, 2, 0, 0, 0, 0, 0, 0, 0, 0, 0, 0, 0, 1, 1, 2, 2, 0, 0, 2, 0, 0, 1, 1, 0, 2, 2, 0, 1, 0, 0, 0, 0, 0, 0, 0, 2, 0, 0, 0, 0, 0, 0, 0, 2, 2, 2, 3, 2, 0, 1, 1, 4, 2, 5, 1, 6, 2, 4, 2, 2, 510, 0, 0, 0, 0, 0, 0]",1,-0.19999917628565103,-1,0
2510,"[1, 2, 0, 1, 2, 2, 0, 1, 0, 1, 0, 2, 0, 0, 0, 0, 0, 1, 0, 0, 2, 0, 0, 0, 0, 0, 0, 0, 0, 0, 0, 0, 1, 1, 2, 2, 0, 0, 2, 0, 0, 1, 1, 0, 2, 2, 0, 1, 0, 0, 0, 0, 0, 0, 0, 2, 0, 0, 0, 0, 0, 0, 0, 2, 2, 2, 3, 2, 0, 1, 1, 4, 2, 5, 1, 6, 2, 4, 2, 2, 511, 0, 0, 0, 0, 0, 0]",4,14.273051970007444,-1,1
2511,"[1, 1, 0, 1, 1, 1, 0, 1, 0, 1, 0, 2, 0, 0, 0, 0, 0, 1, 0, 0, 2, 0, 0, 0, 0, 0, 0, 0, 0, 0, 0, 0, 1, 1, 2, 2, 0, 0, 2, 0, 0, 1, 1, 0, 2, 2, 0, 1, 0, 0, 0, 0, 0, 0, 0, 2, 0, 0, 0, 0, 0, 0, 0, 2, 2, 2, 3, 2, 0, 1, 1, 4, 2, 5, 1, 6, 2, 4, 2, 3, 512, 0, 0, 0, 0, 0, 0]",4,13.133997652686906,-1,0
2512,"[1, 1, 0, 1, 1, 1, 0, 1, 0, 1, 0, 2, 0, 0, 0, 0, 0, 1, 0, 0, 2, 0, 0, 0, 0, 0, 0, 0, 0, 0, 0, 0, 1, 1, 2, 2, 0, 0, 2, 0, 0, 1, 1, 0, 2, 2, 0, 1, 0, 0, 0, 0, 0, 0, 0, 2, 0, 0, 0, 0, 0, 0, 0, 2, 2, 2, 3, 2, 0, 1, 1, 4, 2, 5, 1, 6, 2, 4, 2, 6, 513, 0, 0, 0, 0, 0, 0]",4,14.533991616869056,-1,1
2513,"[1, 1, 0, 1, 1, 1, 0, 1, 0, 1, 0, 2, 0, 0, 0, 0, 0, 1, 0, 0, 2, 0, 0, 0, 0, 0, 0, 0, 0, 0, 0, 0, 1, 1, 2, 2, 0, 0, 2, 0, 0, 1, 1, 0, 2, 2, 0, 1, 0, 0, 0, 0, 0, 0, 0, 2, 0, 0, 0, 0, 0, 0, 0, 2, 2, 2, 3, 2, 0, 1, 1, 4, 2, 5, 1, 6, 2, 4, 2, 6, 513, 1, 0, 0, 0, 0, 0]",3,0.20000073056943038,-1,0
2514,"[1, 1, 0, 1, 1, 1, 0, 1, 0, 1, 0, 2, 0, 0, 0, 0, 0, 1, 0, 0, 2, 0, 0, 0, 0, 0, 0, 0, 0, 0, 0, 0, 1, 1, 2, 2, 0, 0, 2, 0, 0, 1, 1, 0, 2, 2, 0, 1, 0, 0, 0, 0, 0, 0, 0, 2, 0, 0, 0, 0, 0, 0, 0, 2, 2, 2, 3, 2, 0, 1, 1, 4, 2, 5, 1, 6, 2, 4, 2, 6, 513, 0, 0, 0, 0, 0, 0]",-1,-0.00029582802368409287,-1,0
2515,"[1, 1, 0, 2, 1, 1, 0, 2, 0, 1, 0, 2, 0, 0, 0, 0, 0, 1, 0, 0, 2, 0, 0, 0, 0, 0, 0, 0, 0, 0, 0, 0, 1, 1, 2, 2, 0, 0, 2, 0, 0, 1, 1, 0, 2, 2, 0, 1, 0, 0, 0, 0, 0, 0, 0, 2, 0, 0, 0, 0, 0, 0, 0, 2, 2, 2, 3, 2, 0, 1, 1, 4, 2, 5, 1, 6, 2, 4, 2, 6, 514, 0, 0, 0, 0, 0, 0]",4,14.374360921344705,-1,1
2516,"[1, 1, 0, 2, 1, 1, 0, 2, 0, 1, 0, 2, 0, 0, 0, 0, 0, 1, 0, 0, 2, 0, 0, 0, 0, 0, 0, 0, 0, 0, 0, 0, 1, 1, 2, 2, 0, 0, 2, 0, 0, 1, 1, 0, 2, 2, 0, 1, 0, 0, 0, 0, 0, 0, 0, 2, 0, 0, 0, 0, 0, 0, 0, 2, 2, 2, 3, 2, 0, 1, 1, 4, 2, 5, 1, 6, 2, 4, 2, 6, 514, 1, 0, 0, 0, 0, 0]",3,0.20000070192349378,-1,0
2517,"[1, 1, 0, 2, 1, 1, 0, 2, 0, 1, 0, 2, 0, 0, 0, 0, 0, 1, 0, 0, 2, 0, 0, 0, 0, 0, 0, 0, 0, 0, 0, 0, 1, 1, 2, 2, 0, 0, 2, 0, 0, 1, 1, 0, 2, 2, 0, 1, 0, 0, 0, 0, 0, 0, 0, 2, 0, 0, 0, 0, 0, 0, 0, 2, 2, 2, 3, 2, 0, 1, 1, 4, 2, 5, 1, 6, 2, 4, 2, 6, 514, 0, 0, 0, 0, 0, 0]",-1,-0.00029288448566678113,-1,0
2518,"[1, 2, 0, 2, 1, 2, 0, 2, 0, 1, 0, 2, 0, 0, 0, 0, 0, 1, 0, 0, 2, 0, 0, 0, 0, 0, 0, 0, 0, 0, 0, 0, 1, 1, 2, 2, 0, 0, 2, 0, 0, 1, 1, 0, 2, 2, 0, 1, 0, 0, 0, 0, 0, 0, 0, 2, 0, 0, 0, 0, 0, 0, 0, 2, 2, 2, 3, 2, 0, 1, 1, 4, 2, 5, 1, 6, 2, 4, 2, 6, 515, 0, 0, 0, 0, 0, 0]",4,12.873027947306822,-1,0
2519,"[1, 2, 0, 2, 1, 2, 0, 2, 0, 1, 0, 2, 0, 0, 0, 0, 0, 1, 0, 0, 2, 0, 0, 0, 0, 0, 0, 0, 0, 0, 0, 0, 1, 1, 2, 2, 0, 0, 2, 0, 0, 1, 1, 0, 2, 2, 0, 1, 0, 0, 0, 0, 0, 0, 0, 2, 0, 0, 0, 0, 0, 0, 0, 2, 2, 2, 3, 2, 0, 1, 1, 4, 2, 5, 1, 6, 2, 4, 2, 6, 515, 0, 1, 0, 0, 0, 0]",2,0.4000006744007727,-1,1
2520,"[1, 2, 0, 2, 1, 2, 0, 2, 0, 1, 0, 2, 0, 0, 0, 0, 0, 1, 0, 0, 2, 0, 0, 0, 0, 0, 0, 0, 0, 0, 0, 0, 1, 1, 2, 2, 0, 0, 2, 0, 0, 1, 1, 0, 2, 2, 0, 1, 0, 0, 0, 0, 0, 0, 0, 2, 0, 0, 0, 0, 0, 0, 0, 2, 2, 2, 3, 2, 0, 1, 1, 4, 2, 5, 1, 6, 2, 4, 2, 6, 515, 0, 1, 0, 0, 1, 0]","[[1 0 0 0]
 [0 1 0 0]]",0.6504255394588636,-1,1
2521,"[1, 2, 0, 2, 1, 2, 0, 2, 0, 1, 0, 2, 0, 0, 0, 0, 0, 1, 0, 0, 2, 0, 0, 0, 0, 0, 0, 0, 0, 0, 0, 0, 1, 1, 2, 2, 0, 0, 2, 0, 0, 1, 1, 0, 2, 2, 0, 1, 0, 0, 0, 0, 0, 0, 0, 2, 0, 0, 0, 0, 0, 0, 0, 2, 2, 2, 3, 2, 0, 1, 1, 4, 2, 5, 1, 6, 2, 4, 2, 6, 515, 0, 0, 0, 0, 0, 0]",1,-0.19999932559922728,-1,0
2522,"[1, 2, 0, 2, 1, 2, 0, 2, 0, 1, 0, 2, 0, 0, 0, 0, 0, 1, 0, 0, 2, 0, 0, 0, 0, 0, 0, 0, 0, 0, 0, 0, 1, 1, 2, 2, 0, 0, 2, 0, 0, 1, 1, 0, 2, 2, 0, 1, 0, 0, 0, 0, 0, 0, 0, 2, 0, 0, 0, 0, 0, 0, 0, 2, 2, 2, 3, 2, 0, 1, 1, 4, 2, 5, 1, 6, 2, 4, 2, 6, 516, 0, 0, 0, 0, 0, 0]",4,14.273022092364627,-1,1
2523,"[1, 3, 0, 2, 1, 3, 0, 2, 0, 1, 0, 2, 0, 0, 0, 0, 0, 1, 0, 0, 2, 0, 0, 0, 0, 0, 0, 0, 0, 0, 0, 0, 1, 1, 2, 2, 0, 0, 2, 0, 0, 1, 1, 0, 2, 2, 0, 1, 0, 0, 0, 0, 0, 0, 0, 2, 0, 0, 0, 0, 0, 0, 0, 2, 2, 2, 3, 2, 0, 1, 1, 4, 2, 5, 1, 6, 2, 4, 2, 6, 517, 0, 0, 0, 0, 0, 0]",4,12.742829261133616,-1,0
2524,"[1, 4, 0, 2, 1, 4, 0, 2, 0, 1, 0, 2, 0, 0, 0, 0, 0, 1, 0, 0, 2, 0, 0, 0, 0, 0, 0, 0, 0, 0, 0, 0, 1, 1, 2, 2, 0, 0, 2, 0, 0, 1, 1, 0, 2, 2, 0, 1, 0, 0, 0, 0, 0, 0, 0, 2, 0, 0, 0, 0, 0, 0, 0, 2, 2, 2, 3, 2, 0, 1, 1, 4, 2, 5, 1, 6, 2, 4, 2, 6, 518, 0, 0, 0, 0, 0, 0]",4,14.029155137035623,-1,1
2525,"[1, 4, 0, 2, 1, 4, 0, 2, 0, 1, 0, 2, 0, 0, 0, 0, 0, 1, 0, 0, 2, 0, 0, 0, 0, 0, 0, 0, 0, 0, 0, 0, 1, 1, 2, 2, 0, 0, 2, 0, 0, 1, 1, 0, 2, 2, 0, 1, 0, 0, 0, 0, 0, 0, 0, 2, 0, 0, 0, 0, 0, 0, 0, 2, 2, 2, 3, 2, 0, 1, 1, 4, 2, 5, 1, 6, 2, 4, 2, 6, 518, 0, 1, 0, 0, 0, 0]",2,0.40000059814005595,-1,0
2526,"[1, 4, 0, 2, 1, 4, 0, 2, 0, 1, 0, 2, 0, 0, 0, 0, 0, 1, 0, 0, 2, 0, 0, 0, 0, 0, 0, 0, 0, 0, 0, 0, 1, 1, 2, 2, 0, 0, 2, 0, 0, 1, 1, 0, 2, 2, 0, 1, 0, 0, 0, 0, 0, 0, 0, 2, 0, 0, 0, 0, 0, 0, 0, 2, 2, 2, 3, 2, 0, 1, 1, 4, 2, 5, 1, 6, 2, 4, 2, 6, 518, 0, 0, 0, 0, 0, 0]",-1,-0.0002814003207202033,-1,0
2527,"[1, 5, 0, 2, 1, 5, 0, 2, 0, 1, 0, 2, 0, 0, 0, 0, 0, 1, 0, 0, 2, 0, 0, 0, 0, 0, 0, 0, 0, 0, 0, 0, 1, 1, 2, 2, 0, 0, 2, 0, 0, 1, 1, 0, 2, 2, 0, 1, 0, 0, 0, 0, 0, 0, 0, 2, 0, 0, 0, 0, 0, 0, 0, 2, 2, 2, 3, 2, 0, 1, 1, 4, 2, 5, 1, 6, 2, 4, 2, 6, 519, 0, 0, 0, 0, 0, 0]",4,12.538615254134838,-1,0
2528,"[1, 5, 0, 3, 1, 5, 0, 3, 0, 1, 0, 2, 0, 0, 0, 0, 0, 1, 0, 0, 2, 0, 0, 0, 0, 0, 0, 0, 0, 0, 0, 0, 1, 1, 2, 2, 0, 0, 2, 0, 0, 1, 1, 0, 2, 2, 0, 1, 0, 0, 0, 0, 0, 0, 0, 2, 0, 0, 0, 0, 0, 0, 0, 2, 2, 2, 3, 2, 0, 1, 1, 4, 2, 5, 1, 6, 2, 4, 2, 6, 520, 0, 0, 0, 0, 0, 0]",4,13.958919904134532,-1,1
2529,"[1, 2, 0, 1, 1, 2, 0, 1, 0, 1, 0, 2, 0, 0, 0, 0, 0, 1, 0, 0, 2, 0, 0, 0, 0, 0, 0, 0, 0, 0, 0, 0, 1, 1, 2, 2, 0, 0, 2, 0, 0, 1, 1, 0, 2, 2, 0, 1, 0, 0, 0, 0, 0, 0, 0, 2, 0, 0, 0, 0, 0, 0, 0, 2, 2, 2, 3, 2, 0, 1, 1, 4, 2, 5, 1, 6, 2, 4, 2, 0, 521, 0, 0, 0, 0, 0, 0]",4,12.974320750318737,-1,0
2530,"[1, 2, 0, 1, 1, 2, 0, 1, 0, 1, 0, 2, 0, 0, 0, 0, 0, 1, 0, 0, 2, 0, 0, 0, 0, 0, 0, 0, 0, 0, 0, 0, 1, 1, 2, 2, 0, 0, 2, 0, 0, 1, 1, 0, 2, 2, 0, 1, 0, 0, 0, 0, 0, 0, 0, 2, 0, 0, 0, 0, 0, 0, 0, 2, 2, 2, 3, 2, 0, 1, 1, 4, 2, 5, 1, 6, 2, 4, 2, 0, 521, 0, 1, 0, 0, 0, 0]",2,0.40000053050281903,-1,1
2531,"[1, 2, 0, 1, 1, 2, 0, 1, 0, 1, 0, 2, 0, 0, 0, 0, 0, 1, 0, 0, 2, 0, 0, 0, 0, 0, 0, 0, 0, 0, 0, 0, 1, 1, 2, 2, 0, 0, 2, 0, 0, 1, 1, 0, 2, 2, 0, 1, 0, 0, 0, 0, 0, 0, 0, 2, 0, 0, 0, 0, 0, 0, 0, 2, 2, 2, 3, 2, 0, 1, 1, 4, 2, 5, 1, 6, 2, 4, 2, 0, 521, 0, 1, 0, 0, 1, 0]","[[1 0 0 0]
 [0 1 0 0]]",0.65042539556091,-1,1
2532,"[1, 2, 0, 1, 1, 2, 0, 1, 0, 1, 0, 2, 0, 0, 0, 0, 0, 1, 0, 0, 2, 0, 0, 0, 0, 0, 0, 0, 0, 0, 0, 0, 1, 1, 2, 2, 0, 0, 2, 0, 0, 1, 1, 0, 2, 2, 0, 1, 0, 0, 0, 0, 0, 0, 0, 2, 0, 0, 0, 0, 0, 0, 0, 2, 2, 2, 3, 2, 0, 1, 1, 4, 2, 5, 1, 6, 2, 4, 2, 0, 521, 0, 0, 0, 0, 0, 0]",1,-0.19999946949718095,-1,0
2533,"[1, 1, 0, 1, 1, 1, 0, 1, 0, 1, 0, 2, 0, 0, 0, 0, 0, 1, 0, 0, 2, 0, 0, 0, 0, 0, 0, 0, 0, 0, 0, 0, 1, 1, 2, 2, 0, 0, 2, 0, 0, 1, 1, 0, 2, 2, 0, 1, 0, 0, 0, 0, 0, 0, 0, 2, 0, 0, 0, 0, 0, 0, 0, 2, 2, 2, 3, 2, 0, 1, 1, 4, 2, 5, 1, 6, 2, 4, 2, 5, 522, 0, 0, 0, 0, 0, 0]",4,14.533939961080447,-1,1
2534,"[1, 1, 0, 1, 1, 1, 0, 1, 0, 1, 0, 2, 0, 0, 0, 0, 0, 1, 0, 0, 2, 0, 0, 0, 0, 0, 0, 0, 0, 0, 0, 0, 1, 1, 2, 2, 0, 0, 2, 0, 0, 1, 1, 0, 2, 2, 0, 1, 0, 0, 0, 0, 0, 0, 0, 2, 0, 0, 0, 0, 0, 0, 0, 2, 2, 2, 3, 2, 0, 1, 1, 4, 2, 5, 1, 6, 2, 4, 2, 5, 523, 0, 0, 0, 0, 0, 0]",4,13.133934506638692,-1,0
2535,"[1, 1, 0, 1, 1, 1, 0, 1, 0, 1, 0, 2, 0, 0, 0, 0, 0, 1, 0, 0, 2, 0, 0, 0, 0, 0, 0, 0, 0, 0, 0, 0, 1, 1, 2, 2, 0, 0, 2, 0, 0, 1, 1, 0, 2, 2, 0, 1, 0, 0, 0, 0, 0, 0, 0, 2, 0, 0, 0, 0, 0, 0, 0, 2, 2, 2, 3, 2, 0, 1, 1, 4, 2, 5, 1, 6, 2, 4, 2, 5, 524, 0, 0, 0, 0, 0, 0]",4,14.533929107054323,-1,1
2536,"[1, 1, 0, 1, 1, 1, 0, 1, 0, 1, 0, 2, 0, 0, 0, 0, 0, 1, 0, 0, 2, 0, 0, 0, 0, 0, 0, 0, 0, 0, 0, 0, 1, 1, 2, 2, 0, 0, 2, 0, 0, 1, 1, 0, 2, 2, 0, 1, 0, 0, 0, 0, 0, 0, 0, 2, 0, 0, 0, 0, 0, 0, 0, 2, 2, 2, 3, 2, 0, 1, 1, 4, 2, 5, 1, 6, 2, 4, 2, 5, 524, 1, 0, 0, 0, 0, 0]",3,0.20000047051393308,-1,0
2537,"[1, 1, 0, 1, 1, 1, 0, 1, 0, 1, 0, 2, 0, 0, 0, 0, 0, 1, 0, 0, 2, 0, 0, 0, 0, 0, 0, 0, 0, 0, 0, 0, 1, 1, 2, 2, 0, 0, 2, 0, 0, 1, 1, 0, 2, 2, 0, 1, 0, 0, 0, 0, 0, 0, 0, 2, 0, 0, 0, 0, 0, 0, 0, 2, 2, 2, 3, 2, 0, 1, 1, 4, 2, 5, 1, 6, 2, 4, 2, 5, 524, 0, 0, 0, 0, 0, 0]",-1,-0.0002650128417935201,-1,0
2538,"[1, 1, 0, 1, 1, 1, 0, 1, 0, 1, 0, 2, 0, 0, 0, 0, 0, 1, 0, 0, 2, 0, 0, 0, 0, 0, 0, 0, 0, 0, 0, 0, 1, 1, 2, 2, 0, 0, 2, 0, 0, 1, 1, 0, 2, 2, 0, 1, 0, 0, 0, 0, 0, 0, 0, 2, 0, 0, 0, 0, 0, 0, 0, 2, 2, 2, 3, 2, 0, 1, 1, 4, 2, 5, 1, 6, 2, 4, 2, 5, 525, 0, 0, 0, 0, 0, 0]",4,14.53392376175857,-1,1
2539,"[1, 1, 0, 1, 1, 1, 0, 1, 0, 1, 0, 2, 0, 0, 0, 0, 0, 1, 0, 0, 2, 0, 0, 0, 0, 0, 0, 0, 0, 0, 0, 0, 1, 1, 2, 2, 0, 0, 2, 0, 0, 1, 1, 0, 2, 2, 0, 1, 0, 0, 0, 0, 0, 0, 0, 2, 0, 0, 0, 0, 0, 0, 0, 2, 2, 2, 3, 2, 0, 1, 1, 4, 2, 5, 1, 6, 2, 4, 2, 5, 525, 0, 0, 0, 0, 0, 0]",1,0.6096245671644763,-1,0
2540,"[1, 1, 0, 1, 1, 1, 0, 1, 0, 1, 0, 2, 0, 0, 0, 0, 0, 1, 0, 0, 2, 0, 0, 0, 0, 0, 0, 0, 0, 0, 0, 0, 1, 1, 2, 2, 0, 0, 2, 0, 0, 1, 1, 0, 2, 2, 0, 1, 0, 0, 0, 0, 0, 0, 0, 2, 0, 0, 0, 0, 0, 0, 0, 2, 2, 2, 3, 2, 0, 1, 1, 4, 2, 5, 1, 6, 2, 4, 2, 5, 525, 0, 0, 0, 0, 0, 0]",-1,-0.00026237591995906923,-1,0
2541,"[1, 1, 0, 1, 1, 1, 0, 1, 0, 1, 0, 2, 0, 0, 0, 0, 0, 1, 0, 0, 2, 0, 0, 0, 0, 0, 0, 0, 0, 0, 0, 0, 1, 1, 2, 2, 0, 0, 2, 0, 0, 1, 1, 0, 2, 2, 0, 1, 0, 0, 0, 0, 0, 0, 0, 2, 0, 0, 0, 0, 0, 0, 0, 2, 2, 2, 3, 2, 0, 1, 1, 4, 2, 5, 1, 6, 2, 4, 2, 5, 525, 0, 1, 0, 0, 0, 0]",2,0.40000045206485957,-1,0
2542,"[1, 1, 0, 1, 1, 1, 0, 1, 0, 1, 0, 2, 0, 0, 0, 0, 0, 1, 0, 0, 2, 0, 0, 0, 0, 0, 0, 0, 0, 0, 0, 0, 1, 1, 2, 2, 0, 0, 2, 0, 0, 1, 1, 0, 2, 2, 0, 1, 0, 0, 0, 0, 0, 0, 0, 2, 0, 0, 0, 0, 0, 0, 0, 2, 2, 2, 3, 2, 0, 1, 1, 4, 2, 5, 1, 6, 2, 4, 2, 5, 525, 0, 0, 0, 0, 0, 0]",-1,-0.00026237591995906923,-1,0
2543,"[1, 1, 0, 1, 1, 1, 0, 1, 0, 1, 0, 2, 0, 0, 0, 0, 0, 1, 0, 0, 2, 0, 0, 0, 0, 0, 0, 0, 0, 0, 0, 0, 1, 1, 2, 2, 0, 0, 2, 0, 0, 1, 1, 0, 2, 2, 0, 1, 0, 0, 0, 0, 0, 0, 0, 2, 0, 0, 0, 0, 0, 0, 0, 2, 2, 2, 3, 2, 0, 1, 1, 4, 2, 5, 1, 6, 2, 4, 2, 5, 525, 0, 0, 0, 0, 0, 0]",1,0.6096245671644763,-1,0
2544,"[1, 1, 0, 1, 1, 1, 0, 1, 0, 1, 0, 2, 0, 0, 0, 0, 0, 1, 0, 0, 2, 0, 0, 0, 0, 0, 0, 0, 0, 0, 0, 0, 1, 1, 2, 2, 0, 0, 2, 0, 0, 1, 1, 0, 2, 2, 0, 1, 0, 0, 0, 0, 0, 0, 0, 2, 0, 0, 0, 0, 0, 0, 0, 2, 2, 2, 3, 2, 0, 1, 1, 4, 2, 5, 1, 6, 2, 4, 2, 5, 525, 0, 0, 0, 0, 0, 0]",-1,-0.00026237591995906923,-1,0
2545,"[1, 1, 0, 1, 1, 1, 0, 1, 0, 1, 0, 2, 0, 0, 0, 0, 0, 1, 0, 0, 2, 0, 0, 0, 0, 0, 0, 0, 0, 0, 0, 0, 1, 1, 2, 2, 0, 0, 2, 0, 0, 1, 1, 0, 2, 2, 0, 1, 0, 0, 0, 0, 0, 0, 0, 2, 0, 0, 0, 0, 0, 0, 0, 2, 2, 2, 3, 2, 0, 1, 1, 4, 2, 5, 1, 6, 2, 4, 2, 5, 525, 1, 0, 0, 0, 0, 0]",3,0.20000045206485959,-1,0
2546,"[1, 1, 0, 1, 1, 1, 0, 1, 0, 1, 0, 2, 0, 0, 0, 0, 0, 1, 0, 0, 2, 0, 0, 0, 0, 0, 0, 0, 0, 0, 0, 0, 1, 1, 2, 2, 0, 0, 2, 0, 0, 1, 1, 0, 2, 2, 0, 1, 0, 0, 0, 0, 0, 0, 0, 2, 0, 0, 0, 0, 0, 0, 0, 2, 2, 2, 3, 2, 0, 1, 1, 4, 2, 5, 1, 6, 2, 4, 2, 5, 525, 0, 0, 0, 0, 0, 0]",-1,-0.00026237591995906923,-1,0
2547,"[1, 1, 0, 1, 1, 1, 0, 1, 0, 1, 0, 2, 0, 0, 0, 0, 0, 1, 0, 0, 2, 0, 0, 0, 0, 0, 0, 0, 0, 0, 0, 0, 1, 1, 2, 2, 0, 0, 2, 0, 0, 1, 1, 0, 2, 2, 0, 1, 0, 0, 0, 0, 0, 0, 0, 2, 0, 0, 0, 0, 0, 0, 0, 2, 2, 2, 3, 2, 0, 1, 1, 4, 2, 5, 1, 6, 2, 4, 2, 5, 525, 0, 1, 0, 0, 0, 0]",2,0.40000045206485957,-1,0
2548,"[1, 1, 0, 1, 1, 1, 0, 1, 0, 1, 0, 2, 0, 0, 0, 0, 0, 1, 0, 0, 2, 0, 0, 0, 0, 0, 0, 0, 0, 0, 0, 0, 1, 1, 2, 2, 0, 0, 2, 0, 0, 1, 1, 0, 2, 2, 0, 1, 0, 0, 0, 0, 0, 0, 0, 2, 0, 0, 0, 0, 0, 0, 0, 2, 2, 2, 3, 2, 0, 1, 1, 4, 2, 5, 1, 6, 2, 4, 2, 5, 525, 0, 0, 0, 0, 0, 0]",-1,-0.00026237591995906923,-1,0
2549,"[1, 1, 0, 1, 1, 1, 0, 1, 0, 1, 0, 2, 0, 0, 0, 0, 0, 1, 0, 0, 2, 0, 0, 0, 0, 0, 0, 0, 0, 0, 0, 0, 1, 1, 2, 2, 0, 0, 2, 0, 0, 1, 1, 0, 2, 2, 0, 1, 0, 0, 0, 0, 0, 0, 0, 2, 0, 0, 0, 0, 0, 0, 0, 2, 2, 2, 3, 2, 0, 1, 1, 4, 2, 5, 1, 6, 2, 4, 2, 5, 525, 0, 1, 0, 0, 0, 0]",2,0.40000045206485957,-1,0
2550,"[1, 1, 0, 1, 1, 1, 0, 1, 0, 1, 0, 2, 0, 0, 0, 0, 0, 1, 0, 0, 2, 0, 0, 0, 0, 0, 0, 0, 0, 0, 0, 0, 1, 1, 2, 2, 0, 0, 2, 0, 0, 1, 1, 0, 2, 2, 0, 1, 0, 0, 0, 0, 0, 0, 0, 2, 0, 0, 0, 0, 0, 0, 0, 2, 2, 2, 3, 2, 0, 1, 1, 4, 2, 5, 1, 6, 2, 4, 2, 5, 525, 0, 0, 0, 0, 0, 0]",-1,-0.00026237591995906923,-1,0
2551,"[1, 1, 0, 1, 1, 1, 0, 1, 0, 1, 0, 2, 0, 0, 0, 0, 0, 1, 0, 0, 2, 0, 0, 0, 0, 0, 0, 0, 0, 0, 0, 0, 1, 1, 2, 2, 0, 0, 2, 0, 0, 1, 1, 0, 2, 2, 0, 1, 0, 0, 0, 0, 0, 0, 0, 2, 0, 0, 0, 0, 0, 0, 0, 2, 2, 2, 3, 2, 0, 1, 1, 4, 2, 5, 1, 6, 2, 4, 2, 5, 525, 0, 1, 0, 0, 0, 0]",2,0.40000045206485957,-1,0
2552,"[1, 1, 0, 1, 1, 1, 0, 1, 0, 1, 0, 2, 0, 0, 0, 0, 0, 1, 0, 0, 2, 0, 0, 0, 0, 0, 0, 0, 0, 0, 0, 0, 1, 1, 2, 2, 0, 0, 2, 0, 0, 1, 1, 0, 2, 2, 0, 1, 0, 0, 0, 0, 0, 0, 0, 2, 0, 0, 0, 0, 0, 0, 0, 2, 2, 2, 3, 2, 0, 1, 1, 4, 2, 5, 1, 6, 2, 4, 2, 5, 525, 0, 0, 0, 0, 0, 0]",-1,-0.00026237591995906923,-1,0
2553,"[1, 1, 0, 1, 1, 1, 0, 1, 0, 1, 0, 2, 0, 0, 0, 0, 0, 1, 0, 0, 2, 0, 0, 0, 0, 0, 0, 0, 0, 0, 0, 0, 1, 1, 2, 2, 0, 0, 2, 0, 0, 1, 1, 0, 2, 2, 0, 1, 0, 0, 0, 0, 0, 0, 0, 2, 0, 0, 0, 0, 0, 0, 0, 2, 2, 2, 3, 2, 0, 1, 1, 4, 2, 5, 1, 6, 2, 4, 2, 5, 525, 0, 1, 0, 0, 0, 0]",2,0.40000045206485957,-1,0
2554,"[1, 1, 0, 1, 1, 1, 0, 1, 0, 1, 0, 2, 0, 0, 0, 0, 0, 1, 0, 0, 2, 0, 0, 0, 0, 0, 0, 0, 0, 0, 0, 0, 1, 1, 2, 2, 0, 0, 2, 0, 0, 1, 1, 0, 2, 2, 0, 1, 0, 0, 0, 0, 0, 0, 0, 2, 0, 0, 0, 0, 0, 0, 0, 2, 2, 2, 3, 2, 0, 1, 1, 4, 2, 5, 1, 6, 2, 4, 2, 5, 525, 0, 0, 0, 0, 0, 0]",-1,-0.00026237591995906923,-1,0
2555,"[1, 1, 0, 1, 1, 1, 0, 1, 0, 1, 0, 2, 0, 0, 0, 0, 0, 1, 0, 0, 2, 0, 0, 0, 0, 0, 0, 0, 0, 0, 0, 0, 1, 1, 2, 2, 0, 0, 2, 0, 0, 1, 1, 0, 2, 2, 0, 1, 0, 0, 0, 0, 0, 0, 0, 2, 0, 0, 0, 0, 0, 0, 0, 2, 2, 2, 3, 2, 0, 1, 1, 4, 2, 5, 1, 6, 2, 4, 2, 5, 525, 1, 0, 0, 0, 0, 0]",3,0.20000045206485959,-1,0
2556,"[1, 1, 0, 1, 1, 1, 0, 1, 0, 1, 0, 2, 0, 0, 0, 0, 0, 1, 0, 0, 2, 0, 0, 0, 0, 0, 0, 0, 0, 0, 0, 0, 1, 1, 2, 2, 0, 0, 2, 0, 0, 1, 1, 0, 2, 2, 0, 1, 0, 0, 0, 0, 0, 0, 0, 2, 0, 0, 0, 0, 0, 0, 0, 2, 2, 2, 3, 2, 0, 1, 1, 4, 2, 5, 1, 6, 2, 4, 2, 5, 525, 0, 0, 0, 0, 0, 0]",-1,-0.00026237591995906923,-1,0
2557,"[1, 1, 0, 1, 1, 1, 0, 1, 0, 1, 0, 2, 0, 0, 0, 0, 0, 1, 0, 0, 2, 0, 0, 0, 0, 0, 0, 0, 0, 0, 0, 0, 1, 1, 2, 2, 0, 0, 2, 0, 0, 1, 1, 0, 2, 2, 0, 1, 0, 0, 0, 0, 0, 0, 0, 2, 0, 0, 0, 0, 0, 0, 0, 2, 2, 2, 3, 2, 0, 1, 1, 4, 2, 5, 1, 6, 2, 4, 2, 5, 525, 1, 0, 0, 0, 0, 0]",3,0.20000045206485959,-1,0
2558,"[1, 1, 0, 1, 1, 1, 0, 1, 0, 1, 0, 2, 0, 0, 0, 0, 0, 1, 0, 0, 2, 0, 0, 0, 0, 0, 0, 0, 0, 0, 0, 0, 1, 1, 2, 2, 0, 0, 2, 0, 0, 1, 1, 0, 2, 2, 0, 1, 0, 0, 0, 0, 0, 0, 0, 2, 0, 0, 0, 0, 0, 0, 0, 2, 2, 2, 3, 2, 0, 1, 1, 4, 2, 5, 1, 6, 2, 4, 2, 5, 525, 0, 0, 0, 0, 0, 0]",-1,-0.00026237591995906923,-1,0
2559,"[1, 1, 0, 1, 1, 1, 0, 1, 0, 1, 0, 2, 0, 0, 0, 0, 0, 1, 0, 0, 2, 0, 0, 0, 0, 0, 0, 0, 0, 0, 0, 0, 1, 1, 2, 2, 0, 0, 2, 0, 0, 1, 1, 0, 2, 2, 0, 1, 0, 0, 0, 0, 0, 0, 0, 2, 0, 0, 0, 0, 0, 0, 0, 2, 2, 2, 3, 2, 0, 1, 1, 4, 2, 5, 1, 6, 2, 4, 2, 5, 525, 0, 0, 0, 0, 0, 0]",1,0.6096245671644763,-1,0
2560,"[1, 1, 0, 1, 1, 1, 0, 1, 0, 1, 0, 2, 0, 0, 0, 0, 0, 1, 0, 0, 2, 0, 0, 0, 0, 0, 0, 0, 0, 0, 0, 0, 1, 1, 2, 2, 0, 0, 2, 0, 0, 1, 1, 0, 2, 2, 0, 1, 0, 0, 0, 0, 0, 0, 0, 2, 0, 0, 0, 0, 0, 0, 0, 2, 2, 2, 3, 2, 0, 1, 1, 4, 2, 5, 1, 6, 2, 4, 2, 5, 525, 0, 0, 0, 0, 0, 0]",-1,-0.00026237591995906923,-1,0
2561,"[1, 1, 0, 1, 1, 1, 0, 1, 0, 1, 0, 2, 0, 0, 0, 0, 0, 1, 0, 0, 2, 0, 0, 0, 0, 0, 0, 0, 0, 0, 0, 0, 1, 1, 2, 2, 0, 0, 2, 0, 0, 1, 1, 0, 2, 2, 0, 1, 0, 0, 0, 0, 0, 0, 0, 2, 0, 0, 0, 0, 0, 0, 0, 2, 2, 2, 3, 2, 0, 1, 1, 4, 2, 5, 1, 6, 2, 4, 2, 5, 525, 1, 0, 0, 0, 0, 0]",3,0.20000045206485959,-1,0
2562,"[1, 1, 0, 1, 1, 1, 0, 1, 0, 1, 0, 2, 0, 0, 0, 0, 0, 1, 0, 0, 2, 0, 0, 0, 0, 0, 0, 0, 0, 0, 0, 0, 1, 1, 2, 2, 0, 0, 2, 0, 0, 1, 1, 0, 2, 2, 0, 1, 0, 0, 0, 0, 0, 0, 0, 2, 0, 0, 0, 0, 0, 0, 0, 2, 2, 2, 3, 2, 0, 1, 1, 4, 2, 5, 1, 6, 2, 4, 2, 5, 525, 0, 0, 0, 0, 0, 0]",-1,-0.00026237591995906923,-1,0
2563,"[1, 1, 0, 1, 1, 1, 0, 1, 0, 1, 0, 2, 0, 0, 0, 0, 0, 1, 0, 0, 2, 0, 0, 0, 0, 0, 0, 0, 0, 0, 0, 0, 1, 1, 2, 2, 0, 0, 2, 0, 0, 1, 1, 0, 2, 2, 0, 1, 0, 0, 0, 0, 0, 0, 0, 2, 0, 0, 0, 0, 0, 0, 0, 2, 2, 2, 3, 2, 0, 1, 1, 4, 2, 5, 1, 6, 2, 4, 2, 5, 525, 1, 0, 0, 0, 0, 0]",3,0.20000045206485959,-1,0
2564,"[1, 1, 0, 1, 1, 1, 0, 1, 0, 1, 0, 2, 0, 0, 0, 0, 0, 1, 0, 0, 2, 0, 0, 0, 0, 0, 0, 0, 0, 0, 0, 0, 1, 1, 2, 2, 0, 0, 2, 0, 0, 1, 1, 0, 2, 2, 0, 1, 0, 0, 0, 0, 0, 0, 0, 2, 0, 0, 0, 0, 0, 0, 0, 2, 2, 2, 3, 2, 0, 1, 1, 4, 2, 5, 1, 6, 2, 4, 2, 5, 525, 0, 0, 0, 0, 0, 0]",-1,-0.00026237591995906923,-1,0
2565,"[1, 1, 0, 1, 1, 1, 0, 1, 0, 1, 0, 2, 0, 0, 0, 0, 0, 1, 0, 0, 2, 0, 0, 0, 0, 0, 0, 0, 0, 0, 0, 0, 1, 1, 2, 2, 0, 0, 2, 0, 0, 1, 1, 0, 2, 2, 0, 1, 0, 0, 0, 0, 0, 0, 0, 2, 0, 0, 0, 0, 0, 0, 0, 2, 2, 2, 3, 2, 0, 1, 1, 4, 2, 5, 1, 6, 2, 4, 2, 5, 525, 0, 0, 0, 0, 0, 0]",1,0.6096245671644763,-1,0
2566,"[1, 1, 0, 1, 1, 1, 0, 1, 0, 1, 0, 2, 0, 0, 0, 0, 0, 1, 0, 0, 2, 0, 0, 0, 0, 0, 0, 0, 0, 0, 0, 0, 1, 1, 2, 2, 0, 0, 2, 0, 0, 1, 1, 0, 2, 2, 0, 1, 0, 0, 0, 0, 0, 0, 0, 2, 0, 0, 0, 0, 0, 0, 0, 2, 2, 2, 3, 2, 0, 1, 1, 4, 2, 5, 1, 6, 2, 4, 2, 5, 525, 0, 0, 0, 0, 0, 0]",-1,-0.00026237591995906923,-1,0
2567,"[1, 1, 0, 1, 1, 1, 0, 1, 0, 1, 0, 2, 0, 0, 0, 0, 0, 1, 0, 0, 2, 0, 0, 0, 0, 0, 0, 0, 0, 0, 0, 0, 1, 1, 2, 2, 0, 0, 2, 0, 0, 1, 1, 0, 2, 2, 0, 1, 0, 0, 0, 0, 0, 0, 0, 2, 0, 0, 0, 0, 0, 0, 0, 2, 2, 2, 3, 2, 0, 1, 1, 4, 2, 5, 1, 6, 2, 4, 2, 5, 525, 0, 1, 0, 0, 0, 0]",2,0.40000045206485957,-1,0
2568,"[1, 1, 0, 1, 1, 1, 0, 1, 0, 1, 0, 2, 0, 0, 0, 0, 0, 1, 0, 0, 2, 0, 0, 0, 0, 0, 0, 0, 0, 0, 0, 0, 1, 1, 2, 2, 0, 0, 2, 0, 0, 1, 1, 0, 2, 2, 0, 1, 0, 0, 0, 0, 0, 0, 0, 2, 0, 0, 0, 0, 0, 0, 0, 2, 2, 2, 3, 2, 0, 1, 1, 4, 2, 5, 1, 6, 2, 4, 2, 5, 525, 0, 0, 0, 0, 0, 0]",-1,-0.00026237591995906923,-1,0
2569,"[1, 1, 0, 1, 1, 1, 0, 1, 0, 1, 0, 2, 0, 0, 0, 0, 0, 1, 0, 0, 2, 0, 0, 0, 0, 0, 0, 0, 0, 0, 0, 0, 1, 1, 2, 2, 0, 0, 2, 0, 0, 1, 1, 0, 2, 2, 0, 1, 0, 0, 0, 0, 0, 0, 0, 2, 0, 0, 0, 0, 0, 0, 0, 2, 2, 2, 3, 2, 0, 1, 1, 4, 2, 5, 1, 6, 2, 4, 2, 5, 525, 0, 0, 0, 0, 0, 0]",1,0.6096245671644763,-1,0
2570,"[1, 1, 0, 1, 1, 1, 0, 1, 0, 1, 0, 2, 0, 0, 0, 0, 0, 1, 0, 0, 2, 0, 0, 0, 0, 0, 0, 0, 0, 0, 0, 0, 1, 1, 2, 2, 0, 0, 2, 0, 0, 1, 1, 0, 2, 2, 0, 1, 0, 0, 0, 0, 0, 0, 0, 2, 0, 0, 0, 0, 0, 0, 0, 2, 2, 2, 3, 2, 0, 1, 1, 4, 2, 5, 1, 6, 2, 4, 2, 5, 525, 0, 0, 0, 0, 0, 0]",-1,-0.00026237591995906923,-1,0
2571,"[1, 1, 0, 1, 1, 1, 0, 1, 0, 1, 0, 2, 0, 0, 0, 0, 0, 1, 0, 0, 2, 0, 0, 0, 0, 0, 0, 0, 0, 0, 0, 0, 1, 1, 2, 2, 0, 0, 2, 0, 0, 1, 1, 0, 2, 2, 0, 1, 0, 0, 0, 0, 0, 0, 0, 2, 0, 0, 0, 0, 0, 0, 0, 2, 2, 2, 3, 2, 0, 1, 1, 4, 2, 5, 1, 6, 2, 4, 2, 5, 526, 0, 0, 0, 0, 0, 0]",4,13.133918470189226,-1,0
2572,"[1, 1, 0, 1, 1, 1, 0, 1, 0, 1, 0, 2, 0, 0, 0, 0, 0, 1, 0, 0, 2, 0, 0, 0, 0, 0, 0, 0, 0, 0, 0, 0, 1, 1, 2, 2, 0, 0, 2, 0, 0, 1, 1, 0, 2, 2, 0, 1, 0, 0, 0, 0, 0, 0, 0, 2, 0, 0, 0, 0, 0, 0, 0, 2, 2, 2, 3, 2, 0, 1, 1, 4, 2, 5, 1, 6, 2, 4, 2, 5, 526, 0, 1, 0, 0, 0, 0]",2,0.40000043433918137,-1,1
2573,"[1, 1, 0, 1, 1, 1, 0, 1, 0, 1, 0, 2, 0, 0, 0, 0, 0, 1, 0, 0, 2, 0, 0, 0, 0, 0, 0, 0, 0, 0, 0, 0, 1, 1, 2, 2, 0, 0, 2, 0, 0, 1, 1, 0, 2, 2, 0, 1, 0, 0, 0, 0, 0, 0, 0, 2, 0, 0, 0, 0, 0, 0, 0, 2, 2, 2, 3, 2, 0, 1, 1, 4, 2, 5, 1, 6, 2, 4, 2, 5, 526, 0, 1, 0, 0, 1, 0]","[[1 0 0 0]
 [0 1 0 0]]",0.6504252993972723,-1,1
2574,"[1, 1, 0, 1, 1, 1, 0, 1, 0, 1, 0, 2, 0, 0, 0, 0, 0, 1, 0, 0, 2, 0, 0, 0, 0, 0, 0, 0, 0, 0, 0, 0, 1, 1, 2, 2, 0, 0, 2, 0, 0, 1, 1, 0, 2, 2, 0, 1, 0, 0, 0, 0, 0, 0, 0, 2, 0, 0, 0, 0, 0, 0, 0, 2, 2, 2, 3, 2, 0, 1, 1, 4, 2, 5, 1, 6, 2, 4, 2, 5, 526, 0, 0, 0, 0, 0, 0]",1,-0.1999995656608186,-1,0
2575,"[1, 1, 0, 1, 1, 1, 0, 1, 0, 1, 0, 2, 0, 0, 0, 0, 0, 1, 0, 0, 2, 0, 0, 0, 0, 0, 0, 0, 0, 0, 0, 0, 1, 1, 2, 2, 0, 0, 2, 0, 0, 1, 1, 0, 2, 2, 0, 1, 0, 0, 0, 0, 0, 0, 0, 2, 0, 0, 0, 0, 0, 0, 0, 2, 2, 2, 3, 2, 0, 1, 1, 4, 2, 5, 1, 6, 2, 4, 2, 5, 527, 0, 0, 0, 0, 0, 0]",4,14.533913231790528,-1,1
2576,"[1, 1, 0, 1, 1, 1, 0, 1, 0, 1, 0, 2, 0, 0, 0, 0, 0, 1, 0, 0, 2, 0, 0, 0, 0, 0, 0, 0, 0, 0, 0, 0, 1, 1, 2, 2, 0, 0, 2, 0, 0, 1, 1, 0, 2, 2, 0, 1, 0, 0, 0, 0, 0, 0, 0, 2, 0, 0, 0, 0, 0, 0, 0, 2, 2, 2, 3, 2, 0, 1, 1, 4, 2, 5, 1, 6, 2, 4, 2, 5, 527, 0, 0, 0, 0, 0, 0]",1,0.6096245324081507,-1,0
2577,"[1, 1, 0, 1, 1, 1, 0, 1, 0, 1, 0, 2, 0, 0, 0, 0, 0, 1, 0, 0, 2, 0, 0, 0, 0, 0, 0, 0, 0, 0, 0, 0, 1, 1, 2, 2, 0, 0, 2, 0, 0, 1, 1, 0, 2, 2, 0, 1, 0, 0, 0, 0, 0, 0, 0, 2, 0, 0, 0, 0, 0, 0, 0, 2, 2, 2, 3, 2, 0, 1, 1, 4, 2, 5, 1, 6, 2, 4, 2, 5, 527, 0, 0, 0, 0, 0, 0]",-1,-0.00025718052865151896,-1,0
2578,"[1, 1, 0, 1, 1, 1, 0, 1, 0, 1, 0, 2, 0, 0, 0, 0, 0, 1, 0, 0, 2, 0, 0, 0, 0, 0, 0, 0, 0, 0, 0, 0, 1, 1, 2, 2, 0, 0, 2, 0, 0, 1, 1, 0, 2, 2, 0, 1, 0, 0, 0, 0, 0, 0, 0, 2, 0, 0, 0, 0, 0, 0, 0, 2, 2, 2, 3, 2, 0, 1, 1, 4, 2, 5, 1, 6, 2, 4, 2, 2, 528, 0, 0, 0, 0, 0, 0]",4,14.533908046013092,-1,1
2579,"[1, 1, 0, 2, 1, 1, 0, 2, 0, 1, 0, 2, 0, 0, 0, 0, 0, 1, 0, 0, 2, 0, 0, 0, 0, 0, 0, 0, 0, 0, 0, 0, 1, 1, 2, 2, 0, 0, 2, 0, 0, 1, 1, 0, 2, 2, 0, 1, 0, 0, 0, 0, 0, 0, 0, 2, 0, 0, 0, 0, 0, 0, 0, 2, 2, 2, 3, 2, 0, 1, 1, 4, 2, 5, 1, 6, 2, 4, 2, 2, 529, 0, 0, 0, 0, 0, 0]",4,12.974278191677504,-1,0
2580,"[1, 1, 0, 2, 1, 1, 0, 2, 0, 1, 0, 2, 0, 0, 0, 0, 0, 1, 0, 0, 2, 0, 0, 0, 0, 0, 0, 0, 0, 0, 0, 0, 1, 1, 2, 2, 0, 0, 2, 0, 0, 1, 1, 0, 2, 2, 0, 1, 0, 0, 0, 0, 0, 0, 0, 2, 0, 0, 0, 0, 0, 0, 0, 2, 2, 2, 3, 2, 0, 1, 1, 4, 2, 5, 1, 6, 2, 4, 2, 2, 530, 0, 0, 0, 0, 0, 0]",4,14.374273109519367,-1,1
2581,"[1, 1, 0, 2, 1, 1, 0, 2, 0, 1, 0, 2, 0, 0, 0, 0, 0, 1, 0, 0, 2, 0, 0, 0, 0, 0, 0, 0, 0, 0, 0, 0, 1, 1, 2, 2, 0, 0, 2, 0, 0, 1, 1, 0, 2, 2, 0, 1, 0, 0, 0, 0, 0, 0, 0, 2, 0, 0, 0, 0, 0, 0, 0, 2, 2, 2, 3, 2, 0, 1, 1, 4, 2, 5, 1, 6, 2, 4, 2, 2, 530, 0, 1, 0, 0, 0, 0]",2,0.4000003701195546,-1,0
2582,"[1, 1, 0, 2, 1, 1, 0, 2, 0, 1, 0, 2, 0, 0, 0, 0, 0, 1, 0, 0, 2, 0, 0, 0, 0, 0, 0, 0, 0, 0, 0, 0, 1, 1, 2, 2, 0, 0, 2, 0, 0, 1, 1, 0, 2, 2, 0, 1, 0, 0, 0, 0, 0, 0, 0, 2, 0, 0, 0, 0, 0, 0, 0, 2, 2, 2, 3, 2, 0, 1, 1, 4, 2, 5, 1, 6, 2, 4, 2, 2, 530, 0, 0, 0, 0, 0, 0]",-1,-0.00024957969534551087,-1,0
2583,"[1, 2, 0, 2, 1, 2, 0, 2, 0, 1, 0, 2, 0, 0, 0, 0, 0, 1, 0, 0, 2, 0, 0, 0, 0, 0, 0, 0, 0, 0, 0, 0, 1, 1, 2, 2, 0, 0, 2, 0, 0, 1, 1, 0, 2, 2, 0, 1, 0, 0, 0, 0, 0, 0, 0, 2, 0, 0, 0, 0, 0, 0, 0, 2, 2, 2, 3, 2, 0, 1, 1, 4, 2, 5, 1, 6, 2, 4, 2, 2, 531, 0, 0, 0, 0, 0, 0]",4,12.87294101893239,-1,0
2584,"[1, 2, 0, 2, 1, 2, 0, 2, 0, 1, 0, 2, 0, 0, 0, 0, 0, 1, 0, 0, 2, 0, 0, 0, 0, 0, 0, 0, 0, 0, 0, 0, 1, 1, 2, 2, 0, 0, 2, 0, 0, 1, 1, 0, 2, 2, 0, 1, 0, 0, 0, 0, 0, 0, 0, 2, 0, 0, 0, 0, 0, 0, 0, 2, 2, 2, 3, 2, 0, 1, 1, 4, 2, 5, 1, 6, 2, 4, 2, 2, 531, 0, 1, 0, 0, 0, 0]",2,0.40000035560698505,-1,1
2585,"[1, 2, 0, 2, 1, 2, 0, 2, 0, 1, 0, 2, 0, 0, 0, 0, 0, 1, 0, 0, 2, 0, 0, 0, 0, 0, 0, 0, 0, 0, 0, 0, 1, 1, 2, 2, 0, 0, 2, 0, 0, 1, 1, 0, 2, 2, 0, 1, 0, 0, 0, 0, 0, 0, 0, 2, 0, 0, 0, 0, 0, 0, 0, 2, 2, 2, 3, 2, 0, 1, 1, 4, 2, 5, 1, 6, 2, 4, 2, 2, 531, 0, 1, 0, 0, 1, 0]","[[1 0 0 0]
 [0 1 0 0]]",0.650425220665076,-1,1
2586,"[1, 2, 0, 2, 1, 2, 0, 2, 0, 1, 0, 2, 0, 0, 0, 0, 0, 1, 0, 0, 2, 0, 0, 0, 0, 0, 0, 0, 0, 0, 0, 0, 1, 1, 2, 2, 0, 0, 2, 0, 0, 1, 1, 0, 2, 2, 0, 1, 0, 0, 0, 0, 0, 0, 0, 2, 0, 0, 0, 0, 0, 0, 0, 2, 2, 2, 3, 2, 0, 1, 1, 4, 2, 5, 1, 6, 2, 4, 2, 2, 531, 0, 0, 0, 0, 0, 0]",1,-0.19999964439301493,-1,0
2587,"[1, 2, 0, 3, 1, 2, 0, 3, 0, 1, 0, 2, 0, 0, 0, 0, 0, 1, 0, 0, 2, 0, 0, 0, 0, 0, 0, 0, 0, 0, 0, 0, 1, 1, 2, 2, 0, 0, 2, 0, 0, 1, 1, 0, 2, 2, 0, 1, 0, 0, 0, 0, 0, 0, 0, 2, 0, 0, 0, 0, 0, 0, 0, 2, 2, 2, 3, 2, 0, 1, 1, 4, 2, 5, 1, 6, 2, 4, 2, 2, 532, 0, 0, 0, 0, 0, 0]",4,14.14274900294974,-1,1
2588,"[1, 2, 0, 3, 1, 2, 0, 3, 0, 1, 0, 2, 0, 0, 0, 0, 0, 1, 0, 0, 2, 0, 0, 0, 0, 0, 0, 0, 0, 0, 0, 0, 1, 1, 2, 2, 0, 0, 2, 0, 0, 1, 1, 0, 2, 2, 0, 1, 0, 0, 0, 0, 0, 0, 0, 2, 0, 0, 0, 0, 0, 0, 0, 2, 2, 2, 3, 2, 0, 1, 1, 4, 2, 5, 1, 6, 2, 4, 2, 2, 532, 1, 0, 0, 0, 0, 0]",3,0.20000034166345956,-1,0
2589,"[1, 2, 0, 3, 1, 2, 0, 3, 0, 1, 0, 2, 0, 0, 0, 0, 0, 1, 0, 0, 2, 0, 0, 0, 0, 0, 0, 0, 0, 0, 0, 0, 1, 1, 2, 2, 0, 0, 2, 0, 0, 1, 1, 0, 2, 2, 0, 1, 0, 0, 0, 0, 0, 0, 0, 2, 0, 0, 0, 0, 0, 0, 0, 2, 2, 2, 3, 2, 0, 1, 1, 4, 2, 5, 1, 6, 2, 4, 2, 2, 532, 0, 0, 0, 0, 0, 0]",-1,-0.0002446376862619738,-1,0
2590,"[1, 2, 0, 3, 1, 2, 0, 3, 0, 1, 0, 2, 0, 0, 0, 0, 0, 1, 0, 0, 2, 0, 0, 0, 0, 0, 0, 0, 0, 0, 0, 0, 1, 1, 2, 2, 0, 0, 2, 0, 0, 1, 1, 0, 2, 2, 0, 1, 0, 0, 0, 0, 0, 0, 0, 2, 0, 0, 0, 0, 0, 0, 0, 2, 2, 2, 3, 2, 0, 1, 1, 4, 2, 5, 1, 6, 2, 4, 2, 2, 533, 0, 0, 0, 0, 0, 0]",4,14.142744072253704,-1,1
2591,"[1, 2, 0, 3, 1, 2, 0, 3, 0, 1, 0, 2, 0, 0, 0, 0, 0, 1, 0, 0, 2, 0, 0, 0, 0, 0, 0, 0, 0, 0, 0, 0, 1, 1, 2, 2, 0, 0, 2, 0, 0, 1, 1, 0, 2, 2, 0, 1, 0, 0, 0, 0, 0, 0, 0, 2, 0, 0, 0, 0, 0, 0, 0, 2, 2, 2, 3, 2, 0, 1, 1, 4, 2, 5, 1, 6, 2, 4, 2, 2, 533, 0, 1, 0, 0, 0, 0]",2,0.40000032826666565,-1,0
2592,"[1, 2, 0, 3, 1, 2, 0, 3, 0, 1, 0, 2, 0, 0, 0, 0, 0, 1, 0, 0, 2, 0, 0, 0, 0, 0, 0, 0, 0, 0, 0, 0, 1, 1, 2, 2, 0, 0, 2, 0, 0, 1, 1, 0, 2, 2, 0, 1, 0, 0, 0, 0, 0, 0, 0, 2, 0, 0, 0, 0, 0, 0, 0, 2, 2, 2, 3, 2, 0, 1, 1, 4, 2, 5, 1, 6, 2, 4, 2, 2, 533, 0, 0, 0, 0, 0, 0]",-1,-0.00024220350061244838,-1,0
2593,"[1, 2, 0, 3, 1, 2, 0, 3, 0, 1, 0, 2, 0, 0, 0, 0, 0, 1, 0, 0, 2, 0, 0, 0, 0, 0, 0, 0, 0, 0, 0, 0, 1, 1, 2, 2, 0, 0, 2, 0, 0, 1, 1, 0, 2, 2, 0, 1, 0, 0, 0, 0, 0, 0, 0, 2, 0, 0, 0, 0, 0, 0, 0, 2, 2, 2, 3, 2, 0, 1, 1, 4, 2, 5, 1, 6, 2, 4, 2, 2, 534, 0, 0, 0, 0, 0, 0]",4,12.742739191010905,-1,0
2594,"[1, 2, 0, 4, 1, 2, 0, 4, 0, 1, 0, 2, 0, 0, 0, 0, 0, 1, 0, 0, 2, 0, 0, 0, 0, 0, 0, 0, 0, 0, 0, 0, 1, 1, 2, 2, 0, 0, 2, 0, 0, 1, 1, 0, 2, 2, 0, 1, 0, 0, 0, 0, 0, 0, 0, 2, 0, 0, 0, 0, 0, 0, 0, 2, 2, 2, 3, 2, 0, 1, 1, 4, 2, 5, 1, 6, 2, 4, 2, 2, 535, 0, 0, 0, 0, 0, 0]",4,14.02906597211304,-1,1
2595,"[1, 2, 0, 4, 1, 2, 0, 4, 0, 1, 0, 2, 0, 0, 0, 0, 0, 1, 0, 0, 2, 0, 0, 0, 0, 0, 0, 0, 0, 0, 0, 0, 1, 1, 2, 2, 0, 0, 2, 0, 0, 1, 1, 0, 2, 2, 0, 1, 0, 0, 0, 0, 0, 0, 0, 2, 0, 0, 0, 0, 0, 0, 0, 2, 2, 2, 3, 2, 0, 1, 1, 4, 2, 5, 1, 6, 2, 4, 2, 2, 535, 0, 1, 0, 0, 0, 0]",2,0.40000030302836326,-1,0
2596,"[1, 2, 0, 4, 1, 2, 0, 4, 0, 1, 0, 2, 0, 0, 0, 0, 0, 1, 0, 0, 2, 0, 0, 0, 0, 0, 0, 0, 0, 0, 0, 0, 1, 1, 2, 2, 0, 0, 2, 0, 0, 1, 1, 0, 2, 2, 0, 1, 0, 0, 0, 0, 0, 0, 0, 2, 0, 0, 0, 0, 0, 0, 0, 2, 2, 2, 3, 2, 0, 1, 1, 4, 2, 5, 1, 6, 2, 4, 2, 2, 535, 0, 0, 0, 0, 0, 0]",-1,-0.00023740754997057367,-1,0
2597,"[1, 2, 0, 4, 1, 2, 0, 4, 0, 1, 0, 2, 0, 0, 0, 0, 0, 1, 0, 0, 2, 0, 0, 0, 0, 0, 0, 0, 0, 0, 0, 0, 1, 1, 2, 2, 0, 0, 2, 0, 0, 1, 1, 0, 2, 2, 0, 1, 0, 0, 0, 0, 0, 0, 0, 2, 0, 0, 0, 0, 0, 0, 0, 2, 2, 2, 3, 2, 0, 1, 1, 4, 2, 5, 1, 6, 2, 4, 2, 2, 535, 1, 0, 0, 0, 0, 0]",3,0.2000003030283633,-1,0
2598,"[1, 2, 0, 4, 1, 2, 0, 4, 0, 1, 0, 2, 0, 0, 0, 0, 0, 1, 0, 0, 2, 0, 0, 0, 0, 0, 0, 0, 0, 0, 0, 0, 1, 1, 2, 2, 0, 0, 2, 0, 0, 1, 1, 0, 2, 2, 0, 1, 0, 0, 0, 0, 0, 0, 0, 2, 0, 0, 0, 0, 0, 0, 0, 2, 2, 2, 3, 2, 0, 1, 1, 4, 2, 5, 1, 6, 2, 4, 2, 2, 535, 0, 0, 0, 0, 0, 0]",-1,-0.00023740754997057367,-1,0
2599,"[1, 2, 0, 4, 1, 2, 0, 4, 0, 1, 0, 2, 0, 0, 0, 0, 0, 1, 0, 0, 2, 0, 0, 0, 0, 0, 0, 0, 0, 0, 0, 0, 1, 1, 2, 2, 0, 0, 2, 0, 0, 1, 1, 0, 2, 2, 0, 1, 0, 0, 0, 0, 0, 0, 0, 2, 0, 0, 0, 0, 0, 0, 0, 2, 2, 2, 3, 2, 0, 1, 1, 4, 2, 5, 1, 6, 2, 4, 2, 2, 535, 1, 0, 0, 0, 0, 0]",3,0.2000003030283633,-1,0
2600,"[1, 2, 0, 4, 1, 2, 0, 4, 0, 1, 0, 2, 0, 0, 0, 0, 0, 1, 0, 0, 2, 0, 0, 0, 0, 0, 0, 0, 0, 0, 0, 0, 1, 1, 2, 2, 0, 0, 2, 0, 0, 1, 1, 0, 2, 2, 0, 1, 0, 0, 0, 0, 0, 0, 0, 2, 0, 0, 0, 0, 0, 0, 0, 2, 2, 2, 3, 2, 0, 1, 1, 4, 2, 5, 1, 6, 2, 4, 2, 2, 535, 0, 0, 0, 0, 0, 0]",-1,-0.00023740754997057367,-1,0
2601,"[1, 2, 0, 4, 1, 2, 0, 4, 0, 1, 0, 2, 0, 0, 0, 0, 0, 1, 0, 0, 2, 0, 0, 0, 0, 0, 0, 0, 0, 0, 0, 0, 1, 1, 2, 2, 0, 0, 2, 0, 0, 1, 1, 0, 2, 2, 0, 1, 0, 0, 0, 0, 0, 0, 0, 2, 0, 0, 0, 0, 0, 0, 0, 2, 2, 2, 3, 2, 0, 1, 1, 4, 2, 5, 1, 6, 2, 4, 2, 2, 535, 1, 0, 0, 0, 0, 0]",3,0.2000003030283633,-1,0
2602,"[1, 2, 0, 4, 1, 2, 0, 4, 0, 1, 0, 2, 0, 0, 0, 0, 0, 1, 0, 0, 2, 0, 0, 0, 0, 0, 0, 0, 0, 0, 0, 0, 1, 1, 2, 2, 0, 0, 2, 0, 0, 1, 1, 0, 2, 2, 0, 1, 0, 0, 0, 0, 0, 0, 0, 2, 0, 0, 0, 0, 0, 0, 0, 2, 2, 2, 3, 2, 0, 1, 1, 4, 2, 5, 1, 6, 2, 4, 2, 2, 535, 0, 0, 0, 0, 0, 0]",-1,-0.00023740754997057367,-1,0
2603,"[1, 2, 0, 4, 1, 2, 0, 4, 0, 1, 0, 2, 0, 0, 0, 0, 0, 1, 0, 0, 2, 0, 0, 0, 0, 0, 0, 0, 0, 0, 0, 0, 1, 1, 2, 2, 0, 0, 2, 0, 0, 1, 1, 0, 2, 2, 0, 1, 0, 0, 0, 0, 0, 0, 0, 2, 0, 0, 0, 0, 0, 0, 0, 2, 2, 2, 3, 2, 0, 1, 1, 4, 2, 5, 1, 6, 2, 4, 2, 2, 535, 1, 0, 0, 0, 0, 0]",3,0.2000003030283633,-1,0
2604,"[1, 2, 0, 4, 1, 2, 0, 4, 0, 1, 0, 2, 0, 0, 0, 0, 0, 1, 0, 0, 2, 0, 0, 0, 0, 0, 0, 0, 0, 0, 0, 0, 1, 1, 2, 2, 0, 0, 2, 0, 0, 1, 1, 0, 2, 2, 0, 1, 0, 0, 0, 0, 0, 0, 0, 2, 0, 0, 0, 0, 0, 0, 0, 2, 2, 2, 3, 2, 0, 1, 1, 4, 2, 5, 1, 6, 2, 4, 2, 2, 535, 0, 0, 0, 0, 0, 0]",-1,-0.00023740754997057367,-1,0
2605,"[1, 2, 0, 4, 1, 2, 0, 4, 0, 1, 0, 2, 0, 0, 0, 0, 0, 1, 0, 0, 2, 0, 0, 0, 0, 0, 0, 0, 0, 0, 0, 0, 1, 1, 2, 2, 0, 0, 2, 0, 0, 1, 1, 0, 2, 2, 0, 1, 0, 0, 0, 0, 0, 0, 0, 2, 0, 0, 0, 0, 0, 0, 0, 2, 2, 2, 3, 2, 0, 1, 1, 4, 2, 5, 1, 6, 2, 4, 2, 2, 535, 0, 1, 0, 0, 0, 0]",2,0.40000030302836326,-1,0
2606,"[1, 2, 0, 4, 1, 2, 0, 4, 0, 1, 0, 2, 0, 0, 0, 0, 0, 1, 0, 0, 2, 0, 0, 0, 0, 0, 0, 0, 0, 0, 0, 0, 1, 1, 2, 2, 0, 0, 2, 0, 0, 1, 1, 0, 2, 2, 0, 1, 0, 0, 0, 0, 0, 0, 0, 2, 0, 0, 0, 0, 0, 0, 0, 2, 2, 2, 3, 2, 0, 1, 1, 4, 2, 5, 1, 6, 2, 4, 2, 2, 535, 0, 0, 0, 0, 0, 0]",-1,-0.00023740754997057367,-1,0
2607,"[1, 2, 0, 4, 1, 2, 0, 4, 0, 1, 0, 2, 0, 0, 0, 0, 0, 1, 0, 0, 2, 0, 0, 0, 0, 0, 0, 0, 0, 0, 0, 0, 1, 1, 2, 2, 0, 0, 2, 0, 0, 1, 1, 0, 2, 2, 0, 1, 0, 0, 0, 0, 0, 0, 0, 2, 0, 0, 0, 0, 0, 0, 0, 2, 2, 2, 3, 2, 0, 1, 1, 4, 2, 5, 1, 6, 2, 4, 2, 2, 536, 0, 0, 0, 0, 0, 0]",4,12.629061188260055,-1,0
2608,"[1, 2, 0, 4, 1, 2, 0, 4, 0, 1, 0, 2, 0, 0, 0, 0, 0, 1, 0, 0, 2, 0, 0, 0, 0, 0, 0, 0, 0, 0, 0, 0, 1, 1, 2, 2, 0, 0, 2, 0, 0, 1, 1, 0, 2, 2, 0, 1, 0, 0, 0, 0, 0, 0, 0, 2, 0, 0, 0, 0, 0, 0, 0, 2, 2, 2, 3, 2, 0, 1, 1, 4, 2, 5, 1, 6, 2, 4, 2, 2, 536, 0, 1, 0, 0, 0, 0]",2,0.40000029114646846,-1,1
2609,"[1, 2, 0, 4, 1, 2, 0, 4, 0, 1, 0, 2, 0, 0, 0, 0, 0, 1, 0, 0, 2, 0, 0, 0, 0, 0, 0, 0, 0, 0, 0, 0, 1, 1, 2, 2, 0, 0, 2, 0, 0, 1, 1, 0, 2, 2, 0, 1, 0, 0, 0, 0, 0, 0, 0, 2, 0, 0, 0, 0, 0, 0, 0, 2, 2, 2, 3, 2, 0, 1, 1, 4, 2, 5, 1, 6, 2, 4, 2, 2, 536, 0, 1, 0, 0, 1, 0]","[[1 0 0 0]
 [0 1 0 0]]",0.6504251562045593,-1,1
2610,"[2, 1, 0, 4, 0, 3, 0, 4, 0, 1, 0, 2, 0, 0, 0, 0, 0, 1, 0, 0, 2, 0, 0, 0, 0, 0, 0, 0, 0, 0, 0, 0, 1, 1, 2, 2, 0, 0, 2, 0, 0, 1, 1, 0, 2, 2, 0, 1, 0, 0, 0, 0, 0, 0, 0, 2, 0, 0, 0, 0, 0, 0, 0, 2, 2, 2, 3, 2, 0, 1, 1, 4, 2, 5, 1, 6, 2, 4, 2, 2, 536, 0, 0, 0, 0, 0, 0]",0,-0.19999970885353152,-1,0
2611,"[2, 1, 0, 4, 0, 3, 0, 4, 0, 1, 0, 2, 0, 0, 0, 0, 0, 1, 0, 0, 2, 0, 0, 0, 0, 0, 0, 0, 0, 0, 0, 0, 1, 1, 2, 2, 0, 0, 2, 0, 0, 1, 1, 0, 2, 2, 0, 1, 0, 0, 0, 0, 0, 0, 0, 2, 0, 0, 0, 0, 0, 0, 0, 2, 2, 2, 3, 2, 0, 1, 1, 4, 2, 5, 1, 6, 2, 4, 2, 2, 537, 0, 0, 0, 0, 0, 0]",4,13.87008368299198,-1,1
2612,"[2, 2, 0, 4, 0, 4, 0, 4, 0, 1, 0, 2, 0, 0, 0, 0, 0, 1, 0, 0, 2, 0, 0, 0, 0, 0, 0, 0, 0, 0, 0, 0, 1, 1, 2, 2, 0, 0, 2, 0, 0, 1, 1, 0, 2, 2, 0, 1, 0, 0, 0, 0, 0, 0, 0, 2, 0, 0, 0, 0, 0, 0, 0, 2, 2, 2, 3, 2, 0, 1, 1, 4, 2, 5, 1, 6, 2, 4, 2, 2, 538, 0, 0, 0, 0, 0, 0]",4,12.757921878467961,-1,0
2613,"[2, 2, 0, 4, 0, 4, 0, 4, 0, 1, 0, 2, 0, 0, 0, 0, 0, 1, 0, 0, 2, 0, 0, 0, 0, 0, 0, 0, 0, 0, 0, 0, 1, 1, 2, 2, 0, 0, 2, 0, 0, 1, 1, 0, 2, 2, 0, 1, 0, 0, 0, 0, 0, 0, 0, 2, 0, 0, 0, 0, 0, 0, 0, 2, 2, 2, 3, 2, 0, 1, 1, 4, 2, 5, 1, 6, 2, 4, 2, 2, 539, 0, 0, 0, 0, 0, 0]",4,13.861642232170915,-1,1
2614,"[2, 2, 0, 4, 0, 4, 0, 4, 0, 1, 0, 2, 0, 0, 0, 0, 0, 1, 0, 0, 2, 0, 0, 0, 0, 0, 0, 0, 0, 0, 0, 0, 1, 1, 2, 2, 0, 0, 2, 0, 0, 1, 1, 0, 2, 2, 0, 1, 0, 0, 0, 0, 0, 0, 0, 2, 0, 0, 0, 0, 0, 0, 0, 2, 2, 2, 3, 2, 0, 1, 1, 4, 2, 5, 1, 6, 2, 4, 2, 2, 539, 0, 0, 0, 0, 0, 0]",1,0.6096243733234122,-1,0
2615,"[2, 2, 0, 4, 0, 4, 0, 4, 0, 1, 0, 2, 0, 0, 0, 0, 0, 1, 0, 0, 2, 0, 0, 0, 0, 0, 0, 0, 0, 0, 0, 0, 1, 1, 2, 2, 0, 0, 2, 0, 0, 1, 1, 0, 2, 2, 0, 1, 0, 0, 0, 0, 0, 0, 0, 2, 0, 0, 0, 0, 0, 0, 0, 2, 2, 2, 3, 2, 0, 1, 1, 4, 2, 5, 1, 6, 2, 4, 2, 2, 539, 0, 0, 0, 0, 0, 0]",-1,-0.00022809866678675484,-1,0
2616,"[1, 1, 0, 2, 0, 2, 0, 2, 0, 1, 0, 2, 0, 0, 0, 0, 0, 1, 0, 0, 2, 0, 0, 0, 0, 0, 0, 0, 0, 0, 0, 0, 1, 1, 2, 2, 0, 0, 2, 0, 0, 1, 1, 0, 2, 2, 0, 1, 0, 0, 0, 0, 0, 0, 0, 2, 0, 0, 0, 0, 0, 0, 0, 2, 2, 2, 3, 2, 0, 1, 1, 4, 2, 5, 1, 6, 2, 4, 2, 0, 540, 0, 0, 0, 0, 0, 0]",4,14.01651911437346,-1,1
2617,"[1, 1, 0, 2, 0, 2, 0, 2, 0, 1, 0, 2, 0, 0, 0, 0, 0, 1, 0, 0, 2, 0, 0, 0, 0, 0, 0, 0, 0, 0, 0, 0, 1, 1, 2, 2, 0, 0, 2, 0, 0, 1, 1, 0, 2, 2, 0, 1, 0, 0, 0, 0, 0, 0, 0, 2, 0, 0, 0, 0, 0, 0, 0, 2, 2, 2, 3, 2, 0, 1, 1, 4, 2, 5, 1, 6, 2, 4, 2, 0, 540, 0, 0, 0, 0, 0, 0]",1,0.6096243631983249,-1,0
2618,"[1, 1, 0, 2, 0, 2, 0, 2, 0, 1, 0, 2, 0, 0, 0, 0, 0, 1, 0, 0, 2, 0, 0, 0, 0, 0, 0, 0, 0, 0, 0, 0, 1, 1, 2, 2, 0, 0, 2, 0, 0, 1, 1, 0, 2, 2, 0, 1, 0, 0, 0, 0, 0, 0, 0, 2, 0, 0, 0, 0, 0, 0, 0, 2, 2, 2, 3, 2, 0, 1, 1, 4, 2, 5, 1, 6, 2, 4, 2, 0, 540, 0, 0, 0, 0, 0, 0]",-1,-0.0002258290471306333,-1,0
2619,"[1, 1, 0, 2, 0, 2, 0, 2, 0, 1, 0, 2, 0, 0, 0, 0, 0, 1, 0, 0, 2, 0, 0, 0, 0, 0, 0, 0, 0, 0, 0, 0, 1, 1, 2, 2, 0, 0, 2, 0, 0, 1, 1, 0, 2, 2, 0, 1, 0, 0, 0, 0, 0, 0, 0, 2, 0, 0, 0, 0, 0, 0, 0, 2, 2, 2, 3, 2, 0, 1, 1, 4, 2, 5, 1, 6, 2, 4, 2, 0, 540, 0, 0, 0, 0, 0, 0]",1,0.6096243631983249,-1,0
2620,"[1, 1, 0, 2, 0, 2, 0, 2, 0, 1, 0, 2, 0, 0, 0, 0, 0, 1, 0, 0, 2, 0, 0, 0, 0, 0, 0, 0, 0, 0, 0, 0, 1, 1, 2, 2, 0, 0, 2, 0, 0, 1, 1, 0, 2, 2, 0, 1, 0, 0, 0, 0, 0, 0, 0, 2, 0, 0, 0, 0, 0, 0, 0, 2, 2, 2, 3, 2, 0, 1, 1, 4, 2, 5, 1, 6, 2, 4, 2, 0, 540, 0, 0, 0, 0, 0, 0]",-1,-0.0002258290471306333,-1,0
2621,"[1, 1, 0, 2, 0, 2, 0, 2, 0, 1, 0, 2, 0, 0, 0, 0, 0, 1, 0, 0, 2, 0, 0, 0, 0, 0, 0, 0, 0, 0, 0, 0, 1, 1, 2, 2, 0, 0, 2, 0, 0, 1, 1, 0, 2, 2, 0, 1, 0, 0, 0, 0, 0, 0, 0, 2, 0, 0, 0, 0, 0, 0, 0, 2, 2, 2, 3, 2, 0, 1, 1, 4, 2, 5, 1, 6, 2, 4, 2, 0, 541, 0, 0, 0, 0, 0, 0]",4,12.974220459838735,-1,0
2622,"[1, 1, 0, 2, 0, 2, 0, 2, 0, 1, 0, 2, 0, 0, 0, 0, 0, 1, 0, 0, 2, 0, 0, 0, 0, 0, 0, 0, 0, 0, 0, 0, 1, 1, 2, 2, 0, 0, 2, 0, 0, 1, 1, 0, 2, 2, 0, 1, 0, 0, 0, 0, 0, 0, 0, 2, 0, 0, 0, 0, 0, 0, 0, 2, 2, 2, 3, 2, 0, 1, 1, 4, 2, 5, 1, 6, 2, 4, 2, 0, 541, 0, 1, 0, 0, 0, 0]",2,0.40000023837063026,-1,1
2623,"[1, 1, 0, 2, 0, 2, 0, 2, 0, 1, 0, 2, 0, 0, 0, 0, 0, 1, 0, 0, 2, 0, 0, 0, 0, 0, 0, 0, 0, 0, 0, 0, 1, 1, 2, 2, 0, 0, 2, 0, 0, 1, 1, 0, 2, 2, 0, 1, 0, 0, 0, 0, 0, 0, 0, 2, 0, 0, 0, 0, 0, 0, 0, 2, 2, 2, 3, 2, 0, 1, 1, 4, 2, 5, 1, 6, 2, 4, 2, 0, 541, 0, 1, 0, 0, 1, 0]","[[0 1 0 0]
 [1 0 0 0]]",0.6504251034287212,-1,1
2624,"[1, 1, 0, 2, 0, 2, 0, 2, 0, 1, 0, 2, 0, 0, 0, 0, 0, 1, 0, 0, 2, 0, 0, 0, 0, 0, 0, 0, 0, 0, 0, 0, 1, 1, 2, 2, 0, 0, 2, 0, 0, 1, 1, 0, 2, 2, 0, 1, 0, 0, 0, 0, 0, 0, 0, 2, 0, 0, 0, 0, 0, 0, 0, 2, 2, 2, 3, 2, 0, 1, 1, 4, 2, 5, 1, 6, 2, 4, 2, 0, 541, 0, 0, 0, 0, 0, 0]",1,-0.1999997616293697,-1,0
2625,"[1, 1, 0, 2, 0, 2, 0, 2, 0, 1, 0, 2, 0, 0, 0, 0, 0, 1, 0, 0, 2, 0, 0, 0, 0, 0, 0, 0, 0, 0, 0, 0, 1, 1, 2, 2, 0, 0, 2, 0, 0, 1, 1, 0, 2, 2, 0, 1, 0, 0, 0, 0, 0, 0, 0, 2, 0, 0, 0, 0, 0, 0, 0, 2, 2, 2, 3, 2, 0, 1, 1, 4, 2, 5, 1, 6, 2, 4, 2, 0, 542, 0, 0, 0, 0, 0, 0]",4,14.01651006198631,-1,1
2626,"[1, 1, 0, 2, 0, 2, 0, 2, 0, 1, 0, 2, 0, 0, 0, 0, 0, 1, 0, 0, 2, 0, 0, 0, 0, 0, 0, 0, 0, 0, 0, 0, 1, 1, 2, 2, 0, 0, 2, 0, 0, 1, 1, 0, 2, 2, 0, 1, 0, 0, 0, 0, 0, 0, 0, 2, 0, 0, 0, 0, 0, 0, 0, 2, 2, 2, 3, 2, 0, 1, 1, 4, 2, 5, 1, 6, 2, 4, 2, 0, 542, 0, 1, 0, 0, 0, 0]",2,0.4000002290239949,-1,0
2627,"[1, 1, 0, 2, 0, 2, 0, 2, 0, 1, 0, 2, 0, 0, 0, 0, 0, 1, 0, 0, 2, 0, 0, 0, 0, 0, 0, 0, 0, 0, 0, 0, 1, 1, 2, 2, 0, 0, 2, 0, 0, 1, 1, 0, 2, 2, 0, 1, 0, 0, 0, 0, 0, 0, 0, 2, 0, 0, 0, 0, 0, 0, 0, 2, 2, 2, 3, 2, 0, 1, 1, 4, 2, 5, 1, 6, 2, 4, 2, 0, 542, 0, 0, 0, 0, 0, 0]",-1,-0.00022135733239157557,-1,0
2628,"[1, 1, 0, 2, 0, 2, 0, 2, 0, 1, 0, 2, 0, 0, 0, 0, 0, 1, 0, 0, 2, 0, 0, 0, 0, 0, 0, 0, 0, 0, 0, 0, 1, 1, 2, 2, 0, 0, 2, 0, 0, 1, 1, 0, 2, 2, 0, 1, 0, 0, 0, 0, 0, 0, 0, 2, 0, 0, 0, 0, 0, 0, 0, 2, 2, 2, 3, 2, 0, 1, 1, 4, 2, 5, 1, 6, 2, 4, 2, 0, 542, 1, 0, 0, 0, 0, 0]",3,0.20000022902399495,-1,0
2629,"[1, 1, 0, 2, 0, 2, 0, 2, 0, 1, 0, 2, 0, 0, 0, 0, 0, 1, 0, 0, 2, 0, 0, 0, 0, 0, 0, 0, 0, 0, 0, 0, 1, 1, 2, 2, 0, 0, 2, 0, 0, 1, 1, 0, 2, 2, 0, 1, 0, 0, 0, 0, 0, 0, 0, 2, 0, 0, 0, 0, 0, 0, 0, 2, 2, 2, 3, 2, 0, 1, 1, 4, 2, 5, 1, 6, 2, 4, 2, 0, 542, 0, 0, 0, 0, 0, 0]",-1,-0.00022135733239157557,-1,0
2630,"[1, 1, 0, 1, 0, 1, 0, 1, 0, 1, 0, 2, 0, 0, 0, 0, 0, 1, 0, 0, 2, 0, 0, 0, 0, 0, 0, 0, 0, 0, 0, 0, 1, 1, 2, 2, 0, 0, 2, 0, 0, 1, 1, 0, 2, 2, 0, 1, 0, 0, 0, 0, 0, 0, 0, 2, 0, 0, 0, 0, 0, 0, 0, 2, 2, 2, 3, 2, 0, 1, 1, 4, 2, 5, 1, 6, 2, 4, 2, 4, 543, 0, 0, 0, 0, 0, 0]",4,13.133836218718754,-1,0
2631,"[1, 2, 0, 1, 0, 2, 0, 1, 0, 1, 0, 2, 0, 0, 0, 0, 0, 1, 0, 0, 2, 0, 0, 0, 0, 0, 0, 0, 0, 0, 0, 0, 1, 1, 2, 2, 0, 0, 2, 0, 0, 1, 1, 0, 2, 2, 0, 1, 0, 0, 0, 0, 0, 0, 0, 2, 0, 0, 0, 0, 0, 0, 0, 2, 2, 2, 3, 2, 0, 1, 1, 4, 2, 5, 1, 6, 2, 4, 2, 4, 544, 0, 0, 0, 0, 0, 0]",4,14.056107162816062,-1,1
2632,"[1, 2, 0, 1, 0, 2, 0, 1, 0, 1, 0, 2, 0, 0, 0, 0, 0, 1, 0, 0, 2, 0, 0, 0, 0, 0, 0, 0, 0, 0, 0, 0, 1, 1, 2, 2, 0, 0, 2, 0, 0, 1, 1, 0, 2, 2, 0, 1, 0, 0, 0, 0, 0, 0, 0, 2, 0, 0, 0, 0, 0, 0, 0, 2, 2, 2, 3, 2, 0, 1, 1, 4, 2, 5, 1, 6, 2, 4, 2, 4, 544, 0, 0, 0, 0, 0, 0]",1,0.6096243265154287,-1,0
2633,"[1, 2, 0, 1, 0, 2, 0, 1, 0, 1, 0, 2, 0, 0, 0, 0, 0, 1, 0, 0, 2, 0, 0, 0, 0, 0, 0, 0, 0, 0, 0, 0, 1, 1, 2, 2, 0, 0, 2, 0, 0, 1, 1, 0, 2, 2, 0, 1, 0, 0, 0, 0, 0, 0, 0, 2, 0, 0, 0, 0, 0, 0, 0, 2, 2, 2, 3, 2, 0, 1, 1, 4, 2, 5, 1, 6, 2, 4, 2, 4, 544, 0, 0, 0, 0, 0, 0]",-1,-0.00021697416353694474,-1,0
2634,"[1, 1, 0, 1, 0, 1, 0, 1, 0, 1, 0, 2, 0, 0, 0, 0, 0, 1, 0, 0, 2, 0, 0, 0, 0, 0, 0, 0, 0, 0, 0, 0, 1, 1, 2, 2, 0, 0, 2, 0, 0, 1, 1, 0, 2, 2, 0, 1, 0, 0, 0, 0, 0, 0, 0, 2, 0, 0, 0, 0, 0, 0, 0, 2, 2, 2, 3, 2, 0, 1, 1, 4, 2, 5, 1, 6, 2, 4, 2, 3, 545, 0, 0, 0, 0, 0, 0]",4,13.133827435463287,-1,0
2635,"[1, 1, 0, 1, 1, 1, 0, 1, 0, 1, 0, 2, 0, 0, 0, 0, 0, 1, 0, 0, 2, 0, 0, 0, 0, 0, 0, 0, 0, 0, 0, 0, 1, 1, 2, 2, 0, 0, 2, 0, 0, 1, 1, 0, 2, 2, 0, 1, 0, 0, 0, 0, 0, 0, 0, 2, 0, 0, 0, 0, 0, 0, 0, 2, 2, 2, 3, 2, 0, 1, 1, 4, 2, 5, 1, 6, 2, 4, 2, 3, 546, 0, 0, 0, 0, 0, 0]",4,14.533823109640608,-1,1
2636,"[1, 1, 0, 1, 1, 1, 0, 1, 0, 1, 0, 2, 0, 0, 0, 0, 0, 1, 0, 0, 2, 0, 0, 0, 0, 0, 0, 0, 0, 0, 0, 0, 1, 1, 2, 2, 0, 0, 2, 0, 0, 1, 1, 0, 2, 2, 0, 1, 0, 0, 0, 0, 0, 0, 0, 2, 0, 0, 0, 0, 0, 0, 0, 2, 2, 2, 3, 2, 0, 1, 1, 4, 2, 5, 1, 6, 2, 4, 2, 3, 546, 0, 1, 0, 0, 0, 0]",2,0.4000001951614078,-1,0
2637,"[1, 1, 0, 1, 1, 1, 0, 1, 0, 1, 0, 2, 0, 0, 0, 0, 0, 1, 0, 0, 2, 0, 0, 0, 0, 0, 0, 0, 0, 0, 0, 0, 1, 1, 2, 2, 0, 0, 2, 0, 0, 1, 1, 0, 2, 2, 0, 1, 0, 0, 0, 0, 0, 0, 0, 2, 0, 0, 0, 0, 0, 0, 0, 2, 2, 2, 3, 2, 0, 1, 1, 4, 2, 5, 1, 6, 2, 4, 2, 3, 546, 0, 0, 0, 0, 0, 0]",-1,-0.0002126777872407563,-1,0
2638,"[1, 1, 0, 1, 1, 1, 0, 1, 0, 1, 0, 2, 0, 0, 0, 0, 0, 1, 0, 0, 2, 0, 0, 0, 0, 0, 0, 0, 0, 0, 0, 0, 1, 1, 2, 2, 0, 0, 2, 0, 0, 1, 1, 0, 2, 2, 0, 1, 0, 0, 0, 0, 0, 0, 0, 2, 0, 0, 0, 0, 0, 0, 0, 2, 2, 2, 3, 2, 0, 1, 1, 4, 2, 5, 1, 6, 2, 4, 2, 3, 546, 0, 1, 0, 0, 0, 0]",2,0.4000001951614078,-1,0
2639,"[1, 1, 0, 1, 1, 1, 0, 1, 0, 1, 0, 2, 0, 0, 0, 0, 0, 1, 0, 0, 2, 0, 0, 0, 0, 0, 0, 0, 0, 0, 0, 0, 1, 1, 2, 2, 0, 0, 2, 0, 0, 1, 1, 0, 2, 2, 0, 1, 0, 0, 0, 0, 0, 0, 0, 2, 0, 0, 0, 0, 0, 0, 0, 2, 2, 2, 3, 2, 0, 1, 1, 4, 2, 5, 1, 6, 2, 4, 2, 3, 546, 0, 0, 0, 0, 0, 0]",-1,-0.0002126777872407563,-1,0
2640,"[1, 1, 0, 1, 1, 1, 0, 1, 0, 1, 0, 2, 0, 0, 0, 0, 0, 1, 0, 0, 2, 0, 0, 0, 0, 0, 0, 0, 0, 0, 0, 0, 1, 1, 2, 2, 0, 0, 2, 0, 0, 1, 1, 0, 2, 2, 0, 1, 0, 0, 0, 0, 0, 0, 0, 2, 0, 0, 0, 0, 0, 0, 0, 2, 2, 2, 3, 2, 0, 1, 1, 4, 2, 5, 1, 6, 2, 4, 2, 3, 546, 0, 1, 0, 0, 0, 0]",2,0.4000001951614078,-1,0
2641,"[1, 1, 0, 1, 1, 1, 0, 1, 0, 1, 0, 2, 0, 0, 0, 0, 0, 1, 0, 0, 2, 0, 0, 0, 0, 0, 0, 0, 0, 0, 0, 0, 1, 1, 2, 2, 0, 0, 2, 0, 0, 1, 1, 0, 2, 2, 0, 1, 0, 0, 0, 0, 0, 0, 0, 2, 0, 0, 0, 0, 0, 0, 0, 2, 2, 2, 3, 2, 0, 1, 1, 4, 2, 5, 1, 6, 2, 4, 2, 3, 546, 0, 0, 0, 0, 0, 0]",-1,-0.0002126777872407563,-1,0
2642,"[1, 1, 0, 1, 1, 1, 0, 1, 0, 1, 0, 2, 0, 0, 0, 0, 0, 1, 0, 0, 2, 0, 0, 0, 0, 0, 0, 0, 0, 0, 0, 0, 1, 1, 2, 2, 0, 0, 2, 0, 0, 1, 1, 0, 2, 2, 0, 1, 0, 0, 0, 0, 0, 0, 0, 2, 0, 0, 0, 0, 0, 0, 0, 2, 2, 2, 3, 2, 0, 1, 1, 4, 2, 5, 1, 6, 2, 4, 2, 3, 546, 0, 0, 0, 0, 0, 0]",1,0.6096243102610246,-1,0
2643,"[1, 1, 0, 1, 1, 1, 0, 1, 0, 1, 0, 2, 0, 0, 0, 0, 0, 1, 0, 0, 2, 0, 0, 0, 0, 0, 0, 0, 0, 0, 0, 0, 1, 1, 2, 2, 0, 0, 2, 0, 0, 1, 1, 0, 2, 2, 0, 1, 0, 0, 0, 0, 0, 0, 0, 2, 0, 0, 0, 0, 0, 0, 0, 2, 2, 2, 3, 2, 0, 1, 1, 4, 2, 5, 1, 6, 2, 4, 2, 3, 546, 0, 0, 0, 0, 0, 0]",-1,-0.0002126777872407563,-1,0
2644,"[1, 1, 0, 1, 1, 1, 0, 1, 0, 1, 0, 2, 0, 0, 0, 0, 0, 1, 0, 0, 2, 0, 0, 0, 0, 0, 0, 0, 0, 0, 0, 0, 1, 1, 2, 2, 0, 0, 2, 0, 0, 1, 1, 0, 2, 2, 0, 1, 0, 0, 0, 0, 0, 0, 0, 2, 0, 0, 0, 0, 0, 0, 0, 2, 2, 2, 3, 2, 0, 1, 1, 4, 2, 5, 1, 6, 2, 4, 2, 3, 546, 1, 0, 0, 0, 0, 0]",3,0.20000019516140782,-1,0
2645,"[1, 1, 0, 1, 1, 1, 0, 1, 0, 1, 0, 2, 0, 0, 0, 0, 0, 1, 0, 0, 2, 0, 0, 0, 0, 0, 0, 0, 0, 0, 0, 0, 1, 1, 2, 2, 0, 0, 2, 0, 0, 1, 1, 0, 2, 2, 0, 1, 0, 0, 0, 0, 0, 0, 0, 2, 0, 0, 0, 0, 0, 0, 0, 2, 2, 2, 3, 2, 0, 1, 1, 4, 2, 5, 1, 6, 2, 4, 2, 3, 546, 0, 0, 0, 0, 0, 0]",-1,-0.0002126777872407563,-1,0
2646,"[1, 1, 0, 1, 1, 1, 0, 1, 0, 1, 0, 2, 0, 0, 0, 0, 0, 1, 0, 0, 2, 0, 0, 0, 0, 0, 0, 0, 0, 0, 0, 0, 1, 1, 2, 2, 0, 0, 2, 0, 0, 1, 1, 0, 2, 2, 0, 1, 0, 0, 0, 0, 0, 0, 0, 2, 0, 0, 0, 0, 0, 0, 0, 2, 2, 2, 3, 2, 0, 1, 1, 4, 2, 5, 1, 6, 2, 4, 2, 3, 546, 0, 1, 0, 0, 0, 0]",2,0.4000001951614078,-1,0
2647,"[1, 1, 0, 1, 1, 1, 0, 1, 0, 1, 0, 2, 0, 0, 0, 0, 0, 1, 0, 0, 2, 0, 0, 0, 0, 0, 0, 0, 0, 0, 0, 0, 1, 1, 2, 2, 0, 0, 2, 0, 0, 1, 1, 0, 2, 2, 0, 1, 0, 0, 0, 0, 0, 0, 0, 2, 0, 0, 0, 0, 0, 0, 0, 2, 2, 2, 3, 2, 0, 1, 1, 4, 2, 5, 1, 6, 2, 4, 2, 3, 546, 0, 0, 0, 0, 0, 0]",-1,-0.0002126777872407563,-1,0
2648,"[1, 1, 0, 1, 1, 1, 0, 1, 0, 1, 0, 2, 0, 0, 0, 0, 0, 1, 0, 0, 2, 0, 0, 0, 0, 0, 0, 0, 0, 0, 0, 0, 1, 1, 2, 2, 0, 0, 2, 0, 0, 1, 1, 0, 2, 2, 0, 1, 0, 0, 0, 0, 0, 0, 0, 2, 0, 0, 0, 0, 0, 0, 0, 2, 2, 2, 3, 2, 0, 1, 1, 4, 2, 5, 1, 6, 2, 4, 2, 3, 546, 1, 0, 0, 0, 0, 0]",3,0.20000019516140782,-1,0
2649,"[1, 1, 0, 1, 1, 1, 0, 1, 0, 1, 0, 2, 0, 0, 0, 0, 0, 1, 0, 0, 2, 0, 0, 0, 0, 0, 0, 0, 0, 0, 0, 0, 1, 1, 2, 2, 0, 0, 2, 0, 0, 1, 1, 0, 2, 2, 0, 1, 0, 0, 0, 0, 0, 0, 0, 2, 0, 0, 0, 0, 0, 0, 0, 2, 2, 2, 3, 2, 0, 1, 1, 4, 2, 5, 1, 6, 2, 4, 2, 3, 546, 0, 0, 0, 0, 0, 0]",-1,-0.0002126777872407563,-1,0
2650,"[1, 1, 0, 1, 1, 1, 0, 1, 0, 1, 0, 2, 0, 0, 0, 0, 0, 1, 0, 0, 2, 0, 0, 0, 0, 0, 0, 0, 0, 0, 0, 0, 1, 1, 2, 2, 0, 0, 2, 0, 0, 1, 1, 0, 2, 2, 0, 1, 0, 0, 0, 0, 0, 0, 0, 2, 0, 0, 0, 0, 0, 0, 0, 2, 2, 2, 3, 2, 0, 1, 1, 4, 2, 5, 1, 6, 2, 4, 2, 3, 547, 0, 0, 0, 0, 0, 0]",4,13.133818827093632,-1,0
2651,"[1, 1, 0, 1, 1, 1, 0, 1, 0, 1, 0, 2, 0, 0, 0, 0, 0, 1, 0, 0, 2, 0, 0, 0, 0, 0, 0, 0, 0, 0, 0, 0, 1, 1, 2, 2, 0, 0, 2, 0, 0, 1, 1, 0, 2, 2, 0, 1, 0, 0, 0, 0, 0, 0, 0, 2, 0, 0, 0, 0, 0, 0, 0, 2, 2, 2, 3, 2, 0, 1, 1, 4, 2, 5, 1, 6, 2, 4, 2, 3, 547, 0, 1, 0, 0, 0, 0]",2,0.40000018750902677,-1,1
2652,"[1, 1, 0, 1, 1, 1, 0, 1, 0, 1, 0, 2, 0, 0, 0, 0, 0, 1, 0, 0, 2, 0, 0, 0, 0, 0, 0, 0, 0, 0, 0, 0, 1, 1, 2, 2, 0, 0, 2, 0, 0, 1, 1, 0, 2, 2, 0, 1, 0, 0, 0, 0, 0, 0, 0, 2, 0, 0, 0, 0, 0, 0, 0, 2, 2, 2, 3, 2, 0, 1, 1, 4, 2, 5, 1, 6, 2, 4, 2, 3, 547, 0, 1, 0, 0, 1, 0]","[[1 0 0 0]
 [0 1 0 0]]",0.6504250525671177,-1,1
2653,"[2, 0, 0, 1, 0, 2, 0, 1, 0, 1, 0, 2, 0, 0, 0, 0, 0, 1, 0, 0, 2, 0, 0, 0, 0, 0, 0, 0, 0, 0, 0, 0, 1, 1, 2, 2, 0, 0, 2, 0, 0, 1, 1, 0, 2, 2, 0, 1, 0, 0, 0, 0, 0, 0, 0, 2, 0, 0, 0, 0, 0, 0, 0, 2, 2, 2, 3, 2, 0, 1, 1, 4, 2, 5, 1, 6, 2, 4, 2, 3, 547, 0, 0, 0, 0, 0, 0]",0,-0.19999981249097323,-1,0
2654,"[1, 0, 0, 1, 0, 1, 0, 1, 0, 1, 0, 2, 0, 0, 0, 0, 0, 1, 0, 0, 2, 0, 0, 0, 0, 0, 0, 0, 0, 0, 0, 0, 1, 1, 2, 2, 0, 0, 2, 0, 0, 1, 1, 0, 2, 2, 0, 1, 0, 0, 0, 0, 0, 0, 0, 2, 0, 0, 0, 0, 0, 0, 0, 2, 2, 2, 3, 2, 0, 1, 1, 4, 2, 5, 1, 6, 2, 4, 2, 5, 548, 0, 0, 0, 0, 0, 0]",4,14.259884474666276,-1,1
2655,"[1, 0, 0, 1, 0, 1, 0, 1, 0, 1, 0, 2, 0, 0, 0, 0, 0, 1, 0, 0, 2, 0, 0, 0, 0, 0, 0, 0, 0, 0, 0, 0, 1, 1, 2, 2, 0, 0, 2, 0, 0, 1, 1, 0, 2, 2, 0, 1, 0, 0, 0, 0, 0, 0, 0, 2, 0, 0, 0, 0, 0, 0, 0, 2, 2, 2, 3, 2, 0, 1, 1, 4, 2, 5, 1, 6, 2, 4, 2, 5, 548, 1, 0, 0, 0, 0, 0]",3,0.2000001801566993,-1,0
2656,"[1, 0, 0, 1, 0, 1, 0, 1, 0, 1, 0, 2, 0, 0, 0, 0, 0, 1, 0, 0, 2, 0, 0, 0, 0, 0, 0, 0, 0, 0, 0, 0, 1, 1, 2, 2, 0, 0, 2, 0, 0, 1, 1, 0, 2, 2, 0, 1, 0, 0, 0, 0, 0, 0, 0, 2, 0, 0, 0, 0, 0, 0, 0, 2, 2, 2, 3, 2, 0, 1, 1, 4, 2, 5, 1, 6, 2, 4, 2, 5, 548, 0, 0, 0, 0, 0, 0]",-1,-0.0002084664848952056,-1,0
2657,"[1, 0, 0, 1, 0, 1, 0, 1, 0, 1, 0, 2, 0, 0, 0, 0, 0, 1, 0, 0, 2, 0, 0, 0, 0, 0, 0, 0, 0, 0, 0, 0, 1, 1, 2, 2, 0, 0, 2, 0, 0, 1, 1, 0, 2, 2, 0, 1, 0, 0, 0, 0, 0, 0, 0, 2, 0, 0, 0, 0, 0, 0, 0, 2, 2, 2, 3, 2, 0, 1, 1, 4, 2, 5, 1, 6, 2, 4, 2, 5, 549, 0, 0, 0, 0, 0, 0]",4,14.259880277356228,-1,1
2658,"[1, 1, 0, 1, 0, 2, 0, 1, 0, 1, 0, 2, 0, 0, 0, 0, 0, 1, 0, 0, 2, 0, 0, 0, 0, 0, 0, 0, 0, 0, 0, 0, 1, 1, 2, 2, 0, 0, 2, 0, 0, 1, 1, 0, 2, 2, 0, 1, 0, 0, 0, 0, 0, 0, 0, 2, 0, 0, 0, 0, 0, 0, 0, 2, 2, 2, 3, 2, 0, 1, 1, 4, 2, 5, 1, 6, 2, 4, 2, 5, 550, 0, 0, 0, 0, 0, 0]",4,13.133806234733157,-1,0
2659,"[1, 1, 0, 1, 0, 2, 0, 1, 0, 1, 0, 2, 0, 0, 0, 0, 0, 1, 0, 0, 2, 0, 0, 0, 0, 0, 0, 0, 0, 0, 0, 0, 1, 1, 2, 2, 0, 0, 2, 0, 0, 1, 1, 0, 2, 2, 0, 1, 0, 0, 0, 0, 0, 0, 0, 2, 0, 0, 0, 0, 0, 0, 0, 2, 2, 2, 3, 2, 0, 1, 1, 4, 2, 5, 1, 6, 2, 4, 2, 5, 551, 0, 0, 0, 0, 0, 0]",4,14.056077478748506,-1,1
2660,"[1, 1, 0, 1, 0, 2, 0, 1, 0, 1, 0, 2, 0, 0, 0, 0, 0, 1, 0, 0, 2, 0, 0, 0, 0, 0, 0, 0, 0, 0, 0, 0, 1, 1, 2, 2, 0, 0, 2, 0, 0, 1, 1, 0, 2, 2, 0, 1, 0, 0, 0, 0, 0, 0, 0, 2, 0, 0, 0, 0, 0, 0, 0, 2, 2, 2, 3, 2, 0, 1, 1, 4, 2, 5, 1, 6, 2, 4, 2, 5, 551, 0, 0, 0, 0, 0, 0]",0,0.29497490661525794,-1,0
2661,"[1, 1, 0, 1, 0, 2, 0, 1, 0, 1, 0, 2, 0, 0, 0, 0, 0, 1, 0, 0, 2, 0, 0, 0, 0, 0, 0, 0, 0, 0, 0, 0, 1, 1, 2, 2, 0, 0, 2, 0, 0, 1, 1, 0, 2, 2, 0, 1, 0, 0, 0, 0, 0, 0, 0, 2, 0, 0, 0, 0, 0, 0, 0, 2, 2, 2, 3, 2, 0, 1, 1, 4, 2, 5, 1, 6, 2, 4, 2, 5, 551, 0, 0, 0, 0, 0, 0]",-1,-0.00020230536916110995,-1,0
2662,"[1, 1, 0, 1, 0, 2, 0, 1, 0, 1, 0, 2, 0, 0, 0, 0, 0, 1, 0, 0, 2, 0, 0, 0, 0, 0, 0, 0, 0, 0, 0, 0, 1, 1, 2, 2, 0, 0, 2, 0, 0, 1, 1, 0, 2, 2, 0, 1, 0, 0, 0, 0, 0, 0, 0, 2, 0, 0, 0, 0, 0, 0, 0, 2, 2, 2, 3, 2, 0, 1, 1, 4, 2, 5, 1, 6, 2, 4, 2, 5, 551, 0, 0, 0, 0, 0, 0]",0,0.29497490661525794,-1,0
2663,"[1, 1, 0, 1, 0, 2, 0, 1, 0, 1, 0, 2, 0, 0, 0, 0, 0, 1, 0, 0, 2, 0, 0, 0, 0, 0, 0, 0, 0, 0, 0, 0, 1, 1, 2, 2, 0, 0, 2, 0, 0, 1, 1, 0, 2, 2, 0, 1, 0, 0, 0, 0, 0, 0, 0, 2, 0, 0, 0, 0, 0, 0, 0, 2, 2, 2, 3, 2, 0, 1, 1, 4, 2, 5, 1, 6, 2, 4, 2, 5, 551, 0, 0, 0, 0, 0, 0]",-1,-0.00020230536916110995,-1,0
2664,"[1, 1, 0, 1, 0, 2, 0, 1, 0, 1, 0, 2, 0, 0, 0, 0, 0, 1, 0, 0, 2, 0, 0, 0, 0, 0, 0, 0, 0, 0, 0, 0, 1, 1, 2, 2, 0, 0, 2, 0, 0, 1, 1, 0, 2, 2, 0, 1, 0, 0, 0, 0, 0, 0, 0, 2, 0, 0, 0, 0, 0, 0, 0, 2, 2, 2, 3, 2, 0, 1, 1, 4, 2, 5, 1, 6, 2, 4, 2, 5, 551, 0, 0, 0, 0, 0, 0]",0,0.29497490661525794,-1,0
2665,"[1, 1, 0, 1, 0, 2, 0, 1, 0, 1, 0, 2, 0, 0, 0, 0, 0, 1, 0, 0, 2, 0, 0, 0, 0, 0, 0, 0, 0, 0, 0, 0, 1, 1, 2, 2, 0, 0, 2, 0, 0, 1, 1, 0, 2, 2, 0, 1, 0, 0, 0, 0, 0, 0, 0, 2, 0, 0, 0, 0, 0, 0, 0, 2, 2, 2, 3, 2, 0, 1, 1, 4, 2, 5, 1, 6, 2, 4, 2, 5, 551, 0, 0, 0, 0, 0, 0]",-1,-0.00020230536916110995,-1,0
2666,"[1, 1, 0, 1, 0, 2, 0, 1, 0, 1, 0, 2, 0, 0, 0, 0, 0, 1, 0, 0, 2, 0, 0, 0, 0, 0, 0, 0, 0, 0, 0, 0, 1, 1, 2, 2, 0, 0, 2, 0, 0, 1, 1, 0, 2, 2, 0, 1, 0, 0, 0, 0, 0, 0, 0, 2, 0, 0, 0, 0, 0, 0, 0, 2, 2, 2, 3, 2, 0, 1, 1, 4, 2, 5, 1, 6, 2, 4, 2, 5, 551, 0, 0, 0, 0, 0, 0]",0,0.29497490661525794,-1,0
2667,"[1, 1, 0, 1, 0, 2, 0, 1, 0, 1, 0, 2, 0, 0, 0, 0, 0, 1, 0, 0, 2, 0, 0, 0, 0, 0, 0, 0, 0, 0, 0, 0, 1, 1, 2, 2, 0, 0, 2, 0, 0, 1, 1, 0, 2, 2, 0, 1, 0, 0, 0, 0, 0, 0, 0, 2, 0, 0, 0, 0, 0, 0, 0, 2, 2, 2, 3, 2, 0, 1, 1, 4, 2, 5, 1, 6, 2, 4, 2, 5, 551, 0, 0, 0, 0, 0, 0]",-1,-0.00020230536916110995,-1,0
2668,"[1, 1, 0, 1, 0, 2, 0, 1, 0, 1, 0, 2, 0, 0, 0, 0, 0, 1, 0, 0, 2, 0, 0, 0, 0, 0, 0, 0, 0, 0, 0, 0, 1, 1, 2, 2, 0, 0, 2, 0, 0, 1, 1, 0, 2, 2, 0, 1, 0, 0, 0, 0, 0, 0, 0, 2, 0, 0, 0, 0, 0, 0, 0, 2, 2, 2, 3, 2, 0, 1, 1, 4, 2, 5, 1, 6, 2, 4, 2, 5, 551, 0, 0, 0, 0, 0, 0]",0,0.29497490661525794,-1,0
2669,"[1, 1, 0, 1, 0, 2, 0, 1, 0, 1, 0, 2, 0, 0, 0, 0, 0, 1, 0, 0, 2, 0, 0, 0, 0, 0, 0, 0, 0, 0, 0, 0, 1, 1, 2, 2, 0, 0, 2, 0, 0, 1, 1, 0, 2, 2, 0, 1, 0, 0, 0, 0, 0, 0, 0, 2, 0, 0, 0, 0, 0, 0, 0, 2, 2, 2, 3, 2, 0, 1, 1, 4, 2, 5, 1, 6, 2, 4, 2, 5, 551, 0, 0, 0, 0, 0, 0]",-1,-0.00020230536916110995,-1,0
2670,"[1, 1, 0, 1, 0, 2, 0, 1, 0, 1, 0, 2, 0, 0, 0, 0, 0, 1, 0, 0, 2, 0, 0, 0, 0, 0, 0, 0, 0, 0, 0, 0, 1, 1, 2, 2, 0, 0, 2, 0, 0, 1, 1, 0, 2, 2, 0, 1, 0, 0, 0, 0, 0, 0, 0, 2, 0, 0, 0, 0, 0, 0, 0, 2, 2, 2, 3, 2, 0, 1, 1, 4, 2, 5, 1, 6, 2, 4, 2, 5, 551, 0, 0, 0, 0, 0, 0]",0,0.29497490661525794,-1,0
2671,"[1, 1, 0, 1, 0, 2, 0, 1, 0, 1, 0, 2, 0, 0, 0, 0, 0, 1, 0, 0, 2, 0, 0, 0, 0, 0, 0, 0, 0, 0, 0, 0, 1, 1, 2, 2, 0, 0, 2, 0, 0, 1, 1, 0, 2, 2, 0, 1, 0, 0, 0, 0, 0, 0, 0, 2, 0, 0, 0, 0, 0, 0, 0, 2, 2, 2, 3, 2, 0, 1, 1, 4, 2, 5, 1, 6, 2, 4, 2, 5, 551, 0, 0, 0, 0, 0, 0]",-1,-0.00020230536916110995,-1,0
2672,"[1, 1, 0, 1, 0, 2, 0, 1, 0, 1, 0, 2, 0, 0, 0, 0, 0, 1, 0, 0, 2, 0, 0, 0, 0, 0, 0, 0, 0, 0, 0, 0, 1, 1, 2, 2, 0, 0, 2, 0, 0, 1, 1, 0, 2, 2, 0, 1, 0, 0, 0, 0, 0, 0, 0, 2, 0, 0, 0, 0, 0, 0, 0, 2, 2, 2, 3, 2, 0, 1, 1, 4, 2, 5, 1, 6, 2, 4, 2, 5, 551, 0, 0, 0, 0, 0, 0]",0,0.29497490661525794,-1,0
2673,"[1, 1, 0, 1, 0, 2, 0, 1, 0, 1, 0, 2, 0, 0, 0, 0, 0, 1, 0, 0, 2, 0, 0, 0, 0, 0, 0, 0, 0, 0, 0, 0, 1, 1, 2, 2, 0, 0, 2, 0, 0, 1, 1, 0, 2, 2, 0, 1, 0, 0, 0, 0, 0, 0, 0, 2, 0, 0, 0, 0, 0, 0, 0, 2, 2, 2, 3, 2, 0, 1, 1, 4, 2, 5, 1, 6, 2, 4, 2, 5, 551, 0, 0, 0, 0, 0, 0]",-1,-0.00020230536916110995,-1,0
2674,"[1, 1, 0, 1, 0, 2, 0, 1, 0, 1, 0, 2, 0, 0, 0, 0, 0, 1, 0, 0, 2, 0, 0, 0, 0, 0, 0, 0, 0, 0, 0, 0, 1, 1, 2, 2, 0, 0, 2, 0, 0, 1, 1, 0, 2, 2, 0, 1, 0, 0, 0, 0, 0, 0, 0, 2, 0, 0, 0, 0, 0, 0, 0, 2, 2, 2, 3, 2, 0, 1, 1, 4, 2, 5, 1, 6, 2, 4, 2, 5, 551, 0, 0, 0, 0, 0, 0]",0,0.29497490661525794,-1,0
2675,"[1, 1, 0, 1, 0, 2, 0, 1, 0, 1, 0, 2, 0, 0, 0, 0, 0, 1, 0, 0, 2, 0, 0, 0, 0, 0, 0, 0, 0, 0, 0, 0, 1, 1, 2, 2, 0, 0, 2, 0, 0, 1, 1, 0, 2, 2, 0, 1, 0, 0, 0, 0, 0, 0, 0, 2, 0, 0, 0, 0, 0, 0, 0, 2, 2, 2, 3, 2, 0, 1, 1, 4, 2, 5, 1, 6, 2, 4, 2, 5, 551, 0, 0, 0, 0, 0, 0]",-1,-0.00020230536916110995,-1,0
2676,"[1, 1, 0, 1, 0, 2, 0, 1, 0, 1, 0, 2, 0, 0, 0, 0, 0, 1, 0, 0, 2, 0, 0, 0, 0, 0, 0, 0, 0, 0, 0, 0, 1, 1, 2, 2, 0, 0, 2, 0, 0, 1, 1, 0, 2, 2, 0, 1, 0, 0, 0, 0, 0, 0, 0, 2, 0, 0, 0, 0, 0, 0, 0, 2, 2, 2, 3, 2, 0, 1, 1, 4, 2, 5, 1, 6, 2, 4, 2, 5, 551, 0, 1, 0, 0, 0, 0]",2,0.4000001597846746,-1,0
2677,"[1, 1, 0, 1, 0, 2, 0, 1, 0, 1, 0, 2, 0, 0, 0, 0, 0, 1, 0, 0, 2, 0, 0, 0, 0, 0, 0, 0, 0, 0, 0, 0, 1, 1, 2, 2, 0, 0, 2, 0, 0, 1, 1, 0, 2, 2, 0, 1, 0, 0, 0, 0, 0, 0, 0, 2, 0, 0, 0, 0, 0, 0, 0, 2, 2, 2, 3, 2, 0, 1, 1, 4, 2, 5, 1, 6, 2, 4, 2, 5, 551, 0, 0, 0, 0, 0, 0]",-1,-0.00020230536916110995,-1,0
2678,"[1, 1, 0, 1, 0, 2, 0, 1, 0, 1, 0, 2, 0, 0, 0, 0, 0, 1, 0, 0, 2, 0, 0, 0, 0, 0, 0, 0, 0, 0, 0, 0, 1, 1, 2, 2, 0, 0, 2, 0, 0, 1, 1, 0, 2, 2, 0, 1, 0, 0, 0, 0, 0, 0, 0, 2, 0, 0, 0, 0, 0, 0, 0, 2, 2, 2, 3, 2, 0, 1, 1, 4, 2, 5, 1, 6, 2, 4, 2, 5, 551, 0, 1, 0, 0, 0, 0]",2,0.4000001597846746,-1,0
2679,"[1, 1, 0, 1, 0, 2, 0, 1, 0, 1, 0, 2, 0, 0, 0, 0, 0, 1, 0, 0, 2, 0, 0, 0, 0, 0, 0, 0, 0, 0, 0, 0, 1, 1, 2, 2, 0, 0, 2, 0, 0, 1, 1, 0, 2, 2, 0, 1, 0, 0, 0, 0, 0, 0, 0, 2, 0, 0, 0, 0, 0, 0, 0, 2, 2, 2, 3, 2, 0, 1, 1, 4, 2, 5, 1, 6, 2, 4, 2, 5, 551, 0, 0, 0, 0, 0, 0]",-1,-0.00020230536916110995,-1,0
2680,"[1, 2, 0, 1, 0, 3, 0, 1, 0, 1, 0, 2, 0, 0, 0, 0, 0, 1, 0, 0, 2, 0, 0, 0, 0, 0, 0, 0, 0, 0, 0, 0, 1, 1, 2, 2, 0, 0, 2, 0, 0, 1, 1, 0, 2, 2, 0, 1, 0, 0, 0, 0, 0, 0, 0, 2, 0, 0, 0, 0, 0, 0, 0, 2, 2, 2, 3, 2, 0, 1, 1, 4, 2, 5, 1, 6, 2, 4, 2, 5, 552, 0, 0, 0, 0, 0, 0]",4,12.974173327631597,-1,0
2681,"[1, 2, 0, 1, 0, 3, 0, 1, 0, 1, 0, 2, 0, 0, 0, 0, 0, 1, 0, 0, 2, 0, 0, 0, 0, 0, 0, 0, 0, 0, 0, 0, 1, 1, 2, 2, 0, 0, 2, 0, 0, 1, 1, 0, 2, 2, 0, 1, 0, 0, 0, 0, 0, 0, 0, 2, 0, 0, 0, 0, 0, 0, 0, 2, 2, 2, 3, 2, 0, 1, 1, 4, 2, 5, 1, 6, 2, 4, 2, 5, 552, 0, 1, 0, 0, 0, 0]",2,0.40000015351943274,-1,1
2682,"[1, 2, 0, 1, 0, 3, 0, 1, 0, 1, 0, 2, 0, 0, 0, 0, 0, 1, 0, 0, 2, 0, 0, 0, 0, 0, 0, 0, 0, 0, 0, 0, 1, 1, 2, 2, 0, 0, 2, 0, 0, 1, 1, 0, 2, 2, 0, 1, 0, 0, 0, 0, 0, 0, 0, 2, 0, 0, 0, 0, 0, 0, 0, 2, 2, 2, 3, 2, 0, 1, 1, 4, 2, 5, 1, 6, 2, 4, 2, 5, 552, 0, 1, 0, 0, 1, 0]","[[0 1 0 0]
 [1 0 0 0]]",0.6504250185775237,-1,1
2683,"[0, 3, 0, 1, 1, 2, 0, 1, 0, 1, 0, 2, 0, 0, 0, 0, 0, 1, 0, 0, 2, 0, 0, 0, 0, 0, 0, 0, 0, 0, 0, 0, 1, 1, 2, 2, 0, 0, 2, 0, 0, 1, 1, 0, 2, 2, 0, 1, 0, 0, 0, 0, 0, 0, 0, 2, 0, 0, 0, 0, 0, 0, 0, 2, 2, 2, 3, 2, 0, 1, 1, 4, 2, 5, 1, 6, 2, 4, 2, 5, 552, 0, 0, 0, 0, 0, 0]",0,-0.19999984648056723,-1,0
2684,"[0, 4, 0, 1, 1, 3, 0, 1, 0, 1, 0, 2, 0, 0, 0, 0, 0, 1, 0, 0, 2, 0, 0, 0, 0, 0, 0, 0, 0, 0, 0, 0, 1, 1, 2, 2, 0, 0, 2, 0, 0, 1, 1, 0, 2, 2, 0, 1, 0, 0, 0, 0, 0, 0, 0, 2, 0, 0, 0, 0, 0, 0, 0, 2, 2, 2, 3, 2, 0, 1, 1, 4, 2, 5, 1, 6, 2, 4, 2, 5, 553, 0, 0, 0, 0, 0, 0]",4,14.113356198609495,-1,1
2685,"[0, 4, 0, 1, 1, 3, 0, 1, 0, 1, 0, 2, 0, 0, 0, 0, 0, 1, 0, 0, 2, 0, 0, 0, 0, 0, 0, 0, 0, 0, 0, 0, 1, 1, 2, 2, 0, 0, 2, 0, 0, 1, 1, 0, 2, 2, 0, 1, 0, 0, 0, 0, 0, 0, 0, 2, 0, 0, 0, 0, 0, 0, 0, 2, 2, 2, 3, 2, 0, 1, 1, 4, 2, 5, 1, 6, 2, 4, 2, 5, 553, 0, 0, 0, 0, 0, 0]",1,0.6096242625994709,-1,0
2686,"[0, 4, 0, 1, 1, 3, 0, 1, 0, 1, 0, 2, 0, 0, 0, 0, 0, 1, 0, 0, 2, 0, 0, 0, 0, 0, 0, 0, 0, 0, 0, 0, 1, 1, 2, 2, 0, 0, 2, 0, 0, 1, 1, 0, 2, 2, 0, 1, 0, 0, 0, 0, 0, 0, 0, 2, 0, 0, 0, 0, 0, 0, 0, 2, 2, 2, 3, 2, 0, 1, 1, 4, 2, 5, 1, 6, 2, 4, 2, 5, 553, 0, 0, 0, 0, 0, 0]",-1,-0.00019829945445455326,-1,0
2687,"[0, 4, 0, 2, 1, 3, 0, 2, 0, 1, 0, 2, 0, 0, 0, 0, 0, 1, 0, 0, 2, 0, 0, 0, 0, 0, 0, 0, 0, 0, 0, 0, 1, 1, 2, 2, 0, 0, 2, 0, 0, 1, 1, 0, 2, 2, 0, 1, 0, 0, 0, 0, 0, 0, 0, 2, 0, 0, 0, 0, 0, 0, 0, 2, 2, 2, 3, 2, 0, 1, 1, 4, 2, 5, 1, 6, 2, 4, 2, 5, 554, 0, 0, 0, 0, 0, 0]",4,14.142651209239729,-1,1
2688,"[0, 4, 0, 3, 1, 3, 0, 3, 0, 1, 0, 2, 0, 0, 0, 0, 0, 1, 0, 0, 2, 0, 0, 0, 0, 0, 0, 0, 0, 0, 0, 0, 1, 1, 2, 2, 0, 0, 2, 0, 0, 1, 1, 0, 2, 2, 0, 1, 0, 0, 0, 0, 0, 0, 0, 2, 0, 0, 0, 0, 0, 0, 0, 2, 2, 2, 3, 2, 0, 1, 1, 4, 2, 5, 1, 6, 2, 4, 2, 5, 555, 0, 0, 0, 0, 0, 0]",4,12.470006101494118,-1,0
2689,"[0, 4, 0, 3, 1, 3, 0, 3, 0, 1, 0, 2, 0, 0, 0, 0, 0, 1, 0, 0, 2, 0, 0, 0, 0, 0, 0, 0, 0, 0, 0, 0, 1, 1, 2, 2, 0, 0, 2, 0, 0, 1, 1, 0, 2, 2, 0, 1, 0, 0, 0, 0, 0, 0, 0, 2, 0, 0, 0, 0, 0, 0, 0, 2, 2, 2, 3, 2, 0, 1, 1, 4, 2, 5, 1, 6, 2, 4, 2, 5, 556, 0, 0, 0, 0, 0, 0]",4,14.08734744723915,-1,1
2690,"[0, 4, 0, 3, 1, 3, 0, 3, 0, 1, 0, 2, 0, 0, 0, 0, 0, 1, 0, 0, 2, 0, 0, 0, 0, 0, 0, 0, 0, 0, 0, 0, 1, 1, 2, 2, 0, 0, 2, 0, 0, 1, 1, 0, 2, 2, 0, 1, 0, 0, 0, 0, 0, 0, 0, 2, 0, 0, 0, 0, 0, 0, 0, 2, 2, 2, 3, 2, 0, 1, 1, 4, 2, 5, 1, 6, 2, 4, 2, 5, 556, 0, 1, 0, 0, 0, 0]",2,0.4000001308206459,-1,0
2691,"[0, 4, 0, 3, 1, 3, 0, 3, 0, 1, 0, 2, 0, 0, 0, 0, 0, 1, 0, 0, 2, 0, 0, 0, 0, 0, 0, 0, 0, 0, 0, 0, 1, 1, 2, 2, 0, 0, 2, 0, 0, 1, 1, 0, 2, 2, 0, 1, 0, 0, 0, 0, 0, 0, 0, 2, 0, 0, 0, 0, 0, 0, 0, 2, 2, 2, 3, 2, 0, 1, 1, 4, 2, 5, 1, 6, 2, 4, 2, 5, 556, 0, 1, 0, 0, 1, 0]","[[0 0 0 1]
 [1 0 0 0]]",0.6504249958787368,-1,0
2692,"[1, 4, 0, 2, 0, 3, 0, 4, 0, 1, 0, 2, 0, 0, 0, 0, 0, 1, 0, 0, 2, 0, 0, 0, 0, 0, 0, 0, 0, 0, 0, 0, 1, 1, 2, 2, 0, 0, 2, 0, 0, 1, 1, 0, 2, 2, 0, 1, 0, 0, 0, 0, 0, 0, 0, 2, 0, 0, 0, 0, 0, 0, 0, 2, 2, 2, 3, 2, 0, 1, 1, 4, 2, 5, 1, 6, 2, 4, 2, 5, 556, 0, 0, 0, 0, 0, 0]",0,-0.19999986917935406,-1,1
2693,"[1, 4, 0, 2, 0, 3, 0, 4, 0, 1, 0, 2, 0, 0, 0, 0, 0, 1, 0, 0, 2, 0, 0, 0, 0, 0, 0, 0, 0, 0, 0, 0, 1, 1, 2, 2, 0, 0, 2, 0, 0, 1, 1, 0, 2, 2, 0, 1, 0, 0, 0, 0, 0, 0, 0, 2, 0, 0, 0, 0, 0, 0, 0, 2, 2, 2, 3, 2, 0, 1, 1, 4, 2, 5, 1, 6, 2, 4, 2, 5, 556, 0, 0, 0, 0, 0, 0]",0,0.2949748776512292,-1,0
2694,"[1, 4, 0, 2, 0, 3, 0, 4, 0, 1, 0, 2, 0, 0, 0, 0, 0, 1, 0, 0, 2, 0, 0, 0, 0, 0, 0, 0, 0, 0, 0, 0, 1, 1, 2, 2, 0, 0, 2, 0, 0, 1, 1, 0, 2, 2, 0, 1, 0, 0, 0, 0, 0, 0, 0, 2, 0, 0, 0, 0, 0, 0, 0, 2, 2, 2, 3, 2, 0, 1, 1, 4, 2, 5, 1, 6, 2, 4, 2, 5, 556, 0, 0, 0, 0, 0, 0]",-1,-0.00019243881988052698,-1,0
2695,"[1, 4, 0, 2, 0, 3, 0, 4, 0, 1, 0, 2, 0, 0, 0, 0, 0, 1, 0, 0, 2, 0, 0, 0, 0, 0, 0, 0, 0, 0, 0, 0, 1, 1, 2, 2, 0, 0, 2, 0, 0, 1, 1, 0, 2, 2, 0, 1, 0, 0, 0, 0, 0, 0, 0, 2, 0, 0, 0, 0, 0, 0, 0, 2, 2, 2, 3, 2, 0, 1, 1, 4, 2, 5, 1, 6, 2, 4, 2, 5, 556, 0, 0, 0, 0, 0, 0]",0,0.2949748776512292,-1,0
2696,"[1, 4, 0, 2, 0, 3, 0, 4, 0, 1, 0, 2, 0, 0, 0, 0, 0, 1, 0, 0, 2, 0, 0, 0, 0, 0, 0, 0, 0, 0, 0, 0, 1, 1, 2, 2, 0, 0, 2, 0, 0, 1, 1, 0, 2, 2, 0, 1, 0, 0, 0, 0, 0, 0, 0, 2, 0, 0, 0, 0, 0, 0, 0, 2, 2, 2, 3, 2, 0, 1, 1, 4, 2, 5, 1, 6, 2, 4, 2, 5, 556, 0, 0, 0, 0, 0, 0]",-1,-0.00019243881988052698,-1,0
2697,"[1, 4, 0, 2, 0, 3, 0, 4, 0, 1, 0, 2, 0, 0, 0, 0, 0, 1, 0, 0, 2, 0, 0, 0, 0, 0, 0, 0, 0, 0, 0, 0, 1, 1, 2, 2, 0, 0, 2, 0, 0, 1, 1, 0, 2, 2, 0, 1, 0, 0, 0, 0, 0, 0, 0, 2, 0, 0, 0, 0, 0, 0, 0, 2, 2, 2, 3, 2, 0, 1, 1, 4, 2, 5, 1, 6, 2, 4, 2, 5, 556, 0, 0, 0, 0, 0, 0]",0,0.2949748776512292,-1,0
2698,"[1, 4, 0, 2, 0, 3, 0, 4, 0, 1, 0, 2, 0, 0, 0, 0, 0, 1, 0, 0, 2, 0, 0, 0, 0, 0, 0, 0, 0, 0, 0, 0, 1, 1, 2, 2, 0, 0, 2, 0, 0, 1, 1, 0, 2, 2, 0, 1, 0, 0, 0, 0, 0, 0, 0, 2, 0, 0, 0, 0, 0, 0, 0, 2, 2, 2, 3, 2, 0, 1, 1, 4, 2, 5, 1, 6, 2, 4, 2, 5, 556, 0, 0, 0, 0, 0, 0]",-1,-0.00019243881988052698,-1,0
2699,"[1, 4, 0, 2, 0, 3, 0, 4, 0, 1, 0, 2, 0, 0, 0, 0, 0, 1, 0, 0, 2, 0, 0, 0, 0, 0, 0, 0, 0, 0, 0, 0, 1, 1, 2, 2, 0, 0, 2, 0, 0, 1, 1, 0, 2, 2, 0, 1, 0, 0, 0, 0, 0, 0, 0, 2, 0, 0, 0, 0, 0, 0, 0, 2, 2, 2, 3, 2, 0, 1, 1, 4, 2, 5, 1, 6, 2, 4, 2, 5, 556, 0, 0, 0, 0, 0, 0]",0,0.2949748776512292,-1,0
2700,"[1, 4, 0, 2, 0, 3, 0, 4, 0, 1, 0, 2, 0, 0, 0, 0, 0, 1, 0, 0, 2, 0, 0, 0, 0, 0, 0, 0, 0, 0, 0, 0, 1, 1, 2, 2, 0, 0, 2, 0, 0, 1, 1, 0, 2, 2, 0, 1, 0, 0, 0, 0, 0, 0, 0, 2, 0, 0, 0, 0, 0, 0, 0, 2, 2, 2, 3, 2, 0, 1, 1, 4, 2, 5, 1, 6, 2, 4, 2, 5, 556, 0, 0, 0, 0, 0, 0]",-1,-0.00019243881988052698,-1,0
2701,"[1, 4, 0, 2, 0, 3, 0, 4, 0, 1, 0, 2, 0, 0, 0, 0, 0, 1, 0, 0, 2, 0, 0, 0, 0, 0, 0, 0, 0, 0, 0, 0, 1, 1, 2, 2, 0, 0, 2, 0, 0, 1, 1, 0, 2, 2, 0, 1, 0, 0, 0, 0, 0, 0, 0, 2, 0, 0, 0, 0, 0, 0, 0, 2, 2, 2, 3, 2, 0, 1, 1, 4, 2, 5, 1, 6, 2, 4, 2, 5, 556, 0, 0, 0, 0, 0, 0]",0,0.2949748776512292,-1,0
2702,"[1, 4, 0, 2, 0, 3, 0, 4, 0, 1, 0, 2, 0, 0, 0, 0, 0, 1, 0, 0, 2, 0, 0, 0, 0, 0, 0, 0, 0, 0, 0, 0, 1, 1, 2, 2, 0, 0, 2, 0, 0, 1, 1, 0, 2, 2, 0, 1, 0, 0, 0, 0, 0, 0, 0, 2, 0, 0, 0, 0, 0, 0, 0, 2, 2, 2, 3, 2, 0, 1, 1, 4, 2, 5, 1, 6, 2, 4, 2, 5, 556, 0, 0, 0, 0, 0, 0]",-1,-0.00019243881988052698,-1,0
2703,"[1, 4, 0, 2, 0, 3, 0, 4, 0, 1, 0, 2, 0, 0, 0, 0, 0, 1, 0, 0, 2, 0, 0, 0, 0, 0, 0, 0, 0, 0, 0, 0, 1, 1, 2, 2, 0, 0, 2, 0, 0, 1, 1, 0, 2, 2, 0, 1, 0, 0, 0, 0, 0, 0, 0, 2, 0, 0, 0, 0, 0, 0, 0, 2, 2, 2, 3, 2, 0, 1, 1, 4, 2, 5, 1, 6, 2, 4, 2, 5, 556, 0, 0, 0, 0, 0, 0]",0,0.2949748776512292,-1,0
2704,"[1, 4, 0, 2, 0, 3, 0, 4, 0, 1, 0, 2, 0, 0, 0, 0, 0, 1, 0, 0, 2, 0, 0, 0, 0, 0, 0, 0, 0, 0, 0, 0, 1, 1, 2, 2, 0, 0, 2, 0, 0, 1, 1, 0, 2, 2, 0, 1, 0, 0, 0, 0, 0, 0, 0, 2, 0, 0, 0, 0, 0, 0, 0, 2, 2, 2, 3, 2, 0, 1, 1, 4, 2, 5, 1, 6, 2, 4, 2, 5, 556, 0, 0, 0, 0, 0, 0]",-1,-0.00019243881988052698,-1,0
2705,"[1, 4, 0, 2, 0, 3, 0, 4, 0, 1, 0, 2, 0, 0, 0, 0, 0, 1, 0, 0, 2, 0, 0, 0, 0, 0, 0, 0, 0, 0, 0, 0, 1, 1, 2, 2, 0, 0, 2, 0, 0, 1, 1, 0, 2, 2, 0, 1, 0, 0, 0, 0, 0, 0, 0, 2, 0, 0, 0, 0, 0, 0, 0, 2, 2, 2, 3, 2, 0, 1, 1, 4, 2, 5, 1, 6, 2, 4, 2, 5, 556, 0, 0, 0, 0, 0, 0]",0,0.2949748776512292,-1,0
2706,"[1, 4, 0, 2, 0, 3, 0, 4, 0, 1, 0, 2, 0, 0, 0, 0, 0, 1, 0, 0, 2, 0, 0, 0, 0, 0, 0, 0, 0, 0, 0, 0, 1, 1, 2, 2, 0, 0, 2, 0, 0, 1, 1, 0, 2, 2, 0, 1, 0, 0, 0, 0, 0, 0, 0, 2, 0, 0, 0, 0, 0, 0, 0, 2, 2, 2, 3, 2, 0, 1, 1, 4, 2, 5, 1, 6, 2, 4, 2, 5, 556, 0, 0, 0, 0, 0, 0]",-1,-0.00019243881988052698,-1,0
2707,"[1, 4, 0, 2, 0, 3, 0, 4, 0, 1, 0, 2, 0, 0, 0, 0, 0, 1, 0, 0, 2, 0, 0, 0, 0, 0, 0, 0, 0, 0, 0, 0, 1, 1, 2, 2, 0, 0, 2, 0, 0, 1, 1, 0, 2, 2, 0, 1, 0, 0, 0, 0, 0, 0, 0, 2, 0, 0, 0, 0, 0, 0, 0, 2, 2, 2, 3, 2, 0, 1, 1, 4, 2, 5, 1, 6, 2, 4, 2, 5, 556, 0, 0, 0, 0, 0, 0]",0,0.2949748776512292,-1,0
2708,"[1, 4, 0, 2, 0, 3, 0, 4, 0, 1, 0, 2, 0, 0, 0, 0, 0, 1, 0, 0, 2, 0, 0, 0, 0, 0, 0, 0, 0, 0, 0, 0, 1, 1, 2, 2, 0, 0, 2, 0, 0, 1, 1, 0, 2, 2, 0, 1, 0, 0, 0, 0, 0, 0, 0, 2, 0, 0, 0, 0, 0, 0, 0, 2, 2, 2, 3, 2, 0, 1, 1, 4, 2, 5, 1, 6, 2, 4, 2, 5, 556, 0, 0, 0, 0, 0, 0]",-1,-0.00019243881988052698,-1,0
2709,"[1, 4, 0, 2, 0, 3, 0, 4, 0, 1, 0, 2, 0, 0, 0, 0, 0, 1, 0, 0, 2, 0, 0, 0, 0, 0, 0, 0, 0, 0, 0, 0, 1, 1, 2, 2, 0, 0, 2, 0, 0, 1, 1, 0, 2, 2, 0, 1, 0, 0, 0, 0, 0, 0, 0, 2, 0, 0, 0, 0, 0, 0, 0, 2, 2, 2, 3, 2, 0, 1, 1, 4, 2, 5, 1, 6, 2, 4, 2, 5, 557, 0, 0, 0, 0, 0, 0]",4,12.628971085344505,-1,0
2710,"[1, 4, 0, 2, 0, 3, 0, 4, 0, 1, 0, 2, 0, 0, 0, 0, 0, 1, 0, 0, 2, 0, 0, 0, 0, 0, 0, 0, 0, 0, 0, 0, 1, 1, 2, 2, 0, 0, 2, 0, 0, 1, 1, 0, 2, 2, 0, 1, 0, 0, 0, 0, 0, 0, 0, 2, 0, 0, 0, 0, 0, 0, 0, 2, 2, 2, 3, 2, 0, 1, 1, 4, 2, 5, 1, 6, 2, 4, 2, 5, 557, 0, 1, 0, 0, 0, 0]",2,0.4000001256910983,-1,1
2711,"[1, 4, 0, 2, 0, 3, 0, 4, 0, 1, 0, 2, 0, 0, 0, 0, 0, 1, 0, 0, 2, 0, 0, 0, 0, 0, 0, 0, 0, 0, 0, 0, 1, 1, 2, 2, 0, 0, 2, 0, 0, 1, 1, 0, 2, 2, 0, 1, 0, 0, 0, 0, 0, 0, 0, 2, 0, 0, 0, 0, 0, 0, 0, 2, 2, 2, 3, 2, 0, 1, 1, 4, 2, 5, 1, 6, 2, 4, 2, 5, 557, 0, 1, 0, 0, 1, 0]","[[0 1 0 0]
 [1 0 0 0]]",0.6504249907491892,-1,1
2712,"[0, 5, 0, 2, 1, 2, 0, 4, 0, 1, 0, 2, 0, 0, 0, 0, 0, 1, 0, 0, 2, 0, 0, 0, 0, 0, 0, 0, 0, 0, 0, 0, 1, 1, 2, 2, 0, 0, 2, 0, 0, 1, 1, 0, 2, 2, 0, 1, 0, 0, 0, 0, 0, 0, 0, 2, 0, 0, 0, 0, 0, 0, 0, 2, 2, 2, 3, 2, 0, 1, 1, 4, 2, 5, 1, 6, 2, 4, 2, 5, 557, 0, 0, 0, 0, 0, 0]",0,-0.1999998743089017,-1,0
2713,"[0, 5, 0, 3, 1, 2, 0, 5, 0, 1, 0, 2, 0, 0, 0, 0, 0, 1, 0, 0, 2, 0, 0, 0, 0, 0, 0, 0, 0, 0, 0, 0, 1, 1, 2, 2, 0, 0, 2, 0, 0, 1, 1, 0, 2, 2, 0, 1, 0, 0, 0, 0, 0, 0, 0, 2, 0, 0, 0, 0, 0, 0, 0, 2, 2, 2, 3, 2, 0, 1, 1, 4, 2, 5, 1, 6, 2, 4, 2, 5, 558, 0, 0, 0, 0, 0, 0]",4,13.938433047612623,-1,1
2714,"[0, 5, 0, 3, 1, 2, 0, 5, 0, 1, 0, 2, 0, 0, 0, 0, 0, 1, 0, 0, 2, 0, 0, 0, 0, 0, 0, 0, 0, 0, 0, 0, 1, 1, 2, 2, 0, 0, 2, 0, 0, 1, 1, 0, 2, 2, 0, 1, 0, 0, 0, 0, 0, 0, 0, 2, 0, 0, 0, 0, 0, 0, 0, 2, 2, 2, 3, 2, 0, 1, 1, 4, 2, 5, 1, 6, 2, 4, 2, 5, 559, 0, 0, 0, 0, 0, 0]",4,12.426895609030758,-1,0
2715,"[0, 5, 0, 4, 1, 2, 0, 6, 0, 1, 0, 2, 0, 0, 0, 0, 0, 1, 0, 0, 2, 0, 0, 0, 0, 0, 0, 0, 0, 0, 0, 0, 1, 1, 2, 2, 0, 0, 2, 0, 0, 1, 1, 0, 2, 2, 0, 1, 0, 0, 0, 0, 0, 0, 0, 2, 0, 0, 0, 0, 0, 0, 0, 2, 2, 2, 3, 2, 0, 1, 1, 4, 2, 5, 1, 6, 2, 4, 2, 5, 560, 0, 0, 0, 0, 0, 0]",4,13.858686231992113,-1,1
2716,"[0, 5, 0, 4, 1, 2, 0, 6, 0, 1, 0, 2, 0, 0, 0, 0, 0, 1, 0, 0, 2, 0, 0, 0, 0, 0, 0, 0, 0, 0, 0, 0, 1, 1, 2, 2, 0, 0, 2, 0, 0, 1, 1, 0, 2, 2, 0, 1, 0, 0, 0, 0, 0, 0, 0, 2, 0, 0, 0, 0, 0, 0, 0, 2, 2, 2, 3, 2, 0, 1, 1, 4, 2, 5, 1, 6, 2, 4, 2, 5, 560, 0, 0, 0, 0, 0, 0]",1,0.6096242265776284,-1,0
2717,"[0, 5, 0, 4, 1, 2, 0, 6, 0, 1, 0, 2, 0, 0, 0, 0, 0, 1, 0, 0, 2, 0, 0, 0, 0, 0, 0, 0, 0, 0, 0, 0, 1, 1, 2, 2, 0, 0, 2, 0, 0, 1, 1, 0, 2, 2, 0, 1, 0, 0, 0, 0, 0, 0, 0, 2, 0, 0, 0, 0, 0, 0, 0, 2, 2, 2, 3, 2, 0, 1, 1, 4, 2, 5, 1, 6, 2, 4, 2, 5, 560, 0, 0, 0, 0, 0, 0]",-1,-0.00018489318582414646,-1,0
2718,"[0, 6, 0, 4, 1, 3, 0, 6, 0, 1, 0, 2, 0, 0, 0, 0, 0, 1, 0, 0, 2, 0, 0, 0, 0, 0, 0, 0, 0, 0, 0, 0, 1, 1, 2, 2, 0, 0, 2, 0, 0, 1, 1, 0, 2, 2, 0, 1, 0, 0, 0, 0, 0, 0, 0, 2, 0, 0, 0, 0, 0, 0, 0, 2, 2, 2, 3, 2, 0, 1, 1, 4, 2, 5, 1, 6, 2, 4, 2, 5, 561, 0, 0, 0, 0, 0, 0]",4,13.904220922627873,-1,1
2719,"[0, 6, 0, 4, 1, 3, 0, 6, 0, 1, 0, 2, 0, 0, 0, 0, 0, 1, 0, 0, 2, 0, 0, 0, 0, 0, 0, 0, 0, 0, 0, 0, 1, 1, 2, 2, 0, 0, 2, 0, 0, 1, 1, 0, 2, 2, 0, 1, 0, 0, 0, 0, 0, 0, 0, 2, 0, 0, 0, 0, 0, 0, 0, 2, 2, 2, 3, 2, 0, 1, 1, 4, 2, 5, 1, 6, 2, 4, 2, 5, 561, 0, 1, 0, 0, 0, 0]",2,0.4000001071068987,-1,0
2720,"[0, 6, 0, 4, 1, 3, 0, 6, 0, 1, 0, 2, 0, 0, 0, 0, 0, 1, 0, 0, 2, 0, 0, 0, 0, 0, 0, 0, 0, 0, 0, 0, 1, 1, 2, 2, 0, 0, 2, 0, 0, 1, 1, 0, 2, 2, 0, 1, 0, 0, 0, 0, 0, 0, 0, 2, 0, 0, 0, 0, 0, 0, 0, 2, 2, 2, 3, 2, 0, 1, 1, 4, 2, 5, 1, 6, 2, 4, 2, 5, 561, 0, 1, 0, 0, 1, 0]","[[0 0 0 1]
 [1 0 0 0]]",0.6504249721649896,-1,0
2721,"[0, 6, 0, 4, 1, 3, 0, 6, 0, 1, 0, 2, 0, 0, 0, 0, 0, 1, 0, 0, 2, 0, 0, 0, 0, 0, 0, 0, 0, 0, 0, 0, 1, 1, 2, 2, 0, 0, 2, 0, 0, 1, 1, 0, 2, 2, 0, 1, 0, 0, 0, 0, 0, 0, 0, 2, 0, 0, 0, 0, 0, 0, 0, 2, 2, 2, 3, 2, 0, 1, 1, 4, 2, 5, 1, 6, 2, 4, 2, 5, 561, 0, 1, 0, 0, 0, 1]",2,-0.1999998928931013,-1,1
2722,"[0, 6, 0, 4, 1, 3, 0, 6, 0, 1, 0, 2, 0, 0, 0, 0, 0, 1, 0, 0, 2, 0, 0, 0, 0, 0, 0, 0, 0, 0, 0, 0, 1, 1, 2, 2, 0, 0, 2, 0, 0, 1, 1, 0, 2, 2, 0, 1, 0, 0, 0, 0, 0, 0, 0, 2, 0, 0, 0, 0, 0, 0, 0, 2, 2, 2, 3, 2, 0, 1, 1, 4, 2, 5, 1, 6, 2, 4, 2, 5, 561, 0, 0, 1, 0, 0, 0]","[[1 0 0 0]
 [0 1 0 0]]",-0.1999998928931013,-1,1
2723,"[1, 5, 0, 4, 0, 4, 0, 6, 0, 1, 0, 2, 0, 0, 0, 0, 0, 1, 0, 0, 2, 0, 0, 0, 0, 0, 0, 0, 0, 0, 0, 0, 1, 1, 2, 2, 0, 0, 2, 0, 0, 1, 1, 0, 2, 2, 0, 1, 0, 0, 0, 0, 0, 0, 0, 2, 0, 0, 0, 0, 0, 0, 0, 2, 2, 2, 3, 2, 0, 1, 1, 4, 2, 5, 1, 6, 2, 4, 2, 5, 561, 0, 0, 0, 0, 0, 0]",0,-0.1999998928931013,-1,0
2724,"[1, 6, 0, 4, 0, 5, 0, 6, 0, 1, 0, 2, 0, 0, 0, 0, 0, 1, 0, 0, 2, 0, 0, 0, 0, 0, 0, 0, 0, 0, 0, 0, 1, 1, 2, 2, 0, 0, 2, 0, 0, 1, 1, 0, 2, 2, 0, 1, 0, 0, 0, 0, 0, 0, 0, 2, 0, 0, 0, 0, 0, 0, 0, 2, 2, 2, 3, 2, 0, 1, 1, 4, 2, 5, 1, 6, 2, 4, 2, 5, 562, 0, 0, 0, 0, 0, 0]",4,12.52015192389713,-1,0
2725,"[1, 6, 0, 4, 0, 5, 0, 6, 0, 1, 0, 2, 0, 0, 0, 0, 0, 1, 0, 0, 2, 0, 0, 0, 0, 0, 0, 0, 0, 0, 0, 0, 1, 1, 2, 2, 0, 0, 2, 0, 0, 1, 1, 0, 2, 2, 0, 1, 0, 0, 0, 0, 0, 0, 0, 2, 0, 0, 0, 0, 0, 0, 0, 2, 2, 2, 3, 2, 0, 1, 1, 4, 2, 5, 1, 6, 2, 4, 2, 5, 562, 0, 1, 0, 0, 0, 0]",2,0.40000010290717924,-1,1
2726,"[1, 6, 0, 4, 0, 5, 0, 6, 0, 1, 0, 2, 0, 0, 0, 0, 0, 1, 0, 0, 2, 0, 0, 0, 0, 0, 0, 0, 0, 0, 0, 0, 1, 1, 2, 2, 0, 0, 2, 0, 0, 1, 1, 0, 2, 2, 0, 1, 0, 0, 0, 0, 0, 0, 0, 2, 0, 0, 0, 0, 0, 0, 0, 2, 2, 2, 3, 2, 0, 1, 1, 4, 2, 5, 1, 6, 2, 4, 2, 5, 562, 0, 1, 0, 0, 1, 0]","[[0 1 0 0]
 [1 0 0 0]]",0.6504249679652702,-1,1
2727,"[0, 7, 0, 4, 1, 4, 0, 6, 0, 1, 0, 2, 0, 0, 0, 0, 0, 1, 0, 0, 2, 0, 0, 0, 0, 0, 0, 0, 0, 0, 0, 0, 1, 1, 2, 2, 0, 0, 2, 0, 0, 1, 1, 0, 2, 2, 0, 1, 0, 0, 0, 0, 0, 0, 0, 2, 0, 0, 0, 0, 0, 0, 0, 2, 2, 2, 3, 2, 0, 1, 1, 4, 2, 5, 1, 6, 2, 4, 2, 5, 562, 0, 0, 0, 0, 0, 0]",0,-0.1999998970928207,-1,0
2728,"[0, 7, 0, 4, 1, 4, 0, 6, 0, 1, 0, 2, 0, 0, 0, 0, 0, 1, 0, 0, 2, 0, 0, 0, 0, 0, 0, 0, 0, 0, 0, 0, 1, 1, 2, 2, 0, 0, 2, 0, 0, 1, 1, 0, 2, 2, 0, 1, 0, 0, 0, 0, 0, 0, 0, 2, 0, 0, 0, 0, 0, 0, 0, 2, 2, 2, 3, 2, 0, 1, 1, 4, 2, 5, 1, 6, 2, 4, 2, 5, 563, 0, 0, 0, 0, 0, 0]",4,13.920148277037207,-1,1
2729,"[0, 7, 0, 4, 1, 4, 0, 6, 0, 1, 0, 2, 0, 0, 0, 0, 0, 1, 0, 0, 2, 0, 0, 0, 0, 0, 0, 0, 0, 0, 0, 0, 1, 1, 2, 2, 0, 0, 2, 0, 0, 1, 1, 0, 2, 2, 0, 1, 0, 0, 0, 0, 0, 0, 0, 2, 0, 0, 0, 0, 0, 0, 0, 2, 2, 2, 3, 2, 0, 1, 1, 4, 2, 5, 1, 6, 2, 4, 2, 5, 563, 0, 1, 0, 0, 0, 0]",2,0.40000009887213306,-1,0
2730,"[0, 7, 0, 4, 1, 4, 0, 6, 0, 1, 0, 2, 0, 0, 0, 0, 0, 1, 0, 0, 2, 0, 0, 0, 0, 0, 0, 0, 0, 0, 0, 0, 1, 1, 2, 2, 0, 0, 2, 0, 0, 1, 1, 0, 2, 2, 0, 1, 0, 0, 0, 0, 0, 0, 0, 2, 0, 0, 0, 0, 0, 0, 0, 2, 2, 2, 3, 2, 0, 1, 1, 4, 2, 5, 1, 6, 2, 4, 2, 5, 563, 0, 1, 0, 0, 1, 0]","[[0 1 0 0]
 [1 0 0 0]]",0.650424963930224,-1,0
2731,"[0, 7, 0, 4, 1, 4, 0, 6, 0, 1, 0, 2, 0, 0, 0, 0, 0, 1, 0, 0, 2, 0, 0, 0, 0, 0, 0, 0, 0, 0, 0, 0, 1, 1, 2, 2, 0, 0, 2, 0, 0, 1, 1, 0, 2, 2, 0, 1, 0, 0, 0, 0, 0, 0, 0, 2, 0, 0, 0, 0, 0, 0, 0, 2, 2, 2, 3, 2, 0, 1, 1, 4, 2, 5, 1, 6, 2, 4, 2, 5, 563, 0, 1, 0, 0, 0, 1]",2,-0.19999990112786695,-1,1
2732,"[0, 7, 0, 4, 1, 4, 0, 6, 0, 1, 0, 2, 0, 0, 0, 0, 0, 1, 0, 0, 2, 0, 0, 0, 0, 0, 0, 0, 0, 0, 0, 0, 1, 1, 2, 2, 0, 0, 2, 0, 0, 1, 1, 0, 2, 2, 0, 1, 0, 0, 0, 0, 0, 0, 0, 2, 0, 0, 0, 0, 0, 0, 0, 2, 2, 2, 3, 2, 0, 1, 1, 4, 2, 5, 1, 6, 2, 4, 2, 5, 563, 0, 0, 1, 0, 0, 0]","[[1 0 0 0]
 [0 1 0 0]]",-0.19999990112786695,-1,1
2733,"[0, 7, 0, 4, 1, 4, 0, 6, 0, 1, 0, 2, 0, 0, 0, 0, 0, 1, 0, 0, 2, 0, 0, 0, 0, 0, 0, 0, 0, 0, 0, 0, 1, 1, 2, 2, 0, 0, 2, 0, 0, 1, 1, 0, 2, 2, 0, 1, 0, 0, 0, 0, 0, 0, 0, 2, 0, 0, 0, 0, 0, 0, 0, 2, 2, 2, 3, 2, 0, 1, 1, 4, 2, 5, 1, 6, 2, 4, 2, 5, 563, 0, 0, 0, 0, 0, 0]",1,-4.954679478511206,-1,0
2734,"[0, 3, 0, 2, 1, 2, 0, 3, 0, 1, 0, 2, 0, 0, 0, 0, 0, 1, 0, 0, 2, 0, 0, 0, 0, 0, 0, 0, 0, 0, 0, 0, 1, 1, 2, 2, 0, 0, 2, 0, 0, 1, 1, 0, 2, 2, 0, 1, 0, 0, 0, 0, 0, 0, 0, 2, 0, 0, 0, 0, 0, 0, 0, 2, 2, 2, 3, 2, 0, 1, 1, 4, 2, 5, 1, 6, 2, 4, 2, 1, 564, 0, 0, 0, 0, 0, 0]",4,12.5312769099277,-1,0
2735,"[0, 3, 0, 2, 1, 2, 0, 3, 0, 1, 0, 2, 0, 0, 0, 0, 0, 1, 0, 0, 2, 0, 0, 0, 0, 0, 0, 0, 0, 0, 0, 0, 1, 1, 2, 2, 0, 0, 2, 0, 0, 1, 1, 0, 2, 2, 0, 1, 0, 0, 0, 0, 0, 0, 0, 2, 0, 0, 0, 0, 0, 0, 0, 2, 2, 2, 3, 2, 0, 1, 1, 4, 2, 5, 1, 6, 2, 4, 2, 1, 565, 0, 0, 0, 0, 0, 0]",4,14.14260984672562,-1,1
2736,"[0, 3, 0, 2, 1, 2, 0, 3, 0, 1, 0, 2, 0, 0, 0, 0, 0, 1, 0, 0, 2, 0, 0, 0, 0, 0, 0, 0, 0, 0, 0, 0, 1, 1, 2, 2, 0, 0, 2, 0, 0, 1, 1, 0, 2, 2, 0, 1, 0, 0, 0, 0, 0, 0, 0, 2, 0, 0, 0, 0, 0, 0, 0, 2, 2, 2, 3, 2, 0, 1, 1, 4, 2, 5, 1, 6, 2, 4, 2, 1, 565, 0, 0, 0, 0, 0, 0]",0,0.29497483810106895,-1,0
2737,"[0, 3, 0, 2, 1, 2, 0, 3, 0, 1, 0, 2, 0, 0, 0, 0, 0, 1, 0, 0, 2, 0, 0, 0, 0, 0, 0, 0, 0, 0, 0, 0, 1, 1, 2, 2, 0, 0, 2, 0, 0, 1, 1, 0, 2, 2, 0, 1, 0, 0, 0, 0, 0, 0, 0, 2, 0, 0, 0, 0, 0, 0, 0, 2, 2, 2, 3, 2, 0, 1, 1, 4, 2, 5, 1, 6, 2, 4, 2, 1, 565, 0, 0, 0, 0, 0, 0]",-1,-0.00017587583874560642,-1,0
2738,"[0, 3, 0, 2, 1, 2, 0, 3, 0, 1, 0, 2, 0, 0, 0, 0, 0, 1, 0, 0, 2, 0, 0, 0, 0, 0, 0, 0, 0, 0, 0, 0, 1, 1, 2, 2, 0, 0, 2, 0, 0, 1, 1, 0, 2, 2, 0, 1, 0, 0, 0, 0, 0, 0, 0, 2, 0, 0, 0, 0, 0, 0, 0, 2, 2, 2, 3, 2, 0, 1, 1, 4, 2, 5, 1, 6, 2, 4, 2, 1, 565, 0, 1, 0, 0, 0, 0]",2,0.40000009127048564,-1,0
2739,"[0, 3, 0, 2, 1, 2, 0, 3, 0, 1, 0, 2, 0, 0, 0, 0, 0, 1, 0, 0, 2, 0, 0, 0, 0, 0, 0, 0, 0, 0, 0, 0, 1, 1, 2, 2, 0, 0, 2, 0, 0, 1, 1, 0, 2, 2, 0, 1, 0, 0, 0, 0, 0, 0, 0, 2, 0, 0, 0, 0, 0, 0, 0, 2, 2, 2, 3, 2, 0, 1, 1, 4, 2, 5, 1, 6, 2, 4, 2, 1, 565, 0, 1, 0, 0, 1, 0]","[[0 0 0 1]
 [1 0 0 0]]",0.6504249563285766,-1,0
2740,"[0, 3, 0, 2, 1, 2, 0, 3, 0, 1, 0, 2, 0, 0, 0, 0, 0, 1, 0, 0, 2, 0, 0, 0, 0, 0, 0, 0, 0, 0, 0, 0, 1, 1, 2, 2, 0, 0, 2, 0, 0, 1, 1, 0, 2, 2, 0, 1, 0, 0, 0, 0, 0, 0, 0, 2, 0, 0, 0, 0, 0, 0, 0, 2, 2, 2, 3, 2, 0, 1, 1, 4, 2, 5, 1, 6, 2, 4, 2, 1, 565, 0, 0, 0, 0, 0, 0]",1,-16.01138820957141,-1,1
2741,"[0, 3, 0, 2, 1, 2, 0, 3, 0, 1, 0, 2, 0, 0, 0, 0, 0, 1, 0, 0, 2, 0, 0, 0, 0, 0, 0, 0, 0, 0, 0, 0, 1, 1, 2, 2, 0, 0, 2, 0, 0, 1, 1, 0, 2, 2, 0, 1, 0, 0, 0, 0, 0, 0, 0, 2, 0, 0, 0, 0, 0, 0, 0, 2, 2, 2, 3, 2, 0, 1, 1, 4, 2, 5, 1, 6, 2, 4, 2, 1, 565, 1, 0, 0, 0, 0, 0]",3,0.2000000912704857,-1,0
2742,"[0, 3, 0, 2, 1, 2, 0, 3, 0, 1, 0, 2, 0, 0, 0, 0, 0, 1, 0, 0, 2, 0, 0, 0, 0, 0, 0, 0, 0, 0, 0, 0, 1, 1, 2, 2, 0, 0, 2, 0, 0, 1, 1, 0, 2, 2, 0, 1, 0, 0, 0, 0, 0, 0, 0, 2, 0, 0, 0, 0, 0, 0, 0, 2, 2, 2, 3, 2, 0, 1, 1, 4, 2, 5, 1, 6, 2, 4, 2, 1, 565, 0, 0, 0, 0, 0, 0]",-1,-0.00017587583874560642,-1,0
2743,"[0, 4, 0, 2, 1, 3, 0, 3, 0, 1, 0, 2, 0, 0, 0, 0, 0, 1, 0, 0, 2, 0, 0, 0, 0, 0, 0, 0, 0, 0, 0, 0, 1, 1, 2, 2, 0, 0, 2, 0, 0, 1, 1, 0, 2, 2, 0, 1, 0, 0, 0, 0, 0, 0, 0, 2, 0, 0, 0, 0, 0, 0, 0, 2, 2, 2, 3, 2, 0, 1, 1, 4, 2, 5, 1, 6, 2, 4, 2, 1, 566, 0, 0, 0, 0, 0, 0]",4,12.451059053809104,-1,0
2744,"[0, 4, 0, 2, 1, 3, 0, 3, 0, 1, 0, 2, 0, 0, 0, 0, 0, 1, 0, 0, 2, 0, 0, 0, 0, 0, 0, 0, 0, 0, 0, 0, 1, 1, 2, 2, 0, 0, 2, 0, 0, 1, 1, 0, 2, 2, 0, 1, 0, 0, 0, 0, 0, 0, 0, 2, 0, 0, 0, 0, 0, 0, 0, 2, 2, 2, 3, 2, 0, 1, 1, 4, 2, 5, 1, 6, 2, 4, 2, 1, 567, 0, 0, 0, 0, 0, 0]",4,14.08730690663726,-1,1
2745,"[0, 4, 0, 2, 1, 3, 0, 3, 0, 1, 0, 2, 0, 0, 0, 0, 0, 1, 0, 0, 2, 0, 0, 0, 0, 0, 0, 0, 0, 0, 0, 0, 1, 1, 2, 2, 0, 0, 2, 0, 0, 1, 1, 0, 2, 2, 0, 1, 0, 0, 0, 0, 0, 0, 0, 2, 0, 0, 0, 0, 0, 0, 0, 2, 2, 2, 3, 2, 0, 1, 1, 4, 2, 5, 1, 6, 2, 4, 2, 1, 567, 1, 0, 0, 0, 0, 0]",3,0.20000008425328025,-1,0
2746,"[0, 4, 0, 2, 1, 3, 0, 3, 0, 1, 0, 2, 0, 0, 0, 0, 0, 1, 0, 0, 2, 0, 0, 0, 0, 0, 0, 0, 0, 0, 0, 0, 1, 1, 2, 2, 0, 0, 2, 0, 0, 1, 1, 0, 2, 2, 0, 1, 0, 0, 0, 0, 0, 0, 0, 2, 0, 0, 0, 0, 0, 0, 0, 2, 2, 2, 3, 2, 0, 1, 1, 4, 2, 5, 1, 6, 2, 4, 2, 1, 567, 0, 0, 0, 0, 0, 0]",-1,-0.00017239326380515634,-1,0
2747,"[0, 4, 0, 2, 1, 3, 0, 3, 0, 1, 0, 2, 0, 0, 0, 0, 0, 1, 0, 0, 2, 0, 0, 0, 0, 0, 0, 0, 0, 0, 0, 0, 1, 1, 2, 2, 0, 0, 2, 0, 0, 1, 1, 0, 2, 2, 0, 1, 0, 0, 0, 0, 0, 0, 0, 2, 0, 0, 0, 0, 0, 0, 0, 2, 2, 2, 3, 2, 0, 1, 1, 4, 2, 5, 1, 6, 2, 4, 2, 1, 567, 0, 1, 0, 0, 0, 0]",2,0.4000000842532802,-1,0
2748,"[0, 4, 0, 2, 1, 3, 0, 3, 0, 1, 0, 2, 0, 0, 0, 0, 0, 1, 0, 0, 2, 0, 0, 0, 0, 0, 0, 0, 0, 0, 0, 0, 1, 1, 2, 2, 0, 0, 2, 0, 0, 1, 1, 0, 2, 2, 0, 1, 0, 0, 0, 0, 0, 0, 0, 2, 0, 0, 0, 0, 0, 0, 0, 2, 2, 2, 3, 2, 0, 1, 1, 4, 2, 5, 1, 6, 2, 4, 2, 1, 567, 0, 1, 0, 0, 1, 0]","[[0 0 0 1]
 [1 0 0 0]]",0.6504249493113712,-1,0
2749,"[0, 4, 0, 2, 1, 3, 0, 3, 0, 1, 0, 2, 0, 0, 0, 0, 0, 1, 0, 0, 2, 0, 0, 0, 0, 0, 0, 0, 0, 0, 0, 0, 1, 1, 2, 2, 0, 0, 2, 0, 0, 1, 1, 0, 2, 2, 0, 1, 0, 0, 0, 0, 0, 0, 0, 2, 0, 0, 0, 0, 0, 0, 0, 2, 2, 2, 3, 2, 0, 1, 1, 4, 2, 5, 1, 6, 2, 4, 2, 1, 567, 0, 1, 0, 0, 0, 1]",2,-0.19999991574671977,-1,1
2750,"[0, 4, 0, 2, 1, 3, 0, 3, 0, 1, 0, 2, 0, 0, 0, 0, 0, 1, 0, 0, 2, 0, 0, 0, 0, 0, 0, 0, 0, 0, 0, 0, 1, 1, 2, 2, 0, 0, 2, 0, 0, 1, 1, 0, 2, 2, 0, 1, 0, 0, 0, 0, 0, 0, 0, 2, 0, 0, 0, 0, 0, 0, 0, 2, 2, 2, 3, 2, 0, 1, 1, 4, 2, 5, 1, 6, 2, 4, 2, 1, 567, 0, 0, 1, 0, 0, 0]","[[1 0 0 0]
 [0 1 0 0]]",-0.19999991574671977,-1,1
2751,"[1, 3, 0, 2, 0, 4, 0, 3, 0, 1, 0, 2, 0, 0, 0, 0, 0, 1, 0, 0, 2, 0, 0, 0, 0, 0, 0, 0, 0, 0, 0, 0, 1, 1, 2, 2, 0, 0, 2, 0, 0, 1, 1, 0, 2, 2, 0, 1, 0, 0, 0, 0, 0, 0, 0, 2, 0, 0, 0, 0, 0, 0, 0, 2, 2, 2, 3, 2, 0, 1, 1, 4, 2, 5, 1, 6, 2, 4, 2, 1, 567, 0, 0, 0, 0, 0, 0]",0,-0.19999991574671977,-1,0
2752,"[1, 3, 0, 2, 0, 4, 0, 3, 0, 1, 0, 2, 0, 0, 0, 0, 0, 1, 0, 0, 2, 0, 0, 0, 0, 0, 0, 0, 0, 0, 0, 0, 1, 1, 2, 2, 0, 0, 2, 0, 0, 1, 1, 0, 2, 2, 0, 1, 0, 0, 0, 0, 0, 0, 0, 2, 0, 0, 0, 0, 0, 0, 0, 2, 2, 2, 3, 2, 0, 1, 1, 4, 2, 5, 1, 6, 2, 4, 2, 1, 567, 0, 0, 0, 0, 0, 0]",0,0.2949748310838635,-1,0
2753,"[1, 3, 0, 2, 0, 4, 0, 3, 0, 1, 0, 2, 0, 0, 0, 0, 0, 1, 0, 0, 2, 0, 0, 0, 0, 0, 0, 0, 0, 0, 0, 0, 1, 1, 2, 2, 0, 0, 2, 0, 0, 1, 1, 0, 2, 2, 0, 1, 0, 0, 0, 0, 0, 0, 0, 2, 0, 0, 0, 0, 0, 0, 0, 2, 2, 2, 3, 2, 0, 1, 1, 4, 2, 5, 1, 6, 2, 4, 2, 1, 567, 0, 0, 0, 0, 0, 0]",-1,-0.00017239326380515634,-1,0
2754,"[1, 3, 0, 2, 0, 4, 0, 3, 0, 1, 0, 2, 0, 0, 0, 0, 0, 1, 0, 0, 2, 0, 0, 0, 0, 0, 0, 0, 0, 0, 0, 0, 1, 1, 2, 2, 0, 0, 2, 0, 0, 1, 1, 0, 2, 2, 0, 1, 0, 0, 0, 0, 0, 0, 0, 2, 0, 0, 0, 0, 0, 0, 0, 2, 2, 2, 3, 2, 0, 1, 1, 4, 2, 5, 1, 6, 2, 4, 2, 1, 567, 0, 0, 0, 0, 0, 0]",0,0.2949748310838635,-1,0
2755,"[1, 3, 0, 2, 0, 4, 0, 3, 0, 1, 0, 2, 0, 0, 0, 0, 0, 1, 0, 0, 2, 0, 0, 0, 0, 0, 0, 0, 0, 0, 0, 0, 1, 1, 2, 2, 0, 0, 2, 0, 0, 1, 1, 0, 2, 2, 0, 1, 0, 0, 0, 0, 0, 0, 0, 2, 0, 0, 0, 0, 0, 0, 0, 2, 2, 2, 3, 2, 0, 1, 1, 4, 2, 5, 1, 6, 2, 4, 2, 1, 567, 0, 0, 0, 0, 0, 0]",-1,-0.00017239326380515634,-1,0
2756,"[1, 3, 0, 2, 0, 4, 0, 3, 0, 1, 0, 2, 0, 0, 0, 0, 0, 1, 0, 0, 2, 0, 0, 0, 0, 0, 0, 0, 0, 0, 0, 0, 1, 1, 2, 2, 0, 0, 2, 0, 0, 1, 1, 0, 2, 2, 0, 1, 0, 0, 0, 0, 0, 0, 0, 2, 0, 0, 0, 0, 0, 0, 0, 2, 2, 2, 3, 2, 0, 1, 1, 4, 2, 5, 1, 6, 2, 4, 2, 1, 567, 0, 0, 0, 0, 0, 0]",0,0.2949748310838635,-1,0
2757,"[1, 3, 0, 2, 0, 4, 0, 3, 0, 1, 0, 2, 0, 0, 0, 0, 0, 1, 0, 0, 2, 0, 0, 0, 0, 0, 0, 0, 0, 0, 0, 0, 1, 1, 2, 2, 0, 0, 2, 0, 0, 1, 1, 0, 2, 2, 0, 1, 0, 0, 0, 0, 0, 0, 0, 2, 0, 0, 0, 0, 0, 0, 0, 2, 2, 2, 3, 2, 0, 1, 1, 4, 2, 5, 1, 6, 2, 4, 2, 1, 567, 0, 0, 0, 0, 0, 0]",-1,-0.00017239326380515634,-1,0
2758,"[1, 3, 0, 2, 0, 4, 0, 3, 0, 1, 0, 2, 0, 0, 0, 0, 0, 1, 0, 0, 2, 0, 0, 0, 0, 0, 0, 0, 0, 0, 0, 0, 1, 1, 2, 2, 0, 0, 2, 0, 0, 1, 1, 0, 2, 2, 0, 1, 0, 0, 0, 0, 0, 0, 0, 2, 0, 0, 0, 0, 0, 0, 0, 2, 2, 2, 3, 2, 0, 1, 1, 4, 2, 5, 1, 6, 2, 4, 2, 1, 567, 0, 0, 0, 0, 0, 0]",0,0.2949748310838635,-1,0
2759,"[1, 3, 0, 2, 0, 4, 0, 3, 0, 1, 0, 2, 0, 0, 0, 0, 0, 1, 0, 0, 2, 0, 0, 0, 0, 0, 0, 0, 0, 0, 0, 0, 1, 1, 2, 2, 0, 0, 2, 0, 0, 1, 1, 0, 2, 2, 0, 1, 0, 0, 0, 0, 0, 0, 0, 2, 0, 0, 0, 0, 0, 0, 0, 2, 2, 2, 3, 2, 0, 1, 1, 4, 2, 5, 1, 6, 2, 4, 2, 1, 567, 0, 0, 0, 0, 0, 0]",-1,-0.00017239326380515634,-1,0
2760,"[1, 3, 0, 2, 0, 4, 0, 3, 0, 1, 0, 2, 0, 0, 0, 0, 0, 1, 0, 0, 2, 0, 0, 0, 0, 0, 0, 0, 0, 0, 0, 0, 1, 1, 2, 2, 0, 0, 2, 0, 0, 1, 1, 0, 2, 2, 0, 1, 0, 0, 0, 0, 0, 0, 0, 2, 0, 0, 0, 0, 0, 0, 0, 2, 2, 2, 3, 2, 0, 1, 1, 4, 2, 5, 1, 6, 2, 4, 2, 1, 567, 0, 0, 0, 0, 0, 0]",0,0.2949748310838635,-1,0
2761,"[1, 3, 0, 2, 0, 4, 0, 3, 0, 1, 0, 2, 0, 0, 0, 0, 0, 1, 0, 0, 2, 0, 0, 0, 0, 0, 0, 0, 0, 0, 0, 0, 1, 1, 2, 2, 0, 0, 2, 0, 0, 1, 1, 0, 2, 2, 0, 1, 0, 0, 0, 0, 0, 0, 0, 2, 0, 0, 0, 0, 0, 0, 0, 2, 2, 2, 3, 2, 0, 1, 1, 4, 2, 5, 1, 6, 2, 4, 2, 1, 567, 0, 0, 0, 0, 0, 0]",-1,-0.00017239326380515634,-1,0
2762,"[1, 3, 0, 2, 0, 4, 0, 3, 0, 1, 0, 2, 0, 0, 0, 0, 0, 1, 0, 0, 2, 0, 0, 0, 0, 0, 0, 0, 0, 0, 0, 0, 1, 1, 2, 2, 0, 0, 2, 0, 0, 1, 1, 0, 2, 2, 0, 1, 0, 0, 0, 0, 0, 0, 0, 2, 0, 0, 0, 0, 0, 0, 0, 2, 2, 2, 3, 2, 0, 1, 1, 4, 2, 5, 1, 6, 2, 4, 2, 1, 567, 0, 0, 0, 0, 0, 0]",0,0.2949748310838635,-1,0
2763,"[1, 3, 0, 2, 0, 4, 0, 3, 0, 1, 0, 2, 0, 0, 0, 0, 0, 1, 0, 0, 2, 0, 0, 0, 0, 0, 0, 0, 0, 0, 0, 0, 1, 1, 2, 2, 0, 0, 2, 0, 0, 1, 1, 0, 2, 2, 0, 1, 0, 0, 0, 0, 0, 0, 0, 2, 0, 0, 0, 0, 0, 0, 0, 2, 2, 2, 3, 2, 0, 1, 1, 4, 2, 5, 1, 6, 2, 4, 2, 1, 567, 0, 0, 0, 0, 0, 0]",-1,-0.00017239326380515634,-1,0
2764,"[1, 3, 0, 2, 0, 4, 0, 3, 0, 1, 0, 2, 0, 0, 0, 0, 0, 1, 0, 0, 2, 0, 0, 0, 0, 0, 0, 0, 0, 0, 0, 0, 1, 1, 2, 2, 0, 0, 2, 0, 0, 1, 1, 0, 2, 2, 0, 1, 0, 0, 0, 0, 0, 0, 0, 2, 0, 0, 0, 0, 0, 0, 0, 2, 2, 2, 3, 2, 0, 1, 1, 4, 2, 5, 1, 6, 2, 4, 2, 1, 567, 0, 0, 0, 0, 0, 0]",0,0.2949748310838635,-1,0
2765,"[1, 3, 0, 2, 0, 4, 0, 3, 0, 1, 0, 2, 0, 0, 0, 0, 0, 1, 0, 0, 2, 0, 0, 0, 0, 0, 0, 0, 0, 0, 0, 0, 1, 1, 2, 2, 0, 0, 2, 0, 0, 1, 1, 0, 2, 2, 0, 1, 0, 0, 0, 0, 0, 0, 0, 2, 0, 0, 0, 0, 0, 0, 0, 2, 2, 2, 3, 2, 0, 1, 1, 4, 2, 5, 1, 6, 2, 4, 2, 1, 567, 0, 0, 0, 0, 0, 0]",-1,-0.00017239326380515634,-1,0
2766,"[1, 3, 0, 2, 0, 4, 0, 3, 0, 1, 0, 2, 0, 0, 0, 0, 0, 1, 0, 0, 2, 0, 0, 0, 0, 0, 0, 0, 0, 0, 0, 0, 1, 1, 2, 2, 0, 0, 2, 0, 0, 1, 1, 0, 2, 2, 0, 1, 0, 0, 0, 0, 0, 0, 0, 2, 0, 0, 0, 0, 0, 0, 0, 2, 2, 2, 3, 2, 0, 1, 1, 4, 2, 5, 1, 6, 2, 4, 2, 1, 567, 0, 0, 0, 0, 0, 0]",0,0.2949748310838635,-1,0
2767,"[1, 3, 0, 2, 0, 4, 0, 3, 0, 1, 0, 2, 0, 0, 0, 0, 0, 1, 0, 0, 2, 0, 0, 0, 0, 0, 0, 0, 0, 0, 0, 0, 1, 1, 2, 2, 0, 0, 2, 0, 0, 1, 1, 0, 2, 2, 0, 1, 0, 0, 0, 0, 0, 0, 0, 2, 0, 0, 0, 0, 0, 0, 0, 2, 2, 2, 3, 2, 0, 1, 1, 4, 2, 5, 1, 6, 2, 4, 2, 1, 567, 0, 0, 0, 0, 0, 0]",-1,-0.00017239326380515634,-1,0
2768,"[1, 3, 0, 2, 0, 4, 0, 3, 0, 1, 0, 2, 0, 0, 0, 0, 0, 1, 0, 0, 2, 0, 0, 0, 0, 0, 0, 0, 0, 0, 0, 0, 1, 1, 2, 2, 0, 0, 2, 0, 0, 1, 1, 0, 2, 2, 0, 1, 0, 0, 0, 0, 0, 0, 0, 2, 0, 0, 0, 0, 0, 0, 0, 2, 2, 2, 3, 2, 0, 1, 1, 4, 2, 5, 1, 6, 2, 4, 2, 1, 567, 0, 0, 0, 0, 0, 0]",1,0.609624199352897,-1,0
2769,"[1, 3, 0, 2, 0, 4, 0, 3, 0, 1, 0, 2, 0, 0, 0, 0, 0, 1, 0, 0, 2, 0, 0, 0, 0, 0, 0, 0, 0, 0, 0, 0, 1, 1, 2, 2, 0, 0, 2, 0, 0, 1, 1, 0, 2, 2, 0, 1, 0, 0, 0, 0, 0, 0, 0, 2, 0, 0, 0, 0, 0, 0, 0, 2, 2, 2, 3, 2, 0, 1, 1, 4, 2, 5, 1, 6, 2, 4, 2, 1, 567, 0, 0, 0, 0, 0, 0]",-1,-0.00017239326380515634,-1,0
2770,"[1, 3, 0, 2, 0, 4, 0, 3, 0, 1, 0, 2, 0, 0, 0, 0, 0, 1, 0, 0, 2, 0, 0, 0, 0, 0, 0, 0, 0, 0, 0, 0, 1, 1, 2, 2, 0, 0, 2, 0, 0, 1, 1, 0, 2, 2, 0, 1, 0, 0, 0, 0, 0, 0, 0, 2, 0, 0, 0, 0, 0, 0, 0, 2, 2, 2, 3, 2, 0, 1, 1, 4, 2, 5, 1, 6, 2, 4, 2, 1, 567, 1, 0, 0, 0, 0, 0]",3,0.20000008425328025,-1,0
2771,"[1, 3, 0, 2, 0, 4, 0, 3, 0, 1, 0, 2, 0, 0, 0, 0, 0, 1, 0, 0, 2, 0, 0, 0, 0, 0, 0, 0, 0, 0, 0, 0, 1, 1, 2, 2, 0, 0, 2, 0, 0, 1, 1, 0, 2, 2, 0, 1, 0, 0, 0, 0, 0, 0, 0, 2, 0, 0, 0, 0, 0, 0, 0, 2, 2, 2, 3, 2, 0, 1, 1, 4, 2, 5, 1, 6, 2, 4, 2, 1, 567, 0, 0, 0, 0, 0, 0]",-1,-0.00017239326380515634,-1,0
2772,"[1, 3, 0, 2, 0, 4, 0, 3, 0, 1, 0, 2, 0, 0, 0, 0, 0, 1, 0, 0, 2, 0, 0, 0, 0, 0, 0, 0, 0, 0, 0, 0, 1, 1, 2, 2, 0, 0, 2, 0, 0, 1, 1, 0, 2, 2, 0, 1, 0, 0, 0, 0, 0, 0, 0, 2, 0, 0, 0, 0, 0, 0, 0, 2, 2, 2, 3, 2, 0, 1, 1, 4, 2, 5, 1, 6, 2, 4, 2, 1, 568, 0, 0, 0, 0, 0, 0]",4,12.742599336091788,-1,0
2773,"[1, 3, 0, 2, 0, 4, 0, 3, 0, 1, 0, 2, 0, 0, 0, 0, 0, 1, 0, 0, 2, 0, 0, 0, 0, 0, 0, 0, 0, 0, 0, 0, 1, 1, 2, 2, 0, 0, 2, 0, 0, 1, 1, 0, 2, 2, 0, 1, 0, 0, 0, 0, 0, 0, 0, 2, 0, 0, 0, 0, 0, 0, 0, 2, 2, 2, 3, 2, 0, 1, 1, 4, 2, 5, 1, 6, 2, 4, 2, 1, 568, 0, 1, 0, 0, 0, 0]",2,0.40000008094966316,-1,1
2774,"[1, 3, 0, 2, 0, 4, 0, 3, 0, 1, 0, 2, 0, 0, 0, 0, 0, 1, 0, 0, 2, 0, 0, 0, 0, 0, 0, 0, 0, 0, 0, 0, 1, 1, 2, 2, 0, 0, 2, 0, 0, 1, 1, 0, 2, 2, 0, 1, 0, 0, 0, 0, 0, 0, 0, 2, 0, 0, 0, 0, 0, 0, 0, 2, 2, 2, 3, 2, 0, 1, 1, 4, 2, 5, 1, 6, 2, 4, 2, 1, 568, 0, 1, 0, 0, 1, 0]","[[0 1 0 0]
 [0 0 0 1]]",0.650424946007754,-1,1
2775,"[1, 4, 0, 1, 0, 3, 0, 4, 0, 1, 0, 2, 0, 0, 0, 0, 0, 1, 0, 0, 2, 0, 0, 0, 0, 0, 0, 0, 0, 0, 0, 0, 1, 1, 2, 2, 0, 0, 2, 0, 0, 1, 1, 0, 2, 2, 0, 1, 0, 0, 0, 0, 0, 0, 0, 2, 0, 0, 0, 0, 0, 0, 0, 2, 2, 2, 3, 2, 0, 1, 1, 4, 2, 5, 1, 6, 2, 4, 2, 1, 568, 0, 0, 0, 0, 0, 0]",0,-0.19999991905033682,-1,0
2776,"[1, 4, 0, 1, 0, 3, 0, 4, 0, 1, 0, 2, 0, 0, 0, 0, 0, 1, 0, 0, 2, 0, 0, 0, 0, 0, 0, 0, 0, 0, 0, 0, 1, 1, 2, 2, 0, 0, 2, 0, 0, 1, 1, 0, 2, 2, 0, 1, 0, 0, 0, 0, 0, 0, 0, 2, 0, 0, 0, 0, 0, 0, 0, 2, 2, 2, 3, 2, 0, 1, 1, 4, 2, 5, 1, 6, 2, 4, 2, 1, 569, 0, 0, 0, 0, 0, 0]",4,13.869954746270675,-1,1
2777,"[1, 4, 0, 1, 0, 3, 0, 4, 0, 1, 0, 2, 0, 0, 0, 0, 0, 1, 0, 0, 2, 0, 0, 0, 0, 0, 0, 0, 0, 0, 0, 0, 1, 1, 2, 2, 0, 0, 2, 0, 0, 1, 1, 0, 2, 2, 0, 1, 0, 0, 0, 0, 0, 0, 0, 2, 0, 0, 0, 0, 0, 0, 0, 2, 2, 2, 3, 2, 0, 1, 1, 4, 2, 5, 1, 6, 2, 4, 2, 1, 569, 1, 0, 0, 0, 0, 0]",3,0.2000000777755828,-1,0
2778,"[1, 4, 0, 1, 0, 3, 0, 4, 0, 1, 0, 2, 0, 0, 0, 0, 0, 1, 0, 0, 2, 0, 0, 0, 0, 0, 0, 0, 0, 0, 0, 0, 1, 1, 2, 2, 0, 0, 2, 0, 0, 1, 1, 0, 2, 2, 0, 1, 0, 0, 0, 0, 0, 0, 0, 2, 0, 0, 0, 0, 0, 0, 0, 2, 2, 2, 3, 2, 0, 1, 1, 4, 2, 5, 1, 6, 2, 4, 2, 1, 569, 0, 0, 0, 0, 0, 0]",-1,-0.00016897964846883563,-1,0
2779,"[1, 5, 0, 1, 0, 4, 0, 4, 0, 1, 0, 2, 0, 0, 0, 0, 0, 1, 0, 0, 2, 0, 0, 0, 0, 0, 0, 0, 0, 0, 0, 0, 1, 1, 2, 2, 0, 0, 2, 0, 0, 1, 1, 0, 2, 2, 0, 1, 0, 0, 0, 0, 0, 0, 0, 2, 0, 0, 0, 0, 0, 0, 0, 2, 2, 2, 3, 2, 0, 1, 1, 4, 2, 5, 1, 6, 2, 4, 2, 1, 570, 0, 0, 0, 0, 0, 0]",4,13.861519225777018,-1,1
2780,"[1, 5, 0, 1, 0, 4, 0, 4, 0, 1, 0, 2, 0, 0, 0, 0, 0, 1, 0, 0, 2, 0, 0, 0, 0, 0, 0, 0, 0, 0, 0, 0, 1, 1, 2, 2, 0, 0, 2, 0, 0, 1, 1, 0, 2, 2, 0, 1, 0, 0, 0, 0, 0, 0, 0, 2, 0, 0, 0, 0, 0, 0, 0, 2, 2, 2, 3, 2, 0, 1, 1, 4, 2, 5, 1, 6, 2, 4, 2, 1, 570, 0, 0, 0, 0, 0, 0]",1,0.6096241898255763,-1,0
2781,"[1, 5, 0, 1, 0, 4, 0, 4, 0, 1, 0, 2, 0, 0, 0, 0, 0, 1, 0, 0, 2, 0, 0, 0, 0, 0, 0, 0, 0, 0, 0, 0, 1, 1, 2, 2, 0, 0, 2, 0, 0, 1, 1, 0, 2, 2, 0, 1, 0, 0, 0, 0, 0, 0, 0, 2, 0, 0, 0, 0, 0, 0, 0, 2, 2, 2, 3, 2, 0, 1, 1, 4, 2, 5, 1, 6, 2, 4, 2, 1, 570, 0, 0, 0, 0, 0, 0]",-1,-0.0001672982728735636,-1,0
2782,"[1, 5, 0, 1, 0, 4, 0, 4, 0, 1, 0, 2, 0, 0, 0, 0, 0, 1, 0, 0, 2, 0, 0, 0, 0, 0, 0, 0, 0, 0, 0, 0, 1, 1, 2, 2, 0, 0, 2, 0, 0, 1, 1, 0, 2, 2, 0, 1, 0, 0, 0, 0, 0, 0, 0, 2, 0, 0, 0, 0, 0, 0, 0, 2, 2, 2, 3, 2, 0, 1, 1, 4, 2, 5, 1, 6, 2, 4, 2, 1, 570, 0, 0, 0, 0, 0, 0]",1,0.6096241898255763,-1,0
2783,"[1, 5, 0, 1, 0, 4, 0, 4, 0, 1, 0, 2, 0, 0, 0, 0, 0, 1, 0, 0, 2, 0, 0, 0, 0, 0, 0, 0, 0, 0, 0, 0, 1, 1, 2, 2, 0, 0, 2, 0, 0, 1, 1, 0, 2, 2, 0, 1, 0, 0, 0, 0, 0, 0, 0, 2, 0, 0, 0, 0, 0, 0, 0, 2, 2, 2, 3, 2, 0, 1, 1, 4, 2, 5, 1, 6, 2, 4, 2, 1, 570, 0, 0, 0, 0, 0, 0]",-1,-0.0001672982728735636,-1,0
2784,"[1, 5, 0, 1, 0, 4, 0, 4, 0, 1, 0, 2, 0, 0, 0, 0, 0, 1, 0, 0, 2, 0, 0, 0, 0, 0, 0, 0, 0, 0, 0, 0, 1, 1, 2, 2, 0, 0, 2, 0, 0, 1, 1, 0, 2, 2, 0, 1, 0, 0, 0, 0, 0, 0, 0, 2, 0, 0, 0, 0, 0, 0, 0, 2, 2, 2, 3, 2, 0, 1, 1, 4, 2, 5, 1, 6, 2, 4, 2, 1, 570, 0, 1, 0, 0, 0, 0]",2,0.4000000747259596,-1,0
2785,"[1, 5, 0, 1, 0, 4, 0, 4, 0, 1, 0, 2, 0, 0, 0, 0, 0, 1, 0, 0, 2, 0, 0, 0, 0, 0, 0, 0, 0, 0, 0, 0, 1, 1, 2, 2, 0, 0, 2, 0, 0, 1, 1, 0, 2, 2, 0, 1, 0, 0, 0, 0, 0, 0, 0, 2, 0, 0, 0, 0, 0, 0, 0, 2, 2, 2, 3, 2, 0, 1, 1, 4, 2, 5, 1, 6, 2, 4, 2, 1, 570, 0, 0, 0, 0, 0, 0]",-1,-0.0001672982728735636,-1,0
2786,"[1, 5, 0, 1, 0, 4, 0, 4, 0, 1, 0, 2, 0, 0, 0, 0, 0, 1, 0, 0, 2, 0, 0, 0, 0, 0, 0, 0, 0, 0, 0, 0, 1, 1, 2, 2, 0, 0, 2, 0, 0, 1, 1, 0, 2, 2, 0, 1, 0, 0, 0, 0, 0, 0, 0, 2, 0, 0, 0, 0, 0, 0, 0, 2, 2, 2, 3, 2, 0, 1, 1, 4, 2, 5, 1, 6, 2, 4, 2, 1, 570, 0, 1, 0, 0, 0, 0]",2,0.4000000747259596,-1,0
2787,"[1, 5, 0, 1, 0, 4, 0, 4, 0, 1, 0, 2, 0, 0, 0, 0, 0, 1, 0, 0, 2, 0, 0, 0, 0, 0, 0, 0, 0, 0, 0, 0, 1, 1, 2, 2, 0, 0, 2, 0, 0, 1, 1, 0, 2, 2, 0, 1, 0, 0, 0, 0, 0, 0, 0, 2, 0, 0, 0, 0, 0, 0, 0, 2, 2, 2, 3, 2, 0, 1, 1, 4, 2, 5, 1, 6, 2, 4, 2, 1, 570, 0, 0, 0, 0, 0, 0]",-1,-0.0001672982728735636,-1,0
2788,"[1, 5, 0, 1, 0, 4, 0, 4, 0, 1, 0, 2, 0, 0, 0, 0, 0, 1, 0, 0, 2, 0, 0, 0, 0, 0, 0, 0, 0, 0, 0, 0, 1, 1, 2, 2, 0, 0, 2, 0, 0, 1, 1, 0, 2, 2, 0, 1, 0, 0, 0, 0, 0, 0, 0, 2, 0, 0, 0, 0, 0, 0, 0, 2, 2, 2, 3, 2, 0, 1, 1, 4, 2, 5, 1, 6, 2, 4, 2, 1, 570, 0, 0, 0, 0, 0, 0]",1,0.6096241898255763,-1,0
2789,"[1, 5, 0, 1, 0, 4, 0, 4, 0, 1, 0, 2, 0, 0, 0, 0, 0, 1, 0, 0, 2, 0, 0, 0, 0, 0, 0, 0, 0, 0, 0, 0, 1, 1, 2, 2, 0, 0, 2, 0, 0, 1, 1, 0, 2, 2, 0, 1, 0, 0, 0, 0, 0, 0, 0, 2, 0, 0, 0, 0, 0, 0, 0, 2, 2, 2, 3, 2, 0, 1, 1, 4, 2, 5, 1, 6, 2, 4, 2, 1, 570, 0, 0, 0, 0, 0, 0]",-1,-0.0001672982728735636,-1,0
2790,"[1, 5, 0, 1, 0, 4, 0, 4, 0, 1, 0, 2, 0, 0, 0, 0, 0, 1, 0, 0, 2, 0, 0, 0, 0, 0, 0, 0, 0, 0, 0, 0, 1, 1, 2, 2, 0, 0, 2, 0, 0, 1, 1, 0, 2, 2, 0, 1, 0, 0, 0, 0, 0, 0, 0, 2, 0, 0, 0, 0, 0, 0, 0, 2, 2, 2, 3, 2, 0, 1, 1, 4, 2, 5, 1, 6, 2, 4, 2, 1, 570, 0, 1, 0, 0, 0, 0]",2,0.4000000747259596,-1,0
2791,"[1, 5, 0, 1, 0, 4, 0, 4, 0, 1, 0, 2, 0, 0, 0, 0, 0, 1, 0, 0, 2, 0, 0, 0, 0, 0, 0, 0, 0, 0, 0, 0, 1, 1, 2, 2, 0, 0, 2, 0, 0, 1, 1, 0, 2, 2, 0, 1, 0, 0, 0, 0, 0, 0, 0, 2, 0, 0, 0, 0, 0, 0, 0, 2, 2, 2, 3, 2, 0, 1, 1, 4, 2, 5, 1, 6, 2, 4, 2, 1, 570, 0, 0, 0, 0, 0, 0]",-1,-0.0001672982728735636,-1,0
2792,"[1, 5, 0, 1, 0, 4, 0, 4, 0, 1, 0, 2, 0, 0, 0, 0, 0, 1, 0, 0, 2, 0, 0, 0, 0, 0, 0, 0, 0, 0, 0, 0, 1, 1, 2, 2, 0, 0, 2, 0, 0, 1, 1, 0, 2, 2, 0, 1, 0, 0, 0, 0, 0, 0, 0, 2, 0, 0, 0, 0, 0, 0, 0, 2, 2, 2, 3, 2, 0, 1, 1, 4, 2, 5, 1, 6, 2, 4, 2, 1, 570, 0, 1, 0, 0, 0, 0]",2,0.4000000747259596,-1,0
2793,"[1, 5, 0, 1, 0, 4, 0, 4, 0, 1, 0, 2, 0, 0, 0, 0, 0, 1, 0, 0, 2, 0, 0, 0, 0, 0, 0, 0, 0, 0, 0, 0, 1, 1, 2, 2, 0, 0, 2, 0, 0, 1, 1, 0, 2, 2, 0, 1, 0, 0, 0, 0, 0, 0, 0, 2, 0, 0, 0, 0, 0, 0, 0, 2, 2, 2, 3, 2, 0, 1, 1, 4, 2, 5, 1, 6, 2, 4, 2, 1, 570, 0, 0, 0, 0, 0, 0]",-1,-0.0001672982728735636,-1,0
2794,"[1, 5, 0, 1, 0, 4, 0, 4, 0, 1, 0, 2, 0, 0, 0, 0, 0, 1, 0, 0, 2, 0, 0, 0, 0, 0, 0, 0, 0, 0, 0, 0, 1, 1, 2, 2, 0, 0, 2, 0, 0, 1, 1, 0, 2, 2, 0, 1, 0, 0, 0, 0, 0, 0, 0, 2, 0, 0, 0, 0, 0, 0, 0, 2, 2, 2, 3, 2, 0, 1, 1, 4, 2, 5, 1, 6, 2, 4, 2, 1, 570, 0, 0, 0, 0, 0, 0]",1,0.6096241898255763,-1,0
2795,"[1, 5, 0, 1, 0, 4, 0, 4, 0, 1, 0, 2, 0, 0, 0, 0, 0, 1, 0, 0, 2, 0, 0, 0, 0, 0, 0, 0, 0, 0, 0, 0, 1, 1, 2, 2, 0, 0, 2, 0, 0, 1, 1, 0, 2, 2, 0, 1, 0, 0, 0, 0, 0, 0, 0, 2, 0, 0, 0, 0, 0, 0, 0, 2, 2, 2, 3, 2, 0, 1, 1, 4, 2, 5, 1, 6, 2, 4, 2, 1, 570, 0, 0, 0, 0, 0, 0]",-1,-0.0001672982728735636,-1,0
2796,"[1, 5, 0, 1, 0, 4, 0, 4, 0, 1, 0, 2, 0, 0, 0, 0, 0, 1, 0, 0, 2, 0, 0, 0, 0, 0, 0, 0, 0, 0, 0, 0, 1, 1, 2, 2, 0, 0, 2, 0, 0, 1, 1, 0, 2, 2, 0, 1, 0, 0, 0, 0, 0, 0, 0, 2, 0, 0, 0, 0, 0, 0, 0, 2, 2, 2, 3, 2, 0, 1, 1, 4, 2, 5, 1, 6, 2, 4, 2, 1, 570, 0, 1, 0, 0, 0, 0]",2,0.4000000747259596,-1,0
2797,"[1, 5, 0, 1, 0, 4, 0, 4, 0, 1, 0, 2, 0, 0, 0, 0, 0, 1, 0, 0, 2, 0, 0, 0, 0, 0, 0, 0, 0, 0, 0, 0, 1, 1, 2, 2, 0, 0, 2, 0, 0, 1, 1, 0, 2, 2, 0, 1, 0, 0, 0, 0, 0, 0, 0, 2, 0, 0, 0, 0, 0, 0, 0, 2, 2, 2, 3, 2, 0, 1, 1, 4, 2, 5, 1, 6, 2, 4, 2, 1, 570, 0, 0, 0, 0, 0, 0]",-1,-0.0001672982728735636,-1,0
2798,"[1, 5, 0, 1, 0, 4, 0, 4, 0, 1, 0, 2, 0, 0, 0, 0, 0, 1, 0, 0, 2, 0, 0, 0, 0, 0, 0, 0, 0, 0, 0, 0, 1, 1, 2, 2, 0, 0, 2, 0, 0, 1, 1, 0, 2, 2, 0, 1, 0, 0, 0, 0, 0, 0, 0, 2, 0, 0, 0, 0, 0, 0, 0, 2, 2, 2, 3, 2, 0, 1, 1, 4, 2, 5, 1, 6, 2, 4, 2, 1, 570, 0, 0, 0, 0, 0, 0]",1,0.6096241898255763,-1,0
2799,"[1, 5, 0, 1, 0, 4, 0, 4, 0, 1, 0, 2, 0, 0, 0, 0, 0, 1, 0, 0, 2, 0, 0, 0, 0, 0, 0, 0, 0, 0, 0, 0, 1, 1, 2, 2, 0, 0, 2, 0, 0, 1, 1, 0, 2, 2, 0, 1, 0, 0, 0, 0, 0, 0, 0, 2, 0, 0, 0, 0, 0, 0, 0, 2, 2, 2, 3, 2, 0, 1, 1, 4, 2, 5, 1, 6, 2, 4, 2, 1, 570, 0, 0, 0, 0, 0, 0]",-1,-0.0001672982728735636,-1,0
2800,"[1, 5, 0, 1, 0, 4, 0, 4, 0, 1, 0, 2, 0, 0, 0, 0, 0, 1, 0, 0, 2, 0, 0, 0, 0, 0, 0, 0, 0, 0, 0, 0, 1, 1, 2, 2, 0, 0, 2, 0, 0, 1, 1, 0, 2, 2, 0, 1, 0, 0, 0, 0, 0, 0, 0, 2, 0, 0, 0, 0, 0, 0, 0, 2, 2, 2, 3, 2, 0, 1, 1, 4, 2, 5, 1, 6, 2, 4, 2, 1, 570, 1, 0, 0, 0, 0, 0]",3,0.20000007472595965,-1,0
2801,"[1, 5, 0, 1, 0, 4, 0, 4, 0, 1, 0, 2, 0, 0, 0, 0, 0, 1, 0, 0, 2, 0, 0, 0, 0, 0, 0, 0, 0, 0, 0, 0, 1, 1, 2, 2, 0, 0, 2, 0, 0, 1, 1, 0, 2, 2, 0, 1, 0, 0, 0, 0, 0, 0, 0, 2, 0, 0, 0, 0, 0, 0, 0, 2, 2, 2, 3, 2, 0, 1, 1, 4, 2, 5, 1, 6, 2, 4, 2, 1, 570, 0, 0, 0, 0, 0, 0]",-1,-0.0001672982728735636,-1,0
2802,"[1, 5, 0, 1, 0, 4, 0, 4, 0, 1, 0, 2, 0, 0, 0, 0, 0, 1, 0, 0, 2, 0, 0, 0, 0, 0, 0, 0, 0, 0, 0, 0, 1, 1, 2, 2, 0, 0, 2, 0, 0, 1, 1, 0, 2, 2, 0, 1, 0, 0, 0, 0, 0, 0, 0, 2, 0, 0, 0, 0, 0, 0, 0, 2, 2, 2, 3, 2, 0, 1, 1, 4, 2, 5, 1, 6, 2, 4, 2, 1, 570, 0, 0, 0, 0, 0, 0]",1,0.6096241898255763,-1,0
2803,"[1, 5, 0, 1, 0, 4, 0, 4, 0, 1, 0, 2, 0, 0, 0, 0, 0, 1, 0, 0, 2, 0, 0, 0, 0, 0, 0, 0, 0, 0, 0, 0, 1, 1, 2, 2, 0, 0, 2, 0, 0, 1, 1, 0, 2, 2, 0, 1, 0, 0, 0, 0, 0, 0, 0, 2, 0, 0, 0, 0, 0, 0, 0, 2, 2, 2, 3, 2, 0, 1, 1, 4, 2, 5, 1, 6, 2, 4, 2, 1, 570, 0, 0, 0, 0, 0, 0]",-1,-0.0001672982728735636,-1,0
2804,"[1, 5, 0, 1, 1, 4, 0, 4, 0, 1, 0, 2, 0, 0, 0, 0, 0, 1, 0, 0, 2, 0, 0, 0, 0, 0, 0, 0, 0, 0, 0, 0, 1, 1, 2, 2, 0, 0, 2, 0, 0, 1, 1, 0, 2, 2, 0, 1, 0, 0, 0, 0, 0, 0, 0, 2, 0, 0, 0, 0, 0, 0, 0, 2, 2, 2, 3, 2, 0, 1, 1, 4, 2, 5, 1, 6, 2, 4, 2, 1, 571, 0, 0, 0, 0, 0, 0]",4,12.436957929734593,-1,0
2805,"[1, 5, 0, 1, 1, 4, 0, 4, 0, 1, 0, 2, 0, 0, 0, 0, 0, 1, 0, 0, 2, 0, 0, 0, 0, 0, 0, 0, 0, 0, 0, 0, 1, 1, 2, 2, 0, 0, 2, 0, 0, 1, 1, 0, 2, 2, 0, 1, 0, 0, 0, 0, 0, 0, 0, 2, 0, 0, 0, 0, 0, 0, 0, 2, 2, 2, 3, 2, 0, 1, 1, 4, 2, 5, 1, 6, 2, 4, 2, 1, 572, 0, 0, 0, 0, 0, 0]",4,13.993143529194388,-1,1
2806,"[1, 6, 0, 1, 1, 5, 0, 4, 0, 1, 0, 2, 0, 0, 0, 0, 0, 1, 0, 0, 2, 0, 0, 0, 0, 0, 0, 0, 0, 0, 0, 0, 1, 1, 2, 2, 0, 0, 2, 0, 0, 1, 1, 0, 2, 2, 0, 1, 0, 0, 0, 0, 0, 0, 0, 2, 0, 0, 0, 0, 0, 0, 0, 2, 2, 2, 3, 2, 0, 1, 1, 4, 2, 5, 1, 6, 2, 4, 2, 1, 573, 0, 0, 0, 0, 0, 0]",4,12.36287840628842,-1,0
2807,"[1, 6, 0, 1, 1, 5, 0, 4, 0, 1, 0, 2, 0, 0, 0, 0, 0, 1, 0, 0, 2, 0, 0, 0, 0, 0, 0, 0, 0, 0, 0, 0, 1, 1, 2, 2, 0, 0, 2, 0, 0, 1, 1, 0, 2, 2, 0, 1, 0, 0, 0, 0, 0, 0, 0, 2, 0, 0, 0, 0, 0, 0, 0, 2, 2, 2, 3, 2, 0, 1, 1, 4, 2, 5, 1, 6, 2, 4, 2, 1, 573, 0, 1, 0, 0, 0, 0]",2,0.4000000662759836,-1,1
2808,"[1, 6, 0, 1, 1, 5, 0, 4, 0, 1, 0, 2, 0, 0, 0, 0, 0, 1, 0, 0, 2, 0, 0, 0, 0, 0, 0, 0, 0, 0, 0, 0, 1, 1, 2, 2, 0, 0, 2, 0, 0, 1, 1, 0, 2, 2, 0, 1, 0, 0, 0, 0, 0, 0, 0, 2, 0, 0, 0, 0, 0, 0, 0, 2, 2, 2, 3, 2, 0, 1, 1, 4, 2, 5, 1, 6, 2, 4, 2, 1, 573, 0, 1, 0, 0, 1, 0]","[[1 0 0 0]
 [0 1 0 0]]",0.6504249313340745,-1,1
2809,"[1, 6, 0, 1, 1, 5, 0, 4, 0, 1, 0, 2, 0, 0, 0, 0, 0, 1, 0, 0, 2, 0, 0, 0, 0, 0, 0, 0, 0, 0, 0, 0, 1, 1, 2, 2, 0, 0, 2, 0, 0, 1, 1, 0, 2, 2, 0, 1, 0, 0, 0, 0, 0, 0, 0, 2, 0, 0, 0, 0, 0, 0, 0, 2, 2, 2, 3, 2, 0, 1, 1, 4, 2, 5, 1, 6, 2, 4, 2, 1, 573, 0, 0, 0, 0, 0, 0]",1,-0.1999999337240164,-1,0
2810,"[1, 7, 0, 1, 1, 6, 0, 4, 0, 1, 0, 2, 0, 0, 0, 0, 0, 1, 0, 0, 2, 0, 0, 0, 0, 0, 0, 0, 0, 0, 0, 0, 1, 1, 2, 2, 0, 0, 2, 0, 0, 1, 1, 0, 2, 2, 0, 1, 0, 0, 0, 0, 0, 0, 0, 2, 0, 0, 0, 0, 0, 0, 0, 2, 2, 2, 3, 2, 0, 1, 1, 4, 2, 5, 1, 6, 2, 4, 2, 1, 574, 0, 0, 0, 0, 0, 0]",4,13.920110485454805,-1,1
2811,"[1, 7, 0, 1, 1, 6, 0, 4, 0, 1, 0, 2, 0, 0, 0, 0, 0, 1, 0, 0, 2, 0, 0, 0, 0, 0, 0, 0, 0, 0, 0, 0, 1, 1, 2, 2, 0, 0, 2, 0, 0, 1, 1, 0, 2, 2, 0, 1, 0, 0, 0, 0, 0, 0, 0, 2, 0, 0, 0, 0, 0, 0, 0, 2, 2, 2, 3, 2, 0, 1, 1, 4, 2, 5, 1, 6, 2, 4, 2, 1, 574, 0, 1, 0, 0, 0, 0]",2,0.4000000636772659,-1,0
2812,"[1, 7, 0, 1, 1, 6, 0, 4, 0, 1, 0, 2, 0, 0, 0, 0, 0, 1, 0, 0, 2, 0, 0, 0, 0, 0, 0, 0, 0, 0, 0, 0, 1, 1, 2, 2, 0, 0, 2, 0, 0, 1, 1, 0, 2, 2, 0, 1, 0, 0, 0, 0, 0, 0, 0, 2, 0, 0, 0, 0, 0, 0, 0, 2, 2, 2, 3, 2, 0, 1, 1, 4, 2, 5, 1, 6, 2, 4, 2, 1, 574, 0, 0, 0, 0, 0, 0]",-1,-0.0001607384137653435,-1,0
2813,"[1, 7, 0, 1, 1, 6, 0, 4, 0, 1, 0, 2, 0, 0, 0, 0, 0, 1, 0, 0, 2, 0, 0, 0, 0, 0, 0, 0, 0, 0, 0, 0, 1, 1, 2, 2, 0, 0, 2, 0, 0, 1, 1, 0, 2, 2, 0, 1, 0, 0, 0, 0, 0, 0, 0, 2, 0, 0, 0, 0, 0, 0, 0, 2, 2, 2, 3, 2, 0, 1, 1, 4, 2, 5, 1, 6, 2, 4, 2, 1, 575, 0, 0, 0, 0, 0, 0]",4,12.310311569977411,-1,0
2814,"[1, 7, 0, 1, 1, 6, 0, 4, 0, 1, 0, 2, 0, 0, 0, 0, 0, 1, 0, 0, 2, 0, 0, 0, 0, 0, 0, 0, 0, 0, 0, 0, 1, 1, 2, 2, 0, 0, 2, 0, 0, 1, 1, 0, 2, 2, 0, 1, 0, 0, 0, 0, 0, 0, 0, 2, 0, 0, 0, 0, 0, 0, 0, 2, 2, 2, 3, 2, 0, 1, 1, 4, 2, 5, 1, 6, 2, 4, 2, 1, 576, 0, 0, 0, 0, 0, 0]",4,13.920104050915356,-1,1
2815,"[1, 8, 0, 1, 1, 7, 0, 4, 0, 1, 0, 2, 0, 0, 0, 0, 0, 1, 0, 0, 2, 0, 0, 0, 0, 0, 0, 0, 0, 0, 0, 0, 1, 1, 2, 2, 0, 0, 2, 0, 0, 1, 1, 0, 2, 2, 0, 1, 0, 0, 0, 0, 0, 0, 0, 2, 0, 0, 0, 0, 0, 0, 0, 2, 2, 2, 3, 2, 0, 1, 1, 4, 2, 5, 1, 6, 2, 4, 2, 1, 577, 0, 0, 0, 0, 0, 0]",4,12.271315012162873,-1,0
2816,"[1, 8, 0, 1, 1, 7, 0, 4, 0, 1, 0, 2, 0, 0, 0, 0, 0, 1, 0, 0, 2, 0, 0, 0, 0, 0, 0, 0, 0, 0, 0, 0, 1, 1, 2, 2, 0, 0, 2, 0, 0, 1, 1, 0, 2, 2, 0, 1, 0, 0, 0, 0, 0, 0, 0, 2, 0, 0, 0, 0, 0, 0, 0, 2, 2, 2, 3, 2, 0, 1, 1, 4, 2, 5, 1, 6, 2, 4, 2, 1, 578, 0, 0, 0, 0, 0, 0]",4,13.884910453216367,-1,1
2817,"[1, 8, 0, 1, 1, 7, 0, 4, 0, 1, 0, 2, 0, 0, 0, 0, 0, 1, 0, 0, 2, 0, 0, 0, 0, 0, 0, 0, 0, 0, 0, 0, 1, 1, 2, 2, 0, 0, 2, 0, 0, 1, 1, 0, 2, 2, 0, 1, 0, 0, 0, 0, 0, 0, 0, 2, 0, 0, 0, 0, 0, 0, 0, 2, 2, 2, 3, 2, 0, 1, 1, 4, 2, 5, 1, 6, 2, 4, 2, 1, 578, 0, 1, 0, 0, 0, 0]",2,0.4000000542621892,-1,0
2818,"[1, 8, 0, 1, 1, 7, 0, 4, 0, 1, 0, 2, 0, 0, 0, 0, 0, 1, 0, 0, 2, 0, 0, 0, 0, 0, 0, 0, 0, 0, 0, 0, 1, 1, 2, 2, 0, 0, 2, 0, 0, 1, 1, 0, 2, 2, 0, 1, 0, 0, 0, 0, 0, 0, 0, 2, 0, 0, 0, 0, 0, 0, 0, 2, 2, 2, 3, 2, 0, 1, 1, 4, 2, 5, 1, 6, 2, 4, 2, 1, 578, 0, 0, 0, 0, 0, 0]",-1,-0.00015443577041183846,-1,0
2819,"[1, 8, 0, 1, 2, 7, 0, 4, 0, 1, 0, 2, 0, 0, 0, 0, 0, 1, 0, 0, 2, 0, 0, 0, 0, 0, 0, 0, 0, 0, 0, 0, 1, 1, 2, 2, 0, 0, 2, 0, 0, 1, 1, 0, 2, 2, 0, 1, 0, 0, 0, 0, 0, 0, 0, 2, 0, 0, 0, 0, 0, 0, 0, 2, 2, 2, 3, 2, 0, 1, 1, 4, 2, 5, 1, 6, 2, 4, 2, 1, 579, 0, 0, 0, 0, 0, 0]",4,12.27130876820172,-1,0
2820,"[1, 8, 0, 1, 2, 7, 0, 4, 0, 1, 0, 2, 0, 0, 0, 0, 0, 1, 0, 0, 2, 0, 0, 0, 0, 0, 0, 0, 0, 0, 0, 0, 1, 1, 2, 2, 0, 0, 2, 0, 0, 1, 1, 0, 2, 2, 0, 1, 0, 0, 0, 0, 0, 0, 0, 2, 0, 0, 0, 0, 0, 0, 0, 2, 2, 2, 3, 2, 0, 1, 1, 4, 2, 5, 1, 6, 2, 4, 2, 1, 579, 0, 1, 0, 0, 0, 0]",2,0.4000000521345389,-1,1
2821,"[1, 8, 0, 1, 2, 7, 0, 4, 0, 1, 0, 2, 0, 0, 0, 0, 0, 1, 0, 0, 2, 0, 0, 0, 0, 0, 0, 0, 0, 0, 0, 0, 1, 1, 2, 2, 0, 0, 2, 0, 0, 1, 1, 0, 2, 2, 0, 1, 0, 0, 0, 0, 0, 0, 0, 2, 0, 0, 0, 0, 0, 0, 0, 2, 2, 2, 3, 2, 0, 1, 1, 4, 2, 5, 1, 6, 2, 4, 2, 1, 579, 0, 1, 0, 0, 1, 0]","[[1 0 0 0]
 [0 1 0 0]]",0.6504249171926297,-1,1
2822,"[2, 7, 0, 1, 1, 8, 0, 4, 0, 1, 0, 2, 0, 0, 0, 0, 0, 1, 0, 0, 2, 0, 0, 0, 0, 0, 0, 0, 0, 0, 0, 0, 1, 1, 2, 2, 0, 0, 2, 0, 0, 1, 1, 0, 2, 2, 0, 1, 0, 0, 0, 0, 0, 0, 0, 2, 0, 0, 0, 0, 0, 0, 0, 2, 2, 2, 3, 2, 0, 1, 1, 4, 2, 5, 1, 6, 2, 4, 2, 1, 579, 0, 0, 0, 0, 0, 0]",0,-0.1999999478654611,-1,0
2823,"[2, 7, 0, 1, 1, 8, 0, 4, 0, 1, 0, 2, 0, 0, 0, 0, 0, 1, 0, 0, 2, 0, 0, 0, 0, 0, 0, 0, 0, 0, 0, 0, 1, 1, 2, 2, 0, 0, 2, 0, 0, 1, 1, 0, 2, 2, 0, 1, 0, 0, 0, 0, 0, 0, 0, 2, 0, 0, 0, 0, 0, 0, 0, 2, 2, 2, 3, 2, 0, 1, 1, 4, 2, 5, 1, 6, 2, 4, 2, 1, 580, 0, 0, 0, 0, 0, 0]",4,13.852669529275692,-1,1
2824,"[2, 8, 0, 1, 1, 9, 0, 4, 0, 1, 0, 2, 0, 0, 0, 0, 0, 1, 0, 0, 2, 0, 0, 0, 0, 0, 0, 0, 0, 0, 0, 0, 1, 1, 2, 2, 0, 0, 2, 0, 0, 1, 1, 0, 2, 2, 0, 1, 0, 0, 0, 0, 0, 0, 0, 2, 0, 0, 0, 0, 0, 0, 0, 2, 2, 2, 3, 2, 0, 1, 1, 4, 2, 5, 1, 6, 2, 4, 2, 1, 581, 0, 0, 0, 0, 0, 0]",4,12.357041391478813,-1,0
2825,"[1, 4, 0, 1, 1, 4, 0, 2, 0, 1, 0, 2, 0, 0, 0, 0, 0, 1, 0, 0, 2, 0, 0, 0, 0, 0, 0, 0, 0, 0, 0, 0, 1, 1, 2, 2, 0, 0, 2, 0, 0, 1, 1, 0, 2, 2, 0, 1, 0, 0, 0, 0, 0, 0, 0, 2, 0, 0, 0, 0, 0, 0, 0, 2, 2, 2, 3, 2, 0, 1, 1, 4, 2, 5, 1, 6, 2, 4, 2, 3, 582, 0, 0, 0, 0, 0, 0]",4,14.028885871260067,-1,1
2826,"[1, 4, 0, 1, 1, 4, 0, 2, 0, 1, 0, 2, 0, 0, 0, 0, 0, 1, 0, 0, 2, 0, 0, 0, 0, 0, 0, 0, 0, 0, 0, 0, 1, 1, 2, 2, 0, 0, 2, 0, 0, 1, 1, 0, 2, 2, 0, 1, 0, 0, 0, 0, 0, 0, 0, 2, 0, 0, 0, 0, 0, 0, 0, 2, 2, 2, 3, 2, 0, 1, 1, 4, 2, 5, 1, 6, 2, 4, 2, 3, 582, 0, 0, 0, 0, 0, 0]",1,0.609624161338806,-1,0
2827,"[1, 4, 0, 1, 1, 4, 0, 2, 0, 1, 0, 2, 0, 0, 0, 0, 0, 1, 0, 0, 2, 0, 0, 0, 0, 0, 0, 0, 0, 0, 0, 0, 1, 1, 2, 2, 0, 0, 2, 0, 0, 1, 1, 0, 2, 2, 0, 1, 0, 0, 0, 0, 0, 0, 0, 2, 0, 0, 0, 0, 0, 0, 0, 2, 2, 2, 3, 2, 0, 1, 1, 4, 2, 5, 1, 6, 2, 4, 2, 3, 582, 0, 0, 0, 0, 0, 0]",-1,-0.00014838025723904721,-1,0
2828,"[1, 4, 0, 2, 1, 4, 0, 3, 0, 1, 0, 2, 0, 0, 0, 0, 0, 1, 0, 0, 2, 0, 0, 0, 0, 0, 0, 0, 0, 0, 0, 0, 1, 1, 2, 2, 0, 0, 2, 0, 0, 1, 1, 0, 2, 2, 0, 1, 0, 0, 0, 0, 0, 0, 0, 2, 0, 0, 0, 0, 0, 0, 0, 2, 2, 2, 3, 2, 0, 1, 1, 4, 2, 5, 1, 6, 2, 4, 2, 3, 583, 0, 0, 0, 0, 0, 0]",4,14.021117216119508,-1,1
2829,"[1, 4, 0, 2, 1, 4, 0, 3, 0, 1, 0, 2, 0, 0, 0, 0, 0, 1, 0, 0, 2, 0, 0, 0, 0, 0, 0, 0, 0, 0, 0, 0, 1, 1, 2, 2, 0, 0, 2, 0, 0, 1, 1, 0, 2, 2, 0, 1, 0, 0, 0, 0, 0, 0, 0, 2, 0, 0, 0, 0, 0, 0, 0, 2, 2, 2, 3, 2, 0, 1, 1, 4, 2, 5, 1, 6, 2, 4, 2, 3, 583, 0, 0, 0, 0, 0, 0]",1,0.6096241595257419,-1,0
2830,"[1, 4, 0, 2, 1, 4, 0, 3, 0, 1, 0, 2, 0, 0, 0, 0, 0, 1, 0, 0, 2, 0, 0, 0, 0, 0, 0, 0, 0, 0, 0, 0, 1, 1, 2, 2, 0, 0, 2, 0, 0, 1, 1, 0, 2, 2, 0, 1, 0, 0, 0, 0, 0, 0, 0, 2, 0, 0, 0, 0, 0, 0, 0, 2, 2, 2, 3, 2, 0, 1, 1, 4, 2, 5, 1, 6, 2, 4, 2, 3, 583, 0, 0, 0, 0, 0, 0]",-1,-0.00014690384901117754,-1,0
2831,"[1, 4, 0, 2, 1, 4, 0, 3, 0, 1, 0, 2, 0, 0, 0, 0, 0, 1, 0, 0, 2, 0, 0, 0, 0, 0, 0, 0, 0, 0, 0, 0, 1, 1, 2, 2, 0, 0, 2, 0, 0, 1, 1, 0, 2, 2, 0, 1, 0, 0, 0, 0, 0, 0, 0, 2, 0, 0, 0, 0, 0, 0, 0, 2, 2, 2, 3, 2, 0, 1, 1, 4, 2, 5, 1, 6, 2, 4, 2, 3, 583, 1, 0, 0, 0, 0, 0]",3,0.20000004442612523,-1,0
2832,"[1, 4, 0, 2, 1, 4, 0, 3, 0, 1, 0, 2, 0, 0, 0, 0, 0, 1, 0, 0, 2, 0, 0, 0, 0, 0, 0, 0, 0, 0, 0, 0, 1, 1, 2, 2, 0, 0, 2, 0, 0, 1, 1, 0, 2, 2, 0, 1, 0, 0, 0, 0, 0, 0, 0, 2, 0, 0, 0, 0, 0, 0, 0, 2, 2, 2, 3, 2, 0, 1, 1, 4, 2, 5, 1, 6, 2, 4, 2, 3, 583, 0, 0, 0, 0, 0, 0]",-1,-0.00014690384901117754,-1,0
2833,"[1, 4, 0, 2, 1, 4, 0, 3, 0, 1, 0, 2, 0, 0, 0, 0, 0, 1, 0, 0, 2, 0, 0, 0, 0, 0, 0, 0, 0, 0, 0, 0, 1, 1, 2, 2, 0, 0, 2, 0, 0, 1, 1, 0, 2, 2, 0, 1, 0, 0, 0, 0, 0, 0, 0, 2, 0, 0, 0, 0, 0, 0, 0, 2, 2, 2, 3, 2, 0, 1, 1, 4, 2, 5, 1, 6, 2, 4, 2, 3, 583, 1, 0, 0, 0, 0, 0]",3,0.20000004442612523,-1,0
2834,"[1, 4, 0, 2, 1, 4, 0, 3, 0, 1, 0, 2, 0, 0, 0, 0, 0, 1, 0, 0, 2, 0, 0, 0, 0, 0, 0, 0, 0, 0, 0, 0, 1, 1, 2, 2, 0, 0, 2, 0, 0, 1, 1, 0, 2, 2, 0, 1, 0, 0, 0, 0, 0, 0, 0, 2, 0, 0, 0, 0, 0, 0, 0, 2, 2, 2, 3, 2, 0, 1, 1, 4, 2, 5, 1, 6, 2, 4, 2, 3, 583, 0, 0, 0, 0, 0, 0]",-1,-0.00014690384901117754,-1,0
2835,"[1, 4, 0, 2, 1, 4, 0, 3, 0, 1, 0, 2, 0, 0, 0, 0, 0, 1, 0, 0, 2, 0, 0, 0, 0, 0, 0, 0, 0, 0, 0, 0, 1, 1, 2, 2, 0, 0, 2, 0, 0, 1, 1, 0, 2, 2, 0, 1, 0, 0, 0, 0, 0, 0, 0, 2, 0, 0, 0, 0, 0, 0, 0, 2, 2, 2, 3, 2, 0, 1, 1, 4, 2, 5, 1, 6, 2, 4, 2, 3, 583, 0, 1, 0, 0, 0, 0]",2,0.4000000444261252,-1,0
2836,"[1, 4, 0, 2, 1, 4, 0, 3, 0, 1, 0, 2, 0, 0, 0, 0, 0, 1, 0, 0, 2, 0, 0, 0, 0, 0, 0, 0, 0, 0, 0, 0, 1, 1, 2, 2, 0, 0, 2, 0, 0, 1, 1, 0, 2, 2, 0, 1, 0, 0, 0, 0, 0, 0, 0, 2, 0, 0, 0, 0, 0, 0, 0, 2, 2, 2, 3, 2, 0, 1, 1, 4, 2, 5, 1, 6, 2, 4, 2, 3, 583, 0, 0, 0, 0, 0, 0]",-1,-0.00014690384901117754,-1,0
2837,"[1, 4, 0, 2, 1, 4, 0, 3, 0, 1, 0, 2, 0, 0, 0, 0, 0, 1, 0, 0, 2, 0, 0, 0, 0, 0, 0, 0, 0, 0, 0, 0, 1, 1, 2, 2, 0, 0, 2, 0, 0, 1, 1, 0, 2, 2, 0, 1, 0, 0, 0, 0, 0, 0, 0, 2, 0, 0, 0, 0, 0, 0, 0, 2, 2, 2, 3, 2, 0, 1, 1, 4, 2, 5, 1, 6, 2, 4, 2, 3, 583, 0, 0, 0, 0, 0, 0]",1,0.6096241595257419,-1,0
2838,"[1, 4, 0, 2, 1, 4, 0, 3, 0, 1, 0, 2, 0, 0, 0, 0, 0, 1, 0, 0, 2, 0, 0, 0, 0, 0, 0, 0, 0, 0, 0, 0, 1, 1, 2, 2, 0, 0, 2, 0, 0, 1, 1, 0, 2, 2, 0, 1, 0, 0, 0, 0, 0, 0, 0, 2, 0, 0, 0, 0, 0, 0, 0, 2, 2, 2, 3, 2, 0, 1, 1, 4, 2, 5, 1, 6, 2, 4, 2, 3, 583, 0, 0, 0, 0, 0, 0]",-1,-0.00014690384901117754,-1,0
2839,"[1, 4, 0, 2, 2, 4, 0, 3, 0, 1, 0, 2, 0, 0, 0, 0, 0, 1, 0, 0, 2, 0, 0, 0, 0, 0, 0, 0, 0, 0, 0, 0, 1, 1, 2, 2, 0, 0, 2, 0, 0, 1, 1, 0, 2, 2, 0, 1, 0, 0, 0, 0, 0, 0, 0, 2, 0, 0, 0, 0, 0, 0, 0, 2, 2, 2, 3, 2, 0, 1, 1, 4, 2, 5, 1, 6, 2, 4, 2, 3, 584, 0, 0, 0, 0, 0, 0]",4,12.62887993239582,-1,0
2840,"[1, 4, 0, 2, 2, 4, 0, 3, 0, 1, 0, 2, 0, 0, 0, 0, 0, 1, 0, 0, 2, 0, 0, 0, 0, 0, 0, 0, 0, 0, 0, 0, 1, 1, 2, 2, 0, 0, 2, 0, 0, 1, 1, 0, 2, 2, 0, 1, 0, 0, 0, 0, 0, 0, 0, 2, 0, 0, 0, 0, 0, 0, 0, 2, 2, 2, 3, 2, 0, 1, 1, 4, 2, 5, 1, 6, 2, 4, 2, 3, 584, 0, 1, 0, 0, 0, 0]",2,0.40000004268415223,-1,1
2841,"[1, 4, 0, 2, 2, 4, 0, 3, 0, 1, 0, 2, 0, 0, 0, 0, 0, 1, 0, 0, 2, 0, 0, 0, 0, 0, 0, 0, 0, 0, 0, 0, 1, 1, 2, 2, 0, 0, 2, 0, 0, 1, 1, 0, 2, 2, 0, 1, 0, 0, 0, 0, 0, 0, 0, 2, 0, 0, 0, 0, 0, 0, 0, 2, 2, 2, 3, 2, 0, 1, 1, 4, 2, 5, 1, 6, 2, 4, 2, 3, 584, 0, 1, 0, 0, 1, 0]","[[1 0 0 0]
 [0 1 0 0]]",0.6504249077422432,-1,1
2842,"[2, 3, 0, 2, 1, 5, 0, 3, 0, 1, 0, 2, 0, 0, 0, 0, 0, 1, 0, 0, 2, 0, 0, 0, 0, 0, 0, 0, 0, 0, 0, 0, 1, 1, 2, 2, 0, 0, 2, 0, 0, 1, 1, 0, 2, 2, 0, 1, 0, 0, 0, 0, 0, 0, 0, 2, 0, 0, 0, 0, 0, 0, 0, 2, 2, 2, 3, 2, 0, 1, 1, 4, 2, 5, 1, 6, 2, 4, 2, 3, 584, 0, 0, 0, 0, 0, 0]",0,-0.19999995731584772,-1,0
2843,"[2, 3, 0, 2, 1, 5, 0, 3, 0, 1, 0, 2, 0, 0, 0, 0, 0, 1, 0, 0, 2, 0, 0, 0, 0, 0, 0, 0, 0, 0, 0, 0, 1, 1, 2, 2, 0, 0, 2, 0, 0, 1, 1, 0, 2, 2, 0, 1, 0, 0, 0, 0, 0, 0, 0, 2, 0, 0, 0, 0, 0, 0, 0, 2, 2, 2, 3, 2, 0, 1, 1, 4, 2, 5, 1, 6, 2, 4, 2, 3, 585, 0, 0, 0, 0, 0, 0]",4,13.958653076573114,-1,1
2844,"[1, 1, 0, 1, 1, 2, 0, 1, 0, 1, 0, 2, 0, 0, 0, 0, 0, 1, 0, 0, 2, 0, 0, 0, 0, 0, 0, 0, 0, 0, 0, 0, 1, 1, 2, 2, 0, 0, 2, 0, 0, 1, 1, 0, 2, 2, 0, 1, 0, 0, 0, 0, 0, 0, 0, 2, 0, 0, 0, 0, 0, 0, 0, 2, 2, 2, 3, 2, 0, 1, 1, 4, 2, 5, 1, 6, 2, 4, 2, 2, 586, 0, 0, 0, 0, 0, 0]",4,13.133681313328372,-1,0
2845,"[1, 1, 0, 1, 1, 2, 0, 1, 0, 1, 0, 2, 0, 0, 0, 0, 0, 1, 0, 0, 2, 0, 0, 0, 0, 0, 0, 0, 0, 0, 0, 0, 1, 1, 2, 2, 0, 0, 2, 0, 0, 1, 1, 0, 2, 2, 0, 1, 0, 0, 0, 0, 0, 0, 0, 2, 0, 0, 0, 0, 0, 0, 0, 2, 2, 2, 3, 2, 0, 1, 1, 4, 2, 5, 1, 6, 2, 4, 2, 2, 587, 0, 0, 0, 0, 0, 0]",4,14.374053725599559,-1,1
2846,"[1, 1, 0, 1, 1, 1, 0, 1, 0, 1, 0, 2, 0, 0, 0, 0, 0, 1, 0, 0, 2, 0, 0, 0, 0, 0, 0, 0, 0, 0, 0, 0, 1, 1, 2, 2, 0, 0, 2, 0, 0, 1, 1, 0, 2, 2, 0, 1, 0, 0, 0, 0, 0, 0, 0, 2, 0, 0, 0, 0, 0, 0, 0, 2, 2, 2, 3, 2, 0, 1, 1, 4, 2, 5, 1, 6, 2, 4, 2, 2, 588, 0, 0, 0, 0, 0, 0]",4,13.133675607716564,-1,0
2847,"[1, 1, 0, 1, 1, 1, 0, 1, 0, 1, 0, 2, 0, 0, 0, 0, 0, 1, 0, 0, 2, 0, 0, 0, 0, 0, 0, 0, 0, 0, 0, 0, 1, 1, 2, 2, 0, 0, 2, 0, 0, 1, 1, 0, 2, 2, 0, 1, 0, 0, 0, 0, 0, 0, 0, 2, 0, 0, 0, 0, 0, 0, 0, 2, 2, 2, 3, 2, 0, 1, 1, 4, 2, 5, 1, 6, 2, 4, 2, 0, 589, 0, 0, 0, 0, 0, 0]",4,14.533672797484458,-1,1
2848,"[1, 1, 0, 1, 1, 1, 0, 1, 0, 1, 0, 2, 0, 0, 0, 0, 0, 1, 0, 0, 2, 0, 0, 0, 0, 0, 0, 0, 0, 0, 0, 0, 1, 1, 2, 2, 0, 0, 2, 0, 0, 1, 1, 0, 2, 2, 0, 1, 0, 0, 0, 0, 0, 0, 0, 2, 0, 0, 0, 0, 0, 0, 0, 2, 2, 2, 3, 2, 0, 1, 1, 4, 2, 5, 1, 6, 2, 4, 2, 0, 589, 0, 1, 0, 0, 0, 0]",2,0.40000003494682945,-1,0
2849,"[1, 1, 0, 1, 1, 1, 0, 1, 0, 1, 0, 2, 0, 0, 0, 0, 0, 1, 0, 0, 2, 0, 0, 0, 0, 0, 0, 0, 0, 0, 0, 0, 1, 1, 2, 2, 0, 0, 2, 0, 0, 1, 1, 0, 2, 2, 0, 1, 0, 0, 0, 0, 0, 0, 0, 2, 0, 0, 0, 0, 0, 0, 0, 2, 2, 2, 3, 2, 0, 1, 1, 4, 2, 5, 1, 6, 2, 4, 2, 0, 589, 0, 0, 0, 0, 0, 0]",-1,-0.00013834883484574256,-1,0
2850,"[1, 2, 0, 1, 1, 2, 0, 1, 0, 1, 0, 2, 0, 0, 0, 0, 0, 1, 0, 0, 2, 0, 0, 0, 0, 0, 0, 0, 0, 0, 0, 0, 1, 1, 2, 2, 0, 0, 2, 0, 0, 1, 1, 0, 2, 2, 0, 1, 0, 0, 0, 0, 0, 0, 0, 2, 0, 0, 0, 0, 0, 0, 0, 2, 2, 2, 3, 2, 0, 1, 1, 4, 2, 5, 1, 6, 2, 4, 2, 0, 590, 0, 0, 0, 0, 0, 0]",4,12.97404529462008,-1,0
2851,"[1, 2, 0, 1, 1, 2, 0, 1, 0, 1, 0, 2, 0, 0, 0, 0, 0, 1, 0, 0, 2, 0, 0, 0, 0, 0, 0, 0, 0, 0, 0, 0, 1, 1, 2, 2, 0, 0, 2, 0, 0, 1, 1, 0, 2, 2, 0, 1, 0, 0, 0, 0, 0, 0, 0, 2, 0, 0, 0, 0, 0, 0, 0, 2, 2, 2, 3, 2, 0, 1, 1, 4, 2, 5, 1, 6, 2, 4, 2, 0, 590, 0, 1, 0, 0, 0, 0]",2,0.4000000335765449,-1,1
2852,"[1, 2, 0, 1, 1, 2, 0, 1, 0, 1, 0, 2, 0, 0, 0, 0, 0, 1, 0, 0, 2, 0, 0, 0, 0, 0, 0, 0, 0, 0, 0, 0, 1, 1, 2, 2, 0, 0, 2, 0, 0, 1, 1, 0, 2, 2, 0, 1, 0, 0, 0, 0, 0, 0, 0, 2, 0, 0, 0, 0, 0, 0, 0, 2, 2, 2, 3, 2, 0, 1, 1, 4, 2, 5, 1, 6, 2, 4, 2, 0, 590, 0, 1, 0, 0, 1, 0]","[[1 0 0 0]
 [0 1 0 0]]",0.6504248986346358,-1,1
2853,"[1, 2, 0, 1, 1, 2, 0, 1, 0, 1, 0, 2, 0, 0, 0, 0, 0, 1, 0, 0, 2, 0, 0, 0, 0, 0, 0, 0, 0, 0, 0, 0, 1, 1, 2, 2, 0, 0, 2, 0, 0, 1, 1, 0, 2, 2, 0, 1, 0, 0, 0, 0, 0, 0, 0, 2, 0, 0, 0, 0, 0, 0, 0, 2, 2, 2, 3, 2, 0, 1, 1, 4, 2, 5, 1, 6, 2, 4, 2, 0, 590, 0, 0, 0, 0, 0, 0]",1,-0.19999996642345505,-1,0
2854,"[1, 2, 0, 1, 1, 2, 0, 1, 0, 1, 0, 2, 0, 0, 0, 0, 0, 1, 0, 0, 2, 0, 0, 0, 0, 0, 0, 0, 0, 0, 0, 0, 1, 1, 2, 2, 0, 0, 2, 0, 0, 1, 1, 0, 2, 2, 0, 1, 0, 0, 0, 0, 0, 0, 0, 2, 0, 0, 0, 0, 0, 0, 0, 2, 2, 2, 3, 2, 0, 1, 1, 4, 2, 5, 1, 6, 2, 4, 2, 0, 591, 0, 0, 0, 0, 0, 0]",4,14.37404254011571,-1,1
2855,"[1, 2, 0, 1, 1, 2, 0, 1, 0, 1, 0, 2, 0, 0, 0, 0, 0, 1, 0, 0, 2, 0, 0, 0, 0, 0, 0, 0, 0, 0, 0, 0, 1, 1, 2, 2, 0, 0, 2, 0, 0, 1, 1, 0, 2, 2, 0, 1, 0, 0, 0, 0, 0, 0, 0, 2, 0, 0, 0, 0, 0, 0, 0, 2, 2, 2, 3, 2, 0, 1, 1, 4, 2, 5, 1, 6, 2, 4, 2, 0, 591, 1, 0, 0, 0, 0, 0]",3,0.20000003225999002,-1,0
2856,"[1, 2, 0, 1, 1, 2, 0, 1, 0, 1, 0, 2, 0, 0, 0, 0, 0, 1, 0, 0, 2, 0, 0, 0, 0, 0, 0, 0, 0, 0, 0, 0, 1, 1, 2, 2, 0, 0, 2, 0, 0, 1, 1, 0, 2, 2, 0, 1, 0, 0, 0, 0, 0, 0, 0, 2, 0, 0, 0, 0, 0, 0, 0, 2, 2, 2, 3, 2, 0, 1, 1, 4, 2, 5, 1, 6, 2, 4, 2, 0, 591, 0, 0, 0, 0, 0, 0]",-1,-0.00013560934436933217,-1,0
2857,"[1, 2, 0, 1, 2, 2, 0, 1, 0, 1, 0, 2, 0, 0, 0, 0, 0, 1, 0, 0, 2, 0, 0, 0, 0, 0, 0, 0, 0, 0, 0, 0, 1, 1, 2, 2, 0, 0, 2, 0, 0, 1, 1, 0, 2, 2, 0, 1, 0, 0, 0, 0, 0, 0, 0, 2, 0, 0, 0, 0, 0, 0, 0, 2, 2, 2, 3, 2, 0, 1, 1, 4, 2, 5, 1, 6, 2, 4, 2, 0, 592, 0, 0, 0, 0, 0, 0]",4,14.272712753618512,-1,1
2858,"[1, 2, 0, 1, 2, 2, 0, 1, 0, 1, 0, 2, 0, 0, 0, 0, 0, 1, 0, 0, 2, 0, 0, 0, 0, 0, 0, 0, 0, 0, 0, 0, 1, 1, 2, 2, 0, 0, 2, 0, 0, 1, 1, 0, 2, 2, 0, 1, 0, 0, 0, 0, 0, 0, 0, 2, 0, 0, 0, 0, 0, 0, 0, 2, 2, 2, 3, 2, 0, 1, 1, 4, 2, 5, 1, 6, 2, 4, 2, 0, 592, 1, 0, 0, 0, 0, 0]",3,0.2000000309950579,-1,0
2859,"[1, 2, 0, 1, 2, 2, 0, 1, 0, 1, 0, 2, 0, 0, 0, 0, 0, 1, 0, 0, 2, 0, 0, 0, 0, 0, 0, 0, 0, 0, 0, 0, 1, 1, 2, 2, 0, 0, 2, 0, 0, 1, 1, 0, 2, 2, 0, 1, 0, 0, 0, 0, 0, 0, 0, 2, 0, 0, 0, 0, 0, 0, 0, 2, 2, 2, 3, 2, 0, 1, 1, 4, 2, 5, 1, 6, 2, 4, 2, 0, 592, 0, 0, 0, 0, 0, 0]",-1,-0.00013426000884769103,-1,0
2860,"[1, 2, 0, 1, 2, 2, 0, 1, 0, 1, 0, 2, 0, 0, 0, 0, 0, 1, 0, 0, 2, 0, 0, 0, 0, 0, 0, 0, 0, 0, 0, 0, 1, 1, 2, 2, 0, 0, 2, 0, 0, 1, 1, 0, 2, 2, 0, 1, 0, 0, 0, 0, 0, 0, 0, 2, 0, 0, 0, 0, 0, 0, 0, 2, 2, 2, 3, 2, 0, 1, 1, 4, 2, 5, 1, 6, 2, 4, 2, 0, 592, 0, 0, 0, 0, 0, 0]",1,0.6096241460946746,-1,0
2861,"[1, 2, 0, 1, 2, 2, 0, 1, 0, 1, 0, 2, 0, 0, 0, 0, 0, 1, 0, 0, 2, 0, 0, 0, 0, 0, 0, 0, 0, 0, 0, 0, 1, 1, 2, 2, 0, 0, 2, 0, 0, 1, 1, 0, 2, 2, 0, 1, 0, 0, 0, 0, 0, 0, 0, 2, 0, 0, 0, 0, 0, 0, 0, 2, 2, 2, 3, 2, 0, 1, 1, 4, 2, 5, 1, 6, 2, 4, 2, 0, 592, 0, 0, 0, 0, 0, 0]",-1,-0.00013426000884769103,-1,0
2862,"[1, 2, 0, 1, 2, 2, 0, 1, 0, 1, 0, 2, 0, 0, 0, 0, 0, 1, 0, 0, 2, 0, 0, 0, 0, 0, 0, 0, 0, 0, 0, 0, 1, 1, 2, 2, 0, 0, 2, 0, 0, 1, 1, 0, 2, 2, 0, 1, 0, 0, 0, 0, 0, 0, 0, 2, 0, 0, 0, 0, 0, 0, 0, 2, 2, 2, 3, 2, 0, 1, 1, 4, 2, 5, 1, 6, 2, 4, 2, 0, 592, 0, 1, 0, 0, 0, 0]",2,0.4000000309950579,-1,0
2863,"[1, 2, 0, 1, 2, 2, 0, 1, 0, 1, 0, 2, 0, 0, 0, 0, 0, 1, 0, 0, 2, 0, 0, 0, 0, 0, 0, 0, 0, 0, 0, 0, 1, 1, 2, 2, 0, 0, 2, 0, 0, 1, 1, 0, 2, 2, 0, 1, 0, 0, 0, 0, 0, 0, 0, 2, 0, 0, 0, 0, 0, 0, 0, 2, 2, 2, 3, 2, 0, 1, 1, 4, 2, 5, 1, 6, 2, 4, 2, 0, 592, 0, 0, 0, 0, 0, 0]",-1,-0.00013426000884769103,-1,0
2864,"[1, 2, 0, 1, 2, 2, 0, 1, 0, 1, 0, 2, 0, 0, 0, 0, 0, 1, 0, 0, 2, 0, 0, 0, 0, 0, 0, 0, 0, 0, 0, 0, 1, 1, 2, 2, 0, 0, 2, 0, 0, 1, 1, 0, 2, 2, 0, 1, 0, 0, 0, 0, 0, 0, 0, 2, 0, 0, 0, 0, 0, 0, 0, 2, 2, 2, 3, 2, 0, 1, 1, 4, 2, 5, 1, 6, 2, 4, 2, 0, 592, 0, 0, 0, 0, 0, 0]",1,0.6096241460946746,-1,0
2865,"[1, 2, 0, 1, 2, 2, 0, 1, 0, 1, 0, 2, 0, 0, 0, 0, 0, 1, 0, 0, 2, 0, 0, 0, 0, 0, 0, 0, 0, 0, 0, 0, 1, 1, 2, 2, 0, 0, 2, 0, 0, 1, 1, 0, 2, 2, 0, 1, 0, 0, 0, 0, 0, 0, 0, 2, 0, 0, 0, 0, 0, 0, 0, 2, 2, 2, 3, 2, 0, 1, 1, 4, 2, 5, 1, 6, 2, 4, 2, 0, 592, 0, 0, 0, 0, 0, 0]",-1,-0.00013426000884769103,-1,0
2866,"[1, 2, 0, 1, 2, 2, 0, 1, 0, 1, 0, 2, 0, 0, 0, 0, 0, 1, 0, 0, 2, 0, 0, 0, 0, 0, 0, 0, 0, 0, 0, 0, 1, 1, 2, 2, 0, 0, 2, 0, 0, 1, 1, 0, 2, 2, 0, 1, 0, 0, 0, 0, 0, 0, 0, 2, 0, 0, 0, 0, 0, 0, 0, 2, 2, 2, 3, 2, 0, 1, 1, 4, 2, 5, 1, 6, 2, 4, 2, 0, 592, 0, 0, 0, 0, 0, 0]",1,0.6096241460946746,-1,0
2867,"[1, 2, 0, 1, 2, 2, 0, 1, 0, 1, 0, 2, 0, 0, 0, 0, 0, 1, 0, 0, 2, 0, 0, 0, 0, 0, 0, 0, 0, 0, 0, 0, 1, 1, 2, 2, 0, 0, 2, 0, 0, 1, 1, 0, 2, 2, 0, 1, 0, 0, 0, 0, 0, 0, 0, 2, 0, 0, 0, 0, 0, 0, 0, 2, 2, 2, 3, 2, 0, 1, 1, 4, 2, 5, 1, 6, 2, 4, 2, 0, 592, 0, 0, 0, 0, 0, 0]",-1,-0.00013426000884769103,-1,0
2868,"[1, 2, 0, 1, 3, 2, 0, 1, 0, 1, 0, 2, 0, 0, 0, 0, 0, 1, 0, 0, 2, 0, 0, 0, 0, 0, 0, 0, 0, 0, 0, 0, 1, 1, 2, 2, 0, 0, 2, 0, 0, 1, 1, 0, 2, 2, 0, 1, 0, 0, 0, 0, 0, 0, 0, 2, 0, 0, 0, 0, 0, 0, 0, 2, 2, 2, 3, 2, 0, 1, 1, 4, 2, 5, 1, 6, 2, 4, 2, 0, 593, 0, 0, 0, 0, 0, 0]",4,12.974037113171262,-1,0
2869,"[1, 2, 0, 1, 4, 2, 0, 1, 0, 1, 0, 2, 0, 0, 0, 0, 0, 1, 0, 0, 2, 0, 0, 0, 0, 0, 0, 0, 0, 0, 0, 0, 1, 1, 2, 2, 0, 0, 2, 0, 0, 1, 1, 0, 2, 2, 0, 1, 0, 0, 0, 0, 0, 0, 0, 2, 0, 0, 0, 0, 0, 0, 0, 2, 2, 2, 3, 2, 0, 1, 1, 4, 2, 5, 1, 6, 2, 4, 2, 0, 594, 0, 0, 0, 0, 0, 0]",4,14.028851958824568,-1,1
2870,"[1, 2, 0, 2, 4, 2, 0, 2, 0, 1, 0, 2, 0, 0, 0, 0, 0, 1, 0, 0, 2, 0, 0, 0, 0, 0, 0, 0, 0, 0, 0, 0, 1, 1, 2, 2, 0, 0, 2, 0, 0, 1, 1, 0, 2, 2, 0, 1, 0, 0, 0, 0, 0, 0, 0, 2, 0, 0, 0, 0, 0, 0, 0, 2, 2, 2, 3, 2, 0, 1, 1, 4, 2, 5, 1, 6, 2, 4, 2, 0, 595, 0, 0, 0, 0, 0, 0]",4,12.872704734389968,-1,0
2871,"[1, 2, 0, 2, 4, 2, 0, 2, 0, 1, 0, 2, 0, 0, 0, 0, 0, 1, 0, 0, 2, 0, 0, 0, 0, 0, 0, 0, 0, 0, 0, 0, 1, 1, 2, 2, 0, 0, 2, 0, 0, 1, 1, 0, 2, 2, 0, 1, 0, 0, 0, 0, 0, 0, 0, 2, 0, 0, 0, 0, 0, 0, 0, 2, 2, 2, 3, 2, 0, 1, 1, 4, 2, 5, 1, 6, 2, 4, 2, 0, 595, 0, 1, 0, 0, 0, 0]",2,0.40000002749015073,-1,1
2872,"[1, 2, 0, 2, 4, 2, 0, 2, 0, 1, 0, 2, 0, 0, 0, 0, 0, 1, 0, 0, 2, 0, 0, 0, 0, 0, 0, 0, 0, 0, 0, 0, 1, 1, 2, 2, 0, 0, 2, 0, 0, 1, 1, 0, 2, 2, 0, 1, 0, 0, 0, 0, 0, 0, 0, 2, 0, 0, 0, 0, 0, 0, 0, 2, 2, 2, 3, 2, 0, 1, 1, 4, 2, 5, 1, 6, 2, 4, 2, 0, 595, 0, 1, 0, 0, 1, 0]","[[1 0 0 0]
 [0 1 0 0]]",0.6504248925482417,-1,1
2873,"[1, 2, 0, 2, 4, 2, 0, 2, 0, 1, 0, 2, 0, 0, 0, 0, 0, 1, 0, 0, 2, 0, 0, 0, 0, 0, 0, 0, 0, 0, 0, 0, 1, 1, 2, 2, 0, 0, 2, 0, 0, 1, 1, 0, 2, 2, 0, 1, 0, 0, 0, 0, 0, 0, 0, 2, 0, 0, 0, 0, 0, 0, 0, 2, 2, 2, 3, 2, 0, 1, 1, 4, 2, 5, 1, 6, 2, 4, 2, 0, 595, 0, 0, 0, 0, 0, 0]",1,-0.19999997250984924,-1,0
2874,"[1, 2, 0, 2, 5, 2, 0, 2, 0, 1, 0, 2, 0, 0, 0, 0, 0, 1, 0, 0, 2, 0, 0, 0, 0, 0, 0, 0, 0, 0, 0, 0, 1, 1, 2, 2, 0, 0, 2, 0, 0, 1, 1, 0, 2, 2, 0, 1, 0, 0, 0, 0, 0, 0, 0, 2, 0, 0, 0, 0, 0, 0, 0, 2, 2, 2, 3, 2, 0, 1, 1, 4, 2, 5, 1, 6, 2, 4, 2, 0, 596, 0, 0, 0, 0, 0, 0]",4,14.033067280012922,-1,1
2875,"[1, 2, 0, 2, 5, 2, 0, 2, 0, 1, 0, 2, 0, 0, 0, 0, 0, 1, 0, 0, 2, 0, 0, 0, 0, 0, 0, 0, 0, 0, 0, 0, 1, 1, 2, 2, 0, 0, 2, 0, 0, 1, 1, 0, 2, 2, 0, 1, 0, 0, 0, 0, 0, 0, 0, 2, 0, 0, 0, 0, 0, 0, 0, 2, 2, 2, 3, 2, 0, 1, 1, 4, 2, 5, 1, 6, 2, 4, 2, 0, 596, 0, 1, 0, 0, 0, 0]",2,0.40000002641224663,-1,0
2876,"[1, 2, 0, 2, 5, 2, 0, 2, 0, 1, 0, 2, 0, 0, 0, 0, 0, 1, 0, 0, 2, 0, 0, 0, 0, 0, 0, 0, 0, 0, 0, 0, 1, 1, 2, 2, 0, 0, 2, 0, 0, 1, 1, 0, 2, 2, 0, 1, 0, 0, 0, 0, 0, 0, 0, 2, 0, 0, 0, 0, 0, 0, 0, 2, 2, 2, 3, 2, 0, 1, 1, 4, 2, 5, 1, 6, 2, 4, 2, 0, 596, 0, 0, 0, 0, 0, 0]",-1,-0.000128995598601359,-1,0
2877,"[1, 2, 0, 2, 5, 2, 0, 2, 0, 1, 0, 2, 0, 0, 0, 0, 0, 1, 0, 0, 2, 0, 0, 0, 0, 0, 0, 0, 0, 0, 0, 0, 1, 1, 2, 2, 0, 0, 2, 0, 0, 1, 1, 0, 2, 2, 0, 1, 0, 0, 0, 0, 0, 0, 0, 2, 0, 0, 0, 0, 0, 0, 0, 2, 2, 2, 3, 2, 0, 1, 1, 4, 2, 5, 1, 6, 2, 4, 2, 0, 596, 0, 0, 0, 0, 0, 0]",1,0.6096241415118634,-1,0
2878,"[1, 2, 0, 2, 5, 2, 0, 2, 0, 1, 0, 2, 0, 0, 0, 0, 0, 1, 0, 0, 2, 0, 0, 0, 0, 0, 0, 0, 0, 0, 0, 0, 1, 1, 2, 2, 0, 0, 2, 0, 0, 1, 1, 0, 2, 2, 0, 1, 0, 0, 0, 0, 0, 0, 0, 2, 0, 0, 0, 0, 0, 0, 0, 2, 2, 2, 3, 2, 0, 1, 1, 4, 2, 5, 1, 6, 2, 4, 2, 0, 596, 0, 0, 0, 0, 0, 0]",-1,-0.000128995598601359,-1,0
2879,"[1, 2, 0, 2, 5, 2, 0, 2, 0, 1, 0, 2, 0, 0, 0, 0, 0, 1, 0, 0, 2, 0, 0, 0, 0, 0, 0, 0, 0, 0, 0, 0, 1, 1, 2, 2, 0, 0, 2, 0, 0, 1, 1, 0, 2, 2, 0, 1, 0, 0, 0, 0, 0, 0, 0, 2, 0, 0, 0, 0, 0, 0, 0, 2, 2, 2, 3, 2, 0, 1, 1, 4, 2, 5, 1, 6, 2, 4, 2, 0, 596, 0, 1, 0, 0, 0, 0]",2,0.40000002641224663,-1,0
2880,"[1, 2, 0, 2, 5, 2, 0, 2, 0, 1, 0, 2, 0, 0, 0, 0, 0, 1, 0, 0, 2, 0, 0, 0, 0, 0, 0, 0, 0, 0, 0, 0, 1, 1, 2, 2, 0, 0, 2, 0, 0, 1, 1, 0, 2, 2, 0, 1, 0, 0, 0, 0, 0, 0, 0, 2, 0, 0, 0, 0, 0, 0, 0, 2, 2, 2, 3, 2, 0, 1, 1, 4, 2, 5, 1, 6, 2, 4, 2, 0, 596, 0, 0, 0, 0, 0, 0]",-1,-0.000128995598601359,-1,0
2881,"[1, 2, 0, 2, 5, 2, 0, 2, 0, 1, 0, 2, 0, 0, 0, 0, 0, 1, 0, 0, 2, 0, 0, 0, 0, 0, 0, 0, 0, 0, 0, 0, 1, 1, 2, 2, 0, 0, 2, 0, 0, 1, 1, 0, 2, 2, 0, 1, 0, 0, 0, 0, 0, 0, 0, 2, 0, 0, 0, 0, 0, 0, 0, 2, 2, 2, 3, 2, 0, 1, 1, 4, 2, 5, 1, 6, 2, 4, 2, 0, 596, 1, 0, 0, 0, 0, 0]",3,0.20000002641224668,-1,0
2882,"[1, 2, 0, 2, 5, 2, 0, 2, 0, 1, 0, 2, 0, 0, 0, 0, 0, 1, 0, 0, 2, 0, 0, 0, 0, 0, 0, 0, 0, 0, 0, 0, 1, 1, 2, 2, 0, 0, 2, 0, 0, 1, 1, 0, 2, 2, 0, 1, 0, 0, 0, 0, 0, 0, 0, 2, 0, 0, 0, 0, 0, 0, 0, 2, 2, 2, 3, 2, 0, 1, 1, 4, 2, 5, 1, 6, 2, 4, 2, 0, 596, 0, 0, 0, 0, 0, 0]",-1,-0.000128995598601359,-1,0
2883,"[1, 2, 0, 2, 5, 2, 0, 2, 0, 1, 0, 2, 0, 0, 0, 0, 0, 1, 0, 0, 2, 0, 0, 0, 0, 0, 0, 0, 0, 0, 0, 0, 1, 1, 2, 2, 0, 0, 2, 0, 0, 1, 1, 0, 2, 2, 0, 1, 0, 0, 0, 0, 0, 0, 0, 2, 0, 0, 0, 0, 0, 0, 0, 2, 2, 2, 3, 2, 0, 1, 1, 4, 2, 5, 1, 6, 2, 4, 2, 0, 596, 1, 0, 0, 0, 0, 0]",3,0.20000002641224668,-1,0
2884,"[1, 2, 0, 2, 5, 2, 0, 2, 0, 1, 0, 2, 0, 0, 0, 0, 0, 1, 0, 0, 2, 0, 0, 0, 0, 0, 0, 0, 0, 0, 0, 0, 1, 1, 2, 2, 0, 0, 2, 0, 0, 1, 1, 0, 2, 2, 0, 1, 0, 0, 0, 0, 0, 0, 0, 2, 0, 0, 0, 0, 0, 0, 0, 2, 2, 2, 3, 2, 0, 1, 1, 4, 2, 5, 1, 6, 2, 4, 2, 0, 596, 0, 0, 0, 0, 0, 0]",-1,-0.000128995598601359,-1,0
2885,"[1, 2, 0, 2, 5, 2, 0, 2, 0, 1, 0, 2, 0, 0, 0, 0, 0, 1, 0, 0, 2, 0, 0, 0, 0, 0, 0, 0, 0, 0, 0, 0, 1, 1, 2, 2, 0, 0, 2, 0, 0, 1, 1, 0, 2, 2, 0, 1, 0, 0, 0, 0, 0, 0, 0, 2, 0, 0, 0, 0, 0, 0, 0, 2, 2, 2, 3, 2, 0, 1, 1, 4, 2, 5, 1, 6, 2, 4, 2, 0, 596, 0, 0, 0, 0, 0, 0]",1,0.6096241415118634,-1,0
2886,"[1, 2, 0, 2, 5, 2, 0, 2, 0, 1, 0, 2, 0, 0, 0, 0, 0, 1, 0, 0, 2, 0, 0, 0, 0, 0, 0, 0, 0, 0, 0, 0, 1, 1, 2, 2, 0, 0, 2, 0, 0, 1, 1, 0, 2, 2, 0, 1, 0, 0, 0, 0, 0, 0, 0, 2, 0, 0, 0, 0, 0, 0, 0, 2, 2, 2, 3, 2, 0, 1, 1, 4, 2, 5, 1, 6, 2, 4, 2, 0, 596, 0, 0, 0, 0, 0, 0]",-1,-0.000128995598601359,-1,0
2887,"[1, 2, 0, 2, 6, 2, 0, 2, 0, 1, 0, 2, 0, 0, 0, 0, 0, 1, 0, 0, 2, 0, 0, 0, 0, 0, 0, 0, 0, 0, 0, 0, 1, 1, 2, 2, 0, 0, 2, 0, 0, 1, 1, 0, 2, 2, 0, 1, 0, 0, 0, 0, 0, 0, 0, 2, 0, 0, 0, 0, 0, 0, 0, 2, 2, 2, 3, 2, 0, 1, 1, 4, 2, 5, 1, 6, 2, 4, 2, 0, 597, 0, 0, 0, 0, 0, 0]",4,12.872699520508526,-1,0
2888,"[1, 2, 0, 3, 6, 2, 0, 3, 0, 1, 0, 2, 0, 0, 0, 0, 0, 1, 0, 0, 2, 0, 0, 0, 0, 0, 0, 0, 0, 0, 0, 0, 1, 1, 2, 2, 0, 0, 2, 0, 0, 1, 1, 0, 2, 2, 0, 1, 0, 0, 0, 0, 0, 0, 0, 2, 0, 0, 0, 0, 0, 0, 0, 2, 2, 2, 3, 2, 0, 1, 1, 4, 2, 5, 1, 6, 2, 4, 2, 0, 598, 0, 0, 0, 0, 0, 0]",4,13.993100654526577,-1,1
2889,"[1, 2, 0, 3, 6, 2, 0, 3, 0, 1, 0, 2, 0, 0, 0, 0, 0, 1, 0, 0, 2, 0, 0, 0, 0, 0, 0, 0, 0, 0, 0, 0, 1, 1, 2, 2, 0, 0, 2, 0, 0, 1, 1, 0, 2, 2, 0, 1, 0, 0, 0, 0, 0, 0, 0, 2, 0, 0, 0, 0, 0, 0, 0, 2, 2, 2, 3, 2, 0, 1, 1, 4, 2, 5, 1, 6, 2, 4, 2, 0, 599, 0, 0, 0, 0, 0, 0]",4,12.742507374669296,-1,0
2890,"[1, 2, 0, 3, 7, 2, 0, 3, 0, 1, 0, 2, 0, 0, 0, 0, 0, 1, 0, 0, 2, 0, 0, 0, 0, 0, 0, 0, 0, 0, 0, 0, 1, 1, 2, 2, 0, 0, 2, 0, 0, 1, 1, 0, 2, 2, 0, 1, 0, 0, 0, 0, 0, 0, 0, 2, 0, 0, 0, 0, 0, 0, 0, 2, 2, 2, 3, 2, 0, 1, 1, 4, 2, 5, 1, 6, 2, 4, 2, 0, 600, 0, 0, 0, 0, 0, 0]",4,13.939406650779313,-1,1
2891,"[1, 2, 0, 3, 7, 2, 0, 3, 0, 1, 0, 2, 0, 0, 0, 0, 0, 1, 0, 0, 2, 0, 0, 0, 0, 0, 0, 0, 0, 0, 0, 0, 1, 1, 2, 2, 0, 0, 2, 0, 0, 1, 1, 0, 2, 2, 0, 1, 0, 0, 0, 0, 0, 0, 0, 2, 0, 0, 0, 0, 0, 0, 0, 2, 2, 2, 3, 2, 0, 1, 1, 4, 2, 5, 1, 6, 2, 4, 2, 0, 600, 1, 0, 0, 0, 0, 0]",3,0.20000002250703242,-1,0
2892,"[1, 2, 0, 3, 7, 2, 0, 3, 0, 1, 0, 2, 0, 0, 0, 0, 0, 1, 0, 0, 2, 0, 0, 0, 0, 0, 0, 0, 0, 0, 0, 0, 1, 1, 2, 2, 0, 0, 2, 0, 0, 1, 1, 0, 2, 2, 0, 1, 0, 0, 0, 0, 0, 0, 0, 2, 0, 0, 0, 0, 0, 0, 0, 2, 2, 2, 3, 2, 0, 1, 1, 4, 2, 5, 1, 6, 2, 4, 2, 0, 600, 0, 0, 0, 0, 0, 0]",-1,-0.00012393760883331792,-1,0
2893,"[1, 2, 0, 4, 7, 2, 0, 4, 0, 1, 0, 2, 0, 0, 0, 0, 0, 1, 0, 0, 2, 0, 0, 0, 0, 0, 0, 0, 0, 0, 0, 0, 1, 1, 2, 2, 0, 0, 2, 0, 0, 1, 1, 0, 2, 2, 0, 1, 0, 0, 0, 0, 0, 0, 0, 2, 0, 0, 0, 0, 0, 0, 0, 2, 2, 2, 3, 2, 0, 1, 1, 4, 2, 5, 1, 6, 2, 4, 2, 0, 601, 0, 0, 0, 0, 0, 0]",4,12.628833978855832,-1,0
2894,"[1, 2, 0, 4, 7, 2, 0, 4, 0, 1, 0, 2, 0, 0, 0, 0, 0, 1, 0, 0, 2, 0, 0, 0, 0, 0, 0, 0, 0, 0, 0, 0, 1, 1, 2, 2, 0, 0, 2, 0, 0, 1, 1, 0, 2, 2, 0, 1, 0, 0, 0, 0, 0, 0, 0, 2, 0, 0, 0, 0, 0, 0, 0, 2, 2, 2, 3, 2, 0, 1, 1, 4, 2, 5, 1, 6, 2, 4, 2, 0, 601, 0, 1, 0, 0, 0, 0]",2,0.4000000216245191,-1,1
2895,"[1, 2, 0, 4, 7, 2, 0, 4, 0, 1, 0, 2, 0, 0, 0, 0, 0, 1, 0, 0, 2, 0, 0, 0, 0, 0, 0, 0, 0, 0, 0, 0, 1, 1, 2, 2, 0, 0, 2, 0, 0, 1, 1, 0, 2, 2, 0, 1, 0, 0, 0, 0, 0, 0, 0, 2, 0, 0, 0, 0, 0, 0, 0, 2, 2, 2, 3, 2, 0, 1, 1, 4, 2, 5, 1, 6, 2, 4, 2, 0, 601, 0, 1, 0, 0, 1, 0]","[[1 0 0 0]
 [0 1 0 0]]",0.65042488668261,-1,1
2896,"[2, 1, 0, 4, 6, 3, 0, 4, 0, 1, 0, 2, 0, 0, 0, 0, 0, 1, 0, 0, 2, 0, 0, 0, 0, 0, 0, 0, 0, 0, 0, 0, 1, 1, 2, 2, 0, 0, 2, 0, 0, 1, 1, 0, 2, 2, 0, 1, 0, 0, 0, 0, 0, 0, 0, 2, 0, 0, 0, 0, 0, 0, 0, 2, 2, 2, 3, 2, 0, 1, 1, 4, 2, 5, 1, 6, 2, 4, 2, 0, 601, 0, 0, 0, 0, 0, 0]",0,-0.1999999783754809,-1,0
2897,"[1, 1, 0, 2, 3, 1, 0, 2, 0, 1, 0, 2, 0, 0, 0, 0, 0, 1, 0, 0, 2, 0, 0, 0, 0, 0, 0, 0, 0, 0, 0, 0, 1, 1, 2, 2, 0, 0, 2, 0, 0, 1, 1, 0, 2, 2, 0, 1, 0, 0, 0, 0, 0, 0, 0, 2, 0, 0, 0, 0, 0, 0, 0, 2, 2, 2, 3, 2, 0, 1, 1, 4, 2, 5, 1, 6, 2, 4, 2, 3, 602, 0, 0, 0, 0, 0, 0]",4,14.142499898209165,-1,1
2898,"[1, 1, 0, 2, 3, 1, 0, 2, 0, 1, 0, 2, 0, 0, 0, 0, 0, 1, 0, 0, 2, 0, 0, 0, 0, 0, 0, 0, 0, 0, 0, 0, 1, 1, 2, 2, 0, 0, 2, 0, 0, 1, 1, 0, 2, 2, 0, 1, 0, 0, 0, 0, 0, 0, 0, 2, 0, 0, 0, 0, 0, 0, 0, 2, 2, 2, 3, 2, 0, 1, 1, 4, 2, 5, 1, 6, 2, 4, 2, 3, 602, 0, 0, 0, 0, 0, 0]",1,0.6096241358762264,-1,0
2899,"[1, 1, 0, 2, 3, 1, 0, 2, 0, 1, 0, 2, 0, 0, 0, 0, 0, 1, 0, 0, 2, 0, 0, 0, 0, 0, 0, 0, 0, 0, 0, 0, 1, 1, 2, 2, 0, 0, 2, 0, 0, 1, 1, 0, 2, 2, 0, 1, 0, 0, 0, 0, 0, 0, 0, 2, 0, 0, 0, 0, 0, 0, 0, 2, 2, 2, 3, 2, 0, 1, 1, 4, 2, 5, 1, 6, 2, 4, 2, 3, 602, 0, 0, 0, 0, 0, 0]",-1,-0.00012148347975122977,-1,0
2900,"[1, 2, 0, 2, 3, 2, 0, 2, 0, 1, 0, 2, 0, 0, 0, 0, 0, 1, 0, 0, 2, 0, 0, 0, 0, 0, 0, 0, 0, 0, 0, 0, 1, 1, 2, 2, 0, 0, 2, 0, 0, 1, 1, 0, 2, 2, 0, 1, 0, 0, 0, 0, 0, 0, 0, 2, 0, 0, 0, 0, 0, 0, 0, 2, 2, 2, 3, 2, 0, 1, 1, 4, 2, 5, 1, 6, 2, 4, 2, 3, 603, 0, 0, 0, 0, 0, 0]",4,14.244096319409275,-1,1
2901,"[1, 2, 0, 2, 3, 2, 0, 2, 0, 1, 0, 2, 0, 0, 0, 0, 0, 1, 0, 0, 2, 0, 0, 0, 0, 0, 0, 0, 0, 0, 0, 0, 1, 1, 2, 2, 0, 0, 2, 0, 0, 1, 1, 0, 2, 2, 0, 1, 0, 0, 0, 0, 0, 0, 0, 2, 0, 0, 0, 0, 0, 0, 0, 2, 2, 2, 3, 2, 0, 1, 1, 4, 2, 5, 1, 6, 2, 4, 2, 3, 603, 0, 0, 0, 0, 0, 0]",1,0.609624135061564,-1,0
2902,"[1, 2, 0, 2, 3, 2, 0, 2, 0, 1, 0, 2, 0, 0, 0, 0, 0, 1, 0, 0, 2, 0, 0, 0, 0, 0, 0, 0, 0, 0, 0, 0, 1, 1, 2, 2, 0, 0, 2, 0, 0, 1, 1, 0, 2, 2, 0, 1, 0, 0, 0, 0, 0, 0, 0, 2, 0, 0, 0, 0, 0, 0, 0, 2, 2, 2, 3, 2, 0, 1, 1, 4, 2, 5, 1, 6, 2, 4, 2, 3, 603, 0, 0, 0, 0, 0, 0]",-1,-0.00012027469893097548,-1,0
2903,"[1, 1, 0, 1, 1, 1, 0, 1, 0, 1, 0, 2, 0, 0, 0, 0, 0, 1, 0, 0, 2, 0, 0, 0, 0, 0, 0, 0, 0, 0, 0, 0, 1, 1, 2, 2, 0, 0, 2, 0, 0, 1, 1, 0, 2, 2, 0, 1, 0, 0, 0, 0, 0, 0, 0, 2, 0, 0, 0, 0, 0, 0, 0, 2, 2, 2, 3, 2, 0, 1, 1, 4, 2, 5, 1, 6, 2, 4, 2, 2, 604, 0, 0, 0, 0, 0, 0]",4,13.133633852587215,-1,0
2904,"[1, 1, 0, 2, 1, 1, 0, 2, 0, 1, 0, 2, 0, 0, 0, 0, 0, 1, 0, 0, 2, 0, 0, 0, 0, 0, 0, 0, 0, 0, 0, 0, 1, 1, 2, 2, 0, 0, 2, 0, 0, 1, 1, 0, 2, 2, 0, 1, 0, 0, 0, 0, 0, 0, 0, 2, 0, 0, 0, 0, 0, 0, 0, 2, 2, 2, 3, 2, 0, 1, 1, 4, 2, 5, 1, 6, 2, 4, 2, 2, 605, 0, 0, 0, 0, 0, 0]",4,14.374006737692405,-1,1
2905,"[1, 1, 0, 2, 1, 1, 0, 2, 0, 1, 0, 2, 0, 0, 0, 0, 0, 1, 0, 0, 2, 0, 0, 0, 0, 0, 0, 0, 0, 0, 0, 0, 1, 1, 2, 2, 0, 0, 2, 0, 0, 1, 1, 0, 2, 2, 0, 1, 0, 0, 0, 0, 0, 0, 0, 2, 0, 0, 0, 0, 0, 0, 0, 2, 2, 2, 3, 2, 0, 1, 1, 4, 2, 5, 1, 6, 2, 4, 2, 2, 605, 0, 1, 0, 0, 0, 0]",2,0.40000001842719995,-1,0
2906,"[1, 1, 0, 2, 1, 1, 0, 2, 0, 1, 0, 2, 0, 0, 0, 0, 0, 1, 0, 0, 2, 0, 0, 0, 0, 0, 0, 0, 0, 0, 0, 0, 1, 1, 2, 2, 0, 0, 2, 0, 0, 1, 1, 0, 2, 2, 0, 1, 0, 0, 0, 0, 0, 0, 0, 2, 0, 0, 0, 0, 0, 0, 0, 2, 2, 2, 3, 2, 0, 1, 1, 4, 2, 5, 1, 6, 2, 4, 2, 2, 605, 0, 0, 0, 0, 0, 0]",-1,-0.00011789310032451166,-1,0
2907,"[1, 1, 0, 2, 1, 1, 0, 2, 0, 1, 0, 2, 0, 0, 0, 0, 0, 1, 0, 0, 2, 0, 0, 0, 0, 0, 0, 0, 0, 0, 0, 0, 1, 1, 2, 2, 0, 0, 2, 0, 0, 1, 1, 0, 2, 2, 0, 1, 0, 0, 0, 0, 0, 0, 0, 2, 0, 0, 0, 0, 0, 0, 0, 2, 2, 2, 3, 2, 0, 1, 1, 4, 2, 5, 1, 6, 2, 4, 2, 2, 605, 1, 0, 0, 0, 0, 0]",3,0.2000000184272,-1,0
2908,"[1, 1, 0, 2, 1, 1, 0, 2, 0, 1, 0, 2, 0, 0, 0, 0, 0, 1, 0, 0, 2, 0, 0, 0, 0, 0, 0, 0, 0, 0, 0, 0, 1, 1, 2, 2, 0, 0, 2, 0, 0, 1, 1, 0, 2, 2, 0, 1, 0, 0, 0, 0, 0, 0, 0, 2, 0, 0, 0, 0, 0, 0, 0, 2, 2, 2, 3, 2, 0, 1, 1, 4, 2, 5, 1, 6, 2, 4, 2, 2, 605, 0, 0, 0, 0, 0, 0]",-1,-0.00011789310032451166,-1,0
2909,"[1, 1, 0, 2, 1, 1, 0, 2, 0, 1, 0, 2, 0, 0, 0, 0, 0, 1, 0, 0, 2, 0, 0, 0, 0, 0, 0, 0, 0, 0, 0, 0, 1, 1, 2, 2, 0, 0, 2, 0, 0, 1, 1, 0, 2, 2, 0, 1, 0, 0, 0, 0, 0, 0, 0, 2, 0, 0, 0, 0, 0, 0, 0, 2, 2, 2, 3, 2, 0, 1, 1, 4, 2, 5, 1, 6, 2, 4, 2, 2, 605, 1, 0, 0, 0, 0, 0]",3,0.2000000184272,-1,0
2910,"[1, 1, 0, 2, 1, 1, 0, 2, 0, 1, 0, 2, 0, 0, 0, 0, 0, 1, 0, 0, 2, 0, 0, 0, 0, 0, 0, 0, 0, 0, 0, 0, 1, 1, 2, 2, 0, 0, 2, 0, 0, 1, 1, 0, 2, 2, 0, 1, 0, 0, 0, 0, 0, 0, 0, 2, 0, 0, 0, 0, 0, 0, 0, 2, 2, 2, 3, 2, 0, 1, 1, 4, 2, 5, 1, 6, 2, 4, 2, 2, 605, 0, 0, 0, 0, 0, 0]",-1,-0.00011789310032451166,-1,0
2911,"[1, 1, 0, 3, 1, 1, 0, 3, 0, 1, 0, 2, 0, 0, 0, 0, 0, 1, 0, 0, 2, 0, 0, 0, 0, 0, 0, 0, 0, 0, 0, 0, 1, 1, 2, 2, 0, 0, 2, 0, 0, 1, 1, 0, 2, 2, 0, 1, 0, 0, 0, 0, 0, 0, 0, 2, 0, 0, 0, 0, 0, 0, 0, 2, 2, 2, 3, 2, 0, 1, 1, 4, 2, 5, 1, 6, 2, 4, 2, 2, 606, 0, 0, 0, 0, 0, 0]",4,12.71319127022074,-1,0
2912,"[1, 1, 0, 3, 1, 1, 0, 3, 0, 1, 0, 2, 0, 0, 0, 0, 0, 1, 0, 0, 2, 0, 0, 0, 0, 0, 0, 0, 0, 0, 0, 0, 1, 1, 2, 2, 0, 0, 2, 0, 0, 1, 1, 0, 2, 2, 0, 1, 0, 0, 0, 0, 0, 0, 0, 2, 0, 0, 0, 0, 0, 0, 0, 2, 2, 2, 3, 2, 0, 1, 1, 4, 2, 5, 1, 6, 2, 4, 2, 2, 606, 0, 1, 0, 0, 0, 0]",2,0.40000001770465915,-1,1
2913,"[1, 1, 0, 3, 1, 1, 0, 3, 0, 1, 0, 2, 0, 0, 0, 0, 0, 1, 0, 0, 2, 0, 0, 0, 0, 0, 0, 0, 0, 0, 0, 0, 1, 1, 2, 2, 0, 0, 2, 0, 0, 1, 1, 0, 2, 2, 0, 1, 0, 0, 0, 0, 0, 0, 0, 2, 0, 0, 0, 0, 0, 0, 0, 2, 2, 2, 3, 2, 0, 1, 1, 4, 2, 5, 1, 6, 2, 4, 2, 2, 606, 0, 1, 0, 0, 1, 0]","[[1 0 0 0]
 [0 1 0 0]]",0.6504248827627501,-1,1
2914,"[2, 0, 0, 3, 0, 2, 0, 3, 0, 1, 0, 2, 0, 0, 0, 0, 0, 1, 0, 0, 2, 0, 0, 0, 0, 0, 0, 0, 0, 0, 0, 0, 1, 1, 2, 2, 0, 0, 2, 0, 0, 1, 1, 0, 2, 2, 0, 1, 0, 0, 0, 0, 0, 0, 0, 2, 0, 0, 0, 0, 0, 0, 0, 2, 2, 2, 3, 2, 0, 1, 1, 4, 2, 5, 1, 6, 2, 4, 2, 2, 606, 0, 0, 0, 0, 0, 0]",0,-0.19999998229534083,-1,0
2915,"[1, 0, 0, 1, 0, 1, 0, 1, 0, 1, 0, 2, 0, 0, 0, 0, 0, 1, 0, 0, 2, 0, 0, 0, 0, 0, 0, 0, 0, 0, 0, 0, 1, 1, 2, 2, 0, 0, 2, 0, 0, 1, 1, 0, 2, 2, 0, 1, 0, 0, 0, 0, 0, 0, 0, 2, 0, 0, 0, 0, 0, 0, 0, 2, 2, 2, 3, 2, 0, 1, 1, 4, 2, 5, 1, 6, 2, 4, 2, 3, 607, 0, 0, 0, 0, 0, 0]",4,14.259696628392978,-1,1
2916,"[1, 0, 0, 1, 0, 1, 0, 1, 0, 1, 0, 2, 0, 0, 0, 0, 0, 1, 0, 0, 2, 0, 0, 0, 0, 0, 0, 0, 0, 0, 0, 0, 1, 1, 2, 2, 0, 0, 2, 0, 0, 1, 1, 0, 2, 2, 0, 1, 0, 0, 0, 0, 0, 0, 0, 2, 0, 0, 0, 0, 0, 0, 0, 2, 2, 2, 3, 2, 0, 1, 1, 4, 2, 5, 1, 6, 2, 4, 2, 3, 607, 0, 1, 0, 0, 0, 0]",2,0.4000000170104496,-1,0
2917,"[1, 0, 0, 1, 0, 1, 0, 1, 0, 1, 0, 2, 0, 0, 0, 0, 0, 1, 0, 0, 2, 0, 0, 0, 0, 0, 0, 0, 0, 0, 0, 0, 1, 1, 2, 2, 0, 0, 2, 0, 0, 1, 1, 0, 2, 2, 0, 1, 0, 0, 0, 0, 0, 0, 0, 2, 0, 0, 0, 0, 0, 0, 0, 2, 2, 2, 3, 2, 0, 1, 1, 4, 2, 5, 1, 6, 2, 4, 2, 3, 607, 0, 1, 0, 0, 1, 0]","[[0 0 0 1]
 [0 1 0 0]]",0.6504248820685405,-1,0
2918,"[1, 0, 0, 1, 0, 1, 0, 1, 0, 1, 0, 2, 0, 0, 0, 0, 0, 1, 0, 0, 2, 0, 0, 0, 0, 0, 0, 0, 0, 0, 0, 0, 1, 1, 2, 2, 0, 0, 2, 0, 0, 1, 1, 0, 2, 2, 0, 1, 0, 0, 0, 0, 0, 0, 0, 2, 0, 0, 0, 0, 0, 0, 0, 2, 2, 2, 3, 2, 0, 1, 1, 4, 2, 5, 1, 6, 2, 4, 2, 3, 607, 0, 0, 0, 0, 0, 0]",1,-16.011388283831447,-1,1
2919,"[1, 0, 0, 2, 0, 1, 0, 2, 0, 1, 0, 2, 0, 0, 0, 0, 0, 1, 0, 0, 2, 0, 0, 0, 0, 0, 0, 0, 0, 0, 0, 0, 1, 1, 2, 2, 0, 0, 2, 0, 0, 1, 1, 0, 2, 2, 0, 1, 0, 0, 0, 0, 0, 0, 0, 2, 0, 0, 0, 0, 0, 0, 0, 2, 2, 2, 3, 2, 0, 1, 1, 4, 2, 5, 1, 6, 2, 4, 2, 3, 608, 0, 0, 0, 0, 0, 0]",4,12.655899775484505,-1,0
2920,"[1, 1, 0, 2, 0, 2, 0, 2, 0, 1, 0, 2, 0, 0, 0, 0, 0, 1, 0, 0, 2, 0, 0, 0, 0, 0, 0, 0, 0, 0, 0, 0, 1, 1, 2, 2, 0, 0, 2, 0, 0, 1, 1, 0, 2, 2, 0, 1, 0, 0, 0, 0, 0, 0, 0, 2, 0, 0, 0, 0, 0, 0, 0, 2, 2, 2, 3, 2, 0, 1, 1, 4, 2, 5, 1, 6, 2, 4, 2, 3, 609, 0, 0, 0, 0, 0, 0]",4,14.016291502309095,-1,1
2921,"[1, 1, 0, 2, 0, 2, 0, 2, 0, 1, 0, 2, 0, 0, 0, 0, 0, 1, 0, 0, 2, 0, 0, 0, 0, 0, 0, 0, 0, 0, 0, 0, 1, 1, 2, 2, 0, 0, 2, 0, 0, 1, 1, 0, 2, 2, 0, 1, 0, 0, 0, 0, 0, 0, 0, 2, 0, 0, 0, 0, 0, 0, 0, 2, 2, 2, 3, 2, 0, 1, 1, 4, 2, 5, 1, 6, 2, 4, 2, 3, 609, 0, 0, 0, 0, 0, 0]",0,0.29497476253320754,-1,0
2922,"[1, 1, 0, 2, 0, 2, 0, 2, 0, 1, 0, 2, 0, 0, 0, 0, 0, 1, 0, 0, 2, 0, 0, 0, 0, 0, 0, 0, 0, 0, 0, 0, 1, 1, 2, 2, 0, 0, 2, 0, 0, 1, 1, 0, 2, 2, 0, 1, 0, 0, 0, 0, 0, 0, 0, 2, 0, 0, 0, 0, 0, 0, 0, 2, 2, 2, 3, 2, 0, 1, 1, 4, 2, 5, 1, 6, 2, 4, 2, 3, 609, 0, 0, 0, 0, 0, 0]",-1,-0.0001132704457407161,-1,0
2923,"[1, 1, 0, 2, 0, 2, 0, 2, 0, 1, 0, 2, 0, 0, 0, 0, 0, 1, 0, 0, 2, 0, 0, 0, 0, 0, 0, 0, 0, 0, 0, 0, 1, 1, 2, 2, 0, 0, 2, 0, 0, 1, 1, 0, 2, 2, 0, 1, 0, 0, 0, 0, 0, 0, 0, 2, 0, 0, 0, 0, 0, 0, 0, 2, 2, 2, 3, 2, 0, 1, 1, 4, 2, 5, 1, 6, 2, 4, 2, 3, 609, 0, 0, 0, 0, 0, 0]",0,0.29497476253320754,-1,0
2924,"[1, 1, 0, 2, 0, 2, 0, 2, 0, 1, 0, 2, 0, 0, 0, 0, 0, 1, 0, 0, 2, 0, 0, 0, 0, 0, 0, 0, 0, 0, 0, 0, 1, 1, 2, 2, 0, 0, 2, 0, 0, 1, 1, 0, 2, 2, 0, 1, 0, 0, 0, 0, 0, 0, 0, 2, 0, 0, 0, 0, 0, 0, 0, 2, 2, 2, 3, 2, 0, 1, 1, 4, 2, 5, 1, 6, 2, 4, 2, 3, 609, 0, 0, 0, 0, 0, 0]",-1,-0.0001132704457407161,-1,0
2925,"[1, 1, 0, 2, 0, 2, 0, 2, 0, 1, 0, 2, 0, 0, 0, 0, 0, 1, 0, 0, 2, 0, 0, 0, 0, 0, 0, 0, 0, 0, 0, 0, 1, 1, 2, 2, 0, 0, 2, 0, 0, 1, 1, 0, 2, 2, 0, 1, 0, 0, 0, 0, 0, 0, 0, 2, 0, 0, 0, 0, 0, 0, 0, 2, 2, 2, 3, 2, 0, 1, 1, 4, 2, 5, 1, 6, 2, 4, 2, 3, 609, 0, 0, 0, 0, 0, 0]",0,0.29497476253320754,-1,0
2926,"[1, 1, 0, 2, 0, 2, 0, 2, 0, 1, 0, 2, 0, 0, 0, 0, 0, 1, 0, 0, 2, 0, 0, 0, 0, 0, 0, 0, 0, 0, 0, 0, 1, 1, 2, 2, 0, 0, 2, 0, 0, 1, 1, 0, 2, 2, 0, 1, 0, 0, 0, 0, 0, 0, 0, 2, 0, 0, 0, 0, 0, 0, 0, 2, 2, 2, 3, 2, 0, 1, 1, 4, 2, 5, 1, 6, 2, 4, 2, 3, 609, 0, 0, 0, 0, 0, 0]",-1,-0.0001132704457407161,-1,0
2927,"[1, 1, 0, 2, 0, 2, 0, 2, 0, 1, 0, 2, 0, 0, 0, 0, 0, 1, 0, 0, 2, 0, 0, 0, 0, 0, 0, 0, 0, 0, 0, 0, 1, 1, 2, 2, 0, 0, 2, 0, 0, 1, 1, 0, 2, 2, 0, 1, 0, 0, 0, 0, 0, 0, 0, 2, 0, 0, 0, 0, 0, 0, 0, 2, 2, 2, 3, 2, 0, 1, 1, 4, 2, 5, 1, 6, 2, 4, 2, 3, 609, 0, 0, 0, 0, 0, 0]",0,0.29497476253320754,-1,0
2928,"[1, 1, 0, 2, 0, 2, 0, 2, 0, 1, 0, 2, 0, 0, 0, 0, 0, 1, 0, 0, 2, 0, 0, 0, 0, 0, 0, 0, 0, 0, 0, 0, 1, 1, 2, 2, 0, 0, 2, 0, 0, 1, 1, 0, 2, 2, 0, 1, 0, 0, 0, 0, 0, 0, 0, 2, 0, 0, 0, 0, 0, 0, 0, 2, 2, 2, 3, 2, 0, 1, 1, 4, 2, 5, 1, 6, 2, 4, 2, 3, 609, 0, 0, 0, 0, 0, 0]",-1,-0.0001132704457407161,-1,0
2929,"[1, 1, 0, 2, 0, 2, 0, 2, 0, 1, 0, 2, 0, 0, 0, 0, 0, 1, 0, 0, 2, 0, 0, 0, 0, 0, 0, 0, 0, 0, 0, 0, 1, 1, 2, 2, 0, 0, 2, 0, 0, 1, 1, 0, 2, 2, 0, 1, 0, 0, 0, 0, 0, 0, 0, 2, 0, 0, 0, 0, 0, 0, 0, 2, 2, 2, 3, 2, 0, 1, 1, 4, 2, 5, 1, 6, 2, 4, 2, 3, 609, 0, 0, 0, 0, 0, 0]",0,0.29497476253320754,-1,0
2930,"[1, 1, 0, 2, 0, 2, 0, 2, 0, 1, 0, 2, 0, 0, 0, 0, 0, 1, 0, 0, 2, 0, 0, 0, 0, 0, 0, 0, 0, 0, 0, 0, 1, 1, 2, 2, 0, 0, 2, 0, 0, 1, 1, 0, 2, 2, 0, 1, 0, 0, 0, 0, 0, 0, 0, 2, 0, 0, 0, 0, 0, 0, 0, 2, 2, 2, 3, 2, 0, 1, 1, 4, 2, 5, 1, 6, 2, 4, 2, 3, 609, 0, 0, 0, 0, 0, 0]",-1,-0.0001132704457407161,-1,0
2931,"[1, 1, 0, 2, 0, 2, 0, 2, 0, 1, 0, 2, 0, 0, 0, 0, 0, 1, 0, 0, 2, 0, 0, 0, 0, 0, 0, 0, 0, 0, 0, 0, 1, 1, 2, 2, 0, 0, 2, 0, 0, 1, 1, 0, 2, 2, 0, 1, 0, 0, 0, 0, 0, 0, 0, 2, 0, 0, 0, 0, 0, 0, 0, 2, 2, 2, 3, 2, 0, 1, 1, 4, 2, 5, 1, 6, 2, 4, 2, 3, 609, 0, 0, 0, 0, 0, 0]",0,0.29497476253320754,-1,0
2932,"[1, 1, 0, 2, 0, 2, 0, 2, 0, 1, 0, 2, 0, 0, 0, 0, 0, 1, 0, 0, 2, 0, 0, 0, 0, 0, 0, 0, 0, 0, 0, 0, 1, 1, 2, 2, 0, 0, 2, 0, 0, 1, 1, 0, 2, 2, 0, 1, 0, 0, 0, 0, 0, 0, 0, 2, 0, 0, 0, 0, 0, 0, 0, 2, 2, 2, 3, 2, 0, 1, 1, 4, 2, 5, 1, 6, 2, 4, 2, 3, 609, 0, 0, 0, 0, 0, 0]",-1,-0.0001132704457407161,-1,0
2933,"[1, 1, 0, 2, 0, 2, 0, 2, 0, 1, 0, 2, 0, 0, 0, 0, 0, 1, 0, 0, 2, 0, 0, 0, 0, 0, 0, 0, 0, 0, 0, 0, 1, 1, 2, 2, 0, 0, 2, 0, 0, 1, 1, 0, 2, 2, 0, 1, 0, 0, 0, 0, 0, 0, 0, 2, 0, 0, 0, 0, 0, 0, 0, 2, 2, 2, 3, 2, 0, 1, 1, 4, 2, 5, 1, 6, 2, 4, 2, 3, 609, 0, 0, 0, 0, 0, 0]",0,0.29497476253320754,-1,0
2934,"[1, 1, 0, 2, 0, 2, 0, 2, 0, 1, 0, 2, 0, 0, 0, 0, 0, 1, 0, 0, 2, 0, 0, 0, 0, 0, 0, 0, 0, 0, 0, 0, 1, 1, 2, 2, 0, 0, 2, 0, 0, 1, 1, 0, 2, 2, 0, 1, 0, 0, 0, 0, 0, 0, 0, 2, 0, 0, 0, 0, 0, 0, 0, 2, 2, 2, 3, 2, 0, 1, 1, 4, 2, 5, 1, 6, 2, 4, 2, 3, 609, 0, 0, 0, 0, 0, 0]",-1,-0.0001132704457407161,-1,0
2935,"[1, 1, 0, 2, 0, 2, 0, 2, 0, 1, 0, 2, 0, 0, 0, 0, 0, 1, 0, 0, 2, 0, 0, 0, 0, 0, 0, 0, 0, 0, 0, 0, 1, 1, 2, 2, 0, 0, 2, 0, 0, 1, 1, 0, 2, 2, 0, 1, 0, 0, 0, 0, 0, 0, 0, 2, 0, 0, 0, 0, 0, 0, 0, 2, 2, 2, 3, 2, 0, 1, 1, 4, 2, 5, 1, 6, 2, 4, 2, 3, 609, 0, 0, 0, 0, 0, 0]",0,0.29497476253320754,-1,0
2936,"[1, 1, 0, 2, 0, 2, 0, 2, 0, 1, 0, 2, 0, 0, 0, 0, 0, 1, 0, 0, 2, 0, 0, 0, 0, 0, 0, 0, 0, 0, 0, 0, 1, 1, 2, 2, 0, 0, 2, 0, 0, 1, 1, 0, 2, 2, 0, 1, 0, 0, 0, 0, 0, 0, 0, 2, 0, 0, 0, 0, 0, 0, 0, 2, 2, 2, 3, 2, 0, 1, 1, 4, 2, 5, 1, 6, 2, 4, 2, 3, 609, 0, 0, 0, 0, 0, 0]",-1,-0.0001132704457407161,-1,0
2937,"[1, 1, 0, 2, 0, 2, 0, 2, 0, 1, 0, 2, 0, 0, 0, 0, 0, 1, 0, 0, 2, 0, 0, 0, 0, 0, 0, 0, 0, 0, 0, 0, 1, 1, 2, 2, 0, 0, 2, 0, 0, 1, 1, 0, 2, 2, 0, 1, 0, 0, 0, 0, 0, 0, 0, 2, 0, 0, 0, 0, 0, 0, 0, 2, 2, 2, 3, 2, 0, 1, 1, 4, 2, 5, 1, 6, 2, 4, 2, 3, 609, 0, 1, 0, 0, 0, 0]",2,0.4000000157026242,-1,0
2938,"[1, 1, 0, 2, 0, 2, 0, 2, 0, 1, 0, 2, 0, 0, 0, 0, 0, 1, 0, 0, 2, 0, 0, 0, 0, 0, 0, 0, 0, 0, 0, 0, 1, 1, 2, 2, 0, 0, 2, 0, 0, 1, 1, 0, 2, 2, 0, 1, 0, 0, 0, 0, 0, 0, 0, 2, 0, 0, 0, 0, 0, 0, 0, 2, 2, 2, 3, 2, 0, 1, 1, 4, 2, 5, 1, 6, 2, 4, 2, 3, 609, 0, 0, 0, 0, 0, 0]",-1,-0.0001132704457407161,-1,0
2939,"[1, 1, 0, 2, 0, 2, 0, 2, 0, 1, 0, 2, 0, 0, 0, 0, 0, 1, 0, 0, 2, 0, 0, 0, 0, 0, 0, 0, 0, 0, 0, 0, 1, 1, 2, 2, 0, 0, 2, 0, 0, 1, 1, 0, 2, 2, 0, 1, 0, 0, 0, 0, 0, 0, 0, 2, 0, 0, 0, 0, 0, 0, 0, 2, 2, 2, 3, 2, 0, 1, 1, 4, 2, 5, 1, 6, 2, 4, 2, 3, 609, 0, 1, 0, 0, 0, 0]",2,0.4000000157026242,-1,0
2940,"[1, 1, 0, 2, 0, 2, 0, 2, 0, 1, 0, 2, 0, 0, 0, 0, 0, 1, 0, 0, 2, 0, 0, 0, 0, 0, 0, 0, 0, 0, 0, 0, 1, 1, 2, 2, 0, 0, 2, 0, 0, 1, 1, 0, 2, 2, 0, 1, 0, 0, 0, 0, 0, 0, 0, 2, 0, 0, 0, 0, 0, 0, 0, 2, 2, 2, 3, 2, 0, 1, 1, 4, 2, 5, 1, 6, 2, 4, 2, 3, 609, 0, 0, 0, 0, 0, 0]",-1,-0.0001132704457407161,-1,0
2941,"[1, 1, 0, 2, 0, 2, 0, 2, 0, 1, 0, 2, 0, 0, 0, 0, 0, 1, 0, 0, 2, 0, 0, 0, 0, 0, 0, 0, 0, 0, 0, 0, 1, 1, 2, 2, 0, 0, 2, 0, 0, 1, 1, 0, 2, 2, 0, 1, 0, 0, 0, 0, 0, 0, 0, 2, 0, 0, 0, 0, 0, 0, 0, 2, 2, 2, 3, 2, 0, 1, 1, 4, 2, 5, 1, 6, 2, 4, 2, 3, 609, 1, 0, 0, 0, 0, 0]",3,0.20000001570262424,-1,0
2942,"[1, 1, 0, 2, 0, 2, 0, 2, 0, 1, 0, 2, 0, 0, 0, 0, 0, 1, 0, 0, 2, 0, 0, 0, 0, 0, 0, 0, 0, 0, 0, 0, 1, 1, 2, 2, 0, 0, 2, 0, 0, 1, 1, 0, 2, 2, 0, 1, 0, 0, 0, 0, 0, 0, 0, 2, 0, 0, 0, 0, 0, 0, 0, 2, 2, 2, 3, 2, 0, 1, 1, 4, 2, 5, 1, 6, 2, 4, 2, 3, 609, 0, 0, 0, 0, 0, 0]",-1,-0.0001132704457407161,-1,0
2943,"[1, 1, 0, 2, 0, 2, 0, 2, 0, 1, 0, 2, 0, 0, 0, 0, 0, 1, 0, 0, 2, 0, 0, 0, 0, 0, 0, 0, 0, 0, 0, 0, 1, 1, 2, 2, 0, 0, 2, 0, 0, 1, 1, 0, 2, 2, 0, 1, 0, 0, 0, 0, 0, 0, 0, 2, 0, 0, 0, 0, 0, 0, 0, 2, 2, 2, 3, 2, 0, 1, 1, 4, 2, 5, 1, 6, 2, 4, 2, 3, 609, 0, 1, 0, 0, 0, 0]",2,0.4000000157026242,-1,0
2944,"[1, 1, 0, 2, 0, 2, 0, 2, 0, 1, 0, 2, 0, 0, 0, 0, 0, 1, 0, 0, 2, 0, 0, 0, 0, 0, 0, 0, 0, 0, 0, 0, 1, 1, 2, 2, 0, 0, 2, 0, 0, 1, 1, 0, 2, 2, 0, 1, 0, 0, 0, 0, 0, 0, 0, 2, 0, 0, 0, 0, 0, 0, 0, 2, 2, 2, 3, 2, 0, 1, 1, 4, 2, 5, 1, 6, 2, 4, 2, 3, 609, 0, 0, 0, 0, 0, 0]",-1,-0.0001132704457407161,-1,0
2945,"[1, 1, 0, 2, 0, 2, 0, 2, 0, 1, 0, 2, 0, 0, 0, 0, 0, 1, 0, 0, 2, 0, 0, 0, 0, 0, 0, 0, 0, 0, 0, 0, 1, 1, 2, 2, 0, 0, 2, 0, 0, 1, 1, 0, 2, 2, 0, 1, 0, 0, 0, 0, 0, 0, 0, 2, 0, 0, 0, 0, 0, 0, 0, 2, 2, 2, 3, 2, 0, 1, 1, 4, 2, 5, 1, 6, 2, 4, 2, 3, 609, 1, 0, 0, 0, 0, 0]",3,0.20000001570262424,-1,0
2946,"[1, 1, 0, 2, 0, 2, 0, 2, 0, 1, 0, 2, 0, 0, 0, 0, 0, 1, 0, 0, 2, 0, 0, 0, 0, 0, 0, 0, 0, 0, 0, 0, 1, 1, 2, 2, 0, 0, 2, 0, 0, 1, 1, 0, 2, 2, 0, 1, 0, 0, 0, 0, 0, 0, 0, 2, 0, 0, 0, 0, 0, 0, 0, 2, 2, 2, 3, 2, 0, 1, 1, 4, 2, 5, 1, 6, 2, 4, 2, 3, 609, 0, 0, 0, 0, 0, 0]",-1,-0.0001132704457407161,-1,0
2947,"[1, 1, 0, 2, 0, 2, 0, 2, 0, 1, 0, 2, 0, 0, 0, 0, 0, 1, 0, 0, 2, 0, 0, 0, 0, 0, 0, 0, 0, 0, 0, 0, 1, 1, 2, 2, 0, 0, 2, 0, 0, 1, 1, 0, 2, 2, 0, 1, 0, 0, 0, 0, 0, 0, 0, 2, 0, 0, 0, 0, 0, 0, 0, 2, 2, 2, 3, 2, 0, 1, 1, 4, 2, 5, 1, 6, 2, 4, 2, 3, 609, 1, 0, 0, 0, 0, 0]",3,0.20000001570262424,-1,0
2948,"[1, 1, 0, 2, 0, 2, 0, 2, 0, 1, 0, 2, 0, 0, 0, 0, 0, 1, 0, 0, 2, 0, 0, 0, 0, 0, 0, 0, 0, 0, 0, 0, 1, 1, 2, 2, 0, 0, 2, 0, 0, 1, 1, 0, 2, 2, 0, 1, 0, 0, 0, 0, 0, 0, 0, 2, 0, 0, 0, 0, 0, 0, 0, 2, 2, 2, 3, 2, 0, 1, 1, 4, 2, 5, 1, 6, 2, 4, 2, 3, 609, 0, 0, 0, 0, 0, 0]",-1,-0.0001132704457407161,-1,0
2949,"[1, 1, 0, 2, 0, 2, 0, 2, 0, 1, 0, 2, 0, 0, 0, 0, 0, 1, 0, 0, 2, 0, 0, 0, 0, 0, 0, 0, 0, 0, 0, 0, 1, 1, 2, 2, 0, 0, 2, 0, 0, 1, 1, 0, 2, 2, 0, 1, 0, 0, 0, 0, 0, 0, 0, 2, 0, 0, 0, 0, 0, 0, 0, 2, 2, 2, 3, 2, 0, 1, 1, 4, 2, 5, 1, 6, 2, 4, 2, 3, 609, 1, 0, 0, 0, 0, 0]",3,0.20000001570262424,-1,0
2950,"[1, 1, 0, 2, 0, 2, 0, 2, 0, 1, 0, 2, 0, 0, 0, 0, 0, 1, 0, 0, 2, 0, 0, 0, 0, 0, 0, 0, 0, 0, 0, 0, 1, 1, 2, 2, 0, 0, 2, 0, 0, 1, 1, 0, 2, 2, 0, 1, 0, 0, 0, 0, 0, 0, 0, 2, 0, 0, 0, 0, 0, 0, 0, 2, 2, 2, 3, 2, 0, 1, 1, 4, 2, 5, 1, 6, 2, 4, 2, 3, 609, 0, 0, 0, 0, 0, 0]",-1,-0.0001132704457407161,-1,0
2951,"[1, 2, 0, 2, 0, 3, 0, 2, 0, 1, 0, 2, 0, 0, 0, 0, 0, 1, 0, 0, 2, 0, 0, 0, 0, 0, 0, 0, 0, 0, 0, 0, 1, 1, 2, 2, 0, 0, 2, 0, 0, 1, 1, 0, 2, 2, 0, 1, 0, 0, 0, 0, 0, 0, 0, 2, 0, 0, 0, 0, 0, 0, 0, 2, 2, 2, 3, 2, 0, 1, 1, 4, 2, 5, 1, 6, 2, 4, 2, 3, 610, 0, 0, 0, 0, 0, 0]",4,12.872668059913112,-1,0
2952,"[1, 1, 0, 1, 0, 1, 0, 1, 0, 1, 0, 2, 0, 0, 0, 0, 0, 1, 0, 0, 2, 0, 0, 0, 0, 0, 0, 0, 0, 0, 0, 0, 1, 1, 2, 2, 0, 0, 2, 0, 0, 1, 1, 0, 2, 2, 0, 1, 0, 0, 0, 0, 0, 0, 0, 2, 0, 0, 0, 0, 0, 0, 0, 2, 2, 2, 3, 2, 0, 1, 1, 4, 2, 5, 1, 6, 2, 4, 2, 3, 611, 0, 0, 0, 0, 0, 0]",4,14.259687472561074,-1,1
2953,"[1, 1, 0, 2, 0, 1, 0, 2, 0, 1, 0, 2, 0, 0, 0, 0, 0, 1, 0, 0, 2, 0, 0, 0, 0, 0, 0, 0, 0, 0, 0, 0, 1, 1, 2, 2, 0, 0, 2, 0, 0, 1, 1, 0, 2, 2, 0, 1, 0, 0, 0, 0, 0, 0, 0, 2, 0, 0, 0, 0, 0, 0, 0, 2, 2, 2, 3, 2, 0, 1, 1, 4, 2, 5, 1, 6, 2, 4, 2, 3, 612, 0, 0, 0, 0, 0, 0]",4,12.9739906323821,-1,0
2954,"[1, 1, 0, 2, 0, 1, 0, 2, 0, 1, 0, 2, 0, 0, 0, 0, 0, 1, 0, 0, 2, 0, 0, 0, 0, 0, 0, 0, 0, 0, 0, 0, 1, 1, 2, 2, 0, 0, 2, 0, 0, 1, 1, 0, 2, 2, 0, 1, 0, 0, 0, 0, 0, 0, 0, 2, 0, 0, 0, 0, 0, 0, 0, 2, 2, 2, 3, 2, 0, 1, 1, 4, 2, 5, 1, 6, 2, 4, 2, 3, 612, 0, 1, 0, 0, 0, 0]",2,0.4000000139269784,-1,1
2955,"[1, 1, 0, 2, 0, 1, 0, 2, 0, 1, 0, 2, 0, 0, 0, 0, 0, 1, 0, 0, 2, 0, 0, 0, 0, 0, 0, 0, 0, 0, 0, 0, 1, 1, 2, 2, 0, 0, 2, 0, 0, 1, 1, 0, 2, 2, 0, 1, 0, 0, 0, 0, 0, 0, 0, 2, 0, 0, 0, 0, 0, 0, 0, 2, 2, 2, 3, 2, 0, 1, 1, 4, 2, 5, 1, 6, 2, 4, 2, 3, 612, 0, 1, 0, 0, 1, 0]","[[0 1 0 0]
 [1 0 0 0]]",0.6504248789850693,-1,1
2956,"[1, 1, 0, 2, 0, 1, 0, 2, 0, 1, 0, 2, 0, 0, 0, 0, 0, 1, 0, 0, 2, 0, 0, 0, 0, 0, 0, 0, 0, 0, 0, 0, 1, 1, 2, 2, 0, 0, 2, 0, 0, 1, 1, 0, 2, 2, 0, 1, 0, 0, 0, 0, 0, 0, 0, 2, 0, 0, 0, 0, 0, 0, 0, 2, 2, 2, 3, 2, 0, 1, 1, 4, 2, 5, 1, 6, 2, 4, 2, 3, 612, 0, 0, 0, 0, 0, 0]",1,-0.19999998607302155,-1,0
2957,"[1, 1, 0, 2, 0, 1, 0, 2, 0, 1, 0, 2, 0, 0, 0, 0, 0, 1, 0, 0, 2, 0, 0, 0, 0, 0, 0, 0, 0, 0, 0, 0, 1, 1, 2, 2, 0, 0, 2, 0, 0, 1, 1, 0, 2, 2, 0, 1, 0, 0, 0, 0, 0, 0, 0, 2, 0, 0, 0, 0, 0, 0, 0, 2, 2, 2, 3, 2, 0, 1, 1, 4, 2, 5, 1, 6, 2, 4, 2, 3, 613, 0, 0, 0, 0, 0, 0]",4,14.055888500797181,-1,1
2958,"[1, 1, 0, 3, 0, 1, 0, 3, 0, 1, 0, 2, 0, 0, 0, 0, 0, 1, 0, 0, 2, 0, 0, 0, 0, 0, 0, 0, 0, 0, 0, 0, 1, 1, 2, 2, 0, 0, 2, 0, 0, 1, 1, 0, 2, 2, 0, 1, 0, 0, 0, 0, 0, 0, 0, 2, 0, 0, 0, 0, 0, 0, 0, 2, 2, 2, 3, 2, 0, 1, 1, 4, 2, 5, 1, 6, 2, 4, 2, 3, 614, 0, 0, 0, 0, 0, 0]",4,12.713173137267724,-1,0
2959,"[1, 1, 0, 3, 1, 1, 0, 3, 0, 1, 0, 2, 0, 0, 0, 0, 0, 1, 0, 0, 2, 0, 0, 0, 0, 0, 0, 0, 0, 0, 0, 0, 1, 1, 2, 2, 0, 0, 2, 0, 0, 1, 1, 0, 2, 2, 0, 1, 0, 0, 0, 0, 0, 0, 0, 2, 0, 0, 0, 0, 0, 0, 0, 2, 2, 2, 3, 2, 0, 1, 1, 4, 2, 5, 1, 6, 2, 4, 2, 3, 615, 0, 0, 0, 0, 0, 0]",4,14.113170971029383,-1,1
2960,"[1, 1, 0, 3, 1, 1, 0, 3, 0, 1, 0, 2, 0, 0, 0, 0, 0, 1, 0, 0, 2, 0, 0, 0, 0, 0, 0, 0, 0, 0, 0, 0, 1, 1, 2, 2, 0, 0, 2, 0, 0, 1, 1, 0, 2, 2, 0, 1, 0, 0, 0, 0, 0, 0, 0, 2, 0, 0, 0, 0, 0, 0, 0, 2, 2, 2, 3, 2, 0, 1, 1, 4, 2, 5, 1, 6, 2, 4, 2, 3, 615, 0, 1, 0, 0, 0, 0]",2,0.4000000123521219,-1,0
2961,"[1, 1, 0, 3, 1, 1, 0, 3, 0, 1, 0, 2, 0, 0, 0, 0, 0, 1, 0, 0, 2, 0, 0, 0, 0, 0, 0, 0, 0, 0, 0, 0, 1, 1, 2, 2, 0, 0, 2, 0, 0, 1, 1, 0, 2, 2, 0, 1, 0, 0, 0, 0, 0, 0, 0, 2, 0, 0, 0, 0, 0, 0, 0, 2, 2, 2, 3, 2, 0, 1, 1, 4, 2, 5, 1, 6, 2, 4, 2, 3, 615, 0, 0, 0, 0, 0, 0]",-1,-0.00010667408850188541,-1,0
2962,"[1, 2, 0, 3, 1, 2, 0, 3, 0, 1, 0, 2, 0, 0, 0, 0, 0, 1, 0, 0, 2, 0, 0, 0, 0, 0, 0, 0, 0, 0, 0, 0, 1, 1, 2, 2, 0, 0, 2, 0, 0, 1, 1, 0, 2, 2, 0, 1, 0, 0, 0, 0, 0, 0, 0, 2, 0, 0, 0, 0, 0, 0, 0, 2, 2, 2, 3, 2, 0, 1, 1, 4, 2, 5, 1, 6, 2, 4, 2, 3, 616, 0, 0, 0, 0, 0, 0]",4,12.742467828659304,-1,0
2963,"[1, 2, 0, 3, 2, 2, 0, 3, 0, 1, 0, 2, 0, 0, 0, 0, 0, 1, 0, 0, 2, 0, 0, 0, 0, 0, 0, 0, 0, 0, 0, 0, 1, 1, 2, 2, 0, 0, 2, 0, 0, 1, 1, 0, 2, 2, 0, 1, 0, 0, 0, 0, 0, 0, 0, 2, 0, 0, 0, 0, 0, 0, 0, 2, 2, 2, 3, 2, 0, 1, 1, 4, 2, 5, 1, 6, 2, 4, 2, 3, 617, 0, 0, 0, 0, 0, 0]",4,14.244064569217445,-1,1
2964,"[1, 2, 0, 3, 2, 2, 0, 3, 0, 1, 0, 2, 0, 0, 0, 0, 0, 1, 0, 0, 2, 0, 0, 0, 0, 0, 0, 0, 0, 0, 0, 0, 1, 1, 2, 2, 0, 0, 2, 0, 0, 1, 1, 0, 2, 2, 0, 1, 0, 0, 0, 0, 0, 0, 0, 2, 0, 0, 0, 0, 0, 0, 0, 2, 2, 2, 3, 2, 0, 1, 1, 4, 2, 5, 1, 6, 2, 4, 2, 3, 617, 0, 0, 0, 0, 0, 0]",1,0.6096241265020624,-1,0
2965,"[1, 2, 0, 3, 2, 2, 0, 3, 0, 1, 0, 2, 0, 0, 0, 0, 0, 1, 0, 0, 2, 0, 0, 0, 0, 0, 0, 0, 0, 0, 0, 0, 1, 1, 2, 2, 0, 0, 2, 0, 0, 1, 1, 0, 2, 2, 0, 1, 0, 0, 0, 0, 0, 0, 0, 2, 0, 0, 0, 0, 0, 0, 0, 2, 2, 2, 3, 2, 0, 1, 1, 4, 2, 5, 1, 6, 2, 4, 2, 3, 617, 0, 0, 0, 0, 0, 0]",-1,-0.00010456180002575553,-1,0
2966,"[1, 2, 0, 3, 2, 2, 0, 3, 0, 1, 0, 2, 0, 0, 0, 0, 0, 1, 0, 0, 2, 0, 0, 0, 0, 0, 0, 0, 0, 0, 0, 0, 1, 1, 2, 2, 0, 0, 2, 0, 0, 1, 1, 0, 2, 2, 0, 1, 0, 0, 0, 0, 0, 0, 0, 2, 0, 0, 0, 0, 0, 0, 0, 2, 2, 2, 3, 2, 0, 1, 1, 4, 2, 5, 1, 6, 2, 4, 2, 3, 617, 1, 0, 0, 0, 0, 0]",3,0.20000001140244572,-1,0
2967,"[1, 2, 0, 3, 2, 2, 0, 3, 0, 1, 0, 2, 0, 0, 0, 0, 0, 1, 0, 0, 2, 0, 0, 0, 0, 0, 0, 0, 0, 0, 0, 0, 1, 1, 2, 2, 0, 0, 2, 0, 0, 1, 1, 0, 2, 2, 0, 1, 0, 0, 0, 0, 0, 0, 0, 2, 0, 0, 0, 0, 0, 0, 0, 2, 2, 2, 3, 2, 0, 1, 1, 4, 2, 5, 1, 6, 2, 4, 2, 3, 617, 0, 0, 0, 0, 0, 0]",-1,-0.00010456180002575553,-1,0
2968,"[1, 2, 0, 3, 2, 2, 0, 3, 0, 1, 0, 2, 0, 0, 0, 0, 0, 1, 0, 0, 2, 0, 0, 0, 0, 0, 0, 0, 0, 0, 0, 0, 1, 1, 2, 2, 0, 0, 2, 0, 0, 1, 1, 0, 2, 2, 0, 1, 0, 0, 0, 0, 0, 0, 0, 2, 0, 0, 0, 0, 0, 0, 0, 2, 2, 2, 3, 2, 0, 1, 1, 4, 2, 5, 1, 6, 2, 4, 2, 3, 617, 0, 0, 0, 0, 0, 0]",1,0.6096241265020624,-1,0
2969,"[1, 2, 0, 3, 2, 2, 0, 3, 0, 1, 0, 2, 0, 0, 0, 0, 0, 1, 0, 0, 2, 0, 0, 0, 0, 0, 0, 0, 0, 0, 0, 0, 1, 1, 2, 2, 0, 0, 2, 0, 0, 1, 1, 0, 2, 2, 0, 1, 0, 0, 0, 0, 0, 0, 0, 2, 0, 0, 0, 0, 0, 0, 0, 2, 2, 2, 3, 2, 0, 1, 1, 4, 2, 5, 1, 6, 2, 4, 2, 3, 617, 0, 0, 0, 0, 0, 0]",-1,-0.00010456180002575553,-1,0
2970,"[1, 2, 0, 3, 2, 2, 0, 3, 0, 1, 0, 2, 0, 0, 0, 0, 0, 1, 0, 0, 2, 0, 0, 0, 0, 0, 0, 0, 0, 0, 0, 0, 1, 1, 2, 2, 0, 0, 2, 0, 0, 1, 1, 0, 2, 2, 0, 1, 0, 0, 0, 0, 0, 0, 0, 2, 0, 0, 0, 0, 0, 0, 0, 2, 2, 2, 3, 2, 0, 1, 1, 4, 2, 5, 1, 6, 2, 4, 2, 3, 617, 0, 1, 0, 0, 0, 0]",2,0.4000000114024457,-1,0
2971,"[1, 2, 0, 3, 2, 2, 0, 3, 0, 1, 0, 2, 0, 0, 0, 0, 0, 1, 0, 0, 2, 0, 0, 0, 0, 0, 0, 0, 0, 0, 0, 0, 1, 1, 2, 2, 0, 0, 2, 0, 0, 1, 1, 0, 2, 2, 0, 1, 0, 0, 0, 0, 0, 0, 0, 2, 0, 0, 0, 0, 0, 0, 0, 2, 2, 2, 3, 2, 0, 1, 1, 4, 2, 5, 1, 6, 2, 4, 2, 3, 617, 0, 0, 0, 0, 0, 0]",-1,-0.00010456180002575553,-1,0
2972,"[1, 2, 0, 3, 2, 2, 0, 3, 0, 1, 0, 2, 0, 0, 0, 0, 0, 1, 0, 0, 2, 0, 0, 0, 0, 0, 0, 0, 0, 0, 0, 0, 1, 1, 2, 2, 0, 0, 2, 0, 0, 1, 1, 0, 2, 2, 0, 1, 0, 0, 0, 0, 0, 0, 0, 2, 0, 0, 0, 0, 0, 0, 0, 2, 2, 2, 3, 2, 0, 1, 1, 4, 2, 5, 1, 6, 2, 4, 2, 3, 617, 0, 0, 0, 0, 0, 0]",1,0.6096241265020624,-1,0
2973,"[1, 2, 0, 3, 2, 2, 0, 3, 0, 1, 0, 2, 0, 0, 0, 0, 0, 1, 0, 0, 2, 0, 0, 0, 0, 0, 0, 0, 0, 0, 0, 0, 1, 1, 2, 2, 0, 0, 2, 0, 0, 1, 1, 0, 2, 2, 0, 1, 0, 0, 0, 0, 0, 0, 0, 2, 0, 0, 0, 0, 0, 0, 0, 2, 2, 2, 3, 2, 0, 1, 1, 4, 2, 5, 1, 6, 2, 4, 2, 3, 617, 0, 0, 0, 0, 0, 0]",-1,-0.00010456180002575553,-1,0
2974,"[1, 2, 0, 3, 2, 2, 0, 3, 0, 1, 0, 2, 0, 0, 0, 0, 0, 1, 0, 0, 2, 0, 0, 0, 0, 0, 0, 0, 0, 0, 0, 0, 1, 1, 2, 2, 0, 0, 2, 0, 0, 1, 1, 0, 2, 2, 0, 1, 0, 0, 0, 0, 0, 0, 0, 2, 0, 0, 0, 0, 0, 0, 0, 2, 2, 2, 3, 2, 0, 1, 1, 4, 2, 5, 1, 6, 2, 4, 2, 3, 617, 0, 0, 0, 0, 0, 0]",1,0.6096241265020624,-1,0
2975,"[1, 2, 0, 3, 2, 2, 0, 3, 0, 1, 0, 2, 0, 0, 0, 0, 0, 1, 0, 0, 2, 0, 0, 0, 0, 0, 0, 0, 0, 0, 0, 0, 1, 1, 2, 2, 0, 0, 2, 0, 0, 1, 1, 0, 2, 2, 0, 1, 0, 0, 0, 0, 0, 0, 0, 2, 0, 0, 0, 0, 0, 0, 0, 2, 2, 2, 3, 2, 0, 1, 1, 4, 2, 5, 1, 6, 2, 4, 2, 3, 617, 0, 0, 0, 0, 0, 0]",-1,-0.00010456180002575553,-1,0
2976,"[1, 2, 0, 3, 2, 2, 0, 3, 0, 1, 0, 2, 0, 0, 0, 0, 0, 1, 0, 0, 2, 0, 0, 0, 0, 0, 0, 0, 0, 0, 0, 0, 1, 1, 2, 2, 0, 0, 2, 0, 0, 1, 1, 0, 2, 2, 0, 1, 0, 0, 0, 0, 0, 0, 0, 2, 0, 0, 0, 0, 0, 0, 0, 2, 2, 2, 3, 2, 0, 1, 1, 4, 2, 5, 1, 6, 2, 4, 2, 3, 617, 0, 1, 0, 0, 0, 0]",2,0.4000000114024457,-1,0
2977,"[1, 2, 0, 3, 2, 2, 0, 3, 0, 1, 0, 2, 0, 0, 0, 0, 0, 1, 0, 0, 2, 0, 0, 0, 0, 0, 0, 0, 0, 0, 0, 0, 1, 1, 2, 2, 0, 0, 2, 0, 0, 1, 1, 0, 2, 2, 0, 1, 0, 0, 0, 0, 0, 0, 0, 2, 0, 0, 0, 0, 0, 0, 0, 2, 2, 2, 3, 2, 0, 1, 1, 4, 2, 5, 1, 6, 2, 4, 2, 3, 617, 0, 0, 0, 0, 0, 0]",-1,-0.00010456180002575553,-1,0
2978,"[1, 2, 0, 3, 2, 2, 0, 3, 0, 1, 0, 2, 0, 0, 0, 0, 0, 1, 0, 0, 2, 0, 0, 0, 0, 0, 0, 0, 0, 0, 0, 0, 1, 1, 2, 2, 0, 0, 2, 0, 0, 1, 1, 0, 2, 2, 0, 1, 0, 0, 0, 0, 0, 0, 0, 2, 0, 0, 0, 0, 0, 0, 0, 2, 2, 2, 3, 2, 0, 1, 1, 4, 2, 5, 1, 6, 2, 4, 2, 3, 617, 0, 0, 0, 0, 0, 0]",1,0.6096241265020624,-1,0
2979,"[1, 2, 0, 3, 2, 2, 0, 3, 0, 1, 0, 2, 0, 0, 0, 0, 0, 1, 0, 0, 2, 0, 0, 0, 0, 0, 0, 0, 0, 0, 0, 0, 1, 1, 2, 2, 0, 0, 2, 0, 0, 1, 1, 0, 2, 2, 0, 1, 0, 0, 0, 0, 0, 0, 0, 2, 0, 0, 0, 0, 0, 0, 0, 2, 2, 2, 3, 2, 0, 1, 1, 4, 2, 5, 1, 6, 2, 4, 2, 3, 617, 0, 0, 0, 0, 0, 0]",-1,-0.00010456180002575553,-1,0
2980,"[1, 2, 0, 3, 3, 2, 0, 3, 0, 1, 0, 2, 0, 0, 0, 0, 0, 1, 0, 0, 2, 0, 0, 0, 0, 0, 0, 0, 0, 0, 0, 0, 1, 1, 2, 2, 0, 0, 2, 0, 0, 1, 1, 0, 2, 2, 0, 1, 0, 0, 0, 0, 0, 0, 0, 2, 0, 0, 0, 0, 0, 0, 0, 2, 2, 2, 3, 2, 0, 1, 1, 4, 2, 5, 1, 6, 2, 4, 2, 3, 618, 0, 0, 0, 0, 0, 0]",4,12.742463603169913,-1,0
2981,"[1, 2, 0, 3, 3, 2, 0, 3, 0, 1, 0, 2, 0, 0, 0, 0, 0, 1, 0, 0, 2, 0, 0, 0, 0, 0, 0, 0, 0, 0, 0, 0, 1, 1, 2, 2, 0, 0, 2, 0, 0, 1, 1, 0, 2, 2, 0, 1, 0, 0, 0, 0, 0, 0, 0, 2, 0, 0, 0, 0, 0, 0, 0, 2, 2, 2, 3, 2, 0, 1, 1, 4, 2, 5, 1, 6, 2, 4, 2, 3, 618, 0, 1, 0, 0, 0, 0]",2,0.4000000109553494,-1,1
2982,"[1, 2, 0, 3, 3, 2, 0, 3, 0, 1, 0, 2, 0, 0, 0, 0, 0, 1, 0, 0, 2, 0, 0, 0, 0, 0, 0, 0, 0, 0, 0, 0, 1, 1, 2, 2, 0, 0, 2, 0, 0, 1, 1, 0, 2, 2, 0, 1, 0, 0, 0, 0, 0, 0, 0, 2, 0, 0, 0, 0, 0, 0, 0, 2, 2, 2, 3, 2, 0, 1, 1, 4, 2, 5, 1, 6, 2, 4, 2, 3, 618, 0, 1, 0, 0, 1, 0]","[[1 0 0 0]
 [0 1 0 0]]",0.6504248760134403,-1,1
2983,"[1, 2, 0, 3, 3, 2, 0, 3, 0, 1, 0, 2, 0, 0, 0, 0, 0, 1, 0, 0, 2, 0, 0, 0, 0, 0, 0, 0, 0, 0, 0, 0, 1, 1, 2, 2, 0, 0, 2, 0, 0, 1, 1, 0, 2, 2, 0, 1, 0, 0, 0, 0, 0, 0, 0, 2, 0, 0, 0, 0, 0, 0, 0, 2, 2, 2, 3, 2, 0, 1, 1, 4, 2, 5, 1, 6, 2, 4, 2, 3, 618, 0, 0, 0, 0, 0, 0]",1,-0.19999998904465055,-1,0
2984,"[1, 2, 0, 4, 3, 2, 0, 4, 0, 1, 0, 2, 0, 0, 0, 0, 0, 1, 0, 0, 2, 0, 0, 0, 0, 0, 0, 0, 0, 0, 0, 0, 1, 1, 2, 2, 0, 0, 2, 0, 0, 1, 1, 0, 2, 2, 0, 1, 0, 0, 0, 0, 0, 0, 0, 2, 0, 0, 0, 0, 0, 0, 0, 2, 2, 2, 3, 2, 0, 1, 1, 4, 2, 5, 1, 6, 2, 4, 2, 3, 619, 0, 0, 0, 0, 0, 0]",4,14.130853166085668,-1,1
2985,"[1, 2, 0, 4, 4, 2, 0, 4, 0, 1, 0, 2, 0, 0, 0, 0, 0, 1, 0, 0, 2, 0, 0, 0, 0, 0, 0, 0, 0, 0, 0, 0, 1, 1, 2, 2, 0, 0, 2, 0, 0, 1, 1, 0, 2, 2, 0, 1, 0, 0, 0, 0, 0, 0, 0, 2, 0, 0, 0, 0, 0, 0, 0, 2, 2, 2, 3, 2, 0, 1, 1, 4, 2, 5, 1, 6, 2, 4, 2, 3, 620, 0, 0, 0, 0, 0, 0]",4,12.628791074802034,-1,0
2986,"[1, 2, 0, 4, 5, 2, 0, 4, 0, 1, 0, 2, 0, 0, 0, 0, 0, 1, 0, 0, 2, 0, 0, 0, 0, 0, 0, 0, 0, 0, 0, 0, 1, 1, 2, 2, 0, 0, 2, 0, 0, 1, 1, 0, 2, 2, 0, 1, 0, 0, 0, 0, 0, 0, 0, 2, 0, 0, 0, 0, 0, 0, 0, 2, 2, 2, 3, 2, 0, 1, 1, 4, 2, 5, 1, 6, 2, 4, 2, 3, 621, 0, 0, 0, 0, 0, 0]",4,14.044580174045137,-1,1
2987,"[1, 2, 0, 4, 5, 2, 0, 4, 0, 1, 0, 2, 0, 0, 0, 0, 0, 1, 0, 0, 2, 0, 0, 0, 0, 0, 0, 0, 0, 0, 0, 0, 1, 1, 2, 2, 0, 0, 2, 0, 0, 1, 1, 0, 2, 2, 0, 1, 0, 0, 0, 0, 0, 0, 0, 2, 0, 0, 0, 0, 0, 0, 0, 2, 2, 2, 3, 2, 0, 1, 1, 4, 2, 5, 1, 6, 2, 4, 2, 3, 621, 0, 1, 0, 0, 0, 0]",2,0.4000000097165234,-1,0
2988,"[1, 2, 0, 4, 5, 2, 0, 4, 0, 1, 0, 2, 0, 0, 0, 0, 0, 1, 0, 0, 2, 0, 0, 0, 0, 0, 0, 0, 0, 0, 0, 0, 1, 1, 2, 2, 0, 0, 2, 0, 0, 1, 1, 0, 2, 2, 0, 1, 0, 0, 0, 0, 0, 0, 0, 2, 0, 0, 0, 0, 0, 0, 0, 2, 2, 2, 3, 2, 0, 1, 1, 4, 2, 5, 1, 6, 2, 4, 2, 3, 621, 0, 0, 0, 0, 0, 0]",-1,-0.00010046187320350302,-1,0
2989,"[1, 2, 0, 4, 5, 2, 0, 4, 0, 1, 0, 2, 0, 0, 0, 0, 0, 1, 0, 0, 2, 0, 0, 0, 0, 0, 0, 0, 0, 0, 0, 0, 1, 1, 2, 2, 0, 0, 2, 0, 0, 1, 1, 0, 2, 2, 0, 1, 0, 0, 0, 0, 0, 0, 0, 2, 0, 0, 0, 0, 0, 0, 0, 2, 2, 2, 3, 2, 0, 1, 1, 4, 2, 5, 1, 6, 2, 4, 2, 3, 621, 1, 0, 0, 0, 0, 0]",3,0.2000000097165234,-1,0
2990,"[1, 2, 0, 4, 5, 2, 0, 4, 0, 1, 0, 2, 0, 0, 0, 0, 0, 1, 0, 0, 2, 0, 0, 0, 0, 0, 0, 0, 0, 0, 0, 0, 1, 1, 2, 2, 0, 0, 2, 0, 0, 1, 1, 0, 2, 2, 0, 1, 0, 0, 0, 0, 0, 0, 0, 2, 0, 0, 0, 0, 0, 0, 0, 2, 2, 2, 3, 2, 0, 1, 1, 4, 2, 5, 1, 6, 2, 4, 2, 3, 621, 0, 0, 0, 0, 0, 0]",-1,-0.00010046187320350302,-1,0
2991,"[1, 1, 0, 2, 2, 1, 0, 2, 0, 1, 0, 2, 0, 0, 0, 0, 0, 1, 0, 0, 2, 0, 0, 0, 0, 0, 0, 0, 0, 0, 0, 0, 1, 1, 2, 2, 0, 0, 2, 0, 0, 1, 1, 0, 2, 2, 0, 1, 0, 0, 0, 0, 0, 0, 0, 2, 0, 0, 0, 0, 0, 0, 0, 2, 2, 2, 3, 2, 0, 1, 1, 4, 2, 5, 1, 6, 2, 4, 2, 3, 622, 0, 0, 0, 0, 0, 0]",4,12.973969496455783,-1,0
2992,"[1, 1, 0, 2, 2, 1, 0, 2, 0, 1, 0, 2, 0, 0, 0, 0, 0, 1, 0, 0, 2, 0, 0, 0, 0, 0, 0, 0, 0, 0, 0, 0, 1, 1, 2, 2, 0, 0, 2, 0, 0, 1, 1, 0, 2, 2, 0, 1, 0, 0, 0, 0, 0, 0, 0, 2, 0, 0, 0, 0, 0, 0, 0, 2, 2, 2, 3, 2, 0, 1, 1, 4, 2, 5, 1, 6, 2, 4, 2, 3, 623, 0, 0, 0, 0, 0, 0]",4,14.272640437425924,-1,1
2993,"[1, 1, 0, 2, 2, 1, 0, 2, 0, 1, 0, 2, 0, 0, 0, 0, 0, 1, 0, 0, 2, 0, 0, 0, 0, 0, 0, 0, 0, 0, 0, 0, 1, 1, 2, 2, 0, 0, 2, 0, 0, 1, 1, 0, 2, 2, 0, 1, 0, 0, 0, 0, 0, 0, 0, 2, 0, 0, 0, 0, 0, 0, 0, 2, 2, 2, 3, 2, 0, 1, 1, 4, 2, 5, 1, 6, 2, 4, 2, 3, 623, 0, 1, 0, 0, 0, 0]",2,0.40000000896948157,-1,0
2994,"[1, 1, 0, 2, 2, 1, 0, 2, 0, 1, 0, 2, 0, 0, 0, 0, 0, 1, 0, 0, 2, 0, 0, 0, 0, 0, 0, 0, 0, 0, 0, 0, 1, 1, 2, 2, 0, 0, 2, 0, 0, 1, 1, 0, 2, 2, 0, 1, 0, 0, 0, 0, 0, 0, 0, 2, 0, 0, 0, 0, 0, 0, 0, 2, 2, 2, 3, 2, 0, 1, 1, 4, 2, 5, 1, 6, 2, 4, 2, 3, 623, 0, 0, 0, 0, 0, 0]",-1,-9.847259483198507e-05,-1,0
2995,"[1, 1, 0, 2, 2, 1, 0, 2, 0, 1, 0, 2, 0, 0, 0, 0, 0, 1, 0, 0, 2, 0, 0, 0, 0, 0, 0, 0, 0, 0, 0, 0, 1, 1, 2, 2, 0, 0, 2, 0, 0, 1, 1, 0, 2, 2, 0, 1, 0, 0, 0, 0, 0, 0, 0, 2, 0, 0, 0, 0, 0, 0, 0, 2, 2, 2, 3, 2, 0, 1, 1, 4, 2, 5, 1, 6, 2, 4, 2, 3, 623, 1, 0, 0, 0, 0, 0]",3,0.2000000089694816,-1,0
2996,"[1, 1, 0, 2, 2, 1, 0, 2, 0, 1, 0, 2, 0, 0, 0, 0, 0, 1, 0, 0, 2, 0, 0, 0, 0, 0, 0, 0, 0, 0, 0, 0, 1, 1, 2, 2, 0, 0, 2, 0, 0, 1, 1, 0, 2, 2, 0, 1, 0, 0, 0, 0, 0, 0, 0, 2, 0, 0, 0, 0, 0, 0, 0, 2, 2, 2, 3, 2, 0, 1, 1, 4, 2, 5, 1, 6, 2, 4, 2, 3, 623, 0, 0, 0, 0, 0, 0]",-1,-9.847259483198507e-05,-1,0
2997,"[1, 1, 0, 2, 2, 1, 0, 2, 0, 1, 0, 2, 0, 0, 0, 0, 0, 1, 0, 0, 2, 0, 0, 0, 0, 0, 0, 0, 0, 0, 0, 0, 1, 1, 2, 2, 0, 0, 2, 0, 0, 1, 1, 0, 2, 2, 0, 1, 0, 0, 0, 0, 0, 0, 0, 2, 0, 0, 0, 0, 0, 0, 0, 2, 2, 2, 3, 2, 0, 1, 1, 4, 2, 5, 1, 6, 2, 4, 2, 3, 623, 0, 0, 0, 0, 0, 0]",1,0.6096241240690983,-1,0
2998,"[1, 1, 0, 2, 2, 1, 0, 2, 0, 1, 0, 2, 0, 0, 0, 0, 0, 1, 0, 0, 2, 0, 0, 0, 0, 0, 0, 0, 0, 0, 0, 0, 1, 1, 2, 2, 0, 0, 2, 0, 0, 1, 1, 0, 2, 2, 0, 1, 0, 0, 0, 0, 0, 0, 0, 2, 0, 0, 0, 0, 0, 0, 0, 2, 2, 2, 3, 2, 0, 1, 1, 4, 2, 5, 1, 6, 2, 4, 2, 3, 623, 0, 0, 0, 0, 0, 0]",-1,-9.847259483198507e-05,-1,0
2999,"[1, 2, 0, 2, 2, 2, 0, 2, 0, 1, 0, 2, 0, 0, 0, 0, 0, 1, 0, 0, 2, 0, 0, 0, 0, 0, 0, 0, 0, 0, 0, 0, 1, 1, 2, 2, 0, 0, 2, 0, 0, 1, 1, 0, 2, 2, 0, 1, 0, 0, 0, 0, 0, 0, 0, 2, 0, 0, 0, 0, 0, 0, 0, 2, 2, 2, 3, 2, 0, 1, 1, 4, 2, 5, 1, 6, 2, 4, 2, 3, 624, 0, 0, 0, 0, 0, 0]",4,12.872638457742163,-1,0
3000,"[1, 2, 0, 2, 2, 2, 0, 2, 0, 1, 0, 2, 0, 0, 0, 0, 0, 1, 0, 0, 2, 0, 0, 0, 0, 0, 0, 0, 0, 0, 0, 0, 1, 1, 2, 2, 0, 0, 2, 0, 0, 1, 1, 0, 2, 2, 0, 1, 0, 0, 0, 0, 0, 0, 0, 2, 0, 0, 0, 0, 0, 0, 0, 2, 2, 2, 3, 2, 0, 1, 1, 4, 2, 5, 1, 6, 2, 4, 2, 3, 624, 0, 1, 0, 0, 0, 0]",2,0.4000000086177832,-1,1
3001,"[1, 2, 0, 2, 2, 2, 0, 2, 0, 1, 0, 2, 0, 0, 0, 0, 0, 1, 0, 0, 2, 0, 0, 0, 0, 0, 0, 0, 0, 0, 0, 0, 1, 1, 2, 2, 0, 0, 2, 0, 0, 1, 1, 0, 2, 2, 0, 1, 0, 0, 0, 0, 0, 0, 0, 2, 0, 0, 0, 0, 0, 0, 0, 2, 2, 2, 3, 2, 0, 1, 1, 4, 2, 5, 1, 6, 2, 4, 2, 3, 624, 0, 1, 0, 0, 1, 0]","[[1 0 0 0]
 [0 1 0 0]]",0.6504248736758741,-1,1
3002,"[1, 2, 0, 2, 2, 2, 0, 2, 0, 1, 0, 2, 0, 0, 0, 0, 0, 1, 0, 0, 2, 0, 0, 0, 0, 0, 0, 0, 0, 0, 0, 0, 1, 1, 2, 2, 0, 0, 2, 0, 0, 1, 1, 0, 2, 2, 0, 1, 0, 0, 0, 0, 0, 0, 0, 2, 0, 0, 0, 0, 0, 0, 0, 2, 2, 2, 3, 2, 0, 1, 1, 4, 2, 5, 1, 6, 2, 4, 2, 3, 624, 0, 0, 0, 0, 0, 0]",1,-0.19999999138221683,-1,0
3003,"[1, 3, 0, 2, 2, 3, 0, 2, 0, 1, 0, 2, 0, 0, 0, 0, 0, 1, 0, 0, 2, 0, 0, 0, 0, 0, 0, 0, 0, 0, 0, 0, 1, 1, 2, 2, 0, 0, 2, 0, 0, 1, 1, 0, 2, 2, 0, 1, 0, 0, 0, 0, 0, 0, 0, 2, 0, 0, 0, 0, 0, 0, 0, 2, 2, 2, 3, 2, 0, 1, 1, 4, 2, 5, 1, 6, 2, 4, 2, 3, 625, 0, 0, 0, 0, 0, 0]",4,14.244048326319984,-1,1
3004,"[1, 3, 0, 2, 2, 3, 0, 2, 0, 1, 0, 2, 0, 0, 0, 0, 0, 1, 0, 0, 2, 0, 0, 0, 0, 0, 0, 0, 0, 0, 0, 0, 1, 1, 2, 2, 0, 0, 2, 0, 0, 1, 1, 0, 2, 2, 0, 1, 0, 0, 0, 0, 0, 0, 0, 2, 0, 0, 0, 0, 0, 0, 0, 2, 2, 2, 3, 2, 0, 1, 1, 4, 2, 5, 1, 6, 2, 4, 2, 3, 625, 0, 0, 0, 0, 0, 0]",1,0.6096241233794919,-1,0
3005,"[1, 3, 0, 2, 2, 3, 0, 2, 0, 1, 0, 2, 0, 0, 0, 0, 0, 1, 0, 0, 2, 0, 0, 0, 0, 0, 0, 0, 0, 0, 0, 0, 1, 1, 2, 2, 0, 0, 2, 0, 0, 1, 1, 0, 2, 2, 0, 1, 0, 0, 0, 0, 0, 0, 0, 2, 0, 0, 0, 0, 0, 0, 0, 2, 2, 2, 3, 2, 0, 1, 1, 4, 2, 5, 1, 6, 2, 4, 2, 3, 625, 0, 0, 0, 0, 0, 0]",-1,-9.652270681138547e-05,-1,0
3006,"[1, 3, 0, 3, 2, 3, 0, 3, 0, 1, 0, 2, 0, 0, 0, 0, 0, 1, 0, 0, 2, 0, 0, 0, 0, 0, 0, 0, 0, 0, 0, 0, 1, 1, 2, 2, 0, 0, 2, 0, 0, 1, 1, 0, 2, 2, 0, 1, 0, 0, 0, 0, 0, 0, 0, 2, 0, 0, 0, 0, 0, 0, 0, 2, 2, 2, 3, 2, 0, 1, 1, 4, 2, 5, 1, 6, 2, 4, 2, 3, 626, 0, 0, 0, 0, 0, 0]",4,14.21178316165268,-1,1
3007,"[1, 3, 0, 4, 2, 3, 0, 4, 0, 1, 0, 2, 0, 0, 0, 0, 0, 1, 0, 0, 2, 0, 0, 0, 0, 0, 0, 0, 0, 0, 0, 0, 1, 1, 2, 2, 0, 0, 2, 0, 0, 1, 1, 0, 2, 2, 0, 1, 0, 0, 0, 0, 0, 0, 0, 2, 0, 0, 0, 0, 0, 0, 0, 2, 2, 2, 3, 2, 0, 1, 1, 4, 2, 5, 1, 6, 2, 4, 2, 3, 627, 0, 0, 0, 0, 0, 0]",4,12.621011543401854,-1,0
3008,"[1, 1, 0, 2, 1, 1, 0, 2, 0, 1, 0, 2, 0, 0, 0, 0, 0, 1, 0, 0, 2, 0, 0, 0, 0, 0, 0, 0, 0, 0, 0, 0, 1, 1, 2, 2, 0, 0, 2, 0, 0, 1, 1, 0, 2, 2, 0, 1, 0, 0, 0, 0, 0, 0, 0, 2, 0, 0, 0, 0, 0, 0, 0, 2, 2, 2, 3, 2, 0, 1, 1, 4, 2, 5, 1, 6, 2, 4, 2, 2, 628, 0, 0, 0, 0, 0, 0]",4,14.373957793575755,-1,1
3009,"[1, 1, 0, 2, 1, 1, 0, 2, 0, 1, 0, 2, 0, 0, 0, 0, 0, 1, 0, 0, 2, 0, 0, 0, 0, 0, 0, 0, 0, 0, 0, 0, 1, 1, 2, 2, 0, 0, 2, 0, 0, 1, 1, 0, 2, 2, 0, 1, 0, 0, 0, 0, 0, 0, 0, 2, 0, 0, 0, 0, 0, 0, 0, 2, 2, 2, 3, 2, 0, 1, 1, 4, 2, 5, 1, 6, 2, 4, 2, 2, 628, 0, 0, 0, 0, 0, 0]",1,0.6096241224432072,-1,0
3010,"[1, 1, 0, 2, 1, 1, 0, 2, 0, 1, 0, 2, 0, 0, 0, 0, 0, 1, 0, 0, 2, 0, 0, 0, 0, 0, 0, 0, 0, 0, 0, 0, 1, 1, 2, 2, 0, 0, 2, 0, 0, 1, 1, 0, 2, 2, 0, 1, 0, 0, 0, 0, 0, 0, 0, 2, 0, 0, 0, 0, 0, 0, 0, 2, 2, 2, 3, 2, 0, 1, 1, 4, 2, 5, 1, 6, 2, 4, 2, 2, 628, 0, 0, 0, 0, 0, 0]",-1,-9.367002971112117e-05,-1,0
3011,"[1, 1, 0, 3, 1, 1, 0, 3, 0, 1, 0, 2, 0, 0, 0, 0, 0, 1, 0, 0, 2, 0, 0, 0, 0, 0, 0, 0, 0, 0, 0, 0, 1, 1, 2, 2, 0, 0, 2, 0, 0, 1, 1, 0, 2, 2, 0, 1, 0, 0, 0, 0, 0, 0, 0, 2, 0, 0, 0, 0, 0, 0, 0, 2, 2, 2, 3, 2, 0, 1, 1, 4, 2, 5, 1, 6, 2, 4, 2, 2, 629, 0, 0, 0, 0, 0, 0]",4,12.713142813430498,-1,0
3012,"[1, 1, 0, 3, 1, 1, 0, 3, 0, 1, 0, 2, 0, 0, 0, 0, 0, 1, 0, 0, 2, 0, 0, 0, 0, 0, 0, 0, 0, 0, 0, 0, 1, 1, 2, 2, 0, 0, 2, 0, 0, 1, 1, 0, 2, 2, 0, 1, 0, 0, 0, 0, 0, 0, 0, 2, 0, 0, 0, 0, 0, 0, 0, 2, 2, 2, 3, 2, 0, 1, 1, 4, 2, 5, 1, 6, 2, 4, 2, 2, 629, 0, 1, 0, 0, 0, 0]",2,0.40000000705564415,-1,1
3013,"[1, 1, 0, 3, 1, 1, 0, 3, 0, 1, 0, 2, 0, 0, 0, 0, 0, 1, 0, 0, 2, 0, 0, 0, 0, 0, 0, 0, 0, 0, 0, 0, 1, 1, 2, 2, 0, 0, 2, 0, 0, 1, 1, 0, 2, 2, 0, 1, 0, 0, 0, 0, 0, 0, 0, 2, 0, 0, 0, 0, 0, 0, 0, 2, 2, 2, 3, 2, 0, 1, 1, 4, 2, 5, 1, 6, 2, 4, 2, 2, 629, 0, 1, 0, 0, 1, 0]","[[1 0 0 0]
 [0 1 0 0]]",0.6504248721137351,-1,1
3014,"[2, 0, 0, 3, 0, 2, 0, 3, 0, 1, 0, 2, 0, 0, 0, 0, 0, 1, 0, 0, 2, 0, 0, 0, 0, 0, 0, 0, 0, 0, 0, 0, 1, 1, 2, 2, 0, 0, 2, 0, 0, 1, 1, 0, 2, 2, 0, 1, 0, 0, 0, 0, 0, 0, 0, 2, 0, 0, 0, 0, 0, 0, 0, 2, 2, 2, 3, 2, 0, 1, 1, 4, 2, 5, 1, 6, 2, 4, 2, 2, 629, 0, 0, 0, 0, 0, 0]",0,-0.19999999294435583,-1,0
3015,"[1, 0, 0, 1, 0, 1, 0, 1, 0, 1, 0, 2, 0, 0, 0, 0, 0, 1, 0, 0, 2, 0, 0, 0, 0, 0, 0, 0, 0, 0, 0, 0, 1, 1, 2, 2, 0, 0, 2, 0, 0, 1, 1, 0, 2, 2, 0, 1, 0, 0, 0, 0, 0, 0, 0, 2, 0, 0, 0, 0, 0, 0, 0, 2, 2, 2, 3, 2, 0, 1, 1, 4, 2, 5, 1, 6, 2, 4, 2, 5, 630, 0, 0, 0, 0, 0, 0]",4,14.259648654067451,-1,1
3016,"[1, 0, 0, 1, 0, 1, 0, 1, 0, 1, 0, 2, 0, 0, 0, 0, 0, 1, 0, 0, 2, 0, 0, 0, 0, 0, 0, 0, 0, 0, 0, 0, 1, 1, 2, 2, 0, 0, 2, 0, 0, 1, 1, 0, 2, 2, 0, 1, 0, 0, 0, 0, 0, 0, 0, 2, 0, 0, 0, 0, 0, 0, 0, 2, 2, 2, 3, 2, 0, 1, 1, 4, 2, 5, 1, 6, 2, 4, 2, 5, 630, 0, 0, 0, 0, 0, 0]",1,0.6096241218786052,-1,0
3017,"[1, 0, 0, 1, 0, 1, 0, 1, 0, 1, 0, 2, 0, 0, 0, 0, 0, 1, 0, 0, 2, 0, 0, 0, 0, 0, 0, 0, 0, 0, 0, 0, 1, 1, 2, 2, 0, 0, 2, 0, 0, 1, 1, 0, 2, 2, 0, 1, 0, 0, 0, 0, 0, 0, 0, 2, 0, 0, 0, 0, 0, 0, 0, 2, 2, 2, 3, 2, 0, 1, 1, 4, 2, 5, 1, 6, 2, 4, 2, 5, 630, 0, 0, 0, 0, 0, 0]",-1,-9.181523885144536e-05,-1,0
3018,"[1, 0, 0, 1, 0, 1, 0, 1, 0, 1, 0, 2, 0, 0, 0, 0, 0, 1, 0, 0, 2, 0, 0, 0, 0, 0, 0, 0, 0, 0, 0, 0, 1, 1, 2, 2, 0, 0, 2, 0, 0, 1, 1, 0, 2, 2, 0, 1, 0, 0, 0, 0, 0, 0, 0, 2, 0, 0, 0, 0, 0, 0, 0, 2, 2, 2, 3, 2, 0, 1, 1, 4, 2, 5, 1, 6, 2, 4, 2, 5, 631, 0, 0, 0, 0, 0, 0]",4,14.25964680828466,-1,1
3019,"[1, 1, 0, 1, 0, 2, 0, 1, 0, 1, 0, 2, 0, 0, 0, 0, 0, 1, 0, 0, 2, 0, 0, 0, 0, 0, 0, 0, 0, 0, 0, 0, 1, 1, 2, 2, 0, 0, 2, 0, 0, 1, 1, 0, 2, 2, 0, 1, 0, 0, 0, 0, 0, 0, 0, 2, 0, 0, 0, 0, 0, 0, 0, 2, 2, 2, 3, 2, 0, 1, 1, 4, 2, 5, 1, 6, 2, 4, 2, 5, 632, 0, 0, 0, 0, 0, 0]",4,13.13357509359184,-1,0
3020,"[1, 1, 0, 1, 0, 2, 0, 1, 0, 1, 0, 2, 0, 0, 0, 0, 0, 1, 0, 0, 2, 0, 0, 0, 0, 0, 0, 0, 0, 0, 0, 0, 1, 1, 2, 2, 0, 0, 2, 0, 0, 1, 1, 0, 2, 2, 0, 1, 0, 0, 0, 0, 0, 0, 0, 2, 0, 0, 0, 0, 0, 0, 0, 2, 2, 2, 3, 2, 0, 1, 1, 4, 2, 5, 1, 6, 2, 4, 2, 5, 633, 0, 0, 0, 0, 0, 0]",4,14.05584864218303,-1,1
3021,"[1, 1, 0, 1, 0, 2, 0, 1, 0, 1, 0, 2, 0, 0, 0, 0, 0, 1, 0, 0, 2, 0, 0, 0, 0, 0, 0, 0, 0, 0, 0, 0, 1, 1, 2, 2, 0, 0, 2, 0, 0, 1, 1, 0, 2, 2, 0, 1, 0, 0, 0, 0, 0, 0, 0, 2, 0, 0, 0, 0, 0, 0, 0, 2, 2, 2, 3, 2, 0, 1, 1, 4, 2, 5, 1, 6, 2, 4, 2, 5, 633, 1, 0, 0, 0, 0, 0]",3,0.2000000060124234,-1,0
3022,"[1, 1, 0, 1, 0, 2, 0, 1, 0, 1, 0, 2, 0, 0, 0, 0, 0, 1, 0, 0, 2, 0, 0, 0, 0, 0, 0, 0, 0, 0, 0, 0, 1, 1, 2, 2, 0, 0, 2, 0, 0, 1, 1, 0, 2, 2, 0, 1, 0, 0, 0, 0, 0, 0, 0, 2, 0, 0, 0, 0, 0, 0, 0, 2, 2, 2, 3, 2, 0, 1, 1, 4, 2, 5, 1, 6, 2, 4, 2, 5, 633, 0, 0, 0, 0, 0, 0]",-1,-8.910168845507459e-05,-1,0
3023,"[1, 1, 0, 2, 0, 2, 0, 2, 0, 1, 0, 2, 0, 0, 0, 0, 0, 1, 0, 0, 2, 0, 0, 0, 0, 0, 0, 0, 0, 0, 0, 0, 1, 1, 2, 2, 0, 0, 2, 0, 0, 1, 1, 0, 2, 2, 0, 1, 0, 0, 0, 0, 0, 0, 0, 2, 0, 0, 0, 0, 0, 0, 0, 2, 2, 2, 3, 2, 0, 1, 1, 4, 2, 5, 1, 6, 2, 4, 2, 5, 634, 0, 0, 0, 0, 0, 0]",4,12.973946772527425,-1,0
3024,"[1, 1, 0, 2, 0, 2, 0, 2, 0, 1, 0, 2, 0, 0, 0, 0, 0, 1, 0, 0, 2, 0, 0, 0, 0, 0, 0, 0, 0, 0, 0, 0, 1, 1, 2, 2, 0, 0, 2, 0, 0, 1, 1, 0, 2, 2, 0, 1, 0, 0, 0, 0, 0, 0, 0, 2, 0, 0, 0, 0, 0, 0, 0, 2, 2, 2, 3, 2, 0, 1, 1, 4, 2, 5, 1, 6, 2, 4, 2, 5, 634, 0, 1, 0, 0, 0, 0]",2,0.4000000057766729,-1,1
3025,"[1, 1, 0, 2, 0, 2, 0, 2, 0, 1, 0, 2, 0, 0, 0, 0, 0, 1, 0, 0, 2, 0, 0, 0, 0, 0, 0, 0, 0, 0, 0, 0, 1, 1, 2, 2, 0, 0, 2, 0, 0, 1, 1, 0, 2, 2, 0, 1, 0, 0, 0, 0, 0, 0, 0, 2, 0, 0, 0, 0, 0, 0, 0, 2, 2, 2, 3, 2, 0, 1, 1, 4, 2, 5, 1, 6, 2, 4, 2, 5, 634, 0, 1, 0, 0, 1, 0]","[[0 1 0 0]
 [1 0 0 0]]",0.6504248708347637,-1,1
3026,"[0, 2, 0, 2, 1, 1, 0, 2, 0, 1, 0, 2, 0, 0, 0, 0, 0, 1, 0, 0, 2, 0, 0, 0, 0, 0, 0, 0, 0, 0, 0, 0, 1, 1, 2, 2, 0, 0, 2, 0, 0, 1, 1, 0, 2, 2, 0, 1, 0, 0, 0, 0, 0, 0, 0, 2, 0, 0, 0, 0, 0, 0, 0, 2, 2, 2, 3, 2, 0, 1, 1, 4, 2, 5, 1, 6, 2, 4, 2, 5, 634, 0, 0, 0, 0, 0, 0]",0,-0.1999999942233271,-1,0
3027,"[0, 3, 0, 2, 1, 2, 0, 2, 0, 1, 0, 2, 0, 0, 0, 0, 0, 1, 0, 0, 2, 0, 0, 0, 0, 0, 0, 0, 0, 0, 0, 0, 1, 1, 2, 2, 0, 0, 2, 0, 0, 1, 1, 0, 2, 2, 0, 1, 0, 0, 0, 0, 0, 0, 0, 2, 0, 0, 0, 0, 0, 0, 0, 2, 2, 2, 3, 2, 0, 1, 1, 4, 2, 5, 1, 6, 2, 4, 2, 5, 635, 0, 0, 0, 0, 0, 0]",4,14.272617939708566,-1,1
3028,"[0, 3, 0, 3, 1, 2, 0, 3, 0, 1, 0, 2, 0, 0, 0, 0, 0, 1, 0, 0, 2, 0, 0, 0, 0, 0, 0, 0, 0, 0, 0, 0, 1, 1, 2, 2, 0, 0, 2, 0, 0, 1, 1, 0, 2, 2, 0, 1, 0, 0, 0, 0, 0, 0, 0, 2, 0, 0, 0, 0, 0, 0, 0, 2, 2, 2, 3, 2, 0, 1, 1, 4, 2, 5, 1, 6, 2, 4, 2, 5, 636, 0, 0, 0, 0, 0, 0]",4,12.510249042677696,-1,0
3029,"[0, 4, 0, 3, 1, 3, 0, 3, 0, 1, 0, 2, 0, 0, 0, 0, 0, 1, 0, 0, 2, 0, 0, 0, 0, 0, 0, 0, 0, 0, 0, 0, 1, 1, 2, 2, 0, 0, 2, 0, 0, 1, 1, 0, 2, 2, 0, 1, 0, 0, 0, 0, 0, 0, 0, 2, 0, 0, 0, 0, 0, 0, 0, 2, 2, 2, 3, 2, 0, 1, 1, 4, 2, 5, 1, 6, 2, 4, 2, 5, 637, 0, 0, 0, 0, 0, 0]",4,14.087131512488792,-1,1
3030,"[0, 5, 0, 3, 1, 4, 0, 3, 0, 1, 0, 2, 0, 0, 0, 0, 0, 1, 0, 0, 2, 0, 0, 0, 0, 0, 0, 0, 0, 0, 0, 0, 1, 1, 2, 2, 0, 0, 2, 0, 0, 1, 1, 0, 2, 2, 0, 1, 0, 0, 0, 0, 0, 0, 0, 2, 0, 0, 0, 0, 0, 0, 0, 2, 2, 2, 3, 2, 0, 1, 1, 4, 2, 5, 1, 6, 2, 4, 2, 5, 638, 0, 0, 0, 0, 0, 0]",4,12.426689457296478,-1,0
3031,"[0, 5, 0, 4, 1, 4, 0, 4, 0, 1, 0, 2, 0, 0, 0, 0, 0, 1, 0, 0, 2, 0, 0, 0, 0, 0, 0, 0, 0, 0, 0, 0, 1, 1, 2, 2, 0, 0, 2, 0, 0, 1, 1, 0, 2, 2, 0, 1, 0, 0, 0, 0, 0, 0, 0, 2, 0, 0, 0, 0, 0, 0, 0, 2, 2, 2, 3, 2, 0, 1, 1, 4, 2, 5, 1, 6, 2, 4, 2, 5, 639, 0, 0, 0, 0, 0, 0]",4,13.992981709984344,-1,1
3032,"[0, 6, 0, 4, 1, 5, 0, 4, 0, 1, 0, 2, 0, 0, 0, 0, 0, 1, 0, 0, 2, 0, 0, 0, 0, 0, 0, 0, 0, 0, 0, 0, 1, 1, 2, 2, 0, 0, 2, 0, 0, 1, 1, 0, 2, 2, 0, 1, 0, 0, 0, 0, 0, 0, 0, 2, 0, 0, 0, 0, 0, 0, 0, 2, 2, 2, 3, 2, 0, 1, 1, 4, 2, 5, 1, 6, 2, 4, 2, 5, 640, 0, 0, 0, 0, 0, 0]",4,12.415264292501377,-1,0
3033,"[0, 6, 0, 4, 1, 5, 0, 4, 0, 1, 0, 2, 0, 0, 0, 0, 0, 1, 0, 0, 2, 0, 0, 0, 0, 0, 0, 0, 0, 0, 0, 0, 1, 1, 2, 2, 0, 0, 2, 0, 0, 1, 1, 0, 2, 2, 0, 1, 0, 0, 0, 0, 0, 0, 0, 2, 0, 0, 0, 0, 0, 0, 0, 2, 2, 2, 3, 2, 0, 1, 1, 4, 2, 5, 1, 6, 2, 4, 2, 5, 640, 0, 1, 0, 0, 0, 0]",2,0.40000000454409185,-1,1
3034,"[0, 6, 0, 4, 1, 5, 0, 4, 0, 1, 0, 2, 0, 0, 0, 0, 0, 1, 0, 0, 2, 0, 0, 0, 0, 0, 0, 0, 0, 0, 0, 0, 1, 1, 2, 2, 0, 0, 2, 0, 0, 1, 1, 0, 2, 2, 0, 1, 0, 0, 0, 0, 0, 0, 0, 2, 0, 0, 0, 0, 0, 0, 0, 2, 2, 2, 3, 2, 0, 1, 1, 4, 2, 5, 1, 6, 2, 4, 2, 5, 640, 0, 1, 0, 0, 1, 0]","[[1 0 0 0]
 [0 1 0 0]]",0.6504248696021828,-1,1
3035,"[1, 5, 0, 4, 0, 6, 0, 4, 0, 1, 0, 2, 0, 0, 0, 0, 0, 1, 0, 0, 2, 0, 0, 0, 0, 0, 0, 0, 0, 0, 0, 0, 1, 1, 2, 2, 0, 0, 2, 0, 0, 1, 1, 0, 2, 2, 0, 1, 0, 0, 0, 0, 0, 0, 0, 2, 0, 0, 0, 0, 0, 0, 0, 2, 2, 2, 3, 2, 0, 1, 1, 4, 2, 5, 1, 6, 2, 4, 2, 5, 640, 0, 0, 0, 0, 0, 0]",0,-0.19999999545590813,-1,0
3036,"[1, 5, 0, 4, 0, 6, 0, 4, 0, 1, 0, 2, 0, 0, 0, 0, 0, 1, 0, 0, 2, 0, 0, 0, 0, 0, 0, 0, 0, 0, 0, 0, 1, 1, 2, 2, 0, 0, 2, 0, 0, 1, 1, 0, 2, 2, 0, 1, 0, 0, 0, 0, 0, 0, 0, 2, 0, 0, 0, 0, 0, 0, 0, 2, 2, 2, 3, 2, 0, 1, 1, 4, 2, 5, 1, 6, 2, 4, 2, 5, 641, 0, 0, 0, 0, 0, 0]",4,13.81526262243038,-1,1
3037,"[1, 5, 0, 4, 0, 6, 0, 4, 0, 1, 0, 2, 0, 0, 0, 0, 0, 1, 0, 0, 2, 0, 0, 0, 0, 0, 0, 0, 0, 0, 0, 0, 1, 1, 2, 2, 0, 0, 2, 0, 0, 1, 1, 0, 2, 2, 0, 1, 0, 0, 0, 0, 0, 0, 0, 2, 0, 0, 0, 0, 0, 0, 0, 2, 2, 2, 3, 2, 0, 1, 1, 4, 2, 5, 1, 6, 2, 4, 2, 5, 641, 0, 0, 0, 0, 0, 0]",0,0.29497475119649874,-1,0
3038,"[1, 5, 0, 4, 0, 6, 0, 4, 0, 1, 0, 2, 0, 0, 0, 0, 0, 1, 0, 0, 2, 0, 0, 0, 0, 0, 0, 0, 0, 0, 0, 0, 1, 1, 2, 2, 0, 0, 2, 0, 0, 1, 1, 0, 2, 2, 0, 1, 0, 0, 0, 0, 0, 0, 0, 2, 0, 0, 0, 0, 0, 0, 0, 2, 2, 2, 3, 2, 0, 1, 1, 4, 2, 5, 1, 6, 2, 4, 2, 5, 641, 0, 0, 0, 0, 0, 0]",-1,-8.225122510352874e-05,-1,0
3039,"[1, 6, 0, 4, 0, 7, 0, 4, 0, 1, 0, 2, 0, 0, 0, 0, 0, 1, 0, 0, 2, 0, 0, 0, 0, 0, 0, 0, 0, 0, 0, 0, 1, 1, 2, 2, 0, 0, 2, 0, 0, 1, 1, 0, 2, 2, 0, 1, 0, 0, 0, 0, 0, 0, 0, 2, 0, 0, 0, 0, 0, 0, 0, 2, 2, 2, 3, 2, 0, 1, 1, 4, 2, 5, 1, 6, 2, 4, 2, 5, 642, 0, 0, 0, 0, 0, 0]",4,13.789469214222567,-1,1
3040,"[1, 6, 0, 4, 0, 7, 0, 4, 0, 1, 0, 2, 0, 0, 0, 0, 0, 1, 0, 0, 2, 0, 0, 0, 0, 0, 0, 0, 0, 0, 0, 0, 1, 1, 2, 2, 0, 0, 2, 0, 0, 1, 1, 0, 2, 2, 0, 1, 0, 0, 0, 0, 0, 0, 0, 2, 0, 0, 0, 0, 0, 0, 0, 2, 2, 2, 3, 2, 0, 1, 1, 4, 2, 5, 1, 6, 2, 4, 2, 5, 642, 0, 0, 0, 0, 0, 0]",0,0.2949747510253088,-1,0
3041,"[1, 6, 0, 4, 0, 7, 0, 4, 0, 1, 0, 2, 0, 0, 0, 0, 0, 1, 0, 0, 2, 0, 0, 0, 0, 0, 0, 0, 0, 0, 0, 0, 1, 1, 2, 2, 0, 0, 2, 0, 0, 1, 1, 0, 2, 2, 0, 1, 0, 0, 0, 0, 0, 0, 0, 2, 0, 0, 0, 0, 0, 0, 0, 2, 2, 2, 3, 2, 0, 1, 1, 4, 2, 5, 1, 6, 2, 4, 2, 5, 642, 0, 0, 0, 0, 0, 0]",-1,-8.143281173941404e-05,-1,0
3042,"[1, 6, 0, 4, 0, 7, 0, 4, 0, 1, 0, 2, 0, 0, 0, 0, 0, 1, 0, 0, 2, 0, 0, 0, 0, 0, 0, 0, 0, 0, 0, 0, 1, 1, 2, 2, 0, 0, 2, 0, 0, 1, 1, 0, 2, 2, 0, 1, 0, 0, 0, 0, 0, 0, 0, 2, 0, 0, 0, 0, 0, 0, 0, 2, 2, 2, 3, 2, 0, 1, 1, 4, 2, 5, 1, 6, 2, 4, 2, 5, 642, 0, 0, 0, 0, 0, 0]",0,0.2949747510253088,-1,0
3043,"[1, 6, 0, 4, 0, 7, 0, 4, 0, 1, 0, 2, 0, 0, 0, 0, 0, 1, 0, 0, 2, 0, 0, 0, 0, 0, 0, 0, 0, 0, 0, 0, 1, 1, 2, 2, 0, 0, 2, 0, 0, 1, 1, 0, 2, 2, 0, 1, 0, 0, 0, 0, 0, 0, 0, 2, 0, 0, 0, 0, 0, 0, 0, 2, 2, 2, 3, 2, 0, 1, 1, 4, 2, 5, 1, 6, 2, 4, 2, 5, 642, 0, 0, 0, 0, 0, 0]",-1,-8.143281173941404e-05,-1,0
3044,"[1, 6, 0, 4, 0, 7, 0, 4, 0, 1, 0, 2, 0, 0, 0, 0, 0, 1, 0, 0, 2, 0, 0, 0, 0, 0, 0, 0, 0, 0, 0, 0, 1, 1, 2, 2, 0, 0, 2, 0, 0, 1, 1, 0, 2, 2, 0, 1, 0, 0, 0, 0, 0, 0, 0, 2, 0, 0, 0, 0, 0, 0, 0, 2, 2, 2, 3, 2, 0, 1, 1, 4, 2, 5, 1, 6, 2, 4, 2, 5, 642, 0, 0, 0, 0, 0, 0]",1,0.6096241192943422,-1,0
3045,"[1, 6, 0, 4, 0, 7, 0, 4, 0, 1, 0, 2, 0, 0, 0, 0, 0, 1, 0, 0, 2, 0, 0, 0, 0, 0, 0, 0, 0, 0, 0, 0, 1, 1, 2, 2, 0, 0, 2, 0, 0, 1, 1, 0, 2, 2, 0, 1, 0, 0, 0, 0, 0, 0, 0, 2, 0, 0, 0, 0, 0, 0, 0, 2, 2, 2, 3, 2, 0, 1, 1, 4, 2, 5, 1, 6, 2, 4, 2, 5, 642, 0, 0, 0, 0, 0, 0]",-1,-8.143281173941404e-05,-1,0
3046,"[1, 6, 0, 4, 0, 7, 0, 4, 0, 1, 0, 2, 0, 0, 0, 0, 0, 1, 0, 0, 2, 0, 0, 0, 0, 0, 0, 0, 0, 0, 0, 0, 1, 1, 2, 2, 0, 0, 2, 0, 0, 1, 1, 0, 2, 2, 0, 1, 0, 0, 0, 0, 0, 0, 0, 2, 0, 0, 0, 0, 0, 0, 0, 2, 2, 2, 3, 2, 0, 1, 1, 4, 2, 5, 1, 6, 2, 4, 2, 5, 642, 0, 1, 0, 0, 0, 0]",2,0.4000000041947255,-1,0
3047,"[1, 6, 0, 4, 0, 7, 0, 4, 0, 1, 0, 2, 0, 0, 0, 0, 0, 1, 0, 0, 2, 0, 0, 0, 0, 0, 0, 0, 0, 0, 0, 0, 1, 1, 2, 2, 0, 0, 2, 0, 0, 1, 1, 0, 2, 2, 0, 1, 0, 0, 0, 0, 0, 0, 0, 2, 0, 0, 0, 0, 0, 0, 0, 2, 2, 2, 3, 2, 0, 1, 1, 4, 2, 5, 1, 6, 2, 4, 2, 5, 642, 0, 0, 0, 0, 0, 0]",-1,-8.143281173941404e-05,-1,0
3048,"[1, 6, 0, 4, 0, 7, 0, 4, 0, 1, 0, 2, 0, 0, 0, 0, 0, 1, 0, 0, 2, 0, 0, 0, 0, 0, 0, 0, 0, 0, 0, 0, 1, 1, 2, 2, 0, 0, 2, 0, 0, 1, 1, 0, 2, 2, 0, 1, 0, 0, 0, 0, 0, 0, 0, 2, 0, 0, 0, 0, 0, 0, 0, 2, 2, 2, 3, 2, 0, 1, 1, 4, 2, 5, 1, 6, 2, 4, 2, 5, 642, 0, 1, 0, 0, 0, 0]",2,0.4000000041947255,-1,0
3049,"[1, 6, 0, 4, 0, 7, 0, 4, 0, 1, 0, 2, 0, 0, 0, 0, 0, 1, 0, 0, 2, 0, 0, 0, 0, 0, 0, 0, 0, 0, 0, 0, 1, 1, 2, 2, 0, 0, 2, 0, 0, 1, 1, 0, 2, 2, 0, 1, 0, 0, 0, 0, 0, 0, 0, 2, 0, 0, 0, 0, 0, 0, 0, 2, 2, 2, 3, 2, 0, 1, 1, 4, 2, 5, 1, 6, 2, 4, 2, 5, 642, 0, 0, 0, 0, 0, 0]",-1,-8.143281173941404e-05,-1,0
3050,"[1, 6, 0, 4, 0, 7, 0, 4, 0, 1, 0, 2, 0, 0, 0, 0, 0, 1, 0, 0, 2, 0, 0, 0, 0, 0, 0, 0, 0, 0, 0, 0, 1, 1, 2, 2, 0, 0, 2, 0, 0, 1, 1, 0, 2, 2, 0, 1, 0, 0, 0, 0, 0, 0, 0, 2, 0, 0, 0, 0, 0, 0, 0, 2, 2, 2, 3, 2, 0, 1, 1, 4, 2, 5, 1, 6, 2, 4, 2, 5, 642, 1, 0, 0, 0, 0, 0]",3,0.20000000419472552,-1,0
3051,"[1, 6, 0, 4, 0, 7, 0, 4, 0, 1, 0, 2, 0, 0, 0, 0, 0, 1, 0, 0, 2, 0, 0, 0, 0, 0, 0, 0, 0, 0, 0, 0, 1, 1, 2, 2, 0, 0, 2, 0, 0, 1, 1, 0, 2, 2, 0, 1, 0, 0, 0, 0, 0, 0, 0, 2, 0, 0, 0, 0, 0, 0, 0, 2, 2, 2, 3, 2, 0, 1, 1, 4, 2, 5, 1, 6, 2, 4, 2, 5, 642, 0, 0, 0, 0, 0, 0]",-1,-8.143281173941404e-05,-1,0
3052,"[1, 6, 0, 4, 0, 7, 0, 4, 0, 1, 0, 2, 0, 0, 0, 0, 0, 1, 0, 0, 2, 0, 0, 0, 0, 0, 0, 0, 0, 0, 0, 0, 1, 1, 2, 2, 0, 0, 2, 0, 0, 1, 1, 0, 2, 2, 0, 1, 0, 0, 0, 0, 0, 0, 0, 2, 0, 0, 0, 0, 0, 0, 0, 2, 2, 2, 3, 2, 0, 1, 1, 4, 2, 5, 1, 6, 2, 4, 2, 5, 642, 1, 0, 0, 0, 0, 0]",3,0.20000000419472552,-1,0
3053,"[1, 6, 0, 4, 0, 7, 0, 4, 0, 1, 0, 2, 0, 0, 0, 0, 0, 1, 0, 0, 2, 0, 0, 0, 0, 0, 0, 0, 0, 0, 0, 0, 1, 1, 2, 2, 0, 0, 2, 0, 0, 1, 1, 0, 2, 2, 0, 1, 0, 0, 0, 0, 0, 0, 0, 2, 0, 0, 0, 0, 0, 0, 0, 2, 2, 2, 3, 2, 0, 1, 1, 4, 2, 5, 1, 6, 2, 4, 2, 5, 642, 0, 0, 0, 0, 0, 0]",-1,-8.143281173941404e-05,-1,0
3054,"[1, 6, 0, 4, 0, 7, 0, 4, 0, 1, 0, 2, 0, 0, 0, 0, 0, 1, 0, 0, 2, 0, 0, 0, 0, 0, 0, 0, 0, 0, 0, 0, 1, 1, 2, 2, 0, 0, 2, 0, 0, 1, 1, 0, 2, 2, 0, 1, 0, 0, 0, 0, 0, 0, 0, 2, 0, 0, 0, 0, 0, 0, 0, 2, 2, 2, 3, 2, 0, 1, 1, 4, 2, 5, 1, 6, 2, 4, 2, 5, 642, 0, 0, 0, 0, 0, 0]",1,0.6096241192943422,-1,0
3055,"[1, 6, 0, 4, 0, 7, 0, 4, 0, 1, 0, 2, 0, 0, 0, 0, 0, 1, 0, 0, 2, 0, 0, 0, 0, 0, 0, 0, 0, 0, 0, 0, 1, 1, 2, 2, 0, 0, 2, 0, 0, 1, 1, 0, 2, 2, 0, 1, 0, 0, 0, 0, 0, 0, 0, 2, 0, 0, 0, 0, 0, 0, 0, 2, 2, 2, 3, 2, 0, 1, 1, 4, 2, 5, 1, 6, 2, 4, 2, 5, 642, 0, 0, 0, 0, 0, 0]",-1,-8.143281173941404e-05,-1,0
3056,"[1, 6, 0, 4, 0, 7, 0, 4, 0, 1, 0, 2, 0, 0, 0, 0, 0, 1, 0, 0, 2, 0, 0, 0, 0, 0, 0, 0, 0, 0, 0, 0, 1, 1, 2, 2, 0, 0, 2, 0, 0, 1, 1, 0, 2, 2, 0, 1, 0, 0, 0, 0, 0, 0, 0, 2, 0, 0, 0, 0, 0, 0, 0, 2, 2, 2, 3, 2, 0, 1, 1, 4, 2, 5, 1, 6, 2, 4, 2, 5, 642, 0, 0, 0, 0, 0, 0]",1,0.6096241192943422,-1,0
3057,"[1, 6, 0, 4, 0, 7, 0, 4, 0, 1, 0, 2, 0, 0, 0, 0, 0, 1, 0, 0, 2, 0, 0, 0, 0, 0, 0, 0, 0, 0, 0, 0, 1, 1, 2, 2, 0, 0, 2, 0, 0, 1, 1, 0, 2, 2, 0, 1, 0, 0, 0, 0, 0, 0, 0, 2, 0, 0, 0, 0, 0, 0, 0, 2, 2, 2, 3, 2, 0, 1, 1, 4, 2, 5, 1, 6, 2, 4, 2, 5, 642, 0, 0, 0, 0, 0, 0]",-1,-8.143281173941404e-05,-1,0
3058,"[1, 6, 0, 4, 0, 7, 0, 4, 0, 1, 0, 2, 0, 0, 0, 0, 0, 1, 0, 0, 2, 0, 0, 0, 0, 0, 0, 0, 0, 0, 0, 0, 1, 1, 2, 2, 0, 0, 2, 0, 0, 1, 1, 0, 2, 2, 0, 1, 0, 0, 0, 0, 0, 0, 0, 2, 0, 0, 0, 0, 0, 0, 0, 2, 2, 2, 3, 2, 0, 1, 1, 4, 2, 5, 1, 6, 2, 4, 2, 5, 642, 0, 0, 0, 0, 0, 0]",1,0.6096241192943422,-1,0
3059,"[1, 6, 0, 4, 0, 7, 0, 4, 0, 1, 0, 2, 0, 0, 0, 0, 0, 1, 0, 0, 2, 0, 0, 0, 0, 0, 0, 0, 0, 0, 0, 0, 1, 1, 2, 2, 0, 0, 2, 0, 0, 1, 1, 0, 2, 2, 0, 1, 0, 0, 0, 0, 0, 0, 0, 2, 0, 0, 0, 0, 0, 0, 0, 2, 2, 2, 3, 2, 0, 1, 1, 4, 2, 5, 1, 6, 2, 4, 2, 5, 642, 0, 0, 0, 0, 0, 0]",-1,-8.143281173941404e-05,-1,0
3060,"[1, 6, 0, 4, 0, 7, 0, 4, 0, 1, 0, 2, 0, 0, 0, 0, 0, 1, 0, 0, 2, 0, 0, 0, 0, 0, 0, 0, 0, 0, 0, 0, 1, 1, 2, 2, 0, 0, 2, 0, 0, 1, 1, 0, 2, 2, 0, 1, 0, 0, 0, 0, 0, 0, 0, 2, 0, 0, 0, 0, 0, 0, 0, 2, 2, 2, 3, 2, 0, 1, 1, 4, 2, 5, 1, 6, 2, 4, 2, 5, 642, 0, 0, 0, 0, 0, 0]",1,0.6096241192943422,-1,0
3061,"[1, 6, 0, 4, 0, 7, 0, 4, 0, 1, 0, 2, 0, 0, 0, 0, 0, 1, 0, 0, 2, 0, 0, 0, 0, 0, 0, 0, 0, 0, 0, 0, 1, 1, 2, 2, 0, 0, 2, 0, 0, 1, 1, 0, 2, 2, 0, 1, 0, 0, 0, 0, 0, 0, 0, 2, 0, 0, 0, 0, 0, 0, 0, 2, 2, 2, 3, 2, 0, 1, 1, 4, 2, 5, 1, 6, 2, 4, 2, 5, 642, 0, 0, 0, 0, 0, 0]",-1,-8.143281173941404e-05,-1,0
3062,"[1, 6, 0, 5, 0, 7, 0, 5, 0, 1, 0, 2, 0, 0, 0, 0, 0, 1, 0, 0, 2, 0, 0, 0, 0, 0, 0, 0, 0, 0, 0, 0, 1, 1, 2, 2, 0, 0, 2, 0, 0, 1, 1, 0, 2, 2, 0, 1, 0, 0, 0, 0, 0, 0, 0, 2, 0, 0, 0, 0, 0, 0, 0, 2, 2, 2, 3, 2, 0, 1, 1, 4, 2, 5, 1, 6, 2, 4, 2, 5, 643, 0, 0, 0, 0, 0, 0]",4,12.521361879449284,-1,0
3063,"[1, 6, 0, 6, 0, 7, 0, 6, 0, 1, 0, 2, 0, 0, 0, 0, 0, 1, 0, 0, 2, 0, 0, 0, 0, 0, 0, 0, 0, 0, 0, 0, 1, 1, 2, 2, 0, 0, 2, 0, 0, 1, 1, 0, 2, 2, 0, 1, 0, 0, 0, 0, 0, 0, 0, 2, 0, 0, 0, 0, 0, 0, 0, 2, 2, 2, 3, 2, 0, 1, 1, 4, 2, 5, 1, 6, 2, 4, 2, 5, 644, 0, 0, 0, 0, 0, 0]",4,13.819050761807707,-1,1
3064,"[1, 6, 0, 6, 0, 7, 0, 6, 0, 1, 0, 2, 0, 0, 0, 0, 0, 1, 0, 0, 2, 0, 0, 0, 0, 0, 0, 0, 0, 0, 0, 0, 1, 1, 2, 2, 0, 0, 2, 0, 0, 1, 1, 0, 2, 2, 0, 1, 0, 0, 0, 0, 0, 0, 0, 2, 0, 0, 0, 0, 0, 0, 0, 2, 2, 2, 3, 2, 0, 1, 1, 4, 2, 5, 1, 6, 2, 4, 2, 5, 644, 0, 0, 0, 0, 0, 0]",1,0.6096241189718363,-1,0
3065,"[1, 6, 0, 6, 0, 7, 0, 6, 0, 1, 0, 2, 0, 0, 0, 0, 0, 1, 0, 0, 2, 0, 0, 0, 0, 0, 0, 0, 0, 0, 0, 0, 1, 1, 2, 2, 0, 0, 2, 0, 0, 1, 1, 0, 2, 2, 0, 1, 0, 0, 0, 0, 0, 0, 0, 2, 0, 0, 0, 0, 0, 0, 0, 2, 2, 2, 3, 2, 0, 1, 1, 4, 2, 5, 1, 6, 2, 4, 2, 5, 644, 0, 0, 0, 0, 0, 0]",-1,-7.982033403061238e-05,-1,0
3066,"[1, 6, 0, 6, 0, 7, 0, 6, 0, 1, 0, 2, 0, 0, 0, 0, 0, 1, 0, 0, 2, 0, 0, 0, 0, 0, 0, 0, 0, 0, 0, 0, 1, 1, 2, 2, 0, 0, 2, 0, 0, 1, 1, 0, 2, 2, 0, 1, 0, 0, 0, 0, 0, 0, 0, 2, 0, 0, 0, 0, 0, 0, 0, 2, 2, 2, 3, 2, 0, 1, 1, 4, 2, 5, 1, 6, 2, 4, 2, 5, 644, 1, 0, 0, 0, 0, 0]",3,0.20000000387221967,-1,0
3067,"[1, 6, 0, 6, 0, 7, 0, 6, 0, 1, 0, 2, 0, 0, 0, 0, 0, 1, 0, 0, 2, 0, 0, 0, 0, 0, 0, 0, 0, 0, 0, 0, 1, 1, 2, 2, 0, 0, 2, 0, 0, 1, 1, 0, 2, 2, 0, 1, 0, 0, 0, 0, 0, 0, 0, 2, 0, 0, 0, 0, 0, 0, 0, 2, 2, 2, 3, 2, 0, 1, 1, 4, 2, 5, 1, 6, 2, 4, 2, 5, 644, 0, 0, 0, 0, 0, 0]",-1,-7.982033403061238e-05,-1,0
3068,"[1, 6, 0, 6, 0, 7, 0, 6, 0, 1, 0, 2, 0, 0, 0, 0, 0, 1, 0, 0, 2, 0, 0, 0, 0, 0, 0, 0, 0, 0, 0, 0, 1, 1, 2, 2, 0, 0, 2, 0, 0, 1, 1, 0, 2, 2, 0, 1, 0, 0, 0, 0, 0, 0, 0, 2, 0, 0, 0, 0, 0, 0, 0, 2, 2, 2, 3, 2, 0, 1, 1, 4, 2, 5, 1, 6, 2, 4, 2, 5, 644, 0, 0, 0, 0, 0, 0]",1,0.6096241189718363,-1,0
3069,"[1, 6, 0, 6, 0, 7, 0, 6, 0, 1, 0, 2, 0, 0, 0, 0, 0, 1, 0, 0, 2, 0, 0, 0, 0, 0, 0, 0, 0, 0, 0, 0, 1, 1, 2, 2, 0, 0, 2, 0, 0, 1, 1, 0, 2, 2, 0, 1, 0, 0, 0, 0, 0, 0, 0, 2, 0, 0, 0, 0, 0, 0, 0, 2, 2, 2, 3, 2, 0, 1, 1, 4, 2, 5, 1, 6, 2, 4, 2, 5, 644, 0, 0, 0, 0, 0, 0]",-1,-7.982033403061238e-05,-1,0
3070,"[1, 6, 0, 6, 0, 7, 0, 6, 0, 1, 0, 2, 0, 0, 0, 0, 0, 1, 0, 0, 2, 0, 0, 0, 0, 0, 0, 0, 0, 0, 0, 0, 1, 1, 2, 2, 0, 0, 2, 0, 0, 1, 1, 0, 2, 2, 0, 1, 0, 0, 0, 0, 0, 0, 0, 2, 0, 0, 0, 0, 0, 0, 0, 2, 2, 2, 3, 2, 0, 1, 1, 4, 2, 5, 1, 6, 2, 4, 2, 5, 644, 0, 1, 0, 0, 0, 0]",2,0.4000000038722196,-1,0
3071,"[1, 6, 0, 6, 0, 7, 0, 6, 0, 1, 0, 2, 0, 0, 0, 0, 0, 1, 0, 0, 2, 0, 0, 0, 0, 0, 0, 0, 0, 0, 0, 0, 1, 1, 2, 2, 0, 0, 2, 0, 0, 1, 1, 0, 2, 2, 0, 1, 0, 0, 0, 0, 0, 0, 0, 2, 0, 0, 0, 0, 0, 0, 0, 2, 2, 2, 3, 2, 0, 1, 1, 4, 2, 5, 1, 6, 2, 4, 2, 5, 644, 0, 0, 0, 0, 0, 0]",-1,-7.982033403061238e-05,-1,0
3072,"[1, 6, 0, 6, 0, 7, 0, 6, 0, 1, 0, 2, 0, 0, 0, 0, 0, 1, 0, 0, 2, 0, 0, 0, 0, 0, 0, 0, 0, 0, 0, 0, 1, 1, 2, 2, 0, 0, 2, 0, 0, 1, 1, 0, 2, 2, 0, 1, 0, 0, 0, 0, 0, 0, 0, 2, 0, 0, 0, 0, 0, 0, 0, 2, 2, 2, 3, 2, 0, 1, 1, 4, 2, 5, 1, 6, 2, 4, 2, 5, 644, 0, 1, 0, 0, 0, 0]",2,0.4000000038722196,-1,0
3073,"[1, 6, 0, 6, 0, 7, 0, 6, 0, 1, 0, 2, 0, 0, 0, 0, 0, 1, 0, 0, 2, 0, 0, 0, 0, 0, 0, 0, 0, 0, 0, 0, 1, 1, 2, 2, 0, 0, 2, 0, 0, 1, 1, 0, 2, 2, 0, 1, 0, 0, 0, 0, 0, 0, 0, 2, 0, 0, 0, 0, 0, 0, 0, 2, 2, 2, 3, 2, 0, 1, 1, 4, 2, 5, 1, 6, 2, 4, 2, 5, 644, 0, 0, 0, 0, 0, 0]",-1,-7.982033403061238e-05,-1,0
3074,"[1, 6, 0, 6, 0, 7, 0, 6, 0, 1, 0, 2, 0, 0, 0, 0, 0, 1, 0, 0, 2, 0, 0, 0, 0, 0, 0, 0, 0, 0, 0, 0, 1, 1, 2, 2, 0, 0, 2, 0, 0, 1, 1, 0, 2, 2, 0, 1, 0, 0, 0, 0, 0, 0, 0, 2, 0, 0, 0, 0, 0, 0, 0, 2, 2, 2, 3, 2, 0, 1, 1, 4, 2, 5, 1, 6, 2, 4, 2, 5, 645, 0, 0, 0, 0, 0, 0]",4,12.513390329456751,-1,0
3075,"[1, 6, 0, 6, 0, 7, 0, 6, 0, 1, 0, 2, 0, 0, 0, 0, 0, 1, 0, 0, 2, 0, 0, 0, 0, 0, 0, 0, 0, 0, 0, 0, 1, 1, 2, 2, 0, 0, 2, 0, 0, 1, 1, 0, 2, 2, 0, 1, 0, 0, 0, 0, 0, 0, 0, 2, 0, 0, 0, 0, 0, 0, 0, 2, 2, 2, 3, 2, 0, 1, 1, 4, 2, 5, 1, 6, 2, 4, 2, 5, 645, 0, 1, 0, 0, 0, 0]",2,0.4000000037203878,-1,1
3076,"[1, 6, 0, 6, 0, 7, 0, 6, 0, 1, 0, 2, 0, 0, 0, 0, 0, 1, 0, 0, 2, 0, 0, 0, 0, 0, 0, 0, 0, 0, 0, 0, 1, 1, 2, 2, 0, 0, 2, 0, 0, 1, 1, 0, 2, 2, 0, 1, 0, 0, 0, 0, 0, 0, 0, 2, 0, 0, 0, 0, 0, 0, 0, 2, 2, 2, 3, 2, 0, 1, 1, 4, 2, 5, 1, 6, 2, 4, 2, 5, 645, 0, 1, 0, 0, 1, 0]","[[0 1 0 0]
 [1 0 0 0]]",0.6504248687784787,-1,1
3077,"[1, 6, 0, 6, 0, 7, 0, 6, 0, 1, 0, 2, 0, 0, 0, 0, 0, 1, 0, 0, 2, 0, 0, 0, 0, 0, 0, 0, 0, 0, 0, 0, 1, 1, 2, 2, 0, 0, 2, 0, 0, 1, 1, 0, 2, 2, 0, 1, 0, 0, 0, 0, 0, 0, 0, 2, 0, 0, 0, 0, 0, 0, 0, 2, 2, 2, 3, 2, 0, 1, 1, 4, 2, 5, 1, 6, 2, 4, 2, 5, 645, 0, 0, 0, 0, 0, 0]",1,-0.1999999962796122,-1,0
3078,"[1, 7, 0, 6, 0, 8, 0, 6, 0, 1, 0, 2, 0, 0, 0, 0, 0, 1, 0, 0, 2, 0, 0, 0, 0, 0, 0, 0, 0, 0, 0, 0, 1, 1, 2, 2, 0, 0, 2, 0, 0, 1, 1, 0, 2, 2, 0, 1, 0, 0, 0, 0, 0, 0, 0, 2, 0, 0, 0, 0, 0, 0, 0, 2, 2, 2, 3, 2, 0, 1, 1, 4, 2, 5, 1, 6, 2, 4, 2, 5, 646, 0, 0, 0, 0, 0, 0]",4,13.807997311052665,-1,1
3079,"[1, 7, 0, 6, 0, 8, 0, 6, 0, 1, 0, 2, 0, 0, 0, 0, 0, 1, 0, 0, 2, 0, 0, 0, 0, 0, 0, 0, 0, 0, 0, 0, 1, 1, 2, 2, 0, 0, 2, 0, 0, 1, 1, 0, 2, 2, 0, 1, 0, 0, 0, 0, 0, 0, 0, 2, 0, 0, 0, 0, 0, 0, 0, 2, 2, 2, 3, 2, 0, 1, 1, 4, 2, 5, 1, 6, 2, 4, 2, 5, 646, 0, 0, 0, 0, 0, 0]",1,0.609624118674126,-1,0
3080,"[1, 7, 0, 6, 0, 8, 0, 6, 0, 1, 0, 2, 0, 0, 0, 0, 0, 1, 0, 0, 2, 0, 0, 0, 0, 0, 0, 0, 0, 0, 0, 0, 1, 1, 2, 2, 0, 0, 2, 0, 0, 1, 1, 0, 2, 2, 0, 1, 0, 0, 0, 0, 0, 0, 0, 2, 0, 0, 0, 0, 0, 0, 0, 2, 2, 2, 3, 2, 0, 1, 1, 4, 2, 5, 1, 6, 2, 4, 2, 5, 646, 0, 0, 0, 0, 0, 0]",-1,-7.823978551970833e-05,-1,0
3081,"[1, 8, 0, 6, 0, 9, 0, 6, 0, 1, 0, 2, 0, 0, 0, 0, 0, 1, 0, 0, 2, 0, 0, 0, 0, 0, 0, 0, 0, 0, 0, 0, 1, 1, 2, 2, 0, 0, 2, 0, 0, 1, 1, 0, 2, 2, 0, 1, 0, 0, 0, 0, 0, 0, 0, 2, 0, 0, 0, 0, 0, 0, 0, 2, 2, 2, 3, 2, 0, 1, 1, 4, 2, 5, 1, 6, 2, 4, 2, 5, 647, 0, 0, 0, 0, 0, 0]",4,13.794796993781013,-1,1
3082,"[1, 8, 0, 6, 0, 9, 0, 6, 0, 1, 0, 2, 0, 0, 0, 0, 0, 1, 0, 0, 2, 0, 0, 0, 0, 0, 0, 0, 0, 0, 0, 0, 1, 1, 2, 2, 0, 0, 2, 0, 0, 1, 1, 0, 2, 2, 0, 1, 0, 0, 0, 0, 0, 0, 0, 2, 0, 0, 0, 0, 0, 0, 0, 2, 2, 2, 3, 2, 0, 1, 1, 4, 2, 5, 1, 6, 2, 4, 2, 5, 647, 0, 1, 0, 0, 0, 0]",2,0.4000000034343507,-1,0
3083,"[1, 8, 0, 6, 0, 9, 0, 6, 0, 1, 0, 2, 0, 0, 0, 0, 0, 1, 0, 0, 2, 0, 0, 0, 0, 0, 0, 0, 0, 0, 0, 0, 1, 1, 2, 2, 0, 0, 2, 0, 0, 1, 1, 0, 2, 2, 0, 1, 0, 0, 0, 0, 0, 0, 0, 2, 0, 0, 0, 0, 0, 0, 0, 2, 2, 2, 3, 2, 0, 1, 1, 4, 2, 5, 1, 6, 2, 4, 2, 5, 647, 0, 0, 0, 0, 0, 0]",-1,-7.746128664635782e-05,-1,0
3084,"[1, 8, 0, 6, 0, 9, 0, 6, 0, 1, 0, 2, 0, 0, 0, 0, 0, 1, 0, 0, 2, 0, 0, 0, 0, 0, 0, 0, 0, 0, 0, 0, 1, 1, 2, 2, 0, 0, 2, 0, 0, 1, 1, 0, 2, 2, 0, 1, 0, 0, 0, 0, 0, 0, 0, 2, 0, 0, 0, 0, 0, 0, 0, 2, 2, 2, 3, 2, 0, 1, 1, 4, 2, 5, 1, 6, 2, 4, 2, 5, 647, 1, 0, 0, 0, 0, 0]",3,0.2000000034343508,-1,0
3085,"[1, 8, 0, 6, 0, 9, 0, 6, 0, 1, 0, 2, 0, 0, 0, 0, 0, 1, 0, 0, 2, 0, 0, 0, 0, 0, 0, 0, 0, 0, 0, 0, 1, 1, 2, 2, 0, 0, 2, 0, 0, 1, 1, 0, 2, 2, 0, 1, 0, 0, 0, 0, 0, 0, 0, 2, 0, 0, 0, 0, 0, 0, 0, 2, 2, 2, 3, 2, 0, 1, 1, 4, 2, 5, 1, 6, 2, 4, 2, 5, 647, 0, 0, 0, 0, 0, 0]",-1,-7.746128664635782e-05,-1,0
3086,"[1, 9, 0, 6, 0, 10, 0, 6, 0, 1, 0, 2, 0, 0, 0, 0, 0, 1, 0, 0, 2, 0, 0, 0, 0, 0, 0, 0, 0, 0, 0, 0, 1, 1, 2, 2, 0, 0, 2, 0, 0, 1, 1, 0, 2, 2, 0, 1, 0, 0, 0, 0, 0, 0, 0, 2, 0, 0, 0, 0, 0, 0, 0, 2, 2, 2, 3, 2, 0, 1, 1, 4, 2, 5, 1, 6, 2, 4, 2, 5, 648, 0, 0, 0, 0, 0, 0]",4,12.465420346479128,-1,0
3087,"[1, 9, 0, 6, 0, 10, 0, 6, 0, 1, 0, 2, 0, 0, 0, 0, 0, 1, 0, 0, 2, 0, 0, 0, 0, 0, 0, 0, 0, 0, 0, 0, 1, 1, 2, 2, 0, 0, 2, 0, 0, 1, 1, 0, 2, 2, 0, 1, 0, 0, 0, 0, 0, 0, 0, 2, 0, 0, 0, 0, 0, 0, 0, 2, 2, 2, 3, 2, 0, 1, 1, 4, 2, 5, 1, 6, 2, 4, 2, 5, 649, 0, 0, 0, 0, 0, 0]",4,13.78060838316127,-1,1
3088,"[1, 10, 0, 6, 0, 11, 0, 6, 0, 1, 0, 2, 0, 0, 0, 0, 0, 1, 0, 0, 2, 0, 0, 0, 0, 0, 0, 0, 0, 0, 0, 0, 1, 1, 2, 2, 0, 0, 2, 0, 0, 1, 1, 0, 2, 2, 0, 1, 0, 0, 0, 0, 0, 0, 0, 2, 0, 0, 0, 0, 0, 0, 0, 2, 2, 2, 3, 2, 0, 1, 1, 4, 2, 5, 1, 6, 2, 4, 2, 5, 650, 0, 0, 0, 0, 0, 0]",4,12.447187379018098,-1,0
3089,"[1, 10, 0, 6, 0, 11, 0, 6, 0, 1, 0, 2, 0, 0, 0, 0, 0, 1, 0, 0, 2, 0, 0, 0, 0, 0, 0, 0, 0, 0, 0, 0, 1, 1, 2, 2, 0, 0, 2, 0, 0, 1, 1, 0, 2, 2, 0, 1, 0, 0, 0, 0, 0, 0, 0, 2, 0, 0, 0, 0, 0, 0, 0, 2, 2, 2, 3, 2, 0, 1, 1, 4, 2, 5, 1, 6, 2, 4, 2, 5, 650, 0, 1, 0, 0, 0, 0]",2,0.40000000304599587,-1,1
3090,"[1, 10, 0, 6, 0, 11, 0, 6, 0, 1, 0, 2, 0, 0, 0, 0, 0, 1, 0, 0, 2, 0, 0, 0, 0, 0, 0, 0, 0, 0, 0, 0, 1, 1, 2, 2, 0, 0, 2, 0, 0, 1, 1, 0, 2, 2, 0, 1, 0, 0, 0, 0, 0, 0, 0, 2, 0, 0, 0, 0, 0, 0, 0, 2, 2, 2, 3, 2, 0, 1, 1, 4, 2, 5, 1, 6, 2, 4, 2, 5, 650, 0, 1, 0, 0, 1, 0]","[[0 1 0 0]
 [1 0 0 0]]",0.6504248681040867,-1,1
3091,"[0, 11, 0, 6, 1, 10, 0, 6, 0, 1, 0, 2, 0, 0, 0, 0, 0, 1, 0, 0, 2, 0, 0, 0, 0, 0, 0, 0, 0, 0, 0, 0, 1, 1, 2, 2, 0, 0, 2, 0, 0, 1, 1, 0, 2, 2, 0, 1, 0, 0, 0, 0, 0, 0, 0, 2, 0, 0, 0, 0, 0, 0, 0, 2, 2, 2, 3, 2, 0, 1, 1, 4, 2, 5, 1, 6, 2, 4, 2, 5, 650, 0, 0, 0, 0, 0, 0]",0,-0.1999999969540041,-1,0
3092,"[0, 11, 0, 7, 1, 10, 0, 7, 0, 1, 0, 2, 0, 0, 0, 0, 0, 1, 0, 0, 2, 0, 0, 0, 0, 0, 0, 0, 0, 0, 0, 0, 1, 1, 2, 2, 0, 0, 2, 0, 0, 1, 1, 0, 2, 2, 0, 1, 0, 0, 0, 0, 0, 0, 0, 2, 0, 0, 0, 0, 0, 0, 0, 2, 2, 2, 3, 2, 0, 1, 1, 4, 2, 5, 1, 6, 2, 4, 2, 5, 651, 0, 0, 0, 0, 0, 0]",4,13.859743253778436,-1,1
3093,"[0, 11, 0, 7, 1, 10, 0, 7, 0, 1, 0, 2, 0, 0, 0, 0, 0, 1, 0, 0, 2, 0, 0, 0, 0, 0, 0, 0, 0, 0, 0, 0, 1, 1, 2, 2, 0, 0, 2, 0, 0, 1, 1, 0, 2, 2, 0, 1, 0, 0, 0, 0, 0, 0, 0, 2, 0, 0, 0, 0, 0, 0, 0, 2, 2, 2, 3, 2, 0, 1, 1, 4, 2, 5, 1, 6, 2, 4, 2, 5, 651, 1, 0, 0, 0, 0, 0]",3,0.2000000029265607,-1,0
3094,"[0, 11, 0, 7, 1, 10, 0, 7, 0, 1, 0, 2, 0, 0, 0, 0, 0, 1, 0, 0, 2, 0, 0, 0, 0, 0, 0, 0, 0, 0, 0, 0, 1, 1, 2, 2, 0, 0, 2, 0, 0, 1, 1, 0, 2, 2, 0, 1, 0, 0, 0, 0, 0, 0, 0, 2, 0, 0, 0, 0, 0, 0, 0, 2, 2, 2, 3, 2, 0, 1, 1, 4, 2, 5, 1, 6, 2, 4, 2, 5, 651, 0, 0, 0, 0, 0, 0]",-1,-7.442398615297147e-05,-1,0
3095,"[0, 11, 0, 8, 1, 10, 0, 8, 0, 1, 0, 2, 0, 0, 0, 0, 0, 1, 0, 0, 2, 0, 0, 0, 0, 0, 0, 0, 0, 0, 0, 0, 1, 1, 2, 2, 0, 0, 2, 0, 0, 1, 1, 0, 2, 2, 0, 1, 0, 0, 0, 0, 0, 0, 0, 2, 0, 0, 0, 0, 0, 0, 0, 2, 2, 2, 3, 2, 0, 1, 1, 4, 2, 5, 1, 6, 2, 4, 2, 5, 652, 0, 0, 0, 0, 0, 0]",4,13.866247609073815,-1,1
3096,"[0, 11, 0, 8, 1, 10, 0, 8, 0, 1, 0, 2, 0, 0, 0, 0, 0, 1, 0, 0, 2, 0, 0, 0, 0, 0, 0, 0, 0, 0, 0, 0, 1, 1, 2, 2, 0, 0, 2, 0, 0, 1, 1, 0, 2, 2, 0, 1, 0, 0, 0, 0, 0, 0, 0, 2, 0, 0, 0, 0, 0, 0, 0, 2, 2, 2, 3, 2, 0, 1, 1, 4, 2, 5, 1, 6, 2, 4, 2, 5, 653, 0, 0, 0, 0, 0, 0]",4,12.398447040018384,-1,0
3097,"[0, 12, 0, 8, 1, 11, 0, 8, 0, 1, 0, 2, 0, 0, 0, 0, 0, 1, 0, 0, 2, 0, 0, 0, 0, 0, 0, 0, 0, 0, 0, 0, 1, 1, 2, 2, 0, 0, 2, 0, 0, 1, 1, 0, 2, 2, 0, 1, 0, 0, 0, 0, 0, 0, 0, 2, 0, 0, 0, 0, 0, 0, 0, 2, 2, 2, 3, 2, 0, 1, 1, 4, 2, 5, 1, 6, 2, 4, 2, 5, 654, 0, 0, 0, 0, 0, 0]",4,13.855236201504031,-1,1
3098,"[0, 12, 0, 8, 1, 11, 0, 8, 0, 1, 0, 2, 0, 0, 0, 0, 0, 1, 0, 0, 2, 0, 0, 0, 0, 0, 0, 0, 0, 0, 0, 0, 1, 1, 2, 2, 0, 0, 2, 0, 0, 1, 1, 0, 2, 2, 0, 1, 0, 0, 0, 0, 0, 0, 0, 2, 0, 0, 0, 0, 0, 0, 0, 2, 2, 2, 3, 2, 0, 1, 1, 4, 2, 5, 1, 6, 2, 4, 2, 5, 655, 0, 0, 0, 0, 0, 0]",4,12.389100771715883,-1,0
3099,"[0, 12, 0, 8, 1, 11, 0, 8, 0, 1, 0, 2, 0, 0, 0, 0, 0, 1, 0, 0, 2, 0, 0, 0, 0, 0, 0, 0, 0, 0, 0, 0, 1, 1, 2, 2, 0, 0, 2, 0, 0, 1, 1, 0, 2, 2, 0, 1, 0, 0, 0, 0, 0, 0, 0, 2, 0, 0, 0, 0, 0, 0, 0, 2, 2, 2, 3, 2, 0, 1, 1, 4, 2, 5, 1, 6, 2, 4, 2, 5, 655, 0, 1, 0, 0, 0, 0]",2,0.4000000024938505,-1,1
3100,"[0, 12, 0, 8, 1, 11, 0, 8, 0, 1, 0, 2, 0, 0, 0, 0, 0, 1, 0, 0, 2, 0, 0, 0, 0, 0, 0, 0, 0, 0, 0, 0, 1, 1, 2, 2, 0, 0, 2, 0, 0, 1, 1, 0, 2, 2, 0, 1, 0, 0, 0, 0, 0, 0, 0, 2, 0, 0, 0, 0, 0, 0, 0, 2, 2, 2, 3, 2, 0, 1, 1, 4, 2, 5, 1, 6, 2, 4, 2, 5, 655, 0, 1, 0, 0, 1, 0]","[[1 0 0 0]
 [0 1 0 0]]",0.6504248675519414,-1,1
3101,"[1, 11, 0, 8, 0, 12, 0, 8, 0, 1, 0, 2, 0, 0, 0, 0, 0, 1, 0, 0, 2, 0, 0, 0, 0, 0, 0, 0, 0, 0, 0, 0, 1, 1, 2, 2, 0, 0, 2, 0, 0, 1, 1, 0, 2, 2, 0, 1, 0, 0, 0, 0, 0, 0, 0, 2, 0, 0, 0, 0, 0, 0, 0, 2, 2, 2, 3, 2, 0, 1, 1, 4, 2, 5, 1, 6, 2, 4, 2, 5, 655, 0, 0, 0, 0, 0, 0]",0,-0.1999999975061495,-1,0
3102,"[1, 5, 0, 4, 0, 6, 0, 4, 0, 1, 0, 2, 0, 0, 0, 0, 0, 1, 0, 0, 2, 0, 0, 0, 0, 0, 0, 0, 0, 0, 0, 0, 1, 1, 2, 2, 0, 0, 2, 0, 0, 1, 1, 0, 2, 2, 0, 1, 0, 0, 0, 0, 0, 0, 0, 2, 0, 0, 0, 0, 0, 0, 0, 2, 2, 2, 3, 2, 0, 1, 1, 4, 2, 5, 1, 6, 2, 4, 2, 3, 656, 0, 0, 0, 0, 0, 0]",4,13.81523947629304,-1,1
3103,"[1, 5, 0, 4, 0, 6, 0, 4, 0, 1, 0, 2, 0, 0, 0, 0, 0, 1, 0, 0, 2, 0, 0, 0, 0, 0, 0, 0, 0, 0, 0, 0, 1, 1, 2, 2, 0, 0, 2, 0, 0, 1, 1, 0, 2, 2, 0, 1, 0, 0, 0, 0, 0, 0, 0, 2, 0, 0, 0, 0, 0, 0, 0, 2, 2, 2, 3, 2, 0, 1, 1, 4, 2, 5, 1, 6, 2, 4, 2, 3, 656, 0, 0, 0, 0, 0, 0]",1,0.609624117495682,-1,0
3104,"[1, 5, 0, 4, 0, 6, 0, 4, 0, 1, 0, 2, 0, 0, 0, 0, 0, 1, 0, 0, 2, 0, 0, 0, 0, 0, 0, 0, 0, 0, 0, 0, 1, 1, 2, 2, 0, 0, 2, 0, 0, 1, 1, 0, 2, 2, 0, 1, 0, 0, 0, 0, 0, 0, 0, 2, 0, 0, 0, 0, 0, 0, 0, 2, 2, 2, 3, 2, 0, 1, 1, 4, 2, 5, 1, 6, 2, 4, 2, 3, 656, 0, 0, 0, 0, 0, 0]",-1,-7.079428551734012e-05,-1,0
3105,"[1, 5, 0, 5, 0, 6, 0, 5, 0, 1, 0, 2, 0, 0, 0, 0, 0, 1, 0, 0, 2, 0, 0, 0, 0, 0, 0, 0, 0, 0, 0, 0, 1, 1, 2, 2, 0, 0, 2, 0, 0, 1, 1, 0, 2, 2, 0, 1, 0, 0, 0, 0, 0, 0, 0, 2, 0, 0, 0, 0, 0, 0, 0, 2, 2, 2, 3, 2, 0, 1, 1, 4, 2, 5, 1, 6, 2, 4, 2, 3, 657, 0, 0, 0, 0, 0, 0]",4,13.826251015089845,-1,1
3106,"[1, 5, 0, 5, 1, 6, 0, 5, 0, 1, 0, 2, 0, 0, 0, 0, 0, 1, 0, 0, 2, 0, 0, 0, 0, 0, 0, 0, 0, 0, 0, 0, 1, 1, 2, 2, 0, 0, 2, 0, 0, 1, 1, 0, 2, 2, 0, 1, 0, 0, 0, 0, 0, 0, 0, 2, 0, 0, 0, 0, 0, 0, 0, 2, 2, 2, 3, 2, 0, 1, 1, 4, 2, 5, 1, 6, 2, 4, 2, 3, 658, 0, 0, 0, 0, 0, 0]",4,12.542502655745405,-1,0
3107,"[1, 6, 0, 5, 1, 7, 0, 5, 0, 1, 0, 2, 0, 0, 0, 0, 0, 1, 0, 0, 2, 0, 0, 0, 0, 0, 0, 0, 0, 0, 0, 0, 1, 1, 2, 2, 0, 0, 2, 0, 0, 1, 1, 0, 2, 2, 0, 1, 0, 0, 0, 0, 0, 0, 0, 2, 0, 0, 0, 0, 0, 0, 0, 2, 2, 2, 3, 2, 0, 1, 1, 4, 2, 5, 1, 6, 2, 4, 2, 3, 659, 0, 0, 0, 0, 0, 0]",4,13.897474548129612,-1,1
3108,"[1, 6, 0, 5, 1, 7, 0, 5, 0, 1, 0, 2, 0, 0, 0, 0, 0, 1, 0, 0, 2, 0, 0, 0, 0, 0, 0, 0, 0, 0, 0, 0, 1, 1, 2, 2, 0, 0, 2, 0, 0, 1, 1, 0, 2, 2, 0, 1, 0, 0, 0, 0, 0, 0, 0, 2, 0, 0, 0, 0, 0, 0, 0, 2, 2, 2, 3, 2, 0, 1, 1, 4, 2, 5, 1, 6, 2, 4, 2, 3, 660, 0, 0, 0, 0, 0, 0]",4,12.52133641583371,-1,0
3109,"[1, 6, 0, 5, 1, 7, 0, 5, 0, 1, 0, 2, 0, 0, 0, 0, 0, 1, 0, 0, 2, 0, 0, 0, 0, 0, 0, 0, 0, 0, 0, 0, 1, 1, 2, 2, 0, 0, 2, 0, 0, 1, 1, 0, 2, 2, 0, 1, 0, 0, 0, 0, 0, 0, 0, 2, 0, 0, 0, 0, 0, 0, 0, 2, 2, 2, 3, 2, 0, 1, 1, 4, 2, 5, 1, 6, 2, 4, 2, 3, 660, 0, 1, 0, 0, 0, 0]",2,0.4000000020417921,-1,1
3110,"[1, 6, 0, 5, 1, 7, 0, 5, 0, 1, 0, 2, 0, 0, 0, 0, 0, 1, 0, 0, 2, 0, 0, 0, 0, 0, 0, 0, 0, 0, 0, 0, 1, 1, 2, 2, 0, 0, 2, 0, 0, 1, 1, 0, 2, 2, 0, 1, 0, 0, 0, 0, 0, 0, 0, 2, 0, 0, 0, 0, 0, 0, 0, 2, 2, 2, 3, 2, 0, 1, 1, 4, 2, 5, 1, 6, 2, 4, 2, 3, 660, 0, 1, 0, 0, 1, 0]","[[1 0 0 0]
 [0 1 0 0]]",0.650424867099883,-1,1
3111,"[2, 5, 0, 5, 0, 8, 0, 5, 0, 1, 0, 2, 0, 0, 0, 0, 0, 1, 0, 0, 2, 0, 0, 0, 0, 0, 0, 0, 0, 0, 0, 0, 1, 1, 2, 2, 0, 0, 2, 0, 0, 1, 1, 0, 2, 2, 0, 1, 0, 0, 0, 0, 0, 0, 0, 2, 0, 0, 0, 0, 0, 0, 0, 2, 2, 2, 3, 2, 0, 1, 1, 4, 2, 5, 1, 6, 2, 4, 2, 3, 660, 0, 0, 0, 0, 0, 0]",0,-0.1999999979582079,-1,0
3112,"[2, 6, 0, 5, 0, 9, 0, 5, 0, 1, 0, 2, 0, 0, 0, 0, 0, 1, 0, 0, 2, 0, 0, 0, 0, 0, 0, 0, 0, 0, 0, 0, 1, 1, 2, 2, 0, 0, 2, 0, 0, 1, 1, 0, 2, 2, 0, 1, 0, 0, 0, 0, 0, 0, 0, 2, 0, 0, 0, 0, 0, 0, 0, 2, 2, 2, 3, 2, 0, 1, 1, 4, 2, 5, 1, 6, 2, 4, 2, 3, 661, 0, 0, 0, 0, 0, 0]",4,13.773941460132777,-1,1
3113,"[2, 6, 0, 5, 0, 9, 0, 5, 0, 1, 0, 2, 0, 0, 0, 0, 0, 1, 0, 0, 2, 0, 0, 0, 0, 0, 0, 0, 0, 0, 0, 0, 1, 1, 2, 2, 0, 0, 2, 0, 0, 1, 1, 0, 2, 2, 0, 1, 0, 0, 0, 0, 0, 0, 0, 2, 0, 0, 0, 0, 0, 0, 0, 2, 2, 2, 3, 2, 0, 1, 1, 4, 2, 5, 1, 6, 2, 4, 2, 3, 661, 0, 0, 0, 0, 0, 0]",1,0.609624117061349,-1,0
3114,"[2, 6, 0, 5, 0, 9, 0, 5, 0, 1, 0, 2, 0, 0, 0, 0, 0, 1, 0, 0, 2, 0, 0, 0, 0, 0, 0, 0, 0, 0, 0, 0, 1, 1, 2, 2, 0, 0, 2, 0, 0, 1, 1, 0, 2, 2, 0, 1, 0, 0, 0, 0, 0, 0, 0, 2, 0, 0, 0, 0, 0, 0, 0, 2, 2, 2, 3, 2, 0, 1, 1, 4, 2, 5, 1, 6, 2, 4, 2, 3, 661, 0, 0, 0, 0, 0, 0]",-1,-6.734160747059868e-05,-1,0
3115,"[2, 7, 0, 5, 0, 10, 0, 5, 0, 1, 0, 2, 0, 0, 0, 0, 0, 1, 0, 0, 2, 0, 0, 0, 0, 0, 0, 0, 0, 0, 0, 0, 1, 1, 2, 2, 0, 0, 2, 0, 0, 1, 1, 0, 2, 2, 0, 1, 0, 0, 0, 0, 0, 0, 0, 2, 0, 0, 0, 0, 0, 0, 0, 2, 2, 2, 3, 2, 0, 1, 1, 4, 2, 5, 1, 6, 2, 4, 2, 3, 662, 0, 0, 0, 0, 0, 0]",4,13.756021948460164,-1,1
3116,"[2, 7, 0, 5, 0, 10, 0, 5, 0, 1, 0, 2, 0, 0, 0, 0, 0, 1, 0, 0, 2, 0, 0, 0, 0, 0, 0, 0, 0, 0, 0, 0, 1, 1, 2, 2, 0, 0, 2, 0, 0, 1, 1, 0, 2, 2, 0, 1, 0, 0, 0, 0, 0, 0, 0, 2, 0, 0, 0, 0, 0, 0, 0, 2, 2, 2, 3, 2, 0, 1, 1, 4, 2, 5, 1, 6, 2, 4, 2, 3, 662, 1, 0, 0, 0, 0, 0]",3,0.20000000188481168,-1,0
3117,"[0, 7, 0, 6, 0, 10, 0, 5, 0, 1, 0, 2, 0, 0, 0, 0, 0, 1, 0, 0, 2, 0, 0, 0, 0, 0, 0, 0, 0, 0, 0, 0, 1, 1, 2, 2, 0, 0, 2, 0, 0, 1, 1, 0, 2, 2, 0, 1, 0, 0, 0, 0, 0, 0, 0, 2, 0, 0, 0, 0, 0, 0, 0, 2, 2, 2, 3, 2, 0, 1, 1, 4, 2, 5, 1, 6, 2, 4, 2, 3, 662, 0, 0, 0, 0, 0, 0]","[[2 0 0 0]
 [0 0 0 1]]",-0.19854231620414728,-1,0
3118,"[0, 7, 0, 6, 0, 10, 0, 5, 0, 1, 0, 2, 0, 0, 0, 0, 0, 1, 0, 0, 2, 0, 0, 0, 0, 0, 0, 0, 0, 0, 0, 0, 1, 1, 2, 2, 0, 0, 2, 0, 0, 1, 1, 0, 2, 2, 0, 1, 0, 0, 0, 0, 0, 0, 0, 2, 0, 0, 0, 0, 0, 0, 0, 2, 2, 2, 3, 2, 0, 1, 1, 4, 2, 5, 1, 6, 2, 4, 2, 3, 662, 1, 0, 0, 0, 0, 0]",3,0.20000000188481168,-1,0
3119,"[0, 7, 0, 6, 0, 10, 0, 5, 0, 1, 0, 2, 0, 0, 0, 0, 0, 1, 0, 0, 2, 0, 0, 0, 0, 0, 0, 0, 0, 0, 0, 0, 1, 1, 2, 2, 0, 0, 2, 0, 0, 1, 1, 0, 2, 2, 0, 1, 0, 0, 0, 0, 0, 0, 0, 2, 0, 0, 0, 0, 0, 0, 0, 2, 2, 2, 3, 2, 0, 1, 1, 4, 2, 5, 1, 6, 2, 4, 2, 3, 662, 0, 0, 0, 0, 0, 0]",-1,-6.667154728066797e-05,-1,0
3120,"[0, 7, 0, 6, 0, 10, 0, 5, 0, 1, 0, 2, 0, 0, 0, 0, 0, 1, 0, 0, 2, 0, 0, 0, 0, 0, 0, 0, 0, 0, 0, 0, 1, 1, 2, 2, 0, 0, 2, 0, 0, 1, 1, 0, 2, 2, 0, 1, 0, 0, 0, 0, 0, 0, 0, 2, 0, 0, 0, 0, 0, 0, 0, 2, 2, 2, 3, 2, 0, 1, 1, 4, 2, 5, 1, 6, 2, 4, 2, 3, 662, 0, 0, 0, 0, 0, 0]",0,0.294974748715395,-1,0
3121,"[0, 7, 0, 6, 0, 10, 0, 5, 0, 1, 0, 2, 0, 0, 0, 0, 0, 1, 0, 0, 2, 0, 0, 0, 0, 0, 0, 0, 0, 0, 0, 0, 1, 1, 2, 2, 0, 0, 2, 0, 0, 1, 1, 0, 2, 2, 0, 1, 0, 0, 0, 0, 0, 0, 0, 2, 0, 0, 0, 0, 0, 0, 0, 2, 2, 2, 3, 2, 0, 1, 1, 4, 2, 5, 1, 6, 2, 4, 2, 3, 662, 0, 0, 0, 0, 0, 0]",-1,-6.667154728066797e-05,-1,0
3122,"[0, 8, 0, 6, 0, 11, 0, 5, 0, 1, 0, 2, 0, 0, 0, 0, 0, 1, 0, 0, 2, 0, 0, 0, 0, 0, 0, 0, 0, 0, 0, 0, 1, 1, 2, 2, 0, 0, 2, 0, 0, 1, 1, 0, 2, 2, 0, 1, 0, 0, 0, 0, 0, 0, 0, 2, 0, 0, 0, 0, 0, 0, 0, 2, 2, 2, 3, 2, 0, 1, 1, 4, 2, 5, 1, 6, 2, 4, 2, 3, 663, 0, 0, 0, 0, 0, 0]",4,12.407972600166751,-1,0
3123,"[0, 8, 0, 6, 1, 11, 0, 5, 0, 1, 0, 2, 0, 0, 0, 0, 0, 1, 0, 0, 2, 0, 0, 0, 0, 0, 0, 0, 0, 0, 0, 0, 1, 1, 2, 2, 0, 0, 2, 0, 0, 1, 1, 0, 2, 2, 0, 1, 0, 0, 0, 0, 0, 0, 0, 2, 0, 0, 0, 0, 0, 0, 0, 2, 2, 2, 3, 2, 0, 1, 1, 4, 2, 5, 1, 6, 2, 4, 2, 3, 664, 0, 0, 0, 0, 0, 0]",4,13.805852383038435,-1,1
3124,"[0, 8, 0, 7, 1, 11, 0, 6, 0, 1, 0, 2, 0, 0, 0, 0, 0, 1, 0, 0, 2, 0, 0, 0, 0, 0, 0, 0, 0, 0, 0, 0, 1, 1, 2, 2, 0, 0, 2, 0, 0, 1, 1, 0, 2, 2, 0, 1, 0, 0, 0, 0, 0, 0, 0, 2, 0, 0, 0, 0, 0, 0, 0, 2, 2, 2, 3, 2, 0, 1, 1, 4, 2, 5, 1, 6, 2, 4, 2, 3, 665, 0, 0, 0, 0, 0, 0]",4,12.415106465618459,-1,0
3125,"[0, 8, 0, 7, 1, 11, 0, 6, 0, 1, 0, 2, 0, 0, 0, 0, 0, 1, 0, 0, 2, 0, 0, 0, 0, 0, 0, 0, 0, 0, 0, 0, 1, 1, 2, 2, 0, 0, 2, 0, 0, 1, 1, 0, 2, 2, 0, 1, 0, 0, 0, 0, 0, 0, 0, 2, 0, 0, 0, 0, 0, 0, 0, 2, 2, 2, 3, 2, 0, 1, 1, 4, 2, 5, 1, 6, 2, 4, 2, 3, 665, 0, 1, 0, 0, 0, 0]",2,0.400000001671678,-1,1
3126,"[0, 8, 0, 7, 1, 11, 0, 6, 0, 1, 0, 2, 0, 0, 0, 0, 0, 1, 0, 0, 2, 0, 0, 0, 0, 0, 0, 0, 0, 0, 0, 0, 1, 1, 2, 2, 0, 0, 2, 0, 0, 1, 1, 0, 2, 2, 0, 1, 0, 0, 0, 0, 0, 0, 0, 2, 0, 0, 0, 0, 0, 0, 0, 2, 2, 2, 3, 2, 0, 1, 1, 4, 2, 5, 1, 6, 2, 4, 2, 3, 665, 0, 1, 0, 0, 1, 0]","[[1 0 0 0]
 [0 1 0 0]]",0.650424866729769,-1,1
3127,"[1, 7, 0, 7, 0, 12, 0, 6, 0, 1, 0, 2, 0, 0, 0, 0, 0, 1, 0, 0, 2, 0, 0, 0, 0, 0, 0, 0, 0, 0, 0, 0, 1, 1, 2, 2, 0, 0, 2, 0, 0, 1, 1, 0, 2, 2, 0, 1, 0, 0, 0, 0, 0, 0, 0, 2, 0, 0, 0, 0, 0, 0, 0, 2, 2, 2, 3, 2, 0, 1, 1, 4, 2, 5, 1, 6, 2, 4, 2, 3, 665, 0, 0, 0, 0, 0, 0]",0,-0.199999998328322,-1,0
3128,"[1, 3, 0, 3, 0, 6, 0, 3, 0, 1, 0, 2, 0, 0, 0, 0, 0, 1, 0, 0, 2, 0, 0, 0, 0, 0, 0, 0, 0, 0, 0, 0, 1, 1, 2, 2, 0, 0, 2, 0, 0, 1, 1, 0, 2, 2, 0, 1, 0, 0, 0, 0, 0, 0, 0, 2, 0, 0, 0, 0, 0, 0, 0, 2, 2, 2, 3, 2, 0, 1, 1, 4, 2, 5, 1, 6, 2, 4, 2, 0, 666, 0, 0, 0, 0, 0, 0]",4,13.786890017663904,-1,1
3129,"[1, 3, 0, 3, 0, 6, 0, 3, 0, 1, 0, 2, 0, 0, 0, 0, 0, 1, 0, 0, 2, 0, 0, 0, 0, 0, 0, 0, 0, 0, 0, 0, 1, 1, 2, 2, 0, 0, 2, 0, 0, 1, 1, 0, 2, 2, 0, 1, 0, 0, 0, 0, 0, 0, 0, 2, 0, 0, 0, 0, 0, 0, 0, 2, 2, 2, 3, 2, 0, 1, 1, 4, 2, 5, 1, 6, 2, 4, 2, 0, 666, 0, 0, 0, 0, 0, 0]",0,0.2949747484367139,-1,0
3130,"[1, 3, 0, 3, 0, 6, 0, 3, 0, 1, 0, 2, 0, 0, 0, 0, 0, 1, 0, 0, 2, 0, 0, 0, 0, 0, 0, 0, 0, 0, 0, 0, 1, 1, 2, 2, 0, 0, 2, 0, 0, 1, 1, 0, 2, 2, 0, 1, 0, 0, 0, 0, 0, 0, 0, 2, 0, 0, 0, 0, 0, 0, 0, 2, 2, 2, 3, 2, 0, 1, 1, 4, 2, 5, 1, 6, 2, 4, 2, 0, 666, 0, 0, 0, 0, 0, 0]",-1,-6.405731851921057e-05,-1,0
3131,"[1, 3, 0, 4, 0, 6, 0, 4, 0, 1, 0, 2, 0, 0, 0, 0, 0, 1, 0, 0, 2, 0, 0, 0, 0, 0, 0, 0, 0, 0, 0, 0, 1, 1, 2, 2, 0, 0, 2, 0, 0, 1, 1, 0, 2, 2, 0, 1, 0, 0, 0, 0, 0, 0, 0, 2, 0, 0, 0, 0, 0, 0, 0, 2, 2, 2, 3, 2, 0, 1, 1, 4, 2, 5, 1, 6, 2, 4, 2, 0, 667, 0, 0, 0, 0, 0, 0]",4,13.815224578517338,-1,1
3132,"[1, 3, 0, 4, 0, 6, 0, 4, 0, 1, 0, 2, 0, 0, 0, 0, 0, 1, 0, 0, 2, 0, 0, 0, 0, 0, 0, 0, 0, 0, 0, 0, 1, 1, 2, 2, 0, 0, 2, 0, 0, 1, 1, 0, 2, 2, 0, 1, 0, 0, 0, 0, 0, 0, 0, 2, 0, 0, 0, 0, 0, 0, 0, 2, 2, 2, 3, 2, 0, 1, 1, 4, 2, 5, 1, 6, 2, 4, 2, 0, 667, 0, 0, 0, 0, 0, 0]",0,0.29497474837373655,-1,0
3133,"[1, 3, 0, 4, 0, 6, 0, 4, 0, 1, 0, 2, 0, 0, 0, 0, 0, 1, 0, 0, 2, 0, 0, 0, 0, 0, 0, 0, 0, 0, 0, 0, 1, 1, 2, 2, 0, 0, 2, 0, 0, 1, 1, 0, 2, 2, 0, 1, 0, 0, 0, 0, 0, 0, 0, 2, 0, 0, 0, 0, 0, 0, 0, 2, 2, 2, 3, 2, 0, 1, 1, 4, 2, 5, 1, 6, 2, 4, 2, 0, 667, 0, 0, 0, 0, 0, 0]",-1,-6.341993755036194e-05,-1,0
3134,"[1, 3, 0, 4, 0, 6, 0, 4, 0, 1, 0, 2, 0, 0, 0, 0, 0, 1, 0, 0, 2, 0, 0, 0, 0, 0, 0, 0, 0, 0, 0, 0, 1, 1, 2, 2, 0, 0, 2, 0, 0, 1, 1, 0, 2, 2, 0, 1, 0, 0, 0, 0, 0, 0, 0, 2, 0, 0, 0, 0, 0, 0, 0, 2, 2, 2, 3, 2, 0, 1, 1, 4, 2, 5, 1, 6, 2, 4, 2, 0, 667, 0, 0, 0, 0, 0, 0]",0,0.29497474837373655,-1,0
3135,"[1, 3, 0, 4, 0, 6, 0, 4, 0, 1, 0, 2, 0, 0, 0, 0, 0, 1, 0, 0, 2, 0, 0, 0, 0, 0, 0, 0, 0, 0, 0, 0, 1, 1, 2, 2, 0, 0, 2, 0, 0, 1, 1, 0, 2, 2, 0, 1, 0, 0, 0, 0, 0, 0, 0, 2, 0, 0, 0, 0, 0, 0, 0, 2, 2, 2, 3, 2, 0, 1, 1, 4, 2, 5, 1, 6, 2, 4, 2, 0, 667, 0, 0, 0, 0, 0, 0]",-1,-6.341993755036194e-05,-1,0
3136,"[1, 3, 0, 4, 0, 6, 0, 4, 0, 1, 0, 2, 0, 0, 0, 0, 0, 1, 0, 0, 2, 0, 0, 0, 0, 0, 0, 0, 0, 0, 0, 0, 1, 1, 2, 2, 0, 0, 2, 0, 0, 1, 1, 0, 2, 2, 0, 1, 0, 0, 0, 0, 0, 0, 0, 2, 0, 0, 0, 0, 0, 0, 0, 2, 2, 2, 3, 2, 0, 1, 1, 4, 2, 5, 1, 6, 2, 4, 2, 0, 667, 0, 0, 0, 0, 0, 0]",0,0.29497474837373655,-1,0
3137,"[1, 3, 0, 4, 0, 6, 0, 4, 0, 1, 0, 2, 0, 0, 0, 0, 0, 1, 0, 0, 2, 0, 0, 0, 0, 0, 0, 0, 0, 0, 0, 0, 1, 1, 2, 2, 0, 0, 2, 0, 0, 1, 1, 0, 2, 2, 0, 1, 0, 0, 0, 0, 0, 0, 0, 2, 0, 0, 0, 0, 0, 0, 0, 2, 2, 2, 3, 2, 0, 1, 1, 4, 2, 5, 1, 6, 2, 4, 2, 0, 667, 0, 0, 0, 0, 0, 0]",-1,-6.341993755036194e-05,-1,0
3138,"[1, 3, 0, 4, 0, 6, 0, 4, 0, 1, 0, 2, 0, 0, 0, 0, 0, 1, 0, 0, 2, 0, 0, 0, 0, 0, 0, 0, 0, 0, 0, 0, 1, 1, 2, 2, 0, 0, 2, 0, 0, 1, 1, 0, 2, 2, 0, 1, 0, 0, 0, 0, 0, 0, 0, 2, 0, 0, 0, 0, 0, 0, 0, 2, 2, 2, 3, 2, 0, 1, 1, 4, 2, 5, 1, 6, 2, 4, 2, 0, 667, 0, 0, 0, 0, 0, 0]",0,0.29497474837373655,-1,0
3139,"[1, 3, 0, 4, 0, 6, 0, 4, 0, 1, 0, 2, 0, 0, 0, 0, 0, 1, 0, 0, 2, 0, 0, 0, 0, 0, 0, 0, 0, 0, 0, 0, 1, 1, 2, 2, 0, 0, 2, 0, 0, 1, 1, 0, 2, 2, 0, 1, 0, 0, 0, 0, 0, 0, 0, 2, 0, 0, 0, 0, 0, 0, 0, 2, 2, 2, 3, 2, 0, 1, 1, 4, 2, 5, 1, 6, 2, 4, 2, 0, 667, 0, 0, 0, 0, 0, 0]",-1,-6.341993755036194e-05,-1,0
3140,"[1, 3, 0, 4, 0, 6, 0, 4, 0, 1, 0, 2, 0, 0, 0, 0, 0, 1, 0, 0, 2, 0, 0, 0, 0, 0, 0, 0, 0, 0, 0, 0, 1, 1, 2, 2, 0, 0, 2, 0, 0, 1, 1, 0, 2, 2, 0, 1, 0, 0, 0, 0, 0, 0, 0, 2, 0, 0, 0, 0, 0, 0, 0, 2, 2, 2, 3, 2, 0, 1, 1, 4, 2, 5, 1, 6, 2, 4, 2, 0, 667, 0, 0, 0, 0, 0, 0]",0,0.29497474837373655,-1,0
3141,"[1, 3, 0, 4, 0, 6, 0, 4, 0, 1, 0, 2, 0, 0, 0, 0, 0, 1, 0, 0, 2, 0, 0, 0, 0, 0, 0, 0, 0, 0, 0, 0, 1, 1, 2, 2, 0, 0, 2, 0, 0, 1, 1, 0, 2, 2, 0, 1, 0, 0, 0, 0, 0, 0, 0, 2, 0, 0, 0, 0, 0, 0, 0, 2, 2, 2, 3, 2, 0, 1, 1, 4, 2, 5, 1, 6, 2, 4, 2, 0, 667, 0, 0, 0, 0, 0, 0]",-1,-6.341993755036194e-05,-1,0
3142,"[1, 3, 0, 4, 0, 6, 0, 4, 0, 1, 0, 2, 0, 0, 0, 0, 0, 1, 0, 0, 2, 0, 0, 0, 0, 0, 0, 0, 0, 0, 0, 0, 1, 1, 2, 2, 0, 0, 2, 0, 0, 1, 1, 0, 2, 2, 0, 1, 0, 0, 0, 0, 0, 0, 0, 2, 0, 0, 0, 0, 0, 0, 0, 2, 2, 2, 3, 2, 0, 1, 1, 4, 2, 5, 1, 6, 2, 4, 2, 0, 667, 1, 0, 0, 0, 0, 0]",3,0.20000000154315328,-1,0
3143,"[1, 3, 0, 4, 0, 6, 0, 4, 0, 1, 0, 2, 0, 0, 0, 0, 0, 1, 0, 0, 2, 0, 0, 0, 0, 0, 0, 0, 0, 0, 0, 0, 1, 1, 2, 2, 0, 0, 2, 0, 0, 1, 1, 0, 2, 2, 0, 1, 0, 0, 0, 0, 0, 0, 0, 2, 0, 0, 0, 0, 0, 0, 0, 2, 2, 2, 3, 2, 0, 1, 1, 4, 2, 5, 1, 6, 2, 4, 2, 0, 667, 0, 0, 0, 0, 0, 0]",-1,-6.341993755036194e-05,-1,0
3144,"[1, 3, 0, 4, 0, 6, 0, 4, 0, 1, 0, 2, 0, 0, 0, 0, 0, 1, 0, 0, 2, 0, 0, 0, 0, 0, 0, 0, 0, 0, 0, 0, 1, 1, 2, 2, 0, 0, 2, 0, 0, 1, 1, 0, 2, 2, 0, 1, 0, 0, 0, 0, 0, 0, 0, 2, 0, 0, 0, 0, 0, 0, 0, 2, 2, 2, 3, 2, 0, 1, 1, 4, 2, 5, 1, 6, 2, 4, 2, 0, 667, 0, 1, 0, 0, 0, 0]",2,0.40000000154315324,-1,0
3145,"[1, 3, 0, 4, 0, 6, 0, 4, 0, 1, 0, 2, 0, 0, 0, 0, 0, 1, 0, 0, 2, 0, 0, 0, 0, 0, 0, 0, 0, 0, 0, 0, 1, 1, 2, 2, 0, 0, 2, 0, 0, 1, 1, 0, 2, 2, 0, 1, 0, 0, 0, 0, 0, 0, 0, 2, 0, 0, 0, 0, 0, 0, 0, 2, 2, 2, 3, 2, 0, 1, 1, 4, 2, 5, 1, 6, 2, 4, 2, 0, 667, 0, 0, 0, 0, 0, 0]",-1,-6.341993755036194e-05,-1,0
3146,"[1, 3, 0, 4, 0, 6, 0, 4, 0, 1, 0, 2, 0, 0, 0, 0, 0, 1, 0, 0, 2, 0, 0, 0, 0, 0, 0, 0, 0, 0, 0, 0, 1, 1, 2, 2, 0, 0, 2, 0, 0, 1, 1, 0, 2, 2, 0, 1, 0, 0, 0, 0, 0, 0, 0, 2, 0, 0, 0, 0, 0, 0, 0, 2, 2, 2, 3, 2, 0, 1, 1, 4, 2, 5, 1, 6, 2, 4, 2, 0, 667, 1, 0, 0, 0, 0, 0]",3,0.20000000154315328,-1,0
3147,"[1, 3, 0, 4, 0, 6, 0, 4, 0, 1, 0, 2, 0, 0, 0, 0, 0, 1, 0, 0, 2, 0, 0, 0, 0, 0, 0, 0, 0, 0, 0, 0, 1, 1, 2, 2, 0, 0, 2, 0, 0, 1, 1, 0, 2, 2, 0, 1, 0, 0, 0, 0, 0, 0, 0, 2, 0, 0, 0, 0, 0, 0, 0, 2, 2, 2, 3, 2, 0, 1, 1, 4, 2, 5, 1, 6, 2, 4, 2, 0, 667, 0, 0, 0, 0, 0, 0]",-1,-6.341993755036194e-05,-1,0
3148,"[1, 3, 0, 4, 0, 6, 0, 4, 0, 1, 0, 2, 0, 0, 0, 0, 0, 1, 0, 0, 2, 0, 0, 0, 0, 0, 0, 0, 0, 0, 0, 0, 1, 1, 2, 2, 0, 0, 2, 0, 0, 1, 1, 0, 2, 2, 0, 1, 0, 0, 0, 0, 0, 0, 0, 2, 0, 0, 0, 0, 0, 0, 0, 2, 2, 2, 3, 2, 0, 1, 1, 4, 2, 5, 1, 6, 2, 4, 2, 0, 667, 0, 0, 0, 0, 0, 0]",1,0.60962411664277,-1,0
3149,"[1, 3, 0, 4, 0, 6, 0, 4, 0, 1, 0, 2, 0, 0, 0, 0, 0, 1, 0, 0, 2, 0, 0, 0, 0, 0, 0, 0, 0, 0, 0, 0, 1, 1, 2, 2, 0, 0, 2, 0, 0, 1, 1, 0, 2, 2, 0, 1, 0, 0, 0, 0, 0, 0, 0, 2, 0, 0, 0, 0, 0, 0, 0, 2, 2, 2, 3, 2, 0, 1, 1, 4, 2, 5, 1, 6, 2, 4, 2, 0, 667, 0, 0, 0, 0, 0, 0]",-1,-6.341993755036194e-05,-1,0
3150,"[1, 3, 0, 4, 0, 6, 0, 4, 0, 1, 0, 2, 0, 0, 0, 0, 0, 1, 0, 0, 2, 0, 0, 0, 0, 0, 0, 0, 0, 0, 0, 0, 1, 1, 2, 2, 0, 0, 2, 0, 0, 1, 1, 0, 2, 2, 0, 1, 0, 0, 0, 0, 0, 0, 0, 2, 0, 0, 0, 0, 0, 0, 0, 2, 2, 2, 3, 2, 0, 1, 1, 4, 2, 5, 1, 6, 2, 4, 2, 0, 667, 0, 1, 0, 0, 0, 0]",2,0.40000000154315324,-1,0
3151,"[1, 3, 0, 4, 0, 6, 0, 4, 0, 1, 0, 2, 0, 0, 0, 0, 0, 1, 0, 0, 2, 0, 0, 0, 0, 0, 0, 0, 0, 0, 0, 0, 1, 1, 2, 2, 0, 0, 2, 0, 0, 1, 1, 0, 2, 2, 0, 1, 0, 0, 0, 0, 0, 0, 0, 2, 0, 0, 0, 0, 0, 0, 0, 2, 2, 2, 3, 2, 0, 1, 1, 4, 2, 5, 1, 6, 2, 4, 2, 0, 667, 0, 0, 0, 0, 0, 0]",-1,-6.341993755036194e-05,-1,0
3152,"[1, 3, 0, 4, 0, 6, 0, 4, 0, 1, 0, 2, 0, 0, 0, 0, 0, 1, 0, 0, 2, 0, 0, 0, 0, 0, 0, 0, 0, 0, 0, 0, 1, 1, 2, 2, 0, 0, 2, 0, 0, 1, 1, 0, 2, 2, 0, 1, 0, 0, 0, 0, 0, 0, 0, 2, 0, 0, 0, 0, 0, 0, 0, 2, 2, 2, 3, 2, 0, 1, 1, 4, 2, 5, 1, 6, 2, 4, 2, 0, 667, 0, 1, 0, 0, 0, 0]",2,0.40000000154315324,-1,0
3153,"[1, 3, 0, 4, 0, 6, 0, 4, 0, 1, 0, 2, 0, 0, 0, 0, 0, 1, 0, 0, 2, 0, 0, 0, 0, 0, 0, 0, 0, 0, 0, 0, 1, 1, 2, 2, 0, 0, 2, 0, 0, 1, 1, 0, 2, 2, 0, 1, 0, 0, 0, 0, 0, 0, 0, 2, 0, 0, 0, 0, 0, 0, 0, 2, 2, 2, 3, 2, 0, 1, 1, 4, 2, 5, 1, 6, 2, 4, 2, 0, 667, 0, 0, 0, 0, 0, 0]",-1,-6.341993755036194e-05,-1,0
3154,"[1, 3, 0, 4, 0, 6, 0, 4, 0, 1, 0, 2, 0, 0, 0, 0, 0, 1, 0, 0, 2, 0, 0, 0, 0, 0, 0, 0, 0, 0, 0, 0, 1, 1, 2, 2, 0, 0, 2, 0, 0, 1, 1, 0, 2, 2, 0, 1, 0, 0, 0, 0, 0, 0, 0, 2, 0, 0, 0, 0, 0, 0, 0, 2, 2, 2, 3, 2, 0, 1, 1, 4, 2, 5, 1, 6, 2, 4, 2, 0, 667, 0, 0, 0, 0, 0, 0]",1,0.60962411664277,-1,0
3155,"[1, 3, 0, 4, 0, 6, 0, 4, 0, 1, 0, 2, 0, 0, 0, 0, 0, 1, 0, 0, 2, 0, 0, 0, 0, 0, 0, 0, 0, 0, 0, 0, 1, 1, 2, 2, 0, 0, 2, 0, 0, 1, 1, 0, 2, 2, 0, 1, 0, 0, 0, 0, 0, 0, 0, 2, 0, 0, 0, 0, 0, 0, 0, 2, 2, 2, 3, 2, 0, 1, 1, 4, 2, 5, 1, 6, 2, 4, 2, 0, 667, 0, 0, 0, 0, 0, 0]",-1,-6.341993755036194e-05,-1,0
3156,"[1, 3, 0, 4, 0, 6, 0, 4, 0, 1, 0, 2, 0, 0, 0, 0, 0, 1, 0, 0, 2, 0, 0, 0, 0, 0, 0, 0, 0, 0, 0, 0, 1, 1, 2, 2, 0, 0, 2, 0, 0, 1, 1, 0, 2, 2, 0, 1, 0, 0, 0, 0, 0, 0, 0, 2, 0, 0, 0, 0, 0, 0, 0, 2, 2, 2, 3, 2, 0, 1, 1, 4, 2, 5, 1, 6, 2, 4, 2, 0, 667, 1, 0, 0, 0, 0, 0]",3,0.20000000154315328,-1,0
3157,"[1, 3, 0, 4, 0, 6, 0, 4, 0, 1, 0, 2, 0, 0, 0, 0, 0, 1, 0, 0, 2, 0, 0, 0, 0, 0, 0, 0, 0, 0, 0, 0, 1, 1, 2, 2, 0, 0, 2, 0, 0, 1, 1, 0, 2, 2, 0, 1, 0, 0, 0, 0, 0, 0, 0, 2, 0, 0, 0, 0, 0, 0, 0, 2, 2, 2, 3, 2, 0, 1, 1, 4, 2, 5, 1, 6, 2, 4, 2, 0, 667, 0, 0, 0, 0, 0, 0]",-1,-6.341993755036194e-05,-1,0
3158,"[1, 1, 0, 2, 0, 3, 0, 2, 0, 1, 0, 2, 0, 0, 0, 0, 0, 1, 0, 0, 2, 0, 0, 0, 0, 0, 0, 0, 0, 0, 0, 0, 1, 1, 2, 2, 0, 0, 2, 0, 0, 1, 1, 0, 2, 2, 0, 1, 0, 0, 0, 0, 0, 0, 0, 2, 0, 0, 0, 0, 0, 0, 0, 2, 2, 2, 3, 2, 0, 1, 1, 4, 2, 5, 1, 6, 2, 4, 2, 0, 668, 0, 0, 0, 0, 0, 0]",4,12.97389540473159,-1,0
3159,"[1, 1, 0, 1, 0, 1, 0, 1, 0, 1, 0, 2, 0, 0, 0, 0, 0, 1, 0, 0, 2, 0, 0, 0, 0, 0, 0, 0, 0, 0, 0, 0, 1, 1, 2, 2, 0, 0, 2, 0, 0, 1, 1, 0, 2, 2, 0, 1, 0, 0, 0, 0, 0, 0, 0, 2, 0, 0, 0, 0, 0, 0, 0, 2, 2, 2, 3, 2, 0, 1, 1, 4, 2, 5, 1, 6, 2, 4, 2, 5, 669, 0, 0, 0, 0, 0, 0]",4,14.259588750515542,-1,1
3160,"[1, 1, 0, 1, 0, 1, 0, 1, 0, 1, 0, 2, 0, 0, 0, 0, 0, 1, 0, 0, 2, 0, 0, 0, 0, 0, 0, 0, 0, 0, 0, 0, 1, 1, 2, 2, 0, 0, 2, 0, 0, 1, 1, 0, 2, 2, 0, 1, 0, 0, 0, 0, 0, 0, 0, 2, 0, 0, 0, 0, 0, 0, 0, 2, 2, 2, 3, 2, 0, 1, 1, 4, 2, 5, 1, 6, 2, 4, 2, 5, 669, 0, 1, 0, 0, 0, 0]",2,0.40000000142451,-1,0
3161,"[1, 1, 0, 1, 0, 1, 0, 1, 0, 1, 0, 2, 0, 0, 0, 0, 0, 1, 0, 0, 2, 0, 0, 0, 0, 0, 0, 0, 0, 0, 0, 0, 1, 1, 2, 2, 0, 0, 2, 0, 0, 1, 1, 0, 2, 2, 0, 1, 0, 0, 0, 0, 0, 0, 0, 2, 0, 0, 0, 0, 0, 0, 0, 2, 2, 2, 3, 2, 0, 1, 1, 4, 2, 5, 1, 6, 2, 4, 2, 5, 669, 0, 0, 0, 0, 0, 0]",-1,-6.216413864806202e-05,-1,0
3162,"[1, 1, 0, 1, 0, 1, 0, 1, 0, 1, 0, 2, 0, 0, 0, 0, 0, 1, 0, 0, 2, 0, 0, 0, 0, 0, 0, 0, 0, 0, 0, 0, 1, 1, 2, 2, 0, 0, 2, 0, 0, 1, 1, 0, 2, 2, 0, 1, 0, 0, 0, 0, 0, 0, 0, 2, 0, 0, 0, 0, 0, 0, 0, 2, 2, 2, 3, 2, 0, 1, 1, 4, 2, 5, 1, 6, 2, 4, 2, 5, 669, 0, 0, 0, 0, 0, 0]",1,0.6096241165241267,-1,0
3163,"[1, 1, 0, 1, 0, 1, 0, 1, 0, 1, 0, 2, 0, 0, 0, 0, 0, 1, 0, 0, 2, 0, 0, 0, 0, 0, 0, 0, 0, 0, 0, 0, 1, 1, 2, 2, 0, 0, 2, 0, 0, 1, 1, 0, 2, 2, 0, 1, 0, 0, 0, 0, 0, 0, 0, 2, 0, 0, 0, 0, 0, 0, 0, 2, 2, 2, 3, 2, 0, 1, 1, 4, 2, 5, 1, 6, 2, 4, 2, 5, 669, 0, 0, 0, 0, 0, 0]",-1,-6.216413864806202e-05,-1,0
3164,"[1, 1, 0, 1, 0, 1, 0, 1, 0, 1, 0, 2, 0, 0, 0, 0, 0, 1, 0, 0, 2, 0, 0, 0, 0, 0, 0, 0, 0, 0, 0, 0, 1, 1, 2, 2, 0, 0, 2, 0, 0, 1, 1, 0, 2, 2, 0, 1, 0, 0, 0, 0, 0, 0, 0, 2, 0, 0, 0, 0, 0, 0, 0, 2, 2, 2, 3, 2, 0, 1, 1, 4, 2, 5, 1, 6, 2, 4, 2, 5, 669, 1, 0, 0, 0, 0, 0]",3,0.20000000142451002,-1,0
3165,"[1, 1, 0, 1, 0, 1, 0, 1, 0, 1, 0, 2, 0, 0, 0, 0, 0, 1, 0, 0, 2, 0, 0, 0, 0, 0, 0, 0, 0, 0, 0, 0, 1, 1, 2, 2, 0, 0, 2, 0, 0, 1, 1, 0, 2, 2, 0, 1, 0, 0, 0, 0, 0, 0, 0, 2, 0, 0, 0, 0, 0, 0, 0, 2, 2, 2, 3, 2, 0, 1, 1, 4, 2, 5, 1, 6, 2, 4, 2, 5, 669, 0, 0, 0, 0, 0, 0]",-1,-6.216413864806202e-05,-1,0
3166,"[1, 1, 0, 2, 0, 1, 0, 2, 0, 1, 0, 2, 0, 0, 0, 0, 0, 1, 0, 0, 2, 0, 0, 0, 0, 0, 0, 0, 0, 0, 0, 0, 1, 1, 2, 2, 0, 0, 2, 0, 0, 1, 1, 0, 2, 2, 0, 1, 0, 0, 0, 0, 0, 0, 0, 2, 0, 0, 0, 0, 0, 0, 0, 2, 2, 2, 3, 2, 0, 1, 1, 4, 2, 5, 1, 6, 2, 4, 2, 5, 670, 0, 0, 0, 0, 0, 0]",4,12.973892893019793,-1,0
3167,"[1, 1, 0, 2, 0, 1, 0, 2, 0, 1, 0, 2, 0, 0, 0, 0, 0, 1, 0, 0, 2, 0, 0, 0, 0, 0, 0, 0, 0, 0, 0, 0, 1, 1, 2, 2, 0, 0, 2, 0, 0, 1, 1, 0, 2, 2, 0, 1, 0, 0, 0, 0, 0, 0, 0, 2, 0, 0, 0, 0, 0, 0, 0, 2, 2, 2, 3, 2, 0, 1, 1, 4, 2, 5, 1, 6, 2, 4, 2, 5, 670, 0, 1, 0, 0, 0, 0]",2,0.40000000136865416,-1,1
3168,"[1, 1, 0, 2, 0, 1, 0, 2, 0, 1, 0, 2, 0, 0, 0, 0, 0, 1, 0, 0, 2, 0, 0, 0, 0, 0, 0, 0, 0, 0, 0, 0, 1, 1, 2, 2, 0, 0, 2, 0, 0, 1, 1, 0, 2, 2, 0, 1, 0, 0, 0, 0, 0, 0, 0, 2, 0, 0, 0, 0, 0, 0, 0, 2, 2, 2, 3, 2, 0, 1, 1, 4, 2, 5, 1, 6, 2, 4, 2, 5, 670, 0, 1, 0, 0, 1, 0]","[[0 1 0 0]
 [1 0 0 0]]",0.6504248664267451,-1,1
3169,"[0, 2, 0, 2, 1, 0, 0, 2, 0, 1, 0, 2, 0, 0, 0, 0, 0, 1, 0, 0, 2, 0, 0, 0, 0, 0, 0, 0, 0, 0, 0, 0, 1, 1, 2, 2, 0, 0, 2, 0, 0, 1, 1, 0, 2, 2, 0, 1, 0, 0, 0, 0, 0, 0, 0, 2, 0, 0, 0, 0, 0, 0, 0, 2, 2, 2, 3, 2, 0, 1, 1, 4, 2, 5, 1, 6, 2, 4, 2, 5, 670, 0, 0, 0, 0, 0, 0]",0,-0.19999999863134582,-1,0
3170,"[0, 2, 0, 3, 1, 0, 0, 3, 0, 1, 0, 2, 0, 0, 0, 0, 0, 1, 0, 0, 2, 0, 0, 0, 0, 0, 0, 0, 0, 0, 0, 0, 1, 1, 2, 2, 0, 0, 2, 0, 0, 1, 1, 0, 2, 2, 0, 1, 0, 0, 0, 0, 0, 0, 0, 2, 0, 0, 0, 0, 0, 0, 0, 2, 2, 2, 3, 2, 0, 1, 1, 4, 2, 5, 1, 6, 2, 4, 2, 5, 671, 0, 0, 0, 0, 0, 0]",4,13.893597649778295,-1,1
3171,"[0, 2, 0, 3, 1, 0, 0, 3, 0, 1, 0, 2, 0, 0, 0, 0, 0, 1, 0, 0, 2, 0, 0, 0, 0, 0, 0, 0, 0, 0, 0, 0, 1, 1, 2, 2, 0, 0, 2, 0, 0, 1, 1, 0, 2, 2, 0, 1, 0, 0, 0, 0, 0, 0, 0, 2, 0, 0, 0, 0, 0, 0, 0, 2, 2, 2, 3, 2, 0, 1, 1, 4, 2, 5, 1, 6, 2, 4, 2, 5, 671, 0, 0, 0, 0, 0, 0]",1,0.6096241164146052,-1,0
3172,"[0, 2, 0, 3, 1, 0, 0, 3, 0, 1, 0, 2, 0, 0, 0, 0, 0, 1, 0, 0, 2, 0, 0, 0, 0, 0, 0, 0, 0, 0, 0, 0, 1, 1, 2, 2, 0, 0, 2, 0, 0, 1, 1, 0, 2, 2, 0, 1, 0, 0, 0, 0, 0, 0, 0, 2, 0, 0, 0, 0, 0, 0, 0, 2, 2, 2, 3, 2, 0, 1, 1, 4, 2, 5, 1, 6, 2, 4, 2, 5, 671, 0, 0, 0, 0, 0, 0]",-1,-6.0933206230087614e-05,-1,0
3173,"[0, 2, 0, 3, 1, 0, 0, 3, 0, 1, 0, 2, 0, 0, 0, 0, 0, 1, 0, 0, 2, 0, 0, 0, 0, 0, 0, 0, 0, 0, 0, 0, 1, 1, 2, 2, 0, 0, 2, 0, 0, 1, 1, 0, 2, 2, 0, 1, 0, 0, 0, 0, 0, 0, 0, 2, 0, 0, 0, 0, 0, 0, 0, 2, 2, 2, 3, 2, 0, 1, 1, 4, 2, 5, 1, 6, 2, 4, 2, 5, 672, 0, 0, 0, 0, 0, 0]",4,13.893596424948926,-1,1
3174,"[0, 2, 0, 3, 1, 0, 0, 3, 0, 1, 0, 2, 0, 0, 0, 0, 0, 1, 0, 0, 2, 0, 0, 0, 0, 0, 0, 0, 0, 0, 0, 0, 1, 1, 2, 2, 0, 0, 2, 0, 0, 1, 1, 0, 2, 2, 0, 1, 0, 0, 0, 0, 0, 0, 0, 2, 0, 0, 0, 0, 0, 0, 0, 2, 2, 2, 3, 2, 0, 1, 1, 4, 2, 5, 1, 6, 2, 4, 2, 5, 672, 1, 0, 0, 0, 0, 0]",3,0.20000000126342707,-1,0
3175,"[0, 2, 0, 3, 1, 0, 0, 3, 0, 1, 0, 2, 0, 0, 0, 0, 0, 1, 0, 0, 2, 0, 0, 0, 0, 0, 0, 0, 0, 0, 0, 0, 1, 1, 2, 2, 0, 0, 2, 0, 0, 1, 1, 0, 2, 2, 0, 1, 0, 0, 0, 0, 0, 0, 0, 2, 0, 0, 0, 0, 0, 0, 0, 2, 2, 2, 3, 2, 0, 1, 1, 4, 2, 5, 1, 6, 2, 4, 2, 5, 672, 0, 0, 0, 0, 0, 0]",-1,-6.032691069790202e-05,-1,0
3176,"[0, 2, 0, 3, 1, 0, 0, 3, 0, 1, 0, 2, 0, 0, 0, 0, 0, 1, 0, 0, 2, 0, 0, 0, 0, 0, 0, 0, 0, 0, 0, 0, 1, 1, 2, 2, 0, 0, 2, 0, 0, 1, 1, 0, 2, 2, 0, 1, 0, 0, 0, 0, 0, 0, 0, 2, 0, 0, 0, 0, 0, 0, 0, 2, 2, 2, 3, 2, 0, 1, 1, 4, 2, 5, 1, 6, 2, 4, 2, 5, 672, 1, 0, 0, 0, 0, 0]",3,0.20000000126342707,-1,0
3177,"[0, 2, 0, 3, 1, 0, 0, 3, 0, 1, 0, 2, 0, 0, 0, 0, 0, 1, 0, 0, 2, 0, 0, 0, 0, 0, 0, 0, 0, 0, 0, 0, 1, 1, 2, 2, 0, 0, 2, 0, 0, 1, 1, 0, 2, 2, 0, 1, 0, 0, 0, 0, 0, 0, 0, 2, 0, 0, 0, 0, 0, 0, 0, 2, 2, 2, 3, 2, 0, 1, 1, 4, 2, 5, 1, 6, 2, 4, 2, 5, 672, 0, 0, 0, 0, 0, 0]",-1,-6.032691069790202e-05,-1,0
3178,"[0, 2, 0, 3, 1, 0, 0, 3, 0, 1, 0, 2, 0, 0, 0, 0, 0, 1, 0, 0, 2, 0, 0, 0, 0, 0, 0, 0, 0, 0, 0, 0, 1, 1, 2, 2, 0, 0, 2, 0, 0, 1, 1, 0, 2, 2, 0, 1, 0, 0, 0, 0, 0, 0, 0, 2, 0, 0, 0, 0, 0, 0, 0, 2, 2, 2, 3, 2, 0, 1, 1, 4, 2, 5, 1, 6, 2, 4, 2, 5, 672, 0, 1, 0, 0, 0, 0]",2,0.40000000126342705,-1,0
3179,"[0, 2, 0, 3, 1, 0, 0, 3, 0, 1, 0, 2, 0, 0, 0, 0, 0, 1, 0, 0, 2, 0, 0, 0, 0, 0, 0, 0, 0, 0, 0, 0, 1, 1, 2, 2, 0, 0, 2, 0, 0, 1, 1, 0, 2, 2, 0, 1, 0, 0, 0, 0, 0, 0, 0, 2, 0, 0, 0, 0, 0, 0, 0, 2, 2, 2, 3, 2, 0, 1, 1, 4, 2, 5, 1, 6, 2, 4, 2, 5, 672, 0, 1, 0, 0, 1, 0]","[[0 1 0 0]
 [1 0 0 0]]",0.650424866321518,-1,0
3180,"[0, 2, 0, 3, 1, 0, 0, 3, 0, 1, 0, 2, 0, 0, 0, 0, 0, 1, 0, 0, 2, 0, 0, 0, 0, 0, 0, 0, 0, 0, 0, 0, 1, 1, 2, 2, 0, 0, 2, 0, 0, 1, 1, 0, 2, 2, 0, 1, 0, 0, 0, 0, 0, 0, 0, 2, 0, 0, 0, 0, 0, 0, 0, 2, 2, 2, 3, 2, 0, 1, 1, 4, 2, 5, 1, 6, 2, 4, 2, 5, 672, 0, 1, 0, 0, 0, 1]",2,-0.19999999873657295,-1,1
3181,"[0, 2, 0, 3, 1, 0, 0, 3, 0, 1, 0, 2, 0, 0, 0, 0, 0, 1, 0, 0, 2, 0, 0, 0, 0, 0, 0, 0, 0, 0, 0, 0, 1, 1, 2, 2, 0, 0, 2, 0, 0, 1, 1, 0, 2, 2, 0, 1, 0, 0, 0, 0, 0, 0, 0, 2, 0, 0, 0, 0, 0, 0, 0, 2, 2, 2, 3, 2, 0, 1, 1, 4, 2, 5, 1, 6, 2, 4, 2, 5, 672, 0, 0, 1, 0, 0, 0]","[[1 0 0 0]
 [0 1 0 0]]",-0.19999999873657295,-1,1
3182,"[0, 2, 0, 3, 1, 0, 0, 3, 0, 1, 0, 2, 0, 0, 0, 0, 0, 1, 0, 0, 2, 0, 0, 0, 0, 0, 0, 0, 0, 0, 0, 0, 1, 1, 2, 2, 0, 0, 2, 0, 0, 1, 1, 0, 2, 2, 0, 1, 0, 0, 0, 0, 0, 0, 0, 2, 0, 0, 0, 0, 0, 0, 0, 2, 2, 2, 3, 2, 0, 1, 1, 4, 2, 5, 1, 6, 2, 4, 2, 5, 672, 0, 0, 0, 0, 0, 0]",1,-5.530801077203759,-1,0
3183,"[0, 2, 0, 3, 1, 0, 0, 3, 0, 1, 0, 2, 0, 0, 0, 0, 0, 1, 0, 0, 2, 0, 0, 0, 0, 0, 0, 0, 0, 0, 0, 0, 1, 1, 2, 2, 0, 0, 2, 0, 0, 1, 1, 0, 2, 2, 0, 1, 0, 0, 0, 0, 0, 0, 0, 2, 0, 0, 0, 0, 0, 0, 0, 2, 2, 2, 3, 2, 0, 1, 1, 4, 2, 5, 1, 6, 2, 4, 2, 5, 672, 0, 1, 0, 0, 0, 0]",2,0.40000000126342705,-1,0
3184,"[0, 2, 0, 3, 1, 0, 0, 3, 0, 1, 0, 2, 0, 0, 0, 0, 0, 1, 0, 0, 2, 0, 0, 0, 0, 0, 0, 0, 0, 0, 0, 0, 1, 1, 2, 2, 0, 0, 2, 0, 0, 1, 1, 0, 2, 2, 0, 1, 0, 0, 0, 0, 0, 0, 0, 2, 0, 0, 0, 0, 0, 0, 0, 2, 2, 2, 3, 2, 0, 1, 1, 4, 2, 5, 1, 6, 2, 4, 2, 5, 672, 0, 1, 0, 0, 1, 0]","[[0 1 0 0]
 [1 0 0 0]]",0.650424866321518,-1,0
3185,"[1, 1, 0, 3, 0, 1, 0, 3, 0, 1, 0, 2, 0, 0, 0, 0, 0, 1, 0, 0, 2, 0, 0, 0, 0, 0, 0, 0, 0, 0, 0, 0, 1, 1, 2, 2, 0, 0, 2, 0, 0, 1, 1, 0, 2, 2, 0, 1, 0, 0, 0, 0, 0, 0, 0, 2, 0, 0, 0, 0, 0, 0, 0, 2, 2, 2, 3, 2, 0, 1, 1, 4, 2, 5, 1, 6, 2, 4, 2, 5, 672, 0, 0, 0, 0, 0, 0]",0,-0.19999999873657295,-1,1
3186,"[1, 1, 0, 3, 0, 1, 0, 3, 0, 1, 0, 2, 0, 0, 0, 0, 0, 1, 0, 0, 2, 0, 0, 0, 0, 0, 0, 0, 0, 0, 0, 0, 1, 1, 2, 2, 0, 0, 2, 0, 0, 1, 1, 0, 2, 2, 0, 1, 0, 0, 0, 0, 0, 0, 0, 2, 0, 0, 0, 0, 0, 0, 0, 2, 2, 2, 3, 2, 0, 1, 1, 4, 2, 5, 1, 6, 2, 4, 2, 5, 672, 0, 0, 0, 0, 0, 0]",0,0.29497474809401036,-1,0
3187,"[1, 1, 0, 3, 0, 1, 0, 3, 0, 1, 0, 2, 0, 0, 0, 0, 0, 1, 0, 0, 2, 0, 0, 0, 0, 0, 0, 0, 0, 0, 0, 0, 1, 1, 2, 2, 0, 0, 2, 0, 0, 1, 1, 0, 2, 2, 0, 1, 0, 0, 0, 0, 0, 0, 0, 2, 0, 0, 0, 0, 0, 0, 0, 2, 2, 2, 3, 2, 0, 1, 1, 4, 2, 5, 1, 6, 2, 4, 2, 5, 672, 0, 0, 0, 0, 0, 0]",-1,-6.032691069790202e-05,-1,0
3188,"[1, 1, 0, 3, 0, 1, 0, 3, 0, 1, 0, 2, 0, 0, 0, 0, 0, 1, 0, 0, 2, 0, 0, 0, 0, 0, 0, 0, 0, 0, 0, 0, 1, 1, 2, 2, 0, 0, 2, 0, 0, 1, 1, 0, 2, 2, 0, 1, 0, 0, 0, 0, 0, 0, 0, 2, 0, 0, 0, 0, 0, 0, 0, 2, 2, 2, 3, 2, 0, 1, 1, 4, 2, 5, 1, 6, 2, 4, 2, 5, 672, 0, 0, 0, 0, 0, 0]",0,0.29497474809401036,-1,0
3189,"[1, 1, 0, 3, 0, 1, 0, 3, 0, 1, 0, 2, 0, 0, 0, 0, 0, 1, 0, 0, 2, 0, 0, 0, 0, 0, 0, 0, 0, 0, 0, 0, 1, 1, 2, 2, 0, 0, 2, 0, 0, 1, 1, 0, 2, 2, 0, 1, 0, 0, 0, 0, 0, 0, 0, 2, 0, 0, 0, 0, 0, 0, 0, 2, 2, 2, 3, 2, 0, 1, 1, 4, 2, 5, 1, 6, 2, 4, 2, 5, 672, 0, 0, 0, 0, 0, 0]",-1,-6.032691069790202e-05,-1,0
3190,"[1, 1, 0, 3, 0, 1, 0, 3, 0, 1, 0, 2, 0, 0, 0, 0, 0, 1, 0, 0, 2, 0, 0, 0, 0, 0, 0, 0, 0, 0, 0, 0, 1, 1, 2, 2, 0, 0, 2, 0, 0, 1, 1, 0, 2, 2, 0, 1, 0, 0, 0, 0, 0, 0, 0, 2, 0, 0, 0, 0, 0, 0, 0, 2, 2, 2, 3, 2, 0, 1, 1, 4, 2, 5, 1, 6, 2, 4, 2, 5, 672, 0, 0, 0, 0, 0, 0]",0,0.29497474809401036,-1,0
3191,"[1, 1, 0, 3, 0, 1, 0, 3, 0, 1, 0, 2, 0, 0, 0, 0, 0, 1, 0, 0, 2, 0, 0, 0, 0, 0, 0, 0, 0, 0, 0, 0, 1, 1, 2, 2, 0, 0, 2, 0, 0, 1, 1, 0, 2, 2, 0, 1, 0, 0, 0, 0, 0, 0, 0, 2, 0, 0, 0, 0, 0, 0, 0, 2, 2, 2, 3, 2, 0, 1, 1, 4, 2, 5, 1, 6, 2, 4, 2, 5, 672, 0, 0, 0, 0, 0, 0]",-1,-6.032691069790202e-05,-1,0
3192,"[1, 1, 0, 3, 0, 1, 0, 3, 0, 1, 0, 2, 0, 0, 0, 0, 0, 1, 0, 0, 2, 0, 0, 0, 0, 0, 0, 0, 0, 0, 0, 0, 1, 1, 2, 2, 0, 0, 2, 0, 0, 1, 1, 0, 2, 2, 0, 1, 0, 0, 0, 0, 0, 0, 0, 2, 0, 0, 0, 0, 0, 0, 0, 2, 2, 2, 3, 2, 0, 1, 1, 4, 2, 5, 1, 6, 2, 4, 2, 5, 672, 0, 0, 0, 0, 0, 0]",0,0.29497474809401036,-1,0
3193,"[1, 1, 0, 3, 0, 1, 0, 3, 0, 1, 0, 2, 0, 0, 0, 0, 0, 1, 0, 0, 2, 0, 0, 0, 0, 0, 0, 0, 0, 0, 0, 0, 1, 1, 2, 2, 0, 0, 2, 0, 0, 1, 1, 0, 2, 2, 0, 1, 0, 0, 0, 0, 0, 0, 0, 2, 0, 0, 0, 0, 0, 0, 0, 2, 2, 2, 3, 2, 0, 1, 1, 4, 2, 5, 1, 6, 2, 4, 2, 5, 672, 0, 0, 0, 0, 0, 0]",-1,-6.032691069790202e-05,-1,0
3194,"[1, 1, 0, 3, 0, 1, 0, 3, 0, 1, 0, 2, 0, 0, 0, 0, 0, 1, 0, 0, 2, 0, 0, 0, 0, 0, 0, 0, 0, 0, 0, 0, 1, 1, 2, 2, 0, 0, 2, 0, 0, 1, 1, 0, 2, 2, 0, 1, 0, 0, 0, 0, 0, 0, 0, 2, 0, 0, 0, 0, 0, 0, 0, 2, 2, 2, 3, 2, 0, 1, 1, 4, 2, 5, 1, 6, 2, 4, 2, 5, 672, 0, 0, 0, 0, 0, 0]",0,0.29497474809401036,-1,0
3195,"[1, 1, 0, 3, 0, 1, 0, 3, 0, 1, 0, 2, 0, 0, 0, 0, 0, 1, 0, 0, 2, 0, 0, 0, 0, 0, 0, 0, 0, 0, 0, 0, 1, 1, 2, 2, 0, 0, 2, 0, 0, 1, 1, 0, 2, 2, 0, 1, 0, 0, 0, 0, 0, 0, 0, 2, 0, 0, 0, 0, 0, 0, 0, 2, 2, 2, 3, 2, 0, 1, 1, 4, 2, 5, 1, 6, 2, 4, 2, 5, 672, 0, 0, 0, 0, 0, 0]",-1,-6.032691069790202e-05,-1,0
3196,"[1, 1, 0, 3, 0, 1, 0, 3, 0, 1, 0, 2, 0, 0, 0, 0, 0, 1, 0, 0, 2, 0, 0, 0, 0, 0, 0, 0, 0, 0, 0, 0, 1, 1, 2, 2, 0, 0, 2, 0, 0, 1, 1, 0, 2, 2, 0, 1, 0, 0, 0, 0, 0, 0, 0, 2, 0, 0, 0, 0, 0, 0, 0, 2, 2, 2, 3, 2, 0, 1, 1, 4, 2, 5, 1, 6, 2, 4, 2, 5, 672, 0, 0, 0, 0, 0, 0]",0,0.29497474809401036,-1,0
3197,"[1, 1, 0, 3, 0, 1, 0, 3, 0, 1, 0, 2, 0, 0, 0, 0, 0, 1, 0, 0, 2, 0, 0, 0, 0, 0, 0, 0, 0, 0, 0, 0, 1, 1, 2, 2, 0, 0, 2, 0, 0, 1, 1, 0, 2, 2, 0, 1, 0, 0, 0, 0, 0, 0, 0, 2, 0, 0, 0, 0, 0, 0, 0, 2, 2, 2, 3, 2, 0, 1, 1, 4, 2, 5, 1, 6, 2, 4, 2, 5, 672, 0, 0, 0, 0, 0, 0]",-1,-6.032691069790202e-05,-1,0
3198,"[1, 1, 0, 3, 0, 1, 0, 3, 0, 1, 0, 2, 0, 0, 0, 0, 0, 1, 0, 0, 2, 0, 0, 0, 0, 0, 0, 0, 0, 0, 0, 0, 1, 1, 2, 2, 0, 0, 2, 0, 0, 1, 1, 0, 2, 2, 0, 1, 0, 0, 0, 0, 0, 0, 0, 2, 0, 0, 0, 0, 0, 0, 0, 2, 2, 2, 3, 2, 0, 1, 1, 4, 2, 5, 1, 6, 2, 4, 2, 5, 672, 0, 0, 0, 0, 0, 0]",0,0.29497474809401036,-1,0
3199,"[1, 1, 0, 3, 0, 1, 0, 3, 0, 1, 0, 2, 0, 0, 0, 0, 0, 1, 0, 0, 2, 0, 0, 0, 0, 0, 0, 0, 0, 0, 0, 0, 1, 1, 2, 2, 0, 0, 2, 0, 0, 1, 1, 0, 2, 2, 0, 1, 0, 0, 0, 0, 0, 0, 0, 2, 0, 0, 0, 0, 0, 0, 0, 2, 2, 2, 3, 2, 0, 1, 1, 4, 2, 5, 1, 6, 2, 4, 2, 5, 672, 0, 0, 0, 0, 0, 0]",-1,-6.032691069790202e-05,-1,0
3200,"[1, 1, 0, 3, 0, 1, 0, 3, 0, 1, 0, 2, 0, 0, 0, 0, 0, 1, 0, 0, 2, 0, 0, 0, 0, 0, 0, 0, 0, 0, 0, 0, 1, 1, 2, 2, 0, 0, 2, 0, 0, 1, 1, 0, 2, 2, 0, 1, 0, 0, 0, 0, 0, 0, 0, 2, 0, 0, 0, 0, 0, 0, 0, 2, 2, 2, 3, 2, 0, 1, 1, 4, 2, 5, 1, 6, 2, 4, 2, 5, 672, 1, 0, 0, 0, 0, 0]",3,0.20000000126342707,-1,0
3201,"[1, 1, 0, 3, 0, 1, 0, 3, 0, 1, 0, 2, 0, 0, 0, 0, 0, 1, 0, 0, 2, 0, 0, 0, 0, 0, 0, 0, 0, 0, 0, 0, 1, 1, 2, 2, 0, 0, 2, 0, 0, 1, 1, 0, 2, 2, 0, 1, 0, 0, 0, 0, 0, 0, 0, 2, 0, 0, 0, 0, 0, 0, 0, 2, 2, 2, 3, 2, 0, 1, 1, 4, 2, 5, 1, 6, 2, 4, 2, 5, 672, 0, 0, 0, 0, 0, 0]",-1,-6.032691069790202e-05,-1,0
3202,"[1, 1, 0, 3, 0, 1, 0, 3, 0, 1, 0, 2, 0, 0, 0, 0, 0, 1, 0, 0, 2, 0, 0, 0, 0, 0, 0, 0, 0, 0, 0, 0, 1, 1, 2, 2, 0, 0, 2, 0, 0, 1, 1, 0, 2, 2, 0, 1, 0, 0, 0, 0, 0, 0, 0, 2, 0, 0, 0, 0, 0, 0, 0, 2, 2, 2, 3, 2, 0, 1, 1, 4, 2, 5, 1, 6, 2, 4, 2, 5, 672, 0, 0, 0, 0, 0, 0]",1,0.6096241163630438,-1,0
3203,"[1, 1, 0, 3, 0, 1, 0, 3, 0, 1, 0, 2, 0, 0, 0, 0, 0, 1, 0, 0, 2, 0, 0, 0, 0, 0, 0, 0, 0, 0, 0, 0, 1, 1, 2, 2, 0, 0, 2, 0, 0, 1, 1, 0, 2, 2, 0, 1, 0, 0, 0, 0, 0, 0, 0, 2, 0, 0, 0, 0, 0, 0, 0, 2, 2, 2, 3, 2, 0, 1, 1, 4, 2, 5, 1, 6, 2, 4, 2, 5, 672, 0, 0, 0, 0, 0, 0]",-1,-6.032691069790202e-05,-1,0
3204,"[1, 1, 0, 3, 0, 1, 0, 3, 0, 1, 0, 2, 0, 0, 0, 0, 0, 1, 0, 0, 2, 0, 0, 0, 0, 0, 0, 0, 0, 0, 0, 0, 1, 1, 2, 2, 0, 0, 2, 0, 0, 1, 1, 0, 2, 2, 0, 1, 0, 0, 0, 0, 0, 0, 0, 2, 0, 0, 0, 0, 0, 0, 0, 2, 2, 2, 3, 2, 0, 1, 1, 4, 2, 5, 1, 6, 2, 4, 2, 5, 672, 0, 0, 0, 0, 0, 0]",1,0.6096241163630438,-1,0
3205,"[1, 1, 0, 3, 0, 1, 0, 3, 0, 1, 0, 2, 0, 0, 0, 0, 0, 1, 0, 0, 2, 0, 0, 0, 0, 0, 0, 0, 0, 0, 0, 0, 1, 1, 2, 2, 0, 0, 2, 0, 0, 1, 1, 0, 2, 2, 0, 1, 0, 0, 0, 0, 0, 0, 0, 2, 0, 0, 0, 0, 0, 0, 0, 2, 2, 2, 3, 2, 0, 1, 1, 4, 2, 5, 1, 6, 2, 4, 2, 5, 672, 0, 0, 0, 0, 0, 0]",-1,-6.032691069790202e-05,-1,0
3206,"[1, 1, 0, 3, 0, 1, 0, 3, 0, 1, 0, 2, 0, 0, 0, 0, 0, 1, 0, 0, 2, 0, 0, 0, 0, 0, 0, 0, 0, 0, 0, 0, 1, 1, 2, 2, 0, 0, 2, 0, 0, 1, 1, 0, 2, 2, 0, 1, 0, 0, 0, 0, 0, 0, 0, 2, 0, 0, 0, 0, 0, 0, 0, 2, 2, 2, 3, 2, 0, 1, 1, 4, 2, 5, 1, 6, 2, 4, 2, 5, 672, 0, 1, 0, 0, 0, 0]",2,0.40000000126342705,-1,0
3207,"[1, 1, 0, 3, 0, 1, 0, 3, 0, 1, 0, 2, 0, 0, 0, 0, 0, 1, 0, 0, 2, 0, 0, 0, 0, 0, 0, 0, 0, 0, 0, 0, 1, 1, 2, 2, 0, 0, 2, 0, 0, 1, 1, 0, 2, 2, 0, 1, 0, 0, 0, 0, 0, 0, 0, 2, 0, 0, 0, 0, 0, 0, 0, 2, 2, 2, 3, 2, 0, 1, 1, 4, 2, 5, 1, 6, 2, 4, 2, 5, 672, 0, 0, 0, 0, 0, 0]",-1,-6.032691069790202e-05,-1,0
3208,"[1, 1, 0, 3, 0, 1, 0, 3, 0, 1, 0, 2, 0, 0, 0, 0, 0, 1, 0, 0, 2, 0, 0, 0, 0, 0, 0, 0, 0, 0, 0, 0, 1, 1, 2, 2, 0, 0, 2, 0, 0, 1, 1, 0, 2, 2, 0, 1, 0, 0, 0, 0, 0, 0, 0, 2, 0, 0, 0, 0, 0, 0, 0, 2, 2, 2, 3, 2, 0, 1, 1, 4, 2, 5, 1, 6, 2, 4, 2, 5, 672, 0, 0, 0, 0, 0, 0]",1,0.6096241163630438,-1,0
3209,"[1, 1, 0, 3, 0, 1, 0, 3, 0, 1, 0, 2, 0, 0, 0, 0, 0, 1, 0, 0, 2, 0, 0, 0, 0, 0, 0, 0, 0, 0, 0, 0, 1, 1, 2, 2, 0, 0, 2, 0, 0, 1, 1, 0, 2, 2, 0, 1, 0, 0, 0, 0, 0, 0, 0, 2, 0, 0, 0, 0, 0, 0, 0, 2, 2, 2, 3, 2, 0, 1, 1, 4, 2, 5, 1, 6, 2, 4, 2, 5, 672, 0, 0, 0, 0, 0, 0]",-1,-6.032691069790202e-05,-1,0
3210,"[1, 1, 0, 3, 0, 1, 0, 3, 0, 1, 0, 2, 0, 0, 0, 0, 0, 1, 0, 0, 2, 0, 0, 0, 0, 0, 0, 0, 0, 0, 0, 0, 1, 1, 2, 2, 0, 0, 2, 0, 0, 1, 1, 0, 2, 2, 0, 1, 0, 0, 0, 0, 0, 0, 0, 2, 0, 0, 0, 0, 0, 0, 0, 2, 2, 2, 3, 2, 0, 1, 1, 4, 2, 5, 1, 6, 2, 4, 2, 5, 672, 1, 0, 0, 0, 0, 0]",3,0.20000000126342707,-1,0
3211,"[1, 1, 0, 3, 0, 1, 0, 3, 0, 1, 0, 2, 0, 0, 0, 0, 0, 1, 0, 0, 2, 0, 0, 0, 0, 0, 0, 0, 0, 0, 0, 0, 1, 1, 2, 2, 0, 0, 2, 0, 0, 1, 1, 0, 2, 2, 0, 1, 0, 0, 0, 0, 0, 0, 0, 2, 0, 0, 0, 0, 0, 0, 0, 2, 2, 2, 3, 2, 0, 1, 1, 4, 2, 5, 1, 6, 2, 4, 2, 5, 672, 0, 0, 0, 0, 0, 0]",-1,-6.032691069790202e-05,-1,0
3212,"[1, 1, 0, 3, 0, 1, 0, 3, 0, 1, 0, 2, 0, 0, 0, 0, 0, 1, 0, 0, 2, 0, 0, 0, 0, 0, 0, 0, 0, 0, 0, 0, 1, 1, 2, 2, 0, 0, 2, 0, 0, 1, 1, 0, 2, 2, 0, 1, 0, 0, 0, 0, 0, 0, 0, 2, 0, 0, 0, 0, 0, 0, 0, 2, 2, 2, 3, 2, 0, 1, 1, 4, 2, 5, 1, 6, 2, 4, 2, 5, 672, 0, 0, 0, 0, 0, 0]",1,0.6096241163630438,-1,0
3213,"[1, 1, 0, 3, 0, 1, 0, 3, 0, 1, 0, 2, 0, 0, 0, 0, 0, 1, 0, 0, 2, 0, 0, 0, 0, 0, 0, 0, 0, 0, 0, 0, 1, 1, 2, 2, 0, 0, 2, 0, 0, 1, 1, 0, 2, 2, 0, 1, 0, 0, 0, 0, 0, 0, 0, 2, 0, 0, 0, 0, 0, 0, 0, 2, 2, 2, 3, 2, 0, 1, 1, 4, 2, 5, 1, 6, 2, 4, 2, 5, 672, 0, 0, 0, 0, 0, 0]",-1,-6.032691069790202e-05,-1,0
3214,"[1, 2, 0, 3, 0, 2, 0, 3, 0, 1, 0, 2, 0, 0, 0, 0, 0, 1, 0, 0, 2, 0, 0, 0, 0, 0, 0, 0, 0, 0, 0, 0, 1, 1, 2, 2, 0, 0, 2, 0, 0, 1, 1, 0, 2, 2, 0, 1, 0, 0, 0, 0, 0, 0, 0, 2, 0, 0, 0, 0, 0, 0, 0, 2, 2, 2, 3, 2, 0, 1, 1, 4, 2, 5, 1, 6, 2, 4, 2, 5, 673, 0, 0, 0, 0, 0, 0]",4,12.742375123649795,-1,0
3215,"[1, 1, 0, 1, 0, 1, 0, 1, 0, 1, 0, 2, 0, 0, 0, 0, 0, 1, 0, 0, 2, 0, 0, 0, 0, 0, 0, 0, 0, 0, 0, 0, 1, 1, 2, 2, 0, 0, 2, 0, 0, 1, 1, 0, 2, 2, 0, 1, 0, 0, 0, 0, 0, 0, 0, 2, 0, 0, 0, 0, 0, 0, 0, 2, 2, 2, 3, 2, 0, 1, 1, 4, 2, 5, 1, 6, 2, 4, 2, 4, 674, 0, 0, 0, 0, 0, 0]",4,14.259582625755883,-1,1
3216,"[1, 1, 0, 1, 0, 1, 0, 1, 0, 1, 0, 2, 0, 0, 0, 0, 0, 1, 0, 0, 2, 0, 0, 0, 0, 0, 0, 0, 0, 0, 0, 0, 1, 1, 2, 2, 0, 0, 2, 0, 0, 1, 1, 0, 2, 2, 0, 1, 0, 0, 0, 0, 0, 0, 0, 2, 0, 0, 0, 0, 0, 0, 0, 2, 2, 2, 3, 2, 0, 1, 1, 4, 2, 5, 1, 6, 2, 4, 2, 4, 674, 0, 1, 0, 0, 0, 0]",2,0.40000000116629014,-1,0
3217,"[1, 1, 0, 1, 0, 1, 0, 1, 0, 1, 0, 2, 0, 0, 0, 0, 0, 1, 0, 0, 2, 0, 0, 0, 0, 0, 0, 0, 0, 0, 0, 0, 1, 1, 2, 2, 0, 0, 2, 0, 0, 1, 1, 0, 2, 2, 0, 1, 0, 0, 0, 0, 0, 0, 0, 2, 0, 0, 0, 0, 0, 0, 0, 2, 2, 2, 3, 2, 0, 1, 1, 4, 2, 5, 1, 6, 2, 4, 2, 4, 674, 0, 0, 0, 0, 0, 0]",-1,-5.913235783077864e-05,-1,0
3218,"[1, 1, 0, 1, 0, 1, 0, 1, 0, 1, 0, 2, 0, 0, 0, 0, 0, 1, 0, 0, 2, 0, 0, 0, 0, 0, 0, 0, 0, 0, 0, 0, 1, 1, 2, 2, 0, 0, 2, 0, 0, 1, 1, 0, 2, 2, 0, 1, 0, 0, 0, 0, 0, 0, 0, 2, 0, 0, 0, 0, 0, 0, 0, 2, 2, 2, 3, 2, 0, 1, 1, 4, 2, 5, 1, 6, 2, 4, 2, 4, 674, 0, 0, 0, 0, 0, 0]",1,0.6096241162659068,-1,0
3219,"[1, 1, 0, 1, 0, 1, 0, 1, 0, 1, 0, 2, 0, 0, 0, 0, 0, 1, 0, 0, 2, 0, 0, 0, 0, 0, 0, 0, 0, 0, 0, 0, 1, 1, 2, 2, 0, 0, 2, 0, 0, 1, 1, 0, 2, 2, 0, 1, 0, 0, 0, 0, 0, 0, 0, 2, 0, 0, 0, 0, 0, 0, 0, 2, 2, 2, 3, 2, 0, 1, 1, 4, 2, 5, 1, 6, 2, 4, 2, 4, 674, 0, 0, 0, 0, 0, 0]",-1,-5.913235783077864e-05,-1,0
3220,"[1, 1, 0, 2, 0, 1, 0, 2, 0, 1, 0, 2, 0, 0, 0, 0, 0, 1, 0, 0, 2, 0, 0, 0, 0, 0, 0, 0, 0, 0, 0, 0, 1, 1, 2, 2, 0, 0, 2, 0, 0, 1, 1, 0, 2, 2, 0, 1, 0, 0, 0, 0, 0, 0, 0, 2, 0, 0, 0, 0, 0, 0, 0, 2, 2, 2, 3, 2, 0, 1, 1, 4, 2, 5, 1, 6, 2, 4, 2, 4, 675, 0, 0, 0, 0, 0, 0]",4,12.973886829210063,-1,0
3221,"[1, 1, 0, 2, 0, 1, 0, 2, 0, 1, 0, 2, 0, 0, 0, 0, 0, 1, 0, 0, 2, 0, 0, 0, 0, 0, 0, 0, 0, 0, 0, 0, 1, 1, 2, 2, 0, 0, 2, 0, 0, 1, 1, 0, 2, 2, 0, 1, 0, 0, 0, 0, 0, 0, 0, 2, 0, 0, 0, 0, 0, 0, 0, 2, 2, 2, 3, 2, 0, 1, 1, 4, 2, 5, 1, 6, 2, 4, 2, 4, 675, 0, 1, 0, 0, 0, 0]",2,0.4000000011205592,-1,1
3222,"[1, 1, 0, 2, 0, 1, 0, 2, 0, 1, 0, 2, 0, 0, 0, 0, 0, 1, 0, 0, 2, 0, 0, 0, 0, 0, 0, 0, 0, 0, 0, 0, 1, 1, 2, 2, 0, 0, 2, 0, 0, 1, 1, 0, 2, 2, 0, 1, 0, 0, 0, 0, 0, 0, 0, 2, 0, 0, 0, 0, 0, 0, 0, 2, 2, 2, 3, 2, 0, 1, 1, 4, 2, 5, 1, 6, 2, 4, 2, 4, 675, 0, 1, 0, 0, 1, 0]","[[0 1 0 0]
 [1 0 0 0]]",0.6504248661786501,-1,1
3223,"[0, 2, 0, 2, 1, 0, 0, 2, 0, 1, 0, 2, 0, 0, 0, 0, 0, 1, 0, 0, 2, 0, 0, 0, 0, 0, 0, 0, 0, 0, 0, 0, 1, 1, 2, 2, 0, 0, 2, 0, 0, 1, 1, 0, 2, 2, 0, 1, 0, 0, 0, 0, 0, 0, 0, 2, 0, 0, 0, 0, 0, 0, 0, 2, 2, 2, 3, 2, 0, 1, 1, 4, 2, 5, 1, 6, 2, 4, 2, 4, 675, 0, 0, 0, 0, 0, 0]",0,-0.19999999887944073,-1,0
3224,"[0, 3, 0, 2, 1, 1, 0, 2, 0, 1, 0, 2, 0, 0, 0, 0, 0, 1, 0, 0, 2, 0, 0, 0, 0, 0, 0, 0, 0, 0, 0, 0, 1, 1, 2, 2, 0, 0, 2, 0, 0, 1, 1, 0, 2, 2, 0, 1, 0, 0, 0, 0, 0, 0, 0, 2, 0, 0, 0, 0, 0, 0, 0, 2, 2, 2, 3, 2, 0, 1, 1, 4, 2, 5, 1, 6, 2, 4, 2, 4, 676, 0, 0, 0, 0, 0, 0]",4,14.373885652412545,-1,1
3225,"[0, 3, 0, 2, 1, 1, 0, 2, 0, 1, 0, 2, 0, 0, 0, 0, 0, 1, 0, 0, 2, 0, 0, 0, 0, 0, 0, 0, 0, 0, 0, 0, 1, 1, 2, 2, 0, 0, 2, 0, 0, 1, 1, 0, 2, 2, 0, 1, 0, 0, 0, 0, 0, 0, 0, 2, 0, 0, 0, 0, 0, 0, 0, 2, 2, 2, 3, 2, 0, 1, 1, 4, 2, 5, 1, 6, 2, 4, 2, 4, 676, 1, 0, 0, 0, 0, 0]",3,0.20000000107662155,-1,0
3226,"[0, 3, 0, 2, 1, 1, 0, 2, 0, 1, 0, 2, 0, 0, 0, 0, 0, 1, 0, 0, 2, 0, 0, 0, 0, 0, 0, 0, 0, 0, 0, 0, 1, 1, 2, 2, 0, 0, 2, 0, 0, 1, 1, 0, 2, 2, 0, 1, 0, 0, 0, 0, 0, 0, 0, 2, 0, 0, 0, 0, 0, 0, 0, 2, 2, 2, 3, 2, 0, 1, 1, 4, 2, 5, 1, 6, 2, 4, 2, 4, 676, 0, 0, 0, 0, 0, 0]",-1,-5.796145869522957e-05,-1,0
3227,"[0, 1, 0, 1, 1, 1, 0, 1, 0, 1, 0, 2, 0, 0, 0, 0, 0, 1, 0, 0, 2, 0, 0, 0, 0, 0, 0, 0, 0, 0, 0, 0, 1, 1, 2, 2, 0, 0, 2, 0, 0, 1, 1, 0, 2, 2, 0, 1, 0, 0, 0, 0, 0, 0, 0, 2, 0, 0, 0, 0, 0, 0, 0, 2, 2, 2, 3, 2, 0, 1, 1, 4, 2, 5, 1, 6, 2, 4, 2, 1, 677, 0, 0, 0, 0, 0, 0]",4,14.533509207961922,-1,1
3228,"[0, 1, 0, 1, 1, 1, 0, 1, 0, 1, 0, 2, 0, 0, 0, 0, 0, 1, 0, 0, 2, 0, 0, 0, 0, 0, 0, 0, 0, 0, 0, 0, 1, 1, 2, 2, 0, 0, 2, 0, 0, 1, 1, 0, 2, 2, 0, 1, 0, 0, 0, 0, 0, 0, 0, 2, 0, 0, 0, 0, 0, 0, 0, 2, 2, 2, 3, 2, 0, 1, 1, 4, 2, 5, 1, 6, 2, 4, 2, 3, 678, 0, 0, 0, 0, 0, 0]",4,12.859577941752715,-1,0
3229,"[0, 1, 0, 2, 1, 1, 0, 2, 0, 1, 0, 2, 0, 0, 0, 0, 0, 1, 0, 0, 2, 0, 0, 0, 0, 0, 0, 0, 0, 0, 0, 0, 1, 1, 2, 2, 0, 0, 2, 0, 0, 1, 1, 0, 2, 2, 0, 1, 0, 0, 0, 0, 0, 0, 0, 2, 0, 0, 0, 0, 0, 0, 0, 2, 2, 2, 3, 2, 0, 1, 1, 4, 2, 5, 1, 6, 2, 4, 2, 3, 679, 0, 0, 0, 0, 0, 0]",4,14.373882191818552,-1,1
3230,"[0, 1, 0, 2, 1, 1, 0, 2, 0, 1, 0, 2, 0, 0, 0, 0, 0, 1, 0, 0, 2, 0, 0, 0, 0, 0, 0, 0, 0, 0, 0, 0, 1, 1, 2, 2, 0, 0, 2, 0, 0, 1, 1, 0, 2, 2, 0, 1, 0, 0, 0, 0, 0, 0, 0, 2, 0, 0, 0, 0, 0, 0, 0, 2, 2, 2, 3, 2, 0, 1, 1, 4, 2, 5, 1, 6, 2, 4, 2, 3, 679, 1, 0, 0, 0, 0, 0]",3,0.20000000095487766,-1,0
3231,"[0, 1, 0, 2, 1, 1, 0, 2, 0, 1, 0, 2, 0, 0, 0, 0, 0, 1, 0, 0, 2, 0, 0, 0, 0, 0, 0, 0, 0, 0, 0, 0, 1, 1, 2, 2, 0, 0, 2, 0, 0, 1, 1, 0, 2, 2, 0, 1, 0, 0, 0, 0, 0, 0, 0, 2, 0, 0, 0, 0, 0, 0, 0, 2, 2, 2, 3, 2, 0, 1, 1, 4, 2, 5, 1, 6, 2, 4, 2, 3, 679, 0, 0, 0, 0, 0, 0]",-1,-5.624843870874187e-05,-1,0
3232,"[0, 2, 0, 2, 1, 2, 0, 2, 0, 1, 0, 2, 0, 0, 0, 0, 0, 1, 0, 0, 2, 0, 0, 0, 0, 0, 0, 0, 0, 0, 0, 0, 1, 1, 2, 2, 0, 0, 2, 0, 0, 1, 1, 0, 2, 2, 0, 1, 0, 0, 0, 0, 0, 0, 0, 2, 0, 0, 0, 0, 0, 0, 0, 2, 2, 2, 3, 2, 0, 1, 1, 4, 2, 5, 1, 6, 2, 4, 2, 3, 680, 0, 0, 0, 0, 0, 0]",4,12.616175166736031,-1,0
3233,"[0, 2, 0, 2, 1, 2, 0, 2, 0, 1, 0, 2, 0, 0, 0, 0, 0, 1, 0, 0, 2, 0, 0, 0, 0, 0, 0, 0, 0, 0, 0, 0, 1, 1, 2, 2, 0, 0, 2, 0, 0, 1, 1, 0, 2, 2, 0, 1, 0, 0, 0, 0, 0, 0, 0, 2, 0, 0, 0, 0, 0, 0, 0, 2, 2, 2, 3, 2, 0, 1, 1, 4, 2, 5, 1, 6, 2, 4, 2, 3, 680, 0, 1, 0, 0, 0, 0]",2,0.4000000009174363,-1,1
3234,"[0, 2, 0, 2, 1, 2, 0, 2, 0, 1, 0, 2, 0, 0, 0, 0, 0, 1, 0, 0, 2, 0, 0, 0, 0, 0, 0, 0, 0, 0, 0, 0, 1, 1, 2, 2, 0, 0, 2, 0, 0, 1, 1, 0, 2, 2, 0, 1, 0, 0, 0, 0, 0, 0, 0, 2, 0, 0, 0, 0, 0, 0, 0, 2, 2, 2, 3, 2, 0, 1, 1, 4, 2, 5, 1, 6, 2, 4, 2, 3, 680, 0, 1, 0, 0, 1, 0]","[[1 0 0 0]
 [0 1 0 0]]",0.6504248659755272,-1,1
3235,"[0, 2, 0, 2, 1, 2, 0, 2, 0, 1, 0, 2, 0, 0, 0, 0, 0, 1, 0, 0, 2, 0, 0, 0, 0, 0, 0, 0, 0, 0, 0, 0, 1, 1, 2, 2, 0, 0, 2, 0, 0, 1, 1, 0, 2, 2, 0, 1, 0, 0, 0, 0, 0, 0, 0, 2, 0, 0, 0, 0, 0, 0, 0, 2, 2, 2, 3, 2, 0, 1, 1, 4, 2, 5, 1, 6, 2, 4, 2, 3, 680, 0, 0, 0, 0, 0, 0]",1,-0.19999999908256366,-1,0
3236,"[0, 1, 0, 1, 1, 1, 0, 1, 0, 1, 0, 2, 0, 0, 0, 0, 0, 1, 0, 0, 2, 0, 0, 0, 0, 0, 0, 0, 0, 0, 0, 0, 1, 1, 2, 2, 0, 0, 2, 0, 0, 1, 1, 0, 2, 2, 0, 1, 0, 0, 0, 0, 0, 0, 0, 2, 0, 0, 0, 0, 0, 0, 0, 2, 2, 2, 3, 2, 0, 1, 1, 4, 2, 5, 1, 6, 2, 4, 2, 4, 681, 0, 0, 0, 0, 0, 0]",4,14.533504662406372,-1,1
3237,"[0, 1, 0, 1, 1, 1, 0, 1, 0, 1, 0, 2, 0, 0, 0, 0, 0, 1, 0, 0, 2, 0, 0, 0, 0, 0, 0, 0, 0, 0, 0, 0, 1, 1, 2, 2, 0, 0, 2, 0, 0, 1, 1, 0, 2, 2, 0, 1, 0, 0, 0, 0, 0, 0, 0, 2, 0, 0, 0, 0, 0, 0, 0, 2, 2, 2, 3, 2, 0, 1, 1, 4, 2, 5, 1, 6, 2, 4, 2, 4, 681, 1, 0, 0, 0, 0, 0]",3,0.20000000088146316,-1,0
3238,"[0, 1, 0, 1, 1, 1, 0, 1, 0, 1, 0, 2, 0, 0, 0, 0, 0, 1, 0, 0, 2, 0, 0, 0, 0, 0, 0, 0, 0, 0, 0, 0, 1, 1, 2, 2, 0, 0, 2, 0, 0, 1, 1, 0, 2, 2, 0, 1, 0, 0, 0, 0, 0, 0, 0, 2, 0, 0, 0, 0, 0, 0, 0, 2, 2, 2, 3, 2, 0, 1, 1, 4, 2, 5, 1, 6, 2, 4, 2, 4, 681, 0, 0, 0, 0, 0, 0]",-1,-5.5134644997885096e-05,-1,0
3239,"[0, 1, 0, 1, 1, 1, 0, 1, 0, 1, 0, 2, 0, 0, 0, 0, 0, 1, 0, 0, 2, 0, 0, 0, 0, 0, 0, 0, 0, 0, 0, 0, 1, 1, 2, 2, 0, 0, 2, 0, 0, 1, 1, 0, 2, 2, 0, 1, 0, 0, 0, 0, 0, 0, 0, 2, 0, 0, 0, 0, 0, 0, 0, 2, 2, 2, 3, 2, 0, 1, 1, 4, 2, 5, 1, 6, 2, 4, 2, 4, 682, 0, 0, 0, 0, 0, 0]",4,14.533503554147021,-1,1
3240,"[0, 2, 0, 1, 1, 2, 0, 1, 0, 1, 0, 2, 0, 0, 0, 0, 0, 1, 0, 0, 2, 0, 0, 0, 0, 0, 0, 0, 0, 0, 0, 0, 1, 1, 2, 2, 0, 0, 2, 0, 0, 1, 1, 0, 2, 2, 0, 1, 0, 0, 0, 0, 0, 0, 0, 2, 0, 0, 0, 0, 0, 0, 0, 2, 2, 2, 3, 2, 0, 1, 1, 4, 2, 5, 1, 6, 2, 4, 2, 4, 683, 0, 0, 0, 0, 0, 0]",4,12.655777814725905,-1,0
3241,"[0, 3, 0, 1, 1, 3, 0, 1, 0, 1, 0, 2, 0, 0, 0, 0, 0, 1, 0, 0, 2, 0, 0, 0, 0, 0, 0, 0, 0, 0, 0, 0, 1, 1, 2, 2, 0, 0, 2, 0, 0, 1, 1, 0, 2, 2, 0, 1, 0, 0, 0, 0, 0, 0, 0, 2, 0, 0, 0, 0, 0, 0, 0, 2, 2, 2, 3, 2, 0, 1, 1, 4, 2, 5, 1, 6, 2, 4, 2, 4, 684, 0, 0, 0, 0, 0, 0]",4,14.11306355290898,-1,1
3242,"[0, 3, 0, 1, 1, 3, 0, 1, 0, 1, 0, 2, 0, 0, 0, 0, 0, 1, 0, 0, 2, 0, 0, 0, 0, 0, 0, 0, 0, 0, 0, 0, 1, 1, 2, 2, 0, 0, 2, 0, 0, 1, 1, 0, 2, 2, 0, 1, 0, 0, 0, 0, 0, 0, 0, 2, 0, 0, 0, 0, 0, 0, 0, 2, 2, 2, 3, 2, 0, 1, 1, 4, 2, 5, 1, 6, 2, 4, 2, 4, 684, 0, 1, 0, 0, 0, 0]",2,0.40000000078178766,-1,0
3243,"[0, 3, 0, 1, 1, 3, 0, 1, 0, 1, 0, 2, 0, 0, 0, 0, 0, 1, 0, 0, 2, 0, 0, 0, 0, 0, 0, 0, 0, 0, 0, 0, 1, 1, 2, 2, 0, 0, 2, 0, 0, 1, 1, 0, 2, 2, 0, 1, 0, 0, 0, 0, 0, 0, 0, 2, 0, 0, 0, 0, 0, 0, 0, 2, 2, 2, 3, 2, 0, 1, 1, 4, 2, 5, 1, 6, 2, 4, 2, 4, 684, 0, 1, 0, 0, 1, 0]","[[0 1 0 0]
 [1 0 0 0]]",0.6504248658398786,-1,0
3244,"[0, 3, 0, 1, 1, 3, 0, 1, 0, 1, 0, 2, 0, 0, 0, 0, 0, 1, 0, 0, 2, 0, 0, 0, 0, 0, 0, 0, 0, 0, 0, 0, 1, 1, 2, 2, 0, 0, 2, 0, 0, 1, 1, 0, 2, 2, 0, 1, 0, 0, 0, 0, 0, 0, 0, 2, 0, 0, 0, 0, 0, 0, 0, 2, 2, 2, 3, 2, 0, 1, 1, 4, 2, 5, 1, 6, 2, 4, 2, 4, 684, 0, 1, 0, 0, 0, 1]",2,-0.19999999921821232,-1,1
3245,"[0, 3, 0, 1, 1, 3, 0, 1, 0, 1, 0, 2, 0, 0, 0, 0, 0, 1, 0, 0, 2, 0, 0, 0, 0, 0, 0, 0, 0, 0, 0, 0, 1, 1, 2, 2, 0, 0, 2, 0, 0, 1, 1, 0, 2, 2, 0, 1, 0, 0, 0, 0, 0, 0, 0, 2, 0, 0, 0, 0, 0, 0, 0, 2, 2, 2, 3, 2, 0, 1, 1, 4, 2, 5, 1, 6, 2, 4, 2, 4, 684, 0, 0, 1, 0, 0, 0]","[[1 0 0 0]
 [0 1 0 0]]",-0.19999999921821232,-1,1
3246,"[1, 2, 0, 1, 0, 4, 0, 1, 0, 1, 0, 2, 0, 0, 0, 0, 0, 1, 0, 0, 2, 0, 0, 0, 0, 0, 0, 0, 0, 0, 0, 0, 1, 1, 2, 2, 0, 0, 2, 0, 0, 1, 1, 0, 2, 2, 0, 1, 0, 0, 0, 0, 0, 0, 0, 2, 0, 0, 0, 0, 0, 0, 0, 2, 2, 2, 3, 2, 0, 1, 1, 4, 2, 5, 1, 6, 2, 4, 2, 4, 684, 0, 0, 0, 0, 0, 0]",0,-0.19999999921821232,-1,0
3247,"[1, 2, 0, 1, 0, 4, 0, 1, 0, 1, 0, 2, 0, 0, 0, 0, 0, 1, 0, 0, 2, 0, 0, 0, 0, 0, 0, 0, 0, 0, 0, 0, 1, 1, 2, 2, 0, 0, 2, 0, 0, 1, 1, 0, 2, 2, 0, 1, 0, 0, 0, 0, 0, 0, 0, 2, 0, 0, 0, 0, 0, 0, 0, 2, 2, 2, 3, 2, 0, 1, 1, 4, 2, 5, 1, 6, 2, 4, 2, 4, 684, 0, 0, 0, 0, 0, 0]",0,0.29497474761237097,-1,0
3248,"[1, 2, 0, 1, 0, 4, 0, 1, 0, 1, 0, 2, 0, 0, 0, 0, 0, 1, 0, 0, 2, 0, 0, 0, 0, 0, 0, 0, 0, 0, 0, 0, 1, 1, 2, 2, 0, 0, 2, 0, 0, 1, 1, 0, 2, 2, 0, 1, 0, 0, 0, 0, 0, 0, 0, 2, 0, 0, 0, 0, 0, 0, 0, 2, 2, 2, 3, 2, 0, 1, 1, 4, 2, 5, 1, 6, 2, 4, 2, 4, 684, 0, 0, 0, 0, 0, 0]",-1,-5.350516998198022e-05,-1,0
3249,"[1, 2, 0, 1, 0, 4, 0, 1, 0, 1, 0, 2, 0, 0, 0, 0, 0, 1, 0, 0, 2, 0, 0, 0, 0, 0, 0, 0, 0, 0, 0, 0, 1, 1, 2, 2, 0, 0, 2, 0, 0, 1, 1, 0, 2, 2, 0, 1, 0, 0, 0, 0, 0, 0, 0, 2, 0, 0, 0, 0, 0, 0, 0, 2, 2, 2, 3, 2, 0, 1, 1, 4, 2, 5, 1, 6, 2, 4, 2, 4, 684, 0, 0, 0, 0, 0, 0]",0,0.29497474761237097,-1,0
3250,"[1, 2, 0, 1, 0, 4, 0, 1, 0, 1, 0, 2, 0, 0, 0, 0, 0, 1, 0, 0, 2, 0, 0, 0, 0, 0, 0, 0, 0, 0, 0, 0, 1, 1, 2, 2, 0, 0, 2, 0, 0, 1, 1, 0, 2, 2, 0, 1, 0, 0, 0, 0, 0, 0, 0, 2, 0, 0, 0, 0, 0, 0, 0, 2, 2, 2, 3, 2, 0, 1, 1, 4, 2, 5, 1, 6, 2, 4, 2, 4, 684, 0, 0, 0, 0, 0, 0]",-1,-5.350516998198022e-05,-1,0
3251,"[1, 2, 0, 1, 0, 4, 0, 1, 0, 1, 0, 2, 0, 0, 0, 0, 0, 1, 0, 0, 2, 0, 0, 0, 0, 0, 0, 0, 0, 0, 0, 0, 1, 1, 2, 2, 0, 0, 2, 0, 0, 1, 1, 0, 2, 2, 0, 1, 0, 0, 0, 0, 0, 0, 0, 2, 0, 0, 0, 0, 0, 0, 0, 2, 2, 2, 3, 2, 0, 1, 1, 4, 2, 5, 1, 6, 2, 4, 2, 4, 684, 0, 0, 0, 0, 0, 0]",0,0.29497474761237097,-1,0
3252,"[1, 2, 0, 1, 0, 4, 0, 1, 0, 1, 0, 2, 0, 0, 0, 0, 0, 1, 0, 0, 2, 0, 0, 0, 0, 0, 0, 0, 0, 0, 0, 0, 1, 1, 2, 2, 0, 0, 2, 0, 0, 1, 1, 0, 2, 2, 0, 1, 0, 0, 0, 0, 0, 0, 0, 2, 0, 0, 0, 0, 0, 0, 0, 2, 2, 2, 3, 2, 0, 1, 1, 4, 2, 5, 1, 6, 2, 4, 2, 4, 684, 0, 0, 0, 0, 0, 0]",-1,-5.350516998198022e-05,-1,0
3253,"[1, 2, 0, 1, 0, 4, 0, 1, 0, 1, 0, 2, 0, 0, 0, 0, 0, 1, 0, 0, 2, 0, 0, 0, 0, 0, 0, 0, 0, 0, 0, 0, 1, 1, 2, 2, 0, 0, 2, 0, 0, 1, 1, 0, 2, 2, 0, 1, 0, 0, 0, 0, 0, 0, 0, 2, 0, 0, 0, 0, 0, 0, 0, 2, 2, 2, 3, 2, 0, 1, 1, 4, 2, 5, 1, 6, 2, 4, 2, 4, 684, 0, 0, 0, 0, 0, 0]",0,0.29497474761237097,-1,0
3254,"[1, 2, 0, 1, 0, 4, 0, 1, 0, 1, 0, 2, 0, 0, 0, 0, 0, 1, 0, 0, 2, 0, 0, 0, 0, 0, 0, 0, 0, 0, 0, 0, 1, 1, 2, 2, 0, 0, 2, 0, 0, 1, 1, 0, 2, 2, 0, 1, 0, 0, 0, 0, 0, 0, 0, 2, 0, 0, 0, 0, 0, 0, 0, 2, 2, 2, 3, 2, 0, 1, 1, 4, 2, 5, 1, 6, 2, 4, 2, 4, 684, 0, 0, 0, 0, 0, 0]",-1,-5.350516998198022e-05,-1,0
3255,"[1, 2, 0, 1, 0, 4, 0, 1, 0, 1, 0, 2, 0, 0, 0, 0, 0, 1, 0, 0, 2, 0, 0, 0, 0, 0, 0, 0, 0, 0, 0, 0, 1, 1, 2, 2, 0, 0, 2, 0, 0, 1, 1, 0, 2, 2, 0, 1, 0, 0, 0, 0, 0, 0, 0, 2, 0, 0, 0, 0, 0, 0, 0, 2, 2, 2, 3, 2, 0, 1, 1, 4, 2, 5, 1, 6, 2, 4, 2, 4, 684, 0, 0, 0, 0, 0, 0]",0,0.29497474761237097,-1,0
3256,"[1, 2, 0, 1, 0, 4, 0, 1, 0, 1, 0, 2, 0, 0, 0, 0, 0, 1, 0, 0, 2, 0, 0, 0, 0, 0, 0, 0, 0, 0, 0, 0, 1, 1, 2, 2, 0, 0, 2, 0, 0, 1, 1, 0, 2, 2, 0, 1, 0, 0, 0, 0, 0, 0, 0, 2, 0, 0, 0, 0, 0, 0, 0, 2, 2, 2, 3, 2, 0, 1, 1, 4, 2, 5, 1, 6, 2, 4, 2, 4, 684, 0, 0, 0, 0, 0, 0]",-1,-5.350516998198022e-05,-1,0
3257,"[1, 2, 0, 1, 0, 4, 0, 1, 0, 1, 0, 2, 0, 0, 0, 0, 0, 1, 0, 0, 2, 0, 0, 0, 0, 0, 0, 0, 0, 0, 0, 0, 1, 1, 2, 2, 0, 0, 2, 0, 0, 1, 1, 0, 2, 2, 0, 1, 0, 0, 0, 0, 0, 0, 0, 2, 0, 0, 0, 0, 0, 0, 0, 2, 2, 2, 3, 2, 0, 1, 1, 4, 2, 5, 1, 6, 2, 4, 2, 4, 684, 0, 0, 0, 0, 0, 0]",0,0.29497474761237097,-1,0
3258,"[1, 2, 0, 1, 0, 4, 0, 1, 0, 1, 0, 2, 0, 0, 0, 0, 0, 1, 0, 0, 2, 0, 0, 0, 0, 0, 0, 0, 0, 0, 0, 0, 1, 1, 2, 2, 0, 0, 2, 0, 0, 1, 1, 0, 2, 2, 0, 1, 0, 0, 0, 0, 0, 0, 0, 2, 0, 0, 0, 0, 0, 0, 0, 2, 2, 2, 3, 2, 0, 1, 1, 4, 2, 5, 1, 6, 2, 4, 2, 4, 684, 0, 0, 0, 0, 0, 0]",-1,-5.350516998198022e-05,-1,0
3259,"[1, 2, 0, 1, 0, 4, 0, 1, 0, 1, 0, 2, 0, 0, 0, 0, 0, 1, 0, 0, 2, 0, 0, 0, 0, 0, 0, 0, 0, 0, 0, 0, 1, 1, 2, 2, 0, 0, 2, 0, 0, 1, 1, 0, 2, 2, 0, 1, 0, 0, 0, 0, 0, 0, 0, 2, 0, 0, 0, 0, 0, 0, 0, 2, 2, 2, 3, 2, 0, 1, 1, 4, 2, 5, 1, 6, 2, 4, 2, 4, 684, 0, 0, 0, 0, 0, 0]",0,0.29497474761237097,-1,0
3260,"[1, 2, 0, 1, 0, 4, 0, 1, 0, 1, 0, 2, 0, 0, 0, 0, 0, 1, 0, 0, 2, 0, 0, 0, 0, 0, 0, 0, 0, 0, 0, 0, 1, 1, 2, 2, 0, 0, 2, 0, 0, 1, 1, 0, 2, 2, 0, 1, 0, 0, 0, 0, 0, 0, 0, 2, 0, 0, 0, 0, 0, 0, 0, 2, 2, 2, 3, 2, 0, 1, 1, 4, 2, 5, 1, 6, 2, 4, 2, 4, 684, 0, 0, 0, 0, 0, 0]",-1,-5.350516998198022e-05,-1,0
3261,"[1, 2, 0, 1, 0, 4, 0, 1, 0, 1, 0, 2, 0, 0, 0, 0, 0, 1, 0, 0, 2, 0, 0, 0, 0, 0, 0, 0, 0, 0, 0, 0, 1, 1, 2, 2, 0, 0, 2, 0, 0, 1, 1, 0, 2, 2, 0, 1, 0, 0, 0, 0, 0, 0, 0, 2, 0, 0, 0, 0, 0, 0, 0, 2, 2, 2, 3, 2, 0, 1, 1, 4, 2, 5, 1, 6, 2, 4, 2, 4, 684, 0, 0, 0, 0, 0, 0]",0,0.29497474761237097,-1,0
3262,"[1, 2, 0, 1, 0, 4, 0, 1, 0, 1, 0, 2, 0, 0, 0, 0, 0, 1, 0, 0, 2, 0, 0, 0, 0, 0, 0, 0, 0, 0, 0, 0, 1, 1, 2, 2, 0, 0, 2, 0, 0, 1, 1, 0, 2, 2, 0, 1, 0, 0, 0, 0, 0, 0, 0, 2, 0, 0, 0, 0, 0, 0, 0, 2, 2, 2, 3, 2, 0, 1, 1, 4, 2, 5, 1, 6, 2, 4, 2, 4, 684, 0, 0, 0, 0, 0, 0]",-1,-5.350516998198022e-05,-1,0
3263,"[1, 3, 0, 1, 0, 5, 0, 1, 0, 1, 0, 2, 0, 0, 0, 0, 0, 1, 0, 0, 2, 0, 0, 0, 0, 0, 0, 0, 0, 0, 0, 0, 1, 1, 2, 2, 0, 0, 2, 0, 0, 1, 1, 0, 2, 2, 0, 1, 0, 0, 0, 0, 0, 0, 0, 2, 0, 0, 0, 0, 0, 0, 0, 2, 2, 2, 3, 2, 0, 1, 1, 4, 2, 5, 1, 6, 2, 4, 2, 4, 685, 0, 0, 0, 0, 0, 0]",4,12.713062477406528,-1,0
3264,"[1, 3, 0, 1, 0, 5, 0, 1, 0, 1, 0, 2, 0, 0, 0, 0, 0, 1, 0, 0, 2, 0, 0, 0, 0, 0, 0, 0, 0, 0, 0, 0, 1, 1, 2, 2, 0, 0, 2, 0, 0, 1, 1, 0, 2, 2, 0, 1, 0, 0, 0, 0, 0, 0, 0, 2, 0, 0, 0, 0, 0, 0, 0, 2, 2, 2, 3, 2, 0, 1, 1, 4, 2, 5, 1, 6, 2, 4, 2, 4, 685, 0, 1, 0, 0, 0, 0]",2,0.4000000007511333,-1,1
3265,"[1, 3, 0, 1, 0, 5, 0, 1, 0, 1, 0, 2, 0, 0, 0, 0, 0, 1, 0, 0, 2, 0, 0, 0, 0, 0, 0, 0, 0, 0, 0, 0, 1, 1, 2, 2, 0, 0, 2, 0, 0, 1, 1, 0, 2, 2, 0, 1, 0, 0, 0, 0, 0, 0, 0, 2, 0, 0, 0, 0, 0, 0, 0, 2, 2, 2, 3, 2, 0, 1, 1, 4, 2, 5, 1, 6, 2, 4, 2, 4, 685, 0, 1, 0, 0, 1, 0]","[[0 1 0 0]
 [1 0 0 0]]",0.6504248658092242,-1,1
3266,"[0, 4, 0, 1, 1, 4, 0, 1, 0, 1, 0, 2, 0, 0, 0, 0, 0, 1, 0, 0, 2, 0, 0, 0, 0, 0, 0, 0, 0, 0, 0, 0, 1, 1, 2, 2, 0, 0, 2, 0, 0, 1, 1, 0, 2, 2, 0, 1, 0, 0, 0, 0, 0, 0, 0, 2, 0, 0, 0, 0, 0, 0, 0, 2, 2, 2, 3, 2, 0, 1, 1, 4, 2, 5, 1, 6, 2, 4, 2, 4, 685, 0, 0, 0, 0, 0, 0]",0,-0.1999999992488667,-1,0
3267,"[0, 2, 0, 1, 1, 2, 0, 1, 0, 1, 0, 2, 0, 0, 0, 0, 0, 1, 0, 0, 2, 0, 0, 0, 0, 0, 0, 0, 0, 0, 0, 0, 1, 1, 2, 2, 0, 0, 2, 0, 0, 1, 1, 0, 2, 2, 0, 1, 0, 0, 0, 0, 0, 0, 0, 2, 0, 0, 0, 0, 0, 0, 0, 2, 2, 2, 3, 2, 0, 1, 1, 4, 2, 5, 1, 6, 2, 4, 2, 0, 686, 0, 0, 0, 0, 0, 0]",4,14.373874509664814,-1,1
3268,"[0, 2, 0, 1, 1, 2, 0, 1, 0, 1, 0, 2, 0, 0, 0, 0, 0, 1, 0, 0, 2, 0, 0, 0, 0, 0, 0, 0, 0, 0, 0, 0, 1, 1, 2, 2, 0, 0, 2, 0, 0, 1, 1, 0, 2, 2, 0, 1, 0, 0, 0, 0, 0, 0, 0, 2, 0, 0, 0, 0, 0, 0, 0, 2, 2, 2, 3, 2, 0, 1, 1, 4, 2, 5, 1, 6, 2, 4, 2, 0, 686, 0, 0, 0, 0, 0, 0]",1,0.6096241158212977,-1,0
3269,"[0, 2, 0, 1, 1, 2, 0, 1, 0, 1, 0, 2, 0, 0, 0, 0, 0, 1, 0, 0, 2, 0, 0, 0, 0, 0, 0, 0, 0, 0, 0, 0, 1, 1, 2, 2, 0, 0, 2, 0, 0, 1, 1, 0, 2, 2, 0, 1, 0, 0, 0, 0, 0, 0, 0, 2, 0, 0, 0, 0, 0, 0, 0, 2, 2, 2, 3, 2, 0, 1, 1, 4, 2, 5, 1, 6, 2, 4, 2, 0, 686, 0, 0, 0, 0, 0, 0]",-1,-5.244569663138941e-05,-1,0
3270,"[0, 1, 0, 1, 1, 1, 0, 1, 0, 1, 0, 2, 0, 0, 0, 0, 0, 1, 0, 0, 2, 0, 0, 0, 0, 0, 0, 0, 0, 0, 0, 0, 1, 1, 2, 2, 0, 0, 2, 0, 0, 1, 1, 0, 2, 2, 0, 1, 0, 0, 0, 0, 0, 0, 0, 2, 0, 0, 0, 0, 0, 0, 0, 2, 2, 2, 3, 2, 0, 1, 1, 4, 2, 5, 1, 6, 2, 4, 2, 2, 687, 0, 0, 0, 0, 0, 0]",4,14.533498176096773,-1,1
3271,"[0, 1, 0, 1, 1, 1, 0, 1, 0, 1, 0, 2, 0, 0, 0, 0, 0, 1, 0, 0, 2, 0, 0, 0, 0, 0, 0, 0, 0, 0, 0, 0, 1, 1, 2, 2, 0, 0, 2, 0, 0, 1, 1, 0, 2, 2, 0, 1, 0, 0, 0, 0, 0, 0, 0, 2, 0, 0, 0, 0, 0, 0, 0, 2, 2, 2, 3, 2, 0, 1, 1, 4, 2, 5, 1, 6, 2, 4, 2, 2, 687, 1, 0, 0, 0, 0, 0]",3,0.2000000006933835,-1,0
3272,"[0, 1, 0, 1, 1, 1, 0, 1, 0, 1, 0, 2, 0, 0, 0, 0, 0, 1, 0, 0, 2, 0, 0, 0, 0, 0, 0, 0, 0, 0, 0, 0, 1, 1, 2, 2, 0, 0, 2, 0, 0, 1, 1, 0, 2, 2, 0, 1, 0, 0, 0, 0, 0, 0, 0, 2, 0, 0, 0, 0, 0, 0, 0, 2, 2, 2, 3, 2, 0, 1, 1, 4, 2, 5, 1, 6, 2, 4, 2, 2, 687, 0, 0, 0, 0, 0, 0]",-1,-5.192385323076641e-05,-1,0
3273,"[0, 1, 0, 1, 1, 1, 0, 1, 0, 1, 0, 2, 0, 0, 0, 0, 0, 1, 0, 0, 2, 0, 0, 0, 0, 0, 0, 0, 0, 0, 0, 0, 1, 1, 2, 2, 0, 0, 2, 0, 0, 1, 1, 0, 2, 2, 0, 1, 0, 0, 0, 0, 0, 0, 0, 2, 0, 0, 0, 0, 0, 0, 0, 2, 2, 2, 3, 2, 0, 1, 1, 4, 2, 5, 1, 6, 2, 4, 2, 2, 687, 1, 0, 0, 0, 0, 0]",3,0.2000000006933835,-1,0
3274,"[0, 1, 0, 1, 1, 1, 0, 1, 0, 1, 0, 2, 0, 0, 0, 0, 0, 1, 0, 0, 2, 0, 0, 0, 0, 0, 0, 0, 0, 0, 0, 0, 1, 1, 2, 2, 0, 0, 2, 0, 0, 1, 1, 0, 2, 2, 0, 1, 0, 0, 0, 0, 0, 0, 0, 2, 0, 0, 0, 0, 0, 0, 0, 2, 2, 2, 3, 2, 0, 1, 1, 4, 2, 5, 1, 6, 2, 4, 2, 2, 687, 0, 0, 0, 0, 0, 0]",-1,-5.192385323076641e-05,-1,0
3275,"[0, 1, 0, 1, 1, 1, 0, 1, 0, 1, 0, 2, 0, 0, 0, 0, 0, 1, 0, 0, 2, 0, 0, 0, 0, 0, 0, 0, 0, 0, 0, 0, 1, 1, 2, 2, 0, 0, 2, 0, 0, 1, 1, 0, 2, 2, 0, 1, 0, 0, 0, 0, 0, 0, 0, 2, 0, 0, 0, 0, 0, 0, 0, 2, 2, 2, 3, 2, 0, 1, 1, 4, 2, 5, 1, 6, 2, 4, 2, 6, 688, 0, 0, 0, 0, 0, 0]",4,12.859567019666432,-1,0
3276,"[0, 1, 0, 1, 1, 1, 0, 1, 0, 1, 0, 2, 0, 0, 0, 0, 0, 1, 0, 0, 2, 0, 0, 0, 0, 0, 0, 0, 0, 0, 0, 0, 1, 1, 2, 2, 0, 0, 2, 0, 0, 1, 1, 0, 2, 2, 0, 1, 0, 0, 0, 0, 0, 0, 0, 2, 0, 0, 0, 0, 0, 0, 0, 2, 2, 2, 3, 2, 0, 1, 1, 4, 2, 5, 1, 6, 2, 4, 2, 1, 689, 0, 0, 0, 0, 0, 0]",4,14.533496099054716,-1,1
3277,"[0, 1, 0, 1, 1, 1, 0, 1, 0, 1, 0, 2, 0, 0, 0, 0, 0, 1, 0, 0, 2, 0, 0, 0, 0, 0, 0, 0, 0, 0, 0, 0, 1, 1, 2, 2, 0, 0, 2, 0, 0, 1, 1, 0, 2, 2, 0, 1, 0, 0, 0, 0, 0, 0, 0, 2, 0, 0, 0, 0, 0, 0, 0, 2, 2, 2, 3, 2, 0, 1, 1, 4, 2, 5, 1, 6, 2, 4, 2, 1, 690, 0, 0, 0, 0, 0, 0]",4,12.859564963292852,-1,0
3278,"[0, 1, 0, 1, 1, 1, 0, 1, 0, 1, 0, 2, 0, 0, 0, 0, 0, 1, 0, 0, 2, 0, 0, 0, 0, 0, 0, 0, 0, 0, 0, 0, 1, 1, 2, 2, 0, 0, 2, 0, 0, 1, 1, 0, 2, 2, 0, 1, 0, 0, 0, 0, 0, 0, 0, 2, 0, 0, 0, 0, 0, 0, 0, 2, 2, 2, 3, 2, 0, 1, 1, 4, 2, 5, 1, 6, 2, 4, 2, 1, 690, 0, 1, 0, 0, 0, 0]",2,0.400000000614976,-1,1
3279,"[0, 1, 0, 1, 1, 1, 0, 1, 0, 1, 0, 2, 0, 0, 0, 0, 0, 1, 0, 0, 2, 0, 0, 0, 0, 0, 0, 0, 0, 0, 0, 0, 1, 1, 2, 2, 0, 0, 2, 0, 0, 1, 1, 0, 2, 2, 0, 1, 0, 0, 0, 0, 0, 0, 0, 2, 0, 0, 0, 0, 0, 0, 0, 2, 2, 2, 3, 2, 0, 1, 1, 4, 2, 5, 1, 6, 2, 4, 2, 1, 690, 0, 1, 0, 0, 1, 0]","[[1 0 0 0]
 [0 1 0 0]]",0.6504248656730669,-1,1
3280,"[1, 0, 0, 1, 0, 2, 0, 1, 0, 1, 0, 2, 0, 0, 0, 0, 0, 1, 0, 0, 2, 0, 0, 0, 0, 0, 0, 0, 0, 0, 0, 0, 1, 1, 2, 2, 0, 0, 2, 0, 0, 1, 1, 0, 2, 2, 0, 1, 0, 0, 0, 0, 0, 0, 0, 2, 0, 0, 0, 0, 0, 0, 0, 2, 2, 2, 3, 2, 0, 1, 1, 4, 2, 5, 1, 6, 2, 4, 2, 1, 690, 0, 0, 0, 0, 0, 0]",0,-0.19999999938502402,-1,0
3281,"[1, 0, 0, 1, 0, 1, 0, 1, 0, 1, 0, 2, 0, 0, 0, 0, 0, 1, 0, 0, 2, 0, 0, 0, 0, 0, 0, 0, 0, 0, 0, 0, 1, 1, 2, 2, 0, 0, 2, 0, 0, 1, 1, 0, 2, 2, 0, 1, 0, 0, 0, 0, 0, 0, 0, 2, 0, 0, 0, 0, 0, 0, 0, 2, 2, 2, 3, 2, 0, 1, 1, 4, 2, 5, 1, 6, 2, 4, 2, 6, 691, 0, 0, 0, 0, 0, 0]",4,14.259563950427545,-1,1
3282,"[1, 0, 0, 1, 0, 1, 0, 1, 0, 1, 0, 2, 0, 0, 0, 0, 0, 1, 0, 0, 2, 0, 0, 0, 0, 0, 0, 0, 0, 0, 0, 0, 1, 1, 2, 2, 0, 0, 2, 0, 0, 1, 1, 0, 2, 2, 0, 1, 0, 0, 0, 0, 0, 0, 0, 2, 0, 0, 0, 0, 0, 0, 0, 2, 2, 2, 3, 2, 0, 1, 1, 4, 2, 5, 1, 6, 2, 4, 2, 6, 691, 1, 0, 0, 0, 0, 0]",3,0.20000000059086243,-1,0
3283,"[1, 0, 0, 1, 0, 1, 0, 1, 0, 1, 0, 2, 0, 0, 0, 0, 0, 1, 0, 0, 2, 0, 0, 0, 0, 0, 0, 0, 0, 0, 0, 0, 1, 1, 2, 2, 0, 0, 2, 0, 0, 1, 1, 0, 2, 2, 0, 1, 0, 0, 0, 0, 0, 0, 0, 2, 0, 0, 0, 0, 0, 0, 0, 2, 2, 2, 3, 2, 0, 1, 1, 4, 2, 5, 1, 6, 2, 4, 2, 6, 691, 0, 0, 0, 0, 0, 0]",-1,-4.9887889824215605e-05,-1,0
3284,"[1, 1, 0, 1, 0, 2, 0, 1, 0, 1, 0, 2, 0, 0, 0, 0, 0, 1, 0, 0, 2, 0, 0, 0, 0, 0, 0, 0, 0, 0, 0, 0, 1, 1, 2, 2, 0, 0, 2, 0, 0, 1, 1, 0, 2, 2, 0, 1, 0, 0, 0, 0, 0, 0, 0, 2, 0, 0, 0, 0, 0, 0, 0, 2, 2, 2, 3, 2, 0, 1, 1, 4, 2, 5, 1, 6, 2, 4, 2, 6, 692, 0, 0, 0, 0, 0, 0]",4,14.055768418167327,-1,1
3285,"[1, 1, 0, 1, 0, 2, 0, 1, 0, 1, 0, 2, 0, 0, 0, 0, 0, 1, 0, 0, 2, 0, 0, 0, 0, 0, 0, 0, 0, 0, 0, 0, 1, 1, 2, 2, 0, 0, 2, 0, 0, 1, 1, 0, 2, 2, 0, 1, 0, 0, 0, 0, 0, 0, 0, 2, 0, 0, 0, 0, 0, 0, 0, 2, 2, 2, 3, 2, 0, 1, 1, 4, 2, 5, 1, 6, 2, 4, 2, 6, 692, 0, 0, 0, 0, 0, 0]",0,0.29497474739827767,-1,0
3286,"[1, 1, 0, 1, 0, 2, 0, 1, 0, 1, 0, 2, 0, 0, 0, 0, 0, 1, 0, 0, 2, 0, 0, 0, 0, 0, 0, 0, 0, 0, 0, 0, 1, 1, 2, 2, 0, 0, 2, 0, 0, 1, 1, 0, 2, 2, 0, 1, 0, 0, 0, 0, 0, 0, 0, 2, 0, 0, 0, 0, 0, 0, 0, 2, 2, 2, 3, 2, 0, 1, 1, 4, 2, 5, 1, 6, 2, 4, 2, 6, 692, 0, 0, 0, 0, 0, 0]",-1,-4.939149702656148e-05,-1,0
3287,"[1, 1, 0, 1, 0, 2, 0, 1, 0, 1, 0, 2, 0, 0, 0, 0, 0, 1, 0, 0, 2, 0, 0, 0, 0, 0, 0, 0, 0, 0, 0, 0, 1, 1, 2, 2, 0, 0, 2, 0, 0, 1, 1, 0, 2, 2, 0, 1, 0, 0, 0, 0, 0, 0, 0, 2, 0, 0, 0, 0, 0, 0, 0, 2, 2, 2, 3, 2, 0, 1, 1, 4, 2, 5, 1, 6, 2, 4, 2, 6, 692, 0, 0, 0, 0, 0, 0]",0,0.29497474739827767,-1,0
3288,"[1, 1, 0, 1, 0, 2, 0, 1, 0, 1, 0, 2, 0, 0, 0, 0, 0, 1, 0, 0, 2, 0, 0, 0, 0, 0, 0, 0, 0, 0, 0, 0, 1, 1, 2, 2, 0, 0, 2, 0, 0, 1, 1, 0, 2, 2, 0, 1, 0, 0, 0, 0, 0, 0, 0, 2, 0, 0, 0, 0, 0, 0, 0, 2, 2, 2, 3, 2, 0, 1, 1, 4, 2, 5, 1, 6, 2, 4, 2, 6, 692, 0, 0, 0, 0, 0, 0]",-1,-4.939149702656148e-05,-1,0
3289,"[1, 1, 0, 1, 0, 2, 0, 1, 0, 1, 0, 2, 0, 0, 0, 0, 0, 1, 0, 0, 2, 0, 0, 0, 0, 0, 0, 0, 0, 0, 0, 0, 1, 1, 2, 2, 0, 0, 2, 0, 0, 1, 1, 0, 2, 2, 0, 1, 0, 0, 0, 0, 0, 0, 0, 2, 0, 0, 0, 0, 0, 0, 0, 2, 2, 2, 3, 2, 0, 1, 1, 4, 2, 5, 1, 6, 2, 4, 2, 6, 692, 0, 0, 0, 0, 0, 0]",0,0.29497474739827767,-1,0
3290,"[1, 1, 0, 1, 0, 2, 0, 1, 0, 1, 0, 2, 0, 0, 0, 0, 0, 1, 0, 0, 2, 0, 0, 0, 0, 0, 0, 0, 0, 0, 0, 0, 1, 1, 2, 2, 0, 0, 2, 0, 0, 1, 1, 0, 2, 2, 0, 1, 0, 0, 0, 0, 0, 0, 0, 2, 0, 0, 0, 0, 0, 0, 0, 2, 2, 2, 3, 2, 0, 1, 1, 4, 2, 5, 1, 6, 2, 4, 2, 6, 692, 0, 0, 0, 0, 0, 0]",-1,-4.939149702656148e-05,-1,0
3291,"[1, 1, 0, 1, 0, 2, 0, 1, 0, 1, 0, 2, 0, 0, 0, 0, 0, 1, 0, 0, 2, 0, 0, 0, 0, 0, 0, 0, 0, 0, 0, 0, 1, 1, 2, 2, 0, 0, 2, 0, 0, 1, 1, 0, 2, 2, 0, 1, 0, 0, 0, 0, 0, 0, 0, 2, 0, 0, 0, 0, 0, 0, 0, 2, 2, 2, 3, 2, 0, 1, 1, 4, 2, 5, 1, 6, 2, 4, 2, 6, 692, 0, 0, 0, 0, 0, 0]",0,0.29497474739827767,-1,0
3292,"[1, 1, 0, 1, 0, 2, 0, 1, 0, 1, 0, 2, 0, 0, 0, 0, 0, 1, 0, 0, 2, 0, 0, 0, 0, 0, 0, 0, 0, 0, 0, 0, 1, 1, 2, 2, 0, 0, 2, 0, 0, 1, 1, 0, 2, 2, 0, 1, 0, 0, 0, 0, 0, 0, 0, 2, 0, 0, 0, 0, 0, 0, 0, 2, 2, 2, 3, 2, 0, 1, 1, 4, 2, 5, 1, 6, 2, 4, 2, 6, 692, 0, 0, 0, 0, 0, 0]",-1,-4.939149702656148e-05,-1,0
3293,"[1, 1, 0, 1, 0, 2, 0, 1, 0, 1, 0, 2, 0, 0, 0, 0, 0, 1, 0, 0, 2, 0, 0, 0, 0, 0, 0, 0, 0, 0, 0, 0, 1, 1, 2, 2, 0, 0, 2, 0, 0, 1, 1, 0, 2, 2, 0, 1, 0, 0, 0, 0, 0, 0, 0, 2, 0, 0, 0, 0, 0, 0, 0, 2, 2, 2, 3, 2, 0, 1, 1, 4, 2, 5, 1, 6, 2, 4, 2, 6, 692, 0, 0, 0, 0, 0, 0]",0,0.29497474739827767,-1,0
3294,"[1, 1, 0, 1, 0, 2, 0, 1, 0, 1, 0, 2, 0, 0, 0, 0, 0, 1, 0, 0, 2, 0, 0, 0, 0, 0, 0, 0, 0, 0, 0, 0, 1, 1, 2, 2, 0, 0, 2, 0, 0, 1, 1, 0, 2, 2, 0, 1, 0, 0, 0, 0, 0, 0, 0, 2, 0, 0, 0, 0, 0, 0, 0, 2, 2, 2, 3, 2, 0, 1, 1, 4, 2, 5, 1, 6, 2, 4, 2, 6, 692, 0, 0, 0, 0, 0, 0]",-1,-4.939149702656148e-05,-1,0
3295,"[1, 1, 0, 1, 0, 2, 0, 1, 0, 1, 0, 2, 0, 0, 0, 0, 0, 1, 0, 0, 2, 0, 0, 0, 0, 0, 0, 0, 0, 0, 0, 0, 1, 1, 2, 2, 0, 0, 2, 0, 0, 1, 1, 0, 2, 2, 0, 1, 0, 0, 0, 0, 0, 0, 0, 2, 0, 0, 0, 0, 0, 0, 0, 2, 2, 2, 3, 2, 0, 1, 1, 4, 2, 5, 1, 6, 2, 4, 2, 6, 692, 0, 0, 0, 0, 0, 0]",0,0.29497474739827767,-1,0
3296,"[1, 1, 0, 1, 0, 2, 0, 1, 0, 1, 0, 2, 0, 0, 0, 0, 0, 1, 0, 0, 2, 0, 0, 0, 0, 0, 0, 0, 0, 0, 0, 0, 1, 1, 2, 2, 0, 0, 2, 0, 0, 1, 1, 0, 2, 2, 0, 1, 0, 0, 0, 0, 0, 0, 0, 2, 0, 0, 0, 0, 0, 0, 0, 2, 2, 2, 3, 2, 0, 1, 1, 4, 2, 5, 1, 6, 2, 4, 2, 6, 692, 0, 0, 0, 0, 0, 0]",-1,-4.939149702656148e-05,-1,0
3297,"[1, 1, 0, 1, 0, 2, 0, 1, 0, 1, 0, 2, 0, 0, 0, 0, 0, 1, 0, 0, 2, 0, 0, 0, 0, 0, 0, 0, 0, 0, 0, 0, 1, 1, 2, 2, 0, 0, 2, 0, 0, 1, 1, 0, 2, 2, 0, 1, 0, 0, 0, 0, 0, 0, 0, 2, 0, 0, 0, 0, 0, 0, 0, 2, 2, 2, 3, 2, 0, 1, 1, 4, 2, 5, 1, 6, 2, 4, 2, 6, 692, 0, 0, 0, 0, 0, 0]",0,0.29497474739827767,-1,0
3298,"[1, 1, 0, 1, 0, 2, 0, 1, 0, 1, 0, 2, 0, 0, 0, 0, 0, 1, 0, 0, 2, 0, 0, 0, 0, 0, 0, 0, 0, 0, 0, 0, 1, 1, 2, 2, 0, 0, 2, 0, 0, 1, 1, 0, 2, 2, 0, 1, 0, 0, 0, 0, 0, 0, 0, 2, 0, 0, 0, 0, 0, 0, 0, 2, 2, 2, 3, 2, 0, 1, 1, 4, 2, 5, 1, 6, 2, 4, 2, 6, 692, 0, 0, 0, 0, 0, 0]",-1,-4.939149702656148e-05,-1,0
3299,"[1, 1, 0, 1, 0, 2, 0, 1, 0, 1, 0, 2, 0, 0, 0, 0, 0, 1, 0, 0, 2, 0, 0, 0, 0, 0, 0, 0, 0, 0, 0, 0, 1, 1, 2, 2, 0, 0, 2, 0, 0, 1, 1, 0, 2, 2, 0, 1, 0, 0, 0, 0, 0, 0, 0, 2, 0, 0, 0, 0, 0, 0, 0, 2, 2, 2, 3, 2, 0, 1, 1, 4, 2, 5, 1, 6, 2, 4, 2, 6, 692, 0, 0, 0, 0, 0, 0]",0,0.29497474739827767,-1,0
3300,"[1, 1, 0, 1, 0, 2, 0, 1, 0, 1, 0, 2, 0, 0, 0, 0, 0, 1, 0, 0, 2, 0, 0, 0, 0, 0, 0, 0, 0, 0, 0, 0, 1, 1, 2, 2, 0, 0, 2, 0, 0, 1, 1, 0, 2, 2, 0, 1, 0, 0, 0, 0, 0, 0, 0, 2, 0, 0, 0, 0, 0, 0, 0, 2, 2, 2, 3, 2, 0, 1, 1, 4, 2, 5, 1, 6, 2, 4, 2, 6, 692, 0, 0, 0, 0, 0, 0]",-1,-4.939149702656148e-05,-1,0
3301,"[1, 1, 0, 1, 0, 2, 0, 1, 0, 1, 0, 2, 0, 0, 0, 0, 0, 1, 0, 0, 2, 0, 0, 0, 0, 0, 0, 0, 0, 0, 0, 0, 1, 1, 2, 2, 0, 0, 2, 0, 0, 1, 1, 0, 2, 2, 0, 1, 0, 0, 0, 0, 0, 0, 0, 2, 0, 0, 0, 0, 0, 0, 0, 2, 2, 2, 3, 2, 0, 1, 1, 4, 2, 5, 1, 6, 2, 4, 2, 6, 692, 0, 1, 0, 0, 0, 0]",2,0.40000000056769436,-1,0
3302,"[1, 1, 0, 1, 0, 2, 0, 1, 0, 1, 0, 2, 0, 0, 0, 0, 0, 1, 0, 0, 2, 0, 0, 0, 0, 0, 0, 0, 0, 0, 0, 0, 1, 1, 2, 2, 0, 0, 2, 0, 0, 1, 1, 0, 2, 2, 0, 1, 0, 0, 0, 0, 0, 0, 0, 2, 0, 0, 0, 0, 0, 0, 0, 2, 2, 2, 3, 2, 0, 1, 1, 4, 2, 5, 1, 6, 2, 4, 2, 6, 692, 0, 0, 0, 0, 0, 0]",-1,-4.939149702656148e-05,-1,0
3303,"[1, 1, 0, 1, 0, 2, 0, 1, 0, 1, 0, 2, 0, 0, 0, 0, 0, 1, 0, 0, 2, 0, 0, 0, 0, 0, 0, 0, 0, 0, 0, 0, 1, 1, 2, 2, 0, 0, 2, 0, 0, 1, 1, 0, 2, 2, 0, 1, 0, 0, 0, 0, 0, 0, 0, 2, 0, 0, 0, 0, 0, 0, 0, 2, 2, 2, 3, 2, 0, 1, 1, 4, 2, 5, 1, 6, 2, 4, 2, 6, 692, 1, 0, 0, 0, 0, 0]",3,0.2000000005676944,-1,0
3304,"[1, 1, 0, 1, 0, 2, 0, 1, 0, 1, 0, 2, 0, 0, 0, 0, 0, 1, 0, 0, 2, 0, 0, 0, 0, 0, 0, 0, 0, 0, 0, 0, 1, 1, 2, 2, 0, 0, 2, 0, 0, 1, 1, 0, 2, 2, 0, 1, 0, 0, 0, 0, 0, 0, 0, 2, 0, 0, 0, 0, 0, 0, 0, 2, 2, 2, 3, 2, 0, 1, 1, 4, 2, 5, 1, 6, 2, 4, 2, 6, 692, 0, 0, 0, 0, 0, 0]",-1,-4.939149702656148e-05,-1,0
3305,"[1, 1, 0, 1, 0, 2, 0, 1, 0, 1, 0, 2, 0, 0, 0, 0, 0, 1, 0, 0, 2, 0, 0, 0, 0, 0, 0, 0, 0, 0, 0, 0, 1, 1, 2, 2, 0, 0, 2, 0, 0, 1, 1, 0, 2, 2, 0, 1, 0, 0, 0, 0, 0, 0, 0, 2, 0, 0, 0, 0, 0, 0, 0, 2, 2, 2, 3, 2, 0, 1, 1, 4, 2, 5, 1, 6, 2, 4, 2, 6, 692, 1, 0, 0, 0, 0, 0]",3,0.2000000005676944,-1,0
3306,"[1, 1, 0, 1, 0, 2, 0, 1, 0, 1, 0, 2, 0, 0, 0, 0, 0, 1, 0, 0, 2, 0, 0, 0, 0, 0, 0, 0, 0, 0, 0, 0, 1, 1, 2, 2, 0, 0, 2, 0, 0, 1, 1, 0, 2, 2, 0, 1, 0, 0, 0, 0, 0, 0, 0, 2, 0, 0, 0, 0, 0, 0, 0, 2, 2, 2, 3, 2, 0, 1, 1, 4, 2, 5, 1, 6, 2, 4, 2, 6, 692, 0, 0, 0, 0, 0, 0]",-1,-4.939149702656148e-05,-1,0
3307,"[1, 1, 0, 1, 0, 2, 0, 1, 0, 1, 0, 2, 0, 0, 0, 0, 0, 1, 0, 0, 2, 0, 0, 0, 0, 0, 0, 0, 0, 0, 0, 0, 1, 1, 2, 2, 0, 0, 2, 0, 0, 1, 1, 0, 2, 2, 0, 1, 0, 0, 0, 0, 0, 0, 0, 2, 0, 0, 0, 0, 0, 0, 0, 2, 2, 2, 3, 2, 0, 1, 1, 4, 2, 5, 1, 6, 2, 4, 2, 6, 692, 1, 0, 0, 0, 0, 0]",3,0.2000000005676944,-1,0
3308,"[1, 1, 0, 1, 0, 2, 0, 1, 0, 1, 0, 2, 0, 0, 0, 0, 0, 1, 0, 0, 2, 0, 0, 0, 0, 0, 0, 0, 0, 0, 0, 0, 1, 1, 2, 2, 0, 0, 2, 0, 0, 1, 1, 0, 2, 2, 0, 1, 0, 0, 0, 0, 0, 0, 0, 2, 0, 0, 0, 0, 0, 0, 0, 2, 2, 2, 3, 2, 0, 1, 1, 4, 2, 5, 1, 6, 2, 4, 2, 6, 692, 0, 0, 0, 0, 0, 0]",-1,-4.939149702656148e-05,-1,0
3309,"[1, 1, 0, 1, 0, 2, 0, 1, 0, 1, 0, 2, 0, 0, 0, 0, 0, 1, 0, 0, 2, 0, 0, 0, 0, 0, 0, 0, 0, 0, 0, 0, 1, 1, 2, 2, 0, 0, 2, 0, 0, 1, 1, 0, 2, 2, 0, 1, 0, 0, 0, 0, 0, 0, 0, 2, 0, 0, 0, 0, 0, 0, 0, 2, 2, 2, 3, 2, 0, 1, 1, 4, 2, 5, 1, 6, 2, 4, 2, 6, 692, 0, 0, 0, 0, 0, 0]",1,0.6096241156673111,-1,0
3310,"[1, 1, 0, 1, 0, 2, 0, 1, 0, 1, 0, 2, 0, 0, 0, 0, 0, 1, 0, 0, 2, 0, 0, 0, 0, 0, 0, 0, 0, 0, 0, 0, 1, 1, 2, 2, 0, 0, 2, 0, 0, 1, 1, 0, 2, 2, 0, 1, 0, 0, 0, 0, 0, 0, 0, 2, 0, 0, 0, 0, 0, 0, 0, 2, 2, 2, 3, 2, 0, 1, 1, 4, 2, 5, 1, 6, 2, 4, 2, 6, 692, 0, 0, 0, 0, 0, 0]",-1,-4.939149702656148e-05,-1,0
3311,"[1, 1, 0, 1, 0, 2, 0, 1, 0, 1, 0, 2, 0, 0, 0, 0, 0, 1, 0, 0, 2, 0, 0, 0, 0, 0, 0, 0, 0, 0, 0, 0, 1, 1, 2, 2, 0, 0, 2, 0, 0, 1, 1, 0, 2, 2, 0, 1, 0, 0, 0, 0, 0, 0, 0, 2, 0, 0, 0, 0, 0, 0, 0, 2, 2, 2, 3, 2, 0, 1, 1, 4, 2, 5, 1, 6, 2, 4, 2, 6, 692, 0, 0, 0, 0, 0, 0]",1,0.6096241156673111,-1,0
3312,"[1, 1, 0, 1, 0, 2, 0, 1, 0, 1, 0, 2, 0, 0, 0, 0, 0, 1, 0, 0, 2, 0, 0, 0, 0, 0, 0, 0, 0, 0, 0, 0, 1, 1, 2, 2, 0, 0, 2, 0, 0, 1, 1, 0, 2, 2, 0, 1, 0, 0, 0, 0, 0, 0, 0, 2, 0, 0, 0, 0, 0, 0, 0, 2, 2, 2, 3, 2, 0, 1, 1, 4, 2, 5, 1, 6, 2, 4, 2, 6, 692, 0, 0, 0, 0, 0, 0]",-1,-4.939149702656148e-05,-1,0
3313,"[1, 1, 0, 1, 0, 2, 0, 1, 0, 1, 0, 2, 0, 0, 0, 0, 0, 1, 0, 0, 2, 0, 0, 0, 0, 0, 0, 0, 0, 0, 0, 0, 1, 1, 2, 2, 0, 0, 2, 0, 0, 1, 1, 0, 2, 2, 0, 1, 0, 0, 0, 0, 0, 0, 0, 2, 0, 0, 0, 0, 0, 0, 0, 2, 2, 2, 3, 2, 0, 1, 1, 4, 2, 5, 1, 6, 2, 4, 2, 6, 692, 0, 1, 0, 0, 0, 0]",2,0.40000000056769436,-1,0
3314,"[1, 1, 0, 1, 0, 2, 0, 1, 0, 1, 0, 2, 0, 0, 0, 0, 0, 1, 0, 0, 2, 0, 0, 0, 0, 0, 0, 0, 0, 0, 0, 0, 1, 1, 2, 2, 0, 0, 2, 0, 0, 1, 1, 0, 2, 2, 0, 1, 0, 0, 0, 0, 0, 0, 0, 2, 0, 0, 0, 0, 0, 0, 0, 2, 2, 2, 3, 2, 0, 1, 1, 4, 2, 5, 1, 6, 2, 4, 2, 6, 692, 0, 0, 0, 0, 0, 0]",-1,-4.939149702656148e-05,-1,0
3315,"[1, 1, 0, 1, 0, 2, 0, 1, 0, 1, 0, 2, 0, 0, 0, 0, 0, 1, 0, 0, 2, 0, 0, 0, 0, 0, 0, 0, 0, 0, 0, 0, 1, 1, 2, 2, 0, 0, 2, 0, 0, 1, 1, 0, 2, 2, 0, 1, 0, 0, 0, 0, 0, 0, 0, 2, 0, 0, 0, 0, 0, 0, 0, 2, 2, 2, 3, 2, 0, 1, 1, 4, 2, 5, 1, 6, 2, 4, 2, 6, 692, 1, 0, 0, 0, 0, 0]",3,0.2000000005676944,-1,0
3316,"[1, 1, 0, 1, 0, 2, 0, 1, 0, 1, 0, 2, 0, 0, 0, 0, 0, 1, 0, 0, 2, 0, 0, 0, 0, 0, 0, 0, 0, 0, 0, 0, 1, 1, 2, 2, 0, 0, 2, 0, 0, 1, 1, 0, 2, 2, 0, 1, 0, 0, 0, 0, 0, 0, 0, 2, 0, 0, 0, 0, 0, 0, 0, 2, 2, 2, 3, 2, 0, 1, 1, 4, 2, 5, 1, 6, 2, 4, 2, 6, 692, 0, 0, 0, 0, 0, 0]",-1,-4.939149702656148e-05,-1,0
3317,"[1, 1, 0, 1, 0, 2, 0, 1, 0, 1, 0, 2, 0, 0, 0, 0, 0, 1, 0, 0, 2, 0, 0, 0, 0, 0, 0, 0, 0, 0, 0, 0, 1, 1, 2, 2, 0, 0, 2, 0, 0, 1, 1, 0, 2, 2, 0, 1, 0, 0, 0, 0, 0, 0, 0, 2, 0, 0, 0, 0, 0, 0, 0, 2, 2, 2, 3, 2, 0, 1, 1, 4, 2, 5, 1, 6, 2, 4, 2, 6, 692, 0, 0, 0, 0, 0, 0]",1,0.6096241156673111,-1,0
3318,"[1, 1, 0, 1, 0, 2, 0, 1, 0, 1, 0, 2, 0, 0, 0, 0, 0, 1, 0, 0, 2, 0, 0, 0, 0, 0, 0, 0, 0, 0, 0, 0, 1, 1, 2, 2, 0, 0, 2, 0, 0, 1, 1, 0, 2, 2, 0, 1, 0, 0, 0, 0, 0, 0, 0, 2, 0, 0, 0, 0, 0, 0, 0, 2, 2, 2, 3, 2, 0, 1, 1, 4, 2, 5, 1, 6, 2, 4, 2, 6, 692, 0, 0, 0, 0, 0, 0]",-1,-4.939149702656148e-05,-1,0
3319,"[1, 1, 0, 1, 0, 2, 0, 1, 0, 1, 0, 2, 0, 0, 0, 0, 0, 1, 0, 0, 2, 0, 0, 0, 0, 0, 0, 0, 0, 0, 0, 0, 1, 1, 2, 2, 0, 0, 2, 0, 0, 1, 1, 0, 2, 2, 0, 1, 0, 0, 0, 0, 0, 0, 0, 2, 0, 0, 0, 0, 0, 0, 0, 2, 2, 2, 3, 2, 0, 1, 1, 4, 2, 5, 1, 6, 2, 4, 2, 6, 692, 0, 1, 0, 0, 0, 0]",2,0.40000000056769436,-1,0
3320,"[1, 1, 0, 1, 0, 2, 0, 1, 0, 1, 0, 2, 0, 0, 0, 0, 0, 1, 0, 0, 2, 0, 0, 0, 0, 0, 0, 0, 0, 0, 0, 0, 1, 1, 2, 2, 0, 0, 2, 0, 0, 1, 1, 0, 2, 2, 0, 1, 0, 0, 0, 0, 0, 0, 0, 2, 0, 0, 0, 0, 0, 0, 0, 2, 2, 2, 3, 2, 0, 1, 1, 4, 2, 5, 1, 6, 2, 4, 2, 6, 692, 0, 0, 0, 0, 0, 0]",-1,-4.939149702656148e-05,-1,0
3321,"[1, 1, 0, 1, 0, 2, 0, 1, 0, 1, 0, 2, 0, 0, 0, 0, 0, 1, 0, 0, 2, 0, 0, 0, 0, 0, 0, 0, 0, 0, 0, 0, 1, 1, 2, 2, 0, 0, 2, 0, 0, 1, 1, 0, 2, 2, 0, 1, 0, 0, 0, 0, 0, 0, 0, 2, 0, 0, 0, 0, 0, 0, 0, 2, 2, 2, 3, 2, 0, 1, 1, 4, 2, 5, 1, 6, 2, 4, 2, 6, 692, 0, 1, 0, 0, 0, 0]",2,0.40000000056769436,-1,0
3322,"[1, 1, 0, 1, 0, 2, 0, 1, 0, 1, 0, 2, 0, 0, 0, 0, 0, 1, 0, 0, 2, 0, 0, 0, 0, 0, 0, 0, 0, 0, 0, 0, 1, 1, 2, 2, 0, 0, 2, 0, 0, 1, 1, 0, 2, 2, 0, 1, 0, 0, 0, 0, 0, 0, 0, 2, 0, 0, 0, 0, 0, 0, 0, 2, 2, 2, 3, 2, 0, 1, 1, 4, 2, 5, 1, 6, 2, 4, 2, 6, 692, 0, 0, 0, 0, 0, 0]",-1,-4.939149702656148e-05,-1,0
3323,"[1, 1, 0, 1, 0, 2, 0, 1, 0, 1, 0, 2, 0, 0, 0, 0, 0, 1, 0, 0, 2, 0, 0, 0, 0, 0, 0, 0, 0, 0, 0, 0, 1, 1, 2, 2, 0, 0, 2, 0, 0, 1, 1, 0, 2, 2, 0, 1, 0, 0, 0, 0, 0, 0, 0, 2, 0, 0, 0, 0, 0, 0, 0, 2, 2, 2, 3, 2, 0, 1, 1, 4, 2, 5, 1, 6, 2, 4, 2, 6, 692, 0, 0, 0, 0, 0, 0]",1,0.6096241156673111,-1,0
3324,"[1, 1, 0, 1, 0, 2, 0, 1, 0, 1, 0, 2, 0, 0, 0, 0, 0, 1, 0, 0, 2, 0, 0, 0, 0, 0, 0, 0, 0, 0, 0, 0, 1, 1, 2, 2, 0, 0, 2, 0, 0, 1, 1, 0, 2, 2, 0, 1, 0, 0, 0, 0, 0, 0, 0, 2, 0, 0, 0, 0, 0, 0, 0, 2, 2, 2, 3, 2, 0, 1, 1, 4, 2, 5, 1, 6, 2, 4, 2, 6, 692, 0, 0, 0, 0, 0, 0]",-1,-4.939149702656148e-05,-1,0
3325,"[1, 1, 0, 1, 0, 2, 0, 1, 0, 1, 0, 2, 0, 0, 0, 0, 0, 1, 0, 0, 2, 0, 0, 0, 0, 0, 0, 0, 0, 0, 0, 0, 1, 1, 2, 2, 0, 0, 2, 0, 0, 1, 1, 0, 2, 2, 0, 1, 0, 0, 0, 0, 0, 0, 0, 2, 0, 0, 0, 0, 0, 0, 0, 2, 2, 2, 3, 2, 0, 1, 1, 4, 2, 5, 1, 6, 2, 4, 2, 6, 693, 0, 0, 0, 0, 0, 0]",4,13.133492067549613,-1,0
3326,"[1, 1, 0, 2, 0, 2, 0, 2, 0, 1, 0, 2, 0, 0, 0, 0, 0, 1, 0, 0, 2, 0, 0, 0, 0, 0, 0, 0, 0, 0, 0, 0, 1, 1, 2, 2, 0, 0, 2, 0, 0, 1, 1, 0, 2, 2, 0, 1, 0, 0, 0, 0, 0, 0, 0, 2, 0, 0, 0, 0, 0, 0, 0, 2, 2, 2, 3, 2, 0, 1, 1, 4, 2, 5, 1, 6, 2, 4, 2, 6, 694, 0, 0, 0, 0, 0, 0]",4,14.016160469552066,-1,1
3327,"[1, 1, 0, 2, 0, 2, 0, 2, 0, 1, 0, 2, 0, 0, 0, 0, 0, 1, 0, 0, 2, 0, 0, 0, 0, 0, 0, 0, 0, 0, 0, 0, 1, 1, 2, 2, 0, 0, 2, 0, 0, 1, 1, 0, 2, 2, 0, 1, 0, 0, 0, 0, 0, 0, 0, 2, 0, 0, 0, 0, 0, 0, 0, 2, 2, 2, 3, 2, 0, 1, 1, 4, 2, 5, 1, 6, 2, 4, 2, 6, 694, 0, 0, 0, 0, 0, 0]",1,0.6096241156236647,-1,0
3328,"[1, 1, 0, 2, 0, 2, 0, 2, 0, 1, 0, 2, 0, 0, 0, 0, 0, 1, 0, 0, 2, 0, 0, 0, 0, 0, 0, 0, 0, 0, 0, 0, 1, 1, 2, 2, 0, 0, 2, 0, 0, 1, 1, 0, 2, 2, 0, 1, 0, 0, 0, 0, 0, 0, 0, 2, 0, 0, 0, 0, 0, 0, 0, 2, 2, 2, 3, 2, 0, 1, 1, 4, 2, 5, 1, 6, 2, 4, 2, 6, 694, 0, 0, 0, 0, 0, 0]",-1,-4.841347985807009e-05,-1,0
3329,"[1, 1, 0, 2, 0, 2, 0, 2, 0, 1, 0, 2, 0, 0, 0, 0, 0, 1, 0, 0, 2, 0, 0, 0, 0, 0, 0, 0, 0, 0, 0, 0, 1, 1, 2, 2, 0, 0, 2, 0, 0, 1, 1, 0, 2, 2, 0, 1, 0, 0, 0, 0, 0, 0, 0, 2, 0, 0, 0, 0, 0, 0, 0, 2, 2, 2, 3, 2, 0, 1, 1, 4, 2, 5, 1, 6, 2, 4, 2, 6, 694, 0, 1, 0, 0, 0, 0]",2,0.40000000052404794,-1,0
3330,"[1, 1, 0, 2, 0, 2, 0, 2, 0, 1, 0, 2, 0, 0, 0, 0, 0, 1, 0, 0, 2, 0, 0, 0, 0, 0, 0, 0, 0, 0, 0, 0, 1, 1, 2, 2, 0, 0, 2, 0, 0, 1, 1, 0, 2, 2, 0, 1, 0, 0, 0, 0, 0, 0, 0, 2, 0, 0, 0, 0, 0, 0, 0, 2, 2, 2, 3, 2, 0, 1, 1, 4, 2, 5, 1, 6, 2, 4, 2, 6, 694, 0, 0, 0, 0, 0, 0]",-1,-4.841347985807009e-05,-1,0
3331,"[1, 1, 0, 2, 0, 2, 0, 2, 0, 1, 0, 2, 0, 0, 0, 0, 0, 1, 0, 0, 2, 0, 0, 0, 0, 0, 0, 0, 0, 0, 0, 0, 1, 1, 2, 2, 0, 0, 2, 0, 0, 1, 1, 0, 2, 2, 0, 1, 0, 0, 0, 0, 0, 0, 0, 2, 0, 0, 0, 0, 0, 0, 0, 2, 2, 2, 3, 2, 0, 1, 1, 4, 2, 5, 1, 6, 2, 4, 2, 6, 694, 0, 1, 0, 0, 0, 0]",2,0.40000000052404794,-1,0
3332,"[1, 1, 0, 2, 0, 2, 0, 2, 0, 1, 0, 2, 0, 0, 0, 0, 0, 1, 0, 0, 2, 0, 0, 0, 0, 0, 0, 0, 0, 0, 0, 0, 1, 1, 2, 2, 0, 0, 2, 0, 0, 1, 1, 0, 2, 2, 0, 1, 0, 0, 0, 0, 0, 0, 0, 2, 0, 0, 0, 0, 0, 0, 0, 2, 2, 2, 3, 2, 0, 1, 1, 4, 2, 5, 1, 6, 2, 4, 2, 6, 694, 0, 0, 0, 0, 0, 0]",-1,-4.841347985807009e-05,-1,0
3333,"[1, 1, 0, 2, 0, 2, 0, 2, 0, 1, 0, 2, 0, 0, 0, 0, 0, 1, 0, 0, 2, 0, 0, 0, 0, 0, 0, 0, 0, 0, 0, 0, 1, 1, 2, 2, 0, 0, 2, 0, 0, 1, 1, 0, 2, 2, 0, 1, 0, 0, 0, 0, 0, 0, 0, 2, 0, 0, 0, 0, 0, 0, 0, 2, 2, 2, 3, 2, 0, 1, 1, 4, 2, 5, 1, 6, 2, 4, 2, 6, 694, 1, 0, 0, 0, 0, 0]",3,0.20000000052404798,-1,0
3334,"[1, 1, 0, 2, 0, 2, 0, 2, 0, 1, 0, 2, 0, 0, 0, 0, 0, 1, 0, 0, 2, 0, 0, 0, 0, 0, 0, 0, 0, 0, 0, 0, 1, 1, 2, 2, 0, 0, 2, 0, 0, 1, 1, 0, 2, 2, 0, 1, 0, 0, 0, 0, 0, 0, 0, 2, 0, 0, 0, 0, 0, 0, 0, 2, 2, 2, 3, 2, 0, 1, 1, 4, 2, 5, 1, 6, 2, 4, 2, 6, 694, 0, 0, 0, 0, 0, 0]",-1,-4.841347985807009e-05,-1,0
3335,"[1, 1, 0, 2, 0, 2, 0, 2, 0, 1, 0, 2, 0, 0, 0, 0, 0, 1, 0, 0, 2, 0, 0, 0, 0, 0, 0, 0, 0, 0, 0, 0, 1, 1, 2, 2, 0, 0, 2, 0, 0, 1, 1, 0, 2, 2, 0, 1, 0, 0, 0, 0, 0, 0, 0, 2, 0, 0, 0, 0, 0, 0, 0, 2, 2, 2, 3, 2, 0, 1, 1, 4, 2, 5, 1, 6, 2, 4, 2, 6, 694, 0, 1, 0, 0, 0, 0]",2,0.40000000052404794,-1,0
3336,"[1, 1, 0, 2, 0, 2, 0, 2, 0, 1, 0, 2, 0, 0, 0, 0, 0, 1, 0, 0, 2, 0, 0, 0, 0, 0, 0, 0, 0, 0, 0, 0, 1, 1, 2, 2, 0, 0, 2, 0, 0, 1, 1, 0, 2, 2, 0, 1, 0, 0, 0, 0, 0, 0, 0, 2, 0, 0, 0, 0, 0, 0, 0, 2, 2, 2, 3, 2, 0, 1, 1, 4, 2, 5, 1, 6, 2, 4, 2, 6, 694, 0, 0, 0, 0, 0, 0]",-1,-4.841347985807009e-05,-1,0
3337,"[1, 1, 0, 2, 0, 2, 0, 2, 0, 1, 0, 2, 0, 0, 0, 0, 0, 1, 0, 0, 2, 0, 0, 0, 0, 0, 0, 0, 0, 0, 0, 0, 1, 1, 2, 2, 0, 0, 2, 0, 0, 1, 1, 0, 2, 2, 0, 1, 0, 0, 0, 0, 0, 0, 0, 2, 0, 0, 0, 0, 0, 0, 0, 2, 2, 2, 3, 2, 0, 1, 1, 4, 2, 5, 1, 6, 2, 4, 2, 6, 694, 0, 1, 0, 0, 0, 0]",2,0.40000000052404794,-1,0
3338,"[1, 1, 0, 2, 0, 2, 0, 2, 0, 1, 0, 2, 0, 0, 0, 0, 0, 1, 0, 0, 2, 0, 0, 0, 0, 0, 0, 0, 0, 0, 0, 0, 1, 1, 2, 2, 0, 0, 2, 0, 0, 1, 1, 0, 2, 2, 0, 1, 0, 0, 0, 0, 0, 0, 0, 2, 0, 0, 0, 0, 0, 0, 0, 2, 2, 2, 3, 2, 0, 1, 1, 4, 2, 5, 1, 6, 2, 4, 2, 6, 694, 0, 0, 0, 0, 0, 0]",-1,-4.841347985807009e-05,-1,0
3339,"[1, 1, 0, 2, 0, 2, 0, 2, 0, 1, 0, 2, 0, 0, 0, 0, 0, 1, 0, 0, 2, 0, 0, 0, 0, 0, 0, 0, 0, 0, 0, 0, 1, 1, 2, 2, 0, 0, 2, 0, 0, 1, 1, 0, 2, 2, 0, 1, 0, 0, 0, 0, 0, 0, 0, 2, 0, 0, 0, 0, 0, 0, 0, 2, 2, 2, 3, 2, 0, 1, 1, 4, 2, 5, 1, 6, 2, 4, 2, 6, 694, 1, 0, 0, 0, 0, 0]",3,0.20000000052404798,-1,0
3340,"[1, 1, 0, 2, 0, 2, 0, 2, 0, 1, 0, 2, 0, 0, 0, 0, 0, 1, 0, 0, 2, 0, 0, 0, 0, 0, 0, 0, 0, 0, 0, 0, 1, 1, 2, 2, 0, 0, 2, 0, 0, 1, 1, 0, 2, 2, 0, 1, 0, 0, 0, 0, 0, 0, 0, 2, 0, 0, 0, 0, 0, 0, 0, 2, 2, 2, 3, 2, 0, 1, 1, 4, 2, 5, 1, 6, 2, 4, 2, 6, 694, 0, 0, 0, 0, 0, 0]",-1,-4.841347985807009e-05,-1,0
3341,"[1, 1, 0, 2, 0, 2, 0, 2, 0, 1, 0, 2, 0, 0, 0, 0, 0, 1, 0, 0, 2, 0, 0, 0, 0, 0, 0, 0, 0, 0, 0, 0, 1, 1, 2, 2, 0, 0, 2, 0, 0, 1, 1, 0, 2, 2, 0, 1, 0, 0, 0, 0, 0, 0, 0, 2, 0, 0, 0, 0, 0, 0, 0, 2, 2, 2, 3, 2, 0, 1, 1, 4, 2, 5, 1, 6, 2, 4, 2, 6, 694, 0, 0, 0, 0, 0, 0]",1,0.6096241156236647,-1,0
3342,"[1, 1, 0, 2, 0, 2, 0, 2, 0, 1, 0, 2, 0, 0, 0, 0, 0, 1, 0, 0, 2, 0, 0, 0, 0, 0, 0, 0, 0, 0, 0, 0, 1, 1, 2, 2, 0, 0, 2, 0, 0, 1, 1, 0, 2, 2, 0, 1, 0, 0, 0, 0, 0, 0, 0, 2, 0, 0, 0, 0, 0, 0, 0, 2, 2, 2, 3, 2, 0, 1, 1, 4, 2, 5, 1, 6, 2, 4, 2, 6, 694, 0, 0, 0, 0, 0, 0]",-1,-4.841347985807009e-05,-1,0
3343,"[1, 1, 0, 2, 0, 2, 0, 2, 0, 1, 0, 2, 0, 0, 0, 0, 0, 1, 0, 0, 2, 0, 0, 0, 0, 0, 0, 0, 0, 0, 0, 0, 1, 1, 2, 2, 0, 0, 2, 0, 0, 1, 1, 0, 2, 2, 0, 1, 0, 0, 0, 0, 0, 0, 0, 2, 0, 0, 0, 0, 0, 0, 0, 2, 2, 2, 3, 2, 0, 1, 1, 4, 2, 5, 1, 6, 2, 4, 2, 6, 694, 0, 0, 0, 0, 0, 0]",1,0.6096241156236647,-1,0
3344,"[1, 1, 0, 2, 0, 2, 0, 2, 0, 1, 0, 2, 0, 0, 0, 0, 0, 1, 0, 0, 2, 0, 0, 0, 0, 0, 0, 0, 0, 0, 0, 0, 1, 1, 2, 2, 0, 0, 2, 0, 0, 1, 1, 0, 2, 2, 0, 1, 0, 0, 0, 0, 0, 0, 0, 2, 0, 0, 0, 0, 0, 0, 0, 2, 2, 2, 3, 2, 0, 1, 1, 4, 2, 5, 1, 6, 2, 4, 2, 6, 694, 0, 0, 0, 0, 0, 0]",-1,-4.841347985807009e-05,-1,0
3345,"[1, 1, 0, 2, 0, 2, 0, 2, 0, 1, 0, 2, 0, 0, 0, 0, 0, 1, 0, 0, 2, 0, 0, 0, 0, 0, 0, 0, 0, 0, 0, 0, 1, 1, 2, 2, 0, 0, 2, 0, 0, 1, 1, 0, 2, 2, 0, 1, 0, 0, 0, 0, 0, 0, 0, 2, 0, 0, 0, 0, 0, 0, 0, 2, 2, 2, 3, 2, 0, 1, 1, 4, 2, 5, 1, 6, 2, 4, 2, 6, 694, 0, 0, 0, 0, 0, 0]",1,0.6096241156236647,-1,0
3346,"[1, 1, 0, 2, 0, 2, 0, 2, 0, 1, 0, 2, 0, 0, 0, 0, 0, 1, 0, 0, 2, 0, 0, 0, 0, 0, 0, 0, 0, 0, 0, 0, 1, 1, 2, 2, 0, 0, 2, 0, 0, 1, 1, 0, 2, 2, 0, 1, 0, 0, 0, 0, 0, 0, 0, 2, 0, 0, 0, 0, 0, 0, 0, 2, 2, 2, 3, 2, 0, 1, 1, 4, 2, 5, 1, 6, 2, 4, 2, 6, 694, 0, 0, 0, 0, 0, 0]",-1,-4.841347985807009e-05,-1,0
3347,"[1, 1, 0, 2, 0, 2, 0, 2, 0, 1, 0, 2, 0, 0, 0, 0, 0, 1, 0, 0, 2, 0, 0, 0, 0, 0, 0, 0, 0, 0, 0, 0, 1, 1, 2, 2, 0, 0, 2, 0, 0, 1, 1, 0, 2, 2, 0, 1, 0, 0, 0, 0, 0, 0, 0, 2, 0, 0, 0, 0, 0, 0, 0, 2, 2, 2, 3, 2, 0, 1, 1, 4, 2, 5, 1, 6, 2, 4, 2, 6, 694, 0, 0, 0, 0, 0, 0]",1,0.6096241156236647,-1,0
3348,"[1, 1, 0, 2, 0, 2, 0, 2, 0, 1, 0, 2, 0, 0, 0, 0, 0, 1, 0, 0, 2, 0, 0, 0, 0, 0, 0, 0, 0, 0, 0, 0, 1, 1, 2, 2, 0, 0, 2, 0, 0, 1, 1, 0, 2, 2, 0, 1, 0, 0, 0, 0, 0, 0, 0, 2, 0, 0, 0, 0, 0, 0, 0, 2, 2, 2, 3, 2, 0, 1, 1, 4, 2, 5, 1, 6, 2, 4, 2, 6, 694, 0, 0, 0, 0, 0, 0]",-1,-4.841347985807009e-05,-1,0
3349,"[1, 1, 0, 2, 0, 2, 0, 2, 0, 1, 0, 2, 0, 0, 0, 0, 0, 1, 0, 0, 2, 0, 0, 0, 0, 0, 0, 0, 0, 0, 0, 0, 1, 1, 2, 2, 0, 0, 2, 0, 0, 1, 1, 0, 2, 2, 0, 1, 0, 0, 0, 0, 0, 0, 0, 2, 0, 0, 0, 0, 0, 0, 0, 2, 2, 2, 3, 2, 0, 1, 1, 4, 2, 5, 1, 6, 2, 4, 2, 6, 694, 0, 0, 0, 0, 0, 0]",1,0.6096241156236647,-1,0
3350,"[1, 1, 0, 2, 0, 2, 0, 2, 0, 1, 0, 2, 0, 0, 0, 0, 0, 1, 0, 0, 2, 0, 0, 0, 0, 0, 0, 0, 0, 0, 0, 0, 1, 1, 2, 2, 0, 0, 2, 0, 0, 1, 1, 0, 2, 2, 0, 1, 0, 0, 0, 0, 0, 0, 0, 2, 0, 0, 0, 0, 0, 0, 0, 2, 2, 2, 3, 2, 0, 1, 1, 4, 2, 5, 1, 6, 2, 4, 2, 6, 694, 0, 0, 0, 0, 0, 0]",-1,-4.841347985807009e-05,-1,0
3351,"[1, 1, 0, 2, 0, 2, 0, 2, 0, 1, 0, 2, 0, 0, 0, 0, 0, 1, 0, 0, 2, 0, 0, 0, 0, 0, 0, 0, 0, 0, 0, 0, 1, 1, 2, 2, 0, 0, 2, 0, 0, 1, 1, 0, 2, 2, 0, 1, 0, 0, 0, 0, 0, 0, 0, 2, 0, 0, 0, 0, 0, 0, 0, 2, 2, 2, 3, 2, 0, 1, 1, 4, 2, 5, 1, 6, 2, 4, 2, 6, 694, 1, 0, 0, 0, 0, 0]",3,0.20000000052404798,-1,0
3352,"[1, 1, 0, 2, 0, 2, 0, 2, 0, 1, 0, 2, 0, 0, 0, 0, 0, 1, 0, 0, 2, 0, 0, 0, 0, 0, 0, 0, 0, 0, 0, 0, 1, 1, 2, 2, 0, 0, 2, 0, 0, 1, 1, 0, 2, 2, 0, 1, 0, 0, 0, 0, 0, 0, 0, 2, 0, 0, 0, 0, 0, 0, 0, 2, 2, 2, 3, 2, 0, 1, 1, 4, 2, 5, 1, 6, 2, 4, 2, 6, 694, 0, 0, 0, 0, 0, 0]",-1,-4.841347985807009e-05,-1,0
3353,"[1, 1, 0, 2, 0, 2, 0, 2, 0, 1, 0, 2, 0, 0, 0, 0, 0, 1, 0, 0, 2, 0, 0, 0, 0, 0, 0, 0, 0, 0, 0, 0, 1, 1, 2, 2, 0, 0, 2, 0, 0, 1, 1, 0, 2, 2, 0, 1, 0, 0, 0, 0, 0, 0, 0, 2, 0, 0, 0, 0, 0, 0, 0, 2, 2, 2, 3, 2, 0, 1, 1, 4, 2, 5, 1, 6, 2, 4, 2, 6, 694, 0, 1, 0, 0, 0, 0]",2,0.40000000052404794,-1,0
3354,"[1, 1, 0, 2, 0, 2, 0, 2, 0, 1, 0, 2, 0, 0, 0, 0, 0, 1, 0, 0, 2, 0, 0, 0, 0, 0, 0, 0, 0, 0, 0, 0, 1, 1, 2, 2, 0, 0, 2, 0, 0, 1, 1, 0, 2, 2, 0, 1, 0, 0, 0, 0, 0, 0, 0, 2, 0, 0, 0, 0, 0, 0, 0, 2, 2, 2, 3, 2, 0, 1, 1, 4, 2, 5, 1, 6, 2, 4, 2, 6, 694, 0, 0, 0, 0, 0, 0]",-1,-4.841347985807009e-05,-1,0
3355,"[1, 1, 0, 2, 0, 2, 0, 2, 0, 1, 0, 2, 0, 0, 0, 0, 0, 1, 0, 0, 2, 0, 0, 0, 0, 0, 0, 0, 0, 0, 0, 0, 1, 1, 2, 2, 0, 0, 2, 0, 0, 1, 1, 0, 2, 2, 0, 1, 0, 0, 0, 0, 0, 0, 0, 2, 0, 0, 0, 0, 0, 0, 0, 2, 2, 2, 3, 2, 0, 1, 1, 4, 2, 5, 1, 6, 2, 4, 2, 6, 694, 0, 1, 0, 0, 0, 0]",2,0.40000000052404794,-1,0
3356,"[1, 1, 0, 2, 0, 2, 0, 2, 0, 1, 0, 2, 0, 0, 0, 0, 0, 1, 0, 0, 2, 0, 0, 0, 0, 0, 0, 0, 0, 0, 0, 0, 1, 1, 2, 2, 0, 0, 2, 0, 0, 1, 1, 0, 2, 2, 0, 1, 0, 0, 0, 0, 0, 0, 0, 2, 0, 0, 0, 0, 0, 0, 0, 2, 2, 2, 3, 2, 0, 1, 1, 4, 2, 5, 1, 6, 2, 4, 2, 6, 694, 0, 0, 0, 0, 0, 0]",-1,-4.841347985807009e-05,-1,0
3357,"[1, 1, 0, 1, 0, 1, 0, 1, 0, 1, 0, 2, 0, 0, 0, 0, 0, 1, 0, 0, 2, 0, 0, 0, 0, 0, 0, 0, 0, 0, 0, 0, 1, 1, 2, 2, 0, 0, 2, 0, 0, 1, 1, 0, 2, 2, 0, 1, 0, 0, 0, 0, 0, 0, 0, 2, 0, 0, 0, 0, 0, 0, 0, 2, 2, 2, 3, 2, 0, 1, 1, 4, 2, 5, 1, 6, 2, 4, 2, 5, 695, 0, 0, 0, 0, 0, 0]",4,13.133490111473341,-1,0
3358,"[1, 1, 0, 1, 0, 1, 0, 1, 0, 1, 0, 2, 0, 0, 0, 0, 0, 1, 0, 0, 2, 0, 0, 0, 0, 0, 0, 0, 0, 0, 0, 0, 1, 1, 2, 2, 0, 0, 2, 0, 0, 1, 1, 0, 2, 2, 0, 1, 0, 0, 0, 0, 0, 0, 0, 2, 0, 0, 0, 0, 0, 0, 0, 2, 2, 2, 3, 2, 0, 1, 1, 4, 2, 5, 1, 6, 2, 4, 2, 5, 695, 0, 1, 0, 0, 0, 0]",2,0.4000000005034997,-1,1
3359,"[1, 1, 0, 1, 0, 1, 0, 1, 0, 1, 0, 2, 0, 0, 0, 0, 0, 1, 0, 0, 2, 0, 0, 0, 0, 0, 0, 0, 0, 0, 0, 0, 1, 1, 2, 2, 0, 0, 2, 0, 0, 1, 1, 0, 2, 2, 0, 1, 0, 0, 0, 0, 0, 0, 0, 2, 0, 0, 0, 0, 0, 0, 0, 2, 2, 2, 3, 2, 0, 1, 1, 4, 2, 5, 1, 6, 2, 4, 2, 5, 695, 0, 1, 0, 0, 1, 0]","[[0 1 0 0]
 [1 0 0 0]]",0.6504248655615906,-1,1
3360,"[0, 2, 0, 1, 1, 0, 0, 1, 0, 1, 0, 2, 0, 0, 0, 0, 0, 1, 0, 0, 2, 0, 0, 0, 0, 0, 0, 0, 0, 0, 0, 0, 1, 1, 2, 2, 0, 0, 2, 0, 0, 1, 1, 0, 2, 2, 0, 1, 0, 0, 0, 0, 0, 0, 0, 2, 0, 0, 0, 0, 0, 0, 0, 2, 2, 2, 3, 2, 0, 1, 1, 4, 2, 5, 1, 6, 2, 4, 2, 5, 695, 0, 0, 0, 0, 0, 0]",0,-0.19999999949650027,-1,0
3361,"[0, 2, 0, 2, 1, 0, 0, 2, 0, 1, 0, 2, 0, 0, 0, 0, 0, 1, 0, 0, 2, 0, 0, 0, 0, 0, 0, 0, 0, 0, 0, 0, 1, 1, 2, 2, 0, 0, 2, 0, 0, 1, 1, 0, 2, 2, 0, 1, 0, 0, 0, 0, 0, 0, 0, 2, 0, 0, 0, 0, 0, 0, 0, 2, 2, 2, 3, 2, 0, 1, 1, 4, 2, 5, 1, 6, 2, 4, 2, 5, 696, 0, 0, 0, 0, 0, 0]",4,14.055764505819111,-1,1
3362,"[0, 2, 0, 2, 1, 0, 0, 2, 0, 1, 0, 2, 0, 0, 0, 0, 0, 1, 0, 0, 2, 0, 0, 0, 0, 0, 0, 0, 0, 0, 0, 0, 1, 1, 2, 2, 0, 0, 2, 0, 0, 1, 1, 0, 2, 2, 0, 1, 0, 0, 0, 0, 0, 0, 0, 2, 0, 0, 0, 0, 0, 0, 0, 2, 2, 2, 3, 2, 0, 1, 1, 4, 2, 5, 1, 6, 2, 4, 2, 5, 696, 0, 0, 0, 0, 0, 0]",1,0.6096241155833739,-1,0
3363,"[0, 2, 0, 2, 1, 0, 0, 2, 0, 1, 0, 2, 0, 0, 0, 0, 0, 1, 0, 0, 2, 0, 0, 0, 0, 0, 0, 0, 0, 0, 0, 0, 1, 1, 2, 2, 0, 0, 2, 0, 0, 1, 1, 0, 2, 2, 0, 1, 0, 0, 0, 0, 0, 0, 0, 2, 0, 0, 0, 0, 0, 0, 0, 2, 2, 2, 3, 2, 0, 1, 1, 4, 2, 5, 1, 6, 2, 4, 2, 5, 696, 0, 0, 0, 0, 0, 0]",-1,-4.745482872704364e-05,-1,0
3364,"[0, 1, 0, 1, 1, 0, 0, 1, 0, 1, 0, 2, 0, 0, 0, 0, 0, 1, 0, 0, 2, 0, 0, 0, 0, 0, 0, 0, 0, 0, 0, 0, 1, 1, 2, 2, 0, 0, 2, 0, 0, 1, 1, 0, 2, 2, 0, 1, 0, 0, 0, 0, 0, 0, 0, 2, 0, 0, 0, 0, 0, 0, 0, 2, 2, 2, 3, 2, 0, 1, 1, 4, 2, 5, 1, 6, 2, 4, 2, 3, 697, 0, 0, 0, 0, 0, 0]",4,14.259558081416019,-1,1
3365,"[0, 1, 0, 1, 1, 0, 0, 1, 0, 1, 0, 2, 0, 0, 0, 0, 0, 1, 0, 0, 2, 0, 0, 0, 0, 0, 0, 0, 0, 0, 0, 0, 1, 1, 2, 2, 0, 0, 2, 0, 0, 1, 1, 0, 2, 2, 0, 1, 0, 0, 0, 0, 0, 0, 0, 2, 0, 0, 0, 0, 0, 0, 0, 2, 2, 2, 3, 2, 0, 1, 1, 4, 2, 5, 1, 6, 2, 4, 2, 3, 697, 0, 1, 0, 0, 0, 0]",2,0.4000000004647888,-1,0
3366,"[0, 1, 0, 1, 1, 0, 0, 1, 0, 1, 0, 2, 0, 0, 0, 0, 0, 1, 0, 0, 2, 0, 0, 0, 0, 0, 0, 0, 0, 0, 0, 0, 1, 1, 2, 2, 0, 0, 2, 0, 0, 1, 1, 0, 2, 2, 0, 1, 0, 0, 0, 0, 0, 0, 0, 2, 0, 0, 0, 0, 0, 0, 0, 2, 2, 2, 3, 2, 0, 1, 1, 4, 2, 5, 1, 6, 2, 4, 2, 3, 697, 0, 1, 0, 0, 1, 0]","[[0 1 0 0]
 [1 0 0 0]]",0.6504248655228797,-1,0
3367,"[1, 0, 0, 1, 0, 1, 0, 1, 0, 1, 0, 2, 0, 0, 0, 0, 0, 1, 0, 0, 2, 0, 0, 0, 0, 0, 0, 0, 0, 0, 0, 0, 1, 1, 2, 2, 0, 0, 2, 0, 0, 1, 1, 0, 2, 2, 0, 1, 0, 0, 0, 0, 0, 0, 0, 2, 0, 0, 0, 0, 0, 0, 0, 2, 2, 2, 3, 2, 0, 1, 1, 4, 2, 5, 1, 6, 2, 4, 2, 3, 697, 0, 0, 0, 0, 0, 0]",0,-0.1999999995352112,-1,1
3368,"[1, 0, 0, 1, 0, 1, 0, 1, 0, 1, 0, 2, 0, 0, 0, 0, 0, 1, 0, 0, 2, 0, 0, 0, 0, 0, 0, 0, 0, 0, 0, 0, 1, 1, 2, 2, 0, 0, 2, 0, 0, 1, 1, 0, 2, 2, 0, 1, 0, 0, 0, 0, 0, 0, 0, 2, 0, 0, 0, 0, 0, 0, 0, 2, 2, 2, 3, 2, 0, 1, 1, 4, 2, 5, 1, 6, 2, 4, 2, 3, 697, 0, 1, 0, 0, 0, 0]",2,0.4000000004647888,-1,0
3369,"[1, 0, 0, 1, 0, 1, 0, 1, 0, 1, 0, 2, 0, 0, 0, 0, 0, 1, 0, 0, 2, 0, 0, 0, 0, 0, 0, 0, 0, 0, 0, 0, 1, 1, 2, 2, 0, 0, 2, 0, 0, 1, 1, 0, 2, 2, 0, 1, 0, 0, 0, 0, 0, 0, 0, 2, 0, 0, 0, 0, 0, 0, 0, 2, 2, 2, 3, 2, 0, 1, 1, 4, 2, 5, 1, 6, 2, 4, 2, 3, 697, 0, 1, 0, 0, 1, 0]","[[1 0 0 0]
 [0 1 0 0]]",0.6504248655228797,-1,0
3370,"[1, 0, 0, 1, 0, 1, 0, 1, 0, 1, 0, 2, 0, 0, 0, 0, 0, 1, 0, 0, 2, 0, 0, 0, 0, 0, 0, 0, 0, 0, 0, 0, 1, 1, 2, 2, 0, 0, 2, 0, 0, 1, 1, 0, 2, 2, 0, 1, 0, 0, 0, 0, 0, 0, 0, 2, 0, 0, 0, 0, 0, 0, 0, 2, 2, 2, 3, 2, 0, 1, 1, 4, 2, 5, 1, 6, 2, 4, 2, 3, 697, 0, 0, 0, 0, 0, 0]",1,-18.441436346489912,-1,1
3371,"[1, 0, 0, 1, 0, 1, 0, 1, 0, 1, 0, 2, 0, 0, 0, 0, 0, 1, 0, 0, 2, 0, 0, 0, 0, 0, 0, 0, 0, 0, 0, 0, 1, 1, 2, 2, 0, 0, 2, 0, 0, 1, 1, 0, 2, 2, 0, 1, 0, 0, 0, 0, 0, 0, 0, 2, 0, 0, 0, 0, 0, 0, 0, 2, 2, 2, 3, 2, 0, 1, 1, 4, 2, 5, 1, 6, 2, 4, 2, 3, 697, 0, 1, 0, 0, 0, 0]",2,0.4000000004647888,-1,0
3372,"[1, 0, 0, 1, 0, 1, 0, 1, 0, 1, 0, 2, 0, 0, 0, 0, 0, 1, 0, 0, 2, 0, 0, 0, 0, 0, 0, 0, 0, 0, 0, 0, 1, 1, 2, 2, 0, 0, 2, 0, 0, 1, 1, 0, 2, 2, 0, 1, 0, 0, 0, 0, 0, 0, 0, 2, 0, 0, 0, 0, 0, 0, 0, 2, 2, 2, 3, 2, 0, 1, 1, 4, 2, 5, 1, 6, 2, 4, 2, 3, 697, 0, 1, 0, 0, 1, 0]","[[1 0 0 0]
 [0 1 0 0]]",0.6504248655228797,-1,0
3373,"[1, 0, 0, 1, 0, 1, 0, 1, 0, 1, 0, 2, 0, 0, 0, 0, 0, 1, 0, 0, 2, 0, 0, 0, 0, 0, 0, 0, 0, 0, 0, 0, 1, 1, 2, 2, 0, 0, 2, 0, 0, 1, 1, 0, 2, 2, 0, 1, 0, 0, 0, 0, 0, 0, 0, 2, 0, 0, 0, 0, 0, 0, 0, 2, 2, 2, 3, 2, 0, 1, 1, 4, 2, 5, 1, 6, 2, 4, 2, 3, 697, 0, 0, 0, 0, 0, 0]",1,-18.441436346489912,-1,1
3374,"[1, 0, 0, 1, 0, 1, 0, 1, 0, 1, 0, 2, 0, 0, 0, 0, 0, 1, 0, 0, 2, 0, 0, 0, 0, 0, 0, 0, 0, 0, 0, 0, 1, 1, 2, 2, 0, 0, 2, 0, 0, 1, 1, 0, 2, 2, 0, 1, 0, 0, 0, 0, 0, 0, 0, 2, 0, 0, 0, 0, 0, 0, 0, 2, 2, 2, 3, 2, 0, 1, 1, 4, 2, 5, 1, 6, 2, 4, 2, 3, 697, 0, 1, 0, 0, 0, 0]",2,0.4000000004647888,-1,0
3375,"[1, 0, 0, 1, 0, 1, 0, 1, 0, 1, 0, 2, 0, 0, 0, 0, 0, 1, 0, 0, 2, 0, 0, 0, 0, 0, 0, 0, 0, 0, 0, 0, 1, 1, 2, 2, 0, 0, 2, 0, 0, 1, 1, 0, 2, 2, 0, 1, 0, 0, 0, 0, 0, 0, 0, 2, 0, 0, 0, 0, 0, 0, 0, 2, 2, 2, 3, 2, 0, 1, 1, 4, 2, 5, 1, 6, 2, 4, 2, 3, 697, 0, 1, 0, 0, 1, 0]","[[1 0 0 0]
 [0 1 0 0]]",0.6504248655228797,-1,0
3376,"[1, 0, 0, 1, 0, 1, 0, 1, 0, 1, 0, 2, 0, 0, 0, 0, 0, 1, 0, 0, 2, 0, 0, 0, 0, 0, 0, 0, 0, 0, 0, 0, 1, 1, 2, 2, 0, 0, 2, 0, 0, 1, 1, 0, 2, 2, 0, 1, 0, 0, 0, 0, 0, 0, 0, 2, 0, 0, 0, 0, 0, 0, 0, 2, 2, 2, 3, 2, 0, 1, 1, 4, 2, 5, 1, 6, 2, 4, 2, 3, 697, 0, 1, 0, 0, 0, 1]",2,-0.1999999995352112,-1,1
3377,"[1, 0, 0, 1, 0, 1, 0, 1, 0, 1, 0, 2, 0, 0, 0, 0, 0, 1, 0, 0, 2, 0, 0, 0, 0, 0, 0, 0, 0, 0, 0, 0, 1, 1, 2, 2, 0, 0, 2, 0, 0, 1, 1, 0, 2, 2, 0, 1, 0, 0, 0, 0, 0, 0, 0, 2, 0, 0, 0, 0, 0, 0, 0, 2, 2, 2, 3, 2, 0, 1, 1, 4, 2, 5, 1, 6, 2, 4, 2, 3, 697, 0, 0, 1, 0, 0, 0]","[[0 1 0 0]
 [1 0 0 1]]",-0.1999999995352112,-1,1
3378,"[1, 0, 0, 1, 0, 1, 0, 1, 0, 1, 0, 2, 0, 0, 0, 0, 0, 1, 0, 0, 2, 0, 0, 0, 0, 0, 0, 0, 0, 0, 0, 0, 1, 1, 2, 2, 0, 0, 2, 0, 0, 1, 1, 0, 2, 2, 0, 1, 0, 0, 0, 0, 0, 0, 0, 2, 0, 0, 0, 0, 0, 0, 0, 2, 2, 2, 3, 2, 0, 1, 1, 4, 2, 5, 1, 6, 2, 4, 2, 3, 697, 0, 0, 0, 0, 0, 0]",1,-6.117506585797223,-1,0
3379,"[1, 1, 0, 1, 0, 2, 0, 1, 0, 1, 0, 2, 0, 0, 0, 0, 0, 1, 0, 0, 2, 0, 0, 0, 0, 0, 0, 0, 0, 0, 0, 0, 1, 1, 2, 2, 0, 0, 2, 0, 0, 1, 1, 0, 2, 2, 0, 1, 0, 0, 0, 0, 0, 0, 0, 2, 0, 0, 0, 0, 0, 0, 0, 2, 2, 2, 3, 2, 0, 1, 1, 4, 2, 5, 1, 6, 2, 4, 2, 3, 698, 0, 0, 0, 0, 0, 0]",4,13.133487249747272,-1,0
3380,"[1, 1, 0, 1, 0, 1, 0, 1, 0, 1, 0, 2, 0, 0, 0, 0, 0, 1, 0, 0, 2, 0, 0, 0, 0, 0, 0, 0, 0, 0, 0, 0, 1, 1, 2, 2, 0, 0, 2, 0, 0, 1, 1, 0, 2, 2, 0, 1, 0, 0, 0, 0, 0, 0, 0, 2, 0, 0, 0, 0, 0, 0, 0, 2, 2, 2, 3, 2, 0, 1, 1, 4, 2, 5, 1, 6, 2, 4, 2, 3, 699, 0, 0, 0, 0, 0, 0]",4,14.259556202043152,-1,1
3381,"[1, 1, 0, 1, 0, 1, 0, 1, 0, 1, 0, 2, 0, 0, 0, 0, 0, 1, 0, 0, 2, 0, 0, 0, 0, 0, 0, 0, 0, 0, 0, 0, 1, 1, 2, 2, 0, 0, 2, 0, 0, 1, 1, 0, 2, 2, 0, 1, 0, 0, 0, 0, 0, 0, 0, 2, 0, 0, 0, 0, 0, 0, 0, 2, 2, 2, 3, 2, 0, 1, 1, 4, 2, 5, 1, 6, 2, 4, 2, 3, 699, 0, 0, 0, 0, 0, 0]",0,0.29497474725963746,-1,0
3382,"[1, 1, 0, 1, 0, 1, 0, 1, 0, 1, 0, 2, 0, 0, 0, 0, 0, 1, 0, 0, 2, 0, 0, 0, 0, 0, 0, 0, 0, 0, 0, 0, 1, 1, 2, 2, 0, 0, 2, 0, 0, 1, 1, 0, 2, 2, 0, 1, 0, 0, 0, 0, 0, 0, 0, 2, 0, 0, 0, 0, 0, 0, 0, 2, 2, 2, 3, 2, 0, 1, 1, 4, 2, 5, 1, 6, 2, 4, 2, 3, 699, 0, 0, 0, 0, 0, 0]",-1,-4.6052326583468926e-05,-1,0
3383,"[1, 1, 0, 1, 0, 1, 0, 1, 0, 1, 0, 2, 0, 0, 0, 0, 0, 1, 0, 0, 2, 0, 0, 0, 0, 0, 0, 0, 0, 0, 0, 0, 1, 1, 2, 2, 0, 0, 2, 0, 0, 1, 1, 0, 2, 2, 0, 1, 0, 0, 0, 0, 0, 0, 0, 2, 0, 0, 0, 0, 0, 0, 0, 2, 2, 2, 3, 2, 0, 1, 1, 4, 2, 5, 1, 6, 2, 4, 2, 3, 699, 0, 0, 0, 0, 0, 0]",0,0.29497474725963746,-1,0
3384,"[1, 1, 0, 1, 0, 1, 0, 1, 0, 1, 0, 2, 0, 0, 0, 0, 0, 1, 0, 0, 2, 0, 0, 0, 0, 0, 0, 0, 0, 0, 0, 0, 1, 1, 2, 2, 0, 0, 2, 0, 0, 1, 1, 0, 2, 2, 0, 1, 0, 0, 0, 0, 0, 0, 0, 2, 0, 0, 0, 0, 0, 0, 0, 2, 2, 2, 3, 2, 0, 1, 1, 4, 2, 5, 1, 6, 2, 4, 2, 3, 699, 0, 0, 0, 0, 0, 0]",-1,-4.6052326583468926e-05,-1,0
3385,"[1, 1, 0, 1, 0, 1, 0, 1, 0, 1, 0, 2, 0, 0, 0, 0, 0, 1, 0, 0, 2, 0, 0, 0, 0, 0, 0, 0, 0, 0, 0, 0, 1, 1, 2, 2, 0, 0, 2, 0, 0, 1, 1, 0, 2, 2, 0, 1, 0, 0, 0, 0, 0, 0, 0, 2, 0, 0, 0, 0, 0, 0, 0, 2, 2, 2, 3, 2, 0, 1, 1, 4, 2, 5, 1, 6, 2, 4, 2, 3, 699, 0, 0, 0, 0, 0, 0]",0,0.29497474725963746,-1,0
3386,"[1, 1, 0, 1, 0, 1, 0, 1, 0, 1, 0, 2, 0, 0, 0, 0, 0, 1, 0, 0, 2, 0, 0, 0, 0, 0, 0, 0, 0, 0, 0, 0, 1, 1, 2, 2, 0, 0, 2, 0, 0, 1, 1, 0, 2, 2, 0, 1, 0, 0, 0, 0, 0, 0, 0, 2, 0, 0, 0, 0, 0, 0, 0, 2, 2, 2, 3, 2, 0, 1, 1, 4, 2, 5, 1, 6, 2, 4, 2, 3, 699, 0, 0, 0, 0, 0, 0]",-1,-4.6052326583468926e-05,-1,0
3387,"[1, 1, 0, 1, 0, 1, 0, 1, 0, 1, 0, 2, 0, 0, 0, 0, 0, 1, 0, 0, 2, 0, 0, 0, 0, 0, 0, 0, 0, 0, 0, 0, 1, 1, 2, 2, 0, 0, 2, 0, 0, 1, 1, 0, 2, 2, 0, 1, 0, 0, 0, 0, 0, 0, 0, 2, 0, 0, 0, 0, 0, 0, 0, 2, 2, 2, 3, 2, 0, 1, 1, 4, 2, 5, 1, 6, 2, 4, 2, 3, 699, 0, 0, 0, 0, 0, 0]",0,0.29497474725963746,-1,0
3388,"[1, 1, 0, 1, 0, 1, 0, 1, 0, 1, 0, 2, 0, 0, 0, 0, 0, 1, 0, 0, 2, 0, 0, 0, 0, 0, 0, 0, 0, 0, 0, 0, 1, 1, 2, 2, 0, 0, 2, 0, 0, 1, 1, 0, 2, 2, 0, 1, 0, 0, 0, 0, 0, 0, 0, 2, 0, 0, 0, 0, 0, 0, 0, 2, 2, 2, 3, 2, 0, 1, 1, 4, 2, 5, 1, 6, 2, 4, 2, 3, 699, 0, 0, 0, 0, 0, 0]",-1,-4.6052326583468926e-05,-1,0
3389,"[1, 1, 0, 1, 0, 1, 0, 1, 0, 1, 0, 2, 0, 0, 0, 0, 0, 1, 0, 0, 2, 0, 0, 0, 0, 0, 0, 0, 0, 0, 0, 0, 1, 1, 2, 2, 0, 0, 2, 0, 0, 1, 1, 0, 2, 2, 0, 1, 0, 0, 0, 0, 0, 0, 0, 2, 0, 0, 0, 0, 0, 0, 0, 2, 2, 2, 3, 2, 0, 1, 1, 4, 2, 5, 1, 6, 2, 4, 2, 3, 699, 0, 0, 0, 0, 0, 0]",0,0.29497474725963746,-1,0
3390,"[1, 1, 0, 1, 0, 1, 0, 1, 0, 1, 0, 2, 0, 0, 0, 0, 0, 1, 0, 0, 2, 0, 0, 0, 0, 0, 0, 0, 0, 0, 0, 0, 1, 1, 2, 2, 0, 0, 2, 0, 0, 1, 1, 0, 2, 2, 0, 1, 0, 0, 0, 0, 0, 0, 0, 2, 0, 0, 0, 0, 0, 0, 0, 2, 2, 2, 3, 2, 0, 1, 1, 4, 2, 5, 1, 6, 2, 4, 2, 3, 699, 0, 0, 0, 0, 0, 0]",-1,-4.6052326583468926e-05,-1,0
3391,"[1, 1, 0, 1, 0, 1, 0, 1, 0, 1, 0, 2, 0, 0, 0, 0, 0, 1, 0, 0, 2, 0, 0, 0, 0, 0, 0, 0, 0, 0, 0, 0, 1, 1, 2, 2, 0, 0, 2, 0, 0, 1, 1, 0, 2, 2, 0, 1, 0, 0, 0, 0, 0, 0, 0, 2, 0, 0, 0, 0, 0, 0, 0, 2, 2, 2, 3, 2, 0, 1, 1, 4, 2, 5, 1, 6, 2, 4, 2, 3, 699, 0, 0, 0, 0, 0, 0]",0,0.29497474725963746,-1,0
3392,"[1, 1, 0, 1, 0, 1, 0, 1, 0, 1, 0, 2, 0, 0, 0, 0, 0, 1, 0, 0, 2, 0, 0, 0, 0, 0, 0, 0, 0, 0, 0, 0, 1, 1, 2, 2, 0, 0, 2, 0, 0, 1, 1, 0, 2, 2, 0, 1, 0, 0, 0, 0, 0, 0, 0, 2, 0, 0, 0, 0, 0, 0, 0, 2, 2, 2, 3, 2, 0, 1, 1, 4, 2, 5, 1, 6, 2, 4, 2, 3, 699, 0, 0, 0, 0, 0, 0]",-1,-4.6052326583468926e-05,-1,0
3393,"[1, 1, 0, 1, 0, 1, 0, 1, 0, 1, 0, 2, 0, 0, 0, 0, 0, 1, 0, 0, 2, 0, 0, 0, 0, 0, 0, 0, 0, 0, 0, 0, 1, 1, 2, 2, 0, 0, 2, 0, 0, 1, 1, 0, 2, 2, 0, 1, 0, 0, 0, 0, 0, 0, 0, 2, 0, 0, 0, 0, 0, 0, 0, 2, 2, 2, 3, 2, 0, 1, 1, 4, 2, 5, 1, 6, 2, 4, 2, 3, 699, 0, 0, 0, 0, 0, 0]",0,0.29497474725963746,-1,0
3394,"[1, 1, 0, 1, 0, 1, 0, 1, 0, 1, 0, 2, 0, 0, 0, 0, 0, 1, 0, 0, 2, 0, 0, 0, 0, 0, 0, 0, 0, 0, 0, 0, 1, 1, 2, 2, 0, 0, 2, 0, 0, 1, 1, 0, 2, 2, 0, 1, 0, 0, 0, 0, 0, 0, 0, 2, 0, 0, 0, 0, 0, 0, 0, 2, 2, 2, 3, 2, 0, 1, 1, 4, 2, 5, 1, 6, 2, 4, 2, 3, 699, 0, 0, 0, 0, 0, 0]",-1,-4.6052326583468926e-05,-1,0
3395,"[1, 1, 0, 1, 0, 1, 0, 1, 0, 1, 0, 2, 0, 0, 0, 0, 0, 1, 0, 0, 2, 0, 0, 0, 0, 0, 0, 0, 0, 0, 0, 0, 1, 1, 2, 2, 0, 0, 2, 0, 0, 1, 1, 0, 2, 2, 0, 1, 0, 0, 0, 0, 0, 0, 0, 2, 0, 0, 0, 0, 0, 0, 0, 2, 2, 2, 3, 2, 0, 1, 1, 4, 2, 5, 1, 6, 2, 4, 2, 3, 699, 0, 0, 0, 0, 0, 0]",0,0.29497474725963746,-1,0
3396,"[1, 1, 0, 1, 0, 1, 0, 1, 0, 1, 0, 2, 0, 0, 0, 0, 0, 1, 0, 0, 2, 0, 0, 0, 0, 0, 0, 0, 0, 0, 0, 0, 1, 1, 2, 2, 0, 0, 2, 0, 0, 1, 1, 0, 2, 2, 0, 1, 0, 0, 0, 0, 0, 0, 0, 2, 0, 0, 0, 0, 0, 0, 0, 2, 2, 2, 3, 2, 0, 1, 1, 4, 2, 5, 1, 6, 2, 4, 2, 3, 699, 0, 0, 0, 0, 0, 0]",-1,-4.6052326583468926e-05,-1,0
3397,"[1, 1, 0, 1, 0, 1, 0, 1, 0, 1, 0, 2, 0, 0, 0, 0, 0, 1, 0, 0, 2, 0, 0, 0, 0, 0, 0, 0, 0, 0, 0, 0, 1, 1, 2, 2, 0, 0, 2, 0, 0, 1, 1, 0, 2, 2, 0, 1, 0, 0, 0, 0, 0, 0, 0, 2, 0, 0, 0, 0, 0, 0, 0, 2, 2, 2, 3, 2, 0, 1, 1, 4, 2, 5, 1, 6, 2, 4, 2, 3, 699, 0, 0, 0, 0, 0, 0]",1,0.6096241155286709,-1,0
3398,"[1, 1, 0, 1, 0, 1, 0, 1, 0, 1, 0, 2, 0, 0, 0, 0, 0, 1, 0, 0, 2, 0, 0, 0, 0, 0, 0, 0, 0, 0, 0, 0, 1, 1, 2, 2, 0, 0, 2, 0, 0, 1, 1, 0, 2, 2, 0, 1, 0, 0, 0, 0, 0, 0, 0, 2, 0, 0, 0, 0, 0, 0, 0, 2, 2, 2, 3, 2, 0, 1, 1, 4, 2, 5, 1, 6, 2, 4, 2, 3, 699, 0, 0, 0, 0, 0, 0]",-1,-4.6052326583468926e-05,-1,0
3399,"[1, 1, 0, 1, 0, 1, 0, 1, 0, 1, 0, 2, 0, 0, 0, 0, 0, 1, 0, 0, 2, 0, 0, 0, 0, 0, 0, 0, 0, 0, 0, 0, 1, 1, 2, 2, 0, 0, 2, 0, 0, 1, 1, 0, 2, 2, 0, 1, 0, 0, 0, 0, 0, 0, 0, 2, 0, 0, 0, 0, 0, 0, 0, 2, 2, 2, 3, 2, 0, 1, 1, 4, 2, 5, 1, 6, 2, 4, 2, 3, 699, 1, 0, 0, 0, 0, 0]",3,0.2000000004290542,-1,0
3400,"[1, 1, 0, 1, 0, 1, 0, 1, 0, 1, 0, 2, 0, 0, 0, 0, 0, 1, 0, 0, 2, 0, 0, 0, 0, 0, 0, 0, 0, 0, 0, 0, 1, 1, 2, 2, 0, 0, 2, 0, 0, 1, 1, 0, 2, 2, 0, 1, 0, 0, 0, 0, 0, 0, 0, 2, 0, 0, 0, 0, 0, 0, 0, 2, 2, 2, 3, 2, 0, 1, 1, 4, 2, 5, 1, 6, 2, 4, 2, 3, 699, 0, 0, 0, 0, 0, 0]",-1,-4.6052326583468926e-05,-1,0
3401,"[1, 1, 0, 2, 0, 1, 0, 2, 0, 1, 0, 2, 0, 0, 0, 0, 0, 1, 0, 0, 2, 0, 0, 0, 0, 0, 0, 0, 0, 0, 0, 0, 1, 1, 2, 2, 0, 0, 2, 0, 0, 1, 1, 0, 2, 2, 0, 1, 0, 0, 0, 0, 0, 0, 0, 2, 0, 0, 0, 0, 0, 0, 0, 2, 2, 2, 3, 2, 0, 1, 1, 4, 2, 5, 1, 6, 2, 4, 2, 3, 700, 0, 0, 0, 0, 0, 0]",4,12.97386066843924,-1,0
3402,"[1, 1, 0, 2, 0, 1, 0, 2, 0, 1, 0, 2, 0, 0, 0, 0, 0, 1, 0, 0, 2, 0, 0, 0, 0, 0, 0, 0, 0, 0, 0, 0, 1, 1, 2, 2, 0, 0, 2, 0, 0, 1, 1, 0, 2, 2, 0, 1, 0, 0, 0, 0, 0, 0, 0, 2, 0, 0, 0, 0, 0, 0, 0, 2, 2, 2, 3, 2, 0, 1, 1, 4, 2, 5, 1, 6, 2, 4, 2, 3, 700, 0, 1, 0, 0, 0, 0]",2,0.4000000004122307,-1,1
3403,"[1, 1, 0, 2, 0, 1, 0, 2, 0, 1, 0, 2, 0, 0, 0, 0, 0, 1, 0, 0, 2, 0, 0, 0, 0, 0, 0, 0, 0, 0, 0, 0, 1, 1, 2, 2, 0, 0, 2, 0, 0, 1, 1, 0, 2, 2, 0, 1, 0, 0, 0, 0, 0, 0, 0, 2, 0, 0, 0, 0, 0, 0, 0, 2, 2, 2, 3, 2, 0, 1, 1, 4, 2, 5, 1, 6, 2, 4, 2, 3, 700, 0, 1, 0, 0, 1, 0]","[[0 1 0 0]
 [1 0 0 0]]",0.6504248654703216,-1,1
3404,"[1, 1, 0, 2, 0, 1, 0, 2, 0, 1, 0, 2, 0, 0, 0, 0, 0, 1, 0, 0, 2, 0, 0, 0, 0, 0, 0, 0, 0, 0, 0, 0, 1, 1, 2, 2, 0, 0, 2, 0, 0, 1, 1, 0, 2, 2, 0, 1, 0, 0, 0, 0, 0, 0, 0, 2, 0, 0, 0, 0, 0, 0, 0, 2, 2, 2, 3, 2, 0, 1, 1, 4, 2, 5, 1, 6, 2, 4, 2, 3, 700, 0, 0, 0, 0, 0, 0]",1,-0.19999999958776926,-1,0
3405,"[1, 2, 0, 2, 0, 2, 0, 2, 0, 1, 0, 2, 0, 0, 0, 0, 0, 1, 0, 0, 2, 0, 0, 0, 0, 0, 0, 0, 0, 0, 0, 0, 1, 1, 2, 2, 0, 0, 2, 0, 0, 1, 1, 0, 2, 2, 0, 1, 0, 0, 0, 0, 0, 0, 0, 2, 0, 0, 0, 0, 0, 0, 0, 2, 2, 2, 3, 2, 0, 1, 1, 4, 2, 5, 1, 6, 2, 4, 2, 3, 701, 0, 0, 0, 0, 0, 0]",4,14.0161538575338,-1,1
3406,"[1, 2, 0, 2, 0, 2, 0, 2, 0, 1, 0, 2, 0, 0, 0, 0, 0, 1, 0, 0, 2, 0, 0, 0, 0, 0, 0, 0, 0, 0, 0, 0, 1, 1, 2, 2, 0, 0, 2, 0, 0, 1, 1, 0, 2, 2, 0, 1, 0, 0, 0, 0, 0, 0, 0, 2, 0, 0, 0, 0, 0, 0, 0, 2, 2, 2, 3, 2, 0, 1, 1, 4, 2, 5, 1, 6, 2, 4, 2, 3, 701, 0, 1, 0, 0, 0, 0]",2,0.40000000039606687,-1,0
3407,"[1, 2, 0, 2, 0, 2, 0, 2, 0, 1, 0, 2, 0, 0, 0, 0, 0, 1, 0, 0, 2, 0, 0, 0, 0, 0, 0, 0, 0, 0, 0, 0, 1, 1, 2, 2, 0, 0, 2, 0, 0, 1, 1, 0, 2, 2, 0, 1, 0, 0, 0, 0, 0, 0, 0, 2, 0, 0, 0, 0, 0, 0, 0, 2, 2, 2, 3, 2, 0, 1, 1, 4, 2, 5, 1, 6, 2, 4, 2, 3, 701, 0, 0, 0, 0, 0, 0]",-1,-4.514042941980568e-05,-1,0
3408,"[1, 2, 0, 2, 1, 2, 0, 2, 0, 1, 0, 2, 0, 0, 0, 0, 0, 1, 0, 0, 2, 0, 0, 0, 0, 0, 0, 0, 0, 0, 0, 0, 1, 1, 2, 2, 0, 0, 2, 0, 0, 1, 1, 0, 2, 2, 0, 1, 0, 0, 0, 0, 0, 0, 0, 2, 0, 0, 0, 0, 0, 0, 0, 2, 2, 2, 3, 2, 0, 1, 1, 4, 2, 5, 1, 6, 2, 4, 2, 3, 702, 0, 0, 0, 0, 0, 0]",4,12.872531785174093,-1,0
3409,"[1, 2, 0, 2, 1, 2, 0, 2, 0, 1, 0, 2, 0, 0, 0, 0, 0, 1, 0, 0, 2, 0, 0, 0, 0, 0, 0, 0, 0, 0, 0, 0, 1, 1, 2, 2, 0, 0, 2, 0, 0, 1, 1, 0, 2, 2, 0, 1, 0, 0, 0, 0, 0, 0, 0, 2, 0, 0, 0, 0, 0, 0, 0, 2, 2, 2, 3, 2, 0, 1, 1, 4, 2, 5, 1, 6, 2, 4, 2, 3, 703, 0, 0, 0, 0, 0, 0]",4,14.272530886849617,-1,1
3410,"[1, 2, 0, 2, 1, 2, 0, 2, 0, 1, 0, 2, 0, 0, 0, 0, 0, 1, 0, 0, 2, 0, 0, 0, 0, 0, 0, 0, 0, 0, 0, 0, 1, 1, 2, 2, 0, 0, 2, 0, 0, 1, 1, 0, 2, 2, 0, 1, 0, 0, 0, 0, 0, 0, 0, 2, 0, 0, 0, 0, 0, 0, 0, 2, 2, 2, 3, 2, 0, 1, 1, 4, 2, 5, 1, 6, 2, 4, 2, 3, 703, 1, 0, 0, 0, 0, 0]",3,0.20000000036561585,-1,0
3411,"[1, 2, 0, 2, 1, 2, 0, 2, 0, 1, 0, 2, 0, 0, 0, 0, 0, 1, 0, 0, 2, 0, 0, 0, 0, 0, 0, 0, 0, 0, 0, 0, 1, 1, 2, 2, 0, 0, 2, 0, 0, 1, 1, 0, 2, 2, 0, 1, 0, 0, 0, 0, 0, 0, 0, 2, 0, 0, 0, 0, 0, 0, 0, 2, 2, 2, 3, 2, 0, 1, 1, 4, 2, 5, 1, 6, 2, 4, 2, 3, 703, 0, 0, 0, 0, 0, 0]",-1,-4.424658902979073e-05,-1,0
3412,"[1, 2, 0, 2, 1, 2, 0, 2, 0, 1, 0, 2, 0, 0, 0, 0, 0, 1, 0, 0, 2, 0, 0, 0, 0, 0, 0, 0, 0, 0, 0, 0, 1, 1, 2, 2, 0, 0, 2, 0, 0, 1, 1, 0, 2, 2, 0, 1, 0, 0, 0, 0, 0, 0, 0, 2, 0, 0, 0, 0, 0, 0, 0, 2, 2, 2, 3, 2, 0, 1, 1, 4, 2, 5, 1, 6, 2, 4, 2, 3, 703, 0, 1, 0, 0, 0, 0]",2,0.4000000003656158,-1,0
3413,"[1, 2, 0, 2, 1, 2, 0, 2, 0, 1, 0, 2, 0, 0, 0, 0, 0, 1, 0, 0, 2, 0, 0, 0, 0, 0, 0, 0, 0, 0, 0, 0, 1, 1, 2, 2, 0, 0, 2, 0, 0, 1, 1, 0, 2, 2, 0, 1, 0, 0, 0, 0, 0, 0, 0, 2, 0, 0, 0, 0, 0, 0, 0, 2, 2, 2, 3, 2, 0, 1, 1, 4, 2, 5, 1, 6, 2, 4, 2, 3, 703, 0, 0, 0, 0, 0, 0]",-1,-4.424658902979073e-05,-1,0
3414,"[1, 2, 0, 2, 1, 2, 0, 2, 0, 1, 0, 2, 0, 0, 0, 0, 0, 1, 0, 0, 2, 0, 0, 0, 0, 0, 0, 0, 0, 0, 0, 0, 1, 1, 2, 2, 0, 0, 2, 0, 0, 1, 1, 0, 2, 2, 0, 1, 0, 0, 0, 0, 0, 0, 0, 2, 0, 0, 0, 0, 0, 0, 0, 2, 2, 2, 3, 2, 0, 1, 1, 4, 2, 5, 1, 6, 2, 4, 2, 3, 703, 1, 0, 0, 0, 0, 0]",3,0.20000000036561585,-1,0
3415,"[1, 2, 0, 2, 1, 2, 0, 2, 0, 1, 0, 2, 0, 0, 0, 0, 0, 1, 0, 0, 2, 0, 0, 0, 0, 0, 0, 0, 0, 0, 0, 0, 1, 1, 2, 2, 0, 0, 2, 0, 0, 1, 1, 0, 2, 2, 0, 1, 0, 0, 0, 0, 0, 0, 0, 2, 0, 0, 0, 0, 0, 0, 0, 2, 2, 2, 3, 2, 0, 1, 1, 4, 2, 5, 1, 6, 2, 4, 2, 3, 703, 0, 0, 0, 0, 0, 0]",-1,-4.424658902979073e-05,-1,0
3416,"[1, 2, 0, 2, 1, 2, 0, 2, 0, 1, 0, 2, 0, 0, 0, 0, 0, 1, 0, 0, 2, 0, 0, 0, 0, 0, 0, 0, 0, 0, 0, 0, 1, 1, 2, 2, 0, 0, 2, 0, 0, 1, 1, 0, 2, 2, 0, 1, 0, 0, 0, 0, 0, 0, 0, 2, 0, 0, 0, 0, 0, 0, 0, 2, 2, 2, 3, 2, 0, 1, 1, 4, 2, 5, 1, 6, 2, 4, 2, 3, 703, 0, 0, 0, 0, 0, 0]",1,0.6096241154652325,-1,0
3417,"[1, 2, 0, 2, 1, 2, 0, 2, 0, 1, 0, 2, 0, 0, 0, 0, 0, 1, 0, 0, 2, 0, 0, 0, 0, 0, 0, 0, 0, 0, 0, 0, 1, 1, 2, 2, 0, 0, 2, 0, 0, 1, 1, 0, 2, 2, 0, 1, 0, 0, 0, 0, 0, 0, 0, 2, 0, 0, 0, 0, 0, 0, 0, 2, 2, 2, 3, 2, 0, 1, 1, 4, 2, 5, 1, 6, 2, 4, 2, 3, 703, 0, 0, 0, 0, 0, 0]",-1,-4.424658902979073e-05,-1,0
3418,"[1, 3, 0, 2, 1, 3, 0, 2, 0, 1, 0, 2, 0, 0, 0, 0, 0, 1, 0, 0, 2, 0, 0, 0, 0, 0, 0, 0, 0, 0, 0, 0, 1, 1, 2, 2, 0, 0, 2, 0, 0, 1, 1, 0, 2, 2, 0, 1, 0, 0, 0, 0, 0, 0, 0, 2, 0, 0, 0, 0, 0, 0, 0, 2, 2, 2, 3, 2, 0, 1, 1, 4, 2, 5, 1, 6, 2, 4, 2, 3, 704, 0, 0, 0, 0, 0, 0]",4,12.742342962143853,-1,0
3419,"[1, 3, 0, 2, 2, 3, 0, 2, 0, 1, 0, 2, 0, 0, 0, 0, 0, 1, 0, 0, 2, 0, 0, 0, 0, 0, 0, 0, 0, 0, 0, 0, 1, 1, 2, 2, 0, 0, 2, 0, 0, 1, 1, 0, 2, 2, 0, 1, 0, 0, 0, 0, 0, 0, 0, 2, 0, 0, 0, 0, 0, 0, 0, 2, 2, 2, 3, 2, 0, 1, 1, 4, 2, 5, 1, 6, 2, 4, 2, 3, 705, 0, 0, 0, 0, 0, 0]",4,14.243940945481556,-1,1
3420,"[1, 3, 0, 2, 2, 3, 0, 2, 0, 1, 0, 2, 0, 0, 0, 0, 0, 1, 0, 0, 2, 0, 0, 0, 0, 0, 0, 0, 0, 0, 0, 0, 1, 1, 2, 2, 0, 0, 2, 0, 0, 1, 1, 0, 2, 2, 0, 1, 0, 0, 0, 0, 0, 0, 0, 2, 0, 0, 0, 0, 0, 0, 0, 2, 2, 2, 3, 2, 0, 1, 1, 4, 2, 5, 1, 6, 2, 4, 2, 3, 705, 1, 0, 0, 0, 0, 0]",3,0.20000000033750598,-1,0
3421,"[1, 3, 0, 2, 2, 3, 0, 2, 0, 1, 0, 2, 0, 0, 0, 0, 0, 1, 0, 0, 2, 0, 0, 0, 0, 0, 0, 0, 0, 0, 0, 0, 1, 1, 2, 2, 0, 0, 2, 0, 0, 1, 1, 0, 2, 2, 0, 1, 0, 0, 0, 0, 0, 0, 0, 2, 0, 0, 0, 0, 0, 0, 0, 2, 2, 2, 3, 2, 0, 1, 1, 4, 2, 5, 1, 6, 2, 4, 2, 3, 705, 0, 0, 0, 0, 0, 0]",-1,-4.3370447865350125e-05,-1,0
3422,"[1, 3, 0, 2, 2, 3, 0, 2, 0, 1, 0, 2, 0, 0, 0, 0, 0, 1, 0, 0, 2, 0, 0, 0, 0, 0, 0, 0, 0, 0, 0, 0, 1, 1, 2, 2, 0, 0, 2, 0, 0, 1, 1, 0, 2, 2, 0, 1, 0, 0, 0, 0, 0, 0, 0, 2, 0, 0, 0, 0, 0, 0, 0, 2, 2, 2, 3, 2, 0, 1, 1, 4, 2, 5, 1, 6, 2, 4, 2, 3, 705, 0, 1, 0, 0, 0, 0]",2,0.40000000033750593,-1,0
3423,"[1, 3, 0, 2, 2, 3, 0, 2, 0, 1, 0, 2, 0, 0, 0, 0, 0, 1, 0, 0, 2, 0, 0, 0, 0, 0, 0, 0, 0, 0, 0, 0, 1, 1, 2, 2, 0, 0, 2, 0, 0, 1, 1, 0, 2, 2, 0, 1, 0, 0, 0, 0, 0, 0, 0, 2, 0, 0, 0, 0, 0, 0, 0, 2, 2, 2, 3, 2, 0, 1, 1, 4, 2, 5, 1, 6, 2, 4, 2, 3, 705, 0, 0, 0, 0, 0, 0]",-1,-4.3370447865350125e-05,-1,0
3424,"[1, 3, 0, 3, 2, 3, 0, 3, 0, 1, 0, 2, 0, 0, 0, 0, 0, 1, 0, 0, 2, 0, 0, 0, 0, 0, 0, 0, 0, 0, 0, 0, 1, 1, 2, 2, 0, 0, 2, 0, 0, 1, 1, 0, 2, 2, 0, 1, 0, 0, 0, 0, 0, 0, 0, 2, 0, 0, 0, 0, 0, 0, 0, 2, 2, 2, 3, 2, 0, 1, 1, 4, 2, 5, 1, 6, 2, 4, 2, 3, 706, 0, 0, 0, 0, 0, 0]",4,12.68704531191416,-1,0
3425,"[1, 3, 0, 3, 2, 3, 0, 3, 0, 1, 0, 2, 0, 0, 0, 0, 0, 1, 0, 0, 2, 0, 0, 0, 0, 0, 0, 0, 0, 0, 0, 0, 1, 1, 2, 2, 0, 0, 2, 0, 0, 1, 1, 0, 2, 2, 0, 1, 0, 0, 0, 0, 0, 0, 0, 2, 0, 0, 0, 0, 0, 0, 0, 2, 2, 2, 3, 2, 0, 1, 1, 4, 2, 5, 1, 6, 2, 4, 2, 3, 706, 0, 1, 0, 0, 0, 0]",2,0.40000000032427213,-1,1
3426,"[1, 3, 0, 3, 2, 3, 0, 3, 0, 1, 0, 2, 0, 0, 0, 0, 0, 1, 0, 0, 2, 0, 0, 0, 0, 0, 0, 0, 0, 0, 0, 0, 1, 1, 2, 2, 0, 0, 2, 0, 0, 1, 1, 0, 2, 2, 0, 1, 0, 0, 0, 0, 0, 0, 0, 2, 0, 0, 0, 0, 0, 0, 0, 2, 2, 2, 3, 2, 0, 1, 1, 4, 2, 5, 1, 6, 2, 4, 2, 3, 706, 0, 1, 0, 0, 1, 0]","[[1 0 0 0]
 [0 1 0 0]]",0.650424865382363,-1,1
3427,"[2, 2, 0, 3, 1, 4, 0, 3, 0, 1, 0, 2, 0, 0, 0, 0, 0, 1, 0, 0, 2, 0, 0, 0, 0, 0, 0, 0, 0, 0, 0, 0, 1, 1, 2, 2, 0, 0, 2, 0, 0, 1, 1, 0, 2, 2, 0, 1, 0, 0, 0, 0, 0, 0, 0, 2, 0, 0, 0, 0, 0, 0, 0, 2, 2, 2, 3, 2, 0, 1, 1, 4, 2, 5, 1, 6, 2, 4, 2, 3, 706, 0, 0, 0, 0, 0, 0]",0,-0.19999999967572785,-1,0
3428,"[2, 3, 0, 3, 1, 5, 0, 3, 0, 1, 0, 2, 0, 0, 0, 0, 0, 1, 0, 0, 2, 0, 0, 0, 0, 0, 0, 0, 0, 0, 0, 0, 1, 1, 2, 2, 0, 0, 2, 0, 0, 1, 1, 0, 2, 2, 0, 1, 0, 0, 0, 0, 0, 0, 0, 2, 0, 0, 0, 0, 0, 0, 0, 2, 2, 2, 3, 2, 0, 1, 1, 4, 2, 5, 1, 6, 2, 4, 2, 3, 707, 0, 0, 0, 0, 0, 0]",4,13.958448029421005,-1,1
3429,"[2, 3, 0, 3, 1, 5, 0, 3, 0, 1, 0, 2, 0, 0, 0, 0, 0, 1, 0, 0, 2, 0, 0, 0, 0, 0, 0, 0, 0, 0, 0, 0, 1, 1, 2, 2, 0, 0, 2, 0, 0, 1, 1, 0, 2, 2, 0, 1, 0, 0, 0, 0, 0, 0, 0, 2, 0, 0, 0, 0, 0, 0, 0, 2, 2, 2, 3, 2, 0, 1, 1, 4, 2, 5, 1, 6, 2, 4, 2, 3, 707, 0, 0, 0, 0, 0, 0]",1,0.609624115411174,-1,0
3430,"[2, 3, 0, 3, 1, 5, 0, 3, 0, 1, 0, 2, 0, 0, 0, 0, 0, 1, 0, 0, 2, 0, 0, 0, 0, 0, 0, 0, 0, 0, 0, 0, 1, 1, 2, 2, 0, 0, 2, 0, 0, 1, 1, 0, 2, 2, 0, 1, 0, 0, 0, 0, 0, 0, 0, 2, 0, 0, 0, 0, 0, 0, 0, 2, 2, 2, 3, 2, 0, 1, 1, 4, 2, 5, 1, 6, 2, 4, 2, 3, 707, 0, 0, 0, 0, 0, 0]",-1,-4.251165545833598e-05,-1,0
3431,"[2, 4, 0, 3, 1, 6, 0, 3, 0, 1, 0, 2, 0, 0, 0, 0, 0, 1, 0, 0, 2, 0, 0, 0, 0, 0, 0, 0, 0, 0, 0, 0, 1, 1, 2, 2, 0, 0, 2, 0, 0, 1, 1, 0, 2, 2, 0, 1, 0, 0, 0, 0, 0, 0, 0, 2, 0, 0, 0, 0, 0, 0, 0, 2, 2, 2, 3, 2, 0, 1, 1, 4, 2, 5, 1, 6, 2, 4, 2, 3, 708, 0, 0, 0, 0, 0, 0]",4,13.903936052759585,-1,1
3432,"[2, 4, 0, 3, 1, 6, 0, 3, 0, 1, 0, 2, 0, 0, 0, 0, 0, 1, 0, 0, 2, 0, 0, 0, 0, 0, 0, 0, 0, 0, 0, 0, 1, 1, 2, 2, 0, 0, 2, 0, 0, 1, 1, 0, 2, 2, 0, 1, 0, 0, 0, 0, 0, 0, 0, 2, 0, 0, 0, 0, 0, 0, 0, 2, 2, 2, 3, 2, 0, 1, 1, 4, 2, 5, 1, 6, 2, 4, 2, 3, 708, 1, 0, 0, 0, 0, 0]",3,0.20000000029934095,-1,0
3433,"[0, 4, 0, 4, 1, 6, 0, 3, 0, 1, 0, 2, 0, 0, 0, 0, 0, 1, 0, 0, 2, 0, 0, 0, 0, 0, 0, 0, 0, 0, 0, 0, 1, 1, 2, 2, 0, 0, 2, 0, 0, 1, 1, 0, 2, 2, 0, 1, 0, 0, 0, 0, 0, 0, 0, 2, 0, 0, 0, 0, 0, 0, 0, 2, 2, 2, 3, 2, 0, 1, 1, 4, 2, 5, 1, 6, 2, 4, 2, 3, 708, 0, 0, 0, 0, 0, 0]","[[2 0 0 0]
 [0 0 0 1]]",-0.198542317789618,-1,0
3434,"[0, 4, 0, 4, 1, 6, 0, 3, 0, 1, 0, 2, 0, 0, 0, 0, 0, 1, 0, 0, 2, 0, 0, 0, 0, 0, 0, 0, 0, 0, 0, 0, 1, 1, 2, 2, 0, 0, 2, 0, 0, 1, 1, 0, 2, 2, 0, 1, 0, 0, 0, 0, 0, 0, 0, 2, 0, 0, 0, 0, 0, 0, 0, 2, 2, 2, 3, 2, 0, 1, 1, 4, 2, 5, 1, 6, 2, 4, 2, 3, 708, 1, 0, 0, 0, 0, 0]",3,0.20000000029934095,-1,0
3435,"[0, 4, 0, 4, 1, 6, 0, 3, 0, 1, 0, 2, 0, 0, 0, 0, 0, 1, 0, 0, 2, 0, 0, 0, 0, 0, 0, 0, 0, 0, 0, 0, 1, 1, 2, 2, 0, 0, 2, 0, 0, 1, 1, 0, 2, 2, 0, 1, 0, 0, 0, 0, 0, 0, 0, 2, 0, 0, 0, 0, 0, 0, 0, 2, 2, 2, 3, 2, 0, 1, 1, 4, 2, 5, 1, 6, 2, 4, 2, 3, 708, 0, 0, 0, 0, 0, 0]",-1,-4.208865741892745e-05,-1,0
3436,"[0, 4, 0, 4, 1, 6, 0, 3, 0, 1, 0, 2, 0, 0, 0, 0, 0, 1, 0, 0, 2, 0, 0, 0, 0, 0, 0, 0, 0, 0, 0, 0, 1, 1, 2, 2, 0, 0, 2, 0, 0, 1, 1, 0, 2, 2, 0, 1, 0, 0, 0, 0, 0, 0, 0, 2, 0, 0, 0, 0, 0, 0, 0, 2, 2, 2, 3, 2, 0, 1, 1, 4, 2, 5, 1, 6, 2, 4, 2, 3, 708, 1, 0, 0, 0, 0, 0]",3,0.20000000029934095,-1,0
3437,"[0, 4, 0, 4, 1, 6, 0, 3, 0, 1, 0, 2, 0, 0, 0, 0, 0, 1, 0, 0, 2, 0, 0, 0, 0, 0, 0, 0, 0, 0, 0, 0, 1, 1, 2, 2, 0, 0, 2, 0, 0, 1, 1, 0, 2, 2, 0, 1, 0, 0, 0, 0, 0, 0, 0, 2, 0, 0, 0, 0, 0, 0, 0, 2, 2, 2, 3, 2, 0, 1, 1, 4, 2, 5, 1, 6, 2, 4, 2, 3, 708, 0, 0, 0, 0, 0, 0]",-1,-4.208865741892745e-05,-1,0
3438,"[0, 4, 0, 4, 1, 6, 0, 3, 0, 1, 0, 2, 0, 0, 0, 0, 0, 1, 0, 0, 2, 0, 0, 0, 0, 0, 0, 0, 0, 0, 0, 0, 1, 1, 2, 2, 0, 0, 2, 0, 0, 1, 1, 0, 2, 2, 0, 1, 0, 0, 0, 0, 0, 0, 0, 2, 0, 0, 0, 0, 0, 0, 0, 2, 2, 2, 3, 2, 0, 1, 1, 4, 2, 5, 1, 6, 2, 4, 2, 3, 708, 1, 0, 0, 0, 0, 0]",3,0.20000000029934095,-1,0
3439,"[0, 4, 0, 4, 1, 6, 0, 3, 0, 1, 0, 2, 0, 0, 0, 0, 0, 1, 0, 0, 2, 0, 0, 0, 0, 0, 0, 0, 0, 0, 0, 0, 1, 1, 2, 2, 0, 0, 2, 0, 0, 1, 1, 0, 2, 2, 0, 1, 0, 0, 0, 0, 0, 0, 0, 2, 0, 0, 0, 0, 0, 0, 0, 2, 2, 2, 3, 2, 0, 1, 1, 4, 2, 5, 1, 6, 2, 4, 2, 3, 708, 0, 0, 0, 0, 0, 0]",-1,-4.208865741892745e-05,-1,0
3440,"[0, 4, 0, 4, 2, 6, 0, 3, 0, 1, 0, 2, 0, 0, 0, 0, 0, 1, 0, 0, 2, 0, 0, 0, 0, 0, 0, 0, 0, 0, 0, 0, 1, 1, 2, 2, 0, 0, 2, 0, 0, 1, 1, 0, 2, 2, 0, 1, 0, 0, 0, 0, 0, 0, 0, 2, 0, 0, 0, 0, 0, 0, 0, 2, 2, 2, 3, 2, 0, 1, 1, 4, 2, 5, 1, 6, 2, 4, 2, 3, 709, 0, 0, 0, 0, 0, 0]",4,12.461265369356562,-1,0
3441,"[0, 4, 0, 4, 2, 6, 0, 3, 0, 1, 0, 2, 0, 0, 0, 0, 0, 1, 0, 0, 2, 0, 0, 0, 0, 0, 0, 0, 0, 0, 0, 0, 1, 1, 2, 2, 0, 0, 2, 0, 0, 1, 1, 0, 2, 2, 0, 1, 0, 0, 0, 0, 0, 0, 0, 2, 0, 0, 0, 0, 0, 0, 0, 2, 2, 2, 3, 2, 0, 1, 1, 4, 2, 5, 1, 6, 2, 4, 2, 3, 710, 0, 0, 0, 0, 0, 0]",4,13.992928546015989,-1,1
3442,"[0, 4, 0, 4, 2, 6, 0, 3, 0, 1, 0, 2, 0, 0, 0, 0, 0, 1, 0, 0, 2, 0, 0, 0, 0, 0, 0, 0, 0, 0, 0, 0, 1, 1, 2, 2, 0, 0, 2, 0, 0, 1, 1, 0, 2, 2, 0, 1, 0, 0, 0, 0, 0, 0, 0, 2, 0, 0, 0, 0, 0, 0, 0, 2, 2, 2, 3, 2, 0, 1, 1, 4, 2, 5, 1, 6, 2, 4, 2, 3, 710, 1, 0, 0, 0, 0, 0]",3,0.20000000027632653,-1,0
3443,"[0, 4, 0, 4, 2, 6, 0, 3, 0, 1, 0, 2, 0, 0, 0, 0, 0, 1, 0, 0, 2, 0, 0, 0, 0, 0, 0, 0, 0, 0, 0, 0, 1, 1, 2, 2, 0, 0, 2, 0, 0, 1, 1, 0, 2, 2, 0, 1, 0, 0, 0, 0, 0, 0, 0, 2, 0, 0, 0, 0, 0, 0, 0, 2, 2, 2, 3, 2, 0, 1, 1, 4, 2, 5, 1, 6, 2, 4, 2, 3, 710, 0, 0, 0, 0, 0, 0]",-1,-4.1255246163295196e-05,-1,0
3444,"[0, 4, 0, 4, 2, 6, 0, 3, 0, 1, 0, 2, 0, 0, 0, 0, 0, 1, 0, 0, 2, 0, 0, 0, 0, 0, 0, 0, 0, 0, 0, 0, 1, 1, 2, 2, 0, 0, 2, 0, 0, 1, 1, 0, 2, 2, 0, 1, 0, 0, 0, 0, 0, 0, 0, 2, 0, 0, 0, 0, 0, 0, 0, 2, 2, 2, 3, 2, 0, 1, 1, 4, 2, 5, 1, 6, 2, 4, 2, 3, 710, 1, 0, 0, 0, 0, 0]",3,0.20000000027632653,-1,0
3445,"[0, 4, 0, 4, 2, 6, 0, 3, 0, 1, 0, 2, 0, 0, 0, 0, 0, 1, 0, 0, 2, 0, 0, 0, 0, 0, 0, 0, 0, 0, 0, 0, 1, 1, 2, 2, 0, 0, 2, 0, 0, 1, 1, 0, 2, 2, 0, 1, 0, 0, 0, 0, 0, 0, 0, 2, 0, 0, 0, 0, 0, 0, 0, 2, 2, 2, 3, 2, 0, 1, 1, 4, 2, 5, 1, 6, 2, 4, 2, 3, 710, 0, 0, 0, 0, 0, 0]",-1,-4.1255246163295196e-05,-1,0
3446,"[0, 5, 0, 4, 2, 7, 0, 3, 0, 1, 0, 2, 0, 0, 0, 0, 0, 1, 0, 0, 2, 0, 0, 0, 0, 0, 0, 0, 0, 0, 0, 0, 1, 1, 2, 2, 0, 0, 2, 0, 0, 1, 1, 0, 2, 2, 0, 1, 0, 0, 0, 0, 0, 0, 0, 2, 0, 0, 0, 0, 0, 0, 0, 2, 2, 2, 3, 2, 0, 1, 1, 4, 2, 5, 1, 6, 2, 4, 2, 3, 711, 0, 0, 0, 0, 0, 0]",4,12.440424451748994,-1,0
3447,"[0, 5, 0, 4, 2, 7, 0, 3, 0, 1, 0, 2, 0, 0, 0, 0, 0, 1, 0, 0, 2, 0, 0, 0, 0, 0, 0, 0, 0, 0, 0, 0, 1, 1, 2, 2, 0, 0, 2, 0, 0, 1, 1, 0, 2, 2, 0, 1, 0, 0, 0, 0, 0, 0, 0, 2, 0, 0, 0, 0, 0, 0, 0, 2, 2, 2, 3, 2, 0, 1, 1, 4, 2, 5, 1, 6, 2, 4, 2, 3, 711, 0, 1, 0, 0, 0, 0]",2,0.40000000026549154,-1,1
3448,"[0, 5, 0, 4, 2, 7, 0, 3, 0, 1, 0, 2, 0, 0, 0, 0, 0, 1, 0, 0, 2, 0, 0, 0, 0, 0, 0, 0, 0, 0, 0, 0, 1, 1, 2, 2, 0, 0, 2, 0, 0, 1, 1, 0, 2, 2, 0, 1, 0, 0, 0, 0, 0, 0, 0, 2, 0, 0, 0, 0, 0, 0, 0, 2, 2, 2, 3, 2, 0, 1, 1, 4, 2, 5, 1, 6, 2, 4, 2, 3, 711, 0, 1, 0, 0, 1, 0]","[[1 0 0 0]
 [0 1 0 0]]",0.6504248653235825,-1,1
3449,"[0, 5, 0, 4, 2, 7, 0, 3, 0, 1, 0, 2, 0, 0, 0, 0, 0, 1, 0, 0, 2, 0, 0, 0, 0, 0, 0, 0, 0, 0, 0, 0, 1, 1, 2, 2, 0, 0, 2, 0, 0, 1, 1, 0, 2, 2, 0, 1, 0, 0, 0, 0, 0, 0, 0, 2, 0, 0, 0, 0, 0, 0, 0, 2, 2, 2, 3, 2, 0, 1, 1, 4, 2, 5, 1, 6, 2, 4, 2, 3, 711, 0, 0, 0, 0, 0, 0]",1,-0.19999999973450844,-1,0
3450,"[0, 5, 0, 5, 2, 7, 0, 4, 0, 1, 0, 2, 0, 0, 0, 0, 0, 1, 0, 0, 2, 0, 0, 0, 0, 0, 0, 0, 0, 0, 0, 0, 1, 1, 2, 2, 0, 0, 2, 0, 0, 1, 1, 0, 2, 2, 0, 1, 0, 0, 0, 0, 0, 0, 0, 2, 0, 0, 0, 0, 0, 0, 0, 2, 2, 2, 3, 2, 0, 1, 1, 4, 2, 5, 1, 6, 2, 4, 2, 3, 712, 0, 0, 0, 0, 0, 0]",4,13.958772887139503,-1,1
3451,"[0, 5, 0, 6, 2, 7, 0, 5, 0, 1, 0, 2, 0, 0, 0, 0, 0, 1, 0, 0, 2, 0, 0, 0, 0, 0, 0, 0, 0, 0, 0, 0, 1, 1, 2, 2, 0, 0, 2, 0, 0, 1, 1, 0, 2, 2, 0, 1, 0, 0, 0, 0, 0, 0, 0, 2, 0, 0, 0, 0, 0, 0, 0, 2, 2, 2, 3, 2, 0, 1, 1, 4, 2, 5, 1, 6, 2, 4, 2, 3, 713, 0, 0, 0, 0, 0, 0]",4,12.426190301136886,-1,0
3452,"[0, 6, 0, 6, 2, 8, 0, 5, 0, 1, 0, 2, 0, 0, 0, 0, 0, 1, 0, 0, 2, 0, 0, 0, 0, 0, 0, 0, 0, 0, 0, 0, 1, 1, 2, 2, 0, 0, 2, 0, 0, 1, 1, 0, 2, 2, 0, 1, 0, 0, 0, 0, 0, 0, 0, 2, 0, 0, 0, 0, 0, 0, 0, 2, 2, 2, 3, 2, 0, 1, 1, 4, 2, 5, 1, 6, 2, 4, 2, 3, 714, 0, 0, 0, 0, 0, 0]",4,13.937524451123343,-1,1
3453,"[0, 6, 0, 6, 3, 8, 0, 5, 0, 1, 0, 2, 0, 0, 0, 0, 0, 1, 0, 0, 2, 0, 0, 0, 0, 0, 0, 0, 0, 0, 0, 0, 1, 1, 2, 2, 0, 0, 2, 0, 0, 1, 1, 0, 2, 2, 0, 1, 0, 0, 0, 0, 0, 0, 0, 2, 0, 0, 0, 0, 0, 0, 0, 2, 2, 2, 3, 2, 0, 1, 1, 4, 2, 5, 1, 6, 2, 4, 2, 3, 715, 0, 0, 0, 0, 0, 0]",4,12.426017911784777,-1,0
3454,"[0, 6, 0, 7, 3, 8, 0, 6, 0, 1, 0, 2, 0, 0, 0, 0, 0, 1, 0, 0, 2, 0, 0, 0, 0, 0, 0, 0, 0, 0, 0, 0, 1, 1, 2, 2, 0, 0, 2, 0, 0, 1, 1, 0, 2, 2, 0, 1, 0, 0, 0, 0, 0, 0, 0, 2, 0, 0, 0, 0, 0, 0, 0, 2, 2, 2, 3, 2, 0, 1, 1, 4, 2, 5, 1, 6, 2, 4, 2, 3, 716, 0, 0, 0, 0, 0, 0]",4,13.991819129134775,-1,1
3455,"[0, 7, 0, 7, 3, 9, 0, 6, 0, 1, 0, 2, 0, 0, 0, 0, 0, 1, 0, 0, 2, 0, 0, 0, 0, 0, 0, 0, 0, 0, 0, 0, 1, 1, 2, 2, 0, 0, 2, 0, 0, 1, 1, 0, 2, 2, 0, 1, 0, 0, 0, 0, 0, 0, 0, 2, 0, 0, 0, 0, 0, 0, 0, 2, 2, 2, 3, 2, 0, 1, 1, 4, 2, 5, 1, 6, 2, 4, 2, 3, 717, 0, 0, 0, 0, 0, 0]",4,12.419702663304019,-1,0
3456,"[0, 7, 0, 7, 3, 9, 0, 6, 0, 1, 0, 2, 0, 0, 0, 0, 0, 1, 0, 0, 2, 0, 0, 0, 0, 0, 0, 0, 0, 0, 0, 0, 1, 1, 2, 2, 0, 0, 2, 0, 0, 1, 1, 0, 2, 2, 0, 1, 0, 0, 0, 0, 0, 0, 0, 2, 0, 0, 0, 0, 0, 0, 0, 2, 2, 2, 3, 2, 0, 1, 1, 4, 2, 5, 1, 6, 2, 4, 2, 3, 717, 0, 1, 0, 0, 0, 0]",2,0.4000000002088431,-1,1
3457,"[0, 7, 0, 7, 3, 9, 0, 6, 0, 1, 0, 2, 0, 0, 0, 0, 0, 1, 0, 0, 2, 0, 0, 0, 0, 0, 0, 0, 0, 0, 0, 0, 1, 1, 2, 2, 0, 0, 2, 0, 0, 1, 1, 0, 2, 2, 0, 1, 0, 0, 0, 0, 0, 0, 0, 2, 0, 0, 0, 0, 0, 0, 0, 2, 2, 2, 3, 2, 0, 1, 1, 4, 2, 5, 1, 6, 2, 4, 2, 3, 717, 0, 1, 0, 0, 1, 0]","[[1 0 0 0]
 [0 1 0 0]]",0.650424865266934,-1,1
3458,"[0, 7, 0, 7, 3, 9, 0, 6, 0, 1, 0, 2, 0, 0, 0, 0, 0, 1, 0, 0, 2, 0, 0, 0, 0, 0, 0, 0, 0, 0, 0, 0, 1, 1, 2, 2, 0, 0, 2, 0, 0, 1, 1, 0, 2, 2, 0, 1, 0, 0, 0, 0, 0, 0, 0, 2, 0, 0, 0, 0, 0, 0, 0, 2, 2, 2, 3, 2, 0, 1, 1, 4, 2, 5, 1, 6, 2, 4, 2, 3, 717, 0, 0, 0, 0, 0, 0]",1,-0.19999999979115693,-1,0
3459,"[0, 7, 0, 8, 3, 9, 0, 7, 0, 1, 0, 2, 0, 0, 0, 0, 0, 1, 0, 0, 2, 0, 0, 0, 0, 0, 0, 0, 0, 0, 0, 0, 1, 1, 2, 2, 0, 0, 2, 0, 0, 1, 1, 0, 2, 2, 0, 1, 0, 0, 0, 0, 0, 0, 0, 2, 0, 0, 0, 0, 0, 0, 0, 2, 2, 2, 3, 2, 0, 1, 1, 4, 2, 5, 1, 6, 2, 4, 2, 3, 718, 0, 0, 0, 0, 0, 0]",4,13.9726064713165,-1,1
3460,"[0, 7, 0, 8, 3, 9, 0, 7, 0, 1, 0, 2, 0, 0, 0, 0, 0, 1, 0, 0, 2, 0, 0, 0, 0, 0, 0, 0, 0, 0, 0, 0, 1, 1, 2, 2, 0, 0, 2, 0, 0, 1, 1, 0, 2, 2, 0, 1, 0, 0, 0, 0, 0, 0, 0, 2, 0, 0, 0, 0, 0, 0, 0, 2, 2, 2, 3, 2, 0, 1, 1, 4, 2, 5, 1, 6, 2, 4, 2, 3, 718, 0, 1, 0, 0, 0, 0]",2,0.4000000002006542,-1,0
3461,"[0, 7, 0, 8, 3, 9, 0, 7, 0, 1, 0, 2, 0, 0, 0, 0, 0, 1, 0, 0, 2, 0, 0, 0, 0, 0, 0, 0, 0, 0, 0, 0, 1, 1, 2, 2, 0, 0, 2, 0, 0, 1, 1, 0, 2, 2, 0, 1, 0, 0, 0, 0, 0, 0, 0, 2, 0, 0, 0, 0, 0, 0, 0, 2, 2, 2, 3, 2, 0, 1, 1, 4, 2, 5, 1, 6, 2, 4, 2, 3, 718, 0, 1, 0, 0, 1, 0]","[[0 0 0 1]
 [1 0 0 0]]",0.6504248652587451,-1,0
3462,"[1, 7, 0, 7, 2, 9, 0, 8, 0, 1, 0, 2, 0, 0, 0, 0, 0, 1, 0, 0, 2, 0, 0, 0, 0, 0, 0, 0, 0, 0, 0, 0, 1, 1, 2, 2, 0, 0, 2, 0, 0, 1, 1, 0, 2, 2, 0, 1, 0, 0, 0, 0, 0, 0, 0, 2, 0, 0, 0, 0, 0, 0, 0, 2, 2, 2, 3, 2, 0, 1, 1, 4, 2, 5, 1, 6, 2, 4, 2, 3, 718, 0, 0, 0, 0, 0, 0]",0,-0.19999999979934577,-1,1
3463,"[1, 7, 0, 7, 2, 9, 0, 8, 0, 1, 0, 2, 0, 0, 0, 0, 0, 1, 0, 0, 2, 0, 0, 0, 0, 0, 0, 0, 0, 0, 0, 0, 1, 1, 2, 2, 0, 0, 2, 0, 0, 1, 1, 0, 2, 2, 0, 1, 0, 0, 0, 0, 0, 0, 0, 2, 0, 0, 0, 0, 0, 0, 0, 2, 2, 2, 3, 2, 0, 1, 1, 4, 2, 5, 1, 6, 2, 4, 2, 3, 718, 0, 0, 0, 0, 0, 0]",0,0.2949747470312375,-1,0
3464,"[1, 7, 0, 7, 2, 9, 0, 8, 0, 1, 0, 2, 0, 0, 0, 0, 0, 1, 0, 0, 2, 0, 0, 0, 0, 0, 0, 0, 0, 0, 0, 0, 1, 1, 2, 2, 0, 0, 2, 0, 0, 1, 1, 0, 2, 2, 0, 1, 0, 0, 0, 0, 0, 0, 0, 2, 0, 0, 0, 0, 0, 0, 0, 2, 2, 2, 3, 2, 0, 1, 1, 4, 2, 5, 1, 6, 2, 4, 2, 3, 718, 0, 0, 0, 0, 0, 0]",-1,-3.8083392107542366e-05,-1,0
3465,"[1, 7, 0, 7, 2, 9, 0, 8, 0, 1, 0, 2, 0, 0, 0, 0, 0, 1, 0, 0, 2, 0, 0, 0, 0, 0, 0, 0, 0, 0, 0, 0, 1, 1, 2, 2, 0, 0, 2, 0, 0, 1, 1, 0, 2, 2, 0, 1, 0, 0, 0, 0, 0, 0, 0, 2, 0, 0, 0, 0, 0, 0, 0, 2, 2, 2, 3, 2, 0, 1, 1, 4, 2, 5, 1, 6, 2, 4, 2, 3, 718, 0, 0, 0, 0, 0, 0]",0,0.2949747470312375,-1,0
3466,"[1, 7, 0, 7, 2, 9, 0, 8, 0, 1, 0, 2, 0, 0, 0, 0, 0, 1, 0, 0, 2, 0, 0, 0, 0, 0, 0, 0, 0, 0, 0, 0, 1, 1, 2, 2, 0, 0, 2, 0, 0, 1, 1, 0, 2, 2, 0, 1, 0, 0, 0, 0, 0, 0, 0, 2, 0, 0, 0, 0, 0, 0, 0, 2, 2, 2, 3, 2, 0, 1, 1, 4, 2, 5, 1, 6, 2, 4, 2, 3, 718, 0, 0, 0, 0, 0, 0]",-1,-3.8083392107542366e-05,-1,0
3467,"[1, 7, 0, 7, 2, 9, 0, 8, 0, 1, 0, 2, 0, 0, 0, 0, 0, 1, 0, 0, 2, 0, 0, 0, 0, 0, 0, 0, 0, 0, 0, 0, 1, 1, 2, 2, 0, 0, 2, 0, 0, 1, 1, 0, 2, 2, 0, 1, 0, 0, 0, 0, 0, 0, 0, 2, 0, 0, 0, 0, 0, 0, 0, 2, 2, 2, 3, 2, 0, 1, 1, 4, 2, 5, 1, 6, 2, 4, 2, 3, 718, 0, 0, 0, 0, 0, 0]",0,0.2949747470312375,-1,0
3468,"[1, 7, 0, 7, 2, 9, 0, 8, 0, 1, 0, 2, 0, 0, 0, 0, 0, 1, 0, 0, 2, 0, 0, 0, 0, 0, 0, 0, 0, 0, 0, 0, 1, 1, 2, 2, 0, 0, 2, 0, 0, 1, 1, 0, 2, 2, 0, 1, 0, 0, 0, 0, 0, 0, 0, 2, 0, 0, 0, 0, 0, 0, 0, 2, 2, 2, 3, 2, 0, 1, 1, 4, 2, 5, 1, 6, 2, 4, 2, 3, 718, 0, 0, 0, 0, 0, 0]",-1,-3.8083392107542366e-05,-1,0
3469,"[1, 7, 0, 7, 2, 9, 0, 8, 0, 1, 0, 2, 0, 0, 0, 0, 0, 1, 0, 0, 2, 0, 0, 0, 0, 0, 0, 0, 0, 0, 0, 0, 1, 1, 2, 2, 0, 0, 2, 0, 0, 1, 1, 0, 2, 2, 0, 1, 0, 0, 0, 0, 0, 0, 0, 2, 0, 0, 0, 0, 0, 0, 0, 2, 2, 2, 3, 2, 0, 1, 1, 4, 2, 5, 1, 6, 2, 4, 2, 3, 718, 0, 0, 0, 0, 0, 0]",0,0.2949747470312375,-1,0
3470,"[1, 7, 0, 7, 2, 9, 0, 8, 0, 1, 0, 2, 0, 0, 0, 0, 0, 1, 0, 0, 2, 0, 0, 0, 0, 0, 0, 0, 0, 0, 0, 0, 1, 1, 2, 2, 0, 0, 2, 0, 0, 1, 1, 0, 2, 2, 0, 1, 0, 0, 0, 0, 0, 0, 0, 2, 0, 0, 0, 0, 0, 0, 0, 2, 2, 2, 3, 2, 0, 1, 1, 4, 2, 5, 1, 6, 2, 4, 2, 3, 718, 0, 0, 0, 0, 0, 0]",-1,-3.8083392107542366e-05,-1,0
3471,"[1, 7, 0, 7, 2, 9, 0, 8, 0, 1, 0, 2, 0, 0, 0, 0, 0, 1, 0, 0, 2, 0, 0, 0, 0, 0, 0, 0, 0, 0, 0, 0, 1, 1, 2, 2, 0, 0, 2, 0, 0, 1, 1, 0, 2, 2, 0, 1, 0, 0, 0, 0, 0, 0, 0, 2, 0, 0, 0, 0, 0, 0, 0, 2, 2, 2, 3, 2, 0, 1, 1, 4, 2, 5, 1, 6, 2, 4, 2, 3, 718, 0, 0, 0, 0, 0, 0]",0,0.2949747470312375,-1,0
3472,"[1, 7, 0, 7, 2, 9, 0, 8, 0, 1, 0, 2, 0, 0, 0, 0, 0, 1, 0, 0, 2, 0, 0, 0, 0, 0, 0, 0, 0, 0, 0, 0, 1, 1, 2, 2, 0, 0, 2, 0, 0, 1, 1, 0, 2, 2, 0, 1, 0, 0, 0, 0, 0, 0, 0, 2, 0, 0, 0, 0, 0, 0, 0, 2, 2, 2, 3, 2, 0, 1, 1, 4, 2, 5, 1, 6, 2, 4, 2, 3, 718, 0, 0, 0, 0, 0, 0]",-1,-3.8083392107542366e-05,-1,0
3473,"[1, 7, 0, 7, 2, 9, 0, 8, 0, 1, 0, 2, 0, 0, 0, 0, 0, 1, 0, 0, 2, 0, 0, 0, 0, 0, 0, 0, 0, 0, 0, 0, 1, 1, 2, 2, 0, 0, 2, 0, 0, 1, 1, 0, 2, 2, 0, 1, 0, 0, 0, 0, 0, 0, 0, 2, 0, 0, 0, 0, 0, 0, 0, 2, 2, 2, 3, 2, 0, 1, 1, 4, 2, 5, 1, 6, 2, 4, 2, 3, 718, 0, 0, 0, 0, 0, 0]",0,0.2949747470312375,-1,0
3474,"[1, 7, 0, 7, 2, 9, 0, 8, 0, 1, 0, 2, 0, 0, 0, 0, 0, 1, 0, 0, 2, 0, 0, 0, 0, 0, 0, 0, 0, 0, 0, 0, 1, 1, 2, 2, 0, 0, 2, 0, 0, 1, 1, 0, 2, 2, 0, 1, 0, 0, 0, 0, 0, 0, 0, 2, 0, 0, 0, 0, 0, 0, 0, 2, 2, 2, 3, 2, 0, 1, 1, 4, 2, 5, 1, 6, 2, 4, 2, 3, 718, 0, 0, 0, 0, 0, 0]",-1,-3.8083392107542366e-05,-1,0
3475,"[1, 7, 0, 7, 2, 9, 0, 8, 0, 1, 0, 2, 0, 0, 0, 0, 0, 1, 0, 0, 2, 0, 0, 0, 0, 0, 0, 0, 0, 0, 0, 0, 1, 1, 2, 2, 0, 0, 2, 0, 0, 1, 1, 0, 2, 2, 0, 1, 0, 0, 0, 0, 0, 0, 0, 2, 0, 0, 0, 0, 0, 0, 0, 2, 2, 2, 3, 2, 0, 1, 1, 4, 2, 5, 1, 6, 2, 4, 2, 3, 718, 0, 0, 0, 0, 0, 0]",0,0.2949747470312375,-1,0
3476,"[1, 7, 0, 7, 2, 9, 0, 8, 0, 1, 0, 2, 0, 0, 0, 0, 0, 1, 0, 0, 2, 0, 0, 0, 0, 0, 0, 0, 0, 0, 0, 0, 1, 1, 2, 2, 0, 0, 2, 0, 0, 1, 1, 0, 2, 2, 0, 1, 0, 0, 0, 0, 0, 0, 0, 2, 0, 0, 0, 0, 0, 0, 0, 2, 2, 2, 3, 2, 0, 1, 1, 4, 2, 5, 1, 6, 2, 4, 2, 3, 718, 0, 0, 0, 0, 0, 0]",-1,-3.8083392107542366e-05,-1,0
3477,"[1, 7, 0, 7, 2, 9, 0, 8, 0, 1, 0, 2, 0, 0, 0, 0, 0, 1, 0, 0, 2, 0, 0, 0, 0, 0, 0, 0, 0, 0, 0, 0, 1, 1, 2, 2, 0, 0, 2, 0, 0, 1, 1, 0, 2, 2, 0, 1, 0, 0, 0, 0, 0, 0, 0, 2, 0, 0, 0, 0, 0, 0, 0, 2, 2, 2, 3, 2, 0, 1, 1, 4, 2, 5, 1, 6, 2, 4, 2, 3, 718, 0, 0, 0, 0, 0, 0]",0,0.2949747470312375,-1,0
3478,"[1, 7, 0, 7, 2, 9, 0, 8, 0, 1, 0, 2, 0, 0, 0, 0, 0, 1, 0, 0, 2, 0, 0, 0, 0, 0, 0, 0, 0, 0, 0, 0, 1, 1, 2, 2, 0, 0, 2, 0, 0, 1, 1, 0, 2, 2, 0, 1, 0, 0, 0, 0, 0, 0, 0, 2, 0, 0, 0, 0, 0, 0, 0, 2, 2, 2, 3, 2, 0, 1, 1, 4, 2, 5, 1, 6, 2, 4, 2, 3, 718, 0, 0, 0, 0, 0, 0]",-1,-3.8083392107542366e-05,-1,0
3479,"[1, 7, 0, 7, 2, 9, 0, 8, 0, 1, 0, 2, 0, 0, 0, 0, 0, 1, 0, 0, 2, 0, 0, 0, 0, 0, 0, 0, 0, 0, 0, 0, 1, 1, 2, 2, 0, 0, 2, 0, 0, 1, 1, 0, 2, 2, 0, 1, 0, 0, 0, 0, 0, 0, 0, 2, 0, 0, 0, 0, 0, 0, 0, 2, 2, 2, 3, 2, 0, 1, 1, 4, 2, 5, 1, 6, 2, 4, 2, 3, 718, 0, 0, 0, 0, 0, 0]",1,0.6096241153002709,-1,0
3480,"[1, 7, 0, 7, 2, 9, 0, 8, 0, 1, 0, 2, 0, 0, 0, 0, 0, 1, 0, 0, 2, 0, 0, 0, 0, 0, 0, 0, 0, 0, 0, 0, 1, 1, 2, 2, 0, 0, 2, 0, 0, 1, 1, 0, 2, 2, 0, 1, 0, 0, 0, 0, 0, 0, 0, 2, 0, 0, 0, 0, 0, 0, 0, 2, 2, 2, 3, 2, 0, 1, 1, 4, 2, 5, 1, 6, 2, 4, 2, 3, 718, 0, 0, 0, 0, 0, 0]",-1,-3.8083392107542366e-05,-1,0
3481,"[1, 8, 0, 7, 2, 10, 0, 8, 0, 1, 0, 2, 0, 0, 0, 0, 0, 1, 0, 0, 2, 0, 0, 0, 0, 0, 0, 0, 0, 0, 0, 0, 1, 1, 2, 2, 0, 0, 2, 0, 0, 1, 1, 0, 2, 2, 0, 1, 0, 0, 0, 0, 0, 0, 0, 2, 0, 0, 0, 0, 0, 0, 0, 2, 2, 2, 3, 2, 0, 1, 1, 4, 2, 5, 1, 6, 2, 4, 2, 3, 719, 0, 0, 0, 0, 0, 0]",4,12.485639252203933,-1,0
3482,"[1, 9, 0, 7, 2, 11, 0, 8, 0, 1, 0, 2, 0, 0, 0, 0, 0, 1, 0, 0, 2, 0, 0, 0, 0, 0, 0, 0, 0, 0, 0, 0, 1, 1, 2, 2, 0, 0, 2, 0, 0, 1, 1, 0, 2, 2, 0, 1, 0, 0, 0, 0, 0, 0, 0, 2, 0, 0, 0, 0, 0, 0, 0, 2, 2, 2, 3, 2, 0, 1, 1, 4, 2, 5, 1, 6, 2, 4, 2, 3, 720, 0, 0, 0, 0, 0, 0]",4,13.903352241852033,-1,1
3483,"[1, 9, 0, 7, 2, 11, 0, 8, 0, 1, 0, 2, 0, 0, 0, 0, 0, 1, 0, 0, 2, 0, 0, 0, 0, 0, 0, 0, 0, 0, 0, 0, 1, 1, 2, 2, 0, 0, 2, 0, 0, 1, 1, 0, 2, 2, 0, 1, 0, 0, 0, 0, 0, 0, 0, 2, 0, 0, 0, 0, 0, 0, 0, 2, 2, 2, 3, 2, 0, 1, 1, 4, 2, 5, 1, 6, 2, 4, 2, 3, 720, 0, 0, 0, 0, 0, 0]",1,0.609624115284844,-1,0
3484,"[1, 9, 0, 7, 2, 11, 0, 8, 0, 1, 0, 2, 0, 0, 0, 0, 0, 1, 0, 0, 2, 0, 0, 0, 0, 0, 0, 0, 0, 0, 0, 0, 1, 1, 2, 2, 0, 0, 2, 0, 0, 1, 1, 0, 2, 2, 0, 1, 0, 0, 0, 0, 0, 0, 0, 2, 0, 0, 0, 0, 0, 0, 0, 2, 2, 2, 3, 2, 0, 1, 1, 4, 2, 5, 1, 6, 2, 4, 2, 3, 720, 0, 0, 0, 0, 0, 0]",-1,-3.732929041883396e-05,-1,0
3485,"[1, 9, 0, 7, 2, 11, 0, 8, 0, 1, 0, 2, 0, 0, 0, 0, 0, 1, 0, 0, 2, 0, 0, 0, 0, 0, 0, 0, 0, 0, 0, 0, 1, 1, 2, 2, 0, 0, 2, 0, 0, 1, 1, 0, 2, 2, 0, 1, 0, 0, 0, 0, 0, 0, 0, 2, 0, 0, 0, 0, 0, 0, 0, 2, 2, 2, 3, 2, 0, 1, 1, 4, 2, 5, 1, 6, 2, 4, 2, 3, 720, 0, 1, 0, 0, 0, 0]",2,0.4000000001852272,-1,0
3486,"[1, 9, 0, 7, 2, 11, 0, 8, 0, 1, 0, 2, 0, 0, 0, 0, 0, 1, 0, 0, 2, 0, 0, 0, 0, 0, 0, 0, 0, 0, 0, 0, 1, 1, 2, 2, 0, 0, 2, 0, 0, 1, 1, 0, 2, 2, 0, 1, 0, 0, 0, 0, 0, 0, 0, 2, 0, 0, 0, 0, 0, 0, 0, 2, 2, 2, 3, 2, 0, 1, 1, 4, 2, 5, 1, 6, 2, 4, 2, 3, 720, 0, 0, 0, 0, 0, 0]",-1,-3.732929041883396e-05,-1,0
3487,"[1, 9, 0, 7, 2, 11, 0, 8, 0, 1, 0, 2, 0, 0, 0, 0, 0, 1, 0, 0, 2, 0, 0, 0, 0, 0, 0, 0, 0, 0, 0, 0, 1, 1, 2, 2, 0, 0, 2, 0, 0, 1, 1, 0, 2, 2, 0, 1, 0, 0, 0, 0, 0, 0, 0, 2, 0, 0, 0, 0, 0, 0, 0, 2, 2, 2, 3, 2, 0, 1, 1, 4, 2, 5, 1, 6, 2, 4, 2, 3, 720, 1, 0, 0, 0, 0, 0]",3,0.20000000018522723,-1,0
3488,"[1, 9, 0, 7, 2, 11, 0, 8, 0, 1, 0, 2, 0, 0, 0, 0, 0, 1, 0, 0, 2, 0, 0, 0, 0, 0, 0, 0, 0, 0, 0, 0, 1, 1, 2, 2, 0, 0, 2, 0, 0, 1, 1, 0, 2, 2, 0, 1, 0, 0, 0, 0, 0, 0, 0, 2, 0, 0, 0, 0, 0, 0, 0, 2, 2, 2, 3, 2, 0, 1, 1, 4, 2, 5, 1, 6, 2, 4, 2, 3, 720, 0, 0, 0, 0, 0, 0]",-1,-3.732929041883396e-05,-1,0
3489,"[1, 9, 0, 7, 2, 11, 0, 8, 0, 1, 0, 2, 0, 0, 0, 0, 0, 1, 0, 0, 2, 0, 0, 0, 0, 0, 0, 0, 0, 0, 0, 0, 1, 1, 2, 2, 0, 0, 2, 0, 0, 1, 1, 0, 2, 2, 0, 1, 0, 0, 0, 0, 0, 0, 0, 2, 0, 0, 0, 0, 0, 0, 0, 2, 2, 2, 3, 2, 0, 1, 1, 4, 2, 5, 1, 6, 2, 4, 2, 3, 720, 0, 1, 0, 0, 0, 0]",2,0.4000000001852272,-1,0
3490,"[1, 9, 0, 7, 2, 11, 0, 8, 0, 1, 0, 2, 0, 0, 0, 0, 0, 1, 0, 0, 2, 0, 0, 0, 0, 0, 0, 0, 0, 0, 0, 0, 1, 1, 2, 2, 0, 0, 2, 0, 0, 1, 1, 0, 2, 2, 0, 1, 0, 0, 0, 0, 0, 0, 0, 2, 0, 0, 0, 0, 0, 0, 0, 2, 2, 2, 3, 2, 0, 1, 1, 4, 2, 5, 1, 6, 2, 4, 2, 3, 720, 0, 0, 0, 0, 0, 0]",-1,-3.732929041883396e-05,-1,0
3491,"[1, 9, 0, 7, 2, 11, 0, 8, 0, 1, 0, 2, 0, 0, 0, 0, 0, 1, 0, 0, 2, 0, 0, 0, 0, 0, 0, 0, 0, 0, 0, 0, 1, 1, 2, 2, 0, 0, 2, 0, 0, 1, 1, 0, 2, 2, 0, 1, 0, 0, 0, 0, 0, 0, 0, 2, 0, 0, 0, 0, 0, 0, 0, 2, 2, 2, 3, 2, 0, 1, 1, 4, 2, 5, 1, 6, 2, 4, 2, 3, 720, 0, 0, 0, 0, 0, 0]",1,0.609624115284844,-1,0
3492,"[1, 9, 0, 7, 2, 11, 0, 8, 0, 1, 0, 2, 0, 0, 0, 0, 0, 1, 0, 0, 2, 0, 0, 0, 0, 0, 0, 0, 0, 0, 0, 0, 1, 1, 2, 2, 0, 0, 2, 0, 0, 1, 1, 0, 2, 2, 0, 1, 0, 0, 0, 0, 0, 0, 0, 2, 0, 0, 0, 0, 0, 0, 0, 2, 2, 2, 3, 2, 0, 1, 1, 4, 2, 5, 1, 6, 2, 4, 2, 3, 720, 0, 0, 0, 0, 0, 0]",-1,-3.732929041883396e-05,-1,0
3493,"[1, 9, 0, 7, 2, 11, 0, 8, 0, 1, 0, 2, 0, 0, 0, 0, 0, 1, 0, 0, 2, 0, 0, 0, 0, 0, 0, 0, 0, 0, 0, 0, 1, 1, 2, 2, 0, 0, 2, 0, 0, 1, 1, 0, 2, 2, 0, 1, 0, 0, 0, 0, 0, 0, 0, 2, 0, 0, 0, 0, 0, 0, 0, 2, 2, 2, 3, 2, 0, 1, 1, 4, 2, 5, 1, 6, 2, 4, 2, 3, 720, 0, 1, 0, 0, 0, 0]",2,0.4000000001852272,-1,0
3494,"[1, 9, 0, 7, 2, 11, 0, 8, 0, 1, 0, 2, 0, 0, 0, 0, 0, 1, 0, 0, 2, 0, 0, 0, 0, 0, 0, 0, 0, 0, 0, 0, 1, 1, 2, 2, 0, 0, 2, 0, 0, 1, 1, 0, 2, 2, 0, 1, 0, 0, 0, 0, 0, 0, 0, 2, 0, 0, 0, 0, 0, 0, 0, 2, 2, 2, 3, 2, 0, 1, 1, 4, 2, 5, 1, 6, 2, 4, 2, 3, 720, 0, 0, 0, 0, 0, 0]",-1,-3.732929041883396e-05,-1,0
3495,"[1, 9, 0, 7, 2, 11, 0, 8, 0, 1, 0, 2, 0, 0, 0, 0, 0, 1, 0, 0, 2, 0, 0, 0, 0, 0, 0, 0, 0, 0, 0, 0, 1, 1, 2, 2, 0, 0, 2, 0, 0, 1, 1, 0, 2, 2, 0, 1, 0, 0, 0, 0, 0, 0, 0, 2, 0, 0, 0, 0, 0, 0, 0, 2, 2, 2, 3, 2, 0, 1, 1, 4, 2, 5, 1, 6, 2, 4, 2, 3, 721, 0, 0, 0, 0, 0, 0]",4,12.473446980612001,-1,0
3496,"[1, 10, 0, 7, 2, 12, 0, 8, 0, 1, 0, 2, 0, 0, 0, 0, 0, 1, 0, 0, 2, 0, 0, 0, 0, 0, 0, 0, 0, 0, 0, 0, 1, 1, 2, 2, 0, 0, 2, 0, 0, 1, 1, 0, 2, 2, 0, 1, 0, 0, 0, 0, 0, 0, 0, 2, 0, 0, 0, 0, 0, 0, 0, 2, 2, 2, 3, 2, 0, 1, 1, 4, 2, 5, 1, 6, 2, 4, 2, 3, 722, 0, 0, 0, 0, 0, 0]",4,13.889632326631299,-1,1
3497,"[1, 10, 0, 7, 2, 12, 0, 8, 0, 1, 0, 2, 0, 0, 0, 0, 0, 1, 0, 0, 2, 0, 0, 0, 0, 0, 0, 0, 0, 0, 0, 0, 1, 1, 2, 2, 0, 0, 2, 0, 0, 1, 1, 0, 2, 2, 0, 1, 0, 0, 0, 0, 0, 0, 0, 2, 0, 0, 0, 0, 0, 0, 0, 2, 2, 2, 3, 2, 0, 1, 1, 4, 2, 5, 1, 6, 2, 4, 2, 3, 722, 1, 0, 0, 0, 0, 0]",3,0.20000000017098626,-1,0
3498,"[1, 10, 0, 7, 2, 12, 0, 8, 0, 1, 0, 2, 0, 0, 0, 0, 0, 1, 0, 0, 2, 0, 0, 0, 0, 0, 0, 0, 0, 0, 0, 0, 1, 1, 2, 2, 0, 0, 2, 0, 0, 1, 1, 0, 2, 2, 0, 1, 0, 0, 0, 0, 0, 0, 0, 2, 0, 0, 0, 0, 0, 0, 0, 2, 2, 2, 3, 2, 0, 1, 1, 4, 2, 5, 1, 6, 2, 4, 2, 3, 722, 0, 0, 0, 0, 0, 0]",-1,-3.659012094402364e-05,-1,0
3499,"[1, 10, 0, 7, 2, 12, 0, 8, 0, 1, 0, 2, 0, 0, 0, 0, 0, 1, 0, 0, 2, 0, 0, 0, 0, 0, 0, 0, 0, 0, 0, 0, 1, 1, 2, 2, 0, 0, 2, 0, 0, 1, 1, 0, 2, 2, 0, 1, 0, 0, 0, 0, 0, 0, 0, 2, 0, 0, 0, 0, 0, 0, 0, 2, 2, 2, 3, 2, 0, 1, 1, 4, 2, 5, 1, 6, 2, 4, 2, 3, 722, 1, 0, 0, 0, 0, 0]",3,0.20000000017098626,-1,0
3500,"[1, 10, 0, 7, 2, 12, 0, 8, 0, 1, 0, 2, 0, 0, 0, 0, 0, 1, 0, 0, 2, 0, 0, 0, 0, 0, 0, 0, 0, 0, 0, 0, 1, 1, 2, 2, 0, 0, 2, 0, 0, 1, 1, 0, 2, 2, 0, 1, 0, 0, 0, 0, 0, 0, 0, 2, 0, 0, 0, 0, 0, 0, 0, 2, 2, 2, 3, 2, 0, 1, 1, 4, 2, 5, 1, 6, 2, 4, 2, 3, 722, 0, 0, 0, 0, 0, 0]",-1,-3.659012094402364e-05,-1,0
3501,"[1, 10, 0, 7, 2, 12, 0, 8, 0, 1, 0, 2, 0, 0, 0, 0, 0, 1, 0, 0, 2, 0, 0, 0, 0, 0, 0, 0, 0, 0, 0, 0, 1, 1, 2, 2, 0, 0, 2, 0, 0, 1, 1, 0, 2, 2, 0, 1, 0, 0, 0, 0, 0, 0, 0, 2, 0, 0, 0, 0, 0, 0, 0, 2, 2, 2, 3, 2, 0, 1, 1, 4, 2, 5, 1, 6, 2, 4, 2, 3, 722, 0, 1, 0, 0, 0, 0]",2,0.40000000017098625,-1,0
3502,"[1, 10, 0, 7, 2, 12, 0, 8, 0, 1, 0, 2, 0, 0, 0, 0, 0, 1, 0, 0, 2, 0, 0, 0, 0, 0, 0, 0, 0, 0, 0, 0, 1, 1, 2, 2, 0, 0, 2, 0, 0, 1, 1, 0, 2, 2, 0, 1, 0, 0, 0, 0, 0, 0, 0, 2, 0, 0, 0, 0, 0, 0, 0, 2, 2, 2, 3, 2, 0, 1, 1, 4, 2, 5, 1, 6, 2, 4, 2, 3, 722, 0, 0, 0, 0, 0, 0]",-1,-3.659012094402364e-05,-1,0
3503,"[1, 10, 0, 7, 2, 12, 0, 8, 0, 1, 0, 2, 0, 0, 0, 0, 0, 1, 0, 0, 2, 0, 0, 0, 0, 0, 0, 0, 0, 0, 0, 0, 1, 1, 2, 2, 0, 0, 2, 0, 0, 1, 1, 0, 2, 2, 0, 1, 0, 0, 0, 0, 0, 0, 0, 2, 0, 0, 0, 0, 0, 0, 0, 2, 2, 2, 3, 2, 0, 1, 1, 4, 2, 5, 1, 6, 2, 4, 2, 3, 722, 1, 0, 0, 0, 0, 0]",3,0.20000000017098626,-1,0
3504,"[1, 10, 0, 7, 2, 12, 0, 8, 0, 1, 0, 2, 0, 0, 0, 0, 0, 1, 0, 0, 2, 0, 0, 0, 0, 0, 0, 0, 0, 0, 0, 0, 1, 1, 2, 2, 0, 0, 2, 0, 0, 1, 1, 0, 2, 2, 0, 1, 0, 0, 0, 0, 0, 0, 0, 2, 0, 0, 0, 0, 0, 0, 0, 2, 2, 2, 3, 2, 0, 1, 1, 4, 2, 5, 1, 6, 2, 4, 2, 3, 722, 0, 0, 0, 0, 0, 0]",-1,-3.659012094402364e-05,-1,0
3505,"[1, 10, 0, 7, 3, 12, 0, 8, 0, 1, 0, 2, 0, 0, 0, 0, 0, 1, 0, 0, 2, 0, 0, 0, 0, 0, 0, 0, 0, 0, 0, 0, 1, 1, 2, 2, 0, 0, 2, 0, 0, 1, 1, 0, 2, 2, 0, 1, 0, 0, 0, 0, 0, 0, 0, 2, 0, 0, 0, 0, 0, 0, 0, 2, 2, 2, 3, 2, 0, 1, 1, 4, 2, 5, 1, 6, 2, 4, 2, 3, 723, 0, 0, 0, 0, 0, 0]",4,12.459666087338746,-1,0
3506,"[1, 10, 0, 7, 3, 12, 0, 8, 0, 1, 0, 2, 0, 0, 0, 0, 0, 1, 0, 0, 2, 0, 0, 0, 0, 0, 0, 0, 0, 0, 0, 0, 1, 1, 2, 2, 0, 0, 2, 0, 0, 1, 1, 0, 2, 2, 0, 1, 0, 0, 0, 0, 0, 0, 0, 2, 0, 0, 0, 0, 0, 0, 0, 2, 2, 2, 3, 2, 0, 1, 1, 4, 2, 5, 1, 6, 2, 4, 2, 3, 723, 0, 1, 0, 0, 0, 0]",2,0.4000000001642817,-1,1
3507,"[1, 10, 0, 7, 3, 12, 0, 8, 0, 1, 0, 2, 0, 0, 0, 0, 0, 1, 0, 0, 2, 0, 0, 0, 0, 0, 0, 0, 0, 0, 0, 0, 1, 1, 2, 2, 0, 0, 2, 0, 0, 1, 1, 0, 2, 2, 0, 1, 0, 0, 0, 0, 0, 0, 0, 2, 0, 0, 0, 0, 0, 0, 0, 2, 2, 2, 3, 2, 0, 1, 1, 4, 2, 5, 1, 6, 2, 4, 2, 3, 723, 0, 1, 0, 0, 1, 0]","[[1 0 0 0]
 [0 1 0 0]]",0.6504248652223726,-1,1
3508,"[2, 9, 0, 7, 2, 13, 0, 8, 0, 1, 0, 2, 0, 0, 0, 0, 0, 1, 0, 0, 2, 0, 0, 0, 0, 0, 0, 0, 0, 0, 0, 0, 1, 1, 2, 2, 0, 0, 2, 0, 0, 1, 1, 0, 2, 2, 0, 1, 0, 0, 0, 0, 0, 0, 0, 2, 0, 0, 0, 0, 0, 0, 0, 2, 2, 2, 3, 2, 0, 1, 1, 4, 2, 5, 1, 6, 2, 4, 2, 3, 723, 0, 0, 0, 0, 0, 0]",0,-0.19999999983571823,-1,0
3509,"[2, 9, 0, 8, 2, 13, 0, 9, 0, 1, 0, 2, 0, 0, 0, 0, 0, 1, 0, 0, 2, 0, 0, 0, 0, 0, 0, 0, 0, 0, 0, 0, 1, 1, 2, 2, 0, 0, 2, 0, 0, 1, 1, 0, 2, 2, 0, 1, 0, 0, 0, 0, 0, 0, 0, 2, 0, 0, 0, 0, 0, 0, 0, 2, 2, 2, 3, 2, 0, 1, 1, 4, 2, 5, 1, 6, 2, 4, 2, 3, 724, 0, 0, 0, 0, 0, 0]",4,13.884533192098862,-1,1
3510,"[2, 9, 0, 8, 2, 13, 0, 9, 0, 1, 0, 2, 0, 0, 0, 0, 0, 1, 0, 0, 2, 0, 0, 0, 0, 0, 0, 0, 0, 0, 0, 0, 1, 1, 2, 2, 0, 0, 2, 0, 0, 1, 1, 0, 2, 2, 0, 1, 0, 0, 0, 0, 0, 0, 0, 2, 0, 0, 0, 0, 0, 0, 0, 2, 2, 2, 3, 2, 0, 1, 1, 4, 2, 5, 1, 6, 2, 4, 2, 3, 724, 0, 0, 0, 0, 0, 0]",1,0.609624115257457,-1,0
3511,"[2, 9, 0, 8, 2, 13, 0, 9, 0, 1, 0, 2, 0, 0, 0, 0, 0, 1, 0, 0, 2, 0, 0, 0, 0, 0, 0, 0, 0, 0, 0, 0, 1, 1, 2, 2, 0, 0, 2, 0, 0, 1, 1, 0, 2, 2, 0, 1, 0, 0, 0, 0, 0, 0, 0, 2, 0, 0, 0, 0, 0, 0, 0, 2, 2, 2, 3, 2, 0, 1, 1, 4, 2, 5, 1, 6, 2, 4, 2, 3, 724, 0, 0, 0, 0, 0, 0]",-1,-3.586558800546568e-05,-1,0
3512,"[2, 9, 0, 9, 2, 13, 0, 10, 0, 1, 0, 2, 0, 0, 0, 0, 0, 1, 0, 0, 2, 0, 0, 0, 0, 0, 0, 0, 0, 0, 0, 0, 1, 1, 2, 2, 0, 0, 2, 0, 0, 1, 1, 0, 2, 2, 0, 1, 0, 0, 0, 0, 0, 0, 0, 2, 0, 0, 0, 0, 0, 0, 0, 2, 2, 2, 3, 2, 0, 1, 1, 4, 2, 5, 1, 6, 2, 4, 2, 3, 725, 0, 0, 0, 0, 0, 0]",4,13.889774866486825,-1,1
3513,"[2, 9, 0, 9, 2, 13, 0, 10, 0, 1, 0, 2, 0, 0, 0, 0, 0, 1, 0, 0, 2, 0, 0, 0, 0, 0, 0, 0, 0, 0, 0, 0, 1, 1, 2, 2, 0, 0, 2, 0, 0, 1, 1, 0, 2, 2, 0, 1, 0, 0, 0, 0, 0, 0, 0, 2, 0, 0, 0, 0, 0, 0, 0, 2, 2, 2, 3, 2, 0, 1, 1, 4, 2, 5, 1, 6, 2, 4, 2, 3, 725, 0, 1, 0, 0, 0, 0]",2,0.40000000015165116,-1,0
3514,"[2, 9, 0, 9, 2, 13, 0, 10, 0, 1, 0, 2, 0, 0, 0, 0, 0, 1, 0, 0, 2, 0, 0, 0, 0, 0, 0, 0, 0, 0, 0, 0, 1, 1, 2, 2, 0, 0, 2, 0, 0, 1, 1, 0, 2, 2, 0, 1, 0, 0, 0, 0, 0, 0, 0, 2, 0, 0, 0, 0, 0, 0, 0, 2, 2, 2, 3, 2, 0, 1, 1, 4, 2, 5, 1, 6, 2, 4, 2, 3, 725, 0, 0, 0, 0, 0, 0]",-1,-3.5508719442127454e-05,-1,0
3515,"[2, 9, 0, 9, 3, 13, 0, 10, 0, 1, 0, 2, 0, 0, 0, 0, 0, 1, 0, 0, 2, 0, 0, 0, 0, 0, 0, 0, 0, 0, 0, 0, 1, 1, 2, 2, 0, 0, 2, 0, 0, 1, 1, 0, 2, 2, 0, 1, 0, 0, 0, 0, 0, 0, 0, 2, 0, 0, 0, 0, 0, 0, 0, 2, 2, 2, 3, 2, 0, 1, 1, 4, 2, 5, 1, 6, 2, 4, 2, 3, 726, 0, 0, 0, 0, 0, 0]",4,12.523515651365718,-1,0
3516,"[2, 9, 0, 9, 3, 13, 0, 10, 0, 1, 0, 2, 0, 0, 0, 0, 0, 1, 0, 0, 2, 0, 0, 0, 0, 0, 0, 0, 0, 0, 0, 0, 1, 1, 2, 2, 0, 0, 2, 0, 0, 1, 1, 0, 2, 2, 0, 1, 0, 0, 0, 0, 0, 0, 0, 2, 0, 0, 0, 0, 0, 0, 0, 2, 2, 2, 3, 2, 0, 1, 1, 4, 2, 5, 1, 6, 2, 4, 2, 3, 727, 0, 0, 0, 0, 0, 0]",4,13.925779294277213,-1,1
3517,"[2, 9, 0, 9, 3, 13, 0, 10, 0, 1, 0, 2, 0, 0, 0, 0, 0, 1, 0, 0, 2, 0, 0, 0, 0, 0, 0, 0, 0, 0, 0, 0, 1, 1, 2, 2, 0, 0, 2, 0, 0, 1, 1, 0, 2, 2, 0, 1, 0, 0, 0, 0, 0, 0, 0, 2, 0, 0, 0, 0, 0, 0, 0, 2, 2, 2, 3, 2, 0, 1, 1, 4, 2, 5, 1, 6, 2, 4, 2, 3, 727, 0, 1, 0, 0, 0, 0]",2,0.4000000001399917,-1,0
3518,"[2, 9, 0, 9, 3, 13, 0, 10, 0, 1, 0, 2, 0, 0, 0, 0, 0, 1, 0, 0, 2, 0, 0, 0, 0, 0, 0, 0, 0, 0, 0, 0, 1, 1, 2, 2, 0, 0, 2, 0, 0, 1, 1, 0, 2, 2, 0, 1, 0, 0, 0, 0, 0, 0, 0, 2, 0, 0, 0, 0, 0, 0, 0, 2, 2, 2, 3, 2, 0, 1, 1, 4, 2, 5, 1, 6, 2, 4, 2, 3, 727, 0, 0, 0, 0, 0, 0]",-1,-3.4805599687995107e-05,-1,0
3519,"[2, 9, 0, 9, 3, 13, 0, 10, 0, 1, 0, 2, 0, 0, 0, 0, 0, 1, 0, 0, 2, 0, 0, 0, 0, 0, 0, 0, 0, 0, 0, 0, 1, 1, 2, 2, 0, 0, 2, 0, 0, 1, 1, 0, 2, 2, 0, 1, 0, 0, 0, 0, 0, 0, 0, 2, 0, 0, 0, 0, 0, 0, 0, 2, 2, 2, 3, 2, 0, 1, 1, 4, 2, 5, 1, 6, 2, 4, 2, 3, 727, 0, 0, 0, 0, 0, 0]",1,0.6096241152396085,-1,0
3520,"[2, 9, 0, 9, 3, 13, 0, 10, 0, 1, 0, 2, 0, 0, 0, 0, 0, 1, 0, 0, 2, 0, 0, 0, 0, 0, 0, 0, 0, 0, 0, 0, 1, 1, 2, 2, 0, 0, 2, 0, 0, 1, 1, 0, 2, 2, 0, 1, 0, 0, 0, 0, 0, 0, 0, 2, 0, 0, 0, 0, 0, 0, 0, 2, 2, 2, 3, 2, 0, 1, 1, 4, 2, 5, 1, 6, 2, 4, 2, 3, 727, 0, 0, 0, 0, 0, 0]",-1,-3.4805599687995107e-05,-1,0
3521,"[2, 9, 0, 9, 3, 13, 0, 10, 0, 1, 0, 2, 0, 0, 0, 0, 0, 1, 0, 0, 2, 0, 0, 0, 0, 0, 0, 0, 0, 0, 0, 0, 1, 1, 2, 2, 0, 0, 2, 0, 0, 1, 1, 0, 2, 2, 0, 1, 0, 0, 0, 0, 0, 0, 0, 2, 0, 0, 0, 0, 0, 0, 0, 2, 2, 2, 3, 2, 0, 1, 1, 4, 2, 5, 1, 6, 2, 4, 2, 3, 727, 0, 1, 0, 0, 0, 0]",2,0.4000000001399917,-1,0
3522,"[2, 9, 0, 9, 3, 13, 0, 10, 0, 1, 0, 2, 0, 0, 0, 0, 0, 1, 0, 0, 2, 0, 0, 0, 0, 0, 0, 0, 0, 0, 0, 0, 1, 1, 2, 2, 0, 0, 2, 0, 0, 1, 1, 0, 2, 2, 0, 1, 0, 0, 0, 0, 0, 0, 0, 2, 0, 0, 0, 0, 0, 0, 0, 2, 2, 2, 3, 2, 0, 1, 1, 4, 2, 5, 1, 6, 2, 4, 2, 3, 727, 0, 0, 0, 0, 0, 0]",-1,-3.4805599687995107e-05,-1,0
3523,"[2, 9, 0, 9, 3, 13, 0, 10, 0, 1, 0, 2, 0, 0, 0, 0, 0, 1, 0, 0, 2, 0, 0, 0, 0, 0, 0, 0, 0, 0, 0, 0, 1, 1, 2, 2, 0, 0, 2, 0, 0, 1, 1, 0, 2, 2, 0, 1, 0, 0, 0, 0, 0, 0, 0, 2, 0, 0, 0, 0, 0, 0, 0, 2, 2, 2, 3, 2, 0, 1, 1, 4, 2, 5, 1, 6, 2, 4, 2, 3, 727, 0, 1, 0, 0, 0, 0]",2,0.4000000001399917,-1,0
3524,"[2, 9, 0, 9, 3, 13, 0, 10, 0, 1, 0, 2, 0, 0, 0, 0, 0, 1, 0, 0, 2, 0, 0, 0, 0, 0, 0, 0, 0, 0, 0, 0, 1, 1, 2, 2, 0, 0, 2, 0, 0, 1, 1, 0, 2, 2, 0, 1, 0, 0, 0, 0, 0, 0, 0, 2, 0, 0, 0, 0, 0, 0, 0, 2, 2, 2, 3, 2, 0, 1, 1, 4, 2, 5, 1, 6, 2, 4, 2, 3, 727, 0, 0, 0, 0, 0, 0]",-1,-3.4805599687995107e-05,-1,0
3525,"[2, 9, 0, 9, 3, 13, 0, 10, 0, 1, 0, 2, 0, 0, 0, 0, 0, 1, 0, 0, 2, 0, 0, 0, 0, 0, 0, 0, 0, 0, 0, 0, 1, 1, 2, 2, 0, 0, 2, 0, 0, 1, 1, 0, 2, 2, 0, 1, 0, 0, 0, 0, 0, 0, 0, 2, 0, 0, 0, 0, 0, 0, 0, 2, 2, 2, 3, 2, 0, 1, 1, 4, 2, 5, 1, 6, 2, 4, 2, 3, 727, 0, 0, 0, 0, 0, 0]",1,0.6096241152396085,-1,0
3526,"[2, 9, 0, 9, 3, 13, 0, 10, 0, 1, 0, 2, 0, 0, 0, 0, 0, 1, 0, 0, 2, 0, 0, 0, 0, 0, 0, 0, 0, 0, 0, 0, 1, 1, 2, 2, 0, 0, 2, 0, 0, 1, 1, 0, 2, 2, 0, 1, 0, 0, 0, 0, 0, 0, 0, 2, 0, 0, 0, 0, 0, 0, 0, 2, 2, 2, 3, 2, 0, 1, 1, 4, 2, 5, 1, 6, 2, 4, 2, 3, 727, 0, 0, 0, 0, 0, 0]",-1,-3.4805599687995107e-05,-1,0
3527,"[2, 9, 0, 9, 3, 13, 0, 10, 0, 1, 0, 2, 0, 0, 0, 0, 0, 1, 0, 0, 2, 0, 0, 0, 0, 0, 0, 0, 0, 0, 0, 0, 1, 1, 2, 2, 0, 0, 2, 0, 0, 1, 1, 0, 2, 2, 0, 1, 0, 0, 0, 0, 0, 0, 0, 2, 0, 0, 0, 0, 0, 0, 0, 2, 2, 2, 3, 2, 0, 1, 1, 4, 2, 5, 1, 6, 2, 4, 2, 3, 727, 1, 0, 0, 0, 0, 0]",3,0.20000000013999172,-1,0
3528,"[0, 9, 0, 10, 3, 13, 0, 10, 0, 1, 0, 2, 0, 0, 0, 0, 0, 1, 0, 0, 2, 0, 0, 0, 0, 0, 0, 0, 0, 0, 0, 0, 1, 1, 2, 2, 0, 0, 2, 0, 0, 1, 1, 0, 2, 2, 0, 1, 0, 0, 0, 0, 0, 0, 0, 2, 0, 0, 0, 0, 0, 0, 0, 2, 2, 2, 3, 2, 0, 1, 1, 4, 2, 5, 1, 6, 2, 4, 2, 3, 727, 0, 0, 0, 0, 0, 0]","[[2 0 0 0]
 [0 0 0 1]]",-0.19854231794896723,-1,0
3529,"[0, 9, 0, 10, 3, 13, 0, 10, 0, 1, 0, 2, 0, 0, 0, 0, 0, 1, 0, 0, 2, 0, 0, 0, 0, 0, 0, 0, 0, 0, 0, 0, 1, 1, 2, 2, 0, 0, 2, 0, 0, 1, 1, 0, 2, 2, 0, 1, 0, 0, 0, 0, 0, 0, 0, 2, 0, 0, 0, 0, 0, 0, 0, 2, 2, 2, 3, 2, 0, 1, 1, 4, 2, 5, 1, 6, 2, 4, 2, 3, 727, 0, 0, 0, 0, 0, 0]",1,0.6096241152396085,-1,0
3530,"[0, 9, 0, 10, 3, 13, 0, 10, 0, 1, 0, 2, 0, 0, 0, 0, 0, 1, 0, 0, 2, 0, 0, 0, 0, 0, 0, 0, 0, 0, 0, 0, 1, 1, 2, 2, 0, 0, 2, 0, 0, 1, 1, 0, 2, 2, 0, 1, 0, 0, 0, 0, 0, 0, 0, 2, 0, 0, 0, 0, 0, 0, 0, 2, 2, 2, 3, 2, 0, 1, 1, 4, 2, 5, 1, 6, 2, 4, 2, 3, 727, 0, 0, 0, 0, 0, 0]",-1,-3.4805599687995107e-05,-1,0
3531,"[0, 10, 0, 10, 3, 14, 0, 10, 0, 1, 0, 2, 0, 0, 0, 0, 0, 1, 0, 0, 2, 0, 0, 0, 0, 0, 0, 0, 0, 0, 0, 0, 1, 1, 2, 2, 0, 0, 2, 0, 0, 1, 1, 0, 2, 2, 0, 1, 0, 0, 0, 0, 0, 0, 0, 2, 0, 0, 0, 0, 0, 0, 0, 2, 2, 2, 3, 2, 0, 1, 1, 4, 2, 5, 1, 6, 2, 4, 2, 3, 728, 0, 0, 0, 0, 0, 0]",4,12.412102687318553,-1,0
3532,"[0, 10, 0, 10, 3, 14, 0, 10, 0, 1, 0, 2, 0, 0, 0, 0, 0, 1, 0, 0, 2, 0, 0, 0, 0, 0, 0, 0, 0, 0, 0, 0, 1, 1, 2, 2, 0, 0, 2, 0, 0, 1, 1, 0, 2, 2, 0, 1, 0, 0, 0, 0, 0, 0, 0, 2, 0, 0, 0, 0, 0, 0, 0, 2, 2, 2, 3, 2, 0, 1, 1, 4, 2, 5, 1, 6, 2, 4, 2, 3, 728, 0, 1, 0, 0, 0, 0]",2,0.40000000013450254,-1,1
3533,"[0, 10, 0, 10, 3, 14, 0, 10, 0, 1, 0, 2, 0, 0, 0, 0, 0, 1, 0, 0, 2, 0, 0, 0, 0, 0, 0, 0, 0, 0, 0, 0, 1, 1, 2, 2, 0, 0, 2, 0, 0, 1, 1, 0, 2, 2, 0, 1, 0, 0, 0, 0, 0, 0, 0, 2, 0, 0, 0, 0, 0, 0, 0, 2, 2, 2, 3, 2, 0, 1, 1, 4, 2, 5, 1, 6, 2, 4, 2, 3, 728, 0, 1, 0, 0, 1, 0]","[[1 0 0 0]
 [0 1 0 0]]",0.6504248651925935,-1,1
3534,"[0, 10, 0, 10, 3, 14, 0, 10, 0, 1, 0, 2, 0, 0, 0, 0, 0, 1, 0, 0, 2, 0, 0, 0, 0, 0, 0, 0, 0, 0, 0, 0, 1, 1, 2, 2, 0, 0, 2, 0, 0, 1, 1, 0, 2, 2, 0, 1, 0, 0, 0, 0, 0, 0, 0, 2, 0, 0, 0, 0, 0, 0, 0, 2, 2, 2, 3, 2, 0, 1, 1, 4, 2, 5, 1, 6, 2, 4, 2, 3, 728, 0, 0, 0, 0, 0, 0]",1,-0.19999999986549746,-1,0
3535,"[0, 11, 0, 10, 3, 15, 0, 10, 0, 1, 0, 2, 0, 0, 0, 0, 0, 1, 0, 0, 2, 0, 0, 0, 0, 0, 0, 0, 0, 0, 0, 0, 1, 1, 2, 2, 0, 0, 2, 0, 0, 1, 1, 0, 2, 2, 0, 1, 0, 0, 0, 0, 0, 0, 0, 2, 0, 0, 0, 0, 0, 0, 0, 2, 2, 2, 3, 2, 0, 1, 1, 4, 2, 5, 1, 6, 2, 4, 2, 3, 729, 0, 0, 0, 0, 0, 0]",4,13.903823021013109,-1,1
3536,"[0, 11, 0, 10, 3, 15, 0, 10, 0, 1, 0, 2, 0, 0, 0, 0, 0, 1, 0, 0, 2, 0, 0, 0, 0, 0, 0, 0, 0, 0, 0, 0, 1, 1, 2, 2, 0, 0, 2, 0, 0, 1, 1, 0, 2, 2, 0, 1, 0, 0, 0, 0, 0, 0, 0, 2, 0, 0, 0, 0, 0, 0, 0, 2, 2, 2, 3, 2, 0, 1, 1, 4, 2, 5, 1, 6, 2, 4, 2, 3, 729, 1, 0, 0, 0, 0, 0]",3,0.20000000012922864,-1,0
3537,"[0, 11, 0, 10, 3, 15, 0, 10, 0, 1, 0, 2, 0, 0, 0, 0, 0, 1, 0, 0, 2, 0, 0, 0, 0, 0, 0, 0, 0, 0, 0, 0, 1, 1, 2, 2, 0, 0, 2, 0, 0, 1, 1, 0, 2, 2, 0, 1, 0, 0, 0, 0, 0, 0, 0, 2, 0, 0, 0, 0, 0, 0, 0, 2, 2, 2, 3, 2, 0, 1, 1, 4, 2, 5, 1, 6, 2, 4, 2, 3, 729, 0, 0, 0, 0, 0, 0]",-1,-3.411640263781883e-05,-1,0
3538,"[0, 11, 0, 10, 4, 15, 0, 10, 0, 1, 0, 2, 0, 0, 0, 0, 0, 1, 0, 0, 2, 0, 0, 0, 0, 0, 0, 0, 0, 0, 0, 0, 1, 1, 2, 2, 0, 0, 2, 0, 0, 1, 1, 0, 2, 2, 0, 1, 0, 0, 0, 0, 0, 0, 0, 2, 0, 0, 0, 0, 0, 0, 0, 2, 2, 2, 3, 2, 0, 1, 1, 4, 2, 5, 1, 6, 2, 4, 2, 3, 730, 0, 0, 0, 0, 0, 0]",4,13.933529897154932,-1,1
3539,"[0, 11, 0, 10, 4, 15, 0, 10, 0, 1, 0, 2, 0, 0, 0, 0, 0, 1, 0, 0, 2, 0, 0, 0, 0, 0, 0, 0, 0, 0, 0, 0, 1, 1, 2, 2, 0, 0, 2, 0, 0, 1, 1, 0, 2, 2, 0, 1, 0, 0, 0, 0, 0, 0, 0, 2, 0, 0, 0, 0, 0, 0, 0, 2, 2, 2, 3, 2, 0, 1, 1, 4, 2, 5, 1, 6, 2, 4, 2, 3, 730, 0, 1, 0, 0, 0, 0]",2,0.4000000001241615,-1,0
3540,"[0, 11, 0, 10, 4, 15, 0, 10, 0, 1, 0, 2, 0, 0, 0, 0, 0, 1, 0, 0, 2, 0, 0, 0, 0, 0, 0, 0, 0, 0, 0, 0, 1, 1, 2, 2, 0, 0, 2, 0, 0, 1, 1, 0, 2, 2, 0, 1, 0, 0, 0, 0, 0, 0, 0, 2, 0, 0, 0, 0, 0, 0, 0, 2, 2, 2, 3, 2, 0, 1, 1, 4, 2, 5, 1, 6, 2, 4, 2, 3, 730, 0, 1, 0, 0, 1, 0]","[[0 1 0 0]
 [1 0 0 0]]",0.6504248651822524,-1,0
3541,"[0, 11, 0, 10, 4, 15, 0, 10, 0, 1, 0, 2, 0, 0, 0, 0, 0, 1, 0, 0, 2, 0, 0, 0, 0, 0, 0, 0, 0, 0, 0, 0, 1, 1, 2, 2, 0, 0, 2, 0, 0, 1, 1, 0, 2, 2, 0, 1, 0, 0, 0, 0, 0, 0, 0, 2, 0, 0, 0, 0, 0, 0, 0, 2, 2, 2, 3, 2, 0, 1, 1, 4, 2, 5, 1, 6, 2, 4, 2, 3, 730, 0, 0, 0, 0, 0, 0]",1,-20.984609690702367,-1,1
3542,"[0, 11, 0, 10, 4, 15, 0, 10, 0, 1, 0, 2, 0, 0, 0, 0, 0, 1, 0, 0, 2, 0, 0, 0, 0, 0, 0, 0, 0, 0, 0, 0, 1, 1, 2, 2, 0, 0, 2, 0, 0, 1, 1, 0, 2, 2, 0, 1, 0, 0, 0, 0, 0, 0, 0, 2, 0, 0, 0, 0, 0, 0, 0, 2, 2, 2, 3, 2, 0, 1, 1, 4, 2, 5, 1, 6, 2, 4, 2, 3, 730, 0, 1, 0, 0, 0, 0]",2,0.4000000001241615,-1,0
3543,"[0, 11, 0, 10, 4, 15, 0, 10, 0, 1, 0, 2, 0, 0, 0, 0, 0, 1, 0, 0, 2, 0, 0, 0, 0, 0, 0, 0, 0, 0, 0, 0, 1, 1, 2, 2, 0, 0, 2, 0, 0, 1, 1, 0, 2, 2, 0, 1, 0, 0, 0, 0, 0, 0, 0, 2, 0, 0, 0, 0, 0, 0, 0, 2, 2, 2, 3, 2, 0, 1, 1, 4, 2, 5, 1, 6, 2, 4, 2, 3, 730, 0, 1, 0, 0, 1, 0]","[[0 0 0 1]
 [1 0 0 0]]",0.6504248651822524,-1,0
3544,"[0, 11, 0, 10, 4, 15, 0, 10, 0, 1, 0, 2, 0, 0, 0, 0, 0, 1, 0, 0, 2, 0, 0, 0, 0, 0, 0, 0, 0, 0, 0, 0, 1, 1, 2, 2, 0, 0, 2, 0, 0, 1, 1, 0, 2, 2, 0, 1, 0, 0, 0, 0, 0, 0, 0, 2, 0, 0, 0, 0, 0, 0, 0, 2, 2, 2, 3, 2, 0, 1, 1, 4, 2, 5, 1, 6, 2, 4, 2, 3, 730, 0, 1, 0, 0, 0, 1]",2,-0.1999999998758385,-1,1
3545,"[0, 11, 0, 10, 4, 15, 0, 10, 0, 1, 0, 2, 0, 0, 0, 0, 0, 1, 0, 0, 2, 0, 0, 0, 0, 0, 0, 0, 0, 0, 0, 0, 1, 1, 2, 2, 0, 0, 2, 0, 0, 1, 1, 0, 2, 2, 0, 1, 0, 0, 0, 0, 0, 0, 0, 2, 0, 0, 0, 0, 0, 0, 0, 2, 2, 2, 3, 2, 0, 1, 1, 4, 2, 5, 1, 6, 2, 4, 2, 3, 730, 0, 0, 1, 0, 0, 0]","[[1 0 0 0]
 [0 1 0 0]]",-0.1999999998758385,-1,1
3546,"[0, 11, 0, 10, 4, 15, 0, 10, 0, 1, 0, 2, 0, 0, 0, 0, 0, 1, 0, 0, 2, 0, 0, 0, 0, 0, 0, 0, 0, 0, 0, 0, 1, 1, 2, 2, 0, 0, 2, 0, 0, 1, 1, 0, 2, 2, 0, 1, 0, 0, 0, 0, 0, 0, 0, 2, 0, 0, 0, 0, 0, 0, 0, 2, 2, 2, 3, 2, 0, 1, 1, 4, 2, 5, 1, 6, 2, 4, 2, 3, 730, 0, 0, 0, 0, 0, 0]",1,-6.714082843981597,-1,0
3547,"[0, 11, 0, 10, 4, 15, 0, 10, 0, 1, 0, 2, 0, 0, 0, 0, 0, 1, 0, 0, 2, 0, 0, 0, 0, 0, 0, 0, 0, 0, 0, 0, 1, 1, 2, 2, 0, 0, 2, 0, 0, 1, 1, 0, 2, 2, 0, 1, 0, 0, 0, 0, 0, 0, 0, 2, 0, 0, 0, 0, 0, 0, 0, 2, 2, 2, 3, 2, 0, 1, 1, 4, 2, 5, 1, 6, 2, 4, 2, 3, 730, 1, 0, 0, 0, 0, 0]",3,0.20000000012416153,-1,0
3548,"[0, 11, 0, 10, 4, 15, 0, 10, 0, 1, 0, 2, 0, 0, 0, 0, 0, 1, 0, 0, 2, 0, 0, 0, 0, 0, 0, 0, 0, 0, 0, 0, 1, 1, 2, 2, 0, 0, 2, 0, 0, 1, 1, 0, 2, 2, 0, 1, 0, 0, 0, 0, 0, 0, 0, 2, 0, 0, 0, 0, 0, 0, 0, 2, 2, 2, 3, 2, 0, 1, 1, 4, 2, 5, 1, 6, 2, 4, 2, 3, 730, 0, 0, 0, 0, 0, 0]",-1,-3.377693875969222e-05,-1,0
3549,"[0, 11, 0, 10, 4, 15, 0, 10, 0, 1, 0, 2, 0, 0, 0, 0, 0, 1, 0, 0, 2, 0, 0, 0, 0, 0, 0, 0, 0, 0, 0, 0, 1, 1, 2, 2, 0, 0, 2, 0, 0, 1, 1, 0, 2, 2, 0, 1, 0, 0, 0, 0, 0, 0, 0, 2, 0, 0, 0, 0, 0, 0, 0, 2, 2, 2, 3, 2, 0, 1, 1, 4, 2, 5, 1, 6, 2, 4, 2, 3, 730, 1, 0, 0, 0, 0, 0]",3,0.20000000012416153,-1,0
3550,"[0, 11, 0, 10, 4, 15, 0, 10, 0, 1, 0, 2, 0, 0, 0, 0, 0, 1, 0, 0, 2, 0, 0, 0, 0, 0, 0, 0, 0, 0, 0, 0, 1, 1, 2, 2, 0, 0, 2, 0, 0, 1, 1, 0, 2, 2, 0, 1, 0, 0, 0, 0, 0, 0, 0, 2, 0, 0, 0, 0, 0, 0, 0, 2, 2, 2, 3, 2, 0, 1, 1, 4, 2, 5, 1, 6, 2, 4, 2, 3, 730, 0, 0, 0, 0, 0, 0]",-1,-3.377693875969222e-05,-1,0
3551,"[0, 11, 0, 10, 4, 15, 0, 10, 0, 1, 0, 2, 0, 0, 0, 0, 0, 1, 0, 0, 2, 0, 0, 0, 0, 0, 0, 0, 0, 0, 0, 0, 1, 1, 2, 2, 0, 0, 2, 0, 0, 1, 1, 0, 2, 2, 0, 1, 0, 0, 0, 0, 0, 0, 0, 2, 0, 0, 0, 0, 0, 0, 0, 2, 2, 2, 3, 2, 0, 1, 1, 4, 2, 5, 1, 6, 2, 4, 2, 3, 730, 0, 1, 0, 0, 0, 0]",2,0.4000000001241615,-1,0
3552,"[0, 11, 0, 10, 4, 15, 0, 10, 0, 1, 0, 2, 0, 0, 0, 0, 0, 1, 0, 0, 2, 0, 0, 0, 0, 0, 0, 0, 0, 0, 0, 0, 1, 1, 2, 2, 0, 0, 2, 0, 0, 1, 1, 0, 2, 2, 0, 1, 0, 0, 0, 0, 0, 0, 0, 2, 0, 0, 0, 0, 0, 0, 0, 2, 2, 2, 3, 2, 0, 1, 1, 4, 2, 5, 1, 6, 2, 4, 2, 3, 730, 0, 1, 0, 0, 1, 0]","[[0 1 0 0]
 [1 0 0 0]]",0.6504248651822524,-1,0
3553,"[1, 10, 0, 10, 3, 16, 0, 10, 0, 1, 0, 2, 0, 0, 0, 0, 0, 1, 0, 0, 2, 0, 0, 0, 0, 0, 0, 0, 0, 0, 0, 0, 1, 1, 2, 2, 0, 0, 2, 0, 0, 1, 1, 0, 2, 2, 0, 1, 0, 0, 0, 0, 0, 0, 0, 2, 0, 0, 0, 0, 0, 0, 0, 2, 2, 2, 3, 2, 0, 1, 1, 4, 2, 5, 1, 6, 2, 4, 2, 3, 730, 0, 0, 0, 0, 0, 0]",0,-0.1999999998758385,-1,1
3554,"[1, 10, 0, 10, 3, 16, 0, 10, 0, 1, 0, 2, 0, 0, 0, 0, 0, 1, 0, 0, 2, 0, 0, 0, 0, 0, 0, 0, 0, 0, 0, 0, 1, 1, 2, 2, 0, 0, 2, 0, 0, 1, 1, 0, 2, 2, 0, 1, 0, 0, 0, 0, 0, 0, 0, 2, 0, 0, 0, 0, 0, 0, 0, 2, 2, 2, 3, 2, 0, 1, 1, 4, 2, 5, 1, 6, 2, 4, 2, 3, 730, 0, 0, 0, 0, 0, 0]",0,0.2949747469547448,-1,0
3555,"[1, 10, 0, 10, 3, 16, 0, 10, 0, 1, 0, 2, 0, 0, 0, 0, 0, 1, 0, 0, 2, 0, 0, 0, 0, 0, 0, 0, 0, 0, 0, 0, 1, 1, 2, 2, 0, 0, 2, 0, 0, 1, 1, 0, 2, 2, 0, 1, 0, 0, 0, 0, 0, 0, 0, 2, 0, 0, 0, 0, 0, 0, 0, 2, 2, 2, 3, 2, 0, 1, 1, 4, 2, 5, 1, 6, 2, 4, 2, 3, 730, 0, 0, 0, 0, 0, 0]",-1,-3.377693875969222e-05,-1,0
3556,"[1, 10, 0, 10, 3, 16, 0, 10, 0, 1, 0, 2, 0, 0, 0, 0, 0, 1, 0, 0, 2, 0, 0, 0, 0, 0, 0, 0, 0, 0, 0, 0, 1, 1, 2, 2, 0, 0, 2, 0, 0, 1, 1, 0, 2, 2, 0, 1, 0, 0, 0, 0, 0, 0, 0, 2, 0, 0, 0, 0, 0, 0, 0, 2, 2, 2, 3, 2, 0, 1, 1, 4, 2, 5, 1, 6, 2, 4, 2, 3, 730, 0, 0, 0, 0, 0, 0]",0,0.2949747469547448,-1,0
3557,"[1, 10, 0, 10, 3, 16, 0, 10, 0, 1, 0, 2, 0, 0, 0, 0, 0, 1, 0, 0, 2, 0, 0, 0, 0, 0, 0, 0, 0, 0, 0, 0, 1, 1, 2, 2, 0, 0, 2, 0, 0, 1, 1, 0, 2, 2, 0, 1, 0, 0, 0, 0, 0, 0, 0, 2, 0, 0, 0, 0, 0, 0, 0, 2, 2, 2, 3, 2, 0, 1, 1, 4, 2, 5, 1, 6, 2, 4, 2, 3, 730, 0, 0, 0, 0, 0, 0]",-1,-3.377693875969222e-05,-1,0
3558,"[1, 10, 0, 10, 3, 16, 0, 10, 0, 1, 0, 2, 0, 0, 0, 0, 0, 1, 0, 0, 2, 0, 0, 0, 0, 0, 0, 0, 0, 0, 0, 0, 1, 1, 2, 2, 0, 0, 2, 0, 0, 1, 1, 0, 2, 2, 0, 1, 0, 0, 0, 0, 0, 0, 0, 2, 0, 0, 0, 0, 0, 0, 0, 2, 2, 2, 3, 2, 0, 1, 1, 4, 2, 5, 1, 6, 2, 4, 2, 3, 730, 0, 0, 0, 0, 0, 0]",0,0.2949747469547448,-1,0
3559,"[1, 10, 0, 10, 3, 16, 0, 10, 0, 1, 0, 2, 0, 0, 0, 0, 0, 1, 0, 0, 2, 0, 0, 0, 0, 0, 0, 0, 0, 0, 0, 0, 1, 1, 2, 2, 0, 0, 2, 0, 0, 1, 1, 0, 2, 2, 0, 1, 0, 0, 0, 0, 0, 0, 0, 2, 0, 0, 0, 0, 0, 0, 0, 2, 2, 2, 3, 2, 0, 1, 1, 4, 2, 5, 1, 6, 2, 4, 2, 3, 730, 0, 0, 0, 0, 0, 0]",-1,-3.377693875969222e-05,-1,0
3560,"[1, 10, 0, 10, 3, 16, 0, 10, 0, 1, 0, 2, 0, 0, 0, 0, 0, 1, 0, 0, 2, 0, 0, 0, 0, 0, 0, 0, 0, 0, 0, 0, 1, 1, 2, 2, 0, 0, 2, 0, 0, 1, 1, 0, 2, 2, 0, 1, 0, 0, 0, 0, 0, 0, 0, 2, 0, 0, 0, 0, 0, 0, 0, 2, 2, 2, 3, 2, 0, 1, 1, 4, 2, 5, 1, 6, 2, 4, 2, 3, 730, 0, 0, 0, 0, 0, 0]",0,0.2949747469547448,-1,0
3561,"[1, 10, 0, 10, 3, 16, 0, 10, 0, 1, 0, 2, 0, 0, 0, 0, 0, 1, 0, 0, 2, 0, 0, 0, 0, 0, 0, 0, 0, 0, 0, 0, 1, 1, 2, 2, 0, 0, 2, 0, 0, 1, 1, 0, 2, 2, 0, 1, 0, 0, 0, 0, 0, 0, 0, 2, 0, 0, 0, 0, 0, 0, 0, 2, 2, 2, 3, 2, 0, 1, 1, 4, 2, 5, 1, 6, 2, 4, 2, 3, 730, 0, 0, 0, 0, 0, 0]",-1,-3.377693875969222e-05,-1,0
3562,"[1, 10, 0, 10, 3, 16, 0, 10, 0, 1, 0, 2, 0, 0, 0, 0, 0, 1, 0, 0, 2, 0, 0, 0, 0, 0, 0, 0, 0, 0, 0, 0, 1, 1, 2, 2, 0, 0, 2, 0, 0, 1, 1, 0, 2, 2, 0, 1, 0, 0, 0, 0, 0, 0, 0, 2, 0, 0, 0, 0, 0, 0, 0, 2, 2, 2, 3, 2, 0, 1, 1, 4, 2, 5, 1, 6, 2, 4, 2, 3, 730, 0, 0, 0, 0, 0, 0]",0,0.2949747469547448,-1,0
3563,"[1, 10, 0, 10, 3, 16, 0, 10, 0, 1, 0, 2, 0, 0, 0, 0, 0, 1, 0, 0, 2, 0, 0, 0, 0, 0, 0, 0, 0, 0, 0, 0, 1, 1, 2, 2, 0, 0, 2, 0, 0, 1, 1, 0, 2, 2, 0, 1, 0, 0, 0, 0, 0, 0, 0, 2, 0, 0, 0, 0, 0, 0, 0, 2, 2, 2, 3, 2, 0, 1, 1, 4, 2, 5, 1, 6, 2, 4, 2, 3, 730, 0, 0, 0, 0, 0, 0]",-1,-3.377693875969222e-05,-1,0
3564,"[1, 10, 0, 10, 3, 16, 0, 10, 0, 1, 0, 2, 0, 0, 0, 0, 0, 1, 0, 0, 2, 0, 0, 0, 0, 0, 0, 0, 0, 0, 0, 0, 1, 1, 2, 2, 0, 0, 2, 0, 0, 1, 1, 0, 2, 2, 0, 1, 0, 0, 0, 0, 0, 0, 0, 2, 0, 0, 0, 0, 0, 0, 0, 2, 2, 2, 3, 2, 0, 1, 1, 4, 2, 5, 1, 6, 2, 4, 2, 3, 730, 0, 0, 0, 0, 0, 0]",0,0.2949747469547448,-1,0
3565,"[1, 10, 0, 10, 3, 16, 0, 10, 0, 1, 0, 2, 0, 0, 0, 0, 0, 1, 0, 0, 2, 0, 0, 0, 0, 0, 0, 0, 0, 0, 0, 0, 1, 1, 2, 2, 0, 0, 2, 0, 0, 1, 1, 0, 2, 2, 0, 1, 0, 0, 0, 0, 0, 0, 0, 2, 0, 0, 0, 0, 0, 0, 0, 2, 2, 2, 3, 2, 0, 1, 1, 4, 2, 5, 1, 6, 2, 4, 2, 3, 730, 0, 0, 0, 0, 0, 0]",-1,-3.377693875969222e-05,-1,0
3566,"[1, 10, 0, 10, 3, 16, 0, 10, 0, 1, 0, 2, 0, 0, 0, 0, 0, 1, 0, 0, 2, 0, 0, 0, 0, 0, 0, 0, 0, 0, 0, 0, 1, 1, 2, 2, 0, 0, 2, 0, 0, 1, 1, 0, 2, 2, 0, 1, 0, 0, 0, 0, 0, 0, 0, 2, 0, 0, 0, 0, 0, 0, 0, 2, 2, 2, 3, 2, 0, 1, 1, 4, 2, 5, 1, 6, 2, 4, 2, 3, 730, 0, 0, 0, 0, 0, 0]",0,0.2949747469547448,-1,0
3567,"[1, 10, 0, 10, 3, 16, 0, 10, 0, 1, 0, 2, 0, 0, 0, 0, 0, 1, 0, 0, 2, 0, 0, 0, 0, 0, 0, 0, 0, 0, 0, 0, 1, 1, 2, 2, 0, 0, 2, 0, 0, 1, 1, 0, 2, 2, 0, 1, 0, 0, 0, 0, 0, 0, 0, 2, 0, 0, 0, 0, 0, 0, 0, 2, 2, 2, 3, 2, 0, 1, 1, 4, 2, 5, 1, 6, 2, 4, 2, 3, 730, 0, 0, 0, 0, 0, 0]",-1,-3.377693875969222e-05,-1,0
3568,"[1, 10, 0, 10, 3, 16, 0, 10, 0, 1, 0, 2, 0, 0, 0, 0, 0, 1, 0, 0, 2, 0, 0, 0, 0, 0, 0, 0, 0, 0, 0, 0, 1, 1, 2, 2, 0, 0, 2, 0, 0, 1, 1, 0, 2, 2, 0, 1, 0, 0, 0, 0, 0, 0, 0, 2, 0, 0, 0, 0, 0, 0, 0, 2, 2, 2, 3, 2, 0, 1, 1, 4, 2, 5, 1, 6, 2, 4, 2, 3, 730, 0, 0, 0, 0, 0, 0]",0,0.2949747469547448,-1,0
3569,"[1, 10, 0, 10, 3, 16, 0, 10, 0, 1, 0, 2, 0, 0, 0, 0, 0, 1, 0, 0, 2, 0, 0, 0, 0, 0, 0, 0, 0, 0, 0, 0, 1, 1, 2, 2, 0, 0, 2, 0, 0, 1, 1, 0, 2, 2, 0, 1, 0, 0, 0, 0, 0, 0, 0, 2, 0, 0, 0, 0, 0, 0, 0, 2, 2, 2, 3, 2, 0, 1, 1, 4, 2, 5, 1, 6, 2, 4, 2, 3, 730, 0, 0, 0, 0, 0, 0]",-1,-3.377693875969222e-05,-1,0
3570,"[1, 11, 0, 10, 3, 17, 0, 10, 0, 1, 0, 2, 0, 0, 0, 0, 0, 1, 0, 0, 2, 0, 0, 0, 0, 0, 0, 0, 0, 0, 0, 0, 1, 1, 2, 2, 0, 0, 2, 0, 0, 1, 1, 0, 2, 2, 0, 1, 0, 0, 0, 0, 0, 0, 0, 2, 0, 0, 0, 0, 0, 0, 0, 2, 2, 2, 3, 2, 0, 1, 1, 4, 2, 5, 1, 6, 2, 4, 2, 3, 731, 0, 0, 0, 0, 0, 0]",4,12.461949730110517,-1,0
3571,"[1, 12, 0, 10, 3, 18, 0, 10, 0, 1, 0, 2, 0, 0, 0, 0, 0, 1, 0, 0, 2, 0, 0, 0, 0, 0, 0, 0, 0, 0, 0, 0, 1, 1, 2, 2, 0, 0, 2, 0, 0, 1, 1, 0, 2, 2, 0, 1, 0, 0, 0, 0, 0, 0, 0, 2, 0, 0, 0, 0, 0, 0, 0, 2, 2, 2, 3, 2, 0, 1, 1, 4, 2, 5, 1, 6, 2, 4, 2, 3, 732, 0, 0, 0, 0, 0, 0]",4,13.869525747868797,-1,1
3572,"[1, 12, 0, 10, 3, 18, 0, 10, 0, 1, 0, 2, 0, 0, 0, 0, 0, 1, 0, 0, 2, 0, 0, 0, 0, 0, 0, 0, 0, 0, 0, 0, 1, 1, 2, 2, 0, 0, 2, 0, 0, 1, 1, 0, 2, 2, 0, 1, 0, 0, 0, 0, 0, 0, 0, 2, 0, 0, 0, 0, 0, 0, 0, 2, 2, 2, 3, 2, 0, 1, 1, 4, 2, 5, 1, 6, 2, 4, 2, 3, 732, 0, 1, 0, 0, 0, 0]",2,0.40000000011461545,-1,0
3573,"[1, 12, 0, 10, 3, 18, 0, 10, 0, 1, 0, 2, 0, 0, 0, 0, 0, 1, 0, 0, 2, 0, 0, 0, 0, 0, 0, 0, 0, 0, 0, 0, 1, 1, 2, 2, 0, 0, 2, 0, 0, 1, 1, 0, 2, 2, 0, 1, 0, 0, 0, 0, 0, 0, 0, 2, 0, 0, 0, 0, 0, 0, 0, 2, 2, 2, 3, 2, 0, 1, 1, 4, 2, 5, 1, 6, 2, 4, 2, 3, 732, 0, 0, 0, 0, 0, 0]",-1,-3.310811056061382e-05,-1,0
3574,"[1, 12, 0, 10, 3, 18, 0, 10, 0, 1, 0, 2, 0, 0, 0, 0, 0, 1, 0, 0, 2, 0, 0, 0, 0, 0, 0, 0, 0, 0, 0, 0, 1, 1, 2, 2, 0, 0, 2, 0, 0, 1, 1, 0, 2, 2, 0, 1, 0, 0, 0, 0, 0, 0, 0, 2, 0, 0, 0, 0, 0, 0, 0, 2, 2, 2, 3, 2, 0, 1, 1, 4, 2, 5, 1, 6, 2, 4, 2, 3, 732, 1, 0, 0, 0, 0, 0]",3,0.20000000011461552,-1,0
3575,"[1, 12, 0, 10, 3, 18, 0, 10, 0, 1, 0, 2, 0, 0, 0, 0, 0, 1, 0, 0, 2, 0, 0, 0, 0, 0, 0, 0, 0, 0, 0, 0, 1, 1, 2, 2, 0, 0, 2, 0, 0, 1, 1, 0, 2, 2, 0, 1, 0, 0, 0, 0, 0, 0, 0, 2, 0, 0, 0, 0, 0, 0, 0, 2, 2, 2, 3, 2, 0, 1, 1, 4, 2, 5, 1, 6, 2, 4, 2, 3, 732, 0, 0, 0, 0, 0, 0]",-1,-3.310811056061382e-05,-1,0
3576,"[1, 12, 0, 10, 3, 18, 0, 10, 0, 1, 0, 2, 0, 0, 0, 0, 0, 1, 0, 0, 2, 0, 0, 0, 0, 0, 0, 0, 0, 0, 0, 0, 1, 1, 2, 2, 0, 0, 2, 0, 0, 1, 1, 0, 2, 2, 0, 1, 0, 0, 0, 0, 0, 0, 0, 2, 0, 0, 0, 0, 0, 0, 0, 2, 2, 2, 3, 2, 0, 1, 1, 4, 2, 5, 1, 6, 2, 4, 2, 3, 732, 0, 0, 0, 0, 0, 0]",1,0.6096241152142322,-1,0
3577,"[1, 12, 0, 10, 3, 18, 0, 10, 0, 1, 0, 2, 0, 0, 0, 0, 0, 1, 0, 0, 2, 0, 0, 0, 0, 0, 0, 0, 0, 0, 0, 0, 1, 1, 2, 2, 0, 0, 2, 0, 0, 1, 1, 0, 2, 2, 0, 1, 0, 0, 0, 0, 0, 0, 0, 2, 0, 0, 0, 0, 0, 0, 0, 2, 2, 2, 3, 2, 0, 1, 1, 4, 2, 5, 1, 6, 2, 4, 2, 3, 732, 0, 0, 0, 0, 0, 0]",-1,-3.310811056061382e-05,-1,0
3578,"[1, 12, 0, 10, 3, 18, 0, 10, 0, 1, 0, 2, 0, 0, 0, 0, 0, 1, 0, 0, 2, 0, 0, 0, 0, 0, 0, 0, 0, 0, 0, 0, 1, 1, 2, 2, 0, 0, 2, 0, 0, 1, 1, 0, 2, 2, 0, 1, 0, 0, 0, 0, 0, 0, 0, 2, 0, 0, 0, 0, 0, 0, 0, 2, 2, 2, 3, 2, 0, 1, 1, 4, 2, 5, 1, 6, 2, 4, 2, 3, 732, 1, 0, 0, 0, 0, 0]",3,0.20000000011461552,-1,0
3579,"[1, 12, 0, 10, 3, 18, 0, 10, 0, 1, 0, 2, 0, 0, 0, 0, 0, 1, 0, 0, 2, 0, 0, 0, 0, 0, 0, 0, 0, 0, 0, 0, 1, 1, 2, 2, 0, 0, 2, 0, 0, 1, 1, 0, 2, 2, 0, 1, 0, 0, 0, 0, 0, 0, 0, 2, 0, 0, 0, 0, 0, 0, 0, 2, 2, 2, 3, 2, 0, 1, 1, 4, 2, 5, 1, 6, 2, 4, 2, 3, 732, 0, 0, 0, 0, 0, 0]",-1,-3.310811056061382e-05,-1,0
3580,"[1, 12, 0, 11, 3, 18, 0, 11, 0, 1, 0, 2, 0, 0, 0, 0, 0, 1, 0, 0, 2, 0, 0, 0, 0, 0, 0, 0, 0, 0, 0, 0, 1, 1, 2, 2, 0, 0, 2, 0, 0, 1, 1, 0, 2, 2, 0, 1, 0, 0, 0, 0, 0, 0, 0, 2, 0, 0, 0, 0, 0, 0, 0, 2, 2, 2, 3, 2, 0, 1, 1, 4, 2, 5, 1, 6, 2, 4, 2, 3, 733, 0, 0, 0, 0, 0, 0]",4,12.456972326536206,-1,0
3581,"[1, 12, 0, 11, 3, 18, 0, 11, 0, 1, 0, 2, 0, 0, 0, 0, 0, 1, 0, 0, 2, 0, 0, 0, 0, 0, 0, 0, 0, 0, 0, 0, 1, 1, 2, 2, 0, 0, 2, 0, 0, 1, 1, 0, 2, 2, 0, 1, 0, 0, 0, 0, 0, 0, 0, 2, 0, 0, 0, 0, 0, 0, 0, 2, 2, 2, 3, 2, 0, 1, 1, 4, 2, 5, 1, 6, 2, 4, 2, 3, 733, 0, 1, 0, 0, 0, 0]",2,0.4000000001101214,-1,1
3582,"[1, 12, 0, 11, 3, 18, 0, 11, 0, 1, 0, 2, 0, 0, 0, 0, 0, 1, 0, 0, 2, 0, 0, 0, 0, 0, 0, 0, 0, 0, 0, 0, 1, 1, 2, 2, 0, 0, 2, 0, 0, 1, 1, 0, 2, 2, 0, 1, 0, 0, 0, 0, 0, 0, 0, 2, 0, 0, 0, 0, 0, 0, 0, 2, 2, 2, 3, 2, 0, 1, 1, 4, 2, 5, 1, 6, 2, 4, 2, 3, 733, 0, 1, 0, 0, 1, 0]","[[1 0 0 0]
 [0 1 0 0]]",0.6504248651682123,-1,1
3583,"[1, 12, 0, 11, 3, 18, 0, 11, 0, 1, 0, 2, 0, 0, 0, 0, 0, 1, 0, 0, 2, 0, 0, 0, 0, 0, 0, 0, 0, 0, 0, 0, 1, 1, 2, 2, 0, 0, 2, 0, 0, 1, 1, 0, 2, 2, 0, 1, 0, 0, 0, 0, 0, 0, 0, 2, 0, 0, 0, 0, 0, 0, 0, 2, 2, 2, 3, 2, 0, 1, 1, 4, 2, 5, 1, 6, 2, 4, 2, 3, 733, 0, 0, 0, 0, 0, 0]",1,-0.19999999988987863,-1,0
3584,"[1, 13, 0, 11, 3, 19, 0, 11, 0, 1, 0, 2, 0, 0, 0, 0, 0, 1, 0, 0, 2, 0, 0, 0, 0, 0, 0, 0, 0, 0, 0, 0, 1, 1, 2, 2, 0, 0, 2, 0, 0, 1, 1, 0, 2, 2, 0, 1, 0, 0, 0, 0, 0, 0, 0, 2, 0, 0, 0, 0, 0, 0, 0, 2, 2, 2, 3, 2, 0, 1, 1, 4, 2, 5, 1, 6, 2, 4, 2, 3, 734, 0, 0, 0, 0, 0, 0]",4,13.868697465411591,-1,1
3585,"[1, 13, 0, 11, 4, 19, 0, 11, 0, 1, 0, 2, 0, 0, 0, 0, 0, 1, 0, 0, 2, 0, 0, 0, 0, 0, 0, 0, 0, 0, 0, 0, 1, 1, 2, 2, 0, 0, 2, 0, 0, 1, 1, 0, 2, 2, 0, 1, 0, 0, 0, 0, 0, 0, 0, 2, 0, 0, 0, 0, 0, 0, 0, 2, 2, 2, 3, 2, 0, 1, 1, 4, 2, 5, 1, 6, 2, 4, 2, 3, 735, 0, 0, 0, 0, 0, 0]",4,12.451727464254246,-1,0
3586,"[1, 13, 0, 11, 4, 19, 0, 11, 0, 1, 0, 2, 0, 0, 0, 0, 0, 1, 0, 0, 2, 0, 0, 0, 0, 0, 0, 0, 0, 0, 0, 0, 1, 1, 2, 2, 0, 0, 2, 0, 0, 1, 1, 0, 2, 2, 0, 1, 0, 0, 0, 0, 0, 0, 0, 2, 0, 0, 0, 0, 0, 0, 0, 2, 2, 2, 3, 2, 0, 1, 1, 4, 2, 5, 1, 6, 2, 4, 2, 3, 736, 0, 0, 0, 0, 0, 0]",4,13.895780502013102,-1,1
3587,"[1, 13, 0, 11, 4, 19, 0, 11, 0, 1, 0, 2, 0, 0, 0, 0, 0, 1, 0, 0, 2, 0, 0, 0, 0, 0, 0, 0, 0, 0, 0, 0, 1, 1, 2, 2, 0, 0, 2, 0, 0, 1, 1, 0, 2, 2, 0, 1, 0, 0, 0, 0, 0, 0, 0, 2, 0, 0, 0, 0, 0, 0, 0, 2, 2, 2, 3, 2, 0, 1, 1, 4, 2, 5, 1, 6, 2, 4, 2, 3, 736, 0, 1, 0, 0, 0, 0]",2,0.4000000000976689,-1,0
3588,"[1, 13, 0, 11, 4, 19, 0, 11, 0, 1, 0, 2, 0, 0, 0, 0, 0, 1, 0, 0, 2, 0, 0, 0, 0, 0, 0, 0, 0, 0, 0, 0, 1, 1, 2, 2, 0, 0, 2, 0, 0, 1, 1, 0, 2, 2, 0, 1, 0, 0, 0, 0, 0, 0, 0, 2, 0, 0, 0, 0, 0, 0, 0, 2, 2, 2, 3, 2, 0, 1, 1, 4, 2, 5, 1, 6, 2, 4, 2, 3, 736, 0, 0, 0, 0, 0, 0]",-1,-3.180992297692526e-05,-1,0
3589,"[1, 13, 0, 11, 4, 19, 0, 11, 0, 1, 0, 2, 0, 0, 0, 0, 0, 1, 0, 0, 2, 0, 0, 0, 0, 0, 0, 0, 0, 0, 0, 0, 1, 1, 2, 2, 0, 0, 2, 0, 0, 1, 1, 0, 2, 2, 0, 1, 0, 0, 0, 0, 0, 0, 0, 2, 0, 0, 0, 0, 0, 0, 0, 2, 2, 2, 3, 2, 0, 1, 1, 4, 2, 5, 1, 6, 2, 4, 2, 3, 736, 0, 0, 0, 0, 0, 0]",1,0.6096241151972857,-1,0
3590,"[1, 13, 0, 11, 4, 19, 0, 11, 0, 1, 0, 2, 0, 0, 0, 0, 0, 1, 0, 0, 2, 0, 0, 0, 0, 0, 0, 0, 0, 0, 0, 0, 1, 1, 2, 2, 0, 0, 2, 0, 0, 1, 1, 0, 2, 2, 0, 1, 0, 0, 0, 0, 0, 0, 0, 2, 0, 0, 0, 0, 0, 0, 0, 2, 2, 2, 3, 2, 0, 1, 1, 4, 2, 5, 1, 6, 2, 4, 2, 3, 736, 0, 0, 0, 0, 0, 0]",-1,-3.180992297692526e-05,-1,0
3591,"[1, 13, 0, 11, 4, 19, 0, 11, 0, 1, 0, 2, 0, 0, 0, 0, 0, 1, 0, 0, 2, 0, 0, 0, 0, 0, 0, 0, 0, 0, 0, 0, 1, 1, 2, 2, 0, 0, 2, 0, 0, 1, 1, 0, 2, 2, 0, 1, 0, 0, 0, 0, 0, 0, 0, 2, 0, 0, 0, 0, 0, 0, 0, 2, 2, 2, 3, 2, 0, 1, 1, 4, 2, 5, 1, 6, 2, 4, 2, 3, 736, 0, 0, 0, 0, 0, 0]",1,0.6096241151972857,-1,0
3592,"[1, 13, 0, 11, 4, 19, 0, 11, 0, 1, 0, 2, 0, 0, 0, 0, 0, 1, 0, 0, 2, 0, 0, 0, 0, 0, 0, 0, 0, 0, 0, 0, 1, 1, 2, 2, 0, 0, 2, 0, 0, 1, 1, 0, 2, 2, 0, 1, 0, 0, 0, 0, 0, 0, 0, 2, 0, 0, 0, 0, 0, 0, 0, 2, 2, 2, 3, 2, 0, 1, 1, 4, 2, 5, 1, 6, 2, 4, 2, 3, 736, 0, 0, 0, 0, 0, 0]",-1,-3.180992297692526e-05,-1,0
3593,"[1, 13, 0, 11, 4, 19, 0, 11, 0, 1, 0, 2, 0, 0, 0, 0, 0, 1, 0, 0, 2, 0, 0, 0, 0, 0, 0, 0, 0, 0, 0, 0, 1, 1, 2, 2, 0, 0, 2, 0, 0, 1, 1, 0, 2, 2, 0, 1, 0, 0, 0, 0, 0, 0, 0, 2, 0, 0, 0, 0, 0, 0, 0, 2, 2, 2, 3, 2, 0, 1, 1, 4, 2, 5, 1, 6, 2, 4, 2, 3, 736, 0, 0, 0, 0, 0, 0]",1,0.6096241151972857,-1,0
3594,"[1, 13, 0, 11, 4, 19, 0, 11, 0, 1, 0, 2, 0, 0, 0, 0, 0, 1, 0, 0, 2, 0, 0, 0, 0, 0, 0, 0, 0, 0, 0, 0, 1, 1, 2, 2, 0, 0, 2, 0, 0, 1, 1, 0, 2, 2, 0, 1, 0, 0, 0, 0, 0, 0, 0, 2, 0, 0, 0, 0, 0, 0, 0, 2, 2, 2, 3, 2, 0, 1, 1, 4, 2, 5, 1, 6, 2, 4, 2, 3, 736, 0, 0, 0, 0, 0, 0]",-1,-3.180992297692526e-05,-1,0
3595,"[1, 13, 0, 11, 4, 19, 0, 11, 0, 1, 0, 2, 0, 0, 0, 0, 0, 1, 0, 0, 2, 0, 0, 0, 0, 0, 0, 0, 0, 0, 0, 0, 1, 1, 2, 2, 0, 0, 2, 0, 0, 1, 1, 0, 2, 2, 0, 1, 0, 0, 0, 0, 0, 0, 0, 2, 0, 0, 0, 0, 0, 0, 0, 2, 2, 2, 3, 2, 0, 1, 1, 4, 2, 5, 1, 6, 2, 4, 2, 3, 736, 0, 1, 0, 0, 0, 0]",2,0.4000000000976689,-1,0
3596,"[1, 13, 0, 11, 4, 19, 0, 11, 0, 1, 0, 2, 0, 0, 0, 0, 0, 1, 0, 0, 2, 0, 0, 0, 0, 0, 0, 0, 0, 0, 0, 0, 1, 1, 2, 2, 0, 0, 2, 0, 0, 1, 1, 0, 2, 2, 0, 1, 0, 0, 0, 0, 0, 0, 0, 2, 0, 0, 0, 0, 0, 0, 0, 2, 2, 2, 3, 2, 0, 1, 1, 4, 2, 5, 1, 6, 2, 4, 2, 3, 736, 0, 0, 0, 0, 0, 0]",-1,-3.180992297692526e-05,-1,0
3597,"[1, 14, 0, 11, 4, 20, 0, 11, 0, 1, 0, 2, 0, 0, 0, 0, 0, 1, 0, 0, 2, 0, 0, 0, 0, 0, 0, 0, 0, 0, 0, 0, 1, 1, 2, 2, 0, 0, 2, 0, 0, 1, 1, 0, 2, 2, 0, 1, 0, 0, 0, 0, 0, 0, 0, 2, 0, 0, 0, 0, 0, 0, 0, 2, 2, 2, 3, 2, 0, 1, 1, 4, 2, 5, 1, 6, 2, 4, 2, 3, 737, 0, 0, 0, 0, 0, 0]",4,12.445274365850178,-1,0
3598,"[1, 15, 0, 11, 4, 21, 0, 11, 0, 1, 0, 2, 0, 0, 0, 0, 0, 1, 0, 0, 2, 0, 0, 0, 0, 0, 0, 0, 0, 0, 0, 0, 1, 1, 2, 2, 0, 0, 2, 0, 0, 1, 1, 0, 2, 2, 0, 1, 0, 0, 0, 0, 0, 0, 0, 2, 0, 0, 0, 0, 0, 0, 0, 2, 2, 2, 3, 2, 0, 1, 1, 4, 2, 5, 1, 6, 2, 4, 2, 3, 738, 0, 0, 0, 0, 0, 0]",4,13.874665878445937,-1,1
3599,"[1, 15, 0, 11, 4, 21, 0, 11, 0, 1, 0, 2, 0, 0, 0, 0, 0, 1, 0, 0, 2, 0, 0, 0, 0, 0, 0, 0, 0, 0, 0, 0, 1, 1, 2, 2, 0, 0, 2, 0, 0, 1, 1, 0, 2, 2, 0, 1, 0, 0, 0, 0, 0, 0, 0, 2, 0, 0, 0, 0, 0, 0, 0, 2, 2, 2, 3, 2, 0, 1, 1, 4, 2, 5, 1, 6, 2, 4, 2, 3, 738, 0, 0, 0, 0, 0, 0]",1,0.6096241151897764,-1,0
3600,"[1, 15, 0, 11, 4, 21, 0, 11, 0, 1, 0, 2, 0, 0, 0, 0, 0, 1, 0, 0, 2, 0, 0, 0, 0, 0, 0, 0, 0, 0, 0, 0, 1, 1, 2, 2, 0, 0, 2, 0, 0, 1, 1, 0, 2, 2, 0, 1, 0, 0, 0, 0, 0, 0, 0, 2, 0, 0, 0, 0, 0, 0, 0, 2, 2, 2, 3, 2, 0, 1, 1, 4, 2, 5, 1, 6, 2, 4, 2, 3, 738, 0, 0, 0, 0, 0, 0]",-1,-3.118004429997222e-05,-1,0
3601,"[1, 15, 0, 11, 4, 21, 0, 11, 0, 1, 0, 2, 0, 0, 0, 0, 0, 1, 0, 0, 2, 0, 0, 0, 0, 0, 0, 0, 0, 0, 0, 0, 1, 1, 2, 2, 0, 0, 2, 0, 0, 1, 1, 0, 2, 2, 0, 1, 0, 0, 0, 0, 0, 0, 0, 2, 0, 0, 0, 0, 0, 0, 0, 2, 2, 2, 3, 2, 0, 1, 1, 4, 2, 5, 1, 6, 2, 4, 2, 3, 738, 0, 0, 0, 0, 0, 0]",1,0.6096241151897764,-1,0
3602,"[1, 15, 0, 11, 4, 21, 0, 11, 0, 1, 0, 2, 0, 0, 0, 0, 0, 1, 0, 0, 2, 0, 0, 0, 0, 0, 0, 0, 0, 0, 0, 0, 1, 1, 2, 2, 0, 0, 2, 0, 0, 1, 1, 0, 2, 2, 0, 1, 0, 0, 0, 0, 0, 0, 0, 2, 0, 0, 0, 0, 0, 0, 0, 2, 2, 2, 3, 2, 0, 1, 1, 4, 2, 5, 1, 6, 2, 4, 2, 3, 738, 0, 0, 0, 0, 0, 0]",-1,-3.118004429997222e-05,-1,0
3603,"[1, 15, 0, 12, 4, 21, 0, 12, 0, 1, 0, 2, 0, 0, 0, 0, 0, 1, 0, 0, 2, 0, 0, 0, 0, 0, 0, 0, 0, 0, 0, 0, 1, 1, 2, 2, 0, 0, 2, 0, 0, 1, 1, 0, 2, 2, 0, 1, 0, 0, 0, 0, 0, 0, 0, 2, 0, 0, 0, 0, 0, 0, 0, 2, 2, 2, 3, 2, 0, 1, 1, 4, 2, 5, 1, 6, 2, 4, 2, 3, 739, 0, 0, 0, 0, 0, 0]",4,12.442724482572636,-1,0
3604,"[1, 15, 0, 12, 4, 21, 0, 12, 0, 1, 0, 2, 0, 0, 0, 0, 0, 1, 0, 0, 2, 0, 0, 0, 0, 0, 0, 0, 0, 0, 0, 0, 1, 1, 2, 2, 0, 0, 2, 0, 0, 1, 1, 0, 2, 2, 0, 1, 0, 0, 0, 0, 0, 0, 0, 2, 0, 0, 0, 0, 0, 0, 0, 2, 2, 2, 3, 2, 0, 1, 1, 4, 2, 5, 1, 6, 2, 4, 2, 3, 739, 0, 1, 0, 0, 0, 0]",2,0.4000000000866245,-1,1
3605,"[1, 15, 0, 12, 4, 21, 0, 12, 0, 1, 0, 2, 0, 0, 0, 0, 0, 1, 0, 0, 2, 0, 0, 0, 0, 0, 0, 0, 0, 0, 0, 0, 1, 1, 2, 2, 0, 0, 2, 0, 0, 1, 1, 0, 2, 2, 0, 1, 0, 0, 0, 0, 0, 0, 0, 2, 0, 0, 0, 0, 0, 0, 0, 2, 2, 2, 3, 2, 0, 1, 1, 4, 2, 5, 1, 6, 2, 4, 2, 3, 739, 0, 1, 0, 0, 1, 0]","[[1 0 0 0]
 [0 1 0 0]]",0.6504248651447154,-1,1
3606,"[2, 14, 0, 12, 3, 22, 0, 12, 0, 1, 0, 2, 0, 0, 0, 0, 0, 1, 0, 0, 2, 0, 0, 0, 0, 0, 0, 0, 0, 0, 0, 0, 1, 1, 2, 2, 0, 0, 2, 0, 0, 1, 1, 0, 2, 2, 0, 1, 0, 0, 0, 0, 0, 0, 0, 2, 0, 0, 0, 0, 0, 0, 0, 2, 2, 2, 3, 2, 0, 1, 1, 4, 2, 5, 1, 6, 2, 4, 2, 3, 739, 0, 0, 0, 0, 0, 0]",0,-0.19999999991337547,-1,0
3607,"[2, 14, 0, 13, 3, 22, 0, 13, 0, 1, 0, 2, 0, 0, 0, 0, 0, 1, 0, 0, 2, 0, 0, 0, 0, 0, 0, 0, 0, 0, 0, 0, 1, 1, 2, 2, 0, 0, 2, 0, 0, 1, 1, 0, 2, 2, 0, 1, 0, 0, 0, 0, 0, 0, 0, 2, 0, 0, 0, 0, 0, 0, 0, 2, 2, 2, 3, 2, 0, 1, 1, 4, 2, 5, 1, 6, 2, 4, 2, 3, 740, 0, 0, 0, 0, 0, 0]",4,13.85789671164359,-1,1
3608,"[2, 14, 0, 13, 3, 22, 0, 13, 0, 1, 0, 2, 0, 0, 0, 0, 0, 1, 0, 0, 2, 0, 0, 0, 0, 0, 0, 0, 0, 0, 0, 0, 1, 1, 2, 2, 0, 0, 2, 0, 0, 1, 1, 0, 2, 2, 0, 1, 0, 0, 0, 0, 0, 0, 0, 2, 0, 0, 0, 0, 0, 0, 0, 2, 2, 2, 3, 2, 0, 1, 1, 4, 2, 5, 1, 6, 2, 4, 2, 3, 740, 0, 1, 0, 0, 0, 0]",2,0.4000000000832279,-1,0
3609,"[2, 14, 0, 13, 3, 22, 0, 13, 0, 1, 0, 2, 0, 0, 0, 0, 0, 1, 0, 0, 2, 0, 0, 0, 0, 0, 0, 0, 0, 0, 0, 0, 1, 1, 2, 2, 0, 0, 2, 0, 0, 1, 1, 0, 2, 2, 0, 1, 0, 0, 0, 0, 0, 0, 0, 2, 0, 0, 0, 0, 0, 0, 0, 2, 2, 2, 3, 2, 0, 1, 1, 4, 2, 5, 1, 6, 2, 4, 2, 3, 740, 0, 0, 0, 0, 0, 0]",-1,-3.0562638056478614e-05,-1,0
3610,"[2, 14, 0, 13, 3, 22, 0, 13, 0, 1, 0, 2, 0, 0, 0, 0, 0, 1, 0, 0, 2, 0, 0, 0, 0, 0, 0, 0, 0, 0, 0, 0, 1, 1, 2, 2, 0, 0, 2, 0, 0, 1, 1, 0, 2, 2, 0, 1, 0, 0, 0, 0, 0, 0, 0, 2, 0, 0, 0, 0, 0, 0, 0, 2, 2, 2, 3, 2, 0, 1, 1, 4, 2, 5, 1, 6, 2, 4, 2, 3, 740, 0, 0, 0, 0, 0, 0]",1,0.6096241151828447,-1,0
3611,"[2, 14, 0, 13, 3, 22, 0, 13, 0, 1, 0, 2, 0, 0, 0, 0, 0, 1, 0, 0, 2, 0, 0, 0, 0, 0, 0, 0, 0, 0, 0, 0, 1, 1, 2, 2, 0, 0, 2, 0, 0, 1, 1, 0, 2, 2, 0, 1, 0, 0, 0, 0, 0, 0, 0, 2, 0, 0, 0, 0, 0, 0, 0, 2, 2, 2, 3, 2, 0, 1, 1, 4, 2, 5, 1, 6, 2, 4, 2, 3, 740, 0, 0, 0, 0, 0, 0]",-1,-3.0562638056478614e-05,-1,0
3612,"[2, 14, 0, 13, 3, 22, 0, 13, 0, 1, 0, 2, 0, 0, 0, 0, 0, 1, 0, 0, 2, 0, 0, 0, 0, 0, 0, 0, 0, 0, 0, 0, 1, 1, 2, 2, 0, 0, 2, 0, 0, 1, 1, 0, 2, 2, 0, 1, 0, 0, 0, 0, 0, 0, 0, 2, 0, 0, 0, 0, 0, 0, 0, 2, 2, 2, 3, 2, 0, 1, 1, 4, 2, 5, 1, 6, 2, 4, 2, 3, 740, 0, 0, 0, 0, 0, 0]",1,0.6096241151828447,-1,0
3613,"[2, 14, 0, 13, 3, 22, 0, 13, 0, 1, 0, 2, 0, 0, 0, 0, 0, 1, 0, 0, 2, 0, 0, 0, 0, 0, 0, 0, 0, 0, 0, 0, 1, 1, 2, 2, 0, 0, 2, 0, 0, 1, 1, 0, 2, 2, 0, 1, 0, 0, 0, 0, 0, 0, 0, 2, 0, 0, 0, 0, 0, 0, 0, 2, 2, 2, 3, 2, 0, 1, 1, 4, 2, 5, 1, 6, 2, 4, 2, 3, 740, 0, 0, 0, 0, 0, 0]",-1,-3.0562638056478614e-05,-1,0
3614,"[2, 14, 0, 13, 3, 22, 0, 13, 0, 1, 0, 2, 0, 0, 0, 0, 0, 1, 0, 0, 2, 0, 0, 0, 0, 0, 0, 0, 0, 0, 0, 0, 1, 1, 2, 2, 0, 0, 2, 0, 0, 1, 1, 0, 2, 2, 0, 1, 0, 0, 0, 0, 0, 0, 0, 2, 0, 0, 0, 0, 0, 0, 0, 2, 2, 2, 3, 2, 0, 1, 1, 4, 2, 5, 1, 6, 2, 4, 2, 3, 740, 0, 0, 0, 0, 0, 0]",1,0.6096241151828447,-1,0
3615,"[2, 14, 0, 13, 3, 22, 0, 13, 0, 1, 0, 2, 0, 0, 0, 0, 0, 1, 0, 0, 2, 0, 0, 0, 0, 0, 0, 0, 0, 0, 0, 0, 1, 1, 2, 2, 0, 0, 2, 0, 0, 1, 1, 0, 2, 2, 0, 1, 0, 0, 0, 0, 0, 0, 0, 2, 0, 0, 0, 0, 0, 0, 0, 2, 2, 2, 3, 2, 0, 1, 1, 4, 2, 5, 1, 6, 2, 4, 2, 3, 740, 0, 0, 0, 0, 0, 0]",-1,-3.0562638056478614e-05,-1,0
3616,"[2, 14, 0, 13, 3, 22, 0, 13, 0, 1, 0, 2, 0, 0, 0, 0, 0, 1, 0, 0, 2, 0, 0, 0, 0, 0, 0, 0, 0, 0, 0, 0, 1, 1, 2, 2, 0, 0, 2, 0, 0, 1, 1, 0, 2, 2, 0, 1, 0, 0, 0, 0, 0, 0, 0, 2, 0, 0, 0, 0, 0, 0, 0, 2, 2, 2, 3, 2, 0, 1, 1, 4, 2, 5, 1, 6, 2, 4, 2, 3, 740, 1, 0, 0, 0, 0, 0]",3,0.20000000008322796,-1,0
3617,"[0, 14, 0, 14, 3, 22, 0, 13, 0, 1, 0, 2, 0, 0, 0, 0, 0, 1, 0, 0, 2, 0, 0, 0, 0, 0, 0, 0, 0, 0, 0, 0, 1, 1, 2, 2, 0, 0, 2, 0, 0, 1, 1, 0, 2, 2, 0, 1, 0, 0, 0, 0, 0, 0, 0, 2, 0, 0, 0, 0, 0, 0, 0, 2, 2, 2, 3, 2, 0, 1, 1, 4, 2, 5, 1, 6, 2, 4, 2, 3, 740, 0, 0, 0, 0, 0, 0]","[[2 0 0 0]
 [0 0 0 1]]",-0.198542318005731,-1,0
3618,"[0, 14, 0, 14, 3, 22, 0, 13, 0, 1, 0, 2, 0, 0, 0, 0, 0, 1, 0, 0, 2, 0, 0, 0, 0, 0, 0, 0, 0, 0, 0, 0, 1, 1, 2, 2, 0, 0, 2, 0, 0, 1, 1, 0, 2, 2, 0, 1, 0, 0, 0, 0, 0, 0, 0, 2, 0, 0, 0, 0, 0, 0, 0, 2, 2, 2, 3, 2, 0, 1, 1, 4, 2, 5, 1, 6, 2, 4, 2, 3, 740, 0, 1, 0, 0, 0, 0]",2,0.4000000000832279,-1,0
3619,"[0, 14, 0, 14, 3, 22, 0, 13, 0, 1, 0, 2, 0, 0, 0, 0, 0, 1, 0, 0, 2, 0, 0, 0, 0, 0, 0, 0, 0, 0, 0, 0, 1, 1, 2, 2, 0, 0, 2, 0, 0, 1, 1, 0, 2, 2, 0, 1, 0, 0, 0, 0, 0, 0, 0, 2, 0, 0, 0, 0, 0, 0, 0, 2, 2, 2, 3, 2, 0, 1, 1, 4, 2, 5, 1, 6, 2, 4, 2, 3, 740, 0, 1, 0, 0, 1, 0]","[[0 1 0 0]
 [1 0 0 0]]",0.6504248651413188,-1,0
3620,"[0, 14, 0, 14, 3, 22, 0, 13, 0, 1, 0, 2, 0, 0, 0, 0, 0, 1, 0, 0, 2, 0, 0, 0, 0, 0, 0, 0, 0, 0, 0, 0, 1, 1, 2, 2, 0, 0, 2, 0, 0, 1, 1, 0, 2, 2, 0, 1, 0, 0, 0, 0, 0, 0, 0, 2, 0, 0, 0, 0, 0, 0, 0, 2, 2, 2, 3, 2, 0, 1, 1, 4, 2, 5, 1, 6, 2, 4, 2, 3, 740, 0, 1, 0, 0, 0, 1]",2,-0.19999999991677206,-1,1
3621,"[0, 14, 0, 14, 3, 22, 0, 13, 0, 1, 0, 2, 0, 0, 0, 0, 0, 1, 0, 0, 2, 0, 0, 0, 0, 0, 0, 0, 0, 0, 0, 0, 1, 1, 2, 2, 0, 0, 2, 0, 0, 1, 1, 0, 2, 2, 0, 1, 0, 0, 0, 0, 0, 0, 0, 2, 0, 0, 0, 0, 0, 0, 0, 2, 2, 2, 3, 2, 0, 1, 1, 4, 2, 5, 1, 6, 2, 4, 2, 3, 740, 0, 0, 1, 0, 0, 0]","[[1 0 0 0]
 [0 1 0 0]]",-0.19999999991677206,-1,1
3622,"[1, 13, 0, 14, 2, 23, 0, 13, 0, 1, 0, 2, 0, 0, 0, 0, 0, 1, 0, 0, 2, 0, 0, 0, 0, 0, 0, 0, 0, 0, 0, 0, 1, 1, 2, 2, 0, 0, 2, 0, 0, 1, 1, 0, 2, 2, 0, 1, 0, 0, 0, 0, 0, 0, 0, 2, 0, 0, 0, 0, 0, 0, 0, 2, 2, 2, 3, 2, 0, 1, 1, 4, 2, 5, 1, 6, 2, 4, 2, 3, 740, 0, 0, 0, 0, 0, 0]",0,-0.19999999991677206,-1,0
3623,"[1, 13, 0, 14, 2, 23, 0, 13, 0, 1, 0, 2, 0, 0, 0, 0, 0, 1, 0, 0, 2, 0, 0, 0, 0, 0, 0, 0, 0, 0, 0, 0, 1, 1, 2, 2, 0, 0, 2, 0, 0, 1, 1, 0, 2, 2, 0, 1, 0, 0, 0, 0, 0, 0, 0, 2, 0, 0, 0, 0, 0, 0, 0, 2, 2, 2, 3, 2, 0, 1, 1, 4, 2, 5, 1, 6, 2, 4, 2, 3, 741, 0, 0, 0, 0, 0, 0]",4,12.449166958226769,-1,0
3624,"[1, 13, 0, 14, 3, 23, 0, 13, 0, 1, 0, 2, 0, 0, 0, 0, 0, 1, 0, 0, 2, 0, 0, 0, 0, 0, 0, 0, 0, 0, 0, 0, 1, 1, 2, 2, 0, 0, 2, 0, 0, 1, 1, 0, 2, 2, 0, 1, 0, 0, 0, 0, 0, 0, 0, 2, 0, 0, 0, 0, 0, 0, 0, 2, 2, 2, 3, 2, 0, 1, 1, 4, 2, 5, 1, 6, 2, 4, 2, 3, 742, 0, 0, 0, 0, 0, 0]",4,13.849516998159467,-1,1
3625,"[1, 13, 0, 14, 3, 23, 0, 13, 0, 1, 0, 2, 0, 0, 0, 0, 0, 1, 0, 0, 2, 0, 0, 0, 0, 0, 0, 0, 0, 0, 0, 0, 1, 1, 2, 2, 0, 0, 2, 0, 0, 1, 1, 0, 2, 2, 0, 1, 0, 0, 0, 0, 0, 0, 0, 2, 0, 0, 0, 0, 0, 0, 0, 2, 2, 2, 3, 2, 0, 1, 1, 4, 2, 5, 1, 6, 2, 4, 2, 3, 742, 0, 0, 0, 0, 0, 0]",1,0.6096241151764458,-1,0
3626,"[1, 13, 0, 14, 3, 23, 0, 13, 0, 1, 0, 2, 0, 0, 0, 0, 0, 1, 0, 0, 2, 0, 0, 0, 0, 0, 0, 0, 0, 0, 0, 0, 1, 1, 2, 2, 0, 0, 2, 0, 0, 1, 1, 0, 2, 2, 0, 1, 0, 0, 0, 0, 0, 0, 0, 2, 0, 0, 0, 0, 0, 0, 0, 2, 2, 2, 3, 2, 0, 1, 1, 4, 2, 5, 1, 6, 2, 4, 2, 3, 742, 0, 0, 0, 0, 0, 0]",-1,-2.9957457275714904e-05,-1,0
3627,"[1, 13, 0, 14, 3, 23, 0, 13, 0, 1, 0, 2, 0, 0, 0, 0, 0, 1, 0, 0, 2, 0, 0, 0, 0, 0, 0, 0, 0, 0, 0, 0, 1, 1, 2, 2, 0, 0, 2, 0, 0, 1, 1, 0, 2, 2, 0, 1, 0, 0, 0, 0, 0, 0, 0, 2, 0, 0, 0, 0, 0, 0, 0, 2, 2, 2, 3, 2, 0, 1, 1, 4, 2, 5, 1, 6, 2, 4, 2, 3, 742, 0, 1, 0, 0, 0, 0]",2,0.400000000076829,-1,0
3628,"[1, 13, 0, 14, 3, 23, 0, 13, 0, 1, 0, 2, 0, 0, 0, 0, 0, 1, 0, 0, 2, 0, 0, 0, 0, 0, 0, 0, 0, 0, 0, 0, 1, 1, 2, 2, 0, 0, 2, 0, 0, 1, 1, 0, 2, 2, 0, 1, 0, 0, 0, 0, 0, 0, 0, 2, 0, 0, 0, 0, 0, 0, 0, 2, 2, 2, 3, 2, 0, 1, 1, 4, 2, 5, 1, 6, 2, 4, 2, 3, 742, 0, 0, 0, 0, 0, 0]",-1,-2.9957457275714904e-05,-1,0
3629,"[1, 13, 0, 15, 3, 23, 0, 14, 0, 1, 0, 2, 0, 0, 0, 0, 0, 1, 0, 0, 2, 0, 0, 0, 0, 0, 0, 0, 0, 0, 0, 0, 1, 1, 2, 2, 0, 0, 2, 0, 0, 1, 1, 0, 2, 2, 0, 1, 0, 0, 0, 0, 0, 0, 0, 2, 0, 0, 0, 0, 0, 0, 0, 2, 2, 2, 3, 2, 0, 1, 1, 4, 2, 5, 1, 6, 2, 4, 2, 3, 743, 0, 0, 0, 0, 0, 0]",4,12.445289409323008,-1,0
3630,"[1, 14, 0, 15, 3, 24, 0, 14, 0, 1, 0, 2, 0, 0, 0, 0, 0, 1, 0, 0, 2, 0, 0, 0, 0, 0, 0, 0, 0, 0, 0, 0, 1, 1, 2, 2, 0, 0, 2, 0, 0, 1, 1, 0, 2, 2, 0, 1, 0, 0, 0, 0, 0, 0, 0, 2, 0, 0, 0, 0, 0, 0, 0, 2, 2, 2, 3, 2, 0, 1, 1, 4, 2, 5, 1, 6, 2, 4, 2, 3, 744, 0, 0, 0, 0, 0, 0]",4,13.849526073516898,-1,1
3631,"[1, 14, 0, 15, 3, 24, 0, 14, 0, 1, 0, 2, 0, 0, 0, 0, 0, 1, 0, 0, 2, 0, 0, 0, 0, 0, 0, 0, 0, 0, 0, 0, 1, 1, 2, 2, 0, 0, 2, 0, 0, 1, 1, 0, 2, 2, 0, 1, 0, 0, 0, 0, 0, 0, 0, 2, 0, 0, 0, 0, 0, 0, 0, 2, 2, 2, 3, 2, 0, 1, 1, 4, 2, 5, 1, 6, 2, 4, 2, 3, 744, 0, 0, 0, 0, 0, 0]",1,0.6096241151705388,-1,0
3632,"[1, 14, 0, 15, 3, 24, 0, 14, 0, 1, 0, 2, 0, 0, 0, 0, 0, 1, 0, 0, 2, 0, 0, 0, 0, 0, 0, 0, 0, 0, 0, 0, 1, 1, 2, 2, 0, 0, 2, 0, 0, 1, 1, 0, 2, 2, 0, 1, 0, 0, 0, 0, 0, 0, 0, 2, 0, 0, 0, 0, 0, 0, 0, 2, 2, 2, 3, 2, 0, 1, 1, 4, 2, 5, 1, 6, 2, 4, 2, 3, 744, 0, 0, 0, 0, 0, 0]",-1,-2.936425987729954e-05,-1,0
3633,"[1, 14, 0, 15, 3, 24, 0, 14, 0, 1, 0, 2, 0, 0, 0, 0, 0, 1, 0, 0, 2, 0, 0, 0, 0, 0, 0, 0, 0, 0, 0, 0, 1, 1, 2, 2, 0, 0, 2, 0, 0, 1, 1, 0, 2, 2, 0, 1, 0, 0, 0, 0, 0, 0, 0, 2, 0, 0, 0, 0, 0, 0, 0, 2, 2, 2, 3, 2, 0, 1, 1, 4, 2, 5, 1, 6, 2, 4, 2, 3, 744, 0, 0, 0, 0, 0, 0]",1,0.6096241151705388,-1,0
3634,"[1, 14, 0, 15, 3, 24, 0, 14, 0, 1, 0, 2, 0, 0, 0, 0, 0, 1, 0, 0, 2, 0, 0, 0, 0, 0, 0, 0, 0, 0, 0, 0, 1, 1, 2, 2, 0, 0, 2, 0, 0, 1, 1, 0, 2, 2, 0, 1, 0, 0, 0, 0, 0, 0, 0, 2, 0, 0, 0, 0, 0, 0, 0, 2, 2, 2, 3, 2, 0, 1, 1, 4, 2, 5, 1, 6, 2, 4, 2, 3, 744, 0, 0, 0, 0, 0, 0]",-1,-2.936425987729954e-05,-1,0
3635,"[1, 14, 0, 15, 3, 24, 0, 14, 0, 1, 0, 2, 0, 0, 0, 0, 0, 1, 0, 0, 2, 0, 0, 0, 0, 0, 0, 0, 0, 0, 0, 0, 1, 1, 2, 2, 0, 0, 2, 0, 0, 1, 1, 0, 2, 2, 0, 1, 0, 0, 0, 0, 0, 0, 0, 2, 0, 0, 0, 0, 0, 0, 0, 2, 2, 2, 3, 2, 0, 1, 1, 4, 2, 5, 1, 6, 2, 4, 2, 3, 744, 0, 0, 0, 0, 0, 0]",1,0.6096241151705388,-1,0
3636,"[1, 14, 0, 15, 3, 24, 0, 14, 0, 1, 0, 2, 0, 0, 0, 0, 0, 1, 0, 0, 2, 0, 0, 0, 0, 0, 0, 0, 0, 0, 0, 0, 1, 1, 2, 2, 0, 0, 2, 0, 0, 1, 1, 0, 2, 2, 0, 1, 0, 0, 0, 0, 0, 0, 0, 2, 0, 0, 0, 0, 0, 0, 0, 2, 2, 2, 3, 2, 0, 1, 1, 4, 2, 5, 1, 6, 2, 4, 2, 3, 744, 0, 0, 0, 0, 0, 0]",-1,-2.936425987729954e-05,-1,0
3637,"[1, 14, 0, 15, 3, 24, 0, 14, 0, 1, 0, 2, 0, 0, 0, 0, 0, 1, 0, 0, 2, 0, 0, 0, 0, 0, 0, 0, 0, 0, 0, 0, 1, 1, 2, 2, 0, 0, 2, 0, 0, 1, 1, 0, 2, 2, 0, 1, 0, 0, 0, 0, 0, 0, 0, 2, 0, 0, 0, 0, 0, 0, 0, 2, 2, 2, 3, 2, 0, 1, 1, 4, 2, 5, 1, 6, 2, 4, 2, 3, 744, 0, 0, 0, 0, 0, 0]",1,0.6096241151705388,-1,0
3638,"[1, 14, 0, 15, 3, 24, 0, 14, 0, 1, 0, 2, 0, 0, 0, 0, 0, 1, 0, 0, 2, 0, 0, 0, 0, 0, 0, 0, 0, 0, 0, 0, 1, 1, 2, 2, 0, 0, 2, 0, 0, 1, 1, 0, 2, 2, 0, 1, 0, 0, 0, 0, 0, 0, 0, 2, 0, 0, 0, 0, 0, 0, 0, 2, 2, 2, 3, 2, 0, 1, 1, 4, 2, 5, 1, 6, 2, 4, 2, 3, 744, 0, 0, 0, 0, 0, 0]",-1,-2.936425987729954e-05,-1,0
3639,"[1, 14, 0, 15, 3, 24, 0, 14, 0, 1, 0, 2, 0, 0, 0, 0, 0, 1, 0, 0, 2, 0, 0, 0, 0, 0, 0, 0, 0, 0, 0, 0, 1, 1, 2, 2, 0, 0, 2, 0, 0, 1, 1, 0, 2, 2, 0, 1, 0, 0, 0, 0, 0, 0, 0, 2, 0, 0, 0, 0, 0, 0, 0, 2, 2, 2, 3, 2, 0, 1, 1, 4, 2, 5, 1, 6, 2, 4, 2, 3, 744, 0, 0, 0, 0, 0, 0]",1,0.6096241151705388,-1,0
3640,"[1, 14, 0, 15, 3, 24, 0, 14, 0, 1, 0, 2, 0, 0, 0, 0, 0, 1, 0, 0, 2, 0, 0, 0, 0, 0, 0, 0, 0, 0, 0, 0, 1, 1, 2, 2, 0, 0, 2, 0, 0, 1, 1, 0, 2, 2, 0, 1, 0, 0, 0, 0, 0, 0, 0, 2, 0, 0, 0, 0, 0, 0, 0, 2, 2, 2, 3, 2, 0, 1, 1, 4, 2, 5, 1, 6, 2, 4, 2, 3, 744, 0, 0, 0, 0, 0, 0]",-1,-2.936425987729954e-05,-1,0
3641,"[1, 14, 0, 15, 3, 24, 0, 14, 0, 1, 0, 2, 0, 0, 0, 0, 0, 1, 0, 0, 2, 0, 0, 0, 0, 0, 0, 0, 0, 0, 0, 0, 1, 1, 2, 2, 0, 0, 2, 0, 0, 1, 1, 0, 2, 2, 0, 1, 0, 0, 0, 0, 0, 0, 0, 2, 0, 0, 0, 0, 0, 0, 0, 2, 2, 2, 3, 2, 0, 1, 1, 4, 2, 5, 1, 6, 2, 4, 2, 3, 744, 0, 0, 0, 0, 0, 0]",1,0.6096241151705388,-1,0
3642,"[1, 14, 0, 15, 3, 24, 0, 14, 0, 1, 0, 2, 0, 0, 0, 0, 0, 1, 0, 0, 2, 0, 0, 0, 0, 0, 0, 0, 0, 0, 0, 0, 1, 1, 2, 2, 0, 0, 2, 0, 0, 1, 1, 0, 2, 2, 0, 1, 0, 0, 0, 0, 0, 0, 0, 2, 0, 0, 0, 0, 0, 0, 0, 2, 2, 2, 3, 2, 0, 1, 1, 4, 2, 5, 1, 6, 2, 4, 2, 3, 744, 0, 0, 0, 0, 0, 0]",-1,-2.936425987729954e-05,-1,0
3643,"[1, 14, 0, 15, 3, 24, 0, 14, 0, 1, 0, 2, 0, 0, 0, 0, 0, 1, 0, 0, 2, 0, 0, 0, 0, 0, 0, 0, 0, 0, 0, 0, 1, 1, 2, 2, 0, 0, 2, 0, 0, 1, 1, 0, 2, 2, 0, 1, 0, 0, 0, 0, 0, 0, 0, 2, 0, 0, 0, 0, 0, 0, 0, 2, 2, 2, 3, 2, 0, 1, 1, 4, 2, 5, 1, 6, 2, 4, 2, 3, 745, 0, 0, 0, 0, 0, 0]",4,12.446030108170346,-1,0
3644,"[1, 14, 0, 15, 3, 24, 0, 14, 0, 1, 0, 2, 0, 0, 0, 0, 0, 1, 0, 0, 2, 0, 0, 0, 0, 0, 0, 0, 0, 0, 0, 0, 1, 1, 2, 2, 0, 0, 2, 0, 0, 1, 1, 0, 2, 2, 0, 1, 0, 0, 0, 0, 0, 0, 0, 2, 0, 0, 0, 0, 0, 0, 0, 2, 2, 2, 3, 2, 0, 1, 1, 4, 2, 5, 1, 6, 2, 4, 2, 3, 745, 0, 1, 0, 0, 0, 0]",2,0.40000000006814124,-1,1
3645,"[1, 14, 0, 15, 3, 24, 0, 14, 0, 1, 0, 2, 0, 0, 0, 0, 0, 1, 0, 0, 2, 0, 0, 0, 0, 0, 0, 0, 0, 0, 0, 0, 1, 1, 2, 2, 0, 0, 2, 0, 0, 1, 1, 0, 2, 2, 0, 1, 0, 0, 0, 0, 0, 0, 0, 2, 0, 0, 0, 0, 0, 0, 0, 2, 2, 2, 3, 2, 0, 1, 1, 4, 2, 5, 1, 6, 2, 4, 2, 3, 745, 0, 1, 0, 0, 1, 0]","[[1 0 0 0]
 [0 1 0 0]]",0.6504248651262321,-1,1
3646,"[2, 13, 0, 15, 2, 25, 0, 14, 0, 1, 0, 2, 0, 0, 0, 0, 0, 1, 0, 0, 2, 0, 0, 0, 0, 0, 0, 0, 0, 0, 0, 0, 1, 1, 2, 2, 0, 0, 2, 0, 0, 1, 1, 0, 2, 2, 0, 1, 0, 0, 0, 0, 0, 0, 0, 2, 0, 0, 0, 0, 0, 0, 0, 2, 2, 2, 3, 2, 0, 1, 1, 4, 2, 5, 1, 6, 2, 4, 2, 3, 745, 0, 0, 0, 0, 0, 0]",0,-0.19999999993185874,-1,0
3647,"[2, 13, 0, 15, 3, 25, 0, 14, 0, 1, 0, 2, 0, 0, 0, 0, 0, 1, 0, 0, 2, 0, 0, 0, 0, 0, 0, 0, 0, 0, 0, 0, 1, 1, 2, 2, 0, 0, 2, 0, 0, 1, 1, 0, 2, 2, 0, 1, 0, 0, 0, 0, 0, 0, 0, 2, 0, 0, 0, 0, 0, 0, 0, 2, 2, 2, 3, 2, 0, 1, 1, 4, 2, 5, 1, 6, 2, 4, 2, 3, 746, 0, 0, 0, 0, 0, 0]",4,13.841858130045136,-1,1
3648,"[2, 13, 0, 15, 3, 25, 0, 14, 0, 1, 0, 2, 0, 0, 0, 0, 0, 1, 0, 0, 2, 0, 0, 0, 0, 0, 0, 0, 0, 0, 0, 0, 1, 1, 2, 2, 0, 0, 2, 0, 0, 1, 1, 0, 2, 2, 0, 1, 0, 0, 0, 0, 0, 0, 0, 2, 0, 0, 0, 0, 0, 0, 0, 2, 2, 2, 3, 2, 0, 1, 1, 4, 2, 5, 1, 6, 2, 4, 2, 3, 746, 0, 0, 0, 0, 0, 0]",1,0.6096241151650861,-1,0
3649,"[2, 13, 0, 15, 3, 25, 0, 14, 0, 1, 0, 2, 0, 0, 0, 0, 0, 1, 0, 0, 2, 0, 0, 0, 0, 0, 0, 0, 0, 0, 0, 0, 1, 1, 2, 2, 0, 0, 2, 0, 0, 1, 1, 0, 2, 2, 0, 1, 0, 0, 0, 0, 0, 0, 0, 2, 0, 0, 0, 0, 0, 0, 0, 2, 2, 2, 3, 2, 0, 1, 1, 4, 2, 5, 1, 6, 2, 4, 2, 3, 746, 0, 0, 0, 0, 0, 0]",-1,-2.8782808574363806e-05,-1,0
3650,"[2, 14, 0, 15, 3, 26, 0, 14, 0, 1, 0, 2, 0, 0, 0, 0, 0, 1, 0, 0, 2, 0, 0, 0, 0, 0, 0, 0, 0, 0, 0, 0, 1, 1, 2, 2, 0, 0, 2, 0, 0, 1, 1, 0, 2, 2, 0, 1, 0, 0, 0, 0, 0, 0, 0, 2, 0, 0, 0, 0, 0, 0, 0, 2, 2, 2, 3, 2, 0, 1, 1, 4, 2, 5, 1, 6, 2, 4, 2, 3, 747, 0, 0, 0, 0, 0, 0]",4,13.83425006929328,-1,1
3651,"[2, 14, 0, 15, 3, 26, 0, 14, 0, 1, 0, 2, 0, 0, 0, 0, 0, 1, 0, 0, 2, 0, 0, 0, 0, 0, 0, 0, 0, 0, 0, 0, 1, 1, 2, 2, 0, 0, 2, 0, 0, 1, 1, 0, 2, 2, 0, 1, 0, 0, 0, 0, 0, 0, 0, 2, 0, 0, 0, 0, 0, 0, 0, 2, 2, 2, 3, 2, 0, 1, 1, 4, 2, 5, 1, 6, 2, 4, 2, 3, 747, 1, 0, 0, 0, 0, 0]",3,0.20000000006290236,-1,0
3652,"[0, 14, 0, 16, 3, 26, 0, 14, 0, 1, 0, 2, 0, 0, 0, 0, 0, 1, 0, 0, 2, 0, 0, 0, 0, 0, 0, 0, 0, 0, 0, 0, 1, 1, 2, 2, 0, 0, 2, 0, 0, 1, 1, 0, 2, 2, 0, 1, 0, 0, 0, 0, 0, 0, 0, 2, 0, 0, 0, 0, 0, 0, 0, 2, 2, 2, 3, 2, 0, 1, 1, 4, 2, 5, 1, 6, 2, 4, 2, 3, 747, 0, 0, 0, 0, 0, 0]","[[2 0 0 0]
 [0 0 0 1]]",-0.1985423180260566,-1,0
3653,"[0, 14, 0, 16, 3, 26, 0, 14, 0, 1, 0, 2, 0, 0, 0, 0, 0, 1, 0, 0, 2, 0, 0, 0, 0, 0, 0, 0, 0, 0, 0, 0, 1, 1, 2, 2, 0, 0, 2, 0, 0, 1, 1, 0, 2, 2, 0, 1, 0, 0, 0, 0, 0, 0, 0, 2, 0, 0, 0, 0, 0, 0, 0, 2, 2, 2, 3, 2, 0, 1, 1, 4, 2, 5, 1, 6, 2, 4, 2, 3, 747, 0, 0, 0, 0, 0, 0]",1,0.609624115162519,-1,0
3654,"[0, 14, 0, 16, 3, 26, 0, 14, 0, 1, 0, 2, 0, 0, 0, 0, 0, 1, 0, 0, 2, 0, 0, 0, 0, 0, 0, 0, 0, 0, 0, 0, 1, 1, 2, 2, 0, 0, 2, 0, 0, 1, 1, 0, 2, 2, 0, 1, 0, 0, 0, 0, 0, 0, 0, 2, 0, 0, 0, 0, 0, 0, 0, 2, 2, 2, 3, 2, 0, 1, 1, 4, 2, 5, 1, 6, 2, 4, 2, 3, 747, 0, 0, 0, 0, 0, 0]",-1,-2.849641484388302e-05,-1,0
3655,"[0, 14, 0, 16, 3, 26, 0, 14, 0, 1, 0, 2, 0, 0, 0, 0, 0, 1, 0, 0, 2, 0, 0, 0, 0, 0, 0, 0, 0, 0, 0, 0, 1, 1, 2, 2, 0, 0, 2, 0, 0, 1, 1, 0, 2, 2, 0, 1, 0, 0, 0, 0, 0, 0, 0, 2, 0, 0, 0, 0, 0, 0, 0, 2, 2, 2, 3, 2, 0, 1, 1, 4, 2, 5, 1, 6, 2, 4, 2, 3, 748, 0, 0, 0, 0, 0, 0]",4,12.405330888260556,-1,0
3656,"[0, 14, 0, 16, 4, 26, 0, 14, 0, 1, 0, 2, 0, 0, 0, 0, 0, 1, 0, 0, 2, 0, 0, 0, 0, 0, 0, 0, 0, 0, 0, 0, 1, 1, 2, 2, 0, 0, 2, 0, 0, 1, 1, 0, 2, 2, 0, 1, 0, 0, 0, 0, 0, 0, 0, 2, 0, 0, 0, 0, 0, 0, 0, 2, 2, 2, 3, 2, 0, 1, 1, 4, 2, 5, 1, 6, 2, 4, 2, 3, 749, 0, 0, 0, 0, 0, 0]",4,13.85682035165133,-1,1
3657,"[0, 14, 0, 16, 4, 26, 0, 14, 0, 1, 0, 2, 0, 0, 0, 0, 0, 1, 0, 0, 2, 0, 0, 0, 0, 0, 0, 0, 0, 0, 0, 0, 1, 1, 2, 2, 0, 0, 2, 0, 0, 1, 1, 0, 2, 2, 0, 1, 0, 0, 0, 0, 0, 0, 0, 2, 0, 0, 0, 0, 0, 0, 0, 2, 2, 2, 3, 2, 0, 1, 1, 4, 2, 5, 1, 6, 2, 4, 2, 3, 749, 0, 1, 0, 0, 0, 0]",2,0.40000000005806613,-1,0
3658,"[0, 14, 0, 16, 4, 26, 0, 14, 0, 1, 0, 2, 0, 0, 0, 0, 0, 1, 0, 0, 2, 0, 0, 0, 0, 0, 0, 0, 0, 0, 0, 0, 1, 1, 2, 2, 0, 0, 2, 0, 0, 1, 1, 0, 2, 2, 0, 1, 0, 0, 0, 0, 0, 0, 0, 2, 0, 0, 0, 0, 0, 0, 0, 2, 2, 2, 3, 2, 0, 1, 1, 4, 2, 5, 1, 6, 2, 4, 2, 3, 749, 0, 1, 0, 0, 1, 0]","[[0 1 0 0]
 [1 0 0 0]]",0.650424865116157,-1,0
3659,"[0, 14, 0, 16, 4, 26, 0, 14, 0, 1, 0, 2, 0, 0, 0, 0, 0, 1, 0, 0, 2, 0, 0, 0, 0, 0, 0, 0, 0, 0, 0, 0, 1, 1, 2, 2, 0, 0, 2, 0, 0, 1, 1, 0, 2, 2, 0, 1, 0, 0, 0, 0, 0, 0, 0, 2, 0, 0, 0, 0, 0, 0, 0, 2, 2, 2, 3, 2, 0, 1, 1, 4, 2, 5, 1, 6, 2, 4, 2, 3, 749, 0, 1, 0, 0, 0, 1]",2,-0.19999999994193385,-1,1
3660,"[0, 14, 0, 16, 4, 26, 0, 14, 0, 1, 0, 2, 0, 0, 0, 0, 0, 1, 0, 0, 2, 0, 0, 0, 0, 0, 0, 0, 0, 0, 0, 0, 1, 1, 2, 2, 0, 0, 2, 0, 0, 1, 1, 0, 2, 2, 0, 1, 0, 0, 0, 0, 0, 0, 0, 2, 0, 0, 0, 0, 0, 0, 0, 2, 2, 2, 3, 2, 0, 1, 1, 4, 2, 5, 1, 6, 2, 4, 2, 3, 749, 0, 0, 1, 0, 0, 0]","[[1 0 0 0]
 [0 1 0 0]]",-0.19999999994193385,-1,1
3661,"[0, 14, 0, 16, 4, 26, 0, 14, 0, 1, 0, 2, 0, 0, 0, 0, 0, 1, 0, 0, 2, 0, 0, 0, 0, 0, 0, 0, 0, 0, 0, 0, 1, 1, 2, 2, 0, 0, 2, 0, 0, 1, 1, 0, 2, 2, 0, 1, 0, 0, 0, 0, 0, 0, 0, 2, 0, 0, 0, 0, 0, 0, 0, 2, 2, 2, 3, 2, 0, 1, 1, 4, 2, 5, 1, 6, 2, 4, 2, 3, 749, 0, 0, 0, 0, 0, 0]",1,-7.319916452846162,-1,0
3662,"[0, 14, 0, 17, 4, 26, 0, 15, 0, 1, 0, 2, 0, 0, 0, 0, 0, 1, 0, 0, 2, 0, 0, 0, 0, 0, 0, 0, 0, 0, 0, 0, 1, 1, 2, 2, 0, 0, 2, 0, 0, 1, 1, 0, 2, 2, 0, 1, 0, 0, 0, 0, 0, 0, 0, 2, 0, 0, 0, 0, 0, 0, 0, 2, 2, 2, 3, 2, 0, 1, 1, 4, 2, 5, 1, 6, 2, 4, 2, 3, 750, 0, 0, 0, 0, 0, 0]",4,12.402180642770752,-1,0
3663,"[0, 14, 0, 17, 4, 26, 0, 15, 0, 1, 0, 2, 0, 0, 0, 0, 0, 1, 0, 0, 2, 0, 0, 0, 0, 0, 0, 0, 0, 0, 0, 0, 1, 1, 2, 2, 0, 0, 2, 0, 0, 1, 1, 0, 2, 2, 0, 1, 0, 0, 0, 0, 0, 0, 0, 2, 0, 0, 0, 0, 0, 0, 0, 2, 2, 2, 3, 2, 0, 1, 1, 4, 2, 5, 1, 6, 2, 4, 2, 3, 750, 0, 1, 0, 0, 0, 0]",2,0.40000000005578934,-1,1
3664,"[0, 14, 0, 17, 4, 26, 0, 15, 0, 1, 0, 2, 0, 0, 0, 0, 0, 1, 0, 0, 2, 0, 0, 0, 0, 0, 0, 0, 0, 0, 0, 0, 1, 1, 2, 2, 0, 0, 2, 0, 0, 1, 1, 0, 2, 2, 0, 1, 0, 0, 0, 0, 0, 0, 0, 2, 0, 0, 0, 0, 0, 0, 0, 2, 2, 2, 3, 2, 0, 1, 1, 4, 2, 5, 1, 6, 2, 4, 2, 3, 750, 0, 1, 0, 0, 1, 0]","[[1 0 0 0]
 [0 1 0 0]]",0.6504248651138802,-1,1
3665,"[1, 13, 0, 17, 3, 27, 0, 15, 0, 1, 0, 2, 0, 0, 0, 0, 0, 1, 0, 0, 2, 0, 0, 0, 0, 0, 0, 0, 0, 0, 0, 0, 1, 1, 2, 2, 0, 0, 2, 0, 0, 1, 1, 0, 2, 2, 0, 1, 0, 0, 0, 0, 0, 0, 0, 2, 0, 0, 0, 0, 0, 0, 0, 2, 2, 2, 3, 2, 0, 1, 1, 4, 2, 5, 1, 6, 2, 4, 2, 3, 750, 0, 0, 0, 0, 0, 0]",0,-0.19999999994421064,-1,0
3666,"[1, 14, 0, 17, 3, 28, 0, 15, 0, 1, 0, 2, 0, 0, 0, 0, 0, 1, 0, 0, 2, 0, 0, 0, 0, 0, 0, 0, 0, 0, 0, 0, 1, 1, 2, 2, 0, 0, 2, 0, 0, 1, 1, 0, 2, 2, 0, 1, 0, 0, 0, 0, 0, 0, 0, 2, 0, 0, 0, 0, 0, 0, 0, 2, 2, 2, 3, 2, 0, 1, 1, 4, 2, 5, 1, 6, 2, 4, 2, 3, 751, 0, 0, 0, 0, 0, 0]",4,13.8281585609111,-1,1
3667,"[1, 14, 0, 17, 3, 28, 0, 15, 0, 1, 0, 2, 0, 0, 0, 0, 0, 1, 0, 0, 2, 0, 0, 0, 0, 0, 0, 0, 0, 0, 0, 0, 1, 1, 2, 2, 0, 0, 2, 0, 0, 1, 1, 0, 2, 2, 0, 1, 0, 0, 0, 0, 0, 0, 0, 2, 0, 0, 0, 0, 0, 0, 0, 2, 2, 2, 3, 2, 0, 1, 1, 4, 2, 5, 1, 6, 2, 4, 2, 3, 751, 0, 0, 0, 0, 0, 0]",0,0.2949747468841851,-1,0
3668,"[1, 14, 0, 17, 3, 28, 0, 15, 0, 1, 0, 2, 0, 0, 0, 0, 0, 1, 0, 0, 2, 0, 0, 0, 0, 0, 0, 0, 0, 0, 0, 0, 1, 1, 2, 2, 0, 0, 2, 0, 0, 1, 1, 0, 2, 2, 0, 1, 0, 0, 0, 0, 0, 0, 0, 2, 0, 0, 0, 0, 0, 0, 0, 2, 2, 2, 3, 2, 0, 1, 1, 4, 2, 5, 1, 6, 2, 4, 2, 3, 751, 0, 0, 0, 0, 0, 0]",-1,-2.7379054435706305e-05,-1,0
3669,"[1, 14, 0, 18, 3, 28, 0, 16, 0, 1, 0, 2, 0, 0, 0, 0, 0, 1, 0, 0, 2, 0, 0, 0, 0, 0, 0, 0, 0, 0, 0, 0, 1, 1, 2, 2, 0, 0, 2, 0, 0, 1, 1, 0, 2, 2, 0, 1, 0, 0, 0, 0, 0, 0, 0, 2, 0, 0, 0, 0, 0, 0, 0, 2, 2, 2, 3, 2, 0, 1, 1, 4, 2, 5, 1, 6, 2, 4, 2, 3, 752, 0, 0, 0, 0, 0, 0]",4,13.835804461849238,-1,1
3670,"[1, 14, 0, 18, 3, 28, 0, 16, 0, 1, 0, 2, 0, 0, 0, 0, 0, 1, 0, 0, 2, 0, 0, 0, 0, 0, 0, 0, 0, 0, 0, 0, 1, 1, 2, 2, 0, 0, 2, 0, 0, 1, 1, 0, 2, 2, 0, 1, 0, 0, 0, 0, 0, 0, 0, 2, 0, 0, 0, 0, 0, 0, 0, 2, 2, 2, 3, 2, 0, 1, 1, 4, 2, 5, 1, 6, 2, 4, 2, 3, 752, 0, 0, 0, 0, 0, 0]",0,0.29497474688208336,-1,0
3671,"[1, 14, 0, 18, 3, 28, 0, 16, 0, 1, 0, 2, 0, 0, 0, 0, 0, 1, 0, 0, 2, 0, 0, 0, 0, 0, 0, 0, 0, 0, 0, 0, 1, 1, 2, 2, 0, 0, 2, 0, 0, 1, 1, 0, 2, 2, 0, 1, 0, 0, 0, 0, 0, 0, 0, 2, 0, 0, 0, 0, 0, 0, 0, 2, 2, 2, 3, 2, 0, 1, 1, 4, 2, 5, 1, 6, 2, 4, 2, 3, 752, 0, 0, 0, 0, 0, 0]",-1,-2.7106628292280433e-05,-1,0
3672,"[1, 14, 0, 18, 3, 28, 0, 16, 0, 1, 0, 2, 0, 0, 0, 0, 0, 1, 0, 0, 2, 0, 0, 0, 0, 0, 0, 0, 0, 0, 0, 0, 1, 1, 2, 2, 0, 0, 2, 0, 0, 1, 1, 0, 2, 2, 0, 1, 0, 0, 0, 0, 0, 0, 0, 2, 0, 0, 0, 0, 0, 0, 0, 2, 2, 2, 3, 2, 0, 1, 1, 4, 2, 5, 1, 6, 2, 4, 2, 3, 752, 0, 0, 0, 0, 0, 0]",0,0.29497474688208336,-1,0
3673,"[1, 14, 0, 18, 3, 28, 0, 16, 0, 1, 0, 2, 0, 0, 0, 0, 0, 1, 0, 0, 2, 0, 0, 0, 0, 0, 0, 0, 0, 0, 0, 0, 1, 1, 2, 2, 0, 0, 2, 0, 0, 1, 1, 0, 2, 2, 0, 1, 0, 0, 0, 0, 0, 0, 0, 2, 0, 0, 0, 0, 0, 0, 0, 2, 2, 2, 3, 2, 0, 1, 1, 4, 2, 5, 1, 6, 2, 4, 2, 3, 752, 0, 0, 0, 0, 0, 0]",-1,-2.7106628292280433e-05,-1,0
3674,"[1, 14, 0, 18, 3, 28, 0, 16, 0, 1, 0, 2, 0, 0, 0, 0, 0, 1, 0, 0, 2, 0, 0, 0, 0, 0, 0, 0, 0, 0, 0, 0, 1, 1, 2, 2, 0, 0, 2, 0, 0, 1, 1, 0, 2, 2, 0, 1, 0, 0, 0, 0, 0, 0, 0, 2, 0, 0, 0, 0, 0, 0, 0, 2, 2, 2, 3, 2, 0, 1, 1, 4, 2, 5, 1, 6, 2, 4, 2, 3, 752, 0, 0, 0, 0, 0, 0]",0,0.29497474688208336,-1,0
3675,"[1, 14, 0, 18, 3, 28, 0, 16, 0, 1, 0, 2, 0, 0, 0, 0, 0, 1, 0, 0, 2, 0, 0, 0, 0, 0, 0, 0, 0, 0, 0, 0, 1, 1, 2, 2, 0, 0, 2, 0, 0, 1, 1, 0, 2, 2, 0, 1, 0, 0, 0, 0, 0, 0, 0, 2, 0, 0, 0, 0, 0, 0, 0, 2, 2, 2, 3, 2, 0, 1, 1, 4, 2, 5, 1, 6, 2, 4, 2, 3, 752, 0, 0, 0, 0, 0, 0]",-1,-2.7106628292280433e-05,-1,0
3676,"[1, 14, 0, 18, 3, 28, 0, 16, 0, 1, 0, 2, 0, 0, 0, 0, 0, 1, 0, 0, 2, 0, 0, 0, 0, 0, 0, 0, 0, 0, 0, 0, 1, 1, 2, 2, 0, 0, 2, 0, 0, 1, 1, 0, 2, 2, 0, 1, 0, 0, 0, 0, 0, 0, 0, 2, 0, 0, 0, 0, 0, 0, 0, 2, 2, 2, 3, 2, 0, 1, 1, 4, 2, 5, 1, 6, 2, 4, 2, 3, 752, 0, 0, 0, 0, 0, 0]",0,0.29497474688208336,-1,0
3677,"[1, 14, 0, 18, 3, 28, 0, 16, 0, 1, 0, 2, 0, 0, 0, 0, 0, 1, 0, 0, 2, 0, 0, 0, 0, 0, 0, 0, 0, 0, 0, 0, 1, 1, 2, 2, 0, 0, 2, 0, 0, 1, 1, 0, 2, 2, 0, 1, 0, 0, 0, 0, 0, 0, 0, 2, 0, 0, 0, 0, 0, 0, 0, 2, 2, 2, 3, 2, 0, 1, 1, 4, 2, 5, 1, 6, 2, 4, 2, 3, 752, 0, 0, 0, 0, 0, 0]",-1,-2.7106628292280433e-05,-1,0
3678,"[1, 14, 0, 18, 3, 28, 0, 16, 0, 1, 0, 2, 0, 0, 0, 0, 0, 1, 0, 0, 2, 0, 0, 0, 0, 0, 0, 0, 0, 0, 0, 0, 1, 1, 2, 2, 0, 0, 2, 0, 0, 1, 1, 0, 2, 2, 0, 1, 0, 0, 0, 0, 0, 0, 0, 2, 0, 0, 0, 0, 0, 0, 0, 2, 2, 2, 3, 2, 0, 1, 1, 4, 2, 5, 1, 6, 2, 4, 2, 3, 752, 0, 0, 0, 0, 0, 0]",0,0.29497474688208336,-1,0
3679,"[1, 14, 0, 18, 3, 28, 0, 16, 0, 1, 0, 2, 0, 0, 0, 0, 0, 1, 0, 0, 2, 0, 0, 0, 0, 0, 0, 0, 0, 0, 0, 0, 1, 1, 2, 2, 0, 0, 2, 0, 0, 1, 1, 0, 2, 2, 0, 1, 0, 0, 0, 0, 0, 0, 0, 2, 0, 0, 0, 0, 0, 0, 0, 2, 2, 2, 3, 2, 0, 1, 1, 4, 2, 5, 1, 6, 2, 4, 2, 3, 752, 0, 0, 0, 0, 0, 0]",-1,-2.7106628292280433e-05,-1,0
3680,"[1, 14, 0, 18, 3, 28, 0, 16, 0, 1, 0, 2, 0, 0, 0, 0, 0, 1, 0, 0, 2, 0, 0, 0, 0, 0, 0, 0, 0, 0, 0, 0, 1, 1, 2, 2, 0, 0, 2, 0, 0, 1, 1, 0, 2, 2, 0, 1, 0, 0, 0, 0, 0, 0, 0, 2, 0, 0, 0, 0, 0, 0, 0, 2, 2, 2, 3, 2, 0, 1, 1, 4, 2, 5, 1, 6, 2, 4, 2, 3, 752, 0, 0, 0, 0, 0, 0]",0,0.29497474688208336,-1,0
3681,"[1, 14, 0, 18, 3, 28, 0, 16, 0, 1, 0, 2, 0, 0, 0, 0, 0, 1, 0, 0, 2, 0, 0, 0, 0, 0, 0, 0, 0, 0, 0, 0, 1, 1, 2, 2, 0, 0, 2, 0, 0, 1, 1, 0, 2, 2, 0, 1, 0, 0, 0, 0, 0, 0, 0, 2, 0, 0, 0, 0, 0, 0, 0, 2, 2, 2, 3, 2, 0, 1, 1, 4, 2, 5, 1, 6, 2, 4, 2, 3, 752, 0, 0, 0, 0, 0, 0]",-1,-2.7106628292280433e-05,-1,0
3682,"[1, 14, 0, 18, 3, 28, 0, 16, 0, 1, 0, 2, 0, 0, 0, 0, 0, 1, 0, 0, 2, 0, 0, 0, 0, 0, 0, 0, 0, 0, 0, 0, 1, 1, 2, 2, 0, 0, 2, 0, 0, 1, 1, 0, 2, 2, 0, 1, 0, 0, 0, 0, 0, 0, 0, 2, 0, 0, 0, 0, 0, 0, 0, 2, 2, 2, 3, 2, 0, 1, 1, 4, 2, 5, 1, 6, 2, 4, 2, 3, 752, 0, 0, 0, 0, 0, 0]",0,0.29497474688208336,-1,0
3683,"[1, 14, 0, 18, 3, 28, 0, 16, 0, 1, 0, 2, 0, 0, 0, 0, 0, 1, 0, 0, 2, 0, 0, 0, 0, 0, 0, 0, 0, 0, 0, 0, 1, 1, 2, 2, 0, 0, 2, 0, 0, 1, 1, 0, 2, 2, 0, 1, 0, 0, 0, 0, 0, 0, 0, 2, 0, 0, 0, 0, 0, 0, 0, 2, 2, 2, 3, 2, 0, 1, 1, 4, 2, 5, 1, 6, 2, 4, 2, 3, 752, 0, 0, 0, 0, 0, 0]",-1,-2.7106628292280433e-05,-1,0
3684,"[1, 14, 0, 18, 3, 28, 0, 16, 0, 1, 0, 2, 0, 0, 0, 0, 0, 1, 0, 0, 2, 0, 0, 0, 0, 0, 0, 0, 0, 0, 0, 0, 1, 1, 2, 2, 0, 0, 2, 0, 0, 1, 1, 0, 2, 2, 0, 1, 0, 0, 0, 0, 0, 0, 0, 2, 0, 0, 0, 0, 0, 0, 0, 2, 2, 2, 3, 2, 0, 1, 1, 4, 2, 5, 1, 6, 2, 4, 2, 3, 752, 0, 1, 0, 0, 0, 0]",2,0.40000000005150005,-1,0
3685,"[1, 14, 0, 18, 3, 28, 0, 16, 0, 1, 0, 2, 0, 0, 0, 0, 0, 1, 0, 0, 2, 0, 0, 0, 0, 0, 0, 0, 0, 0, 0, 0, 1, 1, 2, 2, 0, 0, 2, 0, 0, 1, 1, 0, 2, 2, 0, 1, 0, 0, 0, 0, 0, 0, 0, 2, 0, 0, 0, 0, 0, 0, 0, 2, 2, 2, 3, 2, 0, 1, 1, 4, 2, 5, 1, 6, 2, 4, 2, 3, 752, 0, 0, 0, 0, 0, 0]",-1,-2.7106628292280433e-05,-1,0
3686,"[1, 15, 0, 18, 3, 29, 0, 16, 0, 1, 0, 2, 0, 0, 0, 0, 0, 1, 0, 0, 2, 0, 0, 0, 0, 0, 0, 0, 0, 0, 0, 0, 1, 1, 2, 2, 0, 0, 2, 0, 0, 1, 1, 0, 2, 2, 0, 1, 0, 0, 0, 0, 0, 0, 0, 2, 0, 0, 0, 0, 0, 0, 0, 2, 2, 2, 3, 2, 0, 1, 1, 4, 2, 5, 1, 6, 2, 4, 2, 3, 753, 0, 0, 0, 0, 0, 0]",4,12.436492663037955,-1,0
3687,"[1, 15, 0, 18, 3, 29, 0, 16, 0, 1, 0, 2, 0, 0, 0, 0, 0, 1, 0, 0, 2, 0, 0, 0, 0, 0, 0, 0, 0, 0, 0, 0, 1, 1, 2, 2, 0, 0, 2, 0, 0, 1, 1, 0, 2, 2, 0, 1, 0, 0, 0, 0, 0, 0, 0, 2, 0, 0, 0, 0, 0, 0, 0, 2, 2, 2, 3, 2, 0, 1, 1, 4, 2, 5, 1, 6, 2, 4, 2, 3, 754, 0, 0, 0, 0, 0, 0]",4,13.829267048215312,-1,1
3688,"[1, 15, 0, 18, 3, 29, 0, 16, 0, 1, 0, 2, 0, 0, 0, 0, 0, 1, 0, 0, 2, 0, 0, 0, 0, 0, 0, 0, 0, 0, 0, 0, 1, 1, 2, 2, 0, 0, 2, 0, 0, 1, 1, 0, 2, 2, 0, 1, 0, 0, 0, 0, 0, 0, 0, 2, 0, 0, 0, 0, 0, 0, 0, 2, 2, 2, 3, 2, 0, 1, 1, 4, 2, 5, 1, 6, 2, 4, 2, 3, 754, 0, 0, 0, 0, 0, 0]",1,0.6096241151471573,-1,0
3689,"[1, 15, 0, 18, 3, 29, 0, 16, 0, 1, 0, 2, 0, 0, 0, 0, 0, 1, 0, 0, 2, 0, 0, 0, 0, 0, 0, 0, 0, 0, 0, 0, 1, 1, 2, 2, 0, 0, 2, 0, 0, 1, 1, 0, 2, 2, 0, 1, 0, 0, 0, 0, 0, 0, 0, 2, 0, 0, 0, 0, 0, 0, 0, 2, 2, 2, 3, 2, 0, 1, 1, 4, 2, 5, 1, 6, 2, 4, 2, 3, 754, 0, 0, 0, 0, 0, 0]",-1,-2.6569881089912648e-05,-1,0
3690,"[1, 16, 0, 18, 3, 30, 0, 16, 0, 1, 0, 2, 0, 0, 0, 0, 0, 1, 0, 0, 2, 0, 0, 0, 0, 0, 0, 0, 0, 0, 0, 0, 1, 1, 2, 2, 0, 0, 2, 0, 0, 1, 1, 0, 2, 2, 0, 1, 0, 0, 0, 0, 0, 0, 0, 2, 0, 0, 0, 0, 0, 0, 0, 2, 2, 2, 3, 2, 0, 1, 1, 4, 2, 5, 1, 6, 2, 4, 2, 3, 755, 0, 0, 0, 0, 0, 0]",4,12.438170401500651,-1,0
3691,"[1, 16, 0, 18, 3, 30, 0, 16, 0, 1, 0, 2, 0, 0, 0, 0, 0, 1, 0, 0, 2, 0, 0, 0, 0, 0, 0, 0, 0, 0, 0, 0, 1, 1, 2, 2, 0, 0, 2, 0, 0, 1, 1, 0, 2, 2, 0, 1, 0, 0, 0, 0, 0, 0, 0, 2, 0, 0, 0, 0, 0, 0, 0, 2, 2, 2, 3, 2, 0, 1, 1, 4, 2, 5, 1, 6, 2, 4, 2, 3, 755, 0, 1, 0, 0, 0, 0]",2,0.4000000000456765,-1,1
3692,"[1, 16, 0, 18, 3, 30, 0, 16, 0, 1, 0, 2, 0, 0, 0, 0, 0, 1, 0, 0, 2, 0, 0, 0, 0, 0, 0, 0, 0, 0, 0, 0, 1, 1, 2, 2, 0, 0, 2, 0, 0, 1, 1, 0, 2, 2, 0, 1, 0, 0, 0, 0, 0, 0, 0, 2, 0, 0, 0, 0, 0, 0, 0, 2, 2, 2, 3, 2, 0, 1, 1, 4, 2, 5, 1, 6, 2, 4, 2, 3, 755, 0, 1, 0, 0, 1, 0]","[[1 0 0 0]
 [0 1 0 0]]",0.6504248651037674,-1,1
3693,"[2, 15, 0, 18, 2, 31, 0, 16, 0, 1, 0, 2, 0, 0, 0, 0, 0, 1, 0, 0, 2, 0, 0, 0, 0, 0, 0, 0, 0, 0, 0, 0, 1, 1, 2, 2, 0, 0, 2, 0, 0, 1, 1, 0, 2, 2, 0, 1, 0, 0, 0, 0, 0, 0, 0, 2, 0, 0, 0, 0, 0, 0, 0, 2, 2, 2, 3, 2, 0, 1, 1, 4, 2, 5, 1, 6, 2, 4, 2, 3, 755, 0, 0, 0, 0, 0, 0]",0,-0.19999999995432352,-1,0
3694,"[2, 16, 0, 18, 2, 32, 0, 16, 0, 1, 0, 2, 0, 0, 0, 0, 0, 1, 0, 0, 2, 0, 0, 0, 0, 0, 0, 0, 0, 0, 0, 0, 1, 1, 2, 2, 0, 0, 2, 0, 0, 1, 1, 0, 2, 2, 0, 1, 0, 0, 0, 0, 0, 0, 0, 2, 0, 0, 0, 0, 0, 0, 0, 2, 2, 2, 3, 2, 0, 1, 1, 4, 2, 5, 1, 6, 2, 4, 2, 3, 756, 0, 0, 0, 0, 0, 0]",4,13.788838445271697,-1,1
3695,"[2, 16, 0, 18, 2, 32, 0, 16, 0, 1, 0, 2, 0, 0, 0, 0, 0, 1, 0, 0, 2, 0, 0, 0, 0, 0, 0, 0, 0, 0, 0, 0, 1, 1, 2, 2, 0, 0, 2, 0, 0, 1, 1, 0, 2, 2, 0, 1, 0, 0, 0, 0, 0, 0, 0, 2, 0, 0, 0, 0, 0, 0, 0, 2, 2, 2, 3, 2, 0, 1, 1, 4, 2, 5, 1, 6, 2, 4, 2, 3, 756, 0, 0, 0, 0, 0, 0]",1,0.6096241151435022,-1,0
3696,"[2, 16, 0, 18, 2, 32, 0, 16, 0, 1, 0, 2, 0, 0, 0, 0, 0, 1, 0, 0, 2, 0, 0, 0, 0, 0, 0, 0, 0, 0, 0, 0, 1, 1, 2, 2, 0, 0, 2, 0, 0, 1, 1, 0, 2, 2, 0, 1, 0, 0, 0, 0, 0, 0, 0, 2, 0, 0, 0, 0, 0, 0, 0, 2, 2, 2, 3, 2, 0, 1, 1, 4, 2, 5, 1, 6, 2, 4, 2, 3, 756, 0, 0, 0, 0, 0, 0]",-1,-2.604376219425061e-05,-1,0
3697,"[2, 17, 0, 18, 2, 33, 0, 16, 0, 1, 0, 2, 0, 0, 0, 0, 0, 1, 0, 0, 2, 0, 0, 0, 0, 0, 0, 0, 0, 0, 0, 0, 1, 1, 2, 2, 0, 0, 2, 0, 0, 1, 1, 0, 2, 2, 0, 1, 0, 0, 0, 0, 0, 0, 0, 2, 0, 0, 0, 0, 0, 0, 0, 2, 2, 2, 3, 2, 0, 1, 1, 4, 2, 5, 1, 6, 2, 4, 2, 3, 757, 0, 0, 0, 0, 0, 0]",4,13.782918713062042,-1,1
3698,"[2, 17, 0, 18, 2, 33, 0, 16, 0, 1, 0, 2, 0, 0, 0, 0, 0, 1, 0, 0, 2, 0, 0, 0, 0, 0, 0, 0, 0, 0, 0, 0, 1, 1, 2, 2, 0, 0, 2, 0, 0, 1, 1, 0, 2, 2, 0, 1, 0, 0, 0, 0, 0, 0, 0, 2, 0, 0, 0, 0, 0, 0, 0, 2, 2, 2, 3, 2, 0, 1, 1, 4, 2, 5, 1, 6, 2, 4, 2, 3, 757, 0, 0, 0, 0, 0, 0]",1,0.6096241151417814,-1,0
3699,"[2, 17, 0, 18, 2, 33, 0, 16, 0, 1, 0, 2, 0, 0, 0, 0, 0, 1, 0, 0, 2, 0, 0, 0, 0, 0, 0, 0, 0, 0, 0, 0, 1, 1, 2, 2, 0, 0, 2, 0, 0, 1, 1, 0, 2, 2, 0, 1, 0, 0, 0, 0, 0, 0, 0, 2, 0, 0, 0, 0, 0, 0, 0, 2, 2, 2, 3, 2, 0, 1, 1, 4, 2, 5, 1, 6, 2, 4, 2, 3, 757, 0, 0, 0, 0, 0, 0]",-1,-2.5784622430620692e-05,-1,0
3700,"[2, 18, 0, 18, 2, 34, 0, 16, 0, 1, 0, 2, 0, 0, 0, 0, 0, 1, 0, 0, 2, 0, 0, 0, 0, 0, 0, 0, 0, 0, 0, 0, 1, 1, 2, 2, 0, 0, 2, 0, 0, 1, 1, 0, 2, 2, 0, 1, 0, 0, 0, 0, 0, 0, 0, 2, 0, 0, 0, 0, 0, 0, 0, 2, 2, 2, 3, 2, 0, 1, 1, 4, 2, 5, 1, 6, 2, 4, 2, 3, 758, 0, 0, 0, 0, 0, 0]",4,12.466967495767937,-1,0
3701,"[2, 18, 0, 19, 2, 34, 0, 17, 0, 1, 0, 2, 0, 0, 0, 0, 0, 1, 0, 0, 2, 0, 0, 0, 0, 0, 0, 0, 0, 0, 0, 0, 1, 1, 2, 2, 0, 0, 2, 0, 0, 1, 1, 0, 2, 2, 0, 1, 0, 0, 0, 0, 0, 0, 0, 2, 0, 0, 0, 0, 0, 0, 0, 2, 2, 2, 3, 2, 0, 1, 1, 4, 2, 5, 1, 6, 2, 4, 2, 3, 759, 0, 0, 0, 0, 0, 0]",4,13.785967309320466,-1,1
3702,"[1, 9, 0, 9, 1, 17, 0, 8, 0, 1, 0, 2, 0, 0, 0, 0, 0, 1, 0, 0, 2, 0, 0, 0, 0, 0, 0, 0, 0, 0, 0, 0, 1, 1, 2, 2, 0, 0, 2, 0, 0, 1, 1, 0, 2, 2, 0, 1, 0, 0, 0, 0, 0, 0, 0, 2, 0, 0, 0, 0, 0, 0, 0, 2, 2, 2, 3, 2, 0, 1, 1, 4, 2, 5, 1, 6, 2, 4, 2, 6, 760, 0, 0, 0, 0, 0, 0]",4,12.473352224676574,-1,0
3703,"[1, 9, 0, 9, 1, 17, 0, 8, 0, 1, 0, 2, 0, 0, 0, 0, 0, 1, 0, 0, 2, 0, 0, 0, 0, 0, 0, 0, 0, 0, 0, 0, 1, 1, 2, 2, 0, 0, 2, 0, 0, 1, 1, 0, 2, 2, 0, 1, 0, 0, 0, 0, 0, 0, 0, 2, 0, 0, 0, 0, 0, 0, 0, 2, 2, 2, 3, 2, 0, 1, 1, 4, 2, 5, 1, 6, 2, 4, 2, 6, 760, 0, 1, 0, 0, 0, 0]",2,0.40000000003739666,-1,1
3704,"[1, 9, 0, 9, 1, 17, 0, 8, 0, 1, 0, 2, 0, 0, 0, 0, 0, 1, 0, 0, 2, 0, 0, 0, 0, 0, 0, 0, 0, 0, 0, 0, 1, 1, 2, 2, 0, 0, 2, 0, 0, 1, 1, 0, 2, 2, 0, 1, 0, 0, 0, 0, 0, 0, 0, 2, 0, 0, 0, 0, 0, 0, 0, 2, 2, 2, 3, 2, 0, 1, 1, 4, 2, 5, 1, 6, 2, 4, 2, 6, 760, 0, 1, 0, 0, 1, 0]","[[1 0 0 0]
 [0 1 0 0]]",0.6504248650954876,-1,1
3705,"[2, 8, 0, 9, 0, 18, 0, 8, 0, 1, 0, 2, 0, 0, 0, 0, 0, 1, 0, 0, 2, 0, 0, 0, 0, 0, 0, 0, 0, 0, 0, 0, 1, 1, 2, 2, 0, 0, 2, 0, 0, 1, 1, 0, 2, 2, 0, 1, 0, 0, 0, 0, 0, 0, 0, 2, 0, 0, 0, 0, 0, 0, 0, 2, 2, 2, 3, 2, 0, 1, 1, 4, 2, 5, 1, 6, 2, 4, 2, 6, 760, 0, 0, 0, 0, 0, 0]",0,-0.19999999996260331,-1,0
3706,"[2, 9, 0, 9, 0, 19, 0, 8, 0, 1, 0, 2, 0, 0, 0, 0, 0, 1, 0, 0, 2, 0, 0, 0, 0, 0, 0, 0, 0, 0, 0, 0, 1, 1, 2, 2, 0, 0, 2, 0, 0, 1, 1, 0, 2, 2, 0, 1, 0, 0, 0, 0, 0, 0, 0, 2, 0, 0, 0, 0, 0, 0, 0, 2, 2, 2, 3, 2, 0, 1, 1, 4, 2, 5, 1, 6, 2, 4, 2, 6, 761, 0, 0, 0, 0, 0, 0]",4,13.717711483721441,-1,1
3707,"[2, 9, 0, 9, 0, 19, 0, 8, 0, 1, 0, 2, 0, 0, 0, 0, 0, 1, 0, 0, 2, 0, 0, 0, 0, 0, 0, 0, 0, 0, 0, 0, 1, 1, 2, 2, 0, 0, 2, 0, 0, 1, 1, 0, 2, 2, 0, 1, 0, 0, 0, 0, 0, 0, 0, 2, 0, 0, 0, 0, 0, 0, 0, 2, 2, 2, 3, 2, 0, 1, 1, 4, 2, 5, 1, 6, 2, 4, 2, 6, 761, 1, 0, 0, 0, 0, 0]",3,0.20000000003593038,-1,0
3708,"[0, 9, 0, 10, 0, 19, 0, 8, 0, 1, 0, 2, 0, 0, 0, 0, 0, 1, 0, 0, 2, 0, 0, 0, 0, 0, 0, 0, 0, 0, 0, 0, 1, 1, 2, 2, 0, 0, 2, 0, 0, 1, 1, 0, 2, 2, 0, 1, 0, 0, 0, 0, 0, 0, 0, 2, 0, 0, 0, 0, 0, 0, 0, 2, 2, 2, 3, 2, 0, 1, 1, 4, 2, 5, 1, 6, 2, 4, 2, 6, 761, 0, 0, 0, 0, 0, 0]","[[2 0 0 0]
 [0 0 0 1]]",-0.19854231805302858,-1,0
3709,"[0, 9, 0, 10, 0, 19, 0, 8, 0, 1, 0, 2, 0, 0, 0, 0, 0, 1, 0, 0, 2, 0, 0, 0, 0, 0, 0, 0, 0, 0, 0, 0, 1, 1, 2, 2, 0, 0, 2, 0, 0, 1, 1, 0, 2, 2, 0, 1, 0, 0, 0, 0, 0, 0, 0, 2, 0, 0, 0, 0, 0, 0, 0, 2, 2, 2, 3, 2, 0, 1, 1, 4, 2, 5, 1, 6, 2, 4, 2, 6, 761, 0, 0, 0, 0, 0, 0]",1,0.609624115135547,-1,0
3710,"[0, 9, 0, 10, 0, 19, 0, 8, 0, 1, 0, 2, 0, 0, 0, 0, 0, 1, 0, 0, 2, 0, 0, 0, 0, 0, 0, 0, 0, 0, 0, 0, 1, 1, 2, 2, 0, 0, 2, 0, 0, 1, 1, 0, 2, 2, 0, 1, 0, 0, 0, 0, 0, 0, 0, 2, 0, 0, 0, 0, 0, 0, 0, 2, 2, 2, 3, 2, 0, 1, 1, 4, 2, 5, 1, 6, 2, 4, 2, 6, 761, 0, 0, 0, 0, 0, 0]",-1,-2.4773592923870468e-05,-1,0
3711,"[0, 9, 0, 10, 0, 19, 0, 8, 0, 1, 0, 2, 0, 0, 0, 0, 0, 1, 0, 0, 2, 0, 0, 0, 0, 0, 0, 0, 0, 0, 0, 0, 1, 1, 2, 2, 0, 0, 2, 0, 0, 1, 1, 0, 2, 2, 0, 1, 0, 0, 0, 0, 0, 0, 0, 2, 0, 0, 0, 0, 0, 0, 0, 2, 2, 2, 3, 2, 0, 1, 1, 4, 2, 5, 1, 6, 2, 4, 2, 6, 762, 0, 0, 0, 0, 0, 0]",4,13.717710985762533,-1,1
3712,"[0, 9, 0, 10, 0, 19, 0, 8, 0, 1, 0, 2, 0, 0, 0, 0, 0, 1, 0, 0, 2, 0, 0, 0, 0, 0, 0, 0, 0, 0, 0, 0, 1, 1, 2, 2, 0, 0, 2, 0, 0, 1, 1, 0, 2, 2, 0, 1, 0, 0, 0, 0, 0, 0, 0, 2, 0, 0, 0, 0, 0, 0, 0, 2, 2, 2, 3, 2, 0, 1, 1, 4, 2, 5, 1, 6, 2, 4, 2, 6, 762, 0, 0, 0, 0, 0, 0]",1,0.6096241151341383,-1,0
3713,"[0, 9, 0, 10, 0, 19, 0, 8, 0, 1, 0, 2, 0, 0, 0, 0, 0, 1, 0, 0, 2, 0, 0, 0, 0, 0, 0, 0, 0, 0, 0, 0, 1, 1, 2, 2, 0, 0, 2, 0, 0, 1, 1, 0, 2, 2, 0, 1, 0, 0, 0, 0, 0, 0, 0, 2, 0, 0, 0, 0, 0, 0, 0, 2, 2, 2, 3, 2, 0, 1, 1, 4, 2, 5, 1, 6, 2, 4, 2, 6, 762, 0, 0, 0, 0, 0, 0]",-1,-2.4527091555647528e-05,-1,0
3714,"[0, 9, 0, 10, 0, 19, 0, 8, 0, 1, 0, 2, 0, 0, 0, 0, 0, 1, 0, 0, 2, 0, 0, 0, 0, 0, 0, 0, 0, 0, 0, 0, 1, 1, 2, 2, 0, 0, 2, 0, 0, 1, 1, 0, 2, 2, 0, 1, 0, 0, 0, 0, 0, 0, 0, 2, 0, 0, 0, 0, 0, 0, 0, 2, 2, 2, 3, 2, 0, 1, 1, 4, 2, 5, 1, 6, 2, 4, 2, 6, 762, 1, 0, 0, 0, 0, 0]",3,0.20000000003452156,-1,0
3715,"[0, 9, 0, 10, 0, 19, 0, 8, 0, 1, 0, 2, 0, 0, 0, 0, 0, 1, 0, 0, 2, 0, 0, 0, 0, 0, 0, 0, 0, 0, 0, 0, 1, 1, 2, 2, 0, 0, 2, 0, 0, 1, 1, 0, 2, 2, 0, 1, 0, 0, 0, 0, 0, 0, 0, 2, 0, 0, 0, 0, 0, 0, 0, 2, 2, 2, 3, 2, 0, 1, 1, 4, 2, 5, 1, 6, 2, 4, 2, 6, 762, 0, 0, 0, 0, 0, 0]",-1,-2.4527091555647528e-05,-1,0
3716,"[0, 9, 0, 10, 0, 19, 0, 8, 0, 1, 0, 2, 0, 0, 0, 0, 0, 1, 0, 0, 2, 0, 0, 0, 0, 0, 0, 0, 0, 0, 0, 0, 1, 1, 2, 2, 0, 0, 2, 0, 0, 1, 1, 0, 2, 2, 0, 1, 0, 0, 0, 0, 0, 0, 0, 2, 0, 0, 0, 0, 0, 0, 0, 2, 2, 2, 3, 2, 0, 1, 1, 4, 2, 5, 1, 6, 2, 4, 2, 6, 763, 0, 0, 0, 0, 0, 0]",4,12.411195016911764,-1,0
3717,"[0, 10, 0, 10, 0, 20, 0, 8, 0, 1, 0, 2, 0, 0, 0, 0, 0, 1, 0, 0, 2, 0, 0, 0, 0, 0, 0, 0, 0, 0, 0, 0, 1, 1, 2, 2, 0, 0, 2, 0, 0, 1, 1, 0, 2, 2, 0, 1, 0, 0, 0, 0, 0, 0, 0, 2, 0, 0, 0, 0, 0, 0, 0, 2, 2, 2, 3, 2, 0, 1, 1, 4, 2, 5, 1, 6, 2, 4, 2, 6, 764, 0, 0, 0, 0, 0, 0]",4,13.708339552921952,-1,1
3718,"[0, 10, 0, 10, 0, 20, 0, 8, 0, 1, 0, 2, 0, 0, 0, 0, 0, 1, 0, 0, 2, 0, 0, 0, 0, 0, 0, 0, 0, 0, 0, 0, 1, 1, 2, 2, 0, 0, 2, 0, 0, 1, 1, 0, 2, 2, 0, 1, 0, 0, 0, 0, 0, 0, 0, 2, 0, 0, 0, 0, 0, 0, 0, 2, 2, 2, 3, 2, 0, 1, 1, 4, 2, 5, 1, 6, 2, 4, 2, 6, 764, 0, 0, 0, 0, 0, 0]",0,0.2949747468624507,-1,0
3719,"[0, 10, 0, 10, 0, 20, 0, 8, 0, 1, 0, 2, 0, 0, 0, 0, 0, 1, 0, 0, 2, 0, 0, 0, 0, 0, 0, 0, 0, 0, 0, 0, 1, 1, 2, 2, 0, 0, 2, 0, 0, 1, 1, 0, 2, 2, 0, 1, 0, 0, 0, 0, 0, 0, 0, 2, 0, 0, 0, 0, 0, 0, 0, 2, 2, 2, 3, 2, 0, 1, 1, 4, 2, 5, 1, 6, 2, 4, 2, 6, 764, 0, 0, 0, 0, 0, 0]",-1,-2.4041422602919018e-05,-1,0
3720,"[0, 11, 0, 10, 0, 21, 0, 8, 0, 1, 0, 2, 0, 0, 0, 0, 0, 1, 0, 0, 2, 0, 0, 0, 0, 0, 0, 0, 0, 0, 0, 0, 1, 1, 2, 2, 0, 0, 2, 0, 0, 1, 1, 0, 2, 2, 0, 1, 0, 0, 0, 0, 0, 0, 0, 2, 0, 0, 0, 0, 0, 0, 0, 2, 2, 2, 3, 2, 0, 1, 1, 4, 2, 5, 1, 6, 2, 4, 2, 6, 765, 0, 0, 0, 0, 0, 0]",4,12.410109326832853,-1,0
3721,"[0, 11, 0, 10, 0, 21, 0, 8, 0, 1, 0, 2, 0, 0, 0, 0, 0, 1, 0, 0, 2, 0, 0, 0, 0, 0, 0, 0, 0, 0, 0, 0, 1, 1, 2, 2, 0, 0, 2, 0, 0, 1, 1, 0, 2, 2, 0, 1, 0, 0, 0, 0, 0, 0, 0, 2, 0, 0, 0, 0, 0, 0, 0, 2, 2, 2, 3, 2, 0, 1, 1, 4, 2, 5, 1, 6, 2, 4, 2, 6, 765, 0, 1, 0, 0, 0, 0]",2,0.40000000003061786,-1,1
3722,"[0, 11, 0, 10, 0, 21, 0, 8, 0, 1, 0, 2, 0, 0, 0, 0, 0, 1, 0, 0, 2, 0, 0, 0, 0, 0, 0, 0, 0, 0, 0, 0, 1, 1, 2, 2, 0, 0, 2, 0, 0, 1, 1, 0, 2, 2, 0, 1, 0, 0, 0, 0, 0, 0, 0, 2, 0, 0, 0, 0, 0, 0, 0, 2, 2, 2, 3, 2, 0, 1, 1, 4, 2, 5, 1, 6, 2, 4, 2, 6, 765, 0, 1, 0, 0, 1, 0]","[[0 1 0 0]
 [0 0 0 1]]",0.6504248650887088,-1,1
3723,"[0, 12, 0, 9, 0, 20, 0, 9, 0, 1, 0, 2, 0, 0, 0, 0, 0, 1, 0, 0, 2, 0, 0, 0, 0, 0, 0, 0, 0, 0, 0, 0, 1, 1, 2, 2, 0, 0, 2, 0, 0, 1, 1, 0, 2, 2, 0, 1, 0, 0, 0, 0, 0, 0, 0, 2, 0, 0, 0, 0, 0, 0, 0, 2, 2, 2, 3, 2, 0, 1, 1, 4, 2, 5, 1, 6, 2, 4, 2, 6, 765, 0, 0, 0, 0, 0, 0]",0,-0.19999999996938214,-1,0
3724,"[0, 6, 0, 4, 0, 10, 0, 4, 0, 1, 0, 2, 0, 0, 0, 0, 0, 1, 0, 0, 2, 0, 0, 0, 0, 0, 0, 0, 0, 0, 0, 0, 1, 1, 2, 2, 0, 0, 2, 0, 0, 1, 1, 0, 2, 2, 0, 1, 0, 0, 0, 0, 0, 0, 0, 2, 0, 0, 0, 0, 0, 0, 0, 2, 2, 2, 3, 2, 0, 1, 1, 4, 2, 5, 1, 6, 2, 4, 2, 3, 766, 0, 0, 0, 0, 0, 0]",4,13.720893164426135,-1,1
3725,"[0, 6, 0, 4, 0, 10, 0, 4, 0, 1, 0, 2, 0, 0, 0, 0, 0, 1, 0, 0, 2, 0, 0, 0, 0, 0, 0, 0, 0, 0, 0, 0, 1, 1, 2, 2, 0, 0, 2, 0, 0, 1, 1, 0, 2, 2, 0, 1, 0, 0, 0, 0, 0, 0, 0, 2, 0, 0, 0, 0, 0, 0, 0, 2, 2, 2, 3, 2, 0, 1, 1, 4, 2, 5, 1, 6, 2, 4, 2, 3, 767, 0, 0, 0, 0, 0, 0]",4,12.415143593106489,-1,0
3726,"[0, 6, 0, 4, 1, 10, 0, 4, 0, 1, 0, 2, 0, 0, 0, 0, 0, 1, 0, 0, 2, 0, 0, 0, 0, 0, 0, 0, 0, 0, 0, 0, 1, 1, 2, 2, 0, 0, 2, 0, 0, 1, 1, 0, 2, 2, 0, 1, 0, 0, 0, 0, 0, 0, 0, 2, 0, 0, 0, 0, 0, 0, 0, 2, 2, 2, 3, 2, 0, 1, 1, 4, 2, 5, 1, 6, 2, 4, 2, 3, 768, 0, 0, 0, 0, 0, 0]",4,13.797117422380424,-1,1
3727,"[0, 6, 0, 4, 1, 10, 0, 4, 0, 1, 0, 2, 0, 0, 0, 0, 0, 1, 0, 0, 2, 0, 0, 0, 0, 0, 0, 0, 0, 0, 0, 0, 1, 1, 2, 2, 0, 0, 2, 0, 0, 1, 1, 0, 2, 2, 0, 1, 0, 0, 0, 0, 0, 0, 0, 2, 0, 0, 0, 0, 0, 0, 0, 2, 2, 2, 3, 2, 0, 1, 1, 4, 2, 5, 1, 6, 2, 4, 2, 3, 769, 0, 0, 0, 0, 0, 0]",4,12.415142659853114,-1,0
3728,"[0, 6, 0, 5, 1, 10, 0, 5, 0, 1, 0, 2, 0, 0, 0, 0, 0, 1, 0, 0, 2, 0, 0, 0, 0, 0, 0, 0, 0, 0, 0, 0, 1, 1, 2, 2, 0, 0, 2, 0, 0, 1, 1, 0, 2, 2, 0, 1, 0, 0, 0, 0, 0, 0, 0, 2, 0, 0, 0, 0, 0, 0, 0, 2, 2, 2, 3, 2, 0, 1, 1, 4, 2, 5, 1, 6, 2, 4, 2, 3, 770, 0, 0, 0, 0, 0, 0]",4,13.826857111204806,-1,1
3729,"[0, 6, 0, 5, 2, 10, 0, 5, 0, 1, 0, 2, 0, 0, 0, 0, 0, 1, 0, 0, 2, 0, 0, 0, 0, 0, 0, 0, 0, 0, 0, 0, 1, 1, 2, 2, 0, 0, 2, 0, 0, 1, 1, 0, 2, 2, 0, 1, 0, 0, 0, 0, 0, 0, 0, 2, 0, 0, 0, 0, 0, 0, 0, 2, 2, 2, 3, 2, 0, 1, 1, 4, 2, 5, 1, 6, 2, 4, 2, 3, 771, 0, 0, 0, 0, 0, 0]",4,12.426154706959068,-1,0
3730,"[0, 6, 0, 5, 2, 10, 0, 5, 0, 1, 0, 2, 0, 0, 0, 0, 0, 1, 0, 0, 2, 0, 0, 0, 0, 0, 0, 0, 0, 0, 0, 0, 1, 1, 2, 2, 0, 0, 2, 0, 0, 1, 1, 0, 2, 2, 0, 1, 0, 0, 0, 0, 0, 0, 0, 2, 0, 0, 0, 0, 0, 0, 0, 2, 2, 2, 3, 2, 0, 1, 1, 4, 2, 5, 1, 6, 2, 4, 2, 3, 771, 0, 1, 0, 0, 0, 0]",2,0.40000000002408487,-1,1
3731,"[0, 6, 0, 5, 2, 10, 0, 5, 0, 1, 0, 2, 0, 0, 0, 0, 0, 1, 0, 0, 2, 0, 0, 0, 0, 0, 0, 0, 0, 0, 0, 0, 1, 1, 2, 2, 0, 0, 2, 0, 0, 1, 1, 0, 2, 2, 0, 1, 0, 0, 0, 0, 0, 0, 0, 2, 0, 0, 0, 0, 0, 0, 0, 2, 2, 2, 3, 2, 0, 1, 1, 4, 2, 5, 1, 6, 2, 4, 2, 3, 771, 0, 1, 0, 0, 1, 0]","[[1 0 0 0]
 [0 1 0 0]]",0.6504248650821758,-1,1
3732,"[0, 6, 0, 5, 2, 10, 0, 5, 0, 1, 0, 2, 0, 0, 0, 0, 0, 1, 0, 0, 2, 0, 0, 0, 0, 0, 0, 0, 0, 0, 0, 0, 1, 1, 2, 2, 0, 0, 2, 0, 0, 1, 1, 0, 2, 2, 0, 1, 0, 0, 0, 0, 0, 0, 0, 2, 0, 0, 0, 0, 0, 0, 0, 2, 2, 2, 3, 2, 0, 1, 1, 4, 2, 5, 1, 6, 2, 4, 2, 3, 771, 0, 0, 0, 0, 0, 0]",1,-0.19999999997591514,-1,0
3733,"[0, 7, 0, 5, 2, 11, 0, 5, 0, 1, 0, 2, 0, 0, 0, 0, 0, 1, 0, 0, 2, 0, 0, 0, 0, 0, 0, 0, 0, 0, 0, 0, 1, 1, 2, 2, 0, 0, 2, 0, 0, 1, 1, 0, 2, 2, 0, 1, 0, 0, 0, 0, 0, 0, 0, 2, 0, 0, 0, 0, 0, 0, 0, 2, 2, 2, 3, 2, 0, 1, 1, 4, 2, 5, 1, 6, 2, 4, 2, 3, 772, 0, 0, 0, 0, 0, 0]",4,13.86126678425808,-1,1
3734,"[0, 7, 0, 5, 2, 11, 0, 5, 0, 1, 0, 2, 0, 0, 0, 0, 0, 1, 0, 0, 2, 0, 0, 0, 0, 0, 0, 0, 0, 0, 0, 0, 1, 1, 2, 2, 0, 0, 2, 0, 0, 1, 1, 0, 2, 2, 0, 1, 0, 0, 0, 0, 0, 0, 0, 2, 0, 0, 0, 0, 0, 0, 0, 2, 2, 2, 3, 2, 0, 1, 1, 4, 2, 5, 1, 6, 2, 4, 2, 3, 772, 0, 1, 0, 0, 0, 0]",2,0.4000000000231404,-1,0
3735,"[0, 7, 0, 5, 2, 11, 0, 5, 0, 1, 0, 2, 0, 0, 0, 0, 0, 1, 0, 0, 2, 0, 0, 0, 0, 0, 0, 0, 0, 0, 0, 0, 1, 1, 2, 2, 0, 0, 2, 0, 0, 1, 1, 0, 2, 2, 0, 1, 0, 0, 0, 0, 0, 0, 0, 2, 0, 0, 0, 0, 0, 0, 0, 2, 2, 2, 3, 2, 0, 1, 1, 4, 2, 5, 1, 6, 2, 4, 2, 3, 772, 0, 1, 0, 0, 1, 0]","[[0 1 0 0]
 [1 0 0 0]]",0.6504248650812313,-1,0
3736,"[0, 7, 0, 5, 2, 11, 0, 5, 0, 1, 0, 2, 0, 0, 0, 0, 0, 1, 0, 0, 2, 0, 0, 0, 0, 0, 0, 0, 0, 0, 0, 0, 1, 1, 2, 2, 0, 0, 2, 0, 0, 1, 1, 0, 2, 2, 0, 1, 0, 0, 0, 0, 0, 0, 0, 2, 0, 0, 0, 0, 0, 0, 0, 2, 2, 2, 3, 2, 0, 1, 1, 4, 2, 5, 1, 6, 2, 4, 2, 3, 772, 0, 0, 0, 0, 0, 0]",1,-26.39160170739445,-1,1
3737,"[0, 7, 0, 5, 2, 11, 0, 5, 0, 1, 0, 2, 0, 0, 0, 0, 0, 1, 0, 0, 2, 0, 0, 0, 0, 0, 0, 0, 0, 0, 0, 0, 1, 1, 2, 2, 0, 0, 2, 0, 0, 1, 1, 0, 2, 2, 0, 1, 0, 0, 0, 0, 0, 0, 0, 2, 0, 0, 0, 0, 0, 0, 0, 2, 2, 2, 3, 2, 0, 1, 1, 4, 2, 5, 1, 6, 2, 4, 2, 3, 772, 1, 0, 0, 0, 0, 0]",3,0.20000000002314047,-1,0
3738,"[0, 7, 0, 5, 2, 11, 0, 5, 0, 1, 0, 2, 0, 0, 0, 0, 0, 1, 0, 0, 2, 0, 0, 0, 0, 0, 0, 0, 0, 0, 0, 0, 1, 1, 2, 2, 0, 0, 2, 0, 0, 1, 1, 0, 2, 2, 0, 1, 0, 0, 0, 0, 0, 0, 0, 2, 0, 0, 0, 0, 0, 0, 0, 2, 2, 2, 3, 2, 0, 1, 1, 4, 2, 5, 1, 6, 2, 4, 2, 3, 772, 0, 0, 0, 0, 0, 0]",-1,-2.2193030195143704e-05,-1,0
3739,"[0, 7, 0, 5, 2, 11, 0, 5, 0, 1, 0, 2, 0, 0, 0, 0, 0, 1, 0, 0, 2, 0, 0, 0, 0, 0, 0, 0, 0, 0, 0, 0, 1, 1, 2, 2, 0, 0, 2, 0, 0, 1, 1, 0, 2, 2, 0, 1, 0, 0, 0, 0, 0, 0, 0, 2, 0, 0, 0, 0, 0, 0, 0, 2, 2, 2, 3, 2, 0, 1, 1, 4, 2, 5, 1, 6, 2, 4, 2, 3, 772, 1, 0, 0, 0, 0, 0]",3,0.20000000002314047,-1,0
3740,"[0, 7, 0, 5, 2, 11, 0, 5, 0, 1, 0, 2, 0, 0, 0, 0, 0, 1, 0, 0, 2, 0, 0, 0, 0, 0, 0, 0, 0, 0, 0, 0, 1, 1, 2, 2, 0, 0, 2, 0, 0, 1, 1, 0, 2, 2, 0, 1, 0, 0, 0, 0, 0, 0, 0, 2, 0, 0, 0, 0, 0, 0, 0, 2, 2, 2, 3, 2, 0, 1, 1, 4, 2, 5, 1, 6, 2, 4, 2, 3, 772, 0, 0, 0, 0, 0, 0]",-1,-2.2193030195143704e-05,-1,0
3741,"[0, 7, 0, 5, 2, 11, 0, 5, 0, 1, 0, 2, 0, 0, 0, 0, 0, 1, 0, 0, 2, 0, 0, 0, 0, 0, 0, 0, 0, 0, 0, 0, 1, 1, 2, 2, 0, 0, 2, 0, 0, 1, 1, 0, 2, 2, 0, 1, 0, 0, 0, 0, 0, 0, 0, 2, 0, 0, 0, 0, 0, 0, 0, 2, 2, 2, 3, 2, 0, 1, 1, 4, 2, 5, 1, 6, 2, 4, 2, 3, 772, 1, 0, 0, 0, 0, 0]",3,0.20000000002314047,-1,0
3742,"[0, 7, 0, 5, 2, 11, 0, 5, 0, 1, 0, 2, 0, 0, 0, 0, 0, 1, 0, 0, 2, 0, 0, 0, 0, 0, 0, 0, 0, 0, 0, 0, 1, 1, 2, 2, 0, 0, 2, 0, 0, 1, 1, 0, 2, 2, 0, 1, 0, 0, 0, 0, 0, 0, 0, 2, 0, 0, 0, 0, 0, 0, 0, 2, 2, 2, 3, 2, 0, 1, 1, 4, 2, 5, 1, 6, 2, 4, 2, 3, 772, 0, 0, 0, 0, 0, 0]",-1,-2.2193030195143704e-05,-1,0
3743,"[0, 7, 0, 5, 2, 11, 0, 5, 0, 1, 0, 2, 0, 0, 0, 0, 0, 1, 0, 0, 2, 0, 0, 0, 0, 0, 0, 0, 0, 0, 0, 0, 1, 1, 2, 2, 0, 0, 2, 0, 0, 1, 1, 0, 2, 2, 0, 1, 0, 0, 0, 0, 0, 0, 0, 2, 0, 0, 0, 0, 0, 0, 0, 2, 2, 2, 3, 2, 0, 1, 1, 4, 2, 5, 1, 6, 2, 4, 2, 3, 772, 0, 1, 0, 0, 0, 0]",2,0.4000000000231404,-1,0
3744,"[0, 7, 0, 5, 2, 11, 0, 5, 0, 1, 0, 2, 0, 0, 0, 0, 0, 1, 0, 0, 2, 0, 0, 0, 0, 0, 0, 0, 0, 0, 0, 0, 1, 1, 2, 2, 0, 0, 2, 0, 0, 1, 1, 0, 2, 2, 0, 1, 0, 0, 0, 0, 0, 0, 0, 2, 0, 0, 0, 0, 0, 0, 0, 2, 2, 2, 3, 2, 0, 1, 1, 4, 2, 5, 1, 6, 2, 4, 2, 3, 772, 0, 1, 0, 0, 1, 0]","[[0 1 0 0]
 [1 0 0 0]]",0.6504248650812313,-1,0
3745,"[1, 6, 0, 5, 1, 12, 0, 5, 0, 1, 0, 2, 0, 0, 0, 0, 0, 1, 0, 0, 2, 0, 0, 0, 0, 0, 0, 0, 0, 0, 0, 0, 1, 1, 2, 2, 0, 0, 2, 0, 0, 1, 1, 0, 2, 2, 0, 1, 0, 0, 0, 0, 0, 0, 0, 2, 0, 0, 0, 0, 0, 0, 0, 2, 2, 2, 3, 2, 0, 1, 1, 4, 2, 5, 1, 6, 2, 4, 2, 3, 772, 0, 0, 0, 0, 0, 0]",0,-0.19999999997685955,-1,1
3746,"[1, 6, 0, 5, 1, 12, 0, 5, 0, 1, 0, 2, 0, 0, 0, 0, 0, 1, 0, 0, 2, 0, 0, 0, 0, 0, 0, 0, 0, 0, 0, 0, 1, 1, 2, 2, 0, 0, 2, 0, 0, 1, 1, 0, 2, 2, 0, 1, 0, 0, 0, 0, 0, 0, 0, 2, 0, 0, 0, 0, 0, 0, 0, 2, 2, 2, 3, 2, 0, 1, 1, 4, 2, 5, 1, 6, 2, 4, 2, 3, 772, 0, 0, 0, 0, 0, 0]",0,0.2949747468537237,-1,0
3747,"[1, 6, 0, 5, 1, 12, 0, 5, 0, 1, 0, 2, 0, 0, 0, 0, 0, 1, 0, 0, 2, 0, 0, 0, 0, 0, 0, 0, 0, 0, 0, 0, 1, 1, 2, 2, 0, 0, 2, 0, 0, 1, 1, 0, 2, 2, 0, 1, 0, 0, 0, 0, 0, 0, 0, 2, 0, 0, 0, 0, 0, 0, 0, 2, 2, 2, 3, 2, 0, 1, 1, 4, 2, 5, 1, 6, 2, 4, 2, 3, 772, 0, 0, 0, 0, 0, 0]",-1,-2.2193030195143704e-05,-1,0
3748,"[1, 6, 0, 5, 1, 12, 0, 5, 0, 1, 0, 2, 0, 0, 0, 0, 0, 1, 0, 0, 2, 0, 0, 0, 0, 0, 0, 0, 0, 0, 0, 0, 1, 1, 2, 2, 0, 0, 2, 0, 0, 1, 1, 0, 2, 2, 0, 1, 0, 0, 0, 0, 0, 0, 0, 2, 0, 0, 0, 0, 0, 0, 0, 2, 2, 2, 3, 2, 0, 1, 1, 4, 2, 5, 1, 6, 2, 4, 2, 3, 772, 0, 0, 0, 0, 0, 0]",0,0.2949747468537237,-1,0
3749,"[1, 6, 0, 5, 1, 12, 0, 5, 0, 1, 0, 2, 0, 0, 0, 0, 0, 1, 0, 0, 2, 0, 0, 0, 0, 0, 0, 0, 0, 0, 0, 0, 1, 1, 2, 2, 0, 0, 2, 0, 0, 1, 1, 0, 2, 2, 0, 1, 0, 0, 0, 0, 0, 0, 0, 2, 0, 0, 0, 0, 0, 0, 0, 2, 2, 2, 3, 2, 0, 1, 1, 4, 2, 5, 1, 6, 2, 4, 2, 3, 772, 0, 0, 0, 0, 0, 0]",-1,-2.2193030195143704e-05,-1,0
3750,"[1, 6, 0, 5, 1, 12, 0, 5, 0, 1, 0, 2, 0, 0, 0, 0, 0, 1, 0, 0, 2, 0, 0, 0, 0, 0, 0, 0, 0, 0, 0, 0, 1, 1, 2, 2, 0, 0, 2, 0, 0, 1, 1, 0, 2, 2, 0, 1, 0, 0, 0, 0, 0, 0, 0, 2, 0, 0, 0, 0, 0, 0, 0, 2, 2, 2, 3, 2, 0, 1, 1, 4, 2, 5, 1, 6, 2, 4, 2, 3, 772, 0, 0, 0, 0, 0, 0]",0,0.2949747468537237,-1,0
3751,"[1, 6, 0, 5, 1, 12, 0, 5, 0, 1, 0, 2, 0, 0, 0, 0, 0, 1, 0, 0, 2, 0, 0, 0, 0, 0, 0, 0, 0, 0, 0, 0, 1, 1, 2, 2, 0, 0, 2, 0, 0, 1, 1, 0, 2, 2, 0, 1, 0, 0, 0, 0, 0, 0, 0, 2, 0, 0, 0, 0, 0, 0, 0, 2, 2, 2, 3, 2, 0, 1, 1, 4, 2, 5, 1, 6, 2, 4, 2, 3, 772, 0, 0, 0, 0, 0, 0]",-1,-2.2193030195143704e-05,-1,0
3752,"[1, 6, 0, 5, 1, 12, 0, 5, 0, 1, 0, 2, 0, 0, 0, 0, 0, 1, 0, 0, 2, 0, 0, 0, 0, 0, 0, 0, 0, 0, 0, 0, 1, 1, 2, 2, 0, 0, 2, 0, 0, 1, 1, 0, 2, 2, 0, 1, 0, 0, 0, 0, 0, 0, 0, 2, 0, 0, 0, 0, 0, 0, 0, 2, 2, 2, 3, 2, 0, 1, 1, 4, 2, 5, 1, 6, 2, 4, 2, 3, 772, 0, 0, 0, 0, 0, 0]",0,0.2949747468537237,-1,0
3753,"[1, 6, 0, 5, 1, 12, 0, 5, 0, 1, 0, 2, 0, 0, 0, 0, 0, 1, 0, 0, 2, 0, 0, 0, 0, 0, 0, 0, 0, 0, 0, 0, 1, 1, 2, 2, 0, 0, 2, 0, 0, 1, 1, 0, 2, 2, 0, 1, 0, 0, 0, 0, 0, 0, 0, 2, 0, 0, 0, 0, 0, 0, 0, 2, 2, 2, 3, 2, 0, 1, 1, 4, 2, 5, 1, 6, 2, 4, 2, 3, 772, 0, 0, 0, 0, 0, 0]",-1,-2.2193030195143704e-05,-1,0
3754,"[1, 6, 0, 5, 1, 12, 0, 5, 0, 1, 0, 2, 0, 0, 0, 0, 0, 1, 0, 0, 2, 0, 0, 0, 0, 0, 0, 0, 0, 0, 0, 0, 1, 1, 2, 2, 0, 0, 2, 0, 0, 1, 1, 0, 2, 2, 0, 1, 0, 0, 0, 0, 0, 0, 0, 2, 0, 0, 0, 0, 0, 0, 0, 2, 2, 2, 3, 2, 0, 1, 1, 4, 2, 5, 1, 6, 2, 4, 2, 3, 772, 0, 0, 0, 0, 0, 0]",0,0.2949747468537237,-1,0
3755,"[1, 6, 0, 5, 1, 12, 0, 5, 0, 1, 0, 2, 0, 0, 0, 0, 0, 1, 0, 0, 2, 0, 0, 0, 0, 0, 0, 0, 0, 0, 0, 0, 1, 1, 2, 2, 0, 0, 2, 0, 0, 1, 1, 0, 2, 2, 0, 1, 0, 0, 0, 0, 0, 0, 0, 2, 0, 0, 0, 0, 0, 0, 0, 2, 2, 2, 3, 2, 0, 1, 1, 4, 2, 5, 1, 6, 2, 4, 2, 3, 772, 0, 0, 0, 0, 0, 0]",-1,-2.2193030195143704e-05,-1,0
3756,"[1, 6, 0, 5, 1, 12, 0, 5, 0, 1, 0, 2, 0, 0, 0, 0, 0, 1, 0, 0, 2, 0, 0, 0, 0, 0, 0, 0, 0, 0, 0, 0, 1, 1, 2, 2, 0, 0, 2, 0, 0, 1, 1, 0, 2, 2, 0, 1, 0, 0, 0, 0, 0, 0, 0, 2, 0, 0, 0, 0, 0, 0, 0, 2, 2, 2, 3, 2, 0, 1, 1, 4, 2, 5, 1, 6, 2, 4, 2, 3, 772, 0, 0, 0, 0, 0, 0]",0,0.2949747468537237,-1,0
3757,"[1, 6, 0, 5, 1, 12, 0, 5, 0, 1, 0, 2, 0, 0, 0, 0, 0, 1, 0, 0, 2, 0, 0, 0, 0, 0, 0, 0, 0, 0, 0, 0, 1, 1, 2, 2, 0, 0, 2, 0, 0, 1, 1, 0, 2, 2, 0, 1, 0, 0, 0, 0, 0, 0, 0, 2, 0, 0, 0, 0, 0, 0, 0, 2, 2, 2, 3, 2, 0, 1, 1, 4, 2, 5, 1, 6, 2, 4, 2, 3, 772, 0, 0, 0, 0, 0, 0]",-1,-2.2193030195143704e-05,-1,0
3758,"[1, 6, 0, 5, 1, 12, 0, 5, 0, 1, 0, 2, 0, 0, 0, 0, 0, 1, 0, 0, 2, 0, 0, 0, 0, 0, 0, 0, 0, 0, 0, 0, 1, 1, 2, 2, 0, 0, 2, 0, 0, 1, 1, 0, 2, 2, 0, 1, 0, 0, 0, 0, 0, 0, 0, 2, 0, 0, 0, 0, 0, 0, 0, 2, 2, 2, 3, 2, 0, 1, 1, 4, 2, 5, 1, 6, 2, 4, 2, 3, 772, 0, 0, 0, 0, 0, 0]",0,0.2949747468537237,-1,0
3759,"[1, 6, 0, 5, 1, 12, 0, 5, 0, 1, 0, 2, 0, 0, 0, 0, 0, 1, 0, 0, 2, 0, 0, 0, 0, 0, 0, 0, 0, 0, 0, 0, 1, 1, 2, 2, 0, 0, 2, 0, 0, 1, 1, 0, 2, 2, 0, 1, 0, 0, 0, 0, 0, 0, 0, 2, 0, 0, 0, 0, 0, 0, 0, 2, 2, 2, 3, 2, 0, 1, 1, 4, 2, 5, 1, 6, 2, 4, 2, 3, 772, 0, 0, 0, 0, 0, 0]",-1,-2.2193030195143704e-05,-1,0
3760,"[1, 6, 0, 5, 1, 12, 0, 5, 0, 1, 0, 2, 0, 0, 0, 0, 0, 1, 0, 0, 2, 0, 0, 0, 0, 0, 0, 0, 0, 0, 0, 0, 1, 1, 2, 2, 0, 0, 2, 0, 0, 1, 1, 0, 2, 2, 0, 1, 0, 0, 0, 0, 0, 0, 0, 2, 0, 0, 0, 0, 0, 0, 0, 2, 2, 2, 3, 2, 0, 1, 1, 4, 2, 5, 1, 6, 2, 4, 2, 3, 772, 0, 0, 0, 0, 0, 0]",0,0.2949747468537237,-1,0
3761,"[1, 6, 0, 5, 1, 12, 0, 5, 0, 1, 0, 2, 0, 0, 0, 0, 0, 1, 0, 0, 2, 0, 0, 0, 0, 0, 0, 0, 0, 0, 0, 0, 1, 1, 2, 2, 0, 0, 2, 0, 0, 1, 1, 0, 2, 2, 0, 1, 0, 0, 0, 0, 0, 0, 0, 2, 0, 0, 0, 0, 0, 0, 0, 2, 2, 2, 3, 2, 0, 1, 1, 4, 2, 5, 1, 6, 2, 4, 2, 3, 772, 0, 0, 0, 0, 0, 0]",-1,-2.2193030195143704e-05,-1,0
3762,"[1, 6, 0, 5, 1, 12, 0, 5, 0, 1, 0, 2, 0, 0, 0, 0, 0, 1, 0, 0, 2, 0, 0, 0, 0, 0, 0, 0, 0, 0, 0, 0, 1, 1, 2, 2, 0, 0, 2, 0, 0, 1, 1, 0, 2, 2, 0, 1, 0, 0, 0, 0, 0, 0, 0, 2, 0, 0, 0, 0, 0, 0, 0, 2, 2, 2, 3, 2, 0, 1, 1, 4, 2, 5, 1, 6, 2, 4, 2, 3, 772, 0, 0, 0, 0, 0, 0]",1,0.6096241151227572,-1,0
3763,"[1, 6, 0, 5, 1, 12, 0, 5, 0, 1, 0, 2, 0, 0, 0, 0, 0, 1, 0, 0, 2, 0, 0, 0, 0, 0, 0, 0, 0, 0, 0, 0, 1, 1, 2, 2, 0, 0, 2, 0, 0, 1, 1, 0, 2, 2, 0, 1, 0, 0, 0, 0, 0, 0, 0, 2, 0, 0, 0, 0, 0, 0, 0, 2, 2, 2, 3, 2, 0, 1, 1, 4, 2, 5, 1, 6, 2, 4, 2, 3, 772, 0, 0, 0, 0, 0, 0]",-1,-2.2193030195143704e-05,-1,0
3764,"[1, 3, 0, 2, 1, 6, 0, 2, 0, 1, 0, 2, 0, 0, 0, 0, 0, 1, 0, 0, 2, 0, 0, 0, 0, 0, 0, 0, 0, 0, 0, 0, 1, 1, 2, 2, 0, 0, 2, 0, 0, 1, 1, 0, 2, 2, 0, 1, 0, 0, 0, 0, 0, 0, 0, 2, 0, 0, 0, 0, 0, 0, 0, 2, 2, 2, 3, 2, 0, 1, 1, 4, 2, 5, 1, 6, 2, 4, 2, 4, 773, 0, 0, 0, 0, 0, 0]",4,12.742298854697136,-1,0
3765,"[1, 3, 0, 2, 2, 6, 0, 2, 0, 1, 0, 2, 0, 0, 0, 0, 0, 1, 0, 0, 2, 0, 0, 0, 0, 0, 0, 0, 0, 0, 0, 0, 1, 1, 2, 2, 0, 0, 2, 0, 0, 1, 1, 0, 2, 2, 0, 1, 0, 0, 0, 0, 0, 0, 0, 2, 0, 0, 0, 0, 0, 0, 0, 2, 2, 2, 3, 2, 0, 1, 1, 4, 2, 5, 1, 6, 2, 4, 2, 4, 774, 0, 0, 0, 0, 0, 0]",4,13.945742116432399,-1,1
3766,"[1, 3, 0, 2, 2, 6, 0, 2, 0, 1, 0, 2, 0, 0, 0, 0, 0, 1, 0, 0, 2, 0, 0, 0, 0, 0, 0, 0, 0, 0, 0, 0, 1, 1, 2, 2, 0, 0, 2, 0, 0, 1, 1, 0, 2, 2, 0, 1, 0, 0, 0, 0, 0, 0, 0, 2, 0, 0, 0, 0, 0, 0, 0, 2, 2, 2, 3, 2, 0, 1, 1, 4, 2, 5, 1, 6, 2, 4, 2, 4, 774, 1, 0, 0, 0, 0, 0]",3,0.20000000002136137,-1,0
3767,"[1, 3, 0, 2, 2, 6, 0, 2, 0, 1, 0, 2, 0, 0, 0, 0, 0, 1, 0, 0, 2, 0, 0, 0, 0, 0, 0, 0, 0, 0, 0, 0, 1, 1, 2, 2, 0, 0, 2, 0, 0, 1, 1, 0, 2, 2, 0, 1, 0, 0, 0, 0, 0, 0, 0, 2, 0, 0, 0, 0, 0, 0, 0, 2, 2, 2, 3, 2, 0, 1, 1, 4, 2, 5, 1, 6, 2, 4, 2, 4, 774, 0, 0, 0, 0, 0, 0]",-1,-2.1753578753936607e-05,-1,0
3768,"[1, 4, 0, 2, 2, 7, 0, 2, 0, 1, 0, 2, 0, 0, 0, 0, 0, 1, 0, 0, 2, 0, 0, 0, 0, 0, 0, 0, 0, 0, 0, 0, 1, 1, 2, 2, 0, 0, 2, 0, 0, 1, 1, 0, 2, 2, 0, 1, 0, 0, 0, 0, 0, 0, 0, 2, 0, 0, 0, 0, 0, 0, 0, 2, 2, 2, 3, 2, 0, 1, 1, 4, 2, 5, 1, 6, 2, 4, 2, 4, 775, 0, 0, 0, 0, 0, 0]",4,12.628629589191677,-1,0
3769,"[1, 2, 0, 1, 1, 3, 0, 1, 0, 1, 0, 2, 0, 0, 0, 0, 0, 1, 0, 0, 2, 0, 0, 0, 0, 0, 0, 0, 0, 0, 0, 0, 1, 1, 2, 2, 0, 0, 2, 0, 0, 1, 1, 0, 2, 2, 0, 1, 0, 0, 0, 0, 0, 0, 0, 2, 0, 0, 0, 0, 0, 0, 0, 2, 2, 2, 3, 2, 0, 1, 1, 4, 2, 5, 1, 6, 2, 4, 2, 5, 776, 0, 0, 0, 0, 0, 0]",4,14.112998540589206,-1,1
3770,"[1, 2, 0, 1, 1, 3, 0, 1, 0, 1, 0, 2, 0, 0, 0, 0, 0, 1, 0, 0, 2, 0, 0, 0, 0, 0, 0, 0, 0, 0, 0, 0, 1, 1, 2, 2, 0, 0, 2, 0, 0, 1, 1, 0, 2, 2, 0, 1, 0, 0, 0, 0, 0, 0, 0, 2, 0, 0, 0, 0, 0, 0, 0, 2, 2, 2, 3, 2, 0, 1, 1, 4, 2, 5, 1, 6, 2, 4, 2, 5, 776, 0, 0, 0, 0, 0, 0]",1,0.6096241151193358,-1,0
3771,"[1, 2, 0, 1, 1, 3, 0, 1, 0, 1, 0, 2, 0, 0, 0, 0, 0, 1, 0, 0, 2, 0, 0, 0, 0, 0, 0, 0, 0, 0, 0, 0, 1, 1, 2, 2, 0, 0, 2, 0, 0, 1, 1, 0, 2, 2, 0, 1, 0, 0, 0, 0, 0, 0, 0, 2, 0, 0, 0, 0, 0, 0, 0, 2, 2, 2, 3, 2, 0, 1, 1, 4, 2, 5, 1, 6, 2, 4, 2, 5, 776, 0, 0, 0, 0, 0, 0]",-1,-2.1322829034282694e-05,-1,0
3772,"[1, 2, 0, 1, 1, 3, 0, 1, 0, 1, 0, 2, 0, 0, 0, 0, 0, 1, 0, 0, 2, 0, 0, 0, 0, 0, 0, 0, 0, 0, 0, 0, 1, 1, 2, 2, 0, 0, 2, 0, 0, 1, 1, 0, 2, 2, 0, 1, 0, 0, 0, 0, 0, 0, 0, 2, 0, 0, 0, 0, 0, 0, 0, 2, 2, 2, 3, 2, 0, 1, 1, 4, 2, 5, 1, 6, 2, 4, 2, 5, 776, 0, 1, 0, 0, 0, 0]",2,0.400000000019719,-1,0
3773,"[1, 2, 0, 1, 1, 3, 0, 1, 0, 1, 0, 2, 0, 0, 0, 0, 0, 1, 0, 0, 2, 0, 0, 0, 0, 0, 0, 0, 0, 0, 0, 0, 1, 1, 2, 2, 0, 0, 2, 0, 0, 1, 1, 0, 2, 2, 0, 1, 0, 0, 0, 0, 0, 0, 0, 2, 0, 0, 0, 0, 0, 0, 0, 2, 2, 2, 3, 2, 0, 1, 1, 4, 2, 5, 1, 6, 2, 4, 2, 5, 776, 0, 0, 0, 0, 0, 0]",-1,-2.1322829034282694e-05,-1,0
3774,"[1, 2, 0, 1, 1, 3, 0, 1, 0, 1, 0, 2, 0, 0, 0, 0, 0, 1, 0, 0, 2, 0, 0, 0, 0, 0, 0, 0, 0, 0, 0, 0, 1, 1, 2, 2, 0, 0, 2, 0, 0, 1, 1, 0, 2, 2, 0, 1, 0, 0, 0, 0, 0, 0, 0, 2, 0, 0, 0, 0, 0, 0, 0, 2, 2, 2, 3, 2, 0, 1, 1, 4, 2, 5, 1, 6, 2, 4, 2, 5, 776, 0, 0, 0, 0, 0, 0]",1,0.6096241151193358,-1,0
3775,"[1, 2, 0, 1, 1, 3, 0, 1, 0, 1, 0, 2, 0, 0, 0, 0, 0, 1, 0, 0, 2, 0, 0, 0, 0, 0, 0, 0, 0, 0, 0, 0, 1, 1, 2, 2, 0, 0, 2, 0, 0, 1, 1, 0, 2, 2, 0, 1, 0, 0, 0, 0, 0, 0, 0, 2, 0, 0, 0, 0, 0, 0, 0, 2, 2, 2, 3, 2, 0, 1, 1, 4, 2, 5, 1, 6, 2, 4, 2, 5, 776, 0, 0, 0, 0, 0, 0]",-1,-2.1322829034282694e-05,-1,0
3776,"[1, 2, 0, 1, 1, 3, 0, 1, 0, 1, 0, 2, 0, 0, 0, 0, 0, 1, 0, 0, 2, 0, 0, 0, 0, 0, 0, 0, 0, 0, 0, 0, 1, 1, 2, 2, 0, 0, 2, 0, 0, 1, 1, 0, 2, 2, 0, 1, 0, 0, 0, 0, 0, 0, 0, 2, 0, 0, 0, 0, 0, 0, 0, 2, 2, 2, 3, 2, 0, 1, 1, 4, 2, 5, 1, 6, 2, 4, 2, 5, 776, 1, 0, 0, 0, 0, 0]",3,0.20000000001971904,-1,0
3777,"[1, 2, 0, 1, 1, 3, 0, 1, 0, 1, 0, 2, 0, 0, 0, 0, 0, 1, 0, 0, 2, 0, 0, 0, 0, 0, 0, 0, 0, 0, 0, 0, 1, 1, 2, 2, 0, 0, 2, 0, 0, 1, 1, 0, 2, 2, 0, 1, 0, 0, 0, 0, 0, 0, 0, 2, 0, 0, 0, 0, 0, 0, 0, 2, 2, 2, 3, 2, 0, 1, 1, 4, 2, 5, 1, 6, 2, 4, 2, 5, 776, 0, 0, 0, 0, 0, 0]",-1,-2.1322829034282694e-05,-1,0
3778,"[1, 2, 0, 1, 1, 3, 0, 1, 0, 1, 0, 2, 0, 0, 0, 0, 0, 1, 0, 0, 2, 0, 0, 0, 0, 0, 0, 0, 0, 0, 0, 0, 1, 1, 2, 2, 0, 0, 2, 0, 0, 1, 1, 0, 2, 2, 0, 1, 0, 0, 0, 0, 0, 0, 0, 2, 0, 0, 0, 0, 0, 0, 0, 2, 2, 2, 3, 2, 0, 1, 1, 4, 2, 5, 1, 6, 2, 4, 2, 5, 776, 0, 1, 0, 0, 0, 0]",2,0.400000000019719,-1,0
3779,"[1, 2, 0, 1, 1, 3, 0, 1, 0, 1, 0, 2, 0, 0, 0, 0, 0, 1, 0, 0, 2, 0, 0, 0, 0, 0, 0, 0, 0, 0, 0, 0, 1, 1, 2, 2, 0, 0, 2, 0, 0, 1, 1, 0, 2, 2, 0, 1, 0, 0, 0, 0, 0, 0, 0, 2, 0, 0, 0, 0, 0, 0, 0, 2, 2, 2, 3, 2, 0, 1, 1, 4, 2, 5, 1, 6, 2, 4, 2, 5, 776, 0, 0, 0, 0, 0, 0]",-1,-2.1322829034282694e-05,-1,0
3780,"[1, 2, 0, 1, 1, 3, 0, 1, 0, 1, 0, 2, 0, 0, 0, 0, 0, 1, 0, 0, 2, 0, 0, 0, 0, 0, 0, 0, 0, 0, 0, 0, 1, 1, 2, 2, 0, 0, 2, 0, 0, 1, 1, 0, 2, 2, 0, 1, 0, 0, 0, 0, 0, 0, 0, 2, 0, 0, 0, 0, 0, 0, 0, 2, 2, 2, 3, 2, 0, 1, 1, 4, 2, 5, 1, 6, 2, 4, 2, 5, 776, 1, 0, 0, 0, 0, 0]",3,0.20000000001971904,-1,0
3781,"[1, 2, 0, 1, 1, 3, 0, 1, 0, 1, 0, 2, 0, 0, 0, 0, 0, 1, 0, 0, 2, 0, 0, 0, 0, 0, 0, 0, 0, 0, 0, 0, 1, 1, 2, 2, 0, 0, 2, 0, 0, 1, 1, 0, 2, 2, 0, 1, 0, 0, 0, 0, 0, 0, 0, 2, 0, 0, 0, 0, 0, 0, 0, 2, 2, 2, 3, 2, 0, 1, 1, 4, 2, 5, 1, 6, 2, 4, 2, 5, 776, 0, 0, 0, 0, 0, 0]",-1,-2.1322829034282694e-05,-1,0
3782,"[1, 2, 0, 1, 1, 3, 0, 1, 0, 1, 0, 2, 0, 0, 0, 0, 0, 1, 0, 0, 2, 0, 0, 0, 0, 0, 0, 0, 0, 0, 0, 0, 1, 1, 2, 2, 0, 0, 2, 0, 0, 1, 1, 0, 2, 2, 0, 1, 0, 0, 0, 0, 0, 0, 0, 2, 0, 0, 0, 0, 0, 0, 0, 2, 2, 2, 3, 2, 0, 1, 1, 4, 2, 5, 1, 6, 2, 4, 2, 5, 777, 0, 0, 0, 0, 0, 0]",4,12.973811209050856,-1,0
3783,"[1, 2, 0, 1, 1, 3, 0, 1, 0, 1, 0, 2, 0, 0, 0, 0, 0, 1, 0, 0, 2, 0, 0, 0, 0, 0, 0, 0, 0, 0, 0, 0, 1, 1, 2, 2, 0, 0, 2, 0, 0, 1, 1, 0, 2, 2, 0, 1, 0, 0, 0, 0, 0, 0, 0, 2, 0, 0, 0, 0, 0, 0, 0, 2, 2, 2, 3, 2, 0, 1, 1, 4, 2, 5, 1, 6, 2, 4, 2, 5, 777, 0, 1, 0, 0, 0, 0]",2,0.40000000001894576,-1,1
3784,"[1, 2, 0, 1, 1, 3, 0, 1, 0, 1, 0, 2, 0, 0, 0, 0, 0, 1, 0, 0, 2, 0, 0, 0, 0, 0, 0, 0, 0, 0, 0, 0, 1, 1, 2, 2, 0, 0, 2, 0, 0, 1, 1, 0, 2, 2, 0, 1, 0, 0, 0, 0, 0, 0, 0, 2, 0, 0, 0, 0, 0, 0, 0, 2, 2, 2, 3, 2, 0, 1, 1, 4, 2, 5, 1, 6, 2, 4, 2, 5, 777, 0, 1, 0, 0, 1, 0]","[[1 0 0 0]
 [0 0 0 1]]",0.6504248650770367,-1,1
3785,"[1, 2, 0, 1, 1, 3, 0, 1, 0, 1, 0, 2, 0, 0, 0, 0, 0, 1, 0, 0, 2, 0, 0, 0, 0, 0, 0, 0, 0, 0, 0, 0, 1, 1, 2, 2, 0, 0, 2, 0, 0, 1, 1, 0, 2, 2, 0, 1, 0, 0, 0, 0, 0, 0, 0, 2, 0, 0, 0, 0, 0, 0, 0, 2, 2, 2, 3, 2, 0, 1, 1, 4, 2, 5, 1, 6, 2, 4, 2, 5, 777, 0, 0, 0, 0, 0, 0]",1,-0.1999999999810542,-1,0
3786,"[1, 3, 0, 1, 1, 4, 0, 1, 0, 1, 0, 2, 0, 0, 0, 0, 0, 1, 0, 0, 2, 0, 0, 0, 0, 0, 0, 0, 0, 0, 0, 0, 1, 1, 2, 2, 0, 0, 2, 0, 0, 1, 1, 0, 2, 2, 0, 1, 0, 0, 0, 0, 0, 0, 0, 2, 0, 0, 0, 0, 0, 0, 0, 2, 2, 2, 3, 2, 0, 1, 1, 4, 2, 5, 1, 6, 2, 4, 2, 5, 778, 0, 0, 0, 0, 0, 0]",4,13.945810447934173,-1,1
3787,"[1, 4, 0, 1, 1, 5, 0, 1, 0, 1, 0, 2, 0, 0, 0, 0, 0, 1, 0, 0, 2, 0, 0, 0, 0, 0, 0, 0, 0, 0, 0, 0, 1, 1, 2, 2, 0, 0, 2, 0, 0, 1, 1, 0, 2, 2, 0, 1, 0, 0, 0, 0, 0, 0, 0, 2, 0, 0, 0, 0, 0, 0, 0, 2, 2, 2, 3, 2, 0, 1, 1, 4, 2, 5, 1, 6, 2, 4, 2, 5, 779, 0, 0, 0, 0, 0, 0]",4,12.54581002782424,-1,0
3788,"[1, 4, 0, 1, 1, 5, 0, 1, 0, 1, 0, 2, 0, 0, 0, 0, 0, 1, 0, 0, 2, 0, 0, 0, 0, 0, 0, 0, 0, 0, 0, 0, 1, 1, 2, 2, 0, 0, 2, 0, 0, 1, 1, 0, 2, 2, 0, 1, 0, 0, 0, 0, 0, 0, 0, 2, 0, 0, 0, 0, 0, 0, 0, 2, 2, 2, 3, 2, 0, 1, 1, 4, 2, 5, 1, 6, 2, 4, 2, 5, 780, 0, 0, 0, 0, 0, 0]",4,13.836664646698134,-1,1
3789,"[1, 4, 0, 1, 1, 5, 0, 1, 0, 1, 0, 2, 0, 0, 0, 0, 0, 1, 0, 0, 2, 0, 0, 0, 0, 0, 0, 0, 0, 0, 0, 0, 1, 1, 2, 2, 0, 0, 2, 0, 0, 1, 1, 0, 2, 2, 0, 1, 0, 0, 0, 0, 0, 0, 0, 2, 0, 0, 0, 0, 0, 0, 0, 2, 2, 2, 3, 2, 0, 1, 1, 4, 2, 5, 1, 6, 2, 4, 2, 5, 780, 0, 0, 0, 0, 0, 0]",1,0.6096241151164201,-1,0
3790,"[1, 4, 0, 1, 1, 5, 0, 1, 0, 1, 0, 2, 0, 0, 0, 0, 0, 1, 0, 0, 2, 0, 0, 0, 0, 0, 0, 0, 0, 0, 0, 0, 1, 1, 2, 2, 0, 0, 2, 0, 0, 1, 1, 0, 2, 2, 0, 1, 0, 0, 0, 0, 0, 0, 0, 2, 0, 0, 0, 0, 0, 0, 0, 2, 2, 2, 3, 2, 0, 1, 1, 4, 2, 5, 1, 6, 2, 4, 2, 5, 780, 0, 0, 0, 0, 0, 0]",-1,-2.048674894898934e-05,-1,0
3791,"[1, 5, 0, 1, 1, 6, 0, 1, 0, 1, 0, 2, 0, 0, 0, 0, 0, 1, 0, 0, 2, 0, 0, 0, 0, 0, 0, 0, 0, 0, 0, 0, 1, 1, 2, 2, 0, 0, 2, 0, 0, 1, 1, 0, 2, 2, 0, 1, 0, 0, 0, 0, 0, 0, 0, 2, 0, 0, 0, 0, 0, 0, 0, 2, 2, 2, 3, 2, 0, 1, 1, 4, 2, 5, 1, 6, 2, 4, 2, 5, 781, 0, 0, 0, 0, 0, 0]",4,13.762591342436245,-1,1
3792,"[1, 5, 0, 1, 1, 6, 0, 1, 0, 1, 0, 2, 0, 0, 0, 0, 0, 1, 0, 0, 2, 0, 0, 0, 0, 0, 0, 0, 0, 0, 0, 0, 1, 1, 2, 2, 0, 0, 2, 0, 0, 1, 1, 0, 2, 2, 0, 1, 0, 0, 0, 0, 0, 0, 0, 2, 0, 0, 0, 0, 0, 0, 0, 2, 2, 2, 3, 2, 0, 1, 1, 4, 2, 5, 1, 6, 2, 4, 2, 5, 781, 1, 0, 0, 0, 0, 0]",3,0.20000000001614457,-1,0
3793,"[1, 5, 0, 1, 1, 6, 0, 1, 0, 1, 0, 2, 0, 0, 0, 0, 0, 1, 0, 0, 2, 0, 0, 0, 0, 0, 0, 0, 0, 0, 0, 0, 1, 1, 2, 2, 0, 0, 2, 0, 0, 1, 1, 0, 2, 2, 0, 1, 0, 0, 0, 0, 0, 0, 0, 2, 0, 0, 0, 0, 0, 0, 0, 2, 2, 2, 3, 2, 0, 1, 1, 4, 2, 5, 1, 6, 2, 4, 2, 5, 781, 0, 0, 0, 0, 0, 0]",-1,-2.0282902391007828e-05,-1,0
3794,"[1, 5, 0, 1, 1, 6, 0, 1, 0, 1, 0, 2, 0, 0, 0, 0, 0, 1, 0, 0, 2, 0, 0, 0, 0, 0, 0, 0, 0, 0, 0, 0, 1, 1, 2, 2, 0, 0, 2, 0, 0, 1, 1, 0, 2, 2, 0, 1, 0, 0, 0, 0, 0, 0, 0, 2, 0, 0, 0, 0, 0, 0, 0, 2, 2, 2, 3, 2, 0, 1, 1, 4, 2, 5, 1, 6, 2, 4, 2, 5, 781, 0, 0, 0, 0, 0, 0]",1,0.6096241151157613,-1,0
3795,"[1, 5, 0, 1, 1, 6, 0, 1, 0, 1, 0, 2, 0, 0, 0, 0, 0, 1, 0, 0, 2, 0, 0, 0, 0, 0, 0, 0, 0, 0, 0, 0, 1, 1, 2, 2, 0, 0, 2, 0, 0, 1, 1, 0, 2, 2, 0, 1, 0, 0, 0, 0, 0, 0, 0, 2, 0, 0, 0, 0, 0, 0, 0, 2, 2, 2, 3, 2, 0, 1, 1, 4, 2, 5, 1, 6, 2, 4, 2, 5, 781, 0, 0, 0, 0, 0, 0]",-1,-2.0282902391007828e-05,-1,0
3796,"[1, 2, 0, 1, 1, 3, 0, 1, 0, 1, 0, 2, 0, 0, 0, 0, 0, 1, 0, 0, 2, 0, 0, 0, 0, 0, 0, 0, 0, 0, 0, 0, 1, 1, 2, 2, 0, 0, 2, 0, 0, 1, 1, 0, 2, 2, 0, 1, 0, 0, 0, 0, 0, 0, 0, 2, 0, 0, 0, 0, 0, 0, 0, 2, 2, 2, 3, 2, 0, 1, 1, 4, 2, 5, 1, 6, 2, 4, 2, 6, 782, 0, 0, 0, 0, 0, 0]",4,12.973809129194137,-1,0
3797,"[1, 2, 0, 1, 1, 3, 0, 1, 0, 1, 0, 2, 0, 0, 0, 0, 0, 1, 0, 0, 2, 0, 0, 0, 0, 0, 0, 0, 0, 0, 0, 0, 1, 1, 2, 2, 0, 0, 2, 0, 0, 1, 1, 0, 2, 2, 0, 1, 0, 0, 0, 0, 0, 0, 0, 2, 0, 0, 0, 0, 0, 0, 0, 2, 2, 2, 3, 2, 0, 1, 1, 4, 2, 5, 1, 6, 2, 4, 2, 6, 782, 0, 1, 0, 0, 0, 0]",2,0.4000000000155115,-1,1
3798,"[1, 2, 0, 1, 1, 3, 0, 1, 0, 1, 0, 2, 0, 0, 0, 0, 0, 1, 0, 0, 2, 0, 0, 0, 0, 0, 0, 0, 0, 0, 0, 0, 1, 1, 2, 2, 0, 0, 2, 0, 0, 1, 1, 0, 2, 2, 0, 1, 0, 0, 0, 0, 0, 0, 0, 2, 0, 0, 0, 0, 0, 0, 0, 2, 2, 2, 3, 2, 0, 1, 1, 4, 2, 5, 1, 6, 2, 4, 2, 6, 782, 0, 1, 0, 0, 1, 0]","[[1 0 0 0]
 [0 1 0 0]]",0.6504248650736024,-1,1
3799,"[1, 2, 0, 1, 1, 3, 0, 1, 0, 1, 0, 2, 0, 0, 0, 0, 0, 1, 0, 0, 2, 0, 0, 0, 0, 0, 0, 0, 0, 0, 0, 0, 1, 1, 2, 2, 0, 0, 2, 0, 0, 1, 1, 0, 2, 2, 0, 1, 0, 0, 0, 0, 0, 0, 0, 2, 0, 0, 0, 0, 0, 0, 0, 2, 2, 2, 3, 2, 0, 1, 1, 4, 2, 5, 1, 6, 2, 4, 2, 6, 782, 0, 0, 0, 0, 0, 0]",1,-0.1999999999844885,-1,0
3800,"[1, 2, 0, 1, 2, 3, 0, 1, 0, 1, 0, 2, 0, 0, 0, 0, 0, 1, 0, 0, 2, 0, 0, 0, 0, 0, 0, 0, 0, 0, 0, 0, 1, 1, 2, 2, 0, 0, 2, 0, 0, 1, 1, 0, 2, 2, 0, 1, 0, 0, 0, 0, 0, 0, 0, 2, 0, 0, 0, 0, 0, 0, 0, 2, 2, 2, 3, 2, 0, 1, 1, 4, 2, 5, 1, 6, 2, 4, 2, 6, 783, 0, 0, 0, 0, 0, 0]",4,14.142294630797696,-1,1
3801,"[1, 3, 0, 1, 2, 4, 0, 1, 0, 1, 0, 2, 0, 0, 0, 0, 0, 1, 0, 0, 2, 0, 0, 0, 0, 0, 0, 0, 0, 0, 0, 0, 1, 1, 2, 2, 0, 0, 2, 0, 0, 1, 1, 0, 2, 2, 0, 1, 0, 0, 0, 0, 0, 0, 0, 2, 0, 0, 0, 0, 0, 0, 0, 2, 2, 2, 3, 2, 0, 1, 1, 4, 2, 5, 1, 6, 2, 4, 2, 6, 784, 0, 0, 0, 0, 0, 0]",4,12.712995228877778,-1,0
3802,"[1, 3, 0, 1, 2, 4, 0, 1, 0, 1, 0, 2, 0, 0, 0, 0, 0, 1, 0, 0, 2, 0, 0, 0, 0, 0, 0, 0, 0, 0, 0, 0, 1, 1, 2, 2, 0, 0, 2, 0, 0, 1, 1, 0, 2, 2, 0, 1, 0, 0, 0, 0, 0, 0, 0, 2, 0, 0, 0, 0, 0, 0, 0, 2, 2, 2, 3, 2, 0, 1, 1, 4, 2, 5, 1, 6, 2, 4, 2, 6, 785, 0, 0, 0, 0, 0, 0]",4,14.028625448931468,-1,1
3803,"[1, 3, 0, 1, 2, 4, 0, 1, 0, 1, 0, 2, 0, 0, 0, 0, 0, 1, 0, 0, 2, 0, 0, 0, 0, 0, 0, 0, 0, 0, 0, 0, 1, 1, 2, 2, 0, 0, 2, 0, 0, 1, 1, 0, 2, 2, 0, 1, 0, 0, 0, 0, 0, 0, 0, 2, 0, 0, 0, 0, 0, 0, 0, 2, 2, 2, 3, 2, 0, 1, 1, 4, 2, 5, 1, 6, 2, 4, 2, 6, 785, 0, 0, 0, 0, 0, 0]",1,0.6096241151133742,-1,0
3804,"[1, 3, 0, 1, 2, 4, 0, 1, 0, 1, 0, 2, 0, 0, 0, 0, 0, 1, 0, 0, 2, 0, 0, 0, 0, 0, 0, 0, 0, 0, 0, 0, 1, 1, 2, 2, 0, 0, 2, 0, 0, 1, 1, 0, 2, 2, 0, 1, 0, 0, 0, 0, 0, 0, 0, 2, 0, 0, 0, 0, 0, 0, 0, 2, 2, 2, 3, 2, 0, 1, 1, 4, 2, 5, 1, 6, 2, 4, 2, 6, 785, 0, 0, 0, 0, 0, 0]",-1,-1.9487598412637725e-05,-1,0
3805,"[1, 4, 0, 1, 2, 5, 0, 1, 0, 1, 0, 2, 0, 0, 0, 0, 0, 1, 0, 0, 2, 0, 0, 0, 0, 0, 0, 0, 0, 0, 0, 0, 1, 1, 2, 2, 0, 0, 2, 0, 0, 1, 1, 0, 2, 2, 0, 1, 0, 0, 0, 0, 0, 0, 0, 2, 0, 0, 0, 0, 0, 0, 0, 2, 2, 2, 3, 2, 0, 1, 1, 4, 2, 5, 1, 6, 2, 4, 2, 6, 786, 0, 0, 0, 0, 0, 0]",4,13.938090854016725,-1,1
3806,"[1, 4, 0, 1, 2, 5, 0, 1, 0, 1, 0, 2, 0, 0, 0, 0, 0, 1, 0, 0, 2, 0, 0, 0, 0, 0, 0, 0, 0, 0, 0, 0, 1, 1, 2, 2, 0, 0, 2, 0, 0, 1, 1, 0, 2, 2, 0, 1, 0, 0, 0, 0, 0, 0, 0, 2, 0, 0, 0, 0, 0, 0, 0, 2, 2, 2, 3, 2, 0, 1, 1, 4, 2, 5, 1, 6, 2, 4, 2, 6, 786, 1, 0, 0, 0, 0, 0]",3,0.20000000001321805,-1,0
3807,"[1, 4, 0, 1, 2, 5, 0, 1, 0, 1, 0, 2, 0, 0, 0, 0, 0, 1, 0, 0, 2, 0, 0, 0, 0, 0, 0, 0, 0, 0, 0, 0, 1, 1, 2, 2, 0, 0, 2, 0, 0, 1, 1, 0, 2, 2, 0, 1, 0, 0, 0, 0, 0, 0, 0, 2, 0, 0, 0, 0, 0, 0, 0, 2, 2, 2, 3, 2, 0, 1, 1, 4, 2, 5, 1, 6, 2, 4, 2, 6, 786, 0, 0, 0, 0, 0, 0]",-1,-1.9293693568602533e-05,-1,0
3808,"[1, 4, 0, 1, 2, 5, 0, 1, 0, 1, 0, 2, 0, 0, 0, 0, 0, 1, 0, 0, 2, 0, 0, 0, 0, 0, 0, 0, 0, 0, 0, 0, 1, 1, 2, 2, 0, 0, 2, 0, 0, 1, 1, 0, 2, 2, 0, 1, 0, 0, 0, 0, 0, 0, 0, 2, 0, 0, 0, 0, 0, 0, 0, 2, 2, 2, 3, 2, 0, 1, 1, 4, 2, 5, 1, 6, 2, 4, 2, 6, 786, 0, 0, 0, 0, 0, 0]",1,0.6096241151128348,-1,0
3809,"[1, 4, 0, 1, 2, 5, 0, 1, 0, 1, 0, 2, 0, 0, 0, 0, 0, 1, 0, 0, 2, 0, 0, 0, 0, 0, 0, 0, 0, 0, 0, 0, 1, 1, 2, 2, 0, 0, 2, 0, 0, 1, 1, 0, 2, 2, 0, 1, 0, 0, 0, 0, 0, 0, 0, 2, 0, 0, 0, 0, 0, 0, 0, 2, 2, 2, 3, 2, 0, 1, 1, 4, 2, 5, 1, 6, 2, 4, 2, 6, 786, 0, 0, 0, 0, 0, 0]",-1,-1.9293693568602533e-05,-1,0
3810,"[1, 4, 0, 1, 2, 5, 0, 1, 0, 1, 0, 2, 0, 0, 0, 0, 0, 1, 0, 0, 2, 0, 0, 0, 0, 0, 0, 0, 0, 0, 0, 0, 1, 1, 2, 2, 0, 0, 2, 0, 0, 1, 1, 0, 2, 2, 0, 1, 0, 0, 0, 0, 0, 0, 0, 2, 0, 0, 0, 0, 0, 0, 0, 2, 2, 2, 3, 2, 0, 1, 1, 4, 2, 5, 1, 6, 2, 4, 2, 6, 787, 0, 0, 0, 0, 0, 0]",4,12.545806813989127,-1,0
3811,"[1, 4, 0, 1, 2, 5, 0, 1, 0, 1, 0, 2, 0, 0, 0, 0, 0, 1, 0, 0, 2, 0, 0, 0, 0, 0, 0, 0, 0, 0, 0, 0, 1, 1, 2, 2, 0, 0, 2, 0, 0, 1, 1, 0, 2, 2, 0, 1, 0, 0, 0, 0, 0, 0, 0, 2, 0, 0, 0, 0, 0, 0, 0, 2, 2, 2, 3, 2, 0, 1, 1, 4, 2, 5, 1, 6, 2, 4, 2, 6, 787, 0, 1, 0, 0, 0, 0]",2,0.40000000001269975,-1,1
3812,"[1, 4, 0, 1, 2, 5, 0, 1, 0, 1, 0, 2, 0, 0, 0, 0, 0, 1, 0, 0, 2, 0, 0, 0, 0, 0, 0, 0, 0, 0, 0, 0, 1, 1, 2, 2, 0, 0, 2, 0, 0, 1, 1, 0, 2, 2, 0, 1, 0, 0, 0, 0, 0, 0, 0, 2, 0, 0, 0, 0, 0, 0, 0, 2, 2, 2, 3, 2, 0, 1, 1, 4, 2, 5, 1, 6, 2, 4, 2, 6, 787, 0, 1, 0, 0, 1, 0]","[[1 0 0 0]
 [0 1 0 0]]",0.6504248650707907,-1,1
3813,"[1, 4, 0, 1, 2, 5, 0, 1, 0, 1, 0, 2, 0, 0, 0, 0, 0, 1, 0, 0, 2, 0, 0, 0, 0, 0, 0, 0, 0, 0, 0, 0, 1, 1, 2, 2, 0, 0, 2, 0, 0, 1, 1, 0, 2, 2, 0, 1, 0, 0, 0, 0, 0, 0, 0, 2, 0, 0, 0, 0, 0, 0, 0, 2, 2, 2, 3, 2, 0, 1, 1, 4, 2, 5, 1, 6, 2, 4, 2, 6, 787, 0, 0, 0, 0, 0, 0]",1,-0.19999999998730025,-1,0
3814,"[1, 4, 0, 2, 2, 5, 0, 2, 0, 1, 0, 2, 0, 0, 0, 0, 0, 1, 0, 0, 2, 0, 0, 0, 0, 0, 0, 0, 0, 0, 0, 0, 1, 1, 2, 2, 0, 0, 2, 0, 0, 1, 1, 0, 2, 2, 0, 1, 0, 0, 0, 0, 0, 0, 0, 2, 0, 0, 0, 0, 0, 0, 0, 2, 2, 2, 3, 2, 0, 1, 1, 4, 2, 5, 1, 6, 2, 4, 2, 6, 788, 0, 0, 0, 0, 0, 0]",4,14.032844872997257,-1,1
3815,"[1, 4, 0, 2, 2, 5, 0, 2, 0, 1, 0, 2, 0, 0, 0, 0, 0, 1, 0, 0, 2, 0, 0, 0, 0, 0, 0, 0, 0, 0, 0, 0, 1, 1, 2, 2, 0, 0, 2, 0, 0, 1, 1, 0, 2, 2, 0, 1, 0, 0, 0, 0, 0, 0, 0, 2, 0, 0, 0, 0, 0, 0, 0, 2, 2, 2, 3, 2, 0, 1, 1, 4, 2, 5, 1, 6, 2, 4, 2, 6, 789, 0, 0, 0, 0, 0, 0]",4,12.628623905331047,-1,0
3816,"[1, 5, 0, 2, 2, 6, 0, 2, 0, 1, 0, 2, 0, 0, 0, 0, 0, 1, 0, 0, 2, 0, 0, 0, 0, 0, 0, 0, 0, 0, 0, 0, 1, 1, 2, 2, 0, 0, 2, 0, 0, 1, 1, 0, 2, 2, 0, 1, 0, 0, 0, 0, 0, 0, 0, 2, 0, 0, 0, 0, 0, 0, 0, 2, 2, 2, 3, 2, 0, 1, 1, 4, 2, 5, 1, 6, 2, 4, 2, 6, 790, 0, 0, 0, 0, 0, 0]",4,13.94573561896809,-1,1
3817,"[1, 5, 0, 2, 2, 6, 0, 2, 0, 1, 0, 2, 0, 0, 0, 0, 0, 1, 0, 0, 2, 0, 0, 0, 0, 0, 0, 0, 0, 0, 0, 0, 1, 1, 2, 2, 0, 0, 2, 0, 0, 1, 1, 0, 2, 2, 0, 1, 0, 0, 0, 0, 0, 0, 0, 2, 0, 0, 0, 0, 0, 0, 0, 2, 2, 2, 3, 2, 0, 1, 1, 4, 2, 5, 1, 6, 2, 4, 2, 6, 790, 1, 0, 0, 0, 0, 0]",3,0.20000000001126367,-1,0
3818,"[1, 5, 0, 2, 2, 6, 0, 2, 0, 1, 0, 2, 0, 0, 0, 0, 0, 1, 0, 0, 2, 0, 0, 0, 0, 0, 0, 0, 0, 0, 0, 0, 1, 1, 2, 2, 0, 0, 2, 0, 0, 1, 1, 0, 2, 2, 0, 1, 0, 0, 0, 0, 0, 0, 0, 2, 0, 0, 0, 0, 0, 0, 0, 2, 2, 2, 3, 2, 0, 1, 1, 4, 2, 5, 1, 6, 2, 4, 2, 6, 790, 0, 0, 0, 0, 0, 0]",-1,-1.8537177022954413e-05,-1,0
3819,"[1, 5, 0, 2, 3, 6, 0, 2, 0, 1, 0, 2, 0, 0, 0, 0, 0, 1, 0, 0, 2, 0, 0, 0, 0, 0, 0, 0, 0, 0, 0, 0, 1, 1, 2, 2, 0, 0, 2, 0, 0, 1, 1, 0, 2, 2, 0, 1, 0, 0, 0, 0, 0, 0, 0, 2, 0, 0, 0, 0, 0, 0, 0, 2, 2, 2, 3, 2, 0, 1, 1, 4, 2, 5, 1, 6, 2, 4, 2, 6, 791, 0, 0, 0, 0, 0, 0]",4,13.992882280367969,-1,1
3820,"[1, 5, 0, 2, 3, 6, 0, 2, 0, 1, 0, 2, 0, 0, 0, 0, 0, 1, 0, 0, 2, 0, 0, 0, 0, 0, 0, 0, 0, 0, 0, 0, 1, 1, 2, 2, 0, 0, 2, 0, 0, 1, 1, 0, 2, 2, 0, 1, 0, 0, 0, 0, 0, 0, 0, 2, 0, 0, 0, 0, 0, 0, 0, 2, 2, 2, 3, 2, 0, 1, 1, 4, 2, 5, 1, 6, 2, 4, 2, 6, 791, 0, 0, 0, 0, 0, 0]",1,0.6096241151104387,-1,0
3821,"[1, 5, 0, 2, 3, 6, 0, 2, 0, 1, 0, 2, 0, 0, 0, 0, 0, 1, 0, 0, 2, 0, 0, 0, 0, 0, 0, 0, 0, 0, 0, 0, 1, 1, 2, 2, 0, 0, 2, 0, 0, 1, 1, 0, 2, 2, 0, 1, 0, 0, 0, 0, 0, 0, 0, 2, 0, 0, 0, 0, 0, 0, 0, 2, 2, 2, 3, 2, 0, 1, 1, 4, 2, 5, 1, 6, 2, 4, 2, 6, 791, 0, 0, 0, 0, 0, 0]",-1,-1.835272902975492e-05,-1,0
3822,"[1, 2, 0, 1, 1, 3, 0, 1, 0, 1, 0, 2, 0, 0, 0, 0, 0, 1, 0, 0, 2, 0, 0, 0, 0, 0, 0, 0, 0, 0, 0, 0, 1, 1, 2, 2, 0, 0, 2, 0, 0, 1, 1, 0, 2, 2, 0, 1, 0, 0, 0, 0, 0, 0, 0, 2, 0, 0, 0, 0, 0, 0, 0, 2, 2, 2, 3, 2, 0, 1, 1, 4, 2, 5, 1, 6, 2, 4, 2, 6, 792, 0, 0, 0, 0, 0, 0]",4,12.9738052688423,-1,0
3823,"[1, 2, 0, 1, 1, 3, 0, 1, 0, 1, 0, 2, 0, 0, 0, 0, 0, 1, 0, 0, 2, 0, 0, 0, 0, 0, 0, 0, 0, 0, 0, 0, 1, 1, 2, 2, 0, 0, 2, 0, 0, 1, 1, 0, 2, 2, 0, 1, 0, 0, 0, 0, 0, 0, 0, 2, 0, 0, 0, 0, 0, 0, 0, 2, 2, 2, 3, 2, 0, 1, 1, 4, 2, 5, 1, 6, 2, 4, 2, 6, 792, 0, 1, 0, 0, 0, 0]",2,0.40000000001039765,-1,1
3824,"[1, 2, 0, 1, 1, 3, 0, 1, 0, 1, 0, 2, 0, 0, 0, 0, 0, 1, 0, 0, 2, 0, 0, 0, 0, 0, 0, 0, 0, 0, 0, 0, 1, 1, 2, 2, 0, 0, 2, 0, 0, 1, 1, 0, 2, 2, 0, 1, 0, 0, 0, 0, 0, 0, 0, 2, 0, 0, 0, 0, 0, 0, 0, 2, 2, 2, 3, 2, 0, 1, 1, 4, 2, 5, 1, 6, 2, 4, 2, 6, 792, 0, 1, 0, 0, 1, 0]","[[1 0 0 0]
 [0 1 0 0]]",0.6504248650684885,-1,1
3825,"[2, 1, 0, 1, 0, 4, 0, 1, 0, 1, 0, 2, 0, 0, 0, 0, 0, 1, 0, 0, 2, 0, 0, 0, 0, 0, 0, 0, 0, 0, 0, 0, 1, 1, 2, 2, 0, 0, 2, 0, 0, 1, 1, 0, 2, 2, 0, 1, 0, 0, 0, 0, 0, 0, 0, 2, 0, 0, 0, 0, 0, 0, 0, 2, 2, 2, 3, 2, 0, 1, 1, 4, 2, 5, 1, 6, 2, 4, 2, 6, 792, 0, 0, 0, 0, 0, 0]",0,-0.19999999998960233,-1,0
3826,"[1, 1, 0, 1, 0, 2, 0, 1, 0, 1, 0, 2, 0, 0, 0, 0, 0, 1, 0, 0, 2, 0, 0, 0, 0, 0, 0, 0, 0, 0, 0, 0, 1, 1, 2, 2, 0, 0, 2, 0, 0, 1, 1, 0, 2, 2, 0, 1, 0, 0, 0, 0, 0, 0, 0, 2, 0, 0, 0, 0, 0, 0, 0, 2, 2, 2, 3, 2, 0, 1, 1, 4, 2, 5, 1, 6, 2, 4, 2, 6, 793, 0, 0, 0, 0, 0, 0]",4,14.055704982062622,-1,1
3827,"[1, 1, 0, 1, 0, 2, 0, 1, 0, 1, 0, 2, 0, 0, 0, 0, 0, 1, 0, 0, 2, 0, 0, 0, 0, 0, 0, 0, 0, 0, 0, 0, 1, 1, 2, 2, 0, 0, 2, 0, 0, 1, 1, 0, 2, 2, 0, 1, 0, 0, 0, 0, 0, 0, 0, 2, 0, 0, 0, 0, 0, 0, 0, 2, 2, 2, 3, 2, 0, 1, 1, 4, 2, 5, 1, 6, 2, 4, 2, 6, 793, 0, 0, 0, 0, 0, 0]",1,0.6096241151096067,-1,0
3828,"[1, 1, 0, 1, 0, 2, 0, 1, 0, 1, 0, 2, 0, 0, 0, 0, 0, 1, 0, 0, 2, 0, 0, 0, 0, 0, 0, 0, 0, 0, 0, 0, 1, 1, 2, 2, 0, 0, 2, 0, 0, 1, 1, 0, 2, 2, 0, 1, 0, 0, 0, 0, 0, 0, 0, 2, 0, 0, 0, 0, 0, 0, 0, 2, 2, 2, 3, 2, 0, 1, 1, 4, 2, 5, 1, 6, 2, 4, 2, 6, 793, 0, 0, 0, 0, 0, 0]",-1,-1.7989320646524137e-05,-1,0
3829,"[1, 1, 0, 2, 0, 2, 0, 2, 0, 1, 0, 2, 0, 0, 0, 0, 0, 1, 0, 0, 2, 0, 0, 0, 0, 0, 0, 0, 0, 0, 0, 0, 1, 1, 2, 2, 0, 0, 2, 0, 0, 1, 1, 0, 2, 2, 0, 1, 0, 0, 0, 0, 0, 0, 0, 2, 0, 0, 0, 0, 0, 0, 0, 2, 2, 2, 3, 2, 0, 1, 1, 4, 2, 5, 1, 6, 2, 4, 2, 6, 794, 0, 0, 0, 0, 0, 0]",4,14.01609864759207,-1,1
3830,"[1, 1, 0, 2, 0, 2, 0, 2, 0, 1, 0, 2, 0, 0, 0, 0, 0, 1, 0, 0, 2, 0, 0, 0, 0, 0, 0, 0, 0, 0, 0, 0, 1, 1, 2, 2, 0, 0, 2, 0, 0, 1, 1, 0, 2, 2, 0, 1, 0, 0, 0, 0, 0, 0, 0, 2, 0, 0, 0, 0, 0, 0, 0, 2, 2, 2, 3, 2, 0, 1, 1, 4, 2, 5, 1, 6, 2, 4, 2, 6, 794, 0, 0, 0, 0, 0, 0]",1,0.609624115109215,-1,0
3831,"[1, 1, 0, 2, 0, 2, 0, 2, 0, 1, 0, 2, 0, 0, 0, 0, 0, 1, 0, 0, 2, 0, 0, 0, 0, 0, 0, 0, 0, 0, 0, 0, 1, 1, 2, 2, 0, 0, 2, 0, 0, 1, 1, 0, 2, 2, 0, 1, 0, 0, 0, 0, 0, 0, 0, 2, 0, 0, 0, 0, 0, 0, 0, 2, 2, 2, 3, 2, 0, 1, 1, 4, 2, 5, 1, 6, 2, 4, 2, 6, 794, 0, 0, 0, 0, 0, 0]",-1,-1.78103239153517e-05,-1,0
3832,"[1, 2, 0, 2, 0, 3, 0, 2, 0, 1, 0, 2, 0, 0, 0, 0, 0, 1, 0, 0, 2, 0, 0, 0, 0, 0, 0, 0, 0, 0, 0, 0, 1, 1, 2, 2, 0, 0, 2, 0, 0, 1, 1, 0, 2, 2, 0, 1, 0, 0, 0, 0, 0, 0, 0, 2, 0, 0, 0, 0, 0, 0, 0, 2, 2, 2, 3, 2, 0, 1, 1, 4, 2, 5, 1, 6, 2, 4, 2, 6, 795, 0, 0, 0, 0, 0, 0]",4,12.872477124591768,-1,0
3833,"[1, 3, 0, 2, 0, 4, 0, 2, 0, 1, 0, 2, 0, 0, 0, 0, 0, 1, 0, 0, 2, 0, 0, 0, 0, 0, 0, 0, 0, 0, 0, 0, 1, 1, 2, 2, 0, 0, 2, 0, 0, 1, 1, 0, 2, 2, 0, 1, 0, 0, 0, 0, 0, 0, 0, 2, 0, 0, 0, 0, 0, 0, 0, 2, 2, 2, 3, 2, 0, 1, 1, 4, 2, 5, 1, 6, 2, 4, 2, 6, 796, 0, 0, 0, 0, 0, 0]",4,13.850742480665216,-1,1
3834,"[1, 3, 0, 2, 0, 4, 0, 2, 0, 1, 0, 2, 0, 0, 0, 0, 0, 1, 0, 0, 2, 0, 0, 0, 0, 0, 0, 0, 0, 0, 0, 0, 1, 1, 2, 2, 0, 0, 2, 0, 0, 1, 1, 0, 2, 2, 0, 1, 0, 0, 0, 0, 0, 0, 0, 2, 0, 0, 0, 0, 0, 0, 0, 2, 2, 2, 3, 2, 0, 1, 1, 4, 2, 5, 1, 6, 2, 4, 2, 6, 797, 0, 0, 0, 0, 0, 0]",4,12.742289383934772,-1,0
3835,"[1, 3, 0, 2, 0, 4, 0, 2, 0, 1, 0, 2, 0, 0, 0, 0, 0, 1, 0, 0, 2, 0, 0, 0, 0, 0, 0, 0, 0, 0, 0, 0, 1, 1, 2, 2, 0, 0, 2, 0, 0, 1, 1, 0, 2, 2, 0, 1, 0, 0, 0, 0, 0, 0, 0, 2, 0, 0, 0, 0, 0, 0, 0, 2, 2, 2, 3, 2, 0, 1, 1, 4, 2, 5, 1, 6, 2, 4, 2, 6, 797, 0, 1, 0, 0, 0, 0]",2,0.4000000000085129,-1,1
3836,"[1, 3, 0, 2, 0, 4, 0, 2, 0, 1, 0, 2, 0, 0, 0, 0, 0, 1, 0, 0, 2, 0, 0, 0, 0, 0, 0, 0, 0, 0, 0, 0, 1, 1, 2, 2, 0, 0, 2, 0, 0, 1, 1, 0, 2, 2, 0, 1, 0, 0, 0, 0, 0, 0, 0, 2, 0, 0, 0, 0, 0, 0, 0, 2, 2, 2, 3, 2, 0, 1, 1, 4, 2, 5, 1, 6, 2, 4, 2, 6, 797, 0, 1, 0, 0, 1, 0]","[[0 1 0 0]
 [1 0 0 0]]",0.6504248650666038,-1,1
3837,"[1, 3, 0, 2, 0, 4, 0, 2, 0, 1, 0, 2, 0, 0, 0, 0, 0, 1, 0, 0, 2, 0, 0, 0, 0, 0, 0, 0, 0, 0, 0, 0, 1, 1, 2, 2, 0, 0, 2, 0, 0, 1, 1, 0, 2, 2, 0, 1, 0, 0, 0, 0, 0, 0, 0, 2, 0, 0, 0, 0, 0, 0, 0, 2, 2, 2, 3, 2, 0, 1, 1, 4, 2, 5, 1, 6, 2, 4, 2, 6, 797, 0, 0, 0, 0, 0, 0]",1,-0.1999999999914871,-1,0
3838,"[1, 3, 0, 3, 0, 4, 0, 3, 0, 1, 0, 2, 0, 0, 0, 0, 0, 1, 0, 0, 2, 0, 0, 0, 0, 0, 0, 0, 0, 0, 0, 0, 1, 1, 2, 2, 0, 0, 2, 0, 0, 1, 1, 0, 2, 2, 0, 1, 0, 0, 0, 0, 0, 0, 0, 2, 0, 0, 0, 0, 0, 0, 0, 2, 2, 2, 3, 2, 0, 1, 1, 4, 2, 5, 1, 6, 2, 4, 2, 6, 798, 0, 0, 0, 0, 0, 0]",4,13.869647880557523,-1,1
3839,"[1, 3, 0, 3, 0, 4, 0, 3, 0, 1, 0, 2, 0, 0, 0, 0, 0, 1, 0, 0, 2, 0, 0, 0, 0, 0, 0, 0, 0, 0, 0, 0, 1, 1, 2, 2, 0, 0, 2, 0, 0, 1, 1, 0, 2, 2, 0, 1, 0, 0, 0, 0, 0, 0, 0, 2, 0, 0, 0, 0, 0, 0, 0, 2, 2, 2, 3, 2, 0, 1, 1, 4, 2, 5, 1, 6, 2, 4, 2, 6, 798, 1, 0, 0, 0, 0, 0]",3,0.2000000000081791,-1,0
3840,"[1, 3, 0, 3, 0, 4, 0, 3, 0, 1, 0, 2, 0, 0, 0, 0, 0, 1, 0, 0, 2, 0, 0, 0, 0, 0, 0, 0, 0, 0, 0, 0, 1, 1, 2, 2, 0, 0, 2, 0, 0, 1, 1, 0, 2, 2, 0, 1, 0, 0, 0, 0, 0, 0, 0, 2, 0, 0, 0, 0, 0, 0, 0, 2, 2, 2, 3, 2, 0, 1, 1, 4, 2, 5, 1, 6, 2, 4, 2, 6, 798, 0, 0, 0, 0, 0, 0]",-1,-1.711197112575197e-05,-1,0
3841,"[1, 4, 0, 3, 0, 5, 0, 3, 0, 1, 0, 2, 0, 0, 0, 0, 0, 1, 0, 0, 2, 0, 0, 0, 0, 0, 0, 0, 0, 0, 0, 0, 1, 1, 2, 2, 0, 0, 2, 0, 0, 1, 1, 0, 2, 2, 0, 1, 0, 0, 0, 0, 0, 0, 0, 2, 0, 0, 0, 0, 0, 0, 0, 2, 2, 2, 3, 2, 0, 1, 1, 4, 2, 5, 1, 6, 2, 4, 2, 6, 799, 0, 0, 0, 0, 0, 0]",4,13.826552460401475,-1,1
3842,"[1, 4, 0, 4, 0, 5, 0, 4, 0, 1, 0, 2, 0, 0, 0, 0, 0, 1, 0, 0, 2, 0, 0, 0, 0, 0, 0, 0, 0, 0, 0, 0, 1, 1, 2, 2, 0, 0, 2, 0, 0, 1, 1, 0, 2, 2, 0, 1, 0, 0, 0, 0, 0, 0, 0, 2, 0, 0, 0, 0, 0, 0, 0, 2, 2, 2, 3, 2, 0, 1, 1, 4, 2, 5, 1, 6, 2, 4, 2, 6, 800, 0, 0, 0, 0, 0, 0]",4,12.592846076375029,-1,0
3843,"[1, 5, 0, 4, 0, 6, 0, 4, 0, 1, 0, 2, 0, 0, 0, 0, 0, 1, 0, 0, 2, 0, 0, 0, 0, 0, 0, 0, 0, 0, 0, 0, 1, 1, 2, 2, 0, 0, 2, 0, 0, 1, 1, 0, 2, 2, 0, 1, 0, 0, 0, 0, 0, 0, 0, 2, 0, 0, 0, 0, 0, 0, 0, 2, 2, 2, 3, 2, 0, 1, 1, 4, 2, 5, 1, 6, 2, 4, 2, 6, 801, 0, 0, 0, 0, 0, 0]",4,13.81513000860719,-1,1
3844,"[1, 5, 0, 4, 0, 6, 0, 4, 0, 1, 0, 2, 0, 0, 0, 0, 0, 1, 0, 0, 2, 0, 0, 0, 0, 0, 0, 0, 0, 0, 0, 0, 1, 1, 2, 2, 0, 0, 2, 0, 0, 1, 1, 0, 2, 2, 0, 1, 0, 0, 0, 0, 0, 0, 0, 2, 0, 0, 0, 0, 0, 0, 0, 2, 2, 2, 3, 2, 0, 1, 1, 4, 2, 5, 1, 6, 2, 4, 2, 6, 801, 1, 0, 0, 0, 0, 0]",3,0.2000000000072542,-1,0
3845,"[1, 5, 0, 4, 0, 6, 0, 4, 0, 1, 0, 2, 0, 0, 0, 0, 0, 1, 0, 0, 2, 0, 0, 0, 0, 0, 0, 0, 0, 0, 0, 0, 1, 1, 2, 2, 0, 0, 2, 0, 0, 1, 1, 0, 2, 2, 0, 1, 0, 0, 0, 0, 0, 0, 0, 2, 0, 0, 0, 0, 0, 0, 0, 2, 2, 2, 3, 2, 0, 1, 1, 4, 2, 5, 1, 6, 2, 4, 2, 6, 801, 0, 0, 0, 0, 0, 0]",-1,-1.660623594919705e-05,-1,0
3846,"[1, 5, 0, 4, 0, 6, 0, 4, 0, 1, 0, 2, 0, 0, 0, 0, 0, 1, 0, 0, 2, 0, 0, 0, 0, 0, 0, 0, 0, 0, 0, 0, 1, 1, 2, 2, 0, 0, 2, 0, 0, 1, 1, 0, 2, 2, 0, 1, 0, 0, 0, 0, 0, 0, 0, 2, 0, 0, 0, 0, 0, 0, 0, 2, 2, 2, 3, 2, 0, 1, 1, 4, 2, 5, 1, 6, 2, 4, 2, 6, 801, 1, 0, 0, 0, 0, 0]",3,0.2000000000072542,-1,0
3847,"[1, 5, 0, 4, 0, 6, 0, 4, 0, 1, 0, 2, 0, 0, 0, 0, 0, 1, 0, 0, 2, 0, 0, 0, 0, 0, 0, 0, 0, 0, 0, 0, 1, 1, 2, 2, 0, 0, 2, 0, 0, 1, 1, 0, 2, 2, 0, 1, 0, 0, 0, 0, 0, 0, 0, 2, 0, 0, 0, 0, 0, 0, 0, 2, 2, 2, 3, 2, 0, 1, 1, 4, 2, 5, 1, 6, 2, 4, 2, 6, 801, 0, 0, 0, 0, 0, 0]",-1,-1.660623594919705e-05,-1,0
3848,"[1, 5, 0, 4, 0, 6, 0, 4, 0, 1, 0, 2, 0, 0, 0, 0, 0, 1, 0, 0, 2, 0, 0, 0, 0, 0, 0, 0, 0, 0, 0, 0, 1, 1, 2, 2, 0, 0, 2, 0, 0, 1, 1, 0, 2, 2, 0, 1, 0, 0, 0, 0, 0, 0, 0, 2, 0, 0, 0, 0, 0, 0, 0, 2, 2, 2, 3, 2, 0, 1, 1, 4, 2, 5, 1, 6, 2, 4, 2, 6, 801, 1, 0, 0, 0, 0, 0]",3,0.2000000000072542,-1,0
3849,"[1, 5, 0, 4, 0, 6, 0, 4, 0, 1, 0, 2, 0, 0, 0, 0, 0, 1, 0, 0, 2, 0, 0, 0, 0, 0, 0, 0, 0, 0, 0, 0, 1, 1, 2, 2, 0, 0, 2, 0, 0, 1, 1, 0, 2, 2, 0, 1, 0, 0, 0, 0, 0, 0, 0, 2, 0, 0, 0, 0, 0, 0, 0, 2, 2, 2, 3, 2, 0, 1, 1, 4, 2, 5, 1, 6, 2, 4, 2, 6, 801, 0, 0, 0, 0, 0, 0]",-1,-1.660623594919705e-05,-1,0
3850,"[1, 6, 0, 4, 0, 7, 0, 4, 0, 1, 0, 2, 0, 0, 0, 0, 0, 1, 0, 0, 2, 0, 0, 0, 0, 0, 0, 0, 0, 0, 0, 0, 1, 1, 2, 2, 0, 0, 2, 0, 0, 1, 1, 0, 2, 2, 0, 1, 0, 0, 0, 0, 0, 0, 0, 2, 0, 0, 0, 0, 0, 0, 0, 2, 2, 2, 3, 2, 0, 1, 1, 4, 2, 5, 1, 6, 2, 4, 2, 6, 802, 0, 0, 0, 0, 0, 0]",4,12.519818926533045,-1,0
3851,"[1, 6, 0, 4, 0, 7, 0, 4, 0, 1, 0, 2, 0, 0, 0, 0, 0, 1, 0, 0, 2, 0, 0, 0, 0, 0, 0, 0, 0, 0, 0, 0, 1, 1, 2, 2, 0, 0, 2, 0, 0, 1, 1, 0, 2, 2, 0, 1, 0, 0, 0, 0, 0, 0, 0, 2, 0, 0, 0, 0, 0, 0, 0, 2, 2, 2, 3, 2, 0, 1, 1, 4, 2, 5, 1, 6, 2, 4, 2, 6, 802, 0, 1, 0, 0, 0, 0]",2,0.4000000000069697,-1,1
3852,"[1, 6, 0, 4, 0, 7, 0, 4, 0, 1, 0, 2, 0, 0, 0, 0, 0, 1, 0, 0, 2, 0, 0, 0, 0, 0, 0, 0, 0, 0, 0, 0, 1, 1, 2, 2, 0, 0, 2, 0, 0, 1, 1, 0, 2, 2, 0, 1, 0, 0, 0, 0, 0, 0, 0, 2, 0, 0, 0, 0, 0, 0, 0, 2, 2, 2, 3, 2, 0, 1, 1, 4, 2, 5, 1, 6, 2, 4, 2, 6, 802, 0, 1, 0, 0, 1, 0]","[[0 1 0 0]
 [1 0 0 0]]",0.6504248650650606,-1,1
3853,"[0, 7, 0, 4, 1, 6, 0, 4, 0, 1, 0, 2, 0, 0, 0, 0, 0, 1, 0, 0, 2, 0, 0, 0, 0, 0, 0, 0, 0, 0, 0, 0, 1, 1, 2, 2, 0, 0, 2, 0, 0, 1, 1, 0, 2, 2, 0, 1, 0, 0, 0, 0, 0, 0, 0, 2, 0, 0, 0, 0, 0, 0, 0, 2, 2, 2, 3, 2, 0, 1, 1, 4, 2, 5, 1, 6, 2, 4, 2, 6, 802, 0, 0, 0, 0, 0, 0]",0,-0.19999999999303025,-1,0
3854,"[0, 8, 0, 4, 1, 7, 0, 4, 0, 1, 0, 2, 0, 0, 0, 0, 0, 1, 0, 0, 2, 0, 0, 0, 0, 0, 0, 0, 0, 0, 0, 0, 1, 1, 2, 2, 0, 0, 2, 0, 0, 1, 1, 0, 2, 2, 0, 1, 0, 0, 0, 0, 0, 0, 0, 2, 0, 0, 0, 0, 0, 0, 0, 2, 2, 2, 3, 2, 0, 1, 1, 4, 2, 5, 1, 6, 2, 4, 2, 6, 803, 0, 0, 0, 0, 0, 0]",4,13.884631305211741,-1,1
3855,"[0, 9, 0, 4, 1, 8, 0, 4, 0, 1, 0, 2, 0, 0, 0, 0, 0, 1, 0, 0, 2, 0, 0, 0, 0, 0, 0, 0, 0, 0, 0, 0, 1, 1, 2, 2, 0, 0, 2, 0, 0, 1, 1, 0, 2, 2, 0, 1, 0, 0, 0, 0, 0, 0, 0, 2, 0, 0, 0, 0, 0, 0, 0, 2, 2, 2, 3, 2, 0, 1, 1, 4, 2, 5, 1, 6, 2, 4, 2, 6, 804, 0, 0, 0, 0, 0, 0]",4,12.3418197502319,-1,0
3856,"[0, 10, 0, 4, 1, 9, 0, 4, 0, 1, 0, 2, 0, 0, 0, 0, 0, 1, 0, 0, 2, 0, 0, 0, 0, 0, 0, 0, 0, 0, 0, 0, 1, 1, 2, 2, 0, 0, 2, 0, 0, 1, 1, 0, 2, 2, 0, 1, 0, 0, 0, 0, 0, 0, 0, 2, 0, 0, 0, 0, 0, 0, 0, 2, 2, 2, 3, 2, 0, 1, 1, 4, 2, 5, 1, 6, 2, 4, 2, 6, 805, 0, 0, 0, 0, 0, 0]",4,13.823282695207078,-1,1
3857,"[0, 11, 0, 4, 1, 10, 0, 4, 0, 1, 0, 2, 0, 0, 0, 0, 0, 1, 0, 0, 2, 0, 0, 0, 0, 0, 0, 0, 0, 0, 0, 0, 1, 1, 2, 2, 0, 0, 2, 0, 0, 1, 1, 0, 2, 2, 0, 1, 0, 0, 0, 0, 0, 0, 0, 2, 0, 0, 0, 0, 0, 0, 0, 2, 2, 2, 3, 2, 0, 1, 1, 4, 2, 5, 1, 6, 2, 4, 2, 6, 806, 0, 0, 0, 0, 0, 0]",4,12.30179929808453,-1,0
3858,"[0, 12, 0, 4, 1, 11, 0, 4, 0, 1, 0, 2, 0, 0, 0, 0, 0, 1, 0, 0, 2, 0, 0, 0, 0, 0, 0, 0, 0, 0, 0, 0, 1, 1, 2, 2, 0, 0, 2, 0, 0, 1, 1, 0, 2, 2, 0, 1, 0, 0, 0, 0, 0, 0, 0, 2, 0, 0, 0, 0, 0, 0, 0, 2, 2, 2, 3, 2, 0, 1, 1, 4, 2, 5, 1, 6, 2, 4, 2, 6, 807, 0, 0, 0, 0, 0, 0]",4,13.773551449485572,-1,1
3859,"[0, 12, 0, 4, 1, 11, 0, 4, 0, 1, 0, 2, 0, 0, 0, 0, 0, 1, 0, 0, 2, 0, 0, 0, 0, 0, 0, 0, 0, 0, 0, 0, 1, 1, 2, 2, 0, 0, 2, 0, 0, 1, 1, 0, 2, 2, 0, 1, 0, 0, 0, 0, 0, 0, 0, 2, 0, 0, 0, 0, 0, 0, 0, 2, 2, 2, 3, 2, 0, 1, 1, 4, 2, 5, 1, 6, 2, 4, 2, 6, 807, 1, 0, 0, 0, 0, 0]",3,0.2000000000057064,-1,0
3860,"[0, 12, 0, 4, 1, 11, 0, 4, 0, 1, 0, 2, 0, 0, 0, 0, 0, 1, 0, 0, 2, 0, 0, 0, 0, 0, 0, 0, 0, 0, 0, 0, 1, 1, 2, 2, 0, 0, 2, 0, 0, 1, 1, 0, 2, 2, 0, 1, 0, 0, 0, 0, 0, 0, 0, 2, 0, 0, 0, 0, 0, 0, 0, 2, 2, 2, 3, 2, 0, 1, 1, 4, 2, 5, 1, 6, 2, 4, 2, 6, 807, 0, 0, 0, 0, 0, 0]",-1,-1.5639164053285534e-05,-1,0
3861,"[0, 12, 0, 4, 1, 11, 0, 4, 0, 1, 0, 2, 0, 0, 0, 0, 0, 1, 0, 0, 2, 0, 0, 0, 0, 0, 0, 0, 0, 0, 0, 0, 1, 1, 2, 2, 0, 0, 2, 0, 0, 1, 1, 0, 2, 2, 0, 1, 0, 0, 0, 0, 0, 0, 0, 2, 0, 0, 0, 0, 0, 0, 0, 2, 2, 2, 3, 2, 0, 1, 1, 4, 2, 5, 1, 6, 2, 4, 2, 6, 807, 0, 1, 0, 0, 0, 0]",2,0.40000000000570635,-1,1
3862,"[0, 12, 0, 4, 1, 11, 0, 4, 0, 1, 0, 2, 0, 0, 0, 0, 0, 1, 0, 0, 2, 0, 0, 0, 0, 0, 0, 0, 0, 0, 0, 0, 1, 1, 2, 2, 0, 0, 2, 0, 0, 1, 1, 0, 2, 2, 0, 1, 0, 0, 0, 0, 0, 0, 0, 2, 0, 0, 0, 0, 0, 0, 0, 2, 2, 2, 3, 2, 0, 1, 1, 4, 2, 5, 1, 6, 2, 4, 2, 6, 807, 0, 1, 0, 0, 1, 0]","[[1 0 0 0]
 [0 1 0 0]]",0.6504248650637973,-1,1
3863,"[0, 12, 0, 4, 1, 11, 0, 4, 0, 1, 0, 2, 0, 0, 0, 0, 0, 1, 0, 0, 2, 0, 0, 0, 0, 0, 0, 0, 0, 0, 0, 0, 1, 1, 2, 2, 0, 0, 2, 0, 0, 1, 1, 0, 2, 2, 0, 1, 0, 0, 0, 0, 0, 0, 0, 2, 0, 0, 0, 0, 0, 0, 0, 2, 2, 2, 3, 2, 0, 1, 1, 4, 2, 5, 1, 6, 2, 4, 2, 6, 807, 0, 0, 0, 0, 0, 0]",1,-0.19999999999429363,-1,0
3864,"[0, 12, 0, 5, 1, 11, 0, 5, 0, 1, 0, 2, 0, 0, 0, 0, 0, 1, 0, 0, 2, 0, 0, 0, 0, 0, 0, 0, 0, 0, 0, 0, 1, 1, 2, 2, 0, 0, 2, 0, 0, 1, 1, 0, 2, 2, 0, 1, 0, 0, 0, 0, 0, 0, 0, 2, 0, 0, 0, 0, 0, 0, 0, 2, 2, 2, 3, 2, 0, 1, 1, 4, 2, 5, 1, 6, 2, 4, 2, 6, 808, 0, 0, 0, 0, 0, 0]",4,13.805751643323523,-1,1
3865,"[0, 12, 0, 5, 1, 11, 0, 5, 0, 1, 0, 2, 0, 0, 0, 0, 0, 1, 0, 0, 2, 0, 0, 0, 0, 0, 0, 0, 0, 0, 0, 0, 1, 1, 2, 2, 0, 0, 2, 0, 0, 1, 1, 0, 2, 2, 0, 1, 0, 0, 0, 0, 0, 0, 0, 2, 0, 0, 0, 0, 0, 0, 0, 2, 2, 2, 3, 2, 0, 1, 1, 4, 2, 5, 1, 6, 2, 4, 2, 6, 808, 1, 0, 0, 0, 0, 0]",3,0.20000000000548265,-1,0
3866,"[0, 12, 0, 5, 1, 11, 0, 5, 0, 1, 0, 2, 0, 0, 0, 0, 0, 1, 0, 0, 2, 0, 0, 0, 0, 0, 0, 0, 0, 0, 0, 0, 1, 1, 2, 2, 0, 0, 2, 0, 0, 1, 1, 0, 2, 2, 0, 1, 0, 0, 0, 0, 0, 0, 0, 2, 0, 0, 0, 0, 0, 0, 0, 2, 2, 2, 3, 2, 0, 1, 1, 4, 2, 5, 1, 6, 2, 4, 2, 6, 808, 0, 0, 0, 0, 0, 0]",-1,-1.548355177093131e-05,-1,0
3867,"[0, 12, 0, 5, 1, 11, 0, 5, 0, 1, 0, 2, 0, 0, 0, 0, 0, 1, 0, 0, 2, 0, 0, 0, 0, 0, 0, 0, 0, 0, 0, 0, 1, 1, 2, 2, 0, 0, 2, 0, 0, 1, 1, 0, 2, 2, 0, 1, 0, 0, 0, 0, 0, 0, 0, 2, 0, 0, 0, 0, 0, 0, 0, 2, 2, 2, 3, 2, 0, 1, 1, 4, 2, 5, 1, 6, 2, 4, 2, 6, 809, 0, 0, 0, 0, 0, 0]",4,13.805751332098742,-1,1
3868,"[0, 6, 0, 2, 1, 5, 0, 2, 0, 1, 0, 2, 0, 0, 0, 0, 0, 1, 0, 0, 2, 0, 0, 0, 0, 0, 0, 0, 0, 0, 0, 0, 1, 1, 2, 2, 0, 0, 2, 0, 0, 1, 1, 0, 2, 2, 0, 1, 0, 0, 0, 0, 0, 0, 0, 2, 0, 0, 0, 0, 0, 0, 0, 2, 2, 2, 3, 2, 0, 1, 1, 4, 2, 5, 1, 6, 2, 4, 2, 5, 810, 0, 0, 0, 0, 0, 0]",4,12.332786209939703,-1,0
3869,"[0, 6, 0, 2, 1, 5, 0, 2, 0, 1, 0, 2, 0, 0, 0, 0, 0, 1, 0, 0, 2, 0, 0, 0, 0, 0, 0, 0, 0, 0, 0, 0, 1, 1, 2, 2, 0, 0, 2, 0, 0, 1, 1, 0, 2, 2, 0, 1, 0, 0, 0, 0, 0, 0, 0, 2, 0, 0, 0, 0, 0, 0, 0, 2, 2, 2, 3, 2, 0, 1, 1, 4, 2, 5, 1, 6, 2, 4, 2, 5, 811, 0, 0, 0, 0, 0, 0]",4,13.938082232725352,-1,1
3870,"[0, 7, 0, 2, 1, 6, 0, 2, 0, 1, 0, 2, 0, 0, 0, 0, 0, 1, 0, 0, 2, 0, 0, 0, 0, 0, 0, 0, 0, 0, 0, 0, 1, 1, 2, 2, 0, 0, 2, 0, 0, 1, 1, 0, 2, 2, 0, 1, 0, 0, 0, 0, 0, 0, 0, 2, 0, 0, 0, 0, 0, 0, 0, 2, 2, 2, 3, 2, 0, 1, 1, 4, 2, 5, 1, 6, 2, 4, 2, 5, 812, 0, 0, 0, 0, 0, 0]",4,12.287361362424186,-1,0
3871,"[0, 7, 0, 2, 1, 6, 0, 2, 0, 1, 0, 2, 0, 0, 0, 0, 0, 1, 0, 0, 2, 0, 0, 0, 0, 0, 0, 0, 0, 0, 0, 0, 1, 1, 2, 2, 0, 0, 2, 0, 0, 1, 1, 0, 2, 2, 0, 1, 0, 0, 0, 0, 0, 0, 0, 2, 0, 0, 0, 0, 0, 0, 0, 2, 2, 2, 3, 2, 0, 1, 1, 4, 2, 5, 1, 6, 2, 4, 2, 5, 812, 0, 1, 0, 0, 0, 0]",2,0.40000000000467195,-1,1
3872,"[0, 7, 0, 2, 1, 6, 0, 2, 0, 1, 0, 2, 0, 0, 0, 0, 0, 1, 0, 0, 2, 0, 0, 0, 0, 0, 0, 0, 0, 0, 0, 0, 1, 1, 2, 2, 0, 0, 2, 0, 0, 1, 1, 0, 2, 2, 0, 1, 0, 0, 0, 0, 0, 0, 0, 2, 0, 0, 0, 0, 0, 0, 0, 2, 2, 2, 3, 2, 0, 1, 1, 4, 2, 5, 1, 6, 2, 4, 2, 5, 812, 0, 1, 0, 0, 1, 0]","[[1 0 0 0]
 [0 1 0 0]]",0.6504248650627629,-1,1
3873,"[1, 6, 0, 2, 0, 7, 0, 2, 0, 1, 0, 2, 0, 0, 0, 0, 0, 1, 0, 0, 2, 0, 0, 0, 0, 0, 0, 0, 0, 0, 0, 0, 1, 1, 2, 2, 0, 0, 2, 0, 0, 1, 1, 0, 2, 2, 0, 1, 0, 0, 0, 0, 0, 0, 0, 2, 0, 0, 0, 0, 0, 0, 0, 2, 2, 2, 3, 2, 0, 1, 1, 4, 2, 5, 1, 6, 2, 4, 2, 5, 812, 0, 0, 0, 0, 0, 0]",0,-0.19999999999532803,-1,0
3874,"[1, 3, 0, 1, 0, 3, 0, 1, 0, 1, 0, 2, 0, 0, 0, 0, 0, 1, 0, 0, 2, 0, 0, 0, 0, 0, 0, 0, 0, 0, 0, 0, 1, 1, 2, 2, 0, 0, 2, 0, 0, 1, 1, 0, 2, 2, 0, 1, 0, 0, 0, 0, 0, 0, 0, 2, 0, 0, 0, 0, 0, 0, 0, 2, 2, 2, 3, 2, 0, 1, 1, 4, 2, 5, 1, 6, 2, 4, 2, 1, 813, 0, 0, 0, 0, 0, 0]",4,13.893504310143573,-1,1
3875,"[1, 3, 0, 1, 0, 3, 0, 1, 0, 1, 0, 2, 0, 0, 0, 0, 0, 1, 0, 0, 2, 0, 0, 0, 0, 0, 0, 0, 0, 0, 0, 0, 1, 1, 2, 2, 0, 0, 2, 0, 0, 1, 1, 0, 2, 2, 0, 1, 0, 0, 0, 0, 0, 0, 0, 2, 0, 0, 0, 0, 0, 0, 0, 2, 2, 2, 3, 2, 0, 1, 1, 4, 2, 5, 1, 6, 2, 4, 2, 1, 813, 0, 0, 0, 0, 0, 0]",0,0.2949747468350721,-1,0
3876,"[1, 3, 0, 1, 0, 3, 0, 1, 0, 1, 0, 2, 0, 0, 0, 0, 0, 1, 0, 0, 2, 0, 0, 0, 0, 0, 0, 0, 0, 0, 0, 0, 1, 1, 2, 2, 0, 0, 2, 0, 0, 1, 1, 0, 2, 2, 0, 1, 0, 0, 0, 0, 0, 0, 0, 2, 0, 0, 0, 0, 0, 0, 0, 2, 2, 2, 3, 2, 0, 1, 1, 4, 2, 5, 1, 6, 2, 4, 2, 1, 813, 0, 0, 0, 0, 0, 0]",-1,-1.4728410040289991e-05,-1,0
3877,"[1, 4, 0, 1, 0, 4, 0, 1, 0, 1, 0, 2, 0, 0, 0, 0, 0, 1, 0, 0, 2, 0, 0, 0, 0, 0, 0, 0, 0, 0, 0, 0, 1, 1, 2, 2, 0, 0, 2, 0, 0, 1, 1, 0, 2, 2, 0, 1, 0, 0, 0, 0, 0, 0, 0, 2, 0, 0, 0, 0, 0, 0, 0, 2, 2, 2, 3, 2, 0, 1, 1, 4, 2, 5, 1, 6, 2, 4, 2, 1, 814, 0, 0, 0, 0, 0, 0]",4,13.76006770303626,-1,1
3878,"[1, 4, 0, 1, 0, 4, 0, 1, 0, 1, 0, 2, 0, 0, 0, 0, 0, 1, 0, 0, 2, 0, 0, 0, 0, 0, 0, 0, 0, 0, 0, 0, 1, 1, 2, 2, 0, 0, 2, 0, 0, 1, 1, 0, 2, 2, 0, 1, 0, 0, 0, 0, 0, 0, 0, 2, 0, 0, 0, 0, 0, 0, 0, 2, 2, 2, 3, 2, 0, 1, 1, 4, 2, 5, 1, 6, 2, 4, 2, 1, 814, 0, 0, 0, 0, 0, 0]",0,0.29497474683489605,-1,0
3879,"[1, 4, 0, 1, 0, 4, 0, 1, 0, 1, 0, 2, 0, 0, 0, 0, 0, 1, 0, 0, 2, 0, 0, 0, 0, 0, 0, 0, 0, 0, 0, 0, 1, 1, 2, 2, 0, 0, 2, 0, 0, 1, 1, 0, 2, 2, 0, 1, 0, 0, 0, 0, 0, 0, 0, 2, 0, 0, 0, 0, 0, 0, 0, 2, 2, 2, 3, 2, 0, 1, 1, 4, 2, 5, 1, 6, 2, 4, 2, 1, 814, 0, 0, 0, 0, 0, 0]",-1,-1.4581859911778687e-05,-1,0
3880,"[1, 4, 0, 1, 0, 4, 0, 1, 0, 1, 0, 2, 0, 0, 0, 0, 0, 1, 0, 0, 2, 0, 0, 0, 0, 0, 0, 0, 0, 0, 0, 0, 1, 1, 2, 2, 0, 0, 2, 0, 0, 1, 1, 0, 2, 2, 0, 1, 0, 0, 0, 0, 0, 0, 0, 2, 0, 0, 0, 0, 0, 0, 0, 2, 2, 2, 3, 2, 0, 1, 1, 4, 2, 5, 1, 6, 2, 4, 2, 1, 814, 0, 0, 0, 0, 0, 0]",0,0.29497474683489605,-1,0
3881,"[1, 4, 0, 1, 0, 4, 0, 1, 0, 1, 0, 2, 0, 0, 0, 0, 0, 1, 0, 0, 2, 0, 0, 0, 0, 0, 0, 0, 0, 0, 0, 0, 1, 1, 2, 2, 0, 0, 2, 0, 0, 1, 1, 0, 2, 2, 0, 1, 0, 0, 0, 0, 0, 0, 0, 2, 0, 0, 0, 0, 0, 0, 0, 2, 2, 2, 3, 2, 0, 1, 1, 4, 2, 5, 1, 6, 2, 4, 2, 1, 814, 0, 0, 0, 0, 0, 0]",-1,-1.4581859911778687e-05,-1,0
3882,"[1, 4, 0, 1, 0, 4, 0, 1, 0, 1, 0, 2, 0, 0, 0, 0, 0, 1, 0, 0, 2, 0, 0, 0, 0, 0, 0, 0, 0, 0, 0, 0, 1, 1, 2, 2, 0, 0, 2, 0, 0, 1, 1, 0, 2, 2, 0, 1, 0, 0, 0, 0, 0, 0, 0, 2, 0, 0, 0, 0, 0, 0, 0, 2, 2, 2, 3, 2, 0, 1, 1, 4, 2, 5, 1, 6, 2, 4, 2, 1, 814, 0, 0, 0, 0, 0, 0]",0,0.29497474683489605,-1,0
3883,"[1, 4, 0, 1, 0, 4, 0, 1, 0, 1, 0, 2, 0, 0, 0, 0, 0, 1, 0, 0, 2, 0, 0, 0, 0, 0, 0, 0, 0, 0, 0, 0, 1, 1, 2, 2, 0, 0, 2, 0, 0, 1, 1, 0, 2, 2, 0, 1, 0, 0, 0, 0, 0, 0, 0, 2, 0, 0, 0, 0, 0, 0, 0, 2, 2, 2, 3, 2, 0, 1, 1, 4, 2, 5, 1, 6, 2, 4, 2, 1, 814, 0, 0, 0, 0, 0, 0]",-1,-1.4581859911778687e-05,-1,0
3884,"[1, 4, 0, 1, 0, 4, 0, 1, 0, 1, 0, 2, 0, 0, 0, 0, 0, 1, 0, 0, 2, 0, 0, 0, 0, 0, 0, 0, 0, 0, 0, 0, 1, 1, 2, 2, 0, 0, 2, 0, 0, 1, 1, 0, 2, 2, 0, 1, 0, 0, 0, 0, 0, 0, 0, 2, 0, 0, 0, 0, 0, 0, 0, 2, 2, 2, 3, 2, 0, 1, 1, 4, 2, 5, 1, 6, 2, 4, 2, 1, 814, 0, 0, 0, 0, 0, 0]",0,0.29497474683489605,-1,0
3885,"[1, 4, 0, 1, 0, 4, 0, 1, 0, 1, 0, 2, 0, 0, 0, 0, 0, 1, 0, 0, 2, 0, 0, 0, 0, 0, 0, 0, 0, 0, 0, 0, 1, 1, 2, 2, 0, 0, 2, 0, 0, 1, 1, 0, 2, 2, 0, 1, 0, 0, 0, 0, 0, 0, 0, 2, 0, 0, 0, 0, 0, 0, 0, 2, 2, 2, 3, 2, 0, 1, 1, 4, 2, 5, 1, 6, 2, 4, 2, 1, 814, 0, 0, 0, 0, 0, 0]",-1,-1.4581859911778687e-05,-1,0
3886,"[1, 4, 0, 1, 0, 4, 0, 1, 0, 1, 0, 2, 0, 0, 0, 0, 0, 1, 0, 0, 2, 0, 0, 0, 0, 0, 0, 0, 0, 0, 0, 0, 1, 1, 2, 2, 0, 0, 2, 0, 0, 1, 1, 0, 2, 2, 0, 1, 0, 0, 0, 0, 0, 0, 0, 2, 0, 0, 0, 0, 0, 0, 0, 2, 2, 2, 3, 2, 0, 1, 1, 4, 2, 5, 1, 6, 2, 4, 2, 1, 814, 0, 0, 0, 0, 0, 0]",0,0.29497474683489605,-1,0
3887,"[1, 4, 0, 1, 0, 4, 0, 1, 0, 1, 0, 2, 0, 0, 0, 0, 0, 1, 0, 0, 2, 0, 0, 0, 0, 0, 0, 0, 0, 0, 0, 0, 1, 1, 2, 2, 0, 0, 2, 0, 0, 1, 1, 0, 2, 2, 0, 1, 0, 0, 0, 0, 0, 0, 0, 2, 0, 0, 0, 0, 0, 0, 0, 2, 2, 2, 3, 2, 0, 1, 1, 4, 2, 5, 1, 6, 2, 4, 2, 1, 814, 0, 0, 0, 0, 0, 0]",-1,-1.4581859911778687e-05,-1,0
3888,"[1, 4, 0, 1, 0, 4, 0, 1, 0, 1, 0, 2, 0, 0, 0, 0, 0, 1, 0, 0, 2, 0, 0, 0, 0, 0, 0, 0, 0, 0, 0, 0, 1, 1, 2, 2, 0, 0, 2, 0, 0, 1, 1, 0, 2, 2, 0, 1, 0, 0, 0, 0, 0, 0, 0, 2, 0, 0, 0, 0, 0, 0, 0, 2, 2, 2, 3, 2, 0, 1, 1, 4, 2, 5, 1, 6, 2, 4, 2, 1, 814, 0, 0, 0, 0, 0, 0]",0,0.29497474683489605,-1,0
3889,"[1, 4, 0, 1, 0, 4, 0, 1, 0, 1, 0, 2, 0, 0, 0, 0, 0, 1, 0, 0, 2, 0, 0, 0, 0, 0, 0, 0, 0, 0, 0, 0, 1, 1, 2, 2, 0, 0, 2, 0, 0, 1, 1, 0, 2, 2, 0, 1, 0, 0, 0, 0, 0, 0, 0, 2, 0, 0, 0, 0, 0, 0, 0, 2, 2, 2, 3, 2, 0, 1, 1, 4, 2, 5, 1, 6, 2, 4, 2, 1, 814, 0, 0, 0, 0, 0, 0]",-1,-1.4581859911778687e-05,-1,0
3890,"[1, 4, 0, 1, 0, 4, 0, 1, 0, 1, 0, 2, 0, 0, 0, 0, 0, 1, 0, 0, 2, 0, 0, 0, 0, 0, 0, 0, 0, 0, 0, 0, 1, 1, 2, 2, 0, 0, 2, 0, 0, 1, 1, 0, 2, 2, 0, 1, 0, 0, 0, 0, 0, 0, 0, 2, 0, 0, 0, 0, 0, 0, 0, 2, 2, 2, 3, 2, 0, 1, 1, 4, 2, 5, 1, 6, 2, 4, 2, 1, 814, 0, 1, 0, 0, 0, 0]",2,0.40000000000431274,-1,0
3891,"[1, 4, 0, 1, 0, 4, 0, 1, 0, 1, 0, 2, 0, 0, 0, 0, 0, 1, 0, 0, 2, 0, 0, 0, 0, 0, 0, 0, 0, 0, 0, 0, 1, 1, 2, 2, 0, 0, 2, 0, 0, 1, 1, 0, 2, 2, 0, 1, 0, 0, 0, 0, 0, 0, 0, 2, 0, 0, 0, 0, 0, 0, 0, 2, 2, 2, 3, 2, 0, 1, 1, 4, 2, 5, 1, 6, 2, 4, 2, 1, 814, 0, 0, 0, 0, 0, 0]",-1,-1.4581859911778687e-05,-1,0
3892,"[1, 4, 0, 1, 0, 4, 0, 1, 0, 1, 0, 2, 0, 0, 0, 0, 0, 1, 0, 0, 2, 0, 0, 0, 0, 0, 0, 0, 0, 0, 0, 0, 1, 1, 2, 2, 0, 0, 2, 0, 0, 1, 1, 0, 2, 2, 0, 1, 0, 0, 0, 0, 0, 0, 0, 2, 0, 0, 0, 0, 0, 0, 0, 2, 2, 2, 3, 2, 0, 1, 1, 4, 2, 5, 1, 6, 2, 4, 2, 1, 814, 1, 0, 0, 0, 0, 0]",3,0.20000000000431278,-1,0
3893,"[1, 4, 0, 1, 0, 4, 0, 1, 0, 1, 0, 2, 0, 0, 0, 0, 0, 1, 0, 0, 2, 0, 0, 0, 0, 0, 0, 0, 0, 0, 0, 0, 1, 1, 2, 2, 0, 0, 2, 0, 0, 1, 1, 0, 2, 2, 0, 1, 0, 0, 0, 0, 0, 0, 0, 2, 0, 0, 0, 0, 0, 0, 0, 2, 2, 2, 3, 2, 0, 1, 1, 4, 2, 5, 1, 6, 2, 4, 2, 1, 814, 0, 0, 0, 0, 0, 0]",-1,-1.4581859911778687e-05,-1,0
3894,"[1, 5, 0, 1, 0, 5, 0, 1, 0, 1, 0, 2, 0, 0, 0, 0, 0, 1, 0, 0, 2, 0, 0, 0, 0, 0, 0, 0, 0, 0, 0, 0, 1, 1, 2, 2, 0, 0, 2, 0, 0, 1, 1, 0, 2, 2, 0, 1, 0, 0, 0, 0, 0, 0, 0, 2, 0, 0, 0, 0, 0, 0, 0, 2, 2, 2, 3, 2, 0, 1, 1, 4, 2, 5, 1, 6, 2, 4, 2, 1, 815, 0, 0, 0, 0, 0, 0]",4,12.436652425116897,-1,0
3895,"[1, 5, 0, 1, 0, 5, 0, 1, 0, 1, 0, 2, 0, 0, 0, 0, 0, 1, 0, 0, 2, 0, 0, 0, 0, 0, 0, 0, 0, 0, 0, 0, 1, 1, 2, 2, 0, 0, 2, 0, 0, 1, 1, 0, 2, 2, 0, 1, 0, 0, 0, 0, 0, 0, 0, 2, 0, 0, 0, 0, 0, 0, 0, 2, 2, 2, 3, 2, 0, 1, 1, 4, 2, 5, 1, 6, 2, 4, 2, 1, 816, 0, 0, 0, 0, 0, 0]",4,13.675594618836808,-1,1
3896,"[1, 5, 0, 1, 0, 5, 0, 1, 0, 1, 0, 2, 0, 0, 0, 0, 0, 1, 0, 0, 2, 0, 0, 0, 0, 0, 0, 0, 0, 0, 0, 0, 1, 1, 2, 2, 0, 0, 2, 0, 0, 1, 1, 0, 2, 2, 0, 1, 0, 0, 0, 0, 0, 0, 0, 2, 0, 0, 0, 0, 0, 0, 0, 2, 2, 2, 3, 2, 0, 1, 1, 4, 2, 5, 1, 6, 2, 4, 2, 1, 816, 0, 0, 0, 0, 0, 0]",1,0.6096241151035979,-1,0
3897,"[1, 5, 0, 1, 0, 5, 0, 1, 0, 1, 0, 2, 0, 0, 0, 0, 0, 1, 0, 0, 2, 0, 0, 0, 0, 0, 0, 0, 0, 0, 0, 0, 1, 1, 2, 2, 0, 0, 2, 0, 0, 1, 1, 0, 2, 2, 0, 1, 0, 0, 0, 0, 0, 0, 0, 2, 0, 0, 0, 0, 0, 0, 0, 2, 2, 2, 3, 2, 0, 1, 1, 4, 2, 5, 1, 6, 2, 4, 2, 1, 816, 0, 0, 0, 0, 0, 0]",-1,-1.4293119739870436e-05,-1,0
3898,"[1, 5, 0, 1, 0, 5, 0, 1, 0, 1, 0, 2, 0, 0, 0, 0, 0, 1, 0, 0, 2, 0, 0, 0, 0, 0, 0, 0, 0, 0, 0, 0, 1, 1, 2, 2, 0, 0, 2, 0, 0, 1, 1, 0, 2, 2, 0, 1, 0, 0, 0, 0, 0, 0, 0, 2, 0, 0, 0, 0, 0, 0, 0, 2, 2, 2, 3, 2, 0, 1, 1, 4, 2, 5, 1, 6, 2, 4, 2, 1, 816, 1, 0, 0, 0, 0, 0]",3,0.20000000000398122,-1,0
3899,"[1, 5, 0, 1, 0, 5, 0, 1, 0, 1, 0, 2, 0, 0, 0, 0, 0, 1, 0, 0, 2, 0, 0, 0, 0, 0, 0, 0, 0, 0, 0, 0, 1, 1, 2, 2, 0, 0, 2, 0, 0, 1, 1, 0, 2, 2, 0, 1, 0, 0, 0, 0, 0, 0, 0, 2, 0, 0, 0, 0, 0, 0, 0, 2, 2, 2, 3, 2, 0, 1, 1, 4, 2, 5, 1, 6, 2, 4, 2, 1, 816, 0, 0, 0, 0, 0, 0]",-1,-1.4293119739870436e-05,-1,0
3900,"[1, 5, 0, 1, 1, 5, 0, 1, 0, 1, 0, 2, 0, 0, 0, 0, 0, 1, 0, 0, 2, 0, 0, 0, 0, 0, 0, 0, 0, 0, 0, 0, 1, 1, 2, 2, 0, 0, 2, 0, 0, 1, 1, 0, 2, 2, 0, 1, 0, 0, 0, 0, 0, 0, 0, 2, 0, 0, 0, 0, 0, 0, 0, 2, 2, 2, 3, 2, 0, 1, 1, 4, 2, 5, 1, 6, 2, 4, 2, 1, 817, 0, 0, 0, 0, 0, 0]",4,12.436651847636236,-1,0
3901,"[1, 5, 0, 1, 1, 5, 0, 1, 0, 1, 0, 2, 0, 0, 0, 0, 0, 1, 0, 0, 2, 0, 0, 0, 0, 0, 0, 0, 0, 0, 0, 0, 1, 1, 2, 2, 0, 0, 2, 0, 0, 1, 1, 0, 2, 2, 0, 1, 0, 0, 0, 0, 0, 0, 0, 2, 0, 0, 0, 0, 0, 0, 0, 2, 2, 2, 3, 2, 0, 1, 1, 4, 2, 5, 1, 6, 2, 4, 2, 1, 817, 0, 1, 0, 0, 0, 0]",2,0.4000000000038251,-1,1
3902,"[1, 5, 0, 1, 1, 5, 0, 1, 0, 1, 0, 2, 0, 0, 0, 0, 0, 1, 0, 0, 2, 0, 0, 0, 0, 0, 0, 0, 0, 0, 0, 0, 1, 1, 2, 2, 0, 0, 2, 0, 0, 1, 1, 0, 2, 2, 0, 1, 0, 0, 0, 0, 0, 0, 0, 2, 0, 0, 0, 0, 0, 0, 0, 2, 2, 2, 3, 2, 0, 1, 1, 4, 2, 5, 1, 6, 2, 4, 2, 1, 817, 0, 1, 0, 0, 1, 0]","[[1 0 0 0]
 [0 1 0 0]]",0.650424865061916,-1,1
3903,"[1, 5, 0, 1, 1, 5, 0, 1, 0, 1, 0, 2, 0, 0, 0, 0, 0, 1, 0, 0, 2, 0, 0, 0, 0, 0, 0, 0, 0, 0, 0, 0, 1, 1, 2, 2, 0, 0, 2, 0, 0, 1, 1, 0, 2, 2, 0, 1, 0, 0, 0, 0, 0, 0, 0, 2, 0, 0, 0, 0, 0, 0, 0, 2, 2, 2, 3, 2, 0, 1, 1, 4, 2, 5, 1, 6, 2, 4, 2, 1, 817, 0, 0, 0, 0, 0, 0]",1,-0.19999999999617493,-1,0
3904,"[1, 6, 0, 1, 1, 6, 0, 1, 0, 1, 0, 2, 0, 0, 0, 0, 0, 1, 0, 0, 2, 0, 0, 0, 0, 0, 0, 0, 0, 0, 0, 0, 1, 1, 2, 2, 0, 0, 2, 0, 0, 1, 1, 0, 2, 2, 0, 1, 0, 0, 0, 0, 0, 0, 0, 2, 0, 0, 0, 0, 0, 0, 0, 2, 2, 2, 3, 2, 0, 1, 1, 4, 2, 5, 1, 6, 2, 4, 2, 1, 818, 0, 0, 0, 0, 0, 0]",4,13.762578670727521,-1,1
3905,"[1, 6, 0, 1, 1, 6, 0, 1, 0, 1, 0, 2, 0, 0, 0, 0, 0, 1, 0, 0, 2, 0, 0, 0, 0, 0, 0, 0, 0, 0, 0, 0, 1, 1, 2, 2, 0, 0, 2, 0, 0, 1, 1, 0, 2, 2, 0, 1, 0, 0, 0, 0, 0, 0, 0, 2, 0, 0, 0, 0, 0, 0, 0, 2, 2, 2, 3, 2, 0, 1, 1, 4, 2, 5, 1, 6, 2, 4, 2, 1, 818, 0, 0, 0, 0, 0, 0]",1,0.6096241151032918,-1,0
3906,"[1, 6, 0, 1, 1, 6, 0, 1, 0, 1, 0, 2, 0, 0, 0, 0, 0, 1, 0, 0, 2, 0, 0, 0, 0, 0, 0, 0, 0, 0, 0, 0, 1, 1, 2, 2, 0, 0, 2, 0, 0, 1, 1, 0, 2, 2, 0, 1, 0, 0, 0, 0, 0, 0, 0, 2, 0, 0, 0, 0, 0, 0, 0, 2, 2, 2, 3, 2, 0, 1, 1, 4, 2, 5, 1, 6, 2, 4, 2, 1, 818, 0, 0, 0, 0, 0, 0]",-1,-1.4010097006435602e-05,-1,0
3907,"[1, 6, 0, 1, 2, 6, 0, 1, 0, 1, 0, 2, 0, 0, 0, 0, 0, 1, 0, 0, 2, 0, 0, 0, 0, 0, 0, 0, 0, 0, 0, 0, 1, 1, 2, 2, 0, 0, 2, 0, 0, 1, 1, 0, 2, 2, 0, 1, 0, 0, 0, 0, 0, 0, 0, 2, 0, 0, 0, 0, 0, 0, 0, 2, 2, 2, 3, 2, 0, 1, 1, 4, 2, 5, 1, 6, 2, 4, 2, 1, 819, 0, 0, 0, 0, 0, 0]",4,13.858340637925176,-1,1
3908,"[1, 6, 0, 1, 2, 6, 0, 1, 0, 1, 0, 2, 0, 0, 0, 0, 0, 1, 0, 0, 2, 0, 0, 0, 0, 0, 0, 0, 0, 0, 0, 0, 1, 1, 2, 2, 0, 0, 2, 0, 0, 1, 1, 0, 2, 2, 0, 1, 0, 0, 0, 0, 0, 0, 0, 2, 0, 0, 0, 0, 0, 0, 0, 2, 2, 2, 3, 2, 0, 1, 1, 4, 2, 5, 1, 6, 2, 4, 2, 1, 819, 1, 0, 0, 0, 0, 0]",3,0.20000000000353102,-1,0
3909,"[1, 6, 0, 1, 2, 6, 0, 1, 0, 1, 0, 2, 0, 0, 0, 0, 0, 1, 0, 0, 2, 0, 0, 0, 0, 0, 0, 0, 0, 0, 0, 0, 1, 1, 2, 2, 0, 0, 2, 0, 0, 1, 1, 0, 2, 2, 0, 1, 0, 0, 0, 0, 0, 0, 0, 2, 0, 0, 0, 0, 0, 0, 0, 2, 2, 2, 3, 2, 0, 1, 1, 4, 2, 5, 1, 6, 2, 4, 2, 1, 819, 0, 0, 0, 0, 0, 0]",-1,-1.3870694212031286e-05,-1,0
3910,"[1, 6, 0, 1, 2, 6, 0, 1, 0, 1, 0, 2, 0, 0, 0, 0, 0, 1, 0, 0, 2, 0, 0, 0, 0, 0, 0, 0, 0, 0, 0, 0, 1, 1, 2, 2, 0, 0, 2, 0, 0, 1, 1, 0, 2, 2, 0, 1, 0, 0, 0, 0, 0, 0, 0, 2, 0, 0, 0, 0, 0, 0, 0, 2, 2, 2, 3, 2, 0, 1, 1, 4, 2, 5, 1, 6, 2, 4, 2, 1, 819, 0, 1, 0, 0, 0, 0]",2,0.400000000003531,-1,0
3911,"[1, 6, 0, 1, 2, 6, 0, 1, 0, 1, 0, 2, 0, 0, 0, 0, 0, 1, 0, 0, 2, 0, 0, 0, 0, 0, 0, 0, 0, 0, 0, 0, 1, 1, 2, 2, 0, 0, 2, 0, 0, 1, 1, 0, 2, 2, 0, 1, 0, 0, 0, 0, 0, 0, 0, 2, 0, 0, 0, 0, 0, 0, 0, 2, 2, 2, 3, 2, 0, 1, 1, 4, 2, 5, 1, 6, 2, 4, 2, 1, 819, 0, 0, 0, 0, 0, 0]",-1,-1.3870694212031286e-05,-1,0
3912,"[1, 6, 0, 1, 2, 6, 0, 1, 0, 1, 0, 2, 0, 0, 0, 0, 0, 1, 0, 0, 2, 0, 0, 0, 0, 0, 0, 0, 0, 0, 0, 0, 1, 1, 2, 2, 0, 0, 2, 0, 0, 1, 1, 0, 2, 2, 0, 1, 0, 0, 0, 0, 0, 0, 0, 2, 0, 0, 0, 0, 0, 0, 0, 2, 2, 2, 3, 2, 0, 1, 1, 4, 2, 5, 1, 6, 2, 4, 2, 1, 820, 0, 0, 0, 0, 0, 0]",4,12.362578110314018,-1,0
3913,"[1, 3, 0, 1, 1, 3, 0, 1, 0, 1, 0, 2, 0, 0, 0, 0, 0, 1, 0, 0, 2, 0, 0, 0, 0, 0, 0, 0, 0, 0, 0, 0, 1, 1, 2, 2, 0, 0, 2, 0, 0, 1, 1, 0, 2, 2, 0, 1, 0, 0, 0, 0, 0, 0, 0, 2, 0, 0, 0, 0, 0, 0, 0, 2, 2, 2, 3, 2, 0, 1, 1, 4, 2, 5, 1, 6, 2, 4, 2, 3, 821, 0, 0, 0, 0, 0, 0]",4,14.112982931675688,-1,1
3914,"[1, 3, 0, 1, 1, 3, 0, 1, 0, 1, 0, 2, 0, 0, 0, 0, 0, 1, 0, 0, 2, 0, 0, 0, 0, 0, 0, 0, 0, 0, 0, 0, 1, 1, 2, 2, 0, 0, 2, 0, 0, 1, 1, 0, 2, 2, 0, 1, 0, 0, 0, 0, 0, 0, 0, 2, 0, 0, 0, 0, 0, 0, 0, 2, 2, 2, 3, 2, 0, 1, 1, 4, 2, 5, 1, 6, 2, 4, 2, 3, 821, 1, 0, 0, 0, 0, 0]",3,0.20000000000325954,-1,0
3915,"[1, 3, 0, 1, 1, 3, 0, 1, 0, 1, 0, 2, 0, 0, 0, 0, 0, 1, 0, 0, 2, 0, 0, 0, 0, 0, 0, 0, 0, 0, 0, 0, 1, 1, 2, 2, 0, 0, 2, 0, 0, 1, 1, 0, 2, 2, 0, 1, 0, 0, 0, 0, 0, 0, 0, 2, 0, 0, 0, 0, 0, 0, 0, 2, 2, 2, 3, 2, 0, 1, 1, 4, 2, 5, 1, 6, 2, 4, 2, 3, 821, 0, 0, 0, 0, 0, 0]",-1,-1.359603606447674e-05,-1,0
3916,"[1, 4, 0, 1, 1, 4, 0, 1, 0, 1, 0, 2, 0, 0, 0, 0, 0, 1, 0, 0, 2, 0, 0, 0, 0, 0, 0, 0, 0, 0, 0, 0, 1, 1, 2, 2, 0, 0, 2, 0, 0, 1, 1, 0, 2, 2, 0, 1, 0, 0, 0, 0, 0, 0, 0, 2, 0, 0, 0, 0, 0, 0, 0, 2, 2, 2, 3, 2, 0, 1, 1, 4, 2, 5, 1, 6, 2, 4, 2, 3, 822, 0, 0, 0, 0, 0, 0]",4,12.54579541866455,-1,0
3917,"[1, 4, 0, 1, 1, 4, 0, 1, 0, 1, 0, 2, 0, 0, 0, 0, 0, 1, 0, 0, 2, 0, 0, 0, 0, 0, 0, 0, 0, 0, 0, 0, 1, 1, 2, 2, 0, 0, 2, 0, 0, 1, 1, 0, 2, 2, 0, 1, 0, 0, 0, 0, 0, 0, 0, 2, 0, 0, 0, 0, 0, 0, 0, 2, 2, 2, 3, 2, 0, 1, 1, 4, 2, 5, 1, 6, 2, 4, 2, 3, 822, 0, 1, 0, 0, 0, 0]",2,0.4000000000031317,-1,1
3918,"[1, 4, 0, 1, 1, 4, 0, 1, 0, 1, 0, 2, 0, 0, 0, 0, 0, 1, 0, 0, 2, 0, 0, 0, 0, 0, 0, 0, 0, 0, 0, 0, 1, 1, 2, 2, 0, 0, 2, 0, 0, 1, 1, 0, 2, 2, 0, 1, 0, 0, 0, 0, 0, 0, 0, 2, 0, 0, 0, 0, 0, 0, 0, 2, 2, 2, 3, 2, 0, 1, 1, 4, 2, 5, 1, 6, 2, 4, 2, 3, 822, 0, 1, 0, 0, 1, 0]","[[1 0 0 0]
 [0 1 0 0]]",0.6504248650612225,-1,1
3919,"[2, 3, 0, 1, 0, 5, 0, 1, 0, 1, 0, 2, 0, 0, 0, 0, 0, 1, 0, 0, 2, 0, 0, 0, 0, 0, 0, 0, 0, 0, 0, 0, 1, 1, 2, 2, 0, 0, 2, 0, 0, 1, 1, 0, 2, 2, 0, 1, 0, 0, 0, 0, 0, 0, 0, 2, 0, 0, 0, 0, 0, 0, 0, 2, 2, 2, 3, 2, 0, 1, 1, 4, 2, 5, 1, 6, 2, 4, 2, 3, 822, 0, 0, 0, 0, 0, 0]",0,-0.1999999999968683,-1,0
3920,"[2, 3, 0, 1, 0, 5, 0, 1, 0, 1, 0, 2, 0, 0, 0, 0, 0, 1, 0, 0, 2, 0, 0, 0, 0, 0, 0, 0, 0, 0, 0, 0, 1, 1, 2, 2, 0, 0, 2, 0, 0, 1, 1, 0, 2, 2, 0, 1, 0, 0, 0, 0, 0, 0, 0, 2, 0, 0, 0, 0, 0, 0, 0, 2, 2, 2, 3, 2, 0, 1, 1, 4, 2, 5, 1, 6, 2, 4, 2, 3, 823, 0, 0, 0, 0, 0, 0]",4,13.675592666806363,-1,1
3921,"[2, 3, 0, 1, 0, 5, 0, 1, 0, 1, 0, 2, 0, 0, 0, 0, 0, 1, 0, 0, 2, 0, 0, 0, 0, 0, 0, 0, 0, 0, 0, 0, 1, 1, 2, 2, 0, 0, 2, 0, 0, 1, 1, 0, 2, 2, 0, 1, 0, 0, 0, 0, 0, 0, 0, 2, 0, 0, 0, 0, 0, 0, 0, 2, 2, 2, 3, 2, 0, 1, 1, 4, 2, 5, 1, 6, 2, 4, 2, 3, 823, 1, 0, 0, 0, 0, 0]",3,0.20000000000300894,-1,0
3922,"[0, 3, 0, 2, 0, 5, 0, 1, 0, 1, 0, 2, 0, 0, 0, 0, 0, 1, 0, 0, 2, 0, 0, 0, 0, 0, 0, 0, 0, 0, 0, 0, 1, 1, 2, 2, 0, 0, 2, 0, 0, 1, 1, 0, 2, 2, 0, 1, 0, 0, 0, 0, 0, 0, 0, 2, 0, 0, 0, 0, 0, 0, 0, 2, 2, 2, 3, 2, 0, 1, 1, 4, 2, 5, 1, 6, 2, 4, 2, 3, 823, 0, 0, 0, 0, 0, 0]","[[2 0 0 0]
 [0 0 0 1]]",-0.19854231808595002,-1,0
3923,"[0, 3, 0, 2, 0, 5, 0, 1, 0, 1, 0, 2, 0, 0, 0, 0, 0, 1, 0, 0, 2, 0, 0, 0, 0, 0, 0, 0, 0, 0, 0, 0, 1, 1, 2, 2, 0, 0, 2, 0, 0, 1, 1, 0, 2, 2, 0, 1, 0, 0, 0, 0, 0, 0, 0, 2, 0, 0, 0, 0, 0, 0, 0, 2, 2, 2, 3, 2, 0, 1, 1, 4, 2, 5, 1, 6, 2, 4, 2, 3, 824, 0, 0, 0, 0, 0, 0]",4,12.53094461103558,-1,0
3924,"[0, 3, 0, 2, 0, 5, 0, 1, 0, 1, 0, 2, 0, 0, 0, 0, 0, 1, 0, 0, 2, 0, 0, 0, 0, 0, 0, 0, 0, 0, 0, 0, 1, 1, 2, 2, 0, 0, 2, 0, 0, 1, 1, 0, 2, 2, 0, 1, 0, 0, 0, 0, 0, 0, 0, 2, 0, 0, 0, 0, 0, 0, 0, 2, 2, 2, 3, 2, 0, 1, 1, 4, 2, 5, 1, 6, 2, 4, 2, 3, 825, 0, 0, 0, 0, 0, 0]",4,13.675592133724587,-1,1
3925,"[0, 3, 0, 2, 0, 5, 0, 1, 0, 1, 0, 2, 0, 0, 0, 0, 0, 1, 0, 0, 2, 0, 0, 0, 0, 0, 0, 0, 0, 0, 0, 0, 1, 1, 2, 2, 0, 0, 2, 0, 0, 1, 1, 0, 2, 2, 0, 1, 0, 0, 0, 0, 0, 0, 0, 2, 0, 0, 0, 0, 0, 0, 0, 2, 2, 2, 3, 2, 0, 1, 1, 4, 2, 5, 1, 6, 2, 4, 2, 3, 825, 0, 1, 0, 0, 0, 0]",2,0.4000000000027776,-1,0
3926,"[0, 3, 0, 2, 0, 5, 0, 1, 0, 1, 0, 2, 0, 0, 0, 0, 0, 1, 0, 0, 2, 0, 0, 0, 0, 0, 0, 0, 0, 0, 0, 0, 1, 1, 2, 2, 0, 0, 2, 0, 0, 1, 1, 0, 2, 2, 0, 1, 0, 0, 0, 0, 0, 0, 0, 2, 0, 0, 0, 0, 0, 0, 0, 2, 2, 2, 3, 2, 0, 1, 1, 4, 2, 5, 1, 6, 2, 4, 2, 3, 825, 0, 0, 0, 0, 0, 0]",-1,-1.3062927865083377e-05,-1,0
3927,"[0, 4, 0, 2, 0, 6, 0, 1, 0, 1, 0, 2, 0, 0, 0, 0, 0, 1, 0, 0, 2, 0, 0, 0, 0, 0, 0, 0, 0, 0, 0, 0, 1, 1, 2, 2, 0, 0, 2, 0, 0, 1, 1, 0, 2, 2, 0, 1, 0, 0, 0, 0, 0, 0, 0, 2, 0, 0, 0, 0, 0, 0, 0, 2, 2, 2, 3, 2, 0, 1, 1, 4, 2, 5, 1, 6, 2, 4, 2, 3, 826, 0, 0, 0, 0, 0, 0]",4,12.45073334029829,-1,0
3928,"[0, 2, 0, 1, 0, 3, 0, 1, 0, 1, 0, 2, 0, 0, 0, 0, 0, 1, 0, 0, 2, 0, 0, 0, 0, 0, 0, 0, 0, 0, 0, 0, 1, 1, 2, 2, 0, 0, 2, 0, 0, 1, 1, 0, 2, 2, 0, 1, 0, 0, 0, 0, 0, 0, 0, 2, 0, 0, 0, 0, 0, 0, 0, 2, 2, 2, 3, 2, 0, 1, 1, 4, 2, 5, 1, 6, 2, 4, 2, 4, 827, 0, 0, 0, 0, 0, 0]",4,13.893500423174725,-1,1
3929,"[0, 2, 0, 1, 0, 3, 0, 1, 0, 1, 0, 2, 0, 0, 0, 0, 0, 1, 0, 0, 2, 0, 0, 0, 0, 0, 0, 0, 0, 0, 0, 0, 1, 1, 2, 2, 0, 0, 2, 0, 0, 1, 1, 0, 2, 2, 0, 1, 0, 0, 0, 0, 0, 0, 0, 2, 0, 0, 0, 0, 0, 0, 0, 2, 2, 2, 3, 2, 0, 1, 1, 4, 2, 5, 1, 6, 2, 4, 2, 4, 827, 1, 0, 0, 0, 0, 0]",3,0.20000000000256404,-1,0
3930,"[0, 2, 0, 1, 0, 3, 0, 1, 0, 1, 0, 2, 0, 0, 0, 0, 0, 1, 0, 0, 2, 0, 0, 0, 0, 0, 0, 0, 0, 0, 0, 0, 1, 1, 2, 2, 0, 0, 2, 0, 0, 1, 1, 0, 2, 2, 0, 1, 0, 0, 0, 0, 0, 0, 0, 2, 0, 0, 0, 0, 0, 0, 0, 2, 2, 2, 3, 2, 0, 1, 1, 4, 2, 5, 1, 6, 2, 4, 2, 4, 827, 0, 0, 0, 0, 0, 0]",-1,-1.2804264562856579e-05,-1,0
3931,"[0, 2, 0, 1, 0, 3, 0, 1, 0, 1, 0, 2, 0, 0, 0, 0, 0, 1, 0, 0, 2, 0, 0, 0, 0, 0, 0, 0, 0, 0, 0, 0, 1, 1, 2, 2, 0, 0, 2, 0, 0, 1, 1, 0, 2, 2, 0, 1, 0, 0, 0, 0, 0, 0, 0, 2, 0, 0, 0, 0, 0, 0, 0, 2, 2, 2, 3, 2, 0, 1, 1, 4, 2, 5, 1, 6, 2, 4, 2, 4, 827, 1, 0, 0, 0, 0, 0]",3,0.20000000000256404,-1,0
3932,"[0, 2, 0, 1, 0, 3, 0, 1, 0, 1, 0, 2, 0, 0, 0, 0, 0, 1, 0, 0, 2, 0, 0, 0, 0, 0, 0, 0, 0, 0, 0, 0, 1, 1, 2, 2, 0, 0, 2, 0, 0, 1, 1, 0, 2, 2, 0, 1, 0, 0, 0, 0, 0, 0, 0, 2, 0, 0, 0, 0, 0, 0, 0, 2, 2, 2, 3, 2, 0, 1, 1, 4, 2, 5, 1, 6, 2, 4, 2, 4, 827, 0, 0, 0, 0, 0, 0]",-1,-1.2804264562856579e-05,-1,0
3933,"[0, 3, 0, 1, 0, 4, 0, 1, 0, 1, 0, 2, 0, 0, 0, 0, 0, 1, 0, 0, 2, 0, 0, 0, 0, 0, 0, 0, 0, 0, 0, 0, 1, 1, 2, 2, 0, 0, 2, 0, 0, 1, 1, 0, 2, 2, 0, 1, 0, 0, 0, 0, 0, 0, 0, 2, 0, 0, 0, 0, 0, 0, 0, 2, 2, 2, 3, 2, 0, 1, 1, 4, 2, 5, 1, 6, 2, 4, 2, 4, 828, 0, 0, 0, 0, 0, 0]",4,12.493500165804628,-1,0
3934,"[0, 3, 0, 1, 0, 4, 0, 1, 0, 1, 0, 2, 0, 0, 0, 0, 0, 1, 0, 0, 2, 0, 0, 0, 0, 0, 0, 0, 0, 0, 0, 0, 1, 1, 2, 2, 0, 0, 2, 0, 0, 1, 1, 0, 2, 2, 0, 1, 0, 0, 0, 0, 0, 0, 0, 2, 0, 0, 0, 0, 0, 0, 0, 2, 2, 2, 3, 2, 0, 1, 1, 4, 2, 5, 1, 6, 2, 4, 2, 4, 828, 0, 1, 0, 0, 0, 0]",2,0.4000000000024635,-1,1
3935,"[0, 3, 0, 1, 0, 4, 0, 1, 0, 1, 0, 2, 0, 0, 0, 0, 0, 1, 0, 0, 2, 0, 0, 0, 0, 0, 0, 0, 0, 0, 0, 0, 1, 1, 2, 2, 0, 0, 2, 0, 0, 1, 1, 0, 2, 2, 0, 1, 0, 0, 0, 0, 0, 0, 0, 2, 0, 0, 0, 0, 0, 0, 0, 2, 2, 2, 3, 2, 0, 1, 1, 4, 2, 5, 1, 6, 2, 4, 2, 4, 828, 0, 1, 0, 0, 1, 0]","[[0 1 0 0]
 [0 0 0 1]]",0.6504248650605544,-1,1
3936,"[0, 3, 0, 1, 0, 4, 0, 1, 0, 1, 0, 2, 0, 0, 0, 0, 0, 1, 0, 0, 2, 0, 0, 0, 0, 0, 0, 0, 0, 0, 0, 0, 1, 1, 2, 2, 0, 0, 2, 0, 0, 1, 1, 0, 2, 2, 0, 1, 0, 0, 0, 0, 0, 0, 0, 2, 0, 0, 0, 0, 0, 0, 0, 2, 2, 2, 3, 2, 0, 1, 1, 4, 2, 5, 1, 6, 2, 4, 2, 4, 828, 0, 0, 0, 0, 0, 0]",1,-0.1999999999975365,-1,0
3937,"[0, 4, 0, 1, 0, 5, 0, 1, 0, 1, 0, 2, 0, 0, 0, 0, 0, 1, 0, 0, 2, 0, 0, 0, 0, 0, 0, 0, 0, 0, 0, 0, 1, 1, 2, 2, 0, 0, 2, 0, 0, 1, 1, 0, 2, 2, 0, 1, 0, 0, 0, 0, 0, 0, 0, 2, 0, 0, 0, 0, 0, 0, 0, 2, 2, 2, 3, 2, 0, 1, 1, 4, 2, 5, 1, 6, 2, 4, 2, 4, 829, 0, 0, 0, 0, 0, 0]",4,13.675591099019234,-1,1
3938,"[0, 4, 0, 1, 0, 5, 0, 1, 0, 1, 0, 2, 0, 0, 0, 0, 0, 1, 0, 0, 2, 0, 0, 0, 0, 0, 0, 0, 0, 0, 0, 0, 1, 1, 2, 2, 0, 0, 2, 0, 0, 1, 1, 0, 2, 2, 0, 1, 0, 0, 0, 0, 0, 0, 0, 2, 0, 0, 0, 0, 0, 0, 0, 2, 2, 2, 3, 2, 0, 1, 1, 4, 2, 5, 1, 6, 2, 4, 2, 4, 829, 0, 0, 0, 0, 0, 0]",0,0.2949747468329502,-1,0
3939,"[0, 4, 0, 1, 0, 5, 0, 1, 0, 1, 0, 2, 0, 0, 0, 0, 0, 1, 0, 0, 2, 0, 0, 0, 0, 0, 0, 0, 0, 0, 0, 0, 1, 1, 2, 2, 0, 0, 2, 0, 0, 1, 1, 0, 2, 2, 0, 1, 0, 0, 0, 0, 0, 0, 0, 2, 0, 0, 0, 0, 0, 0, 0, 2, 2, 2, 3, 2, 0, 1, 1, 4, 2, 5, 1, 6, 2, 4, 2, 4, 829, 0, 0, 0, 0, 0, 0]",-1,-1.2550723137180702e-05,-1,0
3940,"[0, 5, 0, 1, 0, 6, 0, 1, 0, 1, 0, 2, 0, 0, 0, 0, 0, 1, 0, 0, 2, 0, 0, 0, 0, 0, 0, 0, 0, 0, 0, 0, 1, 1, 2, 2, 0, 0, 2, 0, 0, 1, 1, 0, 2, 2, 0, 1, 0, 0, 0, 0, 0, 0, 0, 2, 0, 0, 0, 0, 0, 0, 0, 2, 2, 2, 3, 2, 0, 1, 1, 4, 2, 5, 1, 6, 2, 4, 2, 4, 830, 0, 0, 0, 0, 0, 0]",4,13.619977146789822,-1,1
3941,"[0, 5, 0, 1, 0, 6, 0, 1, 0, 1, 0, 2, 0, 0, 0, 0, 0, 1, 0, 0, 2, 0, 0, 0, 0, 0, 0, 0, 0, 0, 0, 0, 1, 1, 2, 2, 0, 0, 2, 0, 0, 1, 1, 0, 2, 2, 0, 1, 0, 0, 0, 0, 0, 0, 0, 2, 0, 0, 0, 0, 0, 0, 0, 2, 2, 2, 3, 2, 0, 1, 1, 4, 2, 5, 1, 6, 2, 4, 2, 4, 830, 1, 0, 0, 0, 0, 0]",3,0.2000000000022741,-1,0
3942,"[0, 5, 0, 1, 0, 6, 0, 1, 0, 1, 0, 2, 0, 0, 0, 0, 0, 1, 0, 0, 2, 0, 0, 0, 0, 0, 0, 0, 0, 0, 0, 0, 1, 1, 2, 2, 0, 0, 2, 0, 0, 1, 1, 0, 2, 2, 0, 1, 0, 0, 0, 0, 0, 0, 0, 2, 0, 0, 0, 0, 0, 0, 0, 2, 2, 2, 3, 2, 0, 1, 1, 4, 2, 5, 1, 6, 2, 4, 2, 4, 830, 0, 0, 0, 0, 0, 0]",-1,-1.2425841355397594e-05,-1,0
3943,"[0, 5, 0, 1, 0, 6, 0, 1, 0, 1, 0, 2, 0, 0, 0, 0, 0, 1, 0, 0, 2, 0, 0, 0, 0, 0, 0, 0, 0, 0, 0, 0, 1, 1, 2, 2, 0, 0, 2, 0, 0, 1, 1, 0, 2, 2, 0, 1, 0, 0, 0, 0, 0, 0, 0, 2, 0, 0, 0, 0, 0, 0, 0, 2, 2, 2, 3, 2, 0, 1, 1, 4, 2, 5, 1, 6, 2, 4, 2, 4, 830, 1, 0, 0, 0, 0, 0]",3,0.2000000000022741,-1,0
3944,"[0, 5, 0, 1, 0, 6, 0, 1, 0, 1, 0, 2, 0, 0, 0, 0, 0, 1, 0, 0, 2, 0, 0, 0, 0, 0, 0, 0, 0, 0, 0, 0, 1, 1, 2, 2, 0, 0, 2, 0, 0, 1, 1, 0, 2, 2, 0, 1, 0, 0, 0, 0, 0, 0, 0, 2, 0, 0, 0, 0, 0, 0, 0, 2, 2, 2, 3, 2, 0, 1, 1, 4, 2, 5, 1, 6, 2, 4, 2, 4, 830, 0, 0, 0, 0, 0, 0]",-1,-1.2425841355397594e-05,-1,0
3945,"[0, 6, 0, 1, 0, 7, 0, 1, 0, 1, 0, 2, 0, 0, 0, 0, 0, 1, 0, 0, 2, 0, 0, 0, 0, 0, 0, 0, 0, 0, 0, 0, 1, 1, 2, 2, 0, 0, 2, 0, 0, 1, 1, 0, 2, 2, 0, 1, 0, 0, 0, 0, 0, 0, 0, 2, 0, 0, 0, 0, 0, 0, 0, 2, 2, 2, 3, 2, 0, 1, 1, 4, 2, 5, 1, 6, 2, 4, 2, 4, 831, 0, 0, 0, 0, 0, 0]",4,12.219976897026168,-1,0
3946,"[0, 6, 0, 2, 0, 7, 0, 2, 0, 1, 0, 2, 0, 0, 0, 0, 0, 1, 0, 0, 2, 0, 0, 0, 0, 0, 0, 0, 0, 0, 0, 0, 1, 1, 2, 2, 0, 0, 2, 0, 0, 1, 1, 0, 2, 2, 0, 1, 0, 0, 0, 0, 0, 0, 0, 2, 0, 0, 0, 0, 0, 0, 0, 2, 2, 2, 3, 2, 0, 1, 1, 4, 2, 5, 1, 6, 2, 4, 2, 4, 832, 0, 0, 0, 0, 0, 0]",4,13.687355914938628,-1,1
3947,"[0, 6, 0, 2, 0, 7, 0, 2, 0, 1, 0, 2, 0, 0, 0, 0, 0, 1, 0, 0, 2, 0, 0, 0, 0, 0, 0, 0, 0, 0, 0, 0, 1, 1, 2, 2, 0, 0, 2, 0, 0, 1, 1, 0, 2, 2, 0, 1, 0, 0, 0, 0, 0, 0, 0, 2, 0, 0, 0, 0, 0, 0, 0, 2, 2, 2, 3, 2, 0, 1, 1, 4, 2, 5, 1, 6, 2, 4, 2, 4, 832, 0, 1, 0, 0, 0, 0]",2,0.40000000000209923,-1,0
3948,"[0, 6, 0, 2, 0, 7, 0, 2, 0, 1, 0, 2, 0, 0, 0, 0, 0, 1, 0, 0, 2, 0, 0, 0, 0, 0, 0, 0, 0, 0, 0, 0, 1, 1, 2, 2, 0, 0, 2, 0, 0, 1, 1, 0, 2, 2, 0, 1, 0, 0, 0, 0, 0, 0, 0, 2, 0, 0, 0, 0, 0, 0, 0, 2, 2, 2, 3, 2, 0, 1, 1, 4, 2, 5, 1, 6, 2, 4, 2, 4, 832, 0, 0, 0, 0, 0, 0]",-1,-1.217979321128094e-05,-1,0
3949,"[0, 6, 0, 2, 0, 7, 0, 2, 0, 1, 0, 2, 0, 0, 0, 0, 0, 1, 0, 0, 2, 0, 0, 0, 0, 0, 0, 0, 0, 0, 0, 0, 1, 1, 2, 2, 0, 0, 2, 0, 0, 1, 1, 0, 2, 2, 0, 1, 0, 0, 0, 0, 0, 0, 0, 2, 0, 0, 0, 0, 0, 0, 0, 2, 2, 2, 3, 2, 0, 1, 1, 4, 2, 5, 1, 6, 2, 4, 2, 4, 832, 0, 1, 0, 0, 0, 0]",2,0.40000000000209923,-1,0
3950,"[0, 6, 0, 2, 0, 7, 0, 2, 0, 1, 0, 2, 0, 0, 0, 0, 0, 1, 0, 0, 2, 0, 0, 0, 0, 0, 0, 0, 0, 0, 0, 0, 1, 1, 2, 2, 0, 0, 2, 0, 0, 1, 1, 0, 2, 2, 0, 1, 0, 0, 0, 0, 0, 0, 0, 2, 0, 0, 0, 0, 0, 0, 0, 2, 2, 2, 3, 2, 0, 1, 1, 4, 2, 5, 1, 6, 2, 4, 2, 4, 832, 0, 0, 0, 0, 0, 0]",-1,-1.217979321128094e-05,-1,0
3951,"[0, 6, 0, 2, 0, 7, 0, 2, 0, 1, 0, 2, 0, 0, 0, 0, 0, 1, 0, 0, 2, 0, 0, 0, 0, 0, 0, 0, 0, 0, 0, 0, 1, 1, 2, 2, 0, 0, 2, 0, 0, 1, 1, 0, 2, 2, 0, 1, 0, 0, 0, 0, 0, 0, 0, 2, 0, 0, 0, 0, 0, 0, 0, 2, 2, 2, 3, 2, 0, 1, 1, 4, 2, 5, 1, 6, 2, 4, 2, 4, 832, 0, 1, 0, 0, 0, 0]",2,0.40000000000209923,-1,0
3952,"[0, 6, 0, 2, 0, 7, 0, 2, 0, 1, 0, 2, 0, 0, 0, 0, 0, 1, 0, 0, 2, 0, 0, 0, 0, 0, 0, 0, 0, 0, 0, 0, 1, 1, 2, 2, 0, 0, 2, 0, 0, 1, 1, 0, 2, 2, 0, 1, 0, 0, 0, 0, 0, 0, 0, 2, 0, 0, 0, 0, 0, 0, 0, 2, 2, 2, 3, 2, 0, 1, 1, 4, 2, 5, 1, 6, 2, 4, 2, 4, 832, 0, 0, 0, 0, 0, 0]",-1,-1.217979321128094e-05,-1,0
3953,"[0, 6, 0, 2, 0, 7, 0, 2, 0, 1, 0, 2, 0, 0, 0, 0, 0, 1, 0, 0, 2, 0, 0, 0, 0, 0, 0, 0, 0, 0, 0, 0, 1, 1, 2, 2, 0, 0, 2, 0, 0, 1, 1, 0, 2, 2, 0, 1, 0, 0, 0, 0, 0, 0, 0, 2, 0, 0, 0, 0, 0, 0, 0, 2, 2, 2, 3, 2, 0, 1, 1, 4, 2, 5, 1, 6, 2, 4, 2, 4, 832, 1, 0, 0, 0, 0, 0]",3,0.20000000000209928,-1,0
3954,"[0, 6, 0, 2, 0, 7, 0, 2, 0, 1, 0, 2, 0, 0, 0, 0, 0, 1, 0, 0, 2, 0, 0, 0, 0, 0, 0, 0, 0, 0, 0, 0, 1, 1, 2, 2, 0, 0, 2, 0, 0, 1, 1, 0, 2, 2, 0, 1, 0, 0, 0, 0, 0, 0, 0, 2, 0, 0, 0, 0, 0, 0, 0, 2, 2, 2, 3, 2, 0, 1, 1, 4, 2, 5, 1, 6, 2, 4, 2, 4, 832, 0, 0, 0, 0, 0, 0]",-1,-1.217979321128094e-05,-1,0
3955,"[0, 6, 0, 2, 0, 7, 0, 2, 0, 1, 0, 2, 0, 0, 0, 0, 0, 1, 0, 0, 2, 0, 0, 0, 0, 0, 0, 0, 0, 0, 0, 0, 1, 1, 2, 2, 0, 0, 2, 0, 0, 1, 1, 0, 2, 2, 0, 1, 0, 0, 0, 0, 0, 0, 0, 2, 0, 0, 0, 0, 0, 0, 0, 2, 2, 2, 3, 2, 0, 1, 1, 4, 2, 5, 1, 6, 2, 4, 2, 4, 832, 1, 0, 0, 0, 0, 0]",3,0.20000000000209928,-1,0
3956,"[0, 6, 0, 2, 0, 7, 0, 2, 0, 1, 0, 2, 0, 0, 0, 0, 0, 1, 0, 0, 2, 0, 0, 0, 0, 0, 0, 0, 0, 0, 0, 0, 1, 1, 2, 2, 0, 0, 2, 0, 0, 1, 1, 0, 2, 2, 0, 1, 0, 0, 0, 0, 0, 0, 0, 2, 0, 0, 0, 0, 0, 0, 0, 2, 2, 2, 3, 2, 0, 1, 1, 4, 2, 5, 1, 6, 2, 4, 2, 4, 832, 0, 0, 0, 0, 0, 0]",-1,-1.217979321128094e-05,-1,0
3957,"[0, 6, 0, 2, 0, 7, 0, 2, 0, 1, 0, 2, 0, 0, 0, 0, 0, 1, 0, 0, 2, 0, 0, 0, 0, 0, 0, 0, 0, 0, 0, 0, 1, 1, 2, 2, 0, 0, 2, 0, 0, 1, 1, 0, 2, 2, 0, 1, 0, 0, 0, 0, 0, 0, 0, 2, 0, 0, 0, 0, 0, 0, 0, 2, 2, 2, 3, 2, 0, 1, 1, 4, 2, 5, 1, 6, 2, 4, 2, 4, 832, 0, 1, 0, 0, 0, 0]",2,0.40000000000209923,-1,0
3958,"[0, 6, 0, 2, 0, 7, 0, 2, 0, 1, 0, 2, 0, 0, 0, 0, 0, 1, 0, 0, 2, 0, 0, 0, 0, 0, 0, 0, 0, 0, 0, 0, 1, 1, 2, 2, 0, 0, 2, 0, 0, 1, 1, 0, 2, 2, 0, 1, 0, 0, 0, 0, 0, 0, 0, 2, 0, 0, 0, 0, 0, 0, 0, 2, 2, 2, 3, 2, 0, 1, 1, 4, 2, 5, 1, 6, 2, 4, 2, 4, 832, 0, 0, 0, 0, 0, 0]",-1,-1.217979321128094e-05,-1,0
3959,"[0, 6, 0, 2, 0, 7, 0, 2, 0, 1, 0, 2, 0, 0, 0, 0, 0, 1, 0, 0, 2, 0, 0, 0, 0, 0, 0, 0, 0, 0, 0, 0, 1, 1, 2, 2, 0, 0, 2, 0, 0, 1, 1, 0, 2, 2, 0, 1, 0, 0, 0, 0, 0, 0, 0, 2, 0, 0, 0, 0, 0, 0, 0, 2, 2, 2, 3, 2, 0, 1, 1, 4, 2, 5, 1, 6, 2, 4, 2, 4, 832, 1, 0, 0, 0, 0, 0]",3,0.20000000000209928,-1,0
3960,"[0, 6, 0, 2, 0, 7, 0, 2, 0, 1, 0, 2, 0, 0, 0, 0, 0, 1, 0, 0, 2, 0, 0, 0, 0, 0, 0, 0, 0, 0, 0, 0, 1, 1, 2, 2, 0, 0, 2, 0, 0, 1, 1, 0, 2, 2, 0, 1, 0, 0, 0, 0, 0, 0, 0, 2, 0, 0, 0, 0, 0, 0, 0, 2, 2, 2, 3, 2, 0, 1, 1, 4, 2, 5, 1, 6, 2, 4, 2, 4, 832, 0, 0, 0, 0, 0, 0]",-1,-1.217979321128094e-05,-1,0
3961,"[0, 3, 0, 1, 0, 3, 0, 1, 0, 1, 0, 2, 0, 0, 0, 0, 0, 1, 0, 0, 2, 0, 0, 0, 0, 0, 0, 0, 0, 0, 0, 0, 1, 1, 2, 2, 0, 0, 2, 0, 0, 1, 1, 0, 2, 2, 0, 1, 0, 0, 0, 0, 0, 0, 0, 2, 0, 0, 0, 0, 0, 0, 0, 2, 2, 2, 3, 2, 0, 1, 1, 4, 2, 5, 1, 6, 2, 4, 2, 6, 833, 0, 0, 0, 0, 0, 0]",4,12.493498916861478,-1,0
3962,"[0, 3, 0, 1, 0, 3, 0, 1, 0, 1, 0, 2, 0, 0, 0, 0, 0, 1, 0, 0, 2, 0, 0, 0, 0, 0, 0, 0, 0, 0, 0, 0, 1, 1, 2, 2, 0, 0, 2, 0, 0, 1, 1, 0, 2, 2, 0, 1, 0, 0, 0, 0, 0, 0, 0, 2, 0, 0, 0, 0, 0, 0, 0, 2, 2, 2, 3, 2, 0, 1, 1, 4, 2, 5, 1, 6, 2, 4, 2, 6, 833, 0, 1, 0, 0, 0, 0]",2,0.40000000000201696,-1,1
3963,"[0, 3, 0, 1, 0, 3, 0, 1, 0, 1, 0, 2, 0, 0, 0, 0, 0, 1, 0, 0, 2, 0, 0, 0, 0, 0, 0, 0, 0, 0, 0, 0, 1, 1, 2, 2, 0, 0, 2, 0, 0, 1, 1, 0, 2, 2, 0, 1, 0, 0, 0, 0, 0, 0, 0, 2, 0, 0, 0, 0, 0, 0, 0, 2, 2, 2, 3, 2, 0, 1, 1, 4, 2, 5, 1, 6, 2, 4, 2, 6, 833, 0, 1, 0, 0, 1, 0]","[[0 1 0 0]
 [0 0 0 1]]",0.6504248650601079,-1,1
3964,"[0, 3, 0, 1, 0, 3, 0, 1, 0, 1, 0, 2, 0, 0, 0, 0, 0, 1, 0, 0, 2, 0, 0, 0, 0, 0, 0, 0, 0, 0, 0, 0, 1, 1, 2, 2, 0, 0, 2, 0, 0, 1, 1, 0, 2, 2, 0, 1, 0, 0, 0, 0, 0, 0, 0, 2, 0, 0, 0, 0, 0, 0, 0, 2, 2, 2, 3, 2, 0, 1, 1, 4, 2, 5, 1, 6, 2, 4, 2, 6, 833, 0, 0, 0, 0, 0, 0]",1,-0.19999999999798304,-1,0
3965,"[0, 3, 0, 1, 0, 3, 0, 1, 0, 1, 0, 2, 0, 0, 0, 0, 0, 1, 0, 0, 2, 0, 0, 0, 0, 0, 0, 0, 0, 0, 0, 0, 1, 1, 2, 2, 0, 0, 2, 0, 0, 1, 1, 0, 2, 2, 0, 1, 0, 0, 0, 0, 0, 0, 0, 2, 0, 0, 0, 0, 0, 0, 0, 2, 2, 2, 3, 2, 0, 1, 1, 4, 2, 5, 1, 6, 2, 4, 2, 6, 834, 0, 0, 0, 0, 0, 0]",4,13.893498674479465,-1,1
3966,"[0, 3, 0, 1, 1, 3, 0, 1, 0, 1, 0, 2, 0, 0, 0, 0, 0, 1, 0, 0, 2, 0, 0, 0, 0, 0, 0, 0, 0, 0, 0, 0, 1, 1, 2, 2, 0, 0, 2, 0, 0, 1, 1, 0, 2, 2, 0, 1, 0, 0, 0, 0, 0, 0, 0, 2, 0, 0, 0, 0, 0, 0, 0, 2, 2, 2, 3, 2, 0, 1, 1, 4, 2, 5, 1, 6, 2, 4, 2, 6, 835, 0, 0, 0, 0, 0, 0]",4,12.493498434509194,-1,0
3967,"[0, 1, 0, 1, 1, 1, 0, 1, 0, 1, 0, 2, 0, 0, 0, 0, 0, 1, 0, 0, 2, 0, 0, 0, 0, 0, 0, 0, 0, 0, 0, 0, 1, 1, 2, 2, 0, 0, 2, 0, 0, 1, 1, 0, 2, 2, 0, 1, 0, 0, 0, 0, 0, 0, 0, 2, 0, 0, 0, 0, 0, 0, 0, 2, 2, 2, 3, 2, 0, 1, 1, 4, 2, 5, 1, 6, 2, 4, 2, 6, 836, 0, 0, 0, 0, 0, 0]",4,14.533416923663758,-1,1
3968,"[0, 1, 0, 1, 1, 1, 0, 1, 0, 1, 0, 2, 0, 0, 0, 0, 0, 1, 0, 0, 2, 0, 0, 0, 0, 0, 0, 0, 0, 0, 0, 0, 1, 1, 2, 2, 0, 0, 2, 0, 0, 1, 1, 0, 2, 2, 0, 1, 0, 0, 0, 0, 0, 0, 0, 2, 0, 0, 0, 0, 0, 0, 0, 2, 2, 2, 3, 2, 0, 1, 1, 4, 2, 5, 1, 6, 2, 4, 2, 6, 836, 0, 0, 0, 0, 0, 0]",0,0.2949747468323721,-1,0
3969,"[0, 1, 0, 1, 1, 1, 0, 1, 0, 1, 0, 2, 0, 0, 0, 0, 0, 1, 0, 0, 2, 0, 0, 0, 0, 0, 0, 0, 0, 0, 0, 0, 1, 1, 2, 2, 0, 0, 2, 0, 0, 1, 1, 0, 2, 2, 0, 1, 0, 0, 0, 0, 0, 0, 0, 2, 0, 0, 0, 0, 0, 0, 0, 2, 2, 2, 3, 2, 0, 1, 1, 4, 2, 5, 1, 6, 2, 4, 2, 6, 836, 0, 0, 0, 0, 0, 0]",-1,-1.1702216688457898e-05,-1,0
3970,"[0, 2, 0, 1, 1, 2, 0, 1, 0, 1, 0, 2, 0, 0, 0, 0, 0, 1, 0, 0, 2, 0, 0, 0, 0, 0, 0, 0, 0, 0, 0, 0, 1, 1, 2, 2, 0, 0, 2, 0, 0, 1, 1, 0, 2, 2, 0, 1, 0, 0, 0, 0, 0, 0, 0, 2, 0, 0, 0, 0, 0, 0, 0, 2, 2, 2, 3, 2, 0, 1, 1, 4, 2, 5, 1, 6, 2, 4, 2, 6, 837, 0, 0, 0, 0, 0, 0]",4,14.373791967808938,-1,1
3971,"[0, 2, 0, 1, 1, 2, 0, 1, 0, 1, 0, 2, 0, 0, 0, 0, 0, 1, 0, 0, 2, 0, 0, 0, 0, 0, 0, 0, 0, 0, 0, 0, 1, 1, 2, 2, 0, 0, 2, 0, 0, 1, 1, 0, 2, 2, 0, 1, 0, 0, 0, 0, 0, 0, 0, 2, 0, 0, 0, 0, 0, 0, 0, 2, 2, 2, 3, 2, 0, 1, 1, 4, 2, 5, 1, 6, 2, 4, 2, 6, 838, 0, 0, 0, 0, 0, 0]",4,12.655691813377008,-1,0
3972,"[0, 2, 0, 1, 1, 2, 0, 1, 0, 1, 0, 2, 0, 0, 0, 0, 0, 1, 0, 0, 2, 0, 0, 0, 0, 0, 0, 0, 0, 0, 0, 0, 1, 1, 2, 2, 0, 0, 2, 0, 0, 1, 1, 0, 2, 2, 0, 1, 0, 0, 0, 0, 0, 0, 0, 2, 0, 0, 0, 0, 0, 0, 0, 2, 2, 2, 3, 2, 0, 1, 1, 4, 2, 5, 1, 6, 2, 4, 2, 6, 838, 0, 1, 0, 0, 0, 0]",2,0.4000000000016513,-1,1
3973,"[0, 2, 0, 1, 1, 2, 0, 1, 0, 1, 0, 2, 0, 0, 0, 0, 0, 1, 0, 0, 2, 0, 0, 0, 0, 0, 0, 0, 0, 0, 0, 0, 1, 1, 2, 2, 0, 0, 2, 0, 0, 1, 1, 0, 2, 2, 0, 1, 0, 0, 0, 0, 0, 0, 0, 2, 0, 0, 0, 0, 0, 0, 0, 2, 2, 2, 3, 2, 0, 1, 1, 4, 2, 5, 1, 6, 2, 4, 2, 6, 838, 0, 1, 0, 0, 1, 0]","[[1 0 0 0]
 [0 1 0 0]]",0.6504248650597422,-1,1
3974,"[1, 1, 0, 1, 0, 3, 0, 1, 0, 1, 0, 2, 0, 0, 0, 0, 0, 1, 0, 0, 2, 0, 0, 0, 0, 0, 0, 0, 0, 0, 0, 0, 1, 1, 2, 2, 0, 0, 2, 0, 0, 1, 1, 0, 2, 2, 0, 1, 0, 0, 0, 0, 0, 0, 0, 2, 0, 0, 0, 0, 0, 0, 0, 2, 2, 2, 3, 2, 0, 1, 1, 4, 2, 5, 1, 6, 2, 4, 2, 6, 838, 0, 0, 0, 0, 0, 0]",0,-0.19999999999834867,-1,0
3975,"[1, 1, 0, 1, 0, 1, 0, 1, 0, 1, 0, 2, 0, 0, 0, 0, 0, 1, 0, 0, 2, 0, 0, 0, 0, 0, 0, 0, 0, 0, 0, 0, 1, 1, 2, 2, 0, 0, 2, 0, 0, 1, 1, 0, 2, 2, 0, 1, 0, 0, 0, 0, 0, 0, 0, 2, 0, 0, 0, 0, 0, 0, 0, 2, 2, 2, 3, 2, 0, 1, 1, 4, 2, 5, 1, 6, 2, 4, 2, 5, 839, 0, 0, 0, 0, 0, 0]",4,14.25948611228991,-1,1
3976,"[1, 1, 0, 1, 0, 1, 0, 1, 0, 1, 0, 2, 0, 0, 0, 0, 0, 1, 0, 0, 2, 0, 0, 0, 0, 0, 0, 0, 0, 0, 0, 0, 1, 1, 2, 2, 0, 0, 2, 0, 0, 1, 1, 0, 2, 2, 0, 1, 0, 0, 0, 0, 0, 0, 0, 2, 0, 0, 0, 0, 0, 0, 0, 2, 2, 2, 3, 2, 0, 1, 1, 4, 2, 5, 1, 6, 2, 4, 2, 5, 839, 0, 0, 0, 0, 0, 0]",0,0.29497474683216984,-1,0
3977,"[1, 1, 0, 1, 0, 1, 0, 1, 0, 1, 0, 2, 0, 0, 0, 0, 0, 1, 0, 0, 2, 0, 0, 0, 0, 0, 0, 0, 0, 0, 0, 0, 1, 1, 2, 2, 0, 0, 2, 0, 0, 1, 1, 0, 2, 2, 0, 1, 0, 0, 0, 0, 0, 0, 0, 2, 0, 0, 0, 0, 0, 0, 0, 2, 2, 2, 3, 2, 0, 1, 1, 4, 2, 5, 1, 6, 2, 4, 2, 5, 839, 0, 0, 0, 0, 0, 0]",-1,-1.1356363917930768e-05,-1,0
3978,"[1, 1, 0, 2, 0, 1, 0, 2, 0, 1, 0, 2, 0, 0, 0, 0, 0, 1, 0, 0, 2, 0, 0, 0, 0, 0, 0, 0, 0, 0, 0, 0, 1, 1, 2, 2, 0, 0, 2, 0, 0, 1, 1, 0, 2, 2, 0, 1, 0, 0, 0, 0, 0, 0, 0, 2, 0, 0, 0, 0, 0, 0, 0, 2, 2, 2, 3, 2, 0, 1, 1, 4, 2, 5, 1, 6, 2, 4, 2, 5, 840, 0, 0, 0, 0, 0, 0]",4,14.055691354549344,-1,1
3979,"[1, 1, 0, 2, 0, 1, 0, 2, 0, 1, 0, 2, 0, 0, 0, 0, 0, 1, 0, 0, 2, 0, 0, 0, 0, 0, 0, 0, 0, 0, 0, 0, 1, 1, 2, 2, 0, 0, 2, 0, 0, 1, 1, 0, 2, 2, 0, 1, 0, 0, 0, 0, 0, 0, 0, 2, 0, 0, 0, 0, 0, 0, 0, 2, 2, 2, 3, 2, 0, 1, 1, 4, 2, 5, 1, 6, 2, 4, 2, 5, 840, 0, 0, 0, 0, 0, 0]",0,0.29497474683210767,-1,0
3980,"[1, 1, 0, 2, 0, 1, 0, 2, 0, 1, 0, 2, 0, 0, 0, 0, 0, 1, 0, 0, 2, 0, 0, 0, 0, 0, 0, 0, 0, 0, 0, 0, 1, 1, 2, 2, 0, 0, 2, 0, 0, 1, 1, 0, 2, 2, 0, 1, 0, 0, 0, 0, 0, 0, 0, 2, 0, 0, 0, 0, 0, 0, 0, 2, 2, 2, 3, 2, 0, 1, 1, 4, 2, 5, 1, 6, 2, 4, 2, 5, 840, 0, 0, 0, 0, 0, 0]",-1,-1.124336620894241e-05,-1,0
3981,"[1, 1, 0, 2, 0, 1, 0, 2, 0, 1, 0, 2, 0, 0, 0, 0, 0, 1, 0, 0, 2, 0, 0, 0, 0, 0, 0, 0, 0, 0, 0, 0, 1, 1, 2, 2, 0, 0, 2, 0, 0, 1, 1, 0, 2, 2, 0, 1, 0, 0, 0, 0, 0, 0, 0, 2, 0, 0, 0, 0, 0, 0, 0, 2, 2, 2, 3, 2, 0, 1, 1, 4, 2, 5, 1, 6, 2, 4, 2, 5, 840, 0, 0, 0, 0, 0, 0]",0,0.29497474683210767,-1,0
3982,"[1, 1, 0, 2, 0, 1, 0, 2, 0, 1, 0, 2, 0, 0, 0, 0, 0, 1, 0, 0, 2, 0, 0, 0, 0, 0, 0, 0, 0, 0, 0, 0, 1, 1, 2, 2, 0, 0, 2, 0, 0, 1, 1, 0, 2, 2, 0, 1, 0, 0, 0, 0, 0, 0, 0, 2, 0, 0, 0, 0, 0, 0, 0, 2, 2, 2, 3, 2, 0, 1, 1, 4, 2, 5, 1, 6, 2, 4, 2, 5, 840, 0, 0, 0, 0, 0, 0]",-1,-1.124336620894241e-05,-1,0
3983,"[1, 1, 0, 2, 0, 1, 0, 2, 0, 1, 0, 2, 0, 0, 0, 0, 0, 1, 0, 0, 2, 0, 0, 0, 0, 0, 0, 0, 0, 0, 0, 0, 1, 1, 2, 2, 0, 0, 2, 0, 0, 1, 1, 0, 2, 2, 0, 1, 0, 0, 0, 0, 0, 0, 0, 2, 0, 0, 0, 0, 0, 0, 0, 2, 2, 2, 3, 2, 0, 1, 1, 4, 2, 5, 1, 6, 2, 4, 2, 5, 840, 0, 0, 0, 0, 0, 0]",0,0.29497474683210767,-1,0
3984,"[1, 1, 0, 2, 0, 1, 0, 2, 0, 1, 0, 2, 0, 0, 0, 0, 0, 1, 0, 0, 2, 0, 0, 0, 0, 0, 0, 0, 0, 0, 0, 0, 1, 1, 2, 2, 0, 0, 2, 0, 0, 1, 1, 0, 2, 2, 0, 1, 0, 0, 0, 0, 0, 0, 0, 2, 0, 0, 0, 0, 0, 0, 0, 2, 2, 2, 3, 2, 0, 1, 1, 4, 2, 5, 1, 6, 2, 4, 2, 5, 840, 0, 0, 0, 0, 0, 0]",-1,-1.124336620894241e-05,-1,0
3985,"[1, 1, 0, 2, 0, 1, 0, 2, 0, 1, 0, 2, 0, 0, 0, 0, 0, 1, 0, 0, 2, 0, 0, 0, 0, 0, 0, 0, 0, 0, 0, 0, 1, 1, 2, 2, 0, 0, 2, 0, 0, 1, 1, 0, 2, 2, 0, 1, 0, 0, 0, 0, 0, 0, 0, 2, 0, 0, 0, 0, 0, 0, 0, 2, 2, 2, 3, 2, 0, 1, 1, 4, 2, 5, 1, 6, 2, 4, 2, 5, 840, 0, 0, 0, 0, 0, 0]",0,0.29497474683210767,-1,0
3986,"[1, 1, 0, 2, 0, 1, 0, 2, 0, 1, 0, 2, 0, 0, 0, 0, 0, 1, 0, 0, 2, 0, 0, 0, 0, 0, 0, 0, 0, 0, 0, 0, 1, 1, 2, 2, 0, 0, 2, 0, 0, 1, 1, 0, 2, 2, 0, 1, 0, 0, 0, 0, 0, 0, 0, 2, 0, 0, 0, 0, 0, 0, 0, 2, 2, 2, 3, 2, 0, 1, 1, 4, 2, 5, 1, 6, 2, 4, 2, 5, 840, 0, 0, 0, 0, 0, 0]",-1,-1.124336620894241e-05,-1,0
3987,"[1, 1, 0, 2, 0, 1, 0, 2, 0, 1, 0, 2, 0, 0, 0, 0, 0, 1, 0, 0, 2, 0, 0, 0, 0, 0, 0, 0, 0, 0, 0, 0, 1, 1, 2, 2, 0, 0, 2, 0, 0, 1, 1, 0, 2, 2, 0, 1, 0, 0, 0, 0, 0, 0, 0, 2, 0, 0, 0, 0, 0, 0, 0, 2, 2, 2, 3, 2, 0, 1, 1, 4, 2, 5, 1, 6, 2, 4, 2, 5, 840, 0, 0, 0, 0, 0, 0]",1,0.6096241151011411,-1,0
3988,"[1, 1, 0, 2, 0, 1, 0, 2, 0, 1, 0, 2, 0, 0, 0, 0, 0, 1, 0, 0, 2, 0, 0, 0, 0, 0, 0, 0, 0, 0, 0, 0, 1, 1, 2, 2, 0, 0, 2, 0, 0, 1, 1, 0, 2, 2, 0, 1, 0, 0, 0, 0, 0, 0, 0, 2, 0, 0, 0, 0, 0, 0, 0, 2, 2, 2, 3, 2, 0, 1, 1, 4, 2, 5, 1, 6, 2, 4, 2, 5, 840, 0, 0, 0, 0, 0, 0]",-1,-1.124336620894241e-05,-1,0
3989,"[1, 1, 0, 2, 0, 1, 0, 2, 0, 1, 0, 2, 0, 0, 0, 0, 0, 1, 0, 0, 2, 0, 0, 0, 0, 0, 0, 0, 0, 0, 0, 0, 1, 1, 2, 2, 0, 0, 2, 0, 0, 1, 1, 0, 2, 2, 0, 1, 0, 0, 0, 0, 0, 0, 0, 2, 0, 0, 0, 0, 0, 0, 0, 2, 2, 2, 3, 2, 0, 1, 1, 4, 2, 5, 1, 6, 2, 4, 2, 5, 840, 0, 0, 0, 0, 0, 0]",1,0.6096241151011411,-1,0
3990,"[1, 1, 0, 2, 0, 1, 0, 2, 0, 1, 0, 2, 0, 0, 0, 0, 0, 1, 0, 0, 2, 0, 0, 0, 0, 0, 0, 0, 0, 0, 0, 0, 1, 1, 2, 2, 0, 0, 2, 0, 0, 1, 1, 0, 2, 2, 0, 1, 0, 0, 0, 0, 0, 0, 0, 2, 0, 0, 0, 0, 0, 0, 0, 2, 2, 2, 3, 2, 0, 1, 1, 4, 2, 5, 1, 6, 2, 4, 2, 5, 840, 0, 0, 0, 0, 0, 0]",-1,-1.124336620894241e-05,-1,0
3991,"[1, 1, 0, 2, 0, 1, 0, 2, 0, 1, 0, 2, 0, 0, 0, 0, 0, 1, 0, 0, 2, 0, 0, 0, 0, 0, 0, 0, 0, 0, 0, 0, 1, 1, 2, 2, 0, 0, 2, 0, 0, 1, 1, 0, 2, 2, 0, 1, 0, 0, 0, 0, 0, 0, 0, 2, 0, 0, 0, 0, 0, 0, 0, 2, 2, 2, 3, 2, 0, 1, 1, 4, 2, 5, 1, 6, 2, 4, 2, 5, 840, 0, 0, 0, 0, 0, 0]",1,0.6096241151011411,-1,0
3992,"[1, 1, 0, 2, 0, 1, 0, 2, 0, 1, 0, 2, 0, 0, 0, 0, 0, 1, 0, 0, 2, 0, 0, 0, 0, 0, 0, 0, 0, 0, 0, 0, 1, 1, 2, 2, 0, 0, 2, 0, 0, 1, 1, 0, 2, 2, 0, 1, 0, 0, 0, 0, 0, 0, 0, 2, 0, 0, 0, 0, 0, 0, 0, 2, 2, 2, 3, 2, 0, 1, 1, 4, 2, 5, 1, 6, 2, 4, 2, 5, 840, 0, 0, 0, 0, 0, 0]",-1,-1.124336620894241e-05,-1,0
3993,"[1, 1, 0, 2, 0, 1, 0, 2, 0, 1, 0, 2, 0, 0, 0, 0, 0, 1, 0, 0, 2, 0, 0, 0, 0, 0, 0, 0, 0, 0, 0, 0, 1, 1, 2, 2, 0, 0, 2, 0, 0, 1, 1, 0, 2, 2, 0, 1, 0, 0, 0, 0, 0, 0, 0, 2, 0, 0, 0, 0, 0, 0, 0, 2, 2, 2, 3, 2, 0, 1, 1, 4, 2, 5, 1, 6, 2, 4, 2, 5, 840, 0, 1, 0, 0, 0, 0]",2,0.40000000000152436,-1,0
3994,"[1, 1, 0, 2, 0, 1, 0, 2, 0, 1, 0, 2, 0, 0, 0, 0, 0, 1, 0, 0, 2, 0, 0, 0, 0, 0, 0, 0, 0, 0, 0, 0, 1, 1, 2, 2, 0, 0, 2, 0, 0, 1, 1, 0, 2, 2, 0, 1, 0, 0, 0, 0, 0, 0, 0, 2, 0, 0, 0, 0, 0, 0, 0, 2, 2, 2, 3, 2, 0, 1, 1, 4, 2, 5, 1, 6, 2, 4, 2, 5, 840, 0, 0, 0, 0, 0, 0]",-1,-1.124336620894241e-05,-1,0
3995,"[1, 1, 0, 2, 0, 1, 0, 2, 0, 1, 0, 2, 0, 0, 0, 0, 0, 1, 0, 0, 2, 0, 0, 0, 0, 0, 0, 0, 0, 0, 0, 0, 1, 1, 2, 2, 0, 0, 2, 0, 0, 1, 1, 0, 2, 2, 0, 1, 0, 0, 0, 0, 0, 0, 0, 2, 0, 0, 0, 0, 0, 0, 0, 2, 2, 2, 3, 2, 0, 1, 1, 4, 2, 5, 1, 6, 2, 4, 2, 5, 840, 0, 1, 0, 0, 0, 0]",2,0.40000000000152436,-1,0
3996,"[1, 1, 0, 2, 0, 1, 0, 2, 0, 1, 0, 2, 0, 0, 0, 0, 0, 1, 0, 0, 2, 0, 0, 0, 0, 0, 0, 0, 0, 0, 0, 0, 1, 1, 2, 2, 0, 0, 2, 0, 0, 1, 1, 0, 2, 2, 0, 1, 0, 0, 0, 0, 0, 0, 0, 2, 0, 0, 0, 0, 0, 0, 0, 2, 2, 2, 3, 2, 0, 1, 1, 4, 2, 5, 1, 6, 2, 4, 2, 5, 840, 0, 0, 0, 0, 0, 0]",-1,-1.124336620894241e-05,-1,0
3997,"[1, 1, 0, 2, 0, 1, 0, 2, 0, 1, 0, 2, 0, 0, 0, 0, 0, 1, 0, 0, 2, 0, 0, 0, 0, 0, 0, 0, 0, 0, 0, 0, 1, 1, 2, 2, 0, 0, 2, 0, 0, 1, 1, 0, 2, 2, 0, 1, 0, 0, 0, 0, 0, 0, 0, 2, 0, 0, 0, 0, 0, 0, 0, 2, 2, 2, 3, 2, 0, 1, 1, 4, 2, 5, 1, 6, 2, 4, 2, 5, 840, 1, 0, 0, 0, 0, 0]",3,0.2000000000015244,-1,0
3998,"[1, 1, 0, 2, 0, 1, 0, 2, 0, 1, 0, 2, 0, 0, 0, 0, 0, 1, 0, 0, 2, 0, 0, 0, 0, 0, 0, 0, 0, 0, 0, 0, 1, 1, 2, 2, 0, 0, 2, 0, 0, 1, 1, 0, 2, 2, 0, 1, 0, 0, 0, 0, 0, 0, 0, 2, 0, 0, 0, 0, 0, 0, 0, 2, 2, 2, 3, 2, 0, 1, 1, 4, 2, 5, 1, 6, 2, 4, 2, 5, 840, 0, 0, 0, 0, 0, 0]",-1,-1.124336620894241e-05,-1,0
3999,"[1, 1, 0, 2, 0, 1, 0, 2, 0, 1, 0, 2, 0, 0, 0, 0, 0, 1, 0, 0, 2, 0, 0, 0, 0, 0, 0, 0, 0, 0, 0, 0, 1, 1, 2, 2, 0, 0, 2, 0, 0, 1, 1, 0, 2, 2, 0, 1, 0, 0, 0, 0, 0, 0, 0, 2, 0, 0, 0, 0, 0, 0, 0, 2, 2, 2, 3, 2, 0, 1, 1, 4, 2, 5, 1, 6, 2, 4, 2, 5, 840, 0, 1, 0, 0, 0, 0]",2,0.40000000000152436,-1,0
4000,"[1, 1, 0, 2, 0, 1, 0, 2, 0, 1, 0, 2, 0, 0, 0, 0, 0, 1, 0, 0, 2, 0, 0, 0, 0, 0, 0, 0, 0, 0, 0, 0, 1, 1, 2, 2, 0, 0, 2, 0, 0, 1, 1, 0, 2, 2, 0, 1, 0, 0, 0, 0, 0, 0, 0, 2, 0, 0, 0, 0, 0, 0, 0, 2, 2, 2, 3, 2, 0, 1, 1, 4, 2, 5, 1, 6, 2, 4, 2, 5, 840, 0, 0, 0, 0, 0, 0]",-1,-1.124336620894241e-05,-1,0
4001,"[1, 1, 0, 2, 0, 1, 0, 2, 0, 1, 0, 2, 0, 0, 0, 0, 0, 1, 0, 0, 2, 0, 0, 0, 0, 0, 0, 0, 0, 0, 0, 0, 1, 1, 2, 2, 0, 0, 2, 0, 0, 1, 1, 0, 2, 2, 0, 1, 0, 0, 0, 0, 0, 0, 0, 2, 0, 0, 0, 0, 0, 0, 0, 2, 2, 2, 3, 2, 0, 1, 1, 4, 2, 5, 1, 6, 2, 4, 2, 5, 840, 0, 1, 0, 0, 0, 0]",2,0.40000000000152436,-1,0
4002,"[1, 1, 0, 2, 0, 1, 0, 2, 0, 1, 0, 2, 0, 0, 0, 0, 0, 1, 0, 0, 2, 0, 0, 0, 0, 0, 0, 0, 0, 0, 0, 0, 1, 1, 2, 2, 0, 0, 2, 0, 0, 1, 1, 0, 2, 2, 0, 1, 0, 0, 0, 0, 0, 0, 0, 2, 0, 0, 0, 0, 0, 0, 0, 2, 2, 2, 3, 2, 0, 1, 1, 4, 2, 5, 1, 6, 2, 4, 2, 5, 840, 0, 0, 0, 0, 0, 0]",-1,-1.124336620894241e-05,-1,0
4003,"[1, 1, 0, 3, 0, 1, 0, 3, 0, 1, 0, 2, 0, 0, 0, 0, 0, 1, 0, 0, 2, 0, 0, 0, 0, 0, 0, 0, 0, 0, 0, 0, 1, 1, 2, 2, 0, 0, 2, 0, 0, 1, 1, 0, 2, 2, 0, 1, 0, 0, 0, 0, 0, 0, 0, 2, 0, 0, 0, 0, 0, 0, 0, 2, 2, 2, 3, 2, 0, 1, 1, 4, 2, 5, 1, 6, 2, 4, 2, 5, 841, 0, 0, 0, 0, 0, 0]",4,12.712977953049313,-1,0
4004,"[1, 2, 0, 3, 0, 2, 0, 3, 0, 1, 0, 2, 0, 0, 0, 0, 0, 1, 0, 0, 2, 0, 0, 0, 0, 0, 0, 0, 0, 0, 0, 0, 1, 1, 2, 2, 0, 0, 2, 0, 0, 1, 1, 0, 2, 2, 0, 1, 0, 0, 0, 0, 0, 0, 0, 2, 0, 0, 0, 0, 0, 0, 0, 2, 2, 2, 3, 2, 0, 1, 1, 4, 2, 5, 1, 6, 2, 4, 2, 5, 842, 0, 0, 0, 0, 0, 0]",4,13.930940220386763,-1,1
4005,"[1, 3, 0, 3, 0, 3, 0, 3, 0, 1, 0, 2, 0, 0, 0, 0, 0, 1, 0, 0, 2, 0, 0, 0, 0, 0, 0, 0, 0, 0, 0, 0, 1, 1, 2, 2, 0, 0, 2, 0, 0, 1, 1, 0, 2, 2, 0, 1, 0, 0, 0, 0, 0, 0, 0, 2, 0, 0, 0, 0, 0, 0, 0, 2, 2, 2, 3, 2, 0, 1, 1, 4, 2, 5, 1, 6, 2, 4, 2, 5, 843, 0, 0, 0, 0, 0, 0]",4,12.686980612160792,-1,0
4006,"[1, 3, 0, 3, 0, 3, 0, 3, 0, 1, 0, 2, 0, 0, 0, 0, 0, 1, 0, 0, 2, 0, 0, 0, 0, 0, 0, 0, 0, 0, 0, 0, 1, 1, 2, 2, 0, 0, 2, 0, 0, 1, 1, 0, 2, 2, 0, 1, 0, 0, 0, 0, 0, 0, 0, 2, 0, 0, 0, 0, 0, 0, 0, 2, 2, 2, 3, 2, 0, 1, 1, 4, 2, 5, 1, 6, 2, 4, 2, 5, 843, 0, 1, 0, 0, 0, 0]",2,0.40000000000135194,-1,1
4007,"[1, 3, 0, 3, 0, 3, 0, 3, 0, 1, 0, 2, 0, 0, 0, 0, 0, 1, 0, 0, 2, 0, 0, 0, 0, 0, 0, 0, 0, 0, 0, 0, 1, 1, 2, 2, 0, 0, 2, 0, 0, 1, 1, 0, 2, 2, 0, 1, 0, 0, 0, 0, 0, 0, 0, 2, 0, 0, 0, 0, 0, 0, 0, 2, 2, 2, 3, 2, 0, 1, 1, 4, 2, 5, 1, 6, 2, 4, 2, 5, 843, 0, 1, 0, 0, 1, 0]","[[0 1 0 0]
 [1 0 0 0]]",0.6504248650594429,-1,1
4008,"[1, 3, 0, 3, 0, 3, 0, 3, 0, 1, 0, 2, 0, 0, 0, 0, 0, 1, 0, 0, 2, 0, 0, 0, 0, 0, 0, 0, 0, 0, 0, 0, 1, 1, 2, 2, 0, 0, 2, 0, 0, 1, 1, 0, 2, 2, 0, 1, 0, 0, 0, 0, 0, 0, 0, 2, 0, 0, 0, 0, 0, 0, 0, 2, 2, 2, 3, 2, 0, 1, 1, 4, 2, 5, 1, 6, 2, 4, 2, 5, 843, 0, 0, 0, 0, 0, 0]",1,-0.19999999999864804,-1,0
4009,"[1, 3, 0, 3, 0, 3, 0, 3, 0, 1, 0, 2, 0, 0, 0, 0, 0, 1, 0, 0, 2, 0, 0, 0, 0, 0, 0, 0, 0, 0, 0, 0, 1, 1, 2, 2, 0, 0, 2, 0, 0, 1, 1, 0, 2, 2, 0, 1, 0, 0, 0, 0, 0, 0, 0, 2, 0, 0, 0, 0, 0, 0, 0, 2, 2, 2, 3, 2, 0, 1, 1, 4, 2, 5, 1, 6, 2, 4, 2, 5, 844, 0, 0, 0, 0, 0, 0]",4,13.910096184781867,-1,1
4010,"[1, 3, 0, 3, 0, 3, 0, 3, 0, 1, 0, 2, 0, 0, 0, 0, 0, 1, 0, 0, 2, 0, 0, 0, 0, 0, 0, 0, 0, 0, 0, 0, 1, 1, 2, 2, 0, 0, 2, 0, 0, 1, 1, 0, 2, 2, 0, 1, 0, 0, 0, 0, 0, 0, 0, 2, 0, 0, 0, 0, 0, 0, 0, 2, 2, 2, 3, 2, 0, 1, 1, 4, 2, 5, 1, 6, 2, 4, 2, 5, 844, 0, 1, 0, 0, 0, 0]",2,0.400000000001299,-1,0
4011,"[1, 3, 0, 3, 0, 3, 0, 3, 0, 1, 0, 2, 0, 0, 0, 0, 0, 1, 0, 0, 2, 0, 0, 0, 0, 0, 0, 0, 0, 0, 0, 0, 1, 1, 2, 2, 0, 0, 2, 0, 0, 1, 1, 0, 2, 2, 0, 1, 0, 0, 0, 0, 0, 0, 0, 2, 0, 0, 0, 0, 0, 0, 0, 2, 2, 2, 3, 2, 0, 1, 1, 4, 2, 5, 1, 6, 2, 4, 2, 5, 844, 0, 0, 0, 0, 0, 0]",-1,-1.080250751407397e-05,-1,0
4012,"[1, 4, 0, 3, 0, 4, 0, 3, 0, 1, 0, 2, 0, 0, 0, 0, 0, 1, 0, 0, 2, 0, 0, 0, 0, 0, 0, 0, 0, 0, 0, 0, 1, 1, 2, 2, 0, 0, 2, 0, 0, 1, 1, 0, 2, 2, 0, 1, 0, 0, 0, 0, 0, 0, 0, 2, 0, 0, 0, 0, 0, 0, 0, 2, 2, 2, 3, 2, 0, 1, 1, 4, 2, 5, 1, 6, 2, 4, 2, 5, 845, 0, 0, 0, 0, 0, 0]",4,12.62084201619518,-1,0
4013,"[1, 2, 0, 1, 0, 2, 0, 1, 0, 1, 0, 2, 0, 0, 0, 0, 0, 1, 0, 0, 2, 0, 0, 0, 0, 0, 0, 0, 0, 0, 0, 0, 1, 1, 2, 2, 0, 0, 2, 0, 0, 1, 1, 0, 2, 2, 0, 1, 0, 0, 0, 0, 0, 0, 0, 2, 0, 0, 0, 0, 0, 0, 0, 2, 2, 2, 3, 2, 0, 1, 1, 4, 2, 5, 1, 6, 2, 4, 2, 5, 846, 0, 0, 0, 0, 0, 0]",4,14.05569003186272,-1,1
4014,"[1, 2, 0, 1, 0, 2, 0, 1, 0, 1, 0, 2, 0, 0, 0, 0, 0, 1, 0, 0, 2, 0, 0, 0, 0, 0, 0, 0, 0, 0, 0, 0, 1, 1, 2, 2, 0, 0, 2, 0, 0, 1, 1, 0, 2, 2, 0, 1, 0, 0, 0, 0, 0, 0, 0, 2, 0, 0, 0, 0, 0, 0, 0, 2, 2, 2, 3, 2, 0, 1, 1, 4, 2, 5, 1, 6, 2, 4, 2, 5, 846, 1, 0, 0, 0, 0, 0]",3,0.20000000000119914,-1,0
4015,"[1, 2, 0, 1, 0, 2, 0, 1, 0, 1, 0, 2, 0, 0, 0, 0, 0, 1, 0, 0, 2, 0, 0, 0, 0, 0, 0, 0, 0, 0, 0, 0, 1, 1, 2, 2, 0, 0, 2, 0, 0, 1, 1, 0, 2, 2, 0, 1, 0, 0, 0, 0, 0, 0, 0, 2, 0, 0, 0, 0, 0, 0, 0, 2, 2, 2, 3, 2, 0, 1, 1, 4, 2, 5, 1, 6, 2, 4, 2, 5, 846, 0, 0, 0, 0, 0, 0]",-1,-1.0588603533681547e-05,-1,0
4016,"[1, 2, 0, 1, 0, 2, 0, 1, 0, 1, 0, 2, 0, 0, 0, 0, 0, 1, 0, 0, 2, 0, 0, 0, 0, 0, 0, 0, 0, 0, 0, 0, 1, 1, 2, 2, 0, 0, 2, 0, 0, 1, 1, 0, 2, 2, 0, 1, 0, 0, 0, 0, 0, 0, 0, 2, 0, 0, 0, 0, 0, 0, 0, 2, 2, 2, 3, 2, 0, 1, 1, 4, 2, 5, 1, 6, 2, 4, 2, 5, 846, 0, 0, 0, 0, 0, 0]",1,0.6096241151008158,-1,0
4017,"[1, 2, 0, 1, 0, 2, 0, 1, 0, 1, 0, 2, 0, 0, 0, 0, 0, 1, 0, 0, 2, 0, 0, 0, 0, 0, 0, 0, 0, 0, 0, 0, 1, 1, 2, 2, 0, 0, 2, 0, 0, 1, 1, 0, 2, 2, 0, 1, 0, 0, 0, 0, 0, 0, 0, 2, 0, 0, 0, 0, 0, 0, 0, 2, 2, 2, 3, 2, 0, 1, 1, 4, 2, 5, 1, 6, 2, 4, 2, 5, 846, 0, 0, 0, 0, 0, 0]",-1,-1.0588603533681547e-05,-1,0
4018,"[1, 1, 0, 1, 0, 1, 0, 1, 0, 1, 0, 2, 0, 0, 0, 0, 0, 1, 0, 0, 2, 0, 0, 0, 0, 0, 0, 0, 0, 0, 0, 0, 1, 1, 2, 2, 0, 0, 2, 0, 0, 1, 1, 0, 2, 2, 0, 1, 0, 0, 0, 0, 0, 0, 0, 2, 0, 0, 0, 0, 0, 0, 0, 2, 2, 2, 3, 2, 0, 1, 1, 4, 2, 5, 1, 6, 2, 4, 2, 6, 847, 0, 0, 0, 0, 0, 0]",4,13.133414461218344,-1,0
4019,"[1, 1, 0, 1, 0, 1, 0, 1, 0, 1, 0, 2, 0, 0, 0, 0, 0, 1, 0, 0, 2, 0, 0, 0, 0, 0, 0, 0, 0, 0, 0, 0, 1, 1, 2, 2, 0, 0, 2, 0, 0, 1, 1, 0, 2, 2, 0, 1, 0, 0, 0, 0, 0, 0, 0, 2, 0, 0, 0, 0, 0, 0, 0, 2, 2, 2, 3, 2, 0, 1, 1, 4, 2, 5, 1, 6, 2, 4, 2, 6, 848, 0, 0, 0, 0, 0, 0]",4,14.25948413778522,-1,1
4020,"[1, 1, 0, 1, 0, 1, 0, 1, 0, 1, 0, 2, 0, 0, 0, 0, 0, 1, 0, 0, 2, 0, 0, 0, 0, 0, 0, 0, 0, 0, 0, 0, 1, 1, 2, 2, 0, 0, 2, 0, 0, 1, 1, 0, 2, 2, 0, 1, 0, 0, 0, 0, 0, 0, 0, 2, 0, 0, 0, 0, 0, 0, 0, 2, 2, 2, 3, 2, 0, 1, 1, 4, 2, 5, 1, 6, 2, 4, 2, 6, 848, 1, 0, 0, 0, 0, 0]",3,0.20000000000110696,-1,0
4021,"[1, 1, 0, 1, 0, 1, 0, 1, 0, 1, 0, 2, 0, 0, 0, 0, 0, 1, 0, 0, 2, 0, 0, 0, 0, 0, 0, 0, 0, 0, 0, 0, 1, 1, 2, 2, 0, 0, 2, 0, 0, 1, 1, 0, 2, 2, 0, 1, 0, 0, 0, 0, 0, 0, 0, 2, 0, 0, 0, 0, 0, 0, 0, 2, 2, 2, 3, 2, 0, 1, 1, 4, 2, 5, 1, 6, 2, 4, 2, 6, 848, 0, 0, 0, 0, 0, 0]",-1,-1.0378935135885876e-05,-1,0
4022,"[1, 1, 0, 1, 0, 1, 0, 1, 0, 1, 0, 2, 0, 0, 0, 0, 0, 1, 0, 0, 2, 0, 0, 0, 0, 0, 0, 0, 0, 0, 0, 0, 1, 1, 2, 2, 0, 0, 2, 0, 0, 1, 1, 0, 2, 2, 0, 1, 0, 0, 0, 0, 0, 0, 0, 2, 0, 0, 0, 0, 0, 0, 0, 2, 2, 2, 3, 2, 0, 1, 1, 4, 2, 5, 1, 6, 2, 4, 2, 6, 848, 0, 1, 0, 0, 0, 0]",2,0.4000000000011069,-1,0
4023,"[1, 1, 0, 1, 0, 1, 0, 1, 0, 1, 0, 2, 0, 0, 0, 0, 0, 1, 0, 0, 2, 0, 0, 0, 0, 0, 0, 0, 0, 0, 0, 0, 1, 1, 2, 2, 0, 0, 2, 0, 0, 1, 1, 0, 2, 2, 0, 1, 0, 0, 0, 0, 0, 0, 0, 2, 0, 0, 0, 0, 0, 0, 0, 2, 2, 2, 3, 2, 0, 1, 1, 4, 2, 5, 1, 6, 2, 4, 2, 6, 848, 0, 0, 0, 0, 0, 0]",-1,-1.0378935135885876e-05,-1,0
4024,"[1, 1, 0, 1, 0, 1, 0, 1, 0, 1, 0, 2, 0, 0, 0, 0, 0, 1, 0, 0, 2, 0, 0, 0, 0, 0, 0, 0, 0, 0, 0, 0, 1, 1, 2, 2, 0, 0, 2, 0, 0, 1, 1, 0, 2, 2, 0, 1, 0, 0, 0, 0, 0, 0, 0, 2, 0, 0, 0, 0, 0, 0, 0, 2, 2, 2, 3, 2, 0, 1, 1, 4, 2, 5, 1, 6, 2, 4, 2, 6, 848, 0, 1, 0, 0, 0, 0]",2,0.4000000000011069,-1,0
4025,"[1, 1, 0, 1, 0, 1, 0, 1, 0, 1, 0, 2, 0, 0, 0, 0, 0, 1, 0, 0, 2, 0, 0, 0, 0, 0, 0, 0, 0, 0, 0, 0, 1, 1, 2, 2, 0, 0, 2, 0, 0, 1, 1, 0, 2, 2, 0, 1, 0, 0, 0, 0, 0, 0, 0, 2, 0, 0, 0, 0, 0, 0, 0, 2, 2, 2, 3, 2, 0, 1, 1, 4, 2, 5, 1, 6, 2, 4, 2, 6, 848, 0, 0, 0, 0, 0, 0]",-1,-1.0378935135885876e-05,-1,0
4026,"[1, 1, 0, 1, 0, 1, 0, 1, 0, 1, 0, 2, 0, 0, 0, 0, 0, 1, 0, 0, 2, 0, 0, 0, 0, 0, 0, 0, 0, 0, 0, 0, 1, 1, 2, 2, 0, 0, 2, 0, 0, 1, 1, 0, 2, 2, 0, 1, 0, 0, 0, 0, 0, 0, 0, 2, 0, 0, 0, 0, 0, 0, 0, 2, 2, 2, 3, 2, 0, 1, 1, 4, 2, 5, 1, 6, 2, 4, 2, 6, 848, 1, 0, 0, 0, 0, 0]",3,0.20000000000110696,-1,0
4027,"[1, 1, 0, 1, 0, 1, 0, 1, 0, 1, 0, 2, 0, 0, 0, 0, 0, 1, 0, 0, 2, 0, 0, 0, 0, 0, 0, 0, 0, 0, 0, 0, 1, 1, 2, 2, 0, 0, 2, 0, 0, 1, 1, 0, 2, 2, 0, 1, 0, 0, 0, 0, 0, 0, 0, 2, 0, 0, 0, 0, 0, 0, 0, 2, 2, 2, 3, 2, 0, 1, 1, 4, 2, 5, 1, 6, 2, 4, 2, 6, 848, 0, 0, 0, 0, 0, 0]",-1,-1.0378935135885876e-05,-1,0
4028,"[1, 1, 0, 1, 0, 1, 0, 1, 0, 1, 0, 2, 0, 0, 0, 0, 0, 1, 0, 0, 2, 0, 0, 0, 0, 0, 0, 0, 0, 0, 0, 0, 1, 1, 2, 2, 0, 0, 2, 0, 0, 1, 1, 0, 2, 2, 0, 1, 0, 0, 0, 0, 0, 0, 0, 2, 0, 0, 0, 0, 0, 0, 0, 2, 2, 2, 3, 2, 0, 1, 1, 4, 2, 5, 1, 6, 2, 4, 2, 6, 848, 0, 1, 0, 0, 0, 0]",2,0.4000000000011069,-1,0
4029,"[1, 1, 0, 1, 0, 1, 0, 1, 0, 1, 0, 2, 0, 0, 0, 0, 0, 1, 0, 0, 2, 0, 0, 0, 0, 0, 0, 0, 0, 0, 0, 0, 1, 1, 2, 2, 0, 0, 2, 0, 0, 1, 1, 0, 2, 2, 0, 1, 0, 0, 0, 0, 0, 0, 0, 2, 0, 0, 0, 0, 0, 0, 0, 2, 2, 2, 3, 2, 0, 1, 1, 4, 2, 5, 1, 6, 2, 4, 2, 6, 848, 0, 0, 0, 0, 0, 0]",-1,-1.0378935135885876e-05,-1,0
4030,"[1, 1, 0, 1, 0, 1, 0, 1, 0, 1, 0, 2, 0, 0, 0, 0, 0, 1, 0, 0, 2, 0, 0, 0, 0, 0, 0, 0, 0, 0, 0, 0, 1, 1, 2, 2, 0, 0, 2, 0, 0, 1, 1, 0, 2, 2, 0, 1, 0, 0, 0, 0, 0, 0, 0, 2, 0, 0, 0, 0, 0, 0, 0, 2, 2, 2, 3, 2, 0, 1, 1, 4, 2, 5, 1, 6, 2, 4, 2, 6, 848, 0, 1, 0, 0, 0, 0]",2,0.4000000000011069,-1,0
4031,"[1, 1, 0, 1, 0, 1, 0, 1, 0, 1, 0, 2, 0, 0, 0, 0, 0, 1, 0, 0, 2, 0, 0, 0, 0, 0, 0, 0, 0, 0, 0, 0, 1, 1, 2, 2, 0, 0, 2, 0, 0, 1, 1, 0, 2, 2, 0, 1, 0, 0, 0, 0, 0, 0, 0, 2, 0, 0, 0, 0, 0, 0, 0, 2, 2, 2, 3, 2, 0, 1, 1, 4, 2, 5, 1, 6, 2, 4, 2, 6, 848, 0, 0, 0, 0, 0, 0]",-1,-1.0378935135885876e-05,-1,0
4032,"[1, 1, 0, 1, 0, 1, 0, 1, 0, 1, 0, 2, 0, 0, 0, 0, 0, 1, 0, 0, 2, 0, 0, 0, 0, 0, 0, 0, 0, 0, 0, 0, 1, 1, 2, 2, 0, 0, 2, 0, 0, 1, 1, 0, 2, 2, 0, 1, 0, 0, 0, 0, 0, 0, 0, 2, 0, 0, 0, 0, 0, 0, 0, 2, 2, 2, 3, 2, 0, 1, 1, 4, 2, 5, 1, 6, 2, 4, 2, 6, 848, 1, 0, 0, 0, 0, 0]",3,0.20000000000110696,-1,0
4033,"[1, 1, 0, 1, 0, 1, 0, 1, 0, 1, 0, 2, 0, 0, 0, 0, 0, 1, 0, 0, 2, 0, 0, 0, 0, 0, 0, 0, 0, 0, 0, 0, 1, 1, 2, 2, 0, 0, 2, 0, 0, 1, 1, 0, 2, 2, 0, 1, 0, 0, 0, 0, 0, 0, 0, 2, 0, 0, 0, 0, 0, 0, 0, 2, 2, 2, 3, 2, 0, 1, 1, 4, 2, 5, 1, 6, 2, 4, 2, 6, 848, 0, 0, 0, 0, 0, 0]",-1,-1.0378935135885876e-05,-1,0
4034,"[1, 1, 0, 1, 0, 1, 0, 1, 0, 1, 0, 2, 0, 0, 0, 0, 0, 1, 0, 0, 2, 0, 0, 0, 0, 0, 0, 0, 0, 0, 0, 0, 1, 1, 2, 2, 0, 0, 2, 0, 0, 1, 1, 0, 2, 2, 0, 1, 0, 0, 0, 0, 0, 0, 0, 2, 0, 0, 0, 0, 0, 0, 0, 2, 2, 2, 3, 2, 0, 1, 1, 4, 2, 5, 1, 6, 2, 4, 2, 6, 848, 1, 0, 0, 0, 0, 0]",3,0.20000000000110696,-1,0
4035,"[1, 1, 0, 1, 0, 1, 0, 1, 0, 1, 0, 2, 0, 0, 0, 0, 0, 1, 0, 0, 2, 0, 0, 0, 0, 0, 0, 0, 0, 0, 0, 0, 1, 1, 2, 2, 0, 0, 2, 0, 0, 1, 1, 0, 2, 2, 0, 1, 0, 0, 0, 0, 0, 0, 0, 2, 0, 0, 0, 0, 0, 0, 0, 2, 2, 2, 3, 2, 0, 1, 1, 4, 2, 5, 1, 6, 2, 4, 2, 6, 848, 0, 0, 0, 0, 0, 0]",-1,-1.0378935135885876e-05,-1,0
4036,"[1, 1, 0, 1, 0, 1, 0, 1, 0, 1, 0, 2, 0, 0, 0, 0, 0, 1, 0, 0, 2, 0, 0, 0, 0, 0, 0, 0, 0, 0, 0, 0, 1, 1, 2, 2, 0, 0, 2, 0, 0, 1, 1, 0, 2, 2, 0, 1, 0, 0, 0, 0, 0, 0, 0, 2, 0, 0, 0, 0, 0, 0, 0, 2, 2, 2, 3, 2, 0, 1, 1, 4, 2, 5, 1, 6, 2, 4, 2, 6, 848, 0, 1, 0, 0, 0, 0]",2,0.4000000000011069,-1,0
4037,"[1, 1, 0, 1, 0, 1, 0, 1, 0, 1, 0, 2, 0, 0, 0, 0, 0, 1, 0, 0, 2, 0, 0, 0, 0, 0, 0, 0, 0, 0, 0, 0, 1, 1, 2, 2, 0, 0, 2, 0, 0, 1, 1, 0, 2, 2, 0, 1, 0, 0, 0, 0, 0, 0, 0, 2, 0, 0, 0, 0, 0, 0, 0, 2, 2, 2, 3, 2, 0, 1, 1, 4, 2, 5, 1, 6, 2, 4, 2, 6, 848, 0, 0, 0, 0, 0, 0]",-1,-1.0378935135885876e-05,-1,0
4038,"[1, 1, 0, 1, 1, 1, 0, 1, 0, 1, 0, 2, 0, 0, 0, 0, 0, 1, 0, 0, 2, 0, 0, 0, 0, 0, 0, 0, 0, 0, 0, 0, 1, 1, 2, 2, 0, 0, 2, 0, 0, 1, 1, 0, 2, 2, 0, 1, 0, 0, 0, 0, 0, 0, 0, 2, 0, 0, 0, 0, 0, 0, 0, 2, 2, 2, 3, 2, 0, 1, 1, 4, 2, 5, 1, 6, 2, 4, 2, 6, 849, 0, 0, 0, 0, 0, 0]",4,13.13341404188146,-1,0
4039,"[1, 1, 0, 1, 1, 1, 0, 1, 0, 1, 0, 2, 0, 0, 0, 0, 0, 1, 0, 0, 2, 0, 0, 0, 0, 0, 0, 0, 0, 0, 0, 0, 1, 1, 2, 2, 0, 0, 2, 0, 0, 1, 1, 0, 2, 2, 0, 1, 0, 0, 0, 0, 0, 0, 0, 2, 0, 0, 0, 0, 0, 0, 0, 2, 2, 2, 3, 2, 0, 1, 1, 4, 2, 5, 1, 6, 2, 4, 2, 6, 849, 0, 1, 0, 0, 0, 0]",2,0.4000000000010635,-1,1
4040,"[1, 1, 0, 1, 1, 1, 0, 1, 0, 1, 0, 2, 0, 0, 0, 0, 0, 1, 0, 0, 2, 0, 0, 0, 0, 0, 0, 0, 0, 0, 0, 0, 1, 1, 2, 2, 0, 0, 2, 0, 0, 1, 1, 0, 2, 2, 0, 1, 0, 0, 0, 0, 0, 0, 0, 2, 0, 0, 0, 0, 0, 0, 0, 2, 2, 2, 3, 2, 0, 1, 1, 4, 2, 5, 1, 6, 2, 4, 2, 6, 849, 0, 1, 0, 0, 1, 0]","[[1 0 0 0]
 [0 1 0 0]]",0.6504248650591544,-1,1
4041,"[1, 1, 0, 1, 1, 1, 0, 1, 0, 1, 0, 2, 0, 0, 0, 0, 0, 1, 0, 0, 2, 0, 0, 0, 0, 0, 0, 0, 0, 0, 0, 0, 1, 1, 2, 2, 0, 0, 2, 0, 0, 1, 1, 0, 2, 2, 0, 1, 0, 0, 0, 0, 0, 0, 0, 2, 0, 0, 0, 0, 0, 0, 0, 2, 2, 2, 3, 2, 0, 1, 1, 4, 2, 5, 1, 6, 2, 4, 2, 6, 849, 0, 0, 0, 0, 0, 0]",1,-0.1999999999989365,-1,0
4042,"[1, 2, 0, 1, 1, 2, 0, 1, 0, 1, 0, 2, 0, 0, 0, 0, 0, 1, 0, 0, 2, 0, 0, 0, 0, 0, 0, 0, 0, 0, 0, 0, 1, 1, 2, 2, 0, 0, 2, 0, 0, 1, 1, 0, 2, 2, 0, 1, 0, 0, 0, 0, 0, 0, 0, 2, 0, 0, 0, 0, 0, 0, 0, 2, 2, 2, 3, 2, 0, 1, 1, 4, 2, 5, 1, 6, 2, 4, 2, 6, 850, 0, 0, 0, 0, 0, 0]",4,14.373789114700877,-1,1
4043,"[1, 2, 0, 1, 2, 2, 0, 1, 0, 1, 0, 2, 0, 0, 0, 0, 0, 1, 0, 0, 2, 0, 0, 0, 0, 0, 0, 0, 0, 0, 0, 0, 1, 1, 2, 2, 0, 0, 2, 0, 0, 1, 1, 0, 2, 2, 0, 1, 0, 0, 0, 0, 0, 0, 0, 2, 0, 0, 0, 0, 0, 0, 0, 2, 2, 2, 3, 2, 0, 1, 1, 4, 2, 5, 1, 6, 2, 4, 2, 6, 851, 0, 0, 0, 0, 0, 0]",4,12.973788910211725,-1,0
4044,"[1, 3, 0, 1, 2, 3, 0, 1, 0, 1, 0, 2, 0, 0, 0, 0, 0, 1, 0, 0, 2, 0, 0, 0, 0, 0, 0, 0, 0, 0, 0, 0, 1, 1, 2, 2, 0, 0, 2, 0, 0, 1, 1, 0, 2, 2, 0, 1, 0, 0, 0, 0, 0, 0, 0, 2, 0, 0, 0, 0, 0, 0, 0, 2, 2, 2, 3, 2, 0, 1, 1, 4, 2, 5, 1, 6, 2, 4, 2, 6, 852, 0, 0, 0, 0, 0, 0]",4,14.142274612997948,-1,1
4045,"[1, 3, 0, 1, 2, 3, 0, 1, 0, 1, 0, 2, 0, 0, 0, 0, 0, 1, 0, 0, 2, 0, 0, 0, 0, 0, 0, 0, 0, 0, 0, 0, 1, 1, 2, 2, 0, 0, 2, 0, 0, 1, 1, 0, 2, 2, 0, 1, 0, 0, 0, 0, 0, 0, 0, 2, 0, 0, 0, 0, 0, 0, 0, 2, 2, 2, 3, 2, 0, 1, 1, 4, 2, 5, 1, 6, 2, 4, 2, 6, 852, 0, 1, 0, 0, 0, 0]",2,0.4000000000009432,-1,0
4046,"[1, 3, 0, 1, 2, 3, 0, 1, 0, 1, 0, 2, 0, 0, 0, 0, 0, 1, 0, 0, 2, 0, 0, 0, 0, 0, 0, 0, 0, 0, 0, 0, 1, 1, 2, 2, 0, 0, 2, 0, 0, 1, 1, 0, 2, 2, 0, 1, 0, 0, 0, 0, 0, 0, 0, 2, 0, 0, 0, 0, 0, 0, 0, 2, 2, 2, 3, 2, 0, 1, 1, 4, 2, 5, 1, 6, 2, 4, 2, 6, 852, 0, 0, 0, 0, 0, 0]",-1,-9.971971268206142e-06,-1,0
4047,"[1, 3, 0, 1, 2, 3, 0, 1, 0, 1, 0, 2, 0, 0, 0, 0, 0, 1, 0, 0, 2, 0, 0, 0, 0, 0, 0, 0, 0, 0, 0, 0, 1, 1, 2, 2, 0, 0, 2, 0, 0, 1, 1, 0, 2, 2, 0, 1, 0, 0, 0, 0, 0, 0, 0, 2, 0, 0, 0, 0, 0, 0, 0, 2, 2, 2, 3, 2, 0, 1, 1, 4, 2, 5, 1, 6, 2, 4, 2, 6, 852, 1, 0, 0, 0, 0, 0]",3,0.20000000000094326,-1,0
4048,"[1, 3, 0, 1, 2, 3, 0, 1, 0, 1, 0, 2, 0, 0, 0, 0, 0, 1, 0, 0, 2, 0, 0, 0, 0, 0, 0, 0, 0, 0, 0, 0, 1, 1, 2, 2, 0, 0, 2, 0, 0, 1, 1, 0, 2, 2, 0, 1, 0, 0, 0, 0, 0, 0, 0, 2, 0, 0, 0, 0, 0, 0, 0, 2, 2, 2, 3, 2, 0, 1, 1, 4, 2, 5, 1, 6, 2, 4, 2, 6, 852, 0, 0, 0, 0, 0, 0]",-1,-9.971971268206142e-06,-1,0
4049,"[1, 3, 0, 1, 2, 3, 0, 1, 0, 1, 0, 2, 0, 0, 0, 0, 0, 1, 0, 0, 2, 0, 0, 0, 0, 0, 0, 0, 0, 0, 0, 0, 1, 1, 2, 2, 0, 0, 2, 0, 0, 1, 1, 0, 2, 2, 0, 1, 0, 0, 0, 0, 0, 0, 0, 2, 0, 0, 0, 0, 0, 0, 0, 2, 2, 2, 3, 2, 0, 1, 1, 4, 2, 5, 1, 6, 2, 4, 2, 6, 852, 1, 0, 0, 0, 0, 0]",3,0.20000000000094326,-1,0
4050,"[1, 3, 0, 1, 2, 3, 0, 1, 0, 1, 0, 2, 0, 0, 0, 0, 0, 1, 0, 0, 2, 0, 0, 0, 0, 0, 0, 0, 0, 0, 0, 0, 1, 1, 2, 2, 0, 0, 2, 0, 0, 1, 1, 0, 2, 2, 0, 1, 0, 0, 0, 0, 0, 0, 0, 2, 0, 0, 0, 0, 0, 0, 0, 2, 2, 2, 3, 2, 0, 1, 1, 4, 2, 5, 1, 6, 2, 4, 2, 6, 852, 0, 0, 0, 0, 0, 0]",-1,-9.971971268206142e-06,-1,0
4051,"[1, 3, 0, 1, 2, 3, 0, 1, 0, 1, 0, 2, 0, 0, 0, 0, 0, 1, 0, 0, 2, 0, 0, 0, 0, 0, 0, 0, 0, 0, 0, 0, 1, 1, 2, 2, 0, 0, 2, 0, 0, 1, 1, 0, 2, 2, 0, 1, 0, 0, 0, 0, 0, 0, 0, 2, 0, 0, 0, 0, 0, 0, 0, 2, 2, 2, 3, 2, 0, 1, 1, 4, 2, 5, 1, 6, 2, 4, 2, 6, 852, 1, 0, 0, 0, 0, 0]",3,0.20000000000094326,-1,0
4052,"[1, 3, 0, 1, 2, 3, 0, 1, 0, 1, 0, 2, 0, 0, 0, 0, 0, 1, 0, 0, 2, 0, 0, 0, 0, 0, 0, 0, 0, 0, 0, 0, 1, 1, 2, 2, 0, 0, 2, 0, 0, 1, 1, 0, 2, 2, 0, 1, 0, 0, 0, 0, 0, 0, 0, 2, 0, 0, 0, 0, 0, 0, 0, 2, 2, 2, 3, 2, 0, 1, 1, 4, 2, 5, 1, 6, 2, 4, 2, 6, 852, 0, 0, 0, 0, 0, 0]",-1,-9.971971268206142e-06,-1,0
4053,"[1, 3, 0, 1, 3, 3, 0, 1, 0, 1, 0, 2, 0, 0, 0, 0, 0, 1, 0, 0, 2, 0, 0, 0, 0, 0, 0, 0, 0, 0, 0, 0, 1, 1, 2, 2, 0, 0, 2, 0, 0, 1, 1, 0, 2, 2, 0, 1, 0, 0, 0, 0, 0, 0, 0, 2, 0, 0, 0, 0, 0, 0, 0, 2, 2, 2, 3, 2, 0, 1, 1, 4, 2, 5, 1, 6, 2, 4, 2, 6, 853, 0, 0, 0, 0, 0, 0]",4,12.712975410258874,-1,0
4054,"[1, 3, 0, 1, 4, 3, 0, 1, 0, 1, 0, 2, 0, 0, 0, 0, 0, 1, 0, 0, 2, 0, 0, 0, 0, 0, 0, 0, 0, 0, 0, 0, 1, 1, 2, 2, 0, 0, 2, 0, 0, 1, 1, 0, 2, 2, 0, 1, 0, 0, 0, 0, 0, 0, 0, 2, 0, 0, 0, 0, 0, 0, 0, 2, 2, 2, 3, 2, 0, 1, 1, 4, 2, 5, 1, 6, 2, 4, 2, 6, 854, 0, 0, 0, 0, 0, 0]",4,14.020840156676767,-1,1
4055,"[1, 3, 0, 1, 4, 3, 0, 1, 0, 1, 0, 2, 0, 0, 0, 0, 0, 1, 0, 0, 2, 0, 0, 0, 0, 0, 0, 0, 0, 0, 0, 0, 1, 1, 2, 2, 0, 0, 2, 0, 0, 1, 1, 0, 2, 2, 0, 1, 0, 0, 0, 0, 0, 0, 0, 2, 0, 0, 0, 0, 0, 0, 0, 2, 2, 2, 3, 2, 0, 1, 1, 4, 2, 5, 1, 6, 2, 4, 2, 6, 854, 0, 1, 0, 0, 0, 0]",2,0.40000000000087066,-1,0
4056,"[1, 3, 0, 1, 4, 3, 0, 1, 0, 1, 0, 2, 0, 0, 0, 0, 0, 1, 0, 0, 2, 0, 0, 0, 0, 0, 0, 0, 0, 0, 0, 0, 1, 1, 2, 2, 0, 0, 2, 0, 0, 1, 1, 0, 2, 2, 0, 1, 0, 0, 0, 0, 0, 0, 0, 2, 0, 0, 0, 0, 0, 0, 0, 2, 2, 2, 3, 2, 0, 1, 1, 4, 2, 5, 1, 6, 2, 4, 2, 6, 854, 0, 0, 0, 0, 0, 0]",-1,-9.77451300734873e-06,-1,0
4057,"[1, 3, 0, 1, 4, 3, 0, 1, 0, 1, 0, 2, 0, 0, 0, 0, 0, 1, 0, 0, 2, 0, 0, 0, 0, 0, 0, 0, 0, 0, 0, 0, 1, 1, 2, 2, 0, 0, 2, 0, 0, 1, 1, 0, 2, 2, 0, 1, 0, 0, 0, 0, 0, 0, 0, 2, 0, 0, 0, 0, 0, 0, 0, 2, 2, 2, 3, 2, 0, 1, 1, 4, 2, 5, 1, 6, 2, 4, 2, 6, 854, 0, 0, 0, 0, 0, 0]",1,0.6096241151004874,-1,0
4058,"[1, 3, 0, 1, 4, 3, 0, 1, 0, 1, 0, 2, 0, 0, 0, 0, 0, 1, 0, 0, 2, 0, 0, 0, 0, 0, 0, 0, 0, 0, 0, 0, 1, 1, 2, 2, 0, 0, 2, 0, 0, 1, 1, 0, 2, 2, 0, 1, 0, 0, 0, 0, 0, 0, 0, 2, 0, 0, 0, 0, 0, 0, 0, 2, 2, 2, 3, 2, 0, 1, 1, 4, 2, 5, 1, 6, 2, 4, 2, 6, 854, 0, 0, 0, 0, 0, 0]",-1,-9.77451300734873e-06,-1,0
4059,"[1, 3, 0, 1, 4, 3, 0, 1, 0, 1, 0, 2, 0, 0, 0, 0, 0, 1, 0, 0, 2, 0, 0, 0, 0, 0, 0, 0, 0, 0, 0, 0, 1, 1, 2, 2, 0, 0, 2, 0, 0, 1, 1, 0, 2, 2, 0, 1, 0, 0, 0, 0, 0, 0, 0, 2, 0, 0, 0, 0, 0, 0, 0, 2, 2, 2, 3, 2, 0, 1, 1, 4, 2, 5, 1, 6, 2, 4, 2, 6, 854, 1, 0, 0, 0, 0, 0]",3,0.20000000000087073,-1,0
4060,"[1, 3, 0, 1, 4, 3, 0, 1, 0, 1, 0, 2, 0, 0, 0, 0, 0, 1, 0, 0, 2, 0, 0, 0, 0, 0, 0, 0, 0, 0, 0, 0, 1, 1, 2, 2, 0, 0, 2, 0, 0, 1, 1, 0, 2, 2, 0, 1, 0, 0, 0, 0, 0, 0, 0, 2, 0, 0, 0, 0, 0, 0, 0, 2, 2, 2, 3, 2, 0, 1, 1, 4, 2, 5, 1, 6, 2, 4, 2, 6, 854, 0, 0, 0, 0, 0, 0]",-1,-9.77451300734873e-06,-1,0
4061,"[1, 3, 0, 1, 4, 3, 0, 1, 0, 1, 0, 2, 0, 0, 0, 0, 0, 1, 0, 0, 2, 0, 0, 0, 0, 0, 0, 0, 0, 0, 0, 0, 1, 1, 2, 2, 0, 0, 2, 0, 0, 1, 1, 0, 2, 2, 0, 1, 0, 0, 0, 0, 0, 0, 0, 2, 0, 0, 0, 0, 0, 0, 0, 2, 2, 2, 3, 2, 0, 1, 1, 4, 2, 5, 1, 6, 2, 4, 2, 6, 854, 1, 0, 0, 0, 0, 0]",3,0.20000000000087073,-1,0
4062,"[1, 3, 0, 1, 4, 3, 0, 1, 0, 1, 0, 2, 0, 0, 0, 0, 0, 1, 0, 0, 2, 0, 0, 0, 0, 0, 0, 0, 0, 0, 0, 0, 1, 1, 2, 2, 0, 0, 2, 0, 0, 1, 1, 0, 2, 2, 0, 1, 0, 0, 0, 0, 0, 0, 0, 2, 0, 0, 0, 0, 0, 0, 0, 2, 2, 2, 3, 2, 0, 1, 1, 4, 2, 5, 1, 6, 2, 4, 2, 6, 854, 0, 0, 0, 0, 0, 0]",-1,-9.77451300734873e-06,-1,0
4063,"[1, 3, 0, 1, 4, 3, 0, 1, 0, 1, 0, 2, 0, 0, 0, 0, 0, 1, 0, 0, 2, 0, 0, 0, 0, 0, 0, 0, 0, 0, 0, 0, 1, 1, 2, 2, 0, 0, 2, 0, 0, 1, 1, 0, 2, 2, 0, 1, 0, 0, 0, 0, 0, 0, 0, 2, 0, 0, 0, 0, 0, 0, 0, 2, 2, 2, 3, 2, 0, 1, 1, 4, 2, 5, 1, 6, 2, 4, 2, 6, 854, 0, 1, 0, 0, 0, 0]",2,0.40000000000087066,-1,0
4064,"[1, 3, 0, 1, 4, 3, 0, 1, 0, 1, 0, 2, 0, 0, 0, 0, 0, 1, 0, 0, 2, 0, 0, 0, 0, 0, 0, 0, 0, 0, 0, 0, 1, 1, 2, 2, 0, 0, 2, 0, 0, 1, 1, 0, 2, 2, 0, 1, 0, 0, 0, 0, 0, 0, 0, 2, 0, 0, 0, 0, 0, 0, 0, 2, 2, 2, 3, 2, 0, 1, 1, 4, 2, 5, 1, 6, 2, 4, 2, 6, 854, 0, 0, 0, 0, 0, 0]",-1,-9.77451300734873e-06,-1,0
4065,"[1, 1, 0, 1, 2, 1, 0, 1, 0, 1, 0, 2, 0, 0, 0, 0, 0, 1, 0, 0, 2, 0, 0, 0, 0, 0, 0, 0, 0, 0, 0, 0, 1, 1, 2, 2, 0, 0, 2, 0, 0, 1, 1, 0, 2, 2, 0, 1, 0, 0, 0, 0, 0, 0, 0, 2, 0, 0, 0, 0, 0, 0, 0, 2, 2, 2, 3, 2, 0, 1, 1, 4, 2, 5, 1, 6, 2, 4, 2, 3, 855, 0, 0, 0, 0, 0, 0]",4,13.133412833036976,-1,0
4066,"[1, 1, 0, 1, 2, 1, 0, 1, 0, 1, 0, 2, 0, 0, 0, 0, 0, 1, 0, 0, 2, 0, 0, 0, 0, 0, 0, 0, 0, 0, 0, 0, 1, 1, 2, 2, 0, 0, 2, 0, 0, 1, 1, 0, 2, 2, 0, 1, 0, 0, 0, 0, 0, 0, 0, 2, 0, 0, 0, 0, 0, 0, 0, 2, 2, 2, 3, 2, 0, 1, 1, 4, 2, 5, 1, 6, 2, 4, 2, 3, 855, 0, 1, 0, 0, 0, 0]",2,0.4000000000008366,-1,1
4067,"[1, 1, 0, 1, 2, 1, 0, 1, 0, 1, 0, 2, 0, 0, 0, 0, 0, 1, 0, 0, 2, 0, 0, 0, 0, 0, 0, 0, 0, 0, 0, 0, 1, 1, 2, 2, 0, 0, 2, 0, 0, 1, 1, 0, 2, 2, 0, 1, 0, 0, 0, 0, 0, 0, 0, 2, 0, 0, 0, 0, 0, 0, 0, 2, 2, 2, 3, 2, 0, 1, 1, 4, 2, 5, 1, 6, 2, 4, 2, 3, 855, 0, 1, 0, 0, 1, 0]","[[1 0 0 0]
 [0 1 0 0]]",0.6504248650589275,-1,1
4068,"[2, 0, 0, 1, 1, 2, 0, 1, 0, 1, 0, 2, 0, 0, 0, 0, 0, 1, 0, 0, 2, 0, 0, 0, 0, 0, 0, 0, 0, 0, 0, 0, 1, 1, 2, 2, 0, 0, 2, 0, 0, 1, 1, 0, 2, 2, 0, 1, 0, 0, 0, 0, 0, 0, 0, 2, 0, 0, 0, 0, 0, 0, 0, 2, 2, 2, 3, 2, 0, 1, 1, 4, 2, 5, 1, 6, 2, 4, 2, 3, 855, 0, 0, 0, 0, 0, 0]",0,-0.19999999999916343,-1,0
4069,"[2, 1, 0, 1, 1, 3, 0, 1, 0, 1, 0, 2, 0, 0, 0, 0, 0, 1, 0, 0, 2, 0, 0, 0, 0, 0, 0, 0, 0, 0, 0, 0, 1, 1, 2, 2, 0, 0, 2, 0, 0, 1, 1, 0, 2, 2, 0, 1, 0, 0, 0, 0, 0, 0, 0, 2, 0, 0, 0, 0, 0, 0, 0, 2, 2, 2, 3, 2, 0, 1, 1, 4, 2, 5, 1, 6, 2, 4, 2, 3, 856, 0, 0, 0, 0, 0, 0]",4,14.11297482082619,-1,1
4070,"[2, 1, 0, 1, 1, 3, 0, 1, 0, 1, 0, 2, 0, 0, 0, 0, 0, 1, 0, 0, 2, 0, 0, 0, 0, 0, 0, 0, 0, 0, 0, 0, 1, 1, 2, 2, 0, 0, 2, 0, 0, 1, 1, 0, 2, 2, 0, 1, 0, 0, 0, 0, 0, 0, 0, 2, 0, 0, 0, 0, 0, 0, 0, 2, 2, 2, 3, 2, 0, 1, 1, 4, 2, 5, 1, 6, 2, 4, 2, 3, 856, 0, 1, 0, 0, 0, 0]",2,0.40000000000080377,-1,0
4071,"[2, 1, 0, 1, 1, 3, 0, 1, 0, 1, 0, 2, 0, 0, 0, 0, 0, 1, 0, 0, 2, 0, 0, 0, 0, 0, 0, 0, 0, 0, 0, 0, 1, 1, 2, 2, 0, 0, 2, 0, 0, 1, 1, 0, 2, 2, 0, 1, 0, 0, 0, 0, 0, 0, 0, 2, 0, 0, 0, 0, 0, 0, 0, 2, 2, 2, 3, 2, 0, 1, 1, 4, 2, 5, 1, 6, 2, 4, 2, 3, 856, 0, 0, 0, 0, 0, 0]",-1,-9.580964682022852e-06,-1,0
4072,"[2, 1, 0, 1, 1, 3, 0, 1, 0, 1, 0, 2, 0, 0, 0, 0, 0, 1, 0, 0, 2, 0, 0, 0, 0, 0, 0, 0, 0, 0, 0, 0, 1, 1, 2, 2, 0, 0, 2, 0, 0, 1, 1, 0, 2, 2, 0, 1, 0, 0, 0, 0, 0, 0, 0, 2, 0, 0, 0, 0, 0, 0, 0, 2, 2, 2, 3, 2, 0, 1, 1, 4, 2, 5, 1, 6, 2, 4, 2, 3, 856, 0, 1, 0, 0, 0, 0]",2,0.40000000000080377,-1,0
4073,"[2, 1, 0, 1, 1, 3, 0, 1, 0, 1, 0, 2, 0, 0, 0, 0, 0, 1, 0, 0, 2, 0, 0, 0, 0, 0, 0, 0, 0, 0, 0, 0, 1, 1, 2, 2, 0, 0, 2, 0, 0, 1, 1, 0, 2, 2, 0, 1, 0, 0, 0, 0, 0, 0, 0, 2, 0, 0, 0, 0, 0, 0, 0, 2, 2, 2, 3, 2, 0, 1, 1, 4, 2, 5, 1, 6, 2, 4, 2, 3, 856, 0, 0, 0, 0, 0, 0]",-1,-9.580964682022852e-06,-1,0
4074,"[2, 1, 0, 1, 1, 3, 0, 1, 0, 1, 0, 2, 0, 0, 0, 0, 0, 1, 0, 0, 2, 0, 0, 0, 0, 0, 0, 0, 0, 0, 0, 0, 1, 1, 2, 2, 0, 0, 2, 0, 0, 1, 1, 0, 2, 2, 0, 1, 0, 0, 0, 0, 0, 0, 0, 2, 0, 0, 0, 0, 0, 0, 0, 2, 2, 2, 3, 2, 0, 1, 1, 4, 2, 5, 1, 6, 2, 4, 2, 3, 856, 1, 0, 0, 0, 0, 0]",3,0.2000000000008038,-1,0
4075,"[0, 1, 0, 2, 1, 3, 0, 1, 0, 1, 0, 2, 0, 0, 0, 0, 0, 1, 0, 0, 2, 0, 0, 0, 0, 0, 0, 0, 0, 0, 0, 0, 1, 1, 2, 2, 0, 0, 2, 0, 0, 1, 1, 0, 2, 2, 0, 1, 0, 0, 0, 0, 0, 0, 0, 2, 0, 0, 0, 0, 0, 0, 0, 2, 2, 2, 3, 2, 0, 1, 1, 4, 2, 5, 1, 6, 2, 4, 2, 3, 856, 0, 0, 0, 0, 0, 0]","[[2 0 0 0]
 [0 0 0 1]]",-0.19854231808815515,-1,0
4076,"[0, 1, 0, 2, 2, 3, 0, 1, 0, 1, 0, 2, 0, 0, 0, 0, 0, 1, 0, 0, 2, 0, 0, 0, 0, 0, 0, 0, 0, 0, 0, 0, 1, 1, 2, 2, 0, 0, 2, 0, 0, 1, 1, 0, 2, 2, 0, 1, 0, 0, 0, 0, 0, 0, 0, 2, 0, 0, 0, 0, 0, 0, 0, 2, 2, 2, 3, 2, 0, 1, 1, 4, 2, 5, 1, 6, 2, 4, 2, 3, 857, 0, 0, 0, 0, 0, 0]",4,12.65568780375012,-1,0
4077,"[0, 1, 0, 1, 1, 1, 0, 1, 0, 1, 0, 2, 0, 0, 0, 0, 0, 1, 0, 0, 2, 0, 0, 0, 0, 0, 0, 0, 0, 0, 0, 0, 1, 1, 2, 2, 0, 0, 2, 0, 0, 1, 1, 0, 2, 2, 0, 1, 0, 0, 0, 0, 0, 0, 0, 2, 0, 0, 0, 0, 0, 0, 0, 2, 2, 2, 3, 2, 0, 1, 1, 4, 2, 5, 1, 6, 2, 4, 2, 3, 858, 0, 0, 0, 0, 0, 0]",4,14.533412255275849,-1,1
4078,"[0, 1, 0, 2, 1, 1, 0, 2, 0, 1, 0, 2, 0, 0, 0, 0, 0, 1, 0, 0, 2, 0, 0, 0, 0, 0, 0, 0, 0, 0, 0, 0, 1, 1, 2, 2, 0, 0, 2, 0, 0, 1, 1, 0, 2, 2, 0, 1, 0, 0, 0, 0, 0, 0, 0, 2, 0, 0, 0, 0, 0, 0, 0, 2, 2, 2, 3, 2, 0, 1, 1, 4, 2, 5, 1, 6, 2, 4, 2, 3, 859, 0, 0, 0, 0, 0, 0]",4,12.655687424318437,-1,0
4079,"[0, 2, 0, 2, 1, 2, 0, 2, 0, 1, 0, 2, 0, 0, 0, 0, 0, 1, 0, 0, 2, 0, 0, 0, 0, 0, 0, 0, 0, 0, 0, 0, 1, 1, 2, 2, 0, 0, 2, 0, 0, 1, 1, 0, 2, 2, 0, 1, 0, 0, 0, 0, 0, 0, 0, 2, 0, 0, 0, 0, 0, 0, 0, 2, 2, 2, 3, 2, 0, 1, 1, 4, 2, 5, 1, 6, 2, 4, 2, 3, 860, 0, 0, 0, 0, 0, 0]",4,14.272460099544166,-1,1
4080,"[0, 2, 0, 2, 1, 2, 0, 2, 0, 1, 0, 2, 0, 0, 0, 0, 0, 1, 0, 0, 2, 0, 0, 0, 0, 0, 0, 0, 0, 0, 0, 0, 1, 1, 2, 2, 0, 0, 2, 0, 0, 1, 1, 0, 2, 2, 0, 1, 0, 0, 0, 0, 0, 0, 0, 2, 0, 0, 0, 0, 0, 0, 0, 2, 2, 2, 3, 2, 0, 1, 1, 4, 2, 5, 1, 6, 2, 4, 2, 3, 860, 0, 0, 0, 0, 0, 0]",1,0.6096241151003017,-1,0
4081,"[0, 2, 0, 2, 1, 2, 0, 2, 0, 1, 0, 2, 0, 0, 0, 0, 0, 1, 0, 0, 2, 0, 0, 0, 0, 0, 0, 0, 0, 0, 0, 0, 1, 1, 2, 2, 0, 0, 2, 0, 0, 1, 1, 0, 2, 2, 0, 1, 0, 0, 0, 0, 0, 0, 0, 2, 0, 0, 0, 0, 0, 0, 0, 2, 2, 2, 3, 2, 0, 1, 1, 4, 2, 5, 1, 6, 2, 4, 2, 3, 860, 0, 0, 0, 0, 0, 0]",-1,-9.20528968337896e-06,-1,0
4082,"[0, 2, 0, 2, 1, 2, 0, 2, 0, 1, 0, 2, 0, 0, 0, 0, 0, 1, 0, 0, 2, 0, 0, 0, 0, 0, 0, 0, 0, 0, 0, 0, 1, 1, 2, 2, 0, 0, 2, 0, 0, 1, 1, 0, 2, 2, 0, 1, 0, 0, 0, 0, 0, 0, 0, 2, 0, 0, 0, 0, 0, 0, 0, 2, 2, 2, 3, 2, 0, 1, 1, 4, 2, 5, 1, 6, 2, 4, 2, 3, 860, 0, 0, 0, 0, 0, 0]",1,0.6096241151003017,-1,0
4083,"[0, 2, 0, 2, 1, 2, 0, 2, 0, 1, 0, 2, 0, 0, 0, 0, 0, 1, 0, 0, 2, 0, 0, 0, 0, 0, 0, 0, 0, 0, 0, 0, 1, 1, 2, 2, 0, 0, 2, 0, 0, 1, 1, 0, 2, 2, 0, 1, 0, 0, 0, 0, 0, 0, 0, 2, 0, 0, 0, 0, 0, 0, 0, 2, 2, 2, 3, 2, 0, 1, 1, 4, 2, 5, 1, 6, 2, 4, 2, 3, 860, 0, 0, 0, 0, 0, 0]",-1,-9.20528968337896e-06,-1,0
4084,"[0, 2, 0, 2, 1, 2, 0, 2, 0, 1, 0, 2, 0, 0, 0, 0, 0, 1, 0, 0, 2, 0, 0, 0, 0, 0, 0, 0, 0, 0, 0, 0, 1, 1, 2, 2, 0, 0, 2, 0, 0, 1, 1, 0, 2, 2, 0, 1, 0, 0, 0, 0, 0, 0, 0, 2, 0, 0, 0, 0, 0, 0, 0, 2, 2, 2, 3, 2, 0, 1, 1, 4, 2, 5, 1, 6, 2, 4, 2, 3, 860, 0, 1, 0, 0, 0, 0]",2,0.4000000000006849,-1,0
4085,"[0, 2, 0, 2, 1, 2, 0, 2, 0, 1, 0, 2, 0, 0, 0, 0, 0, 1, 0, 0, 2, 0, 0, 0, 0, 0, 0, 0, 0, 0, 0, 0, 1, 1, 2, 2, 0, 0, 2, 0, 0, 1, 1, 0, 2, 2, 0, 1, 0, 0, 0, 0, 0, 0, 0, 2, 0, 0, 0, 0, 0, 0, 0, 2, 2, 2, 3, 2, 0, 1, 1, 4, 2, 5, 1, 6, 2, 4, 2, 3, 860, 0, 1, 0, 0, 1, 0]","[[0 1 0 0]
 [1 0 0 0]]",0.6504248650587758,-1,0
4086,"[0, 2, 0, 2, 1, 2, 0, 2, 0, 1, 0, 2, 0, 0, 0, 0, 0, 1, 0, 0, 2, 0, 0, 0, 0, 0, 0, 0, 0, 0, 0, 0, 1, 1, 2, 2, 0, 0, 2, 0, 0, 1, 1, 0, 2, 2, 0, 1, 0, 0, 0, 0, 0, 0, 0, 2, 0, 0, 0, 0, 0, 0, 0, 2, 2, 2, 3, 2, 0, 1, 1, 4, 2, 5, 1, 6, 2, 4, 2, 3, 860, 0, 1, 0, 0, 0, 1]",2,-0.19999999999931506,-1,1
4087,"[0, 2, 0, 2, 1, 2, 0, 2, 0, 1, 0, 2, 0, 0, 0, 0, 0, 1, 0, 0, 2, 0, 0, 0, 0, 0, 0, 0, 0, 0, 0, 0, 1, 1, 2, 2, 0, 0, 2, 0, 0, 1, 1, 0, 2, 2, 0, 1, 0, 0, 0, 0, 0, 0, 0, 2, 0, 0, 0, 0, 0, 0, 0, 2, 2, 2, 3, 2, 0, 1, 1, 4, 2, 5, 1, 6, 2, 4, 2, 3, 860, 0, 0, 1, 0, 0, 0]","[[1 0 0 0]
 [0 1 0 0]]",-0.19999999999931506,-1,1
4088,"[0, 2, 0, 2, 1, 2, 0, 2, 0, 1, 0, 2, 0, 0, 0, 0, 0, 1, 0, 0, 2, 0, 0, 0, 0, 0, 0, 0, 0, 0, 0, 0, 1, 1, 2, 2, 0, 0, 2, 0, 0, 1, 1, 0, 2, 2, 0, 1, 0, 0, 0, 0, 0, 0, 0, 2, 0, 0, 0, 0, 0, 0, 0, 2, 2, 2, 3, 2, 0, 1, 1, 4, 2, 5, 1, 6, 2, 4, 2, 3, 860, 0, 0, 0, 0, 0, 0]",1,-7.934473674142969,-1,0
4089,"[0, 2, 0, 2, 1, 2, 0, 2, 0, 1, 0, 2, 0, 0, 0, 0, 0, 1, 0, 0, 2, 0, 0, 0, 0, 0, 0, 0, 0, 0, 0, 0, 1, 1, 2, 2, 0, 0, 2, 0, 0, 1, 1, 0, 2, 2, 0, 1, 0, 0, 0, 0, 0, 0, 0, 2, 0, 0, 0, 0, 0, 0, 0, 2, 2, 2, 3, 2, 0, 1, 1, 4, 2, 5, 1, 6, 2, 4, 2, 3, 860, 1, 0, 0, 0, 0, 0]",3,0.20000000000068496,-1,0
4090,"[0, 2, 0, 2, 1, 2, 0, 2, 0, 1, 0, 2, 0, 0, 0, 0, 0, 1, 0, 0, 2, 0, 0, 0, 0, 0, 0, 0, 0, 0, 0, 0, 1, 1, 2, 2, 0, 0, 2, 0, 0, 1, 1, 0, 2, 2, 0, 1, 0, 0, 0, 0, 0, 0, 0, 2, 0, 0, 0, 0, 0, 0, 0, 2, 2, 2, 3, 2, 0, 1, 1, 4, 2, 5, 1, 6, 2, 4, 2, 3, 860, 0, 0, 0, 0, 0, 0]",-1,-9.20528968337896e-06,-1,0
4091,"[0, 2, 0, 2, 1, 2, 0, 2, 0, 1, 0, 2, 0, 0, 0, 0, 0, 1, 0, 0, 2, 0, 0, 0, 0, 0, 0, 0, 0, 0, 0, 0, 1, 1, 2, 2, 0, 0, 2, 0, 0, 1, 1, 0, 2, 2, 0, 1, 0, 0, 0, 0, 0, 0, 0, 2, 0, 0, 0, 0, 0, 0, 0, 2, 2, 2, 3, 2, 0, 1, 1, 4, 2, 5, 1, 6, 2, 4, 2, 3, 860, 0, 1, 0, 0, 0, 0]",2,0.4000000000006849,-1,0
4092,"[0, 2, 0, 2, 1, 2, 0, 2, 0, 1, 0, 2, 0, 0, 0, 0, 0, 1, 0, 0, 2, 0, 0, 0, 0, 0, 0, 0, 0, 0, 0, 0, 1, 1, 2, 2, 0, 0, 2, 0, 0, 1, 1, 0, 2, 2, 0, 1, 0, 0, 0, 0, 0, 0, 0, 2, 0, 0, 0, 0, 0, 0, 0, 2, 2, 2, 3, 2, 0, 1, 1, 4, 2, 5, 1, 6, 2, 4, 2, 3, 860, 0, 1, 0, 0, 1, 0]","[[0 0 0 1]
 [1 0 0 0]]",0.6504248650587758,-1,0
4093,"[0, 2, 0, 2, 1, 2, 0, 2, 0, 1, 0, 2, 0, 0, 0, 0, 0, 1, 0, 0, 2, 0, 0, 0, 0, 0, 0, 0, 0, 0, 0, 0, 1, 1, 2, 2, 0, 0, 2, 0, 0, 1, 1, 0, 2, 2, 0, 1, 0, 0, 0, 0, 0, 0, 0, 2, 0, 0, 0, 0, 0, 0, 0, 2, 2, 2, 3, 2, 0, 1, 1, 4, 2, 5, 1, 6, 2, 4, 2, 3, 860, 0, 0, 0, 0, 0, 0]",1,-29.24737509655494,-1,1
4094,"[0, 3, 0, 2, 1, 3, 0, 2, 0, 1, 0, 2, 0, 0, 0, 0, 0, 1, 0, 0, 2, 0, 0, 0, 0, 0, 0, 0, 0, 0, 0, 0, 1, 1, 2, 2, 0, 0, 2, 0, 0, 1, 1, 0, 2, 2, 0, 1, 0, 0, 0, 0, 0, 0, 0, 2, 0, 0, 0, 0, 0, 0, 0, 2, 2, 2, 3, 2, 0, 1, 1, 4, 2, 5, 1, 6, 2, 4, 2, 3, 861, 0, 0, 0, 0, 0, 0]",4,12.530936367979688,-1,0
4095,"[0, 3, 0, 2, 1, 3, 0, 2, 0, 1, 0, 2, 0, 0, 0, 0, 0, 1, 0, 0, 2, 0, 0, 0, 0, 0, 0, 0, 0, 0, 0, 0, 1, 1, 2, 2, 0, 0, 2, 0, 0, 1, 1, 0, 2, 2, 0, 1, 0, 0, 0, 0, 0, 0, 0, 2, 0, 0, 0, 0, 0, 0, 0, 2, 2, 2, 3, 2, 0, 1, 1, 4, 2, 5, 1, 6, 2, 4, 2, 3, 861, 0, 1, 0, 0, 0, 0]",2,0.40000000000065805,-1,1
4096,"[0, 3, 0, 2, 1, 3, 0, 2, 0, 1, 0, 2, 0, 0, 0, 0, 0, 1, 0, 0, 2, 0, 0, 0, 0, 0, 0, 0, 0, 0, 0, 0, 1, 1, 2, 2, 0, 0, 2, 0, 0, 1, 1, 0, 2, 2, 0, 1, 0, 0, 0, 0, 0, 0, 0, 2, 0, 0, 0, 0, 0, 0, 0, 2, 2, 2, 3, 2, 0, 1, 1, 4, 2, 5, 1, 6, 2, 4, 2, 3, 861, 0, 1, 0, 0, 1, 0]","[[1 0 0 0]
 [0 0 0 1]]",0.650424865058749,-1,1
4097,"[1, 3, 0, 1, 0, 3, 0, 3, 0, 1, 0, 2, 0, 0, 0, 0, 0, 1, 0, 0, 2, 0, 0, 0, 0, 0, 0, 0, 0, 0, 0, 0, 1, 1, 2, 2, 0, 0, 2, 0, 0, 1, 1, 0, 2, 2, 0, 1, 0, 0, 0, 0, 0, 0, 0, 2, 0, 0, 0, 0, 0, 0, 0, 2, 2, 2, 3, 2, 0, 1, 1, 4, 2, 5, 1, 6, 2, 4, 2, 3, 861, 0, 0, 0, 0, 0, 0]",0,-0.19999999999934193,-1,0
4098,"[1, 3, 0, 1, 1, 3, 0, 3, 0, 1, 0, 2, 0, 0, 0, 0, 0, 1, 0, 0, 2, 0, 0, 0, 0, 0, 0, 0, 0, 0, 0, 0, 1, 1, 2, 2, 0, 0, 2, 0, 0, 1, 1, 0, 2, 2, 0, 1, 0, 0, 0, 0, 0, 0, 0, 2, 0, 0, 0, 0, 0, 0, 0, 2, 2, 2, 3, 2, 0, 1, 1, 4, 2, 5, 1, 6, 2, 4, 2, 3, 862, 0, 0, 0, 0, 0, 0]",4,14.086976798085832,-1,1
4099,"[1, 3, 0, 1, 1, 3, 0, 3, 0, 1, 0, 2, 0, 0, 0, 0, 0, 1, 0, 0, 2, 0, 0, 0, 0, 0, 0, 0, 0, 0, 0, 0, 1, 1, 2, 2, 0, 0, 2, 0, 0, 1, 1, 0, 2, 2, 0, 1, 0, 0, 0, 0, 0, 0, 0, 2, 0, 0, 0, 0, 0, 0, 0, 2, 2, 2, 3, 2, 0, 1, 1, 4, 2, 5, 1, 6, 2, 4, 2, 3, 862, 0, 0, 0, 0, 0, 0]",0,0.2949747468312156,-1,0
4100,"[1, 3, 0, 1, 1, 3, 0, 3, 0, 1, 0, 2, 0, 0, 0, 0, 0, 1, 0, 0, 2, 0, 0, 0, 0, 0, 0, 0, 0, 0, 0, 0, 1, 1, 2, 2, 0, 0, 2, 0, 0, 1, 1, 0, 2, 2, 0, 1, 0, 0, 0, 0, 0, 0, 0, 2, 0, 0, 0, 0, 0, 0, 0, 2, 2, 2, 3, 2, 0, 1, 1, 4, 2, 5, 1, 6, 2, 4, 2, 3, 862, 0, 0, 0, 0, 0, 0]",-1,-9.023012735052406e-06,-1,0
4101,"[1, 3, 0, 1, 2, 3, 0, 3, 0, 1, 0, 2, 0, 0, 0, 0, 0, 1, 0, 0, 2, 0, 0, 0, 0, 0, 0, 0, 0, 0, 0, 0, 1, 1, 2, 2, 0, 0, 2, 0, 0, 1, 1, 0, 2, 2, 0, 1, 0, 0, 0, 0, 0, 0, 0, 2, 0, 0, 0, 0, 0, 0, 0, 2, 2, 2, 3, 2, 0, 1, 1, 4, 2, 5, 1, 6, 2, 4, 2, 3, 863, 0, 0, 0, 0, 0, 0]",4,14.21160815430992,-1,1
4102,"[1, 3, 0, 1, 2, 3, 0, 3, 0, 1, 0, 2, 0, 0, 0, 0, 0, 1, 0, 0, 2, 0, 0, 0, 0, 0, 0, 0, 0, 0, 0, 0, 1, 1, 2, 2, 0, 0, 2, 0, 0, 1, 1, 0, 2, 2, 0, 1, 0, 0, 0, 0, 0, 0, 0, 2, 0, 0, 0, 0, 0, 0, 0, 2, 2, 2, 3, 2, 0, 1, 1, 4, 2, 5, 1, 6, 2, 4, 2, 3, 863, 0, 0, 0, 0, 0, 0]",0,0.29497474683119074,-1,0
4103,"[1, 3, 0, 1, 2, 3, 0, 3, 0, 1, 0, 2, 0, 0, 0, 0, 0, 1, 0, 0, 2, 0, 0, 0, 0, 0, 0, 0, 0, 0, 0, 0, 1, 1, 2, 2, 0, 0, 2, 0, 0, 1, 1, 0, 2, 2, 0, 1, 0, 0, 0, 0, 0, 0, 0, 2, 0, 0, 0, 0, 0, 0, 0, 2, 2, 2, 3, 2, 0, 1, 1, 4, 2, 5, 1, 6, 2, 4, 2, 3, 863, 0, 0, 0, 0, 0, 0]",-1,-8.933232258255262e-06,-1,0
4104,"[1, 3, 0, 1, 2, 3, 0, 3, 0, 1, 0, 2, 0, 0, 0, 0, 0, 1, 0, 0, 2, 0, 0, 0, 0, 0, 0, 0, 0, 0, 0, 0, 1, 1, 2, 2, 0, 0, 2, 0, 0, 1, 1, 0, 2, 2, 0, 1, 0, 0, 0, 0, 0, 0, 0, 2, 0, 0, 0, 0, 0, 0, 0, 2, 2, 2, 3, 2, 0, 1, 1, 4, 2, 5, 1, 6, 2, 4, 2, 3, 863, 0, 0, 0, 0, 0, 0]",0,0.29497474683119074,-1,0
4105,"[1, 3, 0, 1, 2, 3, 0, 3, 0, 1, 0, 2, 0, 0, 0, 0, 0, 1, 0, 0, 2, 0, 0, 0, 0, 0, 0, 0, 0, 0, 0, 0, 1, 1, 2, 2, 0, 0, 2, 0, 0, 1, 1, 0, 2, 2, 0, 1, 0, 0, 0, 0, 0, 0, 0, 2, 0, 0, 0, 0, 0, 0, 0, 2, 2, 2, 3, 2, 0, 1, 1, 4, 2, 5, 1, 6, 2, 4, 2, 3, 863, 0, 0, 0, 0, 0, 0]",-1,-8.933232258255262e-06,-1,0
4106,"[1, 3, 0, 1, 2, 3, 0, 3, 0, 1, 0, 2, 0, 0, 0, 0, 0, 1, 0, 0, 2, 0, 0, 0, 0, 0, 0, 0, 0, 0, 0, 0, 1, 1, 2, 2, 0, 0, 2, 0, 0, 1, 1, 0, 2, 2, 0, 1, 0, 0, 0, 0, 0, 0, 0, 2, 0, 0, 0, 0, 0, 0, 0, 2, 2, 2, 3, 2, 0, 1, 1, 4, 2, 5, 1, 6, 2, 4, 2, 3, 863, 0, 0, 0, 0, 0, 0]",0,0.29497474683119074,-1,0
4107,"[1, 3, 0, 1, 2, 3, 0, 3, 0, 1, 0, 2, 0, 0, 0, 0, 0, 1, 0, 0, 2, 0, 0, 0, 0, 0, 0, 0, 0, 0, 0, 0, 1, 1, 2, 2, 0, 0, 2, 0, 0, 1, 1, 0, 2, 2, 0, 1, 0, 0, 0, 0, 0, 0, 0, 2, 0, 0, 0, 0, 0, 0, 0, 2, 2, 2, 3, 2, 0, 1, 1, 4, 2, 5, 1, 6, 2, 4, 2, 3, 863, 0, 0, 0, 0, 0, 0]",-1,-8.933232258255262e-06,-1,0
4108,"[1, 3, 0, 1, 2, 3, 0, 3, 0, 1, 0, 2, 0, 0, 0, 0, 0, 1, 0, 0, 2, 0, 0, 0, 0, 0, 0, 0, 0, 0, 0, 0, 1, 1, 2, 2, 0, 0, 2, 0, 0, 1, 1, 0, 2, 2, 0, 1, 0, 0, 0, 0, 0, 0, 0, 2, 0, 0, 0, 0, 0, 0, 0, 2, 2, 2, 3, 2, 0, 1, 1, 4, 2, 5, 1, 6, 2, 4, 2, 3, 863, 0, 0, 0, 0, 0, 0]",0,0.29497474683119074,-1,0
4109,"[1, 3, 0, 1, 2, 3, 0, 3, 0, 1, 0, 2, 0, 0, 0, 0, 0, 1, 0, 0, 2, 0, 0, 0, 0, 0, 0, 0, 0, 0, 0, 0, 1, 1, 2, 2, 0, 0, 2, 0, 0, 1, 1, 0, 2, 2, 0, 1, 0, 0, 0, 0, 0, 0, 0, 2, 0, 0, 0, 0, 0, 0, 0, 2, 2, 2, 3, 2, 0, 1, 1, 4, 2, 5, 1, 6, 2, 4, 2, 3, 863, 0, 0, 0, 0, 0, 0]",-1,-8.933232258255262e-06,-1,0
4110,"[1, 3, 0, 1, 2, 3, 0, 3, 0, 1, 0, 2, 0, 0, 0, 0, 0, 1, 0, 0, 2, 0, 0, 0, 0, 0, 0, 0, 0, 0, 0, 0, 1, 1, 2, 2, 0, 0, 2, 0, 0, 1, 1, 0, 2, 2, 0, 1, 0, 0, 0, 0, 0, 0, 0, 2, 0, 0, 0, 0, 0, 0, 0, 2, 2, 2, 3, 2, 0, 1, 1, 4, 2, 5, 1, 6, 2, 4, 2, 3, 863, 0, 0, 0, 0, 0, 0]",0,0.29497474683119074,-1,0
4111,"[1, 3, 0, 1, 2, 3, 0, 3, 0, 1, 0, 2, 0, 0, 0, 0, 0, 1, 0, 0, 2, 0, 0, 0, 0, 0, 0, 0, 0, 0, 0, 0, 1, 1, 2, 2, 0, 0, 2, 0, 0, 1, 1, 0, 2, 2, 0, 1, 0, 0, 0, 0, 0, 0, 0, 2, 0, 0, 0, 0, 0, 0, 0, 2, 2, 2, 3, 2, 0, 1, 1, 4, 2, 5, 1, 6, 2, 4, 2, 3, 863, 0, 0, 0, 0, 0, 0]",-1,-8.933232258255262e-06,-1,0
4112,"[1, 3, 0, 1, 2, 3, 0, 3, 0, 1, 0, 2, 0, 0, 0, 0, 0, 1, 0, 0, 2, 0, 0, 0, 0, 0, 0, 0, 0, 0, 0, 0, 1, 1, 2, 2, 0, 0, 2, 0, 0, 1, 1, 0, 2, 2, 0, 1, 0, 0, 0, 0, 0, 0, 0, 2, 0, 0, 0, 0, 0, 0, 0, 2, 2, 2, 3, 2, 0, 1, 1, 4, 2, 5, 1, 6, 2, 4, 2, 3, 863, 0, 0, 0, 0, 0, 0]",0,0.29497474683119074,-1,0
4113,"[1, 3, 0, 1, 2, 3, 0, 3, 0, 1, 0, 2, 0, 0, 0, 0, 0, 1, 0, 0, 2, 0, 0, 0, 0, 0, 0, 0, 0, 0, 0, 0, 1, 1, 2, 2, 0, 0, 2, 0, 0, 1, 1, 0, 2, 2, 0, 1, 0, 0, 0, 0, 0, 0, 0, 2, 0, 0, 0, 0, 0, 0, 0, 2, 2, 2, 3, 2, 0, 1, 1, 4, 2, 5, 1, 6, 2, 4, 2, 3, 863, 0, 0, 0, 0, 0, 0]",-1,-8.933232258255262e-06,-1,0
4114,"[1, 3, 0, 1, 2, 3, 0, 3, 0, 1, 0, 2, 0, 0, 0, 0, 0, 1, 0, 0, 2, 0, 0, 0, 0, 0, 0, 0, 0, 0, 0, 0, 1, 1, 2, 2, 0, 0, 2, 0, 0, 1, 1, 0, 2, 2, 0, 1, 0, 0, 0, 0, 0, 0, 0, 2, 0, 0, 0, 0, 0, 0, 0, 2, 2, 2, 3, 2, 0, 1, 1, 4, 2, 5, 1, 6, 2, 4, 2, 3, 863, 0, 0, 0, 0, 0, 0]",0,0.29497474683119074,-1,0
4115,"[1, 3, 0, 1, 2, 3, 0, 3, 0, 1, 0, 2, 0, 0, 0, 0, 0, 1, 0, 0, 2, 0, 0, 0, 0, 0, 0, 0, 0, 0, 0, 0, 1, 1, 2, 2, 0, 0, 2, 0, 0, 1, 1, 0, 2, 2, 0, 1, 0, 0, 0, 0, 0, 0, 0, 2, 0, 0, 0, 0, 0, 0, 0, 2, 2, 2, 3, 2, 0, 1, 1, 4, 2, 5, 1, 6, 2, 4, 2, 3, 863, 0, 0, 0, 0, 0, 0]",-1,-8.933232258255262e-06,-1,0
4116,"[1, 3, 0, 1, 2, 3, 0, 3, 0, 1, 0, 2, 0, 0, 0, 0, 0, 1, 0, 0, 2, 0, 0, 0, 0, 0, 0, 0, 0, 0, 0, 0, 1, 1, 2, 2, 0, 0, 2, 0, 0, 1, 1, 0, 2, 2, 0, 1, 0, 0, 0, 0, 0, 0, 0, 2, 0, 0, 0, 0, 0, 0, 0, 2, 2, 2, 3, 2, 0, 1, 1, 4, 2, 5, 1, 6, 2, 4, 2, 3, 863, 0, 1, 0, 0, 0, 0]",2,0.4000000000006074,-1,0
4117,"[1, 3, 0, 1, 2, 3, 0, 3, 0, 1, 0, 2, 0, 0, 0, 0, 0, 1, 0, 0, 2, 0, 0, 0, 0, 0, 0, 0, 0, 0, 0, 0, 1, 1, 2, 2, 0, 0, 2, 0, 0, 1, 1, 0, 2, 2, 0, 1, 0, 0, 0, 0, 0, 0, 0, 2, 0, 0, 0, 0, 0, 0, 0, 2, 2, 2, 3, 2, 0, 1, 1, 4, 2, 5, 1, 6, 2, 4, 2, 3, 863, 0, 0, 0, 0, 0, 0]",-1,-8.933232258255262e-06,-1,0
4118,"[1, 3, 0, 1, 2, 3, 0, 3, 0, 1, 0, 2, 0, 0, 0, 0, 0, 1, 0, 0, 2, 0, 0, 0, 0, 0, 0, 0, 0, 0, 0, 0, 1, 1, 2, 2, 0, 0, 2, 0, 0, 1, 1, 0, 2, 2, 0, 1, 0, 0, 0, 0, 0, 0, 0, 2, 0, 0, 0, 0, 0, 0, 0, 2, 2, 2, 3, 2, 0, 1, 1, 4, 2, 5, 1, 6, 2, 4, 2, 3, 863, 0, 0, 0, 0, 0, 0]",1,0.6096241151002242,-1,0
4119,"[1, 3, 0, 1, 2, 3, 0, 3, 0, 1, 0, 2, 0, 0, 0, 0, 0, 1, 0, 0, 2, 0, 0, 0, 0, 0, 0, 0, 0, 0, 0, 0, 1, 1, 2, 2, 0, 0, 2, 0, 0, 1, 1, 0, 2, 2, 0, 1, 0, 0, 0, 0, 0, 0, 0, 2, 0, 0, 0, 0, 0, 0, 0, 2, 2, 2, 3, 2, 0, 1, 1, 4, 2, 5, 1, 6, 2, 4, 2, 3, 863, 0, 0, 0, 0, 0, 0]",-1,-8.933232258255262e-06,-1,0
4120,"[1, 3, 0, 1, 2, 3, 0, 3, 0, 1, 0, 2, 0, 0, 0, 0, 0, 1, 0, 0, 2, 0, 0, 0, 0, 0, 0, 0, 0, 0, 0, 0, 1, 1, 2, 2, 0, 0, 2, 0, 0, 1, 1, 0, 2, 2, 0, 1, 0, 0, 0, 0, 0, 0, 0, 2, 0, 0, 0, 0, 0, 0, 0, 2, 2, 2, 3, 2, 0, 1, 1, 4, 2, 5, 1, 6, 2, 4, 2, 3, 863, 0, 1, 0, 0, 0, 0]",2,0.4000000000006074,-1,0
4121,"[1, 3, 0, 1, 2, 3, 0, 3, 0, 1, 0, 2, 0, 0, 0, 0, 0, 1, 0, 0, 2, 0, 0, 0, 0, 0, 0, 0, 0, 0, 0, 0, 1, 1, 2, 2, 0, 0, 2, 0, 0, 1, 1, 0, 2, 2, 0, 1, 0, 0, 0, 0, 0, 0, 0, 2, 0, 0, 0, 0, 0, 0, 0, 2, 2, 2, 3, 2, 0, 1, 1, 4, 2, 5, 1, 6, 2, 4, 2, 3, 863, 0, 0, 0, 0, 0, 0]",-1,-8.933232258255262e-06,-1,0
4122,"[1, 3, 0, 1, 2, 3, 0, 3, 0, 1, 0, 2, 0, 0, 0, 0, 0, 1, 0, 0, 2, 0, 0, 0, 0, 0, 0, 0, 0, 0, 0, 0, 1, 1, 2, 2, 0, 0, 2, 0, 0, 1, 1, 0, 2, 2, 0, 1, 0, 0, 0, 0, 0, 0, 0, 2, 0, 0, 0, 0, 0, 0, 0, 2, 2, 2, 3, 2, 0, 1, 1, 4, 2, 5, 1, 6, 2, 4, 2, 3, 863, 0, 0, 0, 0, 0, 0]",1,0.6096241151002242,-1,0
4123,"[1, 3, 0, 1, 2, 3, 0, 3, 0, 1, 0, 2, 0, 0, 0, 0, 0, 1, 0, 0, 2, 0, 0, 0, 0, 0, 0, 0, 0, 0, 0, 0, 1, 1, 2, 2, 0, 0, 2, 0, 0, 1, 1, 0, 2, 2, 0, 1, 0, 0, 0, 0, 0, 0, 0, 2, 0, 0, 0, 0, 0, 0, 0, 2, 2, 2, 3, 2, 0, 1, 1, 4, 2, 5, 1, 6, 2, 4, 2, 3, 863, 0, 0, 0, 0, 0, 0]",-1,-8.933232258255262e-06,-1,0
4124,"[1, 3, 0, 1, 2, 3, 0, 3, 0, 1, 0, 2, 0, 0, 0, 0, 0, 1, 0, 0, 2, 0, 0, 0, 0, 0, 0, 0, 0, 0, 0, 0, 1, 1, 2, 2, 0, 0, 2, 0, 0, 1, 1, 0, 2, 2, 0, 1, 0, 0, 0, 0, 0, 0, 0, 2, 0, 0, 0, 0, 0, 0, 0, 2, 2, 2, 3, 2, 0, 1, 1, 4, 2, 5, 1, 6, 2, 4, 2, 3, 863, 0, 1, 0, 0, 0, 0]",2,0.4000000000006074,-1,0
4125,"[1, 3, 0, 1, 2, 3, 0, 3, 0, 1, 0, 2, 0, 0, 0, 0, 0, 1, 0, 0, 2, 0, 0, 0, 0, 0, 0, 0, 0, 0, 0, 0, 1, 1, 2, 2, 0, 0, 2, 0, 0, 1, 1, 0, 2, 2, 0, 1, 0, 0, 0, 0, 0, 0, 0, 2, 0, 0, 0, 0, 0, 0, 0, 2, 2, 2, 3, 2, 0, 1, 1, 4, 2, 5, 1, 6, 2, 4, 2, 3, 863, 0, 0, 0, 0, 0, 0]",-1,-8.933232258255262e-06,-1,0
4126,"[1, 3, 0, 1, 2, 3, 0, 3, 0, 1, 0, 2, 0, 0, 0, 0, 0, 1, 0, 0, 2, 0, 0, 0, 0, 0, 0, 0, 0, 0, 0, 0, 1, 1, 2, 2, 0, 0, 2, 0, 0, 1, 1, 0, 2, 2, 0, 1, 0, 0, 0, 0, 0, 0, 0, 2, 0, 0, 0, 0, 0, 0, 0, 2, 2, 2, 3, 2, 0, 1, 1, 4, 2, 5, 1, 6, 2, 4, 2, 3, 863, 0, 0, 0, 0, 0, 0]",1,0.6096241151002242,-1,0
4127,"[1, 3, 0, 1, 2, 3, 0, 3, 0, 1, 0, 2, 0, 0, 0, 0, 0, 1, 0, 0, 2, 0, 0, 0, 0, 0, 0, 0, 0, 0, 0, 0, 1, 1, 2, 2, 0, 0, 2, 0, 0, 1, 1, 0, 2, 2, 0, 1, 0, 0, 0, 0, 0, 0, 0, 2, 0, 0, 0, 0, 0, 0, 0, 2, 2, 2, 3, 2, 0, 1, 1, 4, 2, 5, 1, 6, 2, 4, 2, 3, 863, 0, 0, 0, 0, 0, 0]",-1,-8.933232258255262e-06,-1,0
4128,"[1, 3, 0, 1, 2, 3, 0, 3, 0, 1, 0, 2, 0, 0, 0, 0, 0, 1, 0, 0, 2, 0, 0, 0, 0, 0, 0, 0, 0, 0, 0, 0, 1, 1, 2, 2, 0, 0, 2, 0, 0, 1, 1, 0, 2, 2, 0, 1, 0, 0, 0, 0, 0, 0, 0, 2, 0, 0, 0, 0, 0, 0, 0, 2, 2, 2, 3, 2, 0, 1, 1, 4, 2, 5, 1, 6, 2, 4, 2, 3, 863, 1, 0, 0, 0, 0, 0]",3,0.20000000000060747,-1,0
4129,"[1, 3, 0, 1, 2, 3, 0, 3, 0, 1, 0, 2, 0, 0, 0, 0, 0, 1, 0, 0, 2, 0, 0, 0, 0, 0, 0, 0, 0, 0, 0, 0, 1, 1, 2, 2, 0, 0, 2, 0, 0, 1, 1, 0, 2, 2, 0, 1, 0, 0, 0, 0, 0, 0, 0, 2, 0, 0, 0, 0, 0, 0, 0, 2, 2, 2, 3, 2, 0, 1, 1, 4, 2, 5, 1, 6, 2, 4, 2, 3, 863, 0, 0, 0, 0, 0, 0]",-1,-8.933232258255262e-06,-1,0
4130,"[1, 4, 0, 1, 2, 4, 0, 3, 0, 1, 0, 2, 0, 0, 0, 0, 0, 1, 0, 0, 2, 0, 0, 0, 0, 0, 0, 0, 0, 0, 0, 0, 1, 1, 2, 2, 0, 0, 2, 0, 0, 1, 1, 0, 2, 2, 0, 1, 0, 0, 0, 0, 0, 0, 0, 2, 0, 0, 0, 0, 0, 0, 0, 2, 2, 2, 3, 2, 0, 1, 1, 4, 2, 5, 1, 6, 2, 4, 2, 3, 864, 0, 0, 0, 0, 0, 0]",4,12.545786093054389,-1,0
4131,"[1, 4, 0, 1, 3, 4, 0, 3, 0, 1, 0, 2, 0, 0, 0, 0, 0, 1, 0, 0, 2, 0, 0, 0, 0, 0, 0, 0, 0, 0, 0, 0, 1, 1, 2, 2, 0, 0, 2, 0, 0, 1, 1, 0, 2, 2, 0, 1, 0, 0, 0, 0, 0, 0, 0, 2, 0, 0, 0, 0, 0, 0, 0, 2, 2, 2, 3, 2, 0, 1, 1, 4, 2, 5, 1, 6, 2, 4, 2, 3, 865, 0, 0, 0, 0, 0, 0]",4,14.16213206912623,-1,1
4132,"[1, 4, 0, 1, 4, 4, 0, 3, 0, 1, 0, 2, 0, 0, 0, 0, 0, 1, 0, 0, 2, 0, 0, 0, 0, 0, 0, 0, 0, 0, 0, 0, 1, 1, 2, 2, 0, 0, 2, 0, 0, 1, 1, 0, 2, 2, 0, 1, 0, 0, 0, 0, 0, 0, 0, 2, 0, 0, 0, 0, 0, 0, 0, 2, 2, 2, 3, 2, 0, 1, 1, 4, 2, 5, 1, 6, 2, 4, 2, 3, 866, 0, 0, 0, 0, 0, 0]",4,12.545785739274644,-1,0
4133,"[1, 4, 0, 1, 4, 4, 0, 3, 0, 1, 0, 2, 0, 0, 0, 0, 0, 1, 0, 0, 2, 0, 0, 0, 0, 0, 0, 0, 0, 0, 0, 0, 1, 1, 2, 2, 0, 0, 2, 0, 0, 1, 1, 0, 2, 2, 0, 1, 0, 0, 0, 0, 0, 0, 0, 2, 0, 0, 0, 0, 0, 0, 0, 2, 2, 2, 3, 2, 0, 1, 1, 4, 2, 5, 1, 6, 2, 4, 2, 3, 866, 0, 1, 0, 0, 0, 0]",2,0.4000000000005388,-1,1
4134,"[1, 4, 0, 1, 4, 4, 0, 3, 0, 1, 0, 2, 0, 0, 0, 0, 0, 1, 0, 0, 2, 0, 0, 0, 0, 0, 0, 0, 0, 0, 0, 0, 1, 1, 2, 2, 0, 0, 2, 0, 0, 1, 1, 0, 2, 2, 0, 1, 0, 0, 0, 0, 0, 0, 0, 2, 0, 0, 0, 0, 0, 0, 0, 2, 2, 2, 3, 2, 0, 1, 1, 4, 2, 5, 1, 6, 2, 4, 2, 3, 866, 0, 1, 0, 0, 1, 0]","[[1 0 0 0]
 [0 0 0 1]]",0.6504248650586297,-1,1
4135,"[2, 4, 0, 0, 3, 4, 0, 4, 0, 1, 0, 2, 0, 0, 0, 0, 0, 1, 0, 0, 2, 0, 0, 0, 0, 0, 0, 0, 0, 0, 0, 0, 1, 1, 2, 2, 0, 0, 2, 0, 0, 1, 1, 0, 2, 2, 0, 1, 0, 0, 0, 0, 0, 0, 0, 2, 0, 0, 0, 0, 0, 0, 0, 2, 2, 2, 3, 2, 0, 1, 1, 4, 2, 5, 1, 6, 2, 4, 2, 3, 866, 0, 0, 0, 0, 0, 0]",0,-0.1999999999994612,-1,0
4136,"[2, 4, 0, 0, 3, 4, 0, 4, 0, 1, 0, 2, 0, 0, 0, 0, 0, 1, 0, 0, 2, 0, 0, 0, 0, 0, 0, 0, 0, 0, 0, 0, 1, 1, 2, 2, 0, 0, 2, 0, 0, 1, 1, 0, 2, 2, 0, 1, 0, 0, 0, 0, 0, 0, 0, 2, 0, 0, 0, 0, 0, 0, 0, 2, 2, 2, 3, 2, 0, 1, 1, 4, 2, 5, 1, 6, 2, 4, 2, 3, 867, 0, 0, 0, 0, 0, 0]",4,14.14353152173676,-1,1
4137,"[2, 4, 0, 0, 3, 4, 0, 4, 0, 1, 0, 2, 0, 0, 0, 0, 0, 1, 0, 0, 2, 0, 0, 0, 0, 0, 0, 0, 0, 0, 0, 0, 1, 1, 2, 2, 0, 0, 2, 0, 0, 1, 1, 0, 2, 2, 0, 1, 0, 0, 0, 0, 0, 0, 0, 2, 0, 0, 0, 0, 0, 0, 0, 2, 2, 2, 3, 2, 0, 1, 1, 4, 2, 5, 1, 6, 2, 4, 2, 3, 867, 0, 1, 0, 0, 0, 0]",2,0.4000000000005176,-1,0
4138,"[2, 4, 0, 0, 3, 4, 0, 4, 0, 1, 0, 2, 0, 0, 0, 0, 0, 1, 0, 0, 2, 0, 0, 0, 0, 0, 0, 0, 0, 0, 0, 0, 1, 1, 2, 2, 0, 0, 2, 0, 0, 1, 1, 0, 2, 2, 0, 1, 0, 0, 0, 0, 0, 0, 0, 2, 0, 0, 0, 0, 0, 0, 0, 2, 2, 2, 3, 2, 0, 1, 1, 4, 2, 5, 1, 6, 2, 4, 2, 3, 867, 0, 1, 0, 0, 1, 0]","[[0 1 0 0]
 [0 0 0 1]]",0.6504248650586085,-1,0
4139,"[2, 3, 0, 1, 3, 5, 0, 3, 0, 1, 0, 2, 0, 0, 0, 0, 0, 1, 0, 0, 2, 0, 0, 0, 0, 0, 0, 0, 0, 0, 0, 0, 1, 1, 2, 2, 0, 0, 2, 0, 0, 1, 1, 0, 2, 2, 0, 1, 0, 0, 0, 0, 0, 0, 0, 2, 0, 0, 0, 0, 0, 0, 0, 2, 2, 2, 3, 2, 0, 1, 1, 4, 2, 5, 1, 6, 2, 4, 2, 3, 867, 0, 0, 0, 0, 0, 0]",0,-0.19999999999948234,-1,1
4140,"[2, 3, 0, 1, 3, 5, 0, 3, 0, 1, 0, 2, 0, 0, 0, 0, 0, 1, 0, 0, 2, 0, 0, 0, 0, 0, 0, 0, 0, 0, 0, 0, 1, 1, 2, 2, 0, 0, 2, 0, 0, 1, 1, 0, 2, 2, 0, 1, 0, 0, 0, 0, 0, 0, 0, 2, 0, 0, 0, 0, 0, 0, 0, 2, 2, 2, 3, 2, 0, 1, 1, 4, 2, 5, 1, 6, 2, 4, 2, 3, 867, 0, 0, 0, 0, 0, 0]",1,0.6096241151001344,-1,0
4141,"[2, 3, 0, 1, 3, 5, 0, 3, 0, 1, 0, 2, 0, 0, 0, 0, 0, 1, 0, 0, 2, 0, 0, 0, 0, 0, 0, 0, 0, 0, 0, 0, 1, 1, 2, 2, 0, 0, 2, 0, 0, 1, 1, 0, 2, 2, 0, 1, 0, 0, 0, 0, 0, 0, 0, 2, 0, 0, 0, 0, 0, 0, 0, 2, 2, 2, 3, 2, 0, 1, 1, 4, 2, 5, 1, 6, 2, 4, 2, 3, 867, 0, 0, 0, 0, 0, 0]",-1,-8.582955211226523e-06,-1,0
4142,"[2, 3, 0, 1, 3, 5, 0, 3, 0, 1, 0, 2, 0, 0, 0, 0, 0, 1, 0, 0, 2, 0, 0, 0, 0, 0, 0, 0, 0, 0, 0, 0, 1, 1, 2, 2, 0, 0, 2, 0, 0, 1, 1, 0, 2, 2, 0, 1, 0, 0, 0, 0, 0, 0, 0, 2, 0, 0, 0, 0, 0, 0, 0, 2, 2, 2, 3, 2, 0, 1, 1, 4, 2, 5, 1, 6, 2, 4, 2, 3, 867, 0, 0, 0, 0, 0, 0]",1,0.6096241151001344,-1,0
4143,"[2, 3, 0, 1, 3, 5, 0, 3, 0, 1, 0, 2, 0, 0, 0, 0, 0, 1, 0, 0, 2, 0, 0, 0, 0, 0, 0, 0, 0, 0, 0, 0, 1, 1, 2, 2, 0, 0, 2, 0, 0, 1, 1, 0, 2, 2, 0, 1, 0, 0, 0, 0, 0, 0, 0, 2, 0, 0, 0, 0, 0, 0, 0, 2, 2, 2, 3, 2, 0, 1, 1, 4, 2, 5, 1, 6, 2, 4, 2, 3, 867, 0, 0, 0, 0, 0, 0]",-1,-8.582955211226523e-06,-1,0
4144,"[2, 3, 0, 1, 3, 5, 0, 3, 0, 1, 0, 2, 0, 0, 0, 0, 0, 1, 0, 0, 2, 0, 0, 0, 0, 0, 0, 0, 0, 0, 0, 0, 1, 1, 2, 2, 0, 0, 2, 0, 0, 1, 1, 0, 2, 2, 0, 1, 0, 0, 0, 0, 0, 0, 0, 2, 0, 0, 0, 0, 0, 0, 0, 2, 2, 2, 3, 2, 0, 1, 1, 4, 2, 5, 1, 6, 2, 4, 2, 3, 867, 0, 1, 0, 0, 0, 0]",2,0.4000000000005176,-1,0
4145,"[2, 3, 0, 1, 3, 5, 0, 3, 0, 1, 0, 2, 0, 0, 0, 0, 0, 1, 0, 0, 2, 0, 0, 0, 0, 0, 0, 0, 0, 0, 0, 0, 1, 1, 2, 2, 0, 0, 2, 0, 0, 1, 1, 0, 2, 2, 0, 1, 0, 0, 0, 0, 0, 0, 0, 2, 0, 0, 0, 0, 0, 0, 0, 2, 2, 2, 3, 2, 0, 1, 1, 4, 2, 5, 1, 6, 2, 4, 2, 3, 867, 0, 0, 0, 0, 0, 0]",-1,-8.582955211226523e-06,-1,0
4146,"[2, 4, 0, 1, 3, 6, 0, 3, 0, 1, 0, 2, 0, 0, 0, 0, 0, 1, 0, 0, 2, 0, 0, 0, 0, 0, 0, 0, 0, 0, 0, 0, 1, 1, 2, 2, 0, 0, 2, 0, 0, 1, 1, 0, 2, 2, 0, 1, 0, 0, 0, 0, 0, 0, 0, 2, 0, 0, 0, 0, 0, 0, 0, 2, 2, 2, 3, 2, 0, 1, 1, 4, 2, 5, 1, 6, 2, 4, 2, 3, 868, 0, 0, 0, 0, 0, 0]",4,12.628603247924566,-1,0
4147,"[2, 4, 0, 1, 3, 6, 0, 3, 0, 1, 0, 2, 0, 0, 0, 0, 0, 1, 0, 0, 2, 0, 0, 0, 0, 0, 0, 0, 0, 0, 0, 0, 1, 1, 2, 2, 0, 0, 2, 0, 0, 1, 1, 0, 2, 2, 0, 1, 0, 0, 0, 0, 0, 0, 0, 2, 0, 0, 0, 0, 0, 0, 0, 2, 2, 2, 3, 2, 0, 1, 1, 4, 2, 5, 1, 6, 2, 4, 2, 3, 869, 0, 0, 0, 0, 0, 0]",4,14.062013226727224,-1,1
4148,"[2, 4, 0, 1, 3, 6, 0, 3, 0, 1, 0, 2, 0, 0, 0, 0, 0, 1, 0, 0, 2, 0, 0, 0, 0, 0, 0, 0, 0, 0, 0, 0, 1, 1, 2, 2, 0, 0, 2, 0, 0, 1, 1, 0, 2, 2, 0, 1, 0, 0, 0, 0, 0, 0, 0, 2, 0, 0, 0, 0, 0, 0, 0, 2, 2, 2, 3, 2, 0, 1, 1, 4, 2, 5, 1, 6, 2, 4, 2, 3, 869, 1, 0, 0, 0, 0, 0]",3,0.2000000000004779,-1,0
4149,"[0, 4, 0, 2, 3, 6, 0, 3, 0, 1, 0, 2, 0, 0, 0, 0, 0, 1, 0, 0, 2, 0, 0, 0, 0, 0, 0, 0, 0, 0, 0, 0, 1, 1, 2, 2, 0, 0, 2, 0, 0, 1, 1, 0, 2, 2, 0, 1, 0, 0, 0, 0, 0, 0, 0, 2, 0, 0, 0, 0, 0, 0, 0, 2, 2, 2, 3, 2, 0, 1, 1, 4, 2, 5, 1, 6, 2, 4, 2, 3, 869, 0, 0, 0, 0, 0, 0]","[[2 0 0 0]
 [0 0 0 1]]",-0.19854231808848105,-1,0
4150,"[0, 4, 0, 2, 3, 6, 0, 3, 0, 1, 0, 2, 0, 0, 0, 0, 0, 1, 0, 0, 2, 0, 0, 0, 0, 0, 0, 0, 0, 0, 0, 0, 1, 1, 2, 2, 0, 0, 2, 0, 0, 1, 1, 0, 2, 2, 0, 1, 0, 0, 0, 0, 0, 0, 0, 2, 0, 0, 0, 0, 0, 0, 0, 2, 2, 2, 3, 2, 0, 1, 1, 4, 2, 5, 1, 6, 2, 4, 2, 3, 869, 0, 0, 0, 0, 0, 0]",1,0.6096241151000946,-1,0
4151,"[0, 4, 0, 2, 3, 6, 0, 3, 0, 1, 0, 2, 0, 0, 0, 0, 0, 1, 0, 0, 2, 0, 0, 0, 0, 0, 0, 0, 0, 0, 0, 0, 1, 1, 2, 2, 0, 0, 2, 0, 0, 1, 1, 0, 2, 2, 0, 1, 0, 0, 0, 0, 0, 0, 0, 2, 0, 0, 0, 0, 0, 0, 0, 2, 2, 2, 3, 2, 0, 1, 1, 4, 2, 5, 1, 6, 2, 4, 2, 3, 869, 0, 0, 0, 0, 0, 0]",-1,-8.413001311095542e-06,-1,0
4152,"[0, 4, 0, 2, 3, 6, 0, 3, 0, 1, 0, 2, 0, 0, 0, 0, 0, 1, 0, 0, 2, 0, 0, 0, 0, 0, 0, 0, 0, 0, 0, 0, 1, 1, 2, 2, 0, 0, 2, 0, 0, 1, 1, 0, 2, 2, 0, 1, 0, 0, 0, 0, 0, 0, 0, 2, 0, 0, 0, 0, 0, 0, 0, 2, 2, 2, 3, 2, 0, 1, 1, 4, 2, 5, 1, 6, 2, 4, 2, 3, 869, 1, 0, 0, 0, 0, 0]",3,0.2000000000004779,-1,0
4153,"[0, 4, 0, 2, 3, 6, 0, 3, 0, 1, 0, 2, 0, 0, 0, 0, 0, 1, 0, 0, 2, 0, 0, 0, 0, 0, 0, 0, 0, 0, 0, 0, 1, 1, 2, 2, 0, 0, 2, 0, 0, 1, 1, 0, 2, 2, 0, 1, 0, 0, 0, 0, 0, 0, 0, 2, 0, 0, 0, 0, 0, 0, 0, 2, 2, 2, 3, 2, 0, 1, 1, 4, 2, 5, 1, 6, 2, 4, 2, 3, 869, 0, 0, 0, 0, 0, 0]",-1,-8.413001311095542e-06,-1,0
4154,"[0, 4, 0, 2, 3, 6, 0, 3, 0, 1, 0, 2, 0, 0, 0, 0, 0, 1, 0, 0, 2, 0, 0, 0, 0, 0, 0, 0, 0, 0, 0, 0, 1, 1, 2, 2, 0, 0, 2, 0, 0, 1, 1, 0, 2, 2, 0, 1, 0, 0, 0, 0, 0, 0, 0, 2, 0, 0, 0, 0, 0, 0, 0, 2, 2, 2, 3, 2, 0, 1, 1, 4, 2, 5, 1, 6, 2, 4, 2, 3, 869, 1, 0, 0, 0, 0, 0]",3,0.2000000000004779,-1,0
4155,"[0, 4, 0, 2, 3, 6, 0, 3, 0, 1, 0, 2, 0, 0, 0, 0, 0, 1, 0, 0, 2, 0, 0, 0, 0, 0, 0, 0, 0, 0, 0, 0, 1, 1, 2, 2, 0, 0, 2, 0, 0, 1, 1, 0, 2, 2, 0, 1, 0, 0, 0, 0, 0, 0, 0, 2, 0, 0, 0, 0, 0, 0, 0, 2, 2, 2, 3, 2, 0, 1, 1, 4, 2, 5, 1, 6, 2, 4, 2, 3, 869, 0, 0, 0, 0, 0, 0]",-1,-8.413001311095542e-06,-1,0
4156,"[0, 5, 0, 2, 3, 7, 0, 3, 0, 1, 0, 2, 0, 0, 0, 0, 0, 1, 0, 0, 2, 0, 0, 0, 0, 0, 0, 0, 0, 0, 0, 0, 1, 1, 2, 2, 0, 0, 2, 0, 0, 1, 1, 0, 2, 2, 0, 1, 0, 0, 0, 0, 0, 0, 0, 2, 0, 0, 0, 0, 0, 0, 0, 2, 2, 2, 3, 2, 0, 1, 1, 4, 2, 5, 1, 6, 2, 4, 2, 3, 870, 0, 0, 0, 0, 0, 0]",4,12.384987624329813,-1,0
4157,"[0, 2, 0, 1, 1, 3, 0, 1, 0, 1, 0, 2, 0, 0, 0, 0, 0, 1, 0, 0, 2, 0, 0, 0, 0, 0, 0, 0, 0, 0, 0, 0, 1, 1, 2, 2, 0, 0, 2, 0, 0, 1, 1, 0, 2, 2, 0, 1, 0, 0, 0, 0, 0, 0, 0, 2, 0, 0, 0, 0, 0, 0, 0, 2, 2, 2, 3, 2, 0, 1, 1, 4, 2, 5, 1, 6, 2, 4, 2, 5, 871, 0, 0, 0, 0, 0, 0]",4,14.112972124896972,-1,1
4158,"[0, 2, 0, 1, 1, 3, 0, 1, 0, 1, 0, 2, 0, 0, 0, 0, 0, 1, 0, 0, 2, 0, 0, 0, 0, 0, 0, 0, 0, 0, 0, 0, 1, 1, 2, 2, 0, 0, 2, 0, 0, 1, 1, 0, 2, 2, 0, 1, 0, 0, 0, 0, 0, 0, 0, 2, 0, 0, 0, 0, 0, 0, 0, 2, 2, 2, 3, 2, 0, 1, 1, 4, 2, 5, 1, 6, 2, 4, 2, 5, 871, 1, 0, 0, 0, 0, 0]",3,0.20000000000044113,-1,0
4159,"[0, 2, 0, 1, 1, 3, 0, 1, 0, 1, 0, 2, 0, 0, 0, 0, 0, 1, 0, 0, 2, 0, 0, 0, 0, 0, 0, 0, 0, 0, 0, 0, 1, 1, 2, 2, 0, 0, 2, 0, 0, 1, 1, 0, 2, 2, 0, 1, 0, 0, 0, 0, 0, 0, 0, 2, 0, 0, 0, 0, 0, 0, 0, 2, 2, 2, 3, 2, 0, 1, 1, 4, 2, 5, 1, 6, 2, 4, 2, 5, 871, 0, 0, 0, 0, 0, 0]",-1,-8.246412723663832e-06,-1,0
4160,"[0, 2, 0, 1, 1, 3, 0, 1, 0, 1, 0, 2, 0, 0, 0, 0, 0, 1, 0, 0, 2, 0, 0, 0, 0, 0, 0, 0, 0, 0, 0, 0, 1, 1, 2, 2, 0, 0, 2, 0, 0, 1, 1, 0, 2, 2, 0, 1, 0, 0, 0, 0, 0, 0, 0, 2, 0, 0, 0, 0, 0, 0, 0, 2, 2, 2, 3, 2, 0, 1, 1, 4, 2, 5, 1, 6, 2, 4, 2, 5, 871, 1, 0, 0, 0, 0, 0]",3,0.20000000000044113,-1,0
4161,"[0, 2, 0, 1, 1, 3, 0, 1, 0, 1, 0, 2, 0, 0, 0, 0, 0, 1, 0, 0, 2, 0, 0, 0, 0, 0, 0, 0, 0, 0, 0, 0, 1, 1, 2, 2, 0, 0, 2, 0, 0, 1, 1, 0, 2, 2, 0, 1, 0, 0, 0, 0, 0, 0, 0, 2, 0, 0, 0, 0, 0, 0, 0, 2, 2, 2, 3, 2, 0, 1, 1, 4, 2, 5, 1, 6, 2, 4, 2, 5, 871, 0, 0, 0, 0, 0, 0]",-1,-8.246412723663832e-06,-1,0
4162,"[0, 2, 0, 1, 1, 3, 0, 1, 0, 1, 0, 2, 0, 0, 0, 0, 0, 1, 0, 0, 2, 0, 0, 0, 0, 0, 0, 0, 0, 0, 0, 0, 1, 1, 2, 2, 0, 0, 2, 0, 0, 1, 1, 0, 2, 2, 0, 1, 0, 0, 0, 0, 0, 0, 0, 2, 0, 0, 0, 0, 0, 0, 0, 2, 2, 2, 3, 2, 0, 1, 1, 4, 2, 5, 1, 6, 2, 4, 2, 5, 871, 0, 1, 0, 0, 0, 0]",2,0.4000000000004411,-1,0
4163,"[0, 2, 0, 1, 1, 3, 0, 1, 0, 1, 0, 2, 0, 0, 0, 0, 0, 1, 0, 0, 2, 0, 0, 0, 0, 0, 0, 0, 0, 0, 0, 0, 1, 1, 2, 2, 0, 0, 2, 0, 0, 1, 1, 0, 2, 2, 0, 1, 0, 0, 0, 0, 0, 0, 0, 2, 0, 0, 0, 0, 0, 0, 0, 2, 2, 2, 3, 2, 0, 1, 1, 4, 2, 5, 1, 6, 2, 4, 2, 5, 871, 0, 1, 0, 0, 1, 0]","[[0 1 0 0]
 [1 0 0 0]]",0.650424865058532,-1,0
4164,"[0, 2, 0, 1, 1, 3, 0, 1, 0, 1, 0, 2, 0, 0, 0, 0, 0, 1, 0, 0, 2, 0, 0, 0, 0, 0, 0, 0, 0, 0, 0, 0, 1, 1, 2, 2, 0, 0, 2, 0, 0, 1, 1, 0, 2, 2, 0, 1, 0, 0, 0, 0, 0, 0, 0, 2, 0, 0, 0, 0, 0, 0, 0, 2, 2, 2, 3, 2, 0, 1, 1, 4, 2, 5, 1, 6, 2, 4, 2, 5, 871, 0, 1, 0, 0, 0, 1]",2,-0.1999999999995589,-1,1
4165,"[0, 2, 0, 1, 1, 3, 0, 1, 0, 1, 0, 2, 0, 0, 0, 0, 0, 1, 0, 0, 2, 0, 0, 0, 0, 0, 0, 0, 0, 0, 0, 0, 1, 1, 2, 2, 0, 0, 2, 0, 0, 1, 1, 0, 2, 2, 0, 1, 0, 0, 0, 0, 0, 0, 0, 2, 0, 0, 0, 0, 0, 0, 0, 2, 2, 2, 3, 2, 0, 1, 1, 4, 2, 5, 1, 6, 2, 4, 2, 5, 871, 0, 0, 1, 0, 0, 0]","[[1 0 0 0]
 [0 1 0 0]]",-0.1999999999995589,-1,1
4166,"[1, 1, 0, 1, 0, 4, 0, 1, 0, 1, 0, 2, 0, 0, 0, 0, 0, 1, 0, 0, 2, 0, 0, 0, 0, 0, 0, 0, 0, 0, 0, 0, 1, 1, 2, 2, 0, 0, 2, 0, 0, 1, 1, 0, 2, 2, 0, 1, 0, 0, 0, 0, 0, 0, 0, 2, 0, 0, 0, 0, 0, 0, 0, 2, 2, 2, 3, 2, 0, 1, 1, 4, 2, 5, 1, 6, 2, 4, 2, 5, 871, 0, 0, 0, 0, 0, 0]",0,-0.1999999999995589,-1,0
4167,"[1, 1, 0, 1, 0, 4, 0, 1, 0, 1, 0, 2, 0, 0, 0, 0, 0, 1, 0, 0, 2, 0, 0, 0, 0, 0, 0, 0, 0, 0, 0, 0, 1, 1, 2, 2, 0, 0, 2, 0, 0, 1, 1, 0, 2, 2, 0, 1, 0, 0, 0, 0, 0, 0, 0, 2, 0, 0, 0, 0, 0, 0, 0, 2, 2, 2, 3, 2, 0, 1, 1, 4, 2, 5, 1, 6, 2, 4, 2, 5, 871, 0, 0, 0, 0, 0, 0]",0,0.2949747468310244,-1,0
4168,"[1, 1, 0, 1, 0, 4, 0, 1, 0, 1, 0, 2, 0, 0, 0, 0, 0, 1, 0, 0, 2, 0, 0, 0, 0, 0, 0, 0, 0, 0, 0, 0, 1, 1, 2, 2, 0, 0, 2, 0, 0, 1, 1, 0, 2, 2, 0, 1, 0, 0, 0, 0, 0, 0, 0, 2, 0, 0, 0, 0, 0, 0, 0, 2, 2, 2, 3, 2, 0, 1, 1, 4, 2, 5, 1, 6, 2, 4, 2, 5, 871, 0, 0, 0, 0, 0, 0]",-1,-8.246412723663832e-06,-1,0
4169,"[1, 1, 0, 1, 0, 4, 0, 1, 0, 1, 0, 2, 0, 0, 0, 0, 0, 1, 0, 0, 2, 0, 0, 0, 0, 0, 0, 0, 0, 0, 0, 0, 1, 1, 2, 2, 0, 0, 2, 0, 0, 1, 1, 0, 2, 2, 0, 1, 0, 0, 0, 0, 0, 0, 0, 2, 0, 0, 0, 0, 0, 0, 0, 2, 2, 2, 3, 2, 0, 1, 1, 4, 2, 5, 1, 6, 2, 4, 2, 5, 871, 0, 0, 0, 0, 0, 0]",0,0.2949747468310244,-1,0
4170,"[1, 1, 0, 1, 0, 4, 0, 1, 0, 1, 0, 2, 0, 0, 0, 0, 0, 1, 0, 0, 2, 0, 0, 0, 0, 0, 0, 0, 0, 0, 0, 0, 1, 1, 2, 2, 0, 0, 2, 0, 0, 1, 1, 0, 2, 2, 0, 1, 0, 0, 0, 0, 0, 0, 0, 2, 0, 0, 0, 0, 0, 0, 0, 2, 2, 2, 3, 2, 0, 1, 1, 4, 2, 5, 1, 6, 2, 4, 2, 5, 871, 0, 0, 0, 0, 0, 0]",-1,-8.246412723663832e-06,-1,0
4171,"[1, 1, 0, 1, 0, 4, 0, 1, 0, 1, 0, 2, 0, 0, 0, 0, 0, 1, 0, 0, 2, 0, 0, 0, 0, 0, 0, 0, 0, 0, 0, 0, 1, 1, 2, 2, 0, 0, 2, 0, 0, 1, 1, 0, 2, 2, 0, 1, 0, 0, 0, 0, 0, 0, 0, 2, 0, 0, 0, 0, 0, 0, 0, 2, 2, 2, 3, 2, 0, 1, 1, 4, 2, 5, 1, 6, 2, 4, 2, 5, 871, 0, 0, 0, 0, 0, 0]",0,0.2949747468310244,-1,0
4172,"[1, 1, 0, 1, 0, 4, 0, 1, 0, 1, 0, 2, 0, 0, 0, 0, 0, 1, 0, 0, 2, 0, 0, 0, 0, 0, 0, 0, 0, 0, 0, 0, 1, 1, 2, 2, 0, 0, 2, 0, 0, 1, 1, 0, 2, 2, 0, 1, 0, 0, 0, 0, 0, 0, 0, 2, 0, 0, 0, 0, 0, 0, 0, 2, 2, 2, 3, 2, 0, 1, 1, 4, 2, 5, 1, 6, 2, 4, 2, 5, 871, 0, 0, 0, 0, 0, 0]",-1,-8.246412723663832e-06,-1,0
4173,"[1, 1, 0, 1, 0, 4, 0, 1, 0, 1, 0, 2, 0, 0, 0, 0, 0, 1, 0, 0, 2, 0, 0, 0, 0, 0, 0, 0, 0, 0, 0, 0, 1, 1, 2, 2, 0, 0, 2, 0, 0, 1, 1, 0, 2, 2, 0, 1, 0, 0, 0, 0, 0, 0, 0, 2, 0, 0, 0, 0, 0, 0, 0, 2, 2, 2, 3, 2, 0, 1, 1, 4, 2, 5, 1, 6, 2, 4, 2, 5, 871, 0, 0, 0, 0, 0, 0]",0,0.2949747468310244,-1,0
4174,"[1, 1, 0, 1, 0, 4, 0, 1, 0, 1, 0, 2, 0, 0, 0, 0, 0, 1, 0, 0, 2, 0, 0, 0, 0, 0, 0, 0, 0, 0, 0, 0, 1, 1, 2, 2, 0, 0, 2, 0, 0, 1, 1, 0, 2, 2, 0, 1, 0, 0, 0, 0, 0, 0, 0, 2, 0, 0, 0, 0, 0, 0, 0, 2, 2, 2, 3, 2, 0, 1, 1, 4, 2, 5, 1, 6, 2, 4, 2, 5, 871, 0, 0, 0, 0, 0, 0]",-1,-8.246412723663832e-06,-1,0
4175,"[1, 1, 0, 1, 0, 4, 0, 1, 0, 1, 0, 2, 0, 0, 0, 0, 0, 1, 0, 0, 2, 0, 0, 0, 0, 0, 0, 0, 0, 0, 0, 0, 1, 1, 2, 2, 0, 0, 2, 0, 0, 1, 1, 0, 2, 2, 0, 1, 0, 0, 0, 0, 0, 0, 0, 2, 0, 0, 0, 0, 0, 0, 0, 2, 2, 2, 3, 2, 0, 1, 1, 4, 2, 5, 1, 6, 2, 4, 2, 5, 871, 0, 0, 0, 0, 0, 0]",0,0.2949747468310244,-1,0
4176,"[1, 1, 0, 1, 0, 4, 0, 1, 0, 1, 0, 2, 0, 0, 0, 0, 0, 1, 0, 0, 2, 0, 0, 0, 0, 0, 0, 0, 0, 0, 0, 0, 1, 1, 2, 2, 0, 0, 2, 0, 0, 1, 1, 0, 2, 2, 0, 1, 0, 0, 0, 0, 0, 0, 0, 2, 0, 0, 0, 0, 0, 0, 0, 2, 2, 2, 3, 2, 0, 1, 1, 4, 2, 5, 1, 6, 2, 4, 2, 5, 871, 0, 0, 0, 0, 0, 0]",-1,-8.246412723663832e-06,-1,0
4177,"[1, 1, 0, 1, 0, 4, 0, 1, 0, 1, 0, 2, 0, 0, 0, 0, 0, 1, 0, 0, 2, 0, 0, 0, 0, 0, 0, 0, 0, 0, 0, 0, 1, 1, 2, 2, 0, 0, 2, 0, 0, 1, 1, 0, 2, 2, 0, 1, 0, 0, 0, 0, 0, 0, 0, 2, 0, 0, 0, 0, 0, 0, 0, 2, 2, 2, 3, 2, 0, 1, 1, 4, 2, 5, 1, 6, 2, 4, 2, 5, 871, 0, 0, 0, 0, 0, 0]",0,0.2949747468310244,-1,0
4178,"[1, 1, 0, 1, 0, 4, 0, 1, 0, 1, 0, 2, 0, 0, 0, 0, 0, 1, 0, 0, 2, 0, 0, 0, 0, 0, 0, 0, 0, 0, 0, 0, 1, 1, 2, 2, 0, 0, 2, 0, 0, 1, 1, 0, 2, 2, 0, 1, 0, 0, 0, 0, 0, 0, 0, 2, 0, 0, 0, 0, 0, 0, 0, 2, 2, 2, 3, 2, 0, 1, 1, 4, 2, 5, 1, 6, 2, 4, 2, 5, 871, 0, 0, 0, 0, 0, 0]",-1,-8.246412723663832e-06,-1,0
4179,"[1, 1, 0, 1, 0, 4, 0, 1, 0, 1, 0, 2, 0, 0, 0, 0, 0, 1, 0, 0, 2, 0, 0, 0, 0, 0, 0, 0, 0, 0, 0, 0, 1, 1, 2, 2, 0, 0, 2, 0, 0, 1, 1, 0, 2, 2, 0, 1, 0, 0, 0, 0, 0, 0, 0, 2, 0, 0, 0, 0, 0, 0, 0, 2, 2, 2, 3, 2, 0, 1, 1, 4, 2, 5, 1, 6, 2, 4, 2, 5, 871, 0, 0, 0, 0, 0, 0]",0,0.2949747468310244,-1,0
4180,"[1, 1, 0, 1, 0, 4, 0, 1, 0, 1, 0, 2, 0, 0, 0, 0, 0, 1, 0, 0, 2, 0, 0, 0, 0, 0, 0, 0, 0, 0, 0, 0, 1, 1, 2, 2, 0, 0, 2, 0, 0, 1, 1, 0, 2, 2, 0, 1, 0, 0, 0, 0, 0, 0, 0, 2, 0, 0, 0, 0, 0, 0, 0, 2, 2, 2, 3, 2, 0, 1, 1, 4, 2, 5, 1, 6, 2, 4, 2, 5, 871, 0, 0, 0, 0, 0, 0]",-1,-8.246412723663832e-06,-1,0
4181,"[1, 1, 0, 1, 0, 4, 0, 1, 0, 1, 0, 2, 0, 0, 0, 0, 0, 1, 0, 0, 2, 0, 0, 0, 0, 0, 0, 0, 0, 0, 0, 0, 1, 1, 2, 2, 0, 0, 2, 0, 0, 1, 1, 0, 2, 2, 0, 1, 0, 0, 0, 0, 0, 0, 0, 2, 0, 0, 0, 0, 0, 0, 0, 2, 2, 2, 3, 2, 0, 1, 1, 4, 2, 5, 1, 6, 2, 4, 2, 5, 871, 0, 0, 0, 0, 0, 0]",0,0.2949747468310244,-1,0
4182,"[1, 1, 0, 1, 0, 4, 0, 1, 0, 1, 0, 2, 0, 0, 0, 0, 0, 1, 0, 0, 2, 0, 0, 0, 0, 0, 0, 0, 0, 0, 0, 0, 1, 1, 2, 2, 0, 0, 2, 0, 0, 1, 1, 0, 2, 2, 0, 1, 0, 0, 0, 0, 0, 0, 0, 2, 0, 0, 0, 0, 0, 0, 0, 2, 2, 2, 3, 2, 0, 1, 1, 4, 2, 5, 1, 6, 2, 4, 2, 5, 871, 0, 0, 0, 0, 0, 0]",-1,-8.246412723663832e-06,-1,0
4183,"[1, 1, 0, 1, 0, 4, 0, 1, 0, 1, 0, 2, 0, 0, 0, 0, 0, 1, 0, 0, 2, 0, 0, 0, 0, 0, 0, 0, 0, 0, 0, 0, 1, 1, 2, 2, 0, 0, 2, 0, 0, 1, 1, 0, 2, 2, 0, 1, 0, 0, 0, 0, 0, 0, 0, 2, 0, 0, 0, 0, 0, 0, 0, 2, 2, 2, 3, 2, 0, 1, 1, 4, 2, 5, 1, 6, 2, 4, 2, 5, 871, 1, 0, 0, 0, 0, 0]",3,0.20000000000044113,-1,0
4184,"[1, 1, 0, 1, 0, 4, 0, 1, 0, 1, 0, 2, 0, 0, 0, 0, 0, 1, 0, 0, 2, 0, 0, 0, 0, 0, 0, 0, 0, 0, 0, 0, 1, 1, 2, 2, 0, 0, 2, 0, 0, 1, 1, 0, 2, 2, 0, 1, 0, 0, 0, 0, 0, 0, 0, 2, 0, 0, 0, 0, 0, 0, 0, 2, 2, 2, 3, 2, 0, 1, 1, 4, 2, 5, 1, 6, 2, 4, 2, 5, 871, 0, 0, 0, 0, 0, 0]",-1,-8.246412723663832e-06,-1,0
4185,"[1, 1, 0, 1, 0, 4, 0, 1, 0, 1, 0, 2, 0, 0, 0, 0, 0, 1, 0, 0, 2, 0, 0, 0, 0, 0, 0, 0, 0, 0, 0, 0, 1, 1, 2, 2, 0, 0, 2, 0, 0, 1, 1, 0, 2, 2, 0, 1, 0, 0, 0, 0, 0, 0, 0, 2, 0, 0, 0, 0, 0, 0, 0, 2, 2, 2, 3, 2, 0, 1, 1, 4, 2, 5, 1, 6, 2, 4, 2, 5, 871, 0, 1, 0, 0, 0, 0]",2,0.4000000000004411,-1,0
4186,"[1, 1, 0, 1, 0, 4, 0, 1, 0, 1, 0, 2, 0, 0, 0, 0, 0, 1, 0, 0, 2, 0, 0, 0, 0, 0, 0, 0, 0, 0, 0, 0, 1, 1, 2, 2, 0, 0, 2, 0, 0, 1, 1, 0, 2, 2, 0, 1, 0, 0, 0, 0, 0, 0, 0, 2, 0, 0, 0, 0, 0, 0, 0, 2, 2, 2, 3, 2, 0, 1, 1, 4, 2, 5, 1, 6, 2, 4, 2, 5, 871, 0, 0, 0, 0, 0, 0]",-1,-8.246412723663832e-06,-1,0
4187,"[1, 1, 0, 1, 0, 4, 0, 1, 0, 1, 0, 2, 0, 0, 0, 0, 0, 1, 0, 0, 2, 0, 0, 0, 0, 0, 0, 0, 0, 0, 0, 0, 1, 1, 2, 2, 0, 0, 2, 0, 0, 1, 1, 0, 2, 2, 0, 1, 0, 0, 0, 0, 0, 0, 0, 2, 0, 0, 0, 0, 0, 0, 0, 2, 2, 2, 3, 2, 0, 1, 1, 4, 2, 5, 1, 6, 2, 4, 2, 5, 871, 0, 0, 0, 0, 0, 0]",1,0.6096241151000579,-1,0
4188,"[1, 1, 0, 1, 0, 4, 0, 1, 0, 1, 0, 2, 0, 0, 0, 0, 0, 1, 0, 0, 2, 0, 0, 0, 0, 0, 0, 0, 0, 0, 0, 0, 1, 1, 2, 2, 0, 0, 2, 0, 0, 1, 1, 0, 2, 2, 0, 1, 0, 0, 0, 0, 0, 0, 0, 2, 0, 0, 0, 0, 0, 0, 0, 2, 2, 2, 3, 2, 0, 1, 1, 4, 2, 5, 1, 6, 2, 4, 2, 5, 871, 0, 0, 0, 0, 0, 0]",-1,-8.246412723663832e-06,-1,0
4189,"[1, 1, 0, 1, 0, 4, 0, 1, 0, 1, 0, 2, 0, 0, 0, 0, 0, 1, 0, 0, 2, 0, 0, 0, 0, 0, 0, 0, 0, 0, 0, 0, 1, 1, 2, 2, 0, 0, 2, 0, 0, 1, 1, 0, 2, 2, 0, 1, 0, 0, 0, 0, 0, 0, 0, 2, 0, 0, 0, 0, 0, 0, 0, 2, 2, 2, 3, 2, 0, 1, 1, 4, 2, 5, 1, 6, 2, 4, 2, 5, 872, 0, 0, 0, 0, 0, 0]",4,13.133409776835995,-1,0
4190,"[1, 1, 0, 1, 0, 4, 0, 1, 0, 1, 0, 2, 0, 0, 0, 0, 0, 1, 0, 0, 2, 0, 0, 0, 0, 0, 0, 0, 0, 0, 0, 0, 1, 1, 2, 2, 0, 0, 2, 0, 0, 1, 1, 0, 2, 2, 0, 1, 0, 0, 0, 0, 0, 0, 0, 2, 0, 0, 0, 0, 0, 0, 0, 2, 2, 2, 3, 2, 0, 1, 1, 4, 2, 5, 1, 6, 2, 4, 2, 5, 872, 0, 1, 0, 0, 0, 0]",2,0.4000000000004238,-1,1
4191,"[1, 1, 0, 1, 0, 4, 0, 1, 0, 1, 0, 2, 0, 0, 0, 0, 0, 1, 0, 0, 2, 0, 0, 0, 0, 0, 0, 0, 0, 0, 0, 0, 1, 1, 2, 2, 0, 0, 2, 0, 0, 1, 1, 0, 2, 2, 0, 1, 0, 0, 0, 0, 0, 0, 0, 2, 0, 0, 0, 0, 0, 0, 0, 2, 2, 2, 3, 2, 0, 1, 1, 4, 2, 5, 1, 6, 2, 4, 2, 5, 872, 0, 1, 0, 0, 1, 0]","[[0 1 0 0]
 [1 0 0 0]]",0.6504248650585147,-1,1
4192,"[0, 2, 0, 1, 1, 3, 0, 1, 0, 1, 0, 2, 0, 0, 0, 0, 0, 1, 0, 0, 2, 0, 0, 0, 0, 0, 0, 0, 0, 0, 0, 0, 1, 1, 2, 2, 0, 0, 2, 0, 0, 1, 1, 0, 2, 2, 0, 1, 0, 0, 0, 0, 0, 0, 0, 2, 0, 0, 0, 0, 0, 0, 0, 2, 2, 2, 3, 2, 0, 1, 1, 4, 2, 5, 1, 6, 2, 4, 2, 5, 872, 0, 0, 0, 0, 0, 0]",0,-0.19999999999957618,-1,0
4193,"[0, 2, 0, 1, 1, 3, 0, 1, 0, 1, 0, 2, 0, 0, 0, 0, 0, 1, 0, 0, 2, 0, 0, 0, 0, 0, 0, 0, 0, 0, 0, 0, 1, 1, 2, 2, 0, 0, 2, 0, 0, 1, 1, 0, 2, 2, 0, 1, 0, 0, 0, 0, 0, 0, 0, 2, 0, 0, 0, 0, 0, 0, 0, 2, 2, 2, 3, 2, 0, 1, 1, 4, 2, 5, 1, 6, 2, 4, 2, 5, 873, 0, 0, 0, 0, 0, 0]",4,14.11297179503493,-1,1
4194,"[0, 2, 0, 1, 1, 3, 0, 1, 0, 1, 0, 2, 0, 0, 0, 0, 0, 1, 0, 0, 2, 0, 0, 0, 0, 0, 0, 0, 0, 0, 0, 0, 1, 1, 2, 2, 0, 0, 2, 0, 0, 1, 1, 0, 2, 2, 0, 1, 0, 0, 0, 0, 0, 0, 0, 2, 0, 0, 0, 0, 0, 0, 0, 2, 2, 2, 3, 2, 0, 1, 1, 4, 2, 5, 1, 6, 2, 4, 2, 5, 873, 0, 1, 0, 0, 0, 0]",2,0.4000000000004072,-1,0
4195,"[0, 2, 0, 1, 1, 3, 0, 1, 0, 1, 0, 2, 0, 0, 0, 0, 0, 1, 0, 0, 2, 0, 0, 0, 0, 0, 0, 0, 0, 0, 0, 0, 1, 1, 2, 2, 0, 0, 2, 0, 0, 1, 1, 0, 2, 2, 0, 1, 0, 0, 0, 0, 0, 0, 0, 2, 0, 0, 0, 0, 0, 0, 0, 2, 2, 2, 3, 2, 0, 1, 1, 4, 2, 5, 1, 6, 2, 4, 2, 5, 873, 0, 1, 0, 0, 1, 0]","[[0 0 0 1]
 [1 0 0 0]]",0.6504248650584981,-1,0
4196,"[1, 2, 0, 0, 0, 3, 0, 2, 0, 1, 0, 2, 0, 0, 0, 0, 0, 1, 0, 0, 2, 0, 0, 0, 0, 0, 0, 0, 0, 0, 0, 0, 1, 1, 2, 2, 0, 0, 2, 0, 0, 1, 1, 0, 2, 2, 0, 1, 0, 0, 0, 0, 0, 0, 0, 2, 0, 0, 0, 0, 0, 0, 0, 2, 2, 2, 3, 2, 0, 1, 1, 4, 2, 5, 1, 6, 2, 4, 2, 5, 873, 0, 0, 0, 0, 0, 0]",0,-0.19999999999959278,-1,1
4197,"[1, 2, 0, 0, 0, 3, 0, 2, 0, 1, 0, 2, 0, 0, 0, 0, 0, 1, 0, 0, 2, 0, 0, 0, 0, 0, 0, 0, 0, 0, 0, 0, 1, 1, 2, 2, 0, 0, 2, 0, 0, 1, 1, 0, 2, 2, 0, 1, 0, 0, 0, 0, 0, 0, 0, 2, 0, 0, 0, 0, 0, 0, 0, 2, 2, 2, 3, 2, 0, 1, 1, 4, 2, 5, 1, 6, 2, 4, 2, 5, 873, 0, 0, 0, 0, 0, 0]",1,0.6096241151000239,-1,0
4198,"[1, 2, 0, 0, 0, 3, 0, 2, 0, 1, 0, 2, 0, 0, 0, 0, 0, 1, 0, 0, 2, 0, 0, 0, 0, 0, 0, 0, 0, 0, 0, 0, 1, 1, 2, 2, 0, 0, 2, 0, 0, 1, 1, 0, 2, 2, 0, 1, 0, 0, 0, 0, 0, 0, 0, 2, 0, 0, 0, 0, 0, 0, 0, 2, 2, 2, 3, 2, 0, 1, 1, 4, 2, 5, 1, 6, 2, 4, 2, 5, 873, 0, 0, 0, 0, 0, 0]",-1,-8.083122811275239e-06,-1,0
4199,"[1, 2, 0, 0, 0, 3, 0, 2, 0, 1, 0, 2, 0, 0, 0, 0, 0, 1, 0, 0, 2, 0, 0, 0, 0, 0, 0, 0, 0, 0, 0, 0, 1, 1, 2, 2, 0, 0, 2, 0, 0, 1, 1, 0, 2, 2, 0, 1, 0, 0, 0, 0, 0, 0, 0, 2, 0, 0, 0, 0, 0, 0, 0, 2, 2, 2, 3, 2, 0, 1, 1, 4, 2, 5, 1, 6, 2, 4, 2, 5, 873, 0, 0, 0, 0, 0, 0]",1,0.6096241151000239,-1,0
4200,"[1, 2, 0, 0, 0, 3, 0, 2, 0, 1, 0, 2, 0, 0, 0, 0, 0, 1, 0, 0, 2, 0, 0, 0, 0, 0, 0, 0, 0, 0, 0, 0, 1, 1, 2, 2, 0, 0, 2, 0, 0, 1, 1, 0, 2, 2, 0, 1, 0, 0, 0, 0, 0, 0, 0, 2, 0, 0, 0, 0, 0, 0, 0, 2, 2, 2, 3, 2, 0, 1, 1, 4, 2, 5, 1, 6, 2, 4, 2, 5, 873, 0, 0, 0, 0, 0, 0]",-1,-8.083122811275239e-06,-1,0
4201,"[1, 2, 0, 0, 0, 3, 0, 2, 0, 1, 0, 2, 0, 0, 0, 0, 0, 1, 0, 0, 2, 0, 0, 0, 0, 0, 0, 0, 0, 0, 0, 0, 1, 1, 2, 2, 0, 0, 2, 0, 0, 1, 1, 0, 2, 2, 0, 1, 0, 0, 0, 0, 0, 0, 0, 2, 0, 0, 0, 0, 0, 0, 0, 2, 2, 2, 3, 2, 0, 1, 1, 4, 2, 5, 1, 6, 2, 4, 2, 5, 873, 0, 0, 0, 0, 0, 0]",1,0.6096241151000239,-1,0
4202,"[1, 2, 0, 0, 0, 3, 0, 2, 0, 1, 0, 2, 0, 0, 0, 0, 0, 1, 0, 0, 2, 0, 0, 0, 0, 0, 0, 0, 0, 0, 0, 0, 1, 1, 2, 2, 0, 0, 2, 0, 0, 1, 1, 0, 2, 2, 0, 1, 0, 0, 0, 0, 0, 0, 0, 2, 0, 0, 0, 0, 0, 0, 0, 2, 2, 2, 3, 2, 0, 1, 1, 4, 2, 5, 1, 6, 2, 4, 2, 5, 873, 0, 0, 0, 0, 0, 0]",-1,-8.083122811275239e-06,-1,0
4203,"[1, 2, 0, 0, 0, 3, 0, 2, 0, 1, 0, 2, 0, 0, 0, 0, 0, 1, 0, 0, 2, 0, 0, 0, 0, 0, 0, 0, 0, 0, 0, 0, 1, 1, 2, 2, 0, 0, 2, 0, 0, 1, 1, 0, 2, 2, 0, 1, 0, 0, 0, 0, 0, 0, 0, 2, 0, 0, 0, 0, 0, 0, 0, 2, 2, 2, 3, 2, 0, 1, 1, 4, 2, 5, 1, 6, 2, 4, 2, 5, 873, 0, 0, 0, 0, 0, 0]",1,0.6096241151000239,-1,0
4204,"[1, 2, 0, 0, 0, 3, 0, 2, 0, 1, 0, 2, 0, 0, 0, 0, 0, 1, 0, 0, 2, 0, 0, 0, 0, 0, 0, 0, 0, 0, 0, 0, 1, 1, 2, 2, 0, 0, 2, 0, 0, 1, 1, 0, 2, 2, 0, 1, 0, 0, 0, 0, 0, 0, 0, 2, 0, 0, 0, 0, 0, 0, 0, 2, 2, 2, 3, 2, 0, 1, 1, 4, 2, 5, 1, 6, 2, 4, 2, 5, 873, 0, 0, 0, 0, 0, 0]",-1,-8.083122811275239e-06,-1,0
4205,"[1, 2, 0, 0, 0, 3, 0, 2, 0, 1, 0, 2, 0, 0, 0, 0, 0, 1, 0, 0, 2, 0, 0, 0, 0, 0, 0, 0, 0, 0, 0, 0, 1, 1, 2, 2, 0, 0, 2, 0, 0, 1, 1, 0, 2, 2, 0, 1, 0, 0, 0, 0, 0, 0, 0, 2, 0, 0, 0, 0, 0, 0, 0, 2, 2, 2, 3, 2, 0, 1, 1, 4, 2, 5, 1, 6, 2, 4, 2, 5, 873, 0, 0, 0, 0, 0, 0]",1,0.6096241151000239,-1,0
4206,"[1, 2, 0, 0, 0, 3, 0, 2, 0, 1, 0, 2, 0, 0, 0, 0, 0, 1, 0, 0, 2, 0, 0, 0, 0, 0, 0, 0, 0, 0, 0, 0, 1, 1, 2, 2, 0, 0, 2, 0, 0, 1, 1, 0, 2, 2, 0, 1, 0, 0, 0, 0, 0, 0, 0, 2, 0, 0, 0, 0, 0, 0, 0, 2, 2, 2, 3, 2, 0, 1, 1, 4, 2, 5, 1, 6, 2, 4, 2, 5, 873, 0, 0, 0, 0, 0, 0]",-1,-8.083122811275239e-06,-1,0
4207,"[1, 2, 0, 0, 0, 3, 0, 2, 0, 1, 0, 2, 0, 0, 0, 0, 0, 1, 0, 0, 2, 0, 0, 0, 0, 0, 0, 0, 0, 0, 0, 0, 1, 1, 2, 2, 0, 0, 2, 0, 0, 1, 1, 0, 2, 2, 0, 1, 0, 0, 0, 0, 0, 0, 0, 2, 0, 0, 0, 0, 0, 0, 0, 2, 2, 2, 3, 2, 0, 1, 1, 4, 2, 5, 1, 6, 2, 4, 2, 5, 873, 0, 0, 0, 0, 0, 0]",1,0.6096241151000239,-1,0
4208,"[1, 2, 0, 0, 0, 3, 0, 2, 0, 1, 0, 2, 0, 0, 0, 0, 0, 1, 0, 0, 2, 0, 0, 0, 0, 0, 0, 0, 0, 0, 0, 0, 1, 1, 2, 2, 0, 0, 2, 0, 0, 1, 1, 0, 2, 2, 0, 1, 0, 0, 0, 0, 0, 0, 0, 2, 0, 0, 0, 0, 0, 0, 0, 2, 2, 2, 3, 2, 0, 1, 1, 4, 2, 5, 1, 6, 2, 4, 2, 5, 873, 0, 0, 0, 0, 0, 0]",-1,-8.083122811275239e-06,-1,0
4209,"[1, 2, 0, 0, 0, 3, 0, 2, 0, 1, 0, 2, 0, 0, 0, 0, 0, 1, 0, 0, 2, 0, 0, 0, 0, 0, 0, 0, 0, 0, 0, 0, 1, 1, 2, 2, 0, 0, 2, 0, 0, 1, 1, 0, 2, 2, 0, 1, 0, 0, 0, 0, 0, 0, 0, 2, 0, 0, 0, 0, 0, 0, 0, 2, 2, 2, 3, 2, 0, 1, 1, 4, 2, 5, 1, 6, 2, 4, 2, 5, 873, 0, 0, 0, 0, 0, 0]",1,0.6096241151000239,-1,0
4210,"[1, 2, 0, 0, 0, 3, 0, 2, 0, 1, 0, 2, 0, 0, 0, 0, 0, 1, 0, 0, 2, 0, 0, 0, 0, 0, 0, 0, 0, 0, 0, 0, 1, 1, 2, 2, 0, 0, 2, 0, 0, 1, 1, 0, 2, 2, 0, 1, 0, 0, 0, 0, 0, 0, 0, 2, 0, 0, 0, 0, 0, 0, 0, 2, 2, 2, 3, 2, 0, 1, 1, 4, 2, 5, 1, 6, 2, 4, 2, 5, 873, 0, 0, 0, 0, 0, 0]",-1,-8.083122811275239e-06,-1,0
4211,"[1, 2, 0, 0, 0, 3, 0, 2, 0, 1, 0, 2, 0, 0, 0, 0, 0, 1, 0, 0, 2, 0, 0, 0, 0, 0, 0, 0, 0, 0, 0, 0, 1, 1, 2, 2, 0, 0, 2, 0, 0, 1, 1, 0, 2, 2, 0, 1, 0, 0, 0, 0, 0, 0, 0, 2, 0, 0, 0, 0, 0, 0, 0, 2, 2, 2, 3, 2, 0, 1, 1, 4, 2, 5, 1, 6, 2, 4, 2, 5, 873, 0, 1, 0, 0, 0, 0]",2,0.4000000000004072,-1,0
4212,"[1, 2, 0, 0, 0, 3, 0, 2, 0, 1, 0, 2, 0, 0, 0, 0, 0, 1, 0, 0, 2, 0, 0, 0, 0, 0, 0, 0, 0, 0, 0, 0, 1, 1, 2, 2, 0, 0, 2, 0, 0, 1, 1, 0, 2, 2, 0, 1, 0, 0, 0, 0, 0, 0, 0, 2, 0, 0, 0, 0, 0, 0, 0, 2, 2, 2, 3, 2, 0, 1, 1, 4, 2, 5, 1, 6, 2, 4, 2, 5, 873, 0, 1, 0, 0, 1, 0]","[[0 1 0 0]
 [0 0 0 1]]",0.6504248650584981,-1,0
4213,"[1, 2, 0, 0, 0, 3, 0, 2, 0, 1, 0, 2, 0, 0, 0, 0, 0, 1, 0, 0, 2, 0, 0, 0, 0, 0, 0, 0, 0, 0, 0, 0, 1, 1, 2, 2, 0, 0, 2, 0, 0, 1, 1, 0, 2, 2, 0, 1, 0, 0, 0, 0, 0, 0, 0, 2, 0, 0, 0, 0, 0, 0, 0, 2, 2, 2, 3, 2, 0, 1, 1, 4, 2, 5, 1, 6, 2, 4, 2, 5, 873, 0, 1, 0, 0, 0, 1]",2,-0.19999999999959278,-1,1
4214,"[1, 2, 0, 0, 0, 3, 0, 2, 0, 1, 0, 2, 0, 0, 0, 0, 0, 1, 0, 0, 2, 0, 0, 0, 0, 0, 0, 0, 0, 0, 0, 0, 1, 1, 2, 2, 0, 0, 2, 0, 0, 1, 1, 0, 2, 2, 0, 1, 0, 0, 0, 0, 0, 0, 0, 2, 0, 0, 0, 0, 0, 0, 0, 2, 2, 2, 3, 2, 0, 1, 1, 4, 2, 5, 1, 6, 2, 4, 2, 5, 873, 0, 0, 1, 0, 0, 0]","[[0 1 0 0]
 [1 0 0 0]]",-0.19999999999959278,-1,1
4215,"[0, 3, 0, 0, 1, 2, 0, 2, 0, 1, 0, 2, 0, 0, 0, 0, 0, 1, 0, 0, 2, 0, 0, 0, 0, 0, 0, 0, 0, 0, 0, 0, 1, 1, 2, 2, 0, 0, 2, 0, 0, 1, 1, 0, 2, 2, 0, 1, 0, 0, 0, 0, 0, 0, 0, 2, 0, 0, 0, 0, 0, 0, 0, 2, 2, 2, 3, 2, 0, 1, 1, 4, 2, 5, 1, 6, 2, 4, 2, 5, 873, 0, 0, 0, 0, 0, 0]",0,-0.19999999999959278,-1,0
4216,"[0, 3, 0, 0, 1, 2, 0, 2, 0, 1, 0, 2, 0, 0, 0, 0, 0, 1, 0, 0, 2, 0, 0, 0, 0, 0, 0, 0, 0, 0, 0, 0, 1, 1, 2, 2, 0, 0, 2, 0, 0, 1, 1, 0, 2, 2, 0, 1, 0, 0, 0, 0, 0, 0, 0, 2, 0, 0, 0, 0, 0, 0, 0, 2, 2, 2, 3, 2, 0, 1, 1, 4, 2, 5, 1, 6, 2, 4, 2, 5, 873, 0, 1, 0, 0, 0, 0]",2,0.4000000000004072,-1,0
4217,"[0, 3, 0, 0, 1, 2, 0, 2, 0, 1, 0, 2, 0, 0, 0, 0, 0, 1, 0, 0, 2, 0, 0, 0, 0, 0, 0, 0, 0, 0, 0, 0, 1, 1, 2, 2, 0, 0, 2, 0, 0, 1, 1, 0, 2, 2, 0, 1, 0, 0, 0, 0, 0, 0, 0, 2, 0, 0, 0, 0, 0, 0, 0, 2, 2, 2, 3, 2, 0, 1, 1, 4, 2, 5, 1, 6, 2, 4, 2, 5, 873, 0, 1, 0, 0, 1, 0]","[[0 1 0 0]
 [1 0 0 0]]",0.6504248650584981,-1,0
4218,"[0, 3, 0, 0, 1, 2, 0, 2, 0, 1, 0, 2, 0, 0, 0, 0, 0, 1, 0, 0, 2, 0, 0, 0, 0, 0, 0, 0, 0, 0, 0, 0, 1, 1, 2, 2, 0, 0, 2, 0, 0, 1, 1, 0, 2, 2, 0, 1, 0, 0, 0, 0, 0, 0, 0, 2, 0, 0, 0, 0, 0, 0, 0, 2, 2, 2, 3, 2, 0, 1, 1, 4, 2, 5, 1, 6, 2, 4, 2, 5, 873, 0, 1, 0, 0, 0, 1]",2,-0.19999999999959278,-1,1
4219,"[0, 3, 0, 0, 1, 2, 0, 2, 0, 1, 0, 2, 0, 0, 0, 0, 0, 1, 0, 0, 2, 0, 0, 0, 0, 0, 0, 0, 0, 0, 0, 0, 1, 1, 2, 2, 0, 0, 2, 0, 0, 1, 1, 0, 2, 2, 0, 1, 0, 0, 0, 0, 0, 0, 0, 2, 0, 0, 0, 0, 0, 0, 0, 2, 2, 2, 3, 2, 0, 1, 1, 4, 2, 5, 1, 6, 2, 4, 2, 5, 873, 0, 0, 1, 0, 0, 0]","[[1 0 0 0]
 [0 1 0 0]]",-0.19999999999959278,-1,1
4220,"[0, 3, 0, 0, 1, 2, 0, 2, 0, 1, 0, 2, 0, 0, 0, 0, 0, 1, 0, 0, 2, 0, 0, 0, 0, 0, 0, 0, 0, 0, 0, 0, 1, 1, 2, 2, 0, 0, 2, 0, 0, 1, 1, 0, 2, 2, 0, 1, 0, 0, 0, 0, 0, 0, 0, 2, 0, 0, 0, 0, 0, 0, 0, 2, 2, 2, 3, 2, 0, 1, 1, 4, 2, 5, 1, 6, 2, 4, 2, 5, 873, 0, 0, 0, 0, 0, 0]",1,-8.557285407642382,-1,0
4221,"[0, 3, 0, 0, 1, 2, 0, 2, 0, 1, 0, 2, 0, 0, 0, 0, 0, 1, 0, 0, 2, 0, 0, 0, 0, 0, 0, 0, 0, 0, 0, 0, 1, 1, 2, 2, 0, 0, 2, 0, 0, 1, 1, 0, 2, 2, 0, 1, 0, 0, 0, 0, 0, 0, 0, 2, 0, 0, 0, 0, 0, 0, 0, 2, 2, 2, 3, 2, 0, 1, 1, 4, 2, 5, 1, 6, 2, 4, 2, 5, 874, 0, 0, 0, 0, 0, 0]",4,12.215287202227994,-1,0
4222,"[0, 1, 0, 0, 1, 1, 0, 1, 0, 1, 0, 2, 0, 0, 0, 0, 0, 1, 0, 0, 2, 0, 0, 0, 0, 0, 0, 0, 0, 0, 0, 0, 1, 1, 2, 2, 0, 0, 2, 0, 0, 1, 1, 0, 2, 2, 0, 1, 0, 0, 0, 0, 0, 0, 0, 2, 0, 0, 0, 0, 0, 0, 0, 2, 2, 2, 3, 2, 0, 1, 1, 4, 2, 5, 1, 6, 2, 4, 2, 2, 875, 0, 0, 0, 0, 0, 0]",4,14.533409289399291,-1,1
4223,"[0, 1, 0, 0, 1, 1, 0, 1, 0, 1, 0, 2, 0, 0, 0, 0, 0, 1, 0, 0, 2, 0, 0, 0, 0, 0, 0, 0, 0, 0, 0, 0, 1, 1, 2, 2, 0, 0, 2, 0, 0, 1, 1, 0, 2, 2, 0, 1, 0, 0, 0, 0, 0, 0, 0, 2, 0, 0, 0, 0, 0, 0, 0, 2, 2, 2, 3, 2, 0, 1, 1, 4, 2, 5, 1, 6, 2, 4, 2, 2, 875, 1, 0, 0, 0, 0, 0]",3,0.20000000000037593,-1,0
4224,"[0, 1, 0, 0, 1, 1, 0, 1, 0, 1, 0, 2, 0, 0, 0, 0, 0, 1, 0, 0, 2, 0, 0, 0, 0, 0, 0, 0, 0, 0, 0, 0, 1, 1, 2, 2, 0, 0, 2, 0, 0, 1, 1, 0, 2, 2, 0, 1, 0, 0, 0, 0, 0, 0, 0, 2, 0, 0, 0, 0, 0, 0, 0, 2, 2, 2, 3, 2, 0, 1, 1, 4, 2, 5, 1, 6, 2, 4, 2, 2, 875, 0, 0, 0, 0, 0, 0]",-1,-7.923066255787562e-06,-1,0
4225,"[0, 2, 0, 0, 1, 2, 0, 1, 0, 1, 0, 2, 0, 0, 0, 0, 0, 1, 0, 0, 2, 0, 0, 0, 0, 0, 0, 0, 0, 0, 0, 0, 1, 1, 2, 2, 0, 0, 2, 0, 0, 1, 1, 0, 2, 2, 0, 1, 0, 0, 0, 0, 0, 0, 0, 2, 0, 0, 0, 0, 0, 0, 0, 2, 2, 2, 3, 2, 0, 1, 1, 4, 2, 5, 1, 6, 2, 4, 2, 2, 876, 0, 0, 0, 0, 0, 0]",4,12.374945811878195,-1,0
4226,"[0, 2, 0, 0, 1, 2, 0, 1, 0, 1, 0, 2, 0, 0, 0, 0, 0, 1, 0, 0, 2, 0, 0, 0, 0, 0, 0, 0, 0, 0, 0, 0, 1, 1, 2, 2, 0, 0, 2, 0, 0, 1, 1, 0, 2, 2, 0, 1, 0, 0, 0, 0, 0, 0, 0, 2, 0, 0, 0, 0, 0, 0, 0, 2, 2, 2, 3, 2, 0, 1, 1, 4, 2, 5, 1, 6, 2, 4, 2, 2, 877, 0, 0, 0, 0, 0, 0]",4,14.37378425183505,-1,1
4227,"[0, 2, 0, 0, 1, 2, 0, 1, 0, 1, 0, 2, 0, 0, 0, 0, 0, 1, 0, 0, 2, 0, 0, 0, 0, 0, 0, 0, 0, 0, 0, 0, 1, 1, 2, 2, 0, 0, 2, 0, 0, 1, 1, 0, 2, 2, 0, 1, 0, 0, 0, 0, 0, 0, 0, 2, 0, 0, 0, 0, 0, 0, 0, 2, 2, 2, 3, 2, 0, 1, 1, 4, 2, 5, 1, 6, 2, 4, 2, 2, 877, 0, 1, 0, 0, 0, 0]",2,0.40000000000034697,-1,0
4228,"[0, 2, 0, 0, 1, 2, 0, 1, 0, 1, 0, 2, 0, 0, 0, 0, 0, 1, 0, 0, 2, 0, 0, 0, 0, 0, 0, 0, 0, 0, 0, 0, 1, 1, 2, 2, 0, 0, 2, 0, 0, 1, 1, 0, 2, 2, 0, 1, 0, 0, 0, 0, 0, 0, 0, 2, 0, 0, 0, 0, 0, 0, 0, 2, 2, 2, 3, 2, 0, 1, 1, 4, 2, 5, 1, 6, 2, 4, 2, 2, 877, 0, 1, 0, 0, 1, 0]","[[0 1 0 0]
 [1 0 0 0]]",0.6504248650584379,-1,0
4229,"[0, 2, 0, 0, 1, 2, 0, 1, 0, 1, 0, 2, 0, 0, 0, 0, 0, 1, 0, 0, 2, 0, 0, 0, 0, 0, 0, 0, 0, 0, 0, 0, 1, 1, 2, 2, 0, 0, 2, 0, 0, 1, 1, 0, 2, 2, 0, 1, 0, 0, 0, 0, 0, 0, 0, 2, 0, 0, 0, 0, 0, 0, 0, 2, 2, 2, 3, 2, 0, 1, 1, 4, 2, 5, 1, 6, 2, 4, 2, 2, 877, 0, 0, 0, 0, 0, 0]",1,-32.199999999999655,-1,1
4230,"[0, 2, 0, 0, 2, 2, 0, 1, 0, 1, 0, 2, 0, 0, 0, 0, 0, 1, 0, 0, 2, 0, 0, 0, 0, 0, 0, 0, 0, 0, 0, 0, 1, 1, 2, 2, 0, 0, 2, 0, 0, 1, 1, 0, 2, 2, 0, 1, 0, 0, 0, 0, 0, 0, 0, 2, 0, 0, 0, 0, 0, 0, 0, 2, 2, 2, 3, 2, 0, 1, 1, 4, 2, 5, 1, 6, 2, 4, 2, 2, 878, 0, 0, 0, 0, 0, 0]",4,12.37494549810372,-1,0
4231,"[0, 2, 0, 0, 2, 2, 0, 1, 0, 1, 0, 2, 0, 0, 0, 0, 0, 1, 0, 0, 2, 0, 0, 0, 0, 0, 0, 0, 0, 0, 0, 0, 1, 1, 2, 2, 0, 0, 2, 0, 0, 1, 1, 0, 2, 2, 0, 1, 0, 0, 0, 0, 0, 0, 0, 2, 0, 0, 0, 0, 0, 0, 0, 2, 2, 2, 3, 2, 0, 1, 1, 4, 2, 5, 1, 6, 2, 4, 2, 2, 878, 0, 1, 0, 0, 0, 0]",2,0.4000000000003333,-1,1
4232,"[0, 2, 0, 0, 2, 2, 0, 1, 0, 1, 0, 2, 0, 0, 0, 0, 0, 1, 0, 0, 2, 0, 0, 0, 0, 0, 0, 0, 0, 0, 0, 0, 1, 1, 2, 2, 0, 0, 2, 0, 0, 1, 1, 0, 2, 2, 0, 1, 0, 0, 0, 0, 0, 0, 0, 2, 0, 0, 0, 0, 0, 0, 0, 2, 2, 2, 3, 2, 0, 1, 1, 4, 2, 5, 1, 6, 2, 4, 2, 2, 878, 0, 1, 0, 0, 1, 0]","[[1 0 0 0]
 [0 1 0 0]]",0.6504248650584242,-1,1
4233,"[0, 2, 0, 0, 2, 2, 0, 1, 0, 1, 0, 2, 0, 0, 0, 0, 0, 1, 0, 0, 2, 0, 0, 0, 0, 0, 0, 0, 0, 0, 0, 0, 1, 1, 2, 2, 0, 0, 2, 0, 0, 1, 1, 0, 2, 2, 0, 1, 0, 0, 0, 0, 0, 0, 0, 2, 0, 0, 0, 0, 0, 0, 0, 2, 2, 2, 3, 2, 0, 1, 1, 4, 2, 5, 1, 6, 2, 4, 2, 2, 878, 0, 0, 0, 0, 0, 0]",1,-0.19999999999966664,-1,0
4234,"[0, 2, 0, 0, 2, 2, 0, 1, 0, 1, 0, 2, 0, 0, 0, 0, 0, 1, 0, 0, 2, 0, 0, 0, 0, 0, 0, 0, 0, 0, 0, 0, 1, 1, 2, 2, 0, 0, 2, 0, 0, 1, 1, 0, 2, 2, 0, 1, 0, 0, 0, 0, 0, 0, 0, 2, 0, 0, 0, 0, 0, 0, 0, 2, 2, 2, 3, 2, 0, 1, 1, 4, 2, 5, 1, 6, 2, 4, 2, 2, 879, 0, 0, 0, 0, 0, 0]",4,14.272456881743556,-1,1
4235,"[0, 2, 0, 0, 2, 2, 0, 1, 0, 1, 0, 2, 0, 0, 0, 0, 0, 1, 0, 0, 2, 0, 0, 0, 0, 0, 0, 0, 0, 0, 0, 0, 1, 1, 2, 2, 0, 0, 2, 0, 0, 1, 1, 0, 2, 2, 0, 1, 0, 0, 0, 0, 0, 0, 0, 2, 0, 0, 0, 0, 0, 0, 0, 2, 2, 2, 3, 2, 0, 1, 1, 4, 2, 5, 1, 6, 2, 4, 2, 2, 879, 1, 0, 0, 0, 0, 0]",3,0.20000000000032034,-1,0
4236,"[0, 2, 0, 0, 2, 2, 0, 1, 0, 1, 0, 2, 0, 0, 0, 0, 0, 1, 0, 0, 2, 0, 0, 0, 0, 0, 0, 0, 0, 0, 0, 0, 1, 1, 2, 2, 0, 0, 2, 0, 0, 1, 1, 0, 2, 2, 0, 1, 0, 0, 0, 0, 0, 0, 0, 2, 0, 0, 0, 0, 0, 0, 0, 2, 2, 2, 3, 2, 0, 1, 1, 4, 2, 5, 1, 6, 2, 4, 2, 2, 879, 0, 0, 0, 0, 0, 0]",-1,-7.6123983842648225e-06,-1,0
4237,"[0, 2, 0, 0, 3, 2, 0, 1, 0, 1, 0, 2, 0, 0, 0, 0, 0, 1, 0, 0, 2, 0, 0, 0, 0, 0, 0, 0, 0, 0, 0, 0, 1, 1, 2, 2, 0, 0, 2, 0, 0, 1, 1, 0, 2, 2, 0, 1, 0, 0, 0, 0, 0, 0, 0, 2, 0, 0, 0, 0, 0, 0, 0, 2, 2, 2, 3, 2, 0, 1, 1, 4, 2, 5, 1, 6, 2, 4, 2, 2, 880, 0, 0, 0, 0, 0, 0]",4,14.14226969341159,-1,1
4238,"[0, 2, 0, 0, 3, 2, 0, 1, 0, 1, 0, 2, 0, 0, 0, 0, 0, 1, 0, 0, 2, 0, 0, 0, 0, 0, 0, 0, 0, 0, 0, 0, 1, 1, 2, 2, 0, 0, 2, 0, 0, 1, 1, 0, 2, 2, 0, 1, 0, 0, 0, 0, 0, 0, 0, 2, 0, 0, 0, 0, 0, 0, 0, 2, 2, 2, 3, 2, 0, 1, 1, 4, 2, 5, 1, 6, 2, 4, 2, 2, 880, 1, 0, 0, 0, 0, 0]",3,0.20000000000030776,-1,0
4239,"[0, 2, 0, 0, 3, 2, 0, 1, 0, 1, 0, 2, 0, 0, 0, 0, 0, 1, 0, 0, 2, 0, 0, 0, 0, 0, 0, 0, 0, 0, 0, 0, 1, 1, 2, 2, 0, 0, 2, 0, 0, 1, 1, 0, 2, 2, 0, 1, 0, 0, 0, 0, 0, 0, 0, 2, 0, 0, 0, 0, 0, 0, 0, 2, 2, 2, 3, 2, 0, 1, 1, 4, 2, 5, 1, 6, 2, 4, 2, 2, 880, 0, 0, 0, 0, 0, 0]",-1,-7.5366537547738255e-06,-1,0
4240,"[0, 2, 0, 0, 3, 2, 0, 1, 0, 1, 0, 2, 0, 0, 0, 0, 0, 1, 0, 0, 2, 0, 0, 0, 0, 0, 0, 0, 0, 0, 0, 0, 1, 1, 2, 2, 0, 0, 2, 0, 0, 1, 1, 0, 2, 2, 0, 1, 0, 0, 0, 0, 0, 0, 0, 2, 0, 0, 0, 0, 0, 0, 0, 2, 2, 2, 3, 2, 0, 1, 1, 4, 2, 5, 1, 6, 2, 4, 2, 2, 880, 0, 1, 0, 0, 0, 0]",2,0.4000000000003077,-1,0
4241,"[0, 2, 0, 0, 3, 2, 0, 1, 0, 1, 0, 2, 0, 0, 0, 0, 0, 1, 0, 0, 2, 0, 0, 0, 0, 0, 0, 0, 0, 0, 0, 0, 1, 1, 2, 2, 0, 0, 2, 0, 0, 1, 1, 0, 2, 2, 0, 1, 0, 0, 0, 0, 0, 0, 0, 2, 0, 0, 0, 0, 0, 0, 0, 2, 2, 2, 3, 2, 0, 1, 1, 4, 2, 5, 1, 6, 2, 4, 2, 2, 880, 0, 1, 0, 0, 1, 0]","[[0 1 0 0]
 [0 0 0 1]]",0.6504248650583986,-1,0
4242,"[0, 2, 0, 0, 3, 2, 0, 1, 0, 1, 0, 2, 0, 0, 0, 0, 0, 1, 0, 0, 2, 0, 0, 0, 0, 0, 0, 0, 0, 0, 0, 0, 1, 1, 2, 2, 0, 0, 2, 0, 0, 1, 1, 0, 2, 2, 0, 1, 0, 0, 0, 0, 0, 0, 0, 2, 0, 0, 0, 0, 0, 0, 0, 2, 2, 2, 3, 2, 0, 1, 1, 4, 2, 5, 1, 6, 2, 4, 2, 2, 880, 0, 0, 0, 0, 0, 0]",1,-32.19999999999969,-1,1
4243,"[0, 2, 0, 0, 3, 2, 0, 1, 0, 1, 0, 2, 0, 0, 0, 0, 0, 1, 0, 0, 2, 0, 0, 0, 0, 0, 0, 0, 0, 0, 0, 0, 1, 1, 2, 2, 0, 0, 2, 0, 0, 1, 1, 0, 2, 2, 0, 1, 0, 0, 0, 0, 0, 0, 0, 2, 0, 0, 0, 0, 0, 0, 0, 2, 2, 2, 3, 2, 0, 1, 1, 4, 2, 5, 1, 6, 2, 4, 2, 2, 880, 0, 1, 0, 0, 0, 0]",2,0.4000000000003077,-1,0
4244,"[0, 2, 0, 0, 3, 2, 0, 1, 0, 1, 0, 2, 0, 0, 0, 0, 0, 1, 0, 0, 2, 0, 0, 0, 0, 0, 0, 0, 0, 0, 0, 0, 1, 1, 2, 2, 0, 0, 2, 0, 0, 1, 1, 0, 2, 2, 0, 1, 0, 0, 0, 0, 0, 0, 0, 2, 0, 0, 0, 0, 0, 0, 0, 2, 2, 2, 3, 2, 0, 1, 1, 4, 2, 5, 1, 6, 2, 4, 2, 2, 880, 0, 1, 0, 0, 1, 0]","[[0 1 0 0]
 [1 0 0 0]]",0.6504248650583986,-1,0
4245,"[0, 2, 0, 0, 3, 2, 0, 1, 0, 1, 0, 2, 0, 0, 0, 0, 0, 1, 0, 0, 2, 0, 0, 0, 0, 0, 0, 0, 0, 0, 0, 0, 1, 1, 2, 2, 0, 0, 2, 0, 0, 1, 1, 0, 2, 2, 0, 1, 0, 0, 0, 0, 0, 0, 0, 2, 0, 0, 0, 0, 0, 0, 0, 2, 2, 2, 3, 2, 0, 1, 1, 4, 2, 5, 1, 6, 2, 4, 2, 2, 880, 0, 0, 0, 0, 0, 0]",1,-32.19999999999969,-1,1
4246,"[0, 2, 0, 0, 3, 2, 0, 1, 0, 1, 0, 2, 0, 0, 0, 0, 0, 1, 0, 0, 2, 0, 0, 0, 0, 0, 0, 0, 0, 0, 0, 0, 1, 1, 2, 2, 0, 0, 2, 0, 0, 1, 1, 0, 2, 2, 0, 1, 0, 0, 0, 0, 0, 0, 0, 2, 0, 0, 0, 0, 0, 0, 0, 2, 2, 2, 3, 2, 0, 1, 1, 4, 2, 5, 1, 6, 2, 4, 2, 2, 880, 0, 1, 0, 0, 0, 0]",2,0.4000000000003077,-1,0
4247,"[0, 2, 0, 0, 3, 2, 0, 1, 0, 1, 0, 2, 0, 0, 0, 0, 0, 1, 0, 0, 2, 0, 0, 0, 0, 0, 0, 0, 0, 0, 0, 0, 1, 1, 2, 2, 0, 0, 2, 0, 0, 1, 1, 0, 2, 2, 0, 1, 0, 0, 0, 0, 0, 0, 0, 2, 0, 0, 0, 0, 0, 0, 0, 2, 2, 2, 3, 2, 0, 1, 1, 4, 2, 5, 1, 6, 2, 4, 2, 2, 880, 0, 1, 0, 0, 1, 0]","[[0 1 0 0]
 [1 0 0 0]]",0.6504248650583986,-1,0
4248,"[0, 2, 0, 0, 3, 2, 0, 1, 0, 1, 0, 2, 0, 0, 0, 0, 0, 1, 0, 0, 2, 0, 0, 0, 0, 0, 0, 0, 0, 0, 0, 0, 1, 1, 2, 2, 0, 0, 2, 0, 0, 1, 1, 0, 2, 2, 0, 1, 0, 0, 0, 0, 0, 0, 0, 2, 0, 0, 0, 0, 0, 0, 0, 2, 2, 2, 3, 2, 0, 1, 1, 4, 2, 5, 1, 6, 2, 4, 2, 2, 880, 0, 0, 0, 0, 0, 0]",1,-32.19999999999969,-1,1
4249,"[0, 2, 0, 0, 3, 2, 0, 1, 0, 1, 0, 2, 0, 0, 0, 0, 0, 1, 0, 0, 2, 0, 0, 0, 0, 0, 0, 0, 0, 0, 0, 0, 1, 1, 2, 2, 0, 0, 2, 0, 0, 1, 1, 0, 2, 2, 0, 1, 0, 0, 0, 0, 0, 0, 0, 2, 0, 0, 0, 0, 0, 0, 0, 2, 2, 2, 3, 2, 0, 1, 1, 4, 2, 5, 1, 6, 2, 4, 2, 2, 880, 0, 1, 0, 0, 0, 0]",2,0.4000000000003077,-1,0
4250,"[0, 2, 0, 0, 3, 2, 0, 1, 0, 1, 0, 2, 0, 0, 0, 0, 0, 1, 0, 0, 2, 0, 0, 0, 0, 0, 0, 0, 0, 0, 0, 0, 1, 1, 2, 2, 0, 0, 2, 0, 0, 1, 1, 0, 2, 2, 0, 1, 0, 0, 0, 0, 0, 0, 0, 2, 0, 0, 0, 0, 0, 0, 0, 2, 2, 2, 3, 2, 0, 1, 1, 4, 2, 5, 1, 6, 2, 4, 2, 2, 880, 0, 1, 0, 0, 1, 0]","[[0 1 0 0]
 [0 0 0 1]]",0.6504248650583986,-1,0
4251,"[0, 1, 0, 1, 3, 3, 0, 0, 0, 1, 0, 2, 0, 0, 0, 0, 0, 1, 0, 0, 2, 0, 0, 0, 0, 0, 0, 0, 0, 0, 0, 0, 1, 1, 2, 2, 0, 0, 2, 0, 0, 1, 1, 0, 2, 2, 0, 1, 0, 0, 0, 0, 0, 0, 0, 2, 0, 0, 0, 0, 0, 0, 0, 2, 2, 2, 3, 2, 0, 1, 1, 4, 2, 5, 1, 6, 2, 4, 2, 2, 880, 0, 0, 0, 0, 0, 0]",0,-0.19999999999969226,-1,1
4252,"[0, 1, 0, 1, 3, 3, 0, 0, 0, 1, 0, 2, 0, 0, 0, 0, 0, 1, 0, 0, 2, 0, 0, 0, 0, 0, 0, 0, 0, 0, 0, 0, 1, 1, 2, 2, 0, 0, 2, 0, 0, 1, 1, 0, 2, 2, 0, 1, 0, 0, 0, 0, 0, 0, 0, 2, 0, 0, 0, 0, 0, 0, 0, 2, 2, 2, 3, 2, 0, 1, 1, 4, 2, 5, 1, 6, 2, 4, 2, 2, 881, 0, 0, 0, 0, 0, 0]",4,12.859478244601581,-1,0
4253,"[0, 1, 0, 1, 3, 3, 0, 0, 0, 1, 0, 2, 0, 0, 0, 0, 0, 1, 0, 0, 2, 0, 0, 0, 0, 0, 0, 0, 0, 0, 0, 0, 1, 1, 2, 2, 0, 0, 2, 0, 0, 1, 1, 0, 2, 2, 0, 1, 0, 0, 0, 0, 0, 0, 0, 2, 0, 0, 0, 0, 0, 0, 0, 2, 2, 2, 3, 2, 0, 1, 1, 4, 2, 5, 1, 6, 2, 4, 2, 2, 882, 0, 0, 0, 0, 0, 0]",4,13.910089285957408,-1,1
4254,"[0, 1, 0, 1, 3, 3, 0, 0, 0, 1, 0, 2, 0, 0, 0, 0, 0, 1, 0, 0, 2, 0, 0, 0, 0, 0, 0, 0, 0, 0, 0, 0, 1, 1, 2, 2, 0, 0, 2, 0, 0, 1, 1, 0, 2, 2, 0, 1, 0, 0, 0, 0, 0, 0, 0, 2, 0, 0, 0, 0, 0, 0, 0, 2, 2, 2, 3, 2, 0, 1, 1, 4, 2, 5, 1, 6, 2, 4, 2, 2, 882, 0, 0, 0, 0, 0, 0]",0,0.29497474683086733,-1,0
4255,"[0, 1, 0, 1, 3, 3, 0, 0, 0, 1, 0, 2, 0, 0, 0, 0, 0, 1, 0, 0, 2, 0, 0, 0, 0, 0, 0, 0, 0, 0, 0, 0, 1, 1, 2, 2, 0, 0, 2, 0, 0, 1, 1, 0, 2, 2, 0, 1, 0, 0, 0, 0, 0, 0, 0, 2, 0, 0, 0, 0, 0, 0, 0, 2, 2, 2, 3, 2, 0, 1, 1, 4, 2, 5, 1, 6, 2, 4, 2, 2, 882, 0, 0, 0, 0, 0, 0]",-1,-7.387418011601682e-06,-1,0
4256,"[0, 1, 0, 1, 3, 3, 0, 0, 0, 1, 0, 2, 0, 0, 0, 0, 0, 1, 0, 0, 2, 0, 0, 0, 0, 0, 0, 0, 0, 0, 0, 0, 1, 1, 2, 2, 0, 0, 2, 0, 0, 1, 1, 0, 2, 2, 0, 1, 0, 0, 0, 0, 0, 0, 0, 2, 0, 0, 0, 0, 0, 0, 0, 2, 2, 2, 3, 2, 0, 1, 1, 4, 2, 5, 1, 6, 2, 4, 2, 2, 883, 0, 0, 0, 0, 0, 0]",4,12.859477946130072,-1,0
4257,"[0, 1, 0, 1, 3, 3, 0, 0, 0, 1, 0, 2, 0, 0, 0, 0, 0, 1, 0, 0, 2, 0, 0, 0, 0, 0, 0, 0, 0, 0, 0, 0, 1, 1, 2, 2, 0, 0, 2, 0, 0, 1, 1, 0, 2, 2, 0, 1, 0, 0, 0, 0, 0, 0, 0, 2, 0, 0, 0, 0, 0, 0, 0, 2, 2, 2, 3, 2, 0, 1, 1, 4, 2, 5, 1, 6, 2, 4, 2, 2, 883, 0, 1, 0, 0, 0, 0]",2,0.4000000000002729,-1,1
4258,"[0, 1, 0, 1, 3, 3, 0, 0, 0, 1, 0, 2, 0, 0, 0, 0, 0, 1, 0, 0, 2, 0, 0, 0, 0, 0, 0, 0, 0, 0, 0, 0, 1, 1, 2, 2, 0, 0, 2, 0, 0, 1, 1, 0, 2, 2, 0, 1, 0, 0, 0, 0, 0, 0, 0, 2, 0, 0, 0, 0, 0, 0, 0, 2, 2, 2, 3, 2, 0, 1, 1, 4, 2, 5, 1, 6, 2, 4, 2, 2, 883, 0, 1, 0, 0, 1, 0]","[[1 0 0 0]
 [0 1 0 0]]",0.6504248650583638,-1,1
4259,"[1, 0, 0, 1, 2, 4, 0, 0, 0, 1, 0, 2, 0, 0, 0, 0, 0, 1, 0, 0, 2, 0, 0, 0, 0, 0, 0, 0, 0, 0, 0, 0, 1, 1, 2, 2, 0, 0, 2, 0, 0, 1, 1, 0, 2, 2, 0, 1, 0, 0, 0, 0, 0, 0, 0, 2, 0, 0, 0, 0, 0, 0, 0, 2, 2, 2, 3, 2, 0, 1, 1, 4, 2, 5, 1, 6, 2, 4, 2, 2, 883, 0, 0, 0, 0, 0, 0]",0,-0.19999999999972704,-1,0
4260,"[1, 1, 0, 1, 2, 5, 0, 0, 0, 1, 0, 2, 0, 0, 0, 0, 0, 1, 0, 0, 2, 0, 0, 0, 0, 0, 0, 0, 0, 0, 0, 0, 1, 1, 2, 2, 0, 0, 2, 0, 0, 1, 1, 0, 2, 2, 0, 1, 0, 0, 0, 0, 0, 0, 0, 2, 0, 0, 0, 0, 0, 0, 0, 2, 2, 2, 3, 2, 0, 1, 1, 4, 2, 5, 1, 6, 2, 4, 2, 2, 884, 0, 0, 0, 0, 0, 0]",4,13.784985426150943,-1,1
4261,"[1, 1, 0, 1, 2, 5, 0, 0, 0, 1, 0, 2, 0, 0, 0, 0, 0, 1, 0, 0, 2, 0, 0, 0, 0, 0, 0, 0, 0, 0, 0, 0, 1, 1, 2, 2, 0, 0, 2, 0, 0, 1, 1, 0, 2, 2, 0, 1, 0, 0, 0, 0, 0, 0, 0, 2, 0, 0, 0, 0, 0, 0, 0, 2, 2, 2, 3, 2, 0, 1, 1, 4, 2, 5, 1, 6, 2, 4, 2, 2, 884, 0, 0, 0, 0, 0, 0]",0,0.29497474683084557,-1,0
4262,"[1, 1, 0, 1, 2, 5, 0, 0, 0, 1, 0, 2, 0, 0, 0, 0, 0, 1, 0, 0, 2, 0, 0, 0, 0, 0, 0, 0, 0, 0, 0, 0, 1, 1, 2, 2, 0, 0, 2, 0, 0, 1, 1, 0, 2, 2, 0, 1, 0, 0, 0, 0, 0, 0, 0, 2, 0, 0, 0, 0, 0, 0, 0, 2, 2, 2, 3, 2, 0, 1, 1, 4, 2, 5, 1, 6, 2, 4, 2, 2, 884, 0, 0, 0, 0, 0, 0]",-1,-7.2411373341344005e-06,-1,0
4263,"[1, 1, 0, 1, 1, 2, 0, 0, 0, 1, 0, 2, 0, 0, 0, 0, 0, 1, 0, 0, 2, 0, 0, 0, 0, 0, 0, 0, 0, 0, 0, 0, 1, 1, 2, 2, 0, 0, 2, 0, 0, 1, 1, 0, 2, 2, 0, 1, 0, 0, 0, 0, 0, 0, 0, 2, 0, 0, 0, 0, 0, 0, 0, 2, 2, 2, 3, 2, 0, 1, 1, 4, 2, 5, 1, 6, 2, 4, 2, 1, 885, 0, 0, 0, 0, 0, 0]",4,14.055683124094903,-1,1
4264,"[1, 1, 0, 1, 1, 2, 0, 0, 0, 1, 0, 2, 0, 0, 0, 0, 0, 1, 0, 0, 2, 0, 0, 0, 0, 0, 0, 0, 0, 0, 0, 0, 1, 1, 2, 2, 0, 0, 2, 0, 0, 1, 1, 0, 2, 2, 0, 1, 0, 0, 0, 0, 0, 0, 0, 2, 0, 0, 0, 0, 0, 0, 0, 2, 2, 2, 3, 2, 0, 1, 1, 4, 2, 5, 1, 6, 2, 4, 2, 1, 885, 0, 0, 0, 0, 0, 0]",0,0.29497474683083524,-1,0
4265,"[1, 1, 0, 1, 1, 2, 0, 0, 0, 1, 0, 2, 0, 0, 0, 0, 0, 1, 0, 0, 2, 0, 0, 0, 0, 0, 0, 0, 0, 0, 0, 0, 1, 1, 2, 2, 0, 0, 2, 0, 0, 1, 1, 0, 2, 2, 0, 1, 0, 0, 0, 0, 0, 0, 0, 2, 0, 0, 0, 0, 0, 0, 0, 2, 2, 2, 3, 2, 0, 1, 1, 4, 2, 5, 1, 6, 2, 4, 2, 1, 885, 0, 0, 0, 0, 0, 0]",-1,-7.169086813814659e-06,-1,0
4266,"[1, 1, 0, 1, 1, 2, 0, 0, 0, 1, 0, 2, 0, 0, 0, 0, 0, 1, 0, 0, 2, 0, 0, 0, 0, 0, 0, 0, 0, 0, 0, 0, 1, 1, 2, 2, 0, 0, 2, 0, 0, 1, 1, 0, 2, 2, 0, 1, 0, 0, 0, 0, 0, 0, 0, 2, 0, 0, 0, 0, 0, 0, 0, 2, 2, 2, 3, 2, 0, 1, 1, 4, 2, 5, 1, 6, 2, 4, 2, 1, 885, 0, 0, 0, 0, 0, 0]",0,0.29497474683083524,-1,0
4267,"[1, 1, 0, 1, 1, 2, 0, 0, 0, 1, 0, 2, 0, 0, 0, 0, 0, 1, 0, 0, 2, 0, 0, 0, 0, 0, 0, 0, 0, 0, 0, 0, 1, 1, 2, 2, 0, 0, 2, 0, 0, 1, 1, 0, 2, 2, 0, 1, 0, 0, 0, 0, 0, 0, 0, 2, 0, 0, 0, 0, 0, 0, 0, 2, 2, 2, 3, 2, 0, 1, 1, 4, 2, 5, 1, 6, 2, 4, 2, 1, 885, 0, 0, 0, 0, 0, 0]",-1,-7.169086813814659e-06,-1,0
4268,"[1, 1, 0, 1, 1, 2, 0, 0, 0, 1, 0, 2, 0, 0, 0, 0, 0, 1, 0, 0, 2, 0, 0, 0, 0, 0, 0, 0, 0, 0, 0, 0, 1, 1, 2, 2, 0, 0, 2, 0, 0, 1, 1, 0, 2, 2, 0, 1, 0, 0, 0, 0, 0, 0, 0, 2, 0, 0, 0, 0, 0, 0, 0, 2, 2, 2, 3, 2, 0, 1, 1, 4, 2, 5, 1, 6, 2, 4, 2, 1, 885, 0, 0, 0, 0, 0, 0]",0,0.29497474683083524,-1,0
4269,"[1, 1, 0, 1, 1, 2, 0, 0, 0, 1, 0, 2, 0, 0, 0, 0, 0, 1, 0, 0, 2, 0, 0, 0, 0, 0, 0, 0, 0, 0, 0, 0, 1, 1, 2, 2, 0, 0, 2, 0, 0, 1, 1, 0, 2, 2, 0, 1, 0, 0, 0, 0, 0, 0, 0, 2, 0, 0, 0, 0, 0, 0, 0, 2, 2, 2, 3, 2, 0, 1, 1, 4, 2, 5, 1, 6, 2, 4, 2, 1, 885, 0, 0, 0, 0, 0, 0]",-1,-7.169086813814659e-06,-1,0
4270,"[1, 1, 0, 1, 1, 2, 0, 0, 0, 1, 0, 2, 0, 0, 0, 0, 0, 1, 0, 0, 2, 0, 0, 0, 0, 0, 0, 0, 0, 0, 0, 0, 1, 1, 2, 2, 0, 0, 2, 0, 0, 1, 1, 0, 2, 2, 0, 1, 0, 0, 0, 0, 0, 0, 0, 2, 0, 0, 0, 0, 0, 0, 0, 2, 2, 2, 3, 2, 0, 1, 1, 4, 2, 5, 1, 6, 2, 4, 2, 1, 885, 0, 0, 0, 0, 0, 0]",0,0.29497474683083524,-1,0
4271,"[1, 1, 0, 1, 1, 2, 0, 0, 0, 1, 0, 2, 0, 0, 0, 0, 0, 1, 0, 0, 2, 0, 0, 0, 0, 0, 0, 0, 0, 0, 0, 0, 1, 1, 2, 2, 0, 0, 2, 0, 0, 1, 1, 0, 2, 2, 0, 1, 0, 0, 0, 0, 0, 0, 0, 2, 0, 0, 0, 0, 0, 0, 0, 2, 2, 2, 3, 2, 0, 1, 1, 4, 2, 5, 1, 6, 2, 4, 2, 1, 885, 0, 0, 0, 0, 0, 0]",-1,-7.169086813814659e-06,-1,0
4272,"[1, 1, 0, 1, 1, 2, 0, 0, 0, 1, 0, 2, 0, 0, 0, 0, 0, 1, 0, 0, 2, 0, 0, 0, 0, 0, 0, 0, 0, 0, 0, 0, 1, 1, 2, 2, 0, 0, 2, 0, 0, 1, 1, 0, 2, 2, 0, 1, 0, 0, 0, 0, 0, 0, 0, 2, 0, 0, 0, 0, 0, 0, 0, 2, 2, 2, 3, 2, 0, 1, 1, 4, 2, 5, 1, 6, 2, 4, 2, 1, 885, 0, 0, 0, 0, 0, 0]",0,0.29497474683083524,-1,0
4273,"[1, 1, 0, 1, 1, 2, 0, 0, 0, 1, 0, 2, 0, 0, 0, 0, 0, 1, 0, 0, 2, 0, 0, 0, 0, 0, 0, 0, 0, 0, 0, 0, 1, 1, 2, 2, 0, 0, 2, 0, 0, 1, 1, 0, 2, 2, 0, 1, 0, 0, 0, 0, 0, 0, 0, 2, 0, 0, 0, 0, 0, 0, 0, 2, 2, 2, 3, 2, 0, 1, 1, 4, 2, 5, 1, 6, 2, 4, 2, 1, 885, 0, 0, 0, 0, 0, 0]",-1,-7.169086813814659e-06,-1,0
4274,"[1, 1, 0, 1, 1, 2, 0, 0, 0, 1, 0, 2, 0, 0, 0, 0, 0, 1, 0, 0, 2, 0, 0, 0, 0, 0, 0, 0, 0, 0, 0, 0, 1, 1, 2, 2, 0, 0, 2, 0, 0, 1, 1, 0, 2, 2, 0, 1, 0, 0, 0, 0, 0, 0, 0, 2, 0, 0, 0, 0, 0, 0, 0, 2, 2, 2, 3, 2, 0, 1, 1, 4, 2, 5, 1, 6, 2, 4, 2, 1, 885, 0, 1, 0, 0, 0, 0]",2,0.40000000000025193,-1,0
4275,"[1, 1, 0, 1, 1, 2, 0, 0, 0, 1, 0, 2, 0, 0, 0, 0, 0, 1, 0, 0, 2, 0, 0, 0, 0, 0, 0, 0, 0, 0, 0, 0, 1, 1, 2, 2, 0, 0, 2, 0, 0, 1, 1, 0, 2, 2, 0, 1, 0, 0, 0, 0, 0, 0, 0, 2, 0, 0, 0, 0, 0, 0, 0, 2, 2, 2, 3, 2, 0, 1, 1, 4, 2, 5, 1, 6, 2, 4, 2, 1, 885, 0, 0, 0, 0, 0, 0]",-1,-7.169086813814659e-06,-1,0
4276,"[1, 1, 0, 1, 1, 2, 0, 0, 0, 1, 0, 2, 0, 0, 0, 0, 0, 1, 0, 0, 2, 0, 0, 0, 0, 0, 0, 0, 0, 0, 0, 0, 1, 1, 2, 2, 0, 0, 2, 0, 0, 1, 1, 0, 2, 2, 0, 1, 0, 0, 0, 0, 0, 0, 0, 2, 0, 0, 0, 0, 0, 0, 0, 2, 2, 2, 3, 2, 0, 1, 1, 4, 2, 5, 1, 6, 2, 4, 2, 1, 885, 1, 0, 0, 0, 0, 0]",3,0.20000000000025198,-1,0
4277,"[1, 1, 0, 1, 1, 2, 0, 0, 0, 1, 0, 2, 0, 0, 0, 0, 0, 1, 0, 0, 2, 0, 0, 0, 0, 0, 0, 0, 0, 0, 0, 0, 1, 1, 2, 2, 0, 0, 2, 0, 0, 1, 1, 0, 2, 2, 0, 1, 0, 0, 0, 0, 0, 0, 0, 2, 0, 0, 0, 0, 0, 0, 0, 2, 2, 2, 3, 2, 0, 1, 1, 4, 2, 5, 1, 6, 2, 4, 2, 1, 885, 0, 0, 0, 0, 0, 0]",-1,-7.169086813814659e-06,-1,0
4278,"[1, 1, 0, 1, 1, 2, 0, 0, 0, 1, 0, 2, 0, 0, 0, 0, 0, 1, 0, 0, 2, 0, 0, 0, 0, 0, 0, 0, 0, 0, 0, 0, 1, 1, 2, 2, 0, 0, 2, 0, 0, 1, 1, 0, 2, 2, 0, 1, 0, 0, 0, 0, 0, 0, 0, 2, 0, 0, 0, 0, 0, 0, 0, 2, 2, 2, 3, 2, 0, 1, 1, 4, 2, 5, 1, 6, 2, 4, 2, 1, 885, 0, 1, 0, 0, 0, 0]",2,0.40000000000025193,-1,0
4279,"[1, 1, 0, 1, 1, 2, 0, 0, 0, 1, 0, 2, 0, 0, 0, 0, 0, 1, 0, 0, 2, 0, 0, 0, 0, 0, 0, 0, 0, 0, 0, 0, 1, 1, 2, 2, 0, 0, 2, 0, 0, 1, 1, 0, 2, 2, 0, 1, 0, 0, 0, 0, 0, 0, 0, 2, 0, 0, 0, 0, 0, 0, 0, 2, 2, 2, 3, 2, 0, 1, 1, 4, 2, 5, 1, 6, 2, 4, 2, 1, 885, 0, 0, 0, 0, 0, 0]",-1,-7.169086813814659e-06,-1,0
4280,"[1, 1, 0, 1, 1, 2, 0, 0, 0, 1, 0, 2, 0, 0, 0, 0, 0, 1, 0, 0, 2, 0, 0, 0, 0, 0, 0, 0, 0, 0, 0, 0, 1, 1, 2, 2, 0, 0, 2, 0, 0, 1, 1, 0, 2, 2, 0, 1, 0, 0, 0, 0, 0, 0, 0, 2, 0, 0, 0, 0, 0, 0, 0, 2, 2, 2, 3, 2, 0, 1, 1, 4, 2, 5, 1, 6, 2, 4, 2, 1, 885, 0, 0, 0, 0, 0, 0]",1,0.6096241150998687,-1,0
4281,"[1, 1, 0, 1, 1, 2, 0, 0, 0, 1, 0, 2, 0, 0, 0, 0, 0, 1, 0, 0, 2, 0, 0, 0, 0, 0, 0, 0, 0, 0, 0, 0, 1, 1, 2, 2, 0, 0, 2, 0, 0, 1, 1, 0, 2, 2, 0, 1, 0, 0, 0, 0, 0, 0, 0, 2, 0, 0, 0, 0, 0, 0, 0, 2, 2, 2, 3, 2, 0, 1, 1, 4, 2, 5, 1, 6, 2, 4, 2, 1, 885, 0, 0, 0, 0, 0, 0]",-1,-7.169086813814659e-06,-1,0
4282,"[1, 1, 0, 1, 1, 2, 0, 0, 0, 1, 0, 2, 0, 0, 0, 0, 0, 1, 0, 0, 2, 0, 0, 0, 0, 0, 0, 0, 0, 0, 0, 0, 1, 1, 2, 2, 0, 0, 2, 0, 0, 1, 1, 0, 2, 2, 0, 1, 0, 0, 0, 0, 0, 0, 0, 2, 0, 0, 0, 0, 0, 0, 0, 2, 2, 2, 3, 2, 0, 1, 1, 4, 2, 5, 1, 6, 2, 4, 2, 1, 885, 0, 0, 0, 0, 0, 0]",1,0.6096241150998687,-1,0
4283,"[1, 1, 0, 1, 1, 2, 0, 0, 0, 1, 0, 2, 0, 0, 0, 0, 0, 1, 0, 0, 2, 0, 0, 0, 0, 0, 0, 0, 0, 0, 0, 0, 1, 1, 2, 2, 0, 0, 2, 0, 0, 1, 1, 0, 2, 2, 0, 1, 0, 0, 0, 0, 0, 0, 0, 2, 0, 0, 0, 0, 0, 0, 0, 2, 2, 2, 3, 2, 0, 1, 1, 4, 2, 5, 1, 6, 2, 4, 2, 1, 885, 0, 0, 0, 0, 0, 0]",-1,-7.169086813814659e-06,-1,0
4284,"[1, 1, 0, 1, 1, 2, 0, 0, 0, 1, 0, 2, 0, 0, 0, 0, 0, 1, 0, 0, 2, 0, 0, 0, 0, 0, 0, 0, 0, 0, 0, 0, 1, 1, 2, 2, 0, 0, 2, 0, 0, 1, 1, 0, 2, 2, 0, 1, 0, 0, 0, 0, 0, 0, 0, 2, 0, 0, 0, 0, 0, 0, 0, 2, 2, 2, 3, 2, 0, 1, 1, 4, 2, 5, 1, 6, 2, 4, 2, 1, 886, 0, 0, 0, 0, 0, 0]",4,13.133407622183995,-1,0
4285,"[1, 2, 0, 1, 1, 3, 0, 0, 0, 1, 0, 2, 0, 0, 0, 0, 0, 1, 0, 0, 2, 0, 0, 0, 0, 0, 0, 0, 0, 0, 0, 0, 1, 1, 2, 2, 0, 0, 2, 0, 0, 1, 1, 0, 2, 2, 0, 1, 0, 0, 0, 0, 0, 0, 0, 2, 0, 0, 0, 0, 0, 0, 0, 2, 2, 2, 3, 2, 0, 1, 1, 4, 2, 5, 1, 6, 2, 4, 2, 1, 887, 0, 0, 0, 0, 0, 0]",4,13.893488752779689,-1,1
4286,"[1, 2, 0, 1, 1, 3, 0, 0, 0, 1, 0, 2, 0, 0, 0, 0, 0, 1, 0, 0, 2, 0, 0, 0, 0, 0, 0, 0, 0, 0, 0, 0, 1, 1, 2, 2, 0, 0, 2, 0, 0, 1, 1, 0, 2, 2, 0, 1, 0, 0, 0, 0, 0, 0, 0, 2, 0, 0, 0, 0, 0, 0, 0, 2, 2, 2, 3, 2, 0, 1, 1, 4, 2, 5, 1, 6, 2, 4, 2, 1, 887, 1, 0, 0, 0, 0, 0]",3,0.20000000000023263,-1,0
4287,"[1, 2, 0, 1, 1, 3, 0, 0, 0, 1, 0, 2, 0, 0, 0, 0, 0, 1, 0, 0, 2, 0, 0, 0, 0, 0, 0, 0, 0, 0, 0, 0, 1, 1, 2, 2, 0, 0, 2, 0, 0, 1, 1, 0, 2, 2, 0, 1, 0, 0, 0, 0, 0, 0, 0, 2, 0, 0, 0, 0, 0, 0, 0, 2, 2, 2, 3, 2, 0, 1, 1, 4, 2, 5, 1, 6, 2, 4, 2, 1, 887, 0, 0, 0, 0, 0, 0]",-1,-7.0271293837220714e-06,-1,0
4288,"[1, 3, 0, 1, 1, 4, 0, 0, 0, 1, 0, 2, 0, 0, 0, 0, 0, 1, 0, 0, 2, 0, 0, 0, 0, 0, 0, 0, 0, 0, 0, 0, 1, 1, 2, 2, 0, 0, 2, 0, 0, 1, 1, 0, 2, 2, 0, 1, 0, 0, 0, 0, 0, 0, 0, 2, 0, 0, 0, 0, 0, 0, 0, 2, 2, 2, 3, 2, 0, 1, 1, 4, 2, 5, 1, 6, 2, 4, 2, 1, 888, 0, 0, 0, 0, 0, 0]",4,12.712969520574422,-1,0
4289,"[1, 3, 0, 1, 1, 4, 0, 0, 0, 1, 0, 2, 0, 0, 0, 0, 0, 1, 0, 0, 2, 0, 0, 0, 0, 0, 0, 0, 0, 0, 0, 0, 1, 1, 2, 2, 0, 0, 2, 0, 0, 1, 1, 0, 2, 2, 0, 1, 0, 0, 0, 0, 0, 0, 0, 2, 0, 0, 0, 0, 0, 0, 0, 2, 2, 2, 3, 2, 0, 1, 1, 4, 2, 5, 1, 6, 2, 4, 2, 1, 888, 0, 1, 0, 0, 0, 0]",2,0.4000000000002234,-1,1
4290,"[1, 3, 0, 1, 1, 4, 0, 0, 0, 1, 0, 2, 0, 0, 0, 0, 0, 1, 0, 0, 2, 0, 0, 0, 0, 0, 0, 0, 0, 0, 0, 0, 1, 1, 2, 2, 0, 0, 2, 0, 0, 1, 1, 0, 2, 2, 0, 1, 0, 0, 0, 0, 0, 0, 0, 2, 0, 0, 0, 0, 0, 0, 0, 2, 2, 2, 3, 2, 0, 1, 1, 4, 2, 5, 1, 6, 2, 4, 2, 1, 888, 0, 1, 0, 0, 1, 0]","[[1 0 0 0]
 [0 1 0 0]]",0.6504248650583143,-1,1
4291,"[1, 3, 0, 1, 1, 4, 0, 0, 0, 1, 0, 2, 0, 0, 0, 0, 0, 1, 0, 0, 2, 0, 0, 0, 0, 0, 0, 0, 0, 0, 0, 0, 1, 1, 2, 2, 0, 0, 2, 0, 0, 1, 1, 0, 2, 2, 0, 1, 0, 0, 0, 0, 0, 0, 0, 2, 0, 0, 0, 0, 0, 0, 0, 2, 2, 2, 3, 2, 0, 1, 1, 4, 2, 5, 1, 6, 2, 4, 2, 1, 888, 0, 0, 0, 0, 0, 0]",1,-0.19999999999977655,-1,0
4292,"[1, 4, 0, 1, 1, 5, 0, 0, 0, 1, 0, 2, 0, 0, 0, 0, 0, 1, 0, 0, 2, 0, 0, 0, 0, 0, 0, 0, 0, 0, 0, 0, 1, 1, 2, 2, 0, 0, 2, 0, 0, 1, 1, 0, 2, 2, 0, 1, 0, 0, 0, 0, 0, 0, 0, 2, 0, 0, 0, 0, 0, 0, 0, 2, 2, 2, 3, 2, 0, 1, 1, 4, 2, 5, 1, 6, 2, 4, 2, 1, 889, 0, 0, 0, 0, 0, 0]",4,13.675579659713634,-1,1
4293,"[1, 4, 0, 1, 1, 5, 0, 0, 0, 1, 0, 2, 0, 0, 0, 0, 0, 1, 0, 0, 2, 0, 0, 0, 0, 0, 0, 0, 0, 0, 0, 0, 1, 1, 2, 2, 0, 0, 2, 0, 0, 1, 1, 0, 2, 2, 0, 1, 0, 0, 0, 0, 0, 0, 0, 2, 0, 0, 0, 0, 0, 0, 0, 2, 2, 2, 3, 2, 0, 1, 1, 4, 2, 5, 1, 6, 2, 4, 2, 1, 889, 0, 1, 0, 0, 0, 0]",2,0.4000000000002147,-1,0
4294,"[1, 4, 0, 1, 1, 5, 0, 0, 0, 1, 0, 2, 0, 0, 0, 0, 0, 1, 0, 0, 2, 0, 0, 0, 0, 0, 0, 0, 0, 0, 0, 0, 1, 1, 2, 2, 0, 0, 2, 0, 0, 1, 1, 0, 2, 2, 0, 1, 0, 0, 0, 0, 0, 0, 0, 2, 0, 0, 0, 0, 0, 0, 0, 2, 2, 2, 3, 2, 0, 1, 1, 4, 2, 5, 1, 6, 2, 4, 2, 1, 889, 0, 0, 0, 0, 0, 0]",-1,-6.887982899079296e-06,-1,0
4295,"[1, 4, 0, 1, 1, 5, 0, 0, 0, 1, 0, 2, 0, 0, 0, 0, 0, 1, 0, 0, 2, 0, 0, 0, 0, 0, 0, 0, 0, 0, 0, 0, 1, 1, 2, 2, 0, 0, 2, 0, 0, 1, 1, 0, 2, 2, 0, 1, 0, 0, 0, 0, 0, 0, 0, 2, 0, 0, 0, 0, 0, 0, 0, 2, 2, 2, 3, 2, 0, 1, 1, 4, 2, 5, 1, 6, 2, 4, 2, 1, 889, 1, 0, 0, 0, 0, 0]",3,0.20000000000021473,-1,0
4296,"[1, 4, 0, 1, 1, 5, 0, 0, 0, 1, 0, 2, 0, 0, 0, 0, 0, 1, 0, 0, 2, 0, 0, 0, 0, 0, 0, 0, 0, 0, 0, 0, 1, 1, 2, 2, 0, 0, 2, 0, 0, 1, 1, 0, 2, 2, 0, 1, 0, 0, 0, 0, 0, 0, 0, 2, 0, 0, 0, 0, 0, 0, 0, 2, 2, 2, 3, 2, 0, 1, 1, 4, 2, 5, 1, 6, 2, 4, 2, 1, 889, 0, 0, 0, 0, 0, 0]",-1,-6.887982899079296e-06,-1,0
4297,"[1, 4, 0, 1, 1, 5, 0, 0, 0, 1, 0, 2, 0, 0, 0, 0, 0, 1, 0, 0, 2, 0, 0, 0, 0, 0, 0, 0, 0, 0, 0, 0, 1, 1, 2, 2, 0, 0, 2, 0, 0, 1, 1, 0, 2, 2, 0, 1, 0, 0, 0, 0, 0, 0, 0, 2, 0, 0, 0, 0, 0, 0, 0, 2, 2, 2, 3, 2, 0, 1, 1, 4, 2, 5, 1, 6, 2, 4, 2, 1, 889, 0, 1, 0, 0, 0, 0]",2,0.4000000000002147,-1,0
4298,"[1, 4, 0, 1, 1, 5, 0, 0, 0, 1, 0, 2, 0, 0, 0, 0, 0, 1, 0, 0, 2, 0, 0, 0, 0, 0, 0, 0, 0, 0, 0, 0, 1, 1, 2, 2, 0, 0, 2, 0, 0, 1, 1, 0, 2, 2, 0, 1, 0, 0, 0, 0, 0, 0, 0, 2, 0, 0, 0, 0, 0, 0, 0, 2, 2, 2, 3, 2, 0, 1, 1, 4, 2, 5, 1, 6, 2, 4, 2, 1, 889, 0, 0, 0, 0, 0, 0]",-1,-6.887982899079296e-06,-1,0
4299,"[1, 4, 0, 1, 1, 5, 0, 0, 0, 1, 0, 2, 0, 0, 0, 0, 0, 1, 0, 0, 2, 0, 0, 0, 0, 0, 0, 0, 0, 0, 0, 0, 1, 1, 2, 2, 0, 0, 2, 0, 0, 1, 1, 0, 2, 2, 0, 1, 0, 0, 0, 0, 0, 0, 0, 2, 0, 0, 0, 0, 0, 0, 0, 2, 2, 2, 3, 2, 0, 1, 1, 4, 2, 5, 1, 6, 2, 4, 2, 1, 889, 1, 0, 0, 0, 0, 0]",3,0.20000000000021473,-1,0
4300,"[1, 4, 0, 1, 1, 5, 0, 0, 0, 1, 0, 2, 0, 0, 0, 0, 0, 1, 0, 0, 2, 0, 0, 0, 0, 0, 0, 0, 0, 0, 0, 0, 1, 1, 2, 2, 0, 0, 2, 0, 0, 1, 1, 0, 2, 2, 0, 1, 0, 0, 0, 0, 0, 0, 0, 2, 0, 0, 0, 0, 0, 0, 0, 2, 2, 2, 3, 2, 0, 1, 1, 4, 2, 5, 1, 6, 2, 4, 2, 1, 889, 0, 0, 0, 0, 0, 0]",-1,-6.887982899079296e-06,-1,0
4301,"[1, 4, 0, 1, 1, 5, 0, 0, 0, 1, 0, 2, 0, 0, 0, 0, 0, 1, 0, 0, 2, 0, 0, 0, 0, 0, 0, 0, 0, 0, 0, 0, 1, 1, 2, 2, 0, 0, 2, 0, 0, 1, 1, 0, 2, 2, 0, 1, 0, 0, 0, 0, 0, 0, 0, 2, 0, 0, 0, 0, 0, 0, 0, 2, 2, 2, 3, 2, 0, 1, 1, 4, 2, 5, 1, 6, 2, 4, 2, 1, 889, 0, 1, 0, 0, 0, 0]",2,0.4000000000002147,-1,0
4302,"[1, 4, 0, 1, 1, 5, 0, 0, 0, 1, 0, 2, 0, 0, 0, 0, 0, 1, 0, 0, 2, 0, 0, 0, 0, 0, 0, 0, 0, 0, 0, 0, 1, 1, 2, 2, 0, 0, 2, 0, 0, 1, 1, 0, 2, 2, 0, 1, 0, 0, 0, 0, 0, 0, 0, 2, 0, 0, 0, 0, 0, 0, 0, 2, 2, 2, 3, 2, 0, 1, 1, 4, 2, 5, 1, 6, 2, 4, 2, 1, 889, 0, 0, 0, 0, 0, 0]",-1,-6.887982899079296e-06,-1,0
4303,"[1, 5, 0, 1, 1, 6, 0, 0, 0, 1, 0, 2, 0, 0, 0, 0, 0, 1, 0, 0, 2, 0, 0, 0, 0, 0, 0, 0, 0, 0, 0, 0, 1, 1, 2, 2, 0, 0, 2, 0, 0, 1, 1, 0, 2, 2, 0, 1, 0, 0, 0, 0, 0, 0, 0, 2, 0, 0, 0, 0, 0, 0, 0, 2, 2, 2, 3, 2, 0, 1, 1, 4, 2, 5, 1, 6, 2, 4, 2, 1, 890, 0, 0, 0, 0, 0, 0]",4,12.436637037358935,-1,0
4304,"[1, 5, 0, 1, 1, 6, 0, 0, 0, 1, 0, 2, 0, 0, 0, 0, 0, 1, 0, 0, 2, 0, 0, 0, 0, 0, 0, 0, 0, 0, 0, 0, 1, 1, 2, 2, 0, 0, 2, 0, 0, 1, 1, 0, 2, 2, 0, 1, 0, 0, 0, 0, 0, 0, 0, 2, 0, 0, 0, 0, 0, 0, 0, 2, 2, 2, 3, 2, 0, 1, 1, 4, 2, 5, 1, 6, 2, 4, 2, 1, 891, 0, 0, 0, 0, 0, 0]",4,13.619965684234119,-1,1
4305,"[1, 5, 0, 1, 1, 6, 0, 0, 0, 1, 0, 2, 0, 0, 0, 0, 0, 1, 0, 0, 2, 0, 0, 0, 0, 0, 0, 0, 0, 0, 0, 0, 1, 1, 2, 2, 0, 0, 2, 0, 0, 1, 1, 0, 2, 2, 0, 1, 0, 0, 0, 0, 0, 0, 0, 2, 0, 0, 0, 0, 0, 0, 0, 2, 2, 2, 3, 2, 0, 1, 1, 4, 2, 5, 1, 6, 2, 4, 2, 1, 891, 0, 0, 0, 0, 0, 0]",1,0.609624115099815,-1,0
4306,"[1, 5, 0, 1, 1, 6, 0, 0, 0, 1, 0, 2, 0, 0, 0, 0, 0, 1, 0, 0, 2, 0, 0, 0, 0, 0, 0, 0, 0, 0, 0, 0, 1, 1, 2, 2, 0, 0, 2, 0, 0, 1, 1, 0, 2, 2, 0, 1, 0, 0, 0, 0, 0, 0, 0, 2, 0, 0, 0, 0, 0, 0, 0, 2, 2, 2, 3, 2, 0, 1, 1, 4, 2, 5, 1, 6, 2, 4, 2, 1, 891, 0, 0, 0, 0, 0, 0]",-1,-6.7515916994371464e-06,-1,0
4307,"[1, 5, 0, 1, 1, 6, 0, 0, 0, 1, 0, 2, 0, 0, 0, 0, 0, 1, 0, 0, 2, 0, 0, 0, 0, 0, 0, 0, 0, 0, 0, 0, 1, 1, 2, 2, 0, 0, 2, 0, 0, 1, 1, 0, 2, 2, 0, 1, 0, 0, 0, 0, 0, 0, 0, 2, 0, 0, 0, 0, 0, 0, 0, 2, 2, 2, 3, 2, 0, 1, 1, 4, 2, 5, 1, 6, 2, 4, 2, 1, 891, 0, 1, 0, 0, 0, 0]",2,0.4000000000001982,-1,0
4308,"[1, 5, 0, 1, 1, 6, 0, 0, 0, 1, 0, 2, 0, 0, 0, 0, 0, 1, 0, 0, 2, 0, 0, 0, 0, 0, 0, 0, 0, 0, 0, 0, 1, 1, 2, 2, 0, 0, 2, 0, 0, 1, 1, 0, 2, 2, 0, 1, 0, 0, 0, 0, 0, 0, 0, 2, 0, 0, 0, 0, 0, 0, 0, 2, 2, 2, 3, 2, 0, 1, 1, 4, 2, 5, 1, 6, 2, 4, 2, 1, 891, 0, 0, 0, 0, 0, 0]",-1,-6.7515916994371464e-06,-1,0
4309,"[1, 5, 0, 1, 1, 6, 0, 0, 0, 1, 0, 2, 0, 0, 0, 0, 0, 1, 0, 0, 2, 0, 0, 0, 0, 0, 0, 0, 0, 0, 0, 0, 1, 1, 2, 2, 0, 0, 2, 0, 0, 1, 1, 0, 2, 2, 0, 1, 0, 0, 0, 0, 0, 0, 0, 2, 0, 0, 0, 0, 0, 0, 0, 2, 2, 2, 3, 2, 0, 1, 1, 4, 2, 5, 1, 6, 2, 4, 2, 1, 891, 0, 1, 0, 0, 0, 0]",2,0.4000000000001982,-1,0
4310,"[1, 5, 0, 1, 1, 6, 0, 0, 0, 1, 0, 2, 0, 0, 0, 0, 0, 1, 0, 0, 2, 0, 0, 0, 0, 0, 0, 0, 0, 0, 0, 0, 1, 1, 2, 2, 0, 0, 2, 0, 0, 1, 1, 0, 2, 2, 0, 1, 0, 0, 0, 0, 0, 0, 0, 2, 0, 0, 0, 0, 0, 0, 0, 2, 2, 2, 3, 2, 0, 1, 1, 4, 2, 5, 1, 6, 2, 4, 2, 1, 891, 0, 0, 0, 0, 0, 0]",-1,-6.7515916994371464e-06,-1,0
4311,"[1, 2, 0, 1, 1, 3, 0, 0, 0, 1, 0, 2, 0, 0, 0, 0, 0, 1, 0, 0, 2, 0, 0, 0, 0, 0, 0, 0, 0, 0, 0, 0, 1, 1, 2, 2, 0, 0, 2, 0, 0, 1, 1, 0, 2, 2, 0, 1, 0, 0, 0, 0, 0, 0, 0, 2, 0, 0, 0, 0, 0, 0, 0, 2, 2, 2, 3, 2, 0, 1, 1, 4, 2, 5, 1, 6, 2, 4, 2, 0, 892, 0, 0, 0, 0, 0, 0]",4,12.973782066557431,-1,0
4312,"[1, 2, 0, 1, 1, 3, 0, 0, 0, 1, 0, 2, 0, 0, 0, 0, 0, 1, 0, 0, 2, 0, 0, 0, 0, 0, 0, 0, 0, 0, 0, 0, 1, 1, 2, 2, 0, 0, 2, 0, 0, 1, 1, 0, 2, 2, 0, 1, 0, 0, 0, 0, 0, 0, 0, 2, 0, 0, 0, 0, 0, 0, 0, 2, 2, 2, 3, 2, 0, 1, 1, 4, 2, 5, 1, 6, 2, 4, 2, 0, 893, 0, 0, 0, 0, 0, 0]",4,13.893487926097702,-1,1
4313,"[1, 2, 0, 1, 1, 3, 0, 0, 0, 1, 0, 2, 0, 0, 0, 0, 0, 1, 0, 0, 2, 0, 0, 0, 0, 0, 0, 0, 0, 0, 0, 0, 1, 1, 2, 2, 0, 0, 2, 0, 0, 1, 1, 0, 2, 2, 0, 1, 0, 0, 0, 0, 0, 0, 0, 2, 0, 0, 0, 0, 0, 0, 0, 2, 2, 2, 3, 2, 0, 1, 1, 4, 2, 5, 1, 6, 2, 4, 2, 0, 893, 0, 0, 0, 0, 0, 0]",1,0.6096241150997996,-1,0
4314,"[1, 2, 0, 1, 1, 3, 0, 0, 0, 1, 0, 2, 0, 0, 0, 0, 0, 1, 0, 0, 2, 0, 0, 0, 0, 0, 0, 0, 0, 0, 0, 0, 1, 1, 2, 2, 0, 0, 2, 0, 0, 1, 1, 0, 2, 2, 0, 1, 0, 0, 0, 0, 0, 0, 0, 2, 0, 0, 0, 0, 0, 0, 0, 2, 2, 2, 3, 2, 0, 1, 1, 4, 2, 5, 1, 6, 2, 4, 2, 0, 893, 0, 0, 0, 0, 0, 0]",-1,-6.617901226497195e-06,-1,0
4315,"[1, 2, 0, 1, 1, 3, 0, 0, 0, 1, 0, 2, 0, 0, 0, 0, 0, 1, 0, 0, 2, 0, 0, 0, 0, 0, 0, 0, 0, 0, 0, 0, 1, 1, 2, 2, 0, 0, 2, 0, 0, 1, 1, 0, 2, 2, 0, 1, 0, 0, 0, 0, 0, 0, 0, 2, 0, 0, 0, 0, 0, 0, 0, 2, 2, 2, 3, 2, 0, 1, 1, 4, 2, 5, 1, 6, 2, 4, 2, 0, 893, 0, 0, 0, 0, 0, 0]",1,0.6096241150997996,-1,0
4316,"[1, 2, 0, 1, 1, 3, 0, 0, 0, 1, 0, 2, 0, 0, 0, 0, 0, 1, 0, 0, 2, 0, 0, 0, 0, 0, 0, 0, 0, 0, 0, 0, 1, 1, 2, 2, 0, 0, 2, 0, 0, 1, 1, 0, 2, 2, 0, 1, 0, 0, 0, 0, 0, 0, 0, 2, 0, 0, 0, 0, 0, 0, 0, 2, 2, 2, 3, 2, 0, 1, 1, 4, 2, 5, 1, 6, 2, 4, 2, 0, 893, 0, 0, 0, 0, 0, 0]",-1,-6.617901226497195e-06,-1,0
4317,"[1, 2, 0, 1, 1, 3, 0, 0, 0, 1, 0, 2, 0, 0, 0, 0, 0, 1, 0, 0, 2, 0, 0, 0, 0, 0, 0, 0, 0, 0, 0, 0, 1, 1, 2, 2, 0, 0, 2, 0, 0, 1, 1, 0, 2, 2, 0, 1, 0, 0, 0, 0, 0, 0, 0, 2, 0, 0, 0, 0, 0, 0, 0, 2, 2, 2, 3, 2, 0, 1, 1, 4, 2, 5, 1, 6, 2, 4, 2, 0, 893, 0, 1, 0, 0, 0, 0]",2,0.40000000000018293,-1,0
4318,"[1, 2, 0, 1, 1, 3, 0, 0, 0, 1, 0, 2, 0, 0, 0, 0, 0, 1, 0, 0, 2, 0, 0, 0, 0, 0, 0, 0, 0, 0, 0, 0, 1, 1, 2, 2, 0, 0, 2, 0, 0, 1, 1, 0, 2, 2, 0, 1, 0, 0, 0, 0, 0, 0, 0, 2, 0, 0, 0, 0, 0, 0, 0, 2, 2, 2, 3, 2, 0, 1, 1, 4, 2, 5, 1, 6, 2, 4, 2, 0, 893, 0, 0, 0, 0, 0, 0]",-1,-6.617901226497195e-06,-1,0
4319,"[1, 2, 0, 1, 1, 3, 0, 0, 0, 1, 0, 2, 0, 0, 0, 0, 0, 1, 0, 0, 2, 0, 0, 0, 0, 0, 0, 0, 0, 0, 0, 0, 1, 1, 2, 2, 0, 0, 2, 0, 0, 1, 1, 0, 2, 2, 0, 1, 0, 0, 0, 0, 0, 0, 0, 2, 0, 0, 0, 0, 0, 0, 0, 2, 2, 2, 3, 2, 0, 1, 1, 4, 2, 5, 1, 6, 2, 4, 2, 0, 893, 0, 0, 0, 0, 0, 0]",1,0.6096241150997996,-1,0
4320,"[1, 2, 0, 1, 1, 3, 0, 0, 0, 1, 0, 2, 0, 0, 0, 0, 0, 1, 0, 0, 2, 0, 0, 0, 0, 0, 0, 0, 0, 0, 0, 0, 1, 1, 2, 2, 0, 0, 2, 0, 0, 1, 1, 0, 2, 2, 0, 1, 0, 0, 0, 0, 0, 0, 0, 2, 0, 0, 0, 0, 0, 0, 0, 2, 2, 2, 3, 2, 0, 1, 1, 4, 2, 5, 1, 6, 2, 4, 2, 0, 893, 0, 0, 0, 0, 0, 0]",-1,-6.617901226497195e-06,-1,0
4321,"[1, 2, 0, 1, 1, 3, 0, 0, 0, 1, 0, 2, 0, 0, 0, 0, 0, 1, 0, 0, 2, 0, 0, 0, 0, 0, 0, 0, 0, 0, 0, 0, 1, 1, 2, 2, 0, 0, 2, 0, 0, 1, 1, 0, 2, 2, 0, 1, 0, 0, 0, 0, 0, 0, 0, 2, 0, 0, 0, 0, 0, 0, 0, 2, 2, 2, 3, 2, 0, 1, 1, 4, 2, 5, 1, 6, 2, 4, 2, 0, 893, 0, 0, 0, 0, 0, 0]",1,0.6096241150997996,-1,0
4322,"[1, 2, 0, 1, 1, 3, 0, 0, 0, 1, 0, 2, 0, 0, 0, 0, 0, 1, 0, 0, 2, 0, 0, 0, 0, 0, 0, 0, 0, 0, 0, 0, 1, 1, 2, 2, 0, 0, 2, 0, 0, 1, 1, 0, 2, 2, 0, 1, 0, 0, 0, 0, 0, 0, 0, 2, 0, 0, 0, 0, 0, 0, 0, 2, 2, 2, 3, 2, 0, 1, 1, 4, 2, 5, 1, 6, 2, 4, 2, 0, 893, 0, 0, 0, 0, 0, 0]",-1,-6.617901226497195e-06,-1,0
4323,"[1, 2, 0, 1, 1, 3, 0, 0, 0, 1, 0, 2, 0, 0, 0, 0, 0, 1, 0, 0, 2, 0, 0, 0, 0, 0, 0, 0, 0, 0, 0, 0, 1, 1, 2, 2, 0, 0, 2, 0, 0, 1, 1, 0, 2, 2, 0, 1, 0, 0, 0, 0, 0, 0, 0, 2, 0, 0, 0, 0, 0, 0, 0, 2, 2, 2, 3, 2, 0, 1, 1, 4, 2, 5, 1, 6, 2, 4, 2, 0, 893, 0, 0, 0, 0, 0, 0]",1,0.6096241150997996,-1,0
4324,"[1, 2, 0, 1, 1, 3, 0, 0, 0, 1, 0, 2, 0, 0, 0, 0, 0, 1, 0, 0, 2, 0, 0, 0, 0, 0, 0, 0, 0, 0, 0, 0, 1, 1, 2, 2, 0, 0, 2, 0, 0, 1, 1, 0, 2, 2, 0, 1, 0, 0, 0, 0, 0, 0, 0, 2, 0, 0, 0, 0, 0, 0, 0, 2, 2, 2, 3, 2, 0, 1, 1, 4, 2, 5, 1, 6, 2, 4, 2, 0, 893, 0, 0, 0, 0, 0, 0]",-1,-6.617901226497195e-06,-1,0
4325,"[1, 3, 0, 1, 1, 4, 0, 0, 0, 1, 0, 2, 0, 0, 0, 0, 0, 1, 0, 0, 2, 0, 0, 0, 0, 0, 0, 0, 0, 0, 0, 0, 1, 1, 2, 2, 0, 0, 2, 0, 0, 1, 1, 0, 2, 2, 0, 1, 0, 0, 0, 0, 0, 0, 0, 2, 0, 0, 0, 0, 0, 0, 0, 2, 2, 2, 3, 2, 0, 1, 1, 4, 2, 5, 1, 6, 2, 4, 2, 0, 894, 0, 0, 0, 0, 0, 0]",4,12.71296870211806,-1,0
4326,"[1, 3, 0, 1, 1, 4, 0, 0, 0, 1, 0, 2, 0, 0, 0, 0, 0, 1, 0, 0, 2, 0, 0, 0, 0, 0, 0, 0, 0, 0, 0, 0, 1, 1, 2, 2, 0, 0, 2, 0, 0, 1, 1, 0, 2, 2, 0, 1, 0, 0, 0, 0, 0, 0, 0, 2, 0, 0, 0, 0, 0, 0, 0, 2, 2, 2, 3, 2, 0, 1, 1, 4, 2, 5, 1, 6, 2, 4, 2, 0, 894, 0, 1, 0, 0, 0, 0]",2,0.40000000000017577,-1,1
4327,"[1, 3, 0, 1, 1, 4, 0, 0, 0, 1, 0, 2, 0, 0, 0, 0, 0, 1, 0, 0, 2, 0, 0, 0, 0, 0, 0, 0, 0, 0, 0, 0, 1, 1, 2, 2, 0, 0, 2, 0, 0, 1, 1, 0, 2, 2, 0, 1, 0, 0, 0, 0, 0, 0, 0, 2, 0, 0, 0, 0, 0, 0, 0, 2, 2, 2, 3, 2, 0, 1, 1, 4, 2, 5, 1, 6, 2, 4, 2, 0, 894, 0, 1, 0, 0, 1, 0]","[[1 0 0 0]
 [0 1 0 0]]",0.6504248650582667,-1,1
4328,"[1, 3, 0, 1, 1, 4, 0, 0, 0, 1, 0, 2, 0, 0, 0, 0, 0, 1, 0, 0, 2, 0, 0, 0, 0, 0, 0, 0, 0, 0, 0, 0, 1, 1, 2, 2, 0, 0, 2, 0, 0, 1, 1, 0, 2, 2, 0, 1, 0, 0, 0, 0, 0, 0, 0, 2, 0, 0, 0, 0, 0, 0, 0, 2, 2, 2, 3, 2, 0, 1, 1, 4, 2, 5, 1, 6, 2, 4, 2, 0, 894, 0, 0, 0, 0, 0, 0]",1,-0.1999999999998242,-1,0
4329,"[1, 3, 0, 1, 2, 4, 0, 0, 0, 1, 0, 2, 0, 0, 0, 0, 0, 1, 0, 0, 2, 0, 0, 0, 0, 0, 0, 0, 0, 0, 0, 0, 1, 1, 2, 2, 0, 0, 2, 0, 0, 1, 1, 0, 2, 2, 0, 1, 0, 0, 0, 0, 0, 0, 0, 2, 0, 0, 0, 0, 0, 0, 0, 2, 2, 2, 3, 2, 0, 1, 1, 4, 2, 5, 1, 6, 2, 4, 2, 0, 895, 0, 0, 0, 0, 0, 0]",4,13.85072031854408,-1,1
4330,"[1, 3, 0, 1, 2, 4, 0, 0, 0, 1, 0, 2, 0, 0, 0, 0, 0, 1, 0, 0, 2, 0, 0, 0, 0, 0, 0, 0, 0, 0, 0, 0, 1, 1, 2, 2, 0, 0, 2, 0, 0, 1, 1, 0, 2, 2, 0, 1, 0, 0, 0, 0, 0, 0, 0, 2, 0, 0, 0, 0, 0, 0, 0, 2, 2, 2, 3, 2, 0, 1, 1, 4, 2, 5, 1, 6, 2, 4, 2, 0, 896, 0, 0, 0, 0, 0, 0]",4,12.712968440031597,-1,0
4331,"[1, 4, 0, 1, 2, 5, 0, 0, 0, 1, 0, 2, 0, 0, 0, 0, 0, 1, 0, 0, 2, 0, 0, 0, 0, 0, 0, 0, 0, 0, 0, 0, 1, 1, 2, 2, 0, 0, 2, 0, 0, 1, 1, 0, 2, 2, 0, 1, 0, 0, 0, 0, 0, 0, 0, 2, 0, 0, 0, 0, 0, 0, 0, 2, 2, 2, 3, 2, 0, 1, 1, 4, 2, 5, 1, 6, 2, 4, 2, 0, 897, 0, 0, 0, 0, 0, 0]",4,13.784983642952263,-1,1
4332,"[1, 4, 0, 1, 2, 5, 0, 0, 0, 1, 0, 2, 0, 0, 0, 0, 0, 1, 0, 0, 2, 0, 0, 0, 0, 0, 0, 0, 0, 0, 0, 0, 1, 1, 2, 2, 0, 0, 2, 0, 0, 1, 1, 0, 2, 2, 0, 1, 0, 0, 0, 0, 0, 0, 0, 2, 0, 0, 0, 0, 0, 0, 0, 2, 2, 2, 3, 2, 0, 1, 1, 4, 2, 5, 1, 6, 2, 4, 2, 0, 897, 0, 0, 0, 0, 0, 0]",1,0.6096241150997727,-1,0
4333,"[1, 4, 0, 1, 2, 5, 0, 0, 0, 1, 0, 2, 0, 0, 0, 0, 0, 1, 0, 0, 2, 0, 0, 0, 0, 0, 0, 0, 0, 0, 0, 0, 1, 1, 2, 2, 0, 0, 2, 0, 0, 1, 1, 0, 2, 2, 0, 1, 0, 0, 0, 0, 0, 0, 0, 2, 0, 0, 0, 0, 0, 0, 0, 2, 2, 2, 3, 2, 0, 1, 1, 4, 2, 5, 1, 6, 2, 4, 2, 0, 897, 0, 0, 0, 0, 0, 0]",-1,-6.358409607771705e-06,-1,0
4334,"[1, 2, 0, 1, 1, 2, 0, 0, 0, 1, 0, 2, 0, 0, 0, 0, 0, 1, 0, 0, 2, 0, 0, 0, 0, 0, 0, 0, 0, 0, 0, 0, 1, 1, 2, 2, 0, 0, 2, 0, 0, 1, 1, 0, 2, 2, 0, 1, 0, 0, 0, 0, 0, 0, 0, 2, 0, 0, 0, 0, 0, 0, 0, 2, 2, 2, 3, 2, 0, 1, 1, 4, 2, 5, 1, 6, 2, 4, 2, 3, 898, 0, 0, 0, 0, 0, 0]",4,14.05568135863935,-1,1
4335,"[1, 2, 0, 1, 1, 2, 0, 0, 0, 1, 0, 2, 0, 0, 0, 0, 0, 1, 0, 0, 2, 0, 0, 0, 0, 0, 0, 0, 0, 0, 0, 0, 1, 1, 2, 2, 0, 0, 2, 0, 0, 1, 1, 0, 2, 2, 0, 1, 0, 0, 0, 0, 0, 0, 0, 2, 0, 0, 0, 0, 0, 0, 0, 2, 2, 2, 3, 2, 0, 1, 1, 4, 2, 5, 1, 6, 2, 4, 2, 3, 898, 1, 0, 0, 0, 0, 0]",3,0.2000000000001498,-1,0
4336,"[1, 2, 0, 1, 1, 2, 0, 0, 0, 1, 0, 2, 0, 0, 0, 0, 0, 1, 0, 0, 2, 0, 0, 0, 0, 0, 0, 0, 0, 0, 0, 0, 1, 1, 2, 2, 0, 0, 2, 0, 0, 1, 1, 0, 2, 2, 0, 1, 0, 0, 0, 0, 0, 0, 0, 2, 0, 0, 0, 0, 0, 0, 0, 2, 2, 2, 3, 2, 0, 1, 1, 4, 2, 5, 1, 6, 2, 4, 2, 3, 898, 0, 0, 0, 0, 0, 0]",-1,-6.295142375083492e-06,-1,0
4337,"[1, 2, 0, 1, 1, 2, 0, 0, 0, 1, 0, 2, 0, 0, 0, 0, 0, 1, 0, 0, 2, 0, 0, 0, 0, 0, 0, 0, 0, 0, 0, 0, 1, 1, 2, 2, 0, 0, 2, 0, 0, 1, 1, 0, 2, 2, 0, 1, 0, 0, 0, 0, 0, 0, 0, 2, 0, 0, 0, 0, 0, 0, 0, 2, 2, 2, 3, 2, 0, 1, 1, 4, 2, 5, 1, 6, 2, 4, 2, 3, 898, 1, 0, 0, 0, 0, 0]",3,0.2000000000001498,-1,0
4338,"[1, 2, 0, 1, 1, 2, 0, 0, 0, 1, 0, 2, 0, 0, 0, 0, 0, 1, 0, 0, 2, 0, 0, 0, 0, 0, 0, 0, 0, 0, 0, 0, 1, 1, 2, 2, 0, 0, 2, 0, 0, 1, 1, 0, 2, 2, 0, 1, 0, 0, 0, 0, 0, 0, 0, 2, 0, 0, 0, 0, 0, 0, 0, 2, 2, 2, 3, 2, 0, 1, 1, 4, 2, 5, 1, 6, 2, 4, 2, 3, 898, 0, 0, 0, 0, 0, 0]",-1,-6.295142375083492e-06,-1,0
4339,"[1, 2, 0, 1, 1, 2, 0, 0, 0, 1, 0, 2, 0, 0, 0, 0, 0, 1, 0, 0, 2, 0, 0, 0, 0, 0, 0, 0, 0, 0, 0, 0, 1, 1, 2, 2, 0, 0, 2, 0, 0, 1, 1, 0, 2, 2, 0, 1, 0, 0, 0, 0, 0, 0, 0, 2, 0, 0, 0, 0, 0, 0, 0, 2, 2, 2, 3, 2, 0, 1, 1, 4, 2, 5, 1, 6, 2, 4, 2, 3, 898, 0, 0, 0, 0, 0, 0]",1,0.6096241150997666,-1,0
4340,"[1, 2, 0, 1, 1, 2, 0, 0, 0, 1, 0, 2, 0, 0, 0, 0, 0, 1, 0, 0, 2, 0, 0, 0, 0, 0, 0, 0, 0, 0, 0, 0, 1, 1, 2, 2, 0, 0, 2, 0, 0, 1, 1, 0, 2, 2, 0, 1, 0, 0, 0, 0, 0, 0, 0, 2, 0, 0, 0, 0, 0, 0, 0, 2, 2, 2, 3, 2, 0, 1, 1, 4, 2, 5, 1, 6, 2, 4, 2, 3, 898, 0, 0, 0, 0, 0, 0]",-1,-6.295142375083492e-06,-1,0
4341,"[1, 2, 0, 1, 1, 2, 0, 0, 0, 1, 0, 2, 0, 0, 0, 0, 0, 1, 0, 0, 2, 0, 0, 0, 0, 0, 0, 0, 0, 0, 0, 0, 1, 1, 2, 2, 0, 0, 2, 0, 0, 1, 1, 0, 2, 2, 0, 1, 0, 0, 0, 0, 0, 0, 0, 2, 0, 0, 0, 0, 0, 0, 0, 2, 2, 2, 3, 2, 0, 1, 1, 4, 2, 5, 1, 6, 2, 4, 2, 3, 899, 0, 0, 0, 0, 0, 0]",4,12.973781153658738,-1,0
4342,"[1, 2, 0, 1, 1, 2, 0, 0, 0, 1, 0, 2, 0, 0, 0, 0, 0, 1, 0, 0, 2, 0, 0, 0, 0, 0, 0, 0, 0, 0, 0, 0, 1, 1, 2, 2, 0, 0, 2, 0, 0, 1, 1, 0, 2, 2, 0, 1, 0, 0, 0, 0, 0, 0, 0, 2, 0, 0, 0, 0, 0, 0, 0, 2, 2, 2, 3, 2, 0, 1, 1, 4, 2, 5, 1, 6, 2, 4, 2, 3, 899, 0, 1, 0, 0, 0, 0]",2,0.4000000000001439,-1,1
4343,"[1, 2, 0, 1, 1, 2, 0, 0, 0, 1, 0, 2, 0, 0, 0, 0, 0, 1, 0, 0, 2, 0, 0, 0, 0, 0, 0, 0, 0, 0, 0, 0, 1, 1, 2, 2, 0, 0, 2, 0, 0, 1, 1, 0, 2, 2, 0, 1, 0, 0, 0, 0, 0, 0, 0, 2, 0, 0, 0, 0, 0, 0, 0, 2, 2, 2, 3, 2, 0, 1, 1, 4, 2, 5, 1, 6, 2, 4, 2, 3, 899, 0, 1, 0, 0, 1, 0]","[[1 0 0 0]
 [0 1 0 0]]",0.6504248650582348,-1,1
4344,"[2, 1, 0, 1, 0, 3, 0, 0, 0, 1, 0, 2, 0, 0, 0, 0, 0, 1, 0, 0, 2, 0, 0, 0, 0, 0, 0, 0, 0, 0, 0, 0, 1, 1, 2, 2, 0, 0, 2, 0, 0, 1, 1, 0, 2, 2, 0, 1, 0, 0, 0, 0, 0, 0, 0, 2, 0, 0, 0, 0, 0, 0, 0, 2, 2, 2, 3, 2, 0, 1, 1, 4, 2, 5, 1, 6, 2, 4, 2, 3, 899, 0, 0, 0, 0, 0, 0]",0,-0.19999999999985607,-1,0
4345,"[2, 1, 0, 1, 0, 3, 0, 0, 0, 1, 0, 2, 0, 0, 0, 0, 0, 1, 0, 0, 2, 0, 0, 0, 0, 0, 0, 0, 0, 0, 0, 0, 1, 1, 2, 2, 0, 0, 2, 0, 0, 1, 1, 0, 2, 2, 0, 1, 0, 0, 0, 0, 0, 0, 0, 2, 0, 0, 0, 0, 0, 0, 0, 2, 2, 2, 3, 2, 0, 1, 1, 4, 2, 5, 1, 6, 2, 4, 2, 3, 900, 0, 0, 0, 0, 0, 0]",4,13.615283500991442,-1,1
4346,"[2, 1, 0, 1, 0, 3, 0, 0, 0, 1, 0, 2, 0, 0, 0, 0, 0, 1, 0, 0, 2, 0, 0, 0, 0, 0, 0, 0, 0, 0, 0, 0, 1, 1, 2, 2, 0, 0, 2, 0, 0, 1, 1, 0, 2, 2, 0, 1, 0, 0, 0, 0, 0, 0, 0, 2, 0, 0, 0, 0, 0, 0, 0, 2, 2, 2, 3, 2, 0, 1, 1, 4, 2, 5, 1, 6, 2, 4, 2, 3, 900, 1, 0, 0, 0, 0, 0]",3,0.2000000000001383,-1,0
4347,"[0, 1, 0, 2, 0, 3, 0, 0, 0, 1, 0, 2, 0, 0, 0, 0, 0, 1, 0, 0, 2, 0, 0, 0, 0, 0, 0, 0, 0, 0, 0, 0, 1, 1, 2, 2, 0, 0, 2, 0, 0, 1, 1, 0, 2, 2, 0, 1, 0, 0, 0, 0, 0, 0, 0, 2, 0, 0, 0, 0, 0, 0, 0, 2, 2, 2, 3, 2, 0, 1, 1, 4, 2, 5, 1, 6, 2, 4, 2, 3, 900, 0, 0, 0, 0, 0, 0]","[[2 0 0 0]
 [0 0 0 1]]",-0.19854231808882067,-1,0
4348,"[0, 1, 0, 2, 0, 3, 0, 0, 0, 1, 0, 2, 0, 0, 0, 0, 0, 1, 0, 0, 2, 0, 0, 0, 0, 0, 0, 0, 0, 0, 0, 0, 1, 1, 2, 2, 0, 0, 2, 0, 0, 1, 1, 0, 2, 2, 0, 1, 0, 0, 0, 0, 0, 0, 0, 2, 0, 0, 0, 0, 0, 0, 0, 2, 2, 2, 3, 2, 0, 1, 1, 4, 2, 5, 1, 6, 2, 4, 2, 3, 900, 0, 1, 0, 0, 0, 0]",2,0.40000000000013824,-1,0
4349,"[0, 1, 0, 2, 0, 3, 0, 0, 0, 1, 0, 2, 0, 0, 0, 0, 0, 1, 0, 0, 2, 0, 0, 0, 0, 0, 0, 0, 0, 0, 0, 0, 1, 1, 2, 2, 0, 0, 2, 0, 0, 1, 1, 0, 2, 2, 0, 1, 0, 0, 0, 0, 0, 0, 0, 2, 0, 0, 0, 0, 0, 0, 0, 2, 2, 2, 3, 2, 0, 1, 1, 4, 2, 5, 1, 6, 2, 4, 2, 3, 900, 0, 0, 0, 0, 0, 0]",-1,-6.170490204333978e-06,-1,0
4350,"[0, 1, 0, 2, 0, 3, 0, 0, 0, 1, 0, 2, 0, 0, 0, 0, 0, 1, 0, 0, 2, 0, 0, 0, 0, 0, 0, 0, 0, 0, 0, 0, 1, 1, 2, 2, 0, 0, 2, 0, 0, 1, 1, 0, 2, 2, 0, 1, 0, 0, 0, 0, 0, 0, 0, 2, 0, 0, 0, 0, 0, 0, 0, 2, 2, 2, 3, 2, 0, 1, 1, 4, 2, 5, 1, 6, 2, 4, 2, 3, 900, 1, 0, 0, 0, 0, 0]",3,0.2000000000001383,-1,0
4351,"[0, 1, 0, 2, 0, 3, 0, 0, 0, 1, 0, 2, 0, 0, 0, 0, 0, 1, 0, 0, 2, 0, 0, 0, 0, 0, 0, 0, 0, 0, 0, 0, 1, 1, 2, 2, 0, 0, 2, 0, 0, 1, 1, 0, 2, 2, 0, 1, 0, 0, 0, 0, 0, 0, 0, 2, 0, 0, 0, 0, 0, 0, 0, 2, 2, 2, 3, 2, 0, 1, 1, 4, 2, 5, 1, 6, 2, 4, 2, 3, 900, 0, 0, 0, 0, 0, 0]",-1,-6.170490204333978e-06,-1,0
4352,"[0, 1, 0, 2, 0, 3, 0, 0, 0, 1, 0, 2, 0, 0, 0, 0, 0, 1, 0, 0, 2, 0, 0, 0, 0, 0, 0, 0, 0, 0, 0, 0, 1, 1, 2, 2, 0, 0, 2, 0, 0, 1, 1, 0, 2, 2, 0, 1, 0, 0, 0, 0, 0, 0, 0, 2, 0, 0, 0, 0, 0, 0, 0, 2, 2, 2, 3, 2, 0, 1, 1, 4, 2, 5, 1, 6, 2, 4, 2, 3, 900, 0, 1, 0, 0, 0, 0]",2,0.40000000000013824,-1,0
4353,"[0, 1, 0, 2, 0, 3, 0, 0, 0, 1, 0, 2, 0, 0, 0, 0, 0, 1, 0, 0, 2, 0, 0, 0, 0, 0, 0, 0, 0, 0, 0, 0, 1, 1, 2, 2, 0, 0, 2, 0, 0, 1, 1, 0, 2, 2, 0, 1, 0, 0, 0, 0, 0, 0, 0, 2, 0, 0, 0, 0, 0, 0, 0, 2, 2, 2, 3, 2, 0, 1, 1, 4, 2, 5, 1, 6, 2, 4, 2, 3, 900, 0, 0, 0, 0, 0, 0]",-1,-6.170490204333978e-06,-1,0
4354,"[0, 1, 0, 2, 0, 3, 0, 0, 0, 1, 0, 2, 0, 0, 0, 0, 0, 1, 0, 0, 2, 0, 0, 0, 0, 0, 0, 0, 0, 0, 0, 0, 1, 1, 2, 2, 0, 0, 2, 0, 0, 1, 1, 0, 2, 2, 0, 1, 0, 0, 0, 0, 0, 0, 0, 2, 0, 0, 0, 0, 0, 0, 0, 2, 2, 2, 3, 2, 0, 1, 1, 4, 2, 5, 1, 6, 2, 4, 2, 3, 900, 1, 0, 0, 0, 0, 0]",3,0.2000000000001383,-1,0
4355,"[0, 1, 0, 2, 0, 3, 0, 0, 0, 1, 0, 2, 0, 0, 0, 0, 0, 1, 0, 0, 2, 0, 0, 0, 0, 0, 0, 0, 0, 0, 0, 0, 1, 1, 2, 2, 0, 0, 2, 0, 0, 1, 1, 0, 2, 2, 0, 1, 0, 0, 0, 0, 0, 0, 0, 2, 0, 0, 0, 0, 0, 0, 0, 2, 2, 2, 3, 2, 0, 1, 1, 4, 2, 5, 1, 6, 2, 4, 2, 3, 900, 0, 0, 0, 0, 0, 0]",-1,-6.170490204333978e-06,-1,0
4356,"[0, 2, 0, 2, 0, 4, 0, 0, 0, 1, 0, 2, 0, 0, 0, 0, 0, 1, 0, 0, 2, 0, 0, 0, 0, 0, 0, 0, 0, 0, 0, 0, 1, 1, 2, 2, 0, 0, 2, 0, 0, 1, 1, 0, 2, 2, 0, 1, 0, 0, 0, 0, 0, 0, 0, 2, 0, 0, 0, 0, 0, 0, 0, 2, 2, 2, 3, 2, 0, 1, 1, 4, 2, 5, 1, 6, 2, 4, 2, 3, 901, 0, 0, 0, 0, 0, 0]",4,12.616075009921719,-1,0
4357,"[0, 1, 0, 1, 0, 2, 0, 0, 0, 1, 0, 2, 0, 0, 0, 0, 0, 1, 0, 0, 2, 0, 0, 0, 0, 0, 0, 0, 0, 0, 0, 0, 1, 1, 2, 2, 0, 0, 2, 0, 0, 1, 1, 0, 2, 2, 0, 1, 0, 0, 0, 0, 0, 0, 0, 2, 0, 0, 0, 0, 0, 0, 0, 2, 2, 2, 3, 2, 0, 1, 1, 4, 2, 5, 1, 6, 2, 4, 2, 6, 902, 0, 0, 0, 0, 0, 0]",4,13.774942183931051,-1,1
4358,"[0, 1, 0, 1, 0, 2, 0, 0, 0, 1, 0, 2, 0, 0, 0, 0, 0, 1, 0, 0, 2, 0, 0, 0, 0, 0, 0, 0, 0, 0, 0, 0, 1, 1, 2, 2, 0, 0, 2, 0, 0, 1, 1, 0, 2, 2, 0, 1, 0, 0, 0, 0, 0, 0, 0, 2, 0, 0, 0, 0, 0, 0, 0, 2, 2, 2, 3, 2, 0, 1, 1, 4, 2, 5, 1, 6, 2, 4, 2, 6, 902, 1, 0, 0, 0, 0, 0]",3,0.2000000000001277,-1,0
4359,"[0, 1, 0, 1, 0, 2, 0, 0, 0, 1, 0, 2, 0, 0, 0, 0, 0, 1, 0, 0, 2, 0, 0, 0, 0, 0, 0, 0, 0, 0, 0, 0, 1, 1, 2, 2, 0, 0, 2, 0, 0, 1, 1, 0, 2, 2, 0, 1, 0, 0, 0, 0, 0, 0, 0, 2, 0, 0, 0, 0, 0, 0, 0, 2, 2, 2, 3, 2, 0, 1, 1, 4, 2, 5, 1, 6, 2, 4, 2, 6, 902, 0, 0, 0, 0, 0, 0]",-1,-6.048306311940497e-06,-1,0
4360,"[0, 1, 0, 1, 0, 2, 0, 0, 0, 1, 0, 2, 0, 0, 0, 0, 0, 1, 0, 0, 2, 0, 0, 0, 0, 0, 0, 0, 0, 0, 0, 0, 1, 1, 2, 2, 0, 0, 2, 0, 0, 1, 1, 0, 2, 2, 0, 1, 0, 0, 0, 0, 0, 0, 0, 2, 0, 0, 0, 0, 0, 0, 0, 2, 2, 2, 3, 2, 0, 1, 1, 4, 2, 5, 1, 6, 2, 4, 2, 6, 902, 0, 1, 0, 0, 0, 0]",2,0.40000000000012764,-1,0
4361,"[0, 1, 0, 1, 0, 2, 0, 0, 0, 1, 0, 2, 0, 0, 0, 0, 0, 1, 0, 0, 2, 0, 0, 0, 0, 0, 0, 0, 0, 0, 0, 0, 1, 1, 2, 2, 0, 0, 2, 0, 0, 1, 1, 0, 2, 2, 0, 1, 0, 0, 0, 0, 0, 0, 0, 2, 0, 0, 0, 0, 0, 0, 0, 2, 2, 2, 3, 2, 0, 1, 1, 4, 2, 5, 1, 6, 2, 4, 2, 6, 902, 0, 0, 0, 0, 0, 0]",-1,-6.048306311940497e-06,-1,0
4362,"[0, 1, 0, 1, 0, 2, 0, 0, 0, 1, 0, 2, 0, 0, 0, 0, 0, 1, 0, 0, 2, 0, 0, 0, 0, 0, 0, 0, 0, 0, 0, 0, 1, 1, 2, 2, 0, 0, 2, 0, 0, 1, 1, 0, 2, 2, 0, 1, 0, 0, 0, 0, 0, 0, 0, 2, 0, 0, 0, 0, 0, 0, 0, 2, 2, 2, 3, 2, 0, 1, 1, 4, 2, 5, 1, 6, 2, 4, 2, 6, 902, 0, 0, 0, 0, 0, 0]",0,0.29497474683071095,-1,0
4363,"[0, 1, 0, 1, 0, 2, 0, 0, 0, 1, 0, 2, 0, 0, 0, 0, 0, 1, 0, 0, 2, 0, 0, 0, 0, 0, 0, 0, 0, 0, 0, 0, 1, 1, 2, 2, 0, 0, 2, 0, 0, 1, 1, 0, 2, 2, 0, 1, 0, 0, 0, 0, 0, 0, 0, 2, 0, 0, 0, 0, 0, 0, 0, 2, 2, 2, 3, 2, 0, 1, 1, 4, 2, 5, 1, 6, 2, 4, 2, 6, 902, 0, 0, 0, 0, 0, 0]",-1,-6.048306311940497e-06,-1,0
4364,"[0, 1, 0, 1, 0, 2, 0, 0, 0, 1, 0, 2, 0, 0, 0, 0, 0, 1, 0, 0, 2, 0, 0, 0, 0, 0, 0, 0, 0, 0, 0, 0, 1, 1, 2, 2, 0, 0, 2, 0, 0, 1, 1, 0, 2, 2, 0, 1, 0, 0, 0, 0, 0, 0, 0, 2, 0, 0, 0, 0, 0, 0, 0, 2, 2, 2, 3, 2, 0, 1, 1, 4, 2, 5, 1, 6, 2, 4, 2, 6, 902, 0, 1, 0, 0, 0, 0]",2,0.40000000000012764,-1,0
4365,"[0, 1, 0, 1, 0, 2, 0, 0, 0, 1, 0, 2, 0, 0, 0, 0, 0, 1, 0, 0, 2, 0, 0, 0, 0, 0, 0, 0, 0, 0, 0, 0, 1, 1, 2, 2, 0, 0, 2, 0, 0, 1, 1, 0, 2, 2, 0, 1, 0, 0, 0, 0, 0, 0, 0, 2, 0, 0, 0, 0, 0, 0, 0, 2, 2, 2, 3, 2, 0, 1, 1, 4, 2, 5, 1, 6, 2, 4, 2, 6, 902, 0, 0, 0, 0, 0, 0]",-1,-6.048306311940497e-06,-1,0
4366,"[0, 1, 0, 1, 0, 2, 0, 0, 0, 1, 0, 2, 0, 0, 0, 0, 0, 1, 0, 0, 2, 0, 0, 0, 0, 0, 0, 0, 0, 0, 0, 0, 1, 1, 2, 2, 0, 0, 2, 0, 0, 1, 1, 0, 2, 2, 0, 1, 0, 0, 0, 0, 0, 0, 0, 2, 0, 0, 0, 0, 0, 0, 0, 2, 2, 2, 3, 2, 0, 1, 1, 4, 2, 5, 1, 6, 2, 4, 2, 6, 902, 1, 0, 0, 0, 0, 0]",3,0.2000000000001277,-1,0
4367,"[0, 1, 0, 1, 0, 2, 0, 0, 0, 1, 0, 2, 0, 0, 0, 0, 0, 1, 0, 0, 2, 0, 0, 0, 0, 0, 0, 0, 0, 0, 0, 0, 1, 1, 2, 2, 0, 0, 2, 0, 0, 1, 1, 0, 2, 2, 0, 1, 0, 0, 0, 0, 0, 0, 0, 2, 0, 0, 0, 0, 0, 0, 0, 2, 2, 2, 3, 2, 0, 1, 1, 4, 2, 5, 1, 6, 2, 4, 2, 6, 902, 0, 0, 0, 0, 0, 0]",-1,-6.048306311940497e-06,-1,0
4368,"[0, 1, 0, 1, 0, 2, 0, 0, 0, 1, 0, 2, 0, 0, 0, 0, 0, 1, 0, 0, 2, 0, 0, 0, 0, 0, 0, 0, 0, 0, 0, 0, 1, 1, 2, 2, 0, 0, 2, 0, 0, 1, 1, 0, 2, 2, 0, 1, 0, 0, 0, 0, 0, 0, 0, 2, 0, 0, 0, 0, 0, 0, 0, 2, 2, 2, 3, 2, 0, 1, 1, 4, 2, 5, 1, 6, 2, 4, 2, 6, 902, 1, 0, 0, 0, 0, 0]",3,0.2000000000001277,-1,0
4369,"[0, 1, 0, 1, 0, 2, 0, 0, 0, 1, 0, 2, 0, 0, 0, 0, 0, 1, 0, 0, 2, 0, 0, 0, 0, 0, 0, 0, 0, 0, 0, 0, 1, 1, 2, 2, 0, 0, 2, 0, 0, 1, 1, 0, 2, 2, 0, 1, 0, 0, 0, 0, 0, 0, 0, 2, 0, 0, 0, 0, 0, 0, 0, 2, 2, 2, 3, 2, 0, 1, 1, 4, 2, 5, 1, 6, 2, 4, 2, 6, 902, 0, 0, 0, 0, 0, 0]",-1,-6.048306311940497e-06,-1,0
4370,"[0, 1, 0, 1, 0, 2, 0, 0, 0, 1, 0, 2, 0, 0, 0, 0, 0, 1, 0, 0, 2, 0, 0, 0, 0, 0, 0, 0, 0, 0, 0, 0, 1, 1, 2, 2, 0, 0, 2, 0, 0, 1, 1, 0, 2, 2, 0, 1, 0, 0, 0, 0, 0, 0, 0, 2, 0, 0, 0, 0, 0, 0, 0, 2, 2, 2, 3, 2, 0, 1, 1, 4, 2, 5, 1, 6, 2, 4, 2, 6, 902, 0, 1, 0, 0, 0, 0]",2,0.40000000000012764,-1,0
4371,"[0, 1, 0, 1, 0, 2, 0, 0, 0, 1, 0, 2, 0, 0, 0, 0, 0, 1, 0, 0, 2, 0, 0, 0, 0, 0, 0, 0, 0, 0, 0, 0, 1, 1, 2, 2, 0, 0, 2, 0, 0, 1, 1, 0, 2, 2, 0, 1, 0, 0, 0, 0, 0, 0, 0, 2, 0, 0, 0, 0, 0, 0, 0, 2, 2, 2, 3, 2, 0, 1, 1, 4, 2, 5, 1, 6, 2, 4, 2, 6, 902, 0, 0, 0, 0, 0, 0]",-1,-6.048306311940497e-06,-1,0
4372,"[0, 1, 0, 1, 0, 2, 0, 0, 0, 1, 0, 2, 0, 0, 0, 0, 0, 1, 0, 0, 2, 0, 0, 0, 0, 0, 0, 0, 0, 0, 0, 0, 1, 1, 2, 2, 0, 0, 2, 0, 0, 1, 1, 0, 2, 2, 0, 1, 0, 0, 0, 0, 0, 0, 0, 2, 0, 0, 0, 0, 0, 0, 0, 2, 2, 2, 3, 2, 0, 1, 1, 4, 2, 5, 1, 6, 2, 4, 2, 6, 902, 0, 1, 0, 0, 0, 0]",2,0.40000000000012764,-1,0
4373,"[0, 1, 0, 1, 0, 2, 0, 0, 0, 1, 0, 2, 0, 0, 0, 0, 0, 1, 0, 0, 2, 0, 0, 0, 0, 0, 0, 0, 0, 0, 0, 0, 1, 1, 2, 2, 0, 0, 2, 0, 0, 1, 1, 0, 2, 2, 0, 1, 0, 0, 0, 0, 0, 0, 0, 2, 0, 0, 0, 0, 0, 0, 0, 2, 2, 2, 3, 2, 0, 1, 1, 4, 2, 5, 1, 6, 2, 4, 2, 6, 902, 0, 0, 0, 0, 0, 0]",-1,-6.048306311940497e-06,-1,0
4374,"[0, 1, 0, 1, 1, 2, 0, 0, 0, 1, 0, 2, 0, 0, 0, 0, 0, 1, 0, 0, 2, 0, 0, 0, 0, 0, 0, 0, 0, 0, 0, 0, 1, 1, 2, 2, 0, 0, 2, 0, 0, 1, 1, 0, 2, 2, 0, 1, 0, 0, 0, 0, 0, 0, 0, 2, 0, 0, 0, 0, 0, 0, 0, 2, 2, 2, 3, 2, 0, 1, 1, 4, 2, 5, 1, 6, 2, 4, 2, 6, 903, 0, 0, 0, 0, 0, 0]",4,12.859475267906523,-1,0
4375,"[0, 1, 0, 1, 1, 2, 0, 0, 0, 1, 0, 2, 0, 0, 0, 0, 0, 1, 0, 0, 2, 0, 0, 0, 0, 0, 0, 0, 0, 0, 0, 0, 1, 1, 2, 2, 0, 0, 2, 0, 0, 1, 1, 0, 2, 2, 0, 1, 0, 0, 0, 0, 0, 0, 0, 2, 0, 0, 0, 0, 0, 0, 0, 2, 2, 2, 3, 2, 0, 1, 1, 4, 2, 5, 1, 6, 2, 4, 2, 6, 904, 0, 0, 0, 0, 0, 0]",4,14.055680618069418,-1,1
4376,"[0, 1, 0, 2, 1, 2, 0, 1, 0, 1, 0, 2, 0, 0, 0, 0, 0, 1, 0, 0, 2, 0, 0, 0, 0, 0, 0, 0, 0, 0, 0, 0, 1, 1, 2, 2, 0, 0, 2, 0, 0, 1, 1, 0, 2, 2, 0, 1, 0, 0, 0, 0, 0, 0, 0, 2, 0, 0, 0, 0, 0, 0, 0, 2, 2, 2, 3, 2, 0, 1, 1, 4, 2, 5, 1, 6, 2, 4, 2, 6, 905, 0, 0, 0, 0, 0, 0]",4,12.655680498903742,-1,0
4377,"[0, 1, 0, 2, 1, 2, 0, 1, 0, 1, 0, 2, 0, 0, 0, 0, 0, 1, 0, 0, 2, 0, 0, 0, 0, 0, 0, 0, 0, 0, 0, 0, 1, 1, 2, 2, 0, 0, 2, 0, 0, 1, 1, 0, 2, 2, 0, 1, 0, 0, 0, 0, 0, 0, 0, 2, 0, 0, 0, 0, 0, 0, 0, 2, 2, 2, 3, 2, 0, 1, 1, 4, 2, 5, 1, 6, 2, 4, 2, 6, 905, 0, 1, 0, 0, 0, 0]",2,0.4000000000001132,-1,1
4378,"[0, 1, 0, 2, 1, 2, 0, 1, 0, 1, 0, 2, 0, 0, 0, 0, 0, 1, 0, 0, 2, 0, 0, 0, 0, 0, 0, 0, 0, 0, 0, 0, 1, 1, 2, 2, 0, 0, 2, 0, 0, 1, 1, 0, 2, 2, 0, 1, 0, 0, 0, 0, 0, 0, 0, 2, 0, 0, 0, 0, 0, 0, 0, 2, 2, 2, 3, 2, 0, 1, 1, 4, 2, 5, 1, 6, 2, 4, 2, 6, 905, 0, 1, 0, 0, 1, 0]","[[1 0 0 0]
 [0 1 0 0]]",0.6504248650582041,-1,1
4379,"[0, 1, 0, 2, 1, 2, 0, 1, 0, 1, 0, 2, 0, 0, 0, 0, 0, 1, 0, 0, 2, 0, 0, 0, 0, 0, 0, 0, 0, 0, 0, 0, 1, 1, 2, 2, 0, 0, 2, 0, 0, 1, 1, 0, 2, 2, 0, 1, 0, 0, 0, 0, 0, 0, 0, 2, 0, 0, 0, 0, 0, 0, 0, 2, 2, 2, 3, 2, 0, 1, 1, 4, 2, 5, 1, 6, 2, 4, 2, 6, 905, 0, 0, 0, 0, 0, 0]",1,-0.19999999999988677,-1,0
4380,"[0, 1, 0, 3, 1, 2, 0, 2, 0, 1, 0, 2, 0, 0, 0, 0, 0, 1, 0, 0, 2, 0, 0, 0, 0, 0, 0, 0, 0, 0, 0, 0, 1, 1, 2, 2, 0, 0, 2, 0, 0, 1, 1, 0, 2, 2, 0, 1, 0, 0, 0, 0, 0, 0, 0, 2, 0, 0, 0, 0, 0, 0, 0, 2, 2, 2, 3, 2, 0, 1, 1, 4, 2, 5, 1, 6, 2, 4, 2, 6, 906, 0, 0, 0, 0, 0, 0]",4,14.272453243038518,-1,1
4381,"[0, 2, 0, 3, 1, 3, 0, 2, 0, 1, 0, 2, 0, 0, 0, 0, 0, 1, 0, 0, 2, 0, 0, 0, 0, 0, 0, 0, 0, 0, 0, 0, 1, 1, 2, 2, 0, 0, 2, 0, 0, 1, 1, 0, 2, 2, 0, 1, 0, 0, 0, 0, 0, 0, 0, 2, 0, 0, 0, 0, 0, 0, 0, 2, 2, 2, 3, 2, 0, 1, 1, 4, 2, 5, 1, 6, 2, 4, 2, 6, 907, 0, 0, 0, 0, 0, 0]",4,12.530929579697426,-1,0
4382,"[0, 3, 0, 3, 1, 4, 0, 2, 0, 1, 0, 2, 0, 0, 0, 0, 0, 1, 0, 0, 2, 0, 0, 0, 0, 0, 0, 0, 0, 0, 0, 0, 1, 1, 2, 2, 0, 0, 2, 0, 0, 1, 1, 0, 2, 2, 0, 1, 0, 0, 0, 0, 0, 0, 0, 2, 0, 0, 0, 0, 0, 0, 0, 2, 2, 2, 3, 2, 0, 1, 1, 4, 2, 5, 1, 6, 2, 4, 2, 6, 908, 0, 0, 0, 0, 0, 0]",4,14.02859758866761,-1,1
4383,"[0, 3, 0, 3, 1, 4, 0, 2, 0, 1, 0, 2, 0, 0, 0, 0, 0, 1, 0, 0, 2, 0, 0, 0, 0, 0, 0, 0, 0, 0, 0, 0, 1, 1, 2, 2, 0, 0, 2, 0, 0, 1, 1, 0, 2, 2, 0, 1, 0, 0, 0, 0, 0, 0, 0, 2, 0, 0, 0, 0, 0, 0, 0, 2, 2, 2, 3, 2, 0, 1, 1, 4, 2, 5, 1, 6, 2, 4, 2, 6, 908, 0, 1, 0, 0, 0, 0]",2,0.4000000000001004,-1,0
4384,"[0, 3, 0, 3, 1, 4, 0, 2, 0, 1, 0, 2, 0, 0, 0, 0, 0, 1, 0, 0, 2, 0, 0, 0, 0, 0, 0, 0, 0, 0, 0, 0, 1, 1, 2, 2, 0, 0, 2, 0, 0, 1, 1, 0, 2, 2, 0, 1, 0, 0, 0, 0, 0, 0, 0, 2, 0, 0, 0, 0, 0, 0, 0, 2, 2, 2, 3, 2, 0, 1, 1, 4, 2, 5, 1, 6, 2, 4, 2, 6, 908, 0, 1, 0, 0, 1, 0]","[[0 0 0 1]
 [1 0 0 0]]",0.6504248650581913,-1,0
4385,"[0, 3, 0, 3, 1, 4, 0, 2, 0, 1, 0, 2, 0, 0, 0, 0, 0, 1, 0, 0, 2, 0, 0, 0, 0, 0, 0, 0, 0, 0, 0, 0, 1, 1, 2, 2, 0, 0, 2, 0, 0, 1, 1, 0, 2, 2, 0, 1, 0, 0, 0, 0, 0, 0, 0, 2, 0, 0, 0, 0, 0, 0, 0, 2, 2, 2, 3, 2, 0, 1, 1, 4, 2, 5, 1, 6, 2, 4, 2, 6, 908, 0, 1, 0, 0, 0, 1]",2,-0.1999999999998996,-1,1
4386,"[0, 3, 0, 3, 1, 4, 0, 2, 0, 1, 0, 2, 0, 0, 0, 0, 0, 1, 0, 0, 2, 0, 0, 0, 0, 0, 0, 0, 0, 0, 0, 0, 1, 1, 2, 2, 0, 0, 2, 0, 0, 1, 1, 0, 2, 2, 0, 1, 0, 0, 0, 0, 0, 0, 0, 2, 0, 0, 0, 0, 0, 0, 0, 2, 2, 2, 3, 2, 0, 1, 1, 4, 2, 5, 1, 6, 2, 4, 2, 6, 908, 0, 0, 1, 0, 0, 0]","[[1 0 0 0]
 [0 1 0 0]]",-0.1999999999998996,-1,1
4387,"[1, 2, 0, 3, 0, 5, 0, 2, 0, 1, 0, 2, 0, 0, 0, 0, 0, 1, 0, 0, 2, 0, 0, 0, 0, 0, 0, 0, 0, 0, 0, 0, 1, 1, 2, 2, 0, 0, 2, 0, 0, 1, 1, 0, 2, 2, 0, 1, 0, 0, 0, 0, 0, 0, 0, 2, 0, 0, 0, 0, 0, 0, 0, 2, 2, 2, 3, 2, 0, 1, 1, 4, 2, 5, 1, 6, 2, 4, 2, 6, 908, 0, 0, 0, 0, 0, 0]",0,-0.1999999999998996,-1,0
4388,"[1, 2, 0, 3, 0, 5, 0, 2, 0, 1, 0, 2, 0, 0, 0, 0, 0, 1, 0, 0, 2, 0, 0, 0, 0, 0, 0, 0, 0, 0, 0, 0, 1, 1, 2, 2, 0, 0, 2, 0, 0, 1, 1, 0, 2, 2, 0, 1, 0, 0, 0, 0, 0, 0, 0, 2, 0, 0, 0, 0, 0, 0, 0, 2, 2, 2, 3, 2, 0, 1, 1, 4, 2, 5, 1, 6, 2, 4, 2, 6, 908, 0, 0, 0, 0, 0, 0]",0,0.2949747468306837,-1,0
4389,"[1, 2, 0, 3, 0, 5, 0, 2, 0, 1, 0, 2, 0, 0, 0, 0, 0, 1, 0, 0, 2, 0, 0, 0, 0, 0, 0, 0, 0, 0, 0, 0, 1, 1, 2, 2, 0, 0, 2, 0, 0, 1, 1, 0, 2, 2, 0, 1, 0, 0, 0, 0, 0, 0, 0, 2, 0, 0, 0, 0, 0, 0, 0, 2, 2, 2, 3, 2, 0, 1, 1, 4, 2, 5, 1, 6, 2, 4, 2, 6, 908, 0, 0, 0, 0, 0, 0]",-1,-5.696080372839307e-06,-1,0
4390,"[1, 2, 0, 3, 0, 5, 0, 2, 0, 1, 0, 2, 0, 0, 0, 0, 0, 1, 0, 0, 2, 0, 0, 0, 0, 0, 0, 0, 0, 0, 0, 0, 1, 1, 2, 2, 0, 0, 2, 0, 0, 1, 1, 0, 2, 2, 0, 1, 0, 0, 0, 0, 0, 0, 0, 2, 0, 0, 0, 0, 0, 0, 0, 2, 2, 2, 3, 2, 0, 1, 1, 4, 2, 5, 1, 6, 2, 4, 2, 6, 908, 0, 0, 0, 0, 0, 0]",0,0.2949747468306837,-1,0
4391,"[1, 2, 0, 3, 0, 5, 0, 2, 0, 1, 0, 2, 0, 0, 0, 0, 0, 1, 0, 0, 2, 0, 0, 0, 0, 0, 0, 0, 0, 0, 0, 0, 1, 1, 2, 2, 0, 0, 2, 0, 0, 1, 1, 0, 2, 2, 0, 1, 0, 0, 0, 0, 0, 0, 0, 2, 0, 0, 0, 0, 0, 0, 0, 2, 2, 2, 3, 2, 0, 1, 1, 4, 2, 5, 1, 6, 2, 4, 2, 6, 908, 0, 0, 0, 0, 0, 0]",-1,-5.696080372839307e-06,-1,0
4392,"[1, 2, 0, 3, 0, 5, 0, 2, 0, 1, 0, 2, 0, 0, 0, 0, 0, 1, 0, 0, 2, 0, 0, 0, 0, 0, 0, 0, 0, 0, 0, 0, 1, 1, 2, 2, 0, 0, 2, 0, 0, 1, 1, 0, 2, 2, 0, 1, 0, 0, 0, 0, 0, 0, 0, 2, 0, 0, 0, 0, 0, 0, 0, 2, 2, 2, 3, 2, 0, 1, 1, 4, 2, 5, 1, 6, 2, 4, 2, 6, 908, 0, 0, 0, 0, 0, 0]",0,0.2949747468306837,-1,0
4393,"[1, 2, 0, 3, 0, 5, 0, 2, 0, 1, 0, 2, 0, 0, 0, 0, 0, 1, 0, 0, 2, 0, 0, 0, 0, 0, 0, 0, 0, 0, 0, 0, 1, 1, 2, 2, 0, 0, 2, 0, 0, 1, 1, 0, 2, 2, 0, 1, 0, 0, 0, 0, 0, 0, 0, 2, 0, 0, 0, 0, 0, 0, 0, 2, 2, 2, 3, 2, 0, 1, 1, 4, 2, 5, 1, 6, 2, 4, 2, 6, 908, 0, 0, 0, 0, 0, 0]",-1,-5.696080372839307e-06,-1,0
4394,"[1, 2, 0, 3, 0, 5, 0, 2, 0, 1, 0, 2, 0, 0, 0, 0, 0, 1, 0, 0, 2, 0, 0, 0, 0, 0, 0, 0, 0, 0, 0, 0, 1, 1, 2, 2, 0, 0, 2, 0, 0, 1, 1, 0, 2, 2, 0, 1, 0, 0, 0, 0, 0, 0, 0, 2, 0, 0, 0, 0, 0, 0, 0, 2, 2, 2, 3, 2, 0, 1, 1, 4, 2, 5, 1, 6, 2, 4, 2, 6, 908, 0, 0, 0, 0, 0, 0]",0,0.2949747468306837,-1,0
4395,"[1, 2, 0, 3, 0, 5, 0, 2, 0, 1, 0, 2, 0, 0, 0, 0, 0, 1, 0, 0, 2, 0, 0, 0, 0, 0, 0, 0, 0, 0, 0, 0, 1, 1, 2, 2, 0, 0, 2, 0, 0, 1, 1, 0, 2, 2, 0, 1, 0, 0, 0, 0, 0, 0, 0, 2, 0, 0, 0, 0, 0, 0, 0, 2, 2, 2, 3, 2, 0, 1, 1, 4, 2, 5, 1, 6, 2, 4, 2, 6, 908, 0, 0, 0, 0, 0, 0]",-1,-5.696080372839307e-06,-1,0
4396,"[1, 2, 0, 3, 0, 5, 0, 2, 0, 1, 0, 2, 0, 0, 0, 0, 0, 1, 0, 0, 2, 0, 0, 0, 0, 0, 0, 0, 0, 0, 0, 0, 1, 1, 2, 2, 0, 0, 2, 0, 0, 1, 1, 0, 2, 2, 0, 1, 0, 0, 0, 0, 0, 0, 0, 2, 0, 0, 0, 0, 0, 0, 0, 2, 2, 2, 3, 2, 0, 1, 1, 4, 2, 5, 1, 6, 2, 4, 2, 6, 908, 0, 0, 0, 0, 0, 0]",0,0.2949747468306837,-1,0
4397,"[1, 2, 0, 3, 0, 5, 0, 2, 0, 1, 0, 2, 0, 0, 0, 0, 0, 1, 0, 0, 2, 0, 0, 0, 0, 0, 0, 0, 0, 0, 0, 0, 1, 1, 2, 2, 0, 0, 2, 0, 0, 1, 1, 0, 2, 2, 0, 1, 0, 0, 0, 0, 0, 0, 0, 2, 0, 0, 0, 0, 0, 0, 0, 2, 2, 2, 3, 2, 0, 1, 1, 4, 2, 5, 1, 6, 2, 4, 2, 6, 908, 0, 0, 0, 0, 0, 0]",-1,-5.696080372839307e-06,-1,0
4398,"[1, 2, 0, 3, 0, 5, 0, 2, 0, 1, 0, 2, 0, 0, 0, 0, 0, 1, 0, 0, 2, 0, 0, 0, 0, 0, 0, 0, 0, 0, 0, 0, 1, 1, 2, 2, 0, 0, 2, 0, 0, 1, 1, 0, 2, 2, 0, 1, 0, 0, 0, 0, 0, 0, 0, 2, 0, 0, 0, 0, 0, 0, 0, 2, 2, 2, 3, 2, 0, 1, 1, 4, 2, 5, 1, 6, 2, 4, 2, 6, 908, 0, 0, 0, 0, 0, 0]",0,0.2949747468306837,-1,0
4399,"[1, 2, 0, 3, 0, 5, 0, 2, 0, 1, 0, 2, 0, 0, 0, 0, 0, 1, 0, 0, 2, 0, 0, 0, 0, 0, 0, 0, 0, 0, 0, 0, 1, 1, 2, 2, 0, 0, 2, 0, 0, 1, 1, 0, 2, 2, 0, 1, 0, 0, 0, 0, 0, 0, 0, 2, 0, 0, 0, 0, 0, 0, 0, 2, 2, 2, 3, 2, 0, 1, 1, 4, 2, 5, 1, 6, 2, 4, 2, 6, 908, 0, 0, 0, 0, 0, 0]",-1,-5.696080372839307e-06,-1,0
4400,"[1, 2, 0, 3, 0, 5, 0, 2, 0, 1, 0, 2, 0, 0, 0, 0, 0, 1, 0, 0, 2, 0, 0, 0, 0, 0, 0, 0, 0, 0, 0, 0, 1, 1, 2, 2, 0, 0, 2, 0, 0, 1, 1, 0, 2, 2, 0, 1, 0, 0, 0, 0, 0, 0, 0, 2, 0, 0, 0, 0, 0, 0, 0, 2, 2, 2, 3, 2, 0, 1, 1, 4, 2, 5, 1, 6, 2, 4, 2, 6, 908, 0, 0, 0, 0, 0, 0]",0,0.2949747468306837,-1,0
4401,"[1, 2, 0, 3, 0, 5, 0, 2, 0, 1, 0, 2, 0, 0, 0, 0, 0, 1, 0, 0, 2, 0, 0, 0, 0, 0, 0, 0, 0, 0, 0, 0, 1, 1, 2, 2, 0, 0, 2, 0, 0, 1, 1, 0, 2, 2, 0, 1, 0, 0, 0, 0, 0, 0, 0, 2, 0, 0, 0, 0, 0, 0, 0, 2, 2, 2, 3, 2, 0, 1, 1, 4, 2, 5, 1, 6, 2, 4, 2, 6, 908, 0, 0, 0, 0, 0, 0]",-1,-5.696080372839307e-06,-1,0
4402,"[1, 2, 0, 3, 0, 5, 0, 2, 0, 1, 0, 2, 0, 0, 0, 0, 0, 1, 0, 0, 2, 0, 0, 0, 0, 0, 0, 0, 0, 0, 0, 0, 1, 1, 2, 2, 0, 0, 2, 0, 0, 1, 1, 0, 2, 2, 0, 1, 0, 0, 0, 0, 0, 0, 0, 2, 0, 0, 0, 0, 0, 0, 0, 2, 2, 2, 3, 2, 0, 1, 1, 4, 2, 5, 1, 6, 2, 4, 2, 6, 908, 0, 0, 0, 0, 0, 0]",0,0.2949747468306837,-1,0
4403,"[1, 2, 0, 3, 0, 5, 0, 2, 0, 1, 0, 2, 0, 0, 0, 0, 0, 1, 0, 0, 2, 0, 0, 0, 0, 0, 0, 0, 0, 0, 0, 0, 1, 1, 2, 2, 0, 0, 2, 0, 0, 1, 1, 0, 2, 2, 0, 1, 0, 0, 0, 0, 0, 0, 0, 2, 0, 0, 0, 0, 0, 0, 0, 2, 2, 2, 3, 2, 0, 1, 1, 4, 2, 5, 1, 6, 2, 4, 2, 6, 908, 0, 0, 0, 0, 0, 0]",-1,-5.696080372839307e-06,-1,0
4404,"[1, 2, 0, 3, 0, 5, 0, 2, 0, 1, 0, 2, 0, 0, 0, 0, 0, 1, 0, 0, 2, 0, 0, 0, 0, 0, 0, 0, 0, 0, 0, 0, 1, 1, 2, 2, 0, 0, 2, 0, 0, 1, 1, 0, 2, 2, 0, 1, 0, 0, 0, 0, 0, 0, 0, 2, 0, 0, 0, 0, 0, 0, 0, 2, 2, 2, 3, 2, 0, 1, 1, 4, 2, 5, 1, 6, 2, 4, 2, 6, 908, 0, 0, 0, 0, 0, 0]",1,0.6096241150997171,-1,0
4405,"[1, 2, 0, 3, 0, 5, 0, 2, 0, 1, 0, 2, 0, 0, 0, 0, 0, 1, 0, 0, 2, 0, 0, 0, 0, 0, 0, 0, 0, 0, 0, 0, 1, 1, 2, 2, 0, 0, 2, 0, 0, 1, 1, 0, 2, 2, 0, 1, 0, 0, 0, 0, 0, 0, 0, 2, 0, 0, 0, 0, 0, 0, 0, 2, 2, 2, 3, 2, 0, 1, 1, 4, 2, 5, 1, 6, 2, 4, 2, 6, 908, 0, 0, 0, 0, 0, 0]",-1,-5.696080372839307e-06,-1,0
4406,"[1, 2, 0, 3, 0, 5, 0, 2, 0, 1, 0, 2, 0, 0, 0, 0, 0, 1, 0, 0, 2, 0, 0, 0, 0, 0, 0, 0, 0, 0, 0, 0, 1, 1, 2, 2, 0, 0, 2, 0, 0, 1, 1, 0, 2, 2, 0, 1, 0, 0, 0, 0, 0, 0, 0, 2, 0, 0, 0, 0, 0, 0, 0, 2, 2, 2, 3, 2, 0, 1, 1, 4, 2, 5, 1, 6, 2, 4, 2, 6, 908, 0, 0, 0, 0, 0, 0]",1,0.6096241150997171,-1,0
4407,"[1, 2, 0, 3, 0, 5, 0, 2, 0, 1, 0, 2, 0, 0, 0, 0, 0, 1, 0, 0, 2, 0, 0, 0, 0, 0, 0, 0, 0, 0, 0, 0, 1, 1, 2, 2, 0, 0, 2, 0, 0, 1, 1, 0, 2, 2, 0, 1, 0, 0, 0, 0, 0, 0, 0, 2, 0, 0, 0, 0, 0, 0, 0, 2, 2, 2, 3, 2, 0, 1, 1, 4, 2, 5, 1, 6, 2, 4, 2, 6, 908, 0, 0, 0, 0, 0, 0]",-1,-5.696080372839307e-06,-1,0
4408,"[1, 2, 0, 3, 0, 5, 0, 2, 0, 1, 0, 2, 0, 0, 0, 0, 0, 1, 0, 0, 2, 0, 0, 0, 0, 0, 0, 0, 0, 0, 0, 0, 1, 1, 2, 2, 0, 0, 2, 0, 0, 1, 1, 0, 2, 2, 0, 1, 0, 0, 0, 0, 0, 0, 0, 2, 0, 0, 0, 0, 0, 0, 0, 2, 2, 2, 3, 2, 0, 1, 1, 4, 2, 5, 1, 6, 2, 4, 2, 6, 908, 0, 1, 0, 0, 0, 0]",2,0.4000000000001004,-1,0
4409,"[1, 2, 0, 3, 0, 5, 0, 2, 0, 1, 0, 2, 0, 0, 0, 0, 0, 1, 0, 0, 2, 0, 0, 0, 0, 0, 0, 0, 0, 0, 0, 0, 1, 1, 2, 2, 0, 0, 2, 0, 0, 1, 1, 0, 2, 2, 0, 1, 0, 0, 0, 0, 0, 0, 0, 2, 0, 0, 0, 0, 0, 0, 0, 2, 2, 2, 3, 2, 0, 1, 1, 4, 2, 5, 1, 6, 2, 4, 2, 6, 908, 0, 0, 0, 0, 0, 0]",-1,-5.696080372839307e-06,-1,0
4410,"[1, 2, 0, 3, 0, 5, 0, 2, 0, 1, 0, 2, 0, 0, 0, 0, 0, 1, 0, 0, 2, 0, 0, 0, 0, 0, 0, 0, 0, 0, 0, 0, 1, 1, 2, 2, 0, 0, 2, 0, 0, 1, 1, 0, 2, 2, 0, 1, 0, 0, 0, 0, 0, 0, 0, 2, 0, 0, 0, 0, 0, 0, 0, 2, 2, 2, 3, 2, 0, 1, 1, 4, 2, 5, 1, 6, 2, 4, 2, 6, 908, 1, 0, 0, 0, 0, 0]",3,0.20000000000010043,-1,0
4411,"[1, 2, 0, 3, 0, 5, 0, 2, 0, 1, 0, 2, 0, 0, 0, 0, 0, 1, 0, 0, 2, 0, 0, 0, 0, 0, 0, 0, 0, 0, 0, 0, 1, 1, 2, 2, 0, 0, 2, 0, 0, 1, 1, 0, 2, 2, 0, 1, 0, 0, 0, 0, 0, 0, 0, 2, 0, 0, 0, 0, 0, 0, 0, 2, 2, 2, 3, 2, 0, 1, 1, 4, 2, 5, 1, 6, 2, 4, 2, 6, 908, 0, 0, 0, 0, 0, 0]",-1,-5.696080372839307e-06,-1,0
4412,"[1, 2, 0, 3, 0, 5, 0, 2, 0, 1, 0, 2, 0, 0, 0, 0, 0, 1, 0, 0, 2, 0, 0, 0, 0, 0, 0, 0, 0, 0, 0, 0, 1, 1, 2, 2, 0, 0, 2, 0, 0, 1, 1, 0, 2, 2, 0, 1, 0, 0, 0, 0, 0, 0, 0, 2, 0, 0, 0, 0, 0, 0, 0, 2, 2, 2, 3, 2, 0, 1, 1, 4, 2, 5, 1, 6, 2, 4, 2, 6, 908, 1, 0, 0, 0, 0, 0]",3,0.20000000000010043,-1,0
4413,"[1, 2, 0, 3, 0, 5, 0, 2, 0, 1, 0, 2, 0, 0, 0, 0, 0, 1, 0, 0, 2, 0, 0, 0, 0, 0, 0, 0, 0, 0, 0, 0, 1, 1, 2, 2, 0, 0, 2, 0, 0, 1, 1, 0, 2, 2, 0, 1, 0, 0, 0, 0, 0, 0, 0, 2, 0, 0, 0, 0, 0, 0, 0, 2, 2, 2, 3, 2, 0, 1, 1, 4, 2, 5, 1, 6, 2, 4, 2, 6, 908, 0, 0, 0, 0, 0, 0]",-1,-5.696080372839307e-06,-1,0
4414,"[1, 2, 0, 3, 0, 5, 0, 2, 0, 1, 0, 2, 0, 0, 0, 0, 0, 1, 0, 0, 2, 0, 0, 0, 0, 0, 0, 0, 0, 0, 0, 0, 1, 1, 2, 2, 0, 0, 2, 0, 0, 1, 1, 0, 2, 2, 0, 1, 0, 0, 0, 0, 0, 0, 0, 2, 0, 0, 0, 0, 0, 0, 0, 2, 2, 2, 3, 2, 0, 1, 1, 4, 2, 5, 1, 6, 2, 4, 2, 6, 908, 1, 0, 0, 0, 0, 0]",3,0.20000000000010043,-1,0
4415,"[1, 2, 0, 3, 0, 5, 0, 2, 0, 1, 0, 2, 0, 0, 0, 0, 0, 1, 0, 0, 2, 0, 0, 0, 0, 0, 0, 0, 0, 0, 0, 0, 1, 1, 2, 2, 0, 0, 2, 0, 0, 1, 1, 0, 2, 2, 0, 1, 0, 0, 0, 0, 0, 0, 0, 2, 0, 0, 0, 0, 0, 0, 0, 2, 2, 2, 3, 2, 0, 1, 1, 4, 2, 5, 1, 6, 2, 4, 2, 6, 908, 0, 0, 0, 0, 0, 0]",-1,-5.696080372839307e-06,-1,0
4416,"[1, 2, 0, 3, 0, 5, 0, 2, 0, 1, 0, 2, 0, 0, 0, 0, 0, 1, 0, 0, 2, 0, 0, 0, 0, 0, 0, 0, 0, 0, 0, 0, 1, 1, 2, 2, 0, 0, 2, 0, 0, 1, 1, 0, 2, 2, 0, 1, 0, 0, 0, 0, 0, 0, 0, 2, 0, 0, 0, 0, 0, 0, 0, 2, 2, 2, 3, 2, 0, 1, 1, 4, 2, 5, 1, 6, 2, 4, 2, 6, 908, 1, 0, 0, 0, 0, 0]",3,0.20000000000010043,-1,0
4417,"[1, 2, 0, 3, 0, 5, 0, 2, 0, 1, 0, 2, 0, 0, 0, 0, 0, 1, 0, 0, 2, 0, 0, 0, 0, 0, 0, 0, 0, 0, 0, 0, 1, 1, 2, 2, 0, 0, 2, 0, 0, 1, 1, 0, 2, 2, 0, 1, 0, 0, 0, 0, 0, 0, 0, 2, 0, 0, 0, 0, 0, 0, 0, 2, 2, 2, 3, 2, 0, 1, 1, 4, 2, 5, 1, 6, 2, 4, 2, 6, 908, 0, 0, 0, 0, 0, 0]",-1,-5.696080372839307e-06,-1,0
4418,"[1, 2, 0, 3, 0, 5, 0, 2, 0, 1, 0, 2, 0, 0, 0, 0, 0, 1, 0, 0, 2, 0, 0, 0, 0, 0, 0, 0, 0, 0, 0, 0, 1, 1, 2, 2, 0, 0, 2, 0, 0, 1, 1, 0, 2, 2, 0, 1, 0, 0, 0, 0, 0, 0, 0, 2, 0, 0, 0, 0, 0, 0, 0, 2, 2, 2, 3, 2, 0, 1, 1, 4, 2, 5, 1, 6, 2, 4, 2, 6, 908, 1, 0, 0, 0, 0, 0]",3,0.20000000000010043,-1,0
4419,"[1, 2, 0, 3, 0, 5, 0, 2, 0, 1, 0, 2, 0, 0, 0, 0, 0, 1, 0, 0, 2, 0, 0, 0, 0, 0, 0, 0, 0, 0, 0, 0, 1, 1, 2, 2, 0, 0, 2, 0, 0, 1, 1, 0, 2, 2, 0, 1, 0, 0, 0, 0, 0, 0, 0, 2, 0, 0, 0, 0, 0, 0, 0, 2, 2, 2, 3, 2, 0, 1, 1, 4, 2, 5, 1, 6, 2, 4, 2, 6, 908, 0, 0, 0, 0, 0, 0]",-1,-5.696080372839307e-06,-1,0
4420,"[1, 2, 0, 3, 0, 5, 0, 2, 0, 1, 0, 2, 0, 0, 0, 0, 0, 1, 0, 0, 2, 0, 0, 0, 0, 0, 0, 0, 0, 0, 0, 0, 1, 1, 2, 2, 0, 0, 2, 0, 0, 1, 1, 0, 2, 2, 0, 1, 0, 0, 0, 0, 0, 0, 0, 2, 0, 0, 0, 0, 0, 0, 0, 2, 2, 2, 3, 2, 0, 1, 1, 4, 2, 5, 1, 6, 2, 4, 2, 6, 908, 0, 0, 0, 0, 0, 0]",1,0.6096241150997171,-1,0
4421,"[1, 2, 0, 3, 0, 5, 0, 2, 0, 1, 0, 2, 0, 0, 0, 0, 0, 1, 0, 0, 2, 0, 0, 0, 0, 0, 0, 0, 0, 0, 0, 0, 1, 1, 2, 2, 0, 0, 2, 0, 0, 1, 1, 0, 2, 2, 0, 1, 0, 0, 0, 0, 0, 0, 0, 2, 0, 0, 0, 0, 0, 0, 0, 2, 2, 2, 3, 2, 0, 1, 1, 4, 2, 5, 1, 6, 2, 4, 2, 6, 908, 0, 0, 0, 0, 0, 0]",-1,-5.696080372839307e-06,-1,0
4422,"[1, 2, 0, 3, 0, 5, 0, 2, 0, 1, 0, 2, 0, 0, 0, 0, 0, 1, 0, 0, 2, 0, 0, 0, 0, 0, 0, 0, 0, 0, 0, 0, 1, 1, 2, 2, 0, 0, 2, 0, 0, 1, 1, 0, 2, 2, 0, 1, 0, 0, 0, 0, 0, 0, 0, 2, 0, 0, 0, 0, 0, 0, 0, 2, 2, 2, 3, 2, 0, 1, 1, 4, 2, 5, 1, 6, 2, 4, 2, 6, 908, 0, 0, 0, 0, 0, 0]",1,0.6096241150997171,-1,0
4423,"[1, 2, 0, 3, 0, 5, 0, 2, 0, 1, 0, 2, 0, 0, 0, 0, 0, 1, 0, 0, 2, 0, 0, 0, 0, 0, 0, 0, 0, 0, 0, 0, 1, 1, 2, 2, 0, 0, 2, 0, 0, 1, 1, 0, 2, 2, 0, 1, 0, 0, 0, 0, 0, 0, 0, 2, 0, 0, 0, 0, 0, 0, 0, 2, 2, 2, 3, 2, 0, 1, 1, 4, 2, 5, 1, 6, 2, 4, 2, 6, 908, 0, 0, 0, 0, 0, 0]",-1,-5.696080372839307e-06,-1,0
4424,"[1, 2, 0, 3, 0, 5, 0, 2, 0, 1, 0, 2, 0, 0, 0, 0, 0, 1, 0, 0, 2, 0, 0, 0, 0, 0, 0, 0, 0, 0, 0, 0, 1, 1, 2, 2, 0, 0, 2, 0, 0, 1, 1, 0, 2, 2, 0, 1, 0, 0, 0, 0, 0, 0, 0, 2, 0, 0, 0, 0, 0, 0, 0, 2, 2, 2, 3, 2, 0, 1, 1, 4, 2, 5, 1, 6, 2, 4, 2, 6, 908, 0, 1, 0, 0, 0, 0]",2,0.4000000000001004,-1,0
4425,"[1, 2, 0, 3, 0, 5, 0, 2, 0, 1, 0, 2, 0, 0, 0, 0, 0, 1, 0, 0, 2, 0, 0, 0, 0, 0, 0, 0, 0, 0, 0, 0, 1, 1, 2, 2, 0, 0, 2, 0, 0, 1, 1, 0, 2, 2, 0, 1, 0, 0, 0, 0, 0, 0, 0, 2, 0, 0, 0, 0, 0, 0, 0, 2, 2, 2, 3, 2, 0, 1, 1, 4, 2, 5, 1, 6, 2, 4, 2, 6, 908, 0, 0, 0, 0, 0, 0]",-1,-5.696080372839307e-06,-1,0
4426,"[1, 2, 0, 3, 0, 5, 0, 2, 0, 1, 0, 2, 0, 0, 0, 0, 0, 1, 0, 0, 2, 0, 0, 0, 0, 0, 0, 0, 0, 0, 0, 0, 1, 1, 2, 2, 0, 0, 2, 0, 0, 1, 1, 0, 2, 2, 0, 1, 0, 0, 0, 0, 0, 0, 0, 2, 0, 0, 0, 0, 0, 0, 0, 2, 2, 2, 3, 2, 0, 1, 1, 4, 2, 5, 1, 6, 2, 4, 2, 6, 909, 0, 0, 0, 0, 0, 0]",4,12.742265860775355,-1,0
4427,"[1, 3, 0, 3, 0, 6, 0, 2, 0, 1, 0, 2, 0, 0, 0, 0, 0, 1, 0, 0, 2, 0, 0, 0, 0, 0, 0, 0, 0, 0, 0, 0, 1, 1, 2, 2, 0, 0, 2, 0, 0, 1, 1, 0, 2, 2, 0, 1, 0, 0, 0, 0, 0, 0, 0, 2, 0, 0, 0, 0, 0, 0, 0, 2, 2, 2, 3, 2, 0, 1, 1, 4, 2, 5, 1, 6, 2, 4, 2, 6, 910, 0, 0, 0, 0, 0, 0]",4,13.732766829765874,-1,1
4428,"[1, 1, 0, 1, 0, 3, 0, 1, 0, 1, 0, 2, 0, 0, 0, 0, 0, 1, 0, 0, 2, 0, 0, 0, 0, 0, 0, 0, 0, 0, 0, 0, 1, 1, 2, 2, 0, 0, 2, 0, 0, 1, 1, 0, 2, 2, 0, 1, 0, 0, 0, 0, 0, 0, 0, 2, 0, 0, 0, 0, 0, 0, 0, 2, 2, 2, 3, 2, 0, 1, 1, 4, 2, 5, 1, 6, 2, 4, 2, 6, 911, 0, 0, 0, 0, 0, 0]",4,13.133404450591064,-1,0
4429,"[1, 1, 0, 1, 0, 3, 0, 1, 0, 1, 0, 2, 0, 0, 0, 0, 0, 1, 0, 0, 2, 0, 0, 0, 0, 0, 0, 0, 0, 0, 0, 0, 1, 1, 2, 2, 0, 0, 2, 0, 0, 1, 1, 0, 2, 2, 0, 1, 0, 0, 0, 0, 0, 0, 0, 2, 0, 0, 0, 0, 0, 0, 0, 2, 2, 2, 3, 2, 0, 1, 1, 4, 2, 5, 1, 6, 2, 4, 2, 6, 911, 0, 1, 0, 0, 0, 0]",2,0.40000000000008906,-1,1
4430,"[1, 1, 0, 1, 0, 3, 0, 1, 0, 1, 0, 2, 0, 0, 0, 0, 0, 1, 0, 0, 2, 0, 0, 0, 0, 0, 0, 0, 0, 0, 0, 0, 1, 1, 2, 2, 0, 0, 2, 0, 0, 1, 1, 0, 2, 2, 0, 1, 0, 0, 0, 0, 0, 0, 0, 2, 0, 0, 0, 0, 0, 0, 0, 2, 2, 2, 3, 2, 0, 1, 1, 4, 2, 5, 1, 6, 2, 4, 2, 6, 911, 0, 1, 0, 0, 1, 0]","[[0 1 0 0]
 [1 0 0 0]]",0.65042486505818,-1,1
4431,"[1, 1, 0, 1, 0, 3, 0, 1, 0, 1, 0, 2, 0, 0, 0, 0, 0, 1, 0, 0, 2, 0, 0, 0, 0, 0, 0, 0, 0, 0, 0, 0, 1, 1, 2, 2, 0, 0, 2, 0, 0, 1, 1, 0, 2, 2, 0, 1, 0, 0, 0, 0, 0, 0, 0, 2, 0, 0, 0, 0, 0, 0, 0, 2, 2, 2, 3, 2, 0, 1, 1, 4, 2, 5, 1, 6, 2, 4, 2, 6, 911, 0, 0, 0, 0, 0, 0]",1,-0.19999999999991092,-1,0
4432,"[1, 1, 0, 1, 0, 3, 0, 1, 0, 1, 0, 2, 0, 0, 0, 0, 0, 1, 0, 0, 2, 0, 0, 0, 0, 0, 0, 0, 0, 0, 0, 0, 1, 1, 2, 2, 0, 0, 2, 0, 0, 1, 1, 0, 2, 2, 0, 1, 0, 0, 0, 0, 0, 0, 0, 2, 0, 0, 0, 0, 0, 0, 0, 2, 2, 2, 3, 2, 0, 1, 1, 4, 2, 5, 1, 6, 2, 4, 2, 6, 912, 0, 0, 0, 0, 0, 0]",4,13.893485612744637,-1,1
4433,"[1, 1, 0, 1, 0, 1, 0, 1, 0, 1, 0, 2, 0, 0, 0, 0, 0, 1, 0, 0, 2, 0, 0, 0, 0, 0, 0, 0, 0, 0, 0, 0, 1, 1, 2, 2, 0, 0, 2, 0, 0, 1, 1, 0, 2, 2, 0, 1, 0, 0, 0, 0, 0, 0, 0, 2, 0, 0, 0, 0, 0, 0, 0, 2, 2, 2, 3, 2, 0, 1, 1, 4, 2, 5, 1, 6, 2, 4, 2, 3, 913, 0, 0, 0, 0, 0, 0]",4,13.133404229477941,-1,0
4434,"[1, 2, 0, 1, 0, 2, 0, 1, 0, 1, 0, 2, 0, 0, 0, 0, 0, 1, 0, 0, 2, 0, 0, 0, 0, 0, 0, 0, 0, 0, 0, 0, 1, 1, 2, 2, 0, 0, 2, 0, 0, 1, 1, 0, 2, 2, 0, 1, 0, 0, 0, 0, 0, 0, 0, 2, 0, 0, 0, 0, 0, 0, 0, 2, 2, 2, 3, 2, 0, 1, 1, 4, 2, 5, 1, 6, 2, 4, 2, 3, 914, 0, 0, 0, 0, 0, 0]",4,14.055679478378572,-1,1
4435,"[1, 2, 0, 1, 0, 2, 0, 1, 0, 1, 0, 2, 0, 0, 0, 0, 0, 1, 0, 0, 2, 0, 0, 0, 0, 0, 0, 0, 0, 0, 0, 0, 1, 1, 2, 2, 0, 0, 2, 0, 0, 1, 1, 0, 2, 2, 0, 1, 0, 0, 0, 0, 0, 0, 0, 2, 0, 0, 0, 0, 0, 0, 0, 2, 2, 2, 3, 2, 0, 1, 1, 4, 2, 5, 1, 6, 2, 4, 2, 3, 914, 0, 0, 0, 0, 0, 0]",1,0.6096241150996957,-1,0
4436,"[1, 2, 0, 1, 0, 2, 0, 1, 0, 1, 0, 2, 0, 0, 0, 0, 0, 1, 0, 0, 2, 0, 0, 0, 0, 0, 0, 0, 0, 0, 0, 0, 1, 1, 2, 2, 0, 0, 2, 0, 0, 1, 1, 0, 2, 2, 0, 1, 0, 0, 0, 0, 0, 0, 0, 2, 0, 0, 0, 0, 0, 0, 0, 2, 2, 2, 3, 2, 0, 1, 1, 4, 2, 5, 1, 6, 2, 4, 2, 3, 914, 0, 0, 0, 0, 0, 0]",-1,-5.364366475585401e-06,-1,0
4437,"[1, 2, 0, 1, 0, 2, 0, 1, 0, 1, 0, 2, 0, 0, 0, 0, 0, 1, 0, 0, 2, 0, 0, 0, 0, 0, 0, 0, 0, 0, 0, 0, 1, 1, 2, 2, 0, 0, 2, 0, 0, 1, 1, 0, 2, 2, 0, 1, 0, 0, 0, 0, 0, 0, 0, 2, 0, 0, 0, 0, 0, 0, 0, 2, 2, 2, 3, 2, 0, 1, 1, 4, 2, 5, 1, 6, 2, 4, 2, 3, 915, 0, 0, 0, 0, 0, 0]",4,14.05567937055301,-1,1
4438,"[1, 2, 0, 1, 0, 2, 0, 1, 0, 1, 0, 2, 0, 0, 0, 0, 0, 1, 0, 0, 2, 0, 0, 0, 0, 0, 0, 0, 0, 0, 0, 0, 1, 1, 2, 2, 0, 0, 2, 0, 0, 1, 1, 0, 2, 2, 0, 1, 0, 0, 0, 0, 0, 0, 0, 2, 0, 0, 0, 0, 0, 0, 0, 2, 2, 2, 3, 2, 0, 1, 1, 4, 2, 5, 1, 6, 2, 4, 2, 3, 915, 0, 0, 0, 0, 0, 0]",1,0.6096241150996926,-1,0
4439,"[1, 2, 0, 1, 0, 2, 0, 1, 0, 1, 0, 2, 0, 0, 0, 0, 0, 1, 0, 0, 2, 0, 0, 0, 0, 0, 0, 0, 0, 0, 0, 0, 1, 1, 2, 2, 0, 0, 2, 0, 0, 1, 1, 0, 2, 2, 0, 1, 0, 0, 0, 0, 0, 0, 0, 2, 0, 0, 0, 0, 0, 0, 0, 2, 2, 2, 3, 2, 0, 1, 1, 4, 2, 5, 1, 6, 2, 4, 2, 3, 915, 0, 0, 0, 0, 0, 0]",-1,-5.310990137322938e-06,-1,0
4440,"[1, 2, 0, 1, 0, 2, 0, 1, 0, 1, 0, 2, 0, 0, 0, 0, 0, 1, 0, 0, 2, 0, 0, 0, 0, 0, 0, 0, 0, 0, 0, 0, 1, 1, 2, 2, 0, 0, 2, 0, 0, 1, 1, 0, 2, 2, 0, 1, 0, 0, 0, 0, 0, 0, 0, 2, 0, 0, 0, 0, 0, 0, 0, 2, 2, 2, 3, 2, 0, 1, 1, 4, 2, 5, 1, 6, 2, 4, 2, 3, 915, 1, 0, 0, 0, 0, 0]",3,0.2000000000000759,-1,0
4441,"[1, 2, 0, 1, 0, 2, 0, 1, 0, 1, 0, 2, 0, 0, 0, 0, 0, 1, 0, 0, 2, 0, 0, 0, 0, 0, 0, 0, 0, 0, 0, 0, 1, 1, 2, 2, 0, 0, 2, 0, 0, 1, 1, 0, 2, 2, 0, 1, 0, 0, 0, 0, 0, 0, 0, 2, 0, 0, 0, 0, 0, 0, 0, 2, 2, 2, 3, 2, 0, 1, 1, 4, 2, 5, 1, 6, 2, 4, 2, 3, 915, 0, 0, 0, 0, 0, 0]",-1,-5.310990137322938e-06,-1,0
4442,"[1, 2, 0, 1, 0, 2, 0, 1, 0, 1, 0, 2, 0, 0, 0, 0, 0, 1, 0, 0, 2, 0, 0, 0, 0, 0, 0, 0, 0, 0, 0, 0, 1, 1, 2, 2, 0, 0, 2, 0, 0, 1, 1, 0, 2, 2, 0, 1, 0, 0, 0, 0, 0, 0, 0, 2, 0, 0, 0, 0, 0, 0, 0, 2, 2, 2, 3, 2, 0, 1, 1, 4, 2, 5, 1, 6, 2, 4, 2, 3, 915, 0, 1, 0, 0, 0, 0]",2,0.40000000000007585,-1,0
4443,"[1, 2, 0, 1, 0, 2, 0, 1, 0, 1, 0, 2, 0, 0, 0, 0, 0, 1, 0, 0, 2, 0, 0, 0, 0, 0, 0, 0, 0, 0, 0, 0, 1, 1, 2, 2, 0, 0, 2, 0, 0, 1, 1, 0, 2, 2, 0, 1, 0, 0, 0, 0, 0, 0, 0, 2, 0, 0, 0, 0, 0, 0, 0, 2, 2, 2, 3, 2, 0, 1, 1, 4, 2, 5, 1, 6, 2, 4, 2, 3, 915, 0, 0, 0, 0, 0, 0]",-1,-5.310990137322938e-06,-1,0
4444,"[1, 2, 0, 1, 0, 2, 0, 1, 0, 1, 0, 2, 0, 0, 0, 0, 0, 1, 0, 0, 2, 0, 0, 0, 0, 0, 0, 0, 0, 0, 0, 0, 1, 1, 2, 2, 0, 0, 2, 0, 0, 1, 1, 0, 2, 2, 0, 1, 0, 0, 0, 0, 0, 0, 0, 2, 0, 0, 0, 0, 0, 0, 0, 2, 2, 2, 3, 2, 0, 1, 1, 4, 2, 5, 1, 6, 2, 4, 2, 3, 915, 1, 0, 0, 0, 0, 0]",3,0.2000000000000759,-1,0
4445,"[1, 2, 0, 1, 0, 2, 0, 1, 0, 1, 0, 2, 0, 0, 0, 0, 0, 1, 0, 0, 2, 0, 0, 0, 0, 0, 0, 0, 0, 0, 0, 0, 1, 1, 2, 2, 0, 0, 2, 0, 0, 1, 1, 0, 2, 2, 0, 1, 0, 0, 0, 0, 0, 0, 0, 2, 0, 0, 0, 0, 0, 0, 0, 2, 2, 2, 3, 2, 0, 1, 1, 4, 2, 5, 1, 6, 2, 4, 2, 3, 915, 0, 0, 0, 0, 0, 0]",-1,-5.310990137322938e-06,-1,0
4446,"[1, 2, 0, 1, 0, 2, 0, 1, 0, 1, 0, 2, 0, 0, 0, 0, 0, 1, 0, 0, 2, 0, 0, 0, 0, 0, 0, 0, 0, 0, 0, 0, 1, 1, 2, 2, 0, 0, 2, 0, 0, 1, 1, 0, 2, 2, 0, 1, 0, 0, 0, 0, 0, 0, 0, 2, 0, 0, 0, 0, 0, 0, 0, 2, 2, 2, 3, 2, 0, 1, 1, 4, 2, 5, 1, 6, 2, 4, 2, 3, 915, 0, 0, 0, 0, 0, 0]",1,0.6096241150996926,-1,0
4447,"[1, 2, 0, 1, 0, 2, 0, 1, 0, 1, 0, 2, 0, 0, 0, 0, 0, 1, 0, 0, 2, 0, 0, 0, 0, 0, 0, 0, 0, 0, 0, 0, 1, 1, 2, 2, 0, 0, 2, 0, 0, 1, 1, 0, 2, 2, 0, 1, 0, 0, 0, 0, 0, 0, 0, 2, 0, 0, 0, 0, 0, 0, 0, 2, 2, 2, 3, 2, 0, 1, 1, 4, 2, 5, 1, 6, 2, 4, 2, 3, 915, 0, 0, 0, 0, 0, 0]",-1,-5.310990137322938e-06,-1,0
4448,"[1, 2, 0, 1, 0, 2, 0, 1, 0, 1, 0, 2, 0, 0, 0, 0, 0, 1, 0, 0, 2, 0, 0, 0, 0, 0, 0, 0, 0, 0, 0, 0, 1, 1, 2, 2, 0, 0, 2, 0, 0, 1, 1, 0, 2, 2, 0, 1, 0, 0, 0, 0, 0, 0, 0, 2, 0, 0, 0, 0, 0, 0, 0, 2, 2, 2, 3, 2, 0, 1, 1, 4, 2, 5, 1, 6, 2, 4, 2, 3, 915, 1, 0, 0, 0, 0, 0]",3,0.2000000000000759,-1,0
4449,"[1, 2, 0, 1, 0, 2, 0, 1, 0, 1, 0, 2, 0, 0, 0, 0, 0, 1, 0, 0, 2, 0, 0, 0, 0, 0, 0, 0, 0, 0, 0, 0, 1, 1, 2, 2, 0, 0, 2, 0, 0, 1, 1, 0, 2, 2, 0, 1, 0, 0, 0, 0, 0, 0, 0, 2, 0, 0, 0, 0, 0, 0, 0, 2, 2, 2, 3, 2, 0, 1, 1, 4, 2, 5, 1, 6, 2, 4, 2, 3, 915, 0, 0, 0, 0, 0, 0]",-1,-5.310990137322938e-06,-1,0
4450,"[1, 2, 0, 1, 0, 2, 0, 1, 0, 1, 0, 2, 0, 0, 0, 0, 0, 1, 0, 0, 2, 0, 0, 0, 0, 0, 0, 0, 0, 0, 0, 0, 1, 1, 2, 2, 0, 0, 2, 0, 0, 1, 1, 0, 2, 2, 0, 1, 0, 0, 0, 0, 0, 0, 0, 2, 0, 0, 0, 0, 0, 0, 0, 2, 2, 2, 3, 2, 0, 1, 1, 4, 2, 5, 1, 6, 2, 4, 2, 3, 915, 0, 0, 0, 0, 0, 0]",1,0.6096241150996926,-1,0
4451,"[1, 2, 0, 1, 0, 2, 0, 1, 0, 1, 0, 2, 0, 0, 0, 0, 0, 1, 0, 0, 2, 0, 0, 0, 0, 0, 0, 0, 0, 0, 0, 0, 1, 1, 2, 2, 0, 0, 2, 0, 0, 1, 1, 0, 2, 2, 0, 1, 0, 0, 0, 0, 0, 0, 0, 2, 0, 0, 0, 0, 0, 0, 0, 2, 2, 2, 3, 2, 0, 1, 1, 4, 2, 5, 1, 6, 2, 4, 2, 3, 915, 0, 0, 0, 0, 0, 0]",-1,-5.310990137322938e-06,-1,0
4452,"[1, 2, 0, 1, 0, 2, 0, 1, 0, 1, 0, 2, 0, 0, 0, 0, 0, 1, 0, 0, 2, 0, 0, 0, 0, 0, 0, 0, 0, 0, 0, 0, 1, 1, 2, 2, 0, 0, 2, 0, 0, 1, 1, 0, 2, 2, 0, 1, 0, 0, 0, 0, 0, 0, 0, 2, 0, 0, 0, 0, 0, 0, 0, 2, 2, 2, 3, 2, 0, 1, 1, 4, 2, 5, 1, 6, 2, 4, 2, 3, 915, 1, 0, 0, 0, 0, 0]",3,0.2000000000000759,-1,0
4453,"[1, 2, 0, 1, 0, 2, 0, 1, 0, 1, 0, 2, 0, 0, 0, 0, 0, 1, 0, 0, 2, 0, 0, 0, 0, 0, 0, 0, 0, 0, 0, 0, 1, 1, 2, 2, 0, 0, 2, 0, 0, 1, 1, 0, 2, 2, 0, 1, 0, 0, 0, 0, 0, 0, 0, 2, 0, 0, 0, 0, 0, 0, 0, 2, 2, 2, 3, 2, 0, 1, 1, 4, 2, 5, 1, 6, 2, 4, 2, 3, 915, 0, 0, 0, 0, 0, 0]",-1,-5.310990137322938e-06,-1,0
4454,"[1, 2, 0, 1, 0, 2, 0, 1, 0, 1, 0, 2, 0, 0, 0, 0, 0, 1, 0, 0, 2, 0, 0, 0, 0, 0, 0, 0, 0, 0, 0, 0, 1, 1, 2, 2, 0, 0, 2, 0, 0, 1, 1, 0, 2, 2, 0, 1, 0, 0, 0, 0, 0, 0, 0, 2, 0, 0, 0, 0, 0, 0, 0, 2, 2, 2, 3, 2, 0, 1, 1, 4, 2, 5, 1, 6, 2, 4, 2, 3, 915, 0, 0, 0, 0, 0, 0]",1,0.6096241150996926,-1,0
4455,"[1, 2, 0, 1, 0, 2, 0, 1, 0, 1, 0, 2, 0, 0, 0, 0, 0, 1, 0, 0, 2, 0, 0, 0, 0, 0, 0, 0, 0, 0, 0, 0, 1, 1, 2, 2, 0, 0, 2, 0, 0, 1, 1, 0, 2, 2, 0, 1, 0, 0, 0, 0, 0, 0, 0, 2, 0, 0, 0, 0, 0, 0, 0, 2, 2, 2, 3, 2, 0, 1, 1, 4, 2, 5, 1, 6, 2, 4, 2, 3, 915, 0, 0, 0, 0, 0, 0]",-1,-5.310990137322938e-06,-1,0
4456,"[1, 2, 0, 1, 0, 2, 0, 1, 0, 1, 0, 2, 0, 0, 0, 0, 0, 1, 0, 0, 2, 0, 0, 0, 0, 0, 0, 0, 0, 0, 0, 0, 1, 1, 2, 2, 0, 0, 2, 0, 0, 1, 1, 0, 2, 2, 0, 1, 0, 0, 0, 0, 0, 0, 0, 2, 0, 0, 0, 0, 0, 0, 0, 2, 2, 2, 3, 2, 0, 1, 1, 4, 2, 5, 1, 6, 2, 4, 2, 3, 915, 0, 1, 0, 0, 0, 0]",2,0.40000000000007585,-1,0
4457,"[1, 2, 0, 1, 0, 2, 0, 1, 0, 1, 0, 2, 0, 0, 0, 0, 0, 1, 0, 0, 2, 0, 0, 0, 0, 0, 0, 0, 0, 0, 0, 0, 1, 1, 2, 2, 0, 0, 2, 0, 0, 1, 1, 0, 2, 2, 0, 1, 0, 0, 0, 0, 0, 0, 0, 2, 0, 0, 0, 0, 0, 0, 0, 2, 2, 2, 3, 2, 0, 1, 1, 4, 2, 5, 1, 6, 2, 4, 2, 3, 915, 0, 0, 0, 0, 0, 0]",-1,-5.310990137322938e-06,-1,0
4458,"[1, 2, 0, 1, 0, 2, 0, 1, 0, 1, 0, 2, 0, 0, 0, 0, 0, 1, 0, 0, 2, 0, 0, 0, 0, 0, 0, 0, 0, 0, 0, 0, 1, 1, 2, 2, 0, 0, 2, 0, 0, 1, 1, 0, 2, 2, 0, 1, 0, 0, 0, 0, 0, 0, 0, 2, 0, 0, 0, 0, 0, 0, 0, 2, 2, 2, 3, 2, 0, 1, 1, 4, 2, 5, 1, 6, 2, 4, 2, 3, 915, 0, 0, 0, 0, 0, 0]",1,0.6096241150996926,-1,0
4459,"[1, 2, 0, 1, 0, 2, 0, 1, 0, 1, 0, 2, 0, 0, 0, 0, 0, 1, 0, 0, 2, 0, 0, 0, 0, 0, 0, 0, 0, 0, 0, 0, 1, 1, 2, 2, 0, 0, 2, 0, 0, 1, 1, 0, 2, 2, 0, 1, 0, 0, 0, 0, 0, 0, 0, 2, 0, 0, 0, 0, 0, 0, 0, 2, 2, 2, 3, 2, 0, 1, 1, 4, 2, 5, 1, 6, 2, 4, 2, 3, 915, 0, 0, 0, 0, 0, 0]",-1,-5.310990137322938e-06,-1,0
4460,"[1, 2, 0, 1, 0, 2, 0, 1, 0, 1, 0, 2, 0, 0, 0, 0, 0, 1, 0, 0, 2, 0, 0, 0, 0, 0, 0, 0, 0, 0, 0, 0, 1, 1, 2, 2, 0, 0, 2, 0, 0, 1, 1, 0, 2, 2, 0, 1, 0, 0, 0, 0, 0, 0, 0, 2, 0, 0, 0, 0, 0, 0, 0, 2, 2, 2, 3, 2, 0, 1, 1, 4, 2, 5, 1, 6, 2, 4, 2, 3, 916, 0, 0, 0, 0, 0, 0]",4,12.973779185354191,-1,0
4461,"[1, 2, 0, 1, 0, 2, 0, 1, 0, 1, 0, 2, 0, 0, 0, 0, 0, 1, 0, 0, 2, 0, 0, 0, 0, 0, 0, 0, 0, 0, 0, 0, 1, 1, 2, 2, 0, 0, 2, 0, 0, 1, 1, 0, 2, 2, 0, 1, 0, 0, 0, 0, 0, 0, 0, 2, 0, 0, 0, 0, 0, 0, 0, 2, 2, 2, 3, 2, 0, 1, 1, 4, 2, 5, 1, 6, 2, 4, 2, 3, 916, 0, 1, 0, 0, 0, 0]",2,0.40000000000007285,-1,1
4462,"[1, 2, 0, 1, 0, 2, 0, 1, 0, 1, 0, 2, 0, 0, 0, 0, 0, 1, 0, 0, 2, 0, 0, 0, 0, 0, 0, 0, 0, 0, 0, 0, 1, 1, 2, 2, 0, 0, 2, 0, 0, 1, 1, 0, 2, 2, 0, 1, 0, 0, 0, 0, 0, 0, 0, 2, 0, 0, 0, 0, 0, 0, 0, 2, 2, 2, 3, 2, 0, 1, 1, 4, 2, 5, 1, 6, 2, 4, 2, 3, 916, 0, 1, 0, 0, 1, 0]","[[0 1 0 0]
 [1 0 0 0]]",0.6504248650581638,-1,1
4463,"[1, 2, 0, 1, 0, 2, 0, 1, 0, 1, 0, 2, 0, 0, 0, 0, 0, 1, 0, 0, 2, 0, 0, 0, 0, 0, 0, 0, 0, 0, 0, 0, 1, 1, 2, 2, 0, 0, 2, 0, 0, 1, 1, 0, 2, 2, 0, 1, 0, 0, 0, 0, 0, 0, 0, 2, 0, 0, 0, 0, 0, 0, 0, 2, 2, 2, 3, 2, 0, 1, 1, 4, 2, 5, 1, 6, 2, 4, 2, 3, 916, 0, 0, 0, 0, 0, 0]",1,-0.1999999999999271,-1,0
4464,"[1, 2, 0, 2, 0, 2, 0, 2, 0, 1, 0, 2, 0, 0, 0, 0, 0, 1, 0, 0, 2, 0, 0, 0, 0, 0, 0, 0, 0, 0, 0, 0, 1, 1, 2, 2, 0, 0, 2, 0, 0, 1, 1, 0, 2, 2, 0, 1, 0, 0, 0, 0, 0, 0, 0, 2, 0, 0, 0, 0, 0, 0, 0, 2, 2, 2, 3, 2, 0, 1, 1, 4, 2, 5, 1, 6, 2, 4, 2, 3, 917, 0, 0, 0, 0, 0, 0]",4,14.016073185231054,-1,1
4465,"[1, 2, 0, 2, 0, 2, 0, 2, 0, 1, 0, 2, 0, 0, 0, 0, 0, 1, 0, 0, 2, 0, 0, 0, 0, 0, 0, 0, 0, 0, 0, 0, 1, 1, 2, 2, 0, 0, 2, 0, 0, 1, 1, 0, 2, 2, 0, 1, 0, 0, 0, 0, 0, 0, 0, 2, 0, 0, 0, 0, 0, 0, 0, 2, 2, 2, 3, 2, 0, 1, 1, 4, 2, 5, 1, 6, 2, 4, 2, 3, 917, 0, 1, 0, 0, 0, 0]",2,0.4000000000000701,-1,0
4466,"[1, 2, 0, 2, 0, 2, 0, 2, 0, 1, 0, 2, 0, 0, 0, 0, 0, 1, 0, 0, 2, 0, 0, 0, 0, 0, 0, 0, 0, 0, 0, 0, 1, 1, 2, 2, 0, 0, 2, 0, 0, 1, 1, 0, 2, 2, 0, 1, 0, 0, 0, 0, 0, 0, 0, 2, 0, 0, 0, 0, 0, 0, 0, 2, 2, 2, 3, 2, 0, 1, 1, 4, 2, 5, 1, 6, 2, 4, 2, 3, 917, 0, 0, 0, 0, 0, 0]",-1,-5.205825486549208e-06,-1,0
4467,"[1, 1, 0, 1, 0, 1, 0, 1, 0, 1, 0, 2, 0, 0, 0, 0, 0, 1, 0, 0, 2, 0, 0, 0, 0, 0, 0, 0, 0, 0, 0, 0, 1, 1, 2, 2, 0, 0, 2, 0, 0, 1, 1, 0, 2, 2, 0, 1, 0, 0, 0, 0, 0, 0, 0, 2, 0, 0, 0, 0, 0, 0, 0, 2, 2, 2, 3, 2, 0, 1, 1, 4, 2, 5, 1, 6, 2, 4, 2, 2, 918, 0, 0, 0, 0, 0, 0]",4,13.133403695661166,-1,0
4468,"[1, 1, 0, 1, 1, 1, 0, 1, 0, 1, 0, 2, 0, 0, 0, 0, 0, 1, 0, 0, 2, 0, 0, 0, 0, 0, 0, 0, 0, 0, 0, 0, 1, 1, 2, 2, 0, 0, 2, 0, 0, 1, 1, 0, 2, 2, 0, 1, 0, 0, 0, 0, 0, 0, 0, 2, 0, 0, 0, 0, 0, 0, 0, 2, 2, 2, 3, 2, 0, 1, 1, 4, 2, 5, 1, 6, 2, 4, 2, 2, 919, 0, 0, 0, 0, 0, 0]",4,14.533403592063506,-1,1
4469,"[1, 1, 0, 1, 1, 1, 0, 1, 0, 1, 0, 2, 0, 0, 0, 0, 0, 1, 0, 0, 2, 0, 0, 0, 0, 0, 0, 0, 0, 0, 0, 0, 1, 1, 2, 2, 0, 0, 2, 0, 0, 1, 1, 0, 2, 2, 0, 1, 0, 0, 0, 0, 0, 0, 0, 2, 0, 0, 0, 0, 0, 0, 0, 2, 2, 2, 3, 2, 0, 1, 1, 4, 2, 5, 1, 6, 2, 4, 2, 2, 919, 0, 1, 0, 0, 0, 0]",2,0.40000000000006464,-1,0
4470,"[1, 1, 0, 1, 1, 1, 0, 1, 0, 1, 0, 2, 0, 0, 0, 0, 0, 1, 0, 0, 2, 0, 0, 0, 0, 0, 0, 0, 0, 0, 0, 0, 1, 1, 2, 2, 0, 0, 2, 0, 0, 1, 1, 0, 2, 2, 0, 1, 0, 0, 0, 0, 0, 0, 0, 2, 0, 0, 0, 0, 0, 0, 0, 2, 2, 2, 3, 2, 0, 1, 1, 4, 2, 5, 1, 6, 2, 4, 2, 2, 919, 0, 0, 0, 0, 0, 0]",-1,-5.102743235382029e-06,-1,0
4471,"[1, 1, 0, 1, 1, 1, 0, 1, 0, 1, 0, 2, 0, 0, 0, 0, 0, 1, 0, 0, 2, 0, 0, 0, 0, 0, 0, 0, 0, 0, 0, 0, 1, 1, 2, 2, 0, 0, 2, 0, 0, 1, 1, 0, 2, 2, 0, 1, 0, 0, 0, 0, 0, 0, 0, 2, 0, 0, 0, 0, 0, 0, 0, 2, 2, 2, 3, 2, 0, 1, 1, 4, 2, 5, 1, 6, 2, 4, 2, 2, 919, 1, 0, 0, 0, 0, 0]",3,0.20000000000006468,-1,0
4472,"[1, 1, 0, 1, 1, 1, 0, 1, 0, 1, 0, 2, 0, 0, 0, 0, 0, 1, 0, 0, 2, 0, 0, 0, 0, 0, 0, 0, 0, 0, 0, 0, 1, 1, 2, 2, 0, 0, 2, 0, 0, 1, 1, 0, 2, 2, 0, 1, 0, 0, 0, 0, 0, 0, 0, 2, 0, 0, 0, 0, 0, 0, 0, 2, 2, 2, 3, 2, 0, 1, 1, 4, 2, 5, 1, 6, 2, 4, 2, 2, 919, 0, 0, 0, 0, 0, 0]",-1,-5.102743235382029e-06,-1,0
4473,"[1, 1, 0, 1, 1, 1, 0, 1, 0, 1, 0, 2, 0, 0, 0, 0, 0, 1, 0, 0, 2, 0, 0, 0, 0, 0, 0, 0, 0, 0, 0, 0, 1, 1, 2, 2, 0, 0, 2, 0, 0, 1, 1, 0, 2, 2, 0, 1, 0, 0, 0, 0, 0, 0, 0, 2, 0, 0, 0, 0, 0, 0, 0, 2, 2, 2, 3, 2, 0, 1, 1, 4, 2, 5, 1, 6, 2, 4, 2, 2, 919, 0, 0, 0, 0, 0, 0]",1,0.6096241150996814,-1,0
4474,"[1, 1, 0, 1, 1, 1, 0, 1, 0, 1, 0, 2, 0, 0, 0, 0, 0, 1, 0, 0, 2, 0, 0, 0, 0, 0, 0, 0, 0, 0, 0, 0, 1, 1, 2, 2, 0, 0, 2, 0, 0, 1, 1, 0, 2, 2, 0, 1, 0, 0, 0, 0, 0, 0, 0, 2, 0, 0, 0, 0, 0, 0, 0, 2, 2, 2, 3, 2, 0, 1, 1, 4, 2, 5, 1, 6, 2, 4, 2, 2, 919, 0, 0, 0, 0, 0, 0]",-1,-5.102743235382029e-06,-1,0
4475,"[1, 1, 0, 1, 1, 1, 0, 1, 0, 1, 0, 2, 0, 0, 0, 0, 0, 1, 0, 0, 2, 0, 0, 0, 0, 0, 0, 0, 0, 0, 0, 0, 1, 1, 2, 2, 0, 0, 2, 0, 0, 1, 1, 0, 2, 2, 0, 1, 0, 0, 0, 0, 0, 0, 0, 2, 0, 0, 0, 0, 0, 0, 0, 2, 2, 2, 3, 2, 0, 1, 1, 4, 2, 5, 1, 6, 2, 4, 2, 2, 919, 1, 0, 0, 0, 0, 0]",3,0.20000000000006468,-1,0
4476,"[1, 1, 0, 1, 1, 1, 0, 1, 0, 1, 0, 2, 0, 0, 0, 0, 0, 1, 0, 0, 2, 0, 0, 0, 0, 0, 0, 0, 0, 0, 0, 0, 1, 1, 2, 2, 0, 0, 2, 0, 0, 1, 1, 0, 2, 2, 0, 1, 0, 0, 0, 0, 0, 0, 0, 2, 0, 0, 0, 0, 0, 0, 0, 2, 2, 2, 3, 2, 0, 1, 1, 4, 2, 5, 1, 6, 2, 4, 2, 2, 919, 0, 0, 0, 0, 0, 0]",-1,-5.102743235382029e-06,-1,0
4477,"[1, 1, 0, 1, 1, 1, 0, 1, 0, 1, 0, 2, 0, 0, 0, 0, 0, 1, 0, 0, 2, 0, 0, 0, 0, 0, 0, 0, 0, 0, 0, 0, 1, 1, 2, 2, 0, 0, 2, 0, 0, 1, 1, 0, 2, 2, 0, 1, 0, 0, 0, 0, 0, 0, 0, 2, 0, 0, 0, 0, 0, 0, 0, 2, 2, 2, 3, 2, 0, 1, 1, 4, 2, 5, 1, 6, 2, 4, 2, 2, 919, 0, 1, 0, 0, 0, 0]",2,0.40000000000006464,-1,0
4478,"[1, 1, 0, 1, 1, 1, 0, 1, 0, 1, 0, 2, 0, 0, 0, 0, 0, 1, 0, 0, 2, 0, 0, 0, 0, 0, 0, 0, 0, 0, 0, 0, 1, 1, 2, 2, 0, 0, 2, 0, 0, 1, 1, 0, 2, 2, 0, 1, 0, 0, 0, 0, 0, 0, 0, 2, 0, 0, 0, 0, 0, 0, 0, 2, 2, 2, 3, 2, 0, 1, 1, 4, 2, 5, 1, 6, 2, 4, 2, 2, 919, 0, 0, 0, 0, 0, 0]",-1,-5.102743235382029e-06,-1,0
4479,"[1, 1, 0, 1, 1, 1, 0, 1, 0, 1, 0, 2, 0, 0, 0, 0, 0, 1, 0, 0, 2, 0, 0, 0, 0, 0, 0, 0, 0, 0, 0, 0, 1, 1, 2, 2, 0, 0, 2, 0, 0, 1, 1, 0, 2, 2, 0, 1, 0, 0, 0, 0, 0, 0, 0, 2, 0, 0, 0, 0, 0, 0, 0, 2, 2, 2, 3, 2, 0, 1, 1, 4, 2, 5, 1, 6, 2, 4, 2, 2, 919, 1, 0, 0, 0, 0, 0]",3,0.20000000000006468,-1,0
4480,"[1, 1, 0, 1, 1, 1, 0, 1, 0, 1, 0, 2, 0, 0, 0, 0, 0, 1, 0, 0, 2, 0, 0, 0, 0, 0, 0, 0, 0, 0, 0, 0, 1, 1, 2, 2, 0, 0, 2, 0, 0, 1, 1, 0, 2, 2, 0, 1, 0, 0, 0, 0, 0, 0, 0, 2, 0, 0, 0, 0, 0, 0, 0, 2, 2, 2, 3, 2, 0, 1, 1, 4, 2, 5, 1, 6, 2, 4, 2, 2, 919, 0, 0, 0, 0, 0, 0]",-1,-5.102743235382029e-06,-1,0
4481,"[1, 1, 0, 1, 1, 1, 0, 1, 0, 1, 0, 2, 0, 0, 0, 0, 0, 1, 0, 0, 2, 0, 0, 0, 0, 0, 0, 0, 0, 0, 0, 0, 1, 1, 2, 2, 0, 0, 2, 0, 0, 1, 1, 0, 2, 2, 0, 1, 0, 0, 0, 0, 0, 0, 0, 2, 0, 0, 0, 0, 0, 0, 0, 2, 2, 2, 3, 2, 0, 1, 1, 4, 2, 5, 1, 6, 2, 4, 2, 2, 919, 0, 0, 0, 0, 0, 0]",1,0.6096241150996814,-1,0
4482,"[1, 1, 0, 1, 1, 1, 0, 1, 0, 1, 0, 2, 0, 0, 0, 0, 0, 1, 0, 0, 2, 0, 0, 0, 0, 0, 0, 0, 0, 0, 0, 0, 1, 1, 2, 2, 0, 0, 2, 0, 0, 1, 1, 0, 2, 2, 0, 1, 0, 0, 0, 0, 0, 0, 0, 2, 0, 0, 0, 0, 0, 0, 0, 2, 2, 2, 3, 2, 0, 1, 1, 4, 2, 5, 1, 6, 2, 4, 2, 2, 919, 0, 0, 0, 0, 0, 0]",-1,-5.102743235382029e-06,-1,0
4483,"[1, 1, 0, 1, 1, 1, 0, 1, 0, 1, 0, 2, 0, 0, 0, 0, 0, 1, 0, 0, 2, 0, 0, 0, 0, 0, 0, 0, 0, 0, 0, 0, 1, 1, 2, 2, 0, 0, 2, 0, 0, 1, 1, 0, 2, 2, 0, 1, 0, 0, 0, 0, 0, 0, 0, 2, 0, 0, 0, 0, 0, 0, 0, 2, 2, 2, 3, 2, 0, 1, 1, 4, 2, 5, 1, 6, 2, 4, 2, 2, 919, 0, 1, 0, 0, 0, 0]",2,0.40000000000006464,-1,0
4484,"[1, 1, 0, 1, 1, 1, 0, 1, 0, 1, 0, 2, 0, 0, 0, 0, 0, 1, 0, 0, 2, 0, 0, 0, 0, 0, 0, 0, 0, 0, 0, 0, 1, 1, 2, 2, 0, 0, 2, 0, 0, 1, 1, 0, 2, 2, 0, 1, 0, 0, 0, 0, 0, 0, 0, 2, 0, 0, 0, 0, 0, 0, 0, 2, 2, 2, 3, 2, 0, 1, 1, 4, 2, 5, 1, 6, 2, 4, 2, 2, 919, 0, 0, 0, 0, 0, 0]",-1,-5.102743235382029e-06,-1,0
4485,"[1, 1, 0, 1, 2, 1, 0, 1, 0, 1, 0, 2, 0, 0, 0, 0, 0, 1, 0, 0, 2, 0, 0, 0, 0, 0, 0, 0, 0, 0, 0, 0, 1, 1, 2, 2, 0, 0, 2, 0, 0, 1, 1, 0, 2, 2, 0, 1, 0, 0, 0, 0, 0, 0, 0, 2, 0, 0, 0, 0, 0, 0, 0, 2, 2, 2, 3, 2, 0, 1, 1, 4, 2, 5, 1, 6, 2, 4, 2, 2, 920, 0, 0, 0, 0, 0, 0]",4,13.133403489496658,-1,0
4486,"[1, 1, 0, 1, 2, 1, 0, 1, 0, 1, 0, 2, 0, 0, 0, 0, 0, 1, 0, 0, 2, 0, 0, 0, 0, 0, 0, 0, 0, 0, 0, 0, 1, 1, 2, 2, 0, 0, 2, 0, 0, 1, 1, 0, 2, 2, 0, 1, 0, 0, 0, 0, 0, 0, 0, 2, 0, 0, 0, 0, 0, 0, 0, 2, 2, 2, 3, 2, 0, 1, 1, 4, 2, 5, 1, 6, 2, 4, 2, 2, 921, 0, 0, 0, 0, 0, 0]",4,14.373778667314086,-1,1
4487,"[1, 1, 0, 1, 2, 1, 0, 1, 0, 1, 0, 2, 0, 0, 0, 0, 0, 1, 0, 0, 2, 0, 0, 0, 0, 0, 0, 0, 0, 0, 0, 0, 1, 1, 2, 2, 0, 0, 2, 0, 0, 1, 1, 0, 2, 2, 0, 1, 0, 0, 0, 0, 0, 0, 0, 2, 0, 0, 0, 0, 0, 0, 0, 2, 2, 2, 3, 2, 0, 1, 1, 4, 2, 5, 1, 6, 2, 4, 2, 2, 921, 0, 0, 0, 0, 0, 0]",1,0.6096241150996764,-1,0
4488,"[1, 1, 0, 1, 2, 1, 0, 1, 0, 1, 0, 2, 0, 0, 0, 0, 0, 1, 0, 0, 2, 0, 0, 0, 0, 0, 0, 0, 0, 0, 0, 0, 1, 1, 2, 2, 0, 0, 2, 0, 0, 1, 1, 0, 2, 2, 0, 1, 0, 0, 0, 0, 0, 0, 0, 2, 0, 0, 0, 0, 0, 0, 0, 2, 2, 2, 3, 2, 0, 1, 1, 4, 2, 5, 1, 6, 2, 4, 2, 2, 921, 0, 0, 0, 0, 0, 0]",-1,-5.0017021495464785e-06,-1,0
4489,"[1, 1, 0, 1, 2, 1, 0, 1, 0, 1, 0, 2, 0, 0, 0, 0, 0, 1, 0, 0, 2, 0, 0, 0, 0, 0, 0, 0, 0, 0, 0, 0, 1, 1, 2, 2, 0, 0, 2, 0, 0, 1, 1, 0, 2, 2, 0, 1, 0, 0, 0, 0, 0, 0, 0, 2, 0, 0, 0, 0, 0, 0, 0, 2, 2, 2, 3, 2, 0, 1, 1, 4, 2, 5, 1, 6, 2, 4, 2, 2, 921, 0, 0, 0, 0, 0, 0]",1,0.6096241150996764,-1,0
4490,"[1, 1, 0, 1, 2, 1, 0, 1, 0, 1, 0, 2, 0, 0, 0, 0, 0, 1, 0, 0, 2, 0, 0, 0, 0, 0, 0, 0, 0, 0, 0, 0, 1, 1, 2, 2, 0, 0, 2, 0, 0, 1, 1, 0, 2, 2, 0, 1, 0, 0, 0, 0, 0, 0, 0, 2, 0, 0, 0, 0, 0, 0, 0, 2, 2, 2, 3, 2, 0, 1, 1, 4, 2, 5, 1, 6, 2, 4, 2, 2, 921, 0, 0, 0, 0, 0, 0]",-1,-5.0017021495464785e-06,-1,0
4491,"[1, 1, 0, 1, 2, 1, 0, 1, 0, 1, 0, 2, 0, 0, 0, 0, 0, 1, 0, 0, 2, 0, 0, 0, 0, 0, 0, 0, 0, 0, 0, 0, 1, 1, 2, 2, 0, 0, 2, 0, 0, 1, 1, 0, 2, 2, 0, 1, 0, 0, 0, 0, 0, 0, 0, 2, 0, 0, 0, 0, 0, 0, 0, 2, 2, 2, 3, 2, 0, 1, 1, 4, 2, 5, 1, 6, 2, 4, 2, 2, 921, 1, 0, 0, 0, 0, 0]",3,0.20000000000005969,-1,0
4492,"[1, 1, 0, 1, 2, 1, 0, 1, 0, 1, 0, 2, 0, 0, 0, 0, 0, 1, 0, 0, 2, 0, 0, 0, 0, 0, 0, 0, 0, 0, 0, 0, 1, 1, 2, 2, 0, 0, 2, 0, 0, 1, 1, 0, 2, 2, 0, 1, 0, 0, 0, 0, 0, 0, 0, 2, 0, 0, 0, 0, 0, 0, 0, 2, 2, 2, 3, 2, 0, 1, 1, 4, 2, 5, 1, 6, 2, 4, 2, 2, 921, 0, 0, 0, 0, 0, 0]",-1,-5.0017021495464785e-06,-1,0
4493,"[1, 1, 0, 1, 2, 1, 0, 1, 0, 1, 0, 2, 0, 0, 0, 0, 0, 1, 0, 0, 2, 0, 0, 0, 0, 0, 0, 0, 0, 0, 0, 0, 1, 1, 2, 2, 0, 0, 2, 0, 0, 1, 1, 0, 2, 2, 0, 1, 0, 0, 0, 0, 0, 0, 0, 2, 0, 0, 0, 0, 0, 0, 0, 2, 2, 2, 3, 2, 0, 1, 1, 4, 2, 5, 1, 6, 2, 4, 2, 2, 921, 0, 0, 0, 0, 0, 0]",1,0.6096241150996764,-1,0
4494,"[1, 1, 0, 1, 2, 1, 0, 1, 0, 1, 0, 2, 0, 0, 0, 0, 0, 1, 0, 0, 2, 0, 0, 0, 0, 0, 0, 0, 0, 0, 0, 0, 1, 1, 2, 2, 0, 0, 2, 0, 0, 1, 1, 0, 2, 2, 0, 1, 0, 0, 0, 0, 0, 0, 0, 2, 0, 0, 0, 0, 0, 0, 0, 2, 2, 2, 3, 2, 0, 1, 1, 4, 2, 5, 1, 6, 2, 4, 2, 2, 921, 0, 0, 0, 0, 0, 0]",-1,-5.0017021495464785e-06,-1,0
4495,"[1, 1, 0, 1, 1, 1, 0, 1, 0, 1, 0, 2, 0, 0, 0, 0, 0, 1, 0, 0, 2, 0, 0, 0, 0, 0, 0, 0, 0, 0, 0, 0, 1, 1, 2, 2, 0, 0, 2, 0, 0, 1, 1, 0, 2, 2, 0, 1, 0, 0, 0, 0, 0, 0, 0, 2, 0, 0, 0, 0, 0, 0, 0, 2, 2, 2, 3, 2, 0, 1, 1, 4, 2, 5, 1, 6, 2, 4, 2, 2, 922, 0, 0, 0, 0, 0, 0]",4,13.133403287414481,-1,0
4496,"[1, 1, 0, 1, 1, 1, 0, 1, 0, 1, 0, 2, 0, 0, 0, 0, 0, 1, 0, 0, 2, 0, 0, 0, 0, 0, 0, 0, 0, 0, 0, 0, 1, 1, 2, 2, 0, 0, 2, 0, 0, 1, 1, 0, 2, 2, 0, 1, 0, 0, 0, 0, 0, 0, 0, 2, 0, 0, 0, 0, 0, 0, 0, 2, 2, 2, 3, 2, 0, 1, 1, 4, 2, 5, 1, 6, 2, 4, 2, 2, 922, 0, 1, 0, 0, 0, 0]",2,0.4000000000000573,-1,1
4497,"[1, 1, 0, 1, 1, 1, 0, 1, 0, 1, 0, 2, 0, 0, 0, 0, 0, 1, 0, 0, 2, 0, 0, 0, 0, 0, 0, 0, 0, 0, 0, 0, 1, 1, 2, 2, 0, 0, 2, 0, 0, 1, 1, 0, 2, 2, 0, 1, 0, 0, 0, 0, 0, 0, 0, 2, 0, 0, 0, 0, 0, 0, 0, 2, 2, 2, 3, 2, 0, 1, 1, 4, 2, 5, 1, 6, 2, 4, 2, 2, 922, 0, 1, 0, 0, 1, 0]","[[1 0 0 0]
 [0 1 0 0]]",0.6504248650581482,-1,1
4498,"[2, 0, 0, 1, 0, 2, 0, 1, 0, 1, 0, 2, 0, 0, 0, 0, 0, 1, 0, 0, 2, 0, 0, 0, 0, 0, 0, 0, 0, 0, 0, 0, 1, 1, 2, 2, 0, 0, 2, 0, 0, 1, 1, 0, 2, 2, 0, 1, 0, 0, 0, 0, 0, 0, 0, 2, 0, 0, 0, 0, 0, 0, 0, 2, 2, 2, 3, 2, 0, 1, 1, 4, 2, 5, 1, 6, 2, 4, 2, 2, 922, 0, 0, 0, 0, 0, 0]",0,-0.19999999999994264,-1,0
4499,"[2, 0, 0, 1, 1, 2, 0, 1, 0, 1, 0, 2, 0, 0, 0, 0, 0, 1, 0, 0, 2, 0, 0, 0, 0, 0, 0, 0, 0, 0, 0, 0, 1, 1, 2, 2, 0, 0, 2, 0, 0, 1, 1, 0, 2, 2, 0, 1, 0, 0, 0, 0, 0, 0, 0, 2, 0, 0, 0, 0, 0, 0, 0, 2, 2, 2, 3, 2, 0, 1, 1, 4, 2, 5, 1, 6, 2, 4, 2, 2, 923, 0, 0, 0, 0, 0, 0]",4,14.373778467242662,-1,1
4500,"[2, 0, 0, 1, 1, 2, 0, 1, 0, 1, 0, 2, 0, 0, 0, 0, 0, 1, 0, 0, 2, 0, 0, 0, 0, 0, 0, 0, 0, 0, 0, 0, 1, 1, 2, 2, 0, 0, 2, 0, 0, 1, 1, 0, 2, 2, 0, 1, 0, 0, 0, 0, 0, 0, 0, 2, 0, 0, 0, 0, 0, 0, 0, 2, 2, 2, 3, 2, 0, 1, 1, 4, 2, 5, 1, 6, 2, 4, 2, 2, 923, 0, 1, 0, 0, 0, 0]",2,0.4000000000000551,-1,0
4501,"[2, 0, 0, 1, 1, 2, 0, 1, 0, 1, 0, 2, 0, 0, 0, 0, 0, 1, 0, 0, 2, 0, 0, 0, 0, 0, 0, 0, 0, 0, 0, 0, 1, 1, 2, 2, 0, 0, 2, 0, 0, 1, 1, 0, 2, 2, 0, 1, 0, 0, 0, 0, 0, 0, 0, 2, 0, 0, 0, 0, 0, 0, 0, 2, 2, 2, 3, 2, 0, 1, 1, 4, 2, 5, 1, 6, 2, 4, 2, 2, 923, 0, 1, 0, 0, 1, 0]","[[0 0 0 1]
 [0 1 0 0]]",0.650424865058146,-1,0
4502,"[2, 0, 0, 1, 1, 2, 0, 1, 0, 1, 0, 2, 0, 0, 0, 0, 0, 1, 0, 0, 2, 0, 0, 0, 0, 0, 0, 0, 0, 0, 0, 0, 1, 1, 2, 2, 0, 0, 2, 0, 0, 1, 1, 0, 2, 2, 0, 1, 0, 0, 0, 0, 0, 0, 0, 2, 0, 0, 0, 0, 0, 0, 0, 2, 2, 2, 3, 2, 0, 1, 1, 4, 2, 5, 1, 6, 2, 4, 2, 2, 923, 0, 0, 0, 0, 0, 0]",1,-32.199999999999946,-1,1
4503,"[2, 0, 0, 1, 1, 2, 0, 1, 0, 1, 0, 2, 0, 0, 0, 0, 0, 1, 0, 0, 2, 0, 0, 0, 0, 0, 0, 0, 0, 0, 0, 0, 1, 1, 2, 2, 0, 0, 2, 0, 0, 1, 1, 0, 2, 2, 0, 1, 0, 0, 0, 0, 0, 0, 0, 2, 0, 0, 0, 0, 0, 0, 0, 2, 2, 2, 3, 2, 0, 1, 1, 4, 2, 5, 1, 6, 2, 4, 2, 2, 923, 0, 1, 0, 0, 0, 0]",2,0.4000000000000551,-1,0
4504,"[2, 0, 0, 1, 1, 2, 0, 1, 0, 1, 0, 2, 0, 0, 0, 0, 0, 1, 0, 0, 2, 0, 0, 0, 0, 0, 0, 0, 0, 0, 0, 0, 1, 1, 2, 2, 0, 0, 2, 0, 0, 1, 1, 0, 2, 2, 0, 1, 0, 0, 0, 0, 0, 0, 0, 2, 0, 0, 0, 0, 0, 0, 0, 2, 2, 2, 3, 2, 0, 1, 1, 4, 2, 5, 1, 6, 2, 4, 2, 2, 923, 0, 1, 0, 0, 1, 0]","[[1 0 0 0]
 [0 1 0 0]]",0.650424865058146,-1,0
4505,"[1, 1, 0, 1, 2, 1, 0, 1, 0, 1, 0, 2, 0, 0, 0, 0, 0, 1, 0, 0, 2, 0, 0, 0, 0, 0, 0, 0, 0, 0, 0, 0, 1, 1, 2, 2, 0, 0, 2, 0, 0, 1, 1, 0, 2, 2, 0, 1, 0, 0, 0, 0, 0, 0, 0, 2, 0, 0, 0, 0, 0, 0, 0, 2, 2, 2, 3, 2, 0, 1, 1, 4, 2, 5, 1, 6, 2, 4, 2, 2, 923, 0, 0, 0, 0, 0, 0]",0,-0.1999999999999449,-1,1
4506,"[1, 1, 0, 1, 2, 1, 0, 1, 0, 1, 0, 2, 0, 0, 0, 0, 0, 1, 0, 0, 2, 0, 0, 0, 0, 0, 0, 0, 0, 0, 0, 0, 1, 1, 2, 2, 0, 0, 2, 0, 0, 1, 1, 0, 2, 2, 0, 1, 0, 0, 0, 0, 0, 0, 0, 2, 0, 0, 0, 0, 0, 0, 0, 2, 2, 2, 3, 2, 0, 1, 1, 4, 2, 5, 1, 6, 2, 4, 2, 2, 923, 0, 0, 0, 0, 0, 0]",0,0.2949747468306384,-1,0
4507,"[1, 1, 0, 1, 2, 1, 0, 1, 0, 1, 0, 2, 0, 0, 0, 0, 0, 1, 0, 0, 2, 0, 0, 0, 0, 0, 0, 0, 0, 0, 0, 0, 1, 1, 2, 2, 0, 0, 2, 0, 0, 1, 1, 0, 2, 2, 0, 1, 0, 0, 0, 0, 0, 0, 0, 2, 0, 0, 0, 0, 0, 0, 0, 2, 2, 2, 3, 2, 0, 1, 1, 4, 2, 5, 1, 6, 2, 4, 2, 2, 923, 0, 0, 0, 0, 0, 0]",-1,-4.9026618112610074e-06,-1,0
4508,"[1, 1, 0, 1, 2, 1, 0, 1, 0, 1, 0, 2, 0, 0, 0, 0, 0, 1, 0, 0, 2, 0, 0, 0, 0, 0, 0, 0, 0, 0, 0, 0, 1, 1, 2, 2, 0, 0, 2, 0, 0, 1, 1, 0, 2, 2, 0, 1, 0, 0, 0, 0, 0, 0, 0, 2, 0, 0, 0, 0, 0, 0, 0, 2, 2, 2, 3, 2, 0, 1, 1, 4, 2, 5, 1, 6, 2, 4, 2, 2, 923, 0, 0, 0, 0, 0, 0]",0,0.2949747468306384,-1,0
4509,"[1, 1, 0, 1, 2, 1, 0, 1, 0, 1, 0, 2, 0, 0, 0, 0, 0, 1, 0, 0, 2, 0, 0, 0, 0, 0, 0, 0, 0, 0, 0, 0, 1, 1, 2, 2, 0, 0, 2, 0, 0, 1, 1, 0, 2, 2, 0, 1, 0, 0, 0, 0, 0, 0, 0, 2, 0, 0, 0, 0, 0, 0, 0, 2, 2, 2, 3, 2, 0, 1, 1, 4, 2, 5, 1, 6, 2, 4, 2, 2, 923, 0, 0, 0, 0, 0, 0]",-1,-4.9026618112610074e-06,-1,0
4510,"[1, 1, 0, 1, 2, 1, 0, 1, 0, 1, 0, 2, 0, 0, 0, 0, 0, 1, 0, 0, 2, 0, 0, 0, 0, 0, 0, 0, 0, 0, 0, 0, 1, 1, 2, 2, 0, 0, 2, 0, 0, 1, 1, 0, 2, 2, 0, 1, 0, 0, 0, 0, 0, 0, 0, 2, 0, 0, 0, 0, 0, 0, 0, 2, 2, 2, 3, 2, 0, 1, 1, 4, 2, 5, 1, 6, 2, 4, 2, 2, 923, 0, 0, 0, 0, 0, 0]",0,0.2949747468306384,-1,0
4511,"[1, 1, 0, 1, 2, 1, 0, 1, 0, 1, 0, 2, 0, 0, 0, 0, 0, 1, 0, 0, 2, 0, 0, 0, 0, 0, 0, 0, 0, 0, 0, 0, 1, 1, 2, 2, 0, 0, 2, 0, 0, 1, 1, 0, 2, 2, 0, 1, 0, 0, 0, 0, 0, 0, 0, 2, 0, 0, 0, 0, 0, 0, 0, 2, 2, 2, 3, 2, 0, 1, 1, 4, 2, 5, 1, 6, 2, 4, 2, 2, 923, 0, 0, 0, 0, 0, 0]",-1,-4.9026618112610074e-06,-1,0
4512,"[1, 1, 0, 1, 2, 1, 0, 1, 0, 1, 0, 2, 0, 0, 0, 0, 0, 1, 0, 0, 2, 0, 0, 0, 0, 0, 0, 0, 0, 0, 0, 0, 1, 1, 2, 2, 0, 0, 2, 0, 0, 1, 1, 0, 2, 2, 0, 1, 0, 0, 0, 0, 0, 0, 0, 2, 0, 0, 0, 0, 0, 0, 0, 2, 2, 2, 3, 2, 0, 1, 1, 4, 2, 5, 1, 6, 2, 4, 2, 2, 923, 0, 0, 0, 0, 0, 0]",0,0.2949747468306384,-1,0
4513,"[1, 1, 0, 1, 2, 1, 0, 1, 0, 1, 0, 2, 0, 0, 0, 0, 0, 1, 0, 0, 2, 0, 0, 0, 0, 0, 0, 0, 0, 0, 0, 0, 1, 1, 2, 2, 0, 0, 2, 0, 0, 1, 1, 0, 2, 2, 0, 1, 0, 0, 0, 0, 0, 0, 0, 2, 0, 0, 0, 0, 0, 0, 0, 2, 2, 2, 3, 2, 0, 1, 1, 4, 2, 5, 1, 6, 2, 4, 2, 2, 923, 0, 0, 0, 0, 0, 0]",-1,-4.9026618112610074e-06,-1,0
4514,"[1, 1, 0, 1, 2, 1, 0, 1, 0, 1, 0, 2, 0, 0, 0, 0, 0, 1, 0, 0, 2, 0, 0, 0, 0, 0, 0, 0, 0, 0, 0, 0, 1, 1, 2, 2, 0, 0, 2, 0, 0, 1, 1, 0, 2, 2, 0, 1, 0, 0, 0, 0, 0, 0, 0, 2, 0, 0, 0, 0, 0, 0, 0, 2, 2, 2, 3, 2, 0, 1, 1, 4, 2, 5, 1, 6, 2, 4, 2, 2, 923, 0, 0, 0, 0, 0, 0]",0,0.2949747468306384,-1,0
4515,"[1, 1, 0, 1, 2, 1, 0, 1, 0, 1, 0, 2, 0, 0, 0, 0, 0, 1, 0, 0, 2, 0, 0, 0, 0, 0, 0, 0, 0, 0, 0, 0, 1, 1, 2, 2, 0, 0, 2, 0, 0, 1, 1, 0, 2, 2, 0, 1, 0, 0, 0, 0, 0, 0, 0, 2, 0, 0, 0, 0, 0, 0, 0, 2, 2, 2, 3, 2, 0, 1, 1, 4, 2, 5, 1, 6, 2, 4, 2, 2, 923, 0, 0, 0, 0, 0, 0]",-1,-4.9026618112610074e-06,-1,0
4516,"[1, 1, 0, 1, 2, 1, 0, 1, 0, 1, 0, 2, 0, 0, 0, 0, 0, 1, 0, 0, 2, 0, 0, 0, 0, 0, 0, 0, 0, 0, 0, 0, 1, 1, 2, 2, 0, 0, 2, 0, 0, 1, 1, 0, 2, 2, 0, 1, 0, 0, 0, 0, 0, 0, 0, 2, 0, 0, 0, 0, 0, 0, 0, 2, 2, 2, 3, 2, 0, 1, 1, 4, 2, 5, 1, 6, 2, 4, 2, 2, 923, 0, 0, 0, 0, 0, 0]",0,0.2949747468306384,-1,0
4517,"[1, 1, 0, 1, 2, 1, 0, 1, 0, 1, 0, 2, 0, 0, 0, 0, 0, 1, 0, 0, 2, 0, 0, 0, 0, 0, 0, 0, 0, 0, 0, 0, 1, 1, 2, 2, 0, 0, 2, 0, 0, 1, 1, 0, 2, 2, 0, 1, 0, 0, 0, 0, 0, 0, 0, 2, 0, 0, 0, 0, 0, 0, 0, 2, 2, 2, 3, 2, 0, 1, 1, 4, 2, 5, 1, 6, 2, 4, 2, 2, 923, 0, 0, 0, 0, 0, 0]",-1,-4.9026618112610074e-06,-1,0
4518,"[1, 1, 0, 1, 2, 1, 0, 1, 0, 1, 0, 2, 0, 0, 0, 0, 0, 1, 0, 0, 2, 0, 0, 0, 0, 0, 0, 0, 0, 0, 0, 0, 1, 1, 2, 2, 0, 0, 2, 0, 0, 1, 1, 0, 2, 2, 0, 1, 0, 0, 0, 0, 0, 0, 0, 2, 0, 0, 0, 0, 0, 0, 0, 2, 2, 2, 3, 2, 0, 1, 1, 4, 2, 5, 1, 6, 2, 4, 2, 2, 923, 0, 0, 0, 0, 0, 0]",0,0.2949747468306384,-1,0
4519,"[1, 1, 0, 1, 2, 1, 0, 1, 0, 1, 0, 2, 0, 0, 0, 0, 0, 1, 0, 0, 2, 0, 0, 0, 0, 0, 0, 0, 0, 0, 0, 0, 1, 1, 2, 2, 0, 0, 2, 0, 0, 1, 1, 0, 2, 2, 0, 1, 0, 0, 0, 0, 0, 0, 0, 2, 0, 0, 0, 0, 0, 0, 0, 2, 2, 2, 3, 2, 0, 1, 1, 4, 2, 5, 1, 6, 2, 4, 2, 2, 923, 0, 0, 0, 0, 0, 0]",-1,-4.9026618112610074e-06,-1,0
4520,"[1, 1, 0, 1, 2, 1, 0, 1, 0, 1, 0, 2, 0, 0, 0, 0, 0, 1, 0, 0, 2, 0, 0, 0, 0, 0, 0, 0, 0, 0, 0, 0, 1, 1, 2, 2, 0, 0, 2, 0, 0, 1, 1, 0, 2, 2, 0, 1, 0, 0, 0, 0, 0, 0, 0, 2, 0, 0, 0, 0, 0, 0, 0, 2, 2, 2, 3, 2, 0, 1, 1, 4, 2, 5, 1, 6, 2, 4, 2, 2, 923, 0, 0, 0, 0, 0, 0]",0,0.2949747468306384,-1,0
4521,"[1, 1, 0, 1, 2, 1, 0, 1, 0, 1, 0, 2, 0, 0, 0, 0, 0, 1, 0, 0, 2, 0, 0, 0, 0, 0, 0, 0, 0, 0, 0, 0, 1, 1, 2, 2, 0, 0, 2, 0, 0, 1, 1, 0, 2, 2, 0, 1, 0, 0, 0, 0, 0, 0, 0, 2, 0, 0, 0, 0, 0, 0, 0, 2, 2, 2, 3, 2, 0, 1, 1, 4, 2, 5, 1, 6, 2, 4, 2, 2, 923, 0, 0, 0, 0, 0, 0]",-1,-4.9026618112610074e-06,-1,0
4522,"[1, 1, 0, 1, 2, 1, 0, 1, 0, 1, 0, 2, 0, 0, 0, 0, 0, 1, 0, 0, 2, 0, 0, 0, 0, 0, 0, 0, 0, 0, 0, 0, 1, 1, 2, 2, 0, 0, 2, 0, 0, 1, 1, 0, 2, 2, 0, 1, 0, 0, 0, 0, 0, 0, 0, 2, 0, 0, 0, 0, 0, 0, 0, 2, 2, 2, 3, 2, 0, 1, 1, 4, 2, 5, 1, 6, 2, 4, 2, 2, 923, 1, 0, 0, 0, 0, 0]",3,0.20000000000005513,-1,0
4523,"[1, 1, 0, 1, 2, 1, 0, 1, 0, 1, 0, 2, 0, 0, 0, 0, 0, 1, 0, 0, 2, 0, 0, 0, 0, 0, 0, 0, 0, 0, 0, 0, 1, 1, 2, 2, 0, 0, 2, 0, 0, 1, 1, 0, 2, 2, 0, 1, 0, 0, 0, 0, 0, 0, 0, 2, 0, 0, 0, 0, 0, 0, 0, 2, 2, 2, 3, 2, 0, 1, 1, 4, 2, 5, 1, 6, 2, 4, 2, 2, 923, 0, 0, 0, 0, 0, 0]",-1,-4.9026618112610074e-06,-1,0
4524,"[1, 1, 0, 1, 2, 1, 0, 1, 0, 1, 0, 2, 0, 0, 0, 0, 0, 1, 0, 0, 2, 0, 0, 0, 0, 0, 0, 0, 0, 0, 0, 0, 1, 1, 2, 2, 0, 0, 2, 0, 0, 1, 1, 0, 2, 2, 0, 1, 0, 0, 0, 0, 0, 0, 0, 2, 0, 0, 0, 0, 0, 0, 0, 2, 2, 2, 3, 2, 0, 1, 1, 4, 2, 5, 1, 6, 2, 4, 2, 2, 923, 1, 0, 0, 0, 0, 0]",3,0.20000000000005513,-1,0
4525,"[1, 1, 0, 1, 2, 1, 0, 1, 0, 1, 0, 2, 0, 0, 0, 0, 0, 1, 0, 0, 2, 0, 0, 0, 0, 0, 0, 0, 0, 0, 0, 0, 1, 1, 2, 2, 0, 0, 2, 0, 0, 1, 1, 0, 2, 2, 0, 1, 0, 0, 0, 0, 0, 0, 0, 2, 0, 0, 0, 0, 0, 0, 0, 2, 2, 2, 3, 2, 0, 1, 1, 4, 2, 5, 1, 6, 2, 4, 2, 2, 923, 0, 0, 0, 0, 0, 0]",-1,-4.9026618112610074e-06,-1,0
4526,"[1, 2, 0, 1, 2, 2, 0, 1, 0, 1, 0, 2, 0, 0, 0, 0, 0, 1, 0, 0, 2, 0, 0, 0, 0, 0, 0, 0, 0, 0, 0, 0, 1, 1, 2, 2, 0, 0, 2, 0, 0, 1, 1, 0, 2, 2, 0, 1, 0, 0, 0, 0, 0, 0, 0, 2, 0, 0, 0, 0, 0, 0, 0, 2, 2, 2, 3, 2, 0, 1, 1, 4, 2, 5, 1, 6, 2, 4, 2, 2, 924, 0, 0, 0, 0, 0, 0]",4,12.973778368697518,-1,0
4527,"[1, 2, 0, 1, 2, 2, 0, 1, 0, 1, 0, 2, 0, 0, 0, 0, 0, 1, 0, 0, 2, 0, 0, 0, 0, 0, 0, 0, 0, 0, 0, 0, 1, 1, 2, 2, 0, 0, 2, 0, 0, 1, 1, 0, 2, 2, 0, 1, 0, 0, 0, 0, 0, 0, 0, 2, 0, 0, 0, 0, 0, 0, 0, 2, 2, 2, 3, 2, 0, 1, 1, 4, 2, 5, 1, 6, 2, 4, 2, 2, 925, 0, 0, 0, 0, 0, 0]",4,14.272451211693788,-1,1
4528,"[1, 2, 0, 1, 2, 2, 0, 1, 0, 1, 0, 2, 0, 0, 0, 0, 0, 1, 0, 0, 2, 0, 0, 0, 0, 0, 0, 0, 0, 0, 0, 0, 1, 1, 2, 2, 0, 0, 2, 0, 0, 1, 1, 0, 2, 2, 0, 1, 0, 0, 0, 0, 0, 0, 0, 2, 0, 0, 0, 0, 0, 0, 0, 2, 2, 2, 3, 2, 0, 1, 1, 4, 2, 5, 1, 6, 2, 4, 2, 2, 925, 1, 0, 0, 0, 0, 0]",3,0.20000000000005091,-1,0
4529,"[1, 2, 0, 1, 2, 2, 0, 1, 0, 1, 0, 2, 0, 0, 0, 0, 0, 1, 0, 0, 2, 0, 0, 0, 0, 0, 0, 0, 0, 0, 0, 0, 1, 1, 2, 2, 0, 0, 2, 0, 0, 1, 1, 0, 2, 2, 0, 1, 0, 0, 0, 0, 0, 0, 0, 2, 0, 0, 0, 0, 0, 0, 0, 2, 2, 2, 3, 2, 0, 1, 1, 4, 2, 5, 1, 6, 2, 4, 2, 2, 925, 0, 0, 0, 0, 0, 0]",-1,-4.805582603069735e-06,-1,0
4530,"[1, 2, 0, 1, 2, 2, 0, 1, 0, 1, 0, 2, 0, 0, 0, 0, 0, 1, 0, 0, 2, 0, 0, 0, 0, 0, 0, 0, 0, 0, 0, 0, 1, 1, 2, 2, 0, 0, 2, 0, 0, 1, 1, 0, 2, 2, 0, 1, 0, 0, 0, 0, 0, 0, 0, 2, 0, 0, 0, 0, 0, 0, 0, 2, 2, 2, 3, 2, 0, 1, 1, 4, 2, 5, 1, 6, 2, 4, 2, 2, 925, 0, 1, 0, 0, 0, 0]",2,0.40000000000005087,-1,0
4531,"[1, 2, 0, 1, 2, 2, 0, 1, 0, 1, 0, 2, 0, 0, 0, 0, 0, 1, 0, 0, 2, 0, 0, 0, 0, 0, 0, 0, 0, 0, 0, 0, 1, 1, 2, 2, 0, 0, 2, 0, 0, 1, 1, 0, 2, 2, 0, 1, 0, 0, 0, 0, 0, 0, 0, 2, 0, 0, 0, 0, 0, 0, 0, 2, 2, 2, 3, 2, 0, 1, 1, 4, 2, 5, 1, 6, 2, 4, 2, 2, 925, 0, 0, 0, 0, 0, 0]",-1,-4.805582603069735e-06,-1,0
4532,"[1, 3, 0, 1, 2, 3, 0, 1, 0, 1, 0, 2, 0, 0, 0, 0, 0, 1, 0, 0, 2, 0, 0, 0, 0, 0, 0, 0, 0, 0, 0, 0, 1, 1, 2, 2, 0, 0, 2, 0, 0, 1, 1, 0, 2, 2, 0, 1, 0, 0, 0, 0, 0, 0, 0, 2, 0, 0, 0, 0, 0, 0, 0, 2, 2, 2, 3, 2, 0, 1, 1, 4, 2, 5, 1, 6, 2, 4, 2, 2, 926, 0, 0, 0, 0, 0, 0]",4,12.712965077480685,-1,0
4533,"[1, 3, 0, 1, 3, 3, 0, 1, 0, 1, 0, 2, 0, 0, 0, 0, 0, 1, 0, 0, 2, 0, 0, 0, 0, 0, 0, 0, 0, 0, 0, 0, 1, 1, 2, 2, 0, 0, 2, 0, 0, 1, 1, 0, 2, 2, 0, 1, 0, 0, 0, 0, 0, 0, 0, 2, 0, 0, 0, 0, 0, 0, 0, 2, 2, 2, 3, 2, 0, 1, 1, 4, 2, 5, 1, 6, 2, 4, 2, 2, 927, 0, 0, 0, 0, 0, 0]",4,14.086968086226719,-1,1
4534,"[1, 3, 0, 1, 4, 3, 0, 1, 0, 1, 0, 2, 0, 0, 0, 0, 0, 1, 0, 0, 2, 0, 0, 0, 0, 0, 0, 0, 0, 0, 0, 0, 1, 1, 2, 2, 0, 0, 2, 0, 0, 1, 1, 0, 2, 2, 0, 1, 0, 0, 0, 0, 0, 0, 0, 2, 0, 0, 0, 0, 0, 0, 0, 2, 2, 2, 3, 2, 0, 1, 1, 4, 2, 5, 1, 6, 2, 4, 2, 2, 928, 0, 0, 0, 0, 0, 0]",4,12.71296488716686,-1,0
4535,"[1, 3, 0, 1, 4, 3, 0, 1, 0, 1, 0, 2, 0, 0, 0, 0, 0, 1, 0, 0, 2, 0, 0, 0, 0, 0, 0, 0, 0, 0, 0, 0, 1, 1, 2, 2, 0, 0, 2, 0, 0, 1, 1, 0, 2, 2, 0, 1, 0, 0, 0, 0, 0, 0, 0, 2, 0, 0, 0, 0, 0, 0, 0, 2, 2, 2, 3, 2, 0, 1, 1, 4, 2, 5, 1, 6, 2, 4, 2, 2, 928, 0, 1, 0, 0, 0, 0]",2,0.4000000000000451,-1,1
4536,"[1, 3, 0, 1, 4, 3, 0, 1, 0, 1, 0, 2, 0, 0, 0, 0, 0, 1, 0, 0, 2, 0, 0, 0, 0, 0, 0, 0, 0, 0, 0, 0, 1, 1, 2, 2, 0, 0, 2, 0, 0, 1, 1, 0, 2, 2, 0, 1, 0, 0, 0, 0, 0, 0, 0, 2, 0, 0, 0, 0, 0, 0, 0, 2, 2, 2, 3, 2, 0, 1, 1, 4, 2, 5, 1, 6, 2, 4, 2, 2, 928, 0, 1, 0, 0, 1, 0]","[[1 0 0 0]
 [0 0 0 1]]",0.650424865058136,-1,1
4537,"[2, 3, 0, 0, 3, 3, 0, 2, 0, 1, 0, 2, 0, 0, 0, 0, 0, 1, 0, 0, 2, 0, 0, 0, 0, 0, 0, 0, 0, 0, 0, 0, 1, 1, 2, 2, 0, 0, 2, 0, 0, 1, 1, 0, 2, 2, 0, 1, 0, 0, 0, 0, 0, 0, 0, 2, 0, 0, 0, 0, 0, 0, 0, 2, 2, 2, 3, 2, 0, 1, 1, 4, 2, 5, 1, 6, 2, 4, 2, 2, 928, 0, 0, 0, 0, 0, 0]",0,-0.19999999999995488,-1,0
4538,"[2, 3, 0, 0, 3, 3, 0, 2, 0, 1, 0, 2, 0, 0, 0, 0, 0, 1, 0, 0, 2, 0, 0, 0, 0, 0, 0, 0, 0, 0, 0, 0, 1, 1, 2, 2, 0, 0, 2, 0, 0, 1, 1, 0, 2, 2, 0, 1, 0, 0, 0, 0, 0, 0, 0, 2, 0, 0, 0, 0, 0, 0, 0, 2, 2, 2, 3, 2, 0, 1, 1, 4, 2, 5, 1, 6, 2, 4, 2, 2, 929, 0, 0, 0, 0, 0, 0]",4,14.21159943539623,-1,1
4539,"[2, 3, 0, 0, 3, 3, 0, 2, 0, 1, 0, 2, 0, 0, 0, 0, 0, 1, 0, 0, 2, 0, 0, 0, 0, 0, 0, 0, 0, 0, 0, 0, 1, 1, 2, 2, 0, 0, 2, 0, 0, 1, 1, 0, 2, 2, 0, 1, 0, 0, 0, 0, 0, 0, 0, 2, 0, 0, 0, 0, 0, 0, 0, 2, 2, 2, 3, 2, 0, 1, 1, 4, 2, 5, 1, 6, 2, 4, 2, 2, 929, 0, 1, 0, 0, 0, 0]",2,0.4000000000000433,-1,0
4540,"[2, 3, 0, 0, 3, 3, 0, 2, 0, 1, 0, 2, 0, 0, 0, 0, 0, 1, 0, 0, 2, 0, 0, 0, 0, 0, 0, 0, 0, 0, 0, 0, 1, 1, 2, 2, 0, 0, 2, 0, 0, 1, 1, 0, 2, 2, 0, 1, 0, 0, 0, 0, 0, 0, 0, 2, 0, 0, 0, 0, 0, 0, 0, 2, 2, 2, 3, 2, 0, 1, 1, 4, 2, 5, 1, 6, 2, 4, 2, 2, 929, 0, 1, 0, 0, 1, 0]","[[0 1 0 0]
 [0 0 0 1]]",0.6504248650581342,-1,0
4541,"[2, 3, 0, 0, 3, 3, 0, 2, 0, 1, 0, 2, 0, 0, 0, 0, 0, 1, 0, 0, 2, 0, 0, 0, 0, 0, 0, 0, 0, 0, 0, 0, 1, 1, 2, 2, 0, 0, 2, 0, 0, 1, 1, 0, 2, 2, 0, 1, 0, 0, 0, 0, 0, 0, 0, 2, 0, 0, 0, 0, 0, 0, 0, 2, 2, 2, 3, 2, 0, 1, 1, 4, 2, 5, 1, 6, 2, 4, 2, 2, 929, 0, 1, 0, 0, 0, 1]",2,-0.19999999999995666,-1,1
4542,"[2, 3, 0, 0, 3, 3, 0, 2, 0, 1, 0, 2, 0, 0, 0, 0, 0, 1, 0, 0, 2, 0, 0, 0, 0, 0, 0, 0, 0, 0, 0, 0, 1, 1, 2, 2, 0, 0, 2, 0, 0, 1, 1, 0, 2, 2, 0, 1, 0, 0, 0, 0, 0, 0, 0, 2, 0, 0, 0, 0, 0, 0, 0, 2, 2, 2, 3, 2, 0, 1, 1, 4, 2, 5, 1, 6, 2, 4, 2, 2, 929, 0, 0, 1, 0, 0, 0]","[[0 1 0 0]
 [2 0 0 0]]",-0.19999999999995666,-1,1
4543,"[2, 3, 0, 0, 3, 3, 0, 2, 0, 1, 0, 2, 0, 0, 0, 0, 0, 1, 0, 0, 2, 0, 0, 0, 0, 0, 0, 0, 0, 0, 0, 0, 1, 1, 2, 2, 0, 0, 2, 0, 0, 1, 1, 0, 2, 2, 0, 1, 0, 0, 0, 0, 0, 0, 0, 2, 0, 0, 0, 0, 0, 0, 0, 2, 2, 2, 3, 2, 0, 1, 1, 4, 2, 5, 1, 6, 2, 4, 2, 2, 929, 0, 0, 0, 0, 0, 0]",1,-9.187935773944773,-1,0
4544,"[2, 3, 0, 0, 3, 3, 0, 2, 0, 1, 0, 2, 0, 0, 0, 0, 0, 1, 0, 0, 2, 0, 0, 0, 0, 0, 0, 0, 0, 0, 0, 0, 1, 1, 2, 2, 0, 0, 2, 0, 0, 1, 1, 0, 2, 2, 0, 1, 0, 0, 0, 0, 0, 0, 0, 2, 0, 0, 0, 0, 0, 0, 0, 2, 2, 2, 3, 2, 0, 1, 1, 4, 2, 5, 1, 6, 2, 4, 2, 2, 929, 0, 1, 0, 0, 0, 0]",2,0.4000000000000433,-1,0
4545,"[2, 3, 0, 0, 3, 3, 0, 2, 0, 1, 0, 2, 0, 0, 0, 0, 0, 1, 0, 0, 2, 0, 0, 0, 0, 0, 0, 0, 0, 0, 0, 0, 1, 1, 2, 2, 0, 0, 2, 0, 0, 1, 1, 0, 2, 2, 0, 1, 0, 0, 0, 0, 0, 0, 0, 2, 0, 0, 0, 0, 0, 0, 0, 2, 2, 2, 3, 2, 0, 1, 1, 4, 2, 5, 1, 6, 2, 4, 2, 2, 929, 0, 1, 0, 0, 1, 0]","[[0 1 0 0]
 [0 0 0 1]]",0.6504248650581342,-1,0
4546,"[2, 3, 0, 0, 3, 3, 0, 2, 0, 1, 0, 2, 0, 0, 0, 0, 0, 1, 0, 0, 2, 0, 0, 0, 0, 0, 0, 0, 0, 0, 0, 0, 1, 1, 2, 2, 0, 0, 2, 0, 0, 1, 1, 0, 2, 2, 0, 1, 0, 0, 0, 0, 0, 0, 0, 2, 0, 0, 0, 0, 0, 0, 0, 2, 2, 2, 3, 2, 0, 1, 1, 4, 2, 5, 1, 6, 2, 4, 2, 2, 929, 0, 0, 0, 0, 0, 0]",1,-35.246397817750065,-1,1
4547,"[2, 3, 0, 0, 3, 3, 0, 2, 0, 1, 0, 2, 0, 0, 0, 0, 0, 1, 0, 0, 2, 0, 0, 0, 0, 0, 0, 0, 0, 0, 0, 0, 1, 1, 2, 2, 0, 0, 2, 0, 0, 1, 1, 0, 2, 2, 0, 1, 0, 0, 0, 0, 0, 0, 0, 2, 0, 0, 0, 0, 0, 0, 0, 2, 2, 2, 3, 2, 0, 1, 1, 4, 2, 5, 1, 6, 2, 4, 2, 2, 929, 1, 0, 0, 0, 0, 0]",3,0.20000000000004337,-1,0
4548,"[0, 3, 0, 1, 3, 3, 0, 2, 0, 1, 0, 2, 0, 0, 0, 0, 0, 1, 0, 0, 2, 0, 0, 0, 0, 0, 0, 0, 0, 0, 0, 0, 1, 1, 2, 2, 0, 0, 2, 0, 0, 1, 1, 0, 2, 2, 0, 1, 0, 0, 0, 0, 0, 0, 0, 2, 0, 0, 0, 0, 0, 0, 0, 2, 2, 2, 3, 2, 0, 1, 1, 4, 2, 5, 1, 6, 2, 4, 2, 2, 929, 0, 0, 0, 0, 0, 0]","[[2 0 0 0]
 [0 0 0 1]]",-0.1985423180889156,-1,0
4549,"[0, 3, 0, 1, 3, 3, 0, 2, 0, 1, 0, 2, 0, 0, 0, 0, 0, 1, 0, 0, 2, 0, 0, 0, 0, 0, 0, 0, 0, 0, 0, 0, 1, 1, 2, 2, 0, 0, 2, 0, 0, 1, 1, 0, 2, 2, 0, 1, 0, 0, 0, 0, 0, 0, 0, 2, 0, 0, 0, 0, 0, 0, 0, 2, 2, 2, 3, 2, 0, 1, 1, 4, 2, 5, 1, 6, 2, 4, 2, 2, 930, 0, 0, 0, 0, 0, 0]",4,12.493483791579107,-1,0
4550,"[0, 3, 0, 1, 4, 3, 0, 2, 0, 1, 0, 2, 0, 0, 0, 0, 0, 1, 0, 0, 2, 0, 0, 0, 0, 0, 0, 0, 0, 0, 0, 0, 1, 1, 2, 2, 0, 0, 2, 0, 0, 1, 1, 0, 2, 2, 0, 1, 0, 0, 0, 0, 0, 0, 0, 2, 0, 0, 0, 0, 0, 0, 0, 2, 2, 2, 3, 2, 0, 1, 1, 4, 2, 5, 1, 6, 2, 4, 2, 2, 931, 0, 0, 0, 0, 0, 0]",4,14.130655255197608,-1,1
4551,"[0, 1, 0, 1, 2, 1, 0, 1, 0, 1, 0, 2, 0, 0, 0, 0, 0, 1, 0, 0, 2, 0, 0, 0, 0, 0, 0, 0, 0, 0, 0, 0, 1, 1, 2, 2, 0, 0, 2, 0, 0, 1, 1, 0, 2, 2, 0, 1, 0, 0, 0, 0, 0, 0, 0, 2, 0, 0, 0, 0, 0, 0, 0, 2, 2, 2, 3, 2, 0, 1, 1, 4, 2, 5, 1, 6, 2, 4, 2, 1, 932, 0, 0, 0, 0, 0, 0]",4,12.859472222748332,-1,0
4552,"[0, 1, 0, 1, 2, 1, 0, 1, 0, 1, 0, 2, 0, 0, 0, 0, 0, 1, 0, 0, 2, 0, 0, 0, 0, 0, 0, 0, 0, 0, 0, 0, 1, 1, 2, 2, 0, 0, 2, 0, 0, 1, 1, 0, 2, 2, 0, 1, 0, 0, 0, 0, 0, 0, 0, 2, 0, 0, 0, 0, 0, 0, 0, 2, 2, 2, 3, 2, 0, 1, 1, 4, 2, 5, 1, 6, 2, 4, 2, 1, 933, 0, 0, 0, 0, 0, 0]",4,14.37377752476492,-1,1
4553,"[0, 1, 0, 1, 1, 1, 0, 1, 0, 1, 0, 2, 0, 0, 0, 0, 0, 1, 0, 0, 2, 0, 0, 0, 0, 0, 0, 0, 0, 0, 0, 0, 1, 1, 2, 2, 0, 0, 2, 0, 0, 1, 1, 0, 2, 2, 0, 1, 0, 0, 0, 0, 0, 0, 0, 2, 0, 0, 0, 0, 0, 0, 0, 2, 2, 2, 3, 2, 0, 1, 1, 4, 2, 5, 1, 6, 2, 4, 2, 6, 934, 0, 0, 0, 0, 0, 0]",4,12.859472043517522,-1,0
4554,"[0, 1, 0, 1, 1, 1, 0, 1, 0, 1, 0, 2, 0, 0, 0, 0, 0, 1, 0, 0, 2, 0, 0, 0, 0, 0, 0, 0, 0, 0, 0, 0, 1, 1, 2, 2, 0, 0, 2, 0, 0, 1, 1, 0, 2, 2, 0, 1, 0, 0, 0, 0, 0, 0, 0, 2, 0, 0, 0, 0, 0, 0, 0, 2, 2, 2, 3, 2, 0, 1, 1, 4, 2, 5, 1, 6, 2, 4, 2, 6, 934, 0, 1, 0, 0, 0, 0]",2,0.40000000000003544,-1,1
4555,"[0, 1, 0, 1, 1, 1, 0, 1, 0, 1, 0, 2, 0, 0, 0, 0, 0, 1, 0, 0, 2, 0, 0, 0, 0, 0, 0, 0, 0, 0, 0, 0, 1, 1, 2, 2, 0, 0, 2, 0, 0, 1, 1, 0, 2, 2, 0, 1, 0, 0, 0, 0, 0, 0, 0, 2, 0, 0, 0, 0, 0, 0, 0, 2, 2, 2, 3, 2, 0, 1, 1, 4, 2, 5, 1, 6, 2, 4, 2, 6, 934, 0, 1, 0, 0, 1, 0]","[[1 0 0 0]
 [0 0 0 1]]",0.6504248650581264,-1,1
4556,"[0, 1, 0, 1, 1, 1, 0, 1, 0, 1, 0, 2, 0, 0, 0, 0, 0, 1, 0, 0, 2, 0, 0, 0, 0, 0, 0, 0, 0, 0, 0, 0, 1, 1, 2, 2, 0, 0, 2, 0, 0, 1, 1, 0, 2, 2, 0, 1, 0, 0, 0, 0, 0, 0, 0, 2, 0, 0, 0, 0, 0, 0, 0, 2, 2, 2, 3, 2, 0, 1, 1, 4, 2, 5, 1, 6, 2, 4, 2, 6, 934, 0, 0, 0, 0, 0, 0]",1,-0.19999999999996454,-1,0
4557,"[0, 1, 0, 1, 1, 1, 0, 1, 0, 1, 0, 2, 0, 0, 0, 0, 0, 1, 0, 0, 2, 0, 0, 0, 0, 0, 0, 0, 0, 0, 0, 0, 1, 1, 2, 2, 0, 0, 2, 0, 0, 1, 1, 0, 2, 2, 0, 1, 0, 0, 0, 0, 0, 0, 0, 2, 0, 0, 0, 0, 0, 0, 0, 2, 2, 2, 3, 2, 0, 1, 1, 4, 2, 5, 1, 6, 2, 4, 2, 2, 935, 0, 0, 0, 0, 0, 0]",4,14.533402067953768,-1,1
4558,"[0, 1, 0, 1, 1, 1, 0, 1, 0, 1, 0, 2, 0, 0, 0, 0, 0, 1, 0, 0, 2, 0, 0, 0, 0, 0, 0, 0, 0, 0, 0, 0, 1, 1, 2, 2, 0, 0, 2, 0, 0, 1, 1, 0, 2, 2, 0, 1, 0, 0, 0, 0, 0, 0, 0, 2, 0, 0, 0, 0, 0, 0, 0, 2, 2, 2, 3, 2, 0, 1, 1, 4, 2, 5, 1, 6, 2, 4, 2, 2, 935, 0, 1, 0, 0, 0, 0]",2,0.4000000000000341,-1,0
4559,"[0, 1, 0, 1, 1, 1, 0, 1, 0, 1, 0, 2, 0, 0, 0, 0, 0, 1, 0, 0, 2, 0, 0, 0, 0, 0, 0, 0, 0, 0, 0, 0, 1, 1, 2, 2, 0, 0, 2, 0, 0, 1, 1, 0, 2, 2, 0, 1, 0, 0, 0, 0, 0, 0, 0, 2, 0, 0, 0, 0, 0, 0, 0, 2, 2, 2, 3, 2, 0, 1, 1, 4, 2, 5, 1, 6, 2, 4, 2, 2, 935, 0, 1, 0, 0, 1, 0]","[[0 1 0 0]
 [1 0 0 0]]",0.650424865058125,-1,0
4560,"[0, 1, 0, 1, 1, 1, 0, 1, 0, 1, 0, 2, 0, 0, 0, 0, 0, 1, 0, 0, 2, 0, 0, 0, 0, 0, 0, 0, 0, 0, 0, 0, 1, 1, 2, 2, 0, 0, 2, 0, 0, 1, 1, 0, 2, 2, 0, 1, 0, 0, 0, 0, 0, 0, 0, 2, 0, 0, 0, 0, 0, 0, 0, 2, 2, 2, 3, 2, 0, 1, 1, 4, 2, 5, 1, 6, 2, 4, 2, 2, 935, 0, 1, 0, 0, 0, 1]",2,-0.1999999999999659,-1,1
4561,"[0, 1, 0, 1, 1, 1, 0, 1, 0, 1, 0, 2, 0, 0, 0, 0, 0, 1, 0, 0, 2, 0, 0, 0, 0, 0, 0, 0, 0, 0, 0, 0, 1, 1, 2, 2, 0, 0, 2, 0, 0, 1, 1, 0, 2, 2, 0, 1, 0, 0, 0, 0, 0, 0, 0, 2, 0, 0, 0, 0, 0, 0, 0, 2, 2, 2, 3, 2, 0, 1, 1, 4, 2, 5, 1, 6, 2, 4, 2, 2, 935, 0, 0, 1, 0, 0, 0]","[[1 0 0 0]
 [0 0 0 1]]",-0.1999999999999659,-1,1
4562,"[1, 1, 0, 0, 0, 1, 0, 2, 0, 1, 0, 2, 0, 0, 0, 0, 0, 1, 0, 0, 2, 0, 0, 0, 0, 0, 0, 0, 0, 0, 0, 0, 1, 1, 2, 2, 0, 0, 2, 0, 0, 1, 1, 0, 2, 2, 0, 1, 0, 0, 0, 0, 0, 0, 0, 2, 0, 0, 0, 0, 0, 0, 0, 2, 2, 2, 3, 2, 0, 1, 1, 4, 2, 5, 1, 6, 2, 4, 2, 2, 935, 0, 0, 0, 0, 0, 0]",0,-0.1999999999999659,-1,0
4563,"[1, 1, 0, 0, 0, 1, 0, 2, 0, 1, 0, 2, 0, 0, 0, 0, 0, 1, 0, 0, 2, 0, 0, 0, 0, 0, 0, 0, 0, 0, 0, 0, 1, 1, 2, 2, 0, 0, 2, 0, 0, 1, 1, 0, 2, 2, 0, 1, 0, 0, 0, 0, 0, 0, 0, 2, 0, 0, 0, 0, 0, 0, 0, 2, 2, 2, 3, 2, 0, 1, 1, 4, 2, 5, 1, 6, 2, 4, 2, 2, 935, 0, 0, 0, 0, 0, 0]",0,0.2949747468306174,-1,0
4564,"[1, 1, 0, 0, 0, 1, 0, 2, 0, 1, 0, 2, 0, 0, 0, 0, 0, 1, 0, 0, 2, 0, 0, 0, 0, 0, 0, 0, 0, 0, 0, 0, 1, 1, 2, 2, 0, 0, 2, 0, 0, 1, 1, 0, 2, 2, 0, 1, 0, 0, 0, 0, 0, 0, 0, 2, 0, 0, 0, 0, 0, 0, 0, 2, 2, 2, 3, 2, 0, 1, 1, 4, 2, 5, 1, 6, 2, 4, 2, 2, 935, 0, 0, 0, 0, 0, 0]",-1,-4.348270954720146e-06,-1,0
4565,"[1, 1, 0, 0, 0, 1, 0, 2, 0, 1, 0, 2, 0, 0, 0, 0, 0, 1, 0, 0, 2, 0, 0, 0, 0, 0, 0, 0, 0, 0, 0, 0, 1, 1, 2, 2, 0, 0, 2, 0, 0, 1, 1, 0, 2, 2, 0, 1, 0, 0, 0, 0, 0, 0, 0, 2, 0, 0, 0, 0, 0, 0, 0, 2, 2, 2, 3, 2, 0, 1, 1, 4, 2, 5, 1, 6, 2, 4, 2, 2, 935, 0, 0, 0, 0, 0, 0]",0,0.2949747468306174,-1,0
4566,"[1, 1, 0, 0, 0, 1, 0, 2, 0, 1, 0, 2, 0, 0, 0, 0, 0, 1, 0, 0, 2, 0, 0, 0, 0, 0, 0, 0, 0, 0, 0, 0, 1, 1, 2, 2, 0, 0, 2, 0, 0, 1, 1, 0, 2, 2, 0, 1, 0, 0, 0, 0, 0, 0, 0, 2, 0, 0, 0, 0, 0, 0, 0, 2, 2, 2, 3, 2, 0, 1, 1, 4, 2, 5, 1, 6, 2, 4, 2, 2, 935, 0, 0, 0, 0, 0, 0]",-1,-4.348270954720146e-06,-1,0
4567,"[1, 1, 0, 0, 0, 1, 0, 2, 0, 1, 0, 2, 0, 0, 0, 0, 0, 1, 0, 0, 2, 0, 0, 0, 0, 0, 0, 0, 0, 0, 0, 0, 1, 1, 2, 2, 0, 0, 2, 0, 0, 1, 1, 0, 2, 2, 0, 1, 0, 0, 0, 0, 0, 0, 0, 2, 0, 0, 0, 0, 0, 0, 0, 2, 2, 2, 3, 2, 0, 1, 1, 4, 2, 5, 1, 6, 2, 4, 2, 2, 935, 0, 0, 0, 0, 0, 0]",0,0.2949747468306174,-1,0
4568,"[1, 1, 0, 0, 0, 1, 0, 2, 0, 1, 0, 2, 0, 0, 0, 0, 0, 1, 0, 0, 2, 0, 0, 0, 0, 0, 0, 0, 0, 0, 0, 0, 1, 1, 2, 2, 0, 0, 2, 0, 0, 1, 1, 0, 2, 2, 0, 1, 0, 0, 0, 0, 0, 0, 0, 2, 0, 0, 0, 0, 0, 0, 0, 2, 2, 2, 3, 2, 0, 1, 1, 4, 2, 5, 1, 6, 2, 4, 2, 2, 935, 0, 0, 0, 0, 0, 0]",-1,-4.348270954720146e-06,-1,0
4569,"[1, 1, 0, 0, 0, 1, 0, 2, 0, 1, 0, 2, 0, 0, 0, 0, 0, 1, 0, 0, 2, 0, 0, 0, 0, 0, 0, 0, 0, 0, 0, 0, 1, 1, 2, 2, 0, 0, 2, 0, 0, 1, 1, 0, 2, 2, 0, 1, 0, 0, 0, 0, 0, 0, 0, 2, 0, 0, 0, 0, 0, 0, 0, 2, 2, 2, 3, 2, 0, 1, 1, 4, 2, 5, 1, 6, 2, 4, 2, 2, 935, 0, 0, 0, 0, 0, 0]",0,0.2949747468306174,-1,0
4570,"[1, 1, 0, 0, 0, 1, 0, 2, 0, 1, 0, 2, 0, 0, 0, 0, 0, 1, 0, 0, 2, 0, 0, 0, 0, 0, 0, 0, 0, 0, 0, 0, 1, 1, 2, 2, 0, 0, 2, 0, 0, 1, 1, 0, 2, 2, 0, 1, 0, 0, 0, 0, 0, 0, 0, 2, 0, 0, 0, 0, 0, 0, 0, 2, 2, 2, 3, 2, 0, 1, 1, 4, 2, 5, 1, 6, 2, 4, 2, 2, 935, 0, 0, 0, 0, 0, 0]",-1,-4.348270954720146e-06,-1,0
4571,"[1, 1, 0, 0, 0, 1, 0, 2, 0, 1, 0, 2, 0, 0, 0, 0, 0, 1, 0, 0, 2, 0, 0, 0, 0, 0, 0, 0, 0, 0, 0, 0, 1, 1, 2, 2, 0, 0, 2, 0, 0, 1, 1, 0, 2, 2, 0, 1, 0, 0, 0, 0, 0, 0, 0, 2, 0, 0, 0, 0, 0, 0, 0, 2, 2, 2, 3, 2, 0, 1, 1, 4, 2, 5, 1, 6, 2, 4, 2, 2, 935, 0, 0, 0, 0, 0, 0]",0,0.2949747468306174,-1,0
4572,"[1, 1, 0, 0, 0, 1, 0, 2, 0, 1, 0, 2, 0, 0, 0, 0, 0, 1, 0, 0, 2, 0, 0, 0, 0, 0, 0, 0, 0, 0, 0, 0, 1, 1, 2, 2, 0, 0, 2, 0, 0, 1, 1, 0, 2, 2, 0, 1, 0, 0, 0, 0, 0, 0, 0, 2, 0, 0, 0, 0, 0, 0, 0, 2, 2, 2, 3, 2, 0, 1, 1, 4, 2, 5, 1, 6, 2, 4, 2, 2, 935, 0, 0, 0, 0, 0, 0]",-1,-4.348270954720146e-06,-1,0
4573,"[1, 1, 0, 0, 0, 1, 0, 2, 0, 1, 0, 2, 0, 0, 0, 0, 0, 1, 0, 0, 2, 0, 0, 0, 0, 0, 0, 0, 0, 0, 0, 0, 1, 1, 2, 2, 0, 0, 2, 0, 0, 1, 1, 0, 2, 2, 0, 1, 0, 0, 0, 0, 0, 0, 0, 2, 0, 0, 0, 0, 0, 0, 0, 2, 2, 2, 3, 2, 0, 1, 1, 4, 2, 5, 1, 6, 2, 4, 2, 2, 935, 0, 0, 0, 0, 0, 0]",0,0.2949747468306174,-1,0
4574,"[1, 1, 0, 0, 0, 1, 0, 2, 0, 1, 0, 2, 0, 0, 0, 0, 0, 1, 0, 0, 2, 0, 0, 0, 0, 0, 0, 0, 0, 0, 0, 0, 1, 1, 2, 2, 0, 0, 2, 0, 0, 1, 1, 0, 2, 2, 0, 1, 0, 0, 0, 0, 0, 0, 0, 2, 0, 0, 0, 0, 0, 0, 0, 2, 2, 2, 3, 2, 0, 1, 1, 4, 2, 5, 1, 6, 2, 4, 2, 2, 935, 0, 0, 0, 0, 0, 0]",-1,-4.348270954720146e-06,-1,0
4575,"[1, 1, 0, 0, 0, 1, 0, 2, 0, 1, 0, 2, 0, 0, 0, 0, 0, 1, 0, 0, 2, 0, 0, 0, 0, 0, 0, 0, 0, 0, 0, 0, 1, 1, 2, 2, 0, 0, 2, 0, 0, 1, 1, 0, 2, 2, 0, 1, 0, 0, 0, 0, 0, 0, 0, 2, 0, 0, 0, 0, 0, 0, 0, 2, 2, 2, 3, 2, 0, 1, 1, 4, 2, 5, 1, 6, 2, 4, 2, 2, 935, 0, 0, 0, 0, 0, 0]",0,0.2949747468306174,-1,0
4576,"[1, 1, 0, 0, 0, 1, 0, 2, 0, 1, 0, 2, 0, 0, 0, 0, 0, 1, 0, 0, 2, 0, 0, 0, 0, 0, 0, 0, 0, 0, 0, 0, 1, 1, 2, 2, 0, 0, 2, 0, 0, 1, 1, 0, 2, 2, 0, 1, 0, 0, 0, 0, 0, 0, 0, 2, 0, 0, 0, 0, 0, 0, 0, 2, 2, 2, 3, 2, 0, 1, 1, 4, 2, 5, 1, 6, 2, 4, 2, 2, 935, 0, 0, 0, 0, 0, 0]",-1,-4.348270954720146e-06,-1,0
4577,"[1, 1, 0, 0, 0, 1, 0, 2, 0, 1, 0, 2, 0, 0, 0, 0, 0, 1, 0, 0, 2, 0, 0, 0, 0, 0, 0, 0, 0, 0, 0, 0, 1, 1, 2, 2, 0, 0, 2, 0, 0, 1, 1, 0, 2, 2, 0, 1, 0, 0, 0, 0, 0, 0, 0, 2, 0, 0, 0, 0, 0, 0, 0, 2, 2, 2, 3, 2, 0, 1, 1, 4, 2, 5, 1, 6, 2, 4, 2, 2, 935, 0, 0, 0, 0, 0, 0]",0,0.2949747468306174,-1,0
4578,"[1, 1, 0, 0, 0, 1, 0, 2, 0, 1, 0, 2, 0, 0, 0, 0, 0, 1, 0, 0, 2, 0, 0, 0, 0, 0, 0, 0, 0, 0, 0, 0, 1, 1, 2, 2, 0, 0, 2, 0, 0, 1, 1, 0, 2, 2, 0, 1, 0, 0, 0, 0, 0, 0, 0, 2, 0, 0, 0, 0, 0, 0, 0, 2, 2, 2, 3, 2, 0, 1, 1, 4, 2, 5, 1, 6, 2, 4, 2, 2, 935, 0, 0, 0, 0, 0, 0]",-1,-4.348270954720146e-06,-1,0
4579,"[1, 1, 0, 0, 0, 1, 0, 2, 0, 1, 0, 2, 0, 0, 0, 0, 0, 1, 0, 0, 2, 0, 0, 0, 0, 0, 0, 0, 0, 0, 0, 0, 1, 1, 2, 2, 0, 0, 2, 0, 0, 1, 1, 0, 2, 2, 0, 1, 0, 0, 0, 0, 0, 0, 0, 2, 0, 0, 0, 0, 0, 0, 0, 2, 2, 2, 3, 2, 0, 1, 1, 4, 2, 5, 1, 6, 2, 4, 2, 2, 935, 1, 0, 0, 0, 0, 0]",3,0.20000000000003412,-1,0
4580,"[1, 1, 0, 0, 0, 1, 0, 2, 0, 1, 0, 2, 0, 0, 0, 0, 0, 1, 0, 0, 2, 0, 0, 0, 0, 0, 0, 0, 0, 0, 0, 0, 1, 1, 2, 2, 0, 0, 2, 0, 0, 1, 1, 0, 2, 2, 0, 1, 0, 0, 0, 0, 0, 0, 0, 2, 0, 0, 0, 0, 0, 0, 0, 2, 2, 2, 3, 2, 0, 1, 1, 4, 2, 5, 1, 6, 2, 4, 2, 2, 935, 0, 0, 0, 0, 0, 0]",-1,-4.348270954720146e-06,-1,0
4581,"[1, 2, 0, 0, 0, 2, 0, 2, 0, 1, 0, 2, 0, 0, 0, 0, 0, 1, 0, 0, 2, 0, 0, 0, 0, 0, 0, 0, 0, 0, 0, 0, 1, 1, 2, 2, 0, 0, 2, 0, 0, 1, 1, 0, 2, 2, 0, 1, 0, 0, 0, 0, 0, 0, 0, 2, 0, 0, 0, 0, 0, 0, 0, 2, 2, 2, 3, 2, 0, 1, 1, 4, 2, 5, 1, 6, 2, 4, 2, 2, 936, 0, 0, 0, 0, 0, 0]",4,12.655677338361926,-1,0
4582,"[1, 2, 0, 0, 0, 2, 0, 2, 0, 1, 0, 2, 0, 0, 0, 0, 0, 1, 0, 0, 2, 0, 0, 0, 0, 0, 0, 0, 0, 0, 0, 0, 1, 1, 2, 2, 0, 0, 2, 0, 0, 1, 1, 0, 2, 2, 0, 1, 0, 0, 0, 0, 0, 0, 0, 2, 0, 0, 0, 0, 0, 0, 0, 2, 2, 2, 3, 2, 0, 1, 1, 4, 2, 5, 1, 6, 2, 4, 2, 2, 937, 0, 0, 0, 0, 0, 0]",4,14.016071278951081,-1,1
4583,"[1, 2, 0, 0, 0, 2, 0, 2, 0, 1, 0, 2, 0, 0, 0, 0, 0, 1, 0, 0, 2, 0, 0, 0, 0, 0, 0, 0, 0, 0, 0, 0, 1, 1, 2, 2, 0, 0, 2, 0, 0, 1, 1, 0, 2, 2, 0, 1, 0, 0, 0, 0, 0, 0, 0, 2, 0, 0, 0, 0, 0, 0, 0, 2, 2, 2, 3, 2, 0, 1, 1, 4, 2, 5, 1, 6, 2, 4, 2, 2, 937, 0, 0, 0, 0, 0, 0]",1,0.6096241150996482,-1,0
4584,"[1, 2, 0, 0, 0, 2, 0, 2, 0, 1, 0, 2, 0, 0, 0, 0, 0, 1, 0, 0, 2, 0, 0, 0, 0, 0, 0, 0, 0, 0, 0, 0, 1, 1, 2, 2, 0, 0, 2, 0, 0, 1, 1, 0, 2, 2, 0, 1, 0, 0, 0, 0, 0, 0, 0, 2, 0, 0, 0, 0, 0, 0, 0, 2, 2, 2, 3, 2, 0, 1, 1, 4, 2, 5, 1, 6, 2, 4, 2, 2, 937, 0, 0, 0, 0, 0, 0]",-1,-4.26216942099498e-06,-1,0
4585,"[1, 2, 0, 0, 0, 2, 0, 2, 0, 1, 0, 2, 0, 0, 0, 0, 0, 1, 0, 0, 2, 0, 0, 0, 0, 0, 0, 0, 0, 0, 0, 0, 1, 1, 2, 2, 0, 0, 2, 0, 0, 1, 1, 0, 2, 2, 0, 1, 0, 0, 0, 0, 0, 0, 0, 2, 0, 0, 0, 0, 0, 0, 0, 2, 2, 2, 3, 2, 0, 1, 1, 4, 2, 5, 1, 6, 2, 4, 2, 2, 937, 1, 0, 0, 0, 0, 0]",3,0.20000000000003149,-1,0
4586,"[1, 2, 0, 0, 0, 2, 0, 2, 0, 1, 0, 2, 0, 0, 0, 0, 0, 1, 0, 0, 2, 0, 0, 0, 0, 0, 0, 0, 0, 0, 0, 0, 1, 1, 2, 2, 0, 0, 2, 0, 0, 1, 1, 0, 2, 2, 0, 1, 0, 0, 0, 0, 0, 0, 0, 2, 0, 0, 0, 0, 0, 0, 0, 2, 2, 2, 3, 2, 0, 1, 1, 4, 2, 5, 1, 6, 2, 4, 2, 2, 937, 0, 0, 0, 0, 0, 0]",-1,-4.26216942099498e-06,-1,0
4587,"[1, 2, 0, 0, 0, 2, 0, 2, 0, 1, 0, 2, 0, 0, 0, 0, 0, 1, 0, 0, 2, 0, 0, 0, 0, 0, 0, 0, 0, 0, 0, 0, 1, 1, 2, 2, 0, 0, 2, 0, 0, 1, 1, 0, 2, 2, 0, 1, 0, 0, 0, 0, 0, 0, 0, 2, 0, 0, 0, 0, 0, 0, 0, 2, 2, 2, 3, 2, 0, 1, 1, 4, 2, 5, 1, 6, 2, 4, 2, 2, 937, 1, 0, 0, 0, 0, 0]",3,0.20000000000003149,-1,0
4588,"[1, 2, 0, 0, 0, 2, 0, 2, 0, 1, 0, 2, 0, 0, 0, 0, 0, 1, 0, 0, 2, 0, 0, 0, 0, 0, 0, 0, 0, 0, 0, 0, 1, 1, 2, 2, 0, 0, 2, 0, 0, 1, 1, 0, 2, 2, 0, 1, 0, 0, 0, 0, 0, 0, 0, 2, 0, 0, 0, 0, 0, 0, 0, 2, 2, 2, 3, 2, 0, 1, 1, 4, 2, 5, 1, 6, 2, 4, 2, 2, 937, 0, 0, 0, 0, 0, 0]",-1,-4.26216942099498e-06,-1,0
4589,"[1, 2, 0, 0, 0, 2, 0, 2, 0, 1, 0, 2, 0, 0, 0, 0, 0, 1, 0, 0, 2, 0, 0, 0, 0, 0, 0, 0, 0, 0, 0, 0, 1, 1, 2, 2, 0, 0, 2, 0, 0, 1, 1, 0, 2, 2, 0, 1, 0, 0, 0, 0, 0, 0, 0, 2, 0, 0, 0, 0, 0, 0, 0, 2, 2, 2, 3, 2, 0, 1, 1, 4, 2, 5, 1, 6, 2, 4, 2, 2, 937, 1, 0, 0, 0, 0, 0]",3,0.20000000000003149,-1,0
4590,"[1, 2, 0, 0, 0, 2, 0, 2, 0, 1, 0, 2, 0, 0, 0, 0, 0, 1, 0, 0, 2, 0, 0, 0, 0, 0, 0, 0, 0, 0, 0, 0, 1, 1, 2, 2, 0, 0, 2, 0, 0, 1, 1, 0, 2, 2, 0, 1, 0, 0, 0, 0, 0, 0, 0, 2, 0, 0, 0, 0, 0, 0, 0, 2, 2, 2, 3, 2, 0, 1, 1, 4, 2, 5, 1, 6, 2, 4, 2, 2, 937, 0, 0, 0, 0, 0, 0]",-1,-4.26216942099498e-06,-1,0
4591,"[1, 2, 0, 0, 0, 2, 0, 2, 0, 1, 0, 2, 0, 0, 0, 0, 0, 1, 0, 0, 2, 0, 0, 0, 0, 0, 0, 0, 0, 0, 0, 0, 1, 1, 2, 2, 0, 0, 2, 0, 0, 1, 1, 0, 2, 2, 0, 1, 0, 0, 0, 0, 0, 0, 0, 2, 0, 0, 0, 0, 0, 0, 0, 2, 2, 2, 3, 2, 0, 1, 1, 4, 2, 5, 1, 6, 2, 4, 2, 2, 937, 0, 1, 0, 0, 0, 0]",2,0.40000000000003144,-1,0
4592,"[1, 2, 0, 0, 0, 2, 0, 2, 0, 1, 0, 2, 0, 0, 0, 0, 0, 1, 0, 0, 2, 0, 0, 0, 0, 0, 0, 0, 0, 0, 0, 0, 1, 1, 2, 2, 0, 0, 2, 0, 0, 1, 1, 0, 2, 2, 0, 1, 0, 0, 0, 0, 0, 0, 0, 2, 0, 0, 0, 0, 0, 0, 0, 2, 2, 2, 3, 2, 0, 1, 1, 4, 2, 5, 1, 6, 2, 4, 2, 2, 937, 0, 1, 0, 0, 1, 0]","[[1 0 0 0]
 [0 0 0 1]]",0.6504248650581224,-1,0
4593,"[1, 2, 0, 0, 0, 2, 0, 2, 0, 1, 0, 2, 0, 0, 0, 0, 0, 1, 0, 0, 2, 0, 0, 0, 0, 0, 0, 0, 0, 0, 0, 0, 1, 1, 2, 2, 0, 0, 2, 0, 0, 1, 1, 0, 2, 2, 0, 1, 0, 0, 0, 0, 0, 0, 0, 2, 0, 0, 0, 0, 0, 0, 0, 2, 2, 2, 3, 2, 0, 1, 1, 4, 2, 5, 1, 6, 2, 4, 2, 2, 937, 0, 1, 0, 0, 0, 1]",2,-0.19999999999996854,-1,1
4594,"[1, 2, 0, 0, 0, 2, 0, 2, 0, 1, 0, 2, 0, 0, 0, 0, 0, 1, 0, 0, 2, 0, 0, 0, 0, 0, 0, 0, 0, 0, 0, 0, 1, 1, 2, 2, 0, 0, 2, 0, 0, 1, 1, 0, 2, 2, 0, 1, 0, 0, 0, 0, 0, 0, 0, 2, 0, 0, 0, 0, 0, 0, 0, 2, 2, 2, 3, 2, 0, 1, 1, 4, 2, 5, 1, 6, 2, 4, 2, 2, 937, 0, 0, 1, 0, 0, 0]","[[0 1 0 0]
 [1 0 0 0]]",-0.19999999999996854,-1,1
4595,"[0, 3, 0, 0, 1, 1, 0, 2, 0, 1, 0, 2, 0, 0, 0, 0, 0, 1, 0, 0, 2, 0, 0, 0, 0, 0, 0, 0, 0, 0, 0, 0, 1, 1, 2, 2, 0, 0, 2, 0, 0, 1, 1, 0, 2, 2, 0, 1, 0, 0, 0, 0, 0, 0, 0, 2, 0, 0, 0, 0, 0, 0, 0, 2, 2, 2, 3, 2, 0, 1, 1, 4, 2, 5, 1, 6, 2, 4, 2, 2, 937, 0, 0, 0, 0, 0, 0]",0,-0.19999999999996854,-1,0
4596,"[0, 3, 0, 0, 1, 1, 0, 2, 0, 1, 0, 2, 0, 0, 0, 0, 0, 1, 0, 0, 2, 0, 0, 0, 0, 0, 0, 0, 0, 0, 0, 0, 1, 1, 2, 2, 0, 0, 2, 0, 0, 1, 1, 0, 2, 2, 0, 1, 0, 0, 0, 0, 0, 0, 0, 2, 0, 0, 0, 0, 0, 0, 0, 2, 2, 2, 3, 2, 0, 1, 1, 4, 2, 5, 1, 6, 2, 4, 2, 2, 937, 0, 0, 0, 0, 0, 0]",1,0.6096241150996482,-1,0
4597,"[0, 3, 0, 0, 1, 1, 0, 2, 0, 1, 0, 2, 0, 0, 0, 0, 0, 1, 0, 0, 2, 0, 0, 0, 0, 0, 0, 0, 0, 0, 0, 0, 1, 1, 2, 2, 0, 0, 2, 0, 0, 1, 1, 0, 2, 2, 0, 1, 0, 0, 0, 0, 0, 0, 0, 2, 0, 0, 0, 0, 0, 0, 0, 2, 2, 2, 3, 2, 0, 1, 1, 4, 2, 5, 1, 6, 2, 4, 2, 2, 937, 0, 0, 0, 0, 0, 0]",-1,-4.26216942099498e-06,-1,0
4598,"[0, 3, 0, 0, 2, 1, 0, 2, 0, 1, 0, 2, 0, 0, 0, 0, 0, 1, 0, 0, 2, 0, 0, 0, 0, 0, 0, 0, 0, 0, 0, 0, 1, 1, 2, 2, 0, 0, 2, 0, 0, 1, 1, 0, 2, 2, 0, 1, 0, 0, 0, 0, 0, 0, 0, 2, 0, 0, 0, 0, 0, 0, 0, 2, 2, 2, 3, 2, 0, 1, 1, 4, 2, 5, 1, 6, 2, 4, 2, 2, 938, 0, 0, 0, 0, 0, 0]",4,12.215279560320853,-1,0
4599,"[0, 3, 0, 0, 3, 1, 0, 2, 0, 1, 0, 2, 0, 0, 0, 0, 0, 1, 0, 0, 2, 0, 0, 0, 0, 0, 0, 0, 0, 0, 0, 0, 1, 1, 2, 2, 0, 0, 2, 0, 0, 1, 1, 0, 2, 2, 0, 1, 0, 0, 0, 0, 0, 0, 0, 2, 0, 0, 0, 0, 0, 0, 0, 2, 2, 2, 3, 2, 0, 1, 1, 4, 2, 5, 1, 6, 2, 4, 2, 2, 939, 0, 0, 0, 0, 0, 0]",4,14.142262908134796,-1,1
4600,"[0, 3, 0, 0, 3, 1, 0, 2, 0, 1, 0, 2, 0, 0, 0, 0, 0, 1, 0, 0, 2, 0, 0, 0, 0, 0, 0, 0, 0, 0, 0, 0, 1, 1, 2, 2, 0, 0, 2, 0, 0, 1, 1, 0, 2, 2, 0, 1, 0, 0, 0, 0, 0, 0, 0, 2, 0, 0, 0, 0, 0, 0, 0, 2, 2, 2, 3, 2, 0, 1, 1, 4, 2, 5, 1, 6, 2, 4, 2, 2, 939, 1, 0, 0, 0, 0, 0]",3,0.20000000000002904,-1,0
4601,"[0, 3, 0, 0, 3, 1, 0, 2, 0, 1, 0, 2, 0, 0, 0, 0, 0, 1, 0, 0, 2, 0, 0, 0, 0, 0, 0, 0, 0, 0, 0, 0, 1, 1, 2, 2, 0, 0, 2, 0, 0, 1, 1, 0, 2, 2, 0, 1, 0, 0, 0, 0, 0, 0, 0, 2, 0, 0, 0, 0, 0, 0, 0, 2, 2, 2, 3, 2, 0, 1, 1, 4, 2, 5, 1, 6, 2, 4, 2, 2, 939, 0, 0, 0, 0, 0, 0]",-1,-4.177772811867902e-06,-1,0
4602,"[0, 3, 0, 0, 3, 1, 0, 2, 0, 1, 0, 2, 0, 0, 0, 0, 0, 1, 0, 0, 2, 0, 0, 0, 0, 0, 0, 0, 0, 0, 0, 0, 1, 1, 2, 2, 0, 0, 2, 0, 0, 1, 1, 0, 2, 2, 0, 1, 0, 0, 0, 0, 0, 0, 0, 2, 0, 0, 0, 0, 0, 0, 0, 2, 2, 2, 3, 2, 0, 1, 1, 4, 2, 5, 1, 6, 2, 4, 2, 2, 939, 1, 0, 0, 0, 0, 0]",3,0.20000000000002904,-1,0
4603,"[0, 3, 0, 0, 3, 1, 0, 2, 0, 1, 0, 2, 0, 0, 0, 0, 0, 1, 0, 0, 2, 0, 0, 0, 0, 0, 0, 0, 0, 0, 0, 0, 1, 1, 2, 2, 0, 0, 2, 0, 0, 1, 1, 0, 2, 2, 0, 1, 0, 0, 0, 0, 0, 0, 0, 2, 0, 0, 0, 0, 0, 0, 0, 2, 2, 2, 3, 2, 0, 1, 1, 4, 2, 5, 1, 6, 2, 4, 2, 2, 939, 0, 0, 0, 0, 0, 0]",-1,-4.177772811867902e-06,-1,0
4604,"[0, 3, 0, 0, 3, 1, 0, 2, 0, 1, 0, 2, 0, 0, 0, 0, 0, 1, 0, 0, 2, 0, 0, 0, 0, 0, 0, 0, 0, 0, 0, 0, 1, 1, 2, 2, 0, 0, 2, 0, 0, 1, 1, 0, 2, 2, 0, 1, 0, 0, 0, 0, 0, 0, 0, 2, 0, 0, 0, 0, 0, 0, 0, 2, 2, 2, 3, 2, 0, 1, 1, 4, 2, 5, 1, 6, 2, 4, 2, 2, 939, 1, 0, 0, 0, 0, 0]",3,0.20000000000002904,-1,0
4605,"[0, 3, 0, 0, 3, 1, 0, 2, 0, 1, 0, 2, 0, 0, 0, 0, 0, 1, 0, 0, 2, 0, 0, 0, 0, 0, 0, 0, 0, 0, 0, 0, 1, 1, 2, 2, 0, 0, 2, 0, 0, 1, 1, 0, 2, 2, 0, 1, 0, 0, 0, 0, 0, 0, 0, 2, 0, 0, 0, 0, 0, 0, 0, 2, 2, 2, 3, 2, 0, 1, 1, 4, 2, 5, 1, 6, 2, 4, 2, 2, 939, 0, 0, 0, 0, 0, 0]",-1,-4.177772811867902e-06,-1,0
4606,"[0, 3, 0, 0, 3, 1, 0, 2, 0, 1, 0, 2, 0, 0, 0, 0, 0, 1, 0, 0, 2, 0, 0, 0, 0, 0, 0, 0, 0, 0, 0, 0, 1, 1, 2, 2, 0, 0, 2, 0, 0, 1, 1, 0, 2, 2, 0, 1, 0, 0, 0, 0, 0, 0, 0, 2, 0, 0, 0, 0, 0, 0, 0, 2, 2, 2, 3, 2, 0, 1, 1, 4, 2, 5, 1, 6, 2, 4, 2, 2, 939, 0, 0, 0, 0, 0, 0]",0,0.2949747468306123,-1,0
4607,"[0, 3, 0, 0, 3, 1, 0, 2, 0, 1, 0, 2, 0, 0, 0, 0, 0, 1, 0, 0, 2, 0, 0, 0, 0, 0, 0, 0, 0, 0, 0, 0, 1, 1, 2, 2, 0, 0, 2, 0, 0, 1, 1, 0, 2, 2, 0, 1, 0, 0, 0, 0, 0, 0, 0, 2, 0, 0, 0, 0, 0, 0, 0, 2, 2, 2, 3, 2, 0, 1, 1, 4, 2, 5, 1, 6, 2, 4, 2, 2, 939, 0, 0, 0, 0, 0, 0]",-1,-4.177772811867902e-06,-1,0
4608,"[0, 3, 0, 0, 3, 1, 0, 2, 0, 1, 0, 2, 0, 0, 0, 0, 0, 1, 0, 0, 2, 0, 0, 0, 0, 0, 0, 0, 0, 0, 0, 0, 1, 1, 2, 2, 0, 0, 2, 0, 0, 1, 1, 0, 2, 2, 0, 1, 0, 0, 0, 0, 0, 0, 0, 2, 0, 0, 0, 0, 0, 0, 0, 2, 2, 2, 3, 2, 0, 1, 1, 4, 2, 5, 1, 6, 2, 4, 2, 2, 939, 0, 0, 0, 0, 0, 0]",0,0.2949747468306123,-1,0
4609,"[0, 3, 0, 0, 3, 1, 0, 2, 0, 1, 0, 2, 0, 0, 0, 0, 0, 1, 0, 0, 2, 0, 0, 0, 0, 0, 0, 0, 0, 0, 0, 0, 1, 1, 2, 2, 0, 0, 2, 0, 0, 1, 1, 0, 2, 2, 0, 1, 0, 0, 0, 0, 0, 0, 0, 2, 0, 0, 0, 0, 0, 0, 0, 2, 2, 2, 3, 2, 0, 1, 1, 4, 2, 5, 1, 6, 2, 4, 2, 2, 939, 0, 0, 0, 0, 0, 0]",-1,-4.177772811867902e-06,-1,0
4610,"[0, 3, 0, 0, 3, 1, 0, 2, 0, 1, 0, 2, 0, 0, 0, 0, 0, 1, 0, 0, 2, 0, 0, 0, 0, 0, 0, 0, 0, 0, 0, 0, 1, 1, 2, 2, 0, 0, 2, 0, 0, 1, 1, 0, 2, 2, 0, 1, 0, 0, 0, 0, 0, 0, 0, 2, 0, 0, 0, 0, 0, 0, 0, 2, 2, 2, 3, 2, 0, 1, 1, 4, 2, 5, 1, 6, 2, 4, 2, 2, 939, 0, 1, 0, 0, 0, 0]",2,0.400000000000029,-1,0
4611,"[0, 3, 0, 0, 3, 1, 0, 2, 0, 1, 0, 2, 0, 0, 0, 0, 0, 1, 0, 0, 2, 0, 0, 0, 0, 0, 0, 0, 0, 0, 0, 0, 1, 1, 2, 2, 0, 0, 2, 0, 0, 1, 1, 0, 2, 2, 0, 1, 0, 0, 0, 0, 0, 0, 0, 2, 0, 0, 0, 0, 0, 0, 0, 2, 2, 2, 3, 2, 0, 1, 1, 4, 2, 5, 1, 6, 2, 4, 2, 2, 939, 0, 1, 0, 0, 1, 0]","[[0 1 0 0]
 [1 0 0 0]]",0.6504248650581199,-1,0
4612,"[0, 3, 0, 0, 3, 1, 0, 2, 0, 1, 0, 2, 0, 0, 0, 0, 0, 1, 0, 0, 2, 0, 0, 0, 0, 0, 0, 0, 0, 0, 0, 0, 1, 1, 2, 2, 0, 0, 2, 0, 0, 1, 1, 0, 2, 2, 0, 1, 0, 0, 0, 0, 0, 0, 0, 2, 0, 0, 0, 0, 0, 0, 0, 2, 2, 2, 3, 2, 0, 1, 1, 4, 2, 5, 1, 6, 2, 4, 2, 2, 939, 0, 0, 0, 0, 0, 0]",1,-35.246397817750086,-1,1
4613,"[0, 3, 0, 0, 3, 1, 0, 2, 0, 1, 0, 2, 0, 0, 0, 0, 0, 1, 0, 0, 2, 0, 0, 0, 0, 0, 0, 0, 0, 0, 0, 0, 1, 1, 2, 2, 0, 0, 2, 0, 0, 1, 1, 0, 2, 2, 0, 1, 0, 0, 0, 0, 0, 0, 0, 2, 0, 0, 0, 0, 0, 0, 0, 2, 2, 2, 3, 2, 0, 1, 1, 4, 2, 5, 1, 6, 2, 4, 2, 2, 939, 0, 1, 0, 0, 0, 0]",2,0.400000000000029,-1,0
4614,"[0, 3, 0, 0, 3, 1, 0, 2, 0, 1, 0, 2, 0, 0, 0, 0, 0, 1, 0, 0, 2, 0, 0, 0, 0, 0, 0, 0, 0, 0, 0, 0, 1, 1, 2, 2, 0, 0, 2, 0, 0, 1, 1, 0, 2, 2, 0, 1, 0, 0, 0, 0, 0, 0, 0, 2, 0, 0, 0, 0, 0, 0, 0, 2, 2, 2, 3, 2, 0, 1, 1, 4, 2, 5, 1, 6, 2, 4, 2, 2, 939, 0, 1, 0, 0, 1, 0]","[[0 1 0 0]
 [1 0 0 0]]",0.6504248650581199,-1,0
4615,"[0, 3, 0, 0, 3, 1, 0, 2, 0, 1, 0, 2, 0, 0, 0, 0, 0, 1, 0, 0, 2, 0, 0, 0, 0, 0, 0, 0, 0, 0, 0, 0, 1, 1, 2, 2, 0, 0, 2, 0, 0, 1, 1, 0, 2, 2, 0, 1, 0, 0, 0, 0, 0, 0, 0, 2, 0, 0, 0, 0, 0, 0, 0, 2, 2, 2, 3, 2, 0, 1, 1, 4, 2, 5, 1, 6, 2, 4, 2, 2, 939, 0, 0, 0, 0, 0, 0]",1,-35.246397817750086,-1,1
4616,"[0, 3, 0, 0, 3, 1, 0, 2, 0, 1, 0, 2, 0, 0, 0, 0, 0, 1, 0, 0, 2, 0, 0, 0, 0, 0, 0, 0, 0, 0, 0, 0, 1, 1, 2, 2, 0, 0, 2, 0, 0, 1, 1, 0, 2, 2, 0, 1, 0, 0, 0, 0, 0, 0, 0, 2, 0, 0, 0, 0, 0, 0, 0, 2, 2, 2, 3, 2, 0, 1, 1, 4, 2, 5, 1, 6, 2, 4, 2, 2, 939, 0, 1, 0, 0, 0, 0]",2,0.400000000000029,-1,0
4617,"[0, 3, 0, 0, 3, 1, 0, 2, 0, 1, 0, 2, 0, 0, 0, 0, 0, 1, 0, 0, 2, 0, 0, 0, 0, 0, 0, 0, 0, 0, 0, 0, 1, 1, 2, 2, 0, 0, 2, 0, 0, 1, 1, 0, 2, 2, 0, 1, 0, 0, 0, 0, 0, 0, 0, 2, 0, 0, 0, 0, 0, 0, 0, 2, 2, 2, 3, 2, 0, 1, 1, 4, 2, 5, 1, 6, 2, 4, 2, 2, 939, 0, 1, 0, 0, 1, 0]","[[0 1 0 0]
 [0 0 0 1]]",0.6504248650581199,-1,0
4618,"[0, 3, 0, 0, 3, 1, 0, 2, 0, 1, 0, 2, 0, 0, 0, 0, 0, 1, 0, 0, 2, 0, 0, 0, 0, 0, 0, 0, 0, 0, 0, 0, 1, 1, 2, 2, 0, 0, 2, 0, 0, 1, 1, 0, 2, 2, 0, 1, 0, 0, 0, 0, 0, 0, 0, 2, 0, 0, 0, 0, 0, 0, 0, 2, 2, 2, 3, 2, 0, 1, 1, 4, 2, 5, 1, 6, 2, 4, 2, 2, 939, 0, 0, 0, 0, 0, 0]",1,-35.246397817750086,-1,1
4619,"[0, 3, 0, 0, 3, 1, 0, 2, 0, 1, 0, 2, 0, 0, 0, 0, 0, 1, 0, 0, 2, 0, 0, 0, 0, 0, 0, 0, 0, 0, 0, 0, 1, 1, 2, 2, 0, 0, 2, 0, 0, 1, 1, 0, 2, 2, 0, 1, 0, 0, 0, 0, 0, 0, 0, 2, 0, 0, 0, 0, 0, 0, 0, 2, 2, 2, 3, 2, 0, 1, 1, 4, 2, 5, 1, 6, 2, 4, 2, 2, 940, 0, 0, 0, 0, 0, 0]",4,12.215279391527632,-1,0
4620,"[0, 3, 0, 0, 3, 1, 0, 2, 0, 1, 0, 2, 0, 0, 0, 0, 0, 1, 0, 0, 2, 0, 0, 0, 0, 0, 0, 0, 0, 0, 0, 0, 1, 1, 2, 2, 0, 0, 2, 0, 0, 1, 1, 0, 2, 2, 0, 1, 0, 0, 0, 0, 0, 0, 0, 2, 0, 0, 0, 0, 0, 0, 0, 2, 2, 2, 3, 2, 0, 1, 1, 4, 2, 5, 1, 6, 2, 4, 2, 2, 940, 0, 1, 0, 0, 0, 0]",2,0.4000000000000279,-1,1
4621,"[0, 3, 0, 0, 3, 1, 0, 2, 0, 1, 0, 2, 0, 0, 0, 0, 0, 1, 0, 0, 2, 0, 0, 0, 0, 0, 0, 0, 0, 0, 0, 0, 1, 1, 2, 2, 0, 0, 2, 0, 0, 1, 1, 0, 2, 2, 0, 1, 0, 0, 0, 0, 0, 0, 0, 2, 0, 0, 0, 0, 0, 0, 0, 2, 2, 2, 3, 2, 0, 1, 1, 4, 2, 5, 1, 6, 2, 4, 2, 2, 940, 0, 1, 0, 0, 1, 0]","[[1 0 0 0]
 [0 1 0 0]]",0.6504248650581188,-1,1
4622,"[0, 3, 0, 0, 3, 1, 0, 2, 0, 1, 0, 2, 0, 0, 0, 0, 0, 1, 0, 0, 2, 0, 0, 0, 0, 0, 0, 0, 0, 0, 0, 0, 1, 1, 2, 2, 0, 0, 2, 0, 0, 1, 1, 0, 2, 2, 0, 1, 0, 0, 0, 0, 0, 0, 0, 2, 0, 0, 0, 0, 0, 0, 0, 2, 2, 2, 3, 2, 0, 1, 1, 4, 2, 5, 1, 6, 2, 4, 2, 2, 940, 0, 0, 0, 0, 0, 0]",1,-0.1999999999999721,-1,0
4623,"[0, 3, 0, 1, 3, 1, 0, 3, 0, 1, 0, 2, 0, 0, 0, 0, 0, 1, 0, 0, 2, 0, 0, 0, 0, 0, 0, 0, 0, 0, 0, 0, 1, 1, 2, 2, 0, 0, 2, 0, 0, 1, 1, 0, 2, 2, 0, 1, 0, 0, 0, 0, 0, 0, 0, 2, 0, 0, 0, 0, 0, 0, 0, 2, 2, 2, 3, 2, 0, 1, 1, 4, 2, 5, 1, 6, 2, 4, 2, 2, 941, 0, 0, 0, 0, 0, 0]",4,14.08696684310074,-1,1
4624,"[0, 3, 0, 1, 3, 1, 0, 3, 0, 1, 0, 2, 0, 0, 0, 0, 0, 1, 0, 0, 2, 0, 0, 0, 0, 0, 0, 0, 0, 0, 0, 0, 1, 1, 2, 2, 0, 0, 2, 0, 0, 1, 1, 0, 2, 2, 0, 1, 0, 0, 0, 0, 0, 0, 0, 2, 0, 0, 0, 0, 0, 0, 0, 2, 2, 2, 3, 2, 0, 1, 1, 4, 2, 5, 1, 6, 2, 4, 2, 2, 942, 0, 0, 0, 0, 0, 0]",4,12.4934827473678,-1,0
4625,"[0, 3, 0, 1, 3, 1, 0, 3, 0, 1, 0, 2, 0, 0, 0, 0, 0, 1, 0, 0, 2, 0, 0, 0, 0, 0, 0, 0, 0, 0, 0, 0, 1, 1, 2, 2, 0, 0, 2, 0, 0, 1, 1, 0, 2, 2, 0, 1, 0, 0, 0, 0, 0, 0, 0, 2, 0, 0, 0, 0, 0, 0, 0, 2, 2, 2, 3, 2, 0, 1, 1, 4, 2, 5, 1, 6, 2, 4, 2, 2, 943, 0, 0, 0, 0, 0, 0]",4,14.086966679296113,-1,1
4626,"[0, 3, 0, 1, 3, 1, 0, 3, 0, 1, 0, 2, 0, 0, 0, 0, 0, 1, 0, 0, 2, 0, 0, 0, 0, 0, 0, 0, 0, 0, 0, 0, 1, 1, 2, 2, 0, 0, 2, 0, 0, 1, 1, 0, 2, 2, 0, 1, 0, 0, 0, 0, 0, 0, 0, 2, 0, 0, 0, 0, 0, 0, 0, 2, 2, 2, 3, 2, 0, 1, 1, 4, 2, 5, 1, 6, 2, 4, 2, 2, 943, 1, 0, 0, 0, 0, 0]",3,0.2000000000000248,-1,0
4627,"[0, 3, 0, 1, 3, 1, 0, 3, 0, 1, 0, 2, 0, 0, 0, 0, 0, 1, 0, 0, 2, 0, 0, 0, 0, 0, 0, 0, 0, 0, 0, 0, 1, 1, 2, 2, 0, 0, 2, 0, 0, 1, 1, 0, 2, 2, 0, 1, 0, 0, 0, 0, 0, 0, 0, 2, 0, 0, 0, 0, 0, 0, 0, 2, 2, 2, 3, 2, 0, 1, 1, 4, 2, 5, 1, 6, 2, 4, 2, 2, 943, 0, 0, 0, 0, 0, 0]",-1,-4.01395999682039e-06,-1,0
4628,"[0, 3, 0, 2, 3, 1, 0, 4, 0, 1, 0, 2, 0, 0, 0, 0, 0, 1, 0, 0, 2, 0, 0, 0, 0, 0, 0, 0, 0, 0, 0, 0, 1, 1, 2, 2, 0, 0, 2, 0, 0, 1, 1, 0, 2, 2, 0, 1, 0, 0, 0, 0, 0, 0, 0, 2, 0, 0, 0, 0, 0, 0, 0, 2, 2, 2, 3, 2, 0, 1, 1, 4, 2, 5, 1, 6, 2, 4, 2, 2, 944, 0, 0, 0, 0, 0, 0]",4,14.02082843909892,-1,1
4629,"[0, 3, 0, 2, 3, 1, 0, 4, 0, 1, 0, 2, 0, 0, 0, 0, 0, 1, 0, 0, 2, 0, 0, 0, 0, 0, 0, 0, 0, 0, 0, 0, 1, 1, 2, 2, 0, 0, 2, 0, 0, 1, 1, 0, 2, 2, 0, 1, 0, 0, 0, 0, 0, 0, 0, 2, 0, 0, 0, 0, 0, 0, 0, 2, 2, 2, 3, 2, 0, 1, 1, 4, 2, 5, 1, 6, 2, 4, 2, 2, 944, 1, 0, 0, 0, 0, 0]",3,0.20000000000002383,-1,0
4630,"[0, 3, 0, 2, 3, 1, 0, 4, 0, 1, 0, 2, 0, 0, 0, 0, 0, 1, 0, 0, 2, 0, 0, 0, 0, 0, 0, 0, 0, 0, 0, 0, 1, 1, 2, 2, 0, 0, 2, 0, 0, 1, 1, 0, 2, 2, 0, 1, 0, 0, 0, 0, 0, 0, 0, 2, 0, 0, 0, 0, 0, 0, 0, 2, 2, 2, 3, 2, 0, 1, 1, 4, 2, 5, 1, 6, 2, 4, 2, 2, 944, 0, 0, 0, 0, 0, 0]",-1,-3.974020427527839e-06,-1,0
4631,"[0, 3, 0, 2, 3, 1, 0, 4, 0, 1, 0, 2, 0, 0, 0, 0, 0, 1, 0, 0, 2, 0, 0, 0, 0, 0, 0, 0, 0, 0, 0, 0, 1, 1, 2, 2, 0, 0, 2, 0, 0, 1, 1, 0, 2, 2, 0, 1, 0, 0, 0, 0, 0, 0, 0, 2, 0, 0, 0, 0, 0, 0, 0, 2, 2, 2, 3, 2, 0, 1, 1, 4, 2, 5, 1, 6, 2, 4, 2, 2, 944, 1, 0, 0, 0, 0, 0]",3,0.20000000000002383,-1,0
4632,"[0, 3, 0, 2, 3, 1, 0, 4, 0, 1, 0, 2, 0, 0, 0, 0, 0, 1, 0, 0, 2, 0, 0, 0, 0, 0, 0, 0, 0, 0, 0, 0, 1, 1, 2, 2, 0, 0, 2, 0, 0, 1, 1, 0, 2, 2, 0, 1, 0, 0, 0, 0, 0, 0, 0, 2, 0, 0, 0, 0, 0, 0, 0, 2, 2, 2, 3, 2, 0, 1, 1, 4, 2, 5, 1, 6, 2, 4, 2, 2, 944, 0, 0, 0, 0, 0, 0]",-1,-3.974020427527839e-06,-1,0
4633,"[0, 3, 0, 2, 3, 1, 0, 4, 0, 1, 0, 2, 0, 0, 0, 0, 0, 1, 0, 0, 2, 0, 0, 0, 0, 0, 0, 0, 0, 0, 0, 0, 1, 1, 2, 2, 0, 0, 2, 0, 0, 1, 1, 0, 2, 2, 0, 1, 0, 0, 0, 0, 0, 0, 0, 2, 0, 0, 0, 0, 0, 0, 0, 2, 2, 2, 3, 2, 0, 1, 1, 4, 2, 5, 1, 6, 2, 4, 2, 2, 945, 0, 0, 0, 0, 0, 0]",4,12.53092590544054,-1,0
4634,"[0, 3, 0, 2, 3, 1, 0, 4, 0, 1, 0, 2, 0, 0, 0, 0, 0, 1, 0, 0, 2, 0, 0, 0, 0, 0, 0, 0, 0, 0, 0, 0, 1, 1, 2, 2, 0, 0, 2, 0, 0, 1, 1, 0, 2, 2, 0, 1, 0, 0, 0, 0, 0, 0, 0, 2, 0, 0, 0, 0, 0, 0, 0, 2, 2, 2, 3, 2, 0, 1, 1, 4, 2, 5, 1, 6, 2, 4, 2, 2, 945, 0, 1, 0, 0, 0, 0]",2,0.40000000000002284,-1,1
4635,"[0, 3, 0, 2, 3, 1, 0, 4, 0, 1, 0, 2, 0, 0, 0, 0, 0, 1, 0, 0, 2, 0, 0, 0, 0, 0, 0, 0, 0, 0, 0, 0, 1, 1, 2, 2, 0, 0, 2, 0, 0, 1, 1, 0, 2, 2, 0, 1, 0, 0, 0, 0, 0, 0, 0, 2, 0, 0, 0, 0, 0, 0, 0, 2, 2, 2, 3, 2, 0, 1, 1, 4, 2, 5, 1, 6, 2, 4, 2, 2, 945, 0, 1, 0, 0, 1, 0]","[[1 0 0 0]
 [0 1 0 0]]",0.6504248650581137,-1,1
4636,"[1, 2, 0, 2, 2, 2, 0, 4, 0, 1, 0, 2, 0, 0, 0, 0, 0, 1, 0, 0, 2, 0, 0, 0, 0, 0, 0, 0, 0, 0, 0, 0, 1, 1, 2, 2, 0, 0, 2, 0, 0, 1, 1, 0, 2, 2, 0, 1, 0, 0, 0, 0, 0, 0, 0, 2, 0, 0, 0, 0, 0, 0, 0, 2, 2, 2, 3, 2, 0, 1, 1, 4, 2, 5, 1, 6, 2, 4, 2, 2, 945, 0, 0, 0, 0, 0, 0]",0,-0.19999999999997714,-1,0
4637,"[1, 2, 0, 2, 2, 2, 0, 4, 0, 1, 0, 2, 0, 0, 0, 0, 0, 1, 0, 0, 2, 0, 0, 0, 0, 0, 0, 0, 0, 0, 0, 0, 1, 1, 2, 2, 0, 0, 2, 0, 0, 1, 1, 0, 2, 2, 0, 1, 0, 0, 0, 0, 0, 0, 0, 2, 0, 0, 0, 0, 0, 0, 0, 2, 2, 2, 3, 2, 0, 1, 1, 4, 2, 5, 1, 6, 2, 4, 2, 2, 946, 0, 0, 0, 0, 0, 0]",4,14.157464065531387,-1,1
4638,"[1, 2, 0, 2, 2, 2, 0, 4, 0, 1, 0, 2, 0, 0, 0, 0, 0, 1, 0, 0, 2, 0, 0, 0, 0, 0, 0, 0, 0, 0, 0, 0, 1, 1, 2, 2, 0, 0, 2, 0, 0, 1, 1, 0, 2, 2, 0, 1, 0, 0, 0, 0, 0, 0, 0, 2, 0, 0, 0, 0, 0, 0, 0, 2, 2, 2, 3, 2, 0, 1, 1, 4, 2, 5, 1, 6, 2, 4, 2, 2, 946, 0, 0, 0, 0, 0, 0]",0,0.29497474683060526,-1,0
4639,"[1, 2, 0, 2, 2, 2, 0, 4, 0, 1, 0, 2, 0, 0, 0, 0, 0, 1, 0, 0, 2, 0, 0, 0, 0, 0, 0, 0, 0, 0, 0, 0, 1, 1, 2, 2, 0, 0, 2, 0, 0, 1, 1, 0, 2, 2, 0, 1, 0, 0, 0, 0, 0, 0, 0, 2, 0, 0, 0, 0, 0, 0, 0, 2, 2, 2, 3, 2, 0, 1, 1, 4, 2, 5, 1, 6, 2, 4, 2, 2, 946, 0, 0, 0, 0, 0, 0]",-1,-3.895329550756727e-06,-1,0
4640,"[1, 2, 0, 2, 2, 2, 0, 4, 0, 1, 0, 2, 0, 0, 0, 0, 0, 1, 0, 0, 2, 0, 0, 0, 0, 0, 0, 0, 0, 0, 0, 0, 1, 1, 2, 2, 0, 0, 2, 0, 0, 1, 1, 0, 2, 2, 0, 1, 0, 0, 0, 0, 0, 0, 0, 2, 0, 0, 0, 0, 0, 0, 0, 2, 2, 2, 3, 2, 0, 1, 1, 4, 2, 5, 1, 6, 2, 4, 2, 2, 947, 0, 0, 0, 0, 0, 0]",4,14.15746398723396,-1,1
4641,"[1, 2, 0, 2, 2, 2, 0, 4, 0, 1, 0, 2, 0, 0, 0, 0, 0, 1, 0, 0, 2, 0, 0, 0, 0, 0, 0, 0, 0, 0, 0, 0, 1, 1, 2, 2, 0, 0, 2, 0, 0, 1, 1, 0, 2, 2, 0, 1, 0, 0, 0, 0, 0, 0, 0, 2, 0, 0, 0, 0, 0, 0, 0, 2, 2, 2, 3, 2, 0, 1, 1, 4, 2, 5, 1, 6, 2, 4, 2, 2, 947, 0, 0, 0, 0, 0, 0]",0,0.2949747468306044,-1,0
4642,"[1, 2, 0, 2, 2, 2, 0, 4, 0, 1, 0, 2, 0, 0, 0, 0, 0, 1, 0, 0, 2, 0, 0, 0, 0, 0, 0, 0, 0, 0, 0, 0, 1, 1, 2, 2, 0, 0, 2, 0, 0, 1, 1, 0, 2, 2, 0, 1, 0, 0, 0, 0, 0, 0, 0, 2, 0, 0, 0, 0, 0, 0, 0, 2, 2, 2, 3, 2, 0, 1, 1, 4, 2, 5, 1, 6, 2, 4, 2, 2, 947, 0, 0, 0, 0, 0, 0]",-1,-3.8565703741249195e-06,-1,0
4643,"[1, 2, 0, 2, 2, 2, 0, 4, 0, 1, 0, 2, 0, 0, 0, 0, 0, 1, 0, 0, 2, 0, 0, 0, 0, 0, 0, 0, 0, 0, 0, 0, 1, 1, 2, 2, 0, 0, 2, 0, 0, 1, 1, 0, 2, 2, 0, 1, 0, 0, 0, 0, 0, 0, 0, 2, 0, 0, 0, 0, 0, 0, 0, 2, 2, 2, 3, 2, 0, 1, 1, 4, 2, 5, 1, 6, 2, 4, 2, 2, 947, 0, 0, 0, 0, 0, 0]",0,0.2949747468306044,-1,0
4644,"[1, 2, 0, 2, 2, 2, 0, 4, 0, 1, 0, 2, 0, 0, 0, 0, 0, 1, 0, 0, 2, 0, 0, 0, 0, 0, 0, 0, 0, 0, 0, 0, 1, 1, 2, 2, 0, 0, 2, 0, 0, 1, 1, 0, 2, 2, 0, 1, 0, 0, 0, 0, 0, 0, 0, 2, 0, 0, 0, 0, 0, 0, 0, 2, 2, 2, 3, 2, 0, 1, 1, 4, 2, 5, 1, 6, 2, 4, 2, 2, 947, 0, 0, 0, 0, 0, 0]",-1,-3.8565703741249195e-06,-1,0
4645,"[1, 2, 0, 2, 2, 2, 0, 4, 0, 1, 0, 2, 0, 0, 0, 0, 0, 1, 0, 0, 2, 0, 0, 0, 0, 0, 0, 0, 0, 0, 0, 0, 1, 1, 2, 2, 0, 0, 2, 0, 0, 1, 1, 0, 2, 2, 0, 1, 0, 0, 0, 0, 0, 0, 0, 2, 0, 0, 0, 0, 0, 0, 0, 2, 2, 2, 3, 2, 0, 1, 1, 4, 2, 5, 1, 6, 2, 4, 2, 2, 947, 0, 0, 0, 0, 0, 0]",0,0.2949747468306044,-1,0
4646,"[1, 2, 0, 2, 2, 2, 0, 4, 0, 1, 0, 2, 0, 0, 0, 0, 0, 1, 0, 0, 2, 0, 0, 0, 0, 0, 0, 0, 0, 0, 0, 0, 1, 1, 2, 2, 0, 0, 2, 0, 0, 1, 1, 0, 2, 2, 0, 1, 0, 0, 0, 0, 0, 0, 0, 2, 0, 0, 0, 0, 0, 0, 0, 2, 2, 2, 3, 2, 0, 1, 1, 4, 2, 5, 1, 6, 2, 4, 2, 2, 947, 0, 0, 0, 0, 0, 0]",-1,-3.8565703741249195e-06,-1,0
4647,"[1, 2, 0, 2, 2, 2, 0, 4, 0, 1, 0, 2, 0, 0, 0, 0, 0, 1, 0, 0, 2, 0, 0, 0, 0, 0, 0, 0, 0, 0, 0, 0, 1, 1, 2, 2, 0, 0, 2, 0, 0, 1, 1, 0, 2, 2, 0, 1, 0, 0, 0, 0, 0, 0, 0, 2, 0, 0, 0, 0, 0, 0, 0, 2, 2, 2, 3, 2, 0, 1, 1, 4, 2, 5, 1, 6, 2, 4, 2, 2, 947, 0, 0, 0, 0, 0, 0]",0,0.2949747468306044,-1,0
4648,"[1, 2, 0, 2, 2, 2, 0, 4, 0, 1, 0, 2, 0, 0, 0, 0, 0, 1, 0, 0, 2, 0, 0, 0, 0, 0, 0, 0, 0, 0, 0, 0, 1, 1, 2, 2, 0, 0, 2, 0, 0, 1, 1, 0, 2, 2, 0, 1, 0, 0, 0, 0, 0, 0, 0, 2, 0, 0, 0, 0, 0, 0, 0, 2, 2, 2, 3, 2, 0, 1, 1, 4, 2, 5, 1, 6, 2, 4, 2, 2, 947, 0, 0, 0, 0, 0, 0]",-1,-3.8565703741249195e-06,-1,0
4649,"[1, 2, 0, 2, 2, 2, 0, 4, 0, 1, 0, 2, 0, 0, 0, 0, 0, 1, 0, 0, 2, 0, 0, 0, 0, 0, 0, 0, 0, 0, 0, 0, 1, 1, 2, 2, 0, 0, 2, 0, 0, 1, 1, 0, 2, 2, 0, 1, 0, 0, 0, 0, 0, 0, 0, 2, 0, 0, 0, 0, 0, 0, 0, 2, 2, 2, 3, 2, 0, 1, 1, 4, 2, 5, 1, 6, 2, 4, 2, 2, 947, 0, 0, 0, 0, 0, 0]",0,0.2949747468306044,-1,0
4650,"[1, 2, 0, 2, 2, 2, 0, 4, 0, 1, 0, 2, 0, 0, 0, 0, 0, 1, 0, 0, 2, 0, 0, 0, 0, 0, 0, 0, 0, 0, 0, 0, 1, 1, 2, 2, 0, 0, 2, 0, 0, 1, 1, 0, 2, 2, 0, 1, 0, 0, 0, 0, 0, 0, 0, 2, 0, 0, 0, 0, 0, 0, 0, 2, 2, 2, 3, 2, 0, 1, 1, 4, 2, 5, 1, 6, 2, 4, 2, 2, 947, 0, 0, 0, 0, 0, 0]",-1,-3.8565703741249195e-06,-1,0
4651,"[1, 2, 0, 2, 2, 2, 0, 4, 0, 1, 0, 2, 0, 0, 0, 0, 0, 1, 0, 0, 2, 0, 0, 0, 0, 0, 0, 0, 0, 0, 0, 0, 1, 1, 2, 2, 0, 0, 2, 0, 0, 1, 1, 0, 2, 2, 0, 1, 0, 0, 0, 0, 0, 0, 0, 2, 0, 0, 0, 0, 0, 0, 0, 2, 2, 2, 3, 2, 0, 1, 1, 4, 2, 5, 1, 6, 2, 4, 2, 2, 947, 0, 0, 0, 0, 0, 0]",0,0.2949747468306044,-1,0
4652,"[1, 2, 0, 2, 2, 2, 0, 4, 0, 1, 0, 2, 0, 0, 0, 0, 0, 1, 0, 0, 2, 0, 0, 0, 0, 0, 0, 0, 0, 0, 0, 0, 1, 1, 2, 2, 0, 0, 2, 0, 0, 1, 1, 0, 2, 2, 0, 1, 0, 0, 0, 0, 0, 0, 0, 2, 0, 0, 0, 0, 0, 0, 0, 2, 2, 2, 3, 2, 0, 1, 1, 4, 2, 5, 1, 6, 2, 4, 2, 2, 947, 0, 0, 0, 0, 0, 0]",-1,-3.8565703741249195e-06,-1,0
4653,"[1, 2, 0, 2, 2, 2, 0, 4, 0, 1, 0, 2, 0, 0, 0, 0, 0, 1, 0, 0, 2, 0, 0, 0, 0, 0, 0, 0, 0, 0, 0, 0, 1, 1, 2, 2, 0, 0, 2, 0, 0, 1, 1, 0, 2, 2, 0, 1, 0, 0, 0, 0, 0, 0, 0, 2, 0, 0, 0, 0, 0, 0, 0, 2, 2, 2, 3, 2, 0, 1, 1, 4, 2, 5, 1, 6, 2, 4, 2, 2, 947, 0, 0, 0, 0, 0, 0]",0,0.2949747468306044,-1,0
4654,"[1, 2, 0, 2, 2, 2, 0, 4, 0, 1, 0, 2, 0, 0, 0, 0, 0, 1, 0, 0, 2, 0, 0, 0, 0, 0, 0, 0, 0, 0, 0, 0, 1, 1, 2, 2, 0, 0, 2, 0, 0, 1, 1, 0, 2, 2, 0, 1, 0, 0, 0, 0, 0, 0, 0, 2, 0, 0, 0, 0, 0, 0, 0, 2, 2, 2, 3, 2, 0, 1, 1, 4, 2, 5, 1, 6, 2, 4, 2, 2, 947, 0, 0, 0, 0, 0, 0]",-1,-3.8565703741249195e-06,-1,0
4655,"[1, 2, 0, 2, 2, 2, 0, 4, 0, 1, 0, 2, 0, 0, 0, 0, 0, 1, 0, 0, 2, 0, 0, 0, 0, 0, 0, 0, 0, 0, 0, 0, 1, 1, 2, 2, 0, 0, 2, 0, 0, 1, 1, 0, 2, 2, 0, 1, 0, 0, 0, 0, 0, 0, 0, 2, 0, 0, 0, 0, 0, 0, 0, 2, 2, 2, 3, 2, 0, 1, 1, 4, 2, 5, 1, 6, 2, 4, 2, 2, 947, 1, 0, 0, 0, 0, 0]",3,0.2000000000000211,-1,0
4656,"[1, 2, 0, 2, 2, 2, 0, 4, 0, 1, 0, 2, 0, 0, 0, 0, 0, 1, 0, 0, 2, 0, 0, 0, 0, 0, 0, 0, 0, 0, 0, 0, 1, 1, 2, 2, 0, 0, 2, 0, 0, 1, 1, 0, 2, 2, 0, 1, 0, 0, 0, 0, 0, 0, 0, 2, 0, 0, 0, 0, 0, 0, 0, 2, 2, 2, 3, 2, 0, 1, 1, 4, 2, 5, 1, 6, 2, 4, 2, 2, 947, 0, 0, 0, 0, 0, 0]",-1,-3.8565703741249195e-06,-1,0
4657,"[1, 2, 0, 2, 2, 2, 0, 4, 0, 1, 0, 2, 0, 0, 0, 0, 0, 1, 0, 0, 2, 0, 0, 0, 0, 0, 0, 0, 0, 0, 0, 0, 1, 1, 2, 2, 0, 0, 2, 0, 0, 1, 1, 0, 2, 2, 0, 1, 0, 0, 0, 0, 0, 0, 0, 2, 0, 0, 0, 0, 0, 0, 0, 2, 2, 2, 3, 2, 0, 1, 1, 4, 2, 5, 1, 6, 2, 4, 2, 2, 947, 0, 1, 0, 0, 0, 0]",2,0.40000000000002106,-1,0
4658,"[1, 2, 0, 2, 2, 2, 0, 4, 0, 1, 0, 2, 0, 0, 0, 0, 0, 1, 0, 0, 2, 0, 0, 0, 0, 0, 0, 0, 0, 0, 0, 0, 1, 1, 2, 2, 0, 0, 2, 0, 0, 1, 1, 0, 2, 2, 0, 1, 0, 0, 0, 0, 0, 0, 0, 2, 0, 0, 0, 0, 0, 0, 0, 2, 2, 2, 3, 2, 0, 1, 1, 4, 2, 5, 1, 6, 2, 4, 2, 2, 947, 0, 0, 0, 0, 0, 0]",-1,-3.8565703741249195e-06,-1,0
4659,"[1, 2, 0, 2, 2, 2, 0, 4, 0, 1, 0, 2, 0, 0, 0, 0, 0, 1, 0, 0, 2, 0, 0, 0, 0, 0, 0, 0, 0, 0, 0, 0, 1, 1, 2, 2, 0, 0, 2, 0, 0, 1, 1, 0, 2, 2, 0, 1, 0, 0, 0, 0, 0, 0, 0, 2, 0, 0, 0, 0, 0, 0, 0, 2, 2, 2, 3, 2, 0, 1, 1, 4, 2, 5, 1, 6, 2, 4, 2, 2, 947, 0, 0, 0, 0, 0, 0]",1,0.6096241150996378,-1,0
4660,"[1, 2, 0, 2, 2, 2, 0, 4, 0, 1, 0, 2, 0, 0, 0, 0, 0, 1, 0, 0, 2, 0, 0, 0, 0, 0, 0, 0, 0, 0, 0, 0, 1, 1, 2, 2, 0, 0, 2, 0, 0, 1, 1, 0, 2, 2, 0, 1, 0, 0, 0, 0, 0, 0, 0, 2, 0, 0, 0, 0, 0, 0, 0, 2, 2, 2, 3, 2, 0, 1, 1, 4, 2, 5, 1, 6, 2, 4, 2, 2, 947, 0, 0, 0, 0, 0, 0]",-1,-3.8565703741249195e-06,-1,0
4661,"[1, 2, 0, 2, 2, 2, 0, 4, 0, 1, 0, 2, 0, 0, 0, 0, 0, 1, 0, 0, 2, 0, 0, 0, 0, 0, 0, 0, 0, 0, 0, 0, 1, 1, 2, 2, 0, 0, 2, 0, 0, 1, 1, 0, 2, 2, 0, 1, 0, 0, 0, 0, 0, 0, 0, 2, 0, 0, 0, 0, 0, 0, 0, 2, 2, 2, 3, 2, 0, 1, 1, 4, 2, 5, 1, 6, 2, 4, 2, 2, 947, 0, 1, 0, 0, 0, 0]",2,0.40000000000002106,-1,0
4662,"[1, 2, 0, 2, 2, 2, 0, 4, 0, 1, 0, 2, 0, 0, 0, 0, 0, 1, 0, 0, 2, 0, 0, 0, 0, 0, 0, 0, 0, 0, 0, 0, 1, 1, 2, 2, 0, 0, 2, 0, 0, 1, 1, 0, 2, 2, 0, 1, 0, 0, 0, 0, 0, 0, 0, 2, 0, 0, 0, 0, 0, 0, 0, 2, 2, 2, 3, 2, 0, 1, 1, 4, 2, 5, 1, 6, 2, 4, 2, 2, 947, 0, 0, 0, 0, 0, 0]",-1,-3.8565703741249195e-06,-1,0
4663,"[1, 2, 0, 2, 2, 2, 0, 4, 0, 1, 0, 2, 0, 0, 0, 0, 0, 1, 0, 0, 2, 0, 0, 0, 0, 0, 0, 0, 0, 0, 0, 0, 1, 1, 2, 2, 0, 0, 2, 0, 0, 1, 1, 0, 2, 2, 0, 1, 0, 0, 0, 0, 0, 0, 0, 2, 0, 0, 0, 0, 0, 0, 0, 2, 2, 2, 3, 2, 0, 1, 1, 4, 2, 5, 1, 6, 2, 4, 2, 2, 948, 0, 0, 0, 0, 0, 0]",4,12.872449217075484,-1,0
4664,"[1, 2, 0, 2, 2, 2, 0, 4, 0, 1, 0, 2, 0, 0, 0, 0, 0, 1, 0, 0, 2, 0, 0, 0, 0, 0, 0, 0, 0, 0, 0, 0, 1, 1, 2, 2, 0, 0, 2, 0, 0, 1, 1, 0, 2, 2, 0, 1, 0, 0, 0, 0, 0, 0, 0, 2, 0, 0, 0, 0, 0, 0, 0, 2, 2, 2, 3, 2, 0, 1, 1, 4, 2, 5, 1, 6, 2, 4, 2, 2, 949, 0, 0, 0, 0, 0, 0]",4,14.157463832968574,-1,1
4665,"[1, 2, 0, 2, 2, 2, 0, 4, 0, 1, 0, 2, 0, 0, 0, 0, 0, 1, 0, 0, 2, 0, 0, 0, 0, 0, 0, 0, 0, 0, 0, 0, 1, 1, 2, 2, 0, 0, 2, 0, 0, 1, 1, 0, 2, 2, 0, 1, 0, 0, 0, 0, 0, 0, 0, 2, 0, 0, 0, 0, 0, 0, 0, 2, 2, 2, 3, 2, 0, 1, 1, 4, 2, 5, 1, 6, 2, 4, 2, 2, 949, 0, 1, 0, 0, 0, 0]",2,0.40000000000001945,-1,0
4666,"[1, 2, 0, 2, 2, 2, 0, 4, 0, 1, 0, 2, 0, 0, 0, 0, 0, 1, 0, 0, 2, 0, 0, 0, 0, 0, 0, 0, 0, 0, 0, 0, 1, 1, 2, 2, 0, 0, 2, 0, 0, 1, 1, 0, 2, 2, 0, 1, 0, 0, 0, 0, 0, 0, 0, 2, 0, 0, 0, 0, 0, 0, 0, 2, 2, 2, 3, 2, 0, 1, 1, 4, 2, 5, 1, 6, 2, 4, 2, 2, 949, 0, 0, 0, 0, 0, 0]",-1,-3.7802051642313848e-06,-1,0
4667,"[1, 2, 0, 2, 2, 2, 0, 4, 0, 1, 0, 2, 0, 0, 0, 0, 0, 1, 0, 0, 2, 0, 0, 0, 0, 0, 0, 0, 0, 0, 0, 0, 1, 1, 2, 2, 0, 0, 2, 0, 0, 1, 1, 0, 2, 2, 0, 1, 0, 0, 0, 0, 0, 0, 0, 2, 0, 0, 0, 0, 0, 0, 0, 2, 2, 2, 3, 2, 0, 1, 1, 4, 2, 5, 1, 6, 2, 4, 2, 2, 949, 1, 0, 0, 0, 0, 0]",3,0.2000000000000195,-1,0
4668,"[1, 2, 0, 2, 2, 2, 0, 4, 0, 1, 0, 2, 0, 0, 0, 0, 0, 1, 0, 0, 2, 0, 0, 0, 0, 0, 0, 0, 0, 0, 0, 0, 1, 1, 2, 2, 0, 0, 2, 0, 0, 1, 1, 0, 2, 2, 0, 1, 0, 0, 0, 0, 0, 0, 0, 2, 0, 0, 0, 0, 0, 0, 0, 2, 2, 2, 3, 2, 0, 1, 1, 4, 2, 5, 1, 6, 2, 4, 2, 2, 949, 0, 0, 0, 0, 0, 0]",-1,-3.7802051642313848e-06,-1,0
4669,"[1, 1, 0, 1, 1, 1, 0, 2, 0, 1, 0, 2, 0, 0, 0, 0, 0, 1, 0, 0, 2, 0, 0, 0, 0, 0, 0, 0, 0, 0, 0, 0, 1, 1, 2, 2, 0, 0, 2, 0, 0, 1, 1, 0, 2, 2, 0, 1, 0, 0, 0, 0, 0, 0, 0, 2, 0, 0, 0, 0, 0, 0, 0, 2, 2, 2, 3, 2, 0, 1, 1, 4, 2, 5, 1, 6, 2, 4, 2, 5, 950, 0, 0, 0, 0, 0, 0]",4,13.133400844420471,-1,0
4670,"[1, 1, 0, 1, 1, 1, 0, 2, 0, 1, 0, 2, 0, 0, 0, 0, 0, 1, 0, 0, 2, 0, 0, 0, 0, 0, 0, 0, 0, 0, 0, 0, 1, 1, 2, 2, 0, 0, 2, 0, 0, 1, 1, 0, 2, 2, 0, 1, 0, 0, 0, 0, 0, 0, 0, 2, 0, 0, 0, 0, 0, 0, 0, 2, 2, 2, 3, 2, 0, 1, 1, 4, 2, 5, 1, 6, 2, 4, 2, 5, 950, 0, 1, 0, 0, 0, 0]",2,0.4000000000000187,-1,1
4671,"[1, 1, 0, 1, 1, 1, 0, 2, 0, 1, 0, 2, 0, 0, 0, 0, 0, 1, 0, 0, 2, 0, 0, 0, 0, 0, 0, 0, 0, 0, 0, 0, 1, 1, 2, 2, 0, 0, 2, 0, 0, 1, 1, 0, 2, 2, 0, 1, 0, 0, 0, 0, 0, 0, 0, 2, 0, 0, 0, 0, 0, 0, 0, 2, 2, 2, 3, 2, 0, 1, 1, 4, 2, 5, 1, 6, 2, 4, 2, 5, 950, 0, 1, 0, 0, 1, 0]","[[1 0 0 0]
 [0 1 0 0]]",0.6504248650581096,-1,1
4672,"[2, 0, 0, 1, 0, 2, 0, 2, 0, 1, 0, 2, 0, 0, 0, 0, 0, 1, 0, 0, 2, 0, 0, 0, 0, 0, 0, 0, 0, 0, 0, 0, 1, 1, 2, 2, 0, 0, 2, 0, 0, 1, 1, 0, 2, 2, 0, 1, 0, 0, 0, 0, 0, 0, 0, 2, 0, 0, 0, 0, 0, 0, 0, 2, 2, 2, 3, 2, 0, 1, 1, 4, 2, 5, 1, 6, 2, 4, 2, 5, 950, 0, 0, 0, 0, 0, 0]",0,-0.1999999999999813,-1,0
4673,"[2, 0, 0, 1, 0, 2, 0, 2, 0, 1, 0, 2, 0, 0, 0, 0, 0, 1, 0, 0, 2, 0, 0, 0, 0, 0, 0, 0, 0, 0, 0, 0, 1, 1, 2, 2, 0, 0, 2, 0, 0, 1, 1, 0, 2, 2, 0, 1, 0, 0, 0, 0, 0, 0, 0, 2, 0, 0, 0, 0, 0, 0, 0, 2, 2, 2, 3, 2, 0, 1, 1, 4, 2, 5, 1, 6, 2, 4, 2, 5, 951, 0, 0, 0, 0, 0, 0]",4,14.016070154124186,-1,1
4674,"[2, 0, 0, 1, 0, 2, 0, 2, 0, 1, 0, 2, 0, 0, 0, 0, 0, 1, 0, 0, 2, 0, 0, 0, 0, 0, 0, 0, 0, 0, 0, 0, 1, 1, 2, 2, 0, 0, 2, 0, 0, 1, 1, 0, 2, 2, 0, 1, 0, 0, 0, 0, 0, 0, 0, 2, 0, 0, 0, 0, 0, 0, 0, 2, 2, 2, 3, 2, 0, 1, 1, 4, 2, 5, 1, 6, 2, 4, 2, 5, 951, 0, 0, 0, 0, 0, 0]",1,0.6096241150996347,-1,0
4675,"[2, 0, 0, 1, 0, 2, 0, 2, 0, 1, 0, 2, 0, 0, 0, 0, 0, 1, 0, 0, 2, 0, 0, 0, 0, 0, 0, 0, 0, 0, 0, 0, 1, 1, 2, 2, 0, 0, 2, 0, 0, 1, 1, 0, 2, 2, 0, 1, 0, 0, 0, 0, 0, 0, 0, 2, 0, 0, 0, 0, 0, 0, 0, 2, 2, 2, 3, 2, 0, 1, 1, 4, 2, 5, 1, 6, 2, 4, 2, 5, 951, 0, 0, 0, 0, 0, 0]",-1,-3.7053520868069503e-06,-1,0
4676,"[2, 0, 0, 1, 0, 2, 0, 2, 0, 1, 0, 2, 0, 0, 0, 0, 0, 1, 0, 0, 2, 0, 0, 0, 0, 0, 0, 0, 0, 0, 0, 0, 1, 1, 2, 2, 0, 0, 2, 0, 0, 1, 1, 0, 2, 2, 0, 1, 0, 0, 0, 0, 0, 0, 0, 2, 0, 0, 0, 0, 0, 0, 0, 2, 2, 2, 3, 2, 0, 1, 1, 4, 2, 5, 1, 6, 2, 4, 2, 5, 952, 0, 0, 0, 0, 0, 0]",4,14.016070079645369,-1,1
4677,"[2, 0, 0, 1, 0, 2, 0, 2, 0, 1, 0, 2, 0, 0, 0, 0, 0, 1, 0, 0, 2, 0, 0, 0, 0, 0, 0, 0, 0, 0, 0, 0, 1, 1, 2, 2, 0, 0, 2, 0, 0, 1, 1, 0, 2, 2, 0, 1, 0, 0, 0, 0, 0, 0, 0, 2, 0, 0, 0, 0, 0, 0, 0, 2, 2, 2, 3, 2, 0, 1, 1, 4, 2, 5, 1, 6, 2, 4, 2, 5, 952, 1, 0, 0, 0, 0, 0]",3,0.20000000000001728,-1,0
4678,"[0, 0, 0, 2, 0, 2, 0, 2, 0, 1, 0, 2, 0, 0, 0, 0, 0, 1, 0, 0, 2, 0, 0, 0, 0, 0, 0, 0, 0, 0, 0, 0, 1, 1, 2, 2, 0, 0, 2, 0, 0, 1, 1, 0, 2, 2, 0, 1, 0, 0, 0, 0, 0, 0, 0, 2, 0, 0, 0, 0, 0, 0, 0, 2, 2, 2, 3, 2, 0, 1, 1, 4, 2, 5, 1, 6, 2, 4, 2, 5, 952, 0, 0, 0, 0, 0, 0]","[[2 0 0 0]
 [0 0 0 1]]",-0.19854231808894168,-1,0
4679,"[0, 0, 0, 2, 0, 2, 0, 2, 0, 1, 0, 2, 0, 0, 0, 0, 0, 1, 0, 0, 2, 0, 0, 0, 0, 0, 0, 0, 0, 0, 0, 0, 1, 1, 2, 2, 0, 0, 2, 0, 0, 1, 1, 0, 2, 2, 0, 1, 0, 0, 0, 0, 0, 0, 0, 2, 0, 0, 0, 0, 0, 0, 0, 2, 2, 2, 3, 2, 0, 1, 1, 4, 2, 5, 1, 6, 2, 4, 2, 5, 952, 0, 1, 0, 0, 0, 0]",2,0.40000000000001723,-1,0
4680,"[0, 0, 0, 2, 0, 2, 0, 2, 0, 1, 0, 2, 0, 0, 0, 0, 0, 1, 0, 0, 2, 0, 0, 0, 0, 0, 0, 0, 0, 0, 0, 0, 1, 1, 2, 2, 0, 0, 2, 0, 0, 1, 1, 0, 2, 2, 0, 1, 0, 0, 0, 0, 0, 0, 0, 2, 0, 0, 0, 0, 0, 0, 0, 2, 2, 2, 3, 2, 0, 1, 1, 4, 2, 5, 1, 6, 2, 4, 2, 5, 952, 0, 1, 0, 0, 1, 0]","[[0 0 0 1]
 [0 1 0 0]]",0.6504248650581081,-1,0
4681,"[0, 0, 0, 2, 0, 2, 0, 2, 0, 1, 0, 2, 0, 0, 0, 0, 0, 1, 0, 0, 2, 0, 0, 0, 0, 0, 0, 0, 0, 0, 0, 0, 1, 1, 2, 2, 0, 0, 2, 0, 0, 1, 1, 0, 2, 2, 0, 1, 0, 0, 0, 0, 0, 0, 0, 2, 0, 0, 0, 0, 0, 0, 0, 2, 2, 2, 3, 2, 0, 1, 1, 4, 2, 5, 1, 6, 2, 4, 2, 5, 952, 0, 1, 0, 0, 0, 1]",2,-0.19999999999998275,-1,1
4682,"[0, 0, 0, 2, 0, 2, 0, 2, 0, 1, 0, 2, 0, 0, 0, 0, 0, 1, 0, 0, 2, 0, 0, 0, 0, 0, 0, 0, 0, 0, 0, 0, 1, 1, 2, 2, 0, 0, 2, 0, 0, 1, 1, 0, 2, 2, 0, 1, 0, 0, 0, 0, 0, 0, 0, 2, 0, 0, 0, 0, 0, 0, 0, 2, 2, 2, 3, 2, 0, 1, 1, 4, 2, 5, 1, 6, 2, 4, 2, 5, 952, 0, 0, 1, 0, 0, 0]","[[0 1 0 0]
 [0 0 0 1]]",-0.19999999999998275,-1,1
4683,"[0, 1, 0, 1, 0, 1, 0, 3, 0, 1, 0, 2, 0, 0, 0, 0, 0, 1, 0, 0, 2, 0, 0, 0, 0, 0, 0, 0, 0, 0, 0, 0, 1, 1, 2, 2, 0, 0, 2, 0, 0, 1, 1, 0, 2, 2, 0, 1, 0, 0, 0, 0, 0, 0, 0, 2, 0, 0, 0, 0, 0, 0, 0, 2, 2, 2, 3, 2, 0, 1, 1, 4, 2, 5, 1, 6, 2, 4, 2, 5, 952, 0, 0, 0, 0, 0, 0]",0,-0.19999999999998275,-1,0
4684,"[0, 1, 0, 1, 0, 1, 0, 1, 0, 1, 0, 2, 0, 0, 0, 0, 0, 1, 0, 0, 2, 0, 0, 0, 0, 0, 0, 0, 0, 0, 0, 0, 1, 1, 2, 2, 0, 0, 2, 0, 0, 1, 1, 0, 2, 2, 0, 1, 0, 0, 0, 0, 0, 0, 0, 2, 0, 0, 0, 0, 0, 0, 0, 2, 2, 2, 3, 2, 0, 1, 1, 4, 2, 5, 1, 6, 2, 4, 2, 5, 953, 0, 0, 0, 0, 0, 0]",4,12.859470508260229,-1,0
4685,"[0, 2, 0, 1, 0, 2, 0, 1, 0, 1, 0, 2, 0, 0, 0, 0, 0, 1, 0, 0, 2, 0, 0, 0, 0, 0, 0, 0, 0, 0, 0, 0, 1, 1, 2, 2, 0, 0, 2, 0, 0, 1, 1, 0, 2, 2, 0, 1, 0, 0, 0, 0, 0, 0, 0, 2, 0, 0, 0, 0, 0, 0, 0, 2, 2, 2, 3, 2, 0, 1, 1, 4, 2, 5, 1, 6, 2, 4, 2, 5, 954, 0, 0, 0, 0, 0, 0]",4,14.0556759057824,-1,1
4686,"[0, 2, 0, 1, 0, 2, 0, 1, 0, 1, 0, 2, 0, 0, 0, 0, 0, 1, 0, 0, 2, 0, 0, 0, 0, 0, 0, 0, 0, 0, 0, 0, 1, 1, 2, 2, 0, 0, 2, 0, 0, 1, 1, 0, 2, 2, 0, 1, 0, 0, 0, 0, 0, 0, 0, 2, 0, 0, 0, 0, 0, 0, 0, 2, 2, 2, 3, 2, 0, 1, 1, 4, 2, 5, 1, 6, 2, 4, 2, 5, 954, 1, 0, 0, 0, 0, 0]",3,0.20000000000001594,-1,0
4687,"[0, 2, 0, 1, 0, 2, 0, 1, 0, 1, 0, 2, 0, 0, 0, 0, 0, 1, 0, 0, 2, 0, 0, 0, 0, 0, 0, 0, 0, 0, 0, 0, 1, 1, 2, 2, 0, 0, 2, 0, 0, 1, 1, 0, 2, 2, 0, 1, 0, 0, 0, 0, 0, 0, 0, 2, 0, 0, 0, 0, 0, 0, 0, 2, 2, 2, 3, 2, 0, 1, 1, 4, 2, 5, 1, 6, 2, 4, 2, 5, 954, 0, 0, 0, 0, 0, 0]",-1,-3.5958423828664446e-06,-1,0
4688,"[0, 2, 0, 1, 0, 2, 0, 1, 0, 1, 0, 2, 0, 0, 0, 0, 0, 1, 0, 0, 2, 0, 0, 0, 0, 0, 0, 0, 0, 0, 0, 0, 1, 1, 2, 2, 0, 0, 2, 0, 0, 1, 1, 0, 2, 2, 0, 1, 0, 0, 0, 0, 0, 0, 0, 2, 0, 0, 0, 0, 0, 0, 0, 2, 2, 2, 3, 2, 0, 1, 1, 4, 2, 5, 1, 6, 2, 4, 2, 5, 954, 0, 1, 0, 0, 0, 0]",2,0.4000000000000159,-1,0
4689,"[0, 2, 0, 1, 0, 2, 0, 1, 0, 1, 0, 2, 0, 0, 0, 0, 0, 1, 0, 0, 2, 0, 0, 0, 0, 0, 0, 0, 0, 0, 0, 0, 1, 1, 2, 2, 0, 0, 2, 0, 0, 1, 1, 0, 2, 2, 0, 1, 0, 0, 0, 0, 0, 0, 0, 2, 0, 0, 0, 0, 0, 0, 0, 2, 2, 2, 3, 2, 0, 1, 1, 4, 2, 5, 1, 6, 2, 4, 2, 5, 954, 0, 0, 0, 0, 0, 0]",-1,-3.5958423828664446e-06,-1,0
4690,"[0, 2, 0, 1, 0, 2, 0, 1, 0, 1, 0, 2, 0, 0, 0, 0, 0, 1, 0, 0, 2, 0, 0, 0, 0, 0, 0, 0, 0, 0, 0, 0, 1, 1, 2, 2, 0, 0, 2, 0, 0, 1, 1, 0, 2, 2, 0, 1, 0, 0, 0, 0, 0, 0, 0, 2, 0, 0, 0, 0, 0, 0, 0, 2, 2, 2, 3, 2, 0, 1, 1, 4, 2, 5, 1, 6, 2, 4, 2, 5, 954, 1, 0, 0, 0, 0, 0]",3,0.20000000000001594,-1,0
4691,"[0, 2, 0, 1, 0, 2, 0, 1, 0, 1, 0, 2, 0, 0, 0, 0, 0, 1, 0, 0, 2, 0, 0, 0, 0, 0, 0, 0, 0, 0, 0, 0, 1, 1, 2, 2, 0, 0, 2, 0, 0, 1, 1, 0, 2, 2, 0, 1, 0, 0, 0, 0, 0, 0, 0, 2, 0, 0, 0, 0, 0, 0, 0, 2, 2, 2, 3, 2, 0, 1, 1, 4, 2, 5, 1, 6, 2, 4, 2, 5, 954, 0, 0, 0, 0, 0, 0]",-1,-3.5958423828664446e-06,-1,0
4692,"[0, 2, 0, 1, 0, 2, 0, 1, 0, 1, 0, 2, 0, 0, 0, 0, 0, 1, 0, 0, 2, 0, 0, 0, 0, 0, 0, 0, 0, 0, 0, 0, 1, 1, 2, 2, 0, 0, 2, 0, 0, 1, 1, 0, 2, 2, 0, 1, 0, 0, 0, 0, 0, 0, 0, 2, 0, 0, 0, 0, 0, 0, 0, 2, 2, 2, 3, 2, 0, 1, 1, 4, 2, 5, 1, 6, 2, 4, 2, 5, 954, 0, 1, 0, 0, 0, 0]",2,0.4000000000000159,-1,0
4693,"[0, 2, 0, 1, 0, 2, 0, 1, 0, 1, 0, 2, 0, 0, 0, 0, 0, 1, 0, 0, 2, 0, 0, 0, 0, 0, 0, 0, 0, 0, 0, 0, 1, 1, 2, 2, 0, 0, 2, 0, 0, 1, 1, 0, 2, 2, 0, 1, 0, 0, 0, 0, 0, 0, 0, 2, 0, 0, 0, 0, 0, 0, 0, 2, 2, 2, 3, 2, 0, 1, 1, 4, 2, 5, 1, 6, 2, 4, 2, 5, 954, 0, 0, 0, 0, 0, 0]",-1,-3.5958423828664446e-06,-1,0
4694,"[0, 2, 0, 1, 0, 2, 0, 1, 0, 1, 0, 2, 0, 0, 0, 0, 0, 1, 0, 0, 2, 0, 0, 0, 0, 0, 0, 0, 0, 0, 0, 0, 1, 1, 2, 2, 0, 0, 2, 0, 0, 1, 1, 0, 2, 2, 0, 1, 0, 0, 0, 0, 0, 0, 0, 2, 0, 0, 0, 0, 0, 0, 0, 2, 2, 2, 3, 2, 0, 1, 1, 4, 2, 5, 1, 6, 2, 4, 2, 5, 954, 0, 1, 0, 0, 0, 0]",2,0.4000000000000159,-1,0
4695,"[0, 2, 0, 1, 0, 2, 0, 1, 0, 1, 0, 2, 0, 0, 0, 0, 0, 1, 0, 0, 2, 0, 0, 0, 0, 0, 0, 0, 0, 0, 0, 0, 1, 1, 2, 2, 0, 0, 2, 0, 0, 1, 1, 0, 2, 2, 0, 1, 0, 0, 0, 0, 0, 0, 0, 2, 0, 0, 0, 0, 0, 0, 0, 2, 2, 2, 3, 2, 0, 1, 1, 4, 2, 5, 1, 6, 2, 4, 2, 5, 954, 0, 0, 0, 0, 0, 0]",-1,-3.5958423828664446e-06,-1,0
4696,"[0, 2, 0, 1, 0, 2, 0, 1, 0, 1, 0, 2, 0, 0, 0, 0, 0, 1, 0, 0, 2, 0, 0, 0, 0, 0, 0, 0, 0, 0, 0, 0, 1, 1, 2, 2, 0, 0, 2, 0, 0, 1, 1, 0, 2, 2, 0, 1, 0, 0, 0, 0, 0, 0, 0, 2, 0, 0, 0, 0, 0, 0, 0, 2, 2, 2, 3, 2, 0, 1, 1, 4, 2, 5, 1, 6, 2, 4, 2, 5, 954, 0, 1, 0, 0, 0, 0]",2,0.4000000000000159,-1,0
4697,"[0, 2, 0, 1, 0, 2, 0, 1, 0, 1, 0, 2, 0, 0, 0, 0, 0, 1, 0, 0, 2, 0, 0, 0, 0, 0, 0, 0, 0, 0, 0, 0, 1, 1, 2, 2, 0, 0, 2, 0, 0, 1, 1, 0, 2, 2, 0, 1, 0, 0, 0, 0, 0, 0, 0, 2, 0, 0, 0, 0, 0, 0, 0, 2, 2, 2, 3, 2, 0, 1, 1, 4, 2, 5, 1, 6, 2, 4, 2, 5, 954, 0, 0, 0, 0, 0, 0]",-1,-3.5958423828664446e-06,-1,0
4698,"[0, 2, 0, 1, 0, 2, 0, 1, 0, 1, 0, 2, 0, 0, 0, 0, 0, 1, 0, 0, 2, 0, 0, 0, 0, 0, 0, 0, 0, 0, 0, 0, 1, 1, 2, 2, 0, 0, 2, 0, 0, 1, 1, 0, 2, 2, 0, 1, 0, 0, 0, 0, 0, 0, 0, 2, 0, 0, 0, 0, 0, 0, 0, 2, 2, 2, 3, 2, 0, 1, 1, 4, 2, 5, 1, 6, 2, 4, 2, 5, 954, 0, 1, 0, 0, 0, 0]",2,0.4000000000000159,-1,0
4699,"[0, 2, 0, 1, 0, 2, 0, 1, 0, 1, 0, 2, 0, 0, 0, 0, 0, 1, 0, 0, 2, 0, 0, 0, 0, 0, 0, 0, 0, 0, 0, 0, 1, 1, 2, 2, 0, 0, 2, 0, 0, 1, 1, 0, 2, 2, 0, 1, 0, 0, 0, 0, 0, 0, 0, 2, 0, 0, 0, 0, 0, 0, 0, 2, 2, 2, 3, 2, 0, 1, 1, 4, 2, 5, 1, 6, 2, 4, 2, 5, 954, 0, 0, 0, 0, 0, 0]",-1,-3.5958423828664446e-06,-1,0
4700,"[0, 2, 0, 1, 0, 2, 0, 1, 0, 1, 0, 2, 0, 0, 0, 0, 0, 1, 0, 0, 2, 0, 0, 0, 0, 0, 0, 0, 0, 0, 0, 0, 1, 1, 2, 2, 0, 0, 2, 0, 0, 1, 1, 0, 2, 2, 0, 1, 0, 0, 0, 0, 0, 0, 0, 2, 0, 0, 0, 0, 0, 0, 0, 2, 2, 2, 3, 2, 0, 1, 1, 4, 2, 5, 1, 6, 2, 4, 2, 5, 954, 1, 0, 0, 0, 0, 0]",3,0.20000000000001594,-1,0
4701,"[0, 2, 0, 1, 0, 2, 0, 1, 0, 1, 0, 2, 0, 0, 0, 0, 0, 1, 0, 0, 2, 0, 0, 0, 0, 0, 0, 0, 0, 0, 0, 0, 1, 1, 2, 2, 0, 0, 2, 0, 0, 1, 1, 0, 2, 2, 0, 1, 0, 0, 0, 0, 0, 0, 0, 2, 0, 0, 0, 0, 0, 0, 0, 2, 2, 2, 3, 2, 0, 1, 1, 4, 2, 5, 1, 6, 2, 4, 2, 5, 954, 0, 0, 0, 0, 0, 0]",-1,-3.5958423828664446e-06,-1,0
4702,"[0, 3, 0, 1, 0, 3, 0, 1, 0, 1, 0, 2, 0, 0, 0, 0, 0, 1, 0, 0, 2, 0, 0, 0, 0, 0, 0, 0, 0, 0, 0, 0, 1, 1, 2, 2, 0, 0, 2, 0, 0, 1, 1, 0, 2, 2, 0, 1, 0, 0, 0, 0, 0, 0, 0, 2, 0, 0, 0, 0, 0, 0, 0, 2, 2, 2, 3, 2, 0, 1, 1, 4, 2, 5, 1, 6, 2, 4, 2, 5, 955, 0, 0, 0, 0, 0, 0]",4,12.49348174895782,-1,0
4703,"[0, 3, 0, 1, 0, 3, 0, 1, 0, 1, 0, 2, 0, 0, 0, 0, 0, 1, 0, 0, 2, 0, 0, 0, 0, 0, 0, 0, 0, 0, 0, 0, 1, 1, 2, 2, 0, 0, 2, 0, 0, 1, 1, 0, 2, 2, 0, 1, 0, 0, 0, 0, 0, 0, 0, 2, 0, 0, 0, 0, 0, 0, 0, 2, 2, 2, 3, 2, 0, 1, 1, 4, 2, 5, 1, 6, 2, 4, 2, 5, 955, 0, 1, 0, 0, 0, 0]",2,0.4000000000000153,-1,1
4704,"[0, 3, 0, 1, 0, 3, 0, 1, 0, 1, 0, 2, 0, 0, 0, 0, 0, 1, 0, 0, 2, 0, 0, 0, 0, 0, 0, 0, 0, 0, 0, 0, 1, 1, 2, 2, 0, 0, 2, 0, 0, 1, 1, 0, 2, 2, 0, 1, 0, 0, 0, 0, 0, 0, 0, 2, 0, 0, 0, 0, 0, 0, 0, 2, 2, 2, 3, 2, 0, 1, 1, 4, 2, 5, 1, 6, 2, 4, 2, 5, 955, 0, 1, 0, 0, 1, 0]","[[0 1 0 0]
 [0 0 0 1]]",0.6504248650581061,-1,1
4705,"[0, 3, 0, 1, 0, 3, 0, 1, 0, 1, 0, 2, 0, 0, 0, 0, 0, 1, 0, 0, 2, 0, 0, 0, 0, 0, 0, 0, 0, 0, 0, 0, 1, 1, 2, 2, 0, 0, 2, 0, 0, 1, 1, 0, 2, 2, 0, 1, 0, 0, 0, 0, 0, 0, 0, 2, 0, 0, 0, 0, 0, 0, 0, 2, 2, 2, 3, 2, 0, 1, 1, 4, 2, 5, 1, 6, 2, 4, 2, 5, 955, 0, 0, 0, 0, 0, 0]",1,-0.1999999999999847,-1,0
4706,"[0, 1, 0, 1, 0, 1, 0, 1, 0, 1, 0, 2, 0, 0, 0, 0, 0, 1, 0, 0, 2, 0, 0, 0, 0, 0, 0, 0, 0, 0, 0, 0, 1, 1, 2, 2, 0, 0, 2, 0, 0, 1, 1, 0, 2, 2, 0, 1, 0, 0, 0, 0, 0, 0, 0, 2, 0, 0, 0, 0, 0, 0, 0, 2, 2, 2, 3, 2, 0, 1, 1, 4, 2, 5, 1, 6, 2, 4, 2, 0, 956, 0, 0, 0, 0, 0, 0]",4,14.259470291420099,-1,1
4707,"[0, 1, 0, 1, 0, 1, 0, 1, 0, 1, 0, 2, 0, 0, 0, 0, 0, 1, 0, 0, 2, 0, 0, 0, 0, 0, 0, 0, 0, 0, 0, 0, 1, 1, 2, 2, 0, 0, 2, 0, 0, 1, 1, 0, 2, 2, 0, 1, 0, 0, 0, 0, 0, 0, 0, 2, 0, 0, 0, 0, 0, 0, 0, 2, 2, 2, 3, 2, 0, 1, 1, 4, 2, 5, 1, 6, 2, 4, 2, 0, 956, 0, 1, 0, 0, 0, 0]",2,0.4000000000000147,-1,0
4708,"[0, 1, 0, 1, 0, 1, 0, 1, 0, 1, 0, 2, 0, 0, 0, 0, 0, 1, 0, 0, 2, 0, 0, 0, 0, 0, 0, 0, 0, 0, 0, 0, 1, 1, 2, 2, 0, 0, 2, 0, 0, 1, 1, 0, 2, 2, 0, 1, 0, 0, 0, 0, 0, 0, 0, 2, 0, 0, 0, 0, 0, 0, 0, 2, 2, 2, 3, 2, 0, 1, 1, 4, 2, 5, 1, 6, 2, 4, 2, 0, 956, 0, 0, 0, 0, 0, 0]",-1,-3.524639933105892e-06,-1,0
4709,"[0, 1, 0, 1, 0, 1, 0, 1, 0, 1, 0, 2, 0, 0, 0, 0, 0, 1, 0, 0, 2, 0, 0, 0, 0, 0, 0, 0, 0, 0, 0, 0, 1, 1, 2, 2, 0, 0, 2, 0, 0, 1, 1, 0, 2, 2, 0, 1, 0, 0, 0, 0, 0, 0, 0, 2, 0, 0, 0, 0, 0, 0, 0, 2, 2, 2, 3, 2, 0, 1, 1, 4, 2, 5, 1, 6, 2, 4, 2, 0, 956, 0, 1, 0, 0, 0, 0]",2,0.4000000000000147,-1,0
4710,"[0, 1, 0, 1, 0, 1, 0, 1, 0, 1, 0, 2, 0, 0, 0, 0, 0, 1, 0, 0, 2, 0, 0, 0, 0, 0, 0, 0, 0, 0, 0, 0, 1, 1, 2, 2, 0, 0, 2, 0, 0, 1, 1, 0, 2, 2, 0, 1, 0, 0, 0, 0, 0, 0, 0, 2, 0, 0, 0, 0, 0, 0, 0, 2, 2, 2, 3, 2, 0, 1, 1, 4, 2, 5, 1, 6, 2, 4, 2, 0, 956, 0, 0, 0, 0, 0, 0]",-1,-3.524639933105892e-06,-1,0
4711,"[0, 1, 0, 1, 0, 1, 0, 1, 0, 1, 0, 2, 0, 0, 0, 0, 0, 1, 0, 0, 2, 0, 0, 0, 0, 0, 0, 0, 0, 0, 0, 0, 1, 1, 2, 2, 0, 0, 2, 0, 0, 1, 1, 0, 2, 2, 0, 1, 0, 0, 0, 0, 0, 0, 0, 2, 0, 0, 0, 0, 0, 0, 0, 2, 2, 2, 3, 2, 0, 1, 1, 4, 2, 5, 1, 6, 2, 4, 2, 0, 956, 0, 1, 0, 0, 0, 0]",2,0.4000000000000147,-1,0
4712,"[0, 1, 0, 1, 0, 1, 0, 1, 0, 1, 0, 2, 0, 0, 0, 0, 0, 1, 0, 0, 2, 0, 0, 0, 0, 0, 0, 0, 0, 0, 0, 0, 1, 1, 2, 2, 0, 0, 2, 0, 0, 1, 1, 0, 2, 2, 0, 1, 0, 0, 0, 0, 0, 0, 0, 2, 0, 0, 0, 0, 0, 0, 0, 2, 2, 2, 3, 2, 0, 1, 1, 4, 2, 5, 1, 6, 2, 4, 2, 0, 956, 0, 0, 0, 0, 0, 0]",-1,-3.524639933105892e-06,-1,0
4713,"[0, 1, 0, 1, 0, 1, 0, 1, 0, 1, 0, 2, 0, 0, 0, 0, 0, 1, 0, 0, 2, 0, 0, 0, 0, 0, 0, 0, 0, 0, 0, 0, 1, 1, 2, 2, 0, 0, 2, 0, 0, 1, 1, 0, 2, 2, 0, 1, 0, 0, 0, 0, 0, 0, 0, 2, 0, 0, 0, 0, 0, 0, 0, 2, 2, 2, 3, 2, 0, 1, 1, 4, 2, 5, 1, 6, 2, 4, 2, 0, 956, 0, 1, 0, 0, 0, 0]",2,0.4000000000000147,-1,0
4714,"[0, 1, 0, 1, 0, 1, 0, 1, 0, 1, 0, 2, 0, 0, 0, 0, 0, 1, 0, 0, 2, 0, 0, 0, 0, 0, 0, 0, 0, 0, 0, 0, 1, 1, 2, 2, 0, 0, 2, 0, 0, 1, 1, 0, 2, 2, 0, 1, 0, 0, 0, 0, 0, 0, 0, 2, 0, 0, 0, 0, 0, 0, 0, 2, 2, 2, 3, 2, 0, 1, 1, 4, 2, 5, 1, 6, 2, 4, 2, 0, 956, 0, 0, 0, 0, 0, 0]",-1,-3.524639933105892e-06,-1,0
4715,"[0, 1, 0, 1, 0, 1, 0, 1, 0, 1, 0, 2, 0, 0, 0, 0, 0, 1, 0, 0, 2, 0, 0, 0, 0, 0, 0, 0, 0, 0, 0, 0, 1, 1, 2, 2, 0, 0, 2, 0, 0, 1, 1, 0, 2, 2, 0, 1, 0, 0, 0, 0, 0, 0, 0, 2, 0, 0, 0, 0, 0, 0, 0, 2, 2, 2, 3, 2, 0, 1, 1, 4, 2, 5, 1, 6, 2, 4, 2, 0, 956, 0, 1, 0, 0, 0, 0]",2,0.4000000000000147,-1,0
4716,"[0, 1, 0, 1, 0, 1, 0, 1, 0, 1, 0, 2, 0, 0, 0, 0, 0, 1, 0, 0, 2, 0, 0, 0, 0, 0, 0, 0, 0, 0, 0, 0, 1, 1, 2, 2, 0, 0, 2, 0, 0, 1, 1, 0, 2, 2, 0, 1, 0, 0, 0, 0, 0, 0, 0, 2, 0, 0, 0, 0, 0, 0, 0, 2, 2, 2, 3, 2, 0, 1, 1, 4, 2, 5, 1, 6, 2, 4, 2, 0, 956, 0, 0, 0, 0, 0, 0]",-1,-3.524639933105892e-06,-1,0
4717,"[0, 1, 0, 1, 0, 1, 0, 1, 0, 1, 0, 2, 0, 0, 0, 0, 0, 1, 0, 0, 2, 0, 0, 0, 0, 0, 0, 0, 0, 0, 0, 0, 1, 1, 2, 2, 0, 0, 2, 0, 0, 1, 1, 0, 2, 2, 0, 1, 0, 0, 0, 0, 0, 0, 0, 2, 0, 0, 0, 0, 0, 0, 0, 2, 2, 2, 3, 2, 0, 1, 1, 4, 2, 5, 1, 6, 2, 4, 2, 0, 957, 0, 0, 0, 0, 0, 0]",4,12.859470220573657,-1,0
4718,"[0, 1, 0, 1, 1, 1, 0, 1, 0, 1, 0, 2, 0, 0, 0, 0, 0, 1, 0, 0, 2, 0, 0, 0, 0, 0, 0, 0, 0, 0, 0, 0, 1, 1, 2, 2, 0, 0, 2, 0, 0, 1, 1, 0, 2, 2, 0, 1, 0, 0, 0, 0, 0, 0, 0, 2, 0, 0, 0, 0, 0, 0, 0, 2, 2, 2, 3, 2, 0, 1, 1, 4, 2, 5, 1, 6, 2, 4, 2, 0, 958, 0, 0, 0, 0, 0, 0]",4,14.533400263148497,-1,1
4719,"[0, 1, 0, 1, 1, 1, 0, 1, 0, 1, 0, 2, 0, 0, 0, 0, 0, 1, 0, 0, 2, 0, 0, 0, 0, 0, 0, 0, 0, 0, 0, 0, 1, 1, 2, 2, 0, 0, 2, 0, 0, 1, 1, 0, 2, 2, 0, 1, 0, 0, 0, 0, 0, 0, 0, 2, 0, 0, 0, 0, 0, 0, 0, 2, 2, 2, 3, 2, 0, 1, 1, 4, 2, 5, 1, 6, 2, 4, 2, 0, 958, 1, 0, 0, 0, 0, 0]",3,0.2000000000000136,-1,0
4720,"[0, 1, 0, 1, 1, 1, 0, 1, 0, 1, 0, 2, 0, 0, 0, 0, 0, 1, 0, 0, 2, 0, 0, 0, 0, 0, 0, 0, 0, 0, 0, 0, 1, 1, 2, 2, 0, 0, 2, 0, 0, 1, 1, 0, 2, 2, 0, 1, 0, 0, 0, 0, 0, 0, 0, 2, 0, 0, 0, 0, 0, 0, 0, 2, 2, 2, 3, 2, 0, 1, 1, 4, 2, 5, 1, 6, 2, 4, 2, 0, 958, 0, 0, 0, 0, 0, 0]",-1,-3.454847386314408e-06,-1,0
4721,"[0, 1, 0, 1, 1, 1, 0, 1, 0, 1, 0, 2, 0, 0, 0, 0, 0, 1, 0, 0, 2, 0, 0, 0, 0, 0, 0, 0, 0, 0, 0, 0, 1, 1, 2, 2, 0, 0, 2, 0, 0, 1, 1, 0, 2, 2, 0, 1, 0, 0, 0, 0, 0, 0, 0, 2, 0, 0, 0, 0, 0, 0, 0, 2, 2, 2, 3, 2, 0, 1, 1, 4, 2, 5, 1, 6, 2, 4, 2, 0, 958, 1, 0, 0, 0, 0, 0]",3,0.2000000000000136,-1,0
4722,"[0, 1, 0, 1, 1, 1, 0, 1, 0, 1, 0, 2, 0, 0, 0, 0, 0, 1, 0, 0, 2, 0, 0, 0, 0, 0, 0, 0, 0, 0, 0, 0, 1, 1, 2, 2, 0, 0, 2, 0, 0, 1, 1, 0, 2, 2, 0, 1, 0, 0, 0, 0, 0, 0, 0, 2, 0, 0, 0, 0, 0, 0, 0, 2, 2, 2, 3, 2, 0, 1, 1, 4, 2, 5, 1, 6, 2, 4, 2, 0, 958, 0, 0, 0, 0, 0, 0]",-1,-3.454847386314408e-06,-1,0
4723,"[0, 1, 0, 1, 1, 1, 0, 1, 0, 1, 0, 2, 0, 0, 0, 0, 0, 1, 0, 0, 2, 0, 0, 0, 0, 0, 0, 0, 0, 0, 0, 0, 1, 1, 2, 2, 0, 0, 2, 0, 0, 1, 1, 0, 2, 2, 0, 1, 0, 0, 0, 0, 0, 0, 0, 2, 0, 0, 0, 0, 0, 0, 0, 2, 2, 2, 3, 2, 0, 1, 1, 4, 2, 5, 1, 6, 2, 4, 2, 0, 958, 1, 0, 0, 0, 0, 0]",3,0.2000000000000136,-1,0
4724,"[0, 1, 0, 1, 1, 1, 0, 1, 0, 1, 0, 2, 0, 0, 0, 0, 0, 1, 0, 0, 2, 0, 0, 0, 0, 0, 0, 0, 0, 0, 0, 0, 1, 1, 2, 2, 0, 0, 2, 0, 0, 1, 1, 0, 2, 2, 0, 1, 0, 0, 0, 0, 0, 0, 0, 2, 0, 0, 0, 0, 0, 0, 0, 2, 2, 2, 3, 2, 0, 1, 1, 4, 2, 5, 1, 6, 2, 4, 2, 0, 958, 0, 0, 0, 0, 0, 0]",-1,-3.454847386314408e-06,-1,0
4725,"[0, 1, 0, 1, 1, 1, 0, 1, 0, 1, 0, 2, 0, 0, 0, 0, 0, 1, 0, 0, 2, 0, 0, 0, 0, 0, 0, 0, 0, 0, 0, 0, 1, 1, 2, 2, 0, 0, 2, 0, 0, 1, 1, 0, 2, 2, 0, 1, 0, 0, 0, 0, 0, 0, 0, 2, 0, 0, 0, 0, 0, 0, 0, 2, 2, 2, 3, 2, 0, 1, 1, 4, 2, 5, 1, 6, 2, 4, 2, 0, 958, 1, 0, 0, 0, 0, 0]",3,0.2000000000000136,-1,0
4726,"[0, 1, 0, 1, 1, 1, 0, 1, 0, 1, 0, 2, 0, 0, 0, 0, 0, 1, 0, 0, 2, 0, 0, 0, 0, 0, 0, 0, 0, 0, 0, 0, 1, 1, 2, 2, 0, 0, 2, 0, 0, 1, 1, 0, 2, 2, 0, 1, 0, 0, 0, 0, 0, 0, 0, 2, 0, 0, 0, 0, 0, 0, 0, 2, 2, 2, 3, 2, 0, 1, 1, 4, 2, 5, 1, 6, 2, 4, 2, 0, 958, 0, 0, 0, 0, 0, 0]",-1,-3.454847386314408e-06,-1,0
4727,"[0, 1, 0, 1, 1, 1, 0, 1, 0, 1, 0, 2, 0, 0, 0, 0, 0, 1, 0, 0, 2, 0, 0, 0, 0, 0, 0, 0, 0, 0, 0, 0, 1, 1, 2, 2, 0, 0, 2, 0, 0, 1, 1, 0, 2, 2, 0, 1, 0, 0, 0, 0, 0, 0, 0, 2, 0, 0, 0, 0, 0, 0, 0, 2, 2, 2, 3, 2, 0, 1, 1, 4, 2, 5, 1, 6, 2, 4, 2, 0, 958, 0, 1, 0, 0, 0, 0]",2,0.40000000000001357,-1,0
4728,"[0, 1, 0, 1, 1, 1, 0, 1, 0, 1, 0, 2, 0, 0, 0, 0, 0, 1, 0, 0, 2, 0, 0, 0, 0, 0, 0, 0, 0, 0, 0, 0, 1, 1, 2, 2, 0, 0, 2, 0, 0, 1, 1, 0, 2, 2, 0, 1, 0, 0, 0, 0, 0, 0, 0, 2, 0, 0, 0, 0, 0, 0, 0, 2, 2, 2, 3, 2, 0, 1, 1, 4, 2, 5, 1, 6, 2, 4, 2, 0, 958, 0, 1, 0, 0, 1, 0]","[[0 0 0 1]
 [1 0 0 0]]",0.6504248650581045,-1,0
4729,"[0, 1, 0, 1, 1, 1, 0, 1, 0, 1, 0, 2, 0, 0, 0, 0, 0, 1, 0, 0, 2, 0, 0, 0, 0, 0, 0, 0, 0, 0, 0, 0, 1, 1, 2, 2, 0, 0, 2, 0, 0, 1, 1, 0, 2, 2, 0, 1, 0, 0, 0, 0, 0, 0, 0, 2, 0, 0, 0, 0, 0, 0, 0, 2, 2, 2, 3, 2, 0, 1, 1, 4, 2, 5, 1, 6, 2, 4, 2, 0, 958, 0, 1, 0, 0, 0, 1]",2,-0.1999999999999864,-1,1
4730,"[0, 1, 0, 1, 1, 1, 0, 1, 0, 1, 0, 2, 0, 0, 0, 0, 0, 1, 0, 0, 2, 0, 0, 0, 0, 0, 0, 0, 0, 0, 0, 0, 1, 1, 2, 2, 0, 0, 2, 0, 0, 1, 1, 0, 2, 2, 0, 1, 0, 0, 0, 0, 0, 0, 0, 2, 0, 0, 0, 0, 0, 0, 0, 2, 2, 2, 3, 2, 0, 1, 1, 4, 2, 5, 1, 6, 2, 4, 2, 0, 958, 0, 0, 1, 0, 0, 0]","[[1 0 0 0]
 [0 1 0 0]]",-0.1999999999999864,-1,1
4731,"[1, 0, 0, 1, 0, 2, 0, 1, 0, 1, 0, 2, 0, 0, 0, 0, 0, 1, 0, 0, 2, 0, 0, 0, 0, 0, 0, 0, 0, 0, 0, 0, 1, 1, 2, 2, 0, 0, 2, 0, 0, 1, 1, 0, 2, 2, 0, 1, 0, 0, 0, 0, 0, 0, 0, 2, 0, 0, 0, 0, 0, 0, 0, 2, 2, 2, 3, 2, 0, 1, 1, 4, 2, 5, 1, 6, 2, 4, 2, 0, 958, 0, 0, 0, 0, 0, 0]",0,-0.1999999999999864,-1,0
4732,"[1, 0, 0, 1, 0, 2, 0, 1, 0, 1, 0, 2, 0, 0, 0, 0, 0, 1, 0, 0, 2, 0, 0, 0, 0, 0, 0, 0, 0, 0, 0, 0, 1, 1, 2, 2, 0, 0, 2, 0, 0, 1, 1, 0, 2, 2, 0, 1, 0, 0, 0, 0, 0, 0, 0, 2, 0, 0, 0, 0, 0, 0, 0, 2, 2, 2, 3, 2, 0, 1, 1, 4, 2, 5, 1, 6, 2, 4, 2, 0, 958, 0, 1, 0, 0, 0, 0]",2,0.40000000000001357,-1,0
4733,"[1, 0, 0, 1, 0, 2, 0, 1, 0, 1, 0, 2, 0, 0, 0, 0, 0, 1, 0, 0, 2, 0, 0, 0, 0, 0, 0, 0, 0, 0, 0, 0, 1, 1, 2, 2, 0, 0, 2, 0, 0, 1, 1, 0, 2, 2, 0, 1, 0, 0, 0, 0, 0, 0, 0, 2, 0, 0, 0, 0, 0, 0, 0, 2, 2, 2, 3, 2, 0, 1, 1, 4, 2, 5, 1, 6, 2, 4, 2, 0, 958, 0, 1, 0, 0, 1, 0]","[[1 0 0 0]
 [0 1 0 0]]",0.6504248650581045,-1,0
4734,"[1, 0, 0, 1, 0, 2, 0, 1, 0, 1, 0, 2, 0, 0, 0, 0, 0, 1, 0, 0, 2, 0, 0, 0, 0, 0, 0, 0, 0, 0, 0, 0, 1, 1, 2, 2, 0, 0, 2, 0, 0, 1, 1, 0, 2, 2, 0, 1, 0, 0, 0, 0, 0, 0, 0, 2, 0, 0, 0, 0, 0, 0, 0, 2, 2, 2, 3, 2, 0, 1, 1, 4, 2, 5, 1, 6, 2, 4, 2, 0, 958, 0, 0, 0, 0, 0, 0]",1,-35.2463978177501,-1,1
4735,"[1, 0, 0, 1, 0, 2, 0, 1, 0, 1, 0, 2, 0, 0, 0, 0, 0, 1, 0, 0, 2, 0, 0, 0, 0, 0, 0, 0, 0, 0, 0, 0, 1, 1, 2, 2, 0, 0, 2, 0, 0, 1, 1, 0, 2, 2, 0, 1, 0, 0, 0, 0, 0, 0, 0, 2, 0, 0, 0, 0, 0, 0, 0, 2, 2, 2, 3, 2, 0, 1, 1, 4, 2, 5, 1, 6, 2, 4, 2, 0, 958, 0, 1, 0, 0, 0, 0]",2,0.40000000000001357,-1,0
4736,"[1, 0, 0, 1, 0, 2, 0, 1, 0, 1, 0, 2, 0, 0, 0, 0, 0, 1, 0, 0, 2, 0, 0, 0, 0, 0, 0, 0, 0, 0, 0, 0, 1, 1, 2, 2, 0, 0, 2, 0, 0, 1, 1, 0, 2, 2, 0, 1, 0, 0, 0, 0, 0, 0, 0, 2, 0, 0, 0, 0, 0, 0, 0, 2, 2, 2, 3, 2, 0, 1, 1, 4, 2, 5, 1, 6, 2, 4, 2, 0, 958, 0, 1, 0, 0, 1, 0]","[[1 0 0 0]
 [0 1 0 0]]",0.6504248650581045,-1,0
4737,"[1, 0, 0, 1, 0, 2, 0, 1, 0, 1, 0, 2, 0, 0, 0, 0, 0, 1, 0, 0, 2, 0, 0, 0, 0, 0, 0, 0, 0, 0, 0, 0, 1, 1, 2, 2, 0, 0, 2, 0, 0, 1, 1, 0, 2, 2, 0, 1, 0, 0, 0, 0, 0, 0, 0, 2, 0, 0, 0, 0, 0, 0, 0, 2, 2, 2, 3, 2, 0, 1, 1, 4, 2, 5, 1, 6, 2, 4, 2, 0, 958, 0, 0, 0, 0, 0, 0]",1,-35.2463978177501,-1,1
4738,"[1, 0, 0, 1, 1, 2, 0, 1, 0, 1, 0, 2, 0, 0, 0, 0, 0, 1, 0, 0, 2, 0, 0, 0, 0, 0, 0, 0, 0, 0, 0, 0, 1, 1, 2, 2, 0, 0, 2, 0, 0, 1, 1, 0, 2, 2, 0, 1, 0, 0, 0, 0, 0, 0, 0, 2, 0, 0, 0, 0, 0, 0, 0, 2, 2, 2, 3, 2, 0, 1, 1, 4, 2, 5, 1, 6, 2, 4, 2, 0, 959, 0, 0, 0, 0, 0, 0]",4,12.859470080988562,-1,0
4739,"[1, 0, 0, 2, 1, 2, 0, 2, 0, 1, 0, 2, 0, 0, 0, 0, 0, 1, 0, 0, 2, 0, 0, 0, 0, 0, 0, 0, 0, 0, 0, 0, 1, 1, 2, 2, 0, 0, 2, 0, 0, 1, 1, 0, 2, 2, 0, 1, 0, 0, 0, 0, 0, 0, 0, 2, 0, 0, 0, 0, 0, 0, 0, 2, 2, 2, 3, 2, 0, 1, 1, 4, 2, 5, 1, 6, 2, 4, 2, 0, 960, 0, 0, 0, 0, 0, 0]",4,14.27244834487689,-1,1
4740,"[1, 0, 0, 2, 1, 2, 0, 2, 0, 1, 0, 2, 0, 0, 0, 0, 0, 1, 0, 0, 2, 0, 0, 0, 0, 0, 0, 0, 0, 0, 0, 0, 1, 1, 2, 2, 0, 0, 2, 0, 0, 1, 1, 0, 2, 2, 0, 1, 0, 0, 0, 0, 0, 0, 0, 2, 0, 0, 0, 0, 0, 0, 0, 2, 2, 2, 3, 2, 0, 1, 1, 4, 2, 5, 1, 6, 2, 4, 2, 0, 960, 0, 1, 0, 0, 0, 0]",2,0.40000000000001246,-1,0
4741,"[1, 0, 0, 2, 1, 2, 0, 2, 0, 1, 0, 2, 0, 0, 0, 0, 0, 1, 0, 0, 2, 0, 0, 0, 0, 0, 0, 0, 0, 0, 0, 0, 1, 1, 2, 2, 0, 0, 2, 0, 0, 1, 1, 0, 2, 2, 0, 1, 0, 0, 0, 0, 0, 0, 0, 2, 0, 0, 0, 0, 0, 0, 0, 2, 2, 2, 3, 2, 0, 1, 1, 4, 2, 5, 1, 6, 2, 4, 2, 0, 960, 0, 1, 0, 0, 1, 0]","[[0 0 0 1]
 [0 1 0 0]]",0.6504248650581034,-1,0
4742,"[1, 0, 0, 2, 1, 2, 0, 2, 0, 1, 0, 2, 0, 0, 0, 0, 0, 1, 0, 0, 2, 0, 0, 0, 0, 0, 0, 0, 0, 0, 0, 0, 1, 1, 2, 2, 0, 0, 2, 0, 0, 1, 1, 0, 2, 2, 0, 1, 0, 0, 0, 0, 0, 0, 0, 2, 0, 0, 0, 0, 0, 0, 0, 2, 2, 2, 3, 2, 0, 1, 1, 4, 2, 5, 1, 6, 2, 4, 2, 0, 960, 0, 1, 0, 0, 0, 1]",2,-0.1999999999999875,-1,1
4743,"[1, 0, 0, 2, 1, 2, 0, 2, 0, 1, 0, 2, 0, 0, 0, 0, 0, 1, 0, 0, 2, 0, 0, 0, 0, 0, 0, 0, 0, 0, 0, 0, 1, 1, 2, 2, 0, 0, 2, 0, 0, 1, 1, 0, 2, 2, 0, 1, 0, 0, 0, 0, 0, 0, 0, 2, 0, 0, 0, 0, 0, 0, 0, 2, 2, 2, 3, 2, 0, 1, 1, 4, 2, 5, 1, 6, 2, 4, 2, 0, 960, 0, 0, 1, 0, 0, 0]","[[1 0 0 0]
 [0 0 0 1]]",-0.1999999999999875,-1,1
4744,"[1, 0, 0, 2, 1, 2, 0, 2, 0, 1, 0, 2, 0, 0, 0, 0, 0, 1, 0, 0, 2, 0, 0, 0, 0, 0, 0, 0, 0, 0, 0, 0, 1, 1, 2, 2, 0, 0, 2, 0, 0, 1, 1, 0, 2, 2, 0, 1, 0, 0, 0, 0, 0, 0, 0, 2, 0, 0, 0, 0, 0, 0, 0, 2, 2, 2, 3, 2, 0, 1, 1, 4, 2, 5, 1, 6, 2, 4, 2, 0, 960, 0, 0, 0, 0, 0, 0]",1,-9.826053273016404,-1,0
4745,"[1, 0, 0, 2, 1, 2, 0, 2, 0, 1, 0, 2, 0, 0, 0, 0, 0, 1, 0, 0, 2, 0, 0, 0, 0, 0, 0, 0, 0, 0, 0, 0, 1, 1, 2, 2, 0, 0, 2, 0, 0, 1, 1, 0, 2, 2, 0, 1, 0, 0, 0, 0, 0, 0, 0, 2, 0, 0, 0, 0, 0, 0, 0, 2, 2, 2, 3, 2, 0, 1, 1, 4, 2, 5, 1, 6, 2, 4, 2, 0, 960, 0, 1, 0, 0, 0, 0]",2,0.40000000000001246,-1,0
4746,"[1, 0, 0, 2, 1, 2, 0, 2, 0, 1, 0, 2, 0, 0, 0, 0, 0, 1, 0, 0, 2, 0, 0, 0, 0, 0, 0, 0, 0, 0, 0, 0, 1, 1, 2, 2, 0, 0, 2, 0, 0, 1, 1, 0, 2, 2, 0, 1, 0, 0, 0, 0, 0, 0, 0, 2, 0, 0, 0, 0, 0, 0, 0, 2, 2, 2, 3, 2, 0, 1, 1, 4, 2, 5, 1, 6, 2, 4, 2, 0, 960, 0, 1, 0, 0, 1, 0]","[[0 0 0 1]
 [0 1 0 0]]",0.6504248650581034,-1,0
4747,"[1, 0, 0, 2, 1, 2, 0, 2, 0, 1, 0, 2, 0, 0, 0, 0, 0, 1, 0, 0, 2, 0, 0, 0, 0, 0, 0, 0, 0, 0, 0, 0, 1, 1, 2, 2, 0, 0, 2, 0, 0, 1, 1, 0, 2, 2, 0, 1, 0, 0, 0, 0, 0, 0, 0, 2, 0, 0, 0, 0, 0, 0, 0, 2, 2, 2, 3, 2, 0, 1, 1, 4, 2, 5, 1, 6, 2, 4, 2, 0, 960, 0, 0, 0, 0, 0, 0]",1,-38.38376618407356,-1,1
4748,"[1, 0, 0, 2, 1, 2, 0, 2, 0, 1, 0, 2, 0, 0, 0, 0, 0, 1, 0, 0, 2, 0, 0, 0, 0, 0, 0, 0, 0, 0, 0, 0, 1, 1, 2, 2, 0, 0, 2, 0, 0, 1, 1, 0, 2, 2, 0, 1, 0, 0, 0, 0, 0, 0, 0, 2, 0, 0, 0, 0, 0, 0, 0, 2, 2, 2, 3, 2, 0, 1, 1, 4, 2, 5, 1, 6, 2, 4, 2, 0, 960, 0, 1, 0, 0, 0, 0]",2,0.40000000000001246,-1,0
4749,"[1, 0, 0, 2, 1, 2, 0, 2, 0, 1, 0, 2, 0, 0, 0, 0, 0, 1, 0, 0, 2, 0, 0, 0, 0, 0, 0, 0, 0, 0, 0, 0, 1, 1, 2, 2, 0, 0, 2, 0, 0, 1, 1, 0, 2, 2, 0, 1, 0, 0, 0, 0, 0, 0, 0, 2, 0, 0, 0, 0, 0, 0, 0, 2, 2, 2, 3, 2, 0, 1, 1, 4, 2, 5, 1, 6, 2, 4, 2, 0, 960, 0, 1, 0, 0, 1, 0]","[[0 0 0 1]
 [0 1 0 0]]",0.6504248650581034,-1,0
4750,"[1, 0, 0, 2, 1, 2, 0, 2, 0, 1, 0, 2, 0, 0, 0, 0, 0, 1, 0, 0, 2, 0, 0, 0, 0, 0, 0, 0, 0, 0, 0, 0, 1, 1, 2, 2, 0, 0, 2, 0, 0, 1, 1, 0, 2, 2, 0, 1, 0, 0, 0, 0, 0, 0, 0, 2, 0, 0, 0, 0, 0, 0, 0, 2, 2, 2, 3, 2, 0, 1, 1, 4, 2, 5, 1, 6, 2, 4, 2, 0, 960, 0, 0, 0, 0, 0, 0]",1,-38.38376618407356,-1,1
4751,"[1, 0, 0, 2, 1, 2, 0, 2, 0, 1, 0, 2, 0, 0, 0, 0, 0, 1, 0, 0, 2, 0, 0, 0, 0, 0, 0, 0, 0, 0, 0, 0, 1, 1, 2, 2, 0, 0, 2, 0, 0, 1, 1, 0, 2, 2, 0, 1, 0, 0, 0, 0, 0, 0, 0, 2, 0, 0, 0, 0, 0, 0, 0, 2, 2, 2, 3, 2, 0, 1, 1, 4, 2, 5, 1, 6, 2, 4, 2, 0, 960, 0, 1, 0, 0, 0, 0]",2,0.40000000000001246,-1,0
4752,"[1, 0, 0, 2, 1, 2, 0, 2, 0, 1, 0, 2, 0, 0, 0, 0, 0, 1, 0, 0, 2, 0, 0, 0, 0, 0, 0, 0, 0, 0, 0, 0, 1, 1, 2, 2, 0, 0, 2, 0, 0, 1, 1, 0, 2, 2, 0, 1, 0, 0, 0, 0, 0, 0, 0, 2, 0, 0, 0, 0, 0, 0, 0, 2, 2, 2, 3, 2, 0, 1, 1, 4, 2, 5, 1, 6, 2, 4, 2, 0, 960, 0, 1, 0, 0, 1, 0]","[[1 0 0 0]
 [0 1 0 0]]",0.6504248650581034,-1,0
4753,"[1, 0, 0, 2, 1, 2, 0, 2, 0, 1, 0, 2, 0, 0, 0, 0, 0, 1, 0, 0, 2, 0, 0, 0, 0, 0, 0, 0, 0, 0, 0, 0, 1, 1, 2, 2, 0, 0, 2, 0, 0, 1, 1, 0, 2, 2, 0, 1, 0, 0, 0, 0, 0, 0, 0, 2, 0, 0, 0, 0, 0, 0, 0, 2, 2, 2, 3, 2, 0, 1, 1, 4, 2, 5, 1, 6, 2, 4, 2, 0, 960, 0, 1, 0, 0, 0, 1]",2,-0.1999999999999875,-1,1
4754,"[1, 0, 0, 2, 1, 2, 0, 2, 0, 1, 0, 2, 0, 0, 0, 0, 0, 1, 0, 0, 2, 0, 0, 0, 0, 0, 0, 0, 0, 0, 0, 0, 1, 1, 2, 2, 0, 0, 2, 0, 0, 1, 1, 0, 2, 2, 0, 1, 0, 0, 0, 0, 0, 0, 0, 2, 0, 0, 0, 0, 0, 0, 0, 2, 2, 2, 3, 2, 0, 1, 1, 4, 2, 5, 1, 6, 2, 4, 2, 0, 960, 0, 0, 1, 0, 0, 0]","[[1 0 0 0]
 [0 0 0 1]]",-0.1999999999999875,-1,1
4755,"[2, 0, 0, 1, 0, 2, 0, 3, 0, 1, 0, 2, 0, 0, 0, 0, 0, 1, 0, 0, 2, 0, 0, 0, 0, 0, 0, 0, 0, 0, 0, 0, 1, 1, 2, 2, 0, 0, 2, 0, 0, 1, 1, 0, 2, 2, 0, 1, 0, 0, 0, 0, 0, 0, 0, 2, 0, 0, 0, 0, 0, 0, 0, 2, 2, 2, 3, 2, 0, 1, 1, 4, 2, 5, 1, 6, 2, 4, 2, 0, 960, 0, 0, 0, 0, 0, 0]",0,-0.1999999999999875,-1,0
4756,"[2, 0, 0, 1, 0, 2, 0, 3, 0, 1, 0, 2, 0, 0, 0, 0, 0, 1, 0, 0, 2, 0, 0, 0, 0, 0, 0, 0, 0, 0, 0, 0, 1, 1, 2, 2, 0, 0, 2, 0, 0, 1, 1, 0, 2, 2, 0, 1, 0, 0, 0, 0, 0, 0, 0, 2, 0, 0, 0, 0, 0, 0, 0, 2, 2, 2, 3, 2, 0, 1, 1, 4, 2, 5, 1, 6, 2, 4, 2, 0, 960, 0, 1, 0, 0, 0, 0]",2,0.40000000000001246,-1,0
4757,"[2, 0, 0, 1, 0, 2, 0, 3, 0, 1, 0, 2, 0, 0, 0, 0, 0, 1, 0, 0, 2, 0, 0, 0, 0, 0, 0, 0, 0, 0, 0, 0, 1, 1, 2, 2, 0, 0, 2, 0, 0, 1, 1, 0, 2, 2, 0, 1, 0, 0, 0, 0, 0, 0, 0, 2, 0, 0, 0, 0, 0, 0, 0, 2, 2, 2, 3, 2, 0, 1, 1, 4, 2, 5, 1, 6, 2, 4, 2, 0, 960, 0, 1, 0, 0, 1, 0]","[[1 0 0 0]
 [0 1 0 0]]",0.6504248650581034,-1,0
4758,"[2, 0, 0, 1, 0, 2, 0, 3, 0, 1, 0, 2, 0, 0, 0, 0, 0, 1, 0, 0, 2, 0, 0, 0, 0, 0, 0, 0, 0, 0, 0, 0, 1, 1, 2, 2, 0, 0, 2, 0, 0, 1, 1, 0, 2, 2, 0, 1, 0, 0, 0, 0, 0, 0, 0, 2, 0, 0, 0, 0, 0, 0, 0, 2, 2, 2, 3, 2, 0, 1, 1, 4, 2, 5, 1, 6, 2, 4, 2, 0, 960, 0, 0, 0, 0, 0, 0]",1,-38.38376618407356,-1,1
4759,"[2, 0, 0, 1, 0, 2, 0, 3, 0, 1, 0, 2, 0, 0, 0, 0, 0, 1, 0, 0, 2, 0, 0, 0, 0, 0, 0, 0, 0, 0, 0, 0, 1, 1, 2, 2, 0, 0, 2, 0, 0, 1, 1, 0, 2, 2, 0, 1, 0, 0, 0, 0, 0, 0, 0, 2, 0, 0, 0, 0, 0, 0, 0, 2, 2, 2, 3, 2, 0, 1, 1, 4, 2, 5, 1, 6, 2, 4, 2, 0, 960, 1, 0, 0, 0, 0, 0]",3,0.20000000000001253,-1,0
4760,"[0, 0, 0, 2, 0, 2, 0, 3, 0, 1, 0, 2, 0, 0, 0, 0, 0, 1, 0, 0, 2, 0, 0, 0, 0, 0, 0, 0, 0, 0, 0, 0, 1, 1, 2, 2, 0, 0, 2, 0, 0, 1, 1, 0, 2, 2, 0, 1, 0, 0, 0, 0, 0, 0, 0, 2, 0, 0, 0, 0, 0, 0, 0, 2, 2, 2, 3, 2, 0, 1, 1, 4, 2, 5, 1, 6, 2, 4, 2, 0, 960, 0, 0, 0, 0, 0, 0]","[[2 0 0 0]
 [0 0 0 1]]",-0.19854231808894643,-1,0
4761,"[0, 0, 0, 2, 0, 2, 0, 3, 0, 1, 0, 2, 0, 0, 0, 0, 0, 1, 0, 0, 2, 0, 0, 0, 0, 0, 0, 0, 0, 0, 0, 0, 1, 1, 2, 2, 0, 0, 2, 0, 0, 1, 1, 0, 2, 2, 0, 1, 0, 0, 0, 0, 0, 0, 0, 2, 0, 0, 0, 0, 0, 0, 0, 2, 2, 2, 3, 2, 0, 1, 1, 4, 2, 5, 1, 6, 2, 4, 2, 0, 960, 1, 0, 0, 0, 0, 0]",3,0.20000000000001253,-1,0
4762,"[0, 0, 0, 2, 0, 2, 0, 3, 0, 1, 0, 2, 0, 0, 0, 0, 0, 1, 0, 0, 2, 0, 0, 0, 0, 0, 0, 0, 0, 0, 0, 0, 1, 1, 2, 2, 0, 0, 2, 0, 0, 1, 1, 0, 2, 2, 0, 1, 0, 0, 0, 0, 0, 0, 0, 2, 0, 0, 0, 0, 0, 0, 0, 2, 2, 2, 3, 2, 0, 1, 1, 4, 2, 5, 1, 6, 2, 4, 2, 0, 960, 0, 0, 0, 0, 0, 0]",-1,-3.386436824542695e-06,-1,0
4763,"[0, 0, 0, 2, 0, 2, 0, 3, 0, 1, 0, 2, 0, 0, 0, 0, 0, 1, 0, 0, 2, 0, 0, 0, 0, 0, 0, 0, 0, 0, 0, 0, 1, 1, 2, 2, 0, 0, 2, 0, 0, 1, 1, 0, 2, 2, 0, 1, 0, 0, 0, 0, 0, 0, 0, 2, 0, 0, 0, 0, 0, 0, 0, 2, 2, 2, 3, 2, 0, 1, 1, 4, 2, 5, 1, 6, 2, 4, 2, 0, 961, 0, 0, 0, 0, 0, 0]",4,12.374936738618983,-1,0
4764,"[0, 1, 0, 2, 0, 3, 0, 3, 0, 1, 0, 2, 0, 0, 0, 0, 0, 1, 0, 0, 2, 0, 0, 0, 0, 0, 0, 0, 0, 0, 0, 0, 1, 1, 2, 2, 0, 0, 2, 0, 0, 1, 1, 0, 2, 2, 0, 1, 0, 0, 0, 0, 0, 0, 0, 2, 0, 0, 0, 0, 0, 0, 0, 2, 2, 2, 3, 2, 0, 1, 1, 4, 2, 5, 1, 6, 2, 4, 2, 0, 962, 0, 0, 0, 0, 0, 0]",4,13.910081068113971,-1,1
4765,"[0, 1, 0, 2, 0, 3, 0, 3, 0, 1, 0, 2, 0, 0, 0, 0, 0, 1, 0, 0, 2, 0, 0, 0, 0, 0, 0, 0, 0, 0, 0, 0, 1, 1, 2, 2, 0, 0, 2, 0, 0, 1, 1, 0, 2, 2, 0, 1, 0, 0, 0, 0, 0, 0, 0, 2, 0, 0, 0, 0, 0, 0, 0, 2, 2, 2, 3, 2, 0, 1, 1, 4, 2, 5, 1, 6, 2, 4, 2, 0, 962, 0, 1, 0, 0, 0, 0]",2,0.40000000000001157,-1,0
4766,"[0, 1, 0, 2, 0, 3, 0, 3, 0, 1, 0, 2, 0, 0, 0, 0, 0, 1, 0, 0, 2, 0, 0, 0, 0, 0, 0, 0, 0, 0, 0, 0, 1, 1, 2, 2, 0, 0, 2, 0, 0, 1, 1, 0, 2, 2, 0, 1, 0, 0, 0, 0, 0, 0, 0, 2, 0, 0, 0, 0, 0, 0, 0, 2, 2, 2, 3, 2, 0, 1, 1, 4, 2, 5, 1, 6, 2, 4, 2, 0, 962, 0, 0, 0, 0, 0, 0]",-1,-3.319380882653887e-06,-1,0
4767,"[0, 1, 0, 2, 0, 3, 0, 3, 0, 1, 0, 2, 0, 0, 0, 0, 0, 1, 0, 0, 2, 0, 0, 0, 0, 0, 0, 0, 0, 0, 0, 0, 1, 1, 2, 2, 0, 0, 2, 0, 0, 1, 1, 0, 2, 2, 0, 1, 0, 0, 0, 0, 0, 0, 0, 2, 0, 0, 0, 0, 0, 0, 0, 2, 2, 2, 3, 2, 0, 1, 1, 4, 2, 5, 1, 6, 2, 4, 2, 0, 962, 1, 0, 0, 0, 0, 0]",3,0.2000000000000116,-1,0
4768,"[0, 1, 0, 2, 0, 3, 0, 3, 0, 1, 0, 2, 0, 0, 0, 0, 0, 1, 0, 0, 2, 0, 0, 0, 0, 0, 0, 0, 0, 0, 0, 0, 1, 1, 2, 2, 0, 0, 2, 0, 0, 1, 1, 0, 2, 2, 0, 1, 0, 0, 0, 0, 0, 0, 0, 2, 0, 0, 0, 0, 0, 0, 0, 2, 2, 2, 3, 2, 0, 1, 1, 4, 2, 5, 1, 6, 2, 4, 2, 0, 962, 0, 0, 0, 0, 0, 0]",-1,-3.319380882653887e-06,-1,0
4769,"[0, 1, 0, 2, 0, 3, 0, 3, 0, 1, 0, 2, 0, 0, 0, 0, 0, 1, 0, 0, 2, 0, 0, 0, 0, 0, 0, 0, 0, 0, 0, 0, 1, 1, 2, 2, 0, 0, 2, 0, 0, 1, 1, 0, 2, 2, 0, 1, 0, 0, 0, 0, 0, 0, 0, 2, 0, 0, 0, 0, 0, 0, 0, 2, 2, 2, 3, 2, 0, 1, 1, 4, 2, 5, 1, 6, 2, 4, 2, 0, 962, 0, 1, 0, 0, 0, 0]",2,0.40000000000001157,-1,0
4770,"[0, 1, 0, 2, 0, 3, 0, 3, 0, 1, 0, 2, 0, 0, 0, 0, 0, 1, 0, 0, 2, 0, 0, 0, 0, 0, 0, 0, 0, 0, 0, 0, 1, 1, 2, 2, 0, 0, 2, 0, 0, 1, 1, 0, 2, 2, 0, 1, 0, 0, 0, 0, 0, 0, 0, 2, 0, 0, 0, 0, 0, 0, 0, 2, 2, 2, 3, 2, 0, 1, 1, 4, 2, 5, 1, 6, 2, 4, 2, 0, 962, 0, 0, 0, 0, 0, 0]",-1,-3.319380882653887e-06,-1,0
4771,"[0, 1, 0, 2, 0, 3, 0, 3, 0, 1, 0, 2, 0, 0, 0, 0, 0, 1, 0, 0, 2, 0, 0, 0, 0, 0, 0, 0, 0, 0, 0, 0, 1, 1, 2, 2, 0, 0, 2, 0, 0, 1, 1, 0, 2, 2, 0, 1, 0, 0, 0, 0, 0, 0, 0, 2, 0, 0, 0, 0, 0, 0, 0, 2, 2, 2, 3, 2, 0, 1, 1, 4, 2, 5, 1, 6, 2, 4, 2, 0, 962, 0, 1, 0, 0, 0, 0]",2,0.40000000000001157,-1,0
4772,"[0, 1, 0, 2, 0, 3, 0, 3, 0, 1, 0, 2, 0, 0, 0, 0, 0, 1, 0, 0, 2, 0, 0, 0, 0, 0, 0, 0, 0, 0, 0, 0, 1, 1, 2, 2, 0, 0, 2, 0, 0, 1, 1, 0, 2, 2, 0, 1, 0, 0, 0, 0, 0, 0, 0, 2, 0, 0, 0, 0, 0, 0, 0, 2, 2, 2, 3, 2, 0, 1, 1, 4, 2, 5, 1, 6, 2, 4, 2, 0, 962, 0, 0, 0, 0, 0, 0]",-1,-3.319380882653887e-06,-1,0
4773,"[0, 1, 0, 2, 0, 3, 0, 3, 0, 1, 0, 2, 0, 0, 0, 0, 0, 1, 0, 0, 2, 0, 0, 0, 0, 0, 0, 0, 0, 0, 0, 0, 1, 1, 2, 2, 0, 0, 2, 0, 0, 1, 1, 0, 2, 2, 0, 1, 0, 0, 0, 0, 0, 0, 0, 2, 0, 0, 0, 0, 0, 0, 0, 2, 2, 2, 3, 2, 0, 1, 1, 4, 2, 5, 1, 6, 2, 4, 2, 0, 963, 0, 0, 0, 0, 0, 0]",4,12.655675280581761,-1,0
4774,"[0, 1, 0, 2, 0, 3, 0, 3, 0, 1, 0, 2, 0, 0, 0, 0, 0, 1, 0, 0, 2, 0, 0, 0, 0, 0, 0, 0, 0, 0, 0, 0, 1, 1, 2, 2, 0, 0, 2, 0, 0, 1, 1, 0, 2, 2, 0, 1, 0, 0, 0, 0, 0, 0, 0, 2, 0, 0, 0, 0, 0, 0, 0, 2, 2, 2, 3, 2, 0, 1, 1, 4, 2, 5, 1, 6, 2, 4, 2, 0, 963, 0, 1, 0, 0, 0, 0]",2,0.4000000000000111,-1,1
4775,"[0, 1, 0, 2, 0, 3, 0, 3, 0, 1, 0, 2, 0, 0, 0, 0, 0, 1, 0, 0, 2, 0, 0, 0, 0, 0, 0, 0, 0, 0, 0, 0, 1, 1, 2, 2, 0, 0, 2, 0, 0, 1, 1, 0, 2, 2, 0, 1, 0, 0, 0, 0, 0, 0, 0, 2, 0, 0, 0, 0, 0, 0, 0, 2, 2, 2, 3, 2, 0, 1, 1, 4, 2, 5, 1, 6, 2, 4, 2, 0, 963, 0, 1, 0, 0, 1, 0]","[[0 0 0 1]
 [0 1 0 0]]",0.650424865058102,-1,1
4776,"[0, 0, 0, 3, 0, 4, 0, 2, 0, 1, 0, 2, 0, 0, 0, 0, 0, 1, 0, 0, 2, 0, 0, 0, 0, 0, 0, 0, 0, 0, 0, 0, 1, 1, 2, 2, 0, 0, 2, 0, 0, 1, 1, 0, 2, 2, 0, 1, 0, 0, 0, 0, 0, 0, 0, 2, 0, 0, 0, 0, 0, 0, 0, 2, 2, 2, 3, 2, 0, 1, 1, 4, 2, 5, 1, 6, 2, 4, 2, 0, 963, 0, 0, 0, 0, 0, 0]",0,-0.19999999999998885,-1,0
4777,"[0, 1, 0, 3, 0, 5, 0, 2, 0, 1, 0, 2, 0, 0, 0, 0, 0, 1, 0, 0, 2, 0, 0, 0, 0, 0, 0, 0, 0, 0, 0, 0, 1, 1, 2, 2, 0, 0, 2, 0, 0, 1, 1, 0, 2, 2, 0, 1, 0, 0, 0, 0, 0, 0, 0, 2, 0, 0, 0, 0, 0, 0, 0, 2, 2, 2, 3, 2, 0, 1, 1, 4, 2, 5, 1, 6, 2, 4, 2, 0, 964, 0, 0, 0, 0, 0, 0]",4,13.784977371031726,-1,1
4778,"[0, 1, 0, 3, 0, 5, 0, 2, 0, 1, 0, 2, 0, 0, 0, 0, 0, 1, 0, 0, 2, 0, 0, 0, 0, 0, 0, 0, 0, 0, 0, 0, 1, 1, 2, 2, 0, 0, 2, 0, 0, 1, 1, 0, 2, 2, 0, 1, 0, 0, 0, 0, 0, 0, 0, 2, 0, 0, 0, 0, 0, 0, 0, 2, 2, 2, 3, 2, 0, 1, 1, 4, 2, 5, 1, 6, 2, 4, 2, 0, 965, 0, 0, 0, 0, 0, 0]",4,12.493481064578523,-1,0
4779,"[0, 2, 0, 3, 0, 6, 0, 2, 0, 1, 0, 2, 0, 0, 0, 0, 0, 1, 0, 0, 2, 0, 0, 0, 0, 0, 0, 0, 0, 0, 0, 0, 1, 1, 2, 2, 0, 0, 2, 0, 0, 1, 1, 0, 2, 2, 0, 1, 0, 0, 0, 0, 0, 0, 0, 2, 0, 0, 0, 0, 0, 0, 0, 2, 2, 2, 3, 2, 0, 1, 1, 4, 2, 5, 1, 6, 2, 4, 2, 0, 966, 0, 0, 0, 0, 0, 0]",4,13.732761993515641,-1,1
4780,"[0, 2, 0, 3, 0, 6, 0, 2, 0, 1, 0, 2, 0, 0, 0, 0, 0, 1, 0, 0, 2, 0, 0, 0, 0, 0, 0, 0, 0, 0, 0, 0, 1, 1, 2, 2, 0, 0, 2, 0, 0, 1, 1, 0, 2, 2, 0, 1, 0, 0, 0, 0, 0, 0, 0, 2, 0, 0, 0, 0, 0, 0, 0, 2, 2, 2, 3, 2, 0, 1, 1, 4, 2, 5, 1, 6, 2, 4, 2, 0, 966, 0, 0, 0, 0, 0, 0]",0,0.2949747468305931,-1,0
4781,"[0, 2, 0, 3, 0, 6, 0, 2, 0, 1, 0, 2, 0, 0, 0, 0, 0, 1, 0, 0, 2, 0, 0, 0, 0, 0, 0, 0, 0, 0, 0, 0, 1, 1, 2, 2, 0, 0, 2, 0, 0, 1, 1, 0, 2, 2, 0, 1, 0, 0, 0, 0, 0, 0, 0, 2, 0, 0, 0, 0, 0, 0, 0, 2, 2, 2, 3, 2, 0, 1, 1, 4, 2, 5, 1, 6, 2, 4, 2, 0, 966, 0, 0, 0, 0, 0, 0]",-1,-3.1892260965779743e-06,-1,0
4782,"[0, 2, 0, 3, 0, 6, 0, 2, 0, 1, 0, 2, 0, 0, 0, 0, 0, 1, 0, 0, 2, 0, 0, 0, 0, 0, 0, 0, 0, 0, 0, 0, 1, 1, 2, 2, 0, 0, 2, 0, 0, 1, 1, 0, 2, 2, 0, 1, 0, 0, 0, 0, 0, 0, 0, 2, 0, 0, 0, 0, 0, 0, 0, 2, 2, 2, 3, 2, 0, 1, 1, 4, 2, 5, 1, 6, 2, 4, 2, 0, 967, 0, 0, 0, 0, 0, 0]",4,13.732761929411131,-1,1
4783,"[0, 2, 0, 4, 0, 6, 0, 3, 0, 1, 0, 2, 0, 0, 0, 0, 0, 1, 0, 0, 2, 0, 0, 0, 0, 0, 0, 0, 0, 0, 0, 0, 1, 1, 2, 2, 0, 0, 2, 0, 0, 1, 1, 0, 2, 2, 0, 1, 0, 0, 0, 0, 0, 0, 0, 2, 0, 0, 0, 0, 0, 0, 0, 2, 2, 2, 3, 2, 0, 1, 1, 4, 2, 5, 1, 6, 2, 4, 2, 0, 968, 0, 0, 0, 0, 0, 0]",4,12.450713529425435,-1,0
4784,"[0, 2, 0, 4, 0, 6, 0, 3, 0, 1, 0, 2, 0, 0, 0, 0, 0, 1, 0, 0, 2, 0, 0, 0, 0, 0, 0, 0, 0, 0, 0, 0, 1, 1, 2, 2, 0, 0, 2, 0, 0, 1, 1, 0, 2, 2, 0, 1, 0, 0, 0, 0, 0, 0, 0, 2, 0, 0, 0, 0, 0, 0, 0, 2, 2, 2, 3, 2, 0, 1, 1, 4, 2, 5, 1, 6, 2, 4, 2, 0, 968, 0, 1, 0, 0, 0, 0]",2,0.40000000000000907,-1,1
4785,"[0, 2, 0, 4, 0, 6, 0, 3, 0, 1, 0, 2, 0, 0, 0, 0, 0, 1, 0, 0, 2, 0, 0, 0, 0, 0, 0, 0, 0, 0, 0, 0, 1, 1, 2, 2, 0, 0, 2, 0, 0, 1, 1, 0, 2, 2, 0, 1, 0, 0, 0, 0, 0, 0, 0, 2, 0, 0, 0, 0, 0, 0, 0, 2, 2, 2, 3, 2, 0, 1, 1, 4, 2, 5, 1, 6, 2, 4, 2, 0, 968, 0, 1, 0, 0, 1, 0]","[[0 0 0 1]
 [0 1 0 0]]",0.6504248650580999,-1,1
4786,"[0, 1, 0, 5, 0, 7, 0, 2, 0, 1, 0, 2, 0, 0, 0, 0, 0, 1, 0, 0, 2, 0, 0, 0, 0, 0, 0, 0, 0, 0, 0, 0, 1, 1, 2, 2, 0, 0, 2, 0, 0, 1, 1, 0, 2, 2, 0, 1, 0, 0, 0, 0, 0, 0, 0, 2, 0, 0, 0, 0, 0, 0, 0, 2, 2, 2, 3, 2, 0, 1, 1, 4, 2, 5, 1, 6, 2, 4, 2, 0, 968, 0, 0, 0, 0, 0, 0]",0,-0.1999999999999909,-1,0
4787,"[0, 1, 0, 5, 0, 7, 0, 2, 0, 1, 0, 2, 0, 0, 0, 0, 0, 1, 0, 0, 2, 0, 0, 0, 0, 0, 0, 0, 0, 0, 0, 0, 1, 1, 2, 2, 0, 0, 2, 0, 0, 1, 1, 0, 2, 2, 0, 1, 0, 0, 0, 0, 0, 0, 0, 2, 0, 0, 0, 0, 0, 0, 0, 2, 2, 2, 3, 2, 0, 1, 1, 4, 2, 5, 1, 6, 2, 4, 2, 0, 969, 0, 0, 0, 0, 0, 0]",4,13.68733756268258,-1,1
4788,"[0, 1, 0, 5, 0, 7, 0, 2, 0, 1, 0, 2, 0, 0, 0, 0, 0, 1, 0, 0, 2, 0, 0, 0, 0, 0, 0, 0, 0, 0, 0, 0, 1, 1, 2, 2, 0, 0, 2, 0, 0, 1, 1, 0, 2, 2, 0, 1, 0, 0, 0, 0, 0, 0, 0, 2, 0, 0, 0, 0, 0, 0, 0, 2, 2, 2, 3, 2, 0, 1, 1, 4, 2, 5, 1, 6, 2, 4, 2, 0, 969, 1, 0, 0, 0, 0, 0]",3,0.20000000000000875,-1,0
4789,"[0, 1, 0, 5, 0, 7, 0, 2, 0, 1, 0, 2, 0, 0, 0, 0, 0, 1, 0, 0, 2, 0, 0, 0, 0, 0, 0, 0, 0, 0, 0, 0, 1, 1, 2, 2, 0, 0, 2, 0, 0, 1, 1, 0, 2, 2, 0, 1, 0, 0, 0, 0, 0, 0, 0, 2, 0, 0, 0, 0, 0, 0, 0, 2, 2, 2, 3, 2, 0, 1, 1, 4, 2, 5, 1, 6, 2, 4, 2, 0, 969, 0, 0, 0, 0, 0, 0]",-1,-3.0949702209004396e-06,-1,0
4790,"[0, 1, 0, 6, 0, 7, 0, 3, 0, 1, 0, 2, 0, 0, 0, 0, 0, 1, 0, 0, 2, 0, 0, 0, 0, 0, 0, 0, 0, 0, 0, 0, 1, 1, 2, 2, 0, 0, 2, 0, 0, 1, 1, 0, 2, 2, 0, 1, 0, 0, 0, 0, 0, 0, 0, 2, 0, 0, 0, 0, 0, 0, 0, 2, 2, 2, 3, 2, 0, 1, 1, 4, 2, 5, 1, 6, 2, 4, 2, 0, 970, 0, 0, 0, 0, 0, 0]",4,13.751824549527818,-1,1
4791,"[0, 1, 0, 6, 0, 7, 0, 3, 0, 1, 0, 2, 0, 0, 0, 0, 0, 1, 0, 0, 2, 0, 0, 0, 0, 0, 0, 0, 0, 0, 0, 0, 1, 1, 2, 2, 0, 0, 2, 0, 0, 1, 1, 0, 2, 2, 0, 1, 0, 0, 0, 0, 0, 0, 0, 2, 0, 0, 0, 0, 0, 0, 0, 2, 2, 2, 3, 2, 0, 1, 1, 4, 2, 5, 1, 6, 2, 4, 2, 0, 970, 0, 0, 0, 0, 0, 0]",0,0.29497474683059166,-1,0
4792,"[0, 1, 0, 6, 0, 7, 0, 3, 0, 1, 0, 2, 0, 0, 0, 0, 0, 1, 0, 0, 2, 0, 0, 0, 0, 0, 0, 0, 0, 0, 0, 0, 1, 1, 2, 2, 0, 0, 2, 0, 0, 1, 1, 0, 2, 2, 0, 1, 0, 0, 0, 0, 0, 0, 0, 2, 0, 0, 0, 0, 0, 0, 0, 2, 2, 2, 3, 2, 0, 1, 1, 4, 2, 5, 1, 6, 2, 4, 2, 0, 970, 0, 0, 0, 0, 0, 0]",-1,-3.0641747526611013e-06,-1,0
4793,"[0, 1, 0, 6, 0, 7, 0, 3, 0, 1, 0, 2, 0, 0, 0, 0, 0, 1, 0, 0, 2, 0, 0, 0, 0, 0, 0, 0, 0, 0, 0, 0, 1, 1, 2, 2, 0, 0, 2, 0, 0, 1, 1, 0, 2, 2, 0, 1, 0, 0, 0, 0, 0, 0, 0, 2, 0, 0, 0, 0, 0, 0, 0, 2, 2, 2, 3, 2, 0, 1, 1, 4, 2, 5, 1, 6, 2, 4, 2, 0, 970, 1, 0, 0, 0, 0, 0]",3,0.2000000000000084,-1,0
4794,"[0, 1, 0, 6, 0, 7, 0, 3, 0, 1, 0, 2, 0, 0, 0, 0, 0, 1, 0, 0, 2, 0, 0, 0, 0, 0, 0, 0, 0, 0, 0, 0, 1, 1, 2, 2, 0, 0, 2, 0, 0, 1, 1, 0, 2, 2, 0, 1, 0, 0, 0, 0, 0, 0, 0, 2, 0, 0, 0, 0, 0, 0, 0, 2, 2, 2, 3, 2, 0, 1, 1, 4, 2, 5, 1, 6, 2, 4, 2, 0, 970, 0, 0, 0, 0, 0, 0]",-1,-3.0641747526611013e-06,-1,0
4795,"[0, 1, 0, 6, 0, 7, 0, 3, 0, 1, 0, 2, 0, 0, 0, 0, 0, 1, 0, 0, 2, 0, 0, 0, 0, 0, 0, 0, 0, 0, 0, 0, 1, 1, 2, 2, 0, 0, 2, 0, 0, 1, 1, 0, 2, 2, 0, 1, 0, 0, 0, 0, 0, 0, 0, 2, 0, 0, 0, 0, 0, 0, 0, 2, 2, 2, 3, 2, 0, 1, 1, 4, 2, 5, 1, 6, 2, 4, 2, 0, 970, 0, 1, 0, 0, 0, 0]",2,0.40000000000000835,-1,0
4796,"[0, 1, 0, 6, 0, 7, 0, 3, 0, 1, 0, 2, 0, 0, 0, 0, 0, 1, 0, 0, 2, 0, 0, 0, 0, 0, 0, 0, 0, 0, 0, 0, 1, 1, 2, 2, 0, 0, 2, 0, 0, 1, 1, 0, 2, 2, 0, 1, 0, 0, 0, 0, 0, 0, 0, 2, 0, 0, 0, 0, 0, 0, 0, 2, 2, 2, 3, 2, 0, 1, 1, 4, 2, 5, 1, 6, 2, 4, 2, 0, 970, 0, 0, 0, 0, 0, 0]",-1,-3.0641747526611013e-06,-1,0
4797,"[0, 1, 0, 6, 0, 7, 0, 3, 0, 1, 0, 2, 0, 0, 0, 0, 0, 1, 0, 0, 2, 0, 0, 0, 0, 0, 0, 0, 0, 0, 0, 0, 1, 1, 2, 2, 0, 0, 2, 0, 0, 1, 1, 0, 2, 2, 0, 1, 0, 0, 0, 0, 0, 0, 0, 2, 0, 0, 0, 0, 0, 0, 0, 2, 2, 2, 3, 2, 0, 1, 1, 4, 2, 5, 1, 6, 2, 4, 2, 0, 970, 1, 0, 0, 0, 0, 0]",3,0.2000000000000084,-1,0
4798,"[0, 1, 0, 6, 0, 7, 0, 3, 0, 1, 0, 2, 0, 0, 0, 0, 0, 1, 0, 0, 2, 0, 0, 0, 0, 0, 0, 0, 0, 0, 0, 0, 1, 1, 2, 2, 0, 0, 2, 0, 0, 1, 1, 0, 2, 2, 0, 1, 0, 0, 0, 0, 0, 0, 0, 2, 0, 0, 0, 0, 0, 0, 0, 2, 2, 2, 3, 2, 0, 1, 1, 4, 2, 5, 1, 6, 2, 4, 2, 0, 970, 0, 0, 0, 0, 0, 0]",-1,-3.0641747526611013e-06,-1,0
4799,"[0, 1, 0, 6, 0, 7, 0, 3, 0, 1, 0, 2, 0, 0, 0, 0, 0, 1, 0, 0, 2, 0, 0, 0, 0, 0, 0, 0, 0, 0, 0, 0, 1, 1, 2, 2, 0, 0, 2, 0, 0, 1, 1, 0, 2, 2, 0, 1, 0, 0, 0, 0, 0, 0, 0, 2, 0, 0, 0, 0, 0, 0, 0, 2, 2, 2, 3, 2, 0, 1, 1, 4, 2, 5, 1, 6, 2, 4, 2, 0, 970, 0, 1, 0, 0, 0, 0]",2,0.40000000000000835,-1,0
4800,"[0, 1, 0, 6, 0, 7, 0, 3, 0, 1, 0, 2, 0, 0, 0, 0, 0, 1, 0, 0, 2, 0, 0, 0, 0, 0, 0, 0, 0, 0, 0, 0, 1, 1, 2, 2, 0, 0, 2, 0, 0, 1, 1, 0, 2, 2, 0, 1, 0, 0, 0, 0, 0, 0, 0, 2, 0, 0, 0, 0, 0, 0, 0, 2, 2, 2, 3, 2, 0, 1, 1, 4, 2, 5, 1, 6, 2, 4, 2, 0, 970, 0, 0, 0, 0, 0, 0]",-1,-3.0641747526611013e-06,-1,0
4801,"[0, 1, 0, 6, 0, 7, 0, 3, 0, 1, 0, 2, 0, 0, 0, 0, 0, 1, 0, 0, 2, 0, 0, 0, 0, 0, 0, 0, 0, 0, 0, 0, 1, 1, 2, 2, 0, 0, 2, 0, 0, 1, 1, 0, 2, 2, 0, 1, 0, 0, 0, 0, 0, 0, 0, 2, 0, 0, 0, 0, 0, 0, 0, 2, 2, 2, 3, 2, 0, 1, 1, 4, 2, 5, 1, 6, 2, 4, 2, 0, 970, 1, 0, 0, 0, 0, 0]",3,0.2000000000000084,-1,0
4802,"[0, 1, 0, 6, 0, 7, 0, 3, 0, 1, 0, 2, 0, 0, 0, 0, 0, 1, 0, 0, 2, 0, 0, 0, 0, 0, 0, 0, 0, 0, 0, 0, 1, 1, 2, 2, 0, 0, 2, 0, 0, 1, 1, 0, 2, 2, 0, 1, 0, 0, 0, 0, 0, 0, 0, 2, 0, 0, 0, 0, 0, 0, 0, 2, 2, 2, 3, 2, 0, 1, 1, 4, 2, 5, 1, 6, 2, 4, 2, 0, 970, 0, 0, 0, 0, 0, 0]",-1,-3.0641747526611013e-06,-1,0
4803,"[0, 2, 0, 6, 0, 8, 0, 3, 0, 1, 0, 2, 0, 0, 0, 0, 0, 1, 0, 0, 2, 0, 0, 0, 0, 0, 0, 0, 0, 0, 0, 0, 1, 1, 2, 2, 0, 0, 2, 0, 0, 1, 1, 0, 2, 2, 0, 1, 0, 0, 0, 0, 0, 0, 0, 2, 0, 0, 0, 0, 0, 0, 0, 2, 2, 2, 3, 2, 0, 1, 1, 4, 2, 5, 1, 6, 2, 4, 2, 0, 971, 0, 0, 0, 0, 0, 0]",4,12.332761679308442,-1,0
4804,"[0, 2, 0, 6, 1, 8, 0, 3, 0, 1, 0, 2, 0, 0, 0, 0, 0, 1, 0, 0, 2, 0, 0, 0, 0, 0, 0, 0, 0, 0, 0, 0, 1, 1, 2, 2, 0, 0, 2, 0, 0, 1, 1, 0, 2, 2, 0, 1, 0, 0, 0, 0, 0, 0, 0, 2, 0, 0, 0, 0, 0, 0, 0, 2, 2, 2, 3, 2, 0, 1, 1, 4, 2, 5, 1, 6, 2, 4, 2, 0, 972, 0, 0, 0, 0, 0, 0]",4,13.818102384646698,-1,1
4805,"[0, 2, 0, 6, 1, 8, 0, 3, 0, 1, 0, 2, 0, 0, 0, 0, 0, 1, 0, 0, 2, 0, 0, 0, 0, 0, 0, 0, 0, 0, 0, 0, 1, 1, 2, 2, 0, 0, 2, 0, 0, 1, 1, 0, 2, 2, 0, 1, 0, 0, 0, 0, 0, 0, 0, 2, 0, 0, 0, 0, 0, 0, 0, 2, 2, 2, 3, 2, 0, 1, 1, 4, 2, 5, 1, 6, 2, 4, 2, 0, 972, 1, 0, 0, 0, 0, 0]",3,0.20000000000000778,-1,0
4806,"[0, 2, 0, 6, 1, 8, 0, 3, 0, 1, 0, 2, 0, 0, 0, 0, 0, 1, 0, 0, 2, 0, 0, 0, 0, 0, 0, 0, 0, 0, 0, 0, 1, 1, 2, 2, 0, 0, 2, 0, 0, 1, 1, 0, 2, 2, 0, 1, 0, 0, 0, 0, 0, 0, 0, 2, 0, 0, 0, 0, 0, 0, 0, 2, 2, 2, 3, 2, 0, 1, 1, 4, 2, 5, 1, 6, 2, 4, 2, 0, 972, 0, 0, 0, 0, 0, 0]",-1,-3.0035000273384683e-06,-1,0
4807,"[0, 3, 0, 6, 1, 9, 0, 3, 0, 1, 0, 2, 0, 0, 0, 0, 0, 1, 0, 0, 2, 0, 0, 0, 0, 0, 0, 0, 0, 0, 0, 0, 1, 1, 2, 2, 0, 0, 2, 0, 0, 1, 1, 0, 2, 2, 0, 1, 0, 0, 0, 0, 0, 0, 0, 2, 0, 0, 0, 0, 0, 0, 0, 2, 2, 2, 3, 2, 0, 1, 1, 4, 2, 5, 1, 6, 2, 4, 2, 0, 973, 0, 0, 0, 0, 0, 0]",4,12.386766620847288,-1,0
4808,"[0, 3, 0, 6, 1, 9, 0, 3, 0, 1, 0, 2, 0, 0, 0, 0, 0, 1, 0, 0, 2, 0, 0, 0, 0, 0, 0, 0, 0, 0, 0, 0, 1, 1, 2, 2, 0, 0, 2, 0, 0, 1, 1, 0, 2, 2, 0, 1, 0, 0, 0, 0, 0, 0, 0, 2, 0, 0, 0, 0, 0, 0, 0, 2, 2, 2, 3, 2, 0, 1, 1, 4, 2, 5, 1, 6, 2, 4, 2, 0, 973, 0, 1, 0, 0, 0, 0]",2,0.40000000000000746,-1,1
4809,"[0, 3, 0, 6, 1, 9, 0, 3, 0, 1, 0, 2, 0, 0, 0, 0, 0, 1, 0, 0, 2, 0, 0, 0, 0, 0, 0, 0, 0, 0, 0, 0, 1, 1, 2, 2, 0, 0, 2, 0, 0, 1, 1, 0, 2, 2, 0, 1, 0, 0, 0, 0, 0, 0, 0, 2, 0, 0, 0, 0, 0, 0, 0, 2, 2, 2, 3, 2, 0, 1, 1, 4, 2, 5, 1, 6, 2, 4, 2, 0, 973, 0, 1, 0, 0, 1, 0]","[[1 0 0 0]
 [0 1 0 0]]",0.6504248650580984,-1,1
4810,"[0, 3, 0, 6, 1, 9, 0, 3, 0, 1, 0, 2, 0, 0, 0, 0, 0, 1, 0, 0, 2, 0, 0, 0, 0, 0, 0, 0, 0, 0, 0, 0, 1, 1, 2, 2, 0, 0, 2, 0, 0, 1, 1, 0, 2, 2, 0, 1, 0, 0, 0, 0, 0, 0, 0, 2, 0, 0, 0, 0, 0, 0, 0, 2, 2, 2, 3, 2, 0, 1, 1, 4, 2, 5, 1, 6, 2, 4, 2, 0, 973, 0, 0, 0, 0, 0, 0]",1,-0.19999999999999254,-1,0
4811,"[0, 1, 0, 3, 1, 4, 0, 1, 0, 1, 0, 2, 0, 0, 0, 0, 0, 1, 0, 0, 2, 0, 0, 0, 0, 0, 0, 0, 0, 0, 0, 0, 1, 1, 2, 2, 0, 0, 2, 0, 0, 1, 1, 0, 2, 2, 0, 1, 0, 0, 0, 0, 0, 0, 0, 2, 0, 0, 0, 0, 0, 0, 0, 2, 2, 2, 3, 2, 0, 1, 1, 4, 2, 5, 1, 6, 2, 4, 2, 5, 974, 0, 0, 0, 0, 0, 0]",4,13.945774173818704,-1,1
4812,"[0, 1, 0, 3, 1, 4, 0, 1, 0, 1, 0, 2, 0, 0, 0, 0, 0, 1, 0, 0, 2, 0, 0, 0, 0, 0, 0, 0, 0, 0, 0, 0, 1, 1, 2, 2, 0, 0, 2, 0, 0, 1, 1, 0, 2, 2, 0, 1, 0, 0, 0, 0, 0, 0, 0, 2, 0, 0, 0, 0, 0, 0, 0, 2, 2, 2, 3, 2, 0, 1, 1, 4, 2, 5, 1, 6, 2, 4, 2, 5, 974, 1, 0, 0, 0, 0, 0]",3,0.20000000000000717,-1,0
4813,"[0, 1, 0, 3, 1, 4, 0, 1, 0, 1, 0, 2, 0, 0, 0, 0, 0, 1, 0, 0, 2, 0, 0, 0, 0, 0, 0, 0, 0, 0, 0, 0, 1, 1, 2, 2, 0, 0, 2, 0, 0, 1, 1, 0, 2, 2, 0, 1, 0, 0, 0, 0, 0, 0, 0, 2, 0, 0, 0, 0, 0, 0, 0, 2, 2, 2, 3, 2, 0, 1, 1, 4, 2, 5, 1, 6, 2, 4, 2, 5, 974, 0, 0, 0, 0, 0, 0]",-1,-2.9440267420739713e-06,-1,0
4814,"[0, 2, 0, 3, 1, 5, 0, 1, 0, 1, 0, 2, 0, 0, 0, 0, 0, 1, 0, 0, 2, 0, 0, 0, 0, 0, 0, 0, 0, 0, 0, 0, 1, 1, 2, 2, 0, 0, 2, 0, 0, 1, 1, 0, 2, 2, 0, 1, 0, 0, 0, 0, 0, 0, 0, 2, 0, 0, 0, 0, 0, 0, 0, 2, 2, 2, 3, 2, 0, 1, 1, 4, 2, 5, 1, 6, 2, 4, 2, 5, 975, 0, 0, 0, 0, 0, 0]",4,13.836629149446422,-1,1
4815,"[0, 1, 0, 1, 1, 2, 0, 1, 0, 1, 0, 2, 0, 0, 0, 0, 0, 1, 0, 0, 2, 0, 0, 0, 0, 0, 0, 0, 0, 0, 0, 0, 1, 1, 2, 2, 0, 0, 2, 0, 0, 1, 1, 0, 2, 2, 0, 1, 0, 0, 0, 0, 0, 0, 0, 2, 0, 0, 0, 0, 0, 0, 0, 2, 2, 2, 3, 2, 0, 1, 1, 4, 2, 5, 1, 6, 2, 4, 2, 1, 976, 0, 0, 0, 0, 0, 0]",4,12.859469000760155,-1,0
4816,"[0, 1, 0, 1, 1, 2, 0, 1, 0, 1, 0, 2, 0, 0, 0, 0, 0, 1, 0, 0, 2, 0, 0, 0, 0, 0, 0, 0, 0, 0, 0, 0, 1, 1, 2, 2, 0, 0, 2, 0, 0, 1, 1, 0, 2, 2, 0, 1, 0, 0, 0, 0, 0, 0, 0, 2, 0, 0, 0, 0, 0, 0, 0, 2, 2, 2, 3, 2, 0, 1, 1, 4, 2, 5, 1, 6, 2, 4, 2, 1, 977, 0, 0, 0, 0, 0, 0]",4,14.373774334836062,-1,1
4817,"[0, 1, 0, 1, 1, 2, 0, 1, 0, 1, 0, 2, 0, 0, 0, 0, 0, 1, 0, 0, 2, 0, 0, 0, 0, 0, 0, 0, 0, 0, 0, 0, 1, 1, 2, 2, 0, 0, 2, 0, 0, 1, 1, 0, 2, 2, 0, 1, 0, 0, 0, 0, 0, 0, 0, 2, 0, 0, 0, 0, 0, 0, 0, 2, 2, 2, 3, 2, 0, 1, 1, 4, 2, 5, 1, 6, 2, 4, 2, 1, 977, 0, 1, 0, 0, 0, 0]",2,0.40000000000000635,-1,0
4818,"[0, 1, 0, 1, 1, 2, 0, 1, 0, 1, 0, 2, 0, 0, 0, 0, 0, 1, 0, 0, 2, 0, 0, 0, 0, 0, 0, 0, 0, 0, 0, 0, 1, 1, 2, 2, 0, 0, 2, 0, 0, 1, 1, 0, 2, 2, 0, 1, 0, 0, 0, 0, 0, 0, 0, 2, 0, 0, 0, 0, 0, 0, 0, 2, 2, 2, 3, 2, 0, 1, 1, 4, 2, 5, 1, 6, 2, 4, 2, 1, 977, 0, 1, 0, 0, 1, 0]","[[0 0 0 1]
 [1 0 0 0]]",0.6504248650580973,-1,0
4819,"[0, 1, 0, 1, 1, 2, 0, 1, 0, 1, 0, 2, 0, 0, 0, 0, 0, 1, 0, 0, 2, 0, 0, 0, 0, 0, 0, 0, 0, 0, 0, 0, 1, 1, 2, 2, 0, 0, 2, 0, 0, 1, 1, 0, 2, 2, 0, 1, 0, 0, 0, 0, 0, 0, 0, 2, 0, 0, 0, 0, 0, 0, 0, 2, 2, 2, 3, 2, 0, 1, 1, 4, 2, 5, 1, 6, 2, 4, 2, 1, 977, 0, 0, 0, 0, 0, 0]",1,-38.383766184073565,-1,1
4820,"[0, 2, 0, 1, 1, 3, 0, 1, 0, 1, 0, 2, 0, 0, 0, 0, 0, 1, 0, 0, 2, 0, 0, 0, 0, 0, 0, 0, 0, 0, 0, 0, 1, 1, 2, 2, 0, 0, 2, 0, 0, 1, 1, 0, 2, 2, 0, 1, 0, 0, 0, 0, 0, 0, 0, 2, 0, 0, 0, 0, 0, 0, 0, 2, 2, 2, 3, 2, 0, 1, 1, 4, 2, 5, 1, 6, 2, 4, 2, 1, 978, 0, 0, 0, 0, 0, 0]",4,12.655674355855194,-1,0
4821,"[0, 2, 0, 1, 1, 3, 0, 1, 0, 1, 0, 2, 0, 0, 0, 0, 0, 1, 0, 0, 2, 0, 0, 0, 0, 0, 0, 0, 0, 0, 0, 0, 1, 1, 2, 2, 0, 0, 2, 0, 0, 1, 1, 0, 2, 2, 0, 1, 0, 0, 0, 0, 0, 0, 0, 2, 0, 0, 0, 0, 0, 0, 0, 2, 2, 2, 3, 2, 0, 1, 1, 4, 2, 5, 1, 6, 2, 4, 2, 1, 978, 0, 1, 0, 0, 0, 0]",2,0.40000000000000613,-1,1
4822,"[0, 2, 0, 1, 1, 3, 0, 1, 0, 1, 0, 2, 0, 0, 0, 0, 0, 1, 0, 0, 2, 0, 0, 0, 0, 0, 0, 0, 0, 0, 0, 0, 1, 1, 2, 2, 0, 0, 2, 0, 0, 1, 1, 0, 2, 2, 0, 1, 0, 0, 0, 0, 0, 0, 0, 2, 0, 0, 0, 0, 0, 0, 0, 2, 2, 2, 3, 2, 0, 1, 1, 4, 2, 5, 1, 6, 2, 4, 2, 1, 978, 0, 1, 0, 0, 1, 0]","[[1 0 0 0]
 [0 0 0 1]]",0.650424865058097,-1,1
4823,"[1, 2, 0, 0, 0, 3, 0, 2, 0, 1, 0, 2, 0, 0, 0, 0, 0, 1, 0, 0, 2, 0, 0, 0, 0, 0, 0, 0, 0, 0, 0, 0, 1, 1, 2, 2, 0, 0, 2, 0, 0, 1, 1, 0, 2, 2, 0, 1, 0, 0, 0, 0, 0, 0, 0, 2, 0, 0, 0, 0, 0, 0, 0, 2, 2, 2, 3, 2, 0, 1, 1, 4, 2, 5, 1, 6, 2, 4, 2, 1, 978, 0, 0, 0, 0, 0, 0]",0,-0.19999999999999388,-1,0
4824,"[1, 3, 0, 0, 0, 4, 0, 2, 0, 1, 0, 2, 0, 0, 0, 0, 0, 1, 0, 0, 2, 0, 0, 0, 0, 0, 0, 0, 0, 0, 0, 0, 1, 1, 2, 2, 0, 0, 2, 0, 0, 1, 1, 0, 2, 2, 0, 1, 0, 0, 0, 0, 0, 0, 0, 2, 0, 0, 0, 0, 0, 0, 0, 2, 2, 2, 3, 2, 0, 1, 1, 4, 2, 5, 1, 6, 2, 4, 2, 1, 979, 0, 0, 0, 0, 0, 0]",4,13.850712871619503,-1,1
4825,"[1, 3, 0, 0, 0, 4, 0, 2, 0, 1, 0, 2, 0, 0, 0, 0, 0, 1, 0, 0, 2, 0, 0, 0, 0, 0, 0, 0, 0, 0, 0, 0, 1, 1, 2, 2, 0, 0, 2, 0, 0, 1, 1, 0, 2, 2, 0, 1, 0, 0, 0, 0, 0, 0, 0, 2, 0, 0, 0, 0, 0, 0, 0, 2, 2, 2, 3, 2, 0, 1, 1, 4, 2, 5, 1, 6, 2, 4, 2, 1, 979, 0, 0, 0, 0, 0, 0]",0,0.2949747468305891,-1,0
4826,"[1, 3, 0, 0, 0, 4, 0, 2, 0, 1, 0, 2, 0, 0, 0, 0, 0, 1, 0, 0, 2, 0, 0, 0, 0, 0, 0, 0, 0, 0, 0, 0, 1, 1, 2, 2, 0, 0, 2, 0, 0, 1, 1, 0, 2, 2, 0, 1, 0, 0, 0, 0, 0, 0, 0, 2, 0, 0, 0, 0, 0, 0, 0, 2, 2, 2, 3, 2, 0, 1, 1, 4, 2, 5, 1, 6, 2, 4, 2, 1, 979, 0, 0, 0, 0, 0, 0]",-1,-2.8004448635777333e-06,-1,0
4827,"[1, 4, 0, 0, 0, 5, 0, 2, 0, 1, 0, 2, 0, 0, 0, 0, 0, 1, 0, 0, 2, 0, 0, 0, 0, 0, 0, 0, 0, 0, 0, 0, 1, 1, 2, 2, 0, 0, 2, 0, 0, 1, 1, 0, 2, 2, 0, 1, 0, 0, 0, 0, 0, 0, 0, 2, 0, 0, 0, 0, 0, 0, 0, 2, 2, 2, 3, 2, 0, 1, 1, 4, 2, 5, 1, 6, 2, 4, 2, 1, 980, 0, 0, 0, 0, 0, 0]",4,13.784976399216466,-1,1
4828,"[1, 4, 0, 0, 0, 5, 0, 2, 0, 1, 0, 2, 0, 0, 0, 0, 0, 1, 0, 0, 2, 0, 0, 0, 0, 0, 0, 0, 0, 0, 0, 0, 1, 1, 2, 2, 0, 0, 2, 0, 0, 1, 1, 0, 2, 2, 0, 1, 0, 0, 0, 0, 0, 0, 0, 2, 0, 0, 0, 0, 0, 0, 0, 2, 2, 2, 3, 2, 0, 1, 1, 4, 2, 5, 1, 6, 2, 4, 2, 1, 980, 0, 0, 0, 0, 0, 0]",0,0.2949747468305889,-1,0
4829,"[1, 4, 0, 0, 0, 5, 0, 2, 0, 1, 0, 2, 0, 0, 0, 0, 0, 1, 0, 0, 2, 0, 0, 0, 0, 0, 0, 0, 0, 0, 0, 0, 1, 1, 2, 2, 0, 0, 2, 0, 0, 1, 1, 0, 2, 2, 0, 1, 0, 0, 0, 0, 0, 0, 0, 2, 0, 0, 0, 0, 0, 0, 0, 2, 2, 2, 3, 2, 0, 1, 1, 4, 2, 5, 1, 6, 2, 4, 2, 1, 980, 0, 0, 0, 0, 0, 0]",-1,-2.7725799716088475e-06,-1,0
4830,"[1, 4, 0, 0, 0, 5, 0, 2, 0, 1, 0, 2, 0, 0, 0, 0, 0, 1, 0, 0, 2, 0, 0, 0, 0, 0, 0, 0, 0, 0, 0, 0, 1, 1, 2, 2, 0, 0, 2, 0, 0, 1, 1, 0, 2, 2, 0, 1, 0, 0, 0, 0, 0, 0, 0, 2, 0, 0, 0, 0, 0, 0, 0, 2, 2, 2, 3, 2, 0, 1, 1, 4, 2, 5, 1, 6, 2, 4, 2, 1, 980, 0, 0, 0, 0, 0, 0]",0,0.2949747468305889,-1,0
4831,"[1, 4, 0, 0, 0, 5, 0, 2, 0, 1, 0, 2, 0, 0, 0, 0, 0, 1, 0, 0, 2, 0, 0, 0, 0, 0, 0, 0, 0, 0, 0, 0, 1, 1, 2, 2, 0, 0, 2, 0, 0, 1, 1, 0, 2, 2, 0, 1, 0, 0, 0, 0, 0, 0, 0, 2, 0, 0, 0, 0, 0, 0, 0, 2, 2, 2, 3, 2, 0, 1, 1, 4, 2, 5, 1, 6, 2, 4, 2, 1, 980, 0, 0, 0, 0, 0, 0]",-1,-2.7725799716088475e-06,-1,0
4832,"[1, 4, 0, 0, 0, 5, 0, 2, 0, 1, 0, 2, 0, 0, 0, 0, 0, 1, 0, 0, 2, 0, 0, 0, 0, 0, 0, 0, 0, 0, 0, 0, 1, 1, 2, 2, 0, 0, 2, 0, 0, 1, 1, 0, 2, 2, 0, 1, 0, 0, 0, 0, 0, 0, 0, 2, 0, 0, 0, 0, 0, 0, 0, 2, 2, 2, 3, 2, 0, 1, 1, 4, 2, 5, 1, 6, 2, 4, 2, 1, 980, 0, 0, 0, 0, 0, 0]",0,0.2949747468305889,-1,0
4833,"[1, 4, 0, 0, 0, 5, 0, 2, 0, 1, 0, 2, 0, 0, 0, 0, 0, 1, 0, 0, 2, 0, 0, 0, 0, 0, 0, 0, 0, 0, 0, 0, 1, 1, 2, 2, 0, 0, 2, 0, 0, 1, 1, 0, 2, 2, 0, 1, 0, 0, 0, 0, 0, 0, 0, 2, 0, 0, 0, 0, 0, 0, 0, 2, 2, 2, 3, 2, 0, 1, 1, 4, 2, 5, 1, 6, 2, 4, 2, 1, 980, 0, 0, 0, 0, 0, 0]",-1,-2.7725799716088475e-06,-1,0
4834,"[1, 4, 0, 0, 0, 5, 0, 2, 0, 1, 0, 2, 0, 0, 0, 0, 0, 1, 0, 0, 2, 0, 0, 0, 0, 0, 0, 0, 0, 0, 0, 0, 1, 1, 2, 2, 0, 0, 2, 0, 0, 1, 1, 0, 2, 2, 0, 1, 0, 0, 0, 0, 0, 0, 0, 2, 0, 0, 0, 0, 0, 0, 0, 2, 2, 2, 3, 2, 0, 1, 1, 4, 2, 5, 1, 6, 2, 4, 2, 1, 980, 0, 0, 0, 0, 0, 0]",0,0.2949747468305889,-1,0
4835,"[1, 4, 0, 0, 0, 5, 0, 2, 0, 1, 0, 2, 0, 0, 0, 0, 0, 1, 0, 0, 2, 0, 0, 0, 0, 0, 0, 0, 0, 0, 0, 0, 1, 1, 2, 2, 0, 0, 2, 0, 0, 1, 1, 0, 2, 2, 0, 1, 0, 0, 0, 0, 0, 0, 0, 2, 0, 0, 0, 0, 0, 0, 0, 2, 2, 2, 3, 2, 0, 1, 1, 4, 2, 5, 1, 6, 2, 4, 2, 1, 980, 0, 0, 0, 0, 0, 0]",-1,-2.7725799716088475e-06,-1,0
4836,"[1, 4, 0, 0, 0, 5, 0, 2, 0, 1, 0, 2, 0, 0, 0, 0, 0, 1, 0, 0, 2, 0, 0, 0, 0, 0, 0, 0, 0, 0, 0, 0, 1, 1, 2, 2, 0, 0, 2, 0, 0, 1, 1, 0, 2, 2, 0, 1, 0, 0, 0, 0, 0, 0, 0, 2, 0, 0, 0, 0, 0, 0, 0, 2, 2, 2, 3, 2, 0, 1, 1, 4, 2, 5, 1, 6, 2, 4, 2, 1, 980, 0, 0, 0, 0, 0, 0]",0,0.2949747468305889,-1,0
4837,"[1, 4, 0, 0, 0, 5, 0, 2, 0, 1, 0, 2, 0, 0, 0, 0, 0, 1, 0, 0, 2, 0, 0, 0, 0, 0, 0, 0, 0, 0, 0, 0, 1, 1, 2, 2, 0, 0, 2, 0, 0, 1, 1, 0, 2, 2, 0, 1, 0, 0, 0, 0, 0, 0, 0, 2, 0, 0, 0, 0, 0, 0, 0, 2, 2, 2, 3, 2, 0, 1, 1, 4, 2, 5, 1, 6, 2, 4, 2, 1, 980, 0, 0, 0, 0, 0, 0]",-1,-2.7725799716088475e-06,-1,0
4838,"[1, 4, 0, 0, 0, 5, 0, 2, 0, 1, 0, 2, 0, 0, 0, 0, 0, 1, 0, 0, 2, 0, 0, 0, 0, 0, 0, 0, 0, 0, 0, 0, 1, 1, 2, 2, 0, 0, 2, 0, 0, 1, 1, 0, 2, 2, 0, 1, 0, 0, 0, 0, 0, 0, 0, 2, 0, 0, 0, 0, 0, 0, 0, 2, 2, 2, 3, 2, 0, 1, 1, 4, 2, 5, 1, 6, 2, 4, 2, 1, 980, 0, 0, 0, 0, 0, 0]",0,0.2949747468305889,-1,0
4839,"[1, 4, 0, 0, 0, 5, 0, 2, 0, 1, 0, 2, 0, 0, 0, 0, 0, 1, 0, 0, 2, 0, 0, 0, 0, 0, 0, 0, 0, 0, 0, 0, 1, 1, 2, 2, 0, 0, 2, 0, 0, 1, 1, 0, 2, 2, 0, 1, 0, 0, 0, 0, 0, 0, 0, 2, 0, 0, 0, 0, 0, 0, 0, 2, 2, 2, 3, 2, 0, 1, 1, 4, 2, 5, 1, 6, 2, 4, 2, 1, 980, 0, 0, 0, 0, 0, 0]",-1,-2.7725799716088475e-06,-1,0
4840,"[1, 4, 0, 0, 0, 5, 0, 2, 0, 1, 0, 2, 0, 0, 0, 0, 0, 1, 0, 0, 2, 0, 0, 0, 0, 0, 0, 0, 0, 0, 0, 0, 1, 1, 2, 2, 0, 0, 2, 0, 0, 1, 1, 0, 2, 2, 0, 1, 0, 0, 0, 0, 0, 0, 0, 2, 0, 0, 0, 0, 0, 0, 0, 2, 2, 2, 3, 2, 0, 1, 1, 4, 2, 5, 1, 6, 2, 4, 2, 1, 980, 0, 0, 0, 0, 0, 0]",0,0.2949747468305889,-1,0
4841,"[1, 4, 0, 0, 0, 5, 0, 2, 0, 1, 0, 2, 0, 0, 0, 0, 0, 1, 0, 0, 2, 0, 0, 0, 0, 0, 0, 0, 0, 0, 0, 0, 1, 1, 2, 2, 0, 0, 2, 0, 0, 1, 1, 0, 2, 2, 0, 1, 0, 0, 0, 0, 0, 0, 0, 2, 0, 0, 0, 0, 0, 0, 0, 2, 2, 2, 3, 2, 0, 1, 1, 4, 2, 5, 1, 6, 2, 4, 2, 1, 980, 0, 0, 0, 0, 0, 0]",-1,-2.7725799716088475e-06,-1,0
4842,"[1, 4, 0, 0, 0, 5, 0, 2, 0, 1, 0, 2, 0, 0, 0, 0, 0, 1, 0, 0, 2, 0, 0, 0, 0, 0, 0, 0, 0, 0, 0, 0, 1, 1, 2, 2, 0, 0, 2, 0, 0, 1, 1, 0, 2, 2, 0, 1, 0, 0, 0, 0, 0, 0, 0, 2, 0, 0, 0, 0, 0, 0, 0, 2, 2, 2, 3, 2, 0, 1, 1, 4, 2, 5, 1, 6, 2, 4, 2, 1, 980, 0, 0, 0, 0, 0, 0]",1,0.6096241150996223,-1,0
4843,"[1, 4, 0, 0, 0, 5, 0, 2, 0, 1, 0, 2, 0, 0, 0, 0, 0, 1, 0, 0, 2, 0, 0, 0, 0, 0, 0, 0, 0, 0, 0, 0, 1, 1, 2, 2, 0, 0, 2, 0, 0, 1, 1, 0, 2, 2, 0, 1, 0, 0, 0, 0, 0, 0, 0, 2, 0, 0, 0, 0, 0, 0, 0, 2, 2, 2, 3, 2, 0, 1, 1, 4, 2, 5, 1, 6, 2, 4, 2, 1, 980, 0, 0, 0, 0, 0, 0]",-1,-2.7725799716088475e-06,-1,0
4844,"[1, 5, 0, 0, 0, 6, 0, 2, 0, 1, 0, 2, 0, 0, 0, 0, 0, 1, 0, 0, 2, 0, 0, 0, 0, 0, 0, 0, 0, 0, 0, 0, 1, 1, 2, 2, 0, 0, 2, 0, 0, 1, 1, 0, 2, 2, 0, 1, 0, 0, 0, 0, 0, 0, 0, 2, 0, 0, 0, 0, 0, 0, 0, 2, 2, 2, 3, 2, 0, 1, 1, 4, 2, 5, 1, 6, 2, 4, 2, 1, 981, 0, 0, 0, 0, 0, 0]",4,12.275571290456814,-1,0
4845,"[1, 5, 0, 0, 1, 6, 0, 2, 0, 1, 0, 2, 0, 0, 0, 0, 0, 1, 0, 0, 2, 0, 0, 0, 0, 0, 0, 0, 0, 0, 0, 0, 1, 1, 2, 2, 0, 0, 2, 0, 0, 1, 1, 0, 2, 2, 0, 1, 0, 0, 0, 0, 0, 0, 0, 2, 0, 0, 0, 0, 0, 0, 0, 2, 2, 2, 3, 2, 0, 1, 1, 4, 2, 5, 1, 6, 2, 4, 2, 1, 982, 0, 0, 0, 0, 0, 0]",4,13.85831810771232,-1,1
4846,"[1, 5, 0, 0, 1, 6, 0, 2, 0, 1, 0, 2, 0, 0, 0, 0, 0, 1, 0, 0, 2, 0, 0, 0, 0, 0, 0, 0, 0, 0, 0, 0, 1, 1, 2, 2, 0, 0, 2, 0, 0, 1, 1, 0, 2, 2, 0, 1, 0, 0, 0, 0, 0, 0, 0, 2, 0, 0, 0, 0, 0, 0, 0, 2, 2, 2, 3, 2, 0, 1, 1, 4, 2, 5, 1, 6, 2, 4, 2, 1, 982, 1, 0, 0, 0, 0, 0]",3,0.2000000000000052,-1,0
4847,"[1, 5, 0, 0, 1, 6, 0, 2, 0, 1, 0, 2, 0, 0, 0, 0, 0, 1, 0, 0, 2, 0, 0, 0, 0, 0, 0, 0, 0, 0, 0, 0, 1, 1, 2, 2, 0, 0, 2, 0, 0, 1, 1, 0, 2, 2, 0, 1, 0, 0, 0, 0, 0, 0, 0, 2, 0, 0, 0, 0, 0, 0, 0, 2, 2, 2, 3, 2, 0, 1, 1, 4, 2, 5, 1, 6, 2, 4, 2, 1, 982, 0, 0, 0, 0, 0, 0]",-1,-2.7176792098078743e-06,-1,0
4848,"[1, 5, 0, 0, 1, 6, 0, 2, 0, 1, 0, 2, 0, 0, 0, 0, 0, 1, 0, 0, 2, 0, 0, 0, 0, 0, 0, 0, 0, 0, 0, 0, 1, 1, 2, 2, 0, 0, 2, 0, 0, 1, 1, 0, 2, 2, 0, 1, 0, 0, 0, 0, 0, 0, 0, 2, 0, 0, 0, 0, 0, 0, 0, 2, 2, 2, 3, 2, 0, 1, 1, 4, 2, 5, 1, 6, 2, 4, 2, 1, 982, 1, 0, 0, 0, 0, 0]",3,0.2000000000000052,-1,0
4849,"[1, 5, 0, 0, 1, 6, 0, 2, 0, 1, 0, 2, 0, 0, 0, 0, 0, 1, 0, 0, 2, 0, 0, 0, 0, 0, 0, 0, 0, 0, 0, 0, 1, 1, 2, 2, 0, 0, 2, 0, 0, 1, 1, 0, 2, 2, 0, 1, 0, 0, 0, 0, 0, 0, 0, 2, 0, 0, 0, 0, 0, 0, 0, 2, 2, 2, 3, 2, 0, 1, 1, 4, 2, 5, 1, 6, 2, 4, 2, 1, 982, 0, 0, 0, 0, 0, 0]",-1,-2.7176792098078743e-06,-1,0
4850,"[1, 5, 0, 0, 1, 6, 0, 2, 0, 1, 0, 2, 0, 0, 0, 0, 0, 1, 0, 0, 2, 0, 0, 0, 0, 0, 0, 0, 0, 0, 0, 0, 1, 1, 2, 2, 0, 0, 2, 0, 0, 1, 1, 0, 2, 2, 0, 1, 0, 0, 0, 0, 0, 0, 0, 2, 0, 0, 0, 0, 0, 0, 0, 2, 2, 2, 3, 2, 0, 1, 1, 4, 2, 5, 1, 6, 2, 4, 2, 1, 982, 0, 0, 0, 0, 0, 0]",1,0.6096241150996219,-1,0
4851,"[1, 5, 0, 0, 1, 6, 0, 2, 0, 1, 0, 2, 0, 0, 0, 0, 0, 1, 0, 0, 2, 0, 0, 0, 0, 0, 0, 0, 0, 0, 0, 0, 1, 1, 2, 2, 0, 0, 2, 0, 0, 1, 1, 0, 2, 2, 0, 1, 0, 0, 0, 0, 0, 0, 0, 2, 0, 0, 0, 0, 0, 0, 0, 2, 2, 2, 3, 2, 0, 1, 1, 4, 2, 5, 1, 6, 2, 4, 2, 1, 982, 0, 0, 0, 0, 0, 0]",-1,-2.7176792098078743e-06,-1,0
4852,"[1, 5, 0, 0, 1, 6, 0, 2, 0, 1, 0, 2, 0, 0, 0, 0, 0, 1, 0, 0, 2, 0, 0, 0, 0, 0, 0, 0, 0, 0, 0, 0, 1, 1, 2, 2, 0, 0, 2, 0, 0, 1, 1, 0, 2, 2, 0, 1, 0, 0, 0, 0, 0, 0, 0, 2, 0, 0, 0, 0, 0, 0, 0, 2, 2, 2, 3, 2, 0, 1, 1, 4, 2, 5, 1, 6, 2, 4, 2, 1, 982, 0, 0, 0, 0, 0, 0]",1,0.6096241150996219,-1,0
4853,"[1, 5, 0, 0, 1, 6, 0, 2, 0, 1, 0, 2, 0, 0, 0, 0, 0, 1, 0, 0, 2, 0, 0, 0, 0, 0, 0, 0, 0, 0, 0, 0, 1, 1, 2, 2, 0, 0, 2, 0, 0, 1, 1, 0, 2, 2, 0, 1, 0, 0, 0, 0, 0, 0, 0, 2, 0, 0, 0, 0, 0, 0, 0, 2, 2, 2, 3, 2, 0, 1, 1, 4, 2, 5, 1, 6, 2, 4, 2, 1, 982, 0, 0, 0, 0, 0, 0]",-1,-2.7176792098078743e-06,-1,0
4854,"[1, 6, 0, 0, 1, 7, 0, 2, 0, 1, 0, 2, 0, 0, 0, 0, 0, 1, 0, 0, 2, 0, 0, 0, 0, 0, 0, 0, 0, 0, 0, 0, 1, 1, 2, 2, 0, 0, 2, 0, 0, 1, 1, 0, 2, 2, 0, 1, 0, 0, 0, 0, 0, 0, 0, 2, 0, 0, 0, 0, 0, 0, 0, 2, 2, 2, 3, 2, 0, 1, 1, 4, 2, 5, 1, 6, 2, 4, 2, 1, 983, 0, 0, 0, 0, 0, 0]",4,12.219957480699696,-1,0
4855,"[1, 6, 0, 0, 1, 7, 0, 2, 0, 1, 0, 2, 0, 0, 0, 0, 0, 1, 0, 0, 2, 0, 0, 0, 0, 0, 0, 0, 0, 0, 0, 0, 1, 1, 2, 2, 0, 0, 2, 0, 0, 1, 1, 0, 2, 2, 0, 1, 0, 0, 0, 0, 0, 0, 0, 2, 0, 0, 0, 0, 0, 0, 0, 2, 2, 2, 3, 2, 0, 1, 1, 4, 2, 5, 1, 6, 2, 4, 2, 1, 983, 0, 1, 0, 0, 0, 0]",2,0.400000000000005,-1,1
4856,"[1, 6, 0, 0, 1, 7, 0, 2, 0, 1, 0, 2, 0, 0, 0, 0, 0, 1, 0, 0, 2, 0, 0, 0, 0, 0, 0, 0, 0, 0, 0, 0, 1, 1, 2, 2, 0, 0, 2, 0, 0, 1, 1, 0, 2, 2, 0, 1, 0, 0, 0, 0, 0, 0, 0, 2, 0, 0, 0, 0, 0, 0, 0, 2, 2, 2, 3, 2, 0, 1, 1, 4, 2, 5, 1, 6, 2, 4, 2, 1, 983, 0, 1, 0, 0, 1, 0]","[[0 1 0 0]
 [1 0 0 0]]",0.6504248650580959,-1,1
4857,"[0, 7, 0, 0, 2, 6, 0, 2, 0, 1, 0, 2, 0, 0, 0, 0, 0, 1, 0, 0, 2, 0, 0, 0, 0, 0, 0, 0, 0, 0, 0, 0, 1, 1, 2, 2, 0, 0, 2, 0, 0, 1, 1, 0, 2, 2, 0, 1, 0, 0, 0, 0, 0, 0, 0, 2, 0, 0, 0, 0, 0, 0, 0, 2, 2, 2, 3, 2, 0, 1, 1, 4, 2, 5, 1, 6, 2, 4, 2, 1, 983, 0, 0, 0, 0, 0, 0]",0,-0.199999999999995,-1,0
4858,"[0, 8, 0, 0, 2, 7, 0, 2, 0, 1, 0, 2, 0, 0, 0, 0, 0, 1, 0, 0, 2, 0, 0, 0, 0, 0, 0, 0, 0, 0, 0, 0, 1, 1, 2, 2, 0, 0, 2, 0, 0, 1, 1, 0, 2, 2, 0, 1, 0, 0, 0, 0, 0, 0, 0, 2, 0, 0, 0, 0, 0, 0, 0, 2, 2, 2, 3, 2, 0, 1, 1, 4, 2, 5, 1, 6, 2, 4, 2, 1, 984, 0, 0, 0, 0, 0, 0]",4,13.882278711307722,-1,1
4859,"[0, 8, 0, 0, 2, 7, 0, 2, 0, 1, 0, 2, 0, 0, 0, 0, 0, 1, 0, 0, 2, 0, 0, 0, 0, 0, 0, 0, 0, 0, 0, 0, 1, 1, 2, 2, 0, 0, 2, 0, 0, 1, 1, 0, 2, 2, 0, 1, 0, 0, 0, 0, 0, 0, 0, 2, 0, 0, 0, 0, 0, 0, 0, 2, 2, 2, 3, 2, 0, 1, 1, 4, 2, 5, 1, 6, 2, 4, 2, 1, 984, 0, 0, 0, 0, 0, 0]",1,0.6096241150996216,-1,0
4860,"[0, 8, 0, 0, 2, 7, 0, 2, 0, 1, 0, 2, 0, 0, 0, 0, 0, 1, 0, 0, 2, 0, 0, 0, 0, 0, 0, 0, 0, 0, 0, 0, 1, 1, 2, 2, 0, 0, 2, 0, 0, 1, 1, 0, 2, 2, 0, 1, 0, 0, 0, 0, 0, 0, 0, 2, 0, 0, 0, 0, 0, 0, 0, 2, 2, 2, 3, 2, 0, 1, 1, 4, 2, 5, 1, 6, 2, 4, 2, 1, 984, 0, 0, 0, 0, 0, 0]",-1,-2.663865555927031e-06,-1,0
4861,"[0, 8, 0, 0, 3, 7, 0, 2, 0, 1, 0, 2, 0, 0, 0, 0, 0, 1, 0, 0, 2, 0, 0, 0, 0, 0, 0, 0, 0, 0, 0, 0, 1, 1, 2, 2, 0, 0, 2, 0, 0, 1, 1, 0, 2, 2, 0, 1, 0, 0, 0, 0, 0, 0, 0, 2, 0, 0, 0, 0, 0, 0, 0, 2, 2, 2, 3, 2, 0, 1, 1, 4, 2, 5, 1, 6, 2, 4, 2, 1, 985, 0, 0, 0, 0, 0, 0]",4,13.939161589598378,-1,1
4862,"[0, 8, 0, 0, 3, 7, 0, 2, 0, 1, 0, 2, 0, 0, 0, 0, 0, 1, 0, 0, 2, 0, 0, 0, 0, 0, 0, 0, 0, 0, 0, 0, 1, 1, 2, 2, 0, 0, 2, 0, 0, 1, 1, 0, 2, 2, 0, 1, 0, 0, 0, 0, 0, 0, 0, 2, 0, 0, 0, 0, 0, 0, 0, 2, 2, 2, 3, 2, 0, 1, 1, 4, 2, 5, 1, 6, 2, 4, 2, 1, 985, 0, 0, 0, 0, 0, 0]",1,0.6096241150996213,-1,0
4863,"[0, 8, 0, 0, 3, 7, 0, 2, 0, 1, 0, 2, 0, 0, 0, 0, 0, 1, 0, 0, 2, 0, 0, 0, 0, 0, 0, 0, 0, 0, 0, 0, 1, 1, 2, 2, 0, 0, 2, 0, 0, 1, 1, 0, 2, 2, 0, 1, 0, 0, 0, 0, 0, 0, 0, 2, 0, 0, 0, 0, 0, 0, 0, 2, 2, 2, 3, 2, 0, 1, 1, 4, 2, 5, 1, 6, 2, 4, 2, 1, 985, 0, 0, 0, 0, 0, 0]",-1,-2.6373596507756928e-06,-1,0
4864,"[0, 9, 0, 0, 3, 8, 0, 2, 0, 1, 0, 2, 0, 0, 0, 0, 0, 1, 0, 0, 2, 0, 0, 0, 0, 0, 0, 0, 0, 0, 0, 0, 1, 1, 2, 2, 0, 0, 2, 0, 0, 1, 1, 0, 2, 2, 0, 1, 0, 0, 0, 0, 0, 0, 0, 2, 0, 0, 0, 0, 0, 0, 0, 2, 2, 2, 3, 2, 0, 1, 1, 4, 2, 5, 1, 6, 2, 4, 2, 1, 986, 0, 0, 0, 0, 0, 0]",4,12.008610628742339,-1,0
4865,"[0, 9, 0, 0, 3, 8, 0, 2, 0, 1, 0, 2, 0, 0, 0, 0, 0, 1, 0, 0, 2, 0, 0, 0, 0, 0, 0, 0, 0, 0, 0, 0, 1, 1, 2, 2, 0, 0, 2, 0, 0, 1, 1, 0, 2, 2, 0, 1, 0, 0, 0, 0, 0, 0, 0, 2, 0, 0, 0, 0, 0, 0, 0, 2, 2, 2, 3, 2, 0, 1, 1, 4, 2, 5, 1, 6, 2, 4, 2, 1, 987, 0, 0, 0, 0, 0, 0]",4,13.889999177516103,-1,1
4866,"[0, 9, 0, 0, 3, 8, 0, 2, 0, 1, 0, 2, 0, 0, 0, 0, 0, 1, 0, 0, 2, 0, 0, 0, 0, 0, 0, 0, 0, 0, 0, 0, 1, 1, 2, 2, 0, 0, 2, 0, 0, 1, 1, 0, 2, 2, 0, 1, 0, 0, 0, 0, 0, 0, 0, 2, 0, 0, 0, 0, 0, 0, 0, 2, 2, 2, 3, 2, 0, 1, 1, 4, 2, 5, 1, 6, 2, 4, 2, 1, 987, 1, 0, 0, 0, 0, 0]",3,0.20000000000000429,-1,0
4867,"[0, 9, 0, 0, 3, 8, 0, 2, 0, 1, 0, 2, 0, 0, 0, 0, 0, 1, 0, 0, 2, 0, 0, 0, 0, 0, 0, 0, 0, 0, 0, 0, 1, 1, 2, 2, 0, 0, 2, 0, 0, 1, 1, 0, 2, 2, 0, 1, 0, 0, 0, 0, 0, 0, 0, 2, 0, 0, 0, 0, 0, 0, 0, 2, 2, 2, 3, 2, 0, 1, 1, 4, 2, 5, 1, 6, 2, 4, 2, 1, 987, 0, 0, 0, 0, 0, 0]",-1,-2.585136430723098e-06,-1,0
4868,"[0, 9, 0, 0, 3, 8, 0, 2, 0, 1, 0, 2, 0, 0, 0, 0, 0, 1, 0, 0, 2, 0, 0, 0, 0, 0, 0, 0, 0, 0, 0, 0, 1, 1, 2, 2, 0, 0, 2, 0, 0, 1, 1, 0, 2, 2, 0, 1, 0, 0, 0, 0, 0, 0, 0, 2, 0, 0, 0, 0, 0, 0, 0, 2, 2, 2, 3, 2, 0, 1, 1, 4, 2, 5, 1, 6, 2, 4, 2, 1, 987, 0, 1, 0, 0, 0, 0]",2,0.40000000000000424,-1,0
4869,"[0, 9, 0, 0, 3, 8, 0, 2, 0, 1, 0, 2, 0, 0, 0, 0, 0, 1, 0, 0, 2, 0, 0, 0, 0, 0, 0, 0, 0, 0, 0, 0, 1, 1, 2, 2, 0, 0, 2, 0, 0, 1, 1, 0, 2, 2, 0, 1, 0, 0, 0, 0, 0, 0, 0, 2, 0, 0, 0, 0, 0, 0, 0, 2, 2, 2, 3, 2, 0, 1, 1, 4, 2, 5, 1, 6, 2, 4, 2, 1, 987, 0, 1, 0, 0, 1, 0]","[[0 1 0 0]
 [1 0 0 0]]",0.6504248650580952,-1,0
4870,"[0, 9, 0, 0, 3, 8, 0, 2, 0, 1, 0, 2, 0, 0, 0, 0, 0, 1, 0, 0, 2, 0, 0, 0, 0, 0, 0, 0, 0, 0, 0, 0, 1, 1, 2, 2, 0, 0, 2, 0, 0, 1, 1, 0, 2, 2, 0, 1, 0, 0, 0, 0, 0, 0, 0, 2, 0, 0, 0, 0, 0, 0, 0, 2, 2, 2, 3, 2, 0, 1, 1, 4, 2, 5, 1, 6, 2, 4, 2, 1, 987, 0, 1, 0, 0, 0, 1]",2,-0.19999999999999574,-1,1
4871,"[0, 9, 0, 0, 3, 8, 0, 2, 0, 1, 0, 2, 0, 0, 0, 0, 0, 1, 0, 0, 2, 0, 0, 0, 0, 0, 0, 0, 0, 0, 0, 0, 1, 1, 2, 2, 0, 0, 2, 0, 0, 1, 1, 0, 2, 2, 0, 1, 0, 0, 0, 0, 0, 0, 0, 2, 0, 0, 0, 0, 0, 0, 0, 2, 2, 2, 3, 2, 0, 1, 1, 4, 2, 5, 1, 6, 2, 4, 2, 1, 987, 0, 0, 1, 0, 0, 0]","[[0 0 0 1]
 [0 2 0 0]]",-0.19999999999999574,-1,1
4872,"[0, 9, 0, 0, 3, 8, 0, 2, 0, 1, 0, 2, 0, 0, 0, 0, 0, 1, 0, 0, 2, 0, 0, 0, 0, 0, 0, 0, 0, 0, 0, 0, 1, 1, 2, 2, 0, 0, 2, 0, 0, 1, 1, 0, 2, 2, 0, 1, 0, 0, 0, 0, 0, 0, 0, 2, 0, 0, 0, 0, 0, 0, 0, 2, 2, 2, 3, 2, 0, 1, 1, 4, 2, 5, 1, 6, 2, 4, 2, 1, 987, 0, 0, 0, 0, 0, 0]",1,-10.471303825707704,-1,0
4873,"[0, 9, 0, 0, 3, 8, 0, 2, 0, 1, 0, 2, 0, 0, 0, 0, 0, 1, 0, 0, 2, 0, 0, 0, 0, 0, 0, 0, 0, 0, 0, 0, 1, 1, 2, 2, 0, 0, 2, 0, 0, 1, 1, 0, 2, 2, 0, 1, 0, 0, 0, 0, 0, 0, 0, 2, 0, 0, 0, 0, 0, 0, 0, 2, 2, 2, 3, 2, 0, 1, 1, 4, 2, 5, 1, 6, 2, 4, 2, 1, 987, 1, 0, 0, 0, 0, 0]",3,0.20000000000000429,-1,0
4874,"[0, 9, 0, 0, 3, 8, 0, 2, 0, 1, 0, 2, 0, 0, 0, 0, 0, 1, 0, 0, 2, 0, 0, 0, 0, 0, 0, 0, 0, 0, 0, 0, 1, 1, 2, 2, 0, 0, 2, 0, 0, 1, 1, 0, 2, 2, 0, 1, 0, 0, 0, 0, 0, 0, 0, 2, 0, 0, 0, 0, 0, 0, 0, 2, 2, 2, 3, 2, 0, 1, 1, 4, 2, 5, 1, 6, 2, 4, 2, 1, 987, 0, 0, 0, 0, 0, 0]",-1,-2.585136430723098e-06,-1,0
4875,"[0, 9, 0, 0, 3, 8, 0, 2, 0, 1, 0, 2, 0, 0, 0, 0, 0, 1, 0, 0, 2, 0, 0, 0, 0, 0, 0, 0, 0, 0, 0, 0, 1, 1, 2, 2, 0, 0, 2, 0, 0, 1, 1, 0, 2, 2, 0, 1, 0, 0, 0, 0, 0, 0, 0, 2, 0, 0, 0, 0, 0, 0, 0, 2, 2, 2, 3, 2, 0, 1, 1, 4, 2, 5, 1, 6, 2, 4, 2, 1, 987, 1, 0, 0, 0, 0, 0]",3,0.20000000000000429,-1,0
4876,"[0, 9, 0, 0, 3, 8, 0, 2, 0, 1, 0, 2, 0, 0, 0, 0, 0, 1, 0, 0, 2, 0, 0, 0, 0, 0, 0, 0, 0, 0, 0, 0, 1, 1, 2, 2, 0, 0, 2, 0, 0, 1, 1, 0, 2, 2, 0, 1, 0, 0, 0, 0, 0, 0, 0, 2, 0, 0, 0, 0, 0, 0, 0, 2, 2, 2, 3, 2, 0, 1, 1, 4, 2, 5, 1, 6, 2, 4, 2, 1, 987, 0, 0, 0, 0, 0, 0]",-1,-2.585136430723098e-06,-1,0
4877,"[0, 4, 0, 0, 1, 4, 0, 1, 0, 1, 0, 2, 0, 0, 0, 0, 0, 1, 0, 0, 2, 0, 0, 0, 0, 0, 0, 0, 0, 0, 0, 0, 1, 1, 2, 2, 0, 0, 2, 0, 0, 1, 1, 0, 2, 2, 0, 1, 0, 0, 0, 0, 0, 0, 0, 2, 0, 0, 0, 0, 0, 0, 0, 2, 2, 2, 3, 2, 0, 1, 1, 4, 2, 5, 1, 6, 2, 4, 2, 6, 988, 0, 0, 0, 0, 0, 0]",4,12.127824546957736,-1,0
4878,"[0, 4, 0, 0, 1, 4, 0, 1, 0, 1, 0, 2, 0, 0, 0, 0, 0, 1, 0, 0, 2, 0, 0, 0, 0, 0, 0, 0, 0, 0, 0, 0, 1, 1, 2, 2, 0, 0, 2, 0, 0, 1, 1, 0, 2, 2, 0, 1, 0, 0, 0, 0, 0, 0, 0, 2, 0, 0, 0, 0, 0, 0, 0, 2, 2, 2, 3, 2, 0, 1, 1, 4, 2, 5, 1, 6, 2, 4, 2, 6, 988, 0, 1, 0, 0, 0, 0]",2,0.400000000000004,-1,1
4879,"[0, 4, 0, 0, 1, 4, 0, 1, 0, 1, 0, 2, 0, 0, 0, 0, 0, 1, 0, 0, 2, 0, 0, 0, 0, 0, 0, 0, 0, 0, 0, 0, 1, 1, 2, 2, 0, 0, 2, 0, 0, 1, 1, 0, 2, 2, 0, 1, 0, 0, 0, 0, 0, 0, 0, 2, 0, 0, 0, 0, 0, 0, 0, 2, 2, 2, 3, 2, 0, 1, 1, 4, 2, 5, 1, 6, 2, 4, 2, 6, 988, 0, 1, 0, 0, 1, 0]","[[0 0 0 1]
 [0 1 0 0]]",0.6504248650580949,-1,1
4880,"[0, 4, 0, 0, 1, 4, 0, 1, 0, 1, 0, 2, 0, 0, 0, 0, 0, 1, 0, 0, 2, 0, 0, 0, 0, 0, 0, 0, 0, 0, 0, 0, 1, 1, 2, 2, 0, 0, 2, 0, 0, 1, 1, 0, 2, 2, 0, 1, 0, 0, 0, 0, 0, 0, 0, 2, 0, 0, 0, 0, 0, 0, 0, 2, 2, 2, 3, 2, 0, 1, 1, 4, 2, 5, 1, 6, 2, 4, 2, 6, 988, 0, 0, 0, 0, 0, 0]",1,-0.19999999999999593,-1,0
4881,"[0, 4, 0, 0, 2, 4, 0, 1, 0, 1, 0, 2, 0, 0, 0, 0, 0, 1, 0, 0, 2, 0, 0, 0, 0, 0, 0, 0, 0, 0, 0, 0, 1, 1, 2, 2, 0, 0, 2, 0, 0, 1, 1, 0, 2, 2, 0, 1, 0, 0, 0, 0, 0, 0, 0, 2, 0, 0, 0, 0, 0, 0, 0, 2, 2, 2, 3, 2, 0, 1, 1, 4, 2, 5, 1, 6, 2, 4, 2, 6, 989, 0, 0, 0, 0, 0, 0]",4,14.028591200841436,-1,1
4882,"[0, 4, 0, 0, 2, 4, 0, 1, 0, 1, 0, 2, 0, 0, 0, 0, 0, 1, 0, 0, 2, 0, 0, 0, 0, 0, 0, 0, 0, 0, 0, 0, 1, 1, 2, 2, 0, 0, 2, 0, 0, 1, 1, 0, 2, 2, 0, 1, 0, 0, 0, 0, 0, 0, 0, 2, 0, 0, 0, 0, 0, 0, 0, 2, 2, 2, 3, 2, 0, 1, 1, 4, 2, 5, 1, 6, 2, 4, 2, 6, 989, 0, 1, 0, 0, 0, 0]",2,0.4000000000000039,-1,0
4883,"[0, 4, 0, 0, 2, 4, 0, 1, 0, 1, 0, 2, 0, 0, 0, 0, 0, 1, 0, 0, 2, 0, 0, 0, 0, 0, 0, 0, 0, 0, 0, 0, 1, 1, 2, 2, 0, 0, 2, 0, 0, 1, 1, 0, 2, 2, 0, 1, 0, 0, 0, 0, 0, 0, 0, 2, 0, 0, 0, 0, 0, 0, 0, 2, 2, 2, 3, 2, 0, 1, 1, 4, 2, 5, 1, 6, 2, 4, 2, 6, 989, 0, 1, 0, 0, 1, 0]","[[0 1 0 0]
 [1 0 0 0]]",0.6504248650580948,-1,0
4884,"[1, 3, 0, 0, 1, 5, 0, 1, 0, 1, 0, 2, 0, 0, 0, 0, 0, 1, 0, 0, 2, 0, 0, 0, 0, 0, 0, 0, 0, 0, 0, 0, 1, 1, 2, 2, 0, 0, 2, 0, 0, 1, 1, 0, 2, 2, 0, 1, 0, 0, 0, 0, 0, 0, 0, 2, 0, 0, 0, 0, 0, 0, 0, 2, 2, 2, 3, 2, 0, 1, 1, 4, 2, 5, 1, 6, 2, 4, 2, 6, 989, 0, 0, 0, 0, 0, 0]",0,-0.19999999999999607,-1,1
4885,"[1, 3, 0, 0, 1, 5, 0, 1, 0, 1, 0, 2, 0, 0, 0, 0, 0, 1, 0, 0, 2, 0, 0, 0, 0, 0, 0, 0, 0, 0, 0, 0, 1, 1, 2, 2, 0, 0, 2, 0, 0, 1, 1, 0, 2, 2, 0, 1, 0, 0, 0, 0, 0, 0, 0, 2, 0, 0, 0, 0, 0, 0, 0, 2, 2, 2, 3, 2, 0, 1, 1, 4, 2, 5, 1, 6, 2, 4, 2, 6, 989, 0, 0, 0, 0, 0, 0]",0,0.2949747468305872,-1,0
4886,"[1, 3, 0, 0, 1, 5, 0, 1, 0, 1, 0, 2, 0, 0, 0, 0, 0, 1, 0, 0, 2, 0, 0, 0, 0, 0, 0, 0, 0, 0, 0, 0, 1, 1, 2, 2, 0, 0, 2, 0, 0, 1, 1, 0, 2, 2, 0, 1, 0, 0, 0, 0, 0, 0, 0, 2, 0, 0, 0, 0, 0, 0, 0, 2, 2, 2, 3, 2, 0, 1, 1, 4, 2, 5, 1, 6, 2, 4, 2, 6, 989, 0, 0, 0, 0, 0, 0]",-1,-2.5339472997117425e-06,-1,0
4887,"[1, 3, 0, 0, 1, 5, 0, 1, 0, 1, 0, 2, 0, 0, 0, 0, 0, 1, 0, 0, 2, 0, 0, 0, 0, 0, 0, 0, 0, 0, 0, 0, 1, 1, 2, 2, 0, 0, 2, 0, 0, 1, 1, 0, 2, 2, 0, 1, 0, 0, 0, 0, 0, 0, 0, 2, 0, 0, 0, 0, 0, 0, 0, 2, 2, 2, 3, 2, 0, 1, 1, 4, 2, 5, 1, 6, 2, 4, 2, 6, 989, 0, 0, 0, 0, 0, 0]",0,0.2949747468305872,-1,0
4888,"[1, 3, 0, 0, 1, 5, 0, 1, 0, 1, 0, 2, 0, 0, 0, 0, 0, 1, 0, 0, 2, 0, 0, 0, 0, 0, 0, 0, 0, 0, 0, 0, 1, 1, 2, 2, 0, 0, 2, 0, 0, 1, 1, 0, 2, 2, 0, 1, 0, 0, 0, 0, 0, 0, 0, 2, 0, 0, 0, 0, 0, 0, 0, 2, 2, 2, 3, 2, 0, 1, 1, 4, 2, 5, 1, 6, 2, 4, 2, 6, 989, 0, 0, 0, 0, 0, 0]",-1,-2.5339472997117425e-06,-1,0
4889,"[1, 3, 0, 0, 1, 5, 0, 1, 0, 1, 0, 2, 0, 0, 0, 0, 0, 1, 0, 0, 2, 0, 0, 0, 0, 0, 0, 0, 0, 0, 0, 0, 1, 1, 2, 2, 0, 0, 2, 0, 0, 1, 1, 0, 2, 2, 0, 1, 0, 0, 0, 0, 0, 0, 0, 2, 0, 0, 0, 0, 0, 0, 0, 2, 2, 2, 3, 2, 0, 1, 1, 4, 2, 5, 1, 6, 2, 4, 2, 6, 989, 0, 0, 0, 0, 0, 0]",0,0.2949747468305872,-1,0
4890,"[1, 3, 0, 0, 1, 5, 0, 1, 0, 1, 0, 2, 0, 0, 0, 0, 0, 1, 0, 0, 2, 0, 0, 0, 0, 0, 0, 0, 0, 0, 0, 0, 1, 1, 2, 2, 0, 0, 2, 0, 0, 1, 1, 0, 2, 2, 0, 1, 0, 0, 0, 0, 0, 0, 0, 2, 0, 0, 0, 0, 0, 0, 0, 2, 2, 2, 3, 2, 0, 1, 1, 4, 2, 5, 1, 6, 2, 4, 2, 6, 989, 0, 0, 0, 0, 0, 0]",-1,-2.5339472997117425e-06,-1,0
4891,"[1, 3, 0, 0, 1, 5, 0, 1, 0, 1, 0, 2, 0, 0, 0, 0, 0, 1, 0, 0, 2, 0, 0, 0, 0, 0, 0, 0, 0, 0, 0, 0, 1, 1, 2, 2, 0, 0, 2, 0, 0, 1, 1, 0, 2, 2, 0, 1, 0, 0, 0, 0, 0, 0, 0, 2, 0, 0, 0, 0, 0, 0, 0, 2, 2, 2, 3, 2, 0, 1, 1, 4, 2, 5, 1, 6, 2, 4, 2, 6, 989, 0, 0, 0, 0, 0, 0]",0,0.2949747468305872,-1,0
4892,"[1, 3, 0, 0, 1, 5, 0, 1, 0, 1, 0, 2, 0, 0, 0, 0, 0, 1, 0, 0, 2, 0, 0, 0, 0, 0, 0, 0, 0, 0, 0, 0, 1, 1, 2, 2, 0, 0, 2, 0, 0, 1, 1, 0, 2, 2, 0, 1, 0, 0, 0, 0, 0, 0, 0, 2, 0, 0, 0, 0, 0, 0, 0, 2, 2, 2, 3, 2, 0, 1, 1, 4, 2, 5, 1, 6, 2, 4, 2, 6, 989, 0, 0, 0, 0, 0, 0]",-1,-2.5339472997117425e-06,-1,0
4893,"[1, 3, 0, 0, 1, 5, 0, 1, 0, 1, 0, 2, 0, 0, 0, 0, 0, 1, 0, 0, 2, 0, 0, 0, 0, 0, 0, 0, 0, 0, 0, 0, 1, 1, 2, 2, 0, 0, 2, 0, 0, 1, 1, 0, 2, 2, 0, 1, 0, 0, 0, 0, 0, 0, 0, 2, 0, 0, 0, 0, 0, 0, 0, 2, 2, 2, 3, 2, 0, 1, 1, 4, 2, 5, 1, 6, 2, 4, 2, 6, 989, 0, 0, 0, 0, 0, 0]",0,0.2949747468305872,-1,0
4894,"[1, 3, 0, 0, 1, 5, 0, 1, 0, 1, 0, 2, 0, 0, 0, 0, 0, 1, 0, 0, 2, 0, 0, 0, 0, 0, 0, 0, 0, 0, 0, 0, 1, 1, 2, 2, 0, 0, 2, 0, 0, 1, 1, 0, 2, 2, 0, 1, 0, 0, 0, 0, 0, 0, 0, 2, 0, 0, 0, 0, 0, 0, 0, 2, 2, 2, 3, 2, 0, 1, 1, 4, 2, 5, 1, 6, 2, 4, 2, 6, 989, 0, 0, 0, 0, 0, 0]",-1,-2.5339472997117425e-06,-1,0
4895,"[1, 3, 0, 0, 1, 5, 0, 1, 0, 1, 0, 2, 0, 0, 0, 0, 0, 1, 0, 0, 2, 0, 0, 0, 0, 0, 0, 0, 0, 0, 0, 0, 1, 1, 2, 2, 0, 0, 2, 0, 0, 1, 1, 0, 2, 2, 0, 1, 0, 0, 0, 0, 0, 0, 0, 2, 0, 0, 0, 0, 0, 0, 0, 2, 2, 2, 3, 2, 0, 1, 1, 4, 2, 5, 1, 6, 2, 4, 2, 6, 989, 0, 0, 0, 0, 0, 0]",0,0.2949747468305872,-1,0
4896,"[1, 3, 0, 0, 1, 5, 0, 1, 0, 1, 0, 2, 0, 0, 0, 0, 0, 1, 0, 0, 2, 0, 0, 0, 0, 0, 0, 0, 0, 0, 0, 0, 1, 1, 2, 2, 0, 0, 2, 0, 0, 1, 1, 0, 2, 2, 0, 1, 0, 0, 0, 0, 0, 0, 0, 2, 0, 0, 0, 0, 0, 0, 0, 2, 2, 2, 3, 2, 0, 1, 1, 4, 2, 5, 1, 6, 2, 4, 2, 6, 989, 0, 0, 0, 0, 0, 0]",-1,-2.5339472997117425e-06,-1,0
4897,"[1, 3, 0, 0, 1, 5, 0, 1, 0, 1, 0, 2, 0, 0, 0, 0, 0, 1, 0, 0, 2, 0, 0, 0, 0, 0, 0, 0, 0, 0, 0, 0, 1, 1, 2, 2, 0, 0, 2, 0, 0, 1, 1, 0, 2, 2, 0, 1, 0, 0, 0, 0, 0, 0, 0, 2, 0, 0, 0, 0, 0, 0, 0, 2, 2, 2, 3, 2, 0, 1, 1, 4, 2, 5, 1, 6, 2, 4, 2, 6, 989, 0, 0, 0, 0, 0, 0]",0,0.2949747468305872,-1,0
4898,"[1, 3, 0, 0, 1, 5, 0, 1, 0, 1, 0, 2, 0, 0, 0, 0, 0, 1, 0, 0, 2, 0, 0, 0, 0, 0, 0, 0, 0, 0, 0, 0, 1, 1, 2, 2, 0, 0, 2, 0, 0, 1, 1, 0, 2, 2, 0, 1, 0, 0, 0, 0, 0, 0, 0, 2, 0, 0, 0, 0, 0, 0, 0, 2, 2, 2, 3, 2, 0, 1, 1, 4, 2, 5, 1, 6, 2, 4, 2, 6, 989, 0, 0, 0, 0, 0, 0]",-1,-2.5339472997117425e-06,-1,0
4899,"[1, 3, 0, 0, 1, 5, 0, 1, 0, 1, 0, 2, 0, 0, 0, 0, 0, 1, 0, 0, 2, 0, 0, 0, 0, 0, 0, 0, 0, 0, 0, 0, 1, 1, 2, 2, 0, 0, 2, 0, 0, 1, 1, 0, 2, 2, 0, 1, 0, 0, 0, 0, 0, 0, 0, 2, 0, 0, 0, 0, 0, 0, 0, 2, 2, 2, 3, 2, 0, 1, 1, 4, 2, 5, 1, 6, 2, 4, 2, 6, 989, 0, 0, 0, 0, 0, 0]",0,0.2949747468305872,-1,0
4900,"[1, 3, 0, 0, 1, 5, 0, 1, 0, 1, 0, 2, 0, 0, 0, 0, 0, 1, 0, 0, 2, 0, 0, 0, 0, 0, 0, 0, 0, 0, 0, 0, 1, 1, 2, 2, 0, 0, 2, 0, 0, 1, 1, 0, 2, 2, 0, 1, 0, 0, 0, 0, 0, 0, 0, 2, 0, 0, 0, 0, 0, 0, 0, 2, 2, 2, 3, 2, 0, 1, 1, 4, 2, 5, 1, 6, 2, 4, 2, 6, 989, 0, 0, 0, 0, 0, 0]",-1,-2.5339472997117425e-06,-1,0
4901,"[1, 3, 0, 0, 1, 5, 0, 1, 0, 1, 0, 2, 0, 0, 0, 0, 0, 1, 0, 0, 2, 0, 0, 0, 0, 0, 0, 0, 0, 0, 0, 0, 1, 1, 2, 2, 0, 0, 2, 0, 0, 1, 1, 0, 2, 2, 0, 1, 0, 0, 0, 0, 0, 0, 0, 2, 0, 0, 0, 0, 0, 0, 0, 2, 2, 2, 3, 2, 0, 1, 1, 4, 2, 5, 1, 6, 2, 4, 2, 6, 989, 1, 0, 0, 0, 0, 0]",3,0.20000000000000395,-1,0
4902,"[1, 3, 0, 0, 1, 5, 0, 1, 0, 1, 0, 2, 0, 0, 0, 0, 0, 1, 0, 0, 2, 0, 0, 0, 0, 0, 0, 0, 0, 0, 0, 0, 1, 1, 2, 2, 0, 0, 2, 0, 0, 1, 1, 0, 2, 2, 0, 1, 0, 0, 0, 0, 0, 0, 0, 2, 0, 0, 0, 0, 0, 0, 0, 2, 2, 2, 3, 2, 0, 1, 1, 4, 2, 5, 1, 6, 2, 4, 2, 6, 989, 0, 0, 0, 0, 0, 0]",-1,-2.5339472997117425e-06,-1,0
4903,"[1, 3, 0, 0, 1, 5, 0, 1, 0, 1, 0, 2, 0, 0, 0, 0, 0, 1, 0, 0, 2, 0, 0, 0, 0, 0, 0, 0, 0, 0, 0, 0, 1, 1, 2, 2, 0, 0, 2, 0, 0, 1, 1, 0, 2, 2, 0, 1, 0, 0, 0, 0, 0, 0, 0, 2, 0, 0, 0, 0, 0, 0, 0, 2, 2, 2, 3, 2, 0, 1, 1, 4, 2, 5, 1, 6, 2, 4, 2, 6, 989, 0, 1, 0, 0, 0, 0]",2,0.4000000000000039,-1,0
4904,"[1, 3, 0, 0, 1, 5, 0, 1, 0, 1, 0, 2, 0, 0, 0, 0, 0, 1, 0, 0, 2, 0, 0, 0, 0, 0, 0, 0, 0, 0, 0, 0, 1, 1, 2, 2, 0, 0, 2, 0, 0, 1, 1, 0, 2, 2, 0, 1, 0, 0, 0, 0, 0, 0, 0, 2, 0, 0, 0, 0, 0, 0, 0, 2, 2, 2, 3, 2, 0, 1, 1, 4, 2, 5, 1, 6, 2, 4, 2, 6, 989, 0, 1, 0, 0, 1, 0]","[[1 0 0 0]
 [0 0 0 1]]",0.6504248650580948,-1,0
4905,"[1, 3, 0, 0, 1, 5, 0, 1, 0, 1, 0, 2, 0, 0, 0, 0, 0, 1, 0, 0, 2, 0, 0, 0, 0, 0, 0, 0, 0, 0, 0, 0, 1, 1, 2, 2, 0, 0, 2, 0, 0, 1, 1, 0, 2, 2, 0, 1, 0, 0, 0, 0, 0, 0, 0, 2, 0, 0, 0, 0, 0, 0, 0, 2, 2, 2, 3, 2, 0, 1, 1, 4, 2, 5, 1, 6, 2, 4, 2, 6, 989, 0, 1, 0, 0, 0, 1]",2,-0.19999999999999607,-1,1
4906,"[1, 3, 0, 0, 1, 5, 0, 1, 0, 1, 0, 2, 0, 0, 0, 0, 0, 1, 0, 0, 2, 0, 0, 0, 0, 0, 0, 0, 0, 0, 0, 0, 1, 1, 2, 2, 0, 0, 2, 0, 0, 1, 1, 0, 2, 2, 0, 1, 0, 0, 0, 0, 0, 0, 0, 2, 0, 0, 0, 0, 0, 0, 0, 2, 2, 2, 3, 2, 0, 1, 1, 4, 2, 5, 1, 6, 2, 4, 2, 6, 989, 0, 0, 1, 0, 0, 0]","[[0 1 0 0]
 [1 0 0 0]]",-0.19999999999999607,-1,1
4907,"[1, 3, 0, 0, 1, 5, 0, 1, 0, 1, 0, 2, 0, 0, 0, 0, 0, 1, 0, 0, 2, 0, 0, 0, 0, 0, 0, 0, 0, 0, 0, 0, 1, 1, 2, 2, 0, 0, 2, 0, 0, 1, 1, 0, 2, 2, 0, 1, 0, 0, 0, 0, 0, 0, 0, 2, 0, 0, 0, 0, 0, 0, 0, 2, 2, 2, 3, 2, 0, 1, 1, 4, 2, 5, 1, 6, 2, 4, 2, 6, 989, 0, 0, 0, 0, 0, 0]",1,-11.123385218156477,-1,0
4908,"[1, 3, 0, 0, 1, 5, 0, 1, 0, 1, 0, 2, 0, 0, 0, 0, 0, 1, 0, 0, 2, 0, 0, 0, 0, 0, 0, 0, 0, 0, 0, 0, 1, 1, 2, 2, 0, 0, 2, 0, 0, 1, 1, 0, 2, 2, 0, 1, 0, 0, 0, 0, 0, 0, 0, 2, 0, 0, 0, 0, 0, 0, 0, 2, 2, 2, 3, 2, 0, 1, 1, 4, 2, 5, 1, 6, 2, 4, 2, 6, 989, 0, 0, 0, 0, 0, 0]",1,0.6096241150996207,-1,0
4909,"[1, 3, 0, 0, 1, 5, 0, 1, 0, 1, 0, 2, 0, 0, 0, 0, 0, 1, 0, 0, 2, 0, 0, 0, 0, 0, 0, 0, 0, 0, 0, 0, 1, 1, 2, 2, 0, 0, 2, 0, 0, 1, 1, 0, 2, 2, 0, 1, 0, 0, 0, 0, 0, 0, 0, 2, 0, 0, 0, 0, 0, 0, 0, 2, 2, 2, 3, 2, 0, 1, 1, 4, 2, 5, 1, 6, 2, 4, 2, 6, 989, 0, 0, 0, 0, 0, 0]",-1,-2.5339472997117425e-06,-1,0
4910,"[1, 3, 0, 1, 1, 5, 0, 2, 0, 1, 0, 2, 0, 0, 0, 0, 0, 1, 0, 0, 2, 0, 0, 0, 0, 0, 0, 0, 0, 0, 0, 0, 1, 1, 2, 2, 0, 0, 2, 0, 0, 1, 1, 0, 2, 2, 0, 1, 0, 0, 0, 0, 0, 0, 0, 2, 0, 0, 0, 0, 0, 0, 0, 2, 2, 2, 3, 2, 0, 1, 1, 4, 2, 5, 1, 6, 2, 4, 2, 6, 990, 0, 0, 0, 0, 0, 0]",4,12.712960534210035,-1,0
4911,"[1, 4, 0, 1, 1, 6, 0, 2, 0, 1, 0, 2, 0, 0, 0, 0, 0, 1, 0, 0, 2, 0, 0, 0, 0, 0, 0, 0, 0, 0, 0, 0, 1, 1, 2, 2, 0, 0, 2, 0, 0, 1, 1, 0, 2, 2, 0, 1, 0, 0, 0, 0, 0, 0, 0, 2, 0, 0, 0, 0, 0, 0, 0, 2, 2, 2, 3, 2, 0, 1, 1, 4, 2, 5, 1, 6, 2, 4, 2, 6, 991, 0, 0, 0, 0, 0, 0]",4,13.858317635195844,-1,1
4912,"[1, 5, 0, 1, 1, 7, 0, 2, 0, 1, 0, 2, 0, 0, 0, 0, 0, 1, 0, 0, 2, 0, 0, 0, 0, 0, 0, 0, 0, 0, 0, 0, 1, 1, 2, 2, 0, 0, 2, 0, 0, 1, 1, 0, 2, 2, 0, 1, 0, 0, 0, 0, 0, 0, 0, 2, 0, 0, 0, 0, 0, 0, 0, 2, 2, 2, 3, 2, 0, 1, 1, 4, 2, 5, 1, 6, 2, 4, 2, 6, 992, 0, 0, 0, 0, 0, 0]",4,12.436628228936499,-1,0
4913,"[1, 2, 0, 1, 1, 3, 0, 1, 0, 1, 0, 2, 0, 0, 0, 0, 0, 1, 0, 0, 2, 0, 0, 0, 0, 0, 0, 0, 0, 0, 0, 0, 1, 1, 2, 2, 0, 0, 2, 0, 0, 1, 1, 0, 2, 2, 0, 1, 0, 0, 0, 0, 0, 0, 0, 2, 0, 0, 0, 0, 0, 0, 0, 2, 2, 2, 3, 2, 0, 1, 1, 4, 2, 5, 1, 6, 2, 4, 2, 5, 993, 0, 0, 0, 0, 0, 0]",4,14.112960384431112,-1,1
4914,"[1, 3, 0, 1, 1, 4, 0, 1, 0, 1, 0, 2, 0, 0, 0, 0, 0, 1, 0, 0, 2, 0, 0, 0, 0, 0, 0, 0, 0, 0, 0, 0, 1, 1, 2, 2, 0, 0, 2, 0, 0, 1, 1, 0, 2, 2, 0, 1, 0, 0, 0, 0, 0, 0, 0, 2, 0, 0, 0, 0, 0, 0, 0, 2, 2, 2, 3, 2, 0, 1, 1, 4, 2, 5, 1, 6, 2, 4, 2, 5, 994, 0, 0, 0, 0, 0, 0]",4,12.712960335495044,-1,0
4915,"[1, 3, 0, 1, 1, 4, 0, 1, 0, 1, 0, 2, 0, 0, 0, 0, 0, 1, 0, 0, 2, 0, 0, 0, 0, 0, 0, 0, 0, 0, 0, 0, 1, 1, 2, 2, 0, 0, 2, 0, 0, 1, 1, 0, 2, 2, 0, 1, 0, 0, 0, 0, 0, 0, 0, 2, 0, 0, 0, 0, 0, 0, 0, 2, 2, 2, 3, 2, 0, 1, 1, 4, 2, 5, 1, 6, 2, 4, 2, 5, 994, 0, 1, 0, 0, 0, 0]",2,0.40000000000000324,-1,1
4916,"[1, 3, 0, 1, 1, 4, 0, 1, 0, 1, 0, 2, 0, 0, 0, 0, 0, 1, 0, 0, 2, 0, 0, 0, 0, 0, 0, 0, 0, 0, 0, 0, 1, 1, 2, 2, 0, 0, 2, 0, 0, 1, 1, 0, 2, 2, 0, 1, 0, 0, 0, 0, 0, 0, 0, 2, 0, 0, 0, 0, 0, 0, 0, 2, 2, 2, 3, 2, 0, 1, 1, 4, 2, 5, 1, 6, 2, 4, 2, 5, 994, 0, 1, 0, 0, 1, 0]","[[1 0 0 0]
 [0 1 0 0]]",0.6504248650580942,-1,1
4917,"[2, 2, 0, 1, 0, 5, 0, 1, 0, 1, 0, 2, 0, 0, 0, 0, 0, 1, 0, 0, 2, 0, 0, 0, 0, 0, 0, 0, 0, 0, 0, 0, 1, 1, 2, 2, 0, 0, 2, 0, 0, 1, 1, 0, 2, 2, 0, 1, 0, 0, 0, 0, 0, 0, 0, 2, 0, 0, 0, 0, 0, 0, 0, 2, 2, 2, 3, 2, 0, 1, 1, 4, 2, 5, 1, 6, 2, 4, 2, 5, 994, 0, 0, 0, 0, 0, 0]",0,-0.19999999999999676,-1,0
4918,"[2, 2, 0, 2, 0, 5, 0, 2, 0, 1, 0, 2, 0, 0, 0, 0, 0, 1, 0, 0, 2, 0, 0, 0, 0, 0, 0, 0, 0, 0, 0, 0, 1, 1, 2, 2, 0, 0, 2, 0, 0, 1, 1, 0, 2, 2, 0, 1, 0, 0, 0, 0, 0, 0, 0, 2, 0, 0, 0, 0, 0, 0, 0, 2, 2, 2, 3, 2, 0, 1, 1, 4, 2, 5, 1, 6, 2, 4, 2, 5, 995, 0, 0, 0, 0, 0, 0]",4,13.7849756190572,-1,1
4919,"[2, 2, 0, 2, 0, 5, 0, 2, 0, 1, 0, 2, 0, 0, 0, 0, 0, 1, 0, 0, 2, 0, 0, 0, 0, 0, 0, 0, 0, 0, 0, 0, 1, 1, 2, 2, 0, 0, 2, 0, 0, 1, 1, 0, 2, 2, 0, 1, 0, 0, 0, 0, 0, 0, 0, 2, 0, 0, 0, 0, 0, 0, 0, 2, 2, 2, 3, 2, 0, 1, 1, 4, 2, 5, 1, 6, 2, 4, 2, 5, 995, 0, 0, 0, 0, 0, 0]",1,0.6096241150996198,-1,0
4920,"[2, 2, 0, 2, 0, 5, 0, 2, 0, 1, 0, 2, 0, 0, 0, 0, 0, 1, 0, 0, 2, 0, 0, 0, 0, 0, 0, 0, 0, 0, 0, 0, 1, 1, 2, 2, 0, 0, 2, 0, 0, 1, 1, 0, 2, 2, 0, 1, 0, 0, 0, 0, 0, 0, 0, 2, 0, 0, 0, 0, 0, 0, 0, 2, 2, 2, 3, 2, 0, 1, 1, 4, 2, 5, 1, 6, 2, 4, 2, 5, 995, 0, 0, 0, 0, 0, 0]",-1,-2.3863816968400943e-06,-1,0
4921,"[2, 2, 0, 2, 0, 5, 0, 2, 0, 1, 0, 2, 0, 0, 0, 0, 0, 1, 0, 0, 2, 0, 0, 0, 0, 0, 0, 0, 0, 0, 0, 0, 1, 1, 2, 2, 0, 0, 2, 0, 0, 1, 1, 0, 2, 2, 0, 1, 0, 0, 0, 0, 0, 0, 0, 2, 0, 0, 0, 0, 0, 0, 0, 2, 2, 2, 3, 2, 0, 1, 1, 4, 2, 5, 1, 6, 2, 4, 2, 5, 996, 0, 0, 0, 0, 0, 0]",4,13.78497557109013,-1,1
4922,"[2, 2, 0, 2, 0, 5, 0, 2, 0, 1, 0, 2, 0, 0, 0, 0, 0, 1, 0, 0, 2, 0, 0, 0, 0, 0, 0, 0, 0, 0, 0, 0, 1, 1, 2, 2, 0, 0, 2, 0, 0, 1, 1, 0, 2, 2, 0, 1, 0, 0, 0, 0, 0, 0, 0, 2, 0, 0, 0, 0, 0, 0, 0, 2, 2, 2, 3, 2, 0, 1, 1, 4, 2, 5, 1, 6, 2, 4, 2, 5, 996, 0, 0, 0, 0, 0, 0]",1,0.6096241150996197,-1,0
4923,"[2, 2, 0, 2, 0, 5, 0, 2, 0, 1, 0, 2, 0, 0, 0, 0, 0, 1, 0, 0, 2, 0, 0, 0, 0, 0, 0, 0, 0, 0, 0, 0, 1, 1, 2, 2, 0, 0, 2, 0, 0, 1, 1, 0, 2, 2, 0, 1, 0, 0, 0, 0, 0, 0, 0, 2, 0, 0, 0, 0, 0, 0, 0, 2, 2, 2, 3, 2, 0, 1, 1, 4, 2, 5, 1, 6, 2, 4, 2, 5, 996, 0, 0, 0, 0, 0, 0]",-1,-2.3626368022185937e-06,-1,0
4924,"[2, 2, 0, 2, 0, 5, 0, 2, 0, 1, 0, 2, 0, 0, 0, 0, 0, 1, 0, 0, 2, 0, 0, 0, 0, 0, 0, 0, 0, 0, 0, 0, 1, 1, 2, 2, 0, 0, 2, 0, 0, 1, 1, 0, 2, 2, 0, 1, 0, 0, 0, 0, 0, 0, 0, 2, 0, 0, 0, 0, 0, 0, 0, 2, 2, 2, 3, 2, 0, 1, 1, 4, 2, 5, 1, 6, 2, 4, 2, 5, 996, 0, 0, 0, 0, 0, 0]",1,0.6096241150996197,-1,0
4925,"[2, 2, 0, 2, 0, 5, 0, 2, 0, 1, 0, 2, 0, 0, 0, 0, 0, 1, 0, 0, 2, 0, 0, 0, 0, 0, 0, 0, 0, 0, 0, 0, 1, 1, 2, 2, 0, 0, 2, 0, 0, 1, 1, 0, 2, 2, 0, 1, 0, 0, 0, 0, 0, 0, 0, 2, 0, 0, 0, 0, 0, 0, 0, 2, 2, 2, 3, 2, 0, 1, 1, 4, 2, 5, 1, 6, 2, 4, 2, 5, 996, 0, 0, 0, 0, 0, 0]",-1,-2.3626368022185937e-06,-1,0
4926,"[2, 2, 0, 2, 0, 5, 0, 2, 0, 1, 0, 2, 0, 0, 0, 0, 0, 1, 0, 0, 2, 0, 0, 0, 0, 0, 0, 0, 0, 0, 0, 0, 1, 1, 2, 2, 0, 0, 2, 0, 0, 1, 1, 0, 2, 2, 0, 1, 0, 0, 0, 0, 0, 0, 0, 2, 0, 0, 0, 0, 0, 0, 0, 2, 2, 2, 3, 2, 0, 1, 1, 4, 2, 5, 1, 6, 2, 4, 2, 5, 996, 1, 0, 0, 0, 0, 0]",3,0.20000000000000298,-1,0
4927,"[0, 2, 0, 3, 0, 5, 0, 2, 0, 1, 0, 2, 0, 0, 0, 0, 0, 1, 0, 0, 2, 0, 0, 0, 0, 0, 0, 0, 0, 0, 0, 0, 1, 1, 2, 2, 0, 0, 2, 0, 0, 1, 1, 0, 2, 2, 0, 1, 0, 0, 0, 0, 0, 0, 0, 2, 0, 0, 0, 0, 0, 0, 0, 2, 2, 2, 3, 2, 0, 1, 1, 4, 2, 5, 1, 6, 2, 4, 2, 5, 996, 0, 0, 0, 0, 0, 0]","[[2 0 0 0]
 [0 0 0 1]]",-0.19854231808895598,-1,0
4928,"[0, 2, 0, 3, 0, 5, 0, 2, 0, 1, 0, 2, 0, 0, 0, 0, 0, 1, 0, 0, 2, 0, 0, 0, 0, 0, 0, 0, 0, 0, 0, 0, 1, 1, 2, 2, 0, 0, 2, 0, 0, 1, 1, 0, 2, 2, 0, 1, 0, 0, 0, 0, 0, 0, 0, 2, 0, 0, 0, 0, 0, 0, 0, 2, 2, 2, 3, 2, 0, 1, 1, 4, 2, 5, 1, 6, 2, 4, 2, 5, 996, 0, 1, 0, 0, 0, 0]",2,0.4000000000000029,-1,0
4929,"[0, 2, 0, 3, 0, 5, 0, 2, 0, 1, 0, 2, 0, 0, 0, 0, 0, 1, 0, 0, 2, 0, 0, 0, 0, 0, 0, 0, 0, 0, 0, 0, 1, 1, 2, 2, 0, 0, 2, 0, 0, 1, 1, 0, 2, 2, 0, 1, 0, 0, 0, 0, 0, 0, 0, 2, 0, 0, 0, 0, 0, 0, 0, 2, 2, 2, 3, 2, 0, 1, 1, 4, 2, 5, 1, 6, 2, 4, 2, 5, 996, 0, 0, 0, 0, 0, 0]",-1,-2.3626368022185937e-06,-1,0
4930,"[0, 2, 0, 3, 0, 5, 0, 2, 0, 1, 0, 2, 0, 0, 0, 0, 0, 1, 0, 0, 2, 0, 0, 0, 0, 0, 0, 0, 0, 0, 0, 0, 1, 1, 2, 2, 0, 0, 2, 0, 0, 1, 1, 0, 2, 2, 0, 1, 0, 0, 0, 0, 0, 0, 0, 2, 0, 0, 0, 0, 0, 0, 0, 2, 2, 2, 3, 2, 0, 1, 1, 4, 2, 5, 1, 6, 2, 4, 2, 5, 996, 1, 0, 0, 0, 0, 0]",3,0.20000000000000298,-1,0
4931,"[0, 2, 0, 3, 0, 5, 0, 2, 0, 1, 0, 2, 0, 0, 0, 0, 0, 1, 0, 0, 2, 0, 0, 0, 0, 0, 0, 0, 0, 0, 0, 0, 1, 1, 2, 2, 0, 0, 2, 0, 0, 1, 1, 0, 2, 2, 0, 1, 0, 0, 0, 0, 0, 0, 0, 2, 0, 0, 0, 0, 0, 0, 0, 2, 2, 2, 3, 2, 0, 1, 1, 4, 2, 5, 1, 6, 2, 4, 2, 5, 996, 0, 0, 0, 0, 0, 0]",-1,-2.3626368022185937e-06,-1,0
4932,"[0, 2, 0, 3, 0, 5, 0, 2, 0, 1, 0, 2, 0, 0, 0, 0, 0, 1, 0, 0, 2, 0, 0, 0, 0, 0, 0, 0, 0, 0, 0, 0, 1, 1, 2, 2, 0, 0, 2, 0, 0, 1, 1, 0, 2, 2, 0, 1, 0, 0, 0, 0, 0, 0, 0, 2, 0, 0, 0, 0, 0, 0, 0, 2, 2, 2, 3, 2, 0, 1, 1, 4, 2, 5, 1, 6, 2, 4, 2, 5, 996, 1, 0, 0, 0, 0, 0]",3,0.20000000000000298,-1,0
4933,"[0, 2, 0, 3, 0, 5, 0, 2, 0, 1, 0, 2, 0, 0, 0, 0, 0, 1, 0, 0, 2, 0, 0, 0, 0, 0, 0, 0, 0, 0, 0, 0, 1, 1, 2, 2, 0, 0, 2, 0, 0, 1, 1, 0, 2, 2, 0, 1, 0, 0, 0, 0, 0, 0, 0, 2, 0, 0, 0, 0, 0, 0, 0, 2, 2, 2, 3, 2, 0, 1, 1, 4, 2, 5, 1, 6, 2, 4, 2, 5, 996, 0, 0, 0, 0, 0, 0]",-1,-2.3626368022185937e-06,-1,0
4934,"[0, 2, 0, 3, 0, 5, 0, 2, 0, 1, 0, 2, 0, 0, 0, 0, 0, 1, 0, 0, 2, 0, 0, 0, 0, 0, 0, 0, 0, 0, 0, 0, 1, 1, 2, 2, 0, 0, 2, 0, 0, 1, 1, 0, 2, 2, 0, 1, 0, 0, 0, 0, 0, 0, 0, 2, 0, 0, 0, 0, 0, 0, 0, 2, 2, 2, 3, 2, 0, 1, 1, 4, 2, 5, 1, 6, 2, 4, 2, 5, 996, 0, 0, 0, 0, 0, 0]",0,0.2949747468305862,-1,0
4935,"[0, 2, 0, 3, 0, 5, 0, 2, 0, 1, 0, 2, 0, 0, 0, 0, 0, 1, 0, 0, 2, 0, 0, 0, 0, 0, 0, 0, 0, 0, 0, 0, 1, 1, 2, 2, 0, 0, 2, 0, 0, 1, 1, 0, 2, 2, 0, 1, 0, 0, 0, 0, 0, 0, 0, 2, 0, 0, 0, 0, 0, 0, 0, 2, 2, 2, 3, 2, 0, 1, 1, 4, 2, 5, 1, 6, 2, 4, 2, 5, 996, 0, 0, 0, 0, 0, 0]",-1,-2.3626368022185937e-06,-1,0
4936,"[0, 2, 0, 3, 0, 5, 0, 2, 0, 1, 0, 2, 0, 0, 0, 0, 0, 1, 0, 0, 2, 0, 0, 0, 0, 0, 0, 0, 0, 0, 0, 0, 1, 1, 2, 2, 0, 0, 2, 0, 0, 1, 1, 0, 2, 2, 0, 1, 0, 0, 0, 0, 0, 0, 0, 2, 0, 0, 0, 0, 0, 0, 0, 2, 2, 2, 3, 2, 0, 1, 1, 4, 2, 5, 1, 6, 2, 4, 2, 5, 996, 0, 1, 0, 0, 0, 0]",2,0.4000000000000029,-1,0
4937,"[0, 2, 0, 3, 0, 5, 0, 2, 0, 1, 0, 2, 0, 0, 0, 0, 0, 1, 0, 0, 2, 0, 0, 0, 0, 0, 0, 0, 0, 0, 0, 0, 1, 1, 2, 2, 0, 0, 2, 0, 0, 1, 1, 0, 2, 2, 0, 1, 0, 0, 0, 0, 0, 0, 0, 2, 0, 0, 0, 0, 0, 0, 0, 2, 2, 2, 3, 2, 0, 1, 1, 4, 2, 5, 1, 6, 2, 4, 2, 5, 996, 0, 0, 0, 0, 0, 0]",-1,-2.3626368022185937e-06,-1,0
4938,"[0, 2, 0, 3, 0, 5, 0, 2, 0, 1, 0, 2, 0, 0, 0, 0, 0, 1, 0, 0, 2, 0, 0, 0, 0, 0, 0, 0, 0, 0, 0, 0, 1, 1, 2, 2, 0, 0, 2, 0, 0, 1, 1, 0, 2, 2, 0, 1, 0, 0, 0, 0, 0, 0, 0, 2, 0, 0, 0, 0, 0, 0, 0, 2, 2, 2, 3, 2, 0, 1, 1, 4, 2, 5, 1, 6, 2, 4, 2, 5, 997, 0, 0, 0, 0, 0, 0]",4,12.530922682673271,-1,0
4939,"[0, 3, 0, 3, 0, 6, 0, 2, 0, 1, 0, 2, 0, 0, 0, 0, 0, 1, 0, 0, 2, 0, 0, 0, 0, 0, 0, 0, 0, 0, 0, 0, 1, 1, 2, 2, 0, 0, 2, 0, 0, 1, 1, 0, 2, 2, 0, 1, 0, 0, 0, 0, 0, 0, 0, 2, 0, 0, 0, 0, 0, 0, 0, 2, 2, 2, 3, 2, 0, 1, 1, 4, 2, 5, 1, 6, 2, 4, 2, 5, 998, 0, 0, 0, 0, 0, 0]",4,13.732760229215277,-1,1
4940,"[0, 3, 0, 3, 0, 6, 0, 2, 0, 1, 0, 2, 0, 0, 0, 0, 0, 1, 0, 0, 2, 0, 0, 0, 0, 0, 0, 0, 0, 0, 0, 0, 1, 1, 2, 2, 0, 0, 2, 0, 0, 1, 1, 0, 2, 2, 0, 1, 0, 0, 0, 0, 0, 0, 0, 2, 0, 0, 0, 0, 0, 0, 0, 2, 2, 2, 3, 2, 0, 1, 1, 4, 2, 5, 1, 6, 2, 4, 2, 5, 999, 0, 0, 0, 0, 0, 0]",4,12.51007899433845,-1,0
4941,"[0, 3, 0, 3, 0, 6, 0, 2, 0, 1, 0, 2, 0, 0, 0, 0, 0, 1, 0, 0, 2, 0, 0, 0, 0, 0, 0, 0, 0, 0, 0, 0, 1, 1, 2, 2, 0, 0, 2, 0, 0, 1, 1, 0, 2, 2, 0, 1, 0, 0, 0, 0, 0, 0, 0, 2, 0, 0, 0, 0, 0, 0, 0, 2, 2, 2, 3, 2, 0, 1, 1, 4, 2, 5, 1, 6, 2, 4, 2, 5, 999, 0, 1, 0, 0, 0, 0]",2,0.4000000000000026,-1,1
4942,"[0, 3, 0, 3, 0, 6, 0, 2, 0, 1, 0, 2, 0, 0, 0, 0, 0, 1, 0, 0, 2, 0, 0, 0, 0, 0, 0, 0, 0, 0, 0, 0, 1, 1, 2, 2, 0, 0, 2, 0, 0, 1, 1, 0, 2, 2, 0, 1, 0, 0, 0, 0, 0, 0, 0, 2, 0, 0, 0, 0, 0, 0, 0, 2, 2, 2, 3, 2, 0, 1, 1, 4, 2, 5, 1, 6, 2, 4, 2, 5, 999, 0, 1, 0, 0, 1, 0]","[[0 0 0 1]
 [0 1 0 0]]",0.6504248650580935,-1,1
4943,"[0, 3, 0, 3, 0, 6, 0, 2, 0, 1, 0, 2, 0, 0, 0, 0, 0, 1, 0, 0, 2, 0, 0, 0, 0, 0, 0, 0, 0, 0, 0, 0, 1, 1, 2, 2, 0, 0, 2, 0, 0, 1, 1, 0, 2, 2, 0, 1, 0, 0, 0, 0, 0, 0, 0, 2, 0, 0, 0, 0, 0, 0, 0, 2, 2, 2, 3, 2, 0, 1, 1, 4, 2, 5, 1, 6, 2, 4, 2, 5, 999, 0, 0, 0, 0, 0, 0]",1,-0.1999999999999974,-1,0
4944,"[0, 3, 0, 4, 0, 6, 0, 3, 0, 1, 0, 2, 0, 0, 0, 0, 0, 1, 0, 0, 2, 0, 0, 0, 0, 0, 0, 0, 0, 0, 0, 0, 1, 1, 2, 2, 0, 0, 2, 0, 0, 1, 1, 0, 2, 2, 0, 1, 0, 0, 0, 0, 0, 0, 0, 2, 0, 0, 0, 0, 0, 0, 0, 2, 2, 2, 3, 2, 0, 1, 1, 4, 2, 5, 1, 6, 2, 4, 2, 5, 1000, 0, 0, 0, 0, 0, 0]",4,13.786765199467892,-1,1
4945,"[0, 3, 0, 4, 0, 6, 0, 3, 0, 1, 0, 2, 0, 0, 0, 0, 0, 1, 0, 0, 2, 0, 0, 0, 0, 0, 0, 0, 0, 0, 0, 0, 1, 1, 2, 2, 0, 0, 2, 0, 0, 1, 1, 0, 2, 2, 0, 1, 0, 0, 0, 0, 0, 0, 0, 2, 0, 0, 0, 0, 0, 0, 0, 2, 2, 2, 3, 2, 0, 1, 1, 4, 2, 5, 1, 6, 2, 4, 2, 5, 1000, 0, 0, 0, 0, 0, 0]",4,13.786765199467892,-1,0
